iteration,job object,job ID,job Length,job ressource requirement,job enter time,job start time,job finish time,job waiting time,current time
1,<environment.Job instance at 0x7f6fd1f2d730>,2,22,[4 8],3,-1,25,-1,3
1,<environment.Job instance at 0x7f6fdb57faf0>,1,22,[11  3],2,-1,25,-1,3
1,<environment.Job instance at 0x7f6fd1f2d870>,4,21,[1 6],5,-1,27,-1,6
1,<environment.Job instance at 0x7f6fd1f2d7d0>,5,24,[1 5],6,-1,30,-1,6
1,<environment.Job instance at 0x7f6fd1f2d910>,6,20,[6 1],7,-1,28,-1,8
1,<environment.Job instance at 0x7f6fd1f2d9b0>,7,25,[6 2],8,-1,33,-1,8
1,<environment.Job instance at 0x7f6fd1f2dc30>,10,18,[ 3 11],11,-1,31,-1,13
1,<environment.Job instance at 0x7f6fd1f34960>,1,22,[11  3],2,-1,24,-1,2
1,<environment.Job instance at 0x7f6fd1f34b90>,3,26,[11  4],4,-1,30,-1,4
1,<environment.Job instance at 0x7f6fd1f34f00>,8,22,[14  3],9,-1,31,-1,9
1,<environment.Job instance at 0x7f6fd1f371e0>,9,18,[ 2 13],10,-1,28,-1,10
1,<environment.Job instance at 0x7f6fd1f37280>,10,18,[ 3 11],11,-1,29,-1,11
1,<environment.Job instance at 0x7f6fd1f34e60>,12,26,[ 1 12],13,-1,40,-1,14
1,<environment.Job instance at 0x7f6fd1f37050>,13,18,[ 4 14],14,-1,32,-1,14
1,<environment.Job instance at 0x7f6fd1f2d640>,5,24,[1 5],6,-1,38,-1,14
1,<environment.Job instance at 0x7f6fd1f34eb0>,7,25,[6 2],8,-1,39,-1,14
1,<environment.Job instance at 0x7f6fd1f375f0>,15,18,[ 2 14],16,-1,34,-1,16
1,<environment.Job instance at 0x7f6fd1f37640>,16,16,[ 3 11],17,-1,33,-1,17
1,<environment.Job instance at 0x7f6fd1f37780>,18,25,[ 4 13],19,-1,44,-1,19
1,<environment.Job instance at 0x7f6fd1f37370>,19,14,[ 3 11],20,-1,34,-1,20
1,<environment.Job instance at 0x7f6fd1f37870>,20,27,[13  5],21,-1,48,-1,21
1,<environment.Job instance at 0x7f6fd1f37910>,21,26,[ 5 12],22,-1,48,-1,22
1,<environment.Job instance at 0x7f6fd1f379b0>,22,13,[13  1],23,-1,36,-1,23
1,<environment.Job instance at 0x7f6fd1f37690>,17,28,[ 5 10],18,-1,53,-1,25
1,<environment.Job instance at 0x7f6fd1f37730>,24,13,[ 3 14],25,-1,38,-1,25
1,<environment.Job instance at 0x7f6fd1f37320>,11,26,[4 8],12,-1,51,-1,25
1,<environment.Job instance at 0x7f6fd1f37c80>,25,23,[ 3 13],26,-1,49,-1,26
1,<environment.Job instance at 0x7f6fd1f37dc0>,27,25,[5 7],28,-1,53,-1,28
1,<environment.Job instance at 0x7f6fd1f37f50>,28,25,[ 4 11],29,-1,54,-1,29
1,<environment.Job instance at 0x7f6fd1f37e60>,29,22,[ 5 13],30,-1,52,-1,30
1,<environment.Job instance at 0x7f6fd1f37f00>,31,20,[11  5],32,-1,52,-1,32
1,<environment.Job instance at 0x7f6fd1f3a0f0>,32,27,[11  3],33,-1,60,-1,33
1,<environment.Job instance at 0x7f6fd1f37fa0>,30,27,[4 8],31,-1,70,-1,43
1,<environment.Job instance at 0x7f6fd1f3a2d0>,36,13,[ 3 14],37,-1,56,-1,43
1,<environment.Job instance at 0x7f6fd1f3a230>,37,28,[ 2 12],38,-1,71,-1,43
1,<environment.Job instance at 0x7f6fd1f37d70>,26,26,[1 8],27,-1,69,-1,43
1,<environment.Job instance at 0x7f6fd1f3a460>,39,24,[5 6],40,-1,67,-1,43
1,<environment.Job instance at 0x7f6fd1f37c30>,34,24,[1 8],35,-1,67,-1,43
1,<environment.Job instance at 0x7f6fd1f3a5a0>,41,27,[14  1],42,-1,70,-1,43
1,<environment.Job instance at 0x7f6fd1f3a960>,43,13,[13  1],44,-1,57,-1,44
1,<environment.Job instance at 0x7f6fd1f3a6e0>,44,24,[ 1 13],45,-1,69,-1,45
1,<environment.Job instance at 0x7f6fd1f3a370>,46,17,[12  2],47,-1,66,-1,49
1,<environment.Job instance at 0x7f6fd1f3aa50>,48,15,[14  1],49,-1,64,-1,49
1,<environment.Job instance at 0x7f6fd1a273c0>,2,27,[8 5],3,-1,30,-1,3
1,<environment.Job instance at 0x7f6fd1a272d0>,3,17,[5 7],4,-1,21,-1,4
1,<environment.Job instance at 0x7f6fd1f3a960>,0,16,[12  2],1,-1,17,-1,1
1,<environment.Job instance at 0x7f6fd1f3a870>,2,27,[8 5],3,-1,30,-1,3
1,<environment.Job instance at 0x7f6fd1f3a7d0>,4,13,[13  1],5,-1,18,-1,5
1,<environment.Job instance at 0x7f6fd1f3a4b0>,5,20,[ 3 13],6,-1,26,-1,6
1,<environment.Job instance at 0x7f6fd1f3a410>,7,27,[ 2 14],8,-1,35,-1,8
1,<environment.Job instance at 0x7f6fd1f3a0f0>,10,23,[ 1 11],11,-1,34,-1,11
1,<environment.Job instance at 0x7f6fd1f34820>,11,21,[ 5 13],12,-1,33,-1,12
1,<environment.Job instance at 0x7f6fd1f34d70>,13,17,[ 4 12],14,-1,31,-1,14
1,<environment.Job instance at 0x7f6fd1f34870>,18,20,[ 3 12],19,-1,41,-1,21
1,<environment.Job instance at 0x7f6fd1f34c30>,19,13,[ 3 12],20,-1,34,-1,21
1,<environment.Job instance at 0x7f6fd1f34be0>,20,21,[12  2],21,-1,42,-1,21
1,<environment.Job instance at 0x7f6fd1f37be0>,21,28,[5 1],22,-1,50,-1,22
1,<environment.Job instance at 0x7f6fd1f37d70>,22,24,[9 2],23,-1,55,-1,31
1,<environment.Job instance at 0x7f6fd1f37af0>,25,14,[ 4 11],26,-1,45,-1,31
1,<environment.Job instance at 0x7f6fd1f37b40>,23,25,[3 8],24,-1,58,-1,33
1,<environment.Job instance at 0x7f6fd1f37550>,24,27,[1 6],25,-1,60,-1,33
1,<environment.Job instance at 0x7f6fd1f37640>,33,20,[13  1],34,-1,67,-1,47
1,<environment.Job instance at 0x7f6fd1f37780>,34,18,[ 3 14],35,-1,65,-1,47
1,<environment.Job instance at 0x7f6fd1f378c0>,35,25,[ 5 14],36,-1,72,-1,47
1,<environment.Job instance at 0x7f6fd1f377d0>,36,26,[12  1],37,-1,73,-1,47
1,<environment.Job instance at 0x7f6fd17e4960>,0,18,[2 7],1,-1,19,-1,1
1,<environment.Job instance at 0x7f6fd17e4230>,1,18,[ 1 10],2,-1,21,-1,3
1,<environment.Job instance at 0x7f6fd1962500>,10,21,[6 5],11,-1,32,-1,11
1,<environment.Job instance at 0x7f6fd1f372d0>,2,16,[ 3 13],3,-1,19,-1,3
1,<environment.Job instance at 0x7f6fd1f37a00>,3,23,[ 5 13],4,-1,27,-1,4
1,<environment.Job instance at 0x7f6fd1f37fa0>,5,12,[14  5],6,-1,18,-1,6
1,<environment.Job instance at 0x7f6fd1f37a50>,6,26,[11  4],7,-1,33,-1,7
1,<environment.Job instance at 0x7f6fd1f37730>,7,19,[ 3 12],8,-1,27,-1,8
1,<environment.Job instance at 0x7f6fd1f37f00>,11,26,[ 5 12],12,-1,38,-1,12
1,<environment.Job instance at 0x7f6fd1f37be0>,12,27,[12  2],13,-1,40,-1,13
1,<environment.Job instance at 0x7f6fd1962640>,13,15,[12  1],14,-1,29,-1,14
1,<environment.Job instance at 0x7f6fd1962d70>,14,14,[ 2 11],15,-1,29,-1,15
1,<environment.Job instance at 0x7f6fd1f379b0>,16,21,[ 1 12],17,-1,38,-1,17
1,<environment.Job instance at 0x7f6fd17e4780>,17,19,[11  2],18,-1,37,-1,18
1,<environment.Job instance at 0x7f6fd17e4fa0>,18,14,[ 3 14],19,-1,33,-1,19
1,<environment.Job instance at 0x7f6fd17e4370>,20,19,[13  1],21,-1,40,-1,21
1,<environment.Job instance at 0x7f6fd16e6050>,22,22,[14  4],23,-1,45,-1,23
1,<environment.Job instance at 0x7f6fd16e6910>,23,14,[11  5],24,-1,38,-1,24
1,<environment.Job instance at 0x7f6fd16e6780>,24,19,[ 3 12],25,-1,44,-1,25
1,<environment.Job instance at 0x7f6fd16e67d0>,25,18,[13  4],26,-1,44,-1,26
1,<environment.Job instance at 0x7f6fd16e64b0>,26,26,[13  4],27,-1,53,-1,27
1,<environment.Job instance at 0x7f6fd197f6e0>,1,25,[ 1 11],2,-1,27,-1,2
1,<environment.Job instance at 0x7f6fd197f5a0>,2,14,[14  4],3,-1,17,-1,3
1,<environment.Job instance at 0x7f6fd197f280>,3,27,[9 1],4,-1,31,-1,4
1,<environment.Job instance at 0x7f6fd197f550>,4,23,[13  2],5,-1,28,-1,5
1,<environment.Job instance at 0x7f6fd197f0f0>,5,20,[12  4],6,-1,26,-1,6
1,<environment.Job instance at 0x7f6fd197f410>,8,25,[13  3],9,-1,34,-1,9
1,<environment.Job instance at 0x7f6fd197f3c0>,7,26,[4 9],8,-1,41,-1,15
1,<environment.Job instance at 0x7f6fd197f4b0>,10,26,[5 5],11,-1,41,-1,15
1,<environment.Job instance at 0x7f6fd16e6460>,14,19,[ 3 12],15,-1,34,-1,15
1,<environment.Job instance at 0x7f6fd197f8c0>,11,24,[4 7],12,-1,39,-1,15
1,<environment.Job instance at 0x7f6fd16e65a0>,15,15,[12  5],16,-1,31,-1,16
1,<environment.Job instance at 0x7f6fd16e64b0>,18,20,[ 3 12],19,-1,39,-1,19
1,<environment.Job instance at 0x7f6fd16e6230>,19,16,[12  4],20,-1,36,-1,20
1,<environment.Job instance at 0x7f6fd16e6870>,20,16,[12  5],21,-1,37,-1,21
1,<environment.Job instance at 0x7f6fd16e6910>,21,20,[ 1 12],22,-1,42,-1,22
1,<environment.Job instance at 0x7f6fd1962d70>,22,13,[12  1],23,-1,36,-1,23
1,<environment.Job instance at 0x7f6fd1962640>,23,12,[11  5],24,-1,36,-1,24
1,<environment.Job instance at 0x7f6fd17e4370>,24,17,[ 3 12],25,-1,42,-1,25
1,<environment.Job instance at 0x7f6fd17e4eb0>,25,16,[13  4],26,-1,42,-1,26
1,<environment.Job instance at 0x7f6fd17e46e0>,26,18,[ 1 12],27,-1,45,-1,27
1,<environment.Job instance at 0x7f6fd17e4780>,28,15,[ 2 14],29,-1,44,-1,29
1,<environment.Job instance at 0x7f6fd1f37280>,32,20,[13  3],33,-1,63,-1,43
1,<environment.Job instance at 0x7f6fd1f37b90>,33,21,[ 4 12],34,-1,64,-1,43
1,<environment.Job instance at 0x7f6fd1d7b8c0>,4,28,[8 4],5,-1,47,-1,19
1,<environment.Job instance at 0x7f6fd1d7bb40>,15,19,[12  5],16,-1,39,-1,20
1,<environment.Job instance at 0x7f6fd1d7bdc0>,16,17,[11  3],17,-1,37,-1,20
1,<environment.Job instance at 0x7f6fd1d7ba00>,8,18,[12  2],9,-1,38,-1,20
1,<environment.Job instance at 0x7f6fd1d7b690>,11,26,[ 5 11],12,-1,46,-1,20
1,<environment.Job instance at 0x7f6fd1d7b730>,3,14,[12  2],4,-1,34,-1,20
1,<environment.Job instance at 0x7f6fd1d7b820>,14,17,[3 8],15,-1,39,-1,22
1,<environment.Job instance at 0x7f6fd1fcf9b0>,22,16,[3 8],23,-1,39,-1,23
1,<environment.Job instance at 0x7f6fd16e67d0>,1,14,[13  5],2,-1,16,-1,2
1,<environment.Job instance at 0x7f6fd16e6230>,2,25,[11  2],3,-1,28,-1,3
1,<environment.Job instance at 0x7f6fd16e6b90>,3,14,[12  2],4,-1,18,-1,4
1,<environment.Job instance at 0x7f6fd16e64b0>,4,28,[8 4],5,-1,33,-1,5
1,<environment.Job instance at 0x7f6fd16e6280>,6,20,[12  1],7,-1,27,-1,7
1,<environment.Job instance at 0x7f6fd16e6960>,7,13,[ 4 12],8,-1,21,-1,8
1,<environment.Job instance at 0x7f6fd16e65a0>,8,18,[12  2],9,-1,27,-1,9
1,<environment.Job instance at 0x7f6fd16e63c0>,9,15,[12  3],10,-1,25,-1,10
1,<environment.Job instance at 0x7f6fd16e6640>,11,26,[ 5 11],12,-1,38,-1,12
1,<environment.Job instance at 0x7f6fd198c780>,13,16,[11  1],14,-1,30,-1,14
1,<environment.Job instance at 0x7f6fd15163c0>,10,25,[7 2],11,-1,40,-1,15
1,<environment.Job instance at 0x7f6fd16e6aa0>,15,19,[12  5],16,-1,35,-1,16
1,<environment.Job instance at 0x7f6fd1d7b4b0>,16,17,[11  3],17,-1,34,-1,17
1,<environment.Job instance at 0x7f6fd1f80b40>,19,18,[12  4],20,-1,38,-1,20
1,<environment.Job instance at 0x7f6fd1d7b0f0>,18,25,[6 2],19,-1,47,-1,22
1,<environment.Job instance at 0x7f6fd1f802d0>,21,26,[11  5],22,-1,48,-1,22
1,<environment.Job instance at 0x7f6fd1f80370>,24,16,[11  2],25,-1,41,-1,25
1,<environment.Job instance at 0x7f6fd1d122d0>,25,15,[13  5],26,-1,41,-1,26
1,<environment.Job instance at 0x7f6fd1d120a0>,28,27,[14  3],29,-1,56,-1,29
1,<environment.Job instance at 0x7f6fd1d12c30>,31,26,[8 3],32,-1,68,-1,42
1,<environment.Job instance at 0x7f6fd1d12e10>,32,23,[12  1],33,-1,65,-1,42
1,<environment.Job instance at 0x7f6fd1d12960>,33,19,[ 2 13],34,-1,61,-1,42
1,<environment.Job instance at 0x7f6fd1d12d70>,34,22,[11  1],35,-1,64,-1,42
1,<environment.Job instance at 0x7f6fd1d12f50>,35,22,[ 1 13],36,-1,64,-1,42
1,<environment.Job instance at 0x7f6fd1d12370>,36,24,[ 2 14],37,-1,66,-1,42
1,<environment.Job instance at 0x7f6fd1f7a140>,38,23,[13  3],39,-1,65,-1,42
1,<environment.Job instance at 0x7f6fd11cbc80>,0,26,[8 4],1,-1,27,-1,1
1,<environment.Job instance at 0x7f6fd24fb870>,5,19,[9 4],6,-1,26,-1,7
1,<environment.Job instance at 0x7f6fd1f7adc0>,0,26,[8 4],1,-1,27,-1,1
1,<environment.Job instance at 0x7f6fd1f7af00>,1,12,[11  1],2,-1,14,-1,2
1,<environment.Job instance at 0x7f6fd1fcfb90>,3,16,[14  1],4,-1,20,-1,4
1,<environment.Job instance at 0x7f6fd1fcfc80>,4,27,[ 1 10],5,-1,32,-1,5
1,<environment.Job instance at 0x7f6fd22c0960>,6,19,[13  1],7,-1,26,-1,7
1,<environment.Job instance at 0x7f6fd1f7a3c0>,7,15,[12  2],8,-1,23,-1,8
1,<environment.Job instance at 0x7f6fd1962640>,8,20,[11  2],9,-1,29,-1,9
1,<environment.Job instance at 0x7f6fd2a55140>,9,25,[ 2 13],10,-1,35,-1,10
1,<environment.Job instance at 0x7f6fd2b781e0>,12,24,[ 3 13],13,-1,37,-1,13
1,<environment.Job instance at 0x7f6fd12c7780>,13,15,[ 2 13],14,-1,29,-1,14
1,<environment.Job instance at 0x7f6fd227bb40>,14,13,[ 5 14],15,-1,28,-1,15
1,<environment.Job instance at 0x7f6fd1b96910>,15,20,[11  2],16,-1,36,-1,16
1,<environment.Job instance at 0x7f6fd1b970a0>,17,21,[ 4 14],18,-1,39,-1,18
1,<environment.Job instance at 0x7f6fd227bdc0>,19,15,[14  4],20,-1,35,-1,20
1,<environment.Job instance at 0x7f6fd2130eb0>,21,23,[13  1],22,-1,45,-1,22
1,<environment.Job instance at 0x7f6fd2180e60>,23,26,[ 1 11],24,-1,51,-1,25
1,<environment.Job instance at 0x7f6fd1d79e10>,24,14,[ 3 13],25,-1,39,-1,25
1,<environment.Job instance at 0x7f6fd2967a50>,27,27,[10  3],28,-1,73,-1,46
1,<environment.Job instance at 0x7f6fd2639dc0>,28,16,[12  5],29,-1,62,-1,46
1,<environment.Job instance at 0x7f6fd26b4690>,29,14,[14  5],30,-1,60,-1,46
1,<environment.Job instance at 0x7f6fdb0d9500>,30,13,[ 5 13],31,-1,59,-1,46
1,<environment.Job instance at 0x7f6fd2a03fa0>,32,26,[13  2],33,-1,72,-1,46
1,<environment.Job instance at 0x7f6fd2585500>,34,15,[ 1 12],35,-1,61,-1,46
1,<environment.Job instance at 0x7f6fd2982a00>,35,14,[ 1 12],36,-1,60,-1,46
1,<environment.Job instance at 0x7f6fd13a05a0>,0,25,[6 3],1,-1,26,-1,1
1,<environment.Job instance at 0x7f6fd1672050>,2,17,[9 4],3,-1,20,-1,3
1,<environment.Job instance at 0x7f6fd2999280>,0,25,[6 3],1,-1,26,-1,1
1,<environment.Job instance at 0x7f6fd1b3dd70>,1,20,[11  1],2,-1,22,-1,2
1,<environment.Job instance at 0x7f6fd25e56e0>,3,13,[12  4],4,-1,17,-1,4
1,<environment.Job instance at 0x7f6fd17f03c0>,4,24,[5 5],5,-1,29,-1,5
1,<environment.Job instance at 0x7f6fd26ab5f0>,5,13,[ 1 13],6,-1,19,-1,6
1,<environment.Job instance at 0x7f6fd2a8c0f0>,6,26,[ 1 13],7,-1,33,-1,7
1,<environment.Job instance at 0x7f6fd29826e0>,8,16,[11  1],9,-1,25,-1,9
1,<environment.Job instance at 0x7f6fd2982a00>,9,14,[14  2],10,-1,24,-1,10
1,<environment.Job instance at 0x7f6fd2585500>,11,15,[ 2 11],12,-1,27,-1,12
1,<environment.Job instance at 0x7f6fd2a03fa0>,12,16,[11  1],13,-1,29,-1,13
1,<environment.Job instance at 0x7f6fd2a030a0>,14,18,[12  5],15,-1,33,-1,15
1,<environment.Job instance at 0x7f6fdb0d97d0>,15,20,[ 5 13],16,-1,36,-1,16
1,<environment.Job instance at 0x7f6fd26b4690>,17,16,[11  2],18,-1,34,-1,18
1,<environment.Job instance at 0x7f6fd26b4410>,18,22,[ 2 12],19,-1,41,-1,19
1,<environment.Job instance at 0x7f6fd2967c30>,19,20,[12  3],20,-1,40,-1,20
1,<environment.Job instance at 0x7f6fd2967af0>,20,19,[12  5],21,-1,40,-1,21
1,<environment.Job instance at 0x7f6fd1d79e10>,22,18,[12  1],23,-1,41,-1,23
1,<environment.Job instance at 0x7f6fd21e45f0>,13,25,[2 8],14,-1,55,-1,30
1,<environment.Job instance at 0x7f6fd20ce2d0>,26,17,[ 1 12],27,-1,47,-1,30
1,<environment.Job instance at 0x7f6fdb0d9aa0>,16,24,[2 7],17,-1,54,-1,30
1,<environment.Job instance at 0x7f6fd1b96910>,28,18,[ 2 14],29,-1,48,-1,30
1,<environment.Job instance at 0x7f6fd1b96730>,29,24,[11  1],30,-1,54,-1,30
1,<environment.Job instance at 0x7f6fd227bd20>,31,24,[12  5],32,-1,56,-1,32
1,<environment.Job instance at 0x7f6fd227bc80>,33,15,[ 1 11],34,-1,58,-1,43
1,<environment.Job instance at 0x7f6fd2a55140>,34,16,[ 5 12],35,-1,59,-1,43
1,<environment.Job instance at 0x7f6fd19bb910>,35,27,[ 4 14],36,-1,70,-1,43
1,<environment.Job instance at 0x7f6fd2a54500>,36,23,[ 2 11],37,-1,66,-1,43
1,<environment.Job instance at 0x7f6fd1de3280>,37,13,[ 4 12],38,-1,56,-1,43
1,<environment.Job instance at 0x7f6fd1962d70>,38,15,[13  1],39,-1,58,-1,43
1,<environment.Job instance at 0x7f6fd1962370>,39,17,[13  3],40,-1,60,-1,43
1,<environment.Job instance at 0x7f6fd1fcf1e0>,41,22,[ 3 13],42,-1,65,-1,43
1,<environment.Job instance at 0x7f6fd11e7780>,30,25,[7 1],31,-1,68,-1,43
1,<environment.Job instance at 0x7f6fd1b970a0>,25,25,[8 5],26,-1,68,-1,43
1,<environment.Job instance at 0x7f6fd1f80d70>,43,19,[13  4],44,-1,63,-1,44
1,<environment.Job instance at 0x7f6fd11cbd20>,44,16,[ 2 12],45,-1,61,-1,45
1,<environment.Job instance at 0x7f6fd2374a00>,45,12,[ 4 14],46,-1,58,-1,46
1,<environment.Job instance at 0x7f6fd18e4be0>,6,16,[3 9],7,-1,24,-1,8
1,<environment.Job instance at 0x7f6fd18e4960>,8,12,[ 5 10],9,-1,21,-1,9
1,<environment.Job instance at 0x7f6fd29a44b0>,13,21,[ 3 14],14,-1,45,-1,24
1,<environment.Job instance at 0x7f6fd23b75a0>,7,22,[11  2],8,-1,53,-1,31
1,<environment.Job instance at 0x7f6fd29a4870>,14,18,[8 3],15,-1,49,-1,31
1,<environment.Job instance at 0x7f6fd29a4fa0>,15,14,[8 5],16,-1,45,-1,31
1,<environment.Job instance at 0x7f6fd1f7a410>,0,12,[14  1],1,-1,13,-1,1
1,<environment.Job instance at 0x7f6fd1f7a370>,1,28,[ 1 13],2,-1,30,-1,2
1,<environment.Job instance at 0x7f6fd2a54500>,3,22,[12  5],4,-1,26,-1,4
1,<environment.Job instance at 0x7f6fd1f7a280>,5,12,[11  5],6,-1,18,-1,6
1,<environment.Job instance at 0x7f6fd22c0960>,7,22,[11  2],8,-1,30,-1,8
1,<environment.Job instance at 0x7f6fd21805f0>,9,17,[13  5],10,-1,27,-1,10
1,<environment.Job instance at 0x7f6fd1d794b0>,10,12,[ 3 14],11,-1,23,-1,11
1,<environment.Job instance at 0x7f6fd1d795a0>,12,15,[ 4 12],13,-1,28,-1,13
1,<environment.Job instance at 0x7f6fd2967c30>,13,21,[ 3 14],14,-1,35,-1,14
1,<environment.Job instance at 0x7f6fdb0d97d0>,16,28,[6 1],17,-1,48,-1,20
1,<environment.Job instance at 0x7f6fd2a030a0>,19,27,[ 4 12],20,-1,48,-1,21
1,<environment.Job instance at 0x7f6fd2982410>,20,25,[12  4],21,-1,46,-1,21
1,<environment.Job instance at 0x7f6fd2a8c0f0>,21,20,[ 3 14],22,-1,42,-1,22
1,<environment.Job instance at 0x7f6fd26abaf0>,22,13,[ 3 14],23,-1,36,-1,23
1,<environment.Job instance at 0x7f6fd29826e0>,23,13,[11  5],24,-1,37,-1,24
1,<environment.Job instance at 0x7f6fd2a8ca00>,24,24,[8 4],25,-1,58,-1,34
1,<environment.Job instance at 0x7f6fd1ff43c0>,26,20,[12  3],27,-1,54,-1,34
1,<environment.Job instance at 0x7f6fd17f0f00>,27,25,[13  2],28,-1,59,-1,34
1,<environment.Job instance at 0x7f6fd2999280>,30,17,[12  4],31,-1,51,-1,34
1,<environment.Job instance at 0x7f6fd18e4c80>,29,25,[1 6],30,-1,71,-1,46
1,<environment.Job instance at 0x7f6fd2a7caa0>,32,27,[14  4],33,-1,73,-1,46
1,<environment.Job instance at 0x7f6fd29999b0>,33,18,[14  2],34,-1,64,-1,46
1,<environment.Job instance at 0x7f6fd17c3280>,34,25,[13  3],35,-1,71,-1,46
1,<environment.Job instance at 0x7f6fd29a4780>,31,26,[1 9],32,-1,73,-1,47
1,<environment.Job instance at 0x7f6fd29a0320>,36,23,[12  4],37,-1,70,-1,47
1,<environment.Job instance at 0x7f6fd2a86af0>,38,20,[11  2],39,-1,67,-1,47
1,<environment.Job instance at 0x7f6fd13631e0>,39,16,[14  4],40,-1,63,-1,47
1,<environment.Job instance at 0x7f6fd1f7a280>,0,22,[ 5 12],1,-1,23,-1,1
1,<environment.Job instance at 0x7f6fd1f7a410>,2,15,[14  2],3,-1,18,-1,3
1,<environment.Job instance at 0x7f6fd1540c80>,3,15,[ 1 13],4,-1,19,-1,4
1,<environment.Job instance at 0x7f6fd1540190>,4,20,[12  2],5,-1,25,-1,5
1,<environment.Job instance at 0x7f6fd1540b40>,6,17,[14  5],7,-1,24,-1,7
1,<environment.Job instance at 0x7f6fd2a55500>,7,24,[13  3],8,-1,32,-1,8
1,<environment.Job instance at 0x7f6fd153faa0>,8,22,[12  3],9,-1,31,-1,9
1,<environment.Job instance at 0x7f6fd153fdc0>,11,23,[10  4],12,-1,35,-1,12
1,<environment.Job instance at 0x7f6fd153fa50>,14,20,[14  2],15,-1,35,-1,15
1,<environment.Job instance at 0x7f6fd16dddc0>,19,18,[14  4],20,-1,60,-1,42
1,<environment.Job instance at 0x7f6fd16ddaa0>,20,22,[ 4 14],21,-1,64,-1,42
1,<environment.Job instance at 0x7f6fd16dda00>,21,20,[11  4],22,-1,62,-1,42
1,<environment.Job instance at 0x7f6fd16dd4b0>,22,23,[14  4],23,-1,65,-1,42
1,<environment.Job instance at 0x7f6fd16dd500>,23,19,[ 3 14],24,-1,61,-1,42
1,<environment.Job instance at 0x7f6fd16dd280>,24,21,[14  2],25,-1,63,-1,42
1,<environment.Job instance at 0x7f6fd16dde60>,25,24,[14  2],26,-1,66,-1,42
1,<environment.Job instance at 0x7f6fd16dd140>,26,21,[ 5 11],27,-1,63,-1,42
1,<environment.Job instance at 0x7f6fd16dd410>,27,20,[ 2 12],28,-1,62,-1,42
1,<environment.Job instance at 0x7f6fd16dda50>,28,23,[ 4 11],29,-1,65,-1,42
1,<environment.Job instance at 0x7f6fd16dd460>,29,16,[ 3 14],30,-1,58,-1,42
1,<environment.Job instance at 0x7f6fd16dd0f0>,30,23,[ 3 13],31,-1,65,-1,42
1,<environment.Job instance at 0x7f6fd16dd320>,31,21,[14  4],32,-1,63,-1,42
1,<environment.Job instance at 0x7f6fd23ac190>,0,17,[8 1],1,-1,19,-1,2
1,<environment.Job instance at 0x7f6fd14da0f0>,7,26,[ 5 11],8,-1,36,-1,10
1,<environment.Job instance at 0x7f6fd14dae60>,9,21,[9 2],10,-1,31,-1,10
1,<environment.Job instance at 0x7f6fd23ac140>,1,15,[14  5],2,-1,25,-1,10
1,<environment.Job instance at 0x7f6fd14dae10>,8,12,[8 5],9,-1,23,-1,11
1,<environment.Job instance at 0x7f6fd276c8c0>,11,16,[ 5 11],12,-1,28,-1,12
1,<environment.Job instance at 0x7f6fd276c960>,10,18,[14  2],11,-1,37,-1,19
1,<environment.Job instance at 0x7f6fd19d1820>,16,21,[ 5 14],17,-1,41,-1,20
1,<environment.Job instance at 0x7f6fd276c4b0>,17,27,[9 3],18,-1,47,-1,20
1,<environment.Job instance at 0x7f6fd1f75a50>,18,15,[13  3],19,-1,35,-1,20
1,<environment.Job instance at 0x7f6fd19d19b0>,15,28,[2 8],16,-1,48,-1,20
1,<environment.Job instance at 0x7f6fd14dac80>,14,25,[ 3 14],15,-1,46,-1,21
1,<environment.Job instance at 0x7f6fd1f75a00>,19,19,[7 4],20,-1,40,-1,21
1,<environment.Job instance at 0x7f6fd1543fa0>,21,26,[7 3],22,-1,48,-1,22
1,<environment.Job instance at 0x7f6fd15433c0>,24,26,[11  4],25,-1,52,-1,26
1,<environment.Job instance at 0x7f6fd11c0460>,22,25,[ 1 13],23,-1,55,-1,30
1,<environment.Job instance at 0x7f6fd140d410>,25,22,[8 2],26,-1,54,-1,32
1,<environment.Job instance at 0x7f6fd14dafa0>,6,14,[ 4 10],7,-1,46,-1,32
1,<environment.Job instance at 0x7f6fd2830cd0>,28,19,[13  2],29,-1,55,-1,36
1,<environment.Job instance at 0x7f6fd18d1cd0>,27,20,[ 1 11],28,-1,56,-1,36
1,<environment.Job instance at 0x7f6fd12ed190>,30,20,[13  5],31,-1,56,-1,36
1,<environment.Job instance at 0x7f6fd2048280>,31,27,[1 8],32,-1,63,-1,36
1,<environment.Job instance at 0x7f6fd2048be0>,29,12,[ 1 11],30,-1,49,-1,37
1,<environment.Job instance at 0x7f6fd18bd230>,36,14,[10  3],37,-1,51,-1,37
1,<environment.Job instance at 0x7f6fd2893c30>,26,17,[11  1],27,-1,66,-1,49
1,<environment.Job instance at 0x7f6fd2415280>,37,23,[13  3],38,-1,72,-1,49
1,<environment.Job instance at 0x7f6fd2785af0>,40,18,[10  4],41,-1,67,-1,49
1,<environment.Job instance at 0x7f6fd12ed870>,32,16,[10  3],33,-1,65,-1,49
1,<environment.Job instance at 0x7f6fd2036a50>,42,24,[13  3],43,-1,73,-1,49
1,<environment.Job instance at 0x7f6fdb118230>,39,18,[2 9],40,-1,67,-1,49
1,<environment.Job instance at 0x7f6fd153f5a0>,1,15,[14  5],2,-1,17,-1,2
1,<environment.Job instance at 0x7f6fd14da910>,2,13,[14  1],3,-1,16,-1,3
1,<environment.Job instance at 0x7f6fdb08a960>,4,21,[ 2 12],5,-1,26,-1,5
1,<environment.Job instance at 0x7f6fd15486e0>,5,23,[ 2 12],6,-1,29,-1,6
1,<environment.Job instance at 0x7f6fd11cbd20>,7,26,[ 5 11],8,-1,34,-1,8
1,<environment.Job instance at 0x7f6fd1357aa0>,10,18,[14  2],11,-1,29,-1,11
1,<environment.Job instance at 0x7f6fd2313be0>,11,16,[ 5 11],12,-1,28,-1,12
1,<environment.Job instance at 0x7f6fd23136e0>,12,22,[ 1 14],13,-1,35,-1,13
1,<environment.Job instance at 0x7f6fd142b460>,14,25,[ 3 14],15,-1,40,-1,15
1,<environment.Job instance at 0x7f6fd1368cd0>,3,24,[8 2],4,-1,42,-1,18
1,<environment.Job instance at 0x7f6fd2313f50>,16,21,[ 5 14],17,-1,39,-1,18
1,<environment.Job instance at 0x7f6fd2313050>,17,27,[9 3],18,-1,45,-1,18
1,<environment.Job instance at 0x7f6fd23e0fa0>,18,15,[13  3],19,-1,34,-1,19
1,<environment.Job instance at 0x7f6fd23e0e10>,20,12,[ 3 12],21,-1,33,-1,21
1,<environment.Job instance at 0x7f6fd2313910>,15,28,[2 8],16,-1,49,-1,21
1,<environment.Job instance at 0x7f6fd23e0d70>,22,25,[ 1 13],23,-1,48,-1,23
1,<environment.Job instance at 0x7f6fd20210f0>,24,26,[11  4],25,-1,51,-1,25
1,<environment.Job instance at 0x7f6fd1501410>,26,17,[11  1],27,-1,44,-1,27
1,<environment.Job instance at 0x7f6fd1ba3190>,27,20,[ 1 11],28,-1,48,-1,28
1,<environment.Job instance at 0x7f6fd1ccd6e0>,28,19,[13  2],29,-1,48,-1,29
1,<environment.Job instance at 0x7f6fd265bbe0>,21,26,[7 3],22,-1,56,-1,30
1,<environment.Job instance at 0x7f6fd234e820>,29,12,[ 1 11],30,-1,42,-1,30
1,<environment.Job instance at 0x7f6fd221ef00>,30,20,[13  5],31,-1,51,-1,31
1,<environment.Job instance at 0x7f6fd234ecd0>,33,24,[11  3],34,-1,58,-1,34
1,<environment.Job instance at 0x7f6fd2767320>,34,18,[13  3],35,-1,53,-1,35
1,<environment.Job instance at 0x7f6fd2021cd0>,31,27,[1 8],32,-1,76,-1,49
1,<environment.Job instance at 0x7f6fd1d7bf00>,37,23,[13  3],38,-1,72,-1,49
1,<environment.Job instance at 0x7f6fd21cc500>,1,18,[5 9],2,-1,20,-1,2
1,<environment.Job instance at 0x7f6fd1d7b280>,2,12,[12  4],3,-1,15,-1,3
1,<environment.Job instance at 0x7f6fd1d7ba00>,3,21,[ 2 11],4,-1,25,-1,4
1,<environment.Job instance at 0x7f6fd1d7be60>,4,23,[14  3],5,-1,28,-1,5
1,<environment.Job instance at 0x7f6fd1d7b2d0>,7,19,[11  1],8,-1,27,-1,8
1,<environment.Job instance at 0x7f6fd27672d0>,10,23,[ 2 11],11,-1,34,-1,11
1,<environment.Job instance at 0x7f6fd1ba3140>,12,19,[ 5 14],13,-1,32,-1,13
1,<environment.Job instance at 0x7f6fd1d7b320>,5,25,[9 2],6,-1,45,-1,20
1,<environment.Job instance at 0x7f6fd234e690>,14,27,[11  3],15,-1,47,-1,20
1,<environment.Job instance at 0x7f6fd234eb40>,15,26,[2 6],16,-1,46,-1,20
1,<environment.Job instance at 0x7f6fd234e0a0>,11,27,[1 8],12,-1,47,-1,20
1,<environment.Job instance at 0x7f6fd2021cd0>,18,25,[14  2],19,-1,45,-1,20
1,<environment.Job instance at 0x7f6fd265bbe0>,22,26,[13  5],23,-1,60,-1,34
1,<environment.Job instance at 0x7f6fd23e0fa0>,23,24,[ 2 10],24,-1,58,-1,34
1,<environment.Job instance at 0x7f6fd2905460>,6,18,[11  5],7,-1,29,-1,11
1,<environment.Job instance at 0x7f6fd23e2730>,10,20,[2 9],11,-1,31,-1,11
1,<environment.Job instance at 0x7f6fd2905820>,0,17,[12  4],1,-1,18,-1,1
1,<environment.Job instance at 0x7f6fd1daf460>,1,26,[ 4 10],2,-1,28,-1,2
1,<environment.Job instance at 0x7f6fd1daf640>,2,20,[ 4 11],3,-1,23,-1,3
1,<environment.Job instance at 0x7f6fd1dafdc0>,3,14,[ 5 12],4,-1,18,-1,4
1,<environment.Job instance at 0x7f6fd1daf280>,4,24,[ 5 11],5,-1,29,-1,5
1,<environment.Job instance at 0x7f6fd1dafa00>,5,25,[7 3],6,-1,31,-1,6
1,<environment.Job instance at 0x7f6fd1d9bdc0>,6,18,[11  5],7,-1,25,-1,7
1,<environment.Job instance at 0x7f6fd1d9b9b0>,7,12,[ 3 14],8,-1,20,-1,8
1,<environment.Job instance at 0x7f6fd1d9b370>,8,27,[1 5],9,-1,36,-1,9
1,<environment.Job instance at 0x7f6fd1d9bfa0>,9,17,[ 1 11],10,-1,27,-1,10
1,<environment.Job instance at 0x7f6fd1d9bc30>,11,17,[ 2 13],12,-1,29,-1,12
1,<environment.Job instance at 0x7f6fd1d9b780>,12,27,[12  4],13,-1,40,-1,13
1,<environment.Job instance at 0x7f6fd1d9b2d0>,14,12,[ 1 12],15,-1,27,-1,15
1,<environment.Job instance at 0x7f6fd1dafe60>,16,12,[ 5 12],17,-1,29,-1,17
1,<environment.Job instance at 0x7f6fd1d9b1e0>,17,14,[14  1],18,-1,32,-1,18
1,<environment.Job instance at 0x7f6fd1d9b820>,19,14,[12  4],20,-1,34,-1,20
1,<environment.Job instance at 0x7f6fd28e6960>,20,18,[11  5],21,-1,39,-1,21
1,<environment.Job instance at 0x7f6fd28e6b40>,22,12,[14  4],23,-1,35,-1,23
1,<environment.Job instance at 0x7f6fd28e6820>,24,25,[13  4],25,-1,50,-1,25
1,<environment.Job instance at 0x7f6fd28e6500>,26,13,[12  2],27,-1,41,-1,28
1,<environment.Job instance at 0x7f6fd28e6550>,27,22,[13  4],28,-1,50,-1,28
1,<environment.Job instance at 0x7f6fd28e6dc0>,28,14,[11  2],29,-1,43,-1,29
1,<environment.Job instance at 0x7f6fd28e63c0>,29,24,[ 2 14],30,-1,54,-1,30
1,<environment.Job instance at 0x7f6fd28e6690>,30,28,[2 7],31,-1,59,-1,31
1,<environment.Job instance at 0x7f6fd28e6410>,31,13,[ 1 14],32,-1,45,-1,32
1,<environment.Job instance at 0x7f6fd28e6c30>,33,23,[12  2],34,-1,57,-1,34
1,<environment.Job instance at 0x7f6fd28e61e0>,34,18,[ 4 12],35,-1,53,-1,35
1,<environment.Job instance at 0x7f6fd28e6e10>,35,25,[6 5],36,-1,68,-1,43
1,<environment.Job instance at 0x7f6fd28e6fa0>,37,27,[5 9],38,-1,71,-1,44
1,<environment.Job instance at 0x7f6fd28e6460>,38,27,[2 6],39,-1,71,-1,44
1,<environment.Job instance at 0x7f6fd14e7960>,39,17,[ 4 14],40,-1,61,-1,44
1,<environment.Job instance at 0x7f6fd14e7690>,40,15,[ 2 14],41,-1,59,-1,44
1,<environment.Job instance at 0x7f6fd14e7780>,41,17,[ 5 13],42,-1,61,-1,44
1,<environment.Job instance at 0x7f6fd14e75a0>,42,23,[12  3],43,-1,67,-1,44
1,<environment.Job instance at 0x7f6fd14e7c30>,43,20,[14  1],44,-1,64,-1,44
1,<environment.Job instance at 0x7f6fd17c7960>,2,19,[1 7],3,-1,22,-1,3
1,<environment.Job instance at 0x7f6fd17c7550>,5,18,[ 5 11],6,-1,25,-1,7
1,<environment.Job instance at 0x7f6fd17c7640>,6,27,[11  5],7,-1,34,-1,7
1,<environment.Job instance at 0x7f6fd14be500>,0,18,[14  3],1,-1,19,-1,1
1,<environment.Job instance at 0x7f6fd1246780>,3,18,[14  3],4,-1,22,-1,4
1,<environment.Job instance at 0x7f6fd1ec7320>,4,23,[ 2 11],5,-1,28,-1,5
1,<environment.Job instance at 0x7f6fd28276e0>,5,18,[ 5 11],6,-1,24,-1,6
1,<environment.Job instance at 0x7f6fd28270a0>,6,27,[11  5],7,-1,34,-1,7
1,<environment.Job instance at 0x7f6fd15373c0>,7,17,[12  5],8,-1,25,-1,8
1,<environment.Job instance at 0x7f6fd2654f50>,9,21,[11  1],10,-1,31,-1,10
1,<environment.Job instance at 0x7f6fd26541e0>,10,14,[12  4],11,-1,25,-1,11
1,<environment.Job instance at 0x7f6fd1334960>,13,26,[1 6],14,-1,40,-1,14
1,<environment.Job instance at 0x7f6fd1246f50>,15,19,[11  4],16,-1,35,-1,16
1,<environment.Job instance at 0x7f6fd271e370>,16,23,[11  3],17,-1,40,-1,17
1,<environment.Job instance at 0x7f6fd171aeb0>,18,12,[11  4],19,-1,31,-1,19
1,<environment.Job instance at 0x7f6fd2654f00>,11,26,[5 4],12,-1,46,-1,20
1,<environment.Job instance at 0x7f6fd1f888c0>,20,14,[ 3 13],21,-1,35,-1,21
1,<environment.Job instance at 0x7f6fd1f88d70>,22,28,[5 5],23,-1,54,-1,26
1,<environment.Job instance at 0x7f6fd1edb870>,24,20,[13  1],25,-1,46,-1,26
1,<environment.Job instance at 0x7f6fd1edb140>,25,21,[ 3 12],26,-1,47,-1,26
1,<environment.Job instance at 0x7f6fd1b0a550>,26,25,[12  3],27,-1,52,-1,27
1,<environment.Job instance at 0x7f6fd1ee5500>,28,20,[12  2],29,-1,49,-1,29
1,<environment.Job instance at 0x7f6fd2731640>,31,16,[14  3],32,-1,57,-1,41
1,<environment.Job instance at 0x7f6fd2731af0>,32,20,[11  1],33,-1,61,-1,41
1,<environment.Job instance at 0x7f6fd20d8fa0>,0,18,[7 3],1,-1,19,-1,1
1,<environment.Job instance at 0x7f6fd20d88c0>,1,16,[9 2],2,-1,19,-1,3
1,<environment.Job instance at 0x7f6fd236cbe0>,2,19,[12  1],3,-1,22,-1,3
1,<environment.Job instance at 0x7f6fd27880f0>,3,26,[4 7],4,-1,30,-1,4
1,<environment.Job instance at 0x7f6fd14c8b90>,4,21,[6 5],5,-1,26,-1,5
1,<environment.Job instance at 0x7f6fd267ee10>,6,20,[3 6],7,-1,27,-1,7
1,<environment.Job instance at 0x7f6fd2741780>,7,13,[9 4],8,-1,22,-1,9
1,<environment.Job instance at 0x7f6fd2741640>,9,15,[7 3],10,-1,25,-1,10
1,<environment.Job instance at 0x7f6fd14c8aa0>,8,19,[ 5 10],9,-1,29,-1,10
1,<environment.Job instance at 0x7f6fd2744280>,12,28,[9 1],13,-1,41,-1,13
1,<environment.Job instance at 0x7f6fd2744780>,13,15,[4 9],14,-1,29,-1,14
1,<environment.Job instance at 0x7f6fd2744960>,17,25,[2 6],18,-1,43,-1,18
1,<environment.Job instance at 0x7f6fd2744e60>,19,18,[1 9],20,-1,38,-1,20
1,<environment.Job instance at 0x7f6fd153e960>,2,19,[12  1],3,-1,22,-1,3
1,<environment.Job instance at 0x7f6fd153e870>,3,26,[4 7],4,-1,30,-1,4
1,<environment.Job instance at 0x7f6fd2731230>,5,18,[ 2 13],6,-1,24,-1,6
1,<environment.Job instance at 0x7f6fd2731af0>,12,28,[9 1],13,-1,60,-1,32
1,<environment.Job instance at 0x7f6fd2731280>,14,15,[13  2],15,-1,47,-1,32
1,<environment.Job instance at 0x7f6fd2772500>,15,17,[12  3],16,-1,49,-1,32
1,<environment.Job instance at 0x7f6fd268fd70>,16,28,[ 4 12],17,-1,60,-1,32
1,<environment.Job instance at 0x7f6fd268f190>,17,25,[2 6],18,-1,57,-1,32
1,<environment.Job instance at 0x7f6fd1f88a50>,23,21,[11  5],24,-1,70,-1,49
1,<environment.Job instance at 0x7f6fd1f884b0>,24,12,[13  2],25,-1,61,-1,49
1,<environment.Job instance at 0x7f6fd271e820>,25,13,[ 5 13],26,-1,62,-1,49
1,<environment.Job instance at 0x7f6fd2731c80>,1,20,[5 6],2,-1,22,-1,2
1,<environment.Job instance at 0x7f6fd2731690>,5,16,[10  2],6,-1,22,-1,6
1,<environment.Job instance at 0x7f6fd2731c30>,3,25,[13  4],4,-1,31,-1,6
1,<environment.Job instance at 0x7f6fd12e9500>,8,17,[5 5],9,-1,27,-1,10
1,<environment.Job instance at 0x7f6fd12e92d0>,10,19,[8 4],11,-1,30,-1,11
1,<environment.Job instance at 0x7f6fd2731910>,0,27,[ 3 14],1,-1,28,-1,1
1,<environment.Job instance at 0x7f6fd27311e0>,2,27,[ 5 13],3,-1,30,-1,3
1,<environment.Job instance at 0x7f6fd2731140>,3,25,[13  4],4,-1,29,-1,4
1,<environment.Job instance at 0x7f6fd2731640>,4,27,[ 2 14],5,-1,32,-1,5
1,<environment.Job instance at 0x7f6fd2731230>,6,18,[ 4 13],7,-1,25,-1,7
1,<environment.Job instance at 0x7f6fd27315f0>,7,12,[ 5 12],8,-1,20,-1,8
1,<environment.Job instance at 0x7f6fd26ce3c0>,11,23,[12  3],12,-1,35,-1,12
1,<environment.Job instance at 0x7f6fd26cef00>,14,12,[13  4],15,-1,34,-1,22
1,<environment.Job instance at 0x7f6fd26ceb90>,15,23,[4 5],16,-1,45,-1,22
1,<environment.Job instance at 0x7f6fd1249230>,18,17,[13  5],19,-1,39,-1,22
1,<environment.Job instance at 0x7f6fd1249e60>,19,26,[4 6],20,-1,48,-1,22
1,<environment.Job instance at 0x7f6fd12499b0>,21,23,[ 4 11],22,-1,45,-1,22
1,<environment.Job instance at 0x7f6fd12496e0>,22,26,[ 3 14],23,-1,61,-1,35
1,<environment.Job instance at 0x7f6fd1249f50>,23,12,[ 2 13],24,-1,47,-1,35
1,<environment.Job instance at 0x7f6fd1249320>,24,19,[ 4 11],25,-1,54,-1,35
1,<environment.Job instance at 0x7f6fd1249870>,26,12,[11  1],27,-1,50,-1,38
1,<environment.Job instance at 0x7f6fd26905a0>,0,18,[1 5],1,-1,19,-1,1
1,<environment.Job instance at 0x7f6fd2690b40>,1,27,[4 6],2,-1,29,-1,2
1,<environment.Job instance at 0x7f6fd28cfc30>,1,27,[4 6],2,-1,29,-1,2
1,<environment.Job instance at 0x7f6fd28cf500>,2,14,[14  1],3,-1,17,-1,3
1,<environment.Job instance at 0x7f6fd28cfaf0>,3,16,[ 4 12],4,-1,20,-1,4
1,<environment.Job instance at 0x7f6fd28cf1e0>,4,17,[14  4],5,-1,22,-1,5
1,<environment.Job instance at 0x7f6fd1649a50>,6,17,[ 5 14],7,-1,24,-1,7
1,<environment.Job instance at 0x7f6fd1649b90>,7,25,[11  4],8,-1,33,-1,8
1,<environment.Job instance at 0x7f6fd1649eb0>,11,27,[ 1 11],12,-1,39,-1,12
1,<environment.Job instance at 0x7f6fd16498c0>,13,26,[11  2],14,-1,40,-1,14
1,<environment.Job instance at 0x7f6fd26cea00>,16,24,[9 2],17,-1,43,-1,19
1,<environment.Job instance at 0x7f6fd26ceaf0>,17,27,[ 5 14],18,-1,46,-1,19
1,<environment.Job instance at 0x7f6fd26ce5f0>,19,20,[ 2 13],20,-1,40,-1,20
1,<environment.Job instance at 0x7f6fd26ce3c0>,20,26,[ 4 14],21,-1,47,-1,21
1,<environment.Job instance at 0x7f6fd26ce910>,22,16,[ 1 11],23,-1,47,-1,31
1,<environment.Job instance at 0x7f6fd1249870>,23,15,[14  5],24,-1,46,-1,31
1,<environment.Job instance at 0x7f6fd1249820>,24,17,[13  1],25,-1,48,-1,31
1,<environment.Job instance at 0x7f6fd1249410>,25,23,[ 4 11],26,-1,54,-1,31
1,<environment.Job instance at 0x7f6fd12496e0>,26,21,[ 5 14],27,-1,52,-1,31
1,<environment.Job instance at 0x7f6fd12499b0>,27,17,[13  3],28,-1,48,-1,31
1,<environment.Job instance at 0x7f6fd1249f50>,30,14,[13  2],31,-1,52,-1,38
1,<environment.Job instance at 0x7f6fd2690b90>,32,23,[ 1 14],33,-1,68,-1,45
1,<environment.Job instance at 0x7f6fd1af6140>,2,23,[10  4],3,-1,31,-1,8
1,<environment.Job instance at 0x7f6fd220aaa0>,7,27,[ 5 13],8,-1,36,-1,9
1,<environment.Job instance at 0x7f6fd28cfeb0>,3,21,[ 3 14],4,-1,30,-1,9
1,<environment.Job instance at 0x7f6fd220ae10>,9,21,[12  3],10,-1,31,-1,10
1,<environment.Job instance at 0x7f6fd220ceb0>,10,27,[ 5 12],11,-1,38,-1,11
1,<environment.Job instance at 0x7f6fd220cd70>,11,13,[9 3],12,-1,25,-1,12
1,<environment.Job instance at 0x7f6fd220cbe0>,12,16,[ 2 13],13,-1,29,-1,13
1,<environment.Job instance at 0x7f6fd220c370>,13,15,[3 8],14,-1,29,-1,14
1,<environment.Job instance at 0x7f6fd220a690>,8,16,[1 5],9,-1,31,-1,15
1,<environment.Job instance at 0x7f6fd220c820>,20,21,[ 2 14],21,-1,48,-1,27
1,<environment.Job instance at 0x7f6fd2240500>,22,23,[13  4],23,-1,57,-1,34
1,<environment.Job instance at 0x7f6fd220c4b0>,19,18,[12  4],20,-1,54,-1,36
1,<environment.Job instance at 0x7f6fd2240190>,24,18,[ 1 12],25,-1,54,-1,36
1,<environment.Job instance at 0x7f6fd2240140>,25,23,[9 4],26,-1,60,-1,37
1,<environment.Job instance at 0x7f6fd1249fa0>,0,24,[11  5],1,-1,25,-1,1
1,<environment.Job instance at 0x7f6fd1249be0>,1,25,[2 7],2,-1,27,-1,2
1,<environment.Job instance at 0x7f6fd12496e0>,2,23,[10  4],3,-1,26,-1,3
1,<environment.Job instance at 0x7f6fd1249f00>,3,21,[ 3 14],4,-1,25,-1,4
1,<environment.Job instance at 0x7f6fd26ce690>,6,18,[14  2],7,-1,25,-1,7
1,<environment.Job instance at 0x7f6fd26ceaf0>,7,27,[ 5 13],8,-1,35,-1,8
1,<environment.Job instance at 0x7f6fd26cea00>,9,21,[12  3],10,-1,31,-1,10
1,<environment.Job instance at 0x7f6fd2b67fa0>,10,27,[ 5 12],11,-1,38,-1,11
1,<environment.Job instance at 0x7f6fd26ce0f0>,12,16,[ 2 13],13,-1,29,-1,13
1,<environment.Job instance at 0x7f6fd1649dc0>,15,13,[14  1],16,-1,29,-1,16
1,<environment.Job instance at 0x7f6fd1649e10>,16,26,[11  5],17,-1,43,-1,17
1,<environment.Job instance at 0x7f6fd16495f0>,17,14,[ 2 13],18,-1,32,-1,18
1,<environment.Job instance at 0x7f6fd1649870>,18,13,[14  5],19,-1,32,-1,19
1,<environment.Job instance at 0x7f6fd1649960>,19,18,[12  4],20,-1,38,-1,20
1,<environment.Job instance at 0x7f6fd16494b0>,20,21,[ 2 14],21,-1,42,-1,21
1,<environment.Job instance at 0x7f6fd1649eb0>,22,23,[13  4],23,-1,46,-1,23
1,<environment.Job instance at 0x7f6fd1649d70>,24,18,[ 1 12],25,-1,43,-1,25
1,<environment.Job instance at 0x7f6fd132d1e0>,25,23,[9 4],26,-1,58,-1,35
1,<environment.Job instance at 0x7f6fd132daf0>,26,26,[ 1 10],27,-1,61,-1,35
1,<environment.Job instance at 0x7f6fd132dd70>,27,18,[13  5],28,-1,53,-1,35
1,<environment.Job instance at 0x7f6fd132d190>,28,21,[12  5],29,-1,56,-1,35
1,<environment.Job instance at 0x7f6fd132de10>,30,20,[11  5],31,-1,55,-1,35
1,<environment.Job instance at 0x7f6fd132d280>,31,27,[8 5],32,-1,62,-1,35
1,<environment.Job instance at 0x7f6fd132daa0>,33,28,[5 7],34,-1,76,-1,48
1,<environment.Job instance at 0x7f6fd2928870>,34,12,[ 4 11],35,-1,60,-1,48
1,<environment.Job instance at 0x7f6fd168d960>,35,25,[13  4],36,-1,73,-1,48
1,<environment.Job instance at 0x7f6fd2433550>,36,21,[ 1 12],37,-1,69,-1,48
1,<environment.Job instance at 0x7f6fd2a302d0>,37,22,[ 4 12],38,-1,70,-1,48
1,<environment.Job instance at 0x7f6fd2a30960>,38,22,[13  5],39,-1,70,-1,48
1,<environment.Job instance at 0x7f6fd2b87190>,39,28,[13  2],40,-1,76,-1,48
1,<environment.Job instance at 0x7f6fd15611e0>,41,24,[14  3],42,-1,72,-1,48
1,<environment.Job instance at 0x7f6fd25c9d20>,42,25,[12  1],43,-1,73,-1,48
1,<environment.Job instance at 0x7f6fd25c9140>,43,24,[5 8],44,-1,73,-1,49
1,<environment.Job instance at 0x7f6fd17e6230>,44,13,[ 1 13],45,-1,62,-1,49
1,<environment.Job instance at 0x7f6fd17e60a0>,45,23,[1 5],46,-1,72,-1,49
1,<environment.Job instance at 0x7f6fd17e63c0>,46,22,[ 5 11],47,-1,71,-1,49
1,<environment.Job instance at 0x7f6fd17e6c80>,47,24,[ 5 13],48,-1,73,-1,49
1,<environment.Job instance at 0x7f6fd20c26e0>,48,13,[ 1 14],49,-1,62,-1,49
1,<environment.Job instance at 0x7f6fd16b6550>,5,22,[7 1],6,-1,29,-1,7
1,<environment.Job instance at 0x7f6fd16b6640>,7,17,[5 4],8,-1,25,-1,8
1,<environment.Job instance at 0x7f6fd1249d20>,6,28,[5 4],7,-1,36,-1,8
1,<environment.Job instance at 0x7f6fd16b6aa0>,9,16,[ 4 10],10,-1,27,-1,11
1,<environment.Job instance at 0x7f6fd16b6690>,11,17,[ 3 13],12,-1,29,-1,12
1,<environment.Job instance at 0x7f6fd25c9870>,1,21,[13  2],2,-1,23,-1,2
1,<environment.Job instance at 0x7f6fd2b87190>,2,23,[14  5],3,-1,26,-1,3
1,<environment.Job instance at 0x7f6fd2a301e0>,3,14,[14  2],4,-1,18,-1,4
1,<environment.Job instance at 0x7f6fd16498c0>,10,18,[ 5 14],11,-1,32,-1,14
1,<environment.Job instance at 0x7f6fd1649d70>,11,17,[ 3 13],12,-1,31,-1,14
1,<environment.Job instance at 0x7f6fd16494b0>,12,23,[13  3],13,-1,37,-1,14
1,<environment.Job instance at 0x7f6fd16495f0>,13,18,[ 2 12],14,-1,32,-1,14
1,<environment.Job instance at 0x7f6fd24fc7d0>,6,28,[5 4],7,-1,42,-1,14
1,<environment.Job instance at 0x7f6fd16492d0>,14,28,[11  1],15,-1,43,-1,15
1,<environment.Job instance at 0x7f6fd2b67fa0>,16,12,[13  5],17,-1,29,-1,17
1,<environment.Job instance at 0x7f6fd1649fa0>,17,20,[ 5 14],18,-1,38,-1,18
1,<environment.Job instance at 0x7f6fd12492d0>,18,27,[ 2 14],19,-1,46,-1,19
1,<environment.Job instance at 0x7f6fd1249aa0>,20,15,[ 4 11],21,-1,36,-1,21
1,<environment.Job instance at 0x7f6fd1249870>,21,15,[13  5],22,-1,37,-1,22
1,<environment.Job instance at 0x7f6fd1649780>,22,13,[14  4],23,-1,36,-1,23
1,<environment.Job instance at 0x7f6fd1249b90>,23,16,[14  2],24,-1,40,-1,24
1,<environment.Job instance at 0x7f6fd16b61e0>,24,25,[14  4],25,-1,50,-1,25
1,<environment.Job instance at 0x7f6fd12496e0>,25,19,[13  5],26,-1,45,-1,26
1,<environment.Job instance at 0x7f6fd16b6050>,26,26,[10  2],27,-1,59,-1,33
1,<environment.Job instance at 0x7f6fd12f4e60>,30,23,[ 3 13],31,-1,56,-1,33
1,<environment.Job instance at 0x7f6fd12f4780>,31,13,[12  5],32,-1,46,-1,33
1,<environment.Job instance at 0x7f6fd12f4460>,29,26,[2 9],30,-1,59,-1,33
1,<environment.Job instance at 0x7f6fd12f4fa0>,35,26,[5 7],36,-1,74,-1,48
1,<environment.Job instance at 0x7f6fd12f4f00>,36,28,[14  1],37,-1,76,-1,48
1,<environment.Job instance at 0x7f6fd12f4410>,37,16,[ 3 12],38,-1,64,-1,48
1,<environment.Job instance at 0x7f6fd12f4a00>,38,26,[12  1],39,-1,74,-1,48
1,<environment.Job instance at 0x7f6fd12f4050>,39,22,[14  5],40,-1,70,-1,48
1,<environment.Job instance at 0x7f6fd12f4140>,40,18,[12  5],41,-1,66,-1,48
1,<environment.Job instance at 0x7f6fd2ae1aa0>,41,14,[13  4],42,-1,62,-1,48
1,<environment.Job instance at 0x7f6fd2ae1cd0>,42,25,[ 1 13],43,-1,73,-1,48
1,<environment.Job instance at 0x7f6fd2ae1b90>,44,16,[11  5],45,-1,64,-1,48
1,<environment.Job instance at 0x7f6fd2ae1960>,45,25,[2 8],46,-1,73,-1,48
1,<environment.Job instance at 0x7f6fd2ae1b40>,0,26,[13  5],1,-1,27,-1,1
1,<environment.Job instance at 0x7f6fd2ae1500>,1,16,[ 1 13],2,-1,18,-1,2
1,<environment.Job instance at 0x7f6fd2ae1be0>,2,25,[4 9],3,-1,28,-1,3
1,<environment.Job instance at 0x7f6fd1774b40>,4,14,[13  3],5,-1,19,-1,5
1,<environment.Job instance at 0x7f6fd12f4410>,5,14,[13  2],6,-1,20,-1,6
1,<environment.Job instance at 0x7f6fd2ae1550>,8,28,[12  3],9,-1,37,-1,9
1,<environment.Job instance at 0x7f6fd12f4f00>,7,28,[9 2],8,-1,46,-1,18
1,<environment.Job instance at 0x7f6fd2b67fa0>,14,12,[ 3 12],15,-1,30,-1,18
1,<environment.Job instance at 0x7f6fd299faa0>,15,12,[11  4],16,-1,30,-1,18
1,<environment.Job instance at 0x7f6fd2433550>,16,20,[ 3 14],17,-1,38,-1,18
1,<environment.Job instance at 0x7f6fd12f4190>,17,16,[12  1],18,-1,34,-1,18
1,<environment.Job instance at 0x7f6fd2a301e0>,20,28,[ 1 11],21,-1,49,-1,21
1,<environment.Job instance at 0x7f6fd20bd460>,22,28,[14  4],23,-1,60,-1,32
1,<environment.Job instance at 0x7f6fd27945f0>,23,27,[13  4],24,-1,59,-1,32
1,<environment.Job instance at 0x7f6fd2794730>,24,12,[ 5 11],25,-1,44,-1,32
1,<environment.Job instance at 0x7f6fd2794b40>,26,17,[14  2],27,-1,49,-1,32
1,<environment.Job instance at 0x7f6fd2794f50>,27,17,[ 1 12],28,-1,49,-1,32
1,<environment.Job instance at 0x7f6fd2794140>,29,22,[ 3 14],30,-1,54,-1,32
1,<environment.Job instance at 0x7f6fd27949b0>,30,15,[ 2 11],31,-1,47,-1,32
1,<environment.Job instance at 0x7f6fd2794a50>,31,22,[ 2 13],32,-1,54,-1,32
1,<environment.Job instance at 0x7f6fd2794870>,33,26,[ 4 14],34,-1,60,-1,34
1,<environment.Job instance at 0x7f6fd2794190>,35,26,[3 9],36,-1,70,-1,44
1,<environment.Job instance at 0x7f6fd255cfa0>,37,23,[8 2],38,-1,71,-1,48
1,<environment.Job instance at 0x7f6fd255c7d0>,38,26,[ 2 11],39,-1,74,-1,48
1,<environment.Job instance at 0x7f6fd2787320>,39,27,[6 4],40,-1,75,-1,48
1,<environment.Job instance at 0x7f6fd2787140>,40,25,[ 4 14],41,-1,73,-1,48
1,<environment.Job instance at 0x7f6fd2787eb0>,42,18,[ 2 12],43,-1,66,-1,48
1,<environment.Job instance at 0x7f6fd1c57550>,1,13,[11  1],2,-1,15,-1,2
1,<environment.Job instance at 0x7f6fd1c57c80>,2,26,[ 1 13],3,-1,29,-1,3
1,<environment.Job instance at 0x7f6fd1c576e0>,3,13,[ 1 13],4,-1,17,-1,4
1,<environment.Job instance at 0x7f6fd1c57690>,4,18,[12  5],5,-1,23,-1,5
1,<environment.Job instance at 0x7f6fd1c57140>,5,24,[ 5 12],6,-1,30,-1,6
1,<environment.Job instance at 0x7f6fd1c57370>,6,22,[ 3 14],7,-1,29,-1,7
1,<environment.Job instance at 0x7f6fd11ab0a0>,11,24,[4 5],12,-1,36,-1,12
1,<environment.Job instance at 0x7f6fd11abdc0>,13,12,[13  3],14,-1,26,-1,14
1,<environment.Job instance at 0x7f6fd11ab780>,16,14,[11  2],17,-1,31,-1,17
1,<environment.Job instance at 0x7f6fd2808690>,17,15,[ 3 14],18,-1,33,-1,18
1,<environment.Job instance at 0x7f6fd2808b40>,19,27,[13  4],20,-1,54,-1,27
1,<environment.Job instance at 0x7f6fd2808050>,22,15,[ 4 14],23,-1,49,-1,34
1,<environment.Job instance at 0x7f6fd2808320>,23,12,[ 1 14],24,-1,46,-1,34
1,<environment.Job instance at 0x7f6fd2808370>,24,20,[ 1 12],25,-1,54,-1,34
1,<environment.Job instance at 0x7f6fd11ab550>,14,25,[ 5 10],15,-1,66,-1,41
1,<environment.Job instance at 0x7f6fd2808550>,27,14,[ 4 12],28,-1,55,-1,41
1,<environment.Job instance at 0x7f6fd171ac80>,29,25,[ 1 14],30,-1,66,-1,41
1,<environment.Job instance at 0x7f6fd171a050>,30,14,[11  5],31,-1,55,-1,41
1,<environment.Job instance at 0x7f9279ab88c0>,0,13,[9 3],1,-1,15,-1,2
1,<environment.Job instance at 0x7f9279ab8aa0>,1,22,[11  3],2,-1,24,-1,2
1,<environment.Job instance at 0x7f9279ab8910>,2,22,[4 8],3,-1,25,-1,3
1,<environment.Job instance at 0x7f9270462820>,4,21,[1 6],5,-1,27,-1,6
1,<environment.Job instance at 0x7f92704626e0>,5,24,[1 5],6,-1,31,-1,7
1,<environment.Job instance at 0x7f9270468fa0>,1,22,[11  3],2,-1,24,-1,2
1,<environment.Job instance at 0x7f927046b230>,3,26,[11  4],4,-1,30,-1,4
1,<environment.Job instance at 0x7f927046b780>,8,22,[14  3],9,-1,31,-1,9
1,<environment.Job instance at 0x7f927046b730>,9,18,[ 2 13],10,-1,28,-1,10
1,<environment.Job instance at 0x7f927046b820>,10,18,[ 3 11],11,-1,29,-1,11
1,<environment.Job instance at 0x7f927046b6e0>,12,26,[ 1 12],13,-1,40,-1,14
1,<environment.Job instance at 0x7f927046b5a0>,13,18,[ 4 14],14,-1,32,-1,14
1,<environment.Job instance at 0x7f92704625f0>,5,24,[1 5],6,-1,38,-1,14
1,<environment.Job instance at 0x7f927046b370>,7,25,[6 2],8,-1,39,-1,14
1,<environment.Job instance at 0x7f927046bc30>,15,18,[ 2 14],16,-1,34,-1,16
1,<environment.Job instance at 0x7f927046bc80>,16,16,[ 3 11],17,-1,33,-1,17
1,<environment.Job instance at 0x7f927046bdc0>,18,25,[ 4 13],19,-1,44,-1,19
1,<environment.Job instance at 0x7f927046ba00>,19,14,[ 3 11],20,-1,34,-1,20
1,<environment.Job instance at 0x7f927046beb0>,20,27,[13  5],21,-1,48,-1,21
1,<environment.Job instance at 0x7f927046bf00>,21,26,[ 5 12],22,-1,48,-1,22
1,<environment.Job instance at 0x7f927046bb90>,22,13,[13  1],23,-1,36,-1,23
1,<environment.Job instance at 0x7f927046bcd0>,17,28,[ 5 10],18,-1,53,-1,25
1,<environment.Job instance at 0x7f927046bfa0>,24,13,[ 3 14],25,-1,38,-1,25
1,<environment.Job instance at 0x7f927046b8c0>,11,26,[4 8],12,-1,51,-1,25
1,<environment.Job instance at 0x7f927046f320>,25,23,[ 3 13],26,-1,49,-1,26
1,<environment.Job instance at 0x7f927046f460>,27,25,[5 7],28,-1,53,-1,28
1,<environment.Job instance at 0x7f927046f5f0>,28,25,[ 4 11],29,-1,54,-1,29
1,<environment.Job instance at 0x7f927046f500>,29,22,[ 5 13],30,-1,52,-1,30
1,<environment.Job instance at 0x7f927046f730>,31,20,[11  5],32,-1,52,-1,32
1,<environment.Job instance at 0x7f927046f7d0>,32,27,[11  3],33,-1,60,-1,33
1,<environment.Job instance at 0x7f927046f640>,30,27,[4 8],31,-1,70,-1,43
1,<environment.Job instance at 0x7f927046f960>,36,13,[ 3 14],37,-1,56,-1,43
1,<environment.Job instance at 0x7f927046f8c0>,37,28,[ 2 12],38,-1,71,-1,43
1,<environment.Job instance at 0x7f927046f410>,26,26,[1 8],27,-1,69,-1,43
1,<environment.Job instance at 0x7f927046faa0>,39,24,[5 6],40,-1,67,-1,43
1,<environment.Job instance at 0x7f927046f820>,34,24,[1 8],35,-1,67,-1,43
1,<environment.Job instance at 0x7f927046fbe0>,41,27,[14  1],42,-1,70,-1,43
1,<environment.Job instance at 0x7f927046ffa0>,43,13,[13  1],44,-1,57,-1,44
1,<environment.Job instance at 0x7f927046fdc0>,44,24,[ 1 13],45,-1,69,-1,45
1,<environment.Job instance at 0x7f927046f9b0>,46,17,[12  2],47,-1,66,-1,49
1,<environment.Job instance at 0x7f9270473050>,48,15,[14  1],49,-1,64,-1,49
1,<environment.Job instance at 0x7f9270473370>,49,16,[ 2 11],50,-1,66,-1,50
1,<environment.Job instance at 0x7f9270473460>,50,16,[12  2],51,-1,67,-1,51
1,<environment.Job instance at 0x7f9270473320>,54,13,[13  1],55,-1,72,-1,59
1,<environment.Job instance at 0x7f92704733c0>,55,20,[ 3 13],56,-1,79,-1,59
1,<environment.Job instance at 0x7f92704735a0>,52,27,[8 5],53,-1,86,-1,59
1,<environment.Job instance at 0x7f92704736e0>,57,27,[ 2 14],58,-1,86,-1,59
1,<environment.Job instance at 0x7f926ff5b500>,4,19,[3 8],5,-1,25,-1,6
1,<environment.Job instance at 0x7f926ff5b2d0>,6,21,[7 4],7,-1,28,-1,7
1,<environment.Job instance at 0x7f926ff5b730>,12,24,[9 2],13,-1,40,-1,16
1,<environment.Job instance at 0x7f926ff5b870>,14,27,[1 6],15,-1,43,-1,16
1,<environment.Job instance at 0x7f926ff5b230>,3,17,[ 4 12],4,-1,34,-1,17
1,<environment.Job instance at 0x7f92700613c0>,17,13,[8 5],18,-1,31,-1,18
1,<environment.Job instance at 0x7f926ff5b190>,10,21,[12  2],11,-1,40,-1,19
1,<environment.Job instance at 0x7f927011c550>,16,19,[4 8],17,-1,38,-1,19
1,<environment.Job instance at 0x7f926ff25aa0>,21,15,[5 9],22,-1,37,-1,22
1,<environment.Job instance at 0x7f927002bd20>,19,13,[9 4],20,-1,37,-1,24
1,<environment.Job instance at 0x7f92704735f0>,0,23,[ 1 11],1,-1,24,-1,1
1,<environment.Job instance at 0x7f92704734b0>,1,21,[ 5 13],2,-1,23,-1,2
1,<environment.Job instance at 0x7f9270473500>,3,17,[ 4 12],4,-1,21,-1,4
1,<environment.Job instance at 0x7f927046bfa0>,8,20,[ 3 12],9,-1,29,-1,9
1,<environment.Job instance at 0x7f927046be10>,9,13,[ 3 12],10,-1,23,-1,10
1,<environment.Job instance at 0x7f927046bd20>,10,21,[12  2],11,-1,32,-1,11
1,<environment.Job instance at 0x7f927046bb40>,11,28,[5 1],12,-1,49,-1,21
1,<environment.Job instance at 0x7f927046bc30>,15,14,[ 4 11],16,-1,38,-1,24
1,<environment.Job instance at 0x7f927046b550>,7,27,[ 1 10],8,-1,51,-1,24
1,<environment.Job instance at 0x7f927046b960>,14,27,[1 6],15,-1,51,-1,24
1,<environment.Job instance at 0x7f927046b5a0>,13,25,[3 8],14,-1,49,-1,24
1,<environment.Job instance at 0x7f927046bc80>,12,24,[9 2],13,-1,61,-1,37
1,<environment.Job instance at 0x7f927046b780>,23,20,[13  1],24,-1,57,-1,37
1,<environment.Job instance at 0x7f927046b4b0>,24,18,[ 3 14],25,-1,55,-1,37
1,<environment.Job instance at 0x7f927046b410>,25,25,[ 5 14],26,-1,62,-1,37
1,<environment.Job instance at 0x7f927046b320>,26,26,[12  1],27,-1,63,-1,37
1,<environment.Job instance at 0x7f9270468690>,28,21,[ 1 11],29,-1,58,-1,37
1,<environment.Job instance at 0x7f927046b3c0>,27,28,[ 3 10],28,-1,70,-1,42
1,<environment.Job instance at 0x7f927046fd20>,30,14,[ 2 13],31,-1,56,-1,42
1,<environment.Job instance at 0x7f927046ffa0>,33,16,[ 2 11],34,-1,65,-1,49
1,<environment.Job instance at 0x7f927046fc80>,34,25,[4 5],35,-1,74,-1,49
1,<environment.Job instance at 0x7f927046fb40>,36,28,[ 1 13],37,-1,77,-1,49
1,<environment.Job instance at 0x7f927046f960>,37,26,[ 1 11],38,-1,75,-1,49
1,<environment.Job instance at 0x7f927046f5a0>,39,26,[6 5],40,-1,83,-1,57
1,<environment.Job instance at 0x7f926fc03190>,3,14,[11  5],4,-1,19,-1,5
1,<environment.Job instance at 0x7f926fc004b0>,11,25,[6 1],12,-1,37,-1,12
1,<environment.Job instance at 0x7f926fc00410>,12,28,[6 2],13,-1,41,-1,13
1,<environment.Job instance at 0x7f926fc00550>,13,24,[6 4],14,-1,38,-1,14
1,<environment.Job instance at 0x7f926fc00a00>,16,26,[13  5],17,-1,43,-1,17
1,<environment.Job instance at 0x7f926fc032d0>,4,19,[ 3 12],5,-1,37,-1,18
1,<environment.Job instance at 0x7f926fc00dc0>,14,16,[4 7],15,-1,40,-1,24
1,<environment.Job instance at 0x7f926fc03370>,5,18,[13  4],6,-1,42,-1,24
1,<environment.Job instance at 0x7f926fbf5c30>,0,19,[13  1],1,-1,20,-1,1
1,<environment.Job instance at 0x7f926fbf5a50>,2,22,[14  4],3,-1,25,-1,3
1,<environment.Job instance at 0x7f926fbf5730>,3,14,[11  5],4,-1,18,-1,4
1,<environment.Job instance at 0x7f926fbf56e0>,4,19,[ 3 12],5,-1,24,-1,5
1,<environment.Job instance at 0x7f926fbf5640>,5,18,[13  4],6,-1,24,-1,6
1,<environment.Job instance at 0x7f926fbf5af0>,6,26,[13  4],7,-1,33,-1,7
1,<environment.Job instance at 0x7f926fbf2870>,11,25,[6 1],12,-1,40,-1,15
1,<environment.Job instance at 0x7f926fbf20f0>,13,24,[6 4],14,-1,39,-1,15
1,<environment.Job instance at 0x7f926fbf2190>,12,28,[6 2],13,-1,43,-1,15
1,<environment.Job instance at 0x7f926fbf23c0>,15,25,[ 3 12],16,-1,41,-1,16
1,<environment.Job instance at 0x7f926fbf2140>,16,26,[13  5],17,-1,43,-1,17
1,<environment.Job instance at 0x7f926fbf2af0>,18,13,[14  1],19,-1,32,-1,19
1,<environment.Job instance at 0x7f926fbf2b90>,17,28,[1 9],18,-1,59,-1,31
1,<environment.Job instance at 0x7f926fbf2730>,21,25,[ 3 14],22,-1,56,-1,31
1,<environment.Job instance at 0x7f926fbf2410>,22,13,[12  5],23,-1,44,-1,31
1,<environment.Job instance at 0x7f926fbe9a50>,24,17,[14  2],25,-1,48,-1,31
1,<environment.Job instance at 0x7f926fbe9f50>,25,27,[4 8],26,-1,58,-1,31
1,<environment.Job instance at 0x7f926fbe9910>,26,27,[ 2 12],27,-1,58,-1,31
1,<environment.Job instance at 0x7f926fbe9eb0>,27,16,[ 1 14],28,-1,47,-1,31
1,<environment.Job instance at 0x7f926fbe9230>,28,20,[ 3 14],29,-1,51,-1,31
1,<environment.Job instance at 0x7f926fbf2640>,19,28,[ 2 10],20,-1,59,-1,31
1,<environment.Job instance at 0x7f926fbe9870>,31,25,[ 1 11],32,-1,57,-1,32
1,<environment.Job instance at 0x7f926fbe97d0>,32,14,[14  4],33,-1,47,-1,33
1,<environment.Job instance at 0x7f926fbe9780>,34,23,[13  2],35,-1,62,-1,39
1,<environment.Job instance at 0x7f926fbe9e60>,35,20,[12  4],36,-1,59,-1,39
1,<environment.Job instance at 0x7f926fbec2d0>,38,25,[13  3],39,-1,69,-1,44
1,<environment.Job instance at 0x7f926fbec7d0>,40,26,[5 5],41,-1,83,-1,57
1,<environment.Job instance at 0x7f926fbecfa0>,41,24,[4 7],42,-1,81,-1,57
1,<environment.Job instance at 0x7f926fa4a050>,5,27,[5 9],6,-1,33,-1,6
1,<environment.Job instance at 0x7f926fa4a3c0>,11,28,[2 8],12,-1,48,-1,20
1,<environment.Job instance at 0x7f926fa4a550>,13,21,[12  2],14,-1,43,-1,22
1,<environment.Job instance at 0x7f926fa4a5f0>,14,21,[ 5 11],15,-1,43,-1,22
1,<environment.Job instance at 0x7f926fa4a0a0>,7,21,[11  4],8,-1,43,-1,22
1,<environment.Job instance at 0x7f926fa4a460>,12,12,[1 7],13,-1,34,-1,22
1,<environment.Job instance at 0x7f926fa4a8c0>,17,27,[14  3],18,-1,51,-1,24
1,<environment.Job instance at 0x7f926fa4a690>,15,26,[ 5 10],16,-1,52,-1,26
1,<environment.Job instance at 0x7f926fa4a870>,18,12,[10  5],19,-1,41,-1,29
1,<environment.Job instance at 0x7f926fa4a280>,9,16,[12  3],10,-1,46,-1,30
1,<environment.Job instance at 0x7f926fa4a960>,19,14,[ 1 12],20,-1,45,-1,31
1,<environment.Job instance at 0x7f926fa4aa50>,20,14,[2 7],21,-1,48,-1,34
1,<environment.Job instance at 0x7f926fa4ab90>,22,25,[11  2],23,-1,59,-1,34
1,<environment.Job instance at 0x7f926fa4a730>,16,27,[12  4],17,-1,61,-1,34
1,<environment.Job instance at 0x7f926fa4acd0>,24,28,[8 4],25,-1,62,-1,34
1,<environment.Job instance at 0x7f926fa4aaf0>,25,16,[2 8],26,-1,50,-1,34
1,<environment.Job instance at 0x7f926fa4ae10>,26,20,[12  1],27,-1,54,-1,34
1,<environment.Job instance at 0x7f926fa4ad70>,27,13,[ 4 12],28,-1,47,-1,34
1,<environment.Job instance at 0x7f926fa4a1e0>,6,27,[2 9],7,-1,61,-1,34
1,<environment.Job instance at 0x7f926fa4aeb0>,28,18,[12  2],29,-1,52,-1,34
1,<environment.Job instance at 0x7f926fa4c0f0>,30,25,[7 2],31,-1,59,-1,34
1,<environment.Job instance at 0x7f926fa4c190>,31,26,[ 5 11],32,-1,60,-1,34
1,<environment.Job instance at 0x7f926fa4ac30>,23,14,[12  2],24,-1,48,-1,34
1,<environment.Job instance at 0x7f926fa4c230>,33,16,[11  1],34,-1,50,-1,34
1,<environment.Job instance at 0x7f926fa4c050>,29,15,[12  3],30,-1,54,-1,39
1,<environment.Job instance at 0x7f926fa4a910>,21,14,[13  5],22,-1,53,-1,39
1,<environment.Job instance at 0x7f926fa4c410>,35,19,[12  5],36,-1,58,-1,39
1,<environment.Job instance at 0x7f926fa4af50>,32,13,[9 4],33,-1,52,-1,39
1,<environment.Job instance at 0x7f926fa4c550>,38,25,[6 2],39,-1,64,-1,39
1,<environment.Job instance at 0x7f926fa4c690>,39,18,[12  4],40,-1,61,-1,43
1,<environment.Job instance at 0x7f926fa4c9b0>,43,14,[10  1],44,-1,58,-1,44
1,<environment.Job instance at 0x7f926fa4c870>,41,26,[11  5],42,-1,70,-1,44
1,<environment.Job instance at 0x7f926fa4caa0>,44,16,[11  2],45,-1,66,-1,50
1,<environment.Job instance at 0x7f926fa4a320>,10,17,[12  2],11,-1,67,-1,50
1,<environment.Job instance at 0x7f926fa4c8c0>,45,15,[13  5],46,-1,65,-1,50
1,<environment.Job instance at 0x7f926fa4c960>,42,16,[3 8],43,-1,66,-1,50
1,<environment.Job instance at 0x7f926fa4c4b0>,37,14,[ 1 10],38,-1,68,-1,54
1,<environment.Job instance at 0x7f926fa4cc30>,48,27,[14  3],49,-1,81,-1,54
1,<environment.Job instance at 0x7f926fa4cf50>,51,26,[8 3],52,-1,82,-1,56
1,<environment.Job instance at 0x7f926fa4cf00>,52,23,[12  1],53,-1,82,-1,59
1,<environment.Job instance at 0x7f926fa4ce10>,50,26,[ 4 10],51,-1,85,-1,59
1,<environment.Job instance at 0x7f926fa4f1e0>,57,16,[2 8],58,-1,75,-1,59
1,<environment.Job instance at 0x7f926fdd7eb0>,2,20,[13  3],3,-1,23,-1,3
1,<environment.Job instance at 0x7f926fbecf00>,3,21,[ 4 12],4,-1,25,-1,4
1,<environment.Job instance at 0x7f926fbec690>,7,21,[11  4],8,-1,29,-1,8
1,<environment.Job instance at 0x7f926fbecb40>,8,12,[14  5],9,-1,21,-1,9
1,<environment.Job instance at 0x7f926fbec780>,9,16,[12  3],10,-1,26,-1,10
1,<environment.Job instance at 0x7f926fbec8c0>,10,17,[12  2],11,-1,28,-1,11
1,<environment.Job instance at 0x7f926fbec7d0>,13,21,[12  2],14,-1,35,-1,14
1,<environment.Job instance at 0x7f926fbec500>,14,21,[ 5 11],15,-1,36,-1,15
1,<environment.Job instance at 0x7f926fbec280>,15,26,[ 5 10],16,-1,42,-1,16
1,<environment.Job instance at 0x7f926fdd7550>,5,27,[5 9],6,-1,43,-1,16
1,<environment.Job instance at 0x7f926fbec460>,6,27,[2 9],7,-1,43,-1,16
1,<environment.Job instance at 0x7f926fbec5f0>,11,28,[2 8],12,-1,44,-1,16
1,<environment.Job instance at 0x7f926fbe9cd0>,16,27,[12  4],17,-1,44,-1,17
1,<environment.Job instance at 0x7f926fbe9820>,17,27,[14  3],18,-1,45,-1,18
1,<environment.Job instance at 0x7f926fbeceb0>,19,14,[ 1 12],20,-1,34,-1,20
1,<environment.Job instance at 0x7f926fbe9500>,21,14,[13  5],22,-1,36,-1,22
1,<environment.Job instance at 0x7f926fbe9230>,22,25,[11  2],23,-1,48,-1,23
1,<environment.Job instance at 0x7f926fbe9eb0>,23,14,[12  2],24,-1,38,-1,24
1,<environment.Job instance at 0x7f926fbe9910>,24,28,[8 4],25,-1,53,-1,25
1,<environment.Job instance at 0x7f926fbe9730>,26,20,[12  1],27,-1,47,-1,27
1,<environment.Job instance at 0x7f926fbe9140>,27,13,[ 4 12],28,-1,41,-1,28
1,<environment.Job instance at 0x7f926fbe9a50>,28,18,[12  2],29,-1,47,-1,29
1,<environment.Job instance at 0x7f926fbe9460>,29,15,[12  3],30,-1,45,-1,30
1,<environment.Job instance at 0x7f926fbe9a00>,31,26,[ 5 11],32,-1,58,-1,32
1,<environment.Job instance at 0x7f926fbf2f50>,33,16,[11  1],34,-1,50,-1,34
1,<environment.Job instance at 0x7f926fbf2af0>,35,19,[12  5],36,-1,55,-1,36
1,<environment.Job instance at 0x7f926fbf2780>,36,17,[11  3],37,-1,54,-1,37
1,<environment.Job instance at 0x7f926fbf2be0>,30,25,[7 2],31,-1,65,-1,40
1,<environment.Job instance at 0x7f926fbf22d0>,38,25,[6 2],39,-1,65,-1,40
1,<environment.Job instance at 0x7f926fbf2f00>,39,18,[12  4],40,-1,58,-1,40
1,<environment.Job instance at 0x7f926fbf20a0>,41,26,[11  5],42,-1,68,-1,42
1,<environment.Job instance at 0x7f926fbf5b40>,44,16,[11  2],45,-1,69,-1,53
1,<environment.Job instance at 0x7f926fbf58c0>,45,15,[13  5],46,-1,68,-1,53
1,<environment.Job instance at 0x7f926fdd7c30>,7,22,[14  1],8,-1,46,-1,24
1,<environment.Job instance at 0x7f92705cd690>,10,26,[8 4],11,-1,50,-1,24
1,<environment.Job instance at 0x7f92705cda00>,15,19,[9 4],16,-1,43,-1,24
1,<environment.Job instance at 0x7f926fa4c820>,0,20,[13  5],1,-1,21,-1,1
1,<environment.Job instance at 0x7f926fbf2cd0>,1,24,[14  3],2,-1,26,-1,2
1,<environment.Job instance at 0x7f926fbf20a0>,2,23,[13  5],3,-1,26,-1,3
1,<environment.Job instance at 0x7f926fbf2960>,3,21,[12  3],4,-1,25,-1,4
1,<environment.Job instance at 0x7f926fbf22d0>,5,28,[ 4 11],6,-1,34,-1,6
1,<environment.Job instance at 0x7f926fbf20f0>,6,18,[ 4 12],7,-1,25,-1,7
1,<environment.Job instance at 0x7f926fbf2230>,7,22,[14  1],8,-1,30,-1,8
1,<environment.Job instance at 0x7f926fbf23c0>,8,25,[7 3],9,-1,34,-1,9
1,<environment.Job instance at 0x7f926fbf2140>,9,27,[ 4 13],10,-1,37,-1,10
1,<environment.Job instance at 0x7f926fbf2410>,10,26,[8 4],11,-1,37,-1,11
1,<environment.Job instance at 0x7f926fbf2640>,11,12,[11  1],12,-1,24,-1,12
1,<environment.Job instance at 0x7f926fa4c7d0>,13,16,[14  1],14,-1,30,-1,14
1,<environment.Job instance at 0x7f926fbe95a0>,16,19,[13  1],17,-1,36,-1,17
1,<environment.Job instance at 0x7f926fbe96e0>,17,15,[12  2],18,-1,33,-1,18
1,<environment.Job instance at 0x7f926fbe9550>,18,20,[11  2],19,-1,39,-1,19
1,<environment.Job instance at 0x7f926fbe9870>,19,25,[ 2 13],20,-1,45,-1,20
1,<environment.Job instance at 0x7f926fbe9a50>,14,27,[ 1 10],15,-1,48,-1,21
1,<environment.Job instance at 0x7f926fbe9500>,22,24,[ 3 13],23,-1,47,-1,23
1,<environment.Job instance at 0x7f926fbe95f0>,23,15,[ 2 13],24,-1,39,-1,24
1,<environment.Job instance at 0x7f926fbe9410>,24,13,[ 5 14],25,-1,38,-1,25
1,<environment.Job instance at 0x7f926fbe90f0>,25,20,[11  2],26,-1,46,-1,26
1,<environment.Job instance at 0x7f926fdd7cd0>,27,21,[ 4 14],28,-1,49,-1,28
1,<environment.Job instance at 0x7f926fbe9cd0>,29,15,[14  4],30,-1,45,-1,30
1,<environment.Job instance at 0x7f92702a6370>,31,23,[13  1],32,-1,55,-1,32
1,<environment.Job instance at 0x7f9270b169b0>,33,26,[ 1 11],34,-1,61,-1,35
1,<environment.Job instance at 0x7f9270b166e0>,34,14,[ 3 13],35,-1,49,-1,35
1,<environment.Job instance at 0x7f92705cd820>,37,27,[10  3],38,-1,82,-1,55
1,<environment.Job instance at 0x7f9270202b40>,38,16,[12  5],39,-1,71,-1,55
1,<environment.Job instance at 0x7f92702025a0>,39,14,[14  5],40,-1,69,-1,55
1,<environment.Job instance at 0x7f9270202be0>,40,13,[ 5 13],41,-1,68,-1,55
1,<environment.Job instance at 0x7f9270202050>,42,26,[13  2],43,-1,81,-1,55
1,<environment.Job instance at 0x7f92702024b0>,44,15,[ 1 12],45,-1,70,-1,55
1,<environment.Job instance at 0x7f9270202820>,45,14,[ 1 12],46,-1,69,-1,55
1,<environment.Job instance at 0x7f926ff7e280>,0,25,[6 3],1,-1,26,-1,1
1,<environment.Job instance at 0x7f926f6f6aa0>,2,17,[9 4],3,-1,21,-1,4
1,<environment.Job instance at 0x7f927011d5f0>,3,13,[12  4],4,-1,17,-1,4
1,<environment.Job instance at 0x7f926f6f6050>,7,22,[3 9],8,-1,31,-1,9
1,<environment.Job instance at 0x7f926f6f6730>,10,22,[5 9],11,-1,33,-1,11
1,<environment.Job instance at 0x7f9270d4b870>,12,16,[11  1],13,-1,31,-1,15
1,<environment.Job instance at 0x7f9270225730>,20,19,[12  5],21,-1,72,-1,53
1,<environment.Job instance at 0x7f92702250a0>,19,20,[12  3],20,-1,73,-1,53
1,<environment.Job instance at 0x7f92702f2c30>,15,20,[ 5 13],16,-1,73,-1,53
1,<environment.Job instance at 0x7f9270225a00>,18,22,[ 2 12],19,-1,75,-1,53
1,<environment.Job instance at 0x7f9270582050>,22,18,[12  1],23,-1,72,-1,54
1,<environment.Job instance at 0x7f927091b460>,25,25,[8 5],26,-1,79,-1,54
1,<environment.Job instance at 0x7f927091baf0>,26,17,[ 1 12],27,-1,71,-1,54
1,<environment.Job instance at 0x7f927091b320>,27,21,[5 9],28,-1,75,-1,54
1,<environment.Job instance at 0x7f927091b280>,24,20,[6 1],25,-1,74,-1,54
1,<environment.Job instance at 0x7f926f8529b0>,28,18,[ 2 14],29,-1,73,-1,55
1,<environment.Job instance at 0x7f926f852190>,29,24,[11  1],30,-1,79,-1,55
1,<environment.Job instance at 0x7f926f7f4f50>,31,24,[12  5],32,-1,80,-1,56
1,<environment.Job instance at 0x7f926f8528c0>,30,25,[7 1],31,-1,81,-1,56
1,<environment.Job instance at 0x7f926f7f4be0>,32,23,[10  2],33,-1,79,-1,56
1,<environment.Job instance at 0x7f926f7f41e0>,36,23,[ 2 11],37,-1,79,-1,56
1,<environment.Job instance at 0x7f926f7f4230>,37,13,[ 4 12],38,-1,69,-1,56
1,<environment.Job instance at 0x7f926fbf2b90>,0,25,[6 3],1,-1,26,-1,1
1,<environment.Job instance at 0x7f926fbf2190>,1,20,[11  1],2,-1,22,-1,2
1,<environment.Job instance at 0x7f926fbf20f0>,3,13,[12  4],4,-1,17,-1,4
1,<environment.Job instance at 0x7f926fbf2280>,4,24,[5 5],5,-1,29,-1,5
1,<environment.Job instance at 0x7f926fbf2960>,5,13,[ 1 13],6,-1,19,-1,6
1,<environment.Job instance at 0x7f927091b050>,6,26,[ 1 13],7,-1,33,-1,7
1,<environment.Job instance at 0x7f926f71e690>,8,16,[11  1],9,-1,25,-1,9
1,<environment.Job instance at 0x7f926f6f5050>,9,14,[14  2],10,-1,24,-1,10
1,<environment.Job instance at 0x7f927100f9b0>,11,15,[ 2 11],12,-1,27,-1,12
1,<environment.Job instance at 0x7f926fbf2f50>,12,16,[11  1],13,-1,29,-1,13
1,<environment.Job instance at 0x7f9270896320>,14,18,[12  5],15,-1,33,-1,15
1,<environment.Job instance at 0x7f92708a4aa0>,15,20,[ 5 13],16,-1,36,-1,16
1,<environment.Job instance at 0x7f92708a4b90>,17,16,[11  2],18,-1,34,-1,18
1,<environment.Job instance at 0x7f9270665690>,18,22,[ 2 12],19,-1,41,-1,19
1,<environment.Job instance at 0x7f9270665550>,19,20,[12  3],20,-1,40,-1,20
1,<environment.Job instance at 0x7f927077ad20>,20,19,[12  5],21,-1,40,-1,21
1,<environment.Job instance at 0x7f9270673550>,22,18,[12  1],23,-1,41,-1,23
1,<environment.Job instance at 0x7f927100f820>,13,25,[2 8],14,-1,55,-1,30
1,<environment.Job instance at 0x7f9270f8cbe0>,26,17,[ 1 12],27,-1,47,-1,30
1,<environment.Job instance at 0x7f927077a8c0>,16,24,[2 7],17,-1,54,-1,30
1,<environment.Job instance at 0x7f92707165f0>,28,18,[ 2 14],29,-1,48,-1,30
1,<environment.Job instance at 0x7f9270c07320>,29,24,[11  1],30,-1,54,-1,30
1,<environment.Job instance at 0x7f92707cd870>,31,24,[12  5],32,-1,56,-1,32
1,<environment.Job instance at 0x7f926febe820>,33,15,[ 1 11],34,-1,58,-1,43
1,<environment.Job instance at 0x7f926ffd2690>,34,16,[ 5 12],35,-1,59,-1,43
1,<environment.Job instance at 0x7f926ffd2960>,35,27,[ 4 14],36,-1,70,-1,43
1,<environment.Job instance at 0x7f926fcbc780>,36,23,[ 2 11],37,-1,66,-1,43
1,<environment.Job instance at 0x7f926fcbcfa0>,37,13,[ 4 12],38,-1,56,-1,43
1,<environment.Job instance at 0x7f927011cb40>,38,15,[13  1],39,-1,58,-1,43
1,<environment.Job instance at 0x7f927011c5f0>,39,17,[13  3],40,-1,60,-1,43
1,<environment.Job instance at 0x7f927011c8c0>,41,22,[ 3 13],42,-1,65,-1,43
1,<environment.Job instance at 0x7f9270c07690>,30,25,[7 1],31,-1,68,-1,43
1,<environment.Job instance at 0x7f9270f8ceb0>,25,25,[8 5],26,-1,68,-1,43
1,<environment.Job instance at 0x7f926fa93f50>,43,19,[13  4],44,-1,63,-1,44
1,<environment.Job instance at 0x7f926fa93a00>,44,16,[ 2 12],45,-1,61,-1,45
1,<environment.Job instance at 0x7f926fa93730>,45,12,[ 4 14],46,-1,58,-1,46
1,<environment.Job instance at 0x7f926fa7cd70>,1,21,[4 8],2,-1,24,-1,3
1,<environment.Job instance at 0x7f9270b1ffa0>,4,18,[8 3],5,-1,23,-1,5
1,<environment.Job instance at 0x7f9270b1fb40>,5,14,[8 5],6,-1,20,-1,6
1,<environment.Job instance at 0x7f9270b1f5f0>,6,28,[6 1],7,-1,35,-1,7
1,<environment.Job instance at 0x7f9270b1f640>,7,16,[5 8],8,-1,24,-1,8
1,<environment.Job instance at 0x7f926ff9d640>,0,12,[ 3 14],1,-1,13,-1,1
1,<environment.Job instance at 0x7f926f6e75a0>,2,15,[ 4 12],3,-1,18,-1,3
1,<environment.Job instance at 0x7f926f7efeb0>,3,21,[ 3 14],4,-1,25,-1,4
1,<environment.Job instance at 0x7f926fa93140>,9,27,[ 4 12],10,-1,37,-1,10
1,<environment.Job instance at 0x7f926fa93f50>,10,25,[12  4],11,-1,36,-1,11
1,<environment.Job instance at 0x7f927011c870>,11,20,[ 3 14],12,-1,32,-1,12
1,<environment.Job instance at 0x7f927011c190>,12,13,[ 3 14],13,-1,26,-1,13
1,<environment.Job instance at 0x7f927011c050>,13,13,[11  5],14,-1,27,-1,14
1,<environment.Job instance at 0x7f926f6e7a50>,6,28,[6 1],7,-1,51,-1,23
1,<environment.Job instance at 0x7f927011cf00>,14,24,[8 4],15,-1,47,-1,23
1,<environment.Job instance at 0x7f927011c5f0>,16,20,[12  3],17,-1,43,-1,23
1,<environment.Job instance at 0x7f926fcbcfa0>,17,25,[13  2],18,-1,48,-1,23
1,<environment.Job instance at 0x7f926ffd2dc0>,19,25,[1 6],20,-1,48,-1,23
1,<environment.Job instance at 0x7f92707cd820>,20,17,[12  4],21,-1,40,-1,23
1,<environment.Job instance at 0x7f926ffd2960>,21,26,[1 9],22,-1,49,-1,23
1,<environment.Job instance at 0x7f926fbf95a0>,22,27,[14  4],23,-1,50,-1,23
1,<environment.Job instance at 0x7f9270c07690>,23,18,[14  2],24,-1,42,-1,24
1,<environment.Job instance at 0x7f9270c07320>,24,25,[13  3],25,-1,50,-1,25
1,<environment.Job instance at 0x7f926ffd9be0>,26,23,[12  4],27,-1,50,-1,27
1,<environment.Job instance at 0x7f926febe960>,27,25,[9 2],28,-1,53,-1,28
1,<environment.Job instance at 0x7f92707dcf00>,28,20,[11  2],29,-1,49,-1,29
1,<environment.Job instance at 0x7f9270ad8af0>,29,16,[14  4],30,-1,46,-1,30
1,<environment.Job instance at 0x7f9270654640>,30,23,[7 4],31,-1,59,-1,36
1,<environment.Job instance at 0x7f9270665690>,33,22,[ 1 12],34,-1,58,-1,36
1,<environment.Job instance at 0x7f927077a690>,35,26,[ 3 12],36,-1,62,-1,36
1,<environment.Job instance at 0x7f9270896870>,36,27,[ 2 14],37,-1,64,-1,37
1,<environment.Job instance at 0x7f92708a4140>,37,24,[13  5],38,-1,62,-1,38
1,<environment.Job instance at 0x7f926f71e690>,39,21,[13  4],40,-1,61,-1,40
1,<environment.Job instance at 0x7f9270be8eb0>,40,22,[ 5 12],41,-1,63,-1,41
1,<environment.Job instance at 0x7f927100fe60>,42,15,[14  2],43,-1,63,-1,48
1,<environment.Job instance at 0x7f927100feb0>,43,15,[ 1 13],44,-1,63,-1,48
1,<environment.Job instance at 0x7f926fbf2f50>,44,20,[12  2],45,-1,68,-1,48
1,<environment.Job instance at 0x7f926fbf2960>,46,17,[14  5],47,-1,67,-1,50
1,<environment.Job instance at 0x7f926fbf20a0>,47,24,[13  3],48,-1,74,-1,50
1,<environment.Job instance at 0x7f9270d67a00>,48,22,[12  3],49,-1,72,-1,50
1,<environment.Job instance at 0x7f92707b9cd0>,0,22,[ 4 14],1,-1,23,-1,1
1,<environment.Job instance at 0x7f926fbf2780>,1,20,[11  4],2,-1,22,-1,2
1,<environment.Job instance at 0x7f926fbf2af0>,2,23,[14  4],3,-1,26,-1,3
1,<environment.Job instance at 0x7f926fbf20a0>,3,19,[ 3 14],4,-1,23,-1,4
1,<environment.Job instance at 0x7f926fbf2960>,4,21,[14  2],5,-1,26,-1,5
1,<environment.Job instance at 0x7f926fbf2a00>,5,24,[14  2],6,-1,30,-1,6
1,<environment.Job instance at 0x7f926fbf2f50>,6,21,[ 5 11],7,-1,28,-1,7
1,<environment.Job instance at 0x7f926fd1bbe0>,7,20,[ 2 12],8,-1,28,-1,8
1,<environment.Job instance at 0x7f926fbf2280>,8,23,[ 4 11],9,-1,32,-1,9
1,<environment.Job instance at 0x7f9270896320>,9,16,[ 3 14],10,-1,26,-1,10
1,<environment.Job instance at 0x7f92708a4aa0>,10,23,[ 3 13],11,-1,34,-1,11
1,<environment.Job instance at 0x7f92708a4c80>,11,21,[14  4],12,-1,33,-1,12
1,<environment.Job instance at 0x7f92707cd870>,18,14,[ 1 14],19,-1,33,-1,19
1,<environment.Job instance at 0x7f9270665550>,13,24,[ 3 10],14,-1,52,-1,28
1,<environment.Job instance at 0x7f92707160f0>,19,25,[5 8],20,-1,53,-1,28
1,<environment.Job instance at 0x7f926fcbc410>,21,21,[ 3 11],22,-1,49,-1,28
1,<environment.Job instance at 0x7f926fcbca00>,22,14,[12  4],23,-1,42,-1,28
1,<environment.Job instance at 0x7f927011cb40>,24,26,[ 3 12],25,-1,54,-1,28
1,<environment.Job instance at 0x7f927011c8c0>,25,12,[11  4],26,-1,40,-1,28
1,<environment.Job instance at 0x7f92707165f0>,20,27,[7 4],21,-1,62,-1,35
1,<environment.Job instance at 0x7f926fa93fa0>,28,12,[11  3],29,-1,47,-1,35
1,<environment.Job instance at 0x7f927011c050>,29,16,[ 3 12],30,-1,51,-1,35
1,<environment.Job instance at 0x7f926fa93960>,31,15,[14  5],32,-1,57,-1,42
1,<environment.Job instance at 0x7f926fa93370>,32,13,[14  1],33,-1,55,-1,42
1,<environment.Job instance at 0x7f926fa932d0>,33,24,[8 2],34,-1,71,-1,47
1,<environment.Job instance at 0x7f926f7ef910>,34,21,[ 2 12],35,-1,68,-1,47
1,<environment.Job instance at 0x7f926f7ef4b0>,35,23,[ 2 12],36,-1,70,-1,47
1,<environment.Job instance at 0x7f926fc3ddc0>,37,26,[ 5 11],38,-1,73,-1,47
1,<environment.Job instance at 0x7f926f851cd0>,2,16,[10  3],3,-1,20,-1,4
1,<environment.Job instance at 0x7f926f7cf730>,3,24,[11  3],4,-1,28,-1,4
1,<environment.Job instance at 0x7f926f851690>,6,14,[10  3],7,-1,22,-1,8
1,<environment.Job instance at 0x7f926f851d20>,8,19,[1 5],9,-1,28,-1,9
1,<environment.Job instance at 0x7f926f851e10>,9,18,[2 9],10,-1,28,-1,10
1,<environment.Job instance at 0x7f926f851320>,7,23,[13  3],8,-1,33,-1,10
1,<environment.Job instance at 0x7f926f851280>,10,18,[10  4],11,-1,30,-1,12
1,<environment.Job instance at 0x7f926f8d4140>,15,25,[14  1],16,-1,47,-1,22
1,<environment.Job instance at 0x7f926f8d4a00>,20,15,[5 1],21,-1,39,-1,24
1,<environment.Job instance at 0x7f926f8d4460>,22,12,[12  4],23,-1,37,-1,25
1,<environment.Job instance at 0x7f926f851fa0>,4,18,[13  3],5,-1,43,-1,25
1,<environment.Job instance at 0x7f926f8511e0>,16,27,[5 5],17,-1,52,-1,25
1,<environment.Job instance at 0x7f926f8d4f50>,25,25,[9 2],26,-1,51,-1,26
1,<environment.Job instance at 0x7f926f8d4f00>,23,21,[ 2 11],24,-1,47,-1,26
1,<environment.Job instance at 0x7f926f8d4fa0>,0,20,[13  5],1,-1,21,-1,1
1,<environment.Job instance at 0x7f926f7cf690>,1,27,[1 8],2,-1,29,-1,2
1,<environment.Job instance at 0x7f926f7cff50>,3,24,[11  3],4,-1,28,-1,4
1,<environment.Job instance at 0x7f926fedcd20>,4,18,[13  3],5,-1,23,-1,5
1,<environment.Job instance at 0x7f926fedcaa0>,7,23,[13  3],8,-1,31,-1,8
1,<environment.Job instance at 0x7f926fedc5f0>,12,24,[13  3],13,-1,43,-1,19
1,<environment.Job instance at 0x7f926fedc730>,14,25,[12  2],15,-1,44,-1,19
1,<environment.Job instance at 0x7f9270f190f0>,15,25,[14  1],16,-1,44,-1,19
1,<environment.Job instance at 0x7f9270f19f50>,16,27,[5 5],17,-1,59,-1,32
1,<environment.Job instance at 0x7f9270f19370>,18,23,[14  2],19,-1,55,-1,32
1,<environment.Job instance at 0x7f9270f19780>,22,12,[12  4],23,-1,58,-1,46
1,<environment.Job instance at 0x7f9270f19320>,23,21,[ 2 11],24,-1,67,-1,46
1,<environment.Job instance at 0x7f9270f192d0>,24,23,[14  3],25,-1,69,-1,46
1,<environment.Job instance at 0x7f9270f19500>,25,25,[9 2],26,-1,71,-1,46
1,<environment.Job instance at 0x7f9270f195f0>,27,19,[11  1],28,-1,65,-1,46
1,<environment.Job instance at 0x7f92709e72d0>,5,25,[7 1],6,-1,32,-1,7
1,<environment.Job instance at 0x7f92709e7b40>,9,17,[5 9],10,-1,30,-1,13
1,<environment.Job instance at 0x7f92709e75a0>,10,17,[12  4],11,-1,49,-1,32
1,<environment.Job instance at 0x7f92709e7eb0>,15,25,[7 3],16,-1,61,-1,36
1,<environment.Job instance at 0x7f9270ddb3c0>,6,17,[10  3],7,-1,53,-1,36
1,<environment.Job instance at 0x7f92709e7870>,19,17,[ 1 11],20,-1,53,-1,36
1,<environment.Job instance at 0x7f92709e7410>,20,20,[2 9],21,-1,56,-1,36
1,<environment.Job instance at 0x7f92709e7e10>,21,17,[ 2 13],22,-1,53,-1,36
1,<environment.Job instance at 0x7f92709e70a0>,16,18,[11  5],17,-1,54,-1,36
1,<environment.Job instance at 0x7f92709e77d0>,22,27,[12  4],23,-1,63,-1,36
1,<environment.Job instance at 0x7f92709e7a50>,18,27,[1 5],19,-1,63,-1,36
1,<environment.Job instance at 0x7f92703a56e0>,24,12,[ 1 12],25,-1,48,-1,36
1,<environment.Job instance at 0x7f92703a5d20>,25,18,[1 7],26,-1,54,-1,36
1,<environment.Job instance at 0x7f9270f19c30>,0,16,[11  2],1,-1,17,-1,1
1,<environment.Job instance at 0x7f9270f192d0>,2,22,[ 5 13],3,-1,25,-1,3
1,<environment.Job instance at 0x7f9270f190a0>,8,20,[ 3 13],9,-1,29,-1,9
1,<environment.Job instance at 0x7f9270f19690>,4,28,[2 9],5,-1,45,-1,17
1,<environment.Job instance at 0x7f9270f19fa0>,10,17,[12  4],11,-1,34,-1,17
1,<environment.Job instance at 0x7f926fedcfa0>,11,26,[ 4 10],12,-1,43,-1,17
1,<environment.Job instance at 0x7f926fedc5f0>,12,20,[ 4 11],13,-1,37,-1,17
1,<environment.Job instance at 0x7f926fedcb90>,13,14,[ 5 12],14,-1,31,-1,17
1,<environment.Job instance at 0x7f926fedc910>,14,24,[ 5 11],15,-1,41,-1,17
1,<environment.Job instance at 0x7f926fedc370>,15,25,[7 3],16,-1,42,-1,17
1,<environment.Job instance at 0x7f926fedc820>,16,18,[11  5],17,-1,35,-1,17
1,<environment.Job instance at 0x7f9270f19190>,5,25,[7 1],6,-1,42,-1,17
1,<environment.Job instance at 0x7f9270f19780>,7,27,[ 5 10],8,-1,44,-1,17
1,<environment.Job instance at 0x7f92709e7230>,17,12,[ 3 14],18,-1,30,-1,18
1,<environment.Job instance at 0x7f92705430f0>,19,17,[ 1 11],20,-1,37,-1,20
1,<environment.Job instance at 0x7f92703a53c0>,18,27,[1 5],19,-1,49,-1,22
1,<environment.Job instance at 0x7f926fedcd20>,21,17,[ 2 13],22,-1,39,-1,22
1,<environment.Job instance at 0x7f9270e1a910>,22,27,[12  4],23,-1,50,-1,23
1,<environment.Job instance at 0x7f9270e1a870>,24,12,[ 1 12],25,-1,37,-1,25
1,<environment.Job instance at 0x7f927078b910>,26,12,[ 5 12],27,-1,39,-1,27
1,<environment.Job instance at 0x7f927078b370>,27,14,[14  1],28,-1,42,-1,28
1,<environment.Job instance at 0x7f927078bcd0>,29,14,[12  4],30,-1,44,-1,30
1,<environment.Job instance at 0x7f926f9a2dc0>,30,18,[11  5],31,-1,49,-1,31
1,<environment.Job instance at 0x7f926f9a2f00>,32,12,[14  4],33,-1,46,-1,34
1,<environment.Job instance at 0x7f926f9a21e0>,34,25,[13  4],35,-1,60,-1,35
1,<environment.Job instance at 0x7f926f9a2af0>,36,13,[12  2],37,-1,50,-1,37
1,<environment.Job instance at 0x7f926f9a2820>,37,22,[13  4],38,-1,60,-1,38
1,<environment.Job instance at 0x7f926f9a20f0>,38,14,[11  2],39,-1,53,-1,39
1,<environment.Job instance at 0x7f926f9a26e0>,39,24,[ 2 14],40,-1,64,-1,40
1,<environment.Job instance at 0x7f926f9a2730>,41,13,[ 1 14],42,-1,55,-1,42
1,<environment.Job instance at 0x7f926f9a2c80>,43,23,[12  2],44,-1,71,-1,48
1,<environment.Job instance at 0x7f926f9a20a0>,44,18,[ 4 12],45,-1,66,-1,48
1,<environment.Job instance at 0x7f926f9a2410>,40,28,[2 7],41,-1,82,-1,54
1,<environment.Job instance at 0x7f926f9a2780>,45,25,[6 5],46,-1,79,-1,54
1,<environment.Job instance at 0x7f926f9a28c0>,47,27,[5 9],48,-1,81,-1,54
1,<environment.Job instance at 0x7f926f9a2c30>,48,27,[2 6],49,-1,81,-1,54
1,<environment.Job instance at 0x7f926f9a2690>,49,17,[ 4 14],50,-1,71,-1,54
1,<environment.Job instance at 0x7f926f9a2b90>,50,15,[ 2 14],51,-1,69,-1,54
1,<environment.Job instance at 0x7f926f9a2f50>,51,17,[ 5 13],52,-1,71,-1,54
1,<environment.Job instance at 0x7f926f9a2a50>,52,23,[12  3],53,-1,77,-1,54
1,<environment.Job instance at 0x7f9270e92a00>,53,20,[14  1],54,-1,74,-1,54
1,<environment.Job instance at 0x7f926f73c0f0>,2,19,[1 7],3,-1,22,-1,3
1,<environment.Job instance at 0x7f926f73c320>,5,18,[ 5 11],6,-1,25,-1,7
1,<environment.Job instance at 0x7f9270f19550>,6,27,[11  5],7,-1,34,-1,7
1,<environment.Job instance at 0x7f926f73ca50>,16,23,[11  3],17,-1,75,-1,52
1,<environment.Job instance at 0x7f926f73cbe0>,19,17,[5 5],20,-1,69,-1,52
1,<environment.Job instance at 0x7f926f9a2370>,0,18,[14  3],1,-1,19,-1,1
1,<environment.Job instance at 0x7f926f9a2c30>,3,18,[14  3],4,-1,22,-1,4
1,<environment.Job instance at 0x7f926f9a29b0>,4,23,[ 2 11],5,-1,28,-1,5
1,<environment.Job instance at 0x7f926f9a2690>,5,18,[ 5 11],6,-1,24,-1,6
1,<environment.Job instance at 0x7f926f9a2be0>,6,27,[11  5],7,-1,34,-1,7
1,<environment.Job instance at 0x7f926f9a27d0>,7,17,[12  5],8,-1,25,-1,8
1,<environment.Job instance at 0x7f926f9a22d0>,9,21,[11  1],10,-1,31,-1,10
1,<environment.Job instance at 0x7f926f9a2460>,10,14,[12  4],11,-1,25,-1,11
1,<environment.Job instance at 0x7f926f9a24b0>,13,26,[1 6],14,-1,40,-1,14
1,<environment.Job instance at 0x7f926f9a2820>,15,19,[11  4],16,-1,35,-1,16
1,<environment.Job instance at 0x7f926f9a2d70>,16,23,[11  3],17,-1,40,-1,17
1,<environment.Job instance at 0x7f926f9a25a0>,18,12,[11  4],19,-1,31,-1,19
1,<environment.Job instance at 0x7f926f9a2730>,11,26,[5 4],12,-1,46,-1,20
1,<environment.Job instance at 0x7f926f9a2f00>,20,14,[ 3 13],21,-1,35,-1,21
1,<environment.Job instance at 0x7f926f9a2140>,22,28,[5 5],23,-1,54,-1,26
1,<environment.Job instance at 0x7f927078bcd0>,24,20,[13  1],25,-1,46,-1,26
1,<environment.Job instance at 0x7f927078bf50>,25,21,[ 3 12],26,-1,47,-1,26
1,<environment.Job instance at 0x7f927078b460>,26,25,[12  3],27,-1,52,-1,27
1,<environment.Job instance at 0x7f92705430f0>,28,20,[12  2],29,-1,49,-1,29
1,<environment.Job instance at 0x7f92709e7230>,31,16,[14  3],32,-1,57,-1,41
1,<environment.Job instance at 0x7f92709e7500>,32,20,[11  1],33,-1,61,-1,41
1,<environment.Job instance at 0x7f926fedcf00>,34,27,[7 2],35,-1,82,-1,55
1,<environment.Job instance at 0x7f926fedc370>,36,20,[ 4 13],37,-1,75,-1,55
1,<environment.Job instance at 0x7f926fedc910>,37,21,[12  5],38,-1,76,-1,55
1,<environment.Job instance at 0x7f9270dc51e0>,0,17,[4 7],1,-1,18,-1,1
1,<environment.Job instance at 0x7f9270dc5f50>,1,17,[4 5],2,-1,19,-1,2
1,<environment.Job instance at 0x7f9270dc5a00>,3,15,[4 9],4,-1,19,-1,4
1,<environment.Job instance at 0x7f9270dc5780>,7,25,[2 6],8,-1,33,-1,8
1,<environment.Job instance at 0x7f9270c1e4b0>,11,15,[3 9],12,-1,28,-1,13
1,<environment.Job instance at 0x7f926f9a21e0>,4,15,[13  2],5,-1,20,-1,5
1,<environment.Job instance at 0x7f926f9a26e0>,5,17,[12  3],6,-1,23,-1,6
1,<environment.Job instance at 0x7f926f9a2d20>,6,28,[ 4 12],7,-1,35,-1,7
1,<environment.Job instance at 0x7f926f9a2af0>,7,25,[2 6],8,-1,43,-1,18
1,<environment.Job instance at 0x7f926f9a2a00>,13,21,[11  5],14,-1,40,-1,19
1,<environment.Job instance at 0x7f926f9a27d0>,14,12,[13  2],15,-1,31,-1,19
1,<environment.Job instance at 0x7f926f9a2be0>,15,13,[ 5 13],16,-1,32,-1,19
1,<environment.Job instance at 0x7f926f9a25a0>,2,28,[9 1],3,-1,61,-1,33
1,<environment.Job instance at 0x7f926f9a29b0>,17,24,[12  2],18,-1,57,-1,33
1,<environment.Job instance at 0x7f926f9a2550>,19,23,[8 5],20,-1,56,-1,33
1,<environment.Job instance at 0x7f9270c1e410>,20,18,[11  4],21,-1,51,-1,33
1,<environment.Job instance at 0x7f926f9a25f0>,18,27,[5 9],19,-1,61,-1,34
1,<environment.Job instance at 0x7f9270dc56e0>,23,25,[4 6],24,-1,59,-1,34
1,<environment.Job instance at 0x7f9279649190>,25,24,[7 5],26,-1,58,-1,34
1,<environment.Job instance at 0x7f9279649050>,27,21,[14  1],28,-1,55,-1,34
1,<environment.Job instance at 0x7f92796495a0>,28,17,[ 1 13],29,-1,51,-1,34
1,<environment.Job instance at 0x7f9270ebff00>,29,16,[12  4],30,-1,50,-1,34
1,<environment.Job instance at 0x7f9270ebf0f0>,30,24,[ 4 11],31,-1,58,-1,34
1,<environment.Job instance at 0x7f9270ebfaf0>,35,12,[ 1 14],36,-1,64,-1,52
1,<environment.Job instance at 0x7f9270ebf5f0>,36,14,[13  4],37,-1,66,-1,52
1,<environment.Job instance at 0x7f92708bafa0>,1,23,[ 4 11],2,-1,25,-1,2
1,<environment.Job instance at 0x7f926f9b9aa0>,2,26,[ 3 14],3,-1,29,-1,3
1,<environment.Job instance at 0x7f926f9b9320>,3,12,[ 2 13],4,-1,16,-1,4
1,<environment.Job instance at 0x7f926f9b9e60>,4,19,[ 4 11],5,-1,24,-1,5
1,<environment.Job instance at 0x7f926f9b9050>,6,12,[11  1],7,-1,19,-1,7
1,<environment.Job instance at 0x7f926f9b9190>,8,25,[14  5],9,-1,34,-1,9
1,<environment.Job instance at 0x7f92707b9a50>,11,13,[12  5],12,-1,25,-1,12
1,<environment.Job instance at 0x7f92709d4c30>,13,16,[11  4],14,-1,30,-1,14
1,<environment.Job instance at 0x7f92709d4190>,15,27,[12  1],16,-1,43,-1,16
1,<environment.Job instance at 0x7f92709d40a0>,16,22,[11  5],17,-1,39,-1,17
1,<environment.Job instance at 0x7f92709d44b0>,18,22,[ 3 14],19,-1,41,-1,19
1,<environment.Job instance at 0x7f926f9b95a0>,9,27,[6 1],10,-1,48,-1,21
1,<environment.Job instance at 0x7f92709d47d0>,19,26,[2 7],20,-1,47,-1,21
1,<environment.Job instance at 0x7f92709d4aa0>,21,16,[14  1],22,-1,38,-1,22
1,<environment.Job instance at 0x7f92709d4c80>,22,23,[13  2],23,-1,46,-1,23
1,<environment.Job instance at 0x7f926fc03550>,24,21,[14  1],25,-1,46,-1,25
1,<environment.Job instance at 0x7f926fc03780>,25,18,[11  1],26,-1,44,-1,26
1,<environment.Job instance at 0x7f926fc032d0>,26,19,[ 3 12],27,-1,46,-1,27
1,<environment.Job instance at 0x7f926fc030f0>,28,18,[12  5],29,-1,47,-1,29
1,<environment.Job instance at 0x7f926fc03a00>,29,27,[13  3],30,-1,57,-1,30
1,<environment.Job instance at 0x7f926fc03050>,23,25,[4 5],24,-1,60,-1,35
1,<environment.Job instance at 0x7f926fc03410>,32,14,[14  1],33,-1,49,-1,35
1,<environment.Job instance at 0x7f926fc038c0>,33,16,[ 4 12],34,-1,51,-1,35
1,<environment.Job instance at 0x7f926fc03960>,34,17,[14  4],35,-1,52,-1,35
1,<environment.Job instance at 0x7f926fc03dc0>,31,27,[4 6],32,-1,62,-1,35
1,<environment.Job instance at 0x7f92709d4eb0>,20,23,[10  3],21,-1,60,-1,37
1,<environment.Job instance at 0x7f926fead230>,36,17,[ 5 14],37,-1,54,-1,37
1,<environment.Job instance at 0x7f926fead460>,37,25,[11  4],38,-1,63,-1,38
1,<environment.Job instance at 0x7f926fead410>,41,27,[ 1 11],42,-1,76,-1,49
1,<environment.Job instance at 0x7f926fead370>,43,26,[11  2],44,-1,75,-1,49
1,<environment.Job instance at 0x7f926feadf50>,47,27,[ 5 14],48,-1,82,-1,55
1,<environment.Job instance at 0x7f927083a730>,4,18,[2 8],5,-1,24,-1,6
1,<environment.Job instance at 0x7f926f9b9d20>,5,28,[ 5 11],6,-1,34,-1,6
1,<environment.Job instance at 0x7f927083a1e0>,6,19,[11  5],7,-1,30,-1,11
1,<environment.Job instance at 0x7f927083a870>,7,27,[ 2 14],8,-1,38,-1,11
1,<environment.Job instance at 0x7f926fa33410>,13,20,[11  5],14,-1,39,-1,19
1,<environment.Job instance at 0x7f927083afa0>,14,27,[12  3],15,-1,46,-1,19
1,<environment.Job instance at 0x7f927083a550>,3,27,[5 5],4,-1,46,-1,19
1,<environment.Job instance at 0x7f926fa330f0>,17,13,[12  3],18,-1,33,-1,20
1,<environment.Job instance at 0x7f926fa33be0>,19,20,[3 8],20,-1,43,-1,23
1,<environment.Job instance at 0x7f927083aaa0>,12,23,[ 3 12],13,-1,47,-1,24
1,<environment.Job instance at 0x7f926fa33910>,18,25,[1 5],19,-1,49,-1,24
1,<environment.Job instance at 0x7f926fa33820>,22,23,[10  4],23,-1,47,-1,24
1,<environment.Job instance at 0x7f926fa33c30>,24,17,[10  5],25,-1,42,-1,25
1,<environment.Job instance at 0x7f926fa33af0>,20,24,[11  5],21,-1,50,-1,26
1,<environment.Job instance at 0x7f926fa33870>,21,25,[2 7],22,-1,54,-1,29
1,<environment.Job instance at 0x7f926fa33fa0>,27,27,[ 5 13],28,-1,58,-1,31
1,<environment.Job instance at 0x7f926fa33e10>,25,17,[3 6],26,-1,48,-1,31
1,<environment.Job instance at 0x7f9270844370>,32,16,[ 2 13],33,-1,54,-1,38
1,<environment.Job instance at 0x7f926fa33eb0>,26,18,[14  2],27,-1,56,-1,38
1,<environment.Job instance at 0x7f926fa33f50>,28,16,[1 5],29,-1,54,-1,38
1,<environment.Job instance at 0x7f9270844410>,33,15,[3 8],34,-1,53,-1,38
1,<environment.Job instance at 0x7f92708445f0>,36,26,[11  5],37,-1,64,-1,38
1,<environment.Job instance at 0x7f92708440f0>,29,21,[12  3],30,-1,60,-1,39
1,<environment.Job instance at 0x7f9270844820>,38,13,[14  5],39,-1,53,-1,40
1,<environment.Job instance at 0x7f926fa33cd0>,23,21,[ 3 14],24,-1,61,-1,40
1,<environment.Job instance at 0x7f92708447d0>,39,18,[12  4],40,-1,60,-1,42
1,<environment.Job instance at 0x7f9270844910>,41,17,[9 2],42,-1,59,-1,42
1,<environment.Job instance at 0x7f926f714cd0>,0,14,[13  2],1,-1,15,-1,1
1,<environment.Job instance at 0x7f926fead1e0>,2,23,[ 1 14],3,-1,26,-1,3
1,<environment.Job instance at 0x7f926feada50>,3,27,[5 5],4,-1,31,-1,4
1,<environment.Job instance at 0x7f926fead910>,5,28,[ 5 11],6,-1,34,-1,6
1,<environment.Job instance at 0x7f926fead370>,6,19,[11  5],7,-1,26,-1,7
1,<environment.Job instance at 0x7f926fead500>,7,27,[ 2 14],8,-1,35,-1,8
1,<environment.Job instance at 0x7f926fead550>,12,23,[ 3 12],13,-1,36,-1,13
1,<environment.Job instance at 0x7f926fead4b0>,13,20,[11  5],14,-1,34,-1,14
1,<environment.Job instance at 0x7f926feadf00>,14,27,[12  3],15,-1,42,-1,15
1,<environment.Job instance at 0x7f926feada00>,16,26,[ 1 12],17,-1,43,-1,17
1,<environment.Job instance at 0x7f926fc03d70>,15,24,[6 1],16,-1,42,-1,18
1,<environment.Job instance at 0x7f926fc03960>,17,13,[12  3],18,-1,31,-1,18
1,<environment.Job instance at 0x7f926feadcd0>,8,23,[3 7],9,-1,46,-1,23
1,<environment.Job instance at 0x7f926fc037d0>,20,24,[11  5],21,-1,47,-1,23
1,<environment.Job instance at 0x7f926fc03dc0>,21,25,[2 7],22,-1,48,-1,23
1,<environment.Job instance at 0x7f926fc03460>,22,23,[10  4],23,-1,46,-1,23
1,<environment.Job instance at 0x7f926fead5f0>,11,25,[5 8],12,-1,48,-1,23
1,<environment.Job instance at 0x7f926fc03820>,18,25,[1 5],19,-1,48,-1,23
1,<environment.Job instance at 0x7f926fc032d0>,23,21,[ 3 14],24,-1,45,-1,24
1,<environment.Job instance at 0x7f926fc03e10>,26,18,[14  2],27,-1,45,-1,27
1,<environment.Job instance at 0x7f926fc03b90>,27,27,[ 5 13],28,-1,55,-1,28
1,<environment.Job instance at 0x7f926fc03f50>,29,21,[12  3],30,-1,51,-1,30
1,<environment.Job instance at 0x7f92707b9a50>,30,27,[ 5 12],31,-1,58,-1,31
1,<environment.Job instance at 0x7f92707b9050>,32,16,[ 2 13],33,-1,49,-1,33
1,<environment.Job instance at 0x7f926f9b98c0>,35,13,[14  1],36,-1,57,-1,44
1,<environment.Job instance at 0x7f926f9b9820>,36,26,[11  5],37,-1,70,-1,44
1,<environment.Job instance at 0x7f926f9b9a00>,37,14,[ 2 13],38,-1,58,-1,44
1,<environment.Job instance at 0x7f926f9b9640>,38,13,[14  5],39,-1,57,-1,44
1,<environment.Job instance at 0x7f926f9b94b0>,39,18,[12  4],40,-1,62,-1,44
1,<environment.Job instance at 0x7f926f9b90f0>,40,21,[ 2 14],41,-1,65,-1,44
1,<environment.Job instance at 0x7f92708bafa0>,42,23,[13  4],43,-1,80,-1,57
1,<environment.Job instance at 0x7f92709d4370>,44,18,[ 1 12],45,-1,76,-1,58
1,<environment.Job instance at 0x7f92700eeb90>,3,24,[5 8],4,-1,28,-1,4
1,<environment.Job instance at 0x7f9270b15a00>,6,22,[ 5 11],7,-1,50,-1,28
1,<environment.Job instance at 0x7f927046f5a0>,15,22,[7 1],16,-1,50,-1,28
1,<environment.Job instance at 0x7f927983e370>,16,28,[5 4],17,-1,56,-1,28
1,<environment.Job instance at 0x7f927983e910>,17,17,[5 4],18,-1,47,-1,30
1,<environment.Job instance at 0x7f927046f190>,12,23,[14  5],13,-1,55,-1,32
1,<environment.Job instance at 0x7f927983e0a0>,19,16,[ 4 10],20,-1,49,-1,33
1,<environment.Job instance at 0x7f926f9b9640>,1,24,[14  3],2,-1,26,-1,2
1,<environment.Job instance at 0x7f926f9b9820>,2,25,[12  1],3,-1,28,-1,3
1,<environment.Job instance at 0x7f926f9b9aa0>,3,24,[5 8],4,-1,28,-1,4
1,<environment.Job instance at 0x7f926f9b9fa0>,4,13,[ 1 13],5,-1,18,-1,5
1,<environment.Job instance at 0x7f926f9b9190>,5,23,[1 5],6,-1,29,-1,6
1,<environment.Job instance at 0x7f926f9b9d70>,6,22,[ 5 11],7,-1,29,-1,7
1,<environment.Job instance at 0x7f926f9b99b0>,7,24,[ 5 13],8,-1,32,-1,8
1,<environment.Job instance at 0x7f92707b9050>,8,13,[ 1 14],9,-1,22,-1,9
1,<environment.Job instance at 0x7f92707b99b0>,9,26,[12  4],10,-1,36,-1,10
1,<environment.Job instance at 0x7f927983ec80>,11,21,[13  2],12,-1,33,-1,12
1,<environment.Job instance at 0x7f92707b97d0>,12,23,[14  5],13,-1,36,-1,13
1,<environment.Job instance at 0x7f926f7cf280>,13,14,[14  2],14,-1,28,-1,14
1,<environment.Job instance at 0x7f926fb00190>,20,18,[ 5 14],21,-1,42,-1,24
1,<environment.Job instance at 0x7f9270dfa690>,21,17,[ 3 13],22,-1,41,-1,24
1,<environment.Job instance at 0x7f926fbde690>,22,23,[13  3],23,-1,47,-1,24
1,<environment.Job instance at 0x7f9270813fa0>,23,18,[ 2 12],24,-1,42,-1,24
1,<environment.Job instance at 0x7f926f9b90f0>,16,28,[5 4],17,-1,52,-1,24
1,<environment.Job instance at 0x7f926fbe6c30>,24,28,[11  1],25,-1,53,-1,25
1,<environment.Job instance at 0x7f92708131e0>,26,12,[13  5],27,-1,39,-1,27
1,<environment.Job instance at 0x7f92799fc4b0>,27,20,[ 5 14],28,-1,48,-1,28
1,<environment.Job instance at 0x7f9270e64460>,28,27,[ 2 14],29,-1,56,-1,29
1,<environment.Job instance at 0x7f926fbe6190>,30,15,[ 4 11],31,-1,46,-1,31
1,<environment.Job instance at 0x7f9270be7870>,31,15,[13  5],32,-1,47,-1,32
1,<environment.Job instance at 0x7f9270a4fdc0>,32,13,[14  4],33,-1,46,-1,33
1,<environment.Job instance at 0x7f92799e8690>,33,16,[14  2],34,-1,50,-1,34
1,<environment.Job instance at 0x7f92799e8910>,34,25,[14  4],35,-1,60,-1,35
1,<environment.Job instance at 0x7f9270d32d70>,35,19,[13  5],36,-1,55,-1,36
1,<environment.Job instance at 0x7f9279b60be0>,36,26,[10  2],37,-1,69,-1,43
1,<environment.Job instance at 0x7f926fbbf460>,40,23,[ 3 13],41,-1,66,-1,43
1,<environment.Job instance at 0x7f926fbbf3c0>,41,13,[12  5],42,-1,56,-1,43
1,<environment.Job instance at 0x7f926fbbf960>,39,26,[2 9],40,-1,69,-1,43
1,<environment.Job instance at 0x7f9270eb5460>,45,26,[5 7],46,-1,84,-1,58
1,<environment.Job instance at 0x7f9271040230>,46,28,[14  1],47,-1,86,-1,58
1,<environment.Job instance at 0x7f926fd67910>,47,16,[ 3 12],48,-1,74,-1,58
1,<environment.Job instance at 0x7f926fd67eb0>,48,26,[12  1],49,-1,84,-1,58
1,<environment.Job instance at 0x7f926fd67190>,49,22,[14  5],50,-1,80,-1,58
1,<environment.Job instance at 0x7f9270054870>,50,18,[12  5],51,-1,76,-1,58
1,<environment.Job instance at 0x7f9270054460>,51,14,[13  4],52,-1,72,-1,58
1,<environment.Job instance at 0x7f9270054b40>,52,25,[ 1 13],53,-1,83,-1,58
1,<environment.Job instance at 0x7f92700545a0>,54,16,[11  5],55,-1,74,-1,58
1,<environment.Job instance at 0x7f9270054f00>,55,25,[2 8],56,-1,83,-1,58
1,<environment.Job instance at 0x7f9279b60aa0>,0,26,[13  5],1,-1,27,-1,1
1,<environment.Job instance at 0x7f92799e8690>,1,16,[ 1 13],2,-1,18,-1,2
1,<environment.Job instance at 0x7f9279b60d20>,2,25,[4 9],3,-1,28,-1,3
1,<environment.Job instance at 0x7f9270e64280>,4,14,[13  3],5,-1,19,-1,5
1,<environment.Job instance at 0x7f9270be7190>,5,14,[13  2],6,-1,20,-1,6
1,<environment.Job instance at 0x7f92708131e0>,8,28,[12  3],9,-1,37,-1,9
1,<environment.Job instance at 0x7f92799fc640>,7,28,[9 2],8,-1,46,-1,18
1,<environment.Job instance at 0x7f926fa8fc30>,14,12,[ 3 12],15,-1,30,-1,18
1,<environment.Job instance at 0x7f926fa8f280>,15,12,[11  4],16,-1,30,-1,18
1,<environment.Job instance at 0x7f926fa8f0f0>,16,20,[ 3 14],17,-1,38,-1,18
1,<environment.Job instance at 0x7f926fa8f3c0>,17,16,[12  1],18,-1,34,-1,18
1,<environment.Job instance at 0x7f9270d4bf00>,20,28,[ 1 11],21,-1,49,-1,21
1,<environment.Job instance at 0x7f9270d4b3c0>,22,28,[14  4],23,-1,60,-1,32
1,<environment.Job instance at 0x7f9270d4ba00>,23,27,[13  4],24,-1,59,-1,32
1,<environment.Job instance at 0x7f9270d4b280>,24,12,[ 5 11],25,-1,44,-1,32
1,<environment.Job instance at 0x7f9270d4bc30>,26,17,[14  2],27,-1,49,-1,32
1,<environment.Job instance at 0x7f9270d4b870>,27,17,[ 1 12],28,-1,49,-1,32
1,<environment.Job instance at 0x7f9270d4b0f0>,29,22,[ 3 14],30,-1,54,-1,32
1,<environment.Job instance at 0x7f9270d4b0a0>,30,15,[ 2 11],31,-1,47,-1,32
1,<environment.Job instance at 0x7f9270d4bb40>,31,22,[ 2 13],32,-1,54,-1,32
1,<environment.Job instance at 0x7f9270d4b140>,33,26,[ 4 14],34,-1,60,-1,34
1,<environment.Job instance at 0x7f9270d4bc80>,35,26,[3 9],36,-1,70,-1,44
1,<environment.Job instance at 0x7f926faaa5a0>,37,23,[8 2],38,-1,71,-1,48
1,<environment.Job instance at 0x7f926faaa820>,38,26,[ 2 11],39,-1,74,-1,48
1,<environment.Job instance at 0x7f926faaa460>,39,27,[6 4],40,-1,75,-1,48
1,<environment.Job instance at 0x7f926faaac30>,40,25,[ 4 14],41,-1,73,-1,48
1,<environment.Job instance at 0x7f92707930a0>,42,18,[ 2 12],43,-1,66,-1,48
1,<environment.Job instance at 0x7f9270317e60>,1,24,[4 5],2,-1,26,-1,2
1,<environment.Job instance at 0x7f9270d4b320>,1,24,[4 5],2,-1,26,-1,2
1,<environment.Job instance at 0x7f9270d4ba00>,3,12,[13  3],4,-1,16,-1,4
1,<environment.Job instance at 0x7f9270e64280>,6,14,[11  2],7,-1,21,-1,7
1,<environment.Job instance at 0x7f9270e64460>,7,15,[ 3 14],8,-1,23,-1,8
1,<environment.Job instance at 0x7f9270d4b550>,9,27,[13  4],10,-1,37,-1,10
1,<environment.Job instance at 0x7f927024dc30>,12,15,[ 4 14],13,-1,28,-1,13
1,<environment.Job instance at 0x7f9279b60230>,13,12,[ 1 14],14,-1,26,-1,14
1,<environment.Job instance at 0x7f92704f8a00>,14,20,[ 1 12],15,-1,35,-1,15
1,<environment.Job instance at 0x7f927065c6e0>,17,14,[ 4 12],18,-1,32,-1,18
1,<environment.Job instance at 0x7f927065c0a0>,19,25,[ 1 14],20,-1,47,-1,22
1,<environment.Job instance at 0x7f927065ccd0>,20,14,[11  5],21,-1,36,-1,22
1,<environment.Job instance at 0x7f9270780190>,22,23,[ 4 13],23,-1,52,-1,29
1,<environment.Job instance at 0x7f92707807d0>,23,19,[11  1],24,-1,48,-1,29
1,<environment.Job instance at 0x7f926f81e0a0>,24,26,[11  4],25,-1,55,-1,29
1,<environment.Job instance at 0x7f9270d4bf00>,4,25,[ 5 10],5,-1,60,-1,35
1,<environment.Job instance at 0x7f9279a53d70>,27,13,[ 3 13],28,-1,48,-1,35
1,<environment.Job instance at 0x7f9270d533c0>,28,15,[14  4],29,-1,50,-1,35
1,<environment.Job instance at 0x7f92709ba5f0>,29,18,[ 3 14],30,-1,53,-1,35
1,<environment.Job instance at 0x7f926f81e730>,30,28,[5 2],31,-1,63,-1,35
1,<environment.Job instance at 0x7f926f81ef50>,31,21,[ 4 12],32,-1,56,-1,35
1,<environment.Job instance at 0x7f92796876e0>,33,18,[11  5],34,-1,53,-1,35
1,<environment.Job instance at 0x7f926f71e500>,37,21,[11  3],38,-1,70,-1,49
1,<environment.Job instance at 0x7f92799eedc0>,41,14,[11  3],42,-1,71,-1,57
1,<environment.Job instance at 0x7f9270358af0>,39,23,[5 5],40,-1,80,-1,57
1,<environment.Job instance at 0x7f926fd89780>,43,27,[11  2],44,-1,84,-1,57
1,<environment.Job instance at 0x7f9270ec26e0>,46,22,[14  2],47,-1,79,-1,57
1,<environment.Job instance at 0x7f92710b69b0>,0,28,[7 5],1,-1,29,-1,1
1,<environment.Job instance at 0x7f92705d5b40>,2,20,[5 8],3,-1,24,-1,4
1,<environment.Job instance at 0x7f9270d4b0a0>,3,24,[8 5],4,-1,28,-1,4
1,<environment.Job instance at 0x7f927106ef50>,0,28,[7 5],1,-1,29,-1,1
1,<environment.Job instance at 0x7f927092e9b0>,1,22,[12  4],2,-1,24,-1,2
1,<environment.Job instance at 0x7f927092ecd0>,3,24,[8 5],4,-1,28,-1,4
1,<environment.Job instance at 0x7f92707f50f0>,4,19,[13  1],5,-1,24,-1,5
1,<environment.Job instance at 0x7f92707f5b90>,5,23,[11  5],6,-1,29,-1,6
1,<environment.Job instance at 0x7f9270bb9a50>,6,23,[ 2 12],7,-1,30,-1,7
1,<environment.Job instance at 0x7f9270887c80>,9,23,[12  5],10,-1,33,-1,10
1,<environment.Job instance at 0x7f926fd89640>,10,13,[11  2],11,-1,24,-1,11
1,<environment.Job instance at 0x7f926faef550>,13,17,[ 4 13],14,-1,31,-1,14
1,<environment.Job instance at 0x7f926faef910>,15,13,[12  5],16,-1,29,-1,16
1,<environment.Job instance at 0x7f92706d3280>,16,14,[ 2 12],17,-1,31,-1,17
1,<environment.Job instance at 0x7f926fe15a00>,8,25,[7 3],9,-1,47,-1,22
1,<environment.Job instance at 0x7f926fbc85f0>,19,24,[8 5],20,-1,46,-1,22
1,<environment.Job instance at 0x7f92709ba5f0>,20,21,[ 3 11],21,-1,43,-1,22
1,<environment.Job instance at 0x7f92796876e0>,21,14,[14  1],22,-1,36,-1,22
1,<environment.Job instance at 0x7f92707f5410>,11,27,[5 2],12,-1,49,-1,22
1,<environment.Job instance at 0x7f926f81ef00>,25,20,[ 2 11],26,-1,46,-1,26
1,<environment.Job instance at 0x7f9279a423c0>,27,15,[ 4 13],28,-1,49,-1,34
1,<environment.Job instance at 0x7f926f81ef50>,28,16,[12  3],29,-1,50,-1,34
1,<environment.Job instance at 0x7f92707808c0>,30,17,[14  2],31,-1,57,-1,40
1,<environment.Job instance at 0x7f9270780190>,31,14,[ 3 14],32,-1,54,-1,40
1,<environment.Job instance at 0x7f92707807d0>,32,20,[ 4 11],33,-1,60,-1,40
1,<environment.Job instance at 0x7f926f81ea50>,29,26,[7 4],30,-1,75,-1,49
1,<environment.Job instance at 0x7f92799fc640>,34,22,[11  1],35,-1,71,-1,49
1,<environment.Job instance at 0x7f926f81e0a0>,26,28,[3 9],27,-1,82,-1,54
1,<environment.Job instance at 0x7f9270e64460>,40,14,[ 2 12],41,-1,68,-1,54
1,<environment.Job instance at 0x7f9279b60d20>,41,28,[11  4],42,-1,82,-1,54
1,<environment.Job instance at 0x7f9279b60aa0>,42,22,[ 5 12],43,-1,76,-1,54
1,<environment.Job instance at 0x7f927045b6e0>,2,16,[4 6],3,-1,19,-1,3
1,<environment.Job instance at 0x7f927045be60>,4,27,[11  4],5,-1,33,-1,6
1,<environment.Job instance at 0x7f9270802d20>,6,28,[8 1],7,-1,35,-1,7
1,<environment.Job instance at 0x7f92708022d0>,7,18,[8 3],8,-1,26,-1,8
1,<environment.Job instance at 0x7f926fbde690>,0,22,[ 1 14],1,-1,23,-1,1
1,<environment.Job instance at 0x7f926fbde6e0>,4,27,[11  4],5,-1,32,-1,5
1,<environment.Job instance at 0x7f92706d3280>,8,23,[ 3 14],9,-1,32,-1,9
1,<environment.Job instance at 0x7f926f81ef50>,9,27,[ 4 13],10,-1,37,-1,10
1,<environment.Job instance at 0x7f926fbc85f0>,10,22,[12  5],11,-1,33,-1,11
1,<environment.Job instance at 0x7f926fdd6be0>,6,28,[8 1],7,-1,56,-1,28
1,<environment.Job instance at 0x7f926fd89730>,14,14,[ 1 11],15,-1,42,-1,28
1,<environment.Job instance at 0x7f9270bb9be0>,16,27,[13  1],17,-1,55,-1,28
1,<environment.Job instance at 0x7f927106e730>,18,26,[12  3],19,-1,54,-1,28
1,<environment.Job instance at 0x7f927045b1e0>,20,23,[13  4],21,-1,51,-1,28
1,<environment.Job instance at 0x7f927045b9b0>,21,25,[ 4 12],22,-1,53,-1,28
1,<environment.Job instance at 0x7f92705170f0>,22,26,[5 5],23,-1,54,-1,28
1,<environment.Job instance at 0x7f92703c6190>,25,25,[ 2 10],26,-1,56,-1,31
1,<environment.Job instance at 0x7f92703c6910>,26,14,[11  3],27,-1,45,-1,31
1,<environment.Job instance at 0x7f9270bb9a50>,15,27,[10  2],16,-1,68,-1,41
1,<environment.Job instance at 0x7f92703c6f50>,31,19,[ 3 11],32,-1,61,-1,42
1,<environment.Job instance at 0x7f927050b3c0>,0,12,[9 5],1,-1,14,-1,2
1,<environment.Job instance at 0x7f926fa94960>,3,17,[ 5 11],4,-1,22,-1,5
1,<environment.Job instance at 0x7f926fa94500>,5,18,[ 2 10],6,-1,24,-1,6
1,<environment.Job instance at 0x7f926fa94640>,6,17,[5 5],7,-1,24,-1,7
1,<environment.Job instance at 0x7f926fa943c0>,7,14,[9 5],8,-1,22,-1,8
1,<environment.Job instance at 0x7f926f9af820>,8,14,[8 5],9,-1,23,-1,9
1,<environment.Job instance at 0x7f926f9af9b0>,9,25,[9 4],10,-1,35,-1,10
1,<environment.Job instance at 0x7f92703c6910>,1,14,[ 3 11],2,-1,16,-1,2
1,<environment.Job instance at 0x7f92703c6e10>,2,15,[11  2],3,-1,18,-1,3
1,<environment.Job instance at 0x7f92703c6190>,3,17,[ 5 11],4,-1,21,-1,4
1,<environment.Job instance at 0x7f926fd89730>,9,25,[9 4],10,-1,38,-1,13
1,<environment.Job instance at 0x7f926fbde6e0>,10,15,[13  3],11,-1,28,-1,13
1,<environment.Job instance at 0x7f926f81e1e0>,11,17,[ 1 14],12,-1,30,-1,13
1,<environment.Job instance at 0x7f926f81e0a0>,13,28,[ 5 13],14,-1,42,-1,14
1,<environment.Job instance at 0x7f926fa94280>,14,15,[12  1],15,-1,30,-1,15
1,<environment.Job instance at 0x7f9270e930f0>,15,25,[ 5 14],16,-1,41,-1,16
1,<environment.Job instance at 0x7f926fa8efa0>,17,26,[4 9],18,-1,51,-1,25
1,<environment.Job instance at 0x7f926f81ea50>,19,18,[11  4],20,-1,43,-1,25
1,<environment.Job instance at 0x7f92710706e0>,20,14,[14  4],21,-1,39,-1,25
1,<environment.Job instance at 0x7f92710703c0>,21,26,[ 5 12],22,-1,51,-1,25
1,<environment.Job instance at 0x7f9271070f50>,23,16,[13  4],24,-1,54,-1,38
1,<environment.Job instance at 0x7f926f81eeb0>,18,27,[10  5],19,-1,66,-1,39
1,<environment.Job instance at 0x7f926ff27b90>,25,16,[ 5 12],26,-1,55,-1,39
1,<environment.Job instance at 0x7f926ff2cf50>,28,26,[6 4],29,-1,79,-1,53
1,<environment.Job instance at 0x7f9271070640>,29,27,[3 5],30,-1,80,-1,53
1,<environment.Job instance at 0x7f92707136e0>,32,14,[12  4],33,-1,68,-1,54
1,<environment.Job instance at 0x7f926ff3df00>,34,12,[12  1],35,-1,66,-1,54
1,<environment.Job instance at 0x7f926ff3d140>,35,21,[12  3],36,-1,75,-1,54
1,<environment.Job instance at 0x7f926ff3d0f0>,36,12,[ 5 13],37,-1,66,-1,54
1,<environment.Job instance at 0x7f9270abd870>,37,12,[11  4],38,-1,66,-1,54
1,<environment.Job instance at 0x7f9270abdb90>,38,15,[ 1 12],39,-1,69,-1,54
1,<environment.Job instance at 0x7f9270732b40>,40,28,[7 1],41,-1,82,-1,54
1,<environment.Job instance at 0x7f9270732370>,41,12,[13  3],42,-1,66,-1,54
1,<environment.Job instance at 0x7f9270732320>,42,16,[ 3 12],43,-1,70,-1,54
1,<environment.Job instance at 0x7f9270a05b40>,43,22,[ 5 14],44,-1,76,-1,54
1,<environment.Job instance at 0x7f9270732640>,44,28,[2 9],45,-1,82,-1,54
1,<environment.Job instance at 0x7f9270732f00>,45,19,[ 4 14],46,-1,73,-1,54
1,<environment.Job instance at 0x7f9270732e10>,46,23,[9 5],47,-1,77,-1,54
1,<environment.Job instance at 0x7f9270717730>,48,27,[13  3],49,-1,81,-1,54
1,<environment.Job instance at 0x7f92707178c0>,49,17,[ 4 12],50,-1,71,-1,54
1,<environment.Job instance at 0x7f9270700c80>,51,24,[5 4],52,-1,79,-1,55
1,<environment.Job instance at 0x7f9270700230>,52,20,[ 1 13],53,-1,75,-1,55
1,<environment.Job instance at 0x7f44bc2fa6e0>,0,13,[9 3],1,-1,15,-1,2
1,<environment.Job instance at 0x7f44bc2fa8c0>,1,22,[11  3],2,-1,24,-1,2
1,<environment.Job instance at 0x7f44bc2fa730>,2,22,[4 8],3,-1,25,-1,3
1,<environment.Job instance at 0x7f44b2cb0b90>,4,21,[1 6],5,-1,27,-1,6
1,<environment.Job instance at 0x7f44b2cb0a50>,5,24,[1 5],6,-1,30,-1,6
1,<environment.Job instance at 0x7f44b2cb0d70>,7,25,[6 2],8,-1,33,-1,8
1,<environment.Job instance at 0x7f44b2cb38c0>,21,26,[ 5 12],22,-1,79,-1,53
1,<environment.Job instance at 0x7f44b2cb3500>,17,28,[ 5 10],18,-1,81,-1,53
1,<environment.Job instance at 0x7f44b2cb3690>,20,27,[13  5],21,-1,80,-1,53
1,<environment.Job instance at 0x7f44b2cb3960>,22,13,[13  1],23,-1,66,-1,53
1,<environment.Job instance at 0x7f44b2cb3af0>,25,23,[ 3 13],26,-1,76,-1,53
1,<environment.Job instance at 0x7f44b2cb3550>,18,25,[ 4 13],19,-1,78,-1,53
1,<environment.Job instance at 0x7f44b2cb39b0>,23,18,[2 7],24,-1,74,-1,56
1,<environment.Job instance at 0x7f44b2cb3cd0>,28,25,[ 4 11],29,-1,81,-1,56
1,<environment.Job instance at 0x7f44b2cb3d70>,29,22,[ 5 13],30,-1,78,-1,56
1,<environment.Job instance at 0x7f44b2cb3e10>,30,27,[4 8],31,-1,83,-1,56
1,<environment.Job instance at 0x7f44b2cb3eb0>,31,20,[11  5],32,-1,76,-1,56
1,<environment.Job instance at 0x7f44b2cb3c30>,27,25,[5 7],28,-1,81,-1,56
1,<environment.Job instance at 0x7f44b2cb3a50>,24,13,[ 3 14],25,-1,69,-1,56
1,<environment.Job instance at 0x7f44b2cb3f50>,32,27,[11  3],33,-1,83,-1,56
1,<environment.Job instance at 0x7f44b2cb37d0>,33,16,[2 8],34,-1,73,-1,57
1,<environment.Job instance at 0x7f44b2cbbaa0>,1,22,[11  3],2,-1,24,-1,2
1,<environment.Job instance at 0x7f44b2cbbc30>,3,26,[11  4],4,-1,30,-1,4
1,<environment.Job instance at 0x7f44b2cbbf50>,8,22,[14  3],9,-1,31,-1,9
1,<environment.Job instance at 0x7f44b2cbe0a0>,9,18,[ 2 13],10,-1,28,-1,10
1,<environment.Job instance at 0x7f44b2cbe280>,10,18,[ 3 11],11,-1,29,-1,11
1,<environment.Job instance at 0x7f44b2cbe0f0>,12,26,[ 1 12],13,-1,40,-1,14
1,<environment.Job instance at 0x7f44b2cbe050>,13,18,[ 4 14],14,-1,32,-1,14
1,<environment.Job instance at 0x7f44b2cb0960>,5,24,[1 5],6,-1,38,-1,14
1,<environment.Job instance at 0x7f44b2cbbf00>,7,25,[6 2],8,-1,39,-1,14
1,<environment.Job instance at 0x7f44b2cbe690>,15,18,[ 2 14],16,-1,34,-1,16
1,<environment.Job instance at 0x7f44b2cbe6e0>,16,16,[ 3 11],17,-1,33,-1,17
1,<environment.Job instance at 0x7f44b2cbe820>,18,25,[ 4 13],19,-1,44,-1,19
1,<environment.Job instance at 0x7f44b2cbe460>,19,14,[ 3 11],20,-1,34,-1,20
1,<environment.Job instance at 0x7f44b2cbe910>,20,27,[13  5],21,-1,48,-1,21
1,<environment.Job instance at 0x7f44b2cbe9b0>,21,26,[ 5 12],22,-1,48,-1,22
1,<environment.Job instance at 0x7f44b2cbea50>,22,13,[13  1],23,-1,36,-1,23
1,<environment.Job instance at 0x7f44b2cbe730>,17,28,[ 5 10],18,-1,53,-1,25
1,<environment.Job instance at 0x7f44b2cbe7d0>,24,13,[ 3 14],25,-1,38,-1,25
1,<environment.Job instance at 0x7f44b2cbe320>,11,26,[4 8],12,-1,51,-1,25
1,<environment.Job instance at 0x7f44b2cbed20>,25,23,[ 3 13],26,-1,49,-1,26
1,<environment.Job instance at 0x7f44b2cbee60>,27,25,[5 7],28,-1,53,-1,28
1,<environment.Job instance at 0x7f44b2cbed70>,28,25,[ 4 11],29,-1,54,-1,29
1,<environment.Job instance at 0x7f44b2cbef50>,29,22,[ 5 13],30,-1,52,-1,30
1,<environment.Job instance at 0x7f44b2cbebe0>,31,20,[11  5],32,-1,52,-1,32
1,<environment.Job instance at 0x7f44b2cc2230>,32,27,[11  3],33,-1,60,-1,33
1,<environment.Job instance at 0x7f44b2cbefa0>,30,27,[4 8],31,-1,70,-1,43
1,<environment.Job instance at 0x7f44b2cc23c0>,36,13,[ 3 14],37,-1,56,-1,43
1,<environment.Job instance at 0x7f44b2cc2320>,37,28,[ 2 12],38,-1,71,-1,43
1,<environment.Job instance at 0x7f44b2cbee10>,26,26,[1 8],27,-1,69,-1,43
1,<environment.Job instance at 0x7f44b2cc2500>,39,24,[5 6],40,-1,67,-1,43
1,<environment.Job instance at 0x7f44b2cc2280>,34,24,[1 8],35,-1,67,-1,43
1,<environment.Job instance at 0x7f44b2cc2640>,41,27,[14  1],42,-1,70,-1,43
1,<environment.Job instance at 0x7f44b2cc2a00>,43,13,[13  1],44,-1,57,-1,44
1,<environment.Job instance at 0x7f44b2cc2780>,44,24,[ 1 13],45,-1,69,-1,45
1,<environment.Job instance at 0x7f44b2cc2410>,46,17,[12  2],47,-1,66,-1,49
1,<environment.Job instance at 0x7f44b2cc2af0>,48,15,[14  1],49,-1,64,-1,49
1,<environment.Job instance at 0x7f44b2cc2d70>,49,16,[ 2 11],50,-1,66,-1,50
1,<environment.Job instance at 0x7f44b2cc2e60>,50,16,[12  2],51,-1,67,-1,51
1,<environment.Job instance at 0x7f44b2cc2d20>,54,13,[13  1],55,-1,72,-1,59
1,<environment.Job instance at 0x7f44b2cc2aa0>,55,20,[ 3 13],56,-1,79,-1,59
1,<environment.Job instance at 0x7f44b2cc2fa0>,52,27,[8 5],53,-1,86,-1,59
1,<environment.Job instance at 0x7f44b2cc4140>,57,27,[ 2 14],58,-1,86,-1,59
1,<environment.Job instance at 0x7f44b2d08af0>,60,23,[ 1 11],61,-1,85,-1,62
1,<environment.Job instance at 0x7f44bc340370>,61,21,[ 5 13],62,-1,83,-1,62
1,<environment.Job instance at 0x7f44b23edbe0>,11,15,[5 9],12,-1,28,-1,13
1,<environment.Job instance at 0x7f44b2cbbaf0>,6,19,[4 8],7,-1,32,-1,13
1,<environment.Job instance at 0x7f44b23edc80>,13,20,[13  1],14,-1,34,-1,14
1,<environment.Job instance at 0x7f44b2cc2b90>,0,21,[12  2],1,-1,22,-1,1
1,<environment.Job instance at 0x7f44b2cc2e10>,1,28,[5 1],2,-1,30,-1,2
1,<environment.Job instance at 0x7f44b2cc2f00>,2,24,[9 2],3,-1,27,-1,3
1,<environment.Job instance at 0x7f44b2cc2960>,3,25,[3 8],4,-1,29,-1,4
1,<environment.Job instance at 0x7f44b2cc2410>,4,27,[1 6],5,-1,32,-1,5
1,<environment.Job instance at 0x7f44b2cc2a50>,5,14,[ 4 11],6,-1,20,-1,6
1,<environment.Job instance at 0x7f44b2cc2550>,13,20,[13  1],14,-1,41,-1,21
1,<environment.Job instance at 0x7f44b2cc2690>,14,18,[ 3 14],15,-1,39,-1,21
1,<environment.Job instance at 0x7f44b2cc29b0>,15,25,[ 5 14],16,-1,46,-1,21
1,<environment.Job instance at 0x7f44b2cc2370>,16,26,[12  1],17,-1,47,-1,21
1,<environment.Job instance at 0x7f44b2cc21e0>,17,28,[ 3 10],18,-1,54,-1,26
1,<environment.Job instance at 0x7f44b2cc2050>,18,21,[ 1 11],19,-1,47,-1,26
1,<environment.Job instance at 0x7f44b2cc20a0>,20,14,[ 2 13],21,-1,40,-1,26
1,<environment.Job instance at 0x7f44b2cbb140>,23,16,[ 2 11],24,-1,49,-1,33
1,<environment.Job instance at 0x7f44b2cbbe60>,24,25,[4 5],25,-1,58,-1,33
1,<environment.Job instance at 0x7f44b2cbbc30>,26,28,[ 1 13],27,-1,61,-1,33
1,<environment.Job instance at 0x7f44b2cbbc80>,27,26,[ 1 11],28,-1,59,-1,33
1,<environment.Job instance at 0x7f44b2cbebe0>,29,26,[6 5],30,-1,72,-1,46
1,<environment.Job instance at 0x7f44b2cbeeb0>,32,16,[ 3 13],33,-1,62,-1,46
1,<environment.Job instance at 0x7f44b2cbecd0>,33,23,[ 5 13],34,-1,69,-1,46
1,<environment.Job instance at 0x7f44b2cbeb90>,35,12,[14  5],36,-1,67,-1,55
1,<environment.Job instance at 0x7f44b2cbeb40>,36,26,[11  4],37,-1,81,-1,55
1,<environment.Job instance at 0x7f44b2cbe9b0>,37,19,[ 3 12],38,-1,74,-1,55
1,<environment.Job instance at 0x7f44b24522d0>,3,20,[ 4 10],4,-1,25,-1,5
1,<environment.Job instance at 0x7f44b23b9a50>,4,17,[14  2],5,-1,22,-1,5
1,<environment.Job instance at 0x7f44b2350050>,1,25,[ 3 14],2,-1,27,-1,2
1,<environment.Job instance at 0x7f44b2350c30>,2,13,[12  5],3,-1,16,-1,3
1,<environment.Job instance at 0x7f44b2350e10>,4,17,[14  2],5,-1,22,-1,5
1,<environment.Job instance at 0x7f44b23b9870>,6,27,[ 2 12],7,-1,34,-1,7
1,<environment.Job instance at 0x7f44b2350be0>,7,16,[ 1 14],8,-1,24,-1,8
1,<environment.Job instance at 0x7f44b2350dc0>,8,20,[ 3 14],9,-1,29,-1,9
1,<environment.Job instance at 0x7f44b23501e0>,11,25,[ 1 11],12,-1,37,-1,12
1,<environment.Job instance at 0x7f44b23505f0>,12,14,[14  4],13,-1,27,-1,13
1,<environment.Job instance at 0x7f44b2350a00>,13,27,[9 1],14,-1,41,-1,14
1,<environment.Job instance at 0x7f44b2350730>,14,23,[13  2],15,-1,38,-1,15
1,<environment.Job instance at 0x7f44b2350230>,15,20,[12  4],16,-1,36,-1,16
1,<environment.Job instance at 0x7f44b23f5140>,18,25,[13  3],19,-1,44,-1,19
1,<environment.Job instance at 0x7f44b2350320>,5,27,[4 8],6,-1,51,-1,24
1,<environment.Job instance at 0x7f44b23f57d0>,20,26,[5 5],21,-1,50,-1,24
1,<environment.Job instance at 0x7f44b23f5dc0>,21,24,[4 7],22,-1,48,-1,24
1,<environment.Job instance at 0x7f44b23504b0>,17,26,[4 9],18,-1,50,-1,24
1,<environment.Job instance at 0x7f44b23f5f50>,24,19,[ 3 12],25,-1,44,-1,25
1,<environment.Job instance at 0x7f44b23f5d70>,25,15,[12  5],26,-1,41,-1,26
1,<environment.Job instance at 0x7f44b23f55f0>,28,20,[ 3 12],29,-1,49,-1,29
1,<environment.Job instance at 0x7f44b23f5e60>,29,16,[12  4],30,-1,46,-1,30
1,<environment.Job instance at 0x7f44b2450eb0>,30,16,[12  5],31,-1,47,-1,31
1,<environment.Job instance at 0x7f44b24504b0>,31,20,[ 1 12],32,-1,52,-1,32
1,<environment.Job instance at 0x7f44b2450410>,32,13,[12  1],33,-1,46,-1,33
1,<environment.Job instance at 0x7f44b24503c0>,33,12,[11  5],34,-1,46,-1,34
1,<environment.Job instance at 0x7f44b2450b40>,34,17,[ 3 12],35,-1,52,-1,35
1,<environment.Job instance at 0x7f44b2450e10>,35,16,[13  4],36,-1,52,-1,36
1,<environment.Job instance at 0x7f44b24505f0>,36,18,[ 1 12],37,-1,55,-1,37
1,<environment.Job instance at 0x7f44b2450d70>,38,15,[ 2 14],39,-1,54,-1,39
1,<environment.Job instance at 0x7f44b22fbc30>,42,20,[13  3],43,-1,71,-1,51
1,<environment.Job instance at 0x7f44b22fbc80>,43,21,[ 4 12],44,-1,72,-1,51
1,<environment.Job instance at 0x7f44b22fbcd0>,45,27,[5 9],46,-1,83,-1,56
1,<environment.Job instance at 0x7f44b22fbbe0>,46,27,[2 9],47,-1,83,-1,56
1,<environment.Job instance at 0x7f44b22fb5f0>,47,21,[11  4],48,-1,77,-1,56
1,<environment.Job instance at 0x7f44b22fb2d0>,48,12,[14  5],49,-1,68,-1,56
1,<environment.Job instance at 0x7f44b22fbdc0>,49,16,[12  3],50,-1,72,-1,56
1,<environment.Job instance at 0x7f44b22fba50>,50,17,[12  2],51,-1,73,-1,56
1,<environment.Job instance at 0x7f44b22fbb40>,51,28,[2 8],52,-1,84,-1,56
1,<environment.Job instance at 0x7f44b22fb1e0>,53,21,[12  2],54,-1,77,-1,56
1,<environment.Job instance at 0x7f44b22fb910>,54,21,[ 5 11],55,-1,77,-1,56
1,<environment.Job instance at 0x7f44b22fb370>,56,27,[12  4],57,-1,91,-1,64
1,<environment.Job instance at 0x7f44b22fba00>,57,27,[14  3],58,-1,91,-1,64
1,<environment.Job instance at 0x7f44b22fbeb0>,59,14,[ 1 12],60,-1,82,-1,68
1,<environment.Job instance at 0x7f44b283a9b0>,4,17,[3 8],5,-1,22,-1,5
1,<environment.Job instance at 0x7f44b26c2aa0>,8,25,[6 2],9,-1,35,-1,10
1,<environment.Job instance at 0x7f44b23ca910>,0,25,[7 2],1,-1,26,-1,1
1,<environment.Job instance at 0x7f44b283a780>,1,26,[ 5 11],2,-1,28,-1,2
1,<environment.Job instance at 0x7f44b22b9280>,3,16,[11  1],4,-1,20,-1,4
1,<environment.Job instance at 0x7f44b22a10a0>,5,19,[12  5],6,-1,25,-1,6
1,<environment.Job instance at 0x7f44b22a1320>,6,17,[11  3],7,-1,24,-1,7
1,<environment.Job instance at 0x7f44b22a1280>,9,18,[12  4],10,-1,28,-1,10
1,<environment.Job instance at 0x7f44b22a1d20>,11,26,[11  5],12,-1,38,-1,12
1,<environment.Job instance at 0x7f44b26c2fa0>,8,25,[6 2],9,-1,41,-1,16
1,<environment.Job instance at 0x7f44b22a1a50>,14,16,[11  2],15,-1,32,-1,16
1,<environment.Job instance at 0x7f44b22a13c0>,15,15,[13  5],16,-1,31,-1,16
1,<environment.Job instance at 0x7f44b22a1cd0>,18,27,[14  3],19,-1,46,-1,19
1,<environment.Job instance at 0x7f44b22a15a0>,21,26,[8 3],22,-1,56,-1,30
1,<environment.Job instance at 0x7f44b2454550>,22,23,[12  1],23,-1,53,-1,30
1,<environment.Job instance at 0x7f44b22a1b40>,23,19,[ 2 13],24,-1,49,-1,30
1,<environment.Job instance at 0x7f44b22a1e10>,24,22,[11  1],25,-1,52,-1,30
1,<environment.Job instance at 0x7f44b2454d70>,25,22,[ 1 13],26,-1,52,-1,30
1,<environment.Job instance at 0x7f44b2431a50>,26,24,[ 2 14],27,-1,54,-1,30
1,<environment.Job instance at 0x7f44b2431aa0>,28,23,[13  3],29,-1,53,-1,30
1,<environment.Job instance at 0x7f44b22a12d0>,20,26,[ 4 10],21,-1,62,-1,36
1,<environment.Job instance at 0x7f44b2431910>,30,20,[13  5],31,-1,56,-1,36
1,<environment.Job instance at 0x7f44b2431280>,31,24,[14  3],32,-1,60,-1,36
1,<environment.Job instance at 0x7f44b23358c0>,32,23,[13  5],33,-1,59,-1,36
1,<environment.Job instance at 0x7f44b23355f0>,33,21,[12  3],34,-1,57,-1,36
1,<environment.Job instance at 0x7f44b2335780>,35,28,[ 4 11],36,-1,64,-1,36
1,<environment.Job instance at 0x7f44b23352d0>,36,18,[ 4 12],37,-1,55,-1,37
1,<environment.Job instance at 0x7f44b2335190>,37,22,[14  1],38,-1,60,-1,38
1,<environment.Job instance at 0x7f44b2335a50>,38,25,[7 3],39,-1,68,-1,43
1,<environment.Job instance at 0x7f44b23359b0>,39,27,[ 4 13],40,-1,70,-1,43
1,<environment.Job instance at 0x7f44b2335230>,40,26,[8 4],41,-1,69,-1,43
1,<environment.Job instance at 0x7f44b2335cd0>,41,12,[11  1],42,-1,55,-1,43
1,<environment.Job instance at 0x7f44b2431230>,29,25,[10  5],30,-1,68,-1,43
1,<environment.Job instance at 0x7f44b23353c0>,43,16,[14  1],44,-1,60,-1,44
1,<environment.Job instance at 0x7f44b23357d0>,44,27,[ 1 10],45,-1,79,-1,52
1,<environment.Job instance at 0x7f44b2335960>,46,19,[13  1],47,-1,71,-1,52
1,<environment.Job instance at 0x7f44b2335dc0>,47,15,[12  2],48,-1,67,-1,52
1,<environment.Job instance at 0x7f44b2335fa0>,48,20,[11  2],49,-1,72,-1,52
1,<environment.Job instance at 0x7f44b2335910>,49,25,[ 2 13],50,-1,77,-1,52
1,<environment.Job instance at 0x7f44b27af870>,52,24,[ 3 13],53,-1,77,-1,53
1,<environment.Job instance at 0x7f44b27afaa0>,53,15,[ 2 13],54,-1,69,-1,54
1,<environment.Job instance at 0x7f44b27af4b0>,54,13,[ 5 14],55,-1,68,-1,55
1,<environment.Job instance at 0x7f44b27afc80>,55,20,[11  2],56,-1,76,-1,56
1,<environment.Job instance at 0x7f44b27af690>,57,21,[ 4 14],58,-1,79,-1,58
1,<environment.Job instance at 0x7f44b27af230>,59,15,[14  4],60,-1,81,-1,66
1,<environment.Job instance at 0x7f44b267bf50>,3,22,[9 5],4,-1,27,-1,5
1,<environment.Job instance at 0x7f44b267b2d0>,7,23,[6 4],8,-1,31,-1,8
1,<environment.Job instance at 0x7f44b267b820>,11,25,[3 9],12,-1,37,-1,12
1,<environment.Job instance at 0x7f44b27af910>,0,13,[ 5 13],1,-1,14,-1,1
1,<environment.Job instance at 0x7f44b27af820>,2,26,[13  2],3,-1,29,-1,3
1,<environment.Job instance at 0x7f44b27af0f0>,4,15,[ 1 12],5,-1,20,-1,5
1,<environment.Job instance at 0x7f44b27afc80>,5,14,[ 1 12],6,-1,20,-1,6
1,<environment.Job instance at 0x7f44b27af410>,8,26,[ 3 11],9,-1,35,-1,9
1,<environment.Job instance at 0x7f44b24502d0>,7,23,[6 4],8,-1,40,-1,17
1,<environment.Job instance at 0x7f44b27afd70>,12,13,[14  3],13,-1,30,-1,17
1,<environment.Job instance at 0x7f44b27afaa0>,11,25,[3 9],12,-1,42,-1,17
1,<environment.Job instance at 0x7f44b2335910>,14,23,[13  3],15,-1,40,-1,17
1,<environment.Job instance at 0x7f44b2335d20>,16,23,[ 2 13],17,-1,40,-1,17
1,<environment.Job instance at 0x7f44b2335cd0>,17,16,[11  4],18,-1,34,-1,18
1,<environment.Job instance at 0x7f44b2335c30>,19,25,[4 5],20,-1,55,-1,30
1,<environment.Job instance at 0x7f44b2335320>,20,25,[6 3],21,-1,55,-1,30
1,<environment.Job instance at 0x7f44b23357d0>,21,20,[11  1],22,-1,50,-1,30
1,<environment.Job instance at 0x7f44b2335aa0>,23,13,[12  4],24,-1,43,-1,30
1,<environment.Job instance at 0x7f44b2335370>,25,13,[ 1 13],26,-1,43,-1,30
1,<environment.Job instance at 0x7f44b2335c80>,26,26,[ 1 13],27,-1,56,-1,30
1,<environment.Job instance at 0x7f44b2335f50>,24,24,[5 5],25,-1,69,-1,45
1,<environment.Job instance at 0x7f44b2335280>,28,16,[11  1],29,-1,61,-1,45
1,<environment.Job instance at 0x7f44b23358c0>,29,14,[14  2],30,-1,59,-1,45
1,<environment.Job instance at 0x7f44b2431320>,31,15,[ 2 11],32,-1,60,-1,45
1,<environment.Job instance at 0x7f44b2431870>,32,16,[11  1],33,-1,61,-1,45
1,<environment.Job instance at 0x7f44b2431910>,33,25,[2 8],34,-1,70,-1,45
1,<environment.Job instance at 0x7f44b2454d70>,34,18,[12  5],35,-1,63,-1,45
1,<environment.Job instance at 0x7f44b283a780>,35,20,[ 5 13],36,-1,65,-1,45
1,<environment.Job instance at 0x7f44b2431460>,36,24,[2 7],37,-1,69,-1,45
1,<environment.Job instance at 0x7f44b26c2fa0>,37,16,[11  2],38,-1,61,-1,45
1,<environment.Job instance at 0x7f44b26c2e60>,38,22,[ 2 12],39,-1,67,-1,45
1,<environment.Job instance at 0x7f44b22b9e10>,39,20,[12  3],40,-1,65,-1,45
1,<environment.Job instance at 0x7f44b22b99b0>,40,19,[12  5],41,-1,64,-1,45
1,<environment.Job instance at 0x7f44b22a10f0>,42,18,[12  1],43,-1,63,-1,45
1,<environment.Job instance at 0x7f44b22a1f00>,46,17,[ 1 12],47,-1,64,-1,47
1,<environment.Job instance at 0x7f44b22a1c80>,48,18,[ 2 14],49,-1,67,-1,49
1,<environment.Job instance at 0x7f44b22a1140>,49,24,[11  1],50,-1,74,-1,50
1,<environment.Job instance at 0x7f44b22a1d20>,51,24,[12  5],52,-1,82,-1,58
1,<environment.Job instance at 0x7f44b22a1eb0>,53,15,[ 1 11],54,-1,73,-1,58
1,<environment.Job instance at 0x7f44b22a1910>,54,16,[ 5 12],55,-1,74,-1,58
1,<environment.Job instance at 0x7f44b22a1280>,55,27,[ 4 14],56,-1,85,-1,58
1,<environment.Job instance at 0x7f44b22a1aa0>,56,23,[ 2 11],57,-1,81,-1,58
1,<environment.Job instance at 0x7f44b22a11e0>,57,13,[ 4 12],58,-1,71,-1,58
1,<environment.Job instance at 0x7f44b22a1870>,58,15,[13  1],59,-1,74,-1,59
1,<environment.Job instance at 0x7f44b22a1b90>,59,17,[13  3],60,-1,77,-1,60
1,<environment.Job instance at 0x7f44b275afa0>,61,22,[ 3 13],62,-1,84,-1,62
1,<environment.Job instance at 0x7f44b268db90>,63,19,[13  4],64,-1,83,-1,64
1,<environment.Job instance at 0x7f44b22a1550>,52,23,[10  2],53,-1,87,-1,64
1,<environment.Job instance at 0x7f44b22a1a00>,50,25,[7 1],51,-1,89,-1,64
1,<environment.Job instance at 0x7f44b268d640>,64,16,[ 2 12],65,-1,81,-1,65
1,<environment.Job instance at 0x7f44b23ca3c0>,65,12,[ 4 14],66,-1,78,-1,66
1,<environment.Job instance at 0x7f44b2711eb0>,6,16,[3 9],7,-1,24,-1,8
1,<environment.Job instance at 0x7f44b2711460>,8,12,[ 5 10],9,-1,21,-1,9
1,<environment.Job instance at 0x7f44b2711050>,13,21,[ 3 14],14,-1,43,-1,22
1,<environment.Job instance at 0x7f44b27115f0>,16,28,[6 1],17,-1,56,-1,28
1,<environment.Job instance at 0x7f44b2b1e690>,7,22,[11  2],8,-1,50,-1,28
1,<environment.Job instance at 0x7f44b2711820>,11,21,[4 8],12,-1,50,-1,29
1,<environment.Job instance at 0x7f44b2711500>,14,18,[8 3],15,-1,47,-1,29
1,<environment.Job instance at 0x7f44b2454550>,0,12,[14  1],1,-1,13,-1,1
1,<environment.Job instance at 0x7f44b27afd70>,1,28,[ 1 13],2,-1,30,-1,2
1,<environment.Job instance at 0x7f44b27af870>,3,22,[12  5],4,-1,26,-1,4
1,<environment.Job instance at 0x7f44b27af050>,5,12,[11  5],6,-1,18,-1,6
1,<environment.Job instance at 0x7f44b2454d70>,7,22,[11  2],8,-1,30,-1,8
1,<environment.Job instance at 0x7f44b27afa50>,9,17,[13  5],10,-1,27,-1,10
1,<environment.Job instance at 0x7f44b27af910>,10,12,[ 3 14],11,-1,23,-1,11
1,<environment.Job instance at 0x7f44b275afa0>,12,15,[ 4 12],13,-1,28,-1,13
1,<environment.Job instance at 0x7f44b27118c0>,13,21,[ 3 14],14,-1,35,-1,14
1,<environment.Job instance at 0x7f44b2b1e910>,16,28,[6 1],17,-1,48,-1,20
1,<environment.Job instance at 0x7f44b2ad1820>,19,27,[ 4 12],20,-1,48,-1,21
1,<environment.Job instance at 0x7f44b2ad1c30>,20,25,[12  4],21,-1,46,-1,21
1,<environment.Job instance at 0x7f44b27457d0>,21,20,[ 3 14],22,-1,42,-1,22
1,<environment.Job instance at 0x7f44b2745dc0>,22,13,[ 3 14],23,-1,36,-1,23
1,<environment.Job instance at 0x7f44b2745f50>,23,13,[11  5],24,-1,37,-1,24
1,<environment.Job instance at 0x7f44b2745aa0>,24,24,[8 4],25,-1,58,-1,34
1,<environment.Job instance at 0x7f44b2745230>,26,20,[12  3],27,-1,54,-1,34
1,<environment.Job instance at 0x7f44b2745c80>,27,25,[13  2],28,-1,59,-1,34
1,<environment.Job instance at 0x7f44b2745af0>,30,17,[12  4],31,-1,51,-1,34
1,<environment.Job instance at 0x7f44b2745870>,29,25,[1 6],30,-1,71,-1,46
1,<environment.Job instance at 0x7f44b27455a0>,32,27,[14  4],33,-1,73,-1,46
1,<environment.Job instance at 0x7f44b27450a0>,33,18,[14  2],34,-1,64,-1,46
1,<environment.Job instance at 0x7f44b2745730>,34,25,[13  3],35,-1,71,-1,46
1,<environment.Job instance at 0x7f44b2745910>,31,26,[1 9],32,-1,73,-1,47
1,<environment.Job instance at 0x7f44b2745d70>,36,23,[12  4],37,-1,70,-1,47
1,<environment.Job instance at 0x7f44b27458c0>,38,20,[11  2],39,-1,67,-1,47
1,<environment.Job instance at 0x7f44b2745b40>,39,16,[14  4],40,-1,63,-1,47
1,<environment.Job instance at 0x7f44b2748be0>,40,23,[7 4],41,-1,75,-1,52
1,<environment.Job instance at 0x7f44b2748c30>,43,22,[ 1 12],44,-1,74,-1,52
1,<environment.Job instance at 0x7f44b2748e10>,45,26,[ 3 12],46,-1,87,-1,61
1,<environment.Job instance at 0x7f44b2748370>,46,27,[ 2 14],47,-1,88,-1,61
1,<environment.Job instance at 0x7f44b2748690>,47,24,[13  5],48,-1,85,-1,61
1,<environment.Job instance at 0x7f44b2748640>,49,21,[13  4],50,-1,82,-1,61
1,<environment.Job instance at 0x7f44b2748d70>,50,22,[ 5 12],51,-1,83,-1,61
1,<environment.Job instance at 0x7f44b2748140>,52,15,[14  2],53,-1,79,-1,64
1,<environment.Job instance at 0x7f44b2748410>,53,15,[ 1 13],54,-1,79,-1,64
1,<environment.Job instance at 0x7f44b2748550>,54,20,[12  2],55,-1,84,-1,64
1,<environment.Job instance at 0x7f44b23eabe0>,0,22,[ 4 14],1,-1,23,-1,1
1,<environment.Job instance at 0x7f44b23eac80>,1,20,[11  4],2,-1,22,-1,2
1,<environment.Job instance at 0x7f44b25d6410>,2,23,[14  4],3,-1,26,-1,3
1,<environment.Job instance at 0x7f44b25d64b0>,3,19,[ 3 14],4,-1,23,-1,4
1,<environment.Job instance at 0x7f44b25d6550>,4,21,[14  2],5,-1,26,-1,5
1,<environment.Job instance at 0x7f44b25d65f0>,5,24,[14  2],6,-1,30,-1,6
1,<environment.Job instance at 0x7f44b25d6690>,6,21,[ 5 11],7,-1,28,-1,7
1,<environment.Job instance at 0x7f44b25d6730>,7,20,[ 2 12],8,-1,28,-1,8
1,<environment.Job instance at 0x7f44b25d67d0>,8,23,[ 4 11],9,-1,32,-1,9
1,<environment.Job instance at 0x7f44b25d6870>,9,16,[ 3 14],10,-1,26,-1,10
1,<environment.Job instance at 0x7f44b25d6910>,10,23,[ 3 13],11,-1,34,-1,11
1,<environment.Job instance at 0x7f44b25d69b0>,11,21,[14  4],12,-1,33,-1,12
1,<environment.Job instance at 0x7f44b25d6dc0>,18,14,[ 1 14],19,-1,33,-1,19
1,<environment.Job instance at 0x7f44b25d6af0>,13,24,[ 3 10],14,-1,52,-1,28
1,<environment.Job instance at 0x7f44b25d6f00>,19,25,[5 8],20,-1,53,-1,28
1,<environment.Job instance at 0x7f44b25bd0a0>,21,21,[ 3 11],22,-1,49,-1,28
1,<environment.Job instance at 0x7f44b25bd050>,22,14,[12  4],23,-1,42,-1,28
1,<environment.Job instance at 0x7f44b25bd230>,24,26,[ 3 12],25,-1,54,-1,28
1,<environment.Job instance at 0x7f44b25bd2d0>,25,12,[11  4],26,-1,40,-1,28
1,<environment.Job instance at 0x7f44b25d6fa0>,20,27,[7 4],21,-1,62,-1,35
1,<environment.Job instance at 0x7f44b25bd690>,28,12,[11  3],29,-1,47,-1,35
1,<environment.Job instance at 0x7f44b25bd6e0>,29,16,[ 3 12],30,-1,51,-1,35
1,<environment.Job instance at 0x7f44b25bd550>,31,15,[14  5],32,-1,57,-1,42
1,<environment.Job instance at 0x7f44b25bd780>,32,13,[14  1],33,-1,55,-1,42
1,<environment.Job instance at 0x7f44b25bd820>,33,24,[8 2],34,-1,71,-1,47
1,<environment.Job instance at 0x7f44b25bd8c0>,34,21,[ 2 12],35,-1,68,-1,47
1,<environment.Job instance at 0x7f44b25bdaa0>,35,23,[ 2 12],36,-1,70,-1,47
1,<environment.Job instance at 0x7f44b25bdb40>,37,26,[ 5 11],38,-1,73,-1,47
1,<environment.Job instance at 0x7f44b25bdcd0>,40,18,[14  2],41,-1,81,-1,63
1,<environment.Job instance at 0x7f44b25bdd70>,41,16,[ 5 11],42,-1,79,-1,63
1,<environment.Job instance at 0x7f44b25bdeb0>,42,22,[ 1 14],43,-1,85,-1,63
1,<environment.Job instance at 0x7f44b25bdf50>,44,25,[ 3 14],45,-1,93,-1,68
1,<environment.Job instance at 0x7f44b25d7140>,46,21,[ 5 14],47,-1,89,-1,68
1,<environment.Job instance at 0x7f44b2732e60>,0,18,[10  4],1,-1,19,-1,1
1,<environment.Job instance at 0x7f44b32f85a0>,11,18,[5 9],12,-1,31,-1,13
1,<environment.Job instance at 0x7f44b25d7af0>,2,24,[13  3],3,-1,27,-1,3
1,<environment.Job instance at 0x7f44b25d7b90>,4,25,[12  2],5,-1,30,-1,5
1,<environment.Job instance at 0x7f44b25d75f0>,5,25,[14  1],6,-1,31,-1,6
1,<environment.Job instance at 0x7f44b25d7780>,8,23,[14  2],9,-1,32,-1,9
1,<environment.Job instance at 0x7f44b25d7550>,6,27,[5 5],7,-1,45,-1,18
1,<environment.Job instance at 0x7f44b25d7460>,12,12,[12  4],13,-1,30,-1,18
1,<environment.Job instance at 0x7f44b25d7640>,13,21,[ 2 11],14,-1,39,-1,18
1,<environment.Job instance at 0x7f44b25d71e0>,14,23,[14  3],15,-1,41,-1,18
1,<environment.Job instance at 0x7f44b23f2f00>,15,25,[9 2],16,-1,44,-1,19
1,<environment.Job instance at 0x7f44b25d7050>,17,19,[11  1],18,-1,38,-1,19
1,<environment.Job instance at 0x7f44b25d6d70>,20,23,[ 2 11],21,-1,54,-1,31
1,<environment.Job instance at 0x7f44b25d6eb0>,22,19,[ 5 14],23,-1,51,-1,32
1,<environment.Job instance at 0x7f44b25d6a50>,24,27,[11  3],25,-1,74,-1,47
1,<environment.Job instance at 0x7f44b25d69b0>,25,26,[2 6],26,-1,73,-1,47
1,<environment.Job instance at 0x7f44b25d6c30>,21,27,[1 8],22,-1,74,-1,47
1,<environment.Job instance at 0x7f44b25d67d0>,28,25,[14  2],29,-1,72,-1,47
1,<environment.Job instance at 0x7f44b25d6460>,32,26,[13  5],33,-1,74,-1,48
1,<environment.Job instance at 0x7f44b25d6550>,33,24,[ 2 10],34,-1,86,-1,62
1,<environment.Job instance at 0x7f44b23eabe0>,35,27,[10  2],36,-1,90,-1,63
1,<environment.Job instance at 0x7f44b25bdf50>,37,27,[7 2],38,-1,90,-1,63
1,<environment.Job instance at 0x7f44b25bdeb0>,38,15,[13  2],39,-1,78,-1,63
1,<environment.Job instance at 0x7f44b25bdb90>,39,17,[11  1],40,-1,80,-1,63
1,<environment.Job instance at 0x7f44b25bdcd0>,40,24,[13  2],41,-1,87,-1,63
1,<environment.Job instance at 0x7f44b25bdbe0>,42,25,[11  4],43,-1,88,-1,63
1,<environment.Job instance at 0x7f44bbecb320>,0,20,[2 9],1,-1,22,-1,2
1,<environment.Job instance at 0x7f44b25d7dc0>,1,17,[ 2 13],2,-1,20,-1,3
1,<environment.Job instance at 0x7f44bbecbf50>,5,18,[1 7],6,-1,24,-1,6
1,<environment.Job instance at 0x7f44b25bd730>,1,17,[ 2 13],2,-1,19,-1,2
1,<environment.Job instance at 0x7f44b25bd6e0>,2,27,[12  4],3,-1,30,-1,3
1,<environment.Job instance at 0x7f44b25bd550>,4,12,[ 1 12],5,-1,17,-1,5
1,<environment.Job instance at 0x7f44b25bd8c0>,6,12,[ 5 12],7,-1,19,-1,7
1,<environment.Job instance at 0x7f44b25bdc30>,7,14,[14  1],8,-1,22,-1,8
1,<environment.Job instance at 0x7f44b25bdd20>,9,14,[12  4],10,-1,24,-1,10
1,<environment.Job instance at 0x7f44b25bddc0>,10,18,[11  5],11,-1,29,-1,11
1,<environment.Job instance at 0x7f44b25bdeb0>,12,12,[14  4],13,-1,25,-1,13
1,<environment.Job instance at 0x7f44b25bdc80>,14,25,[13  4],15,-1,40,-1,15
1,<environment.Job instance at 0x7f44b23eabe0>,16,13,[12  2],17,-1,31,-1,18
1,<environment.Job instance at 0x7f44b23eab90>,17,22,[13  4],18,-1,40,-1,18
1,<environment.Job instance at 0x7f44b25d7280>,18,14,[11  2],19,-1,33,-1,19
1,<environment.Job instance at 0x7f44b25d71e0>,19,24,[ 2 14],20,-1,44,-1,20
1,<environment.Job instance at 0x7f44b25d7230>,20,28,[2 7],21,-1,49,-1,21
1,<environment.Job instance at 0x7f44b25d7410>,21,13,[ 1 14],22,-1,35,-1,22
1,<environment.Job instance at 0x7f44b25d7a50>,23,23,[12  2],24,-1,47,-1,24
1,<environment.Job instance at 0x7f44b25d7d70>,24,18,[ 4 12],25,-1,43,-1,25
1,<environment.Job instance at 0x7f44b25d72d0>,25,25,[6 5],26,-1,58,-1,33
1,<environment.Job instance at 0x7f44b25d7190>,27,27,[5 9],28,-1,61,-1,34
1,<environment.Job instance at 0x7f44b25d7780>,28,27,[2 6],29,-1,61,-1,34
1,<environment.Job instance at 0x7f44b25d7550>,29,17,[ 4 14],30,-1,51,-1,34
1,<environment.Job instance at 0x7f44b25d75f0>,30,15,[ 2 14],31,-1,49,-1,34
1,<environment.Job instance at 0x7f44b25d7b90>,31,17,[ 5 13],32,-1,51,-1,34
1,<environment.Job instance at 0x7f44b25d7a00>,32,23,[12  3],33,-1,57,-1,34
1,<environment.Job instance at 0x7f44b2b2b410>,33,20,[14  1],34,-1,54,-1,34
1,<environment.Job instance at 0x7f44bbe3a0a0>,38,25,[ 1 10],39,-1,85,-1,60
1,<environment.Job instance at 0x7f44bbecb460>,40,18,[14  3],41,-1,78,-1,60
1,<environment.Job instance at 0x7f44bbecb780>,43,18,[14  3],44,-1,78,-1,60
1,<environment.Job instance at 0x7f44b263e5a0>,44,23,[ 2 11],45,-1,83,-1,60
1,<environment.Job instance at 0x7f44b263e780>,45,18,[ 5 11],46,-1,78,-1,60
1,<environment.Job instance at 0x7f44b263eaa0>,46,27,[11  5],47,-1,87,-1,60
1,<environment.Job instance at 0x7f44b263e3c0>,47,17,[12  5],48,-1,77,-1,60
1,<environment.Job instance at 0x7f44b263ea50>,49,21,[11  1],50,-1,81,-1,60
1,<environment.Job instance at 0x7f44b263e550>,50,14,[12  4],51,-1,74,-1,60
1,<environment.Job instance at 0x7f44b263e5f0>,1,16,[14  3],2,-1,18,-1,2
1,<environment.Job instance at 0x7f44b263e280>,2,20,[11  1],3,-1,23,-1,3
1,<environment.Job instance at 0x7f44b263e5a0>,6,20,[ 4 13],7,-1,27,-1,7
1,<environment.Job instance at 0x7f44b263edc0>,7,21,[12  5],8,-1,29,-1,8
1,<environment.Job instance at 0x7f44b263ed70>,10,24,[11  4],11,-1,35,-1,11
1,<environment.Job instance at 0x7f44b263ea50>,4,27,[7 2],5,-1,45,-1,18
1,<environment.Job instance at 0x7f44bc39cf00>,12,27,[5 1],13,-1,45,-1,18
1,<environment.Job instance at 0x7f44b263ee10>,9,25,[6 1],10,-1,43,-1,18
1,<environment.Job instance at 0x7f44b2128b40>,14,17,[14  5],15,-1,35,-1,18
1,<environment.Job instance at 0x7f44bbde5500>,15,25,[6 1],16,-1,43,-1,18
1,<environment.Job instance at 0x7f44b3107870>,18,13,[13  1],19,-1,32,-1,19
1,<environment.Job instance at 0x7f44b3107640>,17,25,[8 3],18,-1,56,-1,31
1,<environment.Job instance at 0x7f44b257c460>,22,19,[12  1],23,-1,50,-1,31
1,<environment.Job instance at 0x7f44b1ec7280>,23,26,[4 7],24,-1,72,-1,46
1,<environment.Job instance at 0x7f44b1ec7500>,25,18,[ 2 13],26,-1,64,-1,46
1,<environment.Job instance at 0x7f44b380e8c0>,34,15,[13  2],35,-1,81,-1,66
1,<environment.Job instance at 0x7f44b1ec2be0>,35,17,[12  3],36,-1,83,-1,66
1,<environment.Job instance at 0x7f44b1ec25f0>,36,28,[ 4 12],37,-1,94,-1,66
1,<environment.Job instance at 0x7f44b1e83f50>,1,20,[5 6],2,-1,22,-1,2
1,<environment.Job instance at 0x7f44b2aa9050>,11,23,[12  3],12,-1,36,-1,13
1,<environment.Job instance at 0x7f44b2aa91e0>,6,18,[ 4 13],7,-1,43,-1,25
1,<environment.Job instance at 0x7f44b2aa9cd0>,16,18,[10  2],17,-1,45,-1,27
1,<environment.Job instance at 0x7f44b2aa9960>,17,20,[7 5],18,-1,47,-1,27
1,<environment.Job instance at 0x7f44b2aa9550>,18,17,[13  5],19,-1,44,-1,27
1,<environment.Job instance at 0x7f44b242c960>,4,27,[ 2 14],5,-1,54,-1,27
1,<environment.Job instance at 0x7f44b263e820>,3,25,[13  4],4,-1,52,-1,27
1,<environment.Job instance at 0x7f44b2aa9b40>,21,23,[ 4 11],22,-1,50,-1,27
1,<environment.Job instance at 0x7f44b2aa9140>,15,23,[4 5],16,-1,50,-1,27
1,<environment.Job instance at 0x7f44b2aa9500>,24,19,[ 4 11],25,-1,46,-1,27
1,<environment.Job instance at 0x7f44b1e9b5a0>,0,27,[ 3 14],1,-1,28,-1,1
1,<environment.Job instance at 0x7f44b294cb40>,2,27,[ 5 13],3,-1,30,-1,3
1,<environment.Job instance at 0x7f44b1e9bf50>,3,25,[13  4],4,-1,29,-1,4
1,<environment.Job instance at 0x7f44b2b10d70>,4,27,[ 2 14],5,-1,32,-1,5
1,<environment.Job instance at 0x7f44b2b10410>,6,18,[ 4 13],7,-1,25,-1,7
1,<environment.Job instance at 0x7f44b2dff6e0>,7,12,[ 5 12],8,-1,20,-1,8
1,<environment.Job instance at 0x7f44b1ec20a0>,11,23,[12  3],12,-1,35,-1,12
1,<environment.Job instance at 0x7f44b1ec2140>,14,12,[13  4],15,-1,34,-1,22
1,<environment.Job instance at 0x7f44b213aaa0>,15,23,[4 5],16,-1,45,-1,22
1,<environment.Job instance at 0x7f44b23ea7d0>,18,17,[13  5],19,-1,39,-1,22
1,<environment.Job instance at 0x7f44b257c460>,19,26,[4 6],20,-1,48,-1,22
1,<environment.Job instance at 0x7f44b23eab90>,21,23,[ 4 11],22,-1,45,-1,22
1,<environment.Job instance at 0x7f44bbde5500>,22,26,[ 3 14],23,-1,61,-1,35
1,<environment.Job instance at 0x7f44b2147640>,23,12,[ 2 13],24,-1,47,-1,35
1,<environment.Job instance at 0x7f44b2a49960>,24,19,[ 4 11],25,-1,54,-1,35
1,<environment.Job instance at 0x7f44b2eb1d20>,26,12,[11  1],27,-1,50,-1,38
1,<environment.Job instance at 0x7f44b3180320>,28,25,[14  5],29,-1,75,-1,50
1,<environment.Job instance at 0x7f44b3180eb0>,29,27,[6 1],30,-1,77,-1,50
1,<environment.Job instance at 0x7f44b263e910>,31,13,[12  5],32,-1,63,-1,50
1,<environment.Job instance at 0x7f44b263ee10>,33,16,[11  4],34,-1,79,-1,63
1,<environment.Job instance at 0x7f44b263ec80>,35,27,[12  1],36,-1,92,-1,65
1,<environment.Job instance at 0x7f44b263e230>,36,22,[11  5],37,-1,87,-1,65
1,<environment.Job instance at 0x7f44b263ee60>,38,22,[ 3 14],39,-1,87,-1,65
1,<environment.Job instance at 0x7f44b32cad20>,1,16,[4 6],2,-1,18,-1,2
1,<environment.Job instance at 0x7f44b3763eb0>,0,26,[ 4 14],1,-1,27,-1,1
1,<environment.Job instance at 0x7f44b3763e10>,2,16,[ 1 11],3,-1,19,-1,3
1,<environment.Job instance at 0x7f44b1f2d2d0>,3,15,[14  5],4,-1,19,-1,4
1,<environment.Job instance at 0x7f44b1f2d9b0>,4,17,[13  1],5,-1,22,-1,5
1,<environment.Job instance at 0x7f44b1f2d870>,5,23,[ 4 11],6,-1,29,-1,6
1,<environment.Job instance at 0x7f44b1f2d960>,6,21,[ 5 14],7,-1,28,-1,7
1,<environment.Job instance at 0x7f44b1f2d550>,7,17,[13  3],8,-1,25,-1,8
1,<environment.Job instance at 0x7f44b1f2dc30>,10,14,[13  2],11,-1,25,-1,11
1,<environment.Job instance at 0x7f44b1f58a00>,12,23,[ 1 14],13,-1,36,-1,13
1,<environment.Job instance at 0x7f44b1f58e60>,15,28,[ 5 11],16,-1,44,-1,16
1,<environment.Job instance at 0x7f44b1f5b500>,16,19,[11  5],17,-1,36,-1,17
1,<environment.Job instance at 0x7f44b1f58960>,13,27,[5 5],14,-1,45,-1,18
1,<environment.Job instance at 0x7f44b1f5bc80>,17,27,[ 2 14],18,-1,45,-1,18
1,<environment.Job instance at 0x7f44b1f5b550>,18,23,[3 7],19,-1,57,-1,34
1,<environment.Job instance at 0x7f44b1f33c80>,22,23,[ 3 12],23,-1,57,-1,34
1,<environment.Job instance at 0x7f44b1f33a00>,23,20,[11  5],24,-1,54,-1,34
1,<environment.Job instance at 0x7f44b1f246e0>,24,27,[12  3],25,-1,61,-1,34
1,<environment.Job instance at 0x7f44b1f24730>,25,24,[6 1],26,-1,58,-1,34
1,<environment.Job instance at 0x7f44b1f24550>,26,26,[ 1 12],27,-1,60,-1,34
1,<environment.Job instance at 0x7f44b1f247d0>,27,13,[12  3],28,-1,47,-1,34
1,<environment.Job instance at 0x7f44b1f245a0>,28,25,[1 5],29,-1,59,-1,34
1,<environment.Job instance at 0x7f44b1f1f960>,30,24,[11  5],31,-1,58,-1,34
1,<environment.Job instance at 0x7f44b1f1f230>,31,25,[2 7],32,-1,59,-1,34
1,<environment.Job instance at 0x7f44b1f1f8c0>,32,23,[10  4],33,-1,57,-1,34
1,<environment.Job instance at 0x7f44b1f2e6e0>,33,21,[ 3 14],34,-1,55,-1,34
1,<environment.Job instance at 0x7f44b1f33230>,21,25,[5 8],22,-1,59,-1,34
1,<environment.Job instance at 0x7f44b1f51c30>,36,18,[14  2],37,-1,55,-1,37
1,<environment.Job instance at 0x7f44b1f511e0>,37,27,[ 5 13],38,-1,65,-1,38
1,<environment.Job instance at 0x7f44b1f51190>,39,21,[12  3],40,-1,72,-1,51
1,<environment.Job instance at 0x7f44b1f3c140>,40,27,[ 5 12],41,-1,78,-1,51
1,<environment.Job instance at 0x7f44b1f3c640>,42,16,[ 2 13],43,-1,68,-1,52
1,<environment.Job instance at 0x7f44b1f2c2d0>,45,13,[14  1],46,-1,80,-1,67
1,<environment.Job instance at 0x7f44b1f2cd20>,46,26,[11  5],47,-1,93,-1,67
1,<environment.Job instance at 0x7f44b1f2c190>,47,14,[ 2 13],48,-1,81,-1,67
1,<environment.Job instance at 0x7f44b2bb45f0>,48,13,[14  5],49,-1,80,-1,67
1,<environment.Job instance at 0x7f44b2bb4370>,49,18,[12  4],50,-1,85,-1,67
1,<environment.Job instance at 0x7f44b2bb4c30>,50,21,[ 2 14],51,-1,88,-1,67
1,<environment.Job instance at 0x7f44b2bb4f50>,52,23,[13  4],53,-1,92,-1,69
1,<environment.Job instance at 0x7f44b2461140>,3,24,[5 8],4,-1,28,-1,4
1,<environment.Job instance at 0x7f44b2d5f410>,1,24,[14  3],2,-1,26,-1,2
1,<environment.Job instance at 0x7f44b2d5f0a0>,2,25,[12  1],3,-1,28,-1,3
1,<environment.Job instance at 0x7f44b3775550>,3,24,[5 8],4,-1,28,-1,4
1,<environment.Job instance at 0x7f44b37751e0>,4,13,[ 1 13],5,-1,18,-1,5
1,<environment.Job instance at 0x7f44b3013fa0>,5,23,[1 5],6,-1,29,-1,6
1,<environment.Job instance at 0x7f44b2d5fc30>,6,22,[ 5 11],7,-1,29,-1,7
1,<environment.Job instance at 0x7f44b2d51820>,7,24,[ 5 13],8,-1,32,-1,8
1,<environment.Job instance at 0x7f44b3015a50>,8,13,[ 1 14],9,-1,22,-1,9
1,<environment.Job instance at 0x7f44b2d657d0>,9,26,[12  4],10,-1,36,-1,10
1,<environment.Job instance at 0x7f44b2d65eb0>,11,21,[13  2],12,-1,33,-1,12
1,<environment.Job instance at 0x7f44b2cb2b40>,12,23,[14  5],13,-1,36,-1,13
1,<environment.Job instance at 0x7f44b2cb2910>,13,14,[14  2],14,-1,28,-1,14
1,<environment.Job instance at 0x7f44b37630f0>,20,18,[ 5 14],21,-1,42,-1,24
1,<environment.Job instance at 0x7f44b3763eb0>,21,17,[ 3 13],22,-1,41,-1,24
1,<environment.Job instance at 0x7f44b3763f50>,22,23,[13  3],23,-1,47,-1,24
1,<environment.Job instance at 0x7f44b37630a0>,23,18,[ 2 12],24,-1,42,-1,24
1,<environment.Job instance at 0x7f44b2cb2550>,16,28,[5 4],17,-1,52,-1,24
1,<environment.Job instance at 0x7f44b33575f0>,24,28,[11  1],25,-1,53,-1,25
1,<environment.Job instance at 0x7f44b3763d20>,26,12,[13  5],27,-1,39,-1,27
1,<environment.Job instance at 0x7f44b254c280>,27,20,[ 5 14],28,-1,48,-1,28
1,<environment.Job instance at 0x7f44b2a49b40>,28,27,[ 2 14],29,-1,56,-1,29
1,<environment.Job instance at 0x7f44b254cb90>,30,15,[ 4 11],31,-1,46,-1,31
1,<environment.Job instance at 0x7f44b305ef50>,31,15,[13  5],32,-1,47,-1,32
1,<environment.Job instance at 0x7f44b2f735a0>,32,13,[14  4],33,-1,46,-1,33
1,<environment.Job instance at 0x7f44b3851910>,33,16,[14  2],34,-1,50,-1,34
1,<environment.Job instance at 0x7f44b27dfe10>,34,25,[14  4],35,-1,60,-1,35
1,<environment.Job instance at 0x7f44b2f4b230>,35,19,[13  5],36,-1,55,-1,36
1,<environment.Job instance at 0x7f44b232baf0>,36,26,[10  2],37,-1,69,-1,43
1,<environment.Job instance at 0x7f44b3006870>,40,23,[ 3 13],41,-1,66,-1,43
1,<environment.Job instance at 0x7f44b2f4baa0>,41,13,[12  5],42,-1,56,-1,43
1,<environment.Job instance at 0x7f44b2f4b870>,39,26,[2 9],40,-1,69,-1,43
1,<environment.Job instance at 0x7f44b3000910>,45,26,[5 7],46,-1,84,-1,58
1,<environment.Job instance at 0x7f44b3000730>,46,28,[14  1],47,-1,86,-1,58
1,<environment.Job instance at 0x7f44b2d2d0a0>,47,16,[ 3 12],48,-1,74,-1,58
1,<environment.Job instance at 0x7f44b336e460>,48,26,[12  1],49,-1,84,-1,58
1,<environment.Job instance at 0x7f44b336ed20>,49,22,[14  5],50,-1,80,-1,58
1,<environment.Job instance at 0x7f44b3782d70>,50,18,[12  5],51,-1,76,-1,58
1,<environment.Job instance at 0x7f44b3782280>,51,14,[13  4],52,-1,72,-1,58
1,<environment.Job instance at 0x7f44b3782a00>,52,25,[ 1 13],53,-1,83,-1,58
1,<environment.Job instance at 0x7f44b27fa3c0>,54,16,[11  5],55,-1,74,-1,58
1,<environment.Job instance at 0x7f44b27fa820>,55,25,[2 8],56,-1,83,-1,58
1,<environment.Job instance at 0x7f44b3407cd0>,0,15,[10  1],1,-1,17,-1,2
1,<environment.Job instance at 0x7f44b2e51be0>,2,16,[6 5],3,-1,19,-1,3
1,<environment.Job instance at 0x7f44b2e51b90>,3,14,[5 4],4,-1,18,-1,4
1,<environment.Job instance at 0x7f44b1ff3d70>,10,28,[ 1 11],11,-1,41,-1,13
1,<environment.Job instance at 0x7f44b1ff35f0>,9,16,[9 2],10,-1,29,-1,13
1,<environment.Job instance at 0x7f44b2450320>,16,17,[14  2],17,-1,34,-1,17
1,<environment.Job instance at 0x7f44b1ff30a0>,11,22,[8 3],12,-1,39,-1,17
1,<environment.Job instance at 0x7f44b2450e10>,17,17,[ 1 12],18,-1,35,-1,18
1,<environment.Job instance at 0x7f44b3407320>,4,12,[ 3 12],5,-1,17,-1,5
1,<environment.Job instance at 0x7f44b23d5a50>,5,12,[11  4],6,-1,18,-1,6
1,<environment.Job instance at 0x7f44b2931820>,6,20,[ 3 14],7,-1,27,-1,7
1,<environment.Job instance at 0x7f44b2388e10>,7,16,[12  1],8,-1,24,-1,8
1,<environment.Job instance at 0x7f44b23c70a0>,10,28,[ 1 11],11,-1,39,-1,11
1,<environment.Job instance at 0x7f44b23c7730>,12,28,[14  4],13,-1,44,-1,16
1,<environment.Job instance at 0x7f44b23c7f00>,13,27,[13  4],14,-1,43,-1,16
1,<environment.Job instance at 0x7f44b3350b40>,14,12,[ 5 11],15,-1,28,-1,16
1,<environment.Job instance at 0x7f44b2081460>,16,17,[14  2],17,-1,34,-1,17
1,<environment.Job instance at 0x7f44b313dfa0>,17,17,[ 1 12],18,-1,35,-1,18
1,<environment.Job instance at 0x7f44b2081d20>,19,22,[ 3 14],20,-1,42,-1,20
1,<environment.Job instance at 0x7f44b313db40>,20,15,[ 2 11],21,-1,36,-1,21
1,<environment.Job instance at 0x7f44b313d910>,21,22,[ 2 13],22,-1,44,-1,22
1,<environment.Job instance at 0x7f44b313de10>,23,26,[ 4 14],24,-1,54,-1,28
1,<environment.Job instance at 0x7f44b313d460>,25,26,[3 9],26,-1,63,-1,37
1,<environment.Job instance at 0x7f44b313d410>,27,23,[8 2],28,-1,67,-1,44
1,<environment.Job instance at 0x7f44b313dc80>,28,26,[ 2 11],29,-1,70,-1,44
1,<environment.Job instance at 0x7f44b313d0f0>,29,27,[6 4],30,-1,71,-1,44
1,<environment.Job instance at 0x7f44b313d6e0>,30,25,[ 4 14],31,-1,69,-1,44
1,<environment.Job instance at 0x7f44b313d780>,32,18,[ 2 12],33,-1,62,-1,44
1,<environment.Job instance at 0x7f44b313db90>,26,23,[10  3],27,-1,76,-1,53
1,<environment.Job instance at 0x7f44b313deb0>,34,24,[13  5],35,-1,77,-1,53
1,<environment.Job instance at 0x7f44b2aab460>,35,12,[ 4 13],36,-1,65,-1,53
1,<environment.Job instance at 0x7f44b2aab140>,36,27,[14  3],37,-1,80,-1,53
1,<environment.Job instance at 0x7f44b2aab5f0>,39,27,[12  5],40,-1,80,-1,53
1,<environment.Job instance at 0x7f44b2aab1e0>,41,13,[11  1],42,-1,74,-1,61
1,<environment.Job instance at 0x7f44b2aab9b0>,42,26,[ 1 13],43,-1,87,-1,61
1,<environment.Job instance at 0x7f44b2aabf50>,43,13,[ 1 13],44,-1,74,-1,61
1,<environment.Job instance at 0x7f44b2aab8c0>,44,18,[12  5],45,-1,79,-1,61
1,<environment.Job instance at 0x7f44b2aab410>,45,24,[ 5 12],46,-1,85,-1,61
1,<environment.Job instance at 0x7f44b2aabf00>,46,22,[ 3 14],47,-1,83,-1,61
1,<environment.Job instance at 0x7f44bc0807d0>,0,14,[11  5],1,-1,15,-1,1
1,<environment.Job instance at 0x7f44bc0801e0>,2,23,[ 4 13],3,-1,26,-1,3
1,<environment.Job instance at 0x7f44bc080d70>,3,19,[11  1],4,-1,23,-1,4
1,<environment.Job instance at 0x7f44bc080370>,4,26,[11  4],5,-1,31,-1,5
1,<environment.Job instance at 0x7f44bc0800f0>,7,13,[ 3 13],8,-1,21,-1,8
1,<environment.Job instance at 0x7f44bc1ec320>,8,15,[14  4],9,-1,24,-1,9
1,<environment.Job instance at 0x7f44bc1ec640>,9,18,[ 3 14],10,-1,28,-1,10
1,<environment.Job instance at 0x7f44bc1ec280>,11,21,[ 4 12],12,-1,33,-1,12
1,<environment.Job instance at 0x7f44bc1ec1e0>,13,18,[11  5],14,-1,32,-1,14
1,<environment.Job instance at 0x7f44bc1ec730>,10,28,[5 2],11,-1,45,-1,17
1,<environment.Job instance at 0x7f44b2aabb40>,17,21,[11  3],18,-1,39,-1,18
1,<environment.Job instance at 0x7f44b2aabaf0>,19,23,[5 5],20,-1,43,-1,20
1,<environment.Job instance at 0x7f44b2aab1e0>,21,14,[11  3],22,-1,36,-1,22
1,<environment.Job instance at 0x7f44b2aabdc0>,23,27,[11  2],24,-1,51,-1,24
1,<environment.Job instance at 0x7f44b2aab410>,22,28,[2 7],23,-1,58,-1,30
1,<environment.Job instance at 0x7f44b2aaba50>,26,22,[14  2],27,-1,52,-1,30
1,<environment.Job instance at 0x7f44b2aabb90>,29,22,[ 2 11],30,-1,59,-1,37
1,<environment.Job instance at 0x7f44b313da00>,30,16,[11  5],31,-1,53,-1,37
1,<environment.Job instance at 0x7f44b313ddc0>,32,24,[13  4],33,-1,61,-1,37
1,<environment.Job instance at 0x7f44b313d780>,33,24,[4 7],34,-1,61,-1,37
1,<environment.Job instance at 0x7f44b313db90>,37,14,[13  2],38,-1,65,-1,51
1,<environment.Job instance at 0x7f44b313db40>,39,24,[ 1 14],40,-1,77,-1,53
1,<environment.Job instance at 0x7f44b313d2d0>,40,28,[7 5],41,-1,95,-1,67
1,<environment.Job instance at 0x7f44b313d910>,41,22,[12  4],42,-1,89,-1,67
1,<environment.Job instance at 0x7f44b313d370>,43,24,[8 5],44,-1,93,-1,69
1,<environment.Job instance at 0x7f44b313d050>,44,19,[13  1],45,-1,88,-1,69
1,<environment.Job instance at 0x7f44b373c140>,45,23,[11  5],46,-1,92,-1,69
1,<environment.Job instance at 0x7f44b2081460>,46,23,[ 2 12],47,-1,92,-1,69
1,<environment.Job instance at 0x7f44b2071e60>,3,19,[10  1],4,-1,24,-1,5
1,<environment.Job instance at 0x7f44b2071280>,5,20,[1 8],6,-1,26,-1,6
1,<environment.Job instance at 0x7f44b2071230>,6,18,[5 4],7,-1,25,-1,7
1,<environment.Job instance at 0x7f44b2071320>,7,17,[7 2],8,-1,25,-1,8
1,<environment.Job instance at 0x7f44b25756e0>,8,18,[ 4 10],9,-1,27,-1,9
1,<environment.Job instance at 0x7f44b2071960>,4,22,[11  1],5,-1,32,-1,10
1,<environment.Job instance at 0x7f44b25759b0>,14,25,[9 5],15,-1,58,-1,33
1,<environment.Job instance at 0x7f44b2575730>,13,15,[10  5],14,-1,48,-1,33
1,<environment.Job instance at 0x7f44b2575050>,19,26,[7 2],20,-1,59,-1,33
1,<environment.Job instance at 0x7f44b2575780>,16,16,[4 7],17,-1,49,-1,33
1,<environment.Job instance at 0x7f44b2575a50>,15,22,[3 8],16,-1,55,-1,33
1,<environment.Job instance at 0x7f44b2aabb90>,0,17,[14  2],1,-1,18,-1,1
1,<environment.Job instance at 0x7f44b2aabbe0>,1,14,[ 3 14],2,-1,16,-1,2
1,<environment.Job instance at 0x7f44b2aab9b0>,2,20,[ 4 11],3,-1,23,-1,3
1,<environment.Job instance at 0x7f44b2aab500>,4,22,[11  1],5,-1,27,-1,5
1,<environment.Job instance at 0x7f44b2aab5f0>,10,14,[ 2 12],11,-1,25,-1,11
1,<environment.Job instance at 0x7f44b2aaba00>,11,28,[11  4],12,-1,40,-1,12
1,<environment.Job instance at 0x7f44bc1ec730>,12,22,[ 5 12],13,-1,35,-1,13
1,<environment.Job instance at 0x7f44b2aab640>,14,25,[9 5],15,-1,65,-1,40
1,<environment.Job instance at 0x7f44bc1ec7d0>,18,22,[ 1 13],19,-1,62,-1,40
1,<environment.Job instance at 0x7f44b2434c80>,19,26,[7 2],20,-1,66,-1,40
1,<environment.Job instance at 0x7f44b2575b90>,20,15,[13  5],21,-1,55,-1,40
1,<environment.Job instance at 0x7f44b2071190>,22,25,[10  3],23,-1,77,-1,52
1,<environment.Job instance at 0x7f44b2071cd0>,23,18,[ 4 11],24,-1,70,-1,52
1,<environment.Job instance at 0x7f44b2599910>,25,18,[ 5 14],26,-1,70,-1,52
1,<environment.Job instance at 0x7f44b25993c0>,26,18,[ 3 11],27,-1,70,-1,52
1,<environment.Job instance at 0x7f44b2599050>,27,27,[11  1],28,-1,79,-1,52
1,<environment.Job instance at 0x7f44b2599690>,28,28,[11  2],29,-1,80,-1,52
1,<environment.Job instance at 0x7f44b2599f00>,29,23,[ 4 11],30,-1,75,-1,52
1,<environment.Job instance at 0x7f44b2599f50>,30,22,[ 1 14],31,-1,74,-1,52
1,<environment.Job instance at 0x7f44b2599550>,34,27,[11  4],35,-1,94,-1,67
1,<environment.Job instance at 0x7f44b2557c30>,0,13,[9 1],1,-1,15,-1,2
1,<environment.Job instance at 0x7f44b344bcd0>,7,23,[9 5],8,-1,31,-1,8
1,<environment.Job instance at 0x7f44b344b960>,8,27,[7 3],9,-1,36,-1,9
1,<environment.Job instance at 0x7f44b344b4b0>,9,22,[3 9],10,-1,32,-1,10
1,<environment.Job instance at 0x7f44b2074140>,1,27,[ 5 14],2,-1,29,-1,2
1,<environment.Job instance at 0x7f44b2079af0>,2,17,[14  2],3,-1,20,-1,3
1,<environment.Job instance at 0x7f44bc1ec320>,3,15,[12  2],4,-1,19,-1,4
1,<environment.Job instance at 0x7f44bc1ecf00>,4,20,[12  3],5,-1,25,-1,5
1,<environment.Job instance at 0x7f44bc1ec370>,6,26,[13  3],7,-1,33,-1,7
1,<environment.Job instance at 0x7f44b2557870>,10,13,[13  3],11,-1,24,-1,11
1,<environment.Job instance at 0x7f44b25570f0>,11,12,[12  5],12,-1,24,-1,12
1,<environment.Job instance at 0x7f44b25578c0>,12,14,[12  5],13,-1,27,-1,13
1,<environment.Job instance at 0x7f44b311abe0>,13,22,[14  5],14,-1,36,-1,14
1,<environment.Job instance at 0x7f44bc1ec280>,7,23,[9 5],8,-1,41,-1,18
1,<environment.Job instance at 0x7f44b311ae60>,17,14,[12  5],18,-1,32,-1,18
1,<environment.Job instance at 0x7f44b2081460>,8,27,[7 3],9,-1,45,-1,18
1,<environment.Job instance at 0x7f44b311a460>,18,14,[12  2],19,-1,33,-1,19
1,<environment.Job instance at 0x7f44b2397230>,19,23,[ 5 11],20,-1,43,-1,20
1,<environment.Job instance at 0x7f44b311a730>,21,14,[ 3 11],22,-1,36,-1,22
1,<environment.Job instance at 0x7f44b2397410>,22,15,[11  2],23,-1,38,-1,23
1,<environment.Job instance at 0x7f44b2397c30>,23,17,[ 5 11],24,-1,41,-1,24
1,<environment.Job instance at 0x7f44b2397b90>,30,15,[13  3],31,-1,64,-1,49
1,<environment.Job instance at 0x7f44b23971e0>,31,17,[ 1 14],32,-1,66,-1,49
1,<environment.Job instance at 0x7f44b2397140>,33,28,[ 5 13],34,-1,82,-1,54
1,<environment.Job instance at 0x7f44b23977d0>,34,15,[12  1],35,-1,69,-1,54
1,<environment.Job instance at 0x7f44b2397f00>,35,25,[ 5 14],36,-1,79,-1,54
1,<environment.Job instance at 0x7f44b2397a00>,29,25,[9 4],30,-1,93,-1,68
1,<environment.Job instance at 0x7f44b2397190>,38,27,[10  5],39,-1,95,-1,68
1,<environment.Job instance at 0x7f44b2375a00>,39,18,[11  4],40,-1,86,-1,68
1,<environment.Job instance at 0x7f44b2375eb0>,40,14,[14  4],41,-1,82,-1,68
1,<environment.Job instance at 0x7f44b2375960>,41,26,[ 5 12],42,-1,94,-1,68
1,<environment.Job instance at 0x7f44b23750f0>,43,16,[13  4],44,-1,84,-1,68
1,<environment.Job instance at 0x7f44bbe7f410>,0,17,[2 9],1,-1,19,-1,2
1,<environment.Job instance at 0x7f44b1e8f690>,2,20,[ 1 13],3,-1,23,-1,3
1,<environment.Job instance at 0x7f44b2074f00>,1,24,[5 4],2,-1,27,-1,3
1,<environment.Job instance at 0x7f44bbe7faa0>,3,15,[10  1],4,-1,20,-1,5
1,<environment.Job instance at 0x7f44b1e8fcd0>,5,12,[1 9],6,-1,18,-1,6
1,<environment.Job instance at 0x7f44b1e8fb40>,6,27,[3 6],7,-1,34,-1,7
1,<environment.Job instance at 0x7f44b1e8fa50>,7,13,[5 8],8,-1,21,-1,8
1,<environment.Job instance at 0x7f44b1e8f050>,8,18,[5 2],9,-1,27,-1,9
1,<environment.Job instance at 0x7f44b1e8f870>,10,27,[5 2],11,-1,38,-1,11
1,<environment.Job instance at 0x7f44b1e80370>,11,12,[ 3 13],12,-1,24,-1,12
1,<environment.Job instance at 0x7f44b1e9c050>,14,15,[ 1 12],15,-1,30,-1,15
1,<environment.Job instance at 0x7f44b1e9cb40>,17,17,[4 7],18,-1,35,-1,18
1,<environment.Job instance at 0x7f44b1e9cd20>,18,12,[ 1 12],19,-1,31,-1,19
1,<environment.Job instance at 0x7f44b1e9c820>,19,19,[5 8],20,-1,39,-1,20
1,<environment.Job instance at 0x7f44b1e9c7d0>,20,16,[ 1 10],21,-1,37,-1,21
1,<environment.Job instance at 0x7f44b3806af0>,1,24,[5 4],2,-1,26,-1,2
1,<environment.Job instance at 0x7f44b38069b0>,2,20,[ 1 13],3,-1,23,-1,3
1,<environment.Job instance at 0x7f44b3806e60>,4,27,[ 3 14],5,-1,32,-1,5
1,<environment.Job instance at 0x7f44b2375e60>,9,28,[12  3],10,-1,38,-1,10
1,<environment.Job instance at 0x7f44b3806500>,6,27,[3 6],7,-1,45,-1,18
1,<environment.Job instance at 0x7f44b23751e0>,11,12,[ 3 13],12,-1,30,-1,18
1,<environment.Job instance at 0x7f44b2375cd0>,12,17,[14  5],13,-1,35,-1,18
1,<environment.Job instance at 0x7f44b23757d0>,13,15,[14  2],14,-1,33,-1,18
1,<environment.Job instance at 0x7f44b2375370>,14,15,[ 1 12],15,-1,33,-1,18
1,<environment.Job instance at 0x7f44b2375c80>,10,27,[5 2],11,-1,45,-1,18
1,<environment.Job instance at 0x7f44b2375640>,18,12,[ 1 12],19,-1,31,-1,19
1,<environment.Job instance at 0x7f44b2375a00>,21,22,[14  3],22,-1,52,-1,30
1,<environment.Job instance at 0x7f44b2375c30>,22,22,[11  5],23,-1,52,-1,30
1,<environment.Job instance at 0x7f44b2397aa0>,25,21,[11  3],26,-1,64,-1,43
1,<environment.Job instance at 0x7f44b2397f00>,26,24,[1 8],27,-1,67,-1,43
1,<environment.Job instance at 0x7f44b2397820>,29,12,[11  2],30,-1,56,-1,44
1,<environment.Job instance at 0x7f44b2397a00>,30,18,[ 3 11],31,-1,62,-1,44
1,<environment.Job instance at 0x7f44b2397f50>,31,15,[ 3 12],32,-1,59,-1,44
1,<environment.Job instance at 0x7f44b23975a0>,33,24,[2 8],34,-1,81,-1,57
1,<environment.Job instance at 0x7f44b2397cd0>,35,13,[14  2],36,-1,70,-1,57
1,<environment.Job instance at 0x7f44b2397550>,36,12,[ 5 14],37,-1,69,-1,57
1,<environment.Job instance at 0x7f44b2397c30>,37,28,[11  4],38,-1,85,-1,57
1,<environment.Job instance at 0x7f44b2397410>,38,23,[1 6],39,-1,83,-1,60
1,<environment.Job instance at 0x7f44b23974b0>,39,26,[1 8],40,-1,88,-1,62
1,<environment.Job instance at 0x7f44b2397b40>,34,24,[5 7],35,-1,86,-1,62
1,<environment.Job instance at 0x7f44b2fae730>,0,18,[3 9],1,-1,19,-1,1
1,<environment.Job instance at 0x7f44b2fae6e0>,11,18,[10  5],12,-1,39,-1,21
1,<environment.Job instance at 0x7f44b2597780>,14,16,[ 3 12],15,-1,37,-1,21
1,<environment.Job instance at 0x7f44b25977d0>,8,26,[1 8],9,-1,47,-1,21
1,<environment.Job instance at 0x7f44b2597b90>,15,26,[ 5 13],16,-1,49,-1,23
1,<environment.Job instance at 0x7f44b2585690>,20,12,[ 3 11],21,-1,35,-1,23
1,<environment.Job instance at 0x7f44b2597910>,5,16,[13  3],6,-1,42,-1,26
1,<environment.Job instance at 0x7f44b2597410>,19,14,[9 3],20,-1,40,-1,26
1,<environment.Job instance at 0x7f44b2597870>,17,15,[11  1],18,-1,41,-1,26
1,<environment.Job instance at 0x7f44b2597e60>,9,12,[ 1 13],10,-1,39,-1,27
1,<environment.Job instance at 0x7f44b342eaa0>,23,15,[3 9],24,-1,42,-1,27
1,<environment.Job instance at 0x7f44b342e0a0>,24,16,[14  2],25,-1,43,-1,27
1,<environment.Job instance at 0x7f44b342e230>,25,23,[ 1 11],26,-1,50,-1,27
1,<environment.Job instance at 0x7f44b25972d0>,16,19,[6 2],17,-1,46,-1,27
1,<environment.Job instance at 0x7f44b2585550>,21,13,[7 2],22,-1,63,-1,50
1,<environment.Job instance at 0x7f44b342e280>,33,17,[12  4],34,-1,67,-1,50
1,<environment.Job instance at 0x7f44b342e780>,34,12,[14  4],35,-1,62,-1,50
1,<environment.Job instance at 0x7f44b342ef50>,31,22,[ 4 11],32,-1,74,-1,52
1,<environment.Job instance at 0x7f44b342e4b0>,30,16,[8 5],31,-1,68,-1,52
1,<environment.Job instance at 0x7f44b311a8c0>,1,14,[ 3 13],2,-1,16,-1,2
1,<environment.Job instance at 0x7f44b311a190>,2,23,[6 1],3,-1,26,-1,3
1,<environment.Job instance at 0x7f44b311abe0>,3,19,[12  4],4,-1,23,-1,4
1,<environment.Job instance at 0x7f44b2375960>,5,16,[13  3],6,-1,22,-1,6
1,<environment.Job instance at 0x7f44b2375820>,9,12,[ 1 13],10,-1,22,-1,10
1,<environment.Job instance at 0x7f44b23750f0>,8,26,[1 8],9,-1,45,-1,19
1,<environment.Job instance at 0x7f44b2375780>,10,26,[ 2 10],11,-1,45,-1,19
1,<environment.Job instance at 0x7f44b2375870>,14,16,[ 3 12],15,-1,35,-1,19
1,<environment.Job instance at 0x7f44b23751e0>,15,26,[ 5 13],16,-1,45,-1,19
1,<environment.Job instance at 0x7f44b1e683c0>,17,15,[11  1],18,-1,34,-1,19
1,<environment.Job instance at 0x7f44b2375a50>,18,19,[13  4],19,-1,38,-1,19
1,<environment.Job instance at 0x7f44b2375e60>,20,12,[ 3 11],21,-1,43,-1,31
1,<environment.Job instance at 0x7f44b2468e60>,24,16,[14  2],25,-1,51,-1,35
1,<environment.Job instance at 0x7f44b2fae690>,25,23,[ 1 11],26,-1,58,-1,35
1,<environment.Job instance at 0x7f44b247e780>,27,24,[12  4],28,-1,67,-1,43
1,<environment.Job instance at 0x7f44b247e230>,28,16,[11  3],29,-1,59,-1,43
1,<environment.Job instance at 0x7f44b247ea00>,29,16,[11  5],30,-1,59,-1,43
1,<environment.Job instance at 0x7f44b247e460>,31,22,[ 4 11],32,-1,69,-1,47
1,<environment.Job instance at 0x7f44b247e140>,32,18,[ 3 13],33,-1,65,-1,47
1,<environment.Job instance at 0x7f44b247ea50>,33,17,[12  4],34,-1,64,-1,47
1,<environment.Job instance at 0x7f44b247eb90>,34,12,[14  4],35,-1,59,-1,47
1,<environment.Job instance at 0x7f44b247e2d0>,36,22,[ 2 13],37,-1,70,-1,48
1,<environment.Job instance at 0x7f44b247e5f0>,37,12,[ 3 11],38,-1,60,-1,48
1,<environment.Job instance at 0x7f44b247efa0>,39,14,[ 1 12],40,-1,75,-1,61
1,<environment.Job instance at 0x7f44b247e690>,40,16,[13  3],41,-1,77,-1,61
1,<environment.Job instance at 0x7f44b291ae10>,42,23,[11  1],43,-1,84,-1,61
1,<environment.Job instance at 0x7f44b291af50>,44,18,[ 1 13],45,-1,79,-1,61
1,<environment.Job instance at 0x7f44b291aaf0>,46,13,[11  3],47,-1,74,-1,61
1,<environment.Job instance at 0x7f44b2fa8320>,0,17,[10  3],1,-1,19,-1,2
1,<environment.Job instance at 0x7f44b374abe0>,2,13,[11  3],3,-1,16,-1,3
1,<environment.Job instance at 0x7f44b374ad20>,4,28,[7 1],5,-1,33,-1,5
1,<environment.Job instance at 0x7f44b374ae60>,6,23,[2 7],7,-1,30,-1,7
1,<environment.Job instance at 0x7f44b290b3c0>,1,18,[ 2 11],2,-1,20,-1,2
1,<environment.Job instance at 0x7f44b290b2d0>,2,13,[11  3],3,-1,16,-1,3
1,<environment.Job instance at 0x7f44b290b820>,3,18,[13  2],4,-1,22,-1,4
1,<environment.Job instance at 0x7f44b290bbe0>,5,23,[ 5 13],6,-1,29,-1,6
1,<environment.Job instance at 0x7f44b290b230>,6,23,[2 7],7,-1,30,-1,7
1,<environment.Job instance at 0x7f44b290b780>,7,28,[ 1 10],8,-1,36,-1,8
1,<environment.Job instance at 0x7f44b290bc80>,8,25,[ 2 12],9,-1,34,-1,9
1,<environment.Job instance at 0x7f44b290bc30>,9,12,[ 4 14],10,-1,22,-1,10
1,<environment.Job instance at 0x7f44b290bfa0>,11,23,[11  2],12,-1,35,-1,12
1,<environment.Job instance at 0x7f44b291aa50>,15,16,[12  5],16,-1,32,-1,16
1,<environment.Job instance at 0x7f44b291aaf0>,16,22,[ 3 12],17,-1,39,-1,17
1,<environment.Job instance at 0x7f44b290b050>,4,28,[7 1],5,-1,46,-1,18
1,<environment.Job instance at 0x7f44b290b1e0>,10,28,[10  3],11,-1,46,-1,18
1,<environment.Job instance at 0x7f44b291a820>,14,27,[1 7],15,-1,45,-1,18
1,<environment.Job instance at 0x7f44b291a7d0>,17,14,[12  4],18,-1,32,-1,18
1,<environment.Job instance at 0x7f44b291aaa0>,18,28,[11  3],19,-1,47,-1,19
1,<environment.Job instance at 0x7f44b291a3c0>,19,24,[ 5 12],20,-1,44,-1,20
1,<environment.Job instance at 0x7f44b291a870>,21,13,[ 3 13],22,-1,35,-1,22
1,<environment.Job instance at 0x7f44b291a9b0>,22,23,[14  4],23,-1,46,-1,23
1,<environment.Job instance at 0x7f44b247ebe0>,23,17,[13  5],24,-1,41,-1,24
1,<environment.Job instance at 0x7f44b247eaf0>,24,22,[13  1],25,-1,47,-1,25
1,<environment.Job instance at 0x7f44b247e370>,25,24,[12  4],26,-1,50,-1,26
1,<environment.Job instance at 0x7f44b247e500>,26,25,[6 3],27,-1,52,-1,27
1,<environment.Job instance at 0x7f44b291a1e0>,20,27,[2 5],21,-1,55,-1,28
1,<environment.Job instance at 0x7f44b247ecd0>,27,27,[9 5],28,-1,55,-1,28
1,<environment.Job instance at 0x7f44b291acd0>,28,18,[ 3 11],29,-1,47,-1,29
1,<environment.Job instance at 0x7f44b247ef00>,29,14,[ 2 13],30,-1,44,-1,30
1,<environment.Job instance at 0x7f44b247e690>,34,17,[ 4 14],35,-1,52,-1,35
1,<environment.Job instance at 0x7f44b247e870>,35,15,[ 2 14],36,-1,51,-1,36
1,<environment.Job instance at 0x7f44b247e910>,31,23,[3 9],32,-1,63,-1,40
1,<environment.Job instance at 0x7f44b249ceb0>,40,23,[5 9],41,-1,76,-1,53
1,<environment.Job instance at 0x7f44b2fae690>,41,17,[ 2 14],42,-1,70,-1,53
1,<environment.Job instance at 0x7f44b1e9cc80>,42,22,[11  4],43,-1,75,-1,53
1,<environment.Job instance at 0x7f44b1e683c0>,43,28,[11  2],44,-1,81,-1,53
1,<environment.Job instance at 0x7f44b2597320>,44,28,[ 4 10],45,-1,81,-1,53
1,<environment.Job instance at 0x7f44b2375500>,45,24,[6 2],46,-1,79,-1,55
1,<environment.Job instance at 0x7f44b2375e60>,47,26,[12  4],48,-1,81,-1,55
1,<environment.Job instance at 0x7f44b23751e0>,48,13,[12  3],49,-1,68,-1,55
1,<environment.Job instance at 0x7f44b2375870>,49,16,[ 5 11],50,-1,71,-1,55
1,<environment.Job instance at 0x7f44b2375fa0>,51,20,[ 1 11],52,-1,75,-1,55
1,<environment.Job instance at 0x7f44b2375d70>,54,19,[ 4 11],55,-1,86,-1,67
1,<environment.Job instance at 0x7f44b2375780>,56,19,[13  2],57,-1,86,-1,67
1,<environment.Job instance at 0x7fd76249f6e0>,0,13,[9 3],1,-1,15,-1,2
1,<environment.Job instance at 0x7fd76249f8c0>,1,22,[11  3],2,-1,24,-1,2
1,<environment.Job instance at 0x7fd76249f730>,2,22,[4 8],3,-1,25,-1,3
1,<environment.Job instance at 0x7fd758e55b90>,4,21,[1 6],5,-1,27,-1,6
1,<environment.Job instance at 0x7fd758e55a50>,5,24,[1 5],6,-1,30,-1,6
1,<environment.Job instance at 0x7fd758e55d70>,7,25,[6 2],8,-1,33,-1,8
1,<environment.Job instance at 0x7fd758e580a0>,11,26,[4 8],12,-1,39,-1,13
1,<environment.Job instance at 0x7fd758e55fa0>,10,18,[ 3 11],11,-1,31,-1,13
1,<environment.Job instance at 0x7fd758e631e0>,1,22,[11  3],2,-1,24,-1,2
1,<environment.Job instance at 0x7fd758e63320>,3,26,[11  4],4,-1,30,-1,4
1,<environment.Job instance at 0x7fd758e63870>,8,22,[14  3],9,-1,31,-1,9
1,<environment.Job instance at 0x7fd758e63820>,9,18,[ 2 13],10,-1,28,-1,10
1,<environment.Job instance at 0x7fd758e63910>,10,18,[ 3 11],11,-1,29,-1,11
1,<environment.Job instance at 0x7fd758e637d0>,12,26,[ 1 12],13,-1,40,-1,14
1,<environment.Job instance at 0x7fd758e63690>,13,18,[ 4 14],14,-1,32,-1,14
1,<environment.Job instance at 0x7fd758e55960>,5,24,[1 5],6,-1,38,-1,14
1,<environment.Job instance at 0x7fd758e63460>,7,25,[6 2],8,-1,39,-1,14
1,<environment.Job instance at 0x7fd758e63d20>,15,18,[ 2 14],16,-1,34,-1,16
1,<environment.Job instance at 0x7fd758e63d70>,16,16,[ 3 11],17,-1,33,-1,17
1,<environment.Job instance at 0x7fd758e63eb0>,18,25,[ 4 13],19,-1,44,-1,19
1,<environment.Job instance at 0x7fd758e63af0>,19,14,[ 3 11],20,-1,34,-1,20
1,<environment.Job instance at 0x7fd758e63c80>,20,27,[13  5],21,-1,48,-1,21
1,<environment.Job instance at 0x7fd758e63e60>,21,26,[ 5 12],22,-1,48,-1,22
1,<environment.Job instance at 0x7fd758e66050>,22,13,[13  1],23,-1,36,-1,23
1,<environment.Job instance at 0x7fd758e63dc0>,17,28,[ 5 10],18,-1,53,-1,25
1,<environment.Job instance at 0x7fd758e63f50>,24,13,[ 3 14],25,-1,38,-1,25
1,<environment.Job instance at 0x7fd758e639b0>,11,26,[4 8],12,-1,51,-1,25
1,<environment.Job instance at 0x7fd758e66410>,25,23,[ 3 13],26,-1,49,-1,26
1,<environment.Job instance at 0x7fd758e66550>,27,25,[5 7],28,-1,53,-1,28
1,<environment.Job instance at 0x7fd758e666e0>,28,25,[ 4 11],29,-1,54,-1,29
1,<environment.Job instance at 0x7fd758e665f0>,29,22,[ 5 13],30,-1,52,-1,30
1,<environment.Job instance at 0x7fd758e66820>,31,20,[11  5],32,-1,52,-1,32
1,<environment.Job instance at 0x7fd758e668c0>,32,27,[11  3],33,-1,60,-1,33
1,<environment.Job instance at 0x7fd758e66730>,30,27,[4 8],31,-1,70,-1,43
1,<environment.Job instance at 0x7fd758e66a50>,36,13,[ 3 14],37,-1,56,-1,43
1,<environment.Job instance at 0x7fd758e669b0>,37,28,[ 2 12],38,-1,71,-1,43
1,<environment.Job instance at 0x7fd758e66500>,26,26,[1 8],27,-1,69,-1,43
1,<environment.Job instance at 0x7fd758e66b90>,39,24,[5 6],40,-1,67,-1,43
1,<environment.Job instance at 0x7fd758e66910>,34,24,[1 8],35,-1,67,-1,43
1,<environment.Job instance at 0x7fd758e66cd0>,41,27,[14  1],42,-1,70,-1,43
1,<environment.Job instance at 0x7fd758e50460>,43,13,[13  1],44,-1,57,-1,44
1,<environment.Job instance at 0x7fd758e9eb40>,44,24,[ 1 13],45,-1,69,-1,45
1,<environment.Job instance at 0x7fd758e94960>,46,17,[12  2],47,-1,66,-1,49
1,<environment.Job instance at 0x7fd758ea18c0>,48,15,[14  1],49,-1,64,-1,49
1,<environment.Job instance at 0x7fd758ea9500>,49,16,[ 2 11],50,-1,66,-1,50
1,<environment.Job instance at 0x7fd75910b050>,50,16,[12  2],51,-1,67,-1,51
1,<environment.Job instance at 0x7fd758ff5140>,54,13,[13  1],55,-1,72,-1,59
1,<environment.Job instance at 0x7fd758e4db90>,55,20,[ 3 13],56,-1,79,-1,59
1,<environment.Job instance at 0x7fd75906f5a0>,52,27,[8 5],53,-1,86,-1,59
1,<environment.Job instance at 0x7fd758e4daa0>,57,27,[ 2 14],58,-1,86,-1,59
1,<environment.Job instance at 0x7fd758e4d6e0>,60,23,[ 1 11],61,-1,85,-1,62
1,<environment.Job instance at 0x7fd758f47a00>,61,21,[ 5 13],62,-1,83,-1,62
1,<environment.Job instance at 0x7fd758e4dcd0>,63,17,[ 4 12],64,-1,88,-1,71
1,<environment.Job instance at 0x7fd75859f190>,1,15,[5 9],2,-1,17,-1,2
1,<environment.Job instance at 0x7fd75859fb90>,2,16,[ 4 10],3,-1,19,-1,3
1,<environment.Job instance at 0x7fd75859feb0>,12,21,[10  1],13,-1,35,-1,14
1,<environment.Job instance at 0x7fd75859d640>,14,25,[4 5],15,-1,40,-1,15
1,<environment.Job instance at 0x7fd75859d230>,15,15,[5 7],16,-1,33,-1,18
1,<environment.Job instance at 0x7fd7586730f0>,3,20,[13  1],4,-1,24,-1,4
1,<environment.Job instance at 0x7fd75877fb40>,4,18,[ 3 14],5,-1,23,-1,5
1,<environment.Job instance at 0x7fd758673be0>,5,25,[ 5 14],6,-1,31,-1,6
1,<environment.Job instance at 0x7fd7586731e0>,6,26,[12  1],7,-1,33,-1,7
1,<environment.Job instance at 0x7fd75860acd0>,8,21,[ 1 11],9,-1,30,-1,9
1,<environment.Job instance at 0x7fd758604eb0>,10,14,[ 2 13],11,-1,25,-1,11
1,<environment.Job instance at 0x7fd75860f9b0>,13,16,[ 2 11],14,-1,31,-1,15
1,<environment.Job instance at 0x7fd75860f870>,14,25,[4 5],15,-1,40,-1,15
1,<environment.Job instance at 0x7fd75860ac30>,7,28,[ 3 10],8,-1,45,-1,17
1,<environment.Job instance at 0x7fd758604e10>,16,28,[ 1 13],17,-1,45,-1,17
1,<environment.Job instance at 0x7fd758607d20>,17,26,[ 1 11],18,-1,44,-1,18
1,<environment.Job instance at 0x7fd758607e10>,19,26,[6 5],20,-1,57,-1,31
1,<environment.Job instance at 0x7fd758677e60>,22,16,[ 3 13],23,-1,48,-1,32
1,<environment.Job instance at 0x7fd758677d20>,23,23,[ 5 13],24,-1,55,-1,32
1,<environment.Job instance at 0x7fd758677f50>,25,12,[14  5],26,-1,60,-1,48
1,<environment.Job instance at 0x7fd75861ab40>,26,26,[11  4],27,-1,74,-1,48
1,<environment.Job instance at 0x7fd75861a690>,27,19,[ 3 12],28,-1,67,-1,48
1,<environment.Job instance at 0x7fd758616c30>,31,26,[ 5 12],32,-1,92,-1,66
1,<environment.Job instance at 0x7fd7586a9b40>,32,27,[12  2],33,-1,93,-1,66
1,<environment.Job instance at 0x7fd7586a9d20>,33,15,[12  1],34,-1,81,-1,66
1,<environment.Job instance at 0x7fd75861de10>,34,14,[ 2 11],35,-1,80,-1,66
1,<environment.Job instance at 0x7fd75861d190>,36,21,[ 1 12],37,-1,87,-1,66
1,<environment.Job instance at 0x7fd75861d320>,37,19,[11  2],38,-1,85,-1,66
1,<environment.Job instance at 0x7fd75861d730>,38,14,[ 3 14],39,-1,80,-1,66
1,<environment.Job instance at 0x7fd75861d5f0>,40,19,[13  1],41,-1,85,-1,66
1,<environment.Job instance at 0x7fd758612410>,42,22,[14  4],43,-1,90,-1,68
1,<environment.Job instance at 0x7fd758612910>,43,14,[11  5],44,-1,82,-1,68
1,<environment.Job instance at 0x7fd7586121e0>,44,19,[ 3 12],45,-1,87,-1,68
1,<environment.Job instance at 0x7fd758612730>,45,18,[13  4],46,-1,86,-1,68
1,<environment.Job instance at 0x7fd7586127d0>,46,26,[13  4],47,-1,94,-1,68
1,<environment.Job instance at 0x7fd7584748c0>,0,26,[5 5],1,-1,27,-1,1
1,<environment.Job instance at 0x7fd758474820>,1,24,[4 7],2,-1,26,-1,2
1,<environment.Job instance at 0x7fd758474690>,7,22,[3 7],8,-1,31,-1,9
1,<environment.Job instance at 0x7fd7584745f0>,0,26,[5 5],1,-1,27,-1,1
1,<environment.Job instance at 0x7fd758474dc0>,1,24,[4 7],2,-1,26,-1,2
1,<environment.Job instance at 0x7fd758474d70>,4,19,[ 3 12],5,-1,24,-1,5
1,<environment.Job instance at 0x7fd762685230>,5,15,[12  5],6,-1,21,-1,6
1,<environment.Job instance at 0x7fd762685fa0>,8,20,[ 3 12],9,-1,29,-1,9
1,<environment.Job instance at 0x7fd762685410>,9,16,[12  4],10,-1,26,-1,10
1,<environment.Job instance at 0x7fd75844b5f0>,10,16,[12  5],11,-1,27,-1,11
1,<environment.Job instance at 0x7fd75844bf00>,11,20,[ 1 12],12,-1,32,-1,12
1,<environment.Job instance at 0x7fd75844b230>,12,13,[12  1],13,-1,26,-1,13
1,<environment.Job instance at 0x7fd75844b690>,13,12,[11  5],14,-1,26,-1,14
1,<environment.Job instance at 0x7fd75844b280>,14,17,[ 3 12],15,-1,32,-1,15
1,<environment.Job instance at 0x7fd75844b2d0>,15,16,[13  4],16,-1,32,-1,16
1,<environment.Job instance at 0x7fd762685550>,16,18,[ 1 12],17,-1,35,-1,17
1,<environment.Job instance at 0x7fd75844b7d0>,18,15,[ 2 14],19,-1,34,-1,19
1,<environment.Job instance at 0x7fd7626079b0>,22,20,[13  3],23,-1,43,-1,23
1,<environment.Job instance at 0x7fd762607f50>,23,21,[ 4 12],24,-1,45,-1,24
1,<environment.Job instance at 0x7fd762607eb0>,27,21,[11  4],28,-1,57,-1,36
1,<environment.Job instance at 0x7fd762614730>,28,12,[14  5],29,-1,48,-1,36
1,<environment.Job instance at 0x7fd762614780>,29,16,[12  3],30,-1,52,-1,36
1,<environment.Job instance at 0x7fd762614140>,30,17,[12  2],31,-1,53,-1,36
1,<environment.Job instance at 0x7fd762614690>,31,28,[2 8],32,-1,67,-1,39
1,<environment.Job instance at 0x7fd762607fa0>,26,27,[2 9],27,-1,66,-1,39
1,<environment.Job instance at 0x7fd7626145a0>,33,21,[12  2],34,-1,60,-1,39
1,<environment.Job instance at 0x7fd762614280>,34,21,[ 5 11],35,-1,60,-1,39
1,<environment.Job instance at 0x7fd758c6e410>,35,26,[ 5 10],36,-1,65,-1,39
1,<environment.Job instance at 0x7fd758c6ee60>,36,27,[12  4],37,-1,66,-1,39
1,<environment.Job instance at 0x7fd758c6ee10>,37,27,[14  3],38,-1,66,-1,39
1,<environment.Job instance at 0x7fd762607320>,25,27,[5 9],26,-1,66,-1,39
1,<environment.Job instance at 0x7fd758c6e6e0>,39,14,[ 1 12],40,-1,54,-1,40
1,<environment.Job instance at 0x7fd758c6e500>,41,14,[13  5],42,-1,56,-1,42
1,<environment.Job instance at 0x7fd758c6eb40>,42,25,[11  2],43,-1,68,-1,43
1,<environment.Job instance at 0x7fd758c6e190>,43,14,[12  2],44,-1,58,-1,44
1,<environment.Job instance at 0x7fd758c6eeb0>,44,28,[8 4],45,-1,77,-1,49
1,<environment.Job instance at 0x7fd758c6e5a0>,46,20,[12  1],47,-1,71,-1,51
1,<environment.Job instance at 0x7fd758c6eb90>,47,13,[ 4 12],48,-1,64,-1,51
1,<environment.Job instance at 0x7fd758c6e9b0>,48,18,[12  2],49,-1,69,-1,51
1,<environment.Job instance at 0x7fd758c6ebe0>,49,15,[12  3],50,-1,66,-1,51
1,<environment.Job instance at 0x7fd758c6efa0>,51,26,[ 5 11],52,-1,85,-1,59
1,<environment.Job instance at 0x7fd758c6e910>,50,25,[7 2],51,-1,88,-1,63
1,<environment.Job instance at 0x7fd758c6e280>,53,16,[11  1],54,-1,79,-1,63
1,<environment.Job instance at 0x7fd758c6e0a0>,55,19,[12  5],56,-1,82,-1,63
1,<environment.Job instance at 0x7fd758c6e730>,56,17,[11  3],57,-1,80,-1,63
1,<environment.Job instance at 0x7fd75847ff50>,58,25,[6 2],59,-1,101,-1,76
1,<environment.Job instance at 0x7fd75847f460>,59,18,[12  4],60,-1,94,-1,76
1,<environment.Job instance at 0x7fd75847f5f0>,61,26,[11  5],62,-1,102,-1,76
1,<environment.Job instance at 0x7fd75894aa50>,10,26,[8 4],11,-1,37,-1,11
1,<environment.Job instance at 0x7fd75894a410>,15,19,[9 4],16,-1,76,-1,57
1,<environment.Job instance at 0x7fd75894a1e0>,13,16,[14  1],14,-1,73,-1,57
1,<environment.Job instance at 0x7fd75847fa50>,0,20,[13  5],1,-1,21,-1,1
1,<environment.Job instance at 0x7fd75847f370>,1,24,[14  3],2,-1,26,-1,2
1,<environment.Job instance at 0x7fd75847f910>,2,23,[13  5],3,-1,26,-1,3
1,<environment.Job instance at 0x7fd75847fe10>,3,21,[12  3],4,-1,25,-1,4
1,<environment.Job instance at 0x7fd75847f140>,5,28,[ 4 11],6,-1,34,-1,6
1,<environment.Job instance at 0x7fd75847fdc0>,6,18,[ 4 12],7,-1,25,-1,7
1,<environment.Job instance at 0x7fd75847f410>,7,22,[14  1],8,-1,30,-1,8
1,<environment.Job instance at 0x7fd75847ff50>,8,25,[7 3],9,-1,34,-1,9
1,<environment.Job instance at 0x7fd75847f2d0>,9,27,[ 4 13],10,-1,37,-1,10
1,<environment.Job instance at 0x7fd75847f320>,10,26,[8 4],11,-1,37,-1,11
1,<environment.Job instance at 0x7fd758c6e730>,11,12,[11  1],12,-1,24,-1,12
1,<environment.Job instance at 0x7fd758c6e4b0>,13,16,[14  1],14,-1,30,-1,14
1,<environment.Job instance at 0x7fd758c6e690>,16,19,[13  1],17,-1,36,-1,17
1,<environment.Job instance at 0x7fd758c6ef50>,17,15,[12  2],18,-1,33,-1,18
1,<environment.Job instance at 0x7fd758c6e960>,18,20,[11  2],19,-1,39,-1,19
1,<environment.Job instance at 0x7fd758c6edc0>,19,25,[ 2 13],20,-1,45,-1,20
1,<environment.Job instance at 0x7fd758c6efa0>,14,27,[ 1 10],15,-1,48,-1,21
1,<environment.Job instance at 0x7fd758c6eeb0>,22,24,[ 3 13],23,-1,47,-1,23
1,<environment.Job instance at 0x7fd758c6e500>,23,15,[ 2 13],24,-1,39,-1,24
1,<environment.Job instance at 0x7fd758c6ecd0>,24,13,[ 5 14],25,-1,38,-1,25
1,<environment.Job instance at 0x7fd758c6e6e0>,25,20,[11  2],26,-1,46,-1,26
1,<environment.Job instance at 0x7fd758c6ee60>,27,21,[ 4 14],28,-1,49,-1,28
1,<environment.Job instance at 0x7fd758c6e820>,29,15,[14  4],30,-1,45,-1,30
1,<environment.Job instance at 0x7fd758c6ed70>,31,23,[13  1],32,-1,55,-1,32
1,<environment.Job instance at 0x7fd758c6e8c0>,33,26,[ 1 11],34,-1,61,-1,35
1,<environment.Job instance at 0x7fd7626145a0>,34,14,[ 3 13],35,-1,49,-1,35
1,<environment.Job instance at 0x7fd762614640>,37,27,[10  3],38,-1,82,-1,55
1,<environment.Job instance at 0x7fd762614730>,38,16,[12  5],39,-1,71,-1,55
1,<environment.Job instance at 0x7fd762607eb0>,39,14,[14  5],40,-1,69,-1,55
1,<environment.Job instance at 0x7fd762607500>,40,13,[ 5 13],41,-1,68,-1,55
1,<environment.Job instance at 0x7fd762607be0>,42,26,[13  2],43,-1,81,-1,55
1,<environment.Job instance at 0x7fd762607aa0>,44,15,[ 1 12],45,-1,70,-1,55
1,<environment.Job instance at 0x7fd75844b780>,45,14,[ 1 12],46,-1,69,-1,55
1,<environment.Job instance at 0x7fd75844b3c0>,47,23,[6 4],48,-1,91,-1,68
1,<environment.Job instance at 0x7fd75844b500>,48,26,[ 3 11],49,-1,94,-1,68
1,<environment.Job instance at 0x7fd75844b1e0>,51,25,[3 9],52,-1,104,-1,79
1,<environment.Job instance at 0x7fd75844bf00>,52,13,[14  3],53,-1,92,-1,79
1,<environment.Job instance at 0x7fd7589a07d0>,54,23,[13  3],55,-1,102,-1,79
1,<environment.Job instance at 0x7fd758c507d0>,10,25,[7 1],11,-1,36,-1,11
1,<environment.Job instance at 0x7fd75846a410>,0,19,[12  5],1,-1,20,-1,1
1,<environment.Job instance at 0x7fd75846aaf0>,2,18,[12  1],3,-1,21,-1,3
1,<environment.Job instance at 0x7fd75846a4b0>,6,17,[ 1 12],7,-1,24,-1,7
1,<environment.Job instance at 0x7fd7584b7410>,8,18,[ 2 14],9,-1,27,-1,9
1,<environment.Job instance at 0x7fd75846aa00>,9,24,[11  1],10,-1,34,-1,10
1,<environment.Job instance at 0x7fd758965dc0>,11,24,[12  5],12,-1,36,-1,12
1,<environment.Job instance at 0x7fd7584b74b0>,13,15,[ 1 11],14,-1,29,-1,14
1,<environment.Job instance at 0x7fd75844bf00>,14,16,[ 5 12],15,-1,31,-1,15
1,<environment.Job instance at 0x7fd75844b1e0>,15,27,[ 4 14],16,-1,43,-1,16
1,<environment.Job instance at 0x7fd75846ab40>,5,25,[8 5],6,-1,42,-1,17
1,<environment.Job instance at 0x7fd7589a07d0>,10,25,[7 1],11,-1,42,-1,17
1,<environment.Job instance at 0x7fd75844b370>,16,23,[ 2 11],17,-1,40,-1,17
1,<environment.Job instance at 0x7fd75859d780>,17,13,[ 4 12],18,-1,31,-1,18
1,<environment.Job instance at 0x7fd75844b410>,18,15,[13  1],19,-1,34,-1,19
1,<environment.Job instance at 0x7fd75844b280>,19,17,[13  3],20,-1,37,-1,20
1,<environment.Job instance at 0x7fd75844b780>,21,22,[ 3 13],22,-1,44,-1,22
1,<environment.Job instance at 0x7fd75844be60>,23,19,[13  4],24,-1,43,-1,24
1,<environment.Job instance at 0x7fd7626074b0>,24,16,[ 2 12],25,-1,41,-1,25
1,<environment.Job instance at 0x7fd75894a780>,12,23,[10  2],13,-1,48,-1,25
1,<environment.Job instance at 0x7fd7626079b0>,25,12,[ 4 14],26,-1,38,-1,26
1,<environment.Job instance at 0x7fd7626071e0>,29,23,[ 2 13],30,-1,53,-1,30
1,<environment.Job instance at 0x7fd762614140>,30,12,[14  1],31,-1,43,-1,31
1,<environment.Job instance at 0x7fd762614aa0>,31,28,[ 1 13],32,-1,60,-1,32
1,<environment.Job instance at 0x7fd762607eb0>,33,22,[12  5],34,-1,60,-1,38
1,<environment.Job instance at 0x7fd762614370>,35,12,[11  5],36,-1,50,-1,38
1,<environment.Job instance at 0x7fd7626145a0>,37,22,[11  2],38,-1,60,-1,38
1,<environment.Job instance at 0x7fd758c6ee60>,39,17,[13  5],40,-1,69,-1,52
1,<environment.Job instance at 0x7fd758c6eaa0>,40,12,[ 3 14],41,-1,64,-1,52
1,<environment.Job instance at 0x7fd758c6ee10>,42,15,[ 4 12],43,-1,68,-1,53
1,<environment.Job instance at 0x7fd758c6e1e0>,43,21,[ 3 14],44,-1,74,-1,53
1,<environment.Job instance at 0x7fd758c6ea50>,46,28,[6 1],47,-1,97,-1,69
1,<environment.Job instance at 0x7fd758c6ebe0>,49,27,[ 4 12],50,-1,105,-1,78
1,<environment.Job instance at 0x7fd758c6e370>,50,25,[12  4],51,-1,103,-1,78
1,<environment.Job instance at 0x7fd758c6e910>,51,20,[ 3 14],52,-1,98,-1,78
1,<environment.Job instance at 0x7fd758c6e320>,52,13,[ 3 14],53,-1,91,-1,78
1,<environment.Job instance at 0x7fd758c6e9b0>,53,13,[11  5],54,-1,91,-1,78
1,<environment.Job instance at 0x7fd762614690>,0,22,[ 5 12],1,-1,23,-1,1
1,<environment.Job instance at 0x7fd762614370>,2,15,[14  2],3,-1,18,-1,3
1,<environment.Job instance at 0x7fd7626142d0>,3,15,[ 1 13],4,-1,19,-1,4
1,<environment.Job instance at 0x7fd75894aaf0>,4,20,[12  2],5,-1,25,-1,5
1,<environment.Job instance at 0x7fd75859d780>,6,17,[14  5],7,-1,24,-1,7
1,<environment.Job instance at 0x7fd7588925f0>,7,24,[13  3],8,-1,32,-1,8
1,<environment.Job instance at 0x7fd758c4bfa0>,8,22,[12  3],9,-1,31,-1,9
1,<environment.Job instance at 0x7fd758c7e4b0>,11,23,[10  4],12,-1,35,-1,12
1,<environment.Job instance at 0x7fd75881e5f0>,14,20,[14  2],15,-1,35,-1,15
1,<environment.Job instance at 0x7fd75881eb90>,19,18,[14  4],20,-1,60,-1,42
1,<environment.Job instance at 0x7fd75881e0a0>,20,22,[ 4 14],21,-1,64,-1,42
1,<environment.Job instance at 0x7fd75881e820>,21,20,[11  4],22,-1,62,-1,42
1,<environment.Job instance at 0x7fd75881ef50>,22,23,[14  4],23,-1,65,-1,42
1,<environment.Job instance at 0x7fd75880a6e0>,23,19,[ 3 14],24,-1,61,-1,42
1,<environment.Job instance at 0x7fd75880afa0>,24,21,[14  2],25,-1,63,-1,42
1,<environment.Job instance at 0x7fd75880ac80>,25,24,[14  2],26,-1,66,-1,42
1,<environment.Job instance at 0x7fd75880a230>,26,21,[ 5 11],27,-1,63,-1,42
1,<environment.Job instance at 0x7fd75880a0a0>,27,20,[ 2 12],28,-1,62,-1,42
1,<environment.Job instance at 0x7fd75880a780>,28,23,[ 4 11],29,-1,65,-1,42
1,<environment.Job instance at 0x7fd75880a050>,29,16,[ 3 14],30,-1,58,-1,42
1,<environment.Job instance at 0x7fd75880a910>,30,23,[ 3 13],31,-1,65,-1,42
1,<environment.Job instance at 0x7fd75880a280>,31,21,[14  4],32,-1,63,-1,42
1,<environment.Job instance at 0x7fd75880aa50>,33,24,[ 3 10],34,-1,80,-1,56
1,<environment.Job instance at 0x7fd75880a500>,38,14,[ 1 14],39,-1,78,-1,64
1,<environment.Job instance at 0x7fd75880a730>,39,25,[5 8],40,-1,96,-1,71
1,<environment.Job instance at 0x7fd75880ad70>,40,27,[7 4],41,-1,98,-1,71
1,<environment.Job instance at 0x7fd75880a640>,41,21,[ 3 11],42,-1,92,-1,71
1,<environment.Job instance at 0x7fd75882ddc0>,42,14,[12  4],43,-1,85,-1,71
1,<environment.Job instance at 0x7fd75882dc80>,44,26,[ 3 12],45,-1,97,-1,71
1,<environment.Job instance at 0x7fd75882d550>,45,12,[11  4],46,-1,83,-1,71
1,<environment.Job instance at 0x7fd758880690>,2,16,[10  3],3,-1,20,-1,4
1,<environment.Job instance at 0x7fd7588197d0>,3,24,[11  3],4,-1,29,-1,5
1,<environment.Job instance at 0x7fd758880910>,6,14,[10  3],7,-1,22,-1,8
1,<environment.Job instance at 0x7fd758880af0>,8,19,[1 5],9,-1,28,-1,9
1,<environment.Job instance at 0x7fd758880b40>,9,18,[2 9],10,-1,28,-1,10
1,<environment.Job instance at 0x7fd758880be0>,10,18,[10  4],11,-1,29,-1,11
1,<environment.Job instance at 0x7fd758880a00>,7,23,[13  3],8,-1,35,-1,12
1,<environment.Job instance at 0x7fd758824cd0>,0,20,[13  5],1,-1,21,-1,1
1,<environment.Job instance at 0x7fd758824910>,1,27,[1 8],2,-1,29,-1,2
1,<environment.Job instance at 0x7fd758824d70>,3,24,[11  3],4,-1,28,-1,4
1,<environment.Job instance at 0x7fd7588240a0>,4,18,[13  3],5,-1,23,-1,5
1,<environment.Job instance at 0x7fd758824230>,7,23,[13  3],8,-1,31,-1,8
1,<environment.Job instance at 0x7fd75882dd20>,12,24,[13  3],13,-1,43,-1,19
1,<environment.Job instance at 0x7fd75882d5a0>,14,25,[12  2],15,-1,44,-1,19
1,<environment.Job instance at 0x7fd75882d190>,15,25,[14  1],16,-1,44,-1,19
1,<environment.Job instance at 0x7fd75882db90>,16,27,[5 5],17,-1,59,-1,32
1,<environment.Job instance at 0x7fd75882dbe0>,18,23,[14  2],19,-1,55,-1,32
1,<environment.Job instance at 0x7fd75882d640>,22,12,[12  4],23,-1,58,-1,46
1,<environment.Job instance at 0x7fd75882d410>,23,21,[ 2 11],24,-1,67,-1,46
1,<environment.Job instance at 0x7fd75882dd70>,24,23,[14  3],25,-1,69,-1,46
1,<environment.Job instance at 0x7fd75882dfa0>,25,25,[9 2],26,-1,71,-1,46
1,<environment.Job instance at 0x7fd75882df50>,27,19,[11  1],28,-1,65,-1,46
1,<environment.Job instance at 0x7fd75880a1e0>,30,23,[ 2 11],31,-1,84,-1,61
1,<environment.Job instance at 0x7fd75880af00>,32,19,[ 5 14],33,-1,92,-1,73
1,<environment.Job instance at 0x7fd75880ad70>,31,27,[1 8],32,-1,102,-1,75
1,<environment.Job instance at 0x7fd75880ae60>,34,27,[11  3],35,-1,102,-1,75
1,<environment.Job instance at 0x7fd75880a320>,35,26,[2 6],36,-1,101,-1,75
1,<environment.Job instance at 0x7fd759176280>,0,20,[2 9],1,-1,22,-1,2
1,<environment.Job instance at 0x7fd7588247d0>,1,17,[ 2 13],2,-1,22,-1,5
1,<environment.Job instance at 0x7fd7586acf00>,5,18,[1 7],6,-1,25,-1,7
1,<environment.Job instance at 0x7fd7586acb90>,11,20,[10  5],12,-1,47,-1,27
1,<environment.Job instance at 0x7fd7586121e0>,18,14,[11  2],19,-1,41,-1,27
1,<environment.Job instance at 0x7fd7592d2320>,1,17,[ 2 13],2,-1,19,-1,2
1,<environment.Job instance at 0x7fd762614730>,2,27,[12  4],3,-1,30,-1,3
1,<environment.Job instance at 0x7fd7589a07d0>,4,12,[ 1 12],5,-1,17,-1,5
1,<environment.Job instance at 0x7fd758b0c370>,6,12,[ 5 12],7,-1,19,-1,7
1,<environment.Job instance at 0x7fd758c4bb40>,7,14,[14  1],8,-1,22,-1,8
1,<environment.Job instance at 0x7fd762614780>,9,14,[12  4],10,-1,24,-1,10
1,<environment.Job instance at 0x7fd75880a370>,10,18,[11  5],11,-1,29,-1,11
1,<environment.Job instance at 0x7fd75880ac80>,12,12,[14  4],13,-1,25,-1,13
1,<environment.Job instance at 0x7fd75880a050>,14,25,[13  4],15,-1,40,-1,15
1,<environment.Job instance at 0x7fd75880a9b0>,16,13,[12  2],17,-1,31,-1,18
1,<environment.Job instance at 0x7fd75880a780>,17,22,[13  4],18,-1,40,-1,18
1,<environment.Job instance at 0x7fd75880a3c0>,18,14,[11  2],19,-1,33,-1,19
1,<environment.Job instance at 0x7fd75880a320>,19,24,[ 2 14],20,-1,44,-1,20
1,<environment.Job instance at 0x7fd75880aaf0>,20,28,[2 7],21,-1,49,-1,21
1,<environment.Job instance at 0x7fd75880a410>,21,13,[ 1 14],22,-1,35,-1,22
1,<environment.Job instance at 0x7fd75880a1e0>,23,23,[12  2],24,-1,47,-1,24
1,<environment.Job instance at 0x7fd75880a8c0>,24,18,[ 4 12],25,-1,43,-1,25
1,<environment.Job instance at 0x7fd75880aa00>,25,25,[6 5],26,-1,58,-1,33
1,<environment.Job instance at 0x7fd75880a5a0>,27,27,[5 9],28,-1,61,-1,34
1,<environment.Job instance at 0x7fd75880af00>,28,27,[2 6],29,-1,61,-1,34
1,<environment.Job instance at 0x7fd75882d2d0>,29,17,[ 4 14],30,-1,51,-1,34
1,<environment.Job instance at 0x7fd75882df50>,30,15,[ 2 14],31,-1,49,-1,34
1,<environment.Job instance at 0x7fd75882de10>,31,17,[ 5 13],32,-1,51,-1,34
1,<environment.Job instance at 0x7fd75882dfa0>,32,23,[12  3],33,-1,57,-1,34
1,<environment.Job instance at 0x7fd75882dd70>,33,20,[14  1],34,-1,54,-1,34
1,<environment.Job instance at 0x7fd75882d410>,38,25,[ 1 10],39,-1,85,-1,60
1,<environment.Job instance at 0x7fd75882db90>,40,18,[14  3],41,-1,78,-1,60
1,<environment.Job instance at 0x7fd75882d820>,43,18,[14  3],44,-1,78,-1,60
1,<environment.Job instance at 0x7fd75882dd20>,44,23,[ 2 11],45,-1,83,-1,60
1,<environment.Job instance at 0x7fd75882d9b0>,45,18,[ 5 11],46,-1,78,-1,60
1,<environment.Job instance at 0x7fd75882d230>,46,27,[11  5],47,-1,87,-1,60
1,<environment.Job instance at 0x7fd75882d690>,47,17,[12  5],48,-1,77,-1,60
1,<environment.Job instance at 0x7fd758824460>,49,21,[11  1],50,-1,81,-1,60
1,<environment.Job instance at 0x7fd758824c80>,50,14,[12  4],51,-1,74,-1,60
1,<environment.Job instance at 0x7fd7588240a0>,51,26,[5 4],52,-1,101,-1,75
1,<environment.Job instance at 0x7fd7588243c0>,55,19,[11  4],56,-1,94,-1,75
1,<environment.Job instance at 0x7fd758824550>,56,23,[11  3],57,-1,98,-1,75
1,<environment.Job instance at 0x7fd758824050>,53,26,[1 6],54,-1,103,-1,77
1,<environment.Job instance at 0x7fd7588c5af0>,58,12,[11  4],59,-1,89,-1,77
1,<environment.Job instance at 0x7fd7586ace60>,60,14,[ 3 13],61,-1,91,-1,77
1,<environment.Job instance at 0x7fd758c7ddc0>,2,27,[5 1],3,-1,30,-1,3
1,<environment.Job instance at 0x7fd75938abe0>,3,21,[1 6],4,-1,26,-1,5
1,<environment.Job instance at 0x7fd758c7df00>,4,17,[14  5],5,-1,22,-1,5
1,<environment.Job instance at 0x7fd75938a3c0>,7,25,[8 3],8,-1,34,-1,9
1,<environment.Job instance at 0x7fd75938a910>,9,16,[ 5 10],10,-1,26,-1,10
1,<environment.Job instance at 0x7fd75938a870>,10,18,[7 3],11,-1,29,-1,11
1,<environment.Job instance at 0x7fd75938a050>,11,16,[9 2],12,-1,28,-1,12
1,<environment.Job instance at 0x7fd75938ad20>,8,13,[13  1],9,-1,26,-1,13
1,<environment.Job instance at 0x7fd75938a820>,18,19,[ 5 10],19,-1,54,-1,35
1,<environment.Job instance at 0x7fd75855d4b0>,24,15,[13  2],25,-1,50,-1,35
1,<environment.Job instance at 0x7fd75855d7d0>,25,17,[12  3],26,-1,56,-1,39
1,<environment.Job instance at 0x7fd75855d2d0>,26,28,[ 4 12],27,-1,71,-1,43
1,<environment.Job instance at 0x7fd75938a4b0>,21,17,[4 5],22,-1,61,-1,44
1,<environment.Job instance at 0x7fd75855d500>,22,28,[9 1],23,-1,72,-1,44
1,<environment.Job instance at 0x7fd75855d550>,31,15,[3 9],32,-1,59,-1,44
1,<environment.Job instance at 0x7fd75938aa00>,20,17,[4 7],21,-1,61,-1,44
1,<environment.Job instance at 0x7fd75855d410>,32,21,[9 5],33,-1,65,-1,44
1,<environment.Job instance at 0x7fd75855d230>,30,15,[6 3],31,-1,59,-1,44
1,<environment.Job instance at 0x7fd75855d6e0>,34,12,[13  2],35,-1,61,-1,49
1,<environment.Job instance at 0x7fd75938a690>,12,19,[12  1],13,-1,68,-1,49
1,<environment.Job instance at 0x7fd75938a410>,15,18,[ 2 13],16,-1,67,-1,49
1,<environment.Job instance at 0x7fd75855d1e0>,37,24,[12  2],38,-1,73,-1,49
1,<environment.Job instance at 0x7fd75883ffa0>,38,27,[5 9],39,-1,78,-1,51
1,<environment.Job instance at 0x7fd75855d820>,35,13,[ 5 13],36,-1,64,-1,51
1,<environment.Job instance at 0x7fd75883f050>,40,18,[11  4],41,-1,70,-1,52
1,<environment.Job instance at 0x7fd75883faf0>,39,23,[8 5],40,-1,75,-1,52
1,<environment.Job instance at 0x7fd75883fbe0>,43,25,[4 6],44,-1,77,-1,52
1,<environment.Job instance at 0x7fd7588fb0a0>,0,24,[11  4],1,-1,25,-1,1
1,<environment.Job instance at 0x7fd7588fb500>,2,27,[5 1],3,-1,30,-1,3
1,<environment.Job instance at 0x7fd7590d2640>,4,17,[14  5],5,-1,22,-1,5
1,<environment.Job instance at 0x7fd7587ab8c0>,5,25,[6 1],6,-1,31,-1,6
1,<environment.Job instance at 0x7fd758fc6460>,7,25,[8 3],8,-1,33,-1,8
1,<environment.Job instance at 0x7fd75847faf0>,8,13,[13  1],9,-1,22,-1,9
1,<environment.Job instance at 0x7fd758df6370>,12,19,[12  1],13,-1,32,-1,13
1,<environment.Job instance at 0x7fd758df5d70>,15,18,[ 2 13],16,-1,35,-1,17
1,<environment.Job instance at 0x7fd758ad4500>,13,26,[4 7],14,-1,51,-1,25
1,<environment.Job instance at 0x7fd759142cd0>,24,15,[13  2],25,-1,64,-1,49
1,<environment.Job instance at 0x7fd758a98550>,25,17,[12  3],26,-1,66,-1,49
1,<environment.Job instance at 0x7fd758c4bfa0>,26,28,[ 4 12],27,-1,77,-1,49
1,<environment.Job instance at 0x7fd758a98aa0>,27,25,[2 6],28,-1,91,-1,66
1,<environment.Job instance at 0x7fd758c4b3c0>,22,28,[9 1],23,-1,94,-1,66
1,<environment.Job instance at 0x7fd7589c5190>,1,23,[ 4 11],2,-1,25,-1,2
1,<environment.Job instance at 0x7fd7594320a0>,7,13,[7 4],8,-1,22,-1,9
1,<environment.Job instance at 0x7fd759432960>,9,27,[6 1],10,-1,37,-1,10
1,<environment.Job instance at 0x7fd7589c57d0>,8,25,[14  5],9,-1,35,-1,10
1,<environment.Job instance at 0x7fd75920c780>,16,22,[11  5],17,-1,39,-1,17
1,<environment.Job instance at 0x7fd75920ce60>,15,27,[12  1],16,-1,46,-1,19
1,<environment.Job instance at 0x7fd759432e60>,11,13,[12  5],12,-1,32,-1,19
1,<environment.Job instance at 0x7fd75920c690>,20,23,[10  3],21,-1,44,-1,21
1,<environment.Job instance at 0x7fd7584255f0>,1,23,[ 4 11],2,-1,25,-1,2
1,<environment.Job instance at 0x7fd759602870>,2,26,[ 3 14],3,-1,29,-1,3
1,<environment.Job instance at 0x7fd758425230>,3,12,[ 2 13],4,-1,16,-1,4
1,<environment.Job instance at 0x7fd758adc140>,4,19,[ 4 11],5,-1,24,-1,5
1,<environment.Job instance at 0x7fd7595f7e60>,6,12,[11  1],7,-1,19,-1,7
1,<environment.Job instance at 0x7fd759602640>,8,25,[14  5],9,-1,34,-1,9
1,<environment.Job instance at 0x7fd758ea1140>,11,13,[12  5],12,-1,25,-1,12
1,<environment.Job instance at 0x7fd758f50c80>,13,16,[11  4],14,-1,30,-1,14
1,<environment.Job instance at 0x7fd75987cc80>,15,27,[12  1],16,-1,43,-1,16
1,<environment.Job instance at 0x7fd75998ae10>,16,22,[11  5],17,-1,39,-1,17
1,<environment.Job instance at 0x7fd75998a910>,18,22,[ 3 14],19,-1,41,-1,19
1,<environment.Job instance at 0x7fd758fa5af0>,9,27,[6 1],10,-1,48,-1,21
1,<environment.Job instance at 0x7fd758911e10>,19,26,[2 7],20,-1,47,-1,21
1,<environment.Job instance at 0x7fd758ea15f0>,21,16,[14  1],22,-1,38,-1,22
1,<environment.Job instance at 0x7fd758c4b4b0>,22,23,[13  2],23,-1,46,-1,23
1,<environment.Job instance at 0x7fd758c4bb40>,24,21,[14  1],25,-1,46,-1,25
1,<environment.Job instance at 0x7fd758ad45a0>,25,18,[11  1],26,-1,44,-1,26
1,<environment.Job instance at 0x7fd758ad4eb0>,26,19,[ 3 12],27,-1,46,-1,27
1,<environment.Job instance at 0x7fd758ad4410>,28,18,[12  5],29,-1,47,-1,29
1,<environment.Job instance at 0x7fd75847fd20>,29,27,[13  3],30,-1,57,-1,30
1,<environment.Job instance at 0x7fd758c4b5f0>,23,25,[4 5],24,-1,60,-1,35
1,<environment.Job instance at 0x7fd75847faf0>,32,14,[14  1],33,-1,49,-1,35
1,<environment.Job instance at 0x7fd7587ab8c0>,33,16,[ 4 12],34,-1,51,-1,35
1,<environment.Job instance at 0x7fd7587abd70>,34,17,[14  4],35,-1,52,-1,35
1,<environment.Job instance at 0x7fd75847f0a0>,31,27,[4 6],32,-1,62,-1,35
1,<environment.Job instance at 0x7fd758a98960>,20,23,[10  3],21,-1,60,-1,37
1,<environment.Job instance at 0x7fd758fc6460>,36,17,[ 5 14],37,-1,54,-1,37
1,<environment.Job instance at 0x7fd7588fb500>,37,25,[11  4],38,-1,63,-1,38
1,<environment.Job instance at 0x7fd758fd00f0>,41,27,[ 1 11],42,-1,76,-1,49
1,<environment.Job instance at 0x7fd7589c5960>,43,26,[11  2],44,-1,75,-1,49
1,<environment.Job instance at 0x7fd758ac02d0>,47,27,[ 5 14],48,-1,82,-1,55
1,<environment.Job instance at 0x7fd758ac08c0>,46,24,[9 2],47,-1,85,-1,61
1,<environment.Job instance at 0x7fd758ac0d20>,49,20,[ 2 13],50,-1,81,-1,61
1,<environment.Job instance at 0x7fd762541960>,50,26,[ 4 14],51,-1,87,-1,61
1,<environment.Job instance at 0x7fd762541190>,52,16,[ 1 11],53,-1,77,-1,61
1,<environment.Job instance at 0x7fd762541a50>,53,15,[14  5],54,-1,76,-1,61
1,<environment.Job instance at 0x7fd762541aa0>,54,17,[13  1],55,-1,78,-1,61
1,<environment.Job instance at 0x7fd759ab29b0>,55,23,[ 4 11],56,-1,84,-1,61
1,<environment.Job instance at 0x7fd759ab2140>,56,21,[ 5 14],57,-1,82,-1,61
1,<environment.Job instance at 0x7fd759ab2320>,57,17,[13  3],58,-1,78,-1,61
1,<environment.Job instance at 0x7fd759ab2370>,60,14,[13  2],61,-1,82,-1,68
1,<environment.Job instance at 0x7fd759ab2870>,62,23,[ 1 14],63,-1,97,-1,74
1,<environment.Job instance at 0x7fd758f389b0>,1,25,[2 7],2,-1,27,-1,2
1,<environment.Job instance at 0x7fd75940ccd0>,4,17,[10  5],5,-1,28,-1,11
1,<environment.Job instance at 0x7fd758f79500>,11,13,[9 3],12,-1,25,-1,12
1,<environment.Job instance at 0x7fd75938aaa0>,10,27,[ 5 12],11,-1,42,-1,15
1,<environment.Job instance at 0x7fd758f79140>,16,26,[11  5],17,-1,68,-1,42
1,<environment.Job instance at 0x7fd758f797d0>,19,18,[12  4],20,-1,60,-1,42
1,<environment.Job instance at 0x7fd759a6cf00>,0,24,[11  5],1,-1,25,-1,1
1,<environment.Job instance at 0x7fd759a6c780>,1,25,[2 7],2,-1,27,-1,2
1,<environment.Job instance at 0x7fd7597ab960>,2,23,[10  4],3,-1,26,-1,3
1,<environment.Job instance at 0x7fd75897c910>,3,21,[ 3 14],4,-1,25,-1,4
1,<environment.Job instance at 0x7fd75897c5a0>,6,18,[14  2],7,-1,25,-1,7
1,<environment.Job instance at 0x7fd75897cc30>,7,27,[ 5 13],8,-1,35,-1,8
1,<environment.Job instance at 0x7fd75897c690>,9,21,[12  3],10,-1,31,-1,10
1,<environment.Job instance at 0x7fd762541910>,10,27,[ 5 12],11,-1,38,-1,11
1,<environment.Job instance at 0x7fd7625416e0>,12,16,[ 2 13],13,-1,29,-1,13
1,<environment.Job instance at 0x7fd75920caf0>,15,13,[14  1],16,-1,29,-1,16
1,<environment.Job instance at 0x7fd758694e10>,16,26,[11  5],17,-1,43,-1,17
1,<environment.Job instance at 0x7fd758fd00a0>,17,14,[ 2 13],18,-1,32,-1,18
1,<environment.Job instance at 0x7fd7588fb500>,18,13,[14  5],19,-1,32,-1,19
1,<environment.Job instance at 0x7fd7589e45a0>,19,18,[12  4],20,-1,38,-1,20
1,<environment.Job instance at 0x7fd75847fd20>,20,21,[ 2 14],21,-1,42,-1,21
1,<environment.Job instance at 0x7fd75847f4b0>,22,23,[13  4],23,-1,46,-1,23
1,<environment.Job instance at 0x7fd758ad4500>,24,18,[ 1 12],25,-1,43,-1,25
1,<environment.Job instance at 0x7fd758c4b820>,25,23,[9 4],26,-1,58,-1,35
1,<environment.Job instance at 0x7fd758c4bfa0>,26,26,[ 1 10],27,-1,61,-1,35
1,<environment.Job instance at 0x7fd758c4b5f0>,27,18,[13  5],28,-1,53,-1,35
1,<environment.Job instance at 0x7fd758a98aa0>,28,21,[12  5],29,-1,56,-1,35
1,<environment.Job instance at 0x7fd758ad45a0>,30,20,[11  5],31,-1,55,-1,35
1,<environment.Job instance at 0x7fd7585eca00>,31,27,[8 5],32,-1,62,-1,35
1,<environment.Job instance at 0x7fd76227e0a0>,33,28,[5 7],34,-1,76,-1,48
1,<environment.Job instance at 0x7fd75998ae10>,34,12,[ 4 11],35,-1,60,-1,48
1,<environment.Job instance at 0x7fd75928dcd0>,35,25,[13  4],36,-1,73,-1,48
1,<environment.Job instance at 0x7fd758ea1e10>,36,21,[ 1 12],37,-1,69,-1,48
1,<environment.Job instance at 0x7fd758ea1e60>,37,22,[ 4 12],38,-1,70,-1,48
1,<environment.Job instance at 0x7fd75998a780>,38,22,[13  5],39,-1,70,-1,48
1,<environment.Job instance at 0x7fd7595f7be0>,39,28,[13  2],40,-1,76,-1,48
1,<environment.Job instance at 0x7fd759602870>,41,24,[14  3],42,-1,72,-1,48
1,<environment.Job instance at 0x7fd758e66eb0>,42,25,[12  1],43,-1,73,-1,48
1,<environment.Job instance at 0x7fd758adc460>,43,24,[5 8],44,-1,73,-1,49
1,<environment.Job instance at 0x7fd759267820>,44,13,[ 1 13],45,-1,62,-1,49
1,<environment.Job instance at 0x7fd7588ed410>,45,23,[1 5],46,-1,72,-1,49
1,<environment.Job instance at 0x7fd758425be0>,46,22,[ 5 11],47,-1,71,-1,49
1,<environment.Job instance at 0x7fd758425c30>,47,24,[ 5 13],48,-1,73,-1,49
1,<environment.Job instance at 0x7fd7588c15a0>,48,13,[ 1 14],49,-1,62,-1,49
1,<environment.Job instance at 0x7fd75948f7d0>,49,26,[12  4],50,-1,76,-1,50
1,<environment.Job instance at 0x7fd758bd6370>,51,21,[13  2],52,-1,73,-1,52
1,<environment.Job instance at 0x7fd758ef5690>,52,23,[14  5],53,-1,76,-1,53
1,<environment.Job instance at 0x7fd758ef5460>,53,14,[14  2],54,-1,68,-1,54
1,<environment.Job instance at 0x7fd758ef5410>,56,28,[5 4],57,-1,92,-1,64
1,<environment.Job instance at 0x7fd758ef55a0>,60,18,[ 5 14],61,-1,97,-1,79
1,<environment.Job instance at 0x7fd758ef5050>,61,17,[ 3 13],62,-1,96,-1,79
1,<environment.Job instance at 0x7fd758ef5190>,62,23,[13  3],63,-1,102,-1,79
1,<environment.Job instance at 0x7fd758ef5af0>,63,18,[ 2 12],64,-1,97,-1,79
1,<environment.Job instance at 0x7fd758ef5dc0>,64,28,[11  1],65,-1,107,-1,79
1,<environment.Job instance at 0x7fd7581c7cd0>,2,16,[ 4 10],3,-1,20,-1,4
1,<environment.Job instance at 0x7fd7581c7a00>,5,26,[5 7],6,-1,32,-1,6
1,<environment.Job instance at 0x7fd7592225f0>,0,23,[ 3 13],1,-1,24,-1,1
1,<environment.Job instance at 0x7fd7592227d0>,1,13,[12  5],2,-1,15,-1,2
1,<environment.Job instance at 0x7fd7592223c0>,6,28,[14  1],7,-1,35,-1,7
1,<environment.Job instance at 0x7fd759224d20>,7,16,[ 3 12],8,-1,24,-1,8
1,<environment.Job instance at 0x7fd759224af0>,8,26,[12  1],9,-1,35,-1,9
1,<environment.Job instance at 0x7fd759246460>,9,22,[14  5],10,-1,32,-1,10
1,<environment.Job instance at 0x7fd759246d20>,10,18,[12  5],11,-1,29,-1,11
1,<environment.Job instance at 0x7fd759246fa0>,11,14,[13  4],12,-1,26,-1,12
1,<environment.Job instance at 0x7fd759246af0>,12,25,[ 1 13],13,-1,38,-1,13
1,<environment.Job instance at 0x7fd759224be0>,14,16,[11  5],15,-1,31,-1,15
1,<environment.Job instance at 0x7fd759222e10>,5,26,[5 7],6,-1,45,-1,19
1,<environment.Job instance at 0x7fd758828a50>,15,25,[2 8],16,-1,44,-1,19
1,<environment.Job instance at 0x7fd758f8c5f0>,17,26,[2 7],18,-1,45,-1,19
1,<environment.Job instance at 0x7fd758828af0>,20,26,[13  5],21,-1,47,-1,21
1,<environment.Job instance at 0x7fd7591cf6e0>,21,16,[ 1 13],22,-1,38,-1,22
1,<environment.Job instance at 0x7fd7591c1aa0>,19,23,[1 6],20,-1,55,-1,32
1,<environment.Job instance at 0x7fd7591cfcd0>,24,14,[13  3],25,-1,46,-1,32
1,<environment.Job instance at 0x7fd7591cff00>,25,14,[13  2],26,-1,46,-1,32
1,<environment.Job instance at 0x7fd7591da0a0>,28,28,[12  3],29,-1,65,-1,37
1,<environment.Job instance at 0x7fd7591da690>,27,28,[9 2],28,-1,74,-1,46
1,<environment.Job instance at 0x7fd7591cfc80>,22,25,[4 9],23,-1,77,-1,52
1,<environment.Job instance at 0x7fd7591c4690>,34,12,[ 3 12],35,-1,64,-1,52
1,<environment.Job instance at 0x7fd7591c4c80>,35,12,[11  4],36,-1,64,-1,52
1,<environment.Job instance at 0x7fd7591c6140>,36,20,[ 3 14],37,-1,72,-1,52
1,<environment.Job instance at 0x7fd758f5ed70>,37,16,[12  1],38,-1,68,-1,52
1,<environment.Job instance at 0x7fd7591c6b90>,40,28,[ 1 11],41,-1,89,-1,61
1,<environment.Job instance at 0x7fd7591c3aa0>,42,28,[14  4],43,-1,94,-1,66
1,<environment.Job instance at 0x7fd7591c3410>,43,27,[13  4],44,-1,93,-1,66
1,<environment.Job instance at 0x7fd7591c3910>,44,12,[ 5 11],45,-1,78,-1,66
1,<environment.Job instance at 0x7fd7591c38c0>,46,17,[14  2],47,-1,83,-1,66
1,<environment.Job instance at 0x7fd758840280>,47,17,[ 1 12],48,-1,83,-1,66
1,<environment.Job instance at 0x7fd758840c80>,49,22,[ 3 14],50,-1,97,-1,75
1,<environment.Job instance at 0x7fd7591a16e0>,50,15,[ 2 11],51,-1,90,-1,75
1,<environment.Job instance at 0x7fd7591a1730>,51,22,[ 2 13],52,-1,97,-1,75
1,<environment.Job instance at 0x7fd7591a1500>,53,26,[ 4 14],54,-1,104,-1,78
1,<environment.Job instance at 0x7fd758790c80>,1,24,[4 5],2,-1,26,-1,2
1,<environment.Job instance at 0x7fd759122b40>,1,24,[4 5],2,-1,26,-1,2
1,<environment.Job instance at 0x7fd758829c30>,3,12,[13  3],4,-1,16,-1,4
1,<environment.Job instance at 0x7fd758f5a910>,6,14,[11  2],7,-1,21,-1,7
1,<environment.Job instance at 0x7fd758f5a230>,7,15,[ 3 14],8,-1,23,-1,8
1,<environment.Job instance at 0x7fd759986550>,9,27,[13  4],10,-1,37,-1,10
1,<environment.Job instance at 0x7fd75817f550>,12,15,[ 4 14],13,-1,28,-1,13
1,<environment.Job instance at 0x7fd7596b1910>,13,12,[ 1 14],14,-1,26,-1,14
1,<environment.Job instance at 0x7fd7586015f0>,14,20,[ 1 12],15,-1,35,-1,15
1,<environment.Job instance at 0x7fd7596a8be0>,17,14,[ 4 12],18,-1,32,-1,18
1,<environment.Job instance at 0x7fd7595860a0>,19,25,[ 1 14],20,-1,47,-1,22
1,<environment.Job instance at 0x7fd759586d70>,20,14,[11  5],21,-1,36,-1,22
1,<environment.Job instance at 0x7fd759983a50>,22,23,[ 4 13],23,-1,52,-1,29
1,<environment.Job instance at 0x7fd759012280>,23,19,[11  1],24,-1,48,-1,29
1,<environment.Job instance at 0x7fd759012c30>,24,26,[11  4],25,-1,55,-1,29
1,<environment.Job instance at 0x7fd759986500>,4,25,[ 5 10],5,-1,60,-1,35
1,<environment.Job instance at 0x7fd75961a2d0>,27,13,[ 3 13],28,-1,48,-1,35
1,<environment.Job instance at 0x7fd758f0dfa0>,28,15,[14  4],29,-1,50,-1,35
1,<environment.Job instance at 0x7fd758f0d1e0>,29,18,[ 3 14],30,-1,53,-1,35
1,<environment.Job instance at 0x7fd7596a60a0>,30,28,[5 2],31,-1,63,-1,35
1,<environment.Job instance at 0x7fd7596a6460>,31,21,[ 4 12],32,-1,56,-1,35
1,<environment.Job instance at 0x7fd759593d70>,33,18,[11  5],34,-1,53,-1,35
1,<environment.Job instance at 0x7fd758ab13c0>,37,21,[11  3],38,-1,70,-1,49
1,<environment.Job instance at 0x7fd759547f00>,41,14,[11  3],42,-1,71,-1,57
1,<environment.Job instance at 0x7fd759547c80>,39,23,[5 5],40,-1,80,-1,57
1,<environment.Job instance at 0x7fd759547b90>,43,27,[11  2],44,-1,84,-1,57
1,<environment.Job instance at 0x7fd758814280>,46,22,[14  2],47,-1,79,-1,57
1,<environment.Job instance at 0x7fd759547870>,42,28,[2 7],43,-1,90,-1,62
1,<environment.Job instance at 0x7fd759990640>,49,22,[ 2 11],50,-1,89,-1,67
1,<environment.Job instance at 0x7fd759990140>,50,16,[11  5],51,-1,83,-1,67
1,<environment.Job instance at 0x7fd758ed77d0>,52,24,[13  4],53,-1,100,-1,76
1,<environment.Job instance at 0x7fd7585d8460>,8,16,[12  3],9,-1,47,-1,31
1,<environment.Job instance at 0x7fd7585d80f0>,13,19,[10  1],14,-1,52,-1,33
1,<environment.Job instance at 0x7fd7585d88c0>,12,20,[ 4 11],13,-1,57,-1,37
1,<environment.Job instance at 0x7fd7585d81e0>,10,17,[14  2],11,-1,56,-1,39
1,<environment.Job instance at 0x7fd7592d05f0>,17,17,[7 2],18,-1,58,-1,41
1,<environment.Job instance at 0x7fd7585d8e60>,16,18,[5 4],17,-1,59,-1,41
1,<environment.Job instance at 0x7fd7594243c0>,22,22,[ 5 12],23,-1,72,-1,50
1,<environment.Job instance at 0x7fd759424d20>,21,28,[11  4],22,-1,78,-1,50
1,<environment.Job instance at 0x7fd7585d8d70>,20,14,[ 2 12],21,-1,65,-1,51
1,<environment.Job instance at 0x7fd75804c190>,24,25,[9 5],25,-1,79,-1,54
1,<environment.Job instance at 0x7fd75804cfa0>,23,15,[10  5],24,-1,69,-1,54
1,<environment.Job instance at 0x7fd7585f3aa0>,29,26,[7 2],30,-1,81,-1,55
1,<environment.Job instance at 0x7fd758aa9870>,0,21,[ 3 11],1,-1,22,-1,1
1,<environment.Job instance at 0x7fd758aa9a00>,1,14,[14  1],2,-1,16,-1,2
1,<environment.Job instance at 0x7fd75999afa0>,5,20,[ 2 11],6,-1,26,-1,6
1,<environment.Job instance at 0x7fd75998eb40>,7,15,[ 4 13],8,-1,23,-1,8
1,<environment.Job instance at 0x7fd758ed7f50>,8,16,[12  3],9,-1,25,-1,9
1,<environment.Job instance at 0x7fd758ed7c80>,10,17,[14  2],11,-1,28,-1,11
1,<environment.Job instance at 0x7fd758ed7910>,11,14,[ 3 14],12,-1,26,-1,12
1,<environment.Job instance at 0x7fd759990140>,12,20,[ 4 11],13,-1,33,-1,13
1,<environment.Job instance at 0x7fd759990a00>,14,22,[11  1],15,-1,37,-1,15
1,<environment.Job instance at 0x7fd758ed76e0>,6,28,[3 9],7,-1,47,-1,19
1,<environment.Job instance at 0x7fd758ed7af0>,9,26,[7 4],10,-1,45,-1,19
1,<environment.Job instance at 0x7fd759547960>,20,14,[ 2 12],21,-1,35,-1,21
1,<environment.Job instance at 0x7fd758ab1fa0>,21,28,[11  4],22,-1,50,-1,22
1,<environment.Job instance at 0x7fd75894d370>,22,22,[ 5 12],23,-1,45,-1,23
1,<environment.Job instance at 0x7fd758ab13c0>,24,25,[9 5],25,-1,74,-1,49
1,<environment.Job instance at 0x7fd758601140>,28,22,[ 1 13],29,-1,71,-1,49
1,<environment.Job instance at 0x7fd7586015f0>,29,26,[7 2],30,-1,75,-1,49
1,<environment.Job instance at 0x7fd758f0d050>,30,15,[13  5],31,-1,64,-1,49
1,<environment.Job instance at 0x7fd759986140>,33,18,[ 4 11],34,-1,78,-1,60
1,<environment.Job instance at 0x7fd759986d70>,35,18,[ 5 14],36,-1,78,-1,60
1,<environment.Job instance at 0x7fd7593ca5f0>,36,18,[ 3 11],37,-1,78,-1,60
1,<environment.Job instance at 0x7fd7620837d0>,37,27,[11  1],38,-1,87,-1,60
1,<environment.Job instance at 0x7fd758bc3190>,38,28,[11  2],39,-1,88,-1,60
1,<environment.Job instance at 0x7fd75954e870>,39,23,[ 4 11],40,-1,83,-1,60
1,<environment.Job instance at 0x7fd7588292d0>,40,22,[ 1 14],41,-1,82,-1,60
1,<environment.Job instance at 0x7fd75869f8c0>,0,13,[9 1],1,-1,15,-1,2
1,<environment.Job instance at 0x7fd758cc3960>,5,12,[3 5],6,-1,18,-1,6
1,<environment.Job instance at 0x7fd758cc37d0>,7,23,[9 5],8,-1,31,-1,8
1,<environment.Job instance at 0x7fd758cc3190>,8,27,[7 3],9,-1,36,-1,9
1,<environment.Job instance at 0x7fd758cc3dc0>,9,22,[3 9],10,-1,32,-1,10
1,<environment.Job instance at 0x7fd758cfc140>,15,22,[10  3],16,-1,39,-1,17
1,<environment.Job instance at 0x7fd758aa90f0>,1,27,[ 5 14],2,-1,46,-1,19
1,<environment.Job instance at 0x7fd758cfc550>,19,23,[ 5 11],20,-1,43,-1,20
1,<environment.Job instance at 0x7fd75869f410>,12,14,[12  5],13,-1,45,-1,31
1,<environment.Job instance at 0x7fd758cfc5a0>,20,12,[9 5],21,-1,49,-1,37
1,<environment.Job instance at 0x7fd758cfc730>,22,15,[11  2],23,-1,61,-1,46
1,<environment.Job instance at 0x7fd758cfc690>,21,14,[ 3 11],22,-1,60,-1,46
1,<environment.Job instance at 0x7fd758cfc7d0>,23,17,[ 5 11],24,-1,63,-1,46
1,<environment.Job instance at 0x7fd758cc3230>,13,22,[14  5],14,-1,69,-1,47
1,<environment.Job instance at 0x7fd758cfc910>,25,18,[ 2 10],26,-1,66,-1,48
1,<environment.Job instance at 0x7fd758cfcb90>,29,25,[9 4],30,-1,73,-1,48
1,<environment.Job instance at 0x7fd758c181e0>,1,27,[ 5 14],2,-1,29,-1,2
1,<environment.Job instance at 0x7fd758c18b40>,2,17,[14  2],3,-1,20,-1,3
1,<environment.Job instance at 0x7fd758c18640>,3,15,[12  2],4,-1,19,-1,4
1,<environment.Job instance at 0x7fd758c18aa0>,4,20,[12  3],5,-1,25,-1,5
1,<environment.Job instance at 0x7fd758c18eb0>,6,26,[13  3],7,-1,33,-1,7
1,<environment.Job instance at 0x7fd758c18fa0>,10,13,[13  3],11,-1,24,-1,11
1,<environment.Job instance at 0x7fd758c18280>,11,12,[12  5],12,-1,24,-1,12
1,<environment.Job instance at 0x7fd758c18230>,12,14,[12  5],13,-1,27,-1,13
1,<environment.Job instance at 0x7fd758c32f50>,13,22,[14  5],14,-1,36,-1,14
1,<environment.Job instance at 0x7fd758c18780>,7,23,[9 5],8,-1,41,-1,18
1,<environment.Job instance at 0x7fd758c32a50>,17,14,[12  5],18,-1,32,-1,18
1,<environment.Job instance at 0x7fd758c18050>,8,27,[7 3],9,-1,45,-1,18
1,<environment.Job instance at 0x7fd758c32460>,18,14,[12  2],19,-1,33,-1,19
1,<environment.Job instance at 0x7fd758c32500>,19,23,[ 5 11],20,-1,43,-1,20
1,<environment.Job instance at 0x7fd758c32a00>,21,14,[ 3 11],22,-1,36,-1,22
1,<environment.Job instance at 0x7fd758c32be0>,22,15,[11  2],23,-1,38,-1,23
1,<environment.Job instance at 0x7fd758c32820>,23,17,[ 5 11],24,-1,41,-1,24
1,<environment.Job instance at 0x7fd7620837d0>,30,15,[13  3],31,-1,64,-1,49
1,<environment.Job instance at 0x7fd7592d0c80>,31,17,[ 1 14],32,-1,66,-1,49
1,<environment.Job instance at 0x7fd758a981e0>,33,28,[ 5 13],34,-1,82,-1,54
1,<environment.Job instance at 0x7fd758829b40>,34,15,[12  1],35,-1,69,-1,54
1,<environment.Job instance at 0x7fd758829c30>,35,25,[ 5 14],36,-1,79,-1,54
1,<environment.Job instance at 0x7fd758bc3190>,29,25,[9 4],30,-1,93,-1,68
1,<environment.Job instance at 0x7fd759986190>,38,27,[10  5],39,-1,95,-1,68
1,<environment.Job instance at 0x7fd7599862d0>,39,18,[11  4],40,-1,86,-1,68
1,<environment.Job instance at 0x7fd761f8a870>,40,14,[14  4],41,-1,82,-1,68
1,<environment.Job instance at 0x7fd758601140>,41,26,[ 5 12],42,-1,94,-1,68
1,<environment.Job instance at 0x7fd758601870>,43,16,[13  4],44,-1,84,-1,68
1,<environment.Job instance at 0x7fd758a7ea00>,0,27,[5 2],1,-1,28,-1,1
1,<environment.Job instance at 0x7fd758cd11e0>,8,12,[ 1 12],9,-1,22,-1,10
1,<environment.Job instance at 0x7fd758cd18c0>,10,16,[ 1 10],11,-1,27,-1,11
1,<environment.Job instance at 0x7fd758cd1c30>,0,27,[5 2],1,-1,28,-1,1
1,<environment.Job instance at 0x7fd758a7e730>,1,12,[ 3 13],2,-1,14,-1,2
1,<environment.Job instance at 0x7fd758a7e280>,2,17,[14  5],3,-1,20,-1,3
1,<environment.Job instance at 0x7fd758a7ed20>,3,15,[14  2],4,-1,19,-1,4
1,<environment.Job instance at 0x7fd758a7e5a0>,4,15,[ 1 12],5,-1,20,-1,5
1,<environment.Job instance at 0x7fd758a7e410>,8,12,[ 1 12],9,-1,21,-1,9
1,<environment.Job instance at 0x7fd758a4d7d0>,11,22,[14  3],12,-1,34,-1,12
1,<environment.Job instance at 0x7fd758a4d0f0>,12,22,[11  5],13,-1,35,-1,13
1,<environment.Job instance at 0x7fd758a4d870>,15,21,[11  3],16,-1,40,-1,19
1,<environment.Job instance at 0x7fd758a4dbe0>,16,24,[1 8],17,-1,44,-1,20
1,<environment.Job instance at 0x7fd758a4d910>,19,12,[11  2],20,-1,32,-1,20
1,<environment.Job instance at 0x7fd758a4dd20>,20,18,[ 3 11],21,-1,39,-1,21
1,<environment.Job instance at 0x7fd758a4da00>,21,15,[ 3 12],22,-1,37,-1,22
1,<environment.Job instance at 0x7fd758a4d500>,23,24,[2 8],24,-1,60,-1,36
1,<environment.Job instance at 0x7fd75936daf0>,24,24,[5 7],25,-1,60,-1,36
1,<environment.Job instance at 0x7fd75936d500>,25,13,[14  2],26,-1,49,-1,36
1,<environment.Job instance at 0x7fd75936de60>,26,12,[ 5 14],27,-1,48,-1,36
1,<environment.Job instance at 0x7fd75936d910>,27,28,[11  4],28,-1,64,-1,36
1,<environment.Job instance at 0x7fd75936d730>,28,23,[1 6],29,-1,59,-1,36
1,<environment.Job instance at 0x7fd75936d140>,29,26,[1 8],30,-1,62,-1,36
1,<environment.Job instance at 0x7fd75936d5f0>,33,25,[7 5],34,-1,73,-1,48
1,<environment.Job instance at 0x7fd75936dc30>,34,24,[5 3],35,-1,72,-1,48
1,<environment.Job instance at 0x7fd759364cd0>,35,15,[ 1 14],36,-1,63,-1,48
1,<environment.Job instance at 0x7fd7593646e0>,36,24,[5 2],37,-1,72,-1,48
1,<environment.Job instance at 0x7fd759364a50>,37,25,[8 1],38,-1,74,-1,49
1,<environment.Job instance at 0x7fd759364f00>,39,20,[ 4 13],40,-1,69,-1,49
1,<environment.Job instance at 0x7fd759364690>,43,26,[9 3],44,-1,92,-1,66
1,<environment.Job instance at 0x7fd759364c30>,45,20,[14  4],46,-1,86,-1,66
1,<environment.Job instance at 0x7fd759364780>,47,14,[ 3 11],48,-1,80,-1,66
1,<environment.Job instance at 0x7fd758ce5140>,48,14,[14  2],49,-1,80,-1,66
1,<environment.Job instance at 0x7fd758ce54b0>,49,20,[14  4],50,-1,86,-1,66
1,<environment.Job instance at 0x7fd758ce50f0>,50,15,[ 4 12],51,-1,81,-1,66
1,<environment.Job instance at 0x7fd7588293c0>,15,13,[8 4],16,-1,35,-1,22
1,<environment.Job instance at 0x7fd758a4dbe0>,0,12,[ 3 11],1,-1,13,-1,1
1,<environment.Job instance at 0x7fd758a4deb0>,4,16,[14  2],5,-1,21,-1,5
1,<environment.Job instance at 0x7fd758a4df00>,5,23,[ 1 11],6,-1,29,-1,6
1,<environment.Job instance at 0x7fd758a4d550>,7,24,[12  4],8,-1,32,-1,8
1,<environment.Job instance at 0x7fd758a4d6e0>,8,16,[11  3],9,-1,25,-1,9
1,<environment.Job instance at 0x7fd758a4d460>,9,16,[11  5],10,-1,26,-1,10
1,<environment.Job instance at 0x7fd758a4daf0>,11,22,[ 4 11],12,-1,34,-1,12
1,<environment.Job instance at 0x7fd7584aeb90>,12,18,[ 3 13],13,-1,31,-1,13
1,<environment.Job instance at 0x7fd7584aef50>,13,17,[12  4],14,-1,31,-1,14
1,<environment.Job instance at 0x7fd7584ae7d0>,14,12,[14  4],15,-1,27,-1,15
1,<environment.Job instance at 0x7fd759a722d0>,16,22,[ 2 13],17,-1,39,-1,17
1,<environment.Job instance at 0x7fd75998e280>,17,12,[ 3 11],18,-1,30,-1,18
1,<environment.Job instance at 0x7fd758467690>,19,14,[ 1 12],20,-1,34,-1,20
1,<environment.Job instance at 0x7fd758829190>,20,16,[13  3],21,-1,37,-1,21
1,<environment.Job instance at 0x7fd758467aa0>,22,23,[11  1],23,-1,46,-1,23
1,<environment.Job instance at 0x7fd7620a1e10>,24,18,[ 1 13],25,-1,43,-1,25
1,<environment.Job instance at 0x7fd7620a1dc0>,26,13,[11  3],27,-1,43,-1,30
1,<environment.Job instance at 0x7fd7620a1aa0>,27,28,[7 5],28,-1,58,-1,30
1,<environment.Job instance at 0x7fd7589596e0>,30,18,[13  1],31,-1,49,-1,31
1,<environment.Job instance at 0x7fd758959320>,29,27,[9 3],30,-1,59,-1,32
1,<environment.Job instance at 0x7fd758959a00>,32,25,[10  1],33,-1,77,-1,52
1,<environment.Job instance at 0x7fd758959820>,34,23,[11  1],35,-1,75,-1,52
1,<environment.Job instance at 0x7fd758959be0>,35,20,[13  4],36,-1,72,-1,52
1,<environment.Job instance at 0x7fd758959050>,36,22,[ 1 11],37,-1,74,-1,52
1,<environment.Job instance at 0x7fd758959d70>,37,26,[ 5 12],38,-1,78,-1,52
1,<environment.Job instance at 0x7fd758959f50>,38,26,[2 8],39,-1,78,-1,52
1,<environment.Job instance at 0x7fd758959c30>,40,21,[ 1 12],41,-1,73,-1,52
1,<environment.Job instance at 0x7fd758959a50>,41,16,[ 2 13],42,-1,68,-1,52
1,<environment.Job instance at 0x7fd758677dc0>,42,23,[7 1],43,-1,75,-1,52
1,<environment.Job instance at 0x7fd7586773c0>,43,13,[13  4],44,-1,65,-1,52
1,<environment.Job instance at 0x7fd758677280>,44,18,[14  3],45,-1,70,-1,52
1,<environment.Job instance at 0x7fd7586770f0>,46,24,[14  5],47,-1,76,-1,52
1,<environment.Job instance at 0x7fd758677780>,47,25,[ 4 12],48,-1,77,-1,52
1,<environment.Job instance at 0x7fd7586779b0>,49,18,[12  3],50,-1,70,-1,52
1,<environment.Job instance at 0x7fd7586772d0>,51,18,[ 2 11],52,-1,85,-1,67
1,<environment.Job instance at 0x7fd758677460>,52,13,[11  3],53,-1,80,-1,67
1,<environment.Job instance at 0x7fd758677e60>,53,18,[13  2],54,-1,85,-1,67
1,<environment.Job instance at 0x7fd758677500>,54,28,[7 1],55,-1,95,-1,67
1,<environment.Job instance at 0x7fd758df6410>,55,23,[ 5 13],56,-1,90,-1,67
1,<environment.Job instance at 0x7fd758df6870>,56,23,[2 7],57,-1,90,-1,67
1,<environment.Job instance at 0x7fd758df6b90>,57,28,[ 1 10],58,-1,95,-1,67
1,<environment.Job instance at 0x7fd758df6cd0>,58,25,[ 2 12],59,-1,92,-1,67
1,<environment.Job instance at 0x7fd758df6820>,59,12,[ 4 14],60,-1,79,-1,67
1,<environment.Job instance at 0x7fd758df6e60>,61,23,[11  2],62,-1,90,-1,67
1,<environment.Job instance at 0x7fd758cd99b0>,0,12,[9 5],1,-1,14,-1,2
1,<environment.Job instance at 0x7fd758e9d050>,2,12,[9 4],3,-1,15,-1,3
1,<environment.Job instance at 0x7fd758e9dd70>,3,21,[1 8],4,-1,25,-1,4
1,<environment.Job instance at 0x7fd758e9daf0>,6,18,[10  3],7,-1,25,-1,7
1,<environment.Job instance at 0x7fd758e9da50>,7,13,[3 7],8,-1,21,-1,8
1,<environment.Job instance at 0x7fd758e9d5f0>,8,20,[6 2],9,-1,29,-1,9
1,<environment.Job instance at 0x7fd758e9d9b0>,9,12,[10  2],10,-1,22,-1,10
1,<environment.Job instance at 0x7fd758eaf1e0>,10,23,[5 9],11,-1,34,-1,11
1,<environment.Job instance at 0x7fd758cd9460>,1,23,[3 9],2,-1,25,-1,2
1,<environment.Job instance at 0x7fd758df61e0>,4,17,[ 4 14],5,-1,22,-1,5
1,<environment.Job instance at 0x7fd758df65f0>,5,15,[ 2 14],6,-1,21,-1,6
1,<environment.Job instance at 0x7fd758df6690>,11,17,[ 2 14],12,-1,30,-1,13
1,<environment.Job instance at 0x7fd758df62d0>,12,22,[11  4],13,-1,35,-1,13
1,<environment.Job instance at 0x7fd758df6960>,13,28,[11  2],14,-1,42,-1,14
1,<environment.Job instance at 0x7fd758df6870>,14,28,[ 4 10],15,-1,53,-1,25
1,<environment.Job instance at 0x7fd758df69b0>,15,24,[6 2],16,-1,49,-1,25
1,<environment.Job instance at 0x7fd758df6910>,10,23,[5 9],11,-1,48,-1,25
1,<environment.Job instance at 0x7fd758df60f0>,17,26,[12  4],18,-1,51,-1,25
1,<environment.Job instance at 0x7fd758df6410>,18,13,[12  3],19,-1,38,-1,25
1,<environment.Job instance at 0x7fd758df68c0>,19,16,[ 5 11],20,-1,41,-1,25
1,<environment.Job instance at 0x7fd758677460>,21,20,[ 1 11],22,-1,45,-1,25
1,<environment.Job instance at 0x7fd7586779b0>,24,19,[ 4 11],25,-1,44,-1,25
1,<environment.Job instance at 0x7fd758677f50>,26,19,[13  2],27,-1,56,-1,37
1,<environment.Job instance at 0x7fd7586773c0>,28,24,[ 3 14],29,-1,61,-1,37
1,<environment.Job instance at 0x7fd7685350a0>,29,24,[3 7],30,-1,61,-1,37
1,<environment.Job instance at 0x7fd758677b40>,27,27,[5 9],28,-1,65,-1,38
1,<environment.Job instance at 0x7fd758959410>,32,14,[ 5 11],33,-1,52,-1,38
1,<environment.Job instance at 0x7fd758959f50>,35,17,[ 2 13],36,-1,67,-1,50
1,<environment.Job instance at 0x7fd758959d70>,36,16,[14  4],37,-1,66,-1,50
1,<environment.Job instance at 0x7fd758959eb0>,37,18,[ 1 14],38,-1,68,-1,50
1,<environment.Job instance at 0x7fd758959050>,38,16,[ 3 14],39,-1,66,-1,50
1,<environment.Job instance at 0x7fd758959be0>,41,16,[11  2],42,-1,80,-1,64
1,<environment.Job instance at 0x7fd758959960>,43,23,[14  2],44,-1,87,-1,64
1,<environment.Job instance at 0x7fd7589596e0>,44,24,[5 9],45,-1,103,-1,79
1,<environment.Job instance at 0x7fd7620a1aa0>,45,12,[12  5],46,-1,91,-1,79
1,<environment.Job instance at 0x7fd7620a1d20>,46,28,[ 2 11],47,-1,107,-1,79
1,<environment.Job instance at 0x7fd7620a1730>,47,26,[9 1],48,-1,105,-1,79
1,<environment.Job instance at 0x7fd7620a1690>,49,23,[14  3],50,-1,102,-1,79
1,<environment.Job instance at 0x7fd758aad0f0>,50,18,[ 3 13],51,-1,97,-1,79
1,<environment.Job instance at 0x7fd75998e280>,51,12,[13  1],52,-1,91,-1,79
1,<environment.Job instance at 0x7fd758467eb0>,52,16,[ 4 12],53,-1,95,-1,79
1,<environment.Job instance at 0x7fd7590f3230>,1,20,[10  3],2,-1,23,-1,3
1,<environment.Job instance at 0x7fd758261910>,2,27,[7 2],3,-1,30,-1,3
1,<environment.Job instance at 0x7fd7590f34b0>,4,21,[10  1],5,-1,28,-1,7
1,<environment.Job instance at 0x7fd7590f3b90>,11,25,[4 8],12,-1,42,-1,17
1,<environment.Job instance at 0x7fd7584aed20>,3,12,[13  2],4,-1,16,-1,4
1,<environment.Job instance at 0x7fd758e87c30>,5,12,[ 2 14],6,-1,18,-1,6
1,<environment.Job instance at 0x7fd7584aed70>,6,17,[ 1 12],7,-1,24,-1,7
1,<environment.Job instance at 0x7fd758b438c0>,7,22,[13  4],8,-1,30,-1,8
1,<environment.Job instance at 0x7fd758b818c0>,8,18,[ 5 12],9,-1,27,-1,9
1,<environment.Job instance at 0x7fd758b815a0>,9,25,[12  1],10,-1,35,-1,10
1,<environment.Job instance at 0x7fd758b48370>,10,26,[12  2],11,-1,37,-1,11
1,<environment.Job instance at 0x7fd758b7ccd0>,11,25,[4 8],12,-1,38,-1,13
1,<environment.Job instance at 0x7fd758cfccd0>,13,12,[13  2],14,-1,26,-1,14
1,<environment.Job instance at 0x7fd7584ae820>,2,27,[7 2],3,-1,49,-1,22
1,<environment.Job instance at 0x7fd758b50730>,18,14,[ 2 13],19,-1,36,-1,22
1,<environment.Job instance at 0x7fd7590f3190>,15,26,[2 8],16,-1,55,-1,29
1,<environment.Job instance at 0x7fd758b50aa0>,22,27,[ 1 13],23,-1,56,-1,29
1,<environment.Job instance at 0x7fd758b50f00>,23,18,[11  3],24,-1,47,-1,29
1,<environment.Job instance at 0x7fd7590f3aa0>,16,23,[4 7],17,-1,52,-1,29
1,<environment.Job instance at 0x7fd758b50910>,25,13,[12  1],26,-1,42,-1,29
1,<environment.Job instance at 0x7fd758b501e0>,26,12,[12  5],27,-1,41,-1,29
1,<environment.Job instance at 0x7fd758b50960>,27,12,[ 3 12],28,-1,41,-1,29
1,<environment.Job instance at 0x7fd758b505a0>,31,27,[2 7],32,-1,71,-1,44
1,<environment.Job instance at 0x7fd758b50460>,29,23,[4 9],30,-1,68,-1,45
1,<environment.Job instance at 0x7fd758b509b0>,34,14,[ 2 11],35,-1,59,-1,45
1,<environment.Job instance at 0x7fd758b50870>,35,23,[ 3 14],36,-1,68,-1,45
1,<environment.Job instance at 0x7fd758b50be0>,21,23,[8 4],22,-1,78,-1,55
1,<environment.Job instance at 0x7fd75815aaa0>,37,15,[ 2 13],38,-1,70,-1,55
1,<environment.Job instance at 0x7fd75815a730>,38,27,[11  5],39,-1,82,-1,55
1,<environment.Job instance at 0x7fd75815a910>,39,21,[ 5 13],40,-1,76,-1,55
1,<environment.Job instance at 0x7fd75815a1e0>,40,14,[12  4],41,-1,69,-1,55
1,<environment.Job instance at 0x7fd75815a050>,42,28,[14  3],43,-1,83,-1,55
1,<environment.Job instance at 0x7fd75815ab90>,44,22,[ 5 12],45,-1,81,-1,59
1,<environment.Job instance at 0x7fd75815a0f0>,45,24,[ 1 14],46,-1,83,-1,59
1,<environment.Job instance at 0x7fd75815a690>,46,25,[ 1 14],47,-1,84,-1,59
1,<environment.Job instance at 0x7fd75815a0a0>,49,21,[14  3],50,-1,92,-1,71
1,<environment.Job instance at 0x7fd75815af50>,50,17,[11  1],51,-1,88,-1,71
1,<environment.Job instance at 0x7fd758e45c30>,2,18,[2 5],3,-1,22,-1,4
1,<environment.Job instance at 0x7fd7592ecd70>,6,19,[10  4],7,-1,26,-1,7
1,<environment.Job instance at 0x7fd758e447d0>,8,24,[2 6],9,-1,33,-1,9
1,<environment.Job instance at 0x7fd758e44c30>,9,21,[1 9],10,-1,31,-1,10
1,<environment.Job instance at 0x7fd758e484b0>,10,14,[2 9],11,-1,25,-1,11
1,<environment.Job instance at 0x7fd758e48b90>,11,27,[2 5],12,-1,39,-1,12
1,<environment.Job instance at 0x7fd7582611e0>,3,18,[ 2 12],4,-1,31,-1,13
1,<environment.Job instance at 0x7fd7581711e0>,0,27,[ 5 13],1,-1,28,-1,1
1,<environment.Job instance at 0x7fd758171dc0>,1,15,[ 3 13],2,-1,17,-1,2
1,<environment.Job instance at 0x7fd7581715f0>,3,18,[ 2 12],4,-1,22,-1,4
1,<environment.Job instance at 0x7fd758171d70>,7,24,[14  3],8,-1,32,-1,8
1,<environment.Job instance at 0x7fd758171140>,8,24,[2 6],9,-1,44,-1,20
1,<environment.Job instance at 0x7fd758171af0>,12,25,[ 2 12],13,-1,45,-1,20
1,<environment.Job instance at 0x7fd7581719b0>,11,27,[2 5],12,-1,47,-1,20
1,<environment.Job instance at 0x7fd758171870>,15,23,[11  3],16,-1,44,-1,21
1,<environment.Job instance at 0x7fd758171320>,16,26,[ 1 13],17,-1,47,-1,21
1,<environment.Job instance at 0x7fd7581715a0>,17,24,[12  4],18,-1,45,-1,21
1,<environment.Job instance at 0x7fd75815a7d0>,19,27,[ 1 14],20,-1,48,-1,21
1,<environment.Job instance at 0x7fd758171be0>,13,24,[ 2 10],14,-1,45,-1,21
1,<environment.Job instance at 0x7fd758171910>,14,23,[7 1],15,-1,44,-1,21
1,<environment.Job instance at 0x7fd75815aa00>,22,28,[ 5 13],23,-1,51,-1,23
1,<environment.Job instance at 0x7fd75815a0a0>,25,13,[11  2],26,-1,48,-1,35
1,<environment.Job instance at 0x7fd75815a960>,26,17,[ 2 14],27,-1,52,-1,35
1,<environment.Job instance at 0x7fd75815a280>,24,27,[6 4],25,-1,67,-1,40
1,<environment.Job instance at 0x7fd75815ae60>,30,25,[1 6],31,-1,77,-1,52
1,<environment.Job instance at 0x7fd75815a6e0>,31,20,[11  1],32,-1,72,-1,52
1,<environment.Job instance at 0x7fd75815a3c0>,35,12,[ 1 13],36,-1,64,-1,52
1,<environment.Job instance at 0x7fd75815ac80>,36,23,[1 5],37,-1,77,-1,54
1,<environment.Job instance at 0x7fd75815a460>,37,14,[ 3 11],38,-1,68,-1,54
1,<environment.Job instance at 0x7fd758b50fa0>,39,15,[14  1],40,-1,69,-1,54
1,<environment.Job instance at 0x7fd758b505a0>,41,15,[14  4],42,-1,80,-1,65
1,<environment.Job instance at 0x7fd758b50640>,43,20,[12  3],44,-1,85,-1,65
1,<environment.Job instance at 0x7fd758b50d20>,44,20,[ 4 11],45,-1,85,-1,65
1,<environment.Job instance at 0x7fd758b50b40>,45,19,[ 2 13],46,-1,84,-1,65
1,<environment.Job instance at 0x7fd758b50140>,46,15,[14  2],47,-1,80,-1,65
1,<environment.Job instance at 0x7fd758b50230>,47,12,[13  3],48,-1,77,-1,65
1,<environment.Job instance at 0x7fd758b50c80>,42,25,[ 5 10],43,-1,98,-1,73
1,<environment.Job instance at 0x7fd758b50e60>,49,21,[11  1],50,-1,94,-1,73
1,<environment.Job instance at 0x7f79effc06e0>,0,13,[9 3],1,-1,15,-1,2
1,<environment.Job instance at 0x7f79effc08c0>,1,22,[11  3],2,-1,24,-1,2
1,<environment.Job instance at 0x7f79effc0730>,2,22,[4 8],3,-1,25,-1,3
1,<environment.Job instance at 0x7f79e6976b90>,4,21,[1 6],5,-1,27,-1,6
1,<environment.Job instance at 0x7f79e6976a50>,5,24,[1 5],6,-1,30,-1,6
1,<environment.Job instance at 0x7f79e6976d70>,7,25,[6 2],8,-1,33,-1,8
1,<environment.Job instance at 0x7f79e6976fa0>,10,18,[ 3 11],11,-1,31,-1,13
1,<environment.Job instance at 0x7f79e6984960>,1,22,[11  3],2,-1,24,-1,2
1,<environment.Job instance at 0x7f79e6984a00>,3,26,[11  4],4,-1,30,-1,4
1,<environment.Job instance at 0x7f79e6984f50>,8,22,[14  3],9,-1,31,-1,9
1,<environment.Job instance at 0x7f79e6984eb0>,9,18,[ 2 13],10,-1,28,-1,10
1,<environment.Job instance at 0x7f79e6984fa0>,10,18,[ 3 11],11,-1,29,-1,11
1,<environment.Job instance at 0x7f79e6984f00>,12,26,[ 1 12],13,-1,40,-1,14
1,<environment.Job instance at 0x7f79e69870a0>,13,18,[ 4 14],14,-1,32,-1,14
1,<environment.Job instance at 0x7f79e6976960>,5,24,[1 5],6,-1,38,-1,14
1,<environment.Job instance at 0x7f79e6984b40>,7,25,[6 2],8,-1,39,-1,14
1,<environment.Job instance at 0x7f79e6987460>,15,18,[ 2 14],16,-1,34,-1,16
1,<environment.Job instance at 0x7f79e69874b0>,16,16,[ 3 11],17,-1,33,-1,17
1,<environment.Job instance at 0x7f79e69875f0>,18,25,[ 4 13],19,-1,44,-1,19
1,<environment.Job instance at 0x7f79e69871e0>,19,14,[ 3 11],20,-1,34,-1,20
1,<environment.Job instance at 0x7f79e69876e0>,20,27,[13  5],21,-1,48,-1,21
1,<environment.Job instance at 0x7f79e6987780>,21,26,[ 5 12],22,-1,48,-1,22
1,<environment.Job instance at 0x7f79e6987820>,22,13,[13  1],23,-1,36,-1,23
1,<environment.Job instance at 0x7f79e6987500>,17,28,[ 5 10],18,-1,53,-1,25
1,<environment.Job instance at 0x7f79e69875a0>,24,13,[ 3 14],25,-1,38,-1,25
1,<environment.Job instance at 0x7f79e6987190>,11,26,[4 8],12,-1,51,-1,25
1,<environment.Job instance at 0x7f79e6987af0>,25,23,[ 3 13],26,-1,49,-1,26
1,<environment.Job instance at 0x7f79e6987c30>,27,25,[5 7],28,-1,53,-1,28
1,<environment.Job instance at 0x7f79e6987dc0>,28,25,[ 4 11],29,-1,54,-1,29
1,<environment.Job instance at 0x7f79e6987cd0>,29,22,[ 5 13],30,-1,52,-1,30
1,<environment.Job instance at 0x7f79e69b5a00>,31,20,[11  5],32,-1,52,-1,32
1,<environment.Job instance at 0x7f79e69bf1e0>,32,27,[11  3],33,-1,60,-1,33
1,<environment.Job instance at 0x7f79e6971460>,30,27,[4 8],31,-1,70,-1,43
1,<environment.Job instance at 0x7f79e6c2baa0>,36,13,[ 3 14],37,-1,56,-1,43
1,<environment.Job instance at 0x7f79e6b89e60>,37,28,[ 2 12],38,-1,71,-1,43
1,<environment.Job instance at 0x7f79e6987be0>,26,26,[1 8],27,-1,69,-1,43
1,<environment.Job instance at 0x7f79e69ce050>,39,24,[5 6],40,-1,67,-1,43
1,<environment.Job instance at 0x7f79f0006140>,34,24,[1 8],35,-1,67,-1,43
1,<environment.Job instance at 0x7f79e696ea00>,41,27,[14  1],42,-1,70,-1,43
1,<environment.Job instance at 0x7f79e696e960>,43,13,[13  1],44,-1,57,-1,44
1,<environment.Job instance at 0x7f79e696ed20>,44,24,[ 1 13],45,-1,69,-1,45
1,<environment.Job instance at 0x7f79e696e5f0>,46,17,[12  2],47,-1,66,-1,49
1,<environment.Job instance at 0x7f79e696ecd0>,48,15,[14  1],49,-1,64,-1,49
1,<environment.Job instance at 0x7f79e6a73aa0>,49,16,[ 2 11],50,-1,66,-1,50
1,<environment.Job instance at 0x7f79e6a0adc0>,50,16,[12  2],51,-1,67,-1,51
1,<environment.Job instance at 0x7f79e6b905a0>,54,13,[13  1],55,-1,72,-1,59
1,<environment.Job instance at 0x7f79e6a45820>,55,20,[ 3 13],56,-1,79,-1,59
1,<environment.Job instance at 0x7f79e6a45eb0>,52,27,[8 5],53,-1,86,-1,59
1,<environment.Job instance at 0x7f79e6aa1190>,57,27,[ 2 14],58,-1,86,-1,59
1,<environment.Job instance at 0x7f79e6a9b500>,60,23,[ 1 11],61,-1,85,-1,62
1,<environment.Job instance at 0x7f79e6a9ad20>,61,21,[ 5 13],62,-1,83,-1,62
1,<environment.Job instance at 0x7f79e6a9a9b0>,63,17,[ 4 12],64,-1,88,-1,71
1,<environment.Job instance at 0x7f79e60c1d20>,1,20,[8 2],2,-1,23,-1,3
1,<environment.Job instance at 0x7f79e6984820>,2,21,[10  1],3,-1,24,-1,3
1,<environment.Job instance at 0x7f79e60c1b40>,8,17,[5 5],9,-1,27,-1,10
1,<environment.Job instance at 0x7f79e60c1410>,9,26,[6 5],10,-1,36,-1,10
1,<environment.Job instance at 0x7f79e60c1910>,10,18,[2 7],11,-1,32,-1,14
1,<environment.Job instance at 0x7f79e60c1a50>,16,26,[11  4],17,-1,43,-1,17
1,<environment.Job instance at 0x7f79e60b6320>,17,19,[ 3 12],18,-1,37,-1,18
1,<environment.Job instance at 0x7f79e60c15f0>,12,16,[ 3 13],13,-1,34,-1,18
1,<environment.Job instance at 0x7f79e60b6730>,18,21,[ 1 10],19,-1,40,-1,19
1,<environment.Job instance at 0x7f79e60b6f50>,19,14,[10  4],20,-1,42,-1,28
1,<environment.Job instance at 0x7f79e6984c80>,0,14,[ 2 13],1,-1,15,-1,1
1,<environment.Job instance at 0x7f79e6984a00>,3,16,[ 2 11],4,-1,20,-1,4
1,<environment.Job instance at 0x7f79e628b3c0>,4,25,[4 5],5,-1,30,-1,5
1,<environment.Job instance at 0x7f79e6277aa0>,6,28,[ 1 13],7,-1,35,-1,7
1,<environment.Job instance at 0x7f79e6197fa0>,7,26,[ 1 11],8,-1,34,-1,8
1,<environment.Job instance at 0x7f79e61b9b40>,9,26,[6 5],10,-1,47,-1,21
1,<environment.Job instance at 0x7f79e6198370>,12,16,[ 3 13],13,-1,37,-1,21
1,<environment.Job instance at 0x7f79e6198c80>,13,23,[ 5 13],14,-1,44,-1,21
1,<environment.Job instance at 0x7f79e6198c30>,15,12,[14  5],16,-1,33,-1,21
1,<environment.Job instance at 0x7f79e619b410>,16,26,[11  4],17,-1,47,-1,21
1,<environment.Job instance at 0x7f79e619bcd0>,17,19,[ 3 12],18,-1,40,-1,21
1,<environment.Job instance at 0x7f79e619bc30>,21,26,[ 5 12],22,-1,59,-1,33
1,<environment.Job instance at 0x7f79e61dcf50>,22,27,[12  2],23,-1,60,-1,33
1,<environment.Job instance at 0x7f79e619f780>,23,15,[12  1],24,-1,48,-1,33
1,<environment.Job instance at 0x7f79e619faf0>,24,14,[ 2 11],25,-1,47,-1,33
1,<environment.Job instance at 0x7f79e61286e0>,26,21,[ 1 12],27,-1,54,-1,33
1,<environment.Job instance at 0x7f79e61285f0>,27,19,[11  2],28,-1,52,-1,33
1,<environment.Job instance at 0x7f79e612b460>,28,14,[ 3 14],29,-1,47,-1,33
1,<environment.Job instance at 0x7f79e612b820>,30,19,[13  1],31,-1,58,-1,39
1,<environment.Job instance at 0x7f79e61301e0>,32,22,[14  4],33,-1,61,-1,39
1,<environment.Job instance at 0x7f79e6130f50>,33,14,[11  5],34,-1,53,-1,39
1,<environment.Job instance at 0x7f79e6130eb0>,34,19,[ 3 12],35,-1,58,-1,39
1,<environment.Job instance at 0x7f79e6137910>,35,18,[13  4],36,-1,57,-1,39
1,<environment.Job instance at 0x7f79e6137870>,36,26,[13  4],37,-1,65,-1,39
1,<environment.Job instance at 0x7f79e613af00>,41,25,[6 1],42,-1,101,-1,76
1,<environment.Job instance at 0x7f79e61c14b0>,42,28,[6 2],43,-1,104,-1,76
1,<environment.Job instance at 0x7f79e61c10a0>,43,24,[6 4],44,-1,100,-1,76
1,<environment.Job instance at 0x7f79e613e870>,45,25,[ 3 12],46,-1,101,-1,76
1,<environment.Job instance at 0x7f79e613e7d0>,46,26,[13  5],47,-1,102,-1,76
1,<environment.Job instance at 0x7f79e613e820>,48,13,[14  1],49,-1,100,-1,87
1,<environment.Job instance at 0x7f79e5ff6d70>,1,14,[2 9],2,-1,16,-1,2
1,<environment.Job instance at 0x7f79e5faaa00>,10,17,[12  2],11,-1,31,-1,14
1,<environment.Job instance at 0x7f79e5faab90>,14,21,[ 5 11],15,-1,36,-1,15
1,<environment.Job instance at 0x7f79e5faa690>,5,27,[5 9],6,-1,43,-1,16
1,<environment.Job instance at 0x7f79e5faa320>,13,21,[12  2],14,-1,37,-1,16
1,<environment.Job instance at 0x7f79e5faa640>,15,26,[ 5 10],16,-1,42,-1,16
1,<environment.Job instance at 0x7f79e5ff60a0>,2,20,[13  3],3,-1,23,-1,3
1,<environment.Job instance at 0x7f79e5f665a0>,3,21,[ 4 12],4,-1,25,-1,4
1,<environment.Job instance at 0x7f79e5f662d0>,7,21,[11  4],8,-1,29,-1,8
1,<environment.Job instance at 0x7f79e5f66f50>,8,12,[14  5],9,-1,21,-1,9
1,<environment.Job instance at 0x7f79e5f66a00>,9,16,[12  3],10,-1,26,-1,10
1,<environment.Job instance at 0x7f79e5f66fa0>,10,17,[12  2],11,-1,28,-1,11
1,<environment.Job instance at 0x7f79e5f66dc0>,13,21,[12  2],14,-1,35,-1,14
1,<environment.Job instance at 0x7f79e5fe1a50>,14,21,[ 5 11],15,-1,36,-1,15
1,<environment.Job instance at 0x7f79e5fe12d0>,15,26,[ 5 10],16,-1,42,-1,16
1,<environment.Job instance at 0x7f79e5ff6c30>,5,27,[5 9],6,-1,43,-1,16
1,<environment.Job instance at 0x7f79e5f66cd0>,6,27,[2 9],7,-1,43,-1,16
1,<environment.Job instance at 0x7f79e5f66d20>,11,28,[2 8],12,-1,44,-1,16
1,<environment.Job instance at 0x7f79e5fe1f50>,16,27,[12  4],17,-1,44,-1,17
1,<environment.Job instance at 0x7f79e5fe1a00>,17,27,[14  3],18,-1,45,-1,18
1,<environment.Job instance at 0x7f79e5fe1960>,19,14,[ 1 12],20,-1,34,-1,20
1,<environment.Job instance at 0x7f79e5fe1140>,21,14,[13  5],22,-1,36,-1,22
1,<environment.Job instance at 0x7f79e5fe1c30>,22,25,[11  2],23,-1,48,-1,23
1,<environment.Job instance at 0x7f79e5fe1370>,23,14,[12  2],24,-1,38,-1,24
1,<environment.Job instance at 0x7f79e5fe15a0>,24,28,[8 4],25,-1,53,-1,25
1,<environment.Job instance at 0x7f79e5fe10a0>,26,20,[12  1],27,-1,47,-1,27
1,<environment.Job instance at 0x7f79e5fe1cd0>,27,13,[ 4 12],28,-1,41,-1,28
1,<environment.Job instance at 0x7f79e5fe13c0>,28,18,[12  2],29,-1,47,-1,29
1,<environment.Job instance at 0x7f79e5fddd20>,29,15,[12  3],30,-1,45,-1,30
1,<environment.Job instance at 0x7f79e5fe10f0>,31,26,[ 5 11],32,-1,58,-1,32
1,<environment.Job instance at 0x7f79e5fdd280>,33,16,[11  1],34,-1,50,-1,34
1,<environment.Job instance at 0x7f79e5fdd140>,35,19,[12  5],36,-1,55,-1,36
1,<environment.Job instance at 0x7f79e5fdd0f0>,36,17,[11  3],37,-1,54,-1,37
1,<environment.Job instance at 0x7f79e5fdddc0>,30,25,[7 2],31,-1,65,-1,40
1,<environment.Job instance at 0x7f79e5fdd500>,38,25,[6 2],39,-1,65,-1,40
1,<environment.Job instance at 0x7f79e5fdd460>,39,18,[12  4],40,-1,58,-1,40
1,<environment.Job instance at 0x7f79e5fdd370>,41,26,[11  5],42,-1,68,-1,42
1,<environment.Job instance at 0x7f79e5fdd3c0>,44,16,[11  2],45,-1,69,-1,53
1,<environment.Job instance at 0x7f79e5fdb370>,45,15,[13  5],46,-1,68,-1,53
1,<environment.Job instance at 0x7f79e5fdbaf0>,48,27,[14  3],49,-1,93,-1,66
1,<environment.Job instance at 0x7f79e5fdb820>,50,26,[ 4 10],51,-1,93,-1,67
1,<environment.Job instance at 0x7f79e5fdb7d0>,51,26,[8 3],52,-1,93,-1,67
1,<environment.Job instance at 0x7f79e5fdb690>,52,23,[12  1],53,-1,90,-1,67
1,<environment.Job instance at 0x7f79e5fdb8c0>,53,19,[ 2 13],54,-1,86,-1,67
1,<environment.Job instance at 0x7f79e5fdb550>,54,22,[11  1],55,-1,89,-1,67
1,<environment.Job instance at 0x7f79e5fdb730>,55,22,[ 1 13],56,-1,89,-1,67
1,<environment.Job instance at 0x7f79e5fdbbe0>,56,24,[ 2 14],57,-1,91,-1,67
1,<environment.Job instance at 0x7f79e5ffcc30>,58,23,[13  3],59,-1,90,-1,67
1,<environment.Job instance at 0x7f79e5ffc5f0>,59,25,[10  5],60,-1,104,-1,79
1,<environment.Job instance at 0x7f79e5ffc550>,60,20,[13  5],61,-1,99,-1,79
1,<environment.Job instance at 0x7f79e5ffc730>,61,24,[14  3],62,-1,103,-1,79
1,<environment.Job instance at 0x7f79e5ffc500>,62,23,[13  5],63,-1,102,-1,79
1,<environment.Job instance at 0x7f79e5ffc780>,63,21,[12  3],64,-1,100,-1,79
1,<environment.Job instance at 0x7f79e5ffc8c0>,65,28,[ 4 11],66,-1,107,-1,79
1,<environment.Job instance at 0x7f79e5ffc190>,66,18,[ 4 12],67,-1,97,-1,79
1,<environment.Job instance at 0x7f79e5ffcc80>,67,22,[14  1],68,-1,101,-1,79
1,<environment.Job instance at 0x7f79e5ffcaf0>,69,27,[ 4 13],70,-1,110,-1,83
1,<environment.Job instance at 0x7f79e6e034b0>,0,19,[5 5],1,-1,20,-1,1
1,<environment.Job instance at 0x7f79e6e03640>,2,20,[8 5],3,-1,23,-1,3
1,<environment.Job instance at 0x7f79e5fcb5a0>,1,23,[13  1],2,-1,25,-1,2
1,<environment.Job instance at 0x7f79e5fddfa0>,3,26,[ 1 11],4,-1,30,-1,4
1,<environment.Job instance at 0x7f79e5fdd460>,4,14,[ 3 13],5,-1,19,-1,5
1,<environment.Job instance at 0x7f79e5fdd500>,8,16,[12  5],9,-1,25,-1,9
1,<environment.Job instance at 0x7f79e5fdd0f0>,9,14,[14  5],10,-1,24,-1,10
1,<environment.Job instance at 0x7f79e5fdd280>,10,13,[ 5 13],11,-1,24,-1,11
1,<environment.Job instance at 0x7f79e5fddd70>,12,26,[13  2],13,-1,39,-1,13
1,<environment.Job instance at 0x7f79e5fdd2d0>,14,15,[ 1 12],15,-1,35,-1,20
1,<environment.Job instance at 0x7f79e5fdd820>,15,14,[ 1 12],16,-1,34,-1,20
1,<environment.Job instance at 0x7f79e5fdde60>,7,27,[10  3],8,-1,50,-1,23
1,<environment.Job instance at 0x7f79e6e03a00>,17,23,[6 4],18,-1,46,-1,23
1,<environment.Job instance at 0x7f79e6e035a0>,18,26,[ 3 11],19,-1,49,-1,23
1,<environment.Job instance at 0x7f79e649fd70>,22,13,[14  3],23,-1,36,-1,23
1,<environment.Job instance at 0x7f79e6e03af0>,21,25,[3 9],22,-1,58,-1,33
1,<environment.Job instance at 0x7f79e649f640>,24,23,[13  3],25,-1,56,-1,33
1,<environment.Job instance at 0x7f79e6e0e0f0>,26,23,[ 2 13],27,-1,56,-1,33
1,<environment.Job instance at 0x7f79e6e0efa0>,27,16,[11  4],28,-1,49,-1,33
1,<environment.Job instance at 0x7f79e6e0eaf0>,29,25,[4 5],30,-1,71,-1,46
1,<environment.Job instance at 0x7f79e6e0e960>,31,20,[11  1],32,-1,66,-1,46
1,<environment.Job instance at 0x7f79e6e0e460>,30,25,[6 3],31,-1,71,-1,46
1,<environment.Job instance at 0x7f79e6e0e5a0>,33,13,[12  4],34,-1,59,-1,46
1,<environment.Job instance at 0x7f79e6e0e870>,34,24,[5 5],35,-1,70,-1,46
1,<environment.Job instance at 0x7f79e6e0e370>,35,13,[ 1 13],36,-1,59,-1,46
1,<environment.Job instance at 0x7f79e6e0e640>,36,26,[ 1 13],37,-1,72,-1,46
1,<environment.Job instance at 0x7f79e6e0edc0>,38,16,[11  1],39,-1,62,-1,46
1,<environment.Job instance at 0x7f79e6e0e050>,39,14,[14  2],40,-1,60,-1,46
1,<environment.Job instance at 0x7f79e6e0e190>,41,15,[ 2 11],42,-1,68,-1,53
1,<environment.Job instance at 0x7f79e6e0e140>,42,16,[11  1],43,-1,69,-1,53
1,<environment.Job instance at 0x7f79e6e0e8c0>,43,25,[2 8],44,-1,78,-1,53
1,<environment.Job instance at 0x7f79e6e0e780>,44,18,[12  5],45,-1,71,-1,53
1,<environment.Job instance at 0x7f79e6e0eaa0>,45,20,[ 5 13],46,-1,73,-1,53
1,<environment.Job instance at 0x7f79e6e0ee10>,46,24,[2 7],47,-1,77,-1,53
1,<environment.Job instance at 0x7f79e6e0ea50>,47,16,[11  2],48,-1,69,-1,53
1,<environment.Job instance at 0x7f79e6e21190>,48,22,[ 2 12],49,-1,75,-1,53
1,<environment.Job instance at 0x7f79e6e21a50>,49,20,[12  3],50,-1,73,-1,53
1,<environment.Job instance at 0x7f79e6e21500>,50,19,[12  5],51,-1,72,-1,53
1,<environment.Job instance at 0x7f79e6e210f0>,52,18,[12  1],53,-1,71,-1,53
1,<environment.Job instance at 0x7f79e6e21e60>,56,17,[ 1 12],57,-1,84,-1,67
1,<environment.Job instance at 0x7f79e6e21eb0>,58,18,[ 2 14],59,-1,85,-1,67
1,<environment.Job instance at 0x7f79e6e21910>,59,24,[11  1],60,-1,91,-1,67
1,<environment.Job instance at 0x7f79e6e21050>,60,25,[7 1],61,-1,92,-1,67
1,<environment.Job instance at 0x7f79e6e21550>,61,24,[12  5],62,-1,91,-1,67
1,<environment.Job instance at 0x7f79e6e21230>,63,15,[ 1 11],64,-1,82,-1,67
1,<environment.Job instance at 0x7f79e6e21280>,64,16,[ 5 12],65,-1,83,-1,67
1,<environment.Job instance at 0x7f79e6e21af0>,65,27,[ 4 14],66,-1,94,-1,67
1,<environment.Job instance at 0x7f79e6e21a00>,66,23,[ 2 11],67,-1,90,-1,67
1,<environment.Job instance at 0x7f79e6e21aa0>,67,13,[ 4 12],68,-1,81,-1,68
1,<environment.Job instance at 0x7f79e6e22550>,68,15,[13  1],69,-1,84,-1,69
1,<environment.Job instance at 0x7f79e6e22f50>,69,17,[13  3],70,-1,87,-1,70
1,<environment.Job instance at 0x7f79e6e21c30>,55,25,[8 5],56,-1,95,-1,70
1,<environment.Job instance at 0x7f79e6e215a0>,62,23,[10  2],63,-1,93,-1,70
1,<environment.Job instance at 0x7f79e6e22c30>,71,22,[ 3 13],72,-1,102,-1,80
1,<environment.Job instance at 0x7f79e6e22370>,73,19,[13  4],74,-1,104,-1,85
1,<environment.Job instance at 0x7f79e6e22730>,74,16,[ 2 12],75,-1,101,-1,85
1,<environment.Job instance at 0x7f79e6e22690>,75,12,[ 4 14],76,-1,97,-1,85
1,<environment.Job instance at 0x7f79e6ec34b0>,1,21,[4 8],2,-1,24,-1,3
1,<environment.Job instance at 0x7f79e632b190>,4,18,[8 3],5,-1,23,-1,5
1,<environment.Job instance at 0x7f79e632bbe0>,5,14,[8 5],6,-1,20,-1,6
1,<environment.Job instance at 0x7f79e632b230>,6,28,[6 1],7,-1,35,-1,7
1,<environment.Job instance at 0x7f79e632ba50>,7,16,[5 8],8,-1,24,-1,8
1,<environment.Job instance at 0x7f79e6e220f0>,0,12,[ 3 14],1,-1,13,-1,1
1,<environment.Job instance at 0x7f79e6e22410>,2,15,[ 4 12],3,-1,18,-1,3
1,<environment.Job instance at 0x7f79e6e225f0>,3,21,[ 3 14],4,-1,25,-1,4
1,<environment.Job instance at 0x7f79e6e22f50>,9,27,[ 4 12],10,-1,37,-1,10
1,<environment.Job instance at 0x7f79e6e222d0>,10,25,[12  4],11,-1,36,-1,11
1,<environment.Job instance at 0x7f79e6e225a0>,11,20,[ 3 14],12,-1,32,-1,12
1,<environment.Job instance at 0x7f79e6e22820>,12,13,[ 3 14],13,-1,26,-1,13
1,<environment.Job instance at 0x7f79e6e21af0>,13,13,[11  5],14,-1,27,-1,14
1,<environment.Job instance at 0x7f79e6e22370>,6,28,[6 1],7,-1,51,-1,23
1,<environment.Job instance at 0x7f79e6e21280>,14,24,[8 4],15,-1,47,-1,23
1,<environment.Job instance at 0x7f79e6e21f00>,16,20,[12  3],17,-1,43,-1,23
1,<environment.Job instance at 0x7f79e6e21f50>,17,25,[13  2],18,-1,48,-1,23
1,<environment.Job instance at 0x7f79e6e215a0>,19,25,[1 6],20,-1,48,-1,23
1,<environment.Job instance at 0x7f79e6e21550>,20,17,[12  4],21,-1,40,-1,23
1,<environment.Job instance at 0x7f79e6e21050>,21,26,[1 9],22,-1,49,-1,23
1,<environment.Job instance at 0x7f79e6e21910>,22,27,[14  4],23,-1,50,-1,23
1,<environment.Job instance at 0x7f79e6e21230>,23,18,[14  2],24,-1,42,-1,24
1,<environment.Job instance at 0x7f79e6e21e60>,24,25,[13  3],25,-1,50,-1,25
1,<environment.Job instance at 0x7f79e6e21be0>,26,23,[12  4],27,-1,50,-1,27
1,<environment.Job instance at 0x7f79e6e219b0>,27,25,[9 2],28,-1,53,-1,28
1,<environment.Job instance at 0x7f79e6e21c80>,28,20,[11  2],29,-1,49,-1,29
1,<environment.Job instance at 0x7f79e6e21690>,29,16,[14  4],30,-1,46,-1,30
1,<environment.Job instance at 0x7f79e6e21b40>,30,23,[7 4],31,-1,59,-1,36
1,<environment.Job instance at 0x7f79e6e21870>,33,22,[ 1 12],34,-1,58,-1,36
1,<environment.Job instance at 0x7f79e6e0e550>,35,26,[ 3 12],36,-1,62,-1,36
1,<environment.Job instance at 0x7f79e6e0e1e0>,36,27,[ 2 14],37,-1,64,-1,37
1,<environment.Job instance at 0x7f79e6e0e140>,37,24,[13  5],38,-1,62,-1,38
1,<environment.Job instance at 0x7f79e6e0ef00>,39,21,[13  4],40,-1,61,-1,40
1,<environment.Job instance at 0x7f79e6e0edc0>,40,22,[ 5 12],41,-1,63,-1,41
1,<environment.Job instance at 0x7f79e6e0e0a0>,42,15,[14  2],43,-1,63,-1,48
1,<environment.Job instance at 0x7f79e6e0ee60>,43,15,[ 1 13],44,-1,63,-1,48
1,<environment.Job instance at 0x7f79e6e0e690>,44,20,[12  2],45,-1,68,-1,48
1,<environment.Job instance at 0x7f79e6e0e3c0>,46,17,[14  5],47,-1,67,-1,50
1,<environment.Job instance at 0x7f79e6e0e410>,47,24,[13  3],48,-1,74,-1,50
1,<environment.Job instance at 0x7f79e6e0ea00>,48,22,[12  3],49,-1,72,-1,50
1,<environment.Job instance at 0x7f79e6e0ec30>,51,23,[10  4],52,-1,102,-1,79
1,<environment.Job instance at 0x7f79e6e0ef50>,54,20,[14  2],55,-1,99,-1,79
1,<environment.Job instance at 0x7f79e681a730>,0,17,[8 1],1,-1,19,-1,2
1,<environment.Job instance at 0x7f79e6e226e0>,1,15,[14  5],2,-1,17,-1,2
1,<environment.Job instance at 0x7f79e681a190>,10,18,[14  2],11,-1,29,-1,11
1,<environment.Job instance at 0x7f79e6af0780>,9,21,[9 2],10,-1,37,-1,16
1,<environment.Job instance at 0x7f79e5fdd320>,1,15,[14  5],2,-1,17,-1,2
1,<environment.Job instance at 0x7f79e5fdde10>,2,13,[14  1],3,-1,16,-1,3
1,<environment.Job instance at 0x7f79e5fddeb0>,4,21,[ 2 12],5,-1,26,-1,5
1,<environment.Job instance at 0x7f79e5fddf00>,5,23,[ 2 12],6,-1,29,-1,6
1,<environment.Job instance at 0x7f79e5fdd410>,7,26,[ 5 11],8,-1,34,-1,8
1,<environment.Job instance at 0x7f79e5fdd5a0>,10,18,[14  2],11,-1,29,-1,11
1,<environment.Job instance at 0x7f79e6e0e0f0>,11,16,[ 5 11],12,-1,28,-1,12
1,<environment.Job instance at 0x7f79e6e0eb90>,12,22,[ 1 14],13,-1,35,-1,13
1,<environment.Job instance at 0x7f79e6e0e7d0>,14,25,[ 3 14],15,-1,40,-1,15
1,<environment.Job instance at 0x7f79e5fdd500>,3,24,[8 2],4,-1,42,-1,18
1,<environment.Job instance at 0x7f79e6e0eaf0>,16,21,[ 5 14],17,-1,39,-1,18
1,<environment.Job instance at 0x7f79e6e0efa0>,17,27,[9 3],18,-1,45,-1,18
1,<environment.Job instance at 0x7f79e6e0e690>,18,15,[13  3],19,-1,34,-1,19
1,<environment.Job instance at 0x7f79e6e0e5a0>,20,12,[ 3 12],21,-1,33,-1,21
1,<environment.Job instance at 0x7f79e6e0e050>,15,28,[2 8],16,-1,49,-1,21
1,<environment.Job instance at 0x7f79e6e0ecd0>,22,25,[ 1 13],23,-1,48,-1,23
1,<environment.Job instance at 0x7f79e6e0e0a0>,24,26,[11  4],25,-1,51,-1,25
1,<environment.Job instance at 0x7f79e6e0e550>,26,17,[11  1],27,-1,44,-1,27
1,<environment.Job instance at 0x7f79e6e0e8c0>,27,20,[ 1 11],28,-1,48,-1,28
1,<environment.Job instance at 0x7f79e6e0eeb0>,28,19,[13  2],29,-1,48,-1,29
1,<environment.Job instance at 0x7f79e6e0e910>,21,26,[7 3],22,-1,56,-1,30
1,<environment.Job instance at 0x7f79e6e0e1e0>,29,12,[ 1 11],30,-1,42,-1,30
1,<environment.Job instance at 0x7f79e6e0e280>,30,20,[13  5],31,-1,51,-1,31
1,<environment.Job instance at 0x7f79e6e22f50>,33,24,[11  3],34,-1,58,-1,34
1,<environment.Job instance at 0x7f79e6e22190>,34,18,[13  3],35,-1,53,-1,35
1,<environment.Job instance at 0x7f79e6e22820>,31,27,[1 8],32,-1,76,-1,49
1,<environment.Job instance at 0x7f79e6e22140>,37,23,[13  3],38,-1,72,-1,49
1,<environment.Job instance at 0x7f79e6e22f00>,42,24,[13  3],43,-1,88,-1,64
1,<environment.Job instance at 0x7f79e6e229b0>,44,25,[12  2],45,-1,92,-1,67
1,<environment.Job instance at 0x7f79e6af05f0>,45,25,[14  1],46,-1,92,-1,67
1,<environment.Job instance at 0x7f79e63440f0>,46,27,[5 5],47,-1,94,-1,67
1,<environment.Job instance at 0x7f79e74c1820>,48,23,[14  2],49,-1,100,-1,77
1,<environment.Job instance at 0x7f79e6273a50>,5,25,[7 1],6,-1,32,-1,7
1,<environment.Job instance at 0x7f79e6273af0>,7,27,[ 5 10],8,-1,35,-1,8
1,<environment.Job instance at 0x7f79e6273c30>,9,17,[5 9],10,-1,27,-1,10
1,<environment.Job instance at 0x7f79e6273b90>,8,20,[ 3 13],9,-1,37,-1,17
1,<environment.Job instance at 0x7f79e6273960>,13,14,[ 5 12],14,-1,31,-1,17
1,<environment.Job instance at 0x7f79e5fddb40>,6,17,[10  3],7,-1,37,-1,20
1,<environment.Job instance at 0x7f79e6273f50>,15,25,[7 3],16,-1,52,-1,27
1,<environment.Job instance at 0x7f79e7134190>,16,18,[11  5],17,-1,45,-1,27
1,<environment.Job instance at 0x7f79e71341e0>,17,12,[ 3 14],18,-1,39,-1,27
1,<environment.Job instance at 0x7f79e71340f0>,18,27,[1 5],19,-1,54,-1,27
1,<environment.Job instance at 0x7f79e6273cd0>,10,17,[12  4],11,-1,45,-1,28
1,<environment.Job instance at 0x7f79e71343c0>,20,20,[2 9],21,-1,48,-1,28
1,<environment.Job instance at 0x7f79e7134280>,19,17,[ 1 11],20,-1,45,-1,28
1,<environment.Job instance at 0x7f79e6273820>,4,28,[2 9],5,-1,56,-1,28
1,<environment.Job instance at 0x7f79e7134460>,22,27,[12  4],23,-1,61,-1,34
1,<environment.Job instance at 0x7f79e7134320>,21,17,[ 2 13],22,-1,54,-1,37
1,<environment.Job instance at 0x7f79e6273eb0>,14,24,[ 5 11],15,-1,62,-1,38
1,<environment.Job instance at 0x7f79e71346e0>,26,12,[ 5 12],27,-1,51,-1,39
1,<environment.Job instance at 0x7f79e7134820>,29,14,[12  4],30,-1,56,-1,42
1,<environment.Job instance at 0x7f79e7134a50>,30,18,[11  5],31,-1,61,-1,43
1,<environment.Job instance at 0x7f79e71348c0>,31,20,[10  5],32,-1,63,-1,43
1,<environment.Job instance at 0x7f79e6273e10>,12,20,[ 4 11],13,-1,64,-1,44
1,<environment.Job instance at 0x7f79e7134640>,25,18,[1 7],26,-1,62,-1,44
1,<environment.Job instance at 0x7f79e7134e60>,40,28,[2 7],41,-1,112,-1,84
1,<environment.Job instance at 0x7f79e63ccd20>,0,16,[11  2],1,-1,17,-1,1
1,<environment.Job instance at 0x7f79e63cc960>,2,22,[ 5 13],3,-1,25,-1,3
1,<environment.Job instance at 0x7f79e63db8c0>,8,20,[ 3 13],9,-1,29,-1,9
1,<environment.Job instance at 0x7f79e63cc690>,4,28,[2 9],5,-1,45,-1,17
1,<environment.Job instance at 0x7f79e63db1e0>,10,17,[12  4],11,-1,34,-1,17
1,<environment.Job instance at 0x7f79e63db500>,11,26,[ 4 10],12,-1,43,-1,17
1,<environment.Job instance at 0x7f79e63db2d0>,12,20,[ 4 11],13,-1,37,-1,17
1,<environment.Job instance at 0x7f79e63db190>,13,14,[ 5 12],14,-1,31,-1,17
1,<environment.Job instance at 0x7f79e63db0f0>,14,24,[ 5 11],15,-1,41,-1,17
1,<environment.Job instance at 0x7f79e63db910>,15,25,[7 3],16,-1,42,-1,17
1,<environment.Job instance at 0x7f79e63db780>,16,18,[11  5],17,-1,35,-1,17
1,<environment.Job instance at 0x7f79e63cc370>,5,25,[7 1],6,-1,42,-1,17
1,<environment.Job instance at 0x7f79e63cc280>,7,27,[ 5 10],8,-1,44,-1,17
1,<environment.Job instance at 0x7f79e63db5a0>,17,12,[ 3 14],18,-1,30,-1,18
1,<environment.Job instance at 0x7f79e63db4b0>,19,17,[ 1 11],20,-1,37,-1,20
1,<environment.Job instance at 0x7f79e74ca5f0>,18,27,[1 5],19,-1,49,-1,22
1,<environment.Job instance at 0x7f79e74cab40>,21,17,[ 2 13],22,-1,39,-1,22
1,<environment.Job instance at 0x7f79e74ca5a0>,22,27,[12  4],23,-1,50,-1,23
1,<environment.Job instance at 0x7f79e74ca820>,24,12,[ 1 12],25,-1,37,-1,25
1,<environment.Job instance at 0x7f79e74ca230>,26,12,[ 5 12],27,-1,39,-1,27
1,<environment.Job instance at 0x7f79e74caeb0>,27,14,[14  1],28,-1,42,-1,28
1,<environment.Job instance at 0x7f79e74caa00>,29,14,[12  4],30,-1,44,-1,30
1,<environment.Job instance at 0x7f79e74ca320>,30,18,[11  5],31,-1,49,-1,31
1,<environment.Job instance at 0x7f79e67f68c0>,32,12,[14  4],33,-1,46,-1,34
1,<environment.Job instance at 0x7f79e6984640>,34,25,[13  4],35,-1,60,-1,35
1,<environment.Job instance at 0x7f79e74c15f0>,36,13,[12  2],37,-1,50,-1,37
1,<environment.Job instance at 0x7f79e6e220f0>,37,22,[13  4],38,-1,60,-1,38
1,<environment.Job instance at 0x7f79e6e22e60>,38,14,[11  2],39,-1,53,-1,39
1,<environment.Job instance at 0x7f79e6e223c0>,39,24,[ 2 14],40,-1,64,-1,40
1,<environment.Job instance at 0x7f79e6e22690>,41,13,[ 1 14],42,-1,55,-1,42
1,<environment.Job instance at 0x7f79e6e22c30>,43,23,[12  2],44,-1,71,-1,48
1,<environment.Job instance at 0x7f79e6e227d0>,44,18,[ 4 12],45,-1,66,-1,48
1,<environment.Job instance at 0x7f79e6e225a0>,40,28,[2 7],41,-1,82,-1,54
1,<environment.Job instance at 0x7f79e6e22410>,45,25,[6 5],46,-1,79,-1,54
1,<environment.Job instance at 0x7f79e6e22d20>,47,27,[5 9],48,-1,81,-1,54
1,<environment.Job instance at 0x7f79e6e22b90>,48,27,[2 6],49,-1,81,-1,54
1,<environment.Job instance at 0x7f79e6e22910>,49,17,[ 4 14],50,-1,71,-1,54
1,<environment.Job instance at 0x7f79e6e0e2d0>,50,15,[ 2 14],51,-1,69,-1,54
1,<environment.Job instance at 0x7f79e6e0e1e0>,51,17,[ 5 13],52,-1,71,-1,54
1,<environment.Job instance at 0x7f79e6e0ed20>,52,23,[12  3],53,-1,77,-1,54
1,<environment.Job instance at 0x7f79e6e0eaa0>,53,20,[14  1],54,-1,74,-1,54
1,<environment.Job instance at 0x7f79e6e0ecd0>,58,25,[ 1 10],59,-1,106,-1,81
1,<environment.Job instance at 0x7f79e6e0e5a0>,60,18,[14  3],61,-1,99,-1,81
1,<environment.Job instance at 0x7f79e6e0e690>,63,18,[14  3],64,-1,99,-1,81
1,<environment.Job instance at 0x7f79e6e0e410>,64,23,[ 2 11],65,-1,104,-1,81
1,<environment.Job instance at 0x7f79e6e0ea00>,65,18,[ 5 11],66,-1,99,-1,81
1,<environment.Job instance at 0x7f79e6e0e4b0>,66,27,[11  5],67,-1,108,-1,81
1,<environment.Job instance at 0x7f79e6e0e3c0>,67,17,[12  5],68,-1,98,-1,81
1,<environment.Job instance at 0x7f79e6e0eb40>,69,21,[11  1],70,-1,109,-1,88
1,<environment.Job instance at 0x7f79e5fdd5a0>,70,14,[12  4],71,-1,102,-1,88
1,<environment.Job instance at 0x7f79e61dc7d0>,2,20,[11  1],3,-1,52,-1,32
1,<environment.Job instance at 0x7f79e61dc5a0>,1,16,[14  3],2,-1,68,-1,52
1,<environment.Job instance at 0x7f79e61dca00>,4,27,[7 2],5,-1,106,-1,79
1,<environment.Job instance at 0x7f79e7142500>,1,16,[14  3],2,-1,18,-1,2
1,<environment.Job instance at 0x7f79e7134050>,2,20,[11  1],3,-1,23,-1,3
1,<environment.Job instance at 0x7f79e5fddd20>,6,20,[ 4 13],7,-1,27,-1,7
1,<environment.Job instance at 0x7f79e5fdddc0>,7,21,[12  5],8,-1,29,-1,8
1,<environment.Job instance at 0x7f79e5fdd4b0>,10,24,[11  4],11,-1,35,-1,11
1,<environment.Job instance at 0x7f79e5fddc30>,4,27,[7 2],5,-1,45,-1,18
1,<environment.Job instance at 0x7f79e5fdd140>,12,27,[5 1],13,-1,45,-1,18
1,<environment.Job instance at 0x7f79e5fddf00>,9,25,[6 1],10,-1,43,-1,18
1,<environment.Job instance at 0x7f79e6e0eb40>,14,17,[14  5],15,-1,35,-1,18
1,<environment.Job instance at 0x7f79e6e0ec30>,15,25,[6 1],16,-1,43,-1,18
1,<environment.Job instance at 0x7f79e6e0e6e0>,18,13,[13  1],19,-1,32,-1,19
1,<environment.Job instance at 0x7f79e6e0eb90>,17,25,[8 3],18,-1,56,-1,31
1,<environment.Job instance at 0x7f79e6e0e910>,22,19,[12  1],23,-1,50,-1,31
1,<environment.Job instance at 0x7f79e6e0e870>,23,26,[4 7],24,-1,72,-1,46
1,<environment.Job instance at 0x7f79e6e0e500>,25,18,[ 2 13],26,-1,64,-1,46
1,<environment.Job instance at 0x7f79e63db4b0>,34,15,[13  2],35,-1,81,-1,66
1,<environment.Job instance at 0x7f79e63db190>,35,17,[12  3],36,-1,83,-1,66
1,<environment.Job instance at 0x7f79e63db320>,36,28,[ 4 12],37,-1,94,-1,66
1,<environment.Job instance at 0x7f79e63db2d0>,37,25,[2 6],38,-1,108,-1,83
1,<environment.Job instance at 0x7f79e6e0a550>,1,23,[ 4 11],2,-1,25,-1,2
1,<environment.Job instance at 0x7f79e6e0abe0>,2,26,[ 3 14],3,-1,29,-1,3
1,<environment.Job instance at 0x7f79e6e0a6e0>,3,12,[ 2 13],4,-1,16,-1,4
1,<environment.Job instance at 0x7f79e6e0a1e0>,4,19,[ 4 11],5,-1,24,-1,5
1,<environment.Job instance at 0x7f79e6e0a730>,6,12,[11  1],7,-1,19,-1,7
1,<environment.Job instance at 0x7f79e6e0afa0>,8,25,[14  5],9,-1,34,-1,9
1,<environment.Job instance at 0x7f79e61dc2d0>,11,13,[12  5],12,-1,25,-1,12
1,<environment.Job instance at 0x7f79e5caa550>,13,16,[11  4],14,-1,30,-1,14
1,<environment.Job instance at 0x7f79e5caaaf0>,15,27,[12  1],16,-1,43,-1,16
1,<environment.Job instance at 0x7f79e5db9aa0>,16,22,[11  5],17,-1,39,-1,17
1,<environment.Job instance at 0x7f79e5db9320>,18,22,[ 3 14],19,-1,41,-1,19
1,<environment.Job instance at 0x7f79e6e0aaf0>,9,27,[6 1],10,-1,48,-1,21
1,<environment.Job instance at 0x7f79e5db9140>,19,26,[2 7],20,-1,47,-1,21
1,<environment.Job instance at 0x7f79e5d178c0>,21,16,[14  1],22,-1,38,-1,22
1,<environment.Job instance at 0x7f79e5db9b90>,22,23,[13  2],23,-1,46,-1,23
1,<environment.Job instance at 0x7f79e5d170a0>,24,21,[14  1],25,-1,46,-1,25
1,<environment.Job instance at 0x7f79e5d17d70>,25,18,[11  1],26,-1,44,-1,26
1,<environment.Job instance at 0x7f79e5d171e0>,26,19,[ 3 12],27,-1,46,-1,27
1,<environment.Job instance at 0x7f79e5d17870>,28,18,[12  5],29,-1,47,-1,29
1,<environment.Job instance at 0x7f79e5d17050>,29,27,[13  3],30,-1,57,-1,30
1,<environment.Job instance at 0x7f79e5d17b90>,23,25,[4 5],24,-1,60,-1,35
1,<environment.Job instance at 0x7f79e5d17730>,32,14,[14  1],33,-1,49,-1,35
1,<environment.Job instance at 0x7f79e5d179b0>,33,16,[ 4 12],34,-1,51,-1,35
1,<environment.Job instance at 0x7f79e5d174b0>,34,17,[14  4],35,-1,52,-1,35
1,<environment.Job instance at 0x7f79e5d175f0>,31,27,[4 6],32,-1,62,-1,35
1,<environment.Job instance at 0x7f79e5db9460>,20,23,[10  3],21,-1,60,-1,37
1,<environment.Job instance at 0x7f79e5d79460>,36,17,[ 5 14],37,-1,54,-1,37
1,<environment.Job instance at 0x7f79e5d799b0>,37,25,[11  4],38,-1,63,-1,38
1,<environment.Job instance at 0x7f79e5d79370>,41,27,[ 1 11],42,-1,76,-1,49
1,<environment.Job instance at 0x7f79e5d79af0>,43,26,[11  2],44,-1,75,-1,49
1,<environment.Job instance at 0x7f79e5d790f0>,47,27,[ 5 14],48,-1,82,-1,55
1,<environment.Job instance at 0x7f79e5d79cd0>,46,24,[9 2],47,-1,85,-1,61
1,<environment.Job instance at 0x7f79e5d79050>,49,20,[ 2 13],50,-1,81,-1,61
1,<environment.Job instance at 0x7f79e5d790a0>,50,26,[ 4 14],51,-1,87,-1,61
1,<environment.Job instance at 0x7f79e5d465f0>,52,16,[ 1 11],53,-1,77,-1,61
1,<environment.Job instance at 0x7f79e5d46dc0>,53,15,[14  5],54,-1,76,-1,61
1,<environment.Job instance at 0x7f79e5d464b0>,54,17,[13  1],55,-1,78,-1,61
1,<environment.Job instance at 0x7f79e5d46690>,55,23,[ 4 11],56,-1,84,-1,61
1,<environment.Job instance at 0x7f79e5d46f00>,56,21,[ 5 14],57,-1,82,-1,61
1,<environment.Job instance at 0x7f79e5d46a00>,57,17,[13  3],58,-1,78,-1,61
1,<environment.Job instance at 0x7f79e5d46f50>,60,14,[13  2],61,-1,82,-1,68
1,<environment.Job instance at 0x7f79e5d468c0>,62,23,[ 1 14],63,-1,97,-1,74
1,<environment.Job instance at 0x7f79e5d46b90>,63,27,[5 5],64,-1,108,-1,81
1,<environment.Job instance at 0x7f79e5d4a870>,65,28,[ 5 11],66,-1,109,-1,81
1,<environment.Job instance at 0x7f79e5d4a320>,66,19,[11  5],67,-1,100,-1,81
1,<environment.Job instance at 0x7f79e5d4a050>,67,27,[ 2 14],68,-1,108,-1,81
1,<environment.Job instance at 0x7f79f013a870>,3,15,[3 8],4,-1,19,-1,4
1,<environment.Job instance at 0x7f79e71d7a00>,2,16,[ 2 13],3,-1,24,-1,8
1,<environment.Job instance at 0x7f79e5db90a0>,0,27,[ 5 12],1,-1,28,-1,1
1,<environment.Job instance at 0x7f79e5db9aa0>,2,16,[ 2 13],3,-1,19,-1,3
1,<environment.Job instance at 0x7f79e661ebe0>,5,13,[14  1],6,-1,19,-1,6
1,<environment.Job instance at 0x7f79efaf37d0>,6,26,[11  5],7,-1,33,-1,7
1,<environment.Job instance at 0x7f79e661eb40>,7,14,[ 2 13],8,-1,22,-1,8
1,<environment.Job instance at 0x7f79e71d7550>,8,13,[14  5],9,-1,22,-1,9
1,<environment.Job instance at 0x7f79e62ec2d0>,9,18,[12  4],10,-1,28,-1,10
1,<environment.Job instance at 0x7f79e62eca50>,10,21,[ 2 14],11,-1,32,-1,11
1,<environment.Job instance at 0x7f79e71d7910>,12,23,[13  4],13,-1,36,-1,13
1,<environment.Job instance at 0x7f79e62ec690>,14,18,[ 1 12],15,-1,33,-1,15
1,<environment.Job instance at 0x7f79e62ecf00>,17,18,[13  5],18,-1,36,-1,18
1,<environment.Job instance at 0x7f79e62ec370>,15,23,[9 4],16,-1,42,-1,19
1,<environment.Job instance at 0x7f79e62ecf50>,16,26,[ 1 10],17,-1,45,-1,19
1,<environment.Job instance at 0x7f79e62ec8c0>,18,21,[12  5],19,-1,40,-1,19
1,<environment.Job instance at 0x7f79e62ec050>,20,20,[11  5],21,-1,41,-1,21
1,<environment.Job instance at 0x7f79e62ec780>,21,27,[8 5],22,-1,55,-1,28
1,<environment.Job instance at 0x7f79e62ecdc0>,24,12,[ 4 11],25,-1,40,-1,28
1,<environment.Job instance at 0x7f79e62ec7d0>,25,25,[13  4],26,-1,53,-1,28
1,<environment.Job instance at 0x7f79e62ec730>,26,21,[ 1 12],27,-1,49,-1,28
1,<environment.Job instance at 0x7f79e62ec870>,27,22,[ 4 12],28,-1,50,-1,28
1,<environment.Job instance at 0x7f79e62ece10>,28,22,[13  5],29,-1,51,-1,29
1,<environment.Job instance at 0x7f79e62ec550>,29,28,[13  2],30,-1,58,-1,30
1,<environment.Job instance at 0x7f79e62ecd20>,31,24,[14  3],32,-1,56,-1,32
1,<environment.Job instance at 0x7f79e691ab40>,32,25,[12  1],33,-1,58,-1,33
1,<environment.Job instance at 0x7f79e691a280>,33,24,[5 8],34,-1,59,-1,35
1,<environment.Job instance at 0x7f79e691ae10>,34,13,[ 1 13],35,-1,48,-1,35
1,<environment.Job instance at 0x7f79e62ec6e0>,23,28,[5 7],24,-1,63,-1,35
1,<environment.Job instance at 0x7f79e691a050>,35,23,[1 5],36,-1,59,-1,36
1,<environment.Job instance at 0x7f79e691abe0>,36,22,[ 5 11],37,-1,59,-1,37
1,<environment.Job instance at 0x7f79e691a780>,37,24,[ 5 13],38,-1,62,-1,38
1,<environment.Job instance at 0x7f79e691a640>,38,13,[ 1 14],39,-1,52,-1,39
1,<environment.Job instance at 0x7f79e691a5f0>,39,26,[12  4],40,-1,66,-1,40
1,<environment.Job instance at 0x7f79e691aa00>,41,21,[13  2],42,-1,63,-1,42
1,<environment.Job instance at 0x7f79e691a3c0>,42,23,[14  5],43,-1,66,-1,43
1,<environment.Job instance at 0x7f79e691adc0>,43,14,[14  2],44,-1,58,-1,44
1,<environment.Job instance at 0x7f79e691aeb0>,46,28,[5 4],47,-1,76,-1,48
1,<environment.Job instance at 0x7f79e691aa50>,50,18,[ 5 14],51,-1,81,-1,63
1,<environment.Job instance at 0x7f79e691ae60>,51,17,[ 3 13],52,-1,80,-1,63
1,<environment.Job instance at 0x7f79e691a9b0>,52,23,[13  3],53,-1,86,-1,63
1,<environment.Job instance at 0x7f79e691a1e0>,53,18,[ 2 12],54,-1,81,-1,63
1,<environment.Job instance at 0x7f79efb24460>,54,28,[11  1],55,-1,91,-1,63
1,<environment.Job instance at 0x7f79efb24d70>,56,12,[13  5],57,-1,81,-1,69
1,<environment.Job instance at 0x7f79efb24410>,57,20,[ 5 14],58,-1,89,-1,69
1,<environment.Job instance at 0x7f79efb24370>,58,27,[ 2 14],59,-1,96,-1,69
1,<environment.Job instance at 0x7f79efb24eb0>,60,15,[ 4 11],61,-1,84,-1,69
1,<environment.Job instance at 0x7f79efb24320>,61,15,[13  5],62,-1,84,-1,69
1,<environment.Job instance at 0x7f79efb246e0>,62,13,[14  4],63,-1,82,-1,69
1,<environment.Job instance at 0x7f79efb248c0>,63,16,[14  2],64,-1,85,-1,69
1,<environment.Job instance at 0x7f79efb24730>,64,25,[14  4],65,-1,94,-1,69
1,<environment.Job instance at 0x7f79efb24190>,65,19,[13  5],66,-1,88,-1,69
1,<environment.Job instance at 0x7f79efb24910>,66,26,[10  2],67,-1,112,-1,86
1,<environment.Job instance at 0x7f79efb24960>,70,23,[ 3 13],71,-1,109,-1,86
1,<environment.Job instance at 0x7f79efb241e0>,71,13,[12  5],72,-1,99,-1,86
1,<environment.Job instance at 0x7f79e615d910>,0,26,[13  5],1,-1,27,-1,1
1,<environment.Job instance at 0x7f79e615d3c0>,1,16,[ 1 13],2,-1,18,-1,2
1,<environment.Job instance at 0x7f79e615db40>,2,25,[4 9],3,-1,28,-1,3
1,<environment.Job instance at 0x7f79e615d870>,4,14,[13  3],5,-1,19,-1,5
1,<environment.Job instance at 0x7f79e615d1e0>,5,14,[13  2],6,-1,20,-1,6
1,<environment.Job instance at 0x7f79e615d4b0>,8,28,[12  3],9,-1,37,-1,9
1,<environment.Job instance at 0x7f79e615df50>,7,28,[9 2],8,-1,46,-1,18
1,<environment.Job instance at 0x7f79efb24960>,14,12,[ 3 12],15,-1,30,-1,18
1,<environment.Job instance at 0x7f79efb241e0>,15,12,[11  4],16,-1,30,-1,18
1,<environment.Job instance at 0x7f79efb24640>,16,20,[ 3 14],17,-1,38,-1,18
1,<environment.Job instance at 0x7f79efb24cd0>,17,16,[12  1],18,-1,34,-1,18
1,<environment.Job instance at 0x7f79efb244b0>,20,28,[ 1 11],21,-1,49,-1,21
1,<environment.Job instance at 0x7f79efb24550>,22,28,[14  4],23,-1,60,-1,32
1,<environment.Job instance at 0x7f79efb24eb0>,23,27,[13  4],24,-1,59,-1,32
1,<environment.Job instance at 0x7f79efb247d0>,24,12,[ 5 11],25,-1,44,-1,32
1,<environment.Job instance at 0x7f79efb24b90>,26,17,[14  2],27,-1,49,-1,32
1,<environment.Job instance at 0x7f79e691a1e0>,27,17,[ 1 12],28,-1,49,-1,32
1,<environment.Job instance at 0x7f79e691ae60>,29,22,[ 3 14],30,-1,54,-1,32
1,<environment.Job instance at 0x7f79e691a320>,30,15,[ 2 11],31,-1,47,-1,32
1,<environment.Job instance at 0x7f79e691a7d0>,31,22,[ 2 13],32,-1,54,-1,32
1,<environment.Job instance at 0x7f79e691a730>,33,26,[ 4 14],34,-1,60,-1,34
1,<environment.Job instance at 0x7f79e691a3c0>,35,26,[3 9],36,-1,70,-1,44
1,<environment.Job instance at 0x7f79e691a550>,37,23,[8 2],38,-1,71,-1,48
1,<environment.Job instance at 0x7f79e691a870>,38,26,[ 2 11],39,-1,74,-1,48
1,<environment.Job instance at 0x7f79e691a690>,39,27,[6 4],40,-1,75,-1,48
1,<environment.Job instance at 0x7f79e691a6e0>,40,25,[ 4 14],41,-1,73,-1,48
1,<environment.Job instance at 0x7f79e691acd0>,42,18,[ 2 12],43,-1,66,-1,48
1,<environment.Job instance at 0x7f79e691a500>,36,23,[10  3],37,-1,83,-1,60
1,<environment.Job instance at 0x7f79e691aaa0>,44,24,[13  5],45,-1,84,-1,60
1,<environment.Job instance at 0x7f79e691a140>,45,12,[ 4 13],46,-1,72,-1,60
1,<environment.Job instance at 0x7f79e691a190>,46,27,[14  3],47,-1,87,-1,60
1,<environment.Job instance at 0x7f79e62ecd20>,49,27,[12  5],50,-1,87,-1,60
1,<environment.Job instance at 0x7f79e62ec5a0>,51,13,[11  1],52,-1,78,-1,65
1,<environment.Job instance at 0x7f79e62ec640>,52,26,[ 1 13],53,-1,91,-1,65
1,<environment.Job instance at 0x7f79e62ecb90>,53,13,[ 1 13],54,-1,78,-1,65
1,<environment.Job instance at 0x7f79e62ec500>,54,18,[12  5],55,-1,83,-1,65
1,<environment.Job instance at 0x7f79e62ec190>,55,24,[ 5 12],56,-1,89,-1,65
1,<environment.Job instance at 0x7f79e62ece60>,56,22,[ 3 14],57,-1,87,-1,65
1,<environment.Job instance at 0x7f79e685e780>,0,28,[5 2],1,-1,29,-1,1
1,<environment.Job instance at 0x7f79e685e690>,5,21,[ 3 10],6,-1,28,-1,7
1,<environment.Job instance at 0x7f79e685e0a0>,8,17,[7 4],9,-1,26,-1,9
1,<environment.Job instance at 0x7f79e685e230>,9,23,[5 5],10,-1,33,-1,10
1,<environment.Job instance at 0x7f79e685e960>,10,19,[6 2],11,-1,30,-1,11
1,<environment.Job instance at 0x7f79e62ecf00>,0,28,[5 2],1,-1,29,-1,1
1,<environment.Job instance at 0x7f79e62ec8c0>,1,21,[ 4 12],2,-1,23,-1,2
1,<environment.Job instance at 0x7f79e62ec140>,3,18,[11  5],4,-1,22,-1,4
1,<environment.Job instance at 0x7f79e62ecd20>,7,21,[11  3],8,-1,29,-1,8
1,<environment.Job instance at 0x7f79efb245f0>,11,14,[11  3],12,-1,26,-1,12
1,<environment.Job instance at 0x7f79efb243c0>,13,27,[11  2],14,-1,45,-1,18
1,<environment.Job instance at 0x7f79efb247d0>,12,28,[2 7],13,-1,46,-1,18
1,<environment.Job instance at 0x7f79efb24f00>,16,22,[14  2],17,-1,43,-1,21
1,<environment.Job instance at 0x7f79e62ec320>,9,23,[5 5],10,-1,44,-1,21
1,<environment.Job instance at 0x7f79efb24cd0>,19,22,[ 2 11],20,-1,43,-1,21
1,<environment.Job instance at 0x7f79efb24320>,20,16,[11  5],21,-1,37,-1,21
1,<environment.Job instance at 0x7f79efb24dc0>,22,24,[13  4],23,-1,47,-1,23
1,<environment.Job instance at 0x7f79efb24280>,23,24,[4 7],24,-1,52,-1,28
1,<environment.Job instance at 0x7f79efb24870>,27,14,[13  2],28,-1,42,-1,28
1,<environment.Job instance at 0x7f79efb24be0>,29,24,[ 1 14],30,-1,57,-1,33
1,<environment.Job instance at 0x7f79e6c83870>,30,28,[7 5],31,-1,69,-1,41
1,<environment.Job instance at 0x7f79e685e870>,31,22,[12  4],32,-1,63,-1,41
1,<environment.Job instance at 0x7f79e685e050>,33,24,[8 5],34,-1,73,-1,49
1,<environment.Job instance at 0x7f79e685e4b0>,34,19,[13  1],35,-1,68,-1,49
1,<environment.Job instance at 0x7f79e685ef00>,35,23,[11  5],36,-1,72,-1,49
1,<environment.Job instance at 0x7f79e6312a00>,36,23,[ 2 12],37,-1,72,-1,49
1,<environment.Job instance at 0x7f79e6312fa0>,39,23,[12  5],40,-1,81,-1,58
1,<environment.Job instance at 0x7f79e6312640>,40,13,[11  2],41,-1,71,-1,58
1,<environment.Job instance at 0x7f79e63124b0>,41,27,[5 2],42,-1,90,-1,63
1,<environment.Job instance at 0x7f79e6312cd0>,38,25,[7 3],39,-1,88,-1,63
1,<environment.Job instance at 0x7f79e63122d0>,43,17,[ 4 13],44,-1,80,-1,63
1,<environment.Job instance at 0x7f79e6312500>,45,13,[12  5],46,-1,76,-1,63
1,<environment.Job instance at 0x7f79e6312870>,46,14,[ 2 12],47,-1,77,-1,63
1,<environment.Job instance at 0x7f79e6470a50>,50,21,[ 3 11],51,-1,102,-1,81
1,<environment.Job instance at 0x7f79e64709b0>,51,14,[14  1],52,-1,95,-1,81
1,<environment.Job instance at 0x7f79e73a65f0>,2,16,[4 6],3,-1,19,-1,3
1,<environment.Job instance at 0x7f79e73a6730>,6,28,[8 1],7,-1,35,-1,7
1,<environment.Job instance at 0x7f79e73a6910>,7,18,[8 3],8,-1,26,-1,8
1,<environment.Job instance at 0x7f79e73a6050>,5,16,[ 3 10],6,-1,25,-1,9
1,<environment.Job instance at 0x7f79e73a62d0>,10,22,[12  5],11,-1,36,-1,14
1,<environment.Job instance at 0x7f79e73a6960>,9,27,[ 4 13],10,-1,46,-1,19
1,<environment.Job instance at 0x7f79e662a460>,17,22,[2 8],18,-1,41,-1,19
1,<environment.Job instance at 0x7f79e662ae10>,16,27,[13  1],17,-1,47,-1,20
1,<environment.Job instance at 0x7f79e662adc0>,19,20,[4 6],20,-1,40,-1,20
1,<environment.Job instance at 0x7f79e5dfc500>,0,22,[ 1 14],1,-1,23,-1,1
1,<environment.Job instance at 0x7f79e5dfcd70>,4,27,[11  4],5,-1,32,-1,5
1,<environment.Job instance at 0x7f79efb24960>,8,23,[ 3 14],9,-1,32,-1,9
1,<environment.Job instance at 0x7f79efb24c80>,9,27,[ 4 13],10,-1,37,-1,10
1,<environment.Job instance at 0x7f79efb24c30>,10,22,[12  5],11,-1,33,-1,11
1,<environment.Job instance at 0x7f79eff4a0f0>,6,28,[8 1],7,-1,56,-1,28
1,<environment.Job instance at 0x7f79efb24dc0>,14,14,[ 1 11],15,-1,42,-1,28
1,<environment.Job instance at 0x7f79efb24640>,16,27,[13  1],17,-1,55,-1,28
1,<environment.Job instance at 0x7f79efb242d0>,18,26,[12  3],19,-1,54,-1,28
1,<environment.Job instance at 0x7f79efb24910>,20,23,[13  4],21,-1,51,-1,28
1,<environment.Job instance at 0x7f79efb24b90>,21,25,[ 4 12],22,-1,53,-1,28
1,<environment.Job instance at 0x7f79efb243c0>,22,26,[5 5],23,-1,54,-1,28
1,<environment.Job instance at 0x7f79efb24140>,25,25,[ 2 10],26,-1,56,-1,31
1,<environment.Job instance at 0x7f79e73a6640>,26,14,[11  3],27,-1,45,-1,31
1,<environment.Job instance at 0x7f79efb24be0>,15,27,[10  2],16,-1,68,-1,41
1,<environment.Job instance at 0x7f79e64b5d70>,31,19,[ 3 11],32,-1,61,-1,42
1,<environment.Job instance at 0x7f79e703ccd0>,34,27,[5 6],35,-1,93,-1,66
1,<environment.Job instance at 0x7f79e703c780>,37,25,[12  3],38,-1,97,-1,72
1,<environment.Job instance at 0x7f79e703ca50>,36,25,[9 4],37,-1,103,-1,78
1,<environment.Job instance at 0x7f79e703ca00>,38,26,[ 3 10],39,-1,104,-1,78
1,<environment.Job instance at 0x7f79e703c370>,41,27,[ 5 14],42,-1,105,-1,78
1,<environment.Job instance at 0x7f79e703c3c0>,42,17,[14  2],43,-1,95,-1,78
1,<environment.Job instance at 0x7f79e703cb90>,43,15,[12  2],44,-1,93,-1,78
1,<environment.Job instance at 0x7f79e608eaf0>,44,20,[12  3],45,-1,98,-1,78
1,<environment.Job instance at 0x7f79e63be320>,1,21,[4 9],2,-1,23,-1,2
1,<environment.Job instance at 0x7f79e64a65a0>,2,14,[12  4],3,-1,17,-1,3
1,<environment.Job instance at 0x7f79e663b320>,4,12,[12  1],5,-1,17,-1,5
1,<environment.Job instance at 0x7f79e64a6e10>,5,21,[12  3],6,-1,27,-1,6
1,<environment.Job instance at 0x7f79e64a64b0>,6,12,[ 5 13],7,-1,19,-1,7
1,<environment.Job instance at 0x7f79e64a6be0>,7,12,[11  4],8,-1,20,-1,8
1,<environment.Job instance at 0x7f79e64a6280>,8,15,[ 1 12],9,-1,24,-1,9
1,<environment.Job instance at 0x7f79e64a6a50>,11,12,[13  3],12,-1,24,-1,12
1,<environment.Job instance at 0x7f79e64a6a00>,12,16,[ 3 12],13,-1,29,-1,13
1,<environment.Job instance at 0x7f79e64a6eb0>,13,22,[ 5 14],14,-1,36,-1,14
1,<environment.Job instance at 0x7f79e64a6dc0>,10,28,[7 1],11,-1,44,-1,16
1,<environment.Job instance at 0x7f79e64a6640>,15,19,[ 4 14],16,-1,35,-1,16
1,<environment.Job instance at 0x7f79e64a66e0>,18,27,[13  3],19,-1,46,-1,19
1,<environment.Job instance at 0x7f79e64a6820>,19,17,[ 4 12],20,-1,37,-1,20
1,<environment.Job instance at 0x7f79e64a6fa0>,16,23,[9 5],17,-1,46,-1,23
1,<environment.Job instance at 0x7f79e64a60a0>,21,24,[5 4],22,-1,47,-1,23
1,<environment.Job instance at 0x7f79e703c3c0>,22,20,[ 1 13],23,-1,43,-1,23
1,<environment.Job instance at 0x7f79e64a6f50>,14,28,[2 9],15,-1,51,-1,23
1,<environment.Job instance at 0x7f79e703c4b0>,24,27,[ 3 14],25,-1,52,-1,25
1,<environment.Job instance at 0x7f79e703cc80>,26,27,[3 6],27,-1,63,-1,36
1,<environment.Job instance at 0x7f79e703c690>,29,28,[12  3],30,-1,68,-1,40
1,<environment.Job instance at 0x7f79e703c960>,30,27,[5 2],31,-1,78,-1,51
1,<environment.Job instance at 0x7f79e703cf00>,31,12,[ 3 13],32,-1,63,-1,51
1,<environment.Job instance at 0x7f79e703c910>,32,17,[14  5],33,-1,68,-1,51
1,<environment.Job instance at 0x7f79e64b5d20>,33,15,[14  2],34,-1,66,-1,51
1,<environment.Job instance at 0x7f79e64b5230>,34,15,[ 1 12],35,-1,66,-1,51
1,<environment.Job instance at 0x7f79e73a6140>,38,12,[ 1 12],39,-1,64,-1,52
1,<environment.Job instance at 0x7f79efb24550>,41,22,[14  3],42,-1,93,-1,71
1,<environment.Job instance at 0x7f79efb24d70>,42,22,[11  5],43,-1,93,-1,71
1,<environment.Job instance at 0x7f79efb24370>,45,21,[11  3],46,-1,104,-1,83
1,<environment.Job instance at 0x7f79efb24640>,46,24,[1 8],47,-1,107,-1,83
1,<environment.Job instance at 0x7f79efb24f50>,49,12,[11  2],50,-1,95,-1,83
1,<environment.Job instance at 0x7f79efb24320>,50,18,[ 3 11],51,-1,101,-1,83
1,<environment.Job instance at 0x7f79efb24aa0>,51,15,[ 3 12],52,-1,98,-1,83
1,<environment.Job instance at 0x7f79e69810a0>,0,18,[3 9],1,-1,19,-1,1
1,<environment.Job instance at 0x7f79e69811e0>,2,23,[6 1],3,-1,27,-1,4
1,<environment.Job instance at 0x7f79e6981b40>,3,19,[12  4],4,-1,23,-1,4
1,<environment.Job instance at 0x7f79e6998370>,11,18,[10  5],12,-1,32,-1,14
1,<environment.Job instance at 0x7f79e69982d0>,14,16,[ 3 12],15,-1,39,-1,23
1,<environment.Job instance at 0x7f79e6979230>,19,14,[9 3],20,-1,37,-1,23
1,<environment.Job instance at 0x7f79e69980a0>,15,26,[ 5 13],16,-1,49,-1,23
1,<environment.Job instance at 0x7f79e6979460>,20,12,[ 3 11],21,-1,35,-1,23
1,<environment.Job instance at 0x7f79e6998190>,18,19,[13  4],19,-1,43,-1,24
1,<environment.Job instance at 0x7f79e6979690>,23,15,[3 9],24,-1,39,-1,24
1,<environment.Job instance at 0x7f79e635f3c0>,1,14,[ 3 13],2,-1,16,-1,2
1,<environment.Job instance at 0x7f79e635f190>,2,23,[6 1],3,-1,26,-1,3
1,<environment.Job instance at 0x7f79e635f5a0>,3,19,[12  4],4,-1,23,-1,4
1,<environment.Job instance at 0x7f79e651de60>,5,16,[13  3],6,-1,22,-1,6
1,<environment.Job instance at 0x7f79e66c8f50>,9,12,[ 1 13],10,-1,22,-1,10
1,<environment.Job instance at 0x7f79e6a75e60>,8,26,[1 8],9,-1,45,-1,19
1,<environment.Job instance at 0x7f79e6e691e0>,10,26,[ 2 10],11,-1,45,-1,19
1,<environment.Job instance at 0x7f79e67655f0>,14,16,[ 3 12],15,-1,35,-1,19
1,<environment.Job instance at 0x7f79e6765a50>,15,26,[ 5 13],16,-1,45,-1,19
1,<environment.Job instance at 0x7f79e6c9f410>,17,15,[11  1],18,-1,34,-1,19
1,<environment.Job instance at 0x7f79e6ca2690>,18,19,[13  4],19,-1,38,-1,19
1,<environment.Job instance at 0x7f79e6774cd0>,20,12,[ 3 11],21,-1,43,-1,31
1,<environment.Job instance at 0x7f79e6e575a0>,24,16,[14  2],25,-1,51,-1,35
1,<environment.Job instance at 0x7f79e6e57a00>,25,23,[ 1 11],26,-1,58,-1,35
1,<environment.Job instance at 0x7f79e6e57d70>,27,24,[12  4],28,-1,67,-1,43
1,<environment.Job instance at 0x7f79e6e57be0>,28,16,[11  3],29,-1,59,-1,43
1,<environment.Job instance at 0x7f79e6e57910>,29,16,[11  5],30,-1,59,-1,43
1,<environment.Job instance at 0x7f79e6e68320>,31,22,[ 4 11],32,-1,69,-1,47
1,<environment.Job instance at 0x7f79e6e68460>,32,18,[ 3 13],33,-1,65,-1,47
1,<environment.Job instance at 0x7f79e6e68cd0>,33,17,[12  4],34,-1,64,-1,47
1,<environment.Job instance at 0x7f79e6e68c80>,34,12,[14  4],35,-1,59,-1,47
1,<environment.Job instance at 0x7f79e69cf190>,36,22,[ 2 13],37,-1,70,-1,48
1,<environment.Job instance at 0x7f79e6e68d20>,37,12,[ 3 11],38,-1,60,-1,48
1,<environment.Job instance at 0x7f79e6340fa0>,39,14,[ 1 12],40,-1,75,-1,61
1,<environment.Job instance at 0x7f79e6340f00>,40,16,[13  3],41,-1,77,-1,61
1,<environment.Job instance at 0x7f79e5cb7910>,42,23,[11  1],43,-1,84,-1,61
1,<environment.Job instance at 0x7f79e5cb75a0>,44,18,[ 1 13],45,-1,79,-1,61
1,<environment.Job instance at 0x7f79e6c375f0>,46,13,[11  3],47,-1,74,-1,61
1,<environment.Job instance at 0x7f79e6c37640>,47,28,[7 5],48,-1,103,-1,75
1,<environment.Job instance at 0x7f79e6c37690>,49,27,[9 3],50,-1,102,-1,75
1,<environment.Job instance at 0x7f79e6c37410>,50,18,[13  1],51,-1,93,-1,75
1,<environment.Job instance at 0x7f79e63353c0>,54,23,[11  1],55,-1,100,-1,77
1,<environment.Job instance at 0x7f79e66a4eb0>,55,20,[13  4],56,-1,97,-1,77
1,<environment.Job instance at 0x7f79e65855a0>,56,22,[ 1 11],57,-1,99,-1,77
1,<environment.Job instance at 0x7f79e6585c30>,57,26,[ 5 12],58,-1,103,-1,77
1,<environment.Job instance at 0x7f79e5fd33c0>,0,27,[2 5],1,-1,28,-1,1
1,<environment.Job instance at 0x7f79e5fd3410>,1,13,[ 3 13],2,-1,15,-1,2
1,<environment.Job instance at 0x7f79e5fd3320>,2,23,[14  4],3,-1,26,-1,3
1,<environment.Job instance at 0x7f79e5fd02d0>,3,17,[13  5],4,-1,21,-1,4
1,<environment.Job instance at 0x7f79e5fd04b0>,4,22,[13  1],5,-1,27,-1,5
1,<environment.Job instance at 0x7f79e5fd0460>,5,24,[12  4],6,-1,30,-1,6
1,<environment.Job instance at 0x7f79e5fde730>,6,25,[6 3],7,-1,32,-1,7
1,<environment.Job instance at 0x7f79e5fd0500>,7,27,[9 5],8,-1,35,-1,8
1,<environment.Job instance at 0x7f79e5fda8c0>,8,18,[ 3 11],9,-1,27,-1,9
1,<environment.Job instance at 0x7f79e5fda190>,9,14,[ 2 13],10,-1,24,-1,10
1,<environment.Job instance at 0x7f79e634a320>,11,23,[3 9],12,-1,35,-1,12
1,<environment.Job instance at 0x7f79e5fda730>,14,17,[ 4 14],15,-1,32,-1,15
1,<environment.Job instance at 0x7f79e6349730>,15,15,[ 2 14],16,-1,31,-1,16
1,<environment.Job instance at 0x7f79e6585a50>,21,17,[ 2 14],22,-1,40,-1,23
1,<environment.Job instance at 0x7f79e6585c30>,22,22,[11  4],23,-1,45,-1,23
1,<environment.Job instance at 0x7f79e66a4be0>,23,28,[11  2],24,-1,52,-1,24
1,<environment.Job instance at 0x7f79e6335550>,24,28,[ 4 10],25,-1,63,-1,35
1,<environment.Job instance at 0x7f79e632c2d0>,25,24,[6 2],26,-1,59,-1,35
1,<environment.Job instance at 0x7f79e632c460>,20,23,[5 9],21,-1,58,-1,35
1,<environment.Job instance at 0x7f79e6335e10>,27,26,[12  4],28,-1,61,-1,35
1,<environment.Job instance at 0x7f79e6335460>,28,13,[12  3],29,-1,48,-1,35
1,<environment.Job instance at 0x7f79e6512c30>,29,16,[ 5 11],30,-1,51,-1,35
1,<environment.Job instance at 0x7f79e6765e10>,31,20,[ 1 11],32,-1,55,-1,35
1,<environment.Job instance at 0x7f79e6774410>,34,19,[ 4 11],35,-1,54,-1,35
1,<environment.Job instance at 0x7f79e6774780>,36,19,[13  2],37,-1,66,-1,47
1,<environment.Job instance at 0x7f79e6c9f550>,38,24,[ 3 14],39,-1,71,-1,47
1,<environment.Job instance at 0x7f79e6564be0>,39,24,[3 7],40,-1,71,-1,47
1,<environment.Job instance at 0x7f79e6c9faf0>,37,27,[5 9],38,-1,75,-1,48
1,<environment.Job instance at 0x7f79e6c37410>,42,14,[ 5 11],43,-1,62,-1,48
1,<environment.Job instance at 0x7f79e6c375f0>,45,17,[ 2 13],46,-1,77,-1,60
1,<environment.Job instance at 0x7f79e6c37460>,46,16,[14  4],47,-1,76,-1,60
1,<environment.Job instance at 0x7f79e6c37500>,47,18,[ 1 14],48,-1,78,-1,60
1,<environment.Job instance at 0x7f79e6c37140>,48,16,[ 3 14],49,-1,76,-1,60
1,<environment.Job instance at 0x7f79e6c37370>,51,16,[11  2],52,-1,90,-1,74
1,<environment.Job instance at 0x7f79e6c37c80>,53,23,[14  2],54,-1,97,-1,74
1,<environment.Job instance at 0x7f79e629f910>,54,24,[5 9],55,-1,113,-1,89
1,<environment.Job instance at 0x7f79e629fa00>,55,12,[12  5],56,-1,101,-1,89
1,<environment.Job instance at 0x7f79e629f870>,56,28,[ 2 11],57,-1,117,-1,89
1,<environment.Job instance at 0x7f79e629fc30>,57,26,[9 1],58,-1,115,-1,89
1,<environment.Job instance at 0x7f79e629f5a0>,59,23,[14  3],60,-1,112,-1,89
1,<environment.Job instance at 0x7f79e629f050>,60,18,[ 3 13],61,-1,107,-1,89
1,<environment.Job instance at 0x7f79e629f500>,61,12,[13  1],62,-1,101,-1,89
1,<environment.Job instance at 0x7f79e629fe60>,62,16,[ 4 12],63,-1,105,-1,89
1,<environment.Job instance at 0x7f79e6359910>,1,20,[10  3],2,-1,23,-1,3
1,<environment.Job instance at 0x7f79e634d5a0>,2,27,[7 2],3,-1,30,-1,3
1,<environment.Job instance at 0x7f79e6540aa0>,4,21,[10  1],5,-1,28,-1,7
1,<environment.Job instance at 0x7f79e6540be0>,6,17,[ 1 12],7,-1,31,-1,14
1,<environment.Job instance at 0x7f79e6540f50>,11,25,[4 8],12,-1,40,-1,15
1,<environment.Job instance at 0x7f79e6540c30>,9,25,[12  1],10,-1,48,-1,23
1,<environment.Job instance at 0x7f79e6531190>,16,23,[4 7],17,-1,46,-1,23
1,<environment.Job instance at 0x7f79e6531c30>,18,14,[ 2 13],19,-1,39,-1,25
1,<environment.Job instance at 0x7f79e6531e10>,14,22,[6 2],15,-1,47,-1,25
1,<environment.Job instance at 0x7f79e6531dc0>,22,27,[ 1 13],23,-1,53,-1,26
1,<environment.Job instance at 0x7f79e6540b40>,8,18,[ 5 12],9,-1,44,-1,26
1,<environment.Job instance at 0x7f79e6531a50>,23,18,[11  3],24,-1,44,-1,26
1,<environment.Job instance at 0x7f79e65313c0>,24,13,[7 5],25,-1,39,-1,26
1,<environment.Job instance at 0x7f79e6531870>,32,15,[9 2],33,-1,81,-1,66
1,<environment.Job instance at 0x7f79e6531a00>,29,23,[4 9],30,-1,90,-1,67
1,<environment.Job instance at 0x7f79e6a5c320>,3,12,[13  2],4,-1,16,-1,4
1,<environment.Job instance at 0x7f79e5cb7460>,5,12,[ 2 14],6,-1,18,-1,6
1,<environment.Job instance at 0x7f79e5cb7eb0>,6,17,[ 1 12],7,-1,24,-1,7
1,<environment.Job instance at 0x7f79e5cb7410>,7,22,[13  4],8,-1,30,-1,8
1,<environment.Job instance at 0x7f79e5cb77d0>,8,18,[ 5 12],9,-1,27,-1,9
1,<environment.Job instance at 0x7f79e5cb78c0>,9,25,[12  1],10,-1,35,-1,10
1,<environment.Job instance at 0x7f79e5cb7550>,10,26,[12  2],11,-1,37,-1,11
1,<environment.Job instance at 0x7f79e5cb75a0>,11,25,[4 8],12,-1,38,-1,13
1,<environment.Job instance at 0x7f79e5cb7690>,13,12,[13  2],14,-1,26,-1,14
1,<environment.Job instance at 0x7f79e5cb7140>,2,27,[7 2],3,-1,49,-1,22
1,<environment.Job instance at 0x7f79e629feb0>,18,14,[ 2 13],19,-1,36,-1,22
1,<environment.Job instance at 0x7f79e629f820>,15,26,[2 8],16,-1,55,-1,29
1,<environment.Job instance at 0x7f79e629fd70>,22,27,[ 1 13],23,-1,56,-1,29
1,<environment.Job instance at 0x7f79e629fd20>,23,18,[11  3],24,-1,47,-1,29
1,<environment.Job instance at 0x7f79e629f7d0>,16,23,[4 7],17,-1,52,-1,29
1,<environment.Job instance at 0x7f79e629fe60>,25,13,[12  1],26,-1,42,-1,29
1,<environment.Job instance at 0x7f79e629f550>,26,12,[12  5],27,-1,41,-1,29
1,<environment.Job instance at 0x7f79e629f5f0>,27,12,[ 3 12],28,-1,41,-1,29
1,<environment.Job instance at 0x7f79e629f500>,31,27,[2 7],32,-1,71,-1,44
1,<environment.Job instance at 0x7f79e629fc80>,29,23,[4 9],30,-1,68,-1,45
1,<environment.Job instance at 0x7f79e6c37dc0>,34,14,[ 2 11],35,-1,59,-1,45
1,<environment.Job instance at 0x7f79e6c37e10>,35,23,[ 3 14],36,-1,68,-1,45
1,<environment.Job instance at 0x7f79e629f230>,21,23,[8 4],22,-1,78,-1,55
1,<environment.Job instance at 0x7f79e6c37550>,37,15,[ 2 13],38,-1,70,-1,55
1,<environment.Job instance at 0x7f79e6c375f0>,38,27,[11  5],39,-1,82,-1,55
1,<environment.Job instance at 0x7f79e6c377d0>,39,21,[ 5 13],40,-1,76,-1,55
1,<environment.Job instance at 0x7f79e6c37690>,40,14,[12  4],41,-1,69,-1,55
1,<environment.Job instance at 0x7f79e6c37190>,42,28,[14  3],43,-1,83,-1,55
1,<environment.Job instance at 0x7f79e6564be0>,44,22,[ 5 12],45,-1,81,-1,59
1,<environment.Job instance at 0x7f79e65643c0>,45,24,[ 1 14],46,-1,83,-1,59
1,<environment.Job instance at 0x7f79e6c9fd20>,46,25,[ 1 14],47,-1,84,-1,59
1,<environment.Job instance at 0x7f79e6c9f6e0>,49,21,[14  3],50,-1,92,-1,71
1,<environment.Job instance at 0x7f79e6512c30>,50,17,[11  1],51,-1,88,-1,71
1,<environment.Job instance at 0x7f79e6e58640>,51,28,[6 4],52,-1,109,-1,81
1,<environment.Job instance at 0x7f79e67655f0>,54,17,[ 2 12],55,-1,98,-1,81
1,<environment.Job instance at 0x7f79e6335cd0>,55,28,[5 9],56,-1,111,-1,83
1,<environment.Job instance at 0x7f79e6765a50>,56,26,[11  4],57,-1,109,-1,83
1,<environment.Job instance at 0x7f79e6335320>,57,14,[ 2 13],58,-1,97,-1,83
1,<environment.Job instance at 0x7f79e66a4a50>,58,25,[11  1],59,-1,108,-1,83
1,<environment.Job instance at 0x7f79e65855a0>,60,25,[ 2 12],61,-1,108,-1,83
1,<environment.Job instance at 0x7f79e66a4be0>,61,14,[12  5],62,-1,97,-1,83
1,<environment.Job instance at 0x7f79e6a312d0>,1,27,[2 5],2,-1,29,-1,2
1,<environment.Job instance at 0x7f79e6a316e0>,11,19,[4 6],12,-1,31,-1,12
1,<environment.Job instance at 0x7f79e65315a0>,1,27,[2 5],2,-1,29,-1,2
1,<environment.Job instance at 0x7f79e5fd33c0>,2,25,[ 2 12],3,-1,28,-1,3
1,<environment.Job instance at 0x7f79e5cbc280>,4,23,[7 1],5,-1,28,-1,5
1,<environment.Job instance at 0x7f79e5fd0500>,5,23,[11  3],6,-1,29,-1,6
1,<environment.Job instance at 0x7f79e5fd02d0>,6,26,[ 1 13],7,-1,33,-1,7
1,<environment.Job instance at 0x7f79e5fd06e0>,7,24,[12  4],8,-1,32,-1,8
1,<environment.Job instance at 0x7f79e5fda690>,9,27,[ 1 14],10,-1,37,-1,10
1,<environment.Job instance at 0x7f79e634a8c0>,12,28,[ 5 13],13,-1,41,-1,13
1,<environment.Job instance at 0x7f79e6585a50>,14,27,[6 4],15,-1,42,-1,15
1,<environment.Job instance at 0x7f79e6349730>,15,13,[11  2],16,-1,29,-1,16
1,<environment.Job instance at 0x7f79e66a4a50>,16,17,[ 2 14],17,-1,34,-1,17
1,<environment.Job instance at 0x7f79e6335460>,20,25,[1 6],21,-1,57,-1,32
1,<environment.Job instance at 0x7f79e6335550>,21,20,[11  1],22,-1,52,-1,32
1,<environment.Job instance at 0x7f79e67655f0>,25,12,[ 1 13],26,-1,44,-1,32
1,<environment.Job instance at 0x7f79e6e58640>,26,23,[1 5],27,-1,65,-1,42
1,<environment.Job instance at 0x7f79e67660a0>,27,14,[ 3 11],28,-1,56,-1,42
1,<environment.Job instance at 0x7f79e6774cd0>,29,15,[14  1],30,-1,57,-1,42
1,<environment.Job instance at 0x7f79e6564140>,31,15,[14  4],32,-1,60,-1,45
1,<environment.Job instance at 0x7f79e6564370>,33,20,[12  3],34,-1,65,-1,45
1,<environment.Job instance at 0x7f79e629f5f0>,34,20,[ 4 11],35,-1,65,-1,45
1,<environment.Job instance at 0x7f79e629f500>,35,19,[ 2 13],36,-1,64,-1,45
1,<environment.Job instance at 0x7f79e629f910>,36,15,[14  2],37,-1,60,-1,45
1,<environment.Job instance at 0x7f79e629fe60>,37,12,[13  3],38,-1,57,-1,45
1,<environment.Job instance at 0x7f79e5fd3460>,3,24,[ 2 10],4,-1,85,-1,61
1,<environment.Job instance at 0x7f79e629fd20>,39,21,[11  1],40,-1,82,-1,61
1,<environment.Job instance at 0x7f79e629fc80>,32,25,[ 5 10],33,-1,86,-1,61
1,<environment.Job instance at 0x7f79e629f140>,42,23,[8 3],43,-1,86,-1,63
1,<environment.Job instance at 0x7f79e629feb0>,44,18,[14  3],45,-1,81,-1,63
1,<environment.Job instance at 0x7f79e6a5c320>,45,13,[11  5],46,-1,76,-1,63
1,<environment.Job instance at 0x7f79e629f230>,41,25,[10  4],42,-1,103,-1,78
1,<environment.Job instance at 0x7f79e629f0f0>,47,20,[12  2],48,-1,98,-1,78
1,<environment.Job instance at 0x7f79e629f7d0>,49,28,[8 4],50,-1,106,-1,78
1,<environment.Job instance at 0x7f79e5cb7690>,50,17,[ 3 13],51,-1,95,-1,78
1,<environment.Job instance at 0x7f79e5cb75a0>,52,18,[11  5],53,-1,96,-1,78
1,<environment.Job instance at 0x7f79e5cb71e0>,54,19,[12  3],55,-1,97,-1,78
1,<environment.Job instance at 0x7f79e5cb7730>,55,27,[ 1 13],56,-1,105,-1,78
1,<environment.Job instance at 0x7f79e5cb7c80>,56,18,[11  3],57,-1,96,-1,78
1,<environment.Job instance at 0x7f79e5eeb230>,1,17,[9 2],2,-1,20,-1,3
1,<environment.Job instance at 0x7f79effc09b0>,2,16,[14  5],3,-1,19,-1,3
1,<environment.Job instance at 0x7f79e611d0f0>,5,22,[4 9],6,-1,29,-1,7
1,<environment.Job instance at 0x7f79e611dc30>,7,15,[6 1],8,-1,23,-1,8
1,<environment.Job instance at 0x7f79e6d4a8c0>,8,14,[5 7],9,-1,23,-1,9
1,<environment.Job instance at 0x7f79e6d4ab90>,11,25,[7 1],12,-1,37,-1,12
1,<environment.Job instance at 0x7f79e6d4a050>,12,12,[10  5],13,-1,25,-1,13
1,<environment.Job instance at 0x7f79e6d4a820>,13,17,[10  4],14,-1,31,-1,14
1,<environment.Job instance at 0x7f79efb25a50>,14,21,[5 6],15,-1,36,-1,15
1,<environment.Job instance at 0x7f79e629fd70>,2,16,[14  5],3,-1,19,-1,3
1,<environment.Job instance at 0x7f79e629f3c0>,4,24,[ 5 11],5,-1,29,-1,5
1,<environment.Job instance at 0x7f79e6774cd0>,9,15,[13  2],10,-1,31,-1,16
1,<environment.Job instance at 0x7f79e67660a0>,10,25,[ 1 14],11,-1,41,-1,16
1,<environment.Job instance at 0x7f79e629fc30>,6,25,[5 8],7,-1,41,-1,16
1,<environment.Job instance at 0x7f79e629ff50>,3,23,[10  3],4,-1,42,-1,19
1,<environment.Job instance at 0x7f79e649f690>,15,28,[ 3 11],16,-1,47,-1,19
1,<environment.Job instance at 0x7f79e649f730>,16,23,[5 1],17,-1,42,-1,19
1,<environment.Job instance at 0x7f79e649fcd0>,17,16,[14  5],18,-1,35,-1,19
1,<environment.Job instance at 0x7f79e649f9b0>,18,28,[6 3],19,-1,47,-1,19
1,<environment.Job instance at 0x7f79e629f2d0>,11,25,[7 1],12,-1,44,-1,19
1,<environment.Job instance at 0x7f79e649f780>,19,13,[14  3],20,-1,33,-1,20
1,<environment.Job instance at 0x7f79e649ff00>,21,14,[ 2 12],22,-1,36,-1,22
1,<environment.Job instance at 0x7f79e649f870>,22,19,[13  3],23,-1,42,-1,23
1,<environment.Job instance at 0x7f79e649f2d0>,23,21,[ 3 14],24,-1,45,-1,24
1,<environment.Job instance at 0x7f79e649f230>,24,16,[ 2 12],25,-1,41,-1,25
1,<environment.Job instance at 0x7f79e649f550>,25,23,[3 9],26,-1,53,-1,30
1,<environment.Job instance at 0x7f79e649fb40>,27,25,[ 1 14],28,-1,55,-1,30
1,<environment.Job instance at 0x7f79e60bb4b0>,28,14,[ 1 11],29,-1,44,-1,30
1,<environment.Job instance at 0x7f79e5e0a960>,33,16,[13  2],34,-1,50,-1,34
1,<environment.Job instance at 0x7f79f0065820>,35,12,[ 3 11],36,-1,58,-1,46
1,<environment.Job instance at 0x7f79e5eb4230>,36,13,[11  3],37,-1,59,-1,46
1,<environment.Job instance at 0x7f79e649f050>,30,25,[2 8],31,-1,72,-1,47
1,<environment.Job instance at 0x7f79e6e7fd70>,40,25,[ 1 13],41,-1,83,-1,58
1,<environment.Job instance at 0x7f79e6e7f370>,41,22,[14  2],42,-1,80,-1,58
1,<environment.Job instance at 0x7f79e6e7f550>,42,24,[7 4],43,-1,82,-1,58
1,<environment.Job instance at 0x7f79e6da2be0>,43,17,[ 5 11],44,-1,75,-1,58
1,<environment.Job instance at 0x7f79e6da2aa0>,44,20,[ 5 11],45,-1,78,-1,58
1,<environment.Job instance at 0x7f79e6da20a0>,45,21,[13  4],46,-1,79,-1,58
1,<environment.Job instance at 0x7f79e6de2910>,46,25,[12  4],47,-1,83,-1,58
1,<environment.Job instance at 0x7f79e6e408c0>,48,12,[13  4],49,-1,70,-1,58
1,<environment.Job instance at 0x7f79e6e40be0>,49,21,[ 4 12],50,-1,79,-1,58
1,<environment.Job instance at 0x7f79efeed870>,50,13,[ 2 12],51,-1,71,-1,58
1,<environment.Job instance at 0x7f79efeedaf0>,51,25,[3 8],52,-1,90,-1,65
1,<environment.Job instance at 0x7f79e6a3c190>,52,21,[12  5],53,-1,86,-1,65
1,<environment.Job instance at 0x7f79e6a3c820>,53,21,[ 5 11],54,-1,86,-1,65
1,<environment.Job instance at 0x7f79e6e67be0>,55,21,[12  4],56,-1,86,-1,65
1,<environment.Job instance at 0x7f79e6e675a0>,56,18,[12  3],57,-1,83,-1,65
1,<environment.Job instance at 0x7f79e6e67aa0>,58,12,[11  5],59,-1,77,-1,65
1,<environment.Job instance at 0x7f79e5fada50>,60,26,[5 7],61,-1,105,-1,79
1,<environment.Job instance at 0x7f79e5fad550>,61,16,[ 2 14],62,-1,95,-1,79
1,<environment.Job instance at 0x7f79e5fad7d0>,62,12,[ 5 13],63,-1,91,-1,79
1,<environment.Job instance at 0x7f79e5fade10>,65,18,[12  1],66,-1,102,-1,84
1,<environment.Job instance at 0x7f79e5fad140>,66,27,[13  3],67,-1,111,-1,84
1,<environment.Job instance at 0x7f79efb3a050>,2,23,[5 2],3,-1,26,-1,3
1,<environment.Job instance at 0x7f79e624e640>,3,22,[12  2],4,-1,26,-1,4
1,<environment.Job instance at 0x7f79e624e730>,5,15,[11  3],6,-1,21,-1,6
1,<environment.Job instance at 0x7f79e60dbfa0>,6,28,[4 7],7,-1,35,-1,7
1,<environment.Job instance at 0x7f79e60dbd70>,9,16,[11  3],10,-1,26,-1,10
1,<environment.Job instance at 0x7f79e624e5f0>,2,23,[5 2],3,-1,36,-1,13
1,<environment.Job instance at 0x7f79e5ddb230>,11,27,[14  2],12,-1,40,-1,13
1,<environment.Job instance at 0x7f79e5ddb820>,12,16,[13  2],13,-1,29,-1,13
1,<environment.Job instance at 0x7f79e60dbdc0>,8,28,[ 4 10],9,-1,41,-1,13
1,<environment.Job instance at 0x7f79efbb18c0>,13,14,[12  1],14,-1,28,-1,14
1,<environment.Job instance at 0x7f79efbb1aa0>,16,25,[ 4 13],17,-1,42,-1,17
1,<environment.Job instance at 0x7f79e5fadd20>,17,20,[13  1],18,-1,38,-1,18
1,<environment.Job instance at 0x7f79e5fadeb0>,18,27,[10  4],19,-1,53,-1,26
1,<environment.Job instance at 0x7f79e5fad5f0>,21,24,[ 4 10],22,-1,50,-1,26
1,<environment.Job instance at 0x7f79e5fadd70>,22,26,[ 4 13],23,-1,52,-1,26
1,<environment.Job instance at 0x7f79e5fad410>,24,23,[7 4],25,-1,51,-1,28
1,<environment.Job instance at 0x7f79e6e675a0>,27,25,[ 5 14],28,-1,53,-1,28
1,<environment.Job instance at 0x7f79e6e67aa0>,25,23,[5 6],26,-1,65,-1,42
1,<environment.Job instance at 0x7f79efeedaf0>,30,27,[ 5 11],31,-1,69,-1,42
1,<environment.Job instance at 0x7f79e6e40c80>,33,27,[5 6],34,-1,81,-1,54
1,<environment.Job instance at 0x7f79e6de2f50>,36,26,[ 2 12],37,-1,86,-1,60
1,<environment.Job instance at 0x7f79e6da20a0>,39,28,[6 5],40,-1,99,-1,71
1,<environment.Job instance at 0x7f79e6e7feb0>,40,16,[14  5],41,-1,87,-1,71
1,<environment.Job instance at 0x7f79e6e7f640>,41,24,[5 1],42,-1,95,-1,71
1,<environment.Job instance at 0x7f79e5eb40a0>,42,17,[ 5 12],43,-1,88,-1,71
1,<environment.Job instance at 0x7f79e5e0a960>,45,24,[5 8],46,-1,110,-1,86
1,<environment.Job instance at 0x7f79f0065820>,47,15,[12  1],48,-1,101,-1,86
1,<environment.Job instance at 0x7f79e6eb7870>,48,23,[8 4],49,-1,109,-1,86
1,<environment.Job instance at 0x7f79e5eb46e0>,50,24,[1 9],51,-1,110,-1,86
1,<environment.Job instance at 0x7f79e5eb4c80>,51,19,[13  2],52,-1,105,-1,86
1,<environment.Job instance at 0x7f79e649fc30>,52,20,[11  2],53,-1,106,-1,86
1,<environment.Job instance at 0x7f79e649f7d0>,53,12,[ 4 12],54,-1,98,-1,86
1,<environment.Job instance at 0x7f79e649f8c0>,54,15,[14  2],55,-1,101,-1,86
1,<environment.Job instance at 0x7f79e649f3c0>,55,27,[6 2],56,-1,113,-1,86
1,<environment.Job instance at 0x7f79e649f280>,56,20,[ 5 11],57,-1,106,-1,86
1,<environment.Job instance at 0x7f79e649f230>,57,12,[12  2],58,-1,98,-1,86
1,<environment.Job instance at 0x7f748fa276e0>,0,13,[9 3],1,-1,15,-1,2
1,<environment.Job instance at 0x7f748fa278c0>,1,22,[11  3],2,-1,24,-1,2
1,<environment.Job instance at 0x7f748fa27730>,2,22,[4 8],3,-1,25,-1,3
1,<environment.Job instance at 0x7f74863ddb90>,4,21,[1 6],5,-1,27,-1,6
1,<environment.Job instance at 0x7f74863dda50>,5,24,[1 5],6,-1,30,-1,6
1,<environment.Job instance at 0x7f74863ddd70>,7,25,[6 2],8,-1,33,-1,8
1,<environment.Job instance at 0x7f74863ddfa0>,10,18,[ 3 11],11,-1,31,-1,13
1,<environment.Job instance at 0x7f74863e0730>,21,26,[ 5 12],22,-1,65,-1,39
1,<environment.Job instance at 0x7f74863e07d0>,22,13,[13  1],23,-1,52,-1,39
1,<environment.Job instance at 0x7f74863e05f0>,20,27,[13  5],21,-1,73,-1,46
1,<environment.Job instance at 0x7f74863e0500>,18,25,[ 4 13],19,-1,71,-1,46
1,<environment.Job instance at 0x7f74863e0870>,23,18,[2 7],24,-1,64,-1,46
1,<environment.Job instance at 0x7f74863e0a00>,26,26,[1 8],27,-1,72,-1,46
1,<environment.Job instance at 0x7f74863e0c80>,27,25,[5 7],28,-1,71,-1,46
1,<environment.Job instance at 0x7f74863ebf00>,1,22,[11  3],2,-1,24,-1,2
1,<environment.Job instance at 0x7f74863ed0f0>,3,26,[11  4],4,-1,30,-1,4
1,<environment.Job instance at 0x7f74863ed5a0>,8,22,[14  3],9,-1,31,-1,9
1,<environment.Job instance at 0x7f74863ed550>,9,18,[ 2 13],10,-1,28,-1,10
1,<environment.Job instance at 0x7f74863ed640>,10,18,[ 3 11],11,-1,29,-1,11
1,<environment.Job instance at 0x7f74863ed500>,12,26,[ 1 12],13,-1,40,-1,14
1,<environment.Job instance at 0x7f74863ed3c0>,13,18,[ 4 14],14,-1,32,-1,14
1,<environment.Job instance at 0x7f74863dd960>,5,24,[1 5],6,-1,38,-1,14
1,<environment.Job instance at 0x7f74863ed190>,7,25,[6 2],8,-1,39,-1,14
1,<environment.Job instance at 0x7f74863eda50>,15,18,[ 2 14],16,-1,34,-1,16
1,<environment.Job instance at 0x7f74863edaa0>,16,16,[ 3 11],17,-1,33,-1,17
1,<environment.Job instance at 0x7f74863edbe0>,18,25,[ 4 13],19,-1,44,-1,19
1,<environment.Job instance at 0x7f74863ed820>,19,14,[ 3 11],20,-1,34,-1,20
1,<environment.Job instance at 0x7f74863edcd0>,20,27,[13  5],21,-1,48,-1,21
1,<environment.Job instance at 0x7f74863d8550>,21,26,[ 5 12],22,-1,48,-1,22
1,<environment.Job instance at 0x7f74863d8460>,22,13,[13  1],23,-1,36,-1,23
1,<environment.Job instance at 0x7f74863edaf0>,17,28,[ 5 10],18,-1,53,-1,25
1,<environment.Job instance at 0x7f748641c550>,24,13,[ 3 14],25,-1,38,-1,25
1,<environment.Job instance at 0x7f74863ed6e0>,11,26,[4 8],12,-1,51,-1,25
1,<environment.Job instance at 0x7f7486426410>,25,23,[ 3 13],26,-1,49,-1,26
1,<environment.Job instance at 0x7f748657e7d0>,27,25,[5 7],28,-1,53,-1,28
1,<environment.Job instance at 0x7f7486426a50>,28,25,[ 4 11],29,-1,54,-1,29
1,<environment.Job instance at 0x7f74863d5e60>,29,22,[ 5 13],30,-1,52,-1,30
1,<environment.Job instance at 0x7f74863d5a50>,31,20,[11  5],32,-1,52,-1,32
1,<environment.Job instance at 0x7f74863d56e0>,32,27,[11  3],33,-1,60,-1,33
1,<environment.Job instance at 0x7f74863d58c0>,30,27,[4 8],31,-1,70,-1,43
1,<environment.Job instance at 0x7f74863d5a00>,36,13,[ 3 14],37,-1,56,-1,43
1,<environment.Job instance at 0x7f74863d5050>,37,28,[ 2 12],38,-1,71,-1,43
1,<environment.Job instance at 0x7f748640ee10>,26,26,[1 8],27,-1,69,-1,43
1,<environment.Job instance at 0x7f7486587690>,39,24,[5 6],40,-1,67,-1,43
1,<environment.Job instance at 0x7f74863d59b0>,34,24,[1 8],35,-1,67,-1,43
1,<environment.Job instance at 0x7f7486463b40>,41,27,[14  1],42,-1,70,-1,43
1,<environment.Job instance at 0x7f74864eb7d0>,43,13,[13  1],44,-1,57,-1,44
1,<environment.Job instance at 0x7f74864f9190>,44,24,[ 1 13],45,-1,69,-1,45
1,<environment.Job instance at 0x7f74864cf280>,46,17,[12  2],47,-1,66,-1,49
1,<environment.Job instance at 0x7f748657fbe0>,48,15,[14  1],49,-1,64,-1,49
1,<environment.Job instance at 0x7f7486508870>,49,16,[ 2 11],50,-1,66,-1,50
1,<environment.Job instance at 0x7f7486502e60>,50,16,[12  2],51,-1,67,-1,51
1,<environment.Job instance at 0x7f7486511d70>,54,13,[13  1],55,-1,72,-1,59
1,<environment.Job instance at 0x7f74865fcc80>,55,20,[ 3 13],56,-1,79,-1,59
1,<environment.Job instance at 0x7f7486508500>,52,27,[8 5],53,-1,86,-1,59
1,<environment.Job instance at 0x7f74864fd9b0>,57,27,[ 2 14],58,-1,86,-1,59
1,<environment.Job instance at 0x7f748654a5a0>,60,23,[ 1 11],61,-1,85,-1,62
1,<environment.Job instance at 0x7f74864827d0>,61,21,[ 5 13],62,-1,83,-1,62
1,<environment.Job instance at 0x7f7486482e10>,63,17,[ 4 12],64,-1,88,-1,71
1,<environment.Job instance at 0x7f74864ec960>,67,27,[ 1 10],68,-1,121,-1,94
1,<environment.Job instance at 0x7f74864ecaa0>,68,20,[ 3 12],69,-1,114,-1,94
1,<environment.Job instance at 0x7f748658adc0>,69,13,[ 3 12],70,-1,107,-1,94
1,<environment.Job instance at 0x7f748658aa50>,70,21,[12  2],71,-1,115,-1,94
1,<environment.Job instance at 0x7f748658a410>,71,28,[5 1],72,-1,122,-1,94
1,<environment.Job instance at 0x7f7485b84c80>,0,18,[2 7],1,-1,19,-1,1
1,<environment.Job instance at 0x7f7485b84730>,1,18,[ 1 10],2,-1,21,-1,3
1,<environment.Job instance at 0x7f7485b2aaf0>,9,14,[10  4],10,-1,24,-1,10
1,<environment.Job instance at 0x7f7485b2a6e0>,10,21,[6 5],11,-1,32,-1,11
1,<environment.Job instance at 0x7f74863ed550>,2,16,[ 3 13],3,-1,19,-1,3
1,<environment.Job instance at 0x7f74863ed190>,3,23,[ 5 13],4,-1,27,-1,4
1,<environment.Job instance at 0x7f74863ed230>,5,12,[14  5],6,-1,18,-1,6
1,<environment.Job instance at 0x7f74863ed0f0>,6,26,[11  4],7,-1,33,-1,7
1,<environment.Job instance at 0x7f74863ed050>,7,19,[ 3 12],8,-1,27,-1,8
1,<environment.Job instance at 0x7f74863ed280>,11,26,[ 5 12],12,-1,38,-1,12
1,<environment.Job instance at 0x7f74863ed2d0>,12,27,[12  2],13,-1,40,-1,13
1,<environment.Job instance at 0x7f7485bffbe0>,13,15,[12  1],14,-1,29,-1,14
1,<environment.Job instance at 0x7f7485bffdc0>,14,14,[ 2 11],15,-1,29,-1,15
1,<environment.Job instance at 0x7f7485bcbf00>,16,21,[ 1 12],17,-1,38,-1,17
1,<environment.Job instance at 0x7f7485c2c730>,17,19,[11  2],18,-1,37,-1,18
1,<environment.Job instance at 0x7f7485bff640>,18,14,[ 3 14],19,-1,33,-1,19
1,<environment.Job instance at 0x7f7485bff9b0>,20,19,[13  1],21,-1,40,-1,21
1,<environment.Job instance at 0x7f7485c02320>,22,22,[14  4],23,-1,45,-1,23
1,<environment.Job instance at 0x7f7485c02280>,23,14,[11  5],24,-1,38,-1,24
1,<environment.Job instance at 0x7f7485c06190>,24,19,[ 3 12],25,-1,44,-1,25
1,<environment.Job instance at 0x7f7485c06d70>,25,18,[13  4],26,-1,44,-1,26
1,<environment.Job instance at 0x7f7485c42910>,26,26,[13  4],27,-1,53,-1,27
1,<environment.Job instance at 0x7f7485c06dc0>,31,25,[6 1],32,-1,77,-1,52
1,<environment.Job instance at 0x7f7485b968c0>,32,28,[6 2],33,-1,80,-1,52
1,<environment.Job instance at 0x7f7485b8eb90>,33,24,[6 4],34,-1,76,-1,52
1,<environment.Job instance at 0x7f7485b8ed20>,35,25,[ 3 12],36,-1,77,-1,52
1,<environment.Job instance at 0x7f7485b92a00>,36,26,[13  5],37,-1,78,-1,52
1,<environment.Job instance at 0x7f7485b92b90>,37,28,[1 9],38,-1,88,-1,60
1,<environment.Job instance at 0x7f7485b92b40>,38,13,[14  1],39,-1,73,-1,60
1,<environment.Job instance at 0x7f7485b92320>,39,28,[ 2 10],40,-1,88,-1,60
1,<environment.Job instance at 0x7f7485b9d5f0>,41,25,[ 3 14],42,-1,85,-1,60
1,<environment.Job instance at 0x7f7485b9df50>,42,13,[12  5],43,-1,73,-1,60
1,<environment.Job instance at 0x7f7485b9dfa0>,44,17,[14  2],45,-1,85,-1,68
1,<environment.Job instance at 0x7f7485ba1910>,45,27,[4 8],46,-1,95,-1,68
1,<environment.Job instance at 0x7f7485ba1aa0>,46,27,[ 2 12],47,-1,95,-1,68
1,<environment.Job instance at 0x7f7485b9dd70>,47,16,[ 1 14],48,-1,84,-1,68
1,<environment.Job instance at 0x7f7485ba44b0>,48,20,[ 3 14],49,-1,88,-1,68
1,<environment.Job instance at 0x7f7485bd60a0>,51,25,[ 1 11],52,-1,98,-1,73
1,<environment.Job instance at 0x7f7485ba4e10>,52,14,[14  4],53,-1,87,-1,73
1,<environment.Job instance at 0x7f7485ba4fa0>,53,27,[9 1],54,-1,111,-1,84
1,<environment.Job instance at 0x7f7485ba8410>,54,23,[13  2],55,-1,107,-1,84
1,<environment.Job instance at 0x7f7485ba8a50>,55,20,[12  4],56,-1,104,-1,84
1,<environment.Job instance at 0x7f7485ba8af0>,57,26,[4 9],58,-1,113,-1,87
1,<environment.Job instance at 0x7f7485ba8b90>,58,25,[13  3],59,-1,112,-1,87
1,<environment.Job instance at 0x7f7485baeeb0>,60,26,[5 5],61,-1,124,-1,98
1,<environment.Job instance at 0x7f7485d3fd20>,61,24,[4 7],62,-1,122,-1,98
1,<environment.Job instance at 0x7f7485b2c8c0>,12,13,[9 4],13,-1,26,-1,13
1,<environment.Job instance at 0x7f74859db550>,4,28,[8 4],5,-1,42,-1,14
1,<environment.Job instance at 0x7f7485b2c370>,13,16,[11  1],14,-1,30,-1,14
1,<environment.Job instance at 0x7f74859db730>,9,15,[12  3],10,-1,29,-1,14
1,<environment.Job instance at 0x7f74859dbd70>,8,18,[12  2],9,-1,52,-1,34
1,<environment.Job instance at 0x7f7485b2c5a0>,14,17,[3 8],15,-1,58,-1,41
1,<environment.Job instance at 0x7f7485b2c230>,16,17,[11  3],17,-1,59,-1,42
1,<environment.Job instance at 0x7f7485b2cf50>,15,19,[12  5],16,-1,62,-1,43
1,<environment.Job instance at 0x7f7485b2cf00>,18,25,[6 2],19,-1,72,-1,47
1,<environment.Job instance at 0x7f7485b2c1e0>,19,18,[12  4],20,-1,67,-1,49
1,<environment.Job instance at 0x7f7485b2c4b0>,20,14,[6 1],21,-1,63,-1,49
1,<environment.Job instance at 0x7f7485b2c280>,21,26,[11  5],22,-1,75,-1,49
1,<environment.Job instance at 0x7f74859db2d0>,3,14,[12  2],4,-1,71,-1,57
1,<environment.Job instance at 0x7f7485b2cc80>,22,16,[3 8],23,-1,73,-1,57
1,<environment.Job instance at 0x7f74859db0a0>,6,20,[12  1],7,-1,79,-1,59
1,<environment.Job instance at 0x7f7485b2ce60>,24,16,[11  2],25,-1,75,-1,59
1,<environment.Job instance at 0x7f7485b2c690>,11,26,[ 5 11],12,-1,85,-1,59
1,<environment.Job instance at 0x7f7485b2cb90>,28,27,[14  3],29,-1,86,-1,59
1,<environment.Job instance at 0x7f7485b2c050>,30,26,[ 4 10],31,-1,86,-1,60
1,<environment.Job instance at 0x7f7485b2c0a0>,31,26,[8 3],32,-1,86,-1,60
1,<environment.Job instance at 0x7f7485b2c9b0>,25,15,[13  5],26,-1,75,-1,60
1,<environment.Job instance at 0x7f74859dd140>,33,19,[ 2 13],34,-1,79,-1,60
1,<environment.Job instance at 0x7f7485b2c780>,32,23,[12  1],33,-1,83,-1,60
1,<environment.Job instance at 0x7f74859dd460>,36,24,[ 2 14],37,-1,84,-1,60
1,<environment.Job instance at 0x7f7485b2c960>,29,20,[1 7],30,-1,80,-1,60
1,<environment.Job instance at 0x7f74859dd0f0>,39,25,[10  5],40,-1,85,-1,60
1,<environment.Job instance at 0x7f74859ddf50>,42,23,[13  5],43,-1,117,-1,94
1,<environment.Job instance at 0x7f74859db8c0>,1,14,[13  5],2,-1,16,-1,2
1,<environment.Job instance at 0x7f7485a140a0>,2,25,[11  2],3,-1,28,-1,3
1,<environment.Job instance at 0x7f7485a147d0>,3,14,[12  2],4,-1,18,-1,4
1,<environment.Job instance at 0x7f7485a14410>,4,28,[8 4],5,-1,33,-1,5
1,<environment.Job instance at 0x7f74859cf7d0>,6,20,[12  1],7,-1,27,-1,7
1,<environment.Job instance at 0x7f74859cf5f0>,7,13,[ 4 12],8,-1,21,-1,8
1,<environment.Job instance at 0x7f74859cfb90>,8,18,[12  2],9,-1,27,-1,9
1,<environment.Job instance at 0x7f74859cf370>,9,15,[12  3],10,-1,25,-1,10
1,<environment.Job instance at 0x7f7485a14a50>,11,26,[ 5 11],12,-1,38,-1,12
1,<environment.Job instance at 0x7f74859cf550>,13,16,[11  1],14,-1,30,-1,14
1,<environment.Job instance at 0x7f74859cf410>,10,25,[7 2],11,-1,40,-1,15
1,<environment.Job instance at 0x7f74859cf4b0>,15,19,[12  5],16,-1,35,-1,16
1,<environment.Job instance at 0x7f74859cd2d0>,16,17,[11  3],17,-1,34,-1,17
1,<environment.Job instance at 0x7f74859cd780>,19,18,[12  4],20,-1,38,-1,20
1,<environment.Job instance at 0x7f74859cd050>,18,25,[6 2],19,-1,47,-1,22
1,<environment.Job instance at 0x7f74859cdb40>,21,26,[11  5],22,-1,48,-1,22
1,<environment.Job instance at 0x7f74859cdf50>,24,16,[11  2],25,-1,41,-1,25
1,<environment.Job instance at 0x7f74859cdc30>,25,15,[13  5],26,-1,41,-1,26
1,<environment.Job instance at 0x7f74859cd550>,28,27,[14  3],29,-1,56,-1,29
1,<environment.Job instance at 0x7f7485a48910>,31,26,[8 3],32,-1,68,-1,42
1,<environment.Job instance at 0x7f7485a48960>,32,23,[12  1],33,-1,65,-1,42
1,<environment.Job instance at 0x7f7485a48fa0>,33,19,[ 2 13],34,-1,61,-1,42
1,<environment.Job instance at 0x7f7485a48460>,34,22,[11  1],35,-1,64,-1,42
1,<environment.Job instance at 0x7f7485a487d0>,35,22,[ 1 13],36,-1,64,-1,42
1,<environment.Job instance at 0x7f7485a48be0>,36,24,[ 2 14],37,-1,66,-1,42
1,<environment.Job instance at 0x7f7485a486e0>,38,23,[13  3],39,-1,65,-1,42
1,<environment.Job instance at 0x7f74859cdaa0>,30,26,[ 4 10],31,-1,78,-1,52
1,<environment.Job instance at 0x7f7485a485a0>,40,20,[13  5],41,-1,72,-1,52
1,<environment.Job instance at 0x7f7485a48640>,41,24,[14  3],42,-1,76,-1,52
1,<environment.Job instance at 0x7f7485a48aa0>,42,23,[13  5],43,-1,75,-1,52
1,<environment.Job instance at 0x7f7485a484b0>,43,21,[12  3],44,-1,73,-1,52
1,<environment.Job instance at 0x7f7485a45730>,45,28,[ 4 11],46,-1,80,-1,52
1,<environment.Job instance at 0x7f7485a45690>,46,18,[ 4 12],47,-1,70,-1,52
1,<environment.Job instance at 0x7f7485a45a50>,47,22,[14  1],48,-1,74,-1,52
1,<environment.Job instance at 0x7f7485a45aa0>,48,25,[7 3],49,-1,80,-1,55
1,<environment.Job instance at 0x7f7485a458c0>,49,27,[ 4 13],50,-1,82,-1,55
1,<environment.Job instance at 0x7f7485a45a00>,50,26,[8 4],51,-1,81,-1,55
1,<environment.Job instance at 0x7f7485a45b40>,51,12,[11  1],52,-1,67,-1,55
1,<environment.Job instance at 0x7f7485a48500>,39,25,[10  5],40,-1,80,-1,55
1,<environment.Job instance at 0x7f7485a45c80>,53,16,[14  1],54,-1,71,-1,55
1,<environment.Job instance at 0x7f7485a452d0>,56,19,[13  1],57,-1,87,-1,68
1,<environment.Job instance at 0x7f7485a42230>,57,15,[12  2],58,-1,83,-1,68
1,<environment.Job instance at 0x7f7485a42780>,58,20,[11  2],59,-1,88,-1,68
1,<environment.Job instance at 0x7f7485a42aa0>,59,25,[ 2 13],60,-1,93,-1,68
1,<environment.Job instance at 0x7f7485a45280>,54,27,[ 1 10],55,-1,95,-1,68
1,<environment.Job instance at 0x7f7485a42f50>,62,24,[ 3 13],63,-1,92,-1,68
1,<environment.Job instance at 0x7f7485a42eb0>,63,15,[ 2 13],64,-1,83,-1,68
1,<environment.Job instance at 0x7f7485a42cd0>,64,13,[ 5 14],65,-1,81,-1,68
1,<environment.Job instance at 0x7f7485a42280>,65,20,[11  2],66,-1,88,-1,68
1,<environment.Job instance at 0x7f7485a42c80>,67,21,[ 4 14],68,-1,90,-1,69
1,<environment.Job instance at 0x7f7485a27c30>,69,15,[14  4],70,-1,85,-1,70
1,<environment.Job instance at 0x7f7485a276e0>,71,23,[13  1],72,-1,105,-1,82
1,<environment.Job instance at 0x7f7485a33af0>,73,26,[ 1 11],74,-1,110,-1,84
1,<environment.Job instance at 0x7f7485a33b40>,74,14,[ 3 13],75,-1,98,-1,84
1,<environment.Job instance at 0x7f7485a33870>,77,27,[10  3],78,-1,124,-1,97
1,<environment.Job instance at 0x7f7485a33320>,78,16,[12  5],79,-1,113,-1,97
1,<environment.Job instance at 0x7f7485a332d0>,79,14,[14  5],80,-1,111,-1,97
1,<environment.Job instance at 0x7f7485a33690>,80,13,[ 5 13],81,-1,110,-1,97
1,<environment.Job instance at 0x7f7485a33e60>,82,26,[13  2],83,-1,123,-1,97
1,<environment.Job instance at 0x7f7485a132d0>,84,15,[ 1 12],85,-1,112,-1,97
1,<environment.Job instance at 0x7f7485a13460>,85,14,[ 1 12],86,-1,111,-1,97
1,<environment.Job instance at 0x7f7485a07a50>,0,25,[6 3],1,-1,26,-1,1
1,<environment.Job instance at 0x7f7485a079b0>,2,17,[9 4],3,-1,20,-1,3
1,<environment.Job instance at 0x7f7485a424b0>,0,25,[6 3],1,-1,26,-1,1
1,<environment.Job instance at 0x7f7485a42e60>,1,20,[11  1],2,-1,22,-1,2
1,<environment.Job instance at 0x7f7485a42780>,3,13,[12  4],4,-1,17,-1,4
1,<environment.Job instance at 0x7f7485a48640>,4,24,[5 5],5,-1,29,-1,5
1,<environment.Job instance at 0x7f7485a48aa0>,5,13,[ 1 13],6,-1,19,-1,6
1,<environment.Job instance at 0x7f7485a485a0>,6,26,[ 1 13],7,-1,33,-1,7
1,<environment.Job instance at 0x7f7485a486e0>,8,16,[11  1],9,-1,25,-1,9
1,<environment.Job instance at 0x7f7485a489b0>,9,14,[14  2],10,-1,24,-1,10
1,<environment.Job instance at 0x7f7485a42500>,11,15,[ 2 11],12,-1,27,-1,12
1,<environment.Job instance at 0x7f7485a48410>,12,16,[11  1],13,-1,29,-1,13
1,<environment.Job instance at 0x7f7485a48f00>,14,18,[12  5],15,-1,33,-1,15
1,<environment.Job instance at 0x7f7485a48e60>,15,20,[ 5 13],16,-1,36,-1,16
1,<environment.Job instance at 0x7f7485a48780>,17,16,[11  2],18,-1,34,-1,18
1,<environment.Job instance at 0x7f74859cf690>,18,22,[ 2 12],19,-1,41,-1,19
1,<environment.Job instance at 0x7f74859cfaf0>,19,20,[12  3],20,-1,40,-1,20
1,<environment.Job instance at 0x7f74859cf410>,20,19,[12  5],21,-1,40,-1,21
1,<environment.Job instance at 0x7f74859cf7d0>,22,18,[12  1],23,-1,41,-1,23
1,<environment.Job instance at 0x7f7485a48690>,13,25,[2 8],14,-1,55,-1,30
1,<environment.Job instance at 0x7f74859dbc80>,26,17,[ 1 12],27,-1,47,-1,30
1,<environment.Job instance at 0x7f7485a482d0>,16,24,[2 7],17,-1,54,-1,30
1,<environment.Job instance at 0x7f7485deda00>,28,18,[ 2 14],29,-1,48,-1,30
1,<environment.Job instance at 0x7f74859f3d70>,29,24,[11  1],30,-1,54,-1,30
1,<environment.Job instance at 0x7f7485a07b90>,31,24,[12  5],32,-1,56,-1,32
1,<environment.Job instance at 0x7f7485a07230>,33,15,[ 1 11],34,-1,58,-1,43
1,<environment.Job instance at 0x7f7485a075a0>,34,16,[ 5 12],35,-1,59,-1,43
1,<environment.Job instance at 0x7f7485bfcb90>,35,27,[ 4 14],36,-1,70,-1,43
1,<environment.Job instance at 0x7f7485bfc4b0>,36,23,[ 2 11],37,-1,66,-1,43
1,<environment.Job instance at 0x7f7485bfc460>,37,13,[ 4 12],38,-1,56,-1,43
1,<environment.Job instance at 0x7f7486322190>,38,15,[13  1],39,-1,58,-1,43
1,<environment.Job instance at 0x7f7486322a00>,39,17,[13  3],40,-1,60,-1,43
1,<environment.Job instance at 0x7f7485e901e0>,41,22,[ 3 13],42,-1,65,-1,43
1,<environment.Job instance at 0x7f74859cf960>,30,25,[7 1],31,-1,68,-1,43
1,<environment.Job instance at 0x7f748606ceb0>,25,25,[8 5],26,-1,68,-1,43
1,<environment.Job instance at 0x7f7485e90eb0>,43,19,[13  4],44,-1,63,-1,44
1,<environment.Job instance at 0x7f7485e90cd0>,44,16,[ 2 12],45,-1,61,-1,45
1,<environment.Job instance at 0x7f7485e90f50>,45,12,[ 4 14],46,-1,58,-1,46
1,<environment.Job instance at 0x7f7485a07370>,32,23,[10  2],33,-1,86,-1,63
1,<environment.Job instance at 0x7f7485e90410>,49,23,[ 2 13],50,-1,86,-1,63
1,<environment.Job instance at 0x7f7485e90780>,50,12,[14  1],51,-1,75,-1,63
1,<environment.Job instance at 0x7f7485e90dc0>,51,28,[ 1 13],52,-1,91,-1,63
1,<environment.Job instance at 0x7f7485b7d960>,53,22,[12  5],54,-1,85,-1,63
1,<environment.Job instance at 0x7f7485b7d500>,55,12,[11  5],56,-1,79,-1,67
1,<environment.Job instance at 0x7f7485b7d5a0>,57,22,[11  2],58,-1,99,-1,77
1,<environment.Job instance at 0x7f7485ee40a0>,59,17,[13  5],60,-1,94,-1,77
1,<environment.Job instance at 0x7f7485ee4190>,60,12,[ 3 14],61,-1,89,-1,77
1,<environment.Job instance at 0x7f7485ee43c0>,62,15,[ 4 12],63,-1,108,-1,93
1,<environment.Job instance at 0x7f7485ee4820>,63,21,[ 3 14],64,-1,114,-1,93
1,<environment.Job instance at 0x7f74859efbe0>,0,22,[ 5 12],1,-1,23,-1,1
1,<environment.Job instance at 0x7f74859efa00>,2,15,[14  2],3,-1,18,-1,3
1,<environment.Job instance at 0x7f74859ef550>,3,15,[ 1 13],4,-1,19,-1,4
1,<environment.Job instance at 0x7f74859eff00>,4,20,[12  2],5,-1,25,-1,5
1,<environment.Job instance at 0x7f74859efa50>,6,17,[14  5],7,-1,24,-1,7
1,<environment.Job instance at 0x7f74866e1be0>,7,24,[13  3],8,-1,32,-1,8
1,<environment.Job instance at 0x7f7485f6c140>,8,22,[12  3],9,-1,31,-1,9
1,<environment.Job instance at 0x7f7485f6c820>,11,23,[10  4],12,-1,35,-1,12
1,<environment.Job instance at 0x7f7485f6c500>,14,20,[14  2],15,-1,35,-1,15
1,<environment.Job instance at 0x7f7485f6c7d0>,19,18,[14  4],20,-1,60,-1,42
1,<environment.Job instance at 0x7f7485f6c4b0>,20,22,[ 4 14],21,-1,64,-1,42
1,<environment.Job instance at 0x7f7485ee4320>,21,20,[11  4],22,-1,62,-1,42
1,<environment.Job instance at 0x7f7485ee4690>,22,23,[14  4],23,-1,65,-1,42
1,<environment.Job instance at 0x7f7485ee4640>,23,19,[ 3 14],24,-1,61,-1,42
1,<environment.Job instance at 0x7f7485ee46e0>,24,21,[14  2],25,-1,63,-1,42
1,<environment.Job instance at 0x7f7485ee4410>,25,24,[14  2],26,-1,66,-1,42
1,<environment.Job instance at 0x7f7485ee4370>,26,21,[ 5 11],27,-1,63,-1,42
1,<environment.Job instance at 0x7f7485ee4be0>,27,20,[ 2 12],28,-1,62,-1,42
1,<environment.Job instance at 0x7f7485ee42d0>,28,23,[ 4 11],29,-1,65,-1,42
1,<environment.Job instance at 0x7f7485ee4a00>,29,16,[ 3 14],30,-1,58,-1,42
1,<environment.Job instance at 0x7f7485ee4140>,30,23,[ 3 13],31,-1,65,-1,42
1,<environment.Job instance at 0x7f7485ee4e10>,31,21,[14  4],32,-1,63,-1,42
1,<environment.Job instance at 0x7f7485ee4190>,33,24,[ 3 10],34,-1,80,-1,56
1,<environment.Job instance at 0x7f7485b7d320>,38,14,[ 1 14],39,-1,78,-1,64
1,<environment.Job instance at 0x7f7485e90820>,39,25,[5 8],40,-1,96,-1,71
1,<environment.Job instance at 0x7f7485e90dc0>,40,27,[7 4],41,-1,98,-1,71
1,<environment.Job instance at 0x7f7485e90d70>,41,21,[ 3 11],42,-1,92,-1,71
1,<environment.Job instance at 0x7f7485e90e10>,42,14,[12  4],43,-1,85,-1,71
1,<environment.Job instance at 0x7f7485e90410>,44,26,[ 3 12],45,-1,97,-1,71
1,<environment.Job instance at 0x7f7485e90460>,45,12,[11  4],46,-1,83,-1,71
1,<environment.Job instance at 0x7f7485e904b0>,48,12,[11  3],49,-1,95,-1,83
1,<environment.Job instance at 0x7f7485e90f00>,49,16,[ 3 12],50,-1,99,-1,83
1,<environment.Job instance at 0x7f7486322500>,51,15,[14  5],52,-1,109,-1,94
1,<environment.Job instance at 0x7f7486322e10>,52,13,[14  1],53,-1,107,-1,94
1,<environment.Job instance at 0x7f74863221e0>,53,24,[8 2],54,-1,121,-1,97
1,<environment.Job instance at 0x7f74859f3d70>,54,21,[ 2 12],55,-1,118,-1,97
1,<environment.Job instance at 0x7f7485bfc460>,55,23,[ 2 12],56,-1,120,-1,97
1,<environment.Job instance at 0x7f7485a07370>,57,26,[ 5 11],58,-1,123,-1,97
1,<environment.Job instance at 0x7f7485e0eaa0>,1,18,[5 9],2,-1,20,-1,2
1,<environment.Job instance at 0x7f7485e0e0f0>,11,27,[1 8],12,-1,58,-1,31
1,<environment.Job instance at 0x7f7485e76e10>,17,18,[5 9],18,-1,49,-1,31
1,<environment.Job instance at 0x7f7485e76050>,24,19,[9 4],25,-1,107,-1,88
1,<environment.Job instance at 0x7f7485e760f0>,12,19,[ 5 14],13,-1,107,-1,88
1,<environment.Job instance at 0x7f7485e76aa0>,18,25,[14  2],19,-1,113,-1,88
1,<environment.Job instance at 0x7f7485e76190>,26,18,[6 4],27,-1,109,-1,91
1,<environment.Job instance at 0x7f7485e76f50>,25,27,[10  2],26,-1,120,-1,93
1,<environment.Job instance at 0x7f7486bd7eb0>,28,15,[13  2],29,-1,112,-1,97
1,<environment.Job instance at 0x7f7486bd7820>,30,24,[13  2],31,-1,121,-1,97
1,<environment.Job instance at 0x7f7485e76280>,27,27,[7 2],28,-1,124,-1,97
1,<environment.Job instance at 0x7f7486bd79b0>,31,16,[7 3],32,-1,113,-1,97
1,<environment.Job instance at 0x7f7486bd78c0>,32,25,[11  4],33,-1,122,-1,97
1,<environment.Job instance at 0x7f7486bd7c80>,33,15,[ 3 10],34,-1,112,-1,97
1,<environment.Job instance at 0x7f7486bd7aa0>,34,23,[1 6],35,-1,120,-1,97
1,<environment.Job instance at 0x7f7485e0e7d0>,4,23,[14  3],5,-1,120,-1,97
1,<environment.Job instance at 0x7f7486bd7550>,36,12,[13  4],37,-1,109,-1,97
1,<environment.Job instance at 0x7f7486bd7370>,38,15,[ 1 12],39,-1,112,-1,97
1,<environment.Job instance at 0x7f7486bd7b40>,39,21,[ 5 14],40,-1,120,-1,99
1,<environment.Job instance at 0x7f7485a48a00>,2,12,[12  4],3,-1,15,-1,3
1,<environment.Job instance at 0x7f7485a486e0>,3,21,[ 2 11],4,-1,25,-1,4
1,<environment.Job instance at 0x7f7485a48820>,4,23,[14  3],5,-1,28,-1,5
1,<environment.Job instance at 0x7f7485a48460>,7,19,[11  1],8,-1,27,-1,8
1,<environment.Job instance at 0x7f7485a482d0>,10,23,[ 2 11],11,-1,34,-1,11
1,<environment.Job instance at 0x7f748606ceb0>,12,19,[ 5 14],13,-1,32,-1,13
1,<environment.Job instance at 0x7f7485a485a0>,5,25,[9 2],6,-1,45,-1,20
1,<environment.Job instance at 0x7f74859db8c0>,14,27,[11  3],15,-1,47,-1,20
1,<environment.Job instance at 0x7f74859dbc80>,15,26,[2 6],16,-1,46,-1,20
1,<environment.Job instance at 0x7f7485a48f00>,11,27,[1 8],12,-1,47,-1,20
1,<environment.Job instance at 0x7f74863221e0>,18,25,[14  2],19,-1,45,-1,20
1,<environment.Job instance at 0x7f7486bd0640>,22,26,[13  5],23,-1,60,-1,34
1,<environment.Job instance at 0x7f7486bd05a0>,23,24,[ 2 10],24,-1,58,-1,34
1,<environment.Job instance at 0x7f7485e0ec80>,27,27,[7 2],28,-1,79,-1,52
1,<environment.Job instance at 0x7f7485e30320>,28,15,[13  2],29,-1,67,-1,52
1,<environment.Job instance at 0x7f7485e30aa0>,29,17,[11  1],30,-1,69,-1,52
1,<environment.Job instance at 0x7f7485e30eb0>,30,24,[13  2],31,-1,76,-1,52
1,<environment.Job instance at 0x7f7486bca640>,32,25,[11  4],33,-1,77,-1,52
1,<environment.Job instance at 0x7f7485e0ed20>,25,27,[10  2],26,-1,95,-1,68
1,<environment.Job instance at 0x7f7486bca550>,35,17,[12  4],36,-1,85,-1,68
1,<environment.Job instance at 0x7f7486bca280>,36,12,[13  4],37,-1,80,-1,68
1,<environment.Job instance at 0x7f7486bca9b0>,37,12,[14  3],38,-1,80,-1,68
1,<environment.Job instance at 0x7f7486bca4b0>,38,15,[ 1 12],39,-1,83,-1,68
1,<environment.Job instance at 0x7f7486bca190>,39,21,[ 5 14],40,-1,89,-1,68
1,<environment.Job instance at 0x7f7486bca8c0>,40,16,[11  2],41,-1,84,-1,68
1,<environment.Job instance at 0x7f7486bcadc0>,42,22,[ 5 13],43,-1,90,-1,68
1,<environment.Job instance at 0x7f7486bca5f0>,34,23,[1 6],35,-1,93,-1,70
1,<environment.Job instance at 0x7f7485db4aa0>,44,28,[2 9],45,-1,98,-1,70
1,<environment.Job instance at 0x7f7485db49b0>,45,25,[7 1],46,-1,105,-1,80
1,<environment.Job instance at 0x7f7485db4280>,48,20,[ 3 13],49,-1,100,-1,80
1,<environment.Job instance at 0x7f7485db4550>,47,27,[ 5 10],48,-1,115,-1,88
1,<environment.Job instance at 0x7f7485db4f00>,50,17,[12  4],51,-1,105,-1,88
1,<environment.Job instance at 0x7f7485db4690>,51,26,[ 4 10],52,-1,114,-1,88
1,<environment.Job instance at 0x7f7485db4d20>,52,20,[ 4 11],53,-1,108,-1,88
1,<environment.Job instance at 0x7f7485db4a00>,53,14,[ 5 12],54,-1,102,-1,88
1,<environment.Job instance at 0x7f7485db4960>,54,24,[ 5 11],55,-1,112,-1,88
1,<environment.Job instance at 0x7f7486f1acd0>,55,25,[7 3],56,-1,113,-1,88
1,<environment.Job instance at 0x7f7486f1aaf0>,56,18,[11  5],57,-1,106,-1,88
1,<environment.Job instance at 0x7f7486f1aeb0>,57,12,[ 3 14],58,-1,100,-1,88
1,<environment.Job instance at 0x7f7486f1ad20>,58,27,[1 5],59,-1,115,-1,88
1,<environment.Job instance at 0x7f7485d8df50>,59,17,[ 1 11],60,-1,105,-1,88
1,<environment.Job instance at 0x7f7485d8de10>,61,17,[ 2 13],62,-1,105,-1,88
1,<environment.Job instance at 0x7f7485d8d960>,62,27,[12  4],63,-1,115,-1,88
1,<environment.Job instance at 0x7f7485d8daa0>,64,12,[ 1 12],65,-1,100,-1,88
1,<environment.Job instance at 0x7f7485d8dd70>,66,12,[ 5 12],67,-1,100,-1,88
1,<environment.Job instance at 0x7f7485d8d730>,67,14,[14  1],68,-1,102,-1,88
1,<environment.Job instance at 0x7f7485d8df00>,69,14,[12  4],70,-1,109,-1,95
1,<environment.Job instance at 0x7f7485e7a5a0>,70,18,[11  5],71,-1,113,-1,95
1,<environment.Job instance at 0x7f7485ab0370>,2,19,[1 7],3,-1,22,-1,3
1,<environment.Job instance at 0x7f7485ab05a0>,5,18,[ 5 11],6,-1,25,-1,7
1,<environment.Job instance at 0x7f7486268410>,6,27,[11  5],7,-1,34,-1,7
1,<environment.Job instance at 0x7f7485ab0cd0>,15,19,[11  4],16,-1,77,-1,58
1,<environment.Job instance at 0x7f7485ab0eb0>,21,15,[9 4],22,-1,73,-1,58
1,<environment.Job instance at 0x7f7485ab0b40>,14,20,[10  4],15,-1,78,-1,58
1,<environment.Job instance at 0x7f7485e4d3c0>,0,18,[14  3],1,-1,19,-1,1
1,<environment.Job instance at 0x7f7485e4d690>,3,18,[14  3],4,-1,22,-1,4
1,<environment.Job instance at 0x7f7485e7a320>,4,23,[ 2 11],5,-1,28,-1,5
1,<environment.Job instance at 0x7f7485e7a280>,5,18,[ 5 11],6,-1,24,-1,6
1,<environment.Job instance at 0x7f7485e7a370>,6,27,[11  5],7,-1,34,-1,7
1,<environment.Job instance at 0x7f7485e7a460>,7,17,[12  5],8,-1,25,-1,8
1,<environment.Job instance at 0x7f7485e7ac30>,9,21,[11  1],10,-1,31,-1,10
1,<environment.Job instance at 0x7f7485e7aaf0>,10,14,[12  4],11,-1,25,-1,11
1,<environment.Job instance at 0x7f7485e7a1e0>,13,26,[1 6],14,-1,40,-1,14
1,<environment.Job instance at 0x7f7485e7a140>,15,19,[11  4],16,-1,35,-1,16
1,<environment.Job instance at 0x7f7485e7a690>,16,23,[11  3],17,-1,40,-1,17
1,<environment.Job instance at 0x7f7485e7a5f0>,18,12,[11  4],19,-1,31,-1,19
1,<environment.Job instance at 0x7f7485e7aeb0>,11,26,[5 4],12,-1,46,-1,20
1,<environment.Job instance at 0x7f7485e7aaa0>,20,14,[ 3 13],21,-1,35,-1,21
1,<environment.Job instance at 0x7f7485e7a230>,22,28,[5 5],23,-1,54,-1,26
1,<environment.Job instance at 0x7f7485d8d870>,24,20,[13  1],25,-1,46,-1,26
1,<environment.Job instance at 0x7f7485d8df00>,25,21,[ 3 12],26,-1,47,-1,26
1,<environment.Job instance at 0x7f7485d8dd70>,26,25,[12  3],27,-1,52,-1,27
1,<environment.Job instance at 0x7f7485d8d0f0>,28,20,[12  2],29,-1,49,-1,29
1,<environment.Job instance at 0x7f7485d8d6e0>,31,16,[14  3],32,-1,57,-1,41
1,<environment.Job instance at 0x7f7485d8db40>,32,20,[11  1],33,-1,61,-1,41
1,<environment.Job instance at 0x7f7486f1aeb0>,34,27,[7 2],35,-1,82,-1,55
1,<environment.Job instance at 0x7f7486f1acd0>,36,20,[ 4 13],37,-1,75,-1,55
1,<environment.Job instance at 0x7f7486f1a9b0>,37,21,[12  5],38,-1,76,-1,55
1,<environment.Job instance at 0x7f7485db4690>,39,25,[6 1],40,-1,95,-1,70
1,<environment.Job instance at 0x7f7485db4820>,40,24,[11  4],41,-1,94,-1,70
1,<environment.Job instance at 0x7f7485db4550>,42,27,[5 1],43,-1,98,-1,71
1,<environment.Job instance at 0x7f7485db4e60>,44,17,[14  5],45,-1,88,-1,71
1,<environment.Job instance at 0x7f7485db40f0>,45,25,[6 1],46,-1,96,-1,71
1,<environment.Job instance at 0x7f7485db4c30>,47,25,[8 3],48,-1,108,-1,83
1,<environment.Job instance at 0x7f7486bcadc0>,48,13,[13  1],49,-1,96,-1,83
1,<environment.Job instance at 0x7f7486bcab90>,52,19,[12  1],53,-1,118,-1,99
1,<environment.Job instance at 0x7f748648ccd0>,1,20,[5 6],2,-1,22,-1,2
1,<environment.Job instance at 0x7f748648cf50>,9,13,[8 2],10,-1,35,-1,22
1,<environment.Job instance at 0x7f748648cbe0>,10,19,[8 4],11,-1,41,-1,22
1,<environment.Job instance at 0x7f748648cd20>,11,23,[12  3],12,-1,45,-1,22
1,<environment.Job instance at 0x7f748648c460>,12,15,[9 3],13,-1,37,-1,22
1,<environment.Job instance at 0x7f748648c690>,14,12,[13  4],15,-1,36,-1,24
1,<environment.Job instance at 0x7f748648cdc0>,13,16,[6 3],14,-1,40,-1,24
1,<environment.Job instance at 0x7f748648c1e0>,16,18,[10  2],17,-1,48,-1,30
1,<environment.Job instance at 0x7f748648cc30>,18,17,[13  5],19,-1,47,-1,30
1,<environment.Job instance at 0x7f74866fa0a0>,19,26,[4 6],20,-1,56,-1,30
1,<environment.Job instance at 0x7f748648c8c0>,20,21,[5 2],21,-1,51,-1,30
1,<environment.Job instance at 0x7f748648ceb0>,6,18,[ 4 13],7,-1,49,-1,31
1,<environment.Job instance at 0x7f748648c960>,4,27,[ 2 14],5,-1,59,-1,32
1,<environment.Job instance at 0x7f74866fa500>,21,23,[ 4 11],22,-1,55,-1,32
1,<environment.Job instance at 0x7f748648c5f0>,15,23,[4 5],16,-1,55,-1,32
1,<environment.Job instance at 0x7f74866fac80>,24,19,[ 4 11],25,-1,51,-1,32
1,<environment.Job instance at 0x7f748648c9b0>,7,12,[ 5 12],8,-1,44,-1,32
1,<environment.Job instance at 0x7f748648c870>,17,20,[7 5],18,-1,52,-1,32
1,<environment.Job instance at 0x7f74866fa0f0>,28,25,[14  5],29,-1,57,-1,32
1,<environment.Job instance at 0x7f74866fab40>,26,12,[11  1],27,-1,44,-1,32
1,<environment.Job instance at 0x7f74866fa8c0>,27,13,[7 4],28,-1,46,-1,33
1,<environment.Job instance at 0x7f7485b26c80>,31,13,[12  5],32,-1,46,-1,33
1,<environment.Job instance at 0x7f748648c780>,8,17,[5 5],9,-1,51,-1,34
1,<environment.Job instance at 0x7f74866fa7d0>,22,26,[ 3 14],23,-1,60,-1,34
1,<environment.Job instance at 0x7f7485b26af0>,32,14,[7 1],33,-1,48,-1,34
1,<environment.Job instance at 0x7f74866fa320>,23,12,[ 2 13],24,-1,46,-1,34
1,<environment.Job instance at 0x7f7485b26730>,34,22,[9 4],35,-1,57,-1,35
1,<environment.Job instance at 0x7f7485b26960>,37,14,[2 6],38,-1,53,-1,39
1,<environment.Job instance at 0x7f7485b267d0>,40,23,[10  3],41,-1,78,-1,55
1,<environment.Job instance at 0x7f7485b26280>,29,27,[6 1],30,-1,89,-1,62
1,<environment.Job instance at 0x7f7485c77dc0>,43,25,[4 5],44,-1,87,-1,62
1,<environment.Job instance at 0x7f7485b265a0>,38,22,[ 3 14],39,-1,84,-1,62
1,<environment.Job instance at 0x7f7485c779b0>,47,20,[3 7],48,-1,82,-1,62
1,<environment.Job instance at 0x7f748621c230>,0,27,[ 3 14],1,-1,28,-1,1
1,<environment.Job instance at 0x7f748621ca00>,2,27,[ 5 13],3,-1,30,-1,3
1,<environment.Job instance at 0x7f7485a48460>,3,25,[13  4],4,-1,29,-1,4
1,<environment.Job instance at 0x7f7485a48640>,4,27,[ 2 14],5,-1,32,-1,5
1,<environment.Job instance at 0x7f7485a486e0>,6,18,[ 4 13],7,-1,25,-1,7
1,<environment.Job instance at 0x7f7485a48be0>,7,12,[ 5 12],8,-1,20,-1,8
1,<environment.Job instance at 0x7f7485a48780>,11,23,[12  3],12,-1,35,-1,12
1,<environment.Job instance at 0x7f7485a48730>,14,12,[13  4],15,-1,34,-1,22
1,<environment.Job instance at 0x7f74859db8c0>,15,23,[4 5],16,-1,45,-1,22
1,<environment.Job instance at 0x7f7485bfcb90>,18,17,[13  5],19,-1,39,-1,22
1,<environment.Job instance at 0x7f7485bfc460>,19,26,[4 6],20,-1,48,-1,22
1,<environment.Job instance at 0x7f7486bd7410>,21,23,[ 4 11],22,-1,45,-1,22
1,<environment.Job instance at 0x7f7486bdfaf0>,22,26,[ 3 14],23,-1,61,-1,35
1,<environment.Job instance at 0x7f7486322500>,23,12,[ 2 13],24,-1,47,-1,35
1,<environment.Job instance at 0x7f7486bd05a0>,24,19,[ 4 11],25,-1,54,-1,35
1,<environment.Job instance at 0x7f7485e30320>,26,12,[11  1],27,-1,50,-1,38
1,<environment.Job instance at 0x7f7485e30500>,28,25,[14  5],29,-1,75,-1,50
1,<environment.Job instance at 0x7f7485e308c0>,29,27,[6 1],30,-1,77,-1,50
1,<environment.Job instance at 0x7f7486bca500>,31,13,[12  5],32,-1,63,-1,50
1,<environment.Job instance at 0x7f7486bca870>,33,16,[11  4],34,-1,79,-1,63
1,<environment.Job instance at 0x7f7486bca4b0>,35,27,[12  1],36,-1,92,-1,65
1,<environment.Job instance at 0x7f7486bca690>,36,22,[11  5],37,-1,87,-1,65
1,<environment.Job instance at 0x7f7486bcab90>,38,22,[ 3 14],39,-1,87,-1,65
1,<environment.Job instance at 0x7f7486bcadc0>,39,26,[2 7],40,-1,108,-1,82
1,<environment.Job instance at 0x7f7485db40f0>,41,16,[14  1],42,-1,98,-1,82
1,<environment.Job instance at 0x7f7485db4280>,42,23,[13  2],43,-1,105,-1,82
1,<environment.Job instance at 0x7f7485db4140>,43,25,[4 5],44,-1,107,-1,82
1,<environment.Job instance at 0x7f7485db4550>,44,21,[14  1],45,-1,103,-1,82
1,<environment.Job instance at 0x7f7485db4230>,45,18,[11  1],46,-1,100,-1,82
1,<environment.Job instance at 0x7f7485db4820>,46,19,[ 3 12],47,-1,101,-1,82
1,<environment.Job instance at 0x7f7485db4e60>,48,18,[12  5],49,-1,100,-1,82
1,<environment.Job instance at 0x7f7485db4690>,49,27,[13  3],50,-1,109,-1,82
1,<environment.Job instance at 0x7f7486f1a9b0>,51,27,[4 6],52,-1,109,-1,82
1,<environment.Job instance at 0x7f7486f1aaf0>,52,14,[14  1],53,-1,96,-1,82
1,<environment.Job instance at 0x7f7485d8d960>,53,16,[ 4 12],54,-1,98,-1,82
1,<environment.Job instance at 0x7f7485d8db40>,54,17,[14  4],55,-1,99,-1,82
1,<environment.Job instance at 0x7f7485db4fa0>,40,23,[10  3],41,-1,119,-1,96
1,<environment.Job instance at 0x7f7485d8d9b0>,56,17,[ 5 14],57,-1,113,-1,96
1,<environment.Job instance at 0x7f7485d8d780>,57,25,[11  4],58,-1,121,-1,96
1,<environment.Job instance at 0x7f74867fb3c0>,61,27,[ 1 11],62,-1,123,-1,96
1,<environment.Job instance at 0x7f7485d8df50>,63,26,[11  2],64,-1,123,-1,97
1,<environment.Job instance at 0x7f7485d66190>,1,25,[2 7],2,-1,28,-1,3
1,<environment.Job instance at 0x7f7485ac7c80>,2,23,[10  4],3,-1,26,-1,3
1,<environment.Job instance at 0x7f7485d66f50>,4,17,[10  5],5,-1,23,-1,6
1,<environment.Job instance at 0x7f748621cc80>,0,24,[11  5],1,-1,25,-1,1
1,<environment.Job instance at 0x7f74862381e0>,1,25,[2 7],2,-1,27,-1,2
1,<environment.Job instance at 0x7f748621ca00>,2,23,[10  4],3,-1,26,-1,3
1,<environment.Job instance at 0x7f74859cf960>,3,21,[ 3 14],4,-1,25,-1,4
1,<environment.Job instance at 0x7f74867c3820>,6,18,[14  2],7,-1,25,-1,7
1,<environment.Job instance at 0x7f74867c37d0>,7,27,[ 5 13],8,-1,35,-1,8
1,<environment.Job instance at 0x7f74864cf050>,9,21,[12  3],10,-1,31,-1,10
1,<environment.Job instance at 0x7f7486282eb0>,10,27,[ 5 12],11,-1,38,-1,11
1,<environment.Job instance at 0x7f7485bda370>,12,16,[ 2 13],13,-1,29,-1,13
1,<environment.Job instance at 0x7f74862a69b0>,15,13,[14  1],16,-1,29,-1,16
1,<environment.Job instance at 0x7f74867f7780>,16,26,[11  5],17,-1,43,-1,17
1,<environment.Job instance at 0x7f7485df3230>,17,14,[ 2 13],18,-1,32,-1,18
1,<environment.Job instance at 0x7f7485df3a50>,18,13,[14  5],19,-1,32,-1,19
1,<environment.Job instance at 0x7f7485df3690>,19,18,[12  4],20,-1,38,-1,20
1,<environment.Job instance at 0x7f7485df30a0>,20,21,[ 2 14],21,-1,42,-1,21
1,<environment.Job instance at 0x7f74867f76e0>,22,23,[13  4],23,-1,46,-1,23
1,<environment.Job instance at 0x7f7485e41c30>,24,18,[ 1 12],25,-1,43,-1,25
1,<environment.Job instance at 0x7f7485df3050>,25,23,[9 4],26,-1,58,-1,35
1,<environment.Job instance at 0x7f7485df39b0>,26,26,[ 1 10],27,-1,61,-1,35
1,<environment.Job instance at 0x7f7485e19f00>,27,18,[13  5],28,-1,53,-1,35
1,<environment.Job instance at 0x7f7485e194b0>,28,21,[12  5],29,-1,56,-1,35
1,<environment.Job instance at 0x7f7486f54230>,30,20,[11  5],31,-1,55,-1,35
1,<environment.Job instance at 0x7f7486fb32d0>,31,27,[8 5],32,-1,62,-1,35
1,<environment.Job instance at 0x7f748f55a550>,33,28,[5 7],34,-1,76,-1,48
1,<environment.Job instance at 0x7f748f55ad20>,34,12,[ 4 11],35,-1,60,-1,48
1,<environment.Job instance at 0x7f748f55ad70>,35,25,[13  4],36,-1,73,-1,48
1,<environment.Job instance at 0x7f748f55aeb0>,36,21,[ 1 12],37,-1,69,-1,48
1,<environment.Job instance at 0x7f7485ad7190>,37,22,[ 4 12],38,-1,70,-1,48
1,<environment.Job instance at 0x7f7485ad72d0>,38,22,[13  5],39,-1,70,-1,48
1,<environment.Job instance at 0x7f748f5edeb0>,39,28,[13  2],40,-1,76,-1,48
1,<environment.Job instance at 0x7f74861d4140>,41,24,[14  3],42,-1,72,-1,48
1,<environment.Job instance at 0x7f74861d4cd0>,42,25,[12  1],43,-1,73,-1,48
1,<environment.Job instance at 0x7f7486449f00>,43,24,[5 8],44,-1,73,-1,49
1,<environment.Job instance at 0x7f74864499b0>,44,13,[ 1 13],45,-1,62,-1,49
1,<environment.Job instance at 0x7f7485ad7550>,45,23,[1 5],46,-1,72,-1,49
1,<environment.Job instance at 0x7f748654fbe0>,46,22,[ 5 11],47,-1,71,-1,49
1,<environment.Job instance at 0x7f748654fb90>,47,24,[ 5 13],48,-1,73,-1,49
1,<environment.Job instance at 0x7f748654fdc0>,48,13,[ 1 14],49,-1,62,-1,49
1,<environment.Job instance at 0x7f748654f730>,49,26,[12  4],50,-1,76,-1,50
1,<environment.Job instance at 0x7f748654fd20>,51,21,[13  2],52,-1,73,-1,52
1,<environment.Job instance at 0x7f748654ff50>,52,23,[14  5],53,-1,76,-1,53
1,<environment.Job instance at 0x7f7486ffad70>,53,14,[14  2],54,-1,68,-1,54
1,<environment.Job instance at 0x7f748654f550>,56,28,[5 4],57,-1,92,-1,64
1,<environment.Job instance at 0x7f7485e7afa0>,60,18,[ 5 14],61,-1,97,-1,79
1,<environment.Job instance at 0x7f7485e7a410>,61,17,[ 3 13],62,-1,96,-1,79
1,<environment.Job instance at 0x7f7485e7a1e0>,62,23,[13  3],63,-1,102,-1,79
1,<environment.Job instance at 0x7f7485e7aaf0>,63,18,[ 2 12],64,-1,97,-1,79
1,<environment.Job instance at 0x7f7485e7a780>,64,28,[11  1],65,-1,107,-1,79
1,<environment.Job instance at 0x7f7485e7a7d0>,66,12,[13  5],67,-1,100,-1,88
1,<environment.Job instance at 0x7f7485e7aeb0>,67,20,[ 5 14],68,-1,108,-1,88
1,<environment.Job instance at 0x7f7485e7aaa0>,68,27,[ 2 14],69,-1,115,-1,88
1,<environment.Job instance at 0x7f7486fdb5a0>,70,15,[ 4 11],71,-1,103,-1,88
1,<environment.Job instance at 0x7f7485e7aa00>,71,15,[13  5],72,-1,103,-1,88
1,<environment.Job instance at 0x7f748702cfa0>,72,13,[14  4],73,-1,101,-1,88
1,<environment.Job instance at 0x7f7485acb410>,73,16,[14  2],74,-1,104,-1,88
1,<environment.Job instance at 0x7f74868fe690>,74,25,[14  4],75,-1,113,-1,88
1,<environment.Job instance at 0x7f7486999c30>,75,19,[13  5],76,-1,107,-1,88
1,<environment.Job instance at 0x7f74860bceb0>,76,26,[10  2],77,-1,121,-1,95
1,<environment.Job instance at 0x7f74862f3280>,5,14,[13  2],6,-1,45,-1,31
1,<environment.Job instance at 0x7f74863e04b0>,4,14,[13  3],5,-1,48,-1,34
1,<environment.Job instance at 0x7f74869b9f00>,9,20,[5 6],10,-1,57,-1,37
1,<environment.Job instance at 0x7f74866c8550>,18,21,[1 7],19,-1,58,-1,37
1,<environment.Job instance at 0x7f74866c8460>,20,28,[ 1 11],21,-1,65,-1,37
1,<environment.Job instance at 0x7f74866c8be0>,21,22,[8 3],22,-1,59,-1,37
1,<environment.Job instance at 0x7f74866c8eb0>,22,28,[14  4],23,-1,65,-1,37
1,<environment.Job instance at 0x7f74866c8910>,23,27,[13  4],24,-1,64,-1,37
1,<environment.Job instance at 0x7f74869b9500>,19,16,[9 2],20,-1,53,-1,37
1,<environment.Job instance at 0x7f748621c690>,0,26,[13  5],1,-1,27,-1,1
1,<environment.Job instance at 0x7f748621c230>,1,16,[ 1 13],2,-1,18,-1,2
1,<environment.Job instance at 0x7f748695a780>,2,25,[4 9],3,-1,28,-1,3
1,<environment.Job instance at 0x7f7485ec9a00>,4,14,[13  3],5,-1,19,-1,5
1,<environment.Job instance at 0x7f7485fe54b0>,5,14,[13  2],6,-1,20,-1,6
1,<environment.Job instance at 0x7f7485fe5910>,8,28,[12  3],9,-1,37,-1,9
1,<environment.Job instance at 0x7f7485e8c500>,7,28,[9 2],8,-1,46,-1,18
1,<environment.Job instance at 0x7f74858a3aa0>,14,12,[ 3 12],15,-1,30,-1,18
1,<environment.Job instance at 0x7f748f5ac820>,15,12,[11  4],16,-1,30,-1,18
1,<environment.Job instance at 0x7f74858a3050>,16,20,[ 3 14],17,-1,38,-1,18
1,<environment.Job instance at 0x7f74858a3550>,17,16,[12  1],18,-1,34,-1,18
1,<environment.Job instance at 0x7f7486163050>,20,28,[ 1 11],21,-1,49,-1,21
1,<environment.Job instance at 0x7f7486163f50>,22,28,[14  4],23,-1,60,-1,32
1,<environment.Job instance at 0x7f7485c99a00>,23,27,[13  4],24,-1,59,-1,32
1,<environment.Job instance at 0x7f7485eb72d0>,24,12,[ 5 11],25,-1,44,-1,32
1,<environment.Job instance at 0x7f7486fe6140>,26,17,[14  2],27,-1,49,-1,32
1,<environment.Job instance at 0x7f7485cc1c30>,27,17,[ 1 12],28,-1,49,-1,32
1,<environment.Job instance at 0x7f7485cc1be0>,29,22,[ 3 14],30,-1,54,-1,32
1,<environment.Job instance at 0x7f7485cc35a0>,30,15,[ 2 11],31,-1,47,-1,32
1,<environment.Job instance at 0x7f74866a1f50>,31,22,[ 2 13],32,-1,54,-1,32
1,<environment.Job instance at 0x7f7486e0e5f0>,33,26,[ 4 14],34,-1,60,-1,34
1,<environment.Job instance at 0x7f7486e0e640>,35,26,[3 9],36,-1,70,-1,44
1,<environment.Job instance at 0x7f74855f5910>,37,23,[8 2],38,-1,71,-1,48
1,<environment.Job instance at 0x7f74855f5410>,38,26,[ 2 11],39,-1,74,-1,48
1,<environment.Job instance at 0x7f74855f5af0>,39,27,[6 4],40,-1,75,-1,48
1,<environment.Job instance at 0x7f7485ad7550>,40,25,[ 4 14],41,-1,73,-1,48
1,<environment.Job instance at 0x7f7485ad7410>,42,18,[ 2 12],43,-1,66,-1,48
1,<environment.Job instance at 0x7f74855f5b90>,36,23,[10  3],37,-1,83,-1,60
1,<environment.Job instance at 0x7f7485ad7320>,44,24,[13  5],45,-1,84,-1,60
1,<environment.Job instance at 0x7f7485ad7af0>,45,12,[ 4 13],46,-1,72,-1,60
1,<environment.Job instance at 0x7f7485c93460>,46,27,[14  3],47,-1,87,-1,60
1,<environment.Job instance at 0x7f748653d7d0>,49,27,[12  5],50,-1,87,-1,60
1,<environment.Job instance at 0x7f7485f033c0>,51,13,[11  1],52,-1,78,-1,65
1,<environment.Job instance at 0x7f7485cbcd20>,52,26,[ 1 13],53,-1,91,-1,65
1,<environment.Job instance at 0x7f7485e3c410>,53,13,[ 1 13],54,-1,78,-1,65
1,<environment.Job instance at 0x7f7486bc1370>,54,18,[12  5],55,-1,83,-1,65
1,<environment.Job instance at 0x7f7485d7b910>,55,24,[ 5 12],56,-1,89,-1,65
1,<environment.Job instance at 0x7f7485d7b370>,56,22,[ 3 14],57,-1,87,-1,65
1,<environment.Job instance at 0x7f7485bde780>,8,21,[10  3],9,-1,30,-1,9
1,<environment.Job instance at 0x7f7485c8c2d0>,6,22,[14  2],7,-1,44,-1,22
1,<environment.Job instance at 0x7f7486f13af0>,5,16,[4 9],6,-1,38,-1,22
1,<environment.Job instance at 0x7f7486a452d0>,14,12,[ 5 10],15,-1,34,-1,22
1,<environment.Job instance at 0x7f74869ba5a0>,10,16,[11  5],11,-1,38,-1,22
1,<environment.Job instance at 0x7f7485e3ccd0>,15,19,[7 5],16,-1,41,-1,22
1,<environment.Job instance at 0x7f7485e3c460>,13,24,[4 7],14,-1,46,-1,22
1,<environment.Job instance at 0x7f7485e3c780>,17,14,[13  2],18,-1,38,-1,24
1,<environment.Job instance at 0x7f7485c8cd20>,3,27,[11  2],4,-1,51,-1,24
1,<environment.Job instance at 0x7f7485e3ceb0>,19,24,[ 1 14],20,-1,48,-1,24
1,<environment.Job instance at 0x7f748f60bb90>,20,28,[7 5],21,-1,52,-1,24
1,<environment.Job instance at 0x7f7485a8bd70>,21,22,[12  4],22,-1,46,-1,24
1,<environment.Job instance at 0x7f7485e3cb40>,16,16,[8 4],17,-1,40,-1,24
1,<environment.Job instance at 0x7f7485e3c820>,18,22,[5 7],19,-1,46,-1,24
1,<environment.Job instance at 0x7f7485a8ba00>,22,20,[5 8],23,-1,44,-1,24
1,<environment.Job instance at 0x7f7485a8b960>,23,24,[8 5],24,-1,48,-1,24
1,<environment.Job instance at 0x7f7485fcda50>,30,13,[11  2],31,-1,59,-1,46
1,<environment.Job instance at 0x7f7485bcb280>,29,23,[12  5],30,-1,86,-1,63
1,<environment.Job instance at 0x7f7485fcdf00>,34,21,[ 3 10],35,-1,86,-1,65
1,<environment.Job instance at 0x7f7485fcdb90>,32,17,[6 4],33,-1,82,-1,65
1,<environment.Job instance at 0x7f7485e3c0a0>,12,24,[13  4],13,-1,89,-1,65
1,<environment.Job instance at 0x7f7486f553c0>,39,24,[8 5],40,-1,91,-1,67
1,<environment.Job instance at 0x7f748636eeb0>,28,25,[7 3],29,-1,92,-1,67
1,<environment.Job instance at 0x7f748f55a0a0>,43,15,[8 1],44,-1,83,-1,68
1,<environment.Job instance at 0x7f7486f55cd0>,40,21,[ 3 11],41,-1,89,-1,68
1,<environment.Job instance at 0x7f748f55a370>,44,14,[5 7],45,-1,82,-1,68
1,<environment.Job instance at 0x7f748f553e10>,33,17,[ 4 13],34,-1,85,-1,68
1,<environment.Job instance at 0x7f7485a8beb0>,25,23,[11  5],26,-1,91,-1,68
1,<environment.Job instance at 0x7f74866944b0>,46,28,[3 9],47,-1,96,-1,68
1,<environment.Job instance at 0x7f7486813690>,45,20,[ 2 11],46,-1,88,-1,68
1,<environment.Job instance at 0x7f74866941e0>,48,16,[12  3],49,-1,84,-1,68
1,<environment.Job instance at 0x7f74866949b0>,49,26,[7 4],50,-1,94,-1,68
1,<environment.Job instance at 0x7f748f9abaa0>,50,17,[14  2],51,-1,85,-1,68
1,<environment.Job instance at 0x7f7485be1b40>,51,14,[ 3 14],52,-1,82,-1,68
1,<environment.Job instance at 0x7f7485be11e0>,52,20,[ 4 11],53,-1,88,-1,68
1,<environment.Job instance at 0x7f7485be18c0>,53,19,[10  1],54,-1,87,-1,68
1,<environment.Job instance at 0x7f7486ec6500>,47,15,[ 4 13],48,-1,83,-1,68
1,<environment.Job instance at 0x7f748604e410>,54,22,[11  1],55,-1,90,-1,68
1,<environment.Job instance at 0x7f748604e550>,56,18,[5 4],57,-1,86,-1,68
1,<environment.Job instance at 0x7f748604e640>,57,17,[7 2],58,-1,85,-1,68
1,<environment.Job instance at 0x7f748604ed70>,58,18,[ 4 10],59,-1,86,-1,68
1,<environment.Job instance at 0x7f7485fcd6e0>,35,13,[12  5],36,-1,81,-1,68
1,<environment.Job instance at 0x7f748604e320>,55,20,[1 8],56,-1,88,-1,68
1,<environment.Job instance at 0x7f7486fea780>,64,25,[9 5],65,-1,96,-1,71
1,<environment.Job instance at 0x7f748629c730>,41,14,[14  1],42,-1,85,-1,71
1,<environment.Job instance at 0x7f7485e199b0>,65,22,[3 8],66,-1,96,-1,74
1,<environment.Job instance at 0x7f748604e0a0>,60,14,[ 2 12],61,-1,91,-1,77
1,<environment.Job instance at 0x7f7485e19f50>,66,16,[4 7],67,-1,94,-1,78
1,<environment.Job instance at 0x7f748604e730>,61,28,[11  4],62,-1,107,-1,79
1,<environment.Job instance at 0x7f748690d7d0>,68,22,[ 1 13],69,-1,101,-1,79
1,<environment.Job instance at 0x7f7486fea320>,67,12,[9 1],68,-1,92,-1,80
1,<environment.Job instance at 0x7f7486fea550>,69,26,[7 2],70,-1,106,-1,80
1,<environment.Job instance at 0x7f7486902780>,70,15,[13  5],71,-1,95,-1,80
1,<environment.Job instance at 0x7f7486fea2d0>,62,22,[ 5 12],63,-1,102,-1,80
1,<environment.Job instance at 0x7f7486fdb5a0>,72,25,[10  3],73,-1,105,-1,80
1,<environment.Job instance at 0x7f7485e76140>,71,14,[2 9],72,-1,94,-1,80
1,<environment.Job instance at 0x7f748606c140>,73,18,[ 4 11],74,-1,98,-1,80
1,<environment.Job instance at 0x7f7486fdbeb0>,74,15,[3 5],75,-1,95,-1,80
1,<environment.Job instance at 0x7f7486fdb640>,76,18,[ 3 11],77,-1,98,-1,80
1,<environment.Job instance at 0x7f7486fdb230>,77,27,[11  1],78,-1,107,-1,80
1,<environment.Job instance at 0x7f7486fdb0f0>,75,18,[ 5 14],76,-1,99,-1,81
1,<environment.Job instance at 0x7f7486fea6e0>,63,15,[10  5],64,-1,97,-1,82
1,<environment.Job instance at 0x7f7486fdb1e0>,78,28,[11  2],79,-1,110,-1,82
1,<environment.Job instance at 0x7f7486fdbaa0>,83,13,[8 1],84,-1,97,-1,84
1,<environment.Job instance at 0x7f7486fdbb40>,79,23,[ 4 11],80,-1,110,-1,87
1,<environment.Job instance at 0x7f7486fdb8c0>,86,28,[8 1],87,-1,115,-1,87
1,<environment.Job instance at 0x7f7486fdb500>,85,16,[ 3 10],86,-1,104,-1,88
1,<environment.Job instance at 0x7f74867b3870>,1,14,[11  3],2,-1,16,-1,2
1,<environment.Job instance at 0x7f7486282dc0>,2,28,[2 7],3,-1,31,-1,3
1,<environment.Job instance at 0x7f7486282050>,3,27,[11  2],4,-1,31,-1,4
1,<environment.Job instance at 0x7f74867b38c0>,6,22,[14  2],7,-1,29,-1,7
1,<environment.Job instance at 0x7f7485d89820>,9,22,[ 2 11],10,-1,32,-1,10
1,<environment.Job instance at 0x7f7485d89780>,10,16,[11  5],11,-1,27,-1,11
1,<environment.Job instance at 0x7f7486e080a0>,12,24,[13  4],13,-1,37,-1,13
1,<environment.Job instance at 0x7f7486141190>,13,24,[4 7],14,-1,44,-1,20
1,<environment.Job instance at 0x7f7485d86c30>,17,14,[13  2],18,-1,40,-1,26
1,<environment.Job instance at 0x7f7485d86960>,19,24,[ 1 14],20,-1,50,-1,26
1,<environment.Job instance at 0x7f7486841d20>,20,28,[7 5],21,-1,54,-1,26
1,<environment.Job instance at 0x7f7485852500>,21,22,[12  4],22,-1,48,-1,26
1,<environment.Job instance at 0x7f7486e0ca50>,23,24,[8 5],24,-1,50,-1,26
1,<environment.Job instance at 0x7f7485a8bb40>,24,19,[13  1],25,-1,45,-1,26
1,<environment.Job instance at 0x7f7485a8b690>,25,23,[11  5],26,-1,49,-1,26
1,<environment.Job instance at 0x7f7485dd1cd0>,26,23,[ 2 12],27,-1,50,-1,27
1,<environment.Job instance at 0x7f7485cbcd20>,29,23,[12  5],30,-1,61,-1,38
1,<environment.Job instance at 0x7f7486bc1370>,30,13,[11  2],31,-1,51,-1,38
1,<environment.Job instance at 0x7f7485606dc0>,31,27,[5 2],32,-1,73,-1,46
1,<environment.Job instance at 0x7f748584ddc0>,28,25,[7 3],29,-1,71,-1,46
1,<environment.Job instance at 0x7f748653d7d0>,33,17,[ 4 13],34,-1,63,-1,46
1,<environment.Job instance at 0x7f74857e5d20>,35,13,[12  5],36,-1,59,-1,46
1,<environment.Job instance at 0x7f7485ad7320>,36,14,[ 2 12],37,-1,60,-1,46
1,<environment.Job instance at 0x7f7485ad7460>,40,21,[ 3 11],41,-1,75,-1,54
1,<environment.Job instance at 0x7f748f5ac820>,41,14,[14  1],42,-1,68,-1,54
1,<environment.Job instance at 0x7f7485ad72d0>,39,24,[8 5],40,-1,86,-1,62
1,<environment.Job instance at 0x7f74858a3050>,45,20,[ 2 11],46,-1,82,-1,62
1,<environment.Job instance at 0x7f74858a3e60>,47,15,[ 4 13],48,-1,81,-1,66
1,<environment.Job instance at 0x7f74858a3dc0>,48,16,[12  3],49,-1,82,-1,66
1,<environment.Job instance at 0x7f7485ec9a00>,49,26,[7 4],50,-1,102,-1,76
1,<environment.Job instance at 0x7f7486269fa0>,50,17,[14  2],51,-1,93,-1,76
1,<environment.Job instance at 0x7f74858ab5f0>,51,14,[ 3 14],52,-1,90,-1,76
1,<environment.Job instance at 0x7f7486bed500>,52,20,[ 4 11],53,-1,96,-1,76
1,<environment.Job instance at 0x7f74858a3230>,46,28,[3 9],47,-1,104,-1,76
1,<environment.Job instance at 0x7f7485bde5f0>,54,22,[11  1],55,-1,98,-1,76
1,<environment.Job instance at 0x7f7486fdbc80>,60,14,[ 2 12],61,-1,111,-1,97
1,<environment.Job instance at 0x7f7486fdbb90>,61,28,[11  4],62,-1,125,-1,97
1,<environment.Job instance at 0x7f7485df3410>,62,22,[ 5 12],63,-1,119,-1,97
1,<environment.Job instance at 0x7f74864f70a0>,4,19,[4 7],5,-1,28,-1,9
1,<environment.Job instance at 0x7f7485594410>,9,19,[9 1],10,-1,30,-1,11
1,<environment.Job instance at 0x7f7485594730>,11,19,[ 3 11],12,-1,32,-1,13
1,<environment.Job instance at 0x7f7486d5beb0>,10,21,[9 1],11,-1,37,-1,16
1,<environment.Job instance at 0x7f7485594230>,12,18,[5 2],13,-1,34,-1,16
1,<environment.Job instance at 0x7f7485594cd0>,14,27,[5 6],15,-1,43,-1,16
1,<environment.Job instance at 0x7f74864f7f50>,2,26,[5 5],3,-1,43,-1,17
1,<environment.Job instance at 0x7f74855943c0>,17,25,[12  3],18,-1,51,-1,26
1,<environment.Job instance at 0x7f7486106aa0>,16,25,[9 4],17,-1,52,-1,27
1,<environment.Job instance at 0x7f7486d5b870>,5,25,[ 2 10],6,-1,53,-1,28
1,<environment.Job instance at 0x7f748569ba50>,19,16,[4 8],20,-1,45,-1,29
1,<environment.Job instance at 0x7f748603a1e0>,22,17,[14  2],23,-1,47,-1,30
1,<environment.Job instance at 0x7f74867a8c80>,23,15,[12  2],24,-1,45,-1,30
1,<environment.Job instance at 0x7f7486905140>,24,20,[12  3],25,-1,50,-1,30
1,<environment.Job instance at 0x7f7485594780>,18,26,[ 3 10],19,-1,56,-1,30
1,<environment.Job instance at 0x7f7486407230>,27,23,[9 5],28,-1,53,-1,30
1,<environment.Job instance at 0x7f7486407690>,28,27,[7 3],29,-1,57,-1,30
1,<environment.Job instance at 0x7f74856b1e10>,25,12,[3 5],26,-1,42,-1,30
1,<environment.Job instance at 0x7f7486f16500>,30,13,[13  3],31,-1,44,-1,31
1,<environment.Job instance at 0x7f748f809730>,29,22,[3 9],30,-1,54,-1,32
1,<environment.Job instance at 0x7f748615b2d0>,0,23,[13  4],1,-1,24,-1,1
1,<environment.Job instance at 0x7f74861ba1e0>,1,25,[ 4 12],2,-1,27,-1,2
1,<environment.Job instance at 0x7f74861baa00>,2,26,[5 5],3,-1,29,-1,3
1,<environment.Job instance at 0x7f74864034b0>,6,14,[11  3],7,-1,21,-1,7
1,<environment.Job instance at 0x7f74861ac960>,11,19,[ 3 11],12,-1,37,-1,18
1,<environment.Job instance at 0x7f74861c9960>,14,27,[5 6],15,-1,45,-1,18
1,<environment.Job instance at 0x7f74861bafa0>,5,25,[ 2 10],6,-1,49,-1,24
1,<environment.Job instance at 0x7f748619ceb0>,17,25,[12  3],18,-1,49,-1,24
1,<environment.Job instance at 0x7f74861a04b0>,18,26,[ 3 10],19,-1,50,-1,24
1,<environment.Job instance at 0x7f74861c9910>,16,25,[9 4],17,-1,55,-1,30
1,<environment.Job instance at 0x7f7486584be0>,21,27,[ 5 14],22,-1,57,-1,30
1,<environment.Job instance at 0x7f74865844b0>,22,17,[14  2],23,-1,47,-1,30
1,<environment.Job instance at 0x7f7486584190>,23,15,[12  2],24,-1,45,-1,30
1,<environment.Job instance at 0x7f74861a3dc0>,24,20,[12  3],25,-1,50,-1,30
1,<environment.Job instance at 0x7f74861a3230>,26,26,[13  3],27,-1,56,-1,30
1,<environment.Job instance at 0x7f74861a38c0>,28,27,[7 3],29,-1,67,-1,40
1,<environment.Job instance at 0x7f74861a7910>,30,13,[13  3],31,-1,53,-1,40
1,<environment.Job instance at 0x7f74861a7b40>,31,12,[12  5],32,-1,52,-1,40
1,<environment.Job instance at 0x7f74861a7fa0>,32,14,[12  5],33,-1,54,-1,40
1,<environment.Job instance at 0x7f74861aa1e0>,33,22,[14  5],34,-1,62,-1,40
1,<environment.Job instance at 0x7f74861a21e0>,37,14,[12  5],38,-1,62,-1,48
1,<environment.Job instance at 0x7f74861a2be0>,38,14,[12  2],39,-1,62,-1,48
1,<environment.Job instance at 0x7f74861a2d20>,39,23,[ 5 11],40,-1,71,-1,48
1,<environment.Job instance at 0x7f74861a3960>,27,23,[9 5],28,-1,80,-1,57
1,<environment.Job instance at 0x7f74861b8870>,41,14,[ 3 11],42,-1,71,-1,57
1,<environment.Job instance at 0x7f74861b86e0>,42,15,[11  2],43,-1,72,-1,57
1,<environment.Job instance at 0x7f74861b8780>,43,17,[ 5 11],44,-1,74,-1,57
1,<environment.Job instance at 0x7f7485d96410>,49,25,[9 4],50,-1,119,-1,94
1,<environment.Job instance at 0x7f7485d96be0>,50,15,[13  3],51,-1,109,-1,94
1,<environment.Job instance at 0x7f7485d96820>,51,17,[ 1 14],52,-1,111,-1,94
1,<environment.Job instance at 0x7f7485d8b8c0>,53,28,[ 5 13],54,-1,122,-1,94
1,<environment.Job instance at 0x7f7485d8b690>,54,15,[12  1],55,-1,109,-1,94
1,<environment.Job instance at 0x7f7485d8b730>,55,25,[ 5 14],56,-1,119,-1,94
1,<environment.Job instance at 0x7f7486b6f320>,0,27,[5 2],1,-1,28,-1,1
1,<environment.Job instance at 0x7f7486b6faf0>,8,12,[ 1 12],9,-1,22,-1,10
1,<environment.Job instance at 0x7f7486b6f0a0>,10,16,[ 1 10],11,-1,27,-1,11
1,<environment.Job instance at 0x7f7486e264b0>,0,27,[5 2],1,-1,28,-1,1
1,<environment.Job instance at 0x7f74856ef870>,1,12,[ 3 13],2,-1,14,-1,2
1,<environment.Job instance at 0x7f74856ef410>,2,17,[14  5],3,-1,20,-1,3
1,<environment.Job instance at 0x7f74856ef0a0>,3,15,[14  2],4,-1,19,-1,4
1,<environment.Job instance at 0x7f7486189140>,4,15,[ 1 12],5,-1,20,-1,5
1,<environment.Job instance at 0x7f74856ef5f0>,8,12,[ 1 12],9,-1,21,-1,9
1,<environment.Job instance at 0x7f7486189050>,11,22,[14  3],12,-1,34,-1,12
1,<environment.Job instance at 0x7f74863d4690>,12,22,[11  5],13,-1,35,-1,13
1,<environment.Job instance at 0x7f748663d230>,15,21,[11  3],16,-1,40,-1,19
1,<environment.Job instance at 0x7f748620f870>,16,24,[1 8],17,-1,44,-1,20
1,<environment.Job instance at 0x7f748617a1e0>,19,12,[11  2],20,-1,32,-1,20
1,<environment.Job instance at 0x7f74856e69b0>,20,18,[ 3 11],21,-1,39,-1,21
1,<environment.Job instance at 0x7f748617ad20>,21,15,[ 3 12],22,-1,37,-1,22
1,<environment.Job instance at 0x7f74867baaf0>,23,24,[2 8],24,-1,60,-1,36
1,<environment.Job instance at 0x7f74866934b0>,24,24,[5 7],25,-1,60,-1,36
1,<environment.Job instance at 0x7f7486693870>,25,13,[14  2],26,-1,49,-1,36
1,<environment.Job instance at 0x7f74867ba640>,26,12,[ 5 14],27,-1,48,-1,36
1,<environment.Job instance at 0x7f7486df16e0>,27,28,[11  4],28,-1,64,-1,36
1,<environment.Job instance at 0x7f7486df1dc0>,28,23,[1 6],29,-1,59,-1,36
1,<environment.Job instance at 0x7f7486404b40>,29,26,[1 8],30,-1,62,-1,36
1,<environment.Job instance at 0x7f74859c9a00>,33,25,[7 5],34,-1,73,-1,48
1,<environment.Job instance at 0x7f7486168640>,34,24,[5 3],35,-1,72,-1,48
1,<environment.Job instance at 0x7f7486168b40>,35,15,[ 1 14],36,-1,63,-1,48
1,<environment.Job instance at 0x7f7485b8e4b0>,36,24,[5 2],37,-1,72,-1,48
1,<environment.Job instance at 0x7f748575d7d0>,37,25,[8 1],38,-1,74,-1,49
1,<environment.Job instance at 0x7f7486333550>,39,20,[ 4 13],40,-1,69,-1,49
1,<environment.Job instance at 0x7f74864b60f0>,43,26,[9 3],44,-1,92,-1,66
1,<environment.Job instance at 0x7f7485f3c820>,45,20,[14  4],46,-1,86,-1,66
1,<environment.Job instance at 0x7f7486fe20f0>,47,14,[ 3 11],48,-1,80,-1,66
1,<environment.Job instance at 0x7f74863ebc30>,48,14,[14  2],49,-1,80,-1,66
1,<environment.Job instance at 0x7f74856db690>,49,20,[14  4],50,-1,86,-1,66
1,<environment.Job instance at 0x7f74863f6410>,50,15,[ 4 12],51,-1,81,-1,66
1,<environment.Job instance at 0x7f7486586500>,52,26,[13  4],53,-1,107,-1,81
1,<environment.Job instance at 0x7f7486586be0>,54,24,[ 3 14],55,-1,106,-1,82
1,<environment.Job instance at 0x7f7486586b90>,55,16,[11  5],56,-1,98,-1,82
1,<environment.Job instance at 0x7f748615baa0>,57,13,[13  2],58,-1,95,-1,82
1,<environment.Job instance at 0x7f748615b3c0>,58,23,[11  5],59,-1,105,-1,82
1,<environment.Job instance at 0x7f748615b2d0>,59,23,[8 2],60,-1,120,-1,97
1,<environment.Job instance at 0x7f74863d8a50>,61,14,[ 3 13],62,-1,111,-1,97
1,<environment.Job instance at 0x7f74863d8e60>,62,23,[6 1],63,-1,122,-1,99
1,<environment.Job instance at 0x7f74863d8f00>,63,19,[12  4],64,-1,118,-1,99
1,<environment.Job instance at 0x7f7485bbc550>,65,16,[13  3],66,-1,115,-1,99
1,<environment.Job instance at 0x7f7486f030a0>,6,13,[11  3],7,-1,21,-1,8
1,<environment.Job instance at 0x7f7486f03a50>,8,14,[6 1],9,-1,23,-1,9
1,<environment.Job instance at 0x7f7486dcfaf0>,9,27,[9 3],10,-1,37,-1,10
1,<environment.Job instance at 0x7f748623d5a0>,11,18,[10  4],12,-1,30,-1,12
1,<environment.Job instance at 0x7f748603a280>,17,26,[ 5 12],18,-1,49,-1,23
1,<environment.Job instance at 0x7f7486f03f00>,15,20,[13  4],16,-1,44,-1,24
1,<environment.Job instance at 0x7f74867db140>,0,16,[13  3],1,-1,17,-1,1
1,<environment.Job instance at 0x7f74867db320>,2,23,[11  1],3,-1,26,-1,3
1,<environment.Job instance at 0x7f74867db4b0>,4,18,[ 1 13],5,-1,23,-1,5
1,<environment.Job instance at 0x7f74867dbb90>,6,13,[11  3],7,-1,20,-1,7
1,<environment.Job instance at 0x7f74867db910>,10,18,[13  1],11,-1,29,-1,11
1,<environment.Job instance at 0x7f74867db3c0>,7,28,[7 5],8,-1,52,-1,24
1,<environment.Job instance at 0x7f74867dbbe0>,9,27,[9 3],10,-1,51,-1,24
1,<environment.Job instance at 0x7f74867db500>,14,23,[11  1],15,-1,47,-1,24
1,<environment.Job instance at 0x7f74867dbd70>,15,20,[13  4],16,-1,44,-1,24
1,<environment.Job instance at 0x7f74867dbf50>,16,22,[ 1 11],17,-1,46,-1,24
1,<environment.Job instance at 0x7f74867db550>,17,26,[ 5 12],18,-1,50,-1,24
1,<environment.Job instance at 0x7f74863fad20>,18,26,[2 8],19,-1,50,-1,24
1,<environment.Job instance at 0x7f74863fa8c0>,20,21,[ 1 12],21,-1,45,-1,24
1,<environment.Job instance at 0x7f74863fa370>,21,16,[ 2 13],22,-1,40,-1,24
1,<environment.Job instance at 0x7f7485bbc050>,22,23,[7 1],23,-1,47,-1,24
1,<environment.Job instance at 0x7f7485bbc550>,23,13,[13  4],24,-1,37,-1,24
1,<environment.Job instance at 0x7f74867db460>,12,25,[10  1],13,-1,49,-1,24
1,<environment.Job instance at 0x7f7485bbc9b0>,24,18,[14  3],25,-1,43,-1,25
1,<environment.Job instance at 0x7f74863d8e60>,26,24,[14  5],27,-1,51,-1,27
1,<environment.Job instance at 0x7f74863d8fa0>,27,25,[ 4 12],28,-1,53,-1,28
1,<environment.Job instance at 0x7f74856fdd20>,29,18,[12  3],30,-1,48,-1,30
1,<environment.Job instance at 0x7f748615b2d0>,31,18,[ 2 11],32,-1,50,-1,32
1,<environment.Job instance at 0x7f74863eb280>,32,13,[11  3],33,-1,46,-1,33
1,<environment.Job instance at 0x7f748575dfa0>,33,18,[13  2],34,-1,52,-1,34
1,<environment.Job instance at 0x7f74863ebc30>,35,23,[ 5 13],36,-1,61,-1,38
1,<environment.Job instance at 0x7f7485b8e4b0>,34,28,[7 1],35,-1,67,-1,39
1,<environment.Job instance at 0x7f74863eb410>,36,23,[2 7],37,-1,67,-1,44
1,<environment.Job instance at 0x7f74859c9a00>,38,25,[ 2 12],39,-1,69,-1,44
1,<environment.Job instance at 0x7f7486168640>,39,12,[ 4 14],40,-1,56,-1,44
1,<environment.Job instance at 0x7f7486168820>,37,28,[ 1 10],38,-1,72,-1,44
1,<environment.Job instance at 0x7f7486693870>,41,23,[11  2],42,-1,67,-1,44
1,<environment.Job instance at 0x7f748617a1e0>,44,27,[1 7],45,-1,72,-1,45
1,<environment.Job instance at 0x7f748663d230>,45,16,[12  5],46,-1,62,-1,46
1,<environment.Job instance at 0x7f748620f640>,46,22,[ 3 12],47,-1,69,-1,47
1,<environment.Job instance at 0x7f748617a2d0>,47,14,[12  4],48,-1,62,-1,48
1,<environment.Job instance at 0x7f748620f6e0>,48,28,[11  3],49,-1,77,-1,49
1,<environment.Job instance at 0x7f74863d4fa0>,49,24,[ 5 12],50,-1,74,-1,50
1,<environment.Job instance at 0x7f748620f190>,50,27,[2 5],51,-1,78,-1,51
1,<environment.Job instance at 0x7f74863d4280>,51,13,[ 3 13],52,-1,65,-1,52
1,<environment.Job instance at 0x7f7486189a00>,52,23,[14  4],53,-1,76,-1,53
1,<environment.Job instance at 0x7f7486189c30>,53,17,[13  5],54,-1,71,-1,54
1,<environment.Job instance at 0x7f7486189d70>,54,22,[13  1],55,-1,77,-1,55
1,<environment.Job instance at 0x7f74861892d0>,55,24,[12  4],56,-1,80,-1,56
1,<environment.Job instance at 0x7f7486189be0>,56,25,[6 3],57,-1,84,-1,59
1,<environment.Job instance at 0x7f7486189c80>,57,27,[9 5],58,-1,86,-1,59
1,<environment.Job instance at 0x7f7486189d20>,58,18,[ 3 11],59,-1,77,-1,59
1,<environment.Job instance at 0x7f74866934b0>,40,28,[10  3],41,-1,87,-1,59
1,<environment.Job instance at 0x7f7486d5b5a0>,59,14,[ 2 13],60,-1,74,-1,60
1,<environment.Job instance at 0x7f7486f031e0>,61,23,[3 9],62,-1,97,-1,74
1,<environment.Job instance at 0x7f74856ef460>,64,17,[ 4 14],65,-1,91,-1,74
1,<environment.Job instance at 0x7f74863186e0>,65,15,[ 2 14],66,-1,89,-1,74
1,<environment.Job instance at 0x7f7485b83d20>,70,23,[5 9],71,-1,119,-1,96
1,<environment.Job instance at 0x7f7485b83780>,71,17,[ 2 14],72,-1,113,-1,96
1,<environment.Job instance at 0x7f7485b837d0>,72,22,[11  4],73,-1,118,-1,96
1,<environment.Job instance at 0x7f7485b835a0>,73,28,[11  2],74,-1,124,-1,96
1,<environment.Job instance at 0x7f7485b83c80>,74,28,[ 4 10],75,-1,124,-1,96
1,<environment.Job instance at 0x7f7485b83460>,77,26,[12  4],78,-1,122,-1,96
1,<environment.Job instance at 0x7f7485b83eb0>,78,13,[12  3],79,-1,109,-1,96
1,<environment.Job instance at 0x7f7485b83690>,79,16,[ 5 11],80,-1,112,-1,96
1,<environment.Job instance at 0x7f7486a87460>,0,16,[10  4],1,-1,18,-1,2
1,<environment.Job instance at 0x7f74867db640>,1,16,[11  2],2,-1,18,-1,2
1,<environment.Job instance at 0x7f7486a87320>,2,17,[3 9],3,-1,21,-1,4
1,<environment.Job instance at 0x7f74862f75a0>,3,23,[14  2],4,-1,27,-1,4
1,<environment.Job instance at 0x7f74862f7640>,4,24,[5 9],5,-1,29,-1,5
1,<environment.Job instance at 0x7f74862f7960>,8,17,[8 5],9,-1,27,-1,10
1,<environment.Job instance at 0x7f74862f76e0>,9,23,[14  3],10,-1,33,-1,10
1,<environment.Job instance at 0x7f74862f7f50>,18,19,[5 5],19,-1,51,-1,32
1,<environment.Job instance at 0x7f74862e7230>,22,22,[14  5],23,-1,54,-1,32
1,<environment.Job instance at 0x7f74862e72d0>,23,26,[4 8],24,-1,58,-1,32
1,<environment.Job instance at 0x7f74862f7aa0>,13,25,[1 8],14,-1,57,-1,32
1,<environment.Job instance at 0x7f74862e7410>,25,20,[2 9],26,-1,52,-1,32
1,<environment.Job instance at 0x7f74862e7370>,24,18,[3 6],25,-1,50,-1,32
1,<environment.Job instance at 0x7f74862e74b0>,26,15,[4 9],27,-1,47,-1,32
1,<environment.Job instance at 0x7f74862e75f0>,28,22,[2 9],29,-1,54,-1,32
1,<environment.Job instance at 0x7f74862e7690>,29,23,[ 5 11],30,-1,55,-1,32
1,<environment.Job instance at 0x7f74862e7550>,27,15,[1 6],28,-1,47,-1,32
1,<environment.Job instance at 0x7f74862e7730>,30,24,[9 1],31,-1,67,-1,43
1,<environment.Job instance at 0x7f74862f7fa0>,17,26,[13  1],18,-1,69,-1,43
1,<environment.Job instance at 0x7f74862f78c0>,7,26,[9 1],8,-1,70,-1,44
1,<environment.Job instance at 0x7f74862e79b0>,32,15,[9 3],33,-1,60,-1,45
1,<environment.Job instance at 0x7f74862e7af0>,33,13,[11  2],34,-1,58,-1,45
1,<environment.Job instance at 0x7f74862e7b90>,34,21,[2 7],35,-1,66,-1,45
1,<environment.Job instance at 0x7f74862e7190>,21,15,[3 7],22,-1,60,-1,45
1,<environment.Job instance at 0x7f74862e7c30>,36,25,[5 3],37,-1,70,-1,45
1,<environment.Job instance at 0x7f74862e7cd0>,37,17,[7 1],38,-1,63,-1,46
1,<environment.Job instance at 0x7f74862e7e10>,39,19,[ 3 10],40,-1,65,-1,46
1,<environment.Job instance at 0x7f74862e7b40>,35,26,[11  3],36,-1,72,-1,46
1,<environment.Job instance at 0x7f74862e7f50>,41,20,[10  3],42,-1,66,-1,46
1,<environment.Job instance at 0x7f74862d5050>,42,27,[7 2],43,-1,73,-1,46
1,<environment.Job instance at 0x7f74862d5230>,44,21,[10  1],45,-1,67,-1,46
1,<environment.Job instance at 0x7f74862e7d70>,38,21,[ 3 11],39,-1,67,-1,46
1,<environment.Job instance at 0x7f7486aa74b0>,1,16,[11  2],2,-1,18,-1,2
1,<environment.Job instance at 0x7f7486aa7e10>,3,23,[14  2],4,-1,27,-1,4
1,<environment.Job instance at 0x7f7486aa7410>,5,12,[12  5],6,-1,18,-1,6
1,<environment.Job instance at 0x7f7486aa71e0>,6,28,[ 2 11],7,-1,35,-1,7
1,<environment.Job instance at 0x7f7486aa7190>,9,23,[14  3],10,-1,33,-1,10
1,<environment.Job instance at 0x7f7486aa7640>,10,18,[ 3 13],11,-1,29,-1,11
1,<environment.Job instance at 0x7f7486aa7cd0>,11,12,[13  1],12,-1,24,-1,12
1,<environment.Job instance at 0x7f7486aa7690>,12,16,[ 4 12],13,-1,29,-1,13
1,<environment.Job instance at 0x7f7486aa7e60>,7,26,[9 1],8,-1,43,-1,17
1,<environment.Job instance at 0x7f7486aa7b90>,4,24,[5 9],5,-1,44,-1,20
1,<environment.Job instance at 0x7f7485b83230>,17,26,[13  1],18,-1,46,-1,20
1,<environment.Job instance at 0x7f7485b83c80>,19,16,[14  1],20,-1,36,-1,20
1,<environment.Job instance at 0x7f7486aa7d70>,13,25,[1 8],14,-1,45,-1,20
1,<environment.Job instance at 0x7f7485b83dc0>,22,22,[14  5],23,-1,45,-1,23
1,<environment.Job instance at 0x7f7485b83e60>,23,26,[4 8],24,-1,58,-1,32
1,<environment.Job instance at 0x7f7485bb6c80>,29,23,[ 5 11],30,-1,70,-1,47
1,<environment.Job instance at 0x7f748666e640>,30,24,[9 1],31,-1,85,-1,61
1,<environment.Job instance at 0x7f7486d5b5a0>,33,13,[11  2],34,-1,74,-1,61
1,<environment.Job instance at 0x7f7486189c80>,35,26,[11  3],36,-1,93,-1,67
1,<environment.Job instance at 0x7f7486189d20>,36,25,[5 3],37,-1,92,-1,67
1,<environment.Job instance at 0x7f7486189f00>,38,21,[ 3 11],39,-1,88,-1,67
1,<environment.Job instance at 0x7f74863d4460>,42,27,[7 2],43,-1,103,-1,76
1,<environment.Job instance at 0x7f74863d4b40>,43,12,[13  2],44,-1,88,-1,76
1,<environment.Job instance at 0x7f748620f960>,45,12,[ 2 14],46,-1,89,-1,77
1,<environment.Job instance at 0x7f748620f640>,46,17,[ 1 12],47,-1,94,-1,77
1,<environment.Job instance at 0x7f74856e69b0>,47,22,[13  4],48,-1,99,-1,77
1,<environment.Job instance at 0x7f748620f6e0>,48,18,[ 5 12],49,-1,95,-1,77
1,<environment.Job instance at 0x7f7486693870>,49,25,[12  1],50,-1,102,-1,77
1,<environment.Job instance at 0x7f74859c9a00>,50,26,[12  2],51,-1,103,-1,77
1,<environment.Job instance at 0x7f74859c9af0>,51,25,[4 8],52,-1,104,-1,79
1,<environment.Job instance at 0x7f7485b8e4b0>,53,12,[13  2],54,-1,91,-1,79
1,<environment.Job instance at 0x7f7486168820>,55,26,[2 8],56,-1,120,-1,94
1,<environment.Job instance at 0x7f7486168640>,56,23,[4 7],57,-1,117,-1,94
1,<environment.Job instance at 0x7f7486fe20f0>,58,14,[ 2 13],59,-1,108,-1,94
1,<environment.Job instance at 0x7f7486aeb050>,3,13,[13  1],4,-1,20,-1,7
1,<environment.Job instance at 0x7f7486aeb320>,6,25,[ 4 10],7,-1,52,-1,27
1,<environment.Job instance at 0x7f7486aebe10>,13,19,[ 3 14],14,-1,48,-1,29
1,<environment.Job instance at 0x7f74859d6370>,16,16,[8 4],17,-1,46,-1,30
1,<environment.Job instance at 0x7f74859d6460>,17,17,[5 5],18,-1,47,-1,30
1,<environment.Job instance at 0x7f74859d6820>,18,21,[ 1 11],19,-1,51,-1,30
1,<environment.Job instance at 0x7f74859d6870>,19,20,[ 5 13],20,-1,51,-1,31
1,<environment.Job instance at 0x7f7486aebfa0>,9,22,[10  1],10,-1,53,-1,31
1,<environment.Job instance at 0x7f74859d6c30>,20,27,[ 5 13],21,-1,58,-1,31
1,<environment.Job instance at 0x7f74859d65f0>,21,15,[ 3 13],22,-1,46,-1,31
1,<environment.Job instance at 0x7f74859d6f50>,14,15,[ 1 10],15,-1,46,-1,31
1,<environment.Job instance at 0x7f74859d6f00>,24,15,[2 5],25,-1,46,-1,31
1,<environment.Job instance at 0x7f74859d6dc0>,25,15,[7 2],26,-1,46,-1,31
1,<environment.Job instance at 0x7f74856835a0>,26,19,[10  4],27,-1,50,-1,31
1,<environment.Job instance at 0x7f7486aeb370>,7,19,[ 5 11],8,-1,50,-1,31
1,<environment.Job instance at 0x7f7486fe2e10>,0,25,[ 2 12],1,-1,26,-1,1
1,<environment.Job instance at 0x7f748575d7d0>,1,14,[12  5],2,-1,16,-1,2
1,<environment.Job instance at 0x7f74867badc0>,3,13,[13  1],4,-1,17,-1,4
1,<environment.Job instance at 0x7f74867ba640>,4,14,[13  3],5,-1,19,-1,5
1,<environment.Job instance at 0x7f7486524c30>,7,19,[ 5 11],8,-1,27,-1,8
1,<environment.Job instance at 0x7f748663d230>,8,15,[12  1],9,-1,24,-1,9
1,<environment.Job instance at 0x7f7485a03e10>,11,24,[ 2 11],12,-1,36,-1,12
1,<environment.Job instance at 0x7f7486aebaa0>,12,20,[ 1 14],13,-1,33,-1,13
1,<environment.Job instance at 0x7f7486aeb1e0>,13,19,[ 3 14],14,-1,33,-1,14
1,<environment.Job instance at 0x7f748607f370>,18,21,[ 1 11],19,-1,43,-1,22
1,<environment.Job instance at 0x7f748607faa0>,19,20,[ 5 13],20,-1,42,-1,22
1,<environment.Job instance at 0x7f748607f230>,20,27,[ 5 13],21,-1,49,-1,22
1,<environment.Job instance at 0x7f748607f4b0>,21,15,[ 3 13],22,-1,37,-1,22
1,<environment.Job instance at 0x7f748607f910>,23,18,[ 2 12],24,-1,49,-1,31
1,<environment.Job instance at 0x7f748607f9b0>,27,24,[14  3],28,-1,63,-1,39
1,<environment.Job instance at 0x7f748607fa00>,28,24,[2 6],29,-1,71,-1,47
1,<environment.Job instance at 0x7f74863186e0>,6,25,[ 4 10],7,-1,74,-1,49
1,<environment.Job instance at 0x7f748605a320>,31,27,[2 5],32,-1,76,-1,49
1,<environment.Job instance at 0x7f748605a050>,32,25,[ 2 12],33,-1,74,-1,49
1,<environment.Job instance at 0x7f748605a0a0>,33,24,[ 2 10],34,-1,73,-1,49
1,<environment.Job instance at 0x7f748605ac30>,34,23,[7 1],35,-1,72,-1,49
1,<environment.Job instance at 0x7f748605a0f0>,35,23,[11  3],36,-1,72,-1,49
1,<environment.Job instance at 0x7f748605a410>,36,26,[ 1 13],37,-1,75,-1,49
1,<environment.Job instance at 0x7f748605a7d0>,37,24,[12  4],38,-1,73,-1,49
1,<environment.Job instance at 0x7f74859fdeb0>,39,27,[ 1 14],40,-1,76,-1,49
1,<environment.Job instance at 0x7f74859fd190>,42,28,[ 5 13],43,-1,77,-1,49
1,<environment.Job instance at 0x7f74859fdb40>,44,27,[6 4],45,-1,76,-1,49
1,<environment.Job instance at 0x7f74859fdcd0>,45,13,[11  2],46,-1,62,-1,49
1,<environment.Job instance at 0x7f74859fd910>,46,17,[ 2 14],47,-1,66,-1,49
1,<environment.Job instance at 0x7f74859fd870>,50,25,[1 6],51,-1,102,-1,77
1,<environment.Job instance at 0x7f74859fd8c0>,51,20,[11  1],52,-1,97,-1,77
1,<environment.Job instance at 0x7f7485678870>,55,12,[ 1 13],56,-1,105,-1,93
1,<environment.Job instance at 0x7f7485678e10>,56,23,[1 5],57,-1,116,-1,93
1,<environment.Job instance at 0x7f74856785a0>,57,14,[ 3 11],58,-1,107,-1,93
1,<environment.Job instance at 0x7f74856781e0>,59,15,[14  1],60,-1,108,-1,93
1,<environment.Job instance at 0x7f7485ec0460>,1,22,[5 4],2,-1,24,-1,2
1,<environment.Job instance at 0x7f7485ec02d0>,2,19,[7 5],3,-1,22,-1,3
1,<environment.Job instance at 0x7f7485ec0d20>,3,17,[ 4 10],4,-1,21,-1,4
1,<environment.Job instance at 0x7f7485ec05f0>,6,24,[5 7],7,-1,31,-1,7
1,<environment.Job instance at 0x7f7486fb1780>,0,28,[14  2],1,-1,29,-1,1
1,<environment.Job instance at 0x7f7486fb13c0>,4,22,[14  1],5,-1,27,-1,5
1,<environment.Job instance at 0x7f7486ad8cd0>,5,22,[13  1],6,-1,28,-1,6
1,<environment.Job instance at 0x7f7486ad8320>,7,22,[ 2 12],8,-1,30,-1,8
1,<environment.Job instance at 0x7f7486ad8b90>,6,24,[5 7],7,-1,46,-1,22
1,<environment.Job instance at 0x7f7486ad80a0>,12,13,[14  3],13,-1,35,-1,22
1,<environment.Job instance at 0x7f7486ad8eb0>,13,27,[2 5],14,-1,49,-1,22
1,<environment.Job instance at 0x7f7486ad8fa0>,9,26,[7 1],10,-1,48,-1,22
1,<environment.Job instance at 0x7f7486ad8280>,15,21,[11  2],16,-1,43,-1,22
1,<environment.Job instance at 0x7f7486ad8550>,16,26,[ 1 12],17,-1,48,-1,22
1,<environment.Job instance at 0x7f7486ad8370>,17,25,[ 2 11],18,-1,47,-1,22
1,<environment.Job instance at 0x7f7486ad8230>,19,19,[14  1],20,-1,41,-1,22
1,<environment.Job instance at 0x7f7485678190>,22,16,[14  5],23,-1,40,-1,24
1,<environment.Job instance at 0x7f7485678780>,24,24,[ 5 11],25,-1,49,-1,25
1,<environment.Job instance at 0x7f74856782d0>,26,25,[5 8],27,-1,64,-1,39
1,<environment.Job instance at 0x7f7485678410>,29,15,[13  2],30,-1,56,-1,41
1,<environment.Job instance at 0x7f7485678730>,30,25,[ 1 14],31,-1,66,-1,41
1,<environment.Job instance at 0x7f74856783c0>,31,25,[7 1],32,-1,79,-1,54
1,<environment.Job instance at 0x7f7485678d20>,23,23,[10  3],24,-1,78,-1,55
1,<environment.Job instance at 0x7f7485678e10>,35,28,[ 3 11],36,-1,83,-1,55
1,<environment.Job instance at 0x7f7485678c80>,36,23,[5 1],37,-1,78,-1,55
1,<environment.Job instance at 0x7f7485678640>,37,16,[14  5],38,-1,71,-1,55
1,<environment.Job instance at 0x7f7485678870>,38,28,[6 3],39,-1,83,-1,55
1,<environment.Job instance at 0x7f748607f050>,39,13,[14  3],40,-1,68,-1,55
1,<environment.Job instance at 0x7f748607f820>,41,14,[ 2 12],42,-1,69,-1,55
1,<environment.Job instance at 0x7f748607fb40>,42,19,[13  3],43,-1,74,-1,55
1,<environment.Job instance at 0x7f748607feb0>,43,21,[ 3 14],44,-1,76,-1,55
1,<environment.Job instance at 0x7f748607f230>,44,16,[ 2 12],45,-1,71,-1,55
1,<environment.Job instance at 0x7f748607f1e0>,45,23,[3 9],46,-1,80,-1,57
1,<environment.Job instance at 0x7f74859f1e10>,47,25,[ 1 14],48,-1,82,-1,57
1,<environment.Job instance at 0x7f748663d230>,48,14,[ 1 11],49,-1,71,-1,57
1,<environment.Job instance at 0x7f74856830f0>,50,25,[2 8],51,-1,97,-1,72
1,<environment.Job instance at 0x7f7485f86410>,53,16,[13  2],54,-1,88,-1,72
1,<environment.Job instance at 0x7f7486524370>,55,12,[ 3 11],56,-1,84,-1,72
1,<environment.Job instance at 0x7f7485ec0730>,56,13,[11  3],57,-1,85,-1,72
1,<environment.Job instance at 0x7f748f532960>,1,20,[5 8],2,-1,22,-1,2
1,<environment.Job instance at 0x7f7486bb0e10>,2,21,[2 8],3,-1,24,-1,3
1,<environment.Job instance at 0x7f7486bb0820>,6,19,[2 8],7,-1,26,-1,7
1,<environment.Job instance at 0x7f7486bb0aa0>,7,21,[3 8],8,-1,29,-1,8
1,<environment.Job instance at 0x7f7486bb00f0>,8,28,[9 5],9,-1,37,-1,9
1,<environment.Job instance at 0x7f7486ba47d0>,11,13,[9 3],12,-1,25,-1,12
1,<environment.Job instance at 0x7f7486ba4c30>,12,23,[5 2],13,-1,36,-1,13
1,<environment.Job instance at 0x7f7486ba4e10>,14,14,[8 5],15,-1,29,-1,15
1,<environment.Job instance at 0x7f7486ba4780>,16,28,[4 7],17,-1,57,-1,29
1,<environment.Job instance at 0x7f748631ebe0>,3,22,[ 2 12],4,-1,26,-1,4
1,<environment.Job instance at 0x7f748631e370>,4,28,[ 3 11],5,-1,33,-1,5
1,<environment.Job instance at 0x7f748631eaa0>,5,22,[ 3 13],6,-1,28,-1,6
1,<environment.Job instance at 0x7f748631e550>,8,28,[9 5],9,-1,37,-1,9
1,<environment.Job instance at 0x7f748631e2d0>,9,13,[13  1],10,-1,23,-1,10
1,<environment.Job instance at 0x7f748631e1e0>,12,23,[5 2],13,-1,36,-1,13
1,<environment.Job instance at 0x7f748631edc0>,13,22,[12  2],14,-1,36,-1,14
1,<environment.Job instance at 0x7f748631e190>,15,15,[11  3],16,-1,38,-1,23
1,<environment.Job instance at 0x7f7486511230>,16,28,[4 7],17,-1,54,-1,26
1,<environment.Job instance at 0x7f7486511870>,18,28,[ 4 10],19,-1,70,-1,42
1,<environment.Job instance at 0x7f7486511c80>,19,16,[11  3],20,-1,58,-1,42
1,<environment.Job instance at 0x7f7485ec0730>,21,27,[14  2],22,-1,69,-1,42
1,<environment.Job instance at 0x7f7486511280>,22,16,[13  2],23,-1,58,-1,42
1,<environment.Job instance at 0x7f7486511410>,23,14,[12  1],24,-1,56,-1,42
1,<environment.Job instance at 0x7f7486b94820>,26,25,[ 4 13],27,-1,67,-1,42
1,<environment.Job instance at 0x7f7486b94fa0>,27,20,[13  1],28,-1,62,-1,42
1,<environment.Job instance at 0x7f7486b947d0>,28,27,[10  4],29,-1,82,-1,55
1,<environment.Job instance at 0x7f7486b94e60>,31,24,[ 4 10],32,-1,79,-1,55
1,<environment.Job instance at 0x7f7485f86410>,32,26,[ 4 13],33,-1,81,-1,55
1,<environment.Job instance at 0x7f7486d5b5a0>,34,23,[7 4],35,-1,78,-1,55
1,<environment.Job instance at 0x7f7486b94dc0>,35,23,[5 6],36,-1,96,-1,73
1,<environment.Job instance at 0x7f748663d230>,37,25,[ 5 14],38,-1,98,-1,73
1,<environment.Job instance at 0x7f7485683be0>,40,27,[ 5 11],41,-1,100,-1,73
1,<environment.Job instance at 0x7f748607f370>,43,27,[5 6],44,-1,116,-1,89
1,<environment.Job instance at 0x7f7486b96460>,0,27,[ 4 10],1,-1,30,-1,3
1,<environment.Job instance at 0x7f7485f43a50>,3,26,[5 3],4,-1,30,-1,4
1,<environment.Job instance at 0x7f7485f19230>,8,24,[1 7],9,-1,33,-1,9
1,<environment.Job instance at 0x7f7485f19140>,12,28,[13  2],13,-1,96,-1,68
1,<environment.Job instance at 0x7f7485f19640>,19,26,[ 5 12],20,-1,104,-1,78
1,<environment.Job instance at 0x7f7485f19a00>,14,28,[ 5 14],15,-1,123,-1,95
1,<environment.Job instance at 0x7f7485f19f00>,22,21,[13  4],23,-1,116,-1,95
1,<environment.Job instance at 0x7f74856febe0>,0,27,[ 4 10],1,-1,28,-1,1
1,<environment.Job instance at 0x7f74862e7a50>,1,27,[9 3],2,-1,29,-1,2
1,<environment.Job instance at 0x7f74862b5370>,2,19,[ 1 11],3,-1,22,-1,3
1,<environment.Job instance at 0x7f7486b94460>,3,26,[5 3],4,-1,30,-1,4
1,<environment.Job instance at 0x7f7486b94f50>,4,27,[12  1],5,-1,32,-1,5
1,<environment.Job instance at 0x7f7486b94e60>,5,19,[14  2],6,-1,25,-1,6
1,<environment.Job instance at 0x7f7486b94140>,6,13,[11  3],7,-1,20,-1,7
1,<environment.Job instance at 0x7f7486b940f0>,7,20,[14  5],8,-1,28,-1,8
1,<environment.Job instance at 0x7f7486b947d0>,8,24,[1 7],9,-1,33,-1,9
1,<environment.Job instance at 0x7f7486b94820>,10,26,[12  5],11,-1,37,-1,11
1,<environment.Job instance at 0x7f7486b94230>,11,12,[ 5 13],12,-1,24,-1,12
1,<environment.Job instance at 0x7f7485ec0730>,12,28,[13  2],13,-1,41,-1,13
1,<environment.Job instance at 0x7f7486b945f0>,13,14,[ 2 13],14,-1,28,-1,14
1,<environment.Job instance at 0x7f748631e6e0>,14,28,[ 5 14],15,-1,43,-1,15
1,<environment.Job instance at 0x7f748631e2d0>,19,26,[ 5 12],20,-1,46,-1,20
1,<environment.Job instance at 0x7f748631e500>,21,15,[11  1],22,-1,37,-1,22
1,<environment.Job instance at 0x7f748631ed70>,22,21,[13  4],23,-1,44,-1,23
1,<environment.Job instance at 0x7f748631eb90>,23,20,[ 2 11],24,-1,44,-1,24
1,<environment.Job instance at 0x7f7486b87320>,26,15,[11  1],27,-1,42,-1,27
1,<environment.Job instance at 0x7f7485f191e0>,27,27,[ 1 11],28,-1,55,-1,28
1,<environment.Job instance at 0x7f748631ec80>,30,14,[ 4 11],31,-1,45,-1,31
1,<environment.Job instance at 0x7f7485c72690>,31,13,[14  1],32,-1,45,-1,32
1,<environment.Job instance at 0x7f7486db0230>,28,27,[ 1 10],29,-1,61,-1,34
1,<environment.Job instance at 0x7f748631ee10>,20,26,[10  2],21,-1,76,-1,50
1,<environment.Job instance at 0x7f7485c682d0>,37,26,[2 5],38,-1,76,-1,50
1,<environment.Job instance at 0x7f7485c68af0>,38,28,[4 8],39,-1,78,-1,50
1,<environment.Job instance at 0x7f7485c68780>,39,28,[1 5],40,-1,78,-1,50
1,<environment.Job instance at 0x7f7485c68c30>,40,27,[9 5],41,-1,77,-1,50
1,<environment.Job instance at 0x7f7485c68550>,42,22,[ 2 12],43,-1,72,-1,50
1,<environment.Job instance at 0x7f7485c688c0>,44,20,[ 4 13],45,-1,70,-1,50
1,<environment.Job instance at 0x7f7485c68190>,45,19,[11  2],46,-1,69,-1,50
1,<environment.Job instance at 0x7f7485c686e0>,46,26,[ 3 10],47,-1,77,-1,51
1,<environment.Job instance at 0x7f7485c68410>,47,13,[12  3],48,-1,64,-1,51
1,<environment.Job instance at 0x7f7485c68050>,48,19,[ 2 11],49,-1,70,-1,51
1,<environment.Job instance at 0x7f7485c68be0>,49,17,[ 5 14],50,-1,68,-1,51
1,<environment.Job instance at 0x7f7486ddb1e0>,50,25,[9 1],51,-1,87,-1,62
1,<environment.Job instance at 0x7f7486ddbf00>,52,15,[14  1],53,-1,77,-1,62
1,<environment.Job instance at 0x7f7486ddb5a0>,53,25,[5 6],54,-1,88,-1,63
1,<environment.Job instance at 0x7f7486ddb0f0>,55,24,[ 3 13],56,-1,87,-1,63
1,<environment.Job instance at 0x7f7486ddb5f0>,54,28,[1 5],55,-1,91,-1,63
1,<environment.Job instance at 0x7f7486ddb460>,57,24,[14  5],58,-1,87,-1,63
1,<environment.Job instance at 0x7f7486ddba50>,58,25,[7 4],59,-1,88,-1,63
1,<environment.Job instance at 0x7f7486ddbaa0>,59,27,[ 1 11],60,-1,90,-1,63
1,<environment.Job instance at 0x7f7486ddb780>,62,23,[ 5 14],63,-1,86,-1,63
1,<environment.Job instance at 0x7f7486ddb8c0>,63,16,[ 2 13],64,-1,80,-1,64
1,<environment.Job instance at 0x7f7486ddbe10>,61,23,[9 5],62,-1,101,-1,78
1,<environment.Job instance at 0x7f7486ddbb40>,65,12,[13  4],66,-1,90,-1,78
1,<environment.Job instance at 0x7f7486ddb2d0>,66,12,[ 3 14],67,-1,90,-1,78
1,<environment.Job instance at 0x7f7486ddbfa0>,69,20,[11  2],70,-1,98,-1,78
1,<environment.Job instance at 0x7f7485f0e8c0>,70,13,[ 1 13],71,-1,91,-1,78
1,<environment.Job instance at 0x7f7485f0efa0>,73,13,[12  1],74,-1,107,-1,94
1,<environment.Job instance at 0x7f7485ac20a0>,0,15,[9 4],1,-1,17,-1,2
1,<environment.Job instance at 0x7f74862664b0>,1,24,[7 3],2,-1,26,-1,2
1,<environment.Job instance at 0x7f74864a8c80>,4,12,[10  3],5,-1,18,-1,6
1,<environment.Job instance at 0x7f74864af1e0>,11,19,[ 4 12],12,-1,69,-1,50
1,<environment.Job instance at 0x7f74864afaa0>,24,18,[3 8],25,-1,112,-1,94
1,<environment.Job instance at 0x7f74860a03c0>,2,20,[ 3 14],3,-1,23,-1,3
1,<environment.Job instance at 0x7f748638bb90>,6,12,[14  1],7,-1,19,-1,7
1,<environment.Job instance at 0x7f748638b550>,8,28,[13  5],9,-1,37,-1,9
1,<environment.Job instance at 0x7f748638b690>,9,24,[11  2],10,-1,34,-1,10
1,<environment.Job instance at 0x7f748638b640>,1,24,[7 3],2,-1,40,-1,16
1,<environment.Job instance at 0x7f748638b280>,11,19,[ 4 12],12,-1,35,-1,16
1,<environment.Job instance at 0x7f7485f0ea00>,14,25,[14  2],15,-1,41,-1,16
1,<environment.Job instance at 0x7f7485f0e9b0>,15,17,[ 3 12],16,-1,33,-1,16
1,<environment.Job instance at 0x7f7485f0e3c0>,16,16,[ 4 14],17,-1,33,-1,17
1,<environment.Job instance at 0x7f7485f0ee10>,18,26,[ 5 14],19,-1,45,-1,19
1,<environment.Job instance at 0x7f7485f0e1e0>,20,14,[ 1 13],21,-1,35,-1,21
1,<environment.Job instance at 0x7f7485f0eb90>,21,13,[ 5 14],22,-1,35,-1,22
1,<environment.Job instance at 0x7f7485f0e410>,22,26,[11  1],23,-1,49,-1,23
1,<environment.Job instance at 0x7f7486ddb9b0>,23,24,[12  2],24,-1,48,-1,24
1,<environment.Job instance at 0x7f7486ddbfa0>,27,22,[ 2 11],28,-1,55,-1,33
1,<environment.Job instance at 0x7f7486ddb140>,26,24,[8 1],27,-1,70,-1,46
1,<environment.Job instance at 0x7f7486ddb780>,28,25,[8 3],29,-1,71,-1,46
1,<environment.Job instance at 0x7f7486ddb050>,32,14,[11  1],33,-1,60,-1,46
1,<environment.Job instance at 0x7f7486ddb0f0>,35,12,[ 4 12],36,-1,63,-1,51
1,<environment.Job instance at 0x7f7486ddbd70>,36,26,[13  2],37,-1,77,-1,51
1,<environment.Job instance at 0x7f7486ddb870>,38,20,[14  5],39,-1,78,-1,58
1,<environment.Job instance at 0x7f7486ddb820>,40,17,[13  3],41,-1,80,-1,63
1,<environment.Job instance at 0x7f7486ddb410>,41,20,[ 4 11],42,-1,83,-1,63
1,<environment.Job instance at 0x7f7485c68be0>,43,20,[14  2],44,-1,86,-1,66
1,<environment.Job instance at 0x7f7485c68410>,45,25,[11  3],46,-1,100,-1,75
1,<environment.Job instance at 0x7f7485c68550>,46,27,[13  5],47,-1,102,-1,75
1,<environment.Job instance at 0x7f7485c68fa0>,48,14,[ 4 13],49,-1,96,-1,82
1,<environment.Job instance at 0x7f7485c68cd0>,49,18,[ 3 14],50,-1,100,-1,82
1,<environment.Job instance at 0x7f7485c68eb0>,50,26,[14  5],51,-1,108,-1,82
1,<environment.Job instance at 0x7f7485c68f50>,52,15,[11  5],53,-1,97,-1,82
1,<environment.Job instance at 0x7f7485c68e10>,53,23,[ 3 11],54,-1,105,-1,82
1,<environment.Job instance at 0x7f74862d5410>,55,25,[11  1],56,-1,117,-1,92
1,<environment.Job instance at 0x7f7485f434b0>,56,20,[ 1 13],57,-1,112,-1,92
1,<environment.Job instance at 0x7f7485f432d0>,57,18,[ 3 13],58,-1,110,-1,92
1,<environment.Job instance at 0x7fdd655046e0>,0,13,[9 3],1,-1,15,-1,2
1,<environment.Job instance at 0x7fdd655048c0>,1,22,[11  3],2,-1,24,-1,2
1,<environment.Job instance at 0x7fdd65504730>,2,22,[4 8],3,-1,25,-1,3
1,<environment.Job instance at 0x7fdd5bebab90>,4,21,[1 6],5,-1,27,-1,6
1,<environment.Job instance at 0x7fdd5bebaa50>,5,24,[1 5],6,-1,30,-1,6
1,<environment.Job instance at 0x7fdd5bebad70>,7,25,[6 2],8,-1,33,-1,8
1,<environment.Job instance at 0x7fdd5bebafa0>,10,18,[ 3 11],11,-1,31,-1,13
1,<environment.Job instance at 0x7fdd5beca280>,1,22,[11  3],2,-1,24,-1,2
1,<environment.Job instance at 0x7fdd5beca500>,3,26,[11  4],4,-1,30,-1,4
1,<environment.Job instance at 0x7fdd5becaa50>,8,22,[14  3],9,-1,31,-1,9
1,<environment.Job instance at 0x7fdd5becaa00>,9,18,[ 2 13],10,-1,28,-1,10
1,<environment.Job instance at 0x7fdd5becaaf0>,10,18,[ 3 11],11,-1,29,-1,11
1,<environment.Job instance at 0x7fdd5beca9b0>,12,26,[ 1 12],13,-1,40,-1,14
1,<environment.Job instance at 0x7fdd5beca870>,13,18,[ 4 14],14,-1,32,-1,14
1,<environment.Job instance at 0x7fdd5beba960>,5,24,[1 5],6,-1,38,-1,14
1,<environment.Job instance at 0x7fdd5beca640>,7,25,[6 2],8,-1,39,-1,14
1,<environment.Job instance at 0x7fdd5becaf00>,15,18,[ 2 14],16,-1,34,-1,16
1,<environment.Job instance at 0x7fdd5beb5460>,16,16,[ 3 11],17,-1,33,-1,17
1,<environment.Job instance at 0x7fdd5c06d050>,18,25,[ 4 13],19,-1,44,-1,19
1,<environment.Job instance at 0x7fdd5beebeb0>,19,14,[ 3 11],20,-1,34,-1,20
1,<environment.Job instance at 0x7fdd5beebb40>,20,27,[13  5],21,-1,48,-1,21
1,<environment.Job instance at 0x7fdd6554a370>,21,26,[ 5 12],22,-1,48,-1,22
1,<environment.Job instance at 0x7fdd5c05b730>,22,13,[13  1],23,-1,36,-1,23
1,<environment.Job instance at 0x7fdd6553a2d0>,17,28,[ 5 10],18,-1,53,-1,25
1,<environment.Job instance at 0x7fdd5bfc3aa0>,24,13,[ 3 14],25,-1,38,-1,25
1,<environment.Job instance at 0x7fdd5becab90>,11,26,[4 8],12,-1,51,-1,25
1,<environment.Job instance at 0x7fdd5beb28c0>,25,23,[ 3 13],26,-1,49,-1,26
1,<environment.Job instance at 0x7fdd5beb27d0>,27,25,[5 7],28,-1,53,-1,28
1,<environment.Job instance at 0x7fdd5beb2050>,28,25,[ 4 11],29,-1,54,-1,29
1,<environment.Job instance at 0x7fdd5beb29b0>,29,22,[ 5 13],30,-1,52,-1,30
1,<environment.Job instance at 0x7fdd5c03eaa0>,31,20,[11  5],32,-1,52,-1,32
1,<environment.Job instance at 0x7fdd5bff1b90>,32,27,[11  3],33,-1,60,-1,33
1,<environment.Job instance at 0x7fdd5beb25f0>,30,27,[4 8],31,-1,70,-1,43
1,<environment.Job instance at 0x7fdd5bfc9370>,36,13,[ 3 14],37,-1,56,-1,43
1,<environment.Job instance at 0x7fdd5c0410a0>,37,28,[ 2 12],38,-1,71,-1,43
1,<environment.Job instance at 0x7fdd5beb2a50>,26,26,[1 8],27,-1,69,-1,43
1,<environment.Job instance at 0x7fdd5bf4d4b0>,39,24,[5 6],40,-1,67,-1,43
1,<environment.Job instance at 0x7fdd5beb2af0>,34,24,[1 8],35,-1,67,-1,43
1,<environment.Job instance at 0x7fdd5bf45be0>,41,27,[14  1],42,-1,70,-1,43
1,<environment.Job instance at 0x7fdd5bfde0f0>,43,13,[13  1],44,-1,57,-1,44
1,<environment.Job instance at 0x7fdd5bfdf910>,44,24,[ 1 13],45,-1,69,-1,45
1,<environment.Job instance at 0x7fdd5c002410>,46,17,[12  2],47,-1,66,-1,49
1,<environment.Job instance at 0x7fdd5bfdfa00>,48,15,[14  1],49,-1,64,-1,49
1,<environment.Job instance at 0x7fdd5bf7ecd0>,49,16,[ 2 11],50,-1,66,-1,50
1,<environment.Job instance at 0x7fdd5bf5feb0>,50,16,[12  2],51,-1,67,-1,51
1,<environment.Job instance at 0x7fdd5bf7c410>,54,13,[13  1],55,-1,72,-1,59
1,<environment.Job instance at 0x7fdd5bf7cb90>,55,20,[ 3 13],56,-1,79,-1,59
1,<environment.Job instance at 0x7fdd5bf7ee10>,52,27,[8 5],53,-1,86,-1,59
1,<environment.Job instance at 0x7fdd5bf7c370>,57,27,[ 2 14],58,-1,86,-1,59
1,<environment.Job instance at 0x7fdd5bf7c690>,60,23,[ 1 11],61,-1,85,-1,62
1,<environment.Job instance at 0x7fdd5bf7c050>,61,21,[ 5 13],62,-1,83,-1,62
1,<environment.Job instance at 0x7fdd5bf7ce10>,63,17,[ 4 12],64,-1,88,-1,71
1,<environment.Job instance at 0x7fdd5c062b40>,67,27,[ 1 10],68,-1,121,-1,94
1,<environment.Job instance at 0x7fdd5c062190>,68,20,[ 3 12],69,-1,114,-1,94
1,<environment.Job instance at 0x7fdd5bfc8b40>,69,13,[ 3 12],70,-1,107,-1,94
1,<environment.Job instance at 0x7fdd5bfc8c30>,70,21,[12  2],71,-1,115,-1,94
1,<environment.Job instance at 0x7fdd5bfc8c80>,71,28,[5 1],72,-1,122,-1,94
1,<environment.Job instance at 0x7fdd5c067c30>,74,27,[1 6],75,-1,129,-1,102
1,<environment.Job instance at 0x7fdd5c0677d0>,75,14,[ 4 11],76,-1,116,-1,102
1,<environment.Job instance at 0x7fdd5bf8db40>,72,24,[9 2],73,-1,126,-1,102
1,<environment.Job instance at 0x7fdd5b5fa780>,0,21,[6 5],1,-1,22,-1,1
1,<environment.Job instance at 0x7fdd5b6070f0>,9,17,[ 3 10],10,-1,30,-1,13
1,<environment.Job instance at 0x7fdd5bf7c190>,1,26,[ 5 12],2,-1,28,-1,2
1,<environment.Job instance at 0x7fdd5beca870>,2,27,[12  2],3,-1,30,-1,3
1,<environment.Job instance at 0x7fdd5becad70>,3,15,[12  1],4,-1,19,-1,4
1,<environment.Job instance at 0x7fdd5becad20>,4,14,[ 2 11],5,-1,19,-1,5
1,<environment.Job instance at 0x7fdd5becabe0>,6,21,[ 1 12],7,-1,28,-1,7
1,<environment.Job instance at 0x7fdd5becaa50>,7,19,[11  2],8,-1,27,-1,8
1,<environment.Job instance at 0x7fdd5becab40>,8,14,[ 3 14],9,-1,23,-1,9
1,<environment.Job instance at 0x7fdd5bf7cb90>,10,19,[13  1],11,-1,30,-1,11
1,<environment.Job instance at 0x7fdd5beca5f0>,12,22,[14  4],13,-1,35,-1,13
1,<environment.Job instance at 0x7fdd5beca280>,13,14,[11  5],14,-1,28,-1,14
1,<environment.Job instance at 0x7fdd5beca1e0>,14,19,[ 3 12],15,-1,34,-1,15
1,<environment.Job instance at 0x7fdd6554a0f0>,15,18,[13  4],16,-1,34,-1,16
1,<environment.Job instance at 0x7fdd5b70ff50>,16,26,[13  4],17,-1,43,-1,17
1,<environment.Job instance at 0x7fdd5b6dd8c0>,21,25,[6 1],22,-1,60,-1,35
1,<environment.Job instance at 0x7fdd5b6dd780>,22,28,[6 2],23,-1,63,-1,35
1,<environment.Job instance at 0x7fdd5b6dd9b0>,23,24,[6 4],24,-1,59,-1,35
1,<environment.Job instance at 0x7fdd5b6de280>,25,25,[ 3 12],26,-1,60,-1,35
1,<environment.Job instance at 0x7fdd5b6de460>,26,26,[13  5],27,-1,61,-1,35
1,<environment.Job instance at 0x7fdd5b6de8c0>,28,13,[14  1],29,-1,50,-1,37
1,<environment.Job instance at 0x7fdd5b6dea00>,29,28,[ 2 10],30,-1,79,-1,51
1,<environment.Job instance at 0x7fdd5b6f5280>,27,28,[1 9],28,-1,79,-1,51
1,<environment.Job instance at 0x7fdd5b6e31e0>,31,25,[ 3 14],32,-1,76,-1,51
1,<environment.Job instance at 0x7fdd5b6e39b0>,32,13,[12  5],33,-1,64,-1,51
1,<environment.Job instance at 0x7fdd5b6e3a00>,34,17,[14  2],35,-1,68,-1,51
1,<environment.Job instance at 0x7fdd5b6e33c0>,35,27,[4 8],36,-1,78,-1,51
1,<environment.Job instance at 0x7fdd5b6e7460>,36,27,[ 2 12],37,-1,78,-1,51
1,<environment.Job instance at 0x7fdd5b6e7370>,37,16,[ 1 14],38,-1,67,-1,51
1,<environment.Job instance at 0x7fdd5b672e60>,38,20,[ 3 14],39,-1,71,-1,51
1,<environment.Job instance at 0x7fdd5b672230>,41,25,[ 1 11],42,-1,78,-1,53
1,<environment.Job instance at 0x7fdd5b672500>,42,14,[14  4],43,-1,67,-1,53
1,<environment.Job instance at 0x7fdd5b67df00>,44,23,[13  2],45,-1,76,-1,53
1,<environment.Job instance at 0x7fdd5b67d550>,45,20,[12  4],46,-1,73,-1,53
1,<environment.Job instance at 0x7fdd5b6829b0>,47,26,[4 9],48,-1,97,-1,71
1,<environment.Job instance at 0x7fdd5b682be0>,48,25,[13  3],49,-1,96,-1,71
1,<environment.Job instance at 0x7fdd5b66f2d0>,50,26,[5 5],51,-1,97,-1,71
1,<environment.Job instance at 0x7fdd5b66ffa0>,51,24,[4 7],52,-1,95,-1,71
1,<environment.Job instance at 0x7fdd5b67d410>,43,27,[9 1],44,-1,108,-1,81
1,<environment.Job instance at 0x7fdd5b685f50>,54,19,[ 3 12],55,-1,100,-1,81
1,<environment.Job instance at 0x7fdd5b685820>,55,15,[12  5],56,-1,96,-1,81
1,<environment.Job instance at 0x7fdd5b677cd0>,58,20,[ 3 12],59,-1,106,-1,86
1,<environment.Job instance at 0x7fdd5b677a50>,59,16,[12  4],60,-1,102,-1,86
1,<environment.Job instance at 0x7fdd5b677050>,60,16,[12  5],61,-1,102,-1,86
1,<environment.Job instance at 0x7fdd5b6db5a0>,61,20,[ 1 12],62,-1,106,-1,86
1,<environment.Job instance at 0x7fdd5b7dc7d0>,62,13,[12  1],63,-1,99,-1,86
1,<environment.Job instance at 0x7fdd5b6db320>,63,12,[11  5],64,-1,98,-1,86
1,<environment.Job instance at 0x7fdd5b689190>,64,17,[ 3 12],65,-1,103,-1,86
1,<environment.Job instance at 0x7fdd5b6db0f0>,65,16,[13  4],66,-1,102,-1,86
1,<environment.Job instance at 0x7fdd5b8dd370>,66,18,[ 1 12],67,-1,104,-1,86
1,<environment.Job instance at 0x7fdd5b6891e0>,68,15,[ 2 14],69,-1,101,-1,86
1,<environment.Job instance at 0x7fdd5b6cd5f0>,72,20,[13  3],73,-1,123,-1,103
1,<environment.Job instance at 0x7fdd5b6cd140>,73,21,[ 4 12],74,-1,124,-1,103
1,<environment.Job instance at 0x7fdd5b5ab500>,2,16,[3 8],3,-1,20,-1,4
1,<environment.Job instance at 0x7fdd5b5abb40>,3,14,[10  1],4,-1,18,-1,4
1,<environment.Job instance at 0x7fdd5b5ab690>,16,24,[ 2 14],17,-1,49,-1,25
1,<environment.Job instance at 0x7fdd5b5abeb0>,11,26,[8 3],12,-1,52,-1,26
1,<environment.Job instance at 0x7fdd5b4e72d0>,19,25,[10  5],20,-1,51,-1,26
1,<environment.Job instance at 0x7fdd5b4e7050>,20,20,[13  5],21,-1,46,-1,26
1,<environment.Job instance at 0x7fdd5b5abd70>,1,26,[11  5],2,-1,28,-1,2
1,<environment.Job instance at 0x7fdd5b5ab6e0>,4,16,[11  2],5,-1,21,-1,5
1,<environment.Job instance at 0x7fdd5b4f26e0>,5,15,[13  5],6,-1,21,-1,6
1,<environment.Job instance at 0x7fdd5b4f2a50>,8,27,[14  3],9,-1,36,-1,9
1,<environment.Job instance at 0x7fdd5b4b25a0>,12,23,[12  1],13,-1,42,-1,19
1,<environment.Job instance at 0x7fdd5b4b2960>,13,19,[ 2 13],14,-1,38,-1,19
1,<environment.Job instance at 0x7fdd5b4b2280>,14,22,[11  1],15,-1,41,-1,19
1,<environment.Job instance at 0x7fdd5b4b2690>,15,22,[ 1 13],16,-1,41,-1,19
1,<environment.Job instance at 0x7fdd5b4b2730>,16,24,[ 2 14],17,-1,43,-1,19
1,<environment.Job instance at 0x7fdd5b4b2370>,10,26,[ 4 10],11,-1,45,-1,19
1,<environment.Job instance at 0x7fdd5b4b23c0>,18,23,[13  3],19,-1,42,-1,19
1,<environment.Job instance at 0x7fdd5b4b2640>,11,26,[8 3],12,-1,45,-1,19
1,<environment.Job instance at 0x7fdd5b4b24b0>,20,20,[13  5],21,-1,41,-1,21
1,<environment.Job instance at 0x7fdd5b50c9b0>,21,24,[14  3],22,-1,46,-1,22
1,<environment.Job instance at 0x7fdd5b50ca50>,22,23,[13  5],23,-1,46,-1,23
1,<environment.Job instance at 0x7fdd5b50c4b0>,23,21,[12  3],24,-1,45,-1,24
1,<environment.Job instance at 0x7fdd5b50c140>,25,28,[ 4 11],26,-1,54,-1,26
1,<environment.Job instance at 0x7fdd5b50c910>,26,18,[ 4 12],27,-1,45,-1,27
1,<environment.Job instance at 0x7fdd5b50caa0>,27,22,[14  1],28,-1,50,-1,28
1,<environment.Job instance at 0x7fdd5b4b2410>,19,25,[10  5],20,-1,57,-1,32
1,<environment.Job instance at 0x7fdd5b50c780>,29,27,[ 4 13],30,-1,59,-1,32
1,<environment.Job instance at 0x7fdd5b50c1e0>,30,26,[8 4],31,-1,58,-1,32
1,<environment.Job instance at 0x7fdd5b50c320>,31,12,[11  1],32,-1,44,-1,32
1,<environment.Job instance at 0x7fdd5b50cb40>,28,25,[7 3],29,-1,57,-1,32
1,<environment.Job instance at 0x7fdd5b50c690>,33,16,[14  1],34,-1,50,-1,34
1,<environment.Job instance at 0x7fdd5b50c230>,34,27,[ 1 10],35,-1,62,-1,35
1,<environment.Job instance at 0x7fdd5b50cc80>,36,19,[13  1],37,-1,56,-1,37
1,<environment.Job instance at 0x7fdd5b50c730>,37,15,[12  2],38,-1,53,-1,38
1,<environment.Job instance at 0x7fdd5b4b9c30>,38,20,[11  2],39,-1,59,-1,39
1,<environment.Job instance at 0x7fdd5b4b9960>,39,25,[ 2 13],40,-1,65,-1,40
1,<environment.Job instance at 0x7fdd5b4b9cd0>,42,24,[ 3 13],43,-1,70,-1,46
1,<environment.Job instance at 0x7fdd5b4b9460>,43,15,[ 2 13],44,-1,61,-1,46
1,<environment.Job instance at 0x7fdd5b4b9730>,44,13,[ 5 14],45,-1,59,-1,46
1,<environment.Job instance at 0x7fdd5b4b99b0>,45,20,[11  2],46,-1,66,-1,46
1,<environment.Job instance at 0x7fdd5b4b9af0>,47,21,[ 4 14],48,-1,69,-1,48
1,<environment.Job instance at 0x7fdd5b4b9910>,49,15,[14  4],50,-1,65,-1,50
1,<environment.Job instance at 0x7fdd5b4b97d0>,51,23,[13  1],52,-1,83,-1,60
1,<environment.Job instance at 0x7fdd5b4bc2d0>,53,26,[ 1 11],54,-1,86,-1,60
1,<environment.Job instance at 0x7fdd5b4bc370>,54,14,[ 3 13],55,-1,74,-1,60
1,<environment.Job instance at 0x7fdd5b4bca00>,57,27,[10  3],58,-1,100,-1,73
1,<environment.Job instance at 0x7fdd5b4bcd70>,58,16,[12  5],59,-1,89,-1,73
1,<environment.Job instance at 0x7fdd5b4bc8c0>,59,14,[14  5],60,-1,87,-1,73
1,<environment.Job instance at 0x7fdd5b4bcf50>,60,13,[ 5 13],61,-1,86,-1,73
1,<environment.Job instance at 0x7fdd5b4bcaa0>,62,26,[13  2],63,-1,99,-1,73
1,<environment.Job instance at 0x7fdd5b4bc230>,64,15,[ 1 12],65,-1,88,-1,73
1,<environment.Job instance at 0x7fdd5b4bc9b0>,65,14,[ 1 12],66,-1,87,-1,73
1,<environment.Job instance at 0x7fdd5b4bc6e0>,67,23,[6 4],68,-1,109,-1,86
1,<environment.Job instance at 0x7fdd5b4bc690>,68,26,[ 3 11],69,-1,112,-1,86
1,<environment.Job instance at 0x7fdd5beb53c0>,72,13,[14  3],73,-1,106,-1,93
1,<environment.Job instance at 0x7fdd5b4bc5f0>,71,25,[3 9],72,-1,126,-1,101
1,<environment.Job instance at 0x7fdd5beb5dc0>,74,23,[13  3],75,-1,124,-1,101
1,<environment.Job instance at 0x7fdd5beb56e0>,76,23,[ 2 13],77,-1,124,-1,101
1,<environment.Job instance at 0x7fdd5beb55f0>,77,16,[11  4],78,-1,117,-1,101
1,<environment.Job instance at 0x7fdd5beb53c0>,0,25,[7 1],1,-1,26,-1,1
1,<environment.Job instance at 0x7fdd5c35e6e0>,1,24,[12  5],2,-1,26,-1,2
1,<environment.Job instance at 0x7fdd5beb5280>,2,23,[10  2],3,-1,26,-1,3
1,<environment.Job instance at 0x7fdd5c35ec30>,3,15,[ 1 11],4,-1,19,-1,4
1,<environment.Job instance at 0x7fdd5c2d98c0>,4,16,[ 5 12],5,-1,21,-1,5
1,<environment.Job instance at 0x7fdd5c2d95a0>,5,27,[ 4 14],6,-1,33,-1,6
1,<environment.Job instance at 0x7fdd5c2d9140>,6,23,[ 2 11],7,-1,30,-1,7
1,<environment.Job instance at 0x7fdd5c2d9be0>,7,13,[ 4 12],8,-1,21,-1,8
1,<environment.Job instance at 0x7fdd5c2d9730>,8,15,[13  1],9,-1,24,-1,9
1,<environment.Job instance at 0x7fdd5bffe9b0>,9,17,[13  3],10,-1,27,-1,10
1,<environment.Job instance at 0x7fdd5bffe6e0>,11,22,[ 3 13],12,-1,34,-1,12
1,<environment.Job instance at 0x7fdd5bffe870>,13,19,[13  4],14,-1,33,-1,14
1,<environment.Job instance at 0x7fdd5bffe820>,14,16,[ 2 12],15,-1,31,-1,15
1,<environment.Job instance at 0x7fdd5bffeaf0>,15,12,[ 4 14],16,-1,28,-1,16
1,<environment.Job instance at 0x7fdd5bf40c80>,19,23,[ 2 13],20,-1,43,-1,20
1,<environment.Job instance at 0x7fdd5bf40dc0>,20,12,[14  1],21,-1,33,-1,21
1,<environment.Job instance at 0x7fdd5bf40730>,21,28,[ 1 13],22,-1,50,-1,22
1,<environment.Job instance at 0x7fdd5bf40230>,23,22,[12  5],24,-1,46,-1,24
1,<environment.Job instance at 0x7fdd5bf402d0>,25,12,[11  5],26,-1,38,-1,26
1,<environment.Job instance at 0x7fdd5bf40640>,27,22,[11  2],28,-1,55,-1,33
1,<environment.Job instance at 0x7fdd5bf40be0>,29,17,[13  5],30,-1,54,-1,37
1,<environment.Job instance at 0x7fdd5bf400f0>,30,12,[ 3 14],31,-1,49,-1,37
1,<environment.Job instance at 0x7fdd5bf40f00>,32,15,[ 4 12],33,-1,62,-1,47
1,<environment.Job instance at 0x7fdd5bf40b90>,33,21,[ 3 14],34,-1,68,-1,47
1,<environment.Job instance at 0x7fdd5bf40a00>,36,28,[6 1],37,-1,90,-1,62
1,<environment.Job instance at 0x7fdd5c027780>,39,27,[ 4 12],40,-1,90,-1,63
1,<environment.Job instance at 0x7fdd5c027e10>,40,25,[12  4],41,-1,88,-1,63
1,<environment.Job instance at 0x7fdd5c0270a0>,41,20,[ 3 14],42,-1,83,-1,63
1,<environment.Job instance at 0x7fdd5c027550>,42,13,[ 3 14],43,-1,76,-1,63
1,<environment.Job instance at 0x7fdd5c027690>,43,13,[11  5],44,-1,76,-1,63
1,<environment.Job instance at 0x7fdd5c0277d0>,44,24,[8 4],45,-1,87,-1,63
1,<environment.Job instance at 0x7fdd5c027af0>,46,20,[12  3],47,-1,83,-1,63
1,<environment.Job instance at 0x7fdd5c027280>,47,25,[13  2],48,-1,88,-1,63
1,<environment.Job instance at 0x7fdd5c027e60>,49,25,[1 6],50,-1,103,-1,78
1,<environment.Job instance at 0x7fdd5c027320>,50,17,[12  4],51,-1,95,-1,78
1,<environment.Job instance at 0x7fdd5c027820>,51,26,[1 9],52,-1,107,-1,81
1,<environment.Job instance at 0x7fdd5c027730>,52,27,[14  4],53,-1,108,-1,81
1,<environment.Job instance at 0x7fdd5c0273c0>,53,18,[14  2],54,-1,99,-1,81
1,<environment.Job instance at 0x7fdd5c027a50>,54,25,[13  3],55,-1,106,-1,81
1,<environment.Job instance at 0x7fdd5c0276e0>,56,23,[12  4],57,-1,104,-1,81
1,<environment.Job instance at 0x7fdd5bb49280>,58,20,[11  2],59,-1,111,-1,91
1,<environment.Job instance at 0x7fdd5bb49690>,59,16,[14  4],60,-1,107,-1,91
1,<environment.Job instance at 0x7fdd5bb49eb0>,60,23,[7 4],61,-1,118,-1,95
1,<environment.Job instance at 0x7fdd5c2cc190>,63,22,[ 1 12],64,-1,117,-1,95
1,<environment.Job instance at 0x7fdd5c2cc640>,65,26,[ 3 12],66,-1,132,-1,106
1,<environment.Job instance at 0x7fdd5c2cce60>,66,27,[ 2 14],67,-1,133,-1,106
1,<environment.Job instance at 0x7fdd5c2cc0f0>,67,24,[13  5],68,-1,130,-1,106
1,<environment.Job instance at 0x7fdd5c2ccf00>,69,21,[13  4],70,-1,127,-1,106
1,<environment.Job instance at 0x7fdd5c2ccbe0>,70,22,[ 5 12],71,-1,128,-1,106
1,<environment.Job instance at 0x7fdd5bb49500>,57,25,[9 2],58,-1,132,-1,107
1,<environment.Job instance at 0x7fdd5c2cc780>,72,15,[14  2],73,-1,122,-1,107
1,<environment.Job instance at 0x7fdd5c2cc050>,73,15,[ 1 13],74,-1,122,-1,107
1,<environment.Job instance at 0x7fdd5c2cc5f0>,74,20,[12  2],75,-1,127,-1,107
1,<environment.Job instance at 0x7fdd5c2cc2d0>,76,17,[14  5],77,-1,124,-1,107
1,<environment.Job instance at 0x7fdd5c2cc320>,77,24,[13  3],78,-1,131,-1,107
1,<environment.Job instance at 0x7fdd5c2cc960>,78,22,[12  3],79,-1,129,-1,107
1,<environment.Job instance at 0x7fdd5c413af0>,0,27,[7 4],1,-1,28,-1,1
1,<environment.Job instance at 0x7fdd5c32ea50>,6,16,[2 9],7,-1,23,-1,7
1,<environment.Job instance at 0x7fdd5c32ee10>,7,14,[5 6],8,-1,22,-1,8
1,<environment.Job instance at 0x7fdd5c32eeb0>,10,17,[8 1],11,-1,31,-1,14
1,<environment.Job instance at 0x7fdd5c32e690>,14,21,[ 2 12],15,-1,38,-1,17
1,<environment.Job instance at 0x7fdd5beb5730>,4,26,[ 3 12],5,-1,43,-1,17
1,<environment.Job instance at 0x7fdd5b925b40>,17,26,[ 5 11],18,-1,45,-1,19
1,<environment.Job instance at 0x7fdd5c301230>,19,21,[9 2],20,-1,41,-1,20
1,<environment.Job instance at 0x7fdd5c4cb230>,0,27,[7 4],1,-1,28,-1,1
1,<environment.Job instance at 0x7fdd5c339370>,1,21,[ 3 11],2,-1,23,-1,2
1,<environment.Job instance at 0x7fdd5c339f50>,2,14,[12  4],3,-1,17,-1,3
1,<environment.Job instance at 0x7fdd5c339050>,4,26,[ 3 12],5,-1,31,-1,5
1,<environment.Job instance at 0x7fdd5c339dc0>,5,12,[11  4],6,-1,18,-1,6
1,<environment.Job instance at 0x7fdd5c9ea280>,8,12,[11  3],9,-1,21,-1,9
1,<environment.Job instance at 0x7fdd5c339870>,9,16,[ 3 12],10,-1,26,-1,10
1,<environment.Job instance at 0x7fdd5c339af0>,11,15,[14  5],12,-1,27,-1,12
1,<environment.Job instance at 0x7fdd5c339aa0>,12,13,[14  1],13,-1,26,-1,13
1,<environment.Job instance at 0x7fdd5c3398c0>,14,21,[ 2 12],15,-1,36,-1,15
1,<environment.Job instance at 0x7fdd5c339e60>,13,24,[8 2],14,-1,40,-1,16
1,<environment.Job instance at 0x7fdd5c3390f0>,15,23,[ 2 12],16,-1,39,-1,16
1,<environment.Job instance at 0x7fdd5c339c30>,17,26,[ 5 11],18,-1,44,-1,18
1,<environment.Job instance at 0x7fdd5c339fa0>,20,18,[14  2],21,-1,39,-1,21
1,<environment.Job instance at 0x7fdd5c2cc1e0>,21,16,[ 5 11],22,-1,38,-1,22
1,<environment.Job instance at 0x7fdd5c2cc6e0>,22,22,[ 1 14],23,-1,45,-1,23
1,<environment.Job instance at 0x7fdd5c2cc5f0>,24,25,[ 3 14],25,-1,50,-1,25
1,<environment.Job instance at 0x7fdd5c2cc320>,25,28,[2 8],26,-1,58,-1,30
1,<environment.Job instance at 0x7fdd5c2cc230>,26,21,[ 5 14],27,-1,51,-1,30
1,<environment.Job instance at 0x7fdd5c2ccaf0>,28,15,[13  3],29,-1,45,-1,30
1,<environment.Job instance at 0x7fdd5c2ccf00>,30,12,[ 3 12],31,-1,47,-1,35
1,<environment.Job instance at 0x7fdd5c2ccd70>,31,26,[7 3],32,-1,61,-1,35
1,<environment.Job instance at 0x7fdd5c2cc410>,32,25,[ 1 13],33,-1,60,-1,35
1,<environment.Job instance at 0x7fdd5c2cc2d0>,27,27,[9 3],28,-1,62,-1,35
1,<environment.Job instance at 0x7fdd5c2cc8c0>,34,26,[11  4],35,-1,61,-1,35
1,<environment.Job instance at 0x7fdd5c2cca00>,36,17,[11  1],37,-1,61,-1,44
1,<environment.Job instance at 0x7fdd5c2cc3c0>,37,20,[ 1 11],38,-1,64,-1,44
1,<environment.Job instance at 0x7fdd5c2cc7d0>,38,19,[13  2],39,-1,63,-1,44
1,<environment.Job instance at 0x7fdd5c2cc0f0>,39,12,[ 1 11],40,-1,56,-1,44
1,<environment.Job instance at 0x7fdd5c2cc190>,40,20,[13  5],41,-1,64,-1,44
1,<environment.Job instance at 0x7fdd5bb49eb0>,41,27,[1 8],42,-1,71,-1,44
1,<environment.Job instance at 0x7fdd5bb49500>,43,24,[11  3],44,-1,68,-1,44
1,<environment.Job instance at 0x7fdd5bb49280>,44,18,[13  3],45,-1,63,-1,45
1,<environment.Job instance at 0x7fdd5c027a50>,47,23,[13  3],48,-1,74,-1,51
1,<environment.Job instance at 0x7fdd5c027410>,52,24,[13  3],53,-1,102,-1,78
1,<environment.Job instance at 0x7fdd5c027140>,54,25,[12  2],55,-1,104,-1,79
1,<environment.Job instance at 0x7fdd5c0277d0>,55,25,[14  1],56,-1,104,-1,79
1,<environment.Job instance at 0x7fdd5c027690>,56,27,[5 5],57,-1,106,-1,79
1,<environment.Job instance at 0x7fdd5c0270a0>,58,23,[14  2],59,-1,114,-1,91
1,<environment.Job instance at 0x7fdd5c027820>,62,12,[12  4],63,-1,118,-1,106
1,<environment.Job instance at 0x7fdd5c027aa0>,63,21,[ 2 11],64,-1,127,-1,106
1,<environment.Job instance at 0x7fdd5bf40a50>,64,23,[14  3],65,-1,129,-1,106
1,<environment.Job instance at 0x7fdd5b8ec6e0>,2,20,[ 4 11],3,-1,27,-1,7
1,<environment.Job instance at 0x7fdd5b8ec4b0>,6,18,[11  5],7,-1,26,-1,8
1,<environment.Job instance at 0x7fdd5b8ec0a0>,5,25,[7 3],6,-1,37,-1,12
1,<environment.Job instance at 0x7fdd5b8ec910>,9,17,[ 1 11],10,-1,51,-1,34
1,<environment.Job instance at 0x7fdd5b8ec730>,4,24,[ 5 11],5,-1,58,-1,34
1,<environment.Job instance at 0x7fdd5b8ecf00>,8,27,[1 5],9,-1,61,-1,34
1,<environment.Job instance at 0x7fdd5b8ecaf0>,10,20,[2 9],11,-1,55,-1,35
1,<environment.Job instance at 0x7fdd5c9f5f50>,16,12,[ 5 12],17,-1,47,-1,35
1,<environment.Job instance at 0x7fdd5c9f5cd0>,17,14,[14  1],18,-1,54,-1,40
1,<environment.Job instance at 0x7fdd5c9f52d0>,15,18,[1 7],16,-1,58,-1,40
1,<environment.Job instance at 0x7fdd5c9f5f00>,20,18,[11  5],21,-1,58,-1,40
1,<environment.Job instance at 0x7fdd5c9f5aa0>,21,20,[10  5],22,-1,60,-1,40
1,<environment.Job instance at 0x7fdd5c9f5e10>,27,22,[13  4],28,-1,76,-1,54
1,<environment.Job instance at 0x7fdd5c9f5fa0>,14,12,[ 1 12],15,-1,72,-1,60
1,<environment.Job instance at 0x7fdd5c9f51e0>,18,15,[1 6],19,-1,75,-1,60
1,<environment.Job instance at 0x7fdd5c9eadc0>,31,13,[ 1 14],32,-1,73,-1,60
1,<environment.Job instance at 0x7fdd5c9f5c30>,29,24,[ 2 14],30,-1,84,-1,60
1,<environment.Job instance at 0x7fdd5c9f54b0>,12,27,[12  4],13,-1,88,-1,61
1,<environment.Job instance at 0x7fdd5c9eac30>,30,28,[2 7],31,-1,90,-1,62
1,<environment.Job instance at 0x7fdd5c9eacd0>,35,25,[6 5],36,-1,87,-1,62
1,<environment.Job instance at 0x7fdd5c9eab90>,33,23,[12  2],34,-1,90,-1,67
1,<environment.Job instance at 0x7fdd5c9ea190>,39,17,[ 4 14],40,-1,99,-1,82
1,<environment.Job instance at 0x7fdd5c9ea780>,38,27,[2 6],39,-1,112,-1,85
1,<environment.Job instance at 0x7fdd5ca0e5f0>,40,15,[ 2 14],41,-1,104,-1,89
1,<environment.Job instance at 0x7fdd5ca0ea00>,45,17,[2 9],46,-1,116,-1,99
1,<environment.Job instance at 0x7fdd5c9ea5a0>,41,17,[ 5 13],42,-1,117,-1,100
1,<environment.Job instance at 0x7fdd5ca0e640>,42,23,[12  3],43,-1,123,-1,100
1,<environment.Job instance at 0x7fdd5ca0ea50>,43,20,[14  1],44,-1,120,-1,100
1,<environment.Job instance at 0x7fdd5ca0e820>,44,20,[3 8],45,-1,121,-1,101
1,<environment.Job instance at 0x7fdd5bffe0f0>,0,17,[12  4],1,-1,18,-1,1
1,<environment.Job instance at 0x7fdd5bffe9b0>,1,26,[ 4 10],2,-1,28,-1,2
1,<environment.Job instance at 0x7fdd5bffe960>,2,20,[ 4 11],3,-1,23,-1,3
1,<environment.Job instance at 0x7fdd5bffe870>,3,14,[ 5 12],4,-1,18,-1,4
1,<environment.Job instance at 0x7fdd5bffeb90>,4,24,[ 5 11],5,-1,29,-1,5
1,<environment.Job instance at 0x7fdd5bffe500>,5,25,[7 3],6,-1,31,-1,6
1,<environment.Job instance at 0x7fdd5bffeeb0>,6,18,[11  5],7,-1,25,-1,7
1,<environment.Job instance at 0x7fdd5bffeaf0>,7,12,[ 3 14],8,-1,20,-1,8
1,<environment.Job instance at 0x7fdd5c2cc190>,8,27,[1 5],9,-1,36,-1,9
1,<environment.Job instance at 0x7fdd5c2cc690>,9,17,[ 1 11],10,-1,27,-1,10
1,<environment.Job instance at 0x7fdd5c2cc0a0>,11,17,[ 2 13],12,-1,29,-1,12
1,<environment.Job instance at 0x7fdd5c2cc8c0>,12,27,[12  4],13,-1,40,-1,13
1,<environment.Job instance at 0x7fdd5c2cc5a0>,14,12,[ 1 12],15,-1,27,-1,15
1,<environment.Job instance at 0x7fdd5bffe460>,16,12,[ 5 12],17,-1,29,-1,17
1,<environment.Job instance at 0x7fdd5c2cc820>,17,14,[14  1],18,-1,32,-1,18
1,<environment.Job instance at 0x7fdd5c2cc230>,19,14,[12  4],20,-1,34,-1,20
1,<environment.Job instance at 0x7fdd5c2cc320>,20,18,[11  5],21,-1,39,-1,21
1,<environment.Job instance at 0x7fdd5c2cc9b0>,22,12,[14  4],23,-1,35,-1,23
1,<environment.Job instance at 0x7fdd5c2cc960>,24,25,[13  4],25,-1,50,-1,25
1,<environment.Job instance at 0x7fdd5b8ec140>,26,13,[12  2],27,-1,41,-1,28
1,<environment.Job instance at 0x7fdd5c9ea280>,27,22,[13  4],28,-1,50,-1,28
1,<environment.Job instance at 0x7fdd5c9ea320>,28,14,[11  2],29,-1,43,-1,29
1,<environment.Job instance at 0x7fdd5bd35e60>,29,24,[ 2 14],30,-1,54,-1,30
1,<environment.Job instance at 0x7fdd5c008370>,30,28,[2 7],31,-1,59,-1,31
1,<environment.Job instance at 0x7fdd5ca0e780>,31,13,[ 1 14],32,-1,45,-1,32
1,<environment.Job instance at 0x7fdd5ca0e690>,33,23,[12  2],34,-1,57,-1,34
1,<environment.Job instance at 0x7fdd5b91f730>,34,18,[ 4 12],35,-1,53,-1,35
1,<environment.Job instance at 0x7fdd5b91f5a0>,35,25,[6 5],36,-1,68,-1,43
1,<environment.Job instance at 0x7fdd5bd36820>,37,27,[5 9],38,-1,71,-1,44
1,<environment.Job instance at 0x7fdd5bd36230>,38,27,[2 6],39,-1,71,-1,44
1,<environment.Job instance at 0x7fdd5bd362d0>,39,17,[ 4 14],40,-1,61,-1,44
1,<environment.Job instance at 0x7fdd5bd36870>,40,15,[ 2 14],41,-1,59,-1,44
1,<environment.Job instance at 0x7fdd5bd36d20>,41,17,[ 5 13],42,-1,61,-1,44
1,<environment.Job instance at 0x7fdd5bd36d70>,42,23,[12  3],43,-1,67,-1,44
1,<environment.Job instance at 0x7fdd5bd36e10>,43,20,[14  1],44,-1,64,-1,44
1,<environment.Job instance at 0x7fdd5bd36a00>,48,25,[ 1 10],49,-1,95,-1,70
1,<environment.Job instance at 0x7fdd5bd36a50>,50,18,[14  3],51,-1,88,-1,70
1,<environment.Job instance at 0x7fdd5bd36fa0>,53,18,[14  3],54,-1,88,-1,70
1,<environment.Job instance at 0x7fdd5bd36c80>,54,23,[ 2 11],55,-1,93,-1,70
1,<environment.Job instance at 0x7fdd5bd36690>,55,18,[ 5 11],56,-1,88,-1,70
1,<environment.Job instance at 0x7fdd5bd36550>,56,27,[11  5],57,-1,97,-1,70
1,<environment.Job instance at 0x7fdd5ca16640>,57,17,[12  5],58,-1,87,-1,70
1,<environment.Job instance at 0x7fdd5ca166e0>,59,21,[11  1],60,-1,91,-1,70
1,<environment.Job instance at 0x7fdd5ca165a0>,60,14,[12  4],61,-1,84,-1,70
1,<environment.Job instance at 0x7fdd5ca16690>,61,26,[5 4],62,-1,111,-1,85
1,<environment.Job instance at 0x7fdd5ca16d20>,65,19,[11  4],66,-1,104,-1,85
1,<environment.Job instance at 0x7fdd5ca16780>,66,23,[11  3],67,-1,108,-1,85
1,<environment.Job instance at 0x7fdd5ca16320>,63,26,[1 6],64,-1,113,-1,87
1,<environment.Job instance at 0x7fdd5ca16370>,68,12,[11  4],69,-1,99,-1,87
1,<environment.Job instance at 0x7fdd5ca16b40>,70,14,[ 3 13],71,-1,101,-1,87
1,<environment.Job instance at 0x7fdd5ca16a50>,72,28,[5 5],73,-1,133,-1,105
1,<environment.Job instance at 0x7fdd5ca168c0>,74,20,[13  1],75,-1,125,-1,105
1,<environment.Job instance at 0x7fdd5ca16e60>,75,21,[ 3 12],76,-1,126,-1,105
1,<environment.Job instance at 0x7fdd5ca16050>,76,25,[12  3],77,-1,130,-1,105
1,<environment.Job instance at 0x7fdd5bd55140>,78,20,[12  2],79,-1,126,-1,106
1,<environment.Job instance at 0x7fdd5b93c8c0>,0,17,[4 7],1,-1,18,-1,1
1,<environment.Job instance at 0x7fdd5b93c550>,1,17,[4 5],2,-1,19,-1,2
1,<environment.Job instance at 0x7fdd5c8c6500>,3,15,[4 9],4,-1,19,-1,4
1,<environment.Job instance at 0x7fdd5c8b4d20>,11,15,[3 9],12,-1,28,-1,13
1,<environment.Job instance at 0x7fdd5c32e410>,12,21,[9 5],13,-1,34,-1,13
1,<environment.Job instance at 0x7fdd5c89e910>,13,21,[11  5],14,-1,43,-1,22
1,<environment.Job instance at 0x7fdd5c89e370>,19,23,[8 5],20,-1,46,-1,23
1,<environment.Job instance at 0x7fdd5c89edc0>,20,18,[11  4],21,-1,41,-1,23
1,<environment.Job instance at 0x7fdd5ca16960>,4,15,[13  2],5,-1,20,-1,5
1,<environment.Job instance at 0x7fdd5ca16d70>,5,17,[12  3],6,-1,23,-1,6
1,<environment.Job instance at 0x7fdd5ca16cd0>,6,28,[ 4 12],7,-1,35,-1,7
1,<environment.Job instance at 0x7fdd5ca164b0>,7,25,[2 6],8,-1,43,-1,18
1,<environment.Job instance at 0x7fdd5bd36550>,13,21,[11  5],14,-1,40,-1,19
1,<environment.Job instance at 0x7fdd5bd36c30>,14,12,[13  2],15,-1,31,-1,19
1,<environment.Job instance at 0x7fdd5bd36c80>,15,13,[ 5 13],16,-1,32,-1,19
1,<environment.Job instance at 0x7fdd5ca16780>,2,28,[9 1],3,-1,61,-1,33
1,<environment.Job instance at 0x7fdd5bd366e0>,17,24,[12  2],18,-1,57,-1,33
1,<environment.Job instance at 0x7fdd5bd36cd0>,19,23,[8 5],20,-1,56,-1,33
1,<environment.Job instance at 0x7fdd5bd36f50>,20,18,[11  4],21,-1,51,-1,33
1,<environment.Job instance at 0x7fdd5bd36af0>,18,27,[5 9],19,-1,61,-1,34
1,<environment.Job instance at 0x7fdd5bd36eb0>,23,25,[4 6],24,-1,59,-1,34
1,<environment.Job instance at 0x7fdd5bd36500>,25,24,[7 5],26,-1,58,-1,34
1,<environment.Job instance at 0x7fdd5bd365f0>,27,21,[14  1],28,-1,55,-1,34
1,<environment.Job instance at 0x7fdd5bd36910>,28,17,[ 1 13],29,-1,51,-1,34
1,<environment.Job instance at 0x7fdd5bd36640>,29,16,[12  4],30,-1,50,-1,34
1,<environment.Job instance at 0x7fdd5b88a780>,30,24,[ 4 11],31,-1,58,-1,34
1,<environment.Job instance at 0x7fdd5bd36be0>,35,12,[ 1 14],36,-1,64,-1,52
1,<environment.Job instance at 0x7fdd5b605c80>,36,14,[13  4],37,-1,66,-1,52
1,<environment.Job instance at 0x7fdd5c9b4320>,38,13,[13  3],39,-1,73,-1,60
1,<environment.Job instance at 0x7fdd5ba07eb0>,39,18,[ 3 12],40,-1,78,-1,60
1,<environment.Job instance at 0x7fdd5c9b4370>,40,27,[ 3 14],41,-1,87,-1,60
1,<environment.Job instance at 0x7fdd5c9da5f0>,42,27,[ 5 13],43,-1,93,-1,66
1,<environment.Job instance at 0x7fdd5bc1e8c0>,43,25,[13  4],44,-1,91,-1,66
1,<environment.Job instance at 0x7fdd5bf457d0>,44,27,[ 2 14],45,-1,93,-1,66
1,<environment.Job instance at 0x7fdd5bf45f50>,46,18,[ 4 13],47,-1,84,-1,66
1,<environment.Job instance at 0x7fdd5bf45050>,47,12,[ 5 12],48,-1,78,-1,66
1,<environment.Job instance at 0x7fdd5c31d3c0>,51,23,[12  3],52,-1,113,-1,90
1,<environment.Job instance at 0x7fdd5bce0730>,54,12,[13  4],55,-1,109,-1,97
1,<environment.Job instance at 0x7fdd6553aeb0>,55,23,[4 5],56,-1,126,-1,103
1,<environment.Job instance at 0x7fdd5b903230>,1,16,[4 6],2,-1,18,-1,2
1,<environment.Job instance at 0x7fdd5bbb6550>,0,26,[ 4 14],1,-1,27,-1,1
1,<environment.Job instance at 0x7fdd5bbbadc0>,2,16,[ 1 11],3,-1,19,-1,3
1,<environment.Job instance at 0x7fdd5c838b90>,3,15,[14  5],4,-1,19,-1,4
1,<environment.Job instance at 0x7fdd5b74feb0>,4,17,[13  1],5,-1,22,-1,5
1,<environment.Job instance at 0x7fdd5bd97c80>,5,23,[ 4 11],6,-1,29,-1,6
1,<environment.Job instance at 0x7fdd5bd86780>,6,21,[ 5 14],7,-1,28,-1,7
1,<environment.Job instance at 0x7fdd5c4018c0>,7,17,[13  3],8,-1,25,-1,8
1,<environment.Job instance at 0x7fdd5b4ac500>,10,14,[13  2],11,-1,25,-1,11
1,<environment.Job instance at 0x7fdd5b4ac960>,12,23,[ 1 14],13,-1,36,-1,13
1,<environment.Job instance at 0x7fdd5b959d20>,15,28,[ 5 11],16,-1,44,-1,16
1,<environment.Job instance at 0x7fdd5bd361e0>,16,19,[11  5],17,-1,36,-1,17
1,<environment.Job instance at 0x7fdd5b9598c0>,13,27,[5 5],14,-1,45,-1,18
1,<environment.Job instance at 0x7fdd5bd36820>,17,27,[ 2 14],18,-1,45,-1,18
1,<environment.Job instance at 0x7fdd5bd36500>,18,23,[3 7],19,-1,57,-1,34
1,<environment.Job instance at 0x7fdd5bd36eb0>,22,23,[ 3 12],23,-1,57,-1,34
1,<environment.Job instance at 0x7fdd5bd36870>,23,20,[11  5],24,-1,54,-1,34
1,<environment.Job instance at 0x7fdd5bd36320>,24,27,[12  3],25,-1,61,-1,34
1,<environment.Job instance at 0x7fdd5bd36aa0>,25,24,[6 1],26,-1,58,-1,34
1,<environment.Job instance at 0x7fdd5bd36f50>,26,26,[ 1 12],27,-1,60,-1,34
1,<environment.Job instance at 0x7fdd5bd36cd0>,27,13,[12  3],28,-1,47,-1,34
1,<environment.Job instance at 0x7fdd5bd36af0>,28,25,[1 5],29,-1,59,-1,34
1,<environment.Job instance at 0x7fdd5bd360a0>,30,24,[11  5],31,-1,58,-1,34
1,<environment.Job instance at 0x7fdd5bd36c80>,31,25,[2 7],32,-1,59,-1,34
1,<environment.Job instance at 0x7fdd5bd36690>,32,23,[10  4],33,-1,57,-1,34
1,<environment.Job instance at 0x7fdd5bd36550>,33,21,[ 3 14],34,-1,55,-1,34
1,<environment.Job instance at 0x7fdd5bd36410>,21,25,[5 8],22,-1,59,-1,34
1,<environment.Job instance at 0x7fdd5ca16730>,36,18,[14  2],37,-1,55,-1,37
1,<environment.Job instance at 0x7fdd5ca164b0>,37,27,[ 5 13],38,-1,65,-1,38
1,<environment.Job instance at 0x7fdd5ca16c80>,39,21,[12  3],40,-1,72,-1,51
1,<environment.Job instance at 0x7fdd5ca16320>,40,27,[ 5 12],41,-1,78,-1,51
1,<environment.Job instance at 0x7fdd5ca16460>,42,16,[ 2 13],43,-1,68,-1,52
1,<environment.Job instance at 0x7fdd5ca160a0>,45,13,[14  1],46,-1,80,-1,67
1,<environment.Job instance at 0x7fdd5ca16910>,46,26,[11  5],47,-1,93,-1,67
1,<environment.Job instance at 0x7fdd5b903d70>,47,14,[ 2 13],48,-1,81,-1,67
1,<environment.Job instance at 0x7fdd5b903410>,48,13,[14  5],49,-1,80,-1,67
1,<environment.Job instance at 0x7fdd5b903140>,49,18,[12  4],50,-1,85,-1,67
1,<environment.Job instance at 0x7fdd5b473f00>,50,21,[ 2 14],51,-1,88,-1,67
1,<environment.Job instance at 0x7fdd5b473230>,52,23,[13  4],53,-1,92,-1,69
1,<environment.Job instance at 0x7fdd5b4734b0>,54,18,[ 1 12],55,-1,98,-1,80
1,<environment.Job instance at 0x7fdd5b473c30>,55,23,[9 4],56,-1,120,-1,97
1,<environment.Job instance at 0x7fdd5b473eb0>,57,18,[13  5],58,-1,115,-1,97
1,<environment.Job instance at 0x7fdd5b473b90>,58,21,[12  5],59,-1,118,-1,97
1,<environment.Job instance at 0x7fdd5b4736e0>,60,20,[11  5],61,-1,117,-1,97
1,<environment.Job instance at 0x7fdd5b4735a0>,61,27,[8 5],62,-1,127,-1,100
1,<environment.Job instance at 0x7fdd5b473140>,56,26,[ 1 10],57,-1,126,-1,100
1,<environment.Job instance at 0x7fdd5b473c80>,63,28,[5 7],64,-1,128,-1,100
1,<environment.Job instance at 0x7fdd65440d20>,64,12,[ 4 11],65,-1,112,-1,100
1,<environment.Job instance at 0x7fdd65440c80>,65,25,[13  4],66,-1,125,-1,100
1,<environment.Job instance at 0x7fdd65440910>,66,21,[ 1 12],67,-1,121,-1,100
1,<environment.Job instance at 0x7fdd65440be0>,67,22,[ 4 12],68,-1,122,-1,100
1,<environment.Job instance at 0x7fdd654405a0>,68,22,[13  5],69,-1,122,-1,100
1,<environment.Job instance at 0x7fdd5c141be0>,69,28,[13  2],70,-1,128,-1,100
1,<environment.Job instance at 0x7fdd5c141730>,71,24,[14  3],72,-1,124,-1,100
1,<environment.Job instance at 0x7fdd5c141690>,72,25,[12  1],73,-1,125,-1,100
1,<environment.Job instance at 0x7fdd5c141640>,74,13,[ 1 13],75,-1,113,-1,100
1,<environment.Job instance at 0x7fdd5b39f370>,2,16,[ 4 10],3,-1,20,-1,4
1,<environment.Job instance at 0x7fdd5b39f230>,5,26,[5 7],6,-1,32,-1,6
1,<environment.Job instance at 0x7fdd5b473910>,0,23,[ 3 13],1,-1,24,-1,1
1,<environment.Job instance at 0x7fdd5b473230>,1,13,[12  5],2,-1,15,-1,2
1,<environment.Job instance at 0x7fdd5baa4320>,6,28,[14  1],7,-1,35,-1,7
1,<environment.Job instance at 0x7fdd5b4ac500>,7,16,[ 3 12],8,-1,24,-1,8
1,<environment.Job instance at 0x7fdd6508d5f0>,8,26,[12  1],9,-1,35,-1,9
1,<environment.Job instance at 0x7fdd6508d820>,9,22,[14  5],10,-1,32,-1,10
1,<environment.Job instance at 0x7fdd5b4ac960>,10,18,[12  5],11,-1,29,-1,11
1,<environment.Job instance at 0x7fdd5c1b5690>,11,14,[13  4],12,-1,26,-1,12
1,<environment.Job instance at 0x7fdd5b582b90>,12,25,[ 1 13],13,-1,38,-1,13
1,<environment.Job instance at 0x7fdd5c1b5910>,14,16,[11  5],15,-1,31,-1,15
1,<environment.Job instance at 0x7fdd5bf3b460>,5,26,[5 7],6,-1,45,-1,19
1,<environment.Job instance at 0x7fdd5bc80af0>,15,25,[2 8],16,-1,44,-1,19
1,<environment.Job instance at 0x7fdd5bc80190>,17,26,[2 7],18,-1,45,-1,19
1,<environment.Job instance at 0x7fdd5bc80eb0>,20,26,[13  5],21,-1,47,-1,21
1,<environment.Job instance at 0x7fdd5bc93d20>,21,16,[ 1 13],22,-1,38,-1,22
1,<environment.Job instance at 0x7fdd5bc93dc0>,19,23,[1 6],20,-1,55,-1,32
1,<environment.Job instance at 0x7fdd5bc93460>,24,14,[13  3],25,-1,46,-1,32
1,<environment.Job instance at 0x7fdd5b7394b0>,25,14,[13  2],26,-1,46,-1,32
1,<environment.Job instance at 0x7fdd5c05b5f0>,28,28,[12  3],29,-1,65,-1,37
1,<environment.Job instance at 0x7fdd5c05b5a0>,27,28,[9 2],28,-1,74,-1,46
1,<environment.Job instance at 0x7fdd5bc93be0>,22,25,[4 9],23,-1,77,-1,52
1,<environment.Job instance at 0x7fdd5c071870>,34,12,[ 3 12],35,-1,64,-1,52
1,<environment.Job instance at 0x7fdd5c05be10>,35,12,[11  4],36,-1,64,-1,52
1,<environment.Job instance at 0x7fdd5bc96140>,36,20,[ 3 14],37,-1,72,-1,52
1,<environment.Job instance at 0x7fdd5bc96dc0>,37,16,[12  1],38,-1,68,-1,52
1,<environment.Job instance at 0x7fdd5bc96460>,40,28,[ 1 11],41,-1,89,-1,61
1,<environment.Job instance at 0x7fdd5c05ddc0>,42,28,[14  4],43,-1,94,-1,66
1,<environment.Job instance at 0x7fdd5c05dfa0>,43,27,[13  4],44,-1,93,-1,66
1,<environment.Job instance at 0x7fdd5c05d4b0>,44,12,[ 5 11],45,-1,78,-1,66
1,<environment.Job instance at 0x7fdd5c0748c0>,46,17,[14  2],47,-1,83,-1,66
1,<environment.Job instance at 0x7fdd5c074870>,47,17,[ 1 12],48,-1,83,-1,66
1,<environment.Job instance at 0x7fdd5c073730>,49,22,[ 3 14],50,-1,97,-1,75
1,<environment.Job instance at 0x7fdd5c073aa0>,50,15,[ 2 11],51,-1,90,-1,75
1,<environment.Job instance at 0x7fdd5c073d70>,51,22,[ 2 13],52,-1,97,-1,75
1,<environment.Job instance at 0x7fdd5c0735f0>,53,26,[ 4 14],54,-1,104,-1,78
1,<environment.Job instance at 0x7fdd5c0509b0>,55,26,[3 9],56,-1,117,-1,91
1,<environment.Job instance at 0x7fdd5c0507d0>,57,23,[8 2],58,-1,117,-1,94
1,<environment.Job instance at 0x7fdd5c050960>,58,26,[ 2 11],59,-1,120,-1,94
1,<environment.Job instance at 0x7fdd5bc8a410>,59,27,[6 4],60,-1,121,-1,94
1,<environment.Job instance at 0x7fdd5bc8a460>,60,25,[ 4 14],61,-1,119,-1,94
1,<environment.Job instance at 0x7fdd5c050d20>,56,23,[10  3],57,-1,117,-1,94
1,<environment.Job instance at 0x7fdd5bc8af00>,62,18,[ 2 12],63,-1,112,-1,94
1,<environment.Job instance at 0x7fdd5c063410>,64,24,[13  5],65,-1,118,-1,94
1,<environment.Job instance at 0x7fdd5c063640>,65,12,[ 4 13],66,-1,106,-1,94
1,<environment.Job instance at 0x7fdd5b5f2690>,66,27,[14  3],67,-1,121,-1,94
1,<environment.Job instance at 0x7fdd5c05e320>,69,27,[12  5],70,-1,135,-1,108
1,<environment.Job instance at 0x7fdd5c32c320>,0,28,[5 2],1,-1,29,-1,1
1,<environment.Job instance at 0x7fdd5c32c550>,3,18,[11  5],4,-1,24,-1,6
1,<environment.Job instance at 0x7fdd5c32c780>,6,22,[2 6],7,-1,29,-1,7
1,<environment.Job instance at 0x7fdd5c32c140>,8,17,[7 4],9,-1,26,-1,9
1,<environment.Job instance at 0x7fdd5c32c5f0>,9,23,[5 5],10,-1,33,-1,10
1,<environment.Job instance at 0x7fdd5c32c6e0>,10,19,[6 2],11,-1,30,-1,11
1,<environment.Job instance at 0x7fdd5c32c690>,12,28,[2 7],13,-1,41,-1,13
1,<environment.Job instance at 0x7fdd5bc8cb40>,0,28,[5 2],1,-1,29,-1,1
1,<environment.Job instance at 0x7fdd5bc8c690>,1,21,[ 4 12],2,-1,23,-1,2
1,<environment.Job instance at 0x7fdd5bb17140>,3,18,[11  5],4,-1,22,-1,4
1,<environment.Job instance at 0x7fdd5c149640>,7,21,[11  3],8,-1,29,-1,8
1,<environment.Job instance at 0x7fdd5bc71e10>,11,14,[11  3],12,-1,26,-1,12
1,<environment.Job instance at 0x7fdd5bc71d70>,13,27,[11  2],14,-1,45,-1,18
1,<environment.Job instance at 0x7fdd5bc71c30>,12,28,[2 7],13,-1,46,-1,18
1,<environment.Job instance at 0x7fdd5c143b40>,16,22,[14  2],17,-1,43,-1,21
1,<environment.Job instance at 0x7fdd5bc71280>,9,23,[5 5],10,-1,44,-1,21
1,<environment.Job instance at 0x7fdd5b6d6be0>,19,22,[ 2 11],20,-1,43,-1,21
1,<environment.Job instance at 0x7fdd5b6d64b0>,20,16,[11  5],21,-1,37,-1,21
1,<environment.Job instance at 0x7fdd5ca43f50>,22,24,[13  4],23,-1,47,-1,23
1,<environment.Job instance at 0x7fdd6509e320>,23,24,[4 7],24,-1,52,-1,28
1,<environment.Job instance at 0x7fdd5c0540a0>,27,14,[13  2],28,-1,42,-1,28
1,<environment.Job instance at 0x7fdd5c054f50>,29,24,[ 1 14],30,-1,57,-1,33
1,<environment.Job instance at 0x7fdd5c05efa0>,30,28,[7 5],31,-1,69,-1,41
1,<environment.Job instance at 0x7fdd5c05eeb0>,31,22,[12  4],32,-1,63,-1,41
1,<environment.Job instance at 0x7fdd5b5f25f0>,33,24,[8 5],34,-1,73,-1,49
1,<environment.Job instance at 0x7fdd5b5f2a50>,34,19,[13  1],35,-1,68,-1,49
1,<environment.Job instance at 0x7fdd5c063410>,35,23,[11  5],36,-1,72,-1,49
1,<environment.Job instance at 0x7fdd5c0633c0>,36,23,[ 2 12],37,-1,72,-1,49
1,<environment.Job instance at 0x7fdd5bc8a690>,39,23,[12  5],40,-1,81,-1,58
1,<environment.Job instance at 0x7fdd5bc8a410>,40,13,[11  2],41,-1,71,-1,58
1,<environment.Job instance at 0x7fdd5bc8a3c0>,41,27,[5 2],42,-1,90,-1,63
1,<environment.Job instance at 0x7fdd5bc8af00>,38,25,[7 3],39,-1,88,-1,63
1,<environment.Job instance at 0x7fdd5c050e60>,43,17,[ 4 13],44,-1,80,-1,63
1,<environment.Job instance at 0x7fdd5c050780>,45,13,[12  5],46,-1,76,-1,63
1,<environment.Job instance at 0x7fdd5c0508c0>,46,14,[ 2 12],47,-1,77,-1,63
1,<environment.Job instance at 0x7fdd5c073500>,50,21,[ 3 11],51,-1,102,-1,81
1,<environment.Job instance at 0x7fdd5c074a50>,51,14,[14  1],52,-1,95,-1,81
1,<environment.Job instance at 0x7fdd5c073730>,49,24,[8 5],50,-1,125,-1,101
1,<environment.Job instance at 0x7fdd5c05d460>,55,20,[ 2 11],56,-1,122,-1,102
1,<environment.Job instance at 0x7fdd5c05dfa0>,57,15,[ 4 13],58,-1,117,-1,102
1,<environment.Job instance at 0x7fdd5bc96140>,58,16,[12  3],59,-1,118,-1,102
1,<environment.Job instance at 0x7fdd5bc8c140>,4,19,[4 7],5,-1,28,-1,9
1,<environment.Job instance at 0x7fdd5bd39870>,8,19,[3 6],9,-1,30,-1,11
1,<environment.Job instance at 0x7fdd5bd39050>,11,19,[ 3 11],12,-1,31,-1,12
1,<environment.Job instance at 0x7fdd5bd39fa0>,5,25,[ 2 10],6,-1,38,-1,13
1,<environment.Job instance at 0x7fdd5bd39cd0>,12,18,[5 2],13,-1,31,-1,13
1,<environment.Job instance at 0x7fdd5bd39dc0>,9,19,[9 1],10,-1,32,-1,13
1,<environment.Job instance at 0x7fdd5bd39410>,13,16,[7 5],14,-1,31,-1,15
1,<environment.Job instance at 0x7fdd5bd39eb0>,14,27,[5 6],15,-1,42,-1,15
1,<environment.Job instance at 0x7fdd5bd390a0>,15,12,[8 3],16,-1,29,-1,17
1,<environment.Job instance at 0x7fdd5bd396e0>,16,25,[9 4],17,-1,42,-1,17
1,<environment.Job instance at 0x7fdd5b587e10>,24,20,[12  3],25,-1,48,-1,28
1,<environment.Job instance at 0x7fdd5bd39c30>,20,13,[9 1],21,-1,46,-1,33
1,<environment.Job instance at 0x7fdd5bd39f50>,10,21,[9 1],11,-1,55,-1,34
1,<environment.Job instance at 0x7fdd5bd39190>,21,27,[ 5 14],22,-1,61,-1,34
1,<environment.Job instance at 0x7fdd5b587960>,26,26,[13  3],27,-1,63,-1,37
1,<environment.Job instance at 0x7fdd5bb026e0>,1,25,[ 4 12],2,-1,66,-1,41
1,<environment.Job instance at 0x7fdd5b587730>,28,27,[7 3],29,-1,68,-1,41
1,<environment.Job instance at 0x7fdd5bd39280>,18,26,[ 3 10],19,-1,67,-1,41
1,<environment.Job instance at 0x7fdd5b587140>,29,22,[3 9],30,-1,63,-1,41
1,<environment.Job instance at 0x7fdd5b587a00>,30,13,[13  3],31,-1,54,-1,41
1,<environment.Job instance at 0x7fdd5b587be0>,31,12,[12  5],32,-1,54,-1,42
1,<environment.Job instance at 0x7fdd5b587cd0>,32,14,[12  5],33,-1,56,-1,42
1,<environment.Job instance at 0x7fdd5b5872d0>,33,22,[14  5],34,-1,64,-1,42
1,<environment.Job instance at 0x7fdd5bb02460>,2,26,[5 5],3,-1,68,-1,42
1,<environment.Job instance at 0x7fdd5b587f00>,35,22,[10  3],36,-1,64,-1,42
1,<environment.Job instance at 0x7fdd5b5874b0>,37,14,[12  5],38,-1,56,-1,42
1,<environment.Job instance at 0x7fdd5b587f50>,40,12,[9 5],41,-1,54,-1,42
1,<environment.Job instance at 0x7fdd650c4e60>,43,17,[ 5 11],44,-1,83,-1,66
1,<environment.Job instance at 0x7fdd650c4320>,47,14,[9 5],48,-1,80,-1,66
1,<environment.Job instance at 0x7fdd650c4730>,49,25,[9 4],50,-1,91,-1,66
1,<environment.Job instance at 0x7fdd5b5873c0>,27,23,[9 5],28,-1,90,-1,67
1,<environment.Job instance at 0x7fdd650c4370>,50,15,[13  3],51,-1,82,-1,67
1,<environment.Job instance at 0x7fdd5c03e910>,57,26,[4 9],58,-1,127,-1,101
1,<environment.Job instance at 0x7fdd65441640>,0,23,[13  4],1,-1,24,-1,1
1,<environment.Job instance at 0x7fdd654415f0>,1,25,[ 4 12],2,-1,27,-1,2
1,<environment.Job instance at 0x7fdd65441be0>,2,26,[5 5],3,-1,29,-1,3
1,<environment.Job instance at 0x7fdd5c32c050>,6,14,[11  3],7,-1,21,-1,7
1,<environment.Job instance at 0x7fdd65441c80>,11,19,[ 3 11],12,-1,37,-1,18
1,<environment.Job instance at 0x7fdd5bc93870>,14,27,[5 6],15,-1,45,-1,18
1,<environment.Job instance at 0x7fdd5c32c640>,5,25,[ 2 10],6,-1,49,-1,24
1,<environment.Job instance at 0x7fdd5bc93d20>,17,25,[12  3],18,-1,49,-1,24
1,<environment.Job instance at 0x7fdd5b4acd70>,18,26,[ 3 10],19,-1,50,-1,24
1,<environment.Job instance at 0x7fdd5bc93be0>,16,25,[9 4],17,-1,55,-1,30
1,<environment.Job instance at 0x7fdd5c1b5910>,21,27,[ 5 14],22,-1,57,-1,30
1,<environment.Job instance at 0x7fdd5b582b90>,22,17,[14  2],23,-1,47,-1,30
1,<environment.Job instance at 0x7fdd6508d5a0>,23,15,[12  2],24,-1,45,-1,30
1,<environment.Job instance at 0x7fdd6508da00>,24,20,[12  3],25,-1,50,-1,30
1,<environment.Job instance at 0x7fdd5bc808c0>,26,26,[13  3],27,-1,56,-1,30
1,<environment.Job instance at 0x7fdd5bc805f0>,28,27,[7 3],29,-1,67,-1,40
1,<environment.Job instance at 0x7fdd5bc80eb0>,30,13,[13  3],31,-1,53,-1,40
1,<environment.Job instance at 0x7fdd5c05bbe0>,31,12,[12  5],32,-1,52,-1,40
1,<environment.Job instance at 0x7fdd5c05be10>,32,14,[12  5],33,-1,54,-1,40
1,<environment.Job instance at 0x7fdd5c05b3c0>,33,22,[14  5],34,-1,62,-1,40
1,<environment.Job instance at 0x7fdd65091460>,37,14,[12  5],38,-1,62,-1,48
1,<environment.Job instance at 0x7fdd5bc968c0>,38,14,[12  2],39,-1,62,-1,48
1,<environment.Job instance at 0x7fdd5bc960a0>,39,23,[ 5 11],40,-1,71,-1,48
1,<environment.Job instance at 0x7fdd5b7394b0>,27,23,[9 5],28,-1,80,-1,57
1,<environment.Job instance at 0x7fdd5bc96b90>,41,14,[ 3 11],42,-1,71,-1,57
1,<environment.Job instance at 0x7fdd5c05df00>,42,15,[11  2],43,-1,72,-1,57
1,<environment.Job instance at 0x7fdd5c05d4b0>,43,17,[ 5 11],44,-1,74,-1,57
1,<environment.Job instance at 0x7fdd5c074820>,49,25,[9 4],50,-1,119,-1,94
1,<environment.Job instance at 0x7fdd5c073500>,50,15,[13  3],51,-1,109,-1,94
1,<environment.Job instance at 0x7fdd5c0730a0>,51,17,[ 1 14],52,-1,111,-1,94
1,<environment.Job instance at 0x7fdd5c0508c0>,53,28,[ 5 13],54,-1,122,-1,94
1,<environment.Job instance at 0x7fdd5c050a50>,54,15,[12  1],55,-1,109,-1,94
1,<environment.Job instance at 0x7fdd5c050d20>,55,25,[ 5 14],56,-1,119,-1,94
1,<environment.Job instance at 0x7fdd5bc8a410>,57,26,[4 9],58,-1,134,-1,108
1,<environment.Job instance at 0x7fdd5bc8a3c0>,59,18,[11  4],60,-1,126,-1,108
1,<environment.Job instance at 0x7fdd5c063550>,60,14,[14  4],61,-1,122,-1,108
1,<environment.Job instance at 0x7fdd5bc8a690>,61,26,[ 5 12],62,-1,134,-1,108
1,<environment.Job instance at 0x7fdd5c0507d0>,58,27,[10  5],59,-1,136,-1,109
1,<environment.Job instance at 0x7fdd5c063410>,63,16,[13  4],64,-1,125,-1,109
1,<environment.Job instance at 0x7fdd5b5f2500>,65,16,[ 5 12],66,-1,125,-1,109
1,<environment.Job instance at 0x7fdd5bd35d20>,0,16,[ 1 10],1,-1,17,-1,1
1,<environment.Job instance at 0x7fdd5bd351e0>,4,21,[5 8],5,-1,27,-1,6
1,<environment.Job instance at 0x7fdd5bd35500>,6,24,[1 8],7,-1,31,-1,7
1,<environment.Job instance at 0x7fdd5bd35f50>,7,17,[ 1 10],8,-1,25,-1,8
1,<environment.Job instance at 0x7fdd5bd35820>,8,16,[7 4],9,-1,25,-1,9
1,<environment.Job instance at 0x7fdd5bd35af0>,9,12,[11  2],10,-1,22,-1,10
1,<environment.Job instance at 0x7fdd5bf78be0>,10,18,[ 3 11],11,-1,29,-1,11
1,<environment.Job instance at 0x7fdd5bf78870>,11,15,[ 3 12],12,-1,27,-1,12
1,<environment.Job instance at 0x7fdd5bf785a0>,13,24,[2 8],14,-1,38,-1,14
1,<environment.Job instance at 0x7fdd5bf78190>,14,24,[5 7],15,-1,39,-1,15
1,<environment.Job instance at 0x7fdd5bf780f0>,16,12,[ 5 14],17,-1,29,-1,17
1,<environment.Job instance at 0x7fdd5bf78960>,19,26,[1 8],20,-1,46,-1,20
1,<environment.Job instance at 0x7fdd5bf78d70>,24,24,[5 3],25,-1,49,-1,25
1,<environment.Job instance at 0x7fdd5b317690>,29,20,[ 4 13],30,-1,74,-1,54
1,<environment.Job instance at 0x7fdd5bd35cd0>,5,21,[11  3],6,-1,75,-1,54
1,<environment.Job instance at 0x7fdd5b317f50>,32,16,[9 3],33,-1,70,-1,54
1,<environment.Job instance at 0x7fdd5b317230>,34,22,[6 3],35,-1,76,-1,54
1,<environment.Job instance at 0x7fdd5b317d70>,33,26,[9 3],34,-1,85,-1,59
1,<environment.Job instance at 0x7fdd5b317190>,35,20,[14  4],36,-1,79,-1,59
1,<environment.Job instance at 0x7fdd5b317820>,36,17,[4 7],37,-1,76,-1,59
1,<environment.Job instance at 0x7fdd5b317b90>,38,14,[14  2],39,-1,73,-1,59
1,<environment.Job instance at 0x7fdd5b317870>,39,20,[14  4],40,-1,79,-1,59
1,<environment.Job instance at 0x7fdd5b3171e0>,40,15,[ 4 12],41,-1,74,-1,59
1,<environment.Job instance at 0x7fdd5b317eb0>,37,14,[ 3 11],38,-1,73,-1,59
1,<environment.Job instance at 0x7fdd5b317140>,41,16,[2 7],42,-1,75,-1,59
1,<environment.Job instance at 0x7fdd5b3176e0>,43,21,[2 6],44,-1,81,-1,60
1,<environment.Job instance at 0x7fdd5b3178c0>,42,26,[13  4],43,-1,86,-1,60
1,<environment.Job instance at 0x7fdd65091690>,45,16,[11  5],46,-1,76,-1,60
1,<environment.Job instance at 0x7fdd5b3170f0>,44,24,[ 3 14],45,-1,84,-1,60
1,<environment.Job instance at 0x7fdd650917d0>,50,18,[3 9],51,-1,94,-1,76
1,<environment.Job instance at 0x7fdd5c3bf460>,1,22,[14  3],2,-1,24,-1,2
1,<environment.Job instance at 0x7fdd5c3bfcd0>,2,22,[11  5],3,-1,25,-1,3
1,<environment.Job instance at 0x7fdd5c3a8a50>,5,21,[11  3],6,-1,27,-1,6
1,<environment.Job instance at 0x7fdd5bce1500>,9,12,[11  2],10,-1,22,-1,10
1,<environment.Job instance at 0x7fdd5c3965a0>,10,18,[ 3 11],11,-1,29,-1,11
1,<environment.Job instance at 0x7fdd5c396500>,11,15,[ 3 12],12,-1,27,-1,12
1,<environment.Job instance at 0x7fdd5b7eed70>,13,24,[2 8],14,-1,41,-1,17
1,<environment.Job instance at 0x7fdd5c39b7d0>,14,24,[5 7],15,-1,41,-1,17
1,<environment.Job instance at 0x7fdd5c39b280>,15,13,[14  2],16,-1,30,-1,17
1,<environment.Job instance at 0x7fdd5c39b370>,16,12,[ 5 14],17,-1,29,-1,17
1,<environment.Job instance at 0x7fdd5bccc550>,6,24,[1 8],7,-1,41,-1,17
1,<environment.Job instance at 0x7fdd5c393e60>,17,28,[11  4],18,-1,46,-1,18
1,<environment.Job instance at 0x7fdd5c393f00>,18,23,[1 6],19,-1,55,-1,32
1,<environment.Job instance at 0x7fdd5c393fa0>,19,26,[1 8],20,-1,58,-1,32
1,<environment.Job instance at 0x7fdd5c3aa3c0>,24,24,[5 3],25,-1,57,-1,33
1,<environment.Job instance at 0x7fdd5c3aac80>,25,15,[ 1 14],26,-1,48,-1,33
1,<environment.Job instance at 0x7fdd5c3aa370>,26,24,[5 2],27,-1,57,-1,33
1,<environment.Job instance at 0x7fdd5c3aa690>,27,25,[8 1],28,-1,58,-1,33
1,<environment.Job instance at 0x7fdd5c3aa280>,29,20,[ 4 13],30,-1,53,-1,33
1,<environment.Job instance at 0x7fdd5c3835a0>,23,25,[7 5],24,-1,69,-1,44
1,<environment.Job instance at 0x7fdd5b3afb90>,33,26,[9 3],34,-1,77,-1,51
1,<environment.Job instance at 0x7fdd5c291be0>,35,20,[14  4],36,-1,71,-1,51
1,<environment.Job instance at 0x7fdd5c299190>,37,14,[ 3 11],38,-1,65,-1,51
1,<environment.Job instance at 0x7fdd5c299870>,38,14,[14  2],39,-1,65,-1,51
1,<environment.Job instance at 0x7fdd5c299640>,39,20,[14  4],40,-1,71,-1,51
1,<environment.Job instance at 0x7fdd5ba2ed70>,40,15,[ 4 12],41,-1,66,-1,51
1,<environment.Job instance at 0x7fdd5c299910>,42,26,[13  4],43,-1,77,-1,51
1,<environment.Job instance at 0x7fdd5c29ac80>,44,24,[ 3 14],45,-1,91,-1,67
1,<environment.Job instance at 0x7fdd5c39df00>,45,16,[11  5],46,-1,83,-1,67
1,<environment.Job instance at 0x7fdd5c39dd20>,47,13,[13  2],48,-1,80,-1,67
1,<environment.Job instance at 0x7fdd5c39dd70>,48,23,[11  5],49,-1,90,-1,67
1,<environment.Job instance at 0x7fdd5c39deb0>,49,23,[8 2],50,-1,90,-1,67
1,<environment.Job instance at 0x7fdd5beb6aa0>,51,14,[ 3 13],52,-1,81,-1,67
1,<environment.Job instance at 0x7fdd5bcdfbe0>,52,23,[6 1],53,-1,90,-1,67
1,<environment.Job instance at 0x7fdd5bcdf1e0>,53,19,[12  4],54,-1,86,-1,67
1,<environment.Job instance at 0x7fdd5bcbb280>,55,16,[13  3],56,-1,83,-1,67
1,<environment.Job instance at 0x7fdd5bb4da00>,58,26,[1 8],59,-1,122,-1,96
1,<environment.Job instance at 0x7fdd5bcbb410>,59,12,[ 1 13],60,-1,108,-1,96
1,<environment.Job instance at 0x7fdd5bcbba50>,60,26,[ 2 10],61,-1,122,-1,96
1,<environment.Job instance at 0x7fdd5ba61870>,64,16,[ 3 12],65,-1,124,-1,108
1,<environment.Job instance at 0x7fdd5bc1ec80>,65,26,[ 5 13],66,-1,134,-1,108
1,<environment.Job instance at 0x7fdd5ba72f50>,2,23,[7 1],3,-1,27,-1,4
1,<environment.Job instance at 0x7fdd5ba725a0>,3,13,[13  4],4,-1,18,-1,5
1,<environment.Job instance at 0x7fdd5ba72190>,10,17,[10  3],11,-1,31,-1,14
1,<environment.Job instance at 0x7fdd5ba72fa0>,9,18,[12  3],10,-1,39,-1,21
1,<environment.Job instance at 0x7fdd5ba72910>,14,28,[7 1],15,-1,49,-1,21
1,<environment.Job instance at 0x7fdd5ba725f0>,4,18,[14  3],5,-1,39,-1,21
1,<environment.Job instance at 0x7fdd5ba72aa0>,7,25,[ 4 12],8,-1,46,-1,21
1,<environment.Job instance at 0x7fdd5ba72a50>,16,23,[2 7],17,-1,44,-1,21
1,<environment.Job instance at 0x7fdd5b726690>,0,21,[ 1 12],1,-1,22,-1,1
1,<environment.Job instance at 0x7fdd5ba72eb0>,1,16,[ 2 13],2,-1,18,-1,2
1,<environment.Job instance at 0x7fdd5ba72a00>,2,23,[7 1],3,-1,26,-1,3
1,<environment.Job instance at 0x7fdd5ba721e0>,3,13,[13  4],4,-1,17,-1,4
1,<environment.Job instance at 0x7fdd5b726b40>,4,18,[14  3],5,-1,23,-1,5
1,<environment.Job instance at 0x7fdd5ba72320>,6,24,[14  5],7,-1,31,-1,7
1,<environment.Job instance at 0x7fdd5b6e9eb0>,7,25,[ 4 12],8,-1,33,-1,8
1,<environment.Job instance at 0x7fdd5b6e9b40>,9,18,[12  3],10,-1,28,-1,10
1,<environment.Job instance at 0x7fdd5b4f3460>,11,18,[ 2 11],12,-1,30,-1,12
1,<environment.Job instance at 0x7fdd5b6e9730>,12,13,[11  3],13,-1,26,-1,13
1,<environment.Job instance at 0x7fdd5b6e9c80>,13,18,[13  2],14,-1,32,-1,14
1,<environment.Job instance at 0x7fdd5b6e9320>,15,23,[ 5 13],16,-1,39,-1,16
1,<environment.Job instance at 0x7fdd5b6e9b90>,18,25,[ 2 12],19,-1,44,-1,19
1,<environment.Job instance at 0x7fdd5b6ee640>,19,12,[ 4 14],20,-1,32,-1,20
1,<environment.Job instance at 0x7fdd5b6e9aa0>,14,28,[7 1],15,-1,49,-1,21
1,<environment.Job instance at 0x7fdd5b6eea50>,20,28,[10  3],21,-1,49,-1,21
1,<environment.Job instance at 0x7fdd5b6ee690>,21,23,[11  2],22,-1,45,-1,22
1,<environment.Job instance at 0x7fdd5b6e9cd0>,16,23,[2 7],17,-1,47,-1,24
1,<environment.Job instance at 0x7fdd5b6e9050>,17,28,[ 1 10],18,-1,52,-1,24
1,<environment.Job instance at 0x7fdd5b6eeaf0>,25,16,[12  5],26,-1,42,-1,26
1,<environment.Job instance at 0x7fdd5b6eef50>,26,22,[ 3 12],27,-1,49,-1,27
1,<environment.Job instance at 0x7fdd5b6eedc0>,27,14,[12  4],28,-1,42,-1,28
1,<environment.Job instance at 0x7fdd5b6eee60>,28,28,[11  3],29,-1,57,-1,29
1,<environment.Job instance at 0x7fdd5b6eefa0>,29,24,[ 5 12],30,-1,54,-1,30
1,<environment.Job instance at 0x7fdd5b6eee10>,31,13,[ 3 13],32,-1,45,-1,32
1,<environment.Job instance at 0x7fdd5b6ee730>,32,23,[14  4],33,-1,56,-1,33
1,<environment.Job instance at 0x7fdd5b6fabe0>,33,17,[13  5],34,-1,51,-1,34
1,<environment.Job instance at 0x7fdd5b6fa0f0>,34,22,[13  1],35,-1,57,-1,35
1,<environment.Job instance at 0x7fdd5b6faa50>,35,24,[12  4],36,-1,60,-1,36
1,<environment.Job instance at 0x7fdd5b6ee280>,24,27,[1 7],25,-1,65,-1,38
1,<environment.Job instance at 0x7fdd5b6eeeb0>,30,27,[2 5],31,-1,65,-1,38
1,<environment.Job instance at 0x7fdd5b6fa8c0>,36,25,[6 3],37,-1,63,-1,38
1,<environment.Job instance at 0x7fdd5b6ee230>,37,27,[9 5],38,-1,65,-1,38
1,<environment.Job instance at 0x7fdd5b6fa820>,38,18,[ 3 11],39,-1,57,-1,39
1,<environment.Job instance at 0x7fdd5b6fac30>,39,14,[ 2 13],40,-1,54,-1,40
1,<environment.Job instance at 0x7fdd5b6fa780>,44,17,[ 4 14],45,-1,62,-1,45
1,<environment.Job instance at 0x7fdd5b6fa7d0>,45,15,[ 2 14],46,-1,61,-1,46
1,<environment.Job instance at 0x7fdd5b6fa960>,41,23,[3 9],42,-1,76,-1,53
1,<environment.Job instance at 0x7fdd5b707d70>,50,23,[5 9],51,-1,76,-1,53
1,<environment.Job instance at 0x7fdd5b707730>,51,17,[ 2 14],52,-1,70,-1,53
1,<environment.Job instance at 0x7fdd5b707cd0>,52,22,[11  4],53,-1,75,-1,53
1,<environment.Job instance at 0x7fdd5b7070f0>,53,28,[11  2],54,-1,82,-1,54
1,<environment.Job instance at 0x7fdd5b707e60>,54,28,[ 4 10],55,-1,88,-1,60
1,<environment.Job instance at 0x7fdd5b707910>,57,26,[12  4],58,-1,86,-1,60
1,<environment.Job instance at 0x7fdd5b707960>,58,13,[12  3],59,-1,73,-1,60
1,<environment.Job instance at 0x7fdd5b707f50>,59,16,[ 5 11],60,-1,76,-1,60
1,<environment.Job instance at 0x7fdd5b7077d0>,55,24,[6 2],56,-1,89,-1,65
1,<environment.Job instance at 0x7fdd5b707b40>,61,20,[ 1 11],62,-1,85,-1,65
1,<environment.Job instance at 0x7fdd5b71a870>,64,19,[ 4 11],65,-1,104,-1,85
1,<environment.Job instance at 0x7fdd5b71ac30>,66,19,[13  2],67,-1,104,-1,85
1,<environment.Job instance at 0x7fdd5b71a6e0>,67,27,[5 9],68,-1,112,-1,85
1,<environment.Job instance at 0x7fdd5b71ae10>,68,24,[ 3 14],69,-1,109,-1,85
1,<environment.Job instance at 0x7fdd5b71a9b0>,69,24,[3 7],70,-1,109,-1,85
1,<environment.Job instance at 0x7fdd5b71a5f0>,72,14,[ 5 11],73,-1,111,-1,97
1,<environment.Job instance at 0x7fdd5bd020a0>,2,15,[9 3],3,-1,19,-1,4
1,<environment.Job instance at 0x7fdd65091050>,3,13,[11  2],4,-1,17,-1,4
1,<environment.Job instance at 0x7fdd5bd02eb0>,4,21,[2 7],5,-1,27,-1,6
1,<environment.Job instance at 0x7fdd5bd02870>,5,26,[11  3],6,-1,32,-1,6
1,<environment.Job instance at 0x7fdd5bd029b0>,6,25,[5 3],7,-1,32,-1,7
1,<environment.Job instance at 0x7fdd5bd02e60>,9,19,[ 3 10],10,-1,30,-1,11
1,<environment.Job instance at 0x7fdd5bd02050>,11,20,[10  3],12,-1,32,-1,12
1,<environment.Job instance at 0x7fdd5bd02d70>,12,27,[7 2],13,-1,40,-1,13
1,<environment.Job instance at 0x7fdd5bd024b0>,14,21,[10  1],15,-1,40,-1,19
1,<environment.Job instance at 0x7fdd5bd02500>,22,16,[ 5 10],23,-1,41,-1,25
1,<environment.Job instance at 0x7fdd5c59dc80>,23,12,[13  2],24,-1,46,-1,34
1,<environment.Job instance at 0x7fdd5bd028c0>,13,12,[13  2],14,-1,46,-1,34
1,<environment.Job instance at 0x7fdd5bd02320>,18,18,[ 5 12],19,-1,54,-1,36
1,<environment.Job instance at 0x7fdd5c59dbe0>,25,26,[2 8],26,-1,64,-1,38
1,<environment.Job instance at 0x7fdd5bd02780>,21,25,[4 8],22,-1,63,-1,38
1,<environment.Job instance at 0x7fdd5c59de60>,29,16,[3 6],30,-1,54,-1,38
1,<environment.Job instance at 0x7fdd5c59d640>,31,23,[8 4],32,-1,71,-1,48
1,<environment.Job instance at 0x7fdd5c59dcd0>,33,18,[11  3],34,-1,66,-1,48
1,<environment.Job instance at 0x7fdd5c59df50>,26,23,[4 7],27,-1,102,-1,79
1,<environment.Job instance at 0x7fdd5bd02fa0>,24,22,[6 2],25,-1,101,-1,79
1,<environment.Job instance at 0x7fdd5bdde0f0>,40,14,[4 6],41,-1,93,-1,79
1,<environment.Job instance at 0x7fdd5bdde5f0>,41,27,[2 7],42,-1,107,-1,80
1,<environment.Job instance at 0x7fdd5bddef00>,42,15,[9 2],43,-1,97,-1,82
1,<environment.Job instance at 0x7fdd5bdde5a0>,43,16,[8 4],44,-1,99,-1,83
1,<environment.Job instance at 0x7fdd5c59d870>,27,12,[10  2],28,-1,95,-1,83
1,<environment.Job instance at 0x7fdd5bdde190>,44,14,[ 2 11],45,-1,97,-1,83
1,<environment.Job instance at 0x7fdd5bd02cd0>,20,26,[12  2],21,-1,110,-1,84
1,<environment.Job instance at 0x7fdd5bdde410>,45,23,[ 3 14],46,-1,110,-1,87
1,<environment.Job instance at 0x7fdd5c59d8c0>,28,14,[ 2 13],29,-1,101,-1,87
1,<environment.Job instance at 0x7fdd5bddedc0>,48,27,[11  5],49,-1,114,-1,87
1,<environment.Job instance at 0x7fdd5bdded20>,49,21,[ 5 13],50,-1,110,-1,89
1,<environment.Job instance at 0x7fdd5bdde820>,50,14,[12  4],51,-1,103,-1,89
1,<environment.Job instance at 0x7fdd5b2ca460>,51,17,[4 9],52,-1,106,-1,89
1,<environment.Job instance at 0x7fdd5bddeb90>,39,23,[4 9],40,-1,112,-1,89
1,<environment.Job instance at 0x7fdd5b2cac80>,52,28,[14  3],53,-1,117,-1,89
1,<environment.Job instance at 0x7fdd5b2ca500>,54,22,[ 5 12],55,-1,111,-1,89
1,<environment.Job instance at 0x7fdd5b2caaf0>,55,24,[ 1 14],56,-1,113,-1,89
1,<environment.Job instance at 0x7fdd5b2cafa0>,56,25,[ 1 14],57,-1,114,-1,89
1,<environment.Job instance at 0x7fdd5b2ca730>,57,12,[ 4 10],58,-1,101,-1,89
1,<environment.Job instance at 0x7fdd5b2ca0a0>,58,14,[4 9],59,-1,103,-1,89
1,<environment.Job instance at 0x7fdd5b2ca1e0>,59,21,[14  3],60,-1,110,-1,89
1,<environment.Job instance at 0x7fdd5b2ca050>,60,17,[11  1],61,-1,106,-1,89
1,<environment.Job instance at 0x7fdd5bdde460>,46,12,[ 2 10],47,-1,102,-1,90
1,<environment.Job instance at 0x7fdd5b2ca230>,53,13,[7 4],54,-1,116,-1,103
1,<environment.Job instance at 0x7fdd5b2cadc0>,62,19,[9 4],63,-1,123,-1,104
1,<environment.Job instance at 0x7fdd5b2ca280>,65,28,[5 9],66,-1,134,-1,106
1,<environment.Job instance at 0x7fdd5bcbfc30>,0,24,[9 1],1,-1,25,-1,1
1,<environment.Job instance at 0x7fdd5b6fdbe0>,3,13,[11  2],4,-1,17,-1,4
1,<environment.Job instance at 0x7fdd5bcbfe10>,5,26,[11  3],6,-1,32,-1,6
1,<environment.Job instance at 0x7fdd5b6fd500>,8,21,[ 3 11],9,-1,30,-1,9
1,<environment.Job instance at 0x7fdd5b6fd460>,12,27,[7 2],13,-1,45,-1,18
1,<environment.Job instance at 0x7fdd5b6f94b0>,13,12,[13  2],14,-1,30,-1,18
1,<environment.Job instance at 0x7fdd5b6f91e0>,15,12,[ 2 14],16,-1,30,-1,18
1,<environment.Job instance at 0x7fdd5b6f9550>,16,17,[ 1 12],17,-1,35,-1,18
1,<environment.Job instance at 0x7fdd5b6f90a0>,17,22,[13  4],18,-1,40,-1,18
1,<environment.Job instance at 0x7fdd5b6fd050>,6,25,[5 3],7,-1,43,-1,18
1,<environment.Job instance at 0x7fdd5b6f9f50>,18,18,[ 5 12],19,-1,37,-1,19
1,<environment.Job instance at 0x7fdd5b6f9320>,19,25,[12  1],20,-1,45,-1,20
1,<environment.Job instance at 0x7fdd5b6f9960>,20,26,[12  2],21,-1,47,-1,21
1,<environment.Job instance at 0x7fdd5b6f9b90>,21,25,[4 8],22,-1,55,-1,30
1,<environment.Job instance at 0x7fdd5b6f9050>,23,12,[13  2],24,-1,42,-1,30
1,<environment.Job instance at 0x7fdd5b6f9af0>,26,23,[4 7],27,-1,69,-1,46
1,<environment.Job instance at 0x7fdd5b6f9500>,25,26,[2 8],26,-1,72,-1,46
1,<environment.Job instance at 0x7fdd5b71a140>,28,14,[ 2 13],29,-1,60,-1,46
1,<environment.Job instance at 0x7fdd5b71a050>,32,27,[ 1 13],33,-1,82,-1,55
1,<environment.Job instance at 0x7fdd5b71ac80>,33,18,[11  3],34,-1,73,-1,55
1,<environment.Job instance at 0x7fdd5b71aaf0>,35,13,[12  1],36,-1,74,-1,61
1,<environment.Job instance at 0x7fdd5b71ae10>,36,12,[12  5],37,-1,73,-1,61
1,<environment.Job instance at 0x7fdd5b71a6e0>,37,12,[ 3 12],38,-1,73,-1,61
1,<environment.Job instance at 0x7fdd5b71ab90>,31,23,[8 4],32,-1,90,-1,67
1,<environment.Job instance at 0x7fdd5b71ac30>,41,27,[2 7],42,-1,107,-1,80
1,<environment.Job instance at 0x7fdd5b707d20>,44,14,[ 2 11],45,-1,94,-1,80
1,<environment.Job instance at 0x7fdd5b707f50>,45,23,[ 3 14],46,-1,103,-1,80
1,<environment.Job instance at 0x7fdd5b71a820>,39,23,[4 9],40,-1,117,-1,94
1,<environment.Job instance at 0x7fdd5b707f00>,47,15,[ 2 13],48,-1,109,-1,94
1,<environment.Job instance at 0x7fdd5b7070f0>,48,27,[11  5],49,-1,121,-1,94
1,<environment.Job instance at 0x7fdd5b707a00>,49,21,[ 5 13],50,-1,115,-1,94
1,<environment.Job instance at 0x7fdd5b707aa0>,50,14,[12  4],51,-1,108,-1,94
1,<environment.Job instance at 0x7fdd5b707b90>,52,28,[14  3],53,-1,122,-1,94
1,<environment.Job instance at 0x7fdd5b7070a0>,54,22,[ 5 12],55,-1,117,-1,95
1,<environment.Job instance at 0x7fdd5b707a50>,55,24,[ 1 14],56,-1,119,-1,95
1,<environment.Job instance at 0x7fdd5b707c80>,56,25,[ 1 14],57,-1,120,-1,95
1,<environment.Job instance at 0x7fdd5b6fa7d0>,59,21,[14  3],60,-1,129,-1,108
1,<environment.Job instance at 0x7fdd5b6fa0a0>,60,17,[11  1],61,-1,125,-1,108
1,<environment.Job instance at 0x7fdd5b5a1f00>,0,18,[1 7],1,-1,19,-1,1
1,<environment.Job instance at 0x7fdd5b5a1eb0>,1,19,[4 6],2,-1,21,-1,2
1,<environment.Job instance at 0x7fdd5b5a1a00>,3,17,[2 8],4,-1,22,-1,5
1,<environment.Job instance at 0x7fdd80cea960>,4,27,[6 4],5,-1,32,-1,5
1,<environment.Job instance at 0x7fdd5b17a730>,7,15,[9 5],8,-1,25,-1,10
1,<environment.Job instance at 0x7fdd5b77e0a0>,10,25,[1 6],11,-1,36,-1,11
1,<environment.Job instance at 0x7fdd5b799dc0>,21,15,[14  4],22,-1,44,-1,29
1,<environment.Job instance at 0x7fdd5b77e1e0>,14,18,[3 9],15,-1,47,-1,29
1,<environment.Job instance at 0x7fdd5c8c7eb0>,2,28,[ 5 13],3,-1,31,-1,3
1,<environment.Job instance at 0x7fdd5c8c70a0>,5,13,[11  2],6,-1,19,-1,6
1,<environment.Job instance at 0x7fdd5bdddaf0>,6,17,[ 2 14],7,-1,24,-1,7
1,<environment.Job instance at 0x7fdd5c8c7820>,4,27,[6 4],5,-1,46,-1,19
1,<environment.Job instance at 0x7fdd5bdc60a0>,10,25,[1 6],11,-1,44,-1,19
1,<environment.Job instance at 0x7fdd5c275f00>,11,20,[11  1],12,-1,39,-1,19
1,<environment.Job instance at 0x7fdd5c263230>,15,12,[ 1 13],16,-1,31,-1,19
1,<environment.Job instance at 0x7fdd5c1c9eb0>,16,23,[1 5],17,-1,42,-1,19
1,<environment.Job instance at 0x7fdd5c1c9d70>,17,14,[ 3 11],18,-1,33,-1,19
1,<environment.Job instance at 0x7fdd5b93b690>,19,15,[14  1],20,-1,35,-1,20
1,<environment.Job instance at 0x7fdd5c8ed730>,21,15,[14  4],22,-1,47,-1,32
1,<environment.Job instance at 0x7fdd5b936910>,23,20,[12  3],24,-1,52,-1,32
1,<environment.Job instance at 0x7fdd5c8a3e10>,24,20,[ 4 11],25,-1,52,-1,32
1,<environment.Job instance at 0x7fdd5c8a3140>,25,19,[ 2 13],26,-1,51,-1,32
1,<environment.Job instance at 0x7fdd5c8a3eb0>,26,15,[14  2],27,-1,47,-1,32
1,<environment.Job instance at 0x7fdd5c8a3500>,27,12,[13  3],28,-1,44,-1,32
1,<environment.Job instance at 0x7fdd5c8ed9b0>,22,25,[ 5 10],23,-1,58,-1,33
1,<environment.Job instance at 0x7fdd5c9021e0>,29,21,[11  1],30,-1,54,-1,33
1,<environment.Job instance at 0x7fdd5c8aec30>,31,25,[10  4],32,-1,72,-1,47
1,<environment.Job instance at 0x7fdd5c8aebe0>,32,23,[8 3],33,-1,70,-1,47
1,<environment.Job instance at 0x7fdd5caddd20>,34,18,[14  3],35,-1,65,-1,47
1,<environment.Job instance at 0x7fdd5c2603c0>,35,13,[11  5],36,-1,60,-1,47
1,<environment.Job instance at 0x7fdd5c260190>,37,20,[12  2],38,-1,67,-1,47
1,<environment.Job instance at 0x7fdd5c260be0>,39,28,[8 4],40,-1,90,-1,62
1,<environment.Job instance at 0x7fdd5c260c30>,40,17,[ 3 13],41,-1,79,-1,62
1,<environment.Job instance at 0x7fdd5c2607d0>,42,18,[11  5],43,-1,80,-1,62
1,<environment.Job instance at 0x7fdd5c8958c0>,44,19,[12  3],45,-1,81,-1,62
1,<environment.Job instance at 0x7fdd5c895780>,45,27,[ 1 13],46,-1,89,-1,62
1,<environment.Job instance at 0x7fdd5c895b90>,46,18,[11  3],47,-1,80,-1,62
1,<environment.Job instance at 0x7fdd5c85aaf0>,48,21,[ 5 12],49,-1,83,-1,62
1,<environment.Job instance at 0x7fdd5c8a9910>,51,19,[ 2 13],52,-1,95,-1,76
1,<environment.Job instance at 0x7fdd5b9a6690>,52,24,[ 4 12],53,-1,100,-1,76
1,<environment.Job instance at 0x7fdd5b9a6af0>,54,23,[ 4 11],55,-1,113,-1,90
1,<environment.Job instance at 0x7fdd5c870280>,55,15,[14  2],56,-1,105,-1,90
1,<environment.Job instance at 0x7fdd5c869320>,58,24,[4 6],59,-1,126,-1,102
1,<environment.Job instance at 0x7fdd5c8a2f00>,59,23,[13  5],60,-1,125,-1,102
1,<environment.Job instance at 0x7fdd5c870460>,60,28,[14  2],61,-1,130,-1,102
1,<environment.Job instance at 0x7fdd5c870b90>,1,12,[10  3],2,-1,16,-1,4
1,<environment.Job instance at 0x7fdd5c8705a0>,3,16,[13  2],4,-1,20,-1,4
1,<environment.Job instance at 0x7fdd5c870370>,4,13,[9 5],5,-1,21,-1,8
1,<environment.Job instance at 0x7fdd5c870eb0>,8,15,[9 3],9,-1,24,-1,9
1,<environment.Job instance at 0x7fdd5c870dc0>,9,20,[3 9],10,-1,30,-1,10
1,<environment.Job instance at 0x7fdd5c870820>,12,24,[7 4],13,-1,37,-1,13
1,<environment.Job instance at 0x7fdd5c06eb40>,0,25,[2 8],1,-1,26,-1,1
1,<environment.Job instance at 0x7fdd5c884e10>,3,16,[13  2],4,-1,20,-1,4
1,<environment.Job instance at 0x7fdd5c06e870>,5,12,[ 3 11],6,-1,18,-1,6
1,<environment.Job instance at 0x7fdd5c0724b0>,6,13,[11  3],7,-1,20,-1,7
1,<environment.Job instance at 0x7fdd5c073be0>,10,25,[ 1 13],11,-1,36,-1,11
1,<environment.Job instance at 0x7fdd5c073c80>,11,22,[14  2],12,-1,34,-1,12
1,<environment.Job instance at 0x7fdd5c058050>,13,17,[ 5 11],14,-1,31,-1,14
1,<environment.Job instance at 0x7fdd5c0581e0>,12,24,[7 4],13,-1,38,-1,14
1,<environment.Job instance at 0x7fdd5c0703c0>,14,20,[ 5 11],15,-1,35,-1,15
1,<environment.Job instance at 0x7fdd5c86a4b0>,15,21,[13  4],16,-1,37,-1,16
1,<environment.Job instance at 0x7fdd5c070460>,16,25,[12  4],17,-1,42,-1,17
1,<environment.Job instance at 0x7fdd5c86a050>,18,12,[13  4],19,-1,31,-1,19
1,<environment.Job instance at 0x7fdd5c86cc80>,19,21,[ 4 12],20,-1,41,-1,20
1,<environment.Job instance at 0x7fdd5c86c050>,20,13,[ 2 12],21,-1,34,-1,21
1,<environment.Job instance at 0x7fdd5c86c140>,22,21,[12  5],23,-1,44,-1,23
1,<environment.Job instance at 0x7fdd5c8797d0>,23,21,[ 5 11],24,-1,45,-1,24
1,<environment.Job instance at 0x7fdd5c86c0f0>,21,25,[3 8],22,-1,52,-1,27
1,<environment.Job instance at 0x7fdd5c8798c0>,25,21,[12  4],26,-1,48,-1,27
1,<environment.Job instance at 0x7fdd5c8796e0>,26,18,[12  3],27,-1,45,-1,27
1,<environment.Job instance at 0x7fdd5c063410>,28,12,[11  5],29,-1,41,-1,29
1,<environment.Job instance at 0x7fdd5c054910>,30,26,[5 7],31,-1,67,-1,41
1,<environment.Job instance at 0x7fdd5c8693c0>,31,16,[ 2 14],32,-1,57,-1,41
1,<environment.Job instance at 0x7fdd5c869410>,32,12,[ 5 13],33,-1,53,-1,41
1,<environment.Job instance at 0x7fdd5c85a140>,35,18,[12  1],36,-1,60,-1,42
1,<environment.Job instance at 0x7fdd5c2600f0>,36,27,[13  3],37,-1,69,-1,42
1,<environment.Job instance at 0x7fdd5c2600a0>,39,27,[ 5 14],40,-1,69,-1,42
1,<environment.Job instance at 0x7fdd5c260190>,40,19,[13  4],41,-1,61,-1,42
1,<environment.Job instance at 0x7fdd5caddd20>,41,15,[11  4],42,-1,57,-1,42
1,<environment.Job instance at 0x7fdd5c2605a0>,42,17,[14  1],43,-1,60,-1,43
1,<environment.Job instance at 0x7fdd5c260be0>,44,24,[ 1 12],45,-1,79,-1,55
1,<environment.Job instance at 0x7fdd5c8aea50>,45,15,[13  2],46,-1,70,-1,55
1,<environment.Job instance at 0x7fdd5c8aeb40>,46,16,[14  2],47,-1,71,-1,55
1,<environment.Job instance at 0x7fdd5c9021e0>,49,23,[11  2],50,-1,80,-1,57
1,<environment.Job instance at 0x7fdd5c8a3230>,53,22,[ 2 12],54,-1,95,-1,73
1,<environment.Job instance at 0x7fdd5b93b690>,54,28,[ 3 11],55,-1,101,-1,73
1,<environment.Job instance at 0x7fdd5c8ed730>,55,22,[ 3 13],56,-1,95,-1,73
1,<environment.Job instance at 0x7fdd5bdd3be0>,58,28,[9 5],59,-1,109,-1,81
1,<environment.Job instance at 0x7fdd5c275f00>,59,13,[13  1],60,-1,94,-1,81
1,<environment.Job instance at 0x7fdd5c047230>,62,23,[5 2],63,-1,118,-1,95
1,<environment.Job instance at 0x7fdd5c1c9d70>,63,22,[12  2],64,-1,117,-1,95
1,<environment.Job instance at 0x7fdd5c8704b0>,65,15,[11  3],66,-1,110,-1,95
1,<environment.Job instance at 0x7fdd5c870280>,66,28,[4 7],67,-1,135,-1,107
1,<environment.Job instance at 0x7fdd5c870d70>,68,28,[ 4 10],69,-1,135,-1,107
1,<environment.Job instance at 0x7fdd5bee03c0>,69,16,[11  3],70,-1,123,-1,107
1,<environment.Job instance at 0x7fdd5bee0550>,71,27,[14  2],72,-1,134,-1,107
1,<environment.Job instance at 0x7fdd5bee0c30>,72,16,[13  2],73,-1,123,-1,107
1,<environment.Job instance at 0x7fdd5bee0be0>,73,14,[12  1],74,-1,121,-1,107
1,<environment.Job instance at 0x7fdd5c953d20>,9,26,[4 6],10,-1,43,-1,17
1,<environment.Job instance at 0x7fdd5b9a6af0>,0,24,[1 9],1,-1,25,-1,1
1,<environment.Job instance at 0x7fdd5c8a2dc0>,1,19,[13  2],2,-1,21,-1,2
1,<environment.Job instance at 0x7fdd5c8a21e0>,2,20,[11  2],3,-1,23,-1,3
1,<environment.Job instance at 0x7fdd5c8a2be0>,3,12,[ 4 12],4,-1,16,-1,4
1,<environment.Job instance at 0x7fdd5c8a2370>,4,15,[14  2],5,-1,20,-1,5
1,<environment.Job instance at 0x7fdd5c8a2500>,5,27,[6 2],6,-1,33,-1,6
1,<environment.Job instance at 0x7fdd5c8a2d70>,6,20,[ 5 11],7,-1,27,-1,7
1,<environment.Job instance at 0x7fdd5c8a2050>,7,12,[12  2],8,-1,20,-1,8
1,<environment.Job instance at 0x7fdd5c8a24b0>,9,26,[4 6],10,-1,36,-1,10
1,<environment.Job instance at 0x7fdd5c8a26e0>,10,24,[5 3],11,-1,35,-1,11
1,<environment.Job instance at 0x7fdd5c8a2140>,11,13,[13  3],12,-1,25,-1,12
1,<environment.Job instance at 0x7fdd5c8a2190>,12,13,[11  1],13,-1,26,-1,13
1,<environment.Job instance at 0x7fdd5c8a25f0>,13,23,[12  2],14,-1,37,-1,14
1,<environment.Job instance at 0x7fdd5c8a27d0>,14,12,[12  1],15,-1,27,-1,15
1,<environment.Job instance at 0x7fdd5c8a2b40>,15,17,[12  5],16,-1,33,-1,16
1,<environment.Job instance at 0x7fdd5bee06e0>,19,25,[14  3],20,-1,45,-1,20
1,<environment.Job instance at 0x7fdd5b9a6690>,18,25,[6 4],19,-1,48,-1,23
1,<environment.Job instance at 0x7fdd5bee05f0>,20,27,[8 1],21,-1,50,-1,23
1,<environment.Job instance at 0x7fdd5bee0eb0>,21,27,[7 5],22,-1,50,-1,23
1,<environment.Job instance at 0x7fdd5bee0320>,22,20,[ 3 12],23,-1,43,-1,23
1,<environment.Job instance at 0x7fdd5bee08c0>,23,28,[1 8],24,-1,52,-1,24
1,<environment.Job instance at 0x7fdd5bee0e10>,24,23,[13  1],25,-1,48,-1,25
1,<environment.Job instance at 0x7fdd5bee0730>,26,20,[ 5 14],27,-1,47,-1,27
1,<environment.Job instance at 0x7fdd5bee0550>,27,17,[ 4 12],28,-1,45,-1,28
1,<environment.Job instance at 0x7fdd5bee0c80>,28,14,[12  3],29,-1,43,-1,29
1,<environment.Job instance at 0x7fdd5bee03c0>,29,28,[ 5 12],30,-1,58,-1,30
1,<environment.Job instance at 0x7fdd5bee00a0>,31,16,[ 4 12],32,-1,48,-1,32
1,<environment.Job instance at 0x7fdd5c870550>,32,13,[ 1 12],33,-1,46,-1,33
1,<environment.Job instance at 0x7fdd5bee01e0>,34,17,[12  3],35,-1,52,-1,35
1,<environment.Job instance at 0x7fdd5c870460>,35,12,[11  2],36,-1,48,-1,36
1,<environment.Job instance at 0x7fdd5bdd3be0>,40,27,[ 4 10],41,-1,78,-1,51
1,<environment.Job instance at 0x7fdd5c870280>,33,26,[4 9],34,-1,77,-1,51
1,<environment.Job instance at 0x7fdd5bdcc0f0>,42,19,[ 1 11],43,-1,70,-1,51
1,<environment.Job instance at 0x7fdd5c1c9eb0>,43,26,[5 3],44,-1,77,-1,51
1,<environment.Job instance at 0x7fdd5c1c9d70>,44,27,[12  1],45,-1,78,-1,51
1,<environment.Job instance at 0x7fdd5c275f00>,45,19,[14  2],46,-1,70,-1,51
1,<environment.Job instance at 0x7fdd5c8ed9b0>,46,13,[11  3],47,-1,64,-1,51
1,<environment.Job instance at 0x7fdd5b9361e0>,47,20,[14  5],48,-1,71,-1,51
1,<environment.Job instance at 0x7fdd5c8ed050>,48,24,[1 7],49,-1,75,-1,51
1,<environment.Job instance at 0x7fdd5c8a3500>,50,26,[12  5],51,-1,77,-1,51
1,<environment.Job instance at 0x7fdd5c2417d0>,41,27,[9 3],42,-1,81,-1,54
1,<environment.Job instance at 0x7fdd5c8a3d70>,51,12,[ 5 13],52,-1,66,-1,54
1,<environment.Job instance at 0x7fdd5c902820>,52,28,[13  2],53,-1,82,-1,54
1,<environment.Job instance at 0x7fdd5c9028c0>,53,14,[ 2 13],54,-1,68,-1,54
1,<environment.Job instance at 0x7fdd5c8aebe0>,54,28,[ 5 14],55,-1,83,-1,55
1,<environment.Job instance at 0x7fdd5c260be0>,59,26,[ 5 12],60,-1,104,-1,78
1,<environment.Job instance at 0x7fdd5c260190>,60,26,[10  2],61,-1,104,-1,78
1,<environment.Job instance at 0x7fdd5c260af0>,61,15,[11  1],62,-1,93,-1,78
1,<environment.Job instance at 0x7fdd5c260140>,62,21,[13  4],63,-1,99,-1,78
1,<environment.Job instance at 0x7fdd5c260690>,63,20,[ 2 11],64,-1,98,-1,78
1,<environment.Job instance at 0x7fdd5c85adc0>,66,15,[11  1],67,-1,94,-1,79
1,<environment.Job instance at 0x7fdd5c869320>,67,27,[ 1 11],68,-1,106,-1,79
1,<environment.Job instance at 0x7fdd5c0540f0>,70,14,[ 4 11],71,-1,106,-1,92
1,<environment.Job instance at 0x7fdd5c0546e0>,71,13,[14  1],72,-1,105,-1,92
1,<environment.Job instance at 0x7fdd5c8693c0>,68,27,[ 1 10],69,-1,124,-1,97
1,<environment.Job instance at 0x7fdd5c86c0f0>,78,28,[4 8],79,-1,137,-1,109
1,<environment.Job instance at 0x7fdd5c86ca50>,79,28,[1 5],80,-1,137,-1,109
1,<environment.Job instance at 0x7fdd5c86cb90>,77,26,[2 5],78,-1,135,-1,109
1,<environment.Job instance at 0x7fdd5c86a5a0>,82,22,[ 2 12],83,-1,131,-1,109
1,<environment.Job instance at 0x7fdd5c5d70f0>,4,20,[10  4],5,-1,26,-1,6
1,<environment.Job instance at 0x7fdd5c5d7690>,7,20,[2 6],8,-1,28,-1,8
1,<environment.Job instance at 0x7fdd5c5d7c80>,6,27,[ 2 13],7,-1,50,-1,23
1,<environment.Job instance at 0x7fdd5c5d7a50>,10,13,[12  2],11,-1,36,-1,23
1,<environment.Job instance at 0x7fdd5b4f2780>,15,17,[ 3 10],16,-1,41,-1,24
1,<environment.Job instance at 0x7fdd5b4f2af0>,11,15,[4 7],12,-1,39,-1,24
1,<environment.Job instance at 0x7fdd5b4f2190>,18,16,[7 5],19,-1,40,-1,24
1,<environment.Job instance at 0x7fdd5c207b40>,0,13,[ 1 13],1,-1,14,-1,1
1,<environment.Job instance at 0x7fdd5c06ecd0>,3,13,[12  1],4,-1,17,-1,4
1,<environment.Job instance at 0x7fdd5c8847d0>,6,27,[ 2 13],7,-1,34,-1,7
1,<environment.Job instance at 0x7fdd5c884280>,8,26,[14  2],9,-1,35,-1,9
1,<environment.Job instance at 0x7fdd5c884e60>,10,13,[12  2],11,-1,24,-1,11
1,<environment.Job instance at 0x7fdd5c058140>,12,26,[11  4],13,-1,42,-1,16
1,<environment.Job instance at 0x7fdd5b93bf50>,5,26,[ 5 10],6,-1,42,-1,16
1,<environment.Job instance at 0x7fdd5c0703c0>,14,26,[14  4],15,-1,42,-1,16
1,<environment.Job instance at 0x7fdd5c072fa0>,9,27,[ 1 10],10,-1,43,-1,16
1,<environment.Job instance at 0x7fdd5c86a050>,17,13,[ 2 12],18,-1,31,-1,18
1,<environment.Job instance at 0x7fdd5c86cb40>,19,18,[ 1 13],20,-1,38,-1,20
1,<environment.Job instance at 0x7fdd5c86a4b0>,20,12,[12  2],21,-1,33,-1,21
1,<environment.Job instance at 0x7fdd5c879730>,23,13,[ 4 14],24,-1,37,-1,24
1,<environment.Job instance at 0x7fdd5c879820>,24,15,[ 1 11],25,-1,40,-1,25
1,<environment.Job instance at 0x7fdd5c8798c0>,26,25,[13  5],27,-1,56,-1,31
1,<environment.Job instance at 0x7fdd5c063410>,27,27,[5 7],28,-1,62,-1,35
1,<environment.Job instance at 0x7fdd5c0548c0>,29,28,[ 1 12],30,-1,63,-1,35
1,<environment.Job instance at 0x7fdd5c85adc0>,32,20,[ 3 14],33,-1,70,-1,50
1,<environment.Job instance at 0x7fdd5c869320>,31,24,[7 3],32,-1,82,-1,58
1,<environment.Job instance at 0x7fdd5c260320>,36,12,[14  1],37,-1,74,-1,62
1,<environment.Job instance at 0x7fdd5caddd20>,38,28,[13  5],39,-1,90,-1,62
1,<environment.Job instance at 0x7fdd5c260b40>,39,24,[11  2],40,-1,86,-1,62
1,<environment.Job instance at 0x7fdd5c260460>,41,19,[ 4 12],42,-1,89,-1,70
1,<environment.Job instance at 0x7fdd5c902690>,44,25,[14  2],45,-1,101,-1,76
1,<environment.Job instance at 0x7fdd5c9028c0>,45,17,[ 3 12],46,-1,93,-1,76
1,<environment.Job instance at 0x7fdd5c8aebe0>,46,16,[ 4 14],47,-1,92,-1,76
1,<environment.Job instance at 0x7fdd5c8a3e10>,48,26,[ 5 14],49,-1,105,-1,79
1,<environment.Job instance at 0x7fdd5b936910>,50,14,[ 1 13],51,-1,93,-1,79
1,<environment.Job instance at 0x7fdd5c8a3690>,51,13,[ 5 14],52,-1,92,-1,79
1,<environment.Job instance at 0x7fdd5bea8e60>,52,26,[11  1],53,-1,105,-1,79
1,<environment.Job instance at 0x7fdd5c1c9d70>,53,24,[12  2],54,-1,103,-1,79
1,<environment.Job instance at 0x7fdd5bee0b40>,57,22,[ 2 11],58,-1,130,-1,108
1,<environment.Job instance at 0x7fdd5c50e5f0>,0,12,[9 4],1,-1,14,-1,2
1,<environment.Job instance at 0x7fdd5c50e0f0>,1,19,[12  3],2,-1,21,-1,2
1,<environment.Job instance at 0x7fdd5b719960>,8,23,[ 1 10],9,-1,37,-1,14
1,<environment.Job instance at 0x7fdd5c11ebe0>,1,19,[12  3],2,-1,21,-1,2
1,<environment.Job instance at 0x7fdd5c8a25f0>,2,25,[2 6],3,-1,28,-1,3
1,<environment.Job instance at 0x7fdd5c8a2be0>,3,15,[11  2],4,-1,19,-1,4
1,<environment.Job instance at 0x7fdd5b40b140>,5,28,[4 6],6,-1,34,-1,6
1,<environment.Job instance at 0x7fdd5bea8e60>,7,18,[11  5],8,-1,26,-1,8
1,<environment.Job instance at 0x7fdd5bdd3be0>,9,17,[ 3 14],10,-1,27,-1,10
1,<environment.Job instance at 0x7fdd5c8a24b0>,4,25,[10  3],5,-1,38,-1,13
1,<environment.Job instance at 0x7fdd5c85aaf0>,11,28,[4 7],12,-1,41,-1,13
1,<environment.Job instance at 0x7fdd5c058050>,13,24,[11  4],14,-1,38,-1,14
1,<environment.Job instance at 0x7fdd5c979af0>,14,21,[13  3],15,-1,36,-1,15
1,<environment.Job instance at 0x7fdd5b1852d0>,15,14,[12  3],16,-1,30,-1,16
1,<environment.Job instance at 0x7fdd5c6c8550>,17,24,[11  4],18,-1,42,-1,18
1,<environment.Job instance at 0x7fdd5c8a28c0>,8,23,[ 1 10],9,-1,45,-1,22
1,<environment.Job instance at 0x7fdd5b93b690>,20,16,[ 1 12],21,-1,38,-1,22
1,<environment.Job instance at 0x7fdd5b38a6e0>,22,12,[ 2 12],23,-1,35,-1,23
1,<environment.Job instance at 0x7fdd5bfa11e0>,25,16,[13  1],26,-1,51,-1,35
1,<environment.Job instance at 0x7fdd5bfa13c0>,27,17,[ 3 14],28,-1,66,-1,49
1,<environment.Job instance at 0x7fdd5c8e1dc0>,28,16,[12  1],29,-1,65,-1,49
1,<environment.Job instance at 0x7fdd5c8e1af0>,29,23,[7 3],30,-1,72,-1,49
1,<environment.Job instance at 0x7fdd5c8e19b0>,30,17,[13  3],31,-1,66,-1,49
1,<environment.Job instance at 0x7fdd5c8e1550>,32,12,[ 5 11],33,-1,61,-1,49
1,<environment.Job instance at 0x7fdd5c8e1960>,33,12,[ 4 14],34,-1,61,-1,49
1,<environment.Job instance at 0x7fdd5c8e1640>,34,27,[13  3],35,-1,76,-1,49
1,<environment.Job instance at 0x7fdd5c8e1d70>,36,16,[11  1],37,-1,68,-1,52
1,<environment.Job instance at 0x7fdd5b5c5690>,39,20,[12  4],40,-1,93,-1,73
1,<environment.Job instance at 0x7fdd5bf89e60>,40,17,[12  3],41,-1,90,-1,73
1,<environment.Job instance at 0x7fdd5b5c5370>,42,24,[9 3],43,-1,101,-1,77
1,<environment.Job instance at 0x7fdd5c3969b0>,43,16,[ 2 11],44,-1,93,-1,77
1,<environment.Job instance at 0x7fdd5b5a1f00>,45,21,[13  1],46,-1,98,-1,77
1,<environment.Job instance at 0x7fdd5b5a1fa0>,46,25,[ 4 13],47,-1,102,-1,77
1,<environment.Job instance at 0x7fdd5b5a17d0>,48,20,[14  3],49,-1,108,-1,88
1,<environment.Job instance at 0x7fdd5bb4e820>,49,19,[14  4],50,-1,107,-1,88
1,<environment.Job instance at 0x7fdd5bb4ea00>,50,16,[14  4],51,-1,104,-1,88
1,<environment.Job instance at 0x7fdd5bb4e6e0>,51,26,[ 2 12],52,-1,114,-1,88
1,<environment.Job instance at 0x7fdd5bb4ee60>,53,25,[ 5 12],54,-1,113,-1,88
1,<environment.Job instance at 0x7fdd5bb4e0f0>,54,17,[14  4],55,-1,105,-1,88
1,<environment.Job instance at 0x7fdd5bb4ef00>,55,27,[ 4 12],56,-1,115,-1,88
1,<environment.Job instance at 0x7fdd5bb4e2d0>,57,14,[12  5],58,-1,102,-1,88
1,<environment.Job instance at 0x7fdd653eff50>,58,26,[2 7],59,-1,116,-1,90
1,<environment.Job instance at 0x7fdd5c2f92d0>,61,28,[2 5],62,-1,118,-1,90
1,<environment.Job instance at 0x7fdd5bb4eaa0>,62,22,[14  4],63,-1,112,-1,90
1,<environment.Job instance at 0x7fdd5c2f9b40>,63,16,[14  2],64,-1,106,-1,90
1,<environment.Job instance at 0x7fdd5c2f9f00>,64,15,[11  1],65,-1,105,-1,90
1,<environment.Job instance at 0x7fdd5c2f9410>,65,12,[ 1 14],66,-1,102,-1,90
1,<environment.Job instance at 0x7fdd5c725050>,70,23,[14  5],71,-1,126,-1,103
1,<environment.Job instance at 0x7fdd5c8a2640>,4,17,[ 3 11],5,-1,25,-1,8
1,<environment.Job instance at 0x7fdd5bc14640>,8,21,[ 5 12],9,-1,30,-1,9
1,<environment.Job instance at 0x7fdd5c87c280>,5,26,[ 1 11],6,-1,36,-1,10
1,<environment.Job instance at 0x7fdd5beb5370>,13,28,[11  2],14,-1,48,-1,20
1,<environment.Job instance at 0x7fdd5b77ef50>,0,17,[12  2],1,-1,18,-1,1
1,<environment.Job instance at 0x7fdd5b77eeb0>,1,17,[ 2 13],2,-1,19,-1,2
1,<environment.Job instance at 0x7fdd5bcbf7d0>,3,26,[ 3 14],4,-1,30,-1,4
1,<environment.Job instance at 0x7fdd5bcbfc80>,4,17,[ 3 11],5,-1,22,-1,5
1,<environment.Job instance at 0x7fdd5bcbf5f0>,5,26,[ 1 11],6,-1,32,-1,6
1,<environment.Job instance at 0x7fdd5b77e410>,7,18,[11  2],8,-1,26,-1,8
1,<environment.Job instance at 0x7fdd5c8a6e60>,8,21,[ 5 12],9,-1,30,-1,9
1,<environment.Job instance at 0x7fdd5c8a6a50>,11,28,[13  4],12,-1,40,-1,12
1,<environment.Job instance at 0x7fdd5c8a6cd0>,12,15,[ 4 13],13,-1,28,-1,13
1,<environment.Job instance at 0x7fdd5c8a6550>,13,28,[11  2],14,-1,42,-1,14
1,<environment.Job instance at 0x7fdd5c8a6c80>,14,12,[ 3 12],15,-1,27,-1,15
1,<environment.Job instance at 0x7fdd5c8a6140>,15,24,[7 1],16,-1,42,-1,18
1,<environment.Job instance at 0x7fdd5c8a63c0>,17,24,[6 2],18,-1,42,-1,18
1,<environment.Job instance at 0x7fdd5c725e10>,20,15,[ 4 12],21,-1,36,-1,21
1,<environment.Job instance at 0x7fdd5c725500>,21,25,[11  3],22,-1,47,-1,22
1,<environment.Job instance at 0x7fdd5c8a6b40>,18,23,[7 4],19,-1,47,-1,24
1,<environment.Job instance at 0x7fdd5c7251e0>,22,28,[5 3],23,-1,52,-1,24
1,<environment.Job instance at 0x7fdd5c725dc0>,25,12,[ 3 13],26,-1,38,-1,26
1,<environment.Job instance at 0x7fdd5c725d70>,26,27,[ 4 12],27,-1,54,-1,27
1,<environment.Job instance at 0x7fdd5c7252d0>,28,21,[ 2 11],29,-1,50,-1,29
1,<environment.Job instance at 0x7fdd5c8a60a0>,19,23,[2 8],20,-1,54,-1,31
1,<environment.Job instance at 0x7fdd5c7256e0>,30,17,[ 4 13],31,-1,48,-1,31
1,<environment.Job instance at 0x7fdd5c7257d0>,31,17,[ 1 14],32,-1,49,-1,32
1,<environment.Job instance at 0x7fdd5c2f9870>,32,13,[13  1],33,-1,46,-1,33
1,<environment.Job instance at 0x7fdd5c725cd0>,34,13,[11  2],35,-1,48,-1,35
1,<environment.Job instance at 0x7fdd5c2f9780>,35,16,[13  4],36,-1,52,-1,36
1,<environment.Job instance at 0x7fdd5c2f92d0>,36,25,[ 1 12],37,-1,62,-1,37
1,<environment.Job instance at 0x7fdd5c2f9a00>,37,19,[14  2],38,-1,57,-1,38
1,<environment.Job instance at 0x7fdd653effa0>,38,18,[11  2],39,-1,57,-1,39
1,<environment.Job instance at 0x7fdd653eff50>,39,27,[ 2 11],40,-1,67,-1,40
1,<environment.Job instance at 0x7fdd5c2f95f0>,40,21,[ 5 12],41,-1,62,-1,41
1,<environment.Job instance at 0x7fdd5bb4e2d0>,41,27,[5 9],42,-1,69,-1,42
1,<environment.Job instance at 0x7fdd5c2f90a0>,42,24,[ 2 12],43,-1,67,-1,43
1,<environment.Job instance at 0x7fdd5bb4ecd0>,43,27,[ 2 11],44,-1,71,-1,44
1,<environment.Job instance at 0x7fdd5bb4ef00>,44,20,[12  2],45,-1,65,-1,45
1,<environment.Job instance at 0x7fdd5bb4edc0>,45,26,[6 1],46,-1,79,-1,53
1,<environment.Job instance at 0x7fdd5bb4e6e0>,48,26,[1 6],49,-1,79,-1,53
1,<environment.Job instance at 0x7fdd5bb4ed70>,49,27,[12  5],50,-1,80,-1,53
1,<environment.Job instance at 0x7fdd5c725460>,24,24,[10  4],25,-1,77,-1,53
1,<environment.Job instance at 0x7fdd5c725910>,29,23,[9 2],30,-1,76,-1,53
1,<environment.Job instance at 0x7fdd5b5a1f00>,54,18,[ 1 11],55,-1,76,-1,58
1,<environment.Job instance at 0x7fdd5bf89e60>,55,27,[11  1],56,-1,85,-1,58
1,<environment.Job instance at 0x7fdd5c396dc0>,56,16,[ 1 14],57,-1,74,-1,58
1,<environment.Job instance at 0x7fdd5b5c5230>,58,17,[12  2],59,-1,76,-1,59
1,<environment.Job instance at 0x7fdd5b5c55f0>,59,13,[ 2 12],60,-1,73,-1,60
1,<environment.Job instance at 0x7fdd6507a7d0>,60,17,[ 1 13],61,-1,78,-1,61
1,<environment.Job instance at 0x7fdd6507a3c0>,61,25,[12  5],62,-1,87,-1,62
1,<environment.Job instance at 0x7fdd5c8e1550>,65,13,[ 4 14],66,-1,79,-1,66
1,<environment.Job instance at 0x7fdd5c8e1e60>,66,18,[ 4 13],67,-1,85,-1,67
1,<environment.Job instance at 0x7fdd5c8e19b0>,67,20,[ 2 11],68,-1,88,-1,68
1,<environment.Job instance at 0x7fdd6507a370>,64,25,[5 5],65,-1,102,-1,77
1,<environment.Job instance at 0x7fdd5c8e1eb0>,69,16,[ 1 13],70,-1,93,-1,77
1,<environment.Job instance at 0x7fdd5b419320>,71,12,[ 3 11],72,-1,89,-1,77
1,<environment.Job instance at 0x7fdd5cb17140>,72,26,[ 2 14],73,-1,103,-1,77
1,<environment.Job instance at 0x7fdd5b93b690>,75,21,[11  3],76,-1,100,-1,79
1,<environment.Job instance at 0x7fdd5b93bf50>,76,13,[14  1],77,-1,92,-1,79
1,<environment.Job instance at 0x7fdd5bfa1b90>,77,13,[14  1],78,-1,92,-1,79
1,<environment.Job instance at 0x7fdd5c5020f0>,78,18,[ 2 14],79,-1,97,-1,79
1,<environment.Job instance at 0x7fdd5c405fa0>,80,17,[ 2 14],81,-1,126,-1,109
1,<environment.Job instance at 0x7fdd5c058140>,84,15,[ 2 12],85,-1,124,-1,109
1,<environment.Job instance at 0x7f027c3f36e0>,0,13,[9 3],1,-1,15,-1,2
1,<environment.Job instance at 0x7f027c3f38c0>,1,22,[11  3],2,-1,24,-1,2
1,<environment.Job instance at 0x7f027c3f3730>,2,22,[4 8],3,-1,25,-1,3
1,<environment.Job instance at 0x7f0272da9b90>,4,21,[1 6],5,-1,27,-1,6
1,<environment.Job instance at 0x7f0272da9d70>,7,25,[6 2],8,-1,33,-1,8
1,<environment.Job instance at 0x7f0272da9a50>,5,24,[1 5],6,-1,32,-1,8
1,<environment.Job instance at 0x7f0272da9fa0>,10,18,[ 3 11],11,-1,31,-1,13
1,<environment.Job instance at 0x7f027c439370>,1,22,[11  3],2,-1,24,-1,2
1,<environment.Job instance at 0x7f0272eb25f0>,3,26,[11  4],4,-1,30,-1,4
1,<environment.Job instance at 0x7f0272da17d0>,8,22,[14  3],9,-1,31,-1,9
1,<environment.Job instance at 0x7f0272da1a50>,9,18,[ 2 13],10,-1,28,-1,10
1,<environment.Job instance at 0x7f0272da19b0>,10,18,[ 3 11],11,-1,29,-1,11
1,<environment.Job instance at 0x7f0272e34f50>,12,26,[ 1 12],13,-1,40,-1,14
1,<environment.Job instance at 0x7f0272e2fb40>,13,18,[ 4 14],14,-1,32,-1,14
1,<environment.Job instance at 0x7f0272e70280>,5,24,[1 5],6,-1,38,-1,14
1,<environment.Job instance at 0x7f0272da1410>,7,25,[6 2],8,-1,39,-1,14
1,<environment.Job instance at 0x7f0272da1d70>,15,18,[ 2 14],16,-1,34,-1,16
1,<environment.Job instance at 0x7f0272e9b410>,16,16,[ 3 11],17,-1,33,-1,17
1,<environment.Job instance at 0x7f0272e3cd70>,18,25,[ 4 13],19,-1,44,-1,19
1,<environment.Job instance at 0x7f0272eb7aa0>,19,14,[ 3 11],20,-1,34,-1,20
1,<environment.Job instance at 0x7f0272e7c050>,20,27,[13  5],21,-1,48,-1,21
1,<environment.Job instance at 0x7f0272ee0e10>,21,26,[ 5 12],22,-1,48,-1,22
1,<environment.Job instance at 0x7f0272e6d500>,22,13,[13  1],23,-1,36,-1,23
1,<environment.Job instance at 0x7f0272eb76e0>,17,28,[ 5 10],18,-1,53,-1,25
1,<environment.Job instance at 0x7f0272f2e280>,24,13,[ 3 14],25,-1,38,-1,25
1,<environment.Job instance at 0x7f0272da1af0>,11,26,[4 8],12,-1,51,-1,25
1,<environment.Job instance at 0x7f027305d8c0>,25,23,[ 3 13],26,-1,49,-1,26
1,<environment.Job instance at 0x7f0272ec9780>,27,25,[5 7],28,-1,53,-1,28
1,<environment.Job instance at 0x7f0272fc8c30>,28,25,[ 4 11],29,-1,54,-1,29
1,<environment.Job instance at 0x7f0272ece4b0>,29,22,[ 5 13],30,-1,52,-1,30
1,<environment.Job instance at 0x7f0272ed4780>,31,20,[11  5],32,-1,52,-1,32
1,<environment.Job instance at 0x7f0272f51820>,32,27,[11  3],33,-1,60,-1,33
1,<environment.Job instance at 0x7f0272ed45f0>,30,27,[4 8],31,-1,70,-1,43
1,<environment.Job instance at 0x7f0272e4edc0>,36,13,[ 3 14],37,-1,56,-1,43
1,<environment.Job instance at 0x7f0272e4ef50>,37,28,[ 2 12],38,-1,71,-1,43
1,<environment.Job instance at 0x7f0272ed4370>,26,26,[1 8],27,-1,69,-1,43
1,<environment.Job instance at 0x7f0272f53690>,39,24,[5 6],40,-1,67,-1,43
1,<environment.Job instance at 0x7f0272f518c0>,34,24,[1 8],35,-1,67,-1,43
1,<environment.Job instance at 0x7f0272f57190>,41,27,[14  1],42,-1,70,-1,43
1,<environment.Job instance at 0x7f0272e6b870>,43,13,[13  1],44,-1,57,-1,44
1,<environment.Job instance at 0x7f0272e6b9b0>,44,24,[ 1 13],45,-1,69,-1,45
1,<environment.Job instance at 0x7f0272e6b050>,46,17,[12  2],47,-1,66,-1,49
1,<environment.Job instance at 0x7f0272e6b5f0>,48,15,[14  1],49,-1,64,-1,49
1,<environment.Job instance at 0x7f0272e6b0f0>,49,16,[ 2 11],50,-1,66,-1,50
1,<environment.Job instance at 0x7f0272e6b550>,50,16,[12  2],51,-1,67,-1,51
1,<environment.Job instance at 0x7f0272f4a6e0>,54,13,[13  1],55,-1,72,-1,59
1,<environment.Job instance at 0x7f0272f4af00>,55,20,[ 3 13],56,-1,79,-1,59
1,<environment.Job instance at 0x7f0272eff5a0>,52,27,[8 5],53,-1,86,-1,59
1,<environment.Job instance at 0x7f0272eb8230>,57,27,[ 2 14],58,-1,86,-1,59
1,<environment.Job instance at 0x7f0272ea44b0>,60,23,[ 1 11],61,-1,85,-1,62
1,<environment.Job instance at 0x7f0272ea41e0>,61,21,[ 5 13],62,-1,83,-1,62
1,<environment.Job instance at 0x7f0272e666e0>,63,17,[ 4 12],64,-1,88,-1,71
1,<environment.Job instance at 0x7f0272e66910>,67,27,[ 1 10],68,-1,121,-1,94
1,<environment.Job instance at 0x7f0272e66820>,68,20,[ 3 12],69,-1,114,-1,94
1,<environment.Job instance at 0x7f0272e66b90>,69,13,[ 3 12],70,-1,107,-1,94
1,<environment.Job instance at 0x7f0272e66af0>,70,21,[12  2],71,-1,115,-1,94
1,<environment.Job instance at 0x7f0272e66eb0>,71,28,[5 1],72,-1,122,-1,94
1,<environment.Job instance at 0x7f0272e6ac30>,74,27,[1 6],75,-1,129,-1,102
1,<environment.Job instance at 0x7f0272e6a3c0>,75,14,[ 4 11],76,-1,116,-1,102
1,<environment.Job instance at 0x7f0272e66f00>,72,24,[9 2],73,-1,126,-1,102
1,<environment.Job instance at 0x7f0272e6a500>,73,25,[3 8],74,-1,140,-1,115
1,<environment.Job instance at 0x7f02724f9370>,3,14,[11  5],4,-1,19,-1,5
1,<environment.Job instance at 0x7f02724f77d0>,11,25,[6 1],12,-1,37,-1,12
1,<environment.Job instance at 0x7f02724f7370>,9,17,[8 1],10,-1,29,-1,12
1,<environment.Job instance at 0x7f02724f72d0>,12,28,[6 2],13,-1,41,-1,13
1,<environment.Job instance at 0x7f02724f7230>,13,24,[6 4],14,-1,38,-1,14
1,<environment.Job instance at 0x7f02724f75f0>,14,16,[4 7],15,-1,31,-1,15
1,<environment.Job instance at 0x7f0272e6beb0>,0,19,[13  1],1,-1,20,-1,1
1,<environment.Job instance at 0x7f0272e6b230>,2,22,[14  4],3,-1,25,-1,3
1,<environment.Job instance at 0x7f02725a6c80>,3,14,[11  5],4,-1,18,-1,4
1,<environment.Job instance at 0x7f027260c0f0>,4,19,[ 3 12],5,-1,24,-1,5
1,<environment.Job instance at 0x7f02725a0eb0>,5,18,[13  4],6,-1,24,-1,6
1,<environment.Job instance at 0x7f02725ee3c0>,6,26,[13  4],7,-1,33,-1,7
1,<environment.Job instance at 0x7f02725cdeb0>,11,25,[6 1],12,-1,40,-1,15
1,<environment.Job instance at 0x7f027259c7d0>,13,24,[6 4],14,-1,39,-1,15
1,<environment.Job instance at 0x7f02725cdfa0>,12,28,[6 2],13,-1,43,-1,15
1,<environment.Job instance at 0x7f02725c3d70>,15,25,[ 3 12],16,-1,41,-1,16
1,<environment.Job instance at 0x7f02725cfeb0>,16,26,[13  5],17,-1,43,-1,17
1,<environment.Job instance at 0x7f02725c3b40>,18,13,[14  1],19,-1,32,-1,19
1,<environment.Job instance at 0x7f02725cf960>,17,28,[1 9],18,-1,59,-1,31
1,<environment.Job instance at 0x7f02725cffa0>,21,25,[ 3 14],22,-1,56,-1,31
1,<environment.Job instance at 0x7f02725cf5a0>,22,13,[12  5],23,-1,44,-1,31
1,<environment.Job instance at 0x7f02725d1550>,24,17,[14  2],25,-1,48,-1,31
1,<environment.Job instance at 0x7f02725d1f50>,25,27,[4 8],26,-1,58,-1,31
1,<environment.Job instance at 0x7f02725d1a50>,26,27,[ 2 12],27,-1,58,-1,31
1,<environment.Job instance at 0x7f027255ec30>,27,16,[ 1 14],28,-1,47,-1,31
1,<environment.Job instance at 0x7f027255e690>,28,20,[ 3 14],29,-1,51,-1,31
1,<environment.Job instance at 0x7f02725cfe10>,19,28,[ 2 10],20,-1,59,-1,31
1,<environment.Job instance at 0x7f0272566280>,31,25,[ 1 11],32,-1,57,-1,32
1,<environment.Job instance at 0x7f02725669b0>,32,14,[14  4],33,-1,47,-1,33
1,<environment.Job instance at 0x7f0272566fa0>,34,23,[13  2],35,-1,62,-1,39
1,<environment.Job instance at 0x7f02725d5190>,35,20,[12  4],36,-1,59,-1,39
1,<environment.Job instance at 0x7f02725d56e0>,38,25,[13  3],39,-1,69,-1,44
1,<environment.Job instance at 0x7f0272561280>,40,26,[5 5],41,-1,83,-1,57
1,<environment.Job instance at 0x7f0272561500>,41,24,[4 7],42,-1,81,-1,57
1,<environment.Job instance at 0x7f02725d5640>,33,27,[9 1],34,-1,88,-1,61
1,<environment.Job instance at 0x7f02725b0230>,44,19,[ 3 12],45,-1,80,-1,61
1,<environment.Job instance at 0x7f02725b0e60>,45,15,[12  5],46,-1,76,-1,61
1,<environment.Job instance at 0x7f027256d8c0>,48,20,[ 3 12],49,-1,88,-1,68
1,<environment.Job instance at 0x7f027256d050>,49,16,[12  4],50,-1,84,-1,68
1,<environment.Job instance at 0x7f027256d5a0>,50,16,[12  5],51,-1,84,-1,68
1,<environment.Job instance at 0x7f0272570e10>,51,20,[ 1 12],52,-1,88,-1,68
1,<environment.Job instance at 0x7f0272570960>,52,13,[12  1],53,-1,81,-1,68
1,<environment.Job instance at 0x7f0272573500>,53,12,[11  5],54,-1,80,-1,68
1,<environment.Job instance at 0x7f0272570b40>,54,17,[ 3 12],55,-1,85,-1,68
1,<environment.Job instance at 0x7f0272573550>,55,16,[13  4],56,-1,84,-1,68
1,<environment.Job instance at 0x7f0272573a00>,56,18,[ 1 12],57,-1,86,-1,68
1,<environment.Job instance at 0x7f02725d5730>,37,26,[4 9],38,-1,94,-1,68
1,<environment.Job instance at 0x7f027256a960>,58,15,[ 2 14],59,-1,83,-1,68
1,<environment.Job instance at 0x7f0272578230>,62,20,[13  3],63,-1,101,-1,81
1,<environment.Job instance at 0x7f02726c3870>,63,21,[ 4 12],64,-1,102,-1,81
1,<environment.Job instance at 0x7f02726ef640>,65,27,[5 9],66,-1,122,-1,95
1,<environment.Job instance at 0x7f02725781e0>,67,21,[11  4],68,-1,116,-1,95
1,<environment.Job instance at 0x7f02725b29b0>,68,12,[14  5],69,-1,107,-1,95
1,<environment.Job instance at 0x7f0272578190>,69,16,[12  3],70,-1,111,-1,95
1,<environment.Job instance at 0x7f02725b2460>,70,17,[12  2],71,-1,112,-1,95
1,<environment.Job instance at 0x7f02725b28c0>,71,28,[2 8],72,-1,123,-1,95
1,<environment.Job instance at 0x7f02726ece10>,66,27,[2 9],67,-1,122,-1,95
1,<environment.Job instance at 0x7f02725b2820>,73,21,[12  2],74,-1,116,-1,95
1,<environment.Job instance at 0x7f02725b2690>,74,21,[ 5 11],75,-1,116,-1,95
1,<environment.Job instance at 0x7f02725b25a0>,75,26,[ 5 10],76,-1,121,-1,95
1,<environment.Job instance at 0x7f02725a8280>,76,27,[12  4],77,-1,122,-1,95
1,<environment.Job instance at 0x7f02725a8b40>,77,27,[14  3],78,-1,122,-1,95
1,<environment.Job instance at 0x7f02726bd050>,79,14,[ 1 12],80,-1,109,-1,95
1,<environment.Job instance at 0x7f02726f17d0>,81,14,[13  5],82,-1,112,-1,98
1,<environment.Job instance at 0x7f02726fb140>,82,25,[11  2],83,-1,123,-1,98
1,<environment.Job instance at 0x7f027257d910>,83,14,[12  2],84,-1,112,-1,98
1,<environment.Job instance at 0x7f0272621f50>,84,28,[8 4],85,-1,138,-1,110
1,<environment.Job instance at 0x7f027257d870>,86,20,[12  1],87,-1,130,-1,110
1,<environment.Job instance at 0x7f02726ea730>,87,13,[ 4 12],88,-1,123,-1,110
1,<environment.Job instance at 0x7f02725ae050>,88,18,[12  2],89,-1,128,-1,110
1,<environment.Job instance at 0x7f02725ae190>,89,15,[12  3],90,-1,125,-1,110
1,<environment.Job instance at 0x7f02725ae460>,90,25,[7 2],91,-1,135,-1,110
1,<environment.Job instance at 0x7f027251afa0>,91,26,[ 5 11],92,-1,136,-1,110
1,<environment.Job instance at 0x7f02725aed20>,93,16,[11  1],94,-1,126,-1,110
1,<environment.Job instance at 0x7f0272457370>,2,23,[13  5],3,-1,33,-1,10
1,<environment.Job instance at 0x7f0272457690>,10,26,[8 4],11,-1,39,-1,13
1,<environment.Job instance at 0x7f0272457230>,11,12,[11  1],12,-1,25,-1,13
1,<environment.Job instance at 0x7f0272457e10>,8,25,[7 3],9,-1,39,-1,14
1,<environment.Job instance at 0x7f0272457b90>,13,16,[14  1],14,-1,34,-1,18
1,<environment.Job instance at 0x7f02724579b0>,5,28,[ 4 11],6,-1,52,-1,24
1,<environment.Job instance at 0x7f02724570f0>,16,19,[13  1],17,-1,43,-1,24
1,<environment.Job instance at 0x7f0272457a50>,15,19,[9 4],16,-1,43,-1,24
1,<environment.Job instance at 0x7f02723cf960>,18,20,[11  2],19,-1,44,-1,24
1,<environment.Job instance at 0x7f0272457050>,14,27,[ 1 10],15,-1,53,-1,26
1,<environment.Job instance at 0x7f02723cf1e0>,22,24,[ 3 13],23,-1,53,-1,29
1,<environment.Job instance at 0x7f02723cf640>,23,15,[ 2 13],24,-1,44,-1,29
1,<environment.Job instance at 0x7f0272457c80>,7,22,[14  1],8,-1,51,-1,29
1,<environment.Job instance at 0x7f02723cf280>,21,15,[4 8],22,-1,44,-1,29
1,<environment.Job instance at 0x7f02723cfeb0>,25,20,[11  2],26,-1,49,-1,29
1,<environment.Job instance at 0x7f0272457dc0>,19,25,[ 2 13],20,-1,54,-1,29
1,<environment.Job instance at 0x7f02723cf7d0>,27,21,[ 4 14],28,-1,59,-1,38
1,<environment.Job instance at 0x7f0272457be0>,17,15,[12  2],18,-1,53,-1,38
1,<environment.Job instance at 0x7f02723cf460>,29,15,[14  4],30,-1,53,-1,38
1,<environment.Job instance at 0x7f02723cfe10>,31,23,[13  1],32,-1,61,-1,38
1,<environment.Job instance at 0x7f0272360be0>,37,27,[10  3],38,-1,105,-1,78
1,<environment.Job instance at 0x7f027260c0f0>,0,20,[13  5],1,-1,21,-1,1
1,<environment.Job instance at 0x7f02725eec80>,1,24,[14  3],2,-1,26,-1,2
1,<environment.Job instance at 0x7f02723cf5a0>,2,23,[13  5],3,-1,26,-1,3
1,<environment.Job instance at 0x7f02723609b0>,3,21,[12  3],4,-1,25,-1,4
1,<environment.Job instance at 0x7f02724420f0>,5,28,[ 4 11],6,-1,34,-1,6
1,<environment.Job instance at 0x7f0272422050>,6,18,[ 4 12],7,-1,25,-1,7
1,<environment.Job instance at 0x7f0272422730>,7,22,[14  1],8,-1,30,-1,8
1,<environment.Job instance at 0x7f0272422460>,8,25,[7 3],9,-1,34,-1,9
1,<environment.Job instance at 0x7f027c41b050>,9,27,[ 4 13],10,-1,37,-1,10
1,<environment.Job instance at 0x7f0272457780>,10,26,[8 4],11,-1,37,-1,11
1,<environment.Job instance at 0x7f02724575f0>,11,12,[11  1],12,-1,24,-1,12
1,<environment.Job instance at 0x7f02724574b0>,13,16,[14  1],14,-1,30,-1,14
1,<environment.Job instance at 0x7f027c3f2d70>,16,19,[13  1],17,-1,36,-1,17
1,<environment.Job instance at 0x7f0272449500>,17,15,[12  2],18,-1,33,-1,18
1,<environment.Job instance at 0x7f0272449c80>,18,20,[11  2],19,-1,39,-1,19
1,<environment.Job instance at 0x7f02724494b0>,19,25,[ 2 13],20,-1,45,-1,20
1,<environment.Job instance at 0x7f027c3f2fa0>,14,27,[ 1 10],15,-1,48,-1,21
1,<environment.Job instance at 0x7f0272449320>,22,24,[ 3 13],23,-1,47,-1,23
1,<environment.Job instance at 0x7f0272449690>,23,15,[ 2 13],24,-1,39,-1,24
1,<environment.Job instance at 0x7f0272449280>,24,13,[ 5 14],25,-1,38,-1,25
1,<environment.Job instance at 0x7f02724490f0>,25,20,[11  2],26,-1,46,-1,26
1,<environment.Job instance at 0x7f02724491e0>,27,21,[ 4 14],28,-1,49,-1,28
1,<environment.Job instance at 0x7f0272449230>,29,15,[14  4],30,-1,45,-1,30
1,<environment.Job instance at 0x7f0272449140>,31,23,[13  1],32,-1,55,-1,32
1,<environment.Job instance at 0x7f0272449870>,33,26,[ 1 11],34,-1,61,-1,35
1,<environment.Job instance at 0x7f02724498c0>,34,14,[ 3 13],35,-1,49,-1,35
1,<environment.Job instance at 0x7f027c563d70>,37,27,[10  3],38,-1,82,-1,55
1,<environment.Job instance at 0x7f027c563af0>,38,16,[12  5],39,-1,71,-1,55
1,<environment.Job instance at 0x7f027c563690>,39,14,[14  5],40,-1,69,-1,55
1,<environment.Job instance at 0x7f027c563b90>,40,13,[ 5 13],41,-1,68,-1,55
1,<environment.Job instance at 0x7f027c563d20>,42,26,[13  2],43,-1,81,-1,55
1,<environment.Job instance at 0x7f027c563f00>,44,15,[ 1 12],45,-1,70,-1,55
1,<environment.Job instance at 0x7f027c563370>,45,14,[ 1 12],46,-1,69,-1,55
1,<environment.Job instance at 0x7f027c563140>,47,23,[6 4],48,-1,91,-1,68
1,<environment.Job instance at 0x7f02723587d0>,48,26,[ 3 11],49,-1,94,-1,68
1,<environment.Job instance at 0x7f0272358d20>,51,25,[3 9],52,-1,104,-1,79
1,<environment.Job instance at 0x7f0272358820>,52,13,[14  3],53,-1,92,-1,79
1,<environment.Job instance at 0x7f0272358280>,54,23,[13  3],55,-1,102,-1,79
1,<environment.Job instance at 0x7f0272358230>,56,23,[ 2 13],57,-1,108,-1,85
1,<environment.Job instance at 0x7f0272358a00>,57,16,[11  4],58,-1,101,-1,85
1,<environment.Job instance at 0x7f0272358410>,59,25,[4 5],60,-1,121,-1,96
1,<environment.Job instance at 0x7f0272358500>,60,25,[6 3],61,-1,121,-1,96
1,<environment.Job instance at 0x7f0272358690>,61,20,[11  1],62,-1,116,-1,96
1,<environment.Job instance at 0x7f0272358cd0>,63,13,[12  4],64,-1,109,-1,96
1,<environment.Job instance at 0x7f0272358e10>,64,24,[5 5],65,-1,128,-1,104
1,<environment.Job instance at 0x7f0272358140>,65,13,[ 1 13],66,-1,117,-1,104
1,<environment.Job instance at 0x7f02723581e0>,66,26,[ 1 13],67,-1,130,-1,104
1,<environment.Job instance at 0x7f027c56c5a0>,68,16,[11  1],69,-1,120,-1,104
1,<environment.Job instance at 0x7f027c56ce60>,69,14,[14  2],70,-1,118,-1,104
1,<environment.Job instance at 0x7f027c56cf50>,71,15,[ 2 11],72,-1,125,-1,110
1,<environment.Job instance at 0x7f027c56c640>,72,16,[11  1],73,-1,126,-1,110
1,<environment.Job instance at 0x7f027c56caf0>,73,25,[2 8],74,-1,135,-1,110
1,<environment.Job instance at 0x7f027c56c8c0>,74,18,[12  5],75,-1,128,-1,110
1,<environment.Job instance at 0x7f027e3a08c0>,75,20,[ 5 13],76,-1,130,-1,110
1,<environment.Job instance at 0x7f027c56c550>,76,24,[2 7],77,-1,134,-1,110
1,<environment.Job instance at 0x7f027c56cdc0>,77,16,[11  2],78,-1,126,-1,110
1,<environment.Job instance at 0x7f027c566820>,78,22,[ 2 12],79,-1,132,-1,110
1,<environment.Job instance at 0x7f027c566f00>,79,20,[12  3],80,-1,130,-1,110
1,<environment.Job instance at 0x7f027c5660f0>,80,19,[12  5],81,-1,129,-1,110
1,<environment.Job instance at 0x7f027c566640>,82,18,[12  1],83,-1,128,-1,110
1,<environment.Job instance at 0x7f027c566c30>,85,25,[8 5],86,-1,144,-1,119
1,<environment.Job instance at 0x7f027c566870>,86,17,[ 1 12],87,-1,136,-1,119
1,<environment.Job instance at 0x7f027244c9b0>,88,18,[ 2 14],89,-1,137,-1,119
1,<environment.Job instance at 0x7f027244c910>,89,24,[11  1],90,-1,143,-1,119
1,<environment.Job instance at 0x7f027290a910>,1,21,[4 8],2,-1,24,-1,3
1,<environment.Job instance at 0x7f027290aa00>,4,18,[8 3],5,-1,23,-1,5
1,<environment.Job instance at 0x7f027290a190>,5,14,[8 5],6,-1,20,-1,6
1,<environment.Job instance at 0x7f027290a5a0>,6,28,[6 1],7,-1,35,-1,7
1,<environment.Job instance at 0x7f027286b910>,7,16,[5 8],8,-1,24,-1,8
1,<environment.Job instance at 0x7f02723be690>,22,27,[14  4],23,-1,94,-1,67
1,<environment.Job instance at 0x7f02727a8be0>,20,17,[12  4],21,-1,86,-1,69
1,<environment.Job instance at 0x7f02723bedc0>,24,25,[13  3],25,-1,94,-1,69
1,<environment.Job instance at 0x7f02723be6e0>,25,15,[8 5],26,-1,84,-1,69
1,<environment.Job instance at 0x7f027c55cd70>,12,13,[ 3 14],13,-1,82,-1,69
1,<environment.Job instance at 0x7f02723be8c0>,27,25,[9 2],28,-1,95,-1,70
1,<environment.Job instance at 0x7f02727a8eb0>,21,26,[1 9],22,-1,96,-1,70
1,<environment.Job instance at 0x7f02723befa0>,26,23,[12  4],27,-1,100,-1,77
1,<environment.Job instance at 0x7f02723be5a0>,28,20,[11  2],29,-1,98,-1,78
1,<environment.Job instance at 0x7f0272357b40>,0,12,[ 3 14],1,-1,13,-1,1
1,<environment.Job instance at 0x7f027c566870>,2,15,[ 4 12],3,-1,18,-1,3
1,<environment.Job instance at 0x7f027c5665a0>,3,21,[ 3 14],4,-1,25,-1,4
1,<environment.Job instance at 0x7f027c41b050>,9,27,[ 4 12],10,-1,37,-1,10
1,<environment.Job instance at 0x7f027c566b40>,10,25,[12  4],11,-1,36,-1,11
1,<environment.Job instance at 0x7f0272422780>,11,20,[ 3 14],12,-1,32,-1,12
1,<environment.Job instance at 0x7f02724221e0>,12,13,[ 3 14],13,-1,26,-1,13
1,<environment.Job instance at 0x7f02723cf5a0>,13,13,[11  5],14,-1,27,-1,14
1,<environment.Job instance at 0x7f0272357370>,6,28,[6 1],7,-1,51,-1,23
1,<environment.Job instance at 0x7f027c566190>,14,24,[8 4],15,-1,47,-1,23
1,<environment.Job instance at 0x7f02723c6050>,16,20,[12  3],17,-1,43,-1,23
1,<environment.Job instance at 0x7f02723c6d20>,17,25,[13  2],18,-1,48,-1,23
1,<environment.Job instance at 0x7f027c55ca00>,19,25,[1 6],20,-1,48,-1,23
1,<environment.Job instance at 0x7f027c55c140>,20,17,[12  4],21,-1,40,-1,23
1,<environment.Job instance at 0x7f02727a8820>,21,26,[1 9],22,-1,49,-1,23
1,<environment.Job instance at 0x7f02723bea50>,22,27,[14  4],23,-1,50,-1,23
1,<environment.Job instance at 0x7f027c55c870>,23,18,[14  2],24,-1,42,-1,24
1,<environment.Job instance at 0x7f027c56caf0>,24,25,[13  3],25,-1,50,-1,25
1,<environment.Job instance at 0x7f027c55cd20>,26,23,[12  4],27,-1,50,-1,27
1,<environment.Job instance at 0x7f027c56c910>,27,25,[9 2],28,-1,53,-1,28
1,<environment.Job instance at 0x7f027c56cb40>,28,20,[11  2],29,-1,49,-1,29
1,<environment.Job instance at 0x7f027c56cb90>,29,16,[14  4],30,-1,46,-1,30
1,<environment.Job instance at 0x7f027c56cfa0>,30,23,[7 4],31,-1,59,-1,36
1,<environment.Job instance at 0x7f027290af50>,33,22,[ 1 12],34,-1,58,-1,36
1,<environment.Job instance at 0x7f02728678c0>,35,26,[ 3 12],36,-1,62,-1,36
1,<environment.Job instance at 0x7f027c56cdc0>,36,27,[ 2 14],37,-1,64,-1,37
1,<environment.Job instance at 0x7f0272a25730>,37,24,[13  5],38,-1,62,-1,38
1,<environment.Job instance at 0x7f0272a25fa0>,39,21,[13  4],40,-1,61,-1,40
1,<environment.Job instance at 0x7f02728f0550>,40,22,[ 5 12],41,-1,63,-1,41
1,<environment.Job instance at 0x7f0272a254b0>,42,15,[14  2],43,-1,63,-1,48
1,<environment.Job instance at 0x7f02728f0af0>,43,15,[ 1 13],44,-1,63,-1,48
1,<environment.Job instance at 0x7f02728f06e0>,44,20,[12  2],45,-1,68,-1,48
1,<environment.Job instance at 0x7f02728f0050>,46,17,[14  5],47,-1,67,-1,50
1,<environment.Job instance at 0x7f02724f9500>,47,24,[13  3],48,-1,74,-1,50
1,<environment.Job instance at 0x7f02724f9460>,48,22,[12  3],49,-1,72,-1,50
1,<environment.Job instance at 0x7f02724f90a0>,51,23,[10  4],52,-1,102,-1,79
1,<environment.Job instance at 0x7f02724f9730>,54,20,[14  2],55,-1,99,-1,79
1,<environment.Job instance at 0x7f02729386e0>,59,18,[14  4],60,-1,120,-1,102
1,<environment.Job instance at 0x7f0272938aa0>,60,22,[ 4 14],61,-1,124,-1,102
1,<environment.Job instance at 0x7f0272938af0>,61,20,[11  4],62,-1,122,-1,102
1,<environment.Job instance at 0x7f0272938c80>,62,23,[14  4],63,-1,125,-1,102
1,<environment.Job instance at 0x7f0272938fa0>,63,19,[ 3 14],64,-1,121,-1,102
1,<environment.Job instance at 0x7f02723c3cd0>,64,21,[14  2],65,-1,123,-1,102
1,<environment.Job instance at 0x7f02723c3c30>,65,24,[14  2],66,-1,126,-1,102
1,<environment.Job instance at 0x7f02723c3f00>,66,21,[ 5 11],67,-1,123,-1,102
1,<environment.Job instance at 0x7f02723c32d0>,67,20,[ 2 12],68,-1,122,-1,102
1,<environment.Job instance at 0x7f02723c3b40>,68,23,[ 4 11],69,-1,125,-1,102
1,<environment.Job instance at 0x7f02723c3140>,69,16,[ 3 14],70,-1,118,-1,102
1,<environment.Job instance at 0x7f02723c3be0>,70,23,[ 3 13],71,-1,125,-1,102
1,<environment.Job instance at 0x7f02723c3550>,71,21,[14  4],72,-1,123,-1,102
1,<environment.Job instance at 0x7f02723c3500>,73,24,[ 3 10],74,-1,141,-1,117
1,<environment.Job instance at 0x7f02738d84b0>,2,16,[10  3],3,-1,20,-1,4
1,<environment.Job instance at 0x7f0272357230>,3,24,[11  3],4,-1,28,-1,4
1,<environment.Job instance at 0x7f02738d8550>,6,14,[10  3],7,-1,22,-1,8
1,<environment.Job instance at 0x7f02738d8820>,7,23,[13  3],8,-1,32,-1,9
1,<environment.Job instance at 0x7f0272c525f0>,9,18,[2 9],10,-1,29,-1,11
1,<environment.Job instance at 0x7f0272c52730>,10,18,[10  4],11,-1,29,-1,11
1,<environment.Job instance at 0x7f0272f02dc0>,12,24,[13  3],13,-1,46,-1,22
1,<environment.Job instance at 0x7f0272f02460>,16,27,[5 5],17,-1,49,-1,22
1,<environment.Job instance at 0x7f02738d8230>,4,18,[13  3],5,-1,42,-1,24
1,<environment.Job instance at 0x7f02738da780>,23,21,[ 2 11],24,-1,45,-1,24
1,<environment.Job instance at 0x7f02728482d0>,21,18,[5 9],22,-1,43,-1,25
1,<environment.Job instance at 0x7f0272772410>,27,19,[11  1],28,-1,56,-1,37
1,<environment.Job instance at 0x7f02738da8c0>,17,15,[9 5],18,-1,52,-1,37
1,<environment.Job instance at 0x7f0272c31320>,29,16,[6 5],30,-1,53,-1,37
1,<environment.Job instance at 0x7f02727ded20>,31,27,[1 8],32,-1,64,-1,37
1,<environment.Job instance at 0x7f0272848a00>,24,23,[14  3],25,-1,60,-1,37
1,<environment.Job instance at 0x7f027277ea00>,32,19,[ 5 14],33,-1,57,-1,38
1,<environment.Job instance at 0x7f0272c318c0>,34,27,[11  3],35,-1,66,-1,39
1,<environment.Job instance at 0x7f02738e1410>,35,26,[2 6],36,-1,65,-1,39
1,<environment.Job instance at 0x7f02738e1320>,36,18,[7 5],37,-1,57,-1,39
1,<environment.Job instance at 0x7f02738da370>,18,23,[14  2],19,-1,62,-1,39
1,<environment.Job instance at 0x7f0272856280>,25,25,[9 2],26,-1,64,-1,39
1,<environment.Job instance at 0x7f02738e12d0>,38,25,[14  2],39,-1,64,-1,39
1,<environment.Job instance at 0x7f0272844d70>,37,18,[5 9],38,-1,57,-1,39
1,<environment.Job instance at 0x7f0272c312d0>,33,22,[10  2],34,-1,65,-1,43
1,<environment.Job instance at 0x7f02738e1a50>,40,19,[4 9],41,-1,62,-1,43
1,<environment.Job instance at 0x7f0272844f00>,39,22,[3 8],40,-1,65,-1,43
1,<environment.Job instance at 0x7f0273905fa0>,43,24,[ 2 10],44,-1,68,-1,44
1,<environment.Job instance at 0x7f0273905190>,44,19,[9 4],45,-1,64,-1,45
1,<environment.Job instance at 0x7f027277f1e0>,50,24,[13  2],51,-1,125,-1,101
1,<environment.Job instance at 0x7f0272793f50>,48,15,[13  2],49,-1,117,-1,102
1,<environment.Job instance at 0x7f027277fd20>,51,16,[7 3],52,-1,118,-1,102
1,<environment.Job instance at 0x7f027277ff00>,52,25,[11  4],53,-1,127,-1,102
1,<environment.Job instance at 0x7f0272792500>,53,15,[ 3 10],54,-1,117,-1,102
1,<environment.Job instance at 0x7f0272792c30>,55,17,[12  4],56,-1,121,-1,104
1,<environment.Job instance at 0x7f0273905780>,47,27,[7 2],48,-1,144,-1,117
1,<environment.Job instance at 0x7f02727928c0>,56,12,[13  4],57,-1,129,-1,117
1,<environment.Job instance at 0x7f02727926e0>,54,23,[1 6],55,-1,140,-1,117
1,<environment.Job instance at 0x7f0272792280>,61,15,[6 3],62,-1,134,-1,119
1,<environment.Job instance at 0x7f0272792410>,63,18,[7 5],64,-1,137,-1,119
1,<environment.Job instance at 0x7f0272358050>,0,20,[13  5],1,-1,21,-1,1
1,<environment.Job instance at 0x7f02723580a0>,1,27,[1 8],2,-1,29,-1,2
1,<environment.Job instance at 0x7f0272358cd0>,3,24,[11  3],4,-1,28,-1,4
1,<environment.Job instance at 0x7f0272358690>,4,18,[13  3],5,-1,23,-1,5
1,<environment.Job instance at 0x7f027253f500>,7,23,[13  3],8,-1,31,-1,8
1,<environment.Job instance at 0x7f027253fc80>,12,24,[13  3],13,-1,43,-1,19
1,<environment.Job instance at 0x7f0272434960>,14,25,[12  2],15,-1,44,-1,19
1,<environment.Job instance at 0x7f0272434d20>,15,25,[14  1],16,-1,44,-1,19
1,<environment.Job instance at 0x7f0272434be0>,16,27,[5 5],17,-1,59,-1,32
1,<environment.Job instance at 0x7f027c5633c0>,18,23,[14  2],19,-1,55,-1,32
1,<environment.Job instance at 0x7f027c563a00>,22,12,[12  4],23,-1,58,-1,46
1,<environment.Job instance at 0x7f027c563280>,23,21,[ 2 11],24,-1,67,-1,46
1,<environment.Job instance at 0x7f027c563410>,24,23,[14  3],25,-1,69,-1,46
1,<environment.Job instance at 0x7f027c563370>,25,25,[9 2],26,-1,71,-1,46
1,<environment.Job instance at 0x7f027c563140>,27,19,[11  1],28,-1,65,-1,46
1,<environment.Job instance at 0x7f02723c3640>,30,23,[ 2 11],31,-1,84,-1,61
1,<environment.Job instance at 0x7f02723c30a0>,32,19,[ 5 14],33,-1,92,-1,73
1,<environment.Job instance at 0x7f02723c31e0>,31,27,[1 8],32,-1,102,-1,75
1,<environment.Job instance at 0x7f02723c3e60>,34,27,[11  3],35,-1,102,-1,75
1,<environment.Job instance at 0x7f02723c3910>,35,26,[2 6],36,-1,101,-1,75
1,<environment.Job instance at 0x7f02723c37d0>,38,25,[14  2],39,-1,114,-1,89
1,<environment.Job instance at 0x7f02723c3370>,42,26,[13  5],43,-1,119,-1,93
1,<environment.Job instance at 0x7f02723c38c0>,43,24,[ 2 10],44,-1,117,-1,93
1,<environment.Job instance at 0x7f02723c33c0>,45,27,[10  2],46,-1,134,-1,107
1,<environment.Job instance at 0x7f02723c3b90>,47,27,[7 2],48,-1,134,-1,107
1,<environment.Job instance at 0x7f02729386e0>,48,15,[13  2],49,-1,122,-1,107
1,<environment.Job instance at 0x7f0272938f00>,49,17,[11  1],50,-1,124,-1,107
1,<environment.Job instance at 0x7f0272938fa0>,50,24,[13  2],51,-1,131,-1,107
1,<environment.Job instance at 0x7f02729385f0>,52,25,[11  4],53,-1,132,-1,107
1,<environment.Job instance at 0x7f0272938a50>,55,17,[12  4],56,-1,136,-1,119
1,<environment.Job instance at 0x7f02724f99b0>,56,12,[13  4],57,-1,131,-1,119
1,<environment.Job instance at 0x7f02724f95f0>,57,12,[14  3],58,-1,131,-1,119
1,<environment.Job instance at 0x7f02724f90a0>,58,15,[ 1 12],59,-1,134,-1,119
1,<environment.Job instance at 0x7f02724f9230>,59,21,[ 5 14],60,-1,140,-1,119
1,<environment.Job instance at 0x7f02724f9410>,60,16,[11  2],61,-1,135,-1,119
1,<environment.Job instance at 0x7f02727fad70>,2,19,[1 7],3,-1,22,-1,3
1,<environment.Job instance at 0x7f02727fa730>,5,18,[ 5 11],6,-1,25,-1,7
1,<environment.Job instance at 0x7f02727fa820>,6,27,[11  5],7,-1,34,-1,7
1,<environment.Job instance at 0x7f0272f114b0>,21,15,[9 4],22,-1,119,-1,104
1,<environment.Job instance at 0x7f0272f116e0>,22,28,[5 5],23,-1,132,-1,104
1,<environment.Job instance at 0x7f0272f11280>,25,21,[ 3 12],26,-1,125,-1,104
1,<environment.Job instance at 0x7f0272c52460>,0,18,[14  3],1,-1,19,-1,1
1,<environment.Job instance at 0x7f027c566690>,3,18,[14  3],4,-1,22,-1,4
1,<environment.Job instance at 0x7f027c566f00>,4,23,[ 2 11],5,-1,28,-1,5
1,<environment.Job instance at 0x7f027c566500>,5,18,[ 5 11],6,-1,24,-1,6
1,<environment.Job instance at 0x7f027c566820>,6,27,[11  5],7,-1,34,-1,7
1,<environment.Job instance at 0x7f027c566190>,7,17,[12  5],8,-1,25,-1,8
1,<environment.Job instance at 0x7f027c55caf0>,9,21,[11  1],10,-1,31,-1,10
1,<environment.Job instance at 0x7f027c55c870>,10,14,[12  4],11,-1,25,-1,11
1,<environment.Job instance at 0x7f027c55ca00>,13,26,[1 6],14,-1,40,-1,14
1,<environment.Job instance at 0x7f027c55cd20>,15,19,[11  4],16,-1,35,-1,16
1,<environment.Job instance at 0x7f027c56c9b0>,16,23,[11  3],17,-1,40,-1,17
1,<environment.Job instance at 0x7f027c56c960>,18,12,[11  4],19,-1,31,-1,19
1,<environment.Job instance at 0x7f027c55cb90>,11,26,[5 4],12,-1,46,-1,20
1,<environment.Job instance at 0x7f027c56c550>,20,14,[ 3 13],21,-1,35,-1,21
1,<environment.Job instance at 0x7f02723ab690>,22,28,[5 5],23,-1,54,-1,26
1,<environment.Job instance at 0x7f027c56c640>,24,20,[13  1],25,-1,46,-1,26
1,<environment.Job instance at 0x7f02724f90f0>,25,21,[ 3 12],26,-1,47,-1,26
1,<environment.Job instance at 0x7f02724f9410>,26,25,[12  3],27,-1,52,-1,27
1,<environment.Job instance at 0x7f02724f98c0>,28,20,[12  2],29,-1,49,-1,29
1,<environment.Job instance at 0x7f027c563780>,31,16,[14  3],32,-1,57,-1,41
1,<environment.Job instance at 0x7f027c563140>,32,20,[11  1],33,-1,61,-1,41
1,<environment.Job instance at 0x7f027c563410>,34,27,[7 2],35,-1,82,-1,55
1,<environment.Job instance at 0x7f027c563a00>,36,20,[ 4 13],37,-1,75,-1,55
1,<environment.Job instance at 0x7f027c563910>,37,21,[12  5],38,-1,76,-1,55
1,<environment.Job instance at 0x7f027c5633c0>,39,25,[6 1],40,-1,95,-1,70
1,<environment.Job instance at 0x7f027c563e10>,40,24,[11  4],41,-1,94,-1,70
1,<environment.Job instance at 0x7f027c563eb0>,42,27,[5 1],43,-1,98,-1,71
1,<environment.Job instance at 0x7f027253f870>,44,17,[14  5],45,-1,88,-1,71
1,<environment.Job instance at 0x7f027253f0a0>,45,25,[6 1],46,-1,96,-1,71
1,<environment.Job instance at 0x7f027253f140>,47,25,[8 3],48,-1,108,-1,83
1,<environment.Job instance at 0x7f0272f11fa0>,48,13,[13  1],49,-1,96,-1,83
1,<environment.Job instance at 0x7f02728560f0>,52,19,[12  1],53,-1,118,-1,99
1,<environment.Job instance at 0x7f02727fa460>,55,18,[ 2 13],56,-1,133,-1,115
1,<environment.Job instance at 0x7f0272856dc0>,53,26,[4 7],54,-1,141,-1,115
1,<environment.Job instance at 0x7f0272ef2320>,1,23,[ 4 11],2,-1,25,-1,2
1,<environment.Job instance at 0x7f0272ef2d20>,2,26,[ 3 14],3,-1,29,-1,3
1,<environment.Job instance at 0x7f0272ef28c0>,3,12,[ 2 13],4,-1,16,-1,4
1,<environment.Job instance at 0x7f0272ef2c80>,4,19,[ 4 11],5,-1,24,-1,5
1,<environment.Job instance at 0x7f0272ef21e0>,6,12,[11  1],7,-1,19,-1,7
1,<environment.Job instance at 0x7f0272ef2190>,8,25,[14  5],9,-1,34,-1,9
1,<environment.Job instance at 0x7f02727dbfa0>,11,13,[12  5],12,-1,25,-1,12
1,<environment.Job instance at 0x7f02727db140>,13,16,[11  4],14,-1,30,-1,14
1,<environment.Job instance at 0x7f02727db230>,15,27,[12  1],16,-1,43,-1,16
1,<environment.Job instance at 0x7f02727db5a0>,16,22,[11  5],17,-1,39,-1,17
1,<environment.Job instance at 0x7f02727db4b0>,18,22,[ 3 14],19,-1,41,-1,19
1,<environment.Job instance at 0x7f0272ef2d70>,9,27,[6 1],10,-1,48,-1,21
1,<environment.Job instance at 0x7f02727dbdc0>,19,26,[2 7],20,-1,47,-1,21
1,<environment.Job instance at 0x7f02727dbf50>,21,16,[14  1],22,-1,38,-1,22
1,<environment.Job instance at 0x7f02727db780>,22,23,[13  2],23,-1,46,-1,23
1,<environment.Job instance at 0x7f02727db730>,24,21,[14  1],25,-1,46,-1,25
1,<environment.Job instance at 0x7f02727db0a0>,25,18,[11  1],26,-1,44,-1,26
1,<environment.Job instance at 0x7f02727db280>,26,19,[ 3 12],27,-1,46,-1,27
1,<environment.Job instance at 0x7f02727db7d0>,28,18,[12  5],29,-1,47,-1,29
1,<environment.Job instance at 0x7f027253f050>,29,27,[13  3],30,-1,57,-1,30
1,<environment.Job instance at 0x7f02727dbc80>,23,25,[4 5],24,-1,60,-1,35
1,<environment.Job instance at 0x7f027253f190>,32,14,[14  1],33,-1,49,-1,35
1,<environment.Job instance at 0x7f027253fd70>,33,16,[ 4 12],34,-1,51,-1,35
1,<environment.Job instance at 0x7f027253f780>,34,17,[14  4],35,-1,52,-1,35
1,<environment.Job instance at 0x7f027253fd20>,31,27,[4 6],32,-1,62,-1,35
1,<environment.Job instance at 0x7f02727dba00>,20,23,[10  3],21,-1,60,-1,37
1,<environment.Job instance at 0x7f027c563d70>,36,17,[ 5 14],37,-1,54,-1,37
1,<environment.Job instance at 0x7f027c563e10>,37,25,[11  4],38,-1,63,-1,38
1,<environment.Job instance at 0x7f027c5635a0>,41,27,[ 1 11],42,-1,76,-1,49
1,<environment.Job instance at 0x7f027c563f00>,43,26,[11  2],44,-1,75,-1,49
1,<environment.Job instance at 0x7f02724f9230>,47,27,[ 5 14],48,-1,82,-1,55
1,<environment.Job instance at 0x7f02724f9730>,46,24,[9 2],47,-1,85,-1,61
1,<environment.Job instance at 0x7f02723ab690>,49,20,[ 2 13],50,-1,81,-1,61
1,<environment.Job instance at 0x7f02724f9820>,50,26,[ 4 14],51,-1,87,-1,61
1,<environment.Job instance at 0x7f0272f026e0>,52,16,[ 1 11],53,-1,77,-1,61
1,<environment.Job instance at 0x7f027c56cf00>,53,15,[14  5],54,-1,76,-1,61
1,<environment.Job instance at 0x7f027c56ce60>,54,17,[13  1],55,-1,78,-1,61
1,<environment.Job instance at 0x7f027c56cb90>,55,23,[ 4 11],56,-1,84,-1,61
1,<environment.Job instance at 0x7f027c56c5a0>,56,21,[ 5 14],57,-1,82,-1,61
1,<environment.Job instance at 0x7f027c56caf0>,57,17,[13  3],58,-1,78,-1,61
1,<environment.Job instance at 0x7f027c56caa0>,60,14,[13  2],61,-1,82,-1,68
1,<environment.Job instance at 0x7f027c55c140>,62,23,[ 1 14],63,-1,97,-1,74
1,<environment.Job instance at 0x7f027c55cb90>,63,27,[5 5],64,-1,108,-1,81
1,<environment.Job instance at 0x7f027e3a08c0>,65,28,[ 5 11],66,-1,109,-1,81
1,<environment.Job instance at 0x7f027c55c050>,66,19,[11  5],67,-1,100,-1,81
1,<environment.Job instance at 0x7f027c55cf00>,67,27,[ 2 14],68,-1,108,-1,81
1,<environment.Job instance at 0x7f027c566690>,68,23,[3 7],69,-1,121,-1,98
1,<environment.Job instance at 0x7f0272aca230>,72,23,[ 3 12],73,-1,122,-1,99
1,<environment.Job instance at 0x7f027301cdc0>,73,20,[11  5],74,-1,119,-1,99
1,<environment.Job instance at 0x7f0273597f00>,74,27,[12  3],75,-1,126,-1,99
1,<environment.Job instance at 0x7f0272d694b0>,75,24,[6 1],76,-1,123,-1,99
1,<environment.Job instance at 0x7f0273232460>,76,26,[ 1 12],77,-1,125,-1,99
1,<environment.Job instance at 0x7f0273100d20>,77,13,[12  3],78,-1,112,-1,99
1,<environment.Job instance at 0x7f02734c6fa0>,78,25,[1 5],79,-1,124,-1,99
1,<environment.Job instance at 0x7f02731fd5f0>,80,24,[11  5],81,-1,123,-1,99
1,<environment.Job instance at 0x7f02731e6820>,81,25,[2 7],82,-1,124,-1,99
1,<environment.Job instance at 0x7f027c566e60>,71,25,[5 8],72,-1,124,-1,99
1,<environment.Job instance at 0x7f02729dd780>,83,21,[ 3 14],84,-1,120,-1,99
1,<environment.Job instance at 0x7f02731e63c0>,82,23,[10  4],83,-1,136,-1,113
1,<environment.Job instance at 0x7f027319e140>,86,18,[14  2],87,-1,131,-1,113
1,<environment.Job instance at 0x7f027319ec80>,87,27,[ 5 13],88,-1,140,-1,113
1,<environment.Job instance at 0x7f0272ba3140>,89,21,[12  3],90,-1,134,-1,113
1,<environment.Job instance at 0x7f0272ba3280>,90,27,[ 5 12],91,-1,140,-1,113
1,<environment.Job instance at 0x7f0272ba3320>,92,16,[ 2 13],93,-1,131,-1,115
1,<environment.Job instance at 0x7f0273560e60>,6,22,[ 5 11],7,-1,32,-1,10
1,<environment.Job instance at 0x7f027281e320>,1,24,[14  3],2,-1,26,-1,2
1,<environment.Job instance at 0x7f027281e820>,2,25,[12  1],3,-1,28,-1,3
1,<environment.Job instance at 0x7f027281e370>,3,24,[5 8],4,-1,28,-1,4
1,<environment.Job instance at 0x7f027281e280>,4,13,[ 1 13],5,-1,18,-1,5
1,<environment.Job instance at 0x7f027281ec80>,5,23,[1 5],6,-1,29,-1,6
1,<environment.Job instance at 0x7f027281e1e0>,6,22,[ 5 11],7,-1,29,-1,7
1,<environment.Job instance at 0x7f027281e460>,7,24,[ 5 13],8,-1,32,-1,8
1,<environment.Job instance at 0x7f027281ebe0>,8,13,[ 1 14],9,-1,22,-1,9
1,<environment.Job instance at 0x7f027281e9b0>,9,26,[12  4],10,-1,36,-1,10
1,<environment.Job instance at 0x7f027281e500>,11,21,[13  2],12,-1,33,-1,12
1,<environment.Job instance at 0x7f027281e0f0>,12,23,[14  5],13,-1,36,-1,13
1,<environment.Job instance at 0x7f027281eb40>,13,14,[14  2],14,-1,28,-1,14
1,<environment.Job instance at 0x7f0272ba3820>,20,18,[ 5 14],21,-1,42,-1,24
1,<environment.Job instance at 0x7f027c566640>,21,17,[ 3 13],22,-1,41,-1,24
1,<environment.Job instance at 0x7f027c566870>,22,23,[13  3],23,-1,47,-1,24
1,<environment.Job instance at 0x7f027c5667d0>,23,18,[ 2 12],24,-1,42,-1,24
1,<environment.Job instance at 0x7f027281ec30>,16,28,[5 4],17,-1,52,-1,24
1,<environment.Job instance at 0x7f027c5668c0>,24,28,[11  1],25,-1,53,-1,25
1,<environment.Job instance at 0x7f02727a8820>,26,12,[13  5],27,-1,39,-1,27
1,<environment.Job instance at 0x7f027c566eb0>,27,20,[ 5 14],28,-1,48,-1,28
1,<environment.Job instance at 0x7f027c56c910>,28,27,[ 2 14],29,-1,56,-1,29
1,<environment.Job instance at 0x7f027c56cd70>,30,15,[ 4 11],31,-1,46,-1,31
1,<environment.Job instance at 0x7f027c56c5a0>,31,15,[13  5],32,-1,47,-1,32
1,<environment.Job instance at 0x7f027c56caa0>,32,13,[14  4],33,-1,46,-1,33
1,<environment.Job instance at 0x7f027c56cb40>,33,16,[14  2],34,-1,50,-1,34
1,<environment.Job instance at 0x7f027c566190>,34,25,[14  4],35,-1,60,-1,35
1,<environment.Job instance at 0x7f027c56c780>,35,19,[13  5],36,-1,55,-1,36
1,<environment.Job instance at 0x7f027253f280>,36,26,[10  2],37,-1,69,-1,43
1,<environment.Job instance at 0x7f027253f050>,40,23,[ 3 13],41,-1,66,-1,43
1,<environment.Job instance at 0x7f027253f500>,41,13,[12  5],42,-1,56,-1,43
1,<environment.Job instance at 0x7f027253f7d0>,39,26,[2 9],40,-1,69,-1,43
1,<environment.Job instance at 0x7f02727db870>,45,26,[5 7],46,-1,84,-1,58
1,<environment.Job instance at 0x7f02727db910>,46,28,[14  1],47,-1,86,-1,58
1,<environment.Job instance at 0x7f02727db0a0>,47,16,[ 3 12],48,-1,74,-1,58
1,<environment.Job instance at 0x7f02727dbc80>,48,26,[12  1],49,-1,84,-1,58
1,<environment.Job instance at 0x7f02727db3c0>,49,22,[14  5],50,-1,80,-1,58
1,<environment.Job instance at 0x7f02727db820>,50,18,[12  5],51,-1,76,-1,58
1,<environment.Job instance at 0x7f02727db370>,51,14,[13  4],52,-1,72,-1,58
1,<environment.Job instance at 0x7f02727db2d0>,52,25,[ 1 13],53,-1,83,-1,58
1,<environment.Job instance at 0x7f02727dbb40>,54,16,[11  5],55,-1,74,-1,58
1,<environment.Job instance at 0x7f02727dbf00>,55,25,[2 8],56,-1,83,-1,58
1,<environment.Job instance at 0x7f02727db050>,57,26,[2 7],58,-1,97,-1,71
1,<environment.Job instance at 0x7f02727db780>,59,23,[1 6],60,-1,94,-1,71
1,<environment.Job instance at 0x7f0273560910>,60,26,[13  5],61,-1,97,-1,71
1,<environment.Job instance at 0x7f0273560b40>,61,16,[ 1 13],62,-1,87,-1,71
1,<environment.Job instance at 0x7f02735607d0>,62,25,[4 9],63,-1,101,-1,76
1,<environment.Job instance at 0x7f02738a0f50>,64,14,[13  3],65,-1,90,-1,76
1,<environment.Job instance at 0x7f02738a0a50>,65,14,[13  2],66,-1,90,-1,76
1,<environment.Job instance at 0x7f02738a03c0>,68,28,[12  3],69,-1,104,-1,76
1,<environment.Job instance at 0x7f02738a0b40>,67,28,[9 2],68,-1,118,-1,90
1,<environment.Job instance at 0x7f02735642d0>,74,12,[ 3 12],75,-1,117,-1,105
1,<environment.Job instance at 0x7f0273564320>,75,12,[11  4],76,-1,117,-1,105
1,<environment.Job instance at 0x7f0273564780>,76,20,[ 3 14],77,-1,125,-1,105
1,<environment.Job instance at 0x7f02735647d0>,77,16,[12  1],78,-1,121,-1,105
1,<environment.Job instance at 0x7f0273564be0>,80,28,[ 1 11],81,-1,147,-1,119
1,<environment.Job instance at 0x7f027c63f6e0>,1,24,[4 5],2,-1,26,-1,2
1,<environment.Job instance at 0x7f0273564230>,1,24,[4 5],2,-1,26,-1,2
1,<environment.Job instance at 0x7f0273564780>,3,12,[13  3],4,-1,16,-1,4
1,<environment.Job instance at 0x7f0273564460>,6,14,[11  2],7,-1,21,-1,7
1,<environment.Job instance at 0x7f0273564dc0>,7,15,[ 3 14],8,-1,23,-1,8
1,<environment.Job instance at 0x7f027c174dc0>,9,27,[13  4],10,-1,37,-1,10
1,<environment.Job instance at 0x7f0272a6bf50>,12,15,[ 4 14],13,-1,28,-1,13
1,<environment.Job instance at 0x7f02735640f0>,13,12,[ 1 14],14,-1,26,-1,14
1,<environment.Job instance at 0x7f02737db870>,14,20,[ 1 12],15,-1,35,-1,15
1,<environment.Job instance at 0x7f027253a780>,17,14,[ 4 12],18,-1,32,-1,18
1,<environment.Job instance at 0x7f0272a6ac80>,19,25,[ 1 14],20,-1,47,-1,22
1,<environment.Job instance at 0x7f0272a6a280>,20,14,[11  5],21,-1,36,-1,22
1,<environment.Job instance at 0x7f02734e3370>,22,23,[ 4 13],23,-1,52,-1,29
1,<environment.Job instance at 0x7f0272e89c80>,23,19,[11  1],24,-1,48,-1,29
1,<environment.Job instance at 0x7f02734e3cd0>,24,26,[11  4],25,-1,55,-1,29
1,<environment.Job instance at 0x7f0273564d20>,4,25,[ 5 10],5,-1,60,-1,35
1,<environment.Job instance at 0x7f027269bc80>,27,13,[ 3 13],28,-1,48,-1,35
1,<environment.Job instance at 0x7f02734e3d70>,28,15,[14  4],29,-1,50,-1,35
1,<environment.Job instance at 0x7f02726c0f50>,29,18,[ 3 14],30,-1,53,-1,35
1,<environment.Job instance at 0x7f02726c0dc0>,30,28,[5 2],31,-1,63,-1,35
1,<environment.Job instance at 0x7f0272a7e5a0>,31,21,[ 4 12],32,-1,56,-1,35
1,<environment.Job instance at 0x7f02734e4be0>,33,18,[11  5],34,-1,53,-1,35
1,<environment.Job instance at 0x7f02734e4a00>,37,21,[11  3],38,-1,70,-1,49
1,<environment.Job instance at 0x7f02734f3be0>,41,14,[11  3],42,-1,71,-1,57
1,<environment.Job instance at 0x7f02734f3c80>,39,23,[5 5],40,-1,80,-1,57
1,<environment.Job instance at 0x7f02734c3a50>,43,27,[11  2],44,-1,84,-1,57
1,<environment.Job instance at 0x7f02734ded70>,46,22,[14  2],47,-1,79,-1,57
1,<environment.Job instance at 0x7f02734c3a00>,42,28,[2 7],43,-1,90,-1,62
1,<environment.Job instance at 0x7f02734f5aa0>,49,22,[ 2 11],50,-1,89,-1,67
1,<environment.Job instance at 0x7f02734f5a00>,50,16,[11  5],51,-1,83,-1,67
1,<environment.Job instance at 0x7f02734d4be0>,52,24,[13  4],53,-1,100,-1,76
1,<environment.Job instance at 0x7f02734d4a50>,53,24,[4 7],54,-1,116,-1,92
1,<environment.Job instance at 0x7f0272528690>,57,14,[13  2],58,-1,110,-1,96
1,<environment.Job instance at 0x7f0272528780>,59,24,[ 1 14],60,-1,129,-1,105
1,<environment.Job instance at 0x7f0272528c30>,61,22,[12  4],62,-1,127,-1,105
1,<environment.Job instance at 0x7f02725289b0>,60,28,[7 5],61,-1,140,-1,112
1,<environment.Job instance at 0x7f0272528eb0>,63,24,[8 5],64,-1,136,-1,112
1,<environment.Job instance at 0x7f0272699410>,64,19,[13  1],65,-1,131,-1,112
1,<environment.Job instance at 0x7f02734dc3c0>,65,23,[11  5],66,-1,135,-1,112
1,<environment.Job instance at 0x7f02734dccd0>,66,23,[ 2 12],67,-1,135,-1,112
1,<environment.Job instance at 0x7f0272787320>,2,16,[4 6],3,-1,19,-1,3
1,<environment.Job instance at 0x7f0272787730>,6,28,[8 1],7,-1,35,-1,7
1,<environment.Job instance at 0x7f0272787c80>,7,18,[8 3],8,-1,26,-1,8
1,<environment.Job instance at 0x7f027256e5f0>,0,22,[ 1 14],1,-1,23,-1,1
1,<environment.Job instance at 0x7f027c4956e0>,4,27,[11  4],5,-1,32,-1,5
1,<environment.Job instance at 0x7f0272987050>,8,23,[ 3 14],9,-1,32,-1,9
1,<environment.Job instance at 0x7f027c2eb370>,9,27,[ 4 13],10,-1,37,-1,10
1,<environment.Job instance at 0x7f027c2eba00>,10,22,[12  5],11,-1,33,-1,11
1,<environment.Job instance at 0x7f027249d550>,6,28,[8 1],7,-1,56,-1,28
1,<environment.Job instance at 0x7f0272592780>,14,14,[ 1 11],15,-1,42,-1,28
1,<environment.Job instance at 0x7f02728a85f0>,16,27,[13  1],17,-1,55,-1,28
1,<environment.Job instance at 0x7f0272592320>,18,26,[12  3],19,-1,54,-1,28
1,<environment.Job instance at 0x7f027296baf0>,20,23,[13  4],21,-1,51,-1,28
1,<environment.Job instance at 0x7f027296b550>,21,25,[ 4 12],22,-1,53,-1,28
1,<environment.Job instance at 0x7f027296da00>,22,26,[5 5],23,-1,54,-1,28
1,<environment.Job instance at 0x7f02728ad550>,25,25,[ 2 10],26,-1,56,-1,31
1,<environment.Job instance at 0x7f02728cd640>,26,14,[11  3],27,-1,45,-1,31
1,<environment.Job instance at 0x7f02725928c0>,15,27,[10  2],16,-1,68,-1,41
1,<environment.Job instance at 0x7f02724ab960>,31,19,[ 3 11],32,-1,61,-1,42
1,<environment.Job instance at 0x7f0272498cd0>,34,27,[5 6],35,-1,93,-1,66
1,<environment.Job instance at 0x7f027249c5f0>,37,25,[12  3],38,-1,97,-1,72
1,<environment.Job instance at 0x7f027249c5a0>,36,25,[9 4],37,-1,103,-1,78
1,<environment.Job instance at 0x7f0272699410>,38,26,[ 3 10],39,-1,104,-1,78
1,<environment.Job instance at 0x7f027249cdc0>,41,27,[ 5 14],42,-1,105,-1,78
1,<environment.Job instance at 0x7f02734dc3c0>,42,17,[14  2],43,-1,95,-1,78
1,<environment.Job instance at 0x7f02734dceb0>,43,15,[12  2],44,-1,93,-1,78
1,<environment.Job instance at 0x7f02734dccd0>,44,20,[12  3],45,-1,98,-1,78
1,<environment.Job instance at 0x7f0272528af0>,46,26,[13  3],47,-1,116,-1,90
1,<environment.Job instance at 0x7f0272528e60>,48,27,[7 3],49,-1,118,-1,91
1,<environment.Job instance at 0x7f0272528b40>,50,13,[13  3],51,-1,104,-1,91
1,<environment.Job instance at 0x7f0272528fa0>,51,12,[12  5],52,-1,103,-1,91
1,<environment.Job instance at 0x7f0272528a50>,52,14,[12  5],53,-1,105,-1,91
1,<environment.Job instance at 0x7f02734d4a50>,53,22,[14  5],54,-1,113,-1,91
1,<environment.Job instance at 0x7f0272528690>,47,23,[9 5],48,-1,134,-1,111
1,<environment.Job instance at 0x7f02734d4be0>,57,14,[12  5],58,-1,126,-1,112
1,<environment.Job instance at 0x7f02734f50a0>,58,14,[12  2],59,-1,126,-1,112
1,<environment.Job instance at 0x7f02734f5af0>,59,23,[ 5 11],60,-1,135,-1,112
1,<environment.Job instance at 0x7f0273168140>,0,27,[5 2],1,-1,28,-1,1
1,<environment.Job instance at 0x7f0272077d20>,9,19,[5 8],10,-1,29,-1,10
1,<environment.Job instance at 0x7f0272077500>,10,16,[ 1 10],11,-1,27,-1,11
1,<environment.Job instance at 0x7f0273921370>,0,27,[5 2],1,-1,28,-1,1
1,<environment.Job instance at 0x7f02739219b0>,1,12,[ 3 13],2,-1,14,-1,2
1,<environment.Job instance at 0x7f0273921690>,2,17,[14  5],3,-1,20,-1,3
1,<environment.Job instance at 0x7f0273921730>,3,15,[14  2],4,-1,19,-1,4
1,<environment.Job instance at 0x7f0273921af0>,4,15,[ 1 12],5,-1,20,-1,5
1,<environment.Job instance at 0x7f0273921cd0>,8,12,[ 1 12],9,-1,21,-1,9
1,<environment.Job instance at 0x7f0273921910>,11,22,[14  3],12,-1,34,-1,12
1,<environment.Job instance at 0x7f0273921960>,12,22,[11  5],13,-1,35,-1,13
1,<environment.Job instance at 0x7f027c1746e0>,15,21,[11  3],16,-1,40,-1,19
1,<environment.Job instance at 0x7f0272eefb90>,16,24,[1 8],17,-1,44,-1,20
1,<environment.Job instance at 0x7f027e3a08c0>,19,12,[11  2],20,-1,32,-1,20
1,<environment.Job instance at 0x7f0272787820>,20,18,[ 3 11],21,-1,39,-1,21
1,<environment.Job instance at 0x7f02735000f0>,21,15,[ 3 12],22,-1,37,-1,22
1,<environment.Job instance at 0x7f02725885a0>,23,24,[2 8],24,-1,60,-1,36
1,<environment.Job instance at 0x7f02725789b0>,24,24,[5 7],25,-1,60,-1,36
1,<environment.Job instance at 0x7f0272578140>,25,13,[14  2],26,-1,49,-1,36
1,<environment.Job instance at 0x7f0272e89780>,26,12,[ 5 14],27,-1,48,-1,36
1,<environment.Job instance at 0x7f0272e89c80>,27,28,[11  4],28,-1,64,-1,36
1,<environment.Job instance at 0x7f027253a230>,28,23,[1 6],29,-1,59,-1,36
1,<environment.Job instance at 0x7f02734e3be0>,29,26,[1 8],30,-1,62,-1,36
1,<environment.Job instance at 0x7f02726c0dc0>,33,25,[7 5],34,-1,73,-1,48
1,<environment.Job instance at 0x7f02734e3460>,34,24,[5 3],35,-1,72,-1,48
1,<environment.Job instance at 0x7f02734e4370>,35,15,[ 1 14],36,-1,63,-1,48
1,<environment.Job instance at 0x7f02734e4c30>,36,24,[5 2],37,-1,72,-1,48
1,<environment.Job instance at 0x7f02734e4e10>,37,25,[8 1],38,-1,74,-1,49
1,<environment.Job instance at 0x7f02734e4690>,39,20,[ 4 13],40,-1,69,-1,49
1,<environment.Job instance at 0x7f02734c39b0>,43,26,[9 3],44,-1,92,-1,66
1,<environment.Job instance at 0x7f02734dec80>,45,20,[14  4],46,-1,86,-1,66
1,<environment.Job instance at 0x7f02734dec30>,47,14,[ 3 11],48,-1,80,-1,66
1,<environment.Job instance at 0x7f02734f50a0>,48,14,[14  2],49,-1,80,-1,66
1,<environment.Job instance at 0x7f02734f5a00>,49,20,[14  4],50,-1,86,-1,66
1,<environment.Job instance at 0x7f02734d4e10>,50,15,[ 4 12],51,-1,81,-1,66
1,<environment.Job instance at 0x7f02734d4be0>,52,26,[13  4],53,-1,107,-1,81
1,<environment.Job instance at 0x7f0272528b40>,54,24,[ 3 14],55,-1,106,-1,82
1,<environment.Job instance at 0x7f02725289b0>,55,16,[11  5],56,-1,98,-1,82
1,<environment.Job instance at 0x7f0272528690>,57,13,[13  2],58,-1,95,-1,82
1,<environment.Job instance at 0x7f0272528eb0>,58,23,[11  5],59,-1,105,-1,82
1,<environment.Job instance at 0x7f0272528c30>,59,23,[8 2],60,-1,120,-1,97
1,<environment.Job instance at 0x7f0272699410>,61,14,[ 3 13],62,-1,111,-1,97
1,<environment.Job instance at 0x7f02734dceb0>,62,23,[6 1],63,-1,122,-1,99
1,<environment.Job instance at 0x7f02734dc4b0>,63,19,[12  4],64,-1,118,-1,99
1,<environment.Job instance at 0x7f027249c640>,65,16,[13  3],66,-1,115,-1,99
1,<environment.Job instance at 0x7f0272498500>,68,26,[1 8],69,-1,137,-1,111
1,<environment.Job instance at 0x7f0272498be0>,69,12,[ 1 13],70,-1,123,-1,111
1,<environment.Job instance at 0x7f0272498050>,70,26,[ 2 10],71,-1,137,-1,111
1,<environment.Job instance at 0x7f02724f4cd0>,2,23,[7 1],3,-1,27,-1,4
1,<environment.Job instance at 0x7f02724f4320>,5,15,[6 5],6,-1,21,-1,6
1,<environment.Job instance at 0x7f02724f4870>,3,13,[13  4],4,-1,19,-1,6
1,<environment.Job instance at 0x7f0273022f50>,14,28,[7 1],15,-1,49,-1,21
1,<environment.Job instance at 0x7f027304eb90>,0,21,[ 1 12],1,-1,22,-1,1
1,<environment.Job instance at 0x7f027304ed70>,1,16,[ 2 13],2,-1,18,-1,2
1,<environment.Job instance at 0x7f027304eaa0>,2,23,[7 1],3,-1,26,-1,3
1,<environment.Job instance at 0x7f027304e960>,3,13,[13  4],4,-1,17,-1,4
1,<environment.Job instance at 0x7f027303d370>,4,18,[14  3],5,-1,23,-1,5
1,<environment.Job instance at 0x7f027303dc30>,6,24,[14  5],7,-1,31,-1,7
1,<environment.Job instance at 0x7f027303d960>,7,25,[ 4 12],8,-1,33,-1,8
1,<environment.Job instance at 0x7f02732687d0>,9,18,[12  3],10,-1,28,-1,10
1,<environment.Job instance at 0x7f027304eaf0>,11,18,[ 2 11],12,-1,30,-1,12
1,<environment.Job instance at 0x7f027304abe0>,12,13,[11  3],13,-1,26,-1,13
1,<environment.Job instance at 0x7f027304ac80>,13,18,[13  2],14,-1,32,-1,14
1,<environment.Job instance at 0x7f027304a280>,15,23,[ 5 13],16,-1,39,-1,16
1,<environment.Job instance at 0x7f0272ca83c0>,18,25,[ 2 12],19,-1,44,-1,19
1,<environment.Job instance at 0x7f0272ca8e10>,19,12,[ 4 14],20,-1,32,-1,20
1,<environment.Job instance at 0x7f02732d5b90>,14,28,[7 1],15,-1,49,-1,21
1,<environment.Job instance at 0x7f0272ca8910>,20,28,[10  3],21,-1,49,-1,21
1,<environment.Job instance at 0x7f0272ca8640>,21,23,[11  2],22,-1,45,-1,22
1,<environment.Job instance at 0x7f0272ca80f0>,16,23,[2 7],17,-1,47,-1,24
1,<environment.Job instance at 0x7f02732d5280>,17,28,[ 1 10],18,-1,52,-1,24
1,<environment.Job instance at 0x7f02730677d0>,25,16,[12  5],26,-1,42,-1,26
1,<environment.Job instance at 0x7f0273067730>,26,22,[ 3 12],27,-1,49,-1,27
1,<environment.Job instance at 0x7f027303ba50>,27,14,[12  4],28,-1,42,-1,28
1,<environment.Job instance at 0x7f027303b9b0>,28,28,[11  3],29,-1,57,-1,29
1,<environment.Job instance at 0x7f027303bd70>,29,24,[ 5 12],30,-1,54,-1,30
1,<environment.Job instance at 0x7f027303b8c0>,31,13,[ 3 13],32,-1,45,-1,32
1,<environment.Job instance at 0x7f0272ca2190>,32,23,[14  4],33,-1,56,-1,33
1,<environment.Job instance at 0x7f0272ca24b0>,33,17,[13  5],34,-1,51,-1,34
1,<environment.Job instance at 0x7f02730508c0>,34,22,[13  1],35,-1,57,-1,35
1,<environment.Job instance at 0x7f0273050820>,35,24,[12  4],36,-1,60,-1,36
1,<environment.Job instance at 0x7f0272ca8be0>,24,27,[1 7],25,-1,65,-1,38
1,<environment.Job instance at 0x7f027303bb40>,30,27,[2 5],31,-1,65,-1,38
1,<environment.Job instance at 0x7f0273050960>,36,25,[6 3],37,-1,63,-1,38
1,<environment.Job instance at 0x7f0272ca2050>,37,27,[9 5],38,-1,65,-1,38
1,<environment.Job instance at 0x7f0273040460>,38,18,[ 3 11],39,-1,57,-1,39
1,<environment.Job instance at 0x7f0273040f00>,39,14,[ 2 13],40,-1,54,-1,40
1,<environment.Job instance at 0x7f0273045e60>,44,17,[ 4 14],45,-1,62,-1,45
1,<environment.Job instance at 0x7f02730457d0>,45,15,[ 2 14],46,-1,61,-1,46
1,<environment.Job instance at 0x7f02732d8820>,41,23,[3 9],42,-1,76,-1,53
1,<environment.Job instance at 0x7f02732d1230>,50,23,[5 9],51,-1,76,-1,53
1,<environment.Job instance at 0x7f0273045dc0>,51,17,[ 2 14],52,-1,70,-1,53
1,<environment.Job instance at 0x7f0273037a00>,52,22,[11  4],53,-1,75,-1,53
1,<environment.Job instance at 0x7f02732451e0>,53,28,[11  2],54,-1,82,-1,54
1,<environment.Job instance at 0x7f0273037460>,54,28,[ 4 10],55,-1,88,-1,60
1,<environment.Job instance at 0x7f027303c3c0>,57,26,[12  4],58,-1,86,-1,60
1,<environment.Job instance at 0x7f027303c0a0>,58,13,[12  3],59,-1,73,-1,60
1,<environment.Job instance at 0x7f0273761320>,59,16,[ 5 11],60,-1,76,-1,60
1,<environment.Job instance at 0x7f02730373c0>,55,24,[6 2],56,-1,89,-1,65
1,<environment.Job instance at 0x7f02737614b0>,61,20,[ 1 11],62,-1,85,-1,65
1,<environment.Job instance at 0x7f02739a30f0>,64,19,[ 4 11],65,-1,104,-1,85
1,<environment.Job instance at 0x7f0272c97a50>,66,19,[13  2],67,-1,104,-1,85
1,<environment.Job instance at 0x7f0272c976e0>,67,27,[5 9],68,-1,112,-1,85
1,<environment.Job instance at 0x7f027317caa0>,68,24,[ 3 14],69,-1,109,-1,85
1,<environment.Job instance at 0x7f0273994d70>,69,24,[3 7],70,-1,109,-1,85
1,<environment.Job instance at 0x7f027325e7d0>,72,14,[ 5 11],73,-1,111,-1,97
1,<environment.Job instance at 0x7f0273521550>,75,17,[ 2 13],76,-1,127,-1,110
1,<environment.Job instance at 0x7f0272cc8e60>,76,16,[14  4],77,-1,126,-1,110
1,<environment.Job instance at 0x7f0272cc8460>,77,18,[ 1 14],78,-1,128,-1,110
1,<environment.Job instance at 0x7f0273536230>,78,16,[ 3 14],79,-1,126,-1,110
1,<environment.Job instance at 0x7f027226a500>,81,16,[11  2],82,-1,128,-1,112
1,<environment.Job instance at 0x7f0273259190>,1,20,[10  3],2,-1,23,-1,3
1,<environment.Job instance at 0x7f0273259320>,2,27,[7 2],3,-1,30,-1,3
1,<environment.Job instance at 0x7f0273259be0>,4,21,[10  1],5,-1,28,-1,7
1,<environment.Job instance at 0x7f02732d1a00>,8,18,[ 5 12],9,-1,27,-1,9
1,<environment.Job instance at 0x7f02732d1190>,12,16,[ 5 10],13,-1,43,-1,27
1,<environment.Job instance at 0x7f0273259280>,13,12,[13  2],14,-1,40,-1,28
1,<environment.Job instance at 0x7f02732d1c80>,6,17,[ 1 12],7,-1,45,-1,28
1,<environment.Job instance at 0x7f02732d1e60>,19,16,[3 6],20,-1,45,-1,29
1,<environment.Job instance at 0x7f02732d1d70>,11,25,[4 8],12,-1,54,-1,29
1,<environment.Job instance at 0x7f02722d5870>,3,12,[13  2],4,-1,16,-1,4
1,<environment.Job instance at 0x7f0273776050>,5,12,[ 2 14],6,-1,18,-1,6
1,<environment.Job instance at 0x7f02737423c0>,6,17,[ 1 12],7,-1,24,-1,7
1,<environment.Job instance at 0x7f0273776780>,7,22,[13  4],8,-1,30,-1,8
1,<environment.Job instance at 0x7f027375b190>,8,18,[ 5 12],9,-1,27,-1,9
1,<environment.Job instance at 0x7f027375ba50>,9,25,[12  1],10,-1,35,-1,10
1,<environment.Job instance at 0x7f027325e7d0>,10,26,[12  2],11,-1,37,-1,11
1,<environment.Job instance at 0x7f0273742eb0>,11,25,[4 8],12,-1,38,-1,13
1,<environment.Job instance at 0x7f0272b44a00>,13,12,[13  2],14,-1,26,-1,14
1,<environment.Job instance at 0x7f0273776640>,2,27,[7 2],3,-1,49,-1,22
1,<environment.Job instance at 0x7f027291bb90>,18,14,[ 2 13],19,-1,36,-1,22
1,<environment.Job instance at 0x7f02732d1230>,15,26,[2 8],16,-1,55,-1,29
1,<environment.Job instance at 0x7f027228c500>,22,27,[ 1 13],23,-1,56,-1,29
1,<environment.Job instance at 0x7f027228c960>,23,18,[11  3],24,-1,47,-1,29
1,<environment.Job instance at 0x7f02732d1910>,16,23,[4 7],17,-1,52,-1,29
1,<environment.Job instance at 0x7f027228c9b0>,25,13,[12  1],26,-1,42,-1,29
1,<environment.Job instance at 0x7f027228c0f0>,26,12,[12  5],27,-1,41,-1,29
1,<environment.Job instance at 0x7f027228caa0>,27,12,[ 3 12],28,-1,41,-1,29
1,<environment.Job instance at 0x7f0273245c80>,31,27,[2 7],32,-1,71,-1,44
1,<environment.Job instance at 0x7f0273245cd0>,29,23,[4 9],30,-1,68,-1,45
1,<environment.Job instance at 0x7f0273245b40>,34,14,[ 2 11],35,-1,59,-1,45
1,<environment.Job instance at 0x7f0273245a50>,35,23,[ 3 14],36,-1,68,-1,45
1,<environment.Job instance at 0x7f0273259550>,21,23,[8 4],22,-1,78,-1,55
1,<environment.Job instance at 0x7f0273245190>,37,15,[ 2 13],38,-1,70,-1,55
1,<environment.Job instance at 0x7f0273245140>,38,27,[11  5],39,-1,82,-1,55
1,<environment.Job instance at 0x7f0273245fa0>,39,21,[ 5 13],40,-1,76,-1,55
1,<environment.Job instance at 0x7f0273245f50>,40,14,[12  4],41,-1,69,-1,55
1,<environment.Job instance at 0x7f02732459b0>,42,28,[14  3],43,-1,83,-1,55
1,<environment.Job instance at 0x7f02732452d0>,44,22,[ 5 12],45,-1,81,-1,59
1,<environment.Job instance at 0x7f0273245280>,45,24,[ 1 14],46,-1,83,-1,59
1,<environment.Job instance at 0x7f02732455a0>,46,25,[ 1 14],47,-1,84,-1,59
1,<environment.Job instance at 0x7f0273245be0>,49,21,[14  3],50,-1,92,-1,71
1,<environment.Job instance at 0x7f0273245910>,50,17,[11  1],51,-1,88,-1,71
1,<environment.Job instance at 0x7f027350c0f0>,51,28,[6 4],52,-1,109,-1,81
1,<environment.Job instance at 0x7f027350c230>,54,17,[ 2 12],55,-1,98,-1,81
1,<environment.Job instance at 0x7f027350ca50>,55,28,[5 9],56,-1,111,-1,83
1,<environment.Job instance at 0x7f027350cbe0>,56,26,[11  4],57,-1,109,-1,83
1,<environment.Job instance at 0x7f027350c140>,57,14,[ 2 13],58,-1,97,-1,83
1,<environment.Job instance at 0x7f027350c190>,58,25,[11  1],59,-1,108,-1,83
1,<environment.Job instance at 0x7f027350ca00>,60,25,[ 2 12],61,-1,108,-1,83
1,<environment.Job instance at 0x7f027350c910>,61,14,[12  5],62,-1,97,-1,83
1,<environment.Job instance at 0x7f027350c780>,63,13,[13  1],64,-1,109,-1,96
1,<environment.Job instance at 0x7f027350c1e0>,64,14,[13  3],65,-1,110,-1,96
1,<environment.Job instance at 0x7f027350c280>,66,25,[ 4 10],67,-1,122,-1,97
1,<environment.Job instance at 0x7f027352a5f0>,67,19,[ 5 11],68,-1,116,-1,97
1,<environment.Job instance at 0x7f027352a550>,68,15,[12  1],69,-1,112,-1,97
1,<environment.Job instance at 0x7f027352a5a0>,71,24,[ 2 11],72,-1,121,-1,97
1,<environment.Job instance at 0x7f027352aa50>,72,20,[ 1 14],73,-1,117,-1,97
1,<environment.Job instance at 0x7f027352a3c0>,73,19,[ 3 14],74,-1,116,-1,97
1,<environment.Job instance at 0x7f027373a550>,0,18,[8 2],1,-1,19,-1,1
1,<environment.Job instance at 0x7f0272a4d550>,11,25,[10  4],12,-1,81,-1,56
1,<environment.Job instance at 0x7f02736048c0>,12,23,[8 3],13,-1,79,-1,56
1,<environment.Job instance at 0x7f0272a4dc30>,14,18,[14  3],15,-1,74,-1,56
1,<environment.Job instance at 0x7f0272a4de10>,20,17,[ 3 13],21,-1,73,-1,56
1,<environment.Job instance at 0x7f0272a4dd70>,19,28,[8 4],20,-1,84,-1,56
1,<environment.Job instance at 0x7f0272a4db90>,22,18,[11  5],23,-1,74,-1,56
1,<environment.Job instance at 0x7f0272a4db40>,23,21,[3 7],24,-1,77,-1,56
1,<environment.Job instance at 0x7f0272a4d7d0>,24,19,[12  3],25,-1,75,-1,56
1,<environment.Job instance at 0x7f0273604730>,10,15,[8 2],11,-1,71,-1,56
1,<environment.Job instance at 0x7f0272a4d9b0>,21,14,[6 5],22,-1,71,-1,57
1,<environment.Job instance at 0x7f0272a4d730>,27,16,[8 2],28,-1,73,-1,57
1,<environment.Job instance at 0x7f0272a4dc80>,26,18,[11  3],27,-1,75,-1,57
1,<environment.Job instance at 0x7f0272a4daf0>,28,21,[ 5 12],29,-1,78,-1,57
1,<environment.Job instance at 0x7f0272a4d140>,25,27,[ 1 13],26,-1,84,-1,57
1,<environment.Job instance at 0x7f0272a4d050>,31,19,[ 2 13],32,-1,79,-1,60
1,<environment.Job instance at 0x7f027356b6e0>,34,23,[ 4 11],35,-1,83,-1,60
1,<environment.Job instance at 0x7f027356b140>,35,15,[14  2],36,-1,76,-1,61
1,<environment.Job instance at 0x7f0272a4d410>,30,16,[6 3],31,-1,77,-1,61
1,<environment.Job instance at 0x7f027356bdc0>,37,20,[10  5],38,-1,82,-1,62
1,<environment.Job instance at 0x7f027356b0a0>,38,24,[4 6],39,-1,86,-1,62
1,<environment.Job instance at 0x7f027356b780>,39,23,[13  5],40,-1,85,-1,62
1,<environment.Job instance at 0x7f027356b0f0>,40,28,[14  2],41,-1,90,-1,62
1,<environment.Job instance at 0x7f0272a4d280>,29,12,[7 5],30,-1,74,-1,62
1,<environment.Job instance at 0x7f027356ba50>,41,22,[5 4],42,-1,84,-1,62
1,<environment.Job instance at 0x7f027356b5a0>,43,17,[ 4 10],44,-1,79,-1,62
1,<environment.Job instance at 0x7f027356bf50>,44,22,[14  1],45,-1,84,-1,62
1,<environment.Job instance at 0x7f027356b190>,45,22,[13  1],46,-1,84,-1,62
1,<environment.Job instance at 0x7f027356b3c0>,42,19,[7 5],43,-1,83,-1,64
1,<environment.Job instance at 0x7f027356b500>,46,24,[5 7],47,-1,88,-1,64
1,<environment.Job instance at 0x7f027356b690>,47,22,[ 2 12],48,-1,86,-1,64
1,<environment.Job instance at 0x7f0273255cd0>,48,15,[4 5],49,-1,79,-1,64
1,<environment.Job instance at 0x7f02724f7410>,50,20,[9 5],51,-1,84,-1,64
1,<environment.Job instance at 0x7f02732559b0>,51,21,[9 3],52,-1,85,-1,64
1,<environment.Job instance at 0x7f02724f70a0>,52,13,[14  3],53,-1,77,-1,64
1,<environment.Job instance at 0x7f02724f7190>,53,27,[2 5],54,-1,91,-1,64
1,<environment.Job instance at 0x7f02724f7c30>,54,16,[3 6],55,-1,80,-1,64
1,<environment.Job instance at 0x7f02724f7690>,55,21,[11  2],56,-1,85,-1,64
1,<environment.Job instance at 0x7f0273604320>,3,20,[12  3],4,-1,84,-1,64
1,<environment.Job instance at 0x7f027356bc80>,36,15,[8 2],37,-1,79,-1,64
1,<environment.Job instance at 0x7f02724f7d70>,56,26,[ 1 12],57,-1,90,-1,64
1,<environment.Job instance at 0x7f02724f7960>,57,25,[ 2 11],58,-1,90,-1,65
1,<environment.Job instance at 0x7f0273604960>,9,21,[11  1],10,-1,86,-1,65
1,<environment.Job instance at 0x7f0273255b90>,49,26,[7 1],50,-1,91,-1,65
1,<environment.Job instance at 0x7f02724f7820>,59,19,[14  1],60,-1,84,-1,65
1,<environment.Job instance at 0x7f02724f71e0>,60,15,[5 8],61,-1,90,-1,75
1,<environment.Job instance at 0x7f0273935230>,32,24,[ 4 12],33,-1,100,-1,76
1,<environment.Job instance at 0x7f02724f75a0>,62,16,[14  5],63,-1,92,-1,76
1,<environment.Job instance at 0x7f027367d960>,64,24,[ 5 11],65,-1,100,-1,76
1,<environment.Job instance at 0x7f02724f7780>,65,22,[4 9],66,-1,98,-1,76
1,<environment.Job instance at 0x7f027367ddc0>,66,25,[5 8],67,-1,101,-1,76
1,<environment.Job instance at 0x7f02724f7730>,63,23,[10  3],64,-1,99,-1,76
1,<environment.Job instance at 0x7f02724f7550>,58,13,[2 8],59,-1,90,-1,77
1,<environment.Job instance at 0x7f027367d6e0>,68,14,[5 7],69,-1,91,-1,77
1,<environment.Job instance at 0x7f027367daa0>,70,25,[ 1 14],71,-1,102,-1,77
1,<environment.Job instance at 0x7f02723fb410>,71,25,[7 1],72,-1,102,-1,77
1,<environment.Job instance at 0x7f027367d0f0>,69,15,[13  2],70,-1,93,-1,78
1,<environment.Job instance at 0x7f02723fbfa0>,73,17,[10  4],74,-1,95,-1,78
1,<environment.Job instance at 0x7f02723fbc30>,74,21,[5 6],75,-1,99,-1,78
1,<environment.Job instance at 0x7f02723fb5f0>,75,28,[ 3 11],76,-1,107,-1,79
1,<environment.Job instance at 0x7f027367db40>,67,15,[6 1],68,-1,94,-1,79
1,<environment.Job instance at 0x7f02723fba00>,77,16,[14  5],78,-1,96,-1,80
1,<environment.Job instance at 0x7f02723fb960>,76,23,[5 1],77,-1,103,-1,80
1,<environment.Job instance at 0x7f02723fb0a0>,79,13,[14  3],80,-1,93,-1,80
1,<environment.Job instance at 0x7f02723fb230>,80,16,[8 1],81,-1,97,-1,81
1,<environment.Job instance at 0x7f02723fbd70>,81,14,[ 2 12],82,-1,96,-1,82
1,<environment.Job instance at 0x7f02723fbaf0>,82,19,[13  3],83,-1,103,-1,84
1,<environment.Job instance at 0x7f02723fb0f0>,72,12,[10  5],73,-1,96,-1,84
1,<environment.Job instance at 0x7f02724f7cd0>,61,17,[9 2],62,-1,101,-1,84
1,<environment.Job instance at 0x7f02723fb1e0>,84,16,[ 2 12],85,-1,101,-1,85
1,<environment.Job instance at 0x7f02723fbb40>,83,21,[ 3 14],84,-1,106,-1,85
1,<environment.Job instance at 0x7f02723fbf00>,86,19,[4 7],87,-1,107,-1,88
1,<environment.Job instance at 0x7f02723fb140>,87,25,[ 1 14],88,-1,114,-1,89
1,<environment.Job instance at 0x7f02723fb6e0>,89,17,[2 8],90,-1,108,-1,91
1,<environment.Job instance at 0x7f027298fdc0>,93,16,[13  2],94,-1,110,-1,94
1,<environment.Job instance at 0x7f027298feb0>,90,25,[2 8],91,-1,119,-1,94
1,<environment.Job instance at 0x7f027298fb90>,95,12,[ 3 11],96,-1,108,-1,96
1,<environment.Job instance at 0x7f027298f4b0>,96,13,[11  3],97,-1,110,-1,97
1,<environment.Job instance at 0x7f027298f5f0>,97,18,[5 3],98,-1,116,-1,98
1,<environment.Job instance at 0x7f02723fb780>,78,28,[6 3],79,-1,127,-1,99
1,<environment.Job instance at 0x7f0273764690>,1,15,[14  4],2,-1,17,-1,2
1,<environment.Job instance at 0x7f0273764cd0>,2,25,[ 5 10],3,-1,28,-1,3
1,<environment.Job instance at 0x7f0273764410>,3,20,[12  3],4,-1,24,-1,4
1,<environment.Job instance at 0x7f0273764d70>,4,20,[ 4 11],5,-1,25,-1,5
1,<environment.Job instance at 0x7f0273764a50>,5,19,[ 2 13],6,-1,25,-1,6
1,<environment.Job instance at 0x7f027291b820>,6,15,[14  2],7,-1,22,-1,7
1,<environment.Job instance at 0x7f0273764a00>,7,12,[13  3],8,-1,20,-1,8
1,<environment.Job instance at 0x7f0273994d70>,9,21,[11  1],10,-1,31,-1,10
1,<environment.Job instance at 0x7f0273742460>,14,18,[14  3],15,-1,33,-1,15
1,<environment.Job instance at 0x7f0273776050>,15,13,[11  5],16,-1,29,-1,16
1,<environment.Job instance at 0x7f0273742410>,12,23,[8 3],13,-1,42,-1,19
1,<environment.Job instance at 0x7f0273776640>,17,20,[12  2],18,-1,39,-1,19
1,<environment.Job instance at 0x7f02722d5280>,20,17,[ 3 13],21,-1,38,-1,21
1,<environment.Job instance at 0x7f02724f7be0>,22,18,[11  5],23,-1,44,-1,26
1,<environment.Job instance at 0x7f027298f0f0>,24,19,[12  3],25,-1,50,-1,31
1,<environment.Job instance at 0x7f027298fbe0>,25,27,[ 1 13],26,-1,58,-1,31
1,<environment.Job instance at 0x7f027373a6e0>,26,18,[11  3],27,-1,49,-1,31
1,<environment.Job instance at 0x7f027356b9b0>,19,28,[8 4],20,-1,61,-1,33
1,<environment.Job instance at 0x7f027373a410>,28,21,[ 5 12],29,-1,54,-1,33
1,<environment.Job instance at 0x7f027373a780>,31,19,[ 2 13],32,-1,59,-1,40
1,<environment.Job instance at 0x7f02736040a0>,32,24,[ 4 12],33,-1,64,-1,40
1,<environment.Job instance at 0x7f02736047d0>,34,23,[ 4 11],35,-1,68,-1,45
1,<environment.Job instance at 0x7f02738470f0>,35,15,[14  2],36,-1,60,-1,45
1,<environment.Job instance at 0x7f0272276d20>,38,24,[4 6],39,-1,85,-1,61
1,<environment.Job instance at 0x7f0272276dc0>,39,23,[13  5],40,-1,84,-1,61
1,<environment.Job instance at 0x7f0272276410>,40,28,[14  2],41,-1,89,-1,61
1,<environment.Job instance at 0x7f0272276f50>,44,22,[14  1],45,-1,83,-1,61
1,<environment.Job instance at 0x7f0272276230>,45,22,[13  1],46,-1,83,-1,61
1,<environment.Job instance at 0x7f0272276e60>,47,22,[ 2 12],48,-1,92,-1,70
1,<environment.Job instance at 0x7f027291bb90>,11,25,[10  4],12,-1,95,-1,70
1,<environment.Job instance at 0x7f0272276820>,49,26,[7 1],50,-1,96,-1,70
1,<environment.Job instance at 0x7f0272276fa0>,46,24,[5 7],47,-1,103,-1,79
1,<environment.Job instance at 0x7f0272276550>,52,13,[14  3],53,-1,92,-1,79
1,<environment.Job instance at 0x7f0272276690>,53,27,[2 5],54,-1,106,-1,79
1,<environment.Job instance at 0x7f0272276910>,55,21,[11  2],56,-1,100,-1,79
1,<environment.Job instance at 0x7f0273265410>,56,26,[ 1 12],57,-1,105,-1,79
1,<environment.Job instance at 0x7f0273265910>,57,25,[ 2 11],58,-1,104,-1,79
1,<environment.Job instance at 0x7f02732650f0>,59,19,[14  1],60,-1,98,-1,79
1,<environment.Job instance at 0x7f0273265550>,62,16,[14  5],63,-1,111,-1,95
1,<environment.Job instance at 0x7f0273265190>,64,24,[ 5 11],65,-1,132,-1,108
1,<environment.Job instance at 0x7f0273265730>,63,23,[10  3],64,-1,135,-1,112
1,<environment.Job instance at 0x7f027289c230>,0,26,[5 7],1,-1,27,-1,1
1,<environment.Job instance at 0x7f02728c8690>,4,18,[5 9],5,-1,24,-1,6
1,<environment.Job instance at 0x7f027289cd70>,5,18,[12  1],6,-1,25,-1,7
1,<environment.Job instance at 0x7f02728c8230>,8,18,[5 6],9,-1,28,-1,10
1,<environment.Job instance at 0x7f02729c2780>,0,26,[5 7],1,-1,27,-1,1
1,<environment.Job instance at 0x7f02729c2140>,1,16,[ 2 14],2,-1,18,-1,2
1,<environment.Job instance at 0x7f02721e48c0>,2,12,[ 5 13],3,-1,15,-1,3
1,<environment.Job instance at 0x7f02729c25f0>,5,18,[12  1],6,-1,24,-1,6
1,<environment.Job instance at 0x7f02729a8370>,6,27,[13  3],7,-1,34,-1,7
1,<environment.Job instance at 0x7f02721e4dc0>,9,27,[ 5 14],10,-1,37,-1,10
1,<environment.Job instance at 0x7f02729a8c30>,10,19,[13  4],11,-1,30,-1,11
1,<environment.Job instance at 0x7f02729a8190>,11,15,[11  4],12,-1,27,-1,12
1,<environment.Job instance at 0x7f02729bd690>,12,17,[14  1],13,-1,30,-1,13
1,<environment.Job instance at 0x7f02729a85f0>,14,24,[ 1 12],15,-1,39,-1,15
1,<environment.Job instance at 0x7f027299b910>,15,15,[13  2],16,-1,31,-1,16
1,<environment.Job instance at 0x7f0272bcd280>,16,16,[14  2],17,-1,33,-1,17
1,<environment.Job instance at 0x7f02733c9b40>,19,23,[11  2],20,-1,43,-1,20
1,<environment.Job instance at 0x7f02729ce780>,23,22,[ 2 12],24,-1,57,-1,35
1,<environment.Job instance at 0x7f02729a54b0>,24,28,[ 3 11],25,-1,63,-1,35
1,<environment.Job instance at 0x7f0272bc5730>,25,22,[ 3 13],26,-1,57,-1,35
1,<environment.Job instance at 0x7f0273484190>,28,28,[9 5],29,-1,63,-1,35
1,<environment.Job instance at 0x7f02731a5820>,29,13,[13  1],30,-1,48,-1,35
1,<environment.Job instance at 0x7f027208f7d0>,32,23,[5 2],33,-1,70,-1,47
1,<environment.Job instance at 0x7f0273587aa0>,33,22,[12  2],34,-1,69,-1,47
1,<environment.Job instance at 0x7f02731934b0>,35,15,[11  3],36,-1,62,-1,47
1,<environment.Job instance at 0x7f027347f6e0>,36,28,[4 7],37,-1,76,-1,48
1,<environment.Job instance at 0x7f02735b1b40>,38,28,[ 4 10],39,-1,88,-1,60
1,<environment.Job instance at 0x7f02730edc80>,39,16,[11  3],40,-1,76,-1,60
1,<environment.Job instance at 0x7f0272bb2500>,41,27,[14  2],42,-1,87,-1,60
1,<environment.Job instance at 0x7f0272bb2c80>,42,16,[13  2],43,-1,76,-1,60
1,<environment.Job instance at 0x7f0272ba2f00>,43,14,[12  1],44,-1,74,-1,60
1,<environment.Job instance at 0x7f02733d70a0>,46,25,[ 4 13],47,-1,85,-1,60
1,<environment.Job instance at 0x7f02733d7960>,47,20,[13  1],48,-1,80,-1,60
1,<environment.Job instance at 0x7f02729b0370>,48,27,[10  4],49,-1,100,-1,73
1,<environment.Job instance at 0x7f02733db410>,52,26,[ 4 13],53,-1,100,-1,74
1,<environment.Job instance at 0x7f02721f7f00>,54,23,[7 4],55,-1,111,-1,88
1,<environment.Job instance at 0x7f02721f7640>,55,23,[5 6],56,-1,115,-1,92
1,<environment.Job instance at 0x7f02733db460>,51,24,[ 4 10],52,-1,116,-1,92
1,<environment.Job instance at 0x7f02733d6c80>,57,25,[ 5 14],58,-1,117,-1,92
1,<environment.Job instance at 0x7f02721ecb40>,60,27,[ 5 11],61,-1,119,-1,92
1,<environment.Job instance at 0x7f02721ecc30>,63,27,[5 6],64,-1,135,-1,108
1,<environment.Job instance at 0x7f0272a3e410>,0,27,[ 4 10],1,-1,30,-1,3
1,<environment.Job instance at 0x7f0272a3ea50>,3,26,[5 3],4,-1,30,-1,4
1,<environment.Job instance at 0x7f0272a3ee10>,8,24,[1 7],9,-1,33,-1,9
1,<environment.Job instance at 0x7f027291e820>,0,27,[ 4 10],1,-1,28,-1,1
1,<environment.Job instance at 0x7f027291e140>,1,27,[9 3],2,-1,29,-1,2
1,<environment.Job instance at 0x7f027291ec80>,2,19,[ 1 11],3,-1,22,-1,3
1,<environment.Job instance at 0x7f027291e550>,3,26,[5 3],4,-1,30,-1,4
1,<environment.Job instance at 0x7f02729561e0>,4,27,[12  1],5,-1,32,-1,5
1,<environment.Job instance at 0x7f027291e7d0>,5,19,[14  2],6,-1,25,-1,6
1,<environment.Job instance at 0x7f027293ffa0>,6,13,[11  3],7,-1,20,-1,7
1,<environment.Job instance at 0x7f027293f320>,7,20,[14  5],8,-1,28,-1,8
1,<environment.Job instance at 0x7f027293f730>,8,24,[1 7],9,-1,33,-1,9
1,<environment.Job instance at 0x7f027293f050>,10,26,[12  5],11,-1,37,-1,11
1,<environment.Job instance at 0x7f02729d4b40>,11,12,[ 5 13],12,-1,24,-1,12
1,<environment.Job instance at 0x7f02729d4960>,12,28,[13  2],13,-1,41,-1,13
1,<environment.Job instance at 0x7f02729d4c80>,13,14,[ 2 13],14,-1,28,-1,14
1,<environment.Job instance at 0x7f0272938870>,14,28,[ 5 14],15,-1,43,-1,15
1,<environment.Job instance at 0x7f02729286e0>,19,26,[ 5 12],20,-1,46,-1,20
1,<environment.Job instance at 0x7f027294d690>,21,15,[11  1],22,-1,37,-1,22
1,<environment.Job instance at 0x7f0272934640>,22,21,[13  4],23,-1,44,-1,23
1,<environment.Job instance at 0x7f0272934960>,23,20,[ 2 11],24,-1,44,-1,24
1,<environment.Job instance at 0x7f0273193140>,26,15,[11  1],27,-1,42,-1,27
1,<environment.Job instance at 0x7f027347f6e0>,27,27,[ 1 11],28,-1,55,-1,28
1,<environment.Job instance at 0x7f0272940af0>,30,14,[ 4 11],31,-1,45,-1,31
1,<environment.Job instance at 0x7f0272940550>,31,13,[14  1],32,-1,45,-1,32
1,<environment.Job instance at 0x7f0273275140>,28,27,[ 1 10],29,-1,61,-1,34
1,<environment.Job instance at 0x7f0272928e60>,20,26,[10  2],21,-1,76,-1,50
1,<environment.Job instance at 0x7f02725e7910>,37,26,[2 5],38,-1,76,-1,50
1,<environment.Job instance at 0x7f0272b69aa0>,38,28,[4 8],39,-1,78,-1,50
1,<environment.Job instance at 0x7f0272b69640>,39,28,[1 5],40,-1,78,-1,50
1,<environment.Job instance at 0x7f0272b69500>,40,27,[9 5],41,-1,77,-1,50
1,<environment.Job instance at 0x7f0272b69550>,42,22,[ 2 12],43,-1,72,-1,50
1,<environment.Job instance at 0x7f0272ef4280>,44,20,[ 4 13],45,-1,70,-1,50
1,<environment.Job instance at 0x7f0272ef4690>,45,19,[11  2],46,-1,69,-1,50
1,<environment.Job instance at 0x7f0272ef45a0>,46,26,[ 3 10],47,-1,77,-1,51
1,<environment.Job instance at 0x7f0272ef4870>,47,13,[12  3],48,-1,64,-1,51
1,<environment.Job instance at 0x7f0272ef48c0>,48,19,[ 2 11],49,-1,70,-1,51
1,<environment.Job instance at 0x7f0272ef4cd0>,49,17,[ 5 14],50,-1,68,-1,51
1,<environment.Job instance at 0x7f0272ef4aa0>,50,25,[9 1],51,-1,87,-1,62
1,<environment.Job instance at 0x7f0272ef41e0>,52,15,[14  1],53,-1,77,-1,62
1,<environment.Job instance at 0x7f0272ef4d20>,53,25,[5 6],54,-1,88,-1,63
1,<environment.Job instance at 0x7f0272ef4230>,55,24,[ 3 13],56,-1,87,-1,63
1,<environment.Job instance at 0x7f0272ef4820>,54,28,[1 5],55,-1,91,-1,63
1,<environment.Job instance at 0x7f0272ef4a50>,57,24,[14  5],58,-1,87,-1,63
1,<environment.Job instance at 0x7f0272ef4be0>,58,25,[7 4],59,-1,88,-1,63
1,<environment.Job instance at 0x7f0272ef4550>,59,27,[ 1 11],60,-1,90,-1,63
1,<environment.Job instance at 0x7f0272ef4500>,62,23,[ 5 14],63,-1,86,-1,63
1,<environment.Job instance at 0x7f0272ef4410>,63,16,[ 2 13],64,-1,80,-1,64
1,<environment.Job instance at 0x7f0272ef4b90>,61,23,[9 5],62,-1,101,-1,78
1,<environment.Job instance at 0x7f0272ef40f0>,65,12,[13  4],66,-1,90,-1,78
1,<environment.Job instance at 0x7f0272bcc820>,66,12,[ 3 14],67,-1,90,-1,78
1,<environment.Job instance at 0x7f0272bcc1e0>,69,20,[11  2],70,-1,98,-1,78
1,<environment.Job instance at 0x7f0272bcc500>,70,13,[ 1 13],71,-1,91,-1,78
1,<environment.Job instance at 0x7f0272bcc640>,73,13,[12  1],74,-1,107,-1,94
1,<environment.Job instance at 0x7f0272bccaf0>,76,27,[ 2 13],77,-1,133,-1,106
1,<environment.Job instance at 0x7f0272bccd20>,78,26,[14  2],79,-1,134,-1,108
1,<environment.Job instance at 0x7f02730981e0>,4,18,[3 8],5,-1,24,-1,6
1,<environment.Job instance at 0x7f02733c9fa0>,0,14,[ 1 13],1,-1,15,-1,1
1,<environment.Job instance at 0x7f02733c9b40>,1,13,[ 5 14],2,-1,15,-1,2
1,<environment.Job instance at 0x7f02733d7cd0>,2,26,[11  1],3,-1,29,-1,3
1,<environment.Job instance at 0x7f02733d7f00>,3,24,[12  2],4,-1,28,-1,4
1,<environment.Job instance at 0x7f02733d7050>,6,24,[8 1],7,-1,31,-1,7
1,<environment.Job instance at 0x7f02733d70f0>,7,22,[ 2 11],8,-1,30,-1,8
1,<environment.Job instance at 0x7f02733d7b90>,12,14,[11  1],13,-1,27,-1,13
1,<environment.Job instance at 0x7f02733d7820>,8,25,[8 3],9,-1,48,-1,23
1,<environment.Job instance at 0x7f02733d7e10>,13,24,[8 5],14,-1,47,-1,23
1,<environment.Job instance at 0x7f02733d71e0>,15,12,[ 4 12],16,-1,35,-1,23
1,<environment.Job instance at 0x7f02733d7aa0>,16,26,[13  2],17,-1,49,-1,23
1,<environment.Job instance at 0x7f02733d7960>,18,20,[14  5],19,-1,43,-1,23
1,<environment.Job instance at 0x7f02733d7140>,20,17,[13  3],21,-1,40,-1,23
1,<environment.Job instance at 0x7f0272bcd870>,21,20,[ 4 11],22,-1,43,-1,23
1,<environment.Job instance at 0x7f0272bcd500>,23,20,[14  2],24,-1,48,-1,28
1,<environment.Job instance at 0x7f0272bcdbe0>,25,25,[11  3],26,-1,60,-1,35
1,<environment.Job instance at 0x7f0272bcdaa0>,26,27,[13  5],27,-1,62,-1,35
1,<environment.Job instance at 0x7f0272bcd2d0>,28,14,[ 4 13],29,-1,52,-1,38
1,<environment.Job instance at 0x7f0272bcd0a0>,29,18,[ 3 14],30,-1,56,-1,38
1,<environment.Job instance at 0x7f0272bcd5a0>,30,26,[14  5],31,-1,64,-1,38
1,<environment.Job instance at 0x7f0272bcc280>,32,15,[11  5],33,-1,59,-1,44
1,<environment.Job instance at 0x7f0272bcc230>,33,23,[ 3 11],34,-1,67,-1,44
1,<environment.Job instance at 0x7f0272bcc050>,35,25,[11  1],36,-1,77,-1,52
1,<environment.Job instance at 0x7f0272bccd20>,36,20,[ 1 13],37,-1,72,-1,52
1,<environment.Job instance at 0x7f0272bcc640>,37,18,[ 3 13],38,-1,70,-1,52
1,<environment.Job instance at 0x7f0272bcd190>,24,25,[8 5],25,-1,81,-1,56
1,<environment.Job instance at 0x7f0272bcce10>,40,27,[ 1 12],41,-1,83,-1,56
1,<environment.Job instance at 0x7f0272bccb90>,34,28,[4 9],35,-1,84,-1,56
1,<environment.Job instance at 0x7f0272bccc30>,43,14,[ 3 13],44,-1,70,-1,56
1,<environment.Job instance at 0x7f0272bcc780>,45,27,[ 4 11],46,-1,83,-1,56
1,<environment.Job instance at 0x7f0272ef4050>,48,18,[13  2],49,-1,74,-1,56
1,<environment.Job instance at 0x7f0272ef4500>,49,24,[11  3],50,-1,80,-1,56
1,<environment.Job instance at 0x7f0272ef46e0>,51,12,[ 5 12],52,-1,81,-1,69
1,<environment.Job instance at 0x7f0272ef4b40>,52,28,[4 5],53,-1,98,-1,70
1,<environment.Job instance at 0x7f0272ef4eb0>,54,28,[9 1],55,-1,114,-1,86
1,<environment.Job instance at 0x7f0272ef4230>,55,28,[5 5],56,-1,114,-1,86
1,<environment.Job instance at 0x7f0272ef4c80>,58,24,[5 3],59,-1,120,-1,96
1,<environment.Job instance at 0x7f0272ef48c0>,61,19,[12  3],62,-1,115,-1,96
1,<environment.Job instance at 0x7f0272ef4870>,62,25,[2 6],63,-1,124,-1,99
1,<environment.Job instance at 0x7f0272ef45a0>,63,15,[11  2],64,-1,114,-1,99
1,<environment.Job instance at 0x7f0272ef4140>,64,25,[10  3],65,-1,133,-1,108
1,<environment.Job instance at 0x7f0272ef4280>,65,28,[4 6],66,-1,136,-1,108
1,<environment.Job instance at 0x7f0272b69550>,67,18,[11  5],68,-1,126,-1,108
1,<environment.Job instance at 0x7f02725fe4b0>,69,17,[ 3 14],70,-1,125,-1,108
1,<environment.Job instance at 0x7f0272b695f0>,68,23,[ 1 10],69,-1,137,-1,114
1,<environment.Job instance at 0x7f02725e7960>,71,28,[4 7],72,-1,142,-1,114
1,<environment.Job instance at 0x7f0272a3e370>,73,24,[11  4],74,-1,138,-1,114
1,<environment.Job instance at 0x7f027386d9b0>,74,21,[13  3],75,-1,135,-1,114
1,<environment.Job instance at 0x7f0272bc5730>,75,14,[12  3],76,-1,128,-1,114
1,<environment.Job instance at 0x7f0272a8b730>,0,17,[6 4],1,-1,18,-1,1
1,<environment.Job instance at 0x7f027380fa00>,13,14,[ 2 12],14,-1,29,-1,15
1,<environment.Job instance at 0x7f027380f780>,14,14,[13  4],15,-1,39,-1,25
1,<environment.Job instance at 0x7f027380f0a0>,17,25,[ 4 10],18,-1,50,-1,25
1,<environment.Job instance at 0x7f02736fbaf0>,8,21,[7 5],9,-1,46,-1,25
1,<environment.Job instance at 0x7f027380fe60>,16,25,[1 6],17,-1,50,-1,25
1,<environment.Job instance at 0x7f027380fc80>,20,14,[11  3],21,-1,39,-1,25
1,<environment.Job instance at 0x7f027380f320>,23,18,[12  3],24,-1,55,-1,37
1,<environment.Job instance at 0x7f027380f910>,18,22,[14  5],19,-1,59,-1,37
1,<environment.Job instance at 0x7f027380f280>,11,16,[8 4],12,-1,56,-1,40
1,<environment.Job instance at 0x7f027380f050>,24,19,[ 2 12],25,-1,61,-1,42
1,<environment.Job instance at 0x7f027380f190>,10,23,[14  5],11,-1,71,-1,48
1,<environment.Job instance at 0x7f027380f690>,29,23,[3 7],30,-1,87,-1,64
1,<environment.Job instance at 0x7f027380fbe0>,27,17,[ 5 14],28,-1,97,-1,80
1,<environment.Job instance at 0x7f0272528be0>,32,23,[8 4],33,-1,104,-1,81
1,<environment.Job instance at 0x7f0273098fa0>,1,28,[2 5],2,-1,30,-1,2
1,<environment.Job instance at 0x7f027291e7d0>,2,22,[14  4],3,-1,25,-1,3
1,<environment.Job instance at 0x7f027291e6e0>,3,16,[14  2],4,-1,20,-1,4
1,<environment.Job instance at 0x7f027291e550>,4,15,[11  1],5,-1,20,-1,5
1,<environment.Job instance at 0x7f02729565a0>,5,12,[ 1 14],6,-1,18,-1,6
1,<environment.Job instance at 0x7f027293faf0>,10,23,[14  5],11,-1,34,-1,11
1,<environment.Job instance at 0x7f02729d4b40>,13,14,[ 2 12],14,-1,28,-1,14
1,<environment.Job instance at 0x7f0272938d20>,14,14,[13  4],15,-1,29,-1,15
1,<environment.Job instance at 0x7f0272938550>,15,14,[12  4],16,-1,30,-1,16
1,<environment.Job instance at 0x7f0272928e60>,18,22,[14  5],19,-1,41,-1,19
1,<environment.Job instance at 0x7f0272938280>,16,25,[1 6],17,-1,46,-1,21
1,<environment.Job instance at 0x7f027294d640>,20,14,[11  3],21,-1,35,-1,21
1,<environment.Job instance at 0x7f027294d550>,21,28,[13  2],22,-1,50,-1,22
1,<environment.Job instance at 0x7f0272938140>,17,25,[ 4 10],18,-1,55,-1,30
1,<environment.Job instance at 0x7f0273275140>,23,18,[12  3],24,-1,48,-1,30
1,<environment.Job instance at 0x7f02730e2c30>,24,19,[ 2 12],25,-1,49,-1,30
1,<environment.Job instance at 0x7f027347f6e0>,25,13,[11  2],26,-1,43,-1,30
1,<environment.Job instance at 0x7f02729286e0>,19,26,[3 7],20,-1,56,-1,30
1,<environment.Job instance at 0x7f027208f7d0>,27,17,[ 5 14],28,-1,47,-1,30
1,<environment.Job instance at 0x7f027386d9b0>,28,25,[ 1 11],29,-1,55,-1,30
1,<environment.Job instance at 0x7f02725fe4b0>,29,23,[3 7],30,-1,53,-1,30
1,<environment.Job instance at 0x7f0272a3e370>,30,15,[ 5 13],31,-1,46,-1,31
1,<environment.Job instance at 0x7f0272b69460>,33,12,[12  1],34,-1,46,-1,34
1,<environment.Job instance at 0x7f0272942730>,32,23,[8 4],33,-1,65,-1,42
1,<environment.Job instance at 0x7f0272b69aa0>,35,15,[12  1],36,-1,57,-1,42
1,<environment.Job instance at 0x7f0272b69190>,36,14,[13  4],37,-1,56,-1,42
1,<environment.Job instance at 0x7f0272ef4dc0>,38,21,[12  5],39,-1,63,-1,42
1,<environment.Job instance at 0x7f0272ef45a0>,39,17,[ 2 14],40,-1,59,-1,42
1,<environment.Job instance at 0x7f0272ef40a0>,40,27,[ 4 12],41,-1,69,-1,42
1,<environment.Job instance at 0x7f0272ef4a00>,41,16,[11  1],42,-1,58,-1,42
1,<environment.Job instance at 0x7f0272ef47d0>,42,27,[5 6],43,-1,71,-1,44
1,<environment.Job instance at 0x7f0272ef4320>,43,25,[13  1],44,-1,69,-1,44
1,<environment.Job instance at 0x7f0272ef4960>,45,19,[12  1],46,-1,65,-1,46
1,<environment.Job instance at 0x7f0272ef4780>,44,23,[ 1 10],45,-1,70,-1,47
1,<environment.Job instance at 0x7f0272ef4f00>,46,22,[ 2 12],47,-1,69,-1,47
1,<environment.Job instance at 0x7f0272ef46e0>,48,20,[12  3],49,-1,69,-1,49
1,<environment.Job instance at 0x7f0272ef4550>,49,17,[14  4],50,-1,67,-1,50
1,<environment.Job instance at 0x7f0272ef4460>,50,17,[12  2],51,-1,68,-1,51
1,<environment.Job instance at 0x7f0272ef4b90>,51,17,[ 2 13],52,-1,69,-1,52
1,<environment.Job instance at 0x7f0272ef4230>,53,26,[ 3 14],54,-1,80,-1,54
1,<environment.Job instance at 0x7f0272ef40f0>,54,17,[ 3 11],55,-1,72,-1,55
1,<environment.Job instance at 0x7f0272bcc780>,55,26,[ 1 11],56,-1,82,-1,56
1,<environment.Job instance at 0x7f0272ef4e10>,57,18,[11  2],58,-1,76,-1,58
1,<environment.Job instance at 0x7f0272bcca50>,58,21,[ 5 12],59,-1,80,-1,59
1,<environment.Job instance at 0x7f0272bcc640>,61,28,[13  4],62,-1,90,-1,62
1,<environment.Job instance at 0x7f0272bcc910>,62,15,[ 4 13],63,-1,78,-1,63
1,<environment.Job instance at 0x7f0272bccc80>,63,28,[11  2],64,-1,92,-1,64
1,<environment.Job instance at 0x7f0272bccfa0>,64,12,[ 3 12],65,-1,77,-1,65
1,<environment.Job instance at 0x7f0272bccd20>,67,24,[6 2],68,-1,97,-1,73
1,<environment.Job instance at 0x7f0272bcc960>,65,24,[7 1],66,-1,97,-1,73
1,<environment.Job instance at 0x7f0272bcc6e0>,68,23,[7 4],69,-1,97,-1,74
1,<environment.Job instance at 0x7f0272bcd0a0>,70,15,[ 4 12],71,-1,89,-1,74
1,<environment.Job instance at 0x7f0272bcdb40>,71,25,[11  3],72,-1,99,-1,74
1,<environment.Job instance at 0x7f0272bcdf50>,72,28,[5 3],73,-1,102,-1,74
1,<environment.Job instance at 0x7f0272bcd910>,69,23,[2 8],70,-1,98,-1,75
1,<environment.Job instance at 0x7f0272bcd9b0>,75,12,[ 3 13],76,-1,88,-1,76
1,<environment.Job instance at 0x7f0272bcd7d0>,76,27,[ 4 12],77,-1,104,-1,77
1,<environment.Job instance at 0x7f0272bcdaf0>,78,21,[ 2 11],79,-1,112,-1,91
1,<environment.Job instance at 0x7f02733d7690>,80,17,[ 4 13],81,-1,110,-1,93
1,<environment.Job instance at 0x7f02733d7960>,81,17,[ 1 14],82,-1,110,-1,93
1,<environment.Job instance at 0x7f02733d7d70>,82,13,[13  1],83,-1,106,-1,93
1,<environment.Job instance at 0x7f02733d7190>,79,23,[9 2],80,-1,119,-1,96
1,<environment.Job instance at 0x7f02733d7460>,84,13,[11  2],85,-1,109,-1,96
1,<environment.Job instance at 0x7f02733d7500>,85,16,[13  4],86,-1,112,-1,96
1,<environment.Job instance at 0x7f02733d7af0>,86,25,[ 1 12],87,-1,121,-1,96
1,<environment.Job instance at 0x7f02733d74b0>,87,19,[14  2],88,-1,115,-1,96
1,<environment.Job instance at 0x7f02733d7910>,88,18,[11  2],89,-1,114,-1,96
1,<environment.Job instance at 0x7f02733d73c0>,89,27,[ 2 11],90,-1,123,-1,96
1,<environment.Job instance at 0x7f02733d7820>,90,21,[ 5 12],91,-1,117,-1,96
1,<environment.Job instance at 0x7f02733d7f50>,92,24,[ 2 12],93,-1,120,-1,96
1,<environment.Job instance at 0x7f02733d7cd0>,93,27,[ 2 11],94,-1,123,-1,96
1,<environment.Job instance at 0x7f02733d7b40>,94,20,[12  2],95,-1,116,-1,96
1,<environment.Job instance at 0x7f02733d7550>,95,26,[6 1],96,-1,129,-1,103
1,<environment.Job instance at 0x7f027236d2d0>,98,26,[1 6],99,-1,138,-1,112
1,<environment.Job instance at 0x7f027236d7d0>,99,27,[12  5],100,-1,139,-1,112
1,<environment.Job instance at 0x7f02733d7f00>,91,27,[5 9],92,-1,145,-1,118
1,<environment.Job instance at 0x7f0272bcdb90>,74,24,[10  4],75,-1,142,-1,118
1,<environment.Job instance at 0x7f0273226c80>,104,18,[ 1 11],105,-1,136,-1,118
1,<environment.Job instance at 0x7f0273084d20>,105,27,[11  1],106,-1,145,-1,118
1,<environment.Job instance at 0x7f02739bc410>,106,16,[ 1 14],107,-1,134,-1,118
1,<environment.Job instance at 0x7f0272b03910>,0,19,[6 4],1,-1,20,-1,1
1,<environment.Job instance at 0x7f02737b7140>,3,14,[10  5],4,-1,19,-1,5
1,<environment.Job instance at 0x7f0272b03500>,4,19,[10  1],5,-1,26,-1,7
1,<environment.Job instance at 0x7f0273707460>,1,12,[ 3 11],2,-1,14,-1,2
1,<environment.Job instance at 0x7f0273707d20>,2,26,[ 2 14],3,-1,29,-1,3
1,<environment.Job instance at 0x7f027380fc30>,5,21,[11  3],6,-1,27,-1,6
1,<environment.Job instance at 0x7f027380fb40>,6,13,[14  1],7,-1,20,-1,7
1,<environment.Job instance at 0x7f02733d7550>,7,13,[14  1],8,-1,21,-1,8
1,<environment.Job instance at 0x7f02733d7b40>,8,18,[ 2 14],9,-1,27,-1,9
1,<environment.Job instance at 0x7f02733d7820>,10,17,[ 2 14],11,-1,28,-1,11
1,<environment.Job instance at 0x7f02733d74b0>,14,15,[ 2 12],15,-1,35,-1,20
1,<environment.Job instance at 0x7f02733d7370>,15,25,[ 3 10],16,-1,45,-1,20
1,<environment.Job instance at 0x7f02733d72d0>,17,21,[13  1],18,-1,41,-1,20
1,<environment.Job instance at 0x7f02733d7b90>,18,19,[12  2],19,-1,39,-1,20
1,<environment.Job instance at 0x7f02733d7e60>,20,25,[12  1],21,-1,49,-1,24
1,<environment.Job instance at 0x7f02733d7280>,21,19,[ 1 11],22,-1,43,-1,24
1,<environment.Job instance at 0x7f02733d7190>,23,12,[ 4 11],24,-1,36,-1,24
1,<environment.Job instance at 0x7f0272bccfa0>,24,15,[14  4],25,-1,40,-1,25
1,<environment.Job instance at 0x7f0272bccc80>,25,26,[ 1 11],26,-1,52,-1,26
1,<environment.Job instance at 0x7f0272bcc190>,27,24,[11  5],28,-1,59,-1,35
1,<environment.Job instance at 0x7f0272bcc640>,30,14,[ 3 11],31,-1,49,-1,35
1,<environment.Job instance at 0x7f0272bcceb0>,31,17,[13  5],32,-1,52,-1,35
1,<environment.Job instance at 0x7f0272bccaf0>,32,19,[14  2],33,-1,54,-1,35
1,<environment.Job instance at 0x7f0272bcca50>,33,14,[11  1],34,-1,49,-1,35
1,<environment.Job instance at 0x7f0272bccb40>,29,27,[9 2],30,-1,65,-1,38
1,<environment.Job instance at 0x7f0272bcc820>,35,23,[3 6],36,-1,61,-1,38
1,<environment.Job instance at 0x7f0272bcc9b0>,36,14,[12  3],37,-1,52,-1,38
1,<environment.Job instance at 0x7f0272ef49b0>,37,13,[ 3 13],38,-1,51,-1,38
1,<environment.Job instance at 0x7f0272bccc30>,34,24,[5 6],35,-1,62,-1,38
1,<environment.Job instance at 0x7f0272ef46e0>,38,12,[14  1],39,-1,51,-1,39
1,<environment.Job instance at 0x7f0272ef4a50>,40,12,[14  5],41,-1,53,-1,41
1,<environment.Job instance at 0x7f0272ef4460>,41,17,[ 5 12],42,-1,59,-1,42
1,<environment.Job instance at 0x7f0272ef40f0>,43,18,[ 3 11],44,-1,62,-1,44
1,<environment.Job instance at 0x7f0272ef4be0>,39,23,[5 8],40,-1,78,-1,55
1,<environment.Job instance at 0x7f0272ef4780>,46,12,[ 2 14],47,-1,67,-1,55
1,<environment.Job instance at 0x7f0272ef4c80>,49,12,[13  4],50,-1,67,-1,55
1,<environment.Job instance at 0x7f0272ef41e0>,42,26,[9 4],43,-1,82,-1,56
1,<environment.Job instance at 0x7f02725fe4b0>,52,26,[12  4],53,-1,83,-1,57
1,<environment.Job instance at 0x7f0272ef4280>,54,13,[ 4 12],55,-1,82,-1,69
1,<environment.Job instance at 0x7f0272942550>,55,23,[ 3 12],56,-1,92,-1,69
1,<environment.Job instance at 0x7f02730e2c30>,58,18,[12  1],59,-1,88,-1,70
1,<environment.Job instance at 0x7f0272938d20>,60,15,[ 3 11],61,-1,99,-1,84
1,<environment.Job instance at 0x7f0272938460>,61,25,[9 4],62,-1,110,-1,85
1,<environment.Job instance at 0x7f0272938550>,62,23,[ 5 13],63,-1,108,-1,85
1,<environment.Job instance at 0x7f02729d4a50>,63,26,[2 5],64,-1,111,-1,85
1,<environment.Job instance at 0x7f027293f050>,65,27,[ 3 13],66,-1,112,-1,85
1,<environment.Job instance at 0x7f027293faf0>,66,26,[ 4 14],67,-1,111,-1,85
1,<environment.Job instance at 0x7f027293f690>,67,20,[14  2],68,-1,105,-1,85
1,<environment.Job instance at 0x7f0273056820>,69,26,[ 4 11],70,-1,115,-1,89
1,<environment.Job instance at 0x7f02739358c0>,70,25,[ 3 13],71,-1,114,-1,89
1,<environment.Job instance at 0x7f027293f8c0>,68,24,[6 4],69,-1,121,-1,97
1,<environment.Job instance at 0x7f02729561e0>,71,24,[3 9],72,-1,126,-1,102
1,<environment.Job instance at 0x7f0272c5f4b0>,74,25,[2 6],75,-1,127,-1,102
1,<environment.Job instance at 0x7f0272c5fd20>,77,23,[ 1 12],78,-1,135,-1,112
1,<environment.Job instance at 0x7f02736197d0>,0,19,[ 4 10],1,-1,20,-1,1
1,<environment.Job instance at 0x7f02720ddc80>,5,16,[4 6],6,-1,23,-1,7
1,<environment.Job instance at 0x7f02731a06e0>,1,20,[ 4 14],2,-1,22,-1,2
1,<environment.Job instance at 0x7f02731a0690>,2,22,[12  2],3,-1,25,-1,3
1,<environment.Job instance at 0x7f02731a0c30>,3,22,[ 5 12],4,-1,26,-1,4
1,<environment.Job instance at 0x7f02731a0cd0>,4,21,[11  2],5,-1,26,-1,5
1,<environment.Job instance at 0x7f02731a0d20>,7,22,[13  2],8,-1,30,-1,8
1,<environment.Job instance at 0x7f027c56d820>,8,27,[10  4],9,-1,36,-1,9
1,<environment.Job instance at 0x7f027c56da00>,9,13,[ 5 11],10,-1,23,-1,10
1,<environment.Job instance at 0x7f027c56d190>,11,28,[11  5],12,-1,40,-1,12
1,<environment.Job instance at 0x7f027c56dd70>,12,18,[ 1 13],13,-1,31,-1,13
1,<environment.Job instance at 0x7f027c56dd20>,15,25,[13  1],16,-1,41,-1,16
1,<environment.Job instance at 0x7f027c56db40>,16,17,[ 5 14],17,-1,34,-1,17
1,<environment.Job instance at 0x7f027c56d3c0>,17,16,[11  1],18,-1,34,-1,18
1,<environment.Job instance at 0x7f027c56d370>,18,17,[14  2],19,-1,36,-1,19
1,<environment.Job instance at 0x7f02731a0050>,6,28,[5 7],7,-1,48,-1,20
1,<environment.Job instance at 0x7f027c56d6e0>,19,28,[11  5],20,-1,48,-1,20
1,<environment.Job instance at 0x7f027c56dc30>,20,20,[ 3 12],21,-1,41,-1,21
1,<environment.Job instance at 0x7f027c56d1e0>,21,25,[13  4],22,-1,47,-1,22
1,<environment.Job instance at 0x7f027c56ddc0>,22,14,[11  5],23,-1,37,-1,23
1,<environment.Job instance at 0x7f0272295b90>,24,16,[11  5],25,-1,41,-1,25
1,<environment.Job instance at 0x7f0272283050>,25,24,[ 2 12],26,-1,50,-1,26
1,<environment.Job instance at 0x7f0272289e10>,26,16,[ 4 14],27,-1,43,-1,27
1,<environment.Job instance at 0x7f0272a7bdc0>,27,13,[ 5 14],28,-1,41,-1,28
1,<environment.Job instance at 0x7f02739358c0>,29,18,[14  2],30,-1,48,-1,30
1,<environment.Job instance at 0x7f0272a7b280>,30,12,[12  2],31,-1,43,-1,31
1,<environment.Job instance at 0x7f0272a7b640>,31,13,[ 1 14],32,-1,45,-1,32
1,<environment.Job instance at 0x7f0272c5f280>,32,27,[5 4],33,-1,63,-1,36
1,<environment.Job instance at 0x7f0272c5fe10>,34,12,[ 5 12],35,-1,48,-1,36
1,<environment.Job instance at 0x7f0272c5fb90>,35,25,[ 3 13],36,-1,61,-1,36
1,<environment.Job instance at 0x7f0272c5f190>,37,24,[12  1],38,-1,62,-1,38
1,<environment.Job instance at 0x7f0272c5f2d0>,38,21,[13  1],39,-1,60,-1,39
1,<environment.Job instance at 0x7f0272956870>,39,17,[ 5 11],40,-1,57,-1,40
1,<environment.Job instance at 0x7f0272c5f690>,42,17,[ 2 13],43,-1,63,-1,46
1,<environment.Job instance at 0x7f027293f820>,44,13,[ 3 14],45,-1,70,-1,57
1,<environment.Job instance at 0x7f027293f410>,45,13,[11  1],46,-1,70,-1,57
1,<environment.Job instance at 0x7f02729d4a50>,47,14,[13  1],48,-1,71,-1,57
1,<environment.Job instance at 0x7f027293f4b0>,49,20,[ 4 13],50,-1,78,-1,58
1,<environment.Job instance at 0x7f0272a3e370>,50,21,[ 4 12],51,-1,79,-1,58
1,<environment.Job instance at 0x7f0272942550>,53,15,[ 5 11],54,-1,90,-1,75
1,<environment.Job instance at 0x7f027208f7d0>,55,27,[14  1],56,-1,102,-1,75
1,<environment.Job instance at 0x7f02730e2c30>,46,28,[5 6],47,-1,119,-1,91
1,<environment.Job instance at 0x7f0272ef4c80>,60,23,[ 5 14],61,-1,114,-1,91
1,<environment.Job instance at 0x7f0272ef4690>,62,13,[14  3],63,-1,104,-1,91
1,<environment.Job instance at 0x7f0272ef40a0>,63,17,[ 4 11],64,-1,108,-1,91
1,<environment.Job instance at 0x7f0272ef4dc0>,61,28,[9 3],62,-1,132,-1,104
1,<environment.Job instance at 0x7f0272ef4eb0>,66,26,[13  3],67,-1,130,-1,104
1,<environment.Job instance at 0x7f0272ef4cd0>,58,24,[10  4],59,-1,128,-1,104
1,<environment.Job instance at 0x7f0272ef4b40>,70,20,[ 4 14],71,-1,132,-1,112
1,<environment.Job instance at 0x7f0272ef45a0>,72,23,[ 5 12],73,-1,135,-1,112
1,<environment.Job instance at 0x7f0272ef4b90>,73,24,[14  4],74,-1,136,-1,112
1,<environment.Job instance at 0x7f0272bcc820>,75,16,[13  2],76,-1,129,-1,113
1,<environment.Job instance at 0x7f0272bcceb0>,77,21,[ 5 13],78,-1,139,-1,118
1,<environment.Job instance at 0x7f0272bcc780>,78,12,[ 1 12],79,-1,130,-1,118
1,<environment.Job instance at 0x7f0272bcc640>,79,22,[12  4],80,-1,140,-1,118
1,<environment.Job instance at 0x7f0272bccc30>,80,27,[ 1 13],81,-1,145,-1,118
1,<environment.Job instance at 0x7f0272bcc910>,81,18,[ 2 12],82,-1,136,-1,118
1,<environment.Job instance at 0x7f0272f9ef00>,83,13,[ 5 14],84,-1,131,-1,118
1,<environment.Job instance at 0x7f0272bcc960>,84,17,[14  3],85,-1,135,-1,118
1,<environment.Job instance at 0x7fdb861b86e0>,0,13,[9 3],1,-1,15,-1,2
1,<environment.Job instance at 0x7fdb861b88c0>,1,22,[11  3],2,-1,24,-1,2
1,<environment.Job instance at 0x7fdb861b8730>,2,22,[4 8],3,-1,25,-1,3
1,<environment.Job instance at 0x7fdb7cb6eb90>,4,21,[1 6],5,-1,27,-1,6
1,<environment.Job instance at 0x7fdb7cb6ea50>,5,24,[1 5],6,-1,31,-1,7
1,<environment.Job instance at 0x7fdb7cb6ee60>,7,25,[6 2],8,-1,33,-1,8
1,<environment.Job instance at 0x7fdb7cb6efa0>,10,18,[ 3 11],11,-1,31,-1,13
1,<environment.Job instance at 0x7fdb7cbb90a0>,1,22,[11  3],2,-1,24,-1,2
1,<environment.Job instance at 0x7fdb7cb66410>,3,26,[11  4],4,-1,30,-1,4
1,<environment.Job instance at 0x7fdb7cb66050>,8,22,[14  3],9,-1,31,-1,9
1,<environment.Job instance at 0x7fdb7cb66af0>,9,18,[ 2 13],10,-1,28,-1,10
1,<environment.Job instance at 0x7fdb7cbf9dc0>,10,18,[ 3 11],11,-1,29,-1,11
1,<environment.Job instance at 0x7fdb7cc77460>,12,26,[ 1 12],13,-1,40,-1,14
1,<environment.Job instance at 0x7fdb7d03ebe0>,13,18,[ 4 14],14,-1,32,-1,14
1,<environment.Job instance at 0x7fdb7cba6230>,5,24,[1 5],6,-1,38,-1,14
1,<environment.Job instance at 0x7fdb7cb66aa0>,7,25,[6 2],8,-1,39,-1,14
1,<environment.Job instance at 0x7fdb7ccf3190>,15,18,[ 2 14],16,-1,34,-1,16
1,<environment.Job instance at 0x7fdb7ccdbe60>,16,16,[ 3 11],17,-1,33,-1,17
1,<environment.Job instance at 0x7fdb7cbf4b40>,18,25,[ 4 13],19,-1,44,-1,19
1,<environment.Job instance at 0x7fdb7cc7c050>,19,14,[ 3 11],20,-1,34,-1,20
1,<environment.Job instance at 0x7fdb7cc7c960>,20,27,[13  5],21,-1,48,-1,21
1,<environment.Job instance at 0x7fdb7cca5aa0>,21,26,[ 5 12],22,-1,48,-1,22
1,<environment.Job instance at 0x7fdb7cc64910>,22,13,[13  1],23,-1,36,-1,23
1,<environment.Job instance at 0x7fdb7cc647d0>,17,28,[ 5 10],18,-1,53,-1,25
1,<environment.Job instance at 0x7fdb7cc8ee60>,24,13,[ 3 14],25,-1,38,-1,25
1,<environment.Job instance at 0x7fdb7ccf7c30>,11,26,[4 8],12,-1,51,-1,25
1,<environment.Job instance at 0x7fdb7cc88fa0>,25,23,[ 3 13],26,-1,49,-1,26
1,<environment.Job instance at 0x7fdb7cc889b0>,27,25,[5 7],28,-1,53,-1,28
1,<environment.Job instance at 0x7fdb7cc6b870>,28,25,[ 4 11],29,-1,54,-1,29
1,<environment.Job instance at 0x7fdb7cc7d960>,29,22,[ 5 13],30,-1,52,-1,30
1,<environment.Job instance at 0x7fdb7ccc4af0>,31,20,[11  5],32,-1,52,-1,32
1,<environment.Job instance at 0x7fdb7cd16780>,32,27,[11  3],33,-1,60,-1,33
1,<environment.Job instance at 0x7fdb7cc7dc80>,30,27,[4 8],31,-1,70,-1,43
1,<environment.Job instance at 0x7fdb7cd16be0>,36,13,[ 3 14],37,-1,56,-1,43
1,<environment.Job instance at 0x7fdb7cd16e60>,37,28,[ 2 12],38,-1,71,-1,43
1,<environment.Job instance at 0x7fdb7cc6bb90>,26,26,[1 8],27,-1,69,-1,43
1,<environment.Job instance at 0x7fdb7cc30e10>,39,24,[5 6],40,-1,67,-1,43
1,<environment.Job instance at 0x7fdb7cc7d410>,34,24,[1 8],35,-1,67,-1,43
1,<environment.Job instance at 0x7fdb7cc30d70>,41,27,[14  1],42,-1,70,-1,43
1,<environment.Job instance at 0x7fdb7cc30410>,43,13,[13  1],44,-1,57,-1,44
1,<environment.Job instance at 0x7fdb7cc304b0>,44,24,[ 1 13],45,-1,69,-1,45
1,<environment.Job instance at 0x7fdb7cc300f0>,46,17,[12  2],47,-1,66,-1,49
1,<environment.Job instance at 0x7fdb7cc30050>,48,15,[14  1],49,-1,64,-1,49
1,<environment.Job instance at 0x7fdb7cc30f50>,49,16,[ 2 11],50,-1,66,-1,50
1,<environment.Job instance at 0x7fdb7cd18140>,50,16,[12  2],51,-1,67,-1,51
1,<environment.Job instance at 0x7fdb7ccf51e0>,54,13,[13  1],55,-1,72,-1,59
1,<environment.Job instance at 0x7fdb7ccf5140>,55,20,[ 3 13],56,-1,79,-1,59
1,<environment.Job instance at 0x7fdb7cd18820>,52,27,[8 5],53,-1,86,-1,59
1,<environment.Job instance at 0x7fdb7cc7a230>,57,27,[ 2 14],58,-1,86,-1,59
1,<environment.Job instance at 0x7fdb7cc7a140>,60,23,[ 1 11],61,-1,85,-1,62
1,<environment.Job instance at 0x7fdb7cc7acd0>,61,21,[ 5 13],62,-1,83,-1,62
1,<environment.Job instance at 0x7fdb7cc93500>,63,17,[ 4 12],64,-1,88,-1,71
1,<environment.Job instance at 0x7fdb7cc2f910>,67,27,[ 1 10],68,-1,121,-1,94
1,<environment.Job instance at 0x7fdb7cc2fc30>,68,20,[ 3 12],69,-1,114,-1,94
1,<environment.Job instance at 0x7fdb7cc2ff50>,69,13,[ 3 12],70,-1,107,-1,94
1,<environment.Job instance at 0x7fdb7cc2f7d0>,70,21,[12  2],71,-1,115,-1,94
1,<environment.Job instance at 0x7fdb7cc2fe10>,71,28,[5 1],72,-1,122,-1,94
1,<environment.Job instance at 0x7fdb7cc2f190>,74,27,[1 6],75,-1,129,-1,102
1,<environment.Job instance at 0x7fdb7cc2b5a0>,75,14,[ 4 11],76,-1,116,-1,102
1,<environment.Job instance at 0x7fdb7cc2fcd0>,72,24,[9 2],73,-1,126,-1,102
1,<environment.Job instance at 0x7fdb7cc2faf0>,73,25,[3 8],74,-1,140,-1,115
1,<environment.Job instance at 0x7fdb7c2be4b0>,1,25,[6 1],2,-1,27,-1,2
1,<environment.Job instance at 0x7fdb7c2bb140>,2,28,[6 2],3,-1,31,-1,3
1,<environment.Job instance at 0x7fdb7c2bb280>,3,24,[6 4],4,-1,28,-1,4
1,<environment.Job instance at 0x7fdb7c2bb0a0>,4,16,[4 7],5,-1,21,-1,5
1,<environment.Job instance at 0x7fdb7c2bb460>,9,28,[ 2 10],10,-1,53,-1,25
1,<environment.Job instance at 0x7fdb7c2be0f0>,11,25,[ 3 14],12,-1,50,-1,25
1,<environment.Job instance at 0x7fdb7c2bceb0>,15,27,[4 8],16,-1,53,-1,26
1,<environment.Job instance at 0x7fdb7c2bb500>,7,28,[1 9],8,-1,97,-1,69
1,<environment.Job instance at 0x7fdb7c2bcd70>,19,15,[10  4],20,-1,84,-1,69
1,<environment.Job instance at 0x7fdb7c2bc910>,18,20,[ 3 14],19,-1,90,-1,70
1,<environment.Job instance at 0x7fdb7c2bc1e0>,21,25,[ 1 11],22,-1,95,-1,70
1,<environment.Job instance at 0x7fdb7c2bb910>,12,13,[12  5],13,-1,84,-1,71
1,<environment.Job instance at 0x7fdb7c2bba50>,13,20,[ 4 10],14,-1,91,-1,71
1,<environment.Job instance at 0x7fdb7c2bcb90>,17,16,[ 1 14],18,-1,87,-1,71
1,<environment.Job instance at 0x7fdb7c2bcaf0>,20,14,[1 8],21,-1,90,-1,76
1,<environment.Job instance at 0x7fdb7c2b3f00>,26,14,[9 5],27,-1,93,-1,79
1,<environment.Job instance at 0x7fdb7c2bc460>,25,20,[12  4],26,-1,99,-1,79
1,<environment.Job instance at 0x7fdb7c2b3eb0>,27,26,[4 9],28,-1,105,-1,79
1,<environment.Job instance at 0x7fdb7c426c30>,30,26,[5 5],31,-1,111,-1,85
1,<environment.Job instance at 0x7fdb7c3eab40>,31,24,[4 7],32,-1,109,-1,85
1,<environment.Job instance at 0x7fdb7c2bc4b0>,23,27,[9 1],24,-1,112,-1,85
1,<environment.Job instance at 0x7fdb7c2bc140>,22,14,[14  4],23,-1,99,-1,85
1,<environment.Job instance at 0x7fdb7c39e5a0>,34,19,[ 3 12],35,-1,104,-1,85
1,<environment.Job instance at 0x7fdb7c39e640>,35,15,[12  5],36,-1,100,-1,85
1,<environment.Job instance at 0x7fdb7c39e550>,36,20,[1 5],37,-1,105,-1,85
1,<environment.Job instance at 0x7fdb7c39ec80>,32,13,[3 8],33,-1,98,-1,85
1,<environment.Job instance at 0x7fdb7c3c05a0>,1,25,[6 1],2,-1,27,-1,2
1,<environment.Job instance at 0x7fdb7cc307d0>,2,28,[6 2],3,-1,31,-1,3
1,<environment.Job instance at 0x7fdb7c3f4140>,3,24,[6 4],4,-1,28,-1,4
1,<environment.Job instance at 0x7fdb7c3946e0>,5,25,[ 3 12],6,-1,31,-1,6
1,<environment.Job instance at 0x7fdb7c3945a0>,6,26,[13  5],7,-1,33,-1,7
1,<environment.Job instance at 0x7fdb7c394960>,8,13,[14  1],9,-1,22,-1,9
1,<environment.Job instance at 0x7fdb7c4b8f00>,11,25,[ 3 14],12,-1,37,-1,12
1,<environment.Job instance at 0x7fdb7c3994b0>,12,13,[12  5],13,-1,26,-1,13
1,<environment.Job instance at 0x7fdb7c3995a0>,14,17,[14  2],15,-1,32,-1,15
1,<environment.Job instance at 0x7fdb7c370550>,15,27,[4 8],16,-1,46,-1,19
1,<environment.Job instance at 0x7fdb7c3dbaf0>,16,27,[ 2 12],17,-1,46,-1,19
1,<environment.Job instance at 0x7fdb7c3dbcd0>,17,16,[ 1 14],18,-1,35,-1,19
1,<environment.Job instance at 0x7fdb7c329c30>,18,20,[ 3 14],19,-1,39,-1,19
1,<environment.Job instance at 0x7fdb7c394550>,7,28,[1 9],8,-1,49,-1,21
1,<environment.Job instance at 0x7fdb7c492d70>,9,28,[ 2 10],10,-1,49,-1,21
1,<environment.Job instance at 0x7fdb7c322fa0>,21,25,[ 1 11],22,-1,47,-1,22
1,<environment.Job instance at 0x7fdb7c322e10>,22,14,[14  4],23,-1,37,-1,23
1,<environment.Job instance at 0x7fdb7c322910>,24,23,[13  2],25,-1,48,-1,25
1,<environment.Job instance at 0x7fdb7c3260a0>,25,20,[12  4],26,-1,46,-1,26
1,<environment.Job instance at 0x7fdb7c326dc0>,23,27,[9 1],24,-1,59,-1,32
1,<environment.Job instance at 0x7fdb7c32d730>,28,25,[13  3],29,-1,57,-1,32
1,<environment.Job instance at 0x7fdb7c32d960>,30,26,[5 5],31,-1,61,-1,35
1,<environment.Job instance at 0x7fdb7c396140>,31,24,[4 7],32,-1,59,-1,35
1,<environment.Job instance at 0x7fdb7c326e10>,27,26,[4 9],28,-1,61,-1,35
1,<environment.Job instance at 0x7fdb7c396f00>,34,19,[ 3 12],35,-1,54,-1,35
1,<environment.Job instance at 0x7fdb7c396c30>,35,15,[12  5],36,-1,51,-1,36
1,<environment.Job instance at 0x7fdb7c339b40>,38,20,[ 3 12],39,-1,66,-1,46
1,<environment.Job instance at 0x7fdb7c3352d0>,39,16,[12  4],40,-1,62,-1,46
1,<environment.Job instance at 0x7fdb7c335320>,40,16,[12  5],41,-1,62,-1,46
1,<environment.Job instance at 0x7fdb7c335140>,41,20,[ 1 12],42,-1,66,-1,46
1,<environment.Job instance at 0x7fdb7c335c30>,42,13,[12  1],43,-1,59,-1,46
1,<environment.Job instance at 0x7fdb7c335cd0>,43,12,[11  5],44,-1,58,-1,46
1,<environment.Job instance at 0x7fdb7c33c230>,44,17,[ 3 12],45,-1,63,-1,46
1,<environment.Job instance at 0x7fdb7c33c280>,45,16,[13  4],46,-1,62,-1,46
1,<environment.Job instance at 0x7fdb7c33c050>,46,18,[ 1 12],47,-1,66,-1,48
1,<environment.Job instance at 0x7fdb7c33ce10>,48,15,[ 2 14],49,-1,64,-1,49
1,<environment.Job instance at 0x7fdb7c340d70>,52,20,[13  3],53,-1,99,-1,79
1,<environment.Job instance at 0x7fdb7c3402d0>,53,21,[ 4 12],54,-1,100,-1,79
1,<environment.Job instance at 0x7fdb7c331410>,55,27,[5 9],56,-1,106,-1,79
1,<environment.Job instance at 0x7fdb7c331910>,56,27,[2 9],57,-1,106,-1,79
1,<environment.Job instance at 0x7fdb7c331050>,57,21,[11  4],58,-1,100,-1,79
1,<environment.Job instance at 0x7fdb7c331500>,58,12,[14  5],59,-1,91,-1,79
1,<environment.Job instance at 0x7fdb7c50b0a0>,59,16,[12  3],60,-1,95,-1,79
1,<environment.Job instance at 0x7fdb7c576eb0>,60,17,[12  2],61,-1,96,-1,79
1,<environment.Job instance at 0x7fdb7c4b1780>,61,28,[2 8],62,-1,107,-1,79
1,<environment.Job instance at 0x7fdb7c5b7370>,63,21,[12  2],64,-1,100,-1,79
1,<environment.Job instance at 0x7fdb7c3455f0>,64,21,[ 5 11],65,-1,100,-1,79
1,<environment.Job instance at 0x7fdb7c4bc050>,65,26,[ 5 10],66,-1,117,-1,91
1,<environment.Job instance at 0x7fdb7c4bc7d0>,66,27,[12  4],67,-1,118,-1,91
1,<environment.Job instance at 0x7fdb7c4c2410>,67,27,[14  3],68,-1,118,-1,91
1,<environment.Job instance at 0x7fdb7c36aeb0>,69,14,[ 1 12],70,-1,105,-1,91
1,<environment.Job instance at 0x7fdb7c473d20>,71,14,[13  5],72,-1,106,-1,92
1,<environment.Job instance at 0x7fdb7c36a190>,72,25,[11  2],73,-1,117,-1,92
1,<environment.Job instance at 0x7fdb7c375d70>,73,14,[12  2],74,-1,106,-1,92
1,<environment.Job instance at 0x7fdb7c375730>,74,28,[8 4],75,-1,132,-1,104
1,<environment.Job instance at 0x7fdb7c348280>,76,20,[12  1],77,-1,124,-1,104
1,<environment.Job instance at 0x7fdb7c348af0>,77,13,[ 4 12],78,-1,117,-1,104
1,<environment.Job instance at 0x7fdb7c348aa0>,78,18,[12  2],79,-1,122,-1,104
1,<environment.Job instance at 0x7fdb7c3482d0>,79,15,[12  3],80,-1,119,-1,104
1,<environment.Job instance at 0x7fdb7c3b78c0>,81,26,[ 5 11],82,-1,131,-1,105
1,<environment.Job instance at 0x7fdb7c3b7dc0>,80,25,[7 2],81,-1,144,-1,119
1,<environment.Job instance at 0x7fdb7c3b7460>,83,16,[11  1],84,-1,135,-1,119
1,<environment.Job instance at 0x7fdb7c467f50>,85,19,[12  5],86,-1,138,-1,119
1,<environment.Job instance at 0x7fdb7c35be10>,86,17,[11  3],87,-1,136,-1,119
1,<environment.Job instance at 0x7fdb7c1244b0>,1,15,[4 8],2,-1,17,-1,2
1,<environment.Job instance at 0x7fdb7c124050>,11,23,[13  1],12,-1,36,-1,13
1,<environment.Job instance at 0x7fdb7c124410>,9,15,[14  4],10,-1,32,-1,17
1,<environment.Job instance at 0x7fdb7c124d20>,8,16,[2 6],9,-1,33,-1,17
1,<environment.Job instance at 0x7fdb7c124c80>,2,24,[ 3 13],3,-1,27,-1,3
1,<environment.Job instance at 0x7fdb7c2bf500>,3,15,[ 2 13],4,-1,19,-1,4
1,<environment.Job instance at 0x7fdb7c163a50>,4,13,[ 5 14],5,-1,18,-1,5
1,<environment.Job instance at 0x7fdb7c15f500>,5,20,[11  2],6,-1,26,-1,6
1,<environment.Job instance at 0x7fdb7c1240f0>,7,21,[ 4 14],8,-1,29,-1,8
1,<environment.Job instance at 0x7fdb7c15f7d0>,9,15,[14  4],10,-1,25,-1,10
1,<environment.Job instance at 0x7fdb7c15fdc0>,11,23,[13  1],12,-1,35,-1,12
1,<environment.Job instance at 0x7fdb7c15f6e0>,13,26,[ 1 11],14,-1,40,-1,14
1,<environment.Job instance at 0x7fdb7c15cc80>,14,14,[ 3 13],15,-1,29,-1,15
1,<environment.Job instance at 0x7fdb7c15ca00>,17,27,[10  3],18,-1,57,-1,30
1,<environment.Job instance at 0x7fdb7c15ccd0>,18,16,[12  5],19,-1,46,-1,30
1,<environment.Job instance at 0x7fdb7c15cbe0>,19,14,[14  5],20,-1,44,-1,30
1,<environment.Job instance at 0x7fdb7c15caf0>,20,13,[ 5 13],21,-1,43,-1,30
1,<environment.Job instance at 0x7fdb7c15c8c0>,22,26,[13  2],23,-1,56,-1,30
1,<environment.Job instance at 0x7fdb7c15c910>,24,15,[ 1 12],25,-1,45,-1,30
1,<environment.Job instance at 0x7fdb7c15c7d0>,25,14,[ 1 12],26,-1,44,-1,30
1,<environment.Job instance at 0x7fdb7c1d8870>,28,26,[ 3 11],29,-1,56,-1,30
1,<environment.Job instance at 0x7fdb7c1d8a50>,27,23,[6 4],28,-1,66,-1,43
1,<environment.Job instance at 0x7fdb7c1d8f50>,32,13,[14  3],33,-1,56,-1,43
1,<environment.Job instance at 0x7fdb7c1d82d0>,34,23,[13  3],35,-1,68,-1,45
1,<environment.Job instance at 0x7fdb7c1d8280>,36,23,[ 2 13],37,-1,82,-1,59
1,<environment.Job instance at 0x7fdb7c1d8370>,37,16,[11  4],38,-1,75,-1,59
1,<environment.Job instance at 0x7fdb7c1d81e0>,31,25,[3 9],32,-1,87,-1,62
1,<environment.Job instance at 0x7fdb7c1d8b40>,39,25,[4 5],40,-1,87,-1,62
1,<environment.Job instance at 0x7fdb7c1d85f0>,41,20,[11  1],42,-1,82,-1,62
1,<environment.Job instance at 0x7fdb7c1d80f0>,40,25,[6 3],41,-1,101,-1,76
1,<environment.Job instance at 0x7fdb7c1d6cd0>,43,13,[12  4],44,-1,89,-1,76
1,<environment.Job instance at 0x7fdb7c1d6f50>,44,24,[5 5],45,-1,100,-1,76
1,<environment.Job instance at 0x7fdb7c1d6aa0>,45,13,[ 1 13],46,-1,89,-1,76
1,<environment.Job instance at 0x7fdb7c1d6820>,46,26,[ 1 13],47,-1,102,-1,76
1,<environment.Job instance at 0x7fdb7c1d6d70>,48,16,[11  1],49,-1,92,-1,76
1,<environment.Job instance at 0x7fdb7c1d61e0>,49,14,[14  2],50,-1,90,-1,76
1,<environment.Job instance at 0x7fdb7c1d6e60>,51,15,[ 2 11],52,-1,91,-1,76
1,<environment.Job instance at 0x7fdb7c1c73c0>,52,16,[11  1],53,-1,92,-1,76
1,<environment.Job instance at 0x7fdb7c1c7e60>,53,25,[2 8],54,-1,101,-1,76
1,<environment.Job instance at 0x7fdb7c1c7a50>,54,18,[12  5],55,-1,94,-1,76
1,<environment.Job instance at 0x7fdb7c1c78c0>,55,20,[ 5 13],56,-1,96,-1,76
1,<environment.Job instance at 0x7fdb7c1c7550>,56,24,[2 7],57,-1,100,-1,76
1,<environment.Job instance at 0x7fdb7c1c7f50>,57,16,[11  2],58,-1,92,-1,76
1,<environment.Job instance at 0x7fdb7c1c7820>,58,22,[ 2 12],59,-1,98,-1,76
1,<environment.Job instance at 0x7fdb7c1c7b90>,59,20,[12  3],60,-1,96,-1,76
1,<environment.Job instance at 0x7fdb7c1c76e0>,60,19,[12  5],61,-1,95,-1,76
1,<environment.Job instance at 0x7fdb7c1b98c0>,62,18,[12  1],63,-1,94,-1,76
1,<environment.Job instance at 0x7fdb7c1b9d70>,65,25,[8 5],66,-1,115,-1,90
1,<environment.Job instance at 0x7fdb7c1b9aa0>,66,17,[ 1 12],67,-1,107,-1,90
1,<environment.Job instance at 0x7fdb7c1b9be0>,68,18,[ 2 14],69,-1,108,-1,90
1,<environment.Job instance at 0x7fdb7c20cf00>,69,24,[11  1],70,-1,114,-1,90
1,<environment.Job instance at 0x7fdb7c20c6e0>,70,25,[7 1],71,-1,115,-1,90
1,<environment.Job instance at 0x7fdb7c20c0a0>,71,24,[12  5],72,-1,114,-1,90
1,<environment.Job instance at 0x7fdb7c20c500>,72,23,[10  2],73,-1,113,-1,90
1,<environment.Job instance at 0x7fdb7c20c960>,73,15,[ 1 11],74,-1,105,-1,90
1,<environment.Job instance at 0x7fdb7c20ccd0>,74,16,[ 5 12],75,-1,106,-1,90
1,<environment.Job instance at 0x7fdb7c20c550>,75,27,[ 4 14],76,-1,117,-1,90
1,<environment.Job instance at 0x7fdb7c20cd70>,76,23,[ 2 11],77,-1,113,-1,90
1,<environment.Job instance at 0x7fdb7c20c230>,77,13,[ 4 12],78,-1,103,-1,90
1,<environment.Job instance at 0x7fdb7c20caa0>,78,15,[13  1],79,-1,105,-1,90
1,<environment.Job instance at 0x7fdb7c20c1e0>,79,17,[13  3],80,-1,107,-1,90
1,<environment.Job instance at 0x7fdb7c20c5a0>,81,22,[ 3 13],82,-1,112,-1,90
1,<environment.Job instance at 0x7fdb7c20c820>,83,19,[13  4],84,-1,114,-1,95
1,<environment.Job instance at 0x7fdb7c20c280>,84,16,[ 2 12],85,-1,111,-1,95
1,<environment.Job instance at 0x7fdb7c20cfa0>,85,12,[ 4 14],86,-1,107,-1,95
1,<environment.Job instance at 0x7fdb7c1a5550>,89,23,[ 2 13],90,-1,138,-1,115
1,<environment.Job instance at 0x7fdb7c1a52d0>,90,12,[14  1],91,-1,127,-1,115
1,<environment.Job instance at 0x7fdb7c1a5a00>,91,28,[ 1 13],92,-1,143,-1,115
1,<environment.Job instance at 0x7fdb7c1a5410>,93,22,[12  5],94,-1,142,-1,120
1,<environment.Job instance at 0x7fdb7c1a5230>,95,12,[11  5],96,-1,141,-1,129
1,<environment.Job instance at 0x7fdb7c7d8aa0>,0,23,[7 4],1,-1,24,-1,1
1,<environment.Job instance at 0x7fdb7c7d8500>,1,22,[5 9],2,-1,24,-1,2
1,<environment.Job instance at 0x7fdb7c7d8140>,4,20,[3 8],5,-1,26,-1,6
1,<environment.Job instance at 0x7fdb7c7d8410>,8,17,[4 8],9,-1,26,-1,9
1,<environment.Job instance at 0x7fdb7c2c0280>,0,23,[7 4],1,-1,24,-1,1
1,<environment.Job instance at 0x7fdb7c2c06e0>,3,22,[ 1 12],4,-1,26,-1,4
1,<environment.Job instance at 0x7fdb7c2c0f50>,5,26,[ 3 12],6,-1,32,-1,6
1,<environment.Job instance at 0x7fdb7c2c0500>,6,27,[ 2 14],7,-1,34,-1,7
1,<environment.Job instance at 0x7fdb7c2c0320>,7,24,[13  5],8,-1,32,-1,8
1,<environment.Job instance at 0x7fdb7c2c0410>,9,21,[13  4],10,-1,31,-1,10
1,<environment.Job instance at 0x7fdb7c2c0aa0>,10,22,[ 5 12],11,-1,33,-1,11
1,<environment.Job instance at 0x7fdb7c2c0a50>,12,15,[14  2],13,-1,28,-1,13
1,<environment.Job instance at 0x7fdb7c2c0730>,13,15,[ 1 13],14,-1,29,-1,14
1,<environment.Job instance at 0x7fdb7c2c0140>,14,20,[12  2],15,-1,35,-1,15
1,<environment.Job instance at 0x7fdb7c2c03c0>,16,17,[14  5],17,-1,34,-1,17
1,<environment.Job instance at 0x7fdb7c2c0910>,17,24,[13  3],18,-1,42,-1,18
1,<environment.Job instance at 0x7fdb7c15c8c0>,18,22,[12  3],19,-1,41,-1,19
1,<environment.Job instance at 0x7fdb7c15c910>,21,23,[10  4],22,-1,47,-1,24
1,<environment.Job instance at 0x7fdb7c15c410>,24,20,[14  2],25,-1,57,-1,37
1,<environment.Job instance at 0x7fdb7c15cc30>,29,18,[14  4],30,-1,82,-1,64
1,<environment.Job instance at 0x7fdb7c15c6e0>,30,22,[ 4 14],31,-1,86,-1,64
1,<environment.Job instance at 0x7fdb7c15c780>,31,20,[11  4],32,-1,84,-1,64
1,<environment.Job instance at 0x7fdb7c15fdc0>,32,23,[14  4],33,-1,87,-1,64
1,<environment.Job instance at 0x7fdb7c15ff50>,33,19,[ 3 14],34,-1,83,-1,64
1,<environment.Job instance at 0x7fdb7c15f7d0>,34,21,[14  2],35,-1,85,-1,64
1,<environment.Job instance at 0x7fdb7c15f500>,35,24,[14  2],36,-1,88,-1,64
1,<environment.Job instance at 0x7fdb7c15fb90>,36,21,[ 5 11],37,-1,85,-1,64
1,<environment.Job instance at 0x7fdb7c15f690>,37,20,[ 2 12],38,-1,84,-1,64
1,<environment.Job instance at 0x7fdb7c192b90>,38,23,[ 4 11],39,-1,87,-1,64
1,<environment.Job instance at 0x7fdb7c124280>,39,16,[ 3 14],40,-1,80,-1,64
1,<environment.Job instance at 0x7fdb7c124e60>,40,23,[ 3 13],41,-1,87,-1,64
1,<environment.Job instance at 0x7fdb8632b550>,41,21,[14  4],42,-1,85,-1,64
1,<environment.Job instance at 0x7fdb7c7d8b40>,43,24,[ 3 10],44,-1,102,-1,78
1,<environment.Job instance at 0x7fdb7c66aaa0>,48,14,[ 1 14],49,-1,106,-1,92
1,<environment.Job instance at 0x7fdb7c66a550>,49,25,[5 8],50,-1,118,-1,93
1,<environment.Job instance at 0x7fdb7c66a460>,50,27,[7 4],51,-1,120,-1,93
1,<environment.Job instance at 0x7fdb7c66aeb0>,51,21,[ 3 11],52,-1,114,-1,93
1,<environment.Job instance at 0x7fdb7c66a2d0>,52,14,[12  4],53,-1,107,-1,93
1,<environment.Job instance at 0x7fdb7c66a3c0>,54,26,[ 3 12],55,-1,119,-1,93
1,<environment.Job instance at 0x7fdb7c66a0a0>,55,12,[11  4],56,-1,105,-1,93
1,<environment.Job instance at 0x7fdb7c801690>,58,12,[11  3],59,-1,121,-1,109
1,<environment.Job instance at 0x7fdb7c801870>,59,16,[ 3 12],60,-1,125,-1,109
1,<environment.Job instance at 0x7fdb7c801500>,61,15,[14  5],62,-1,135,-1,120
1,<environment.Job instance at 0x7fdb7c801960>,62,13,[14  1],63,-1,133,-1,120
1,<environment.Job instance at 0x7fdb7c801a50>,63,24,[8 2],64,-1,147,-1,123
1,<environment.Job instance at 0x7fdb7c801820>,64,21,[ 2 12],65,-1,144,-1,123
1,<environment.Job instance at 0x7fdb7c801f50>,65,23,[ 2 12],66,-1,146,-1,123
1,<environment.Job instance at 0x7fdb7c6d0410>,67,26,[ 5 11],68,-1,149,-1,123
1,<environment.Job instance at 0x7fdb7c185af0>,0,19,[4 9],1,-1,20,-1,1
1,<environment.Job instance at 0x7fdb7d6b2050>,3,24,[ 2 10],4,-1,30,-1,6
1,<environment.Job instance at 0x7fdb7d6d3aa0>,5,27,[10  2],6,-1,33,-1,6
1,<environment.Job instance at 0x7fdb7c185b90>,1,12,[10  2],2,-1,18,-1,6
1,<environment.Job instance at 0x7fdb7d6aa7d0>,6,18,[6 4],7,-1,25,-1,7
1,<environment.Job instance at 0x7fdb7d6aa140>,7,27,[7 2],8,-1,35,-1,8
1,<environment.Job instance at 0x7fdb7c265690>,2,26,[13  5],3,-1,40,-1,14
1,<environment.Job instance at 0x7fdb7d6aad70>,13,15,[ 3 10],14,-1,31,-1,16
1,<environment.Job instance at 0x7fdb7d6aaf50>,15,17,[12  4],16,-1,33,-1,16
1,<environment.Job instance at 0x7fdb7ce5b640>,2,26,[13  5],3,-1,29,-1,3
1,<environment.Job instance at 0x7fdb7c166d20>,8,15,[13  2],9,-1,29,-1,14
1,<environment.Job instance at 0x7fdb7c166050>,9,17,[11  1],10,-1,31,-1,14
1,<environment.Job instance at 0x7fdb7c166e60>,10,24,[13  2],11,-1,38,-1,14
1,<environment.Job instance at 0x7fdb7c523910>,5,27,[10  2],6,-1,41,-1,14
1,<environment.Job instance at 0x7fdb7c166f50>,12,25,[11  4],13,-1,39,-1,14
1,<environment.Job instance at 0x7fdb7c166e10>,7,27,[7 2],8,-1,41,-1,14
1,<environment.Job instance at 0x7fdb7ce5b820>,3,24,[ 2 10],4,-1,44,-1,20
1,<environment.Job instance at 0x7fdb7c166190>,15,17,[12  4],16,-1,37,-1,20
1,<environment.Job instance at 0x7fdb7c1665f0>,16,12,[13  4],17,-1,32,-1,20
1,<environment.Job instance at 0x7fdb7c1662d0>,17,12,[14  3],18,-1,32,-1,20
1,<environment.Job instance at 0x7fdb7c166370>,18,15,[ 1 12],19,-1,35,-1,20
1,<environment.Job instance at 0x7fdb861e0b90>,19,21,[ 5 14],20,-1,41,-1,20
1,<environment.Job instance at 0x7fdb7c1663c0>,14,23,[1 6],15,-1,43,-1,20
1,<environment.Job instance at 0x7fdb861e0960>,20,16,[11  2],21,-1,37,-1,21
1,<environment.Job instance at 0x7fdb861e0230>,22,22,[ 5 13],23,-1,45,-1,23
1,<environment.Job instance at 0x7fdb8632a780>,25,25,[7 1],26,-1,60,-1,35
1,<environment.Job instance at 0x7fdb8632a6e0>,24,28,[2 9],25,-1,63,-1,35
1,<environment.Job instance at 0x7fdb8632a230>,27,27,[ 5 10],28,-1,62,-1,35
1,<environment.Job instance at 0x7fdb8632a820>,28,20,[ 3 13],29,-1,55,-1,35
1,<environment.Job instance at 0x7fdb8632aaf0>,30,17,[12  4],31,-1,52,-1,35
1,<environment.Job instance at 0x7fdb7c1e6690>,32,20,[ 4 11],33,-1,65,-1,45
1,<environment.Job instance at 0x7fdb7c1e65a0>,33,14,[ 5 12],34,-1,59,-1,45
1,<environment.Job instance at 0x7fdb7c1e62d0>,34,24,[ 5 11],35,-1,69,-1,45
1,<environment.Job instance at 0x7fdb8632a190>,31,26,[ 4 10],32,-1,78,-1,52
1,<environment.Job instance at 0x7fdb7c1e6fa0>,36,18,[11  5],37,-1,70,-1,52
1,<environment.Job instance at 0x7fdb7c1e67d0>,37,12,[ 3 14],38,-1,64,-1,52
1,<environment.Job instance at 0x7fdb7c1e6c80>,38,27,[1 5],39,-1,79,-1,52
1,<environment.Job instance at 0x7fdb7c1e6460>,39,17,[ 1 11],40,-1,69,-1,52
1,<environment.Job instance at 0x7fdb7c1e69b0>,41,17,[ 2 13],42,-1,69,-1,52
1,<environment.Job instance at 0x7fdb7c1e6af0>,42,27,[12  4],43,-1,79,-1,52
1,<environment.Job instance at 0x7fdb7c6d02d0>,44,12,[ 1 12],45,-1,64,-1,52
1,<environment.Job instance at 0x7fdb7c6d0f00>,46,12,[ 5 12],47,-1,64,-1,52
1,<environment.Job instance at 0x7fdb7c6d0050>,47,14,[14  1],48,-1,66,-1,52
1,<environment.Job instance at 0x7fdb7c1e6d70>,35,25,[7 3],36,-1,87,-1,62
1,<environment.Job instance at 0x7fdb7c6d0780>,49,14,[12  4],50,-1,76,-1,62
1,<environment.Job instance at 0x7fdb7c6d05a0>,50,18,[11  5],51,-1,80,-1,62
1,<environment.Job instance at 0x7fdb7c6d0320>,52,12,[14  4],53,-1,78,-1,66
1,<environment.Job instance at 0x7fdb7c6d04b0>,54,25,[13  4],55,-1,91,-1,66
1,<environment.Job instance at 0x7fdb7c801820>,56,13,[12  2],57,-1,79,-1,66
1,<environment.Job instance at 0x7fdb7c801a50>,57,22,[13  4],58,-1,88,-1,66
1,<environment.Job instance at 0x7fdb7c8016e0>,58,14,[11  2],59,-1,80,-1,66
1,<environment.Job instance at 0x7fdb7c801500>,59,24,[ 2 14],60,-1,90,-1,66
1,<environment.Job instance at 0x7fdb7c801f00>,60,28,[2 7],61,-1,98,-1,70
1,<environment.Job instance at 0x7fdb7c801d20>,61,13,[ 1 14],62,-1,83,-1,70
1,<environment.Job instance at 0x7fdb7c801870>,63,23,[12  2],64,-1,93,-1,70
1,<environment.Job instance at 0x7fdb7c66a5a0>,64,18,[ 4 12],65,-1,88,-1,70
1,<environment.Job instance at 0x7fdb7c66a0a0>,65,25,[6 5],66,-1,108,-1,83
1,<environment.Job instance at 0x7fdb7c66aeb0>,69,17,[ 4 14],70,-1,101,-1,84
1,<environment.Job instance at 0x7fdb7c66a140>,70,15,[ 2 14],71,-1,99,-1,84
1,<environment.Job instance at 0x7fdb7c66aaa0>,71,17,[ 5 13],72,-1,101,-1,84
1,<environment.Job instance at 0x7fdb7c66ad70>,72,23,[12  3],73,-1,107,-1,84
1,<environment.Job instance at 0x7fdb7c66a370>,73,20,[14  1],74,-1,104,-1,84
1,<environment.Job instance at 0x7fdb7c66ac80>,68,27,[2 6],69,-1,125,-1,98
1,<environment.Job instance at 0x7fdb7c66a460>,67,27,[5 9],68,-1,125,-1,98
1,<environment.Job instance at 0x7fdb8632bfa0>,78,25,[ 1 10],79,-1,123,-1,98
1,<environment.Job instance at 0x7fdb7c1240f0>,80,18,[14  3],81,-1,116,-1,98
1,<environment.Job instance at 0x7fdb7c15cb40>,83,18,[14  3],84,-1,132,-1,114
1,<environment.Job instance at 0x7fdb7c15cc80>,84,23,[ 2 11],85,-1,137,-1,114
1,<environment.Job instance at 0x7fdb7c15ca00>,85,18,[ 5 11],86,-1,132,-1,114
1,<environment.Job instance at 0x7fdb7c15cf00>,86,27,[11  5],87,-1,141,-1,114
1,<environment.Job instance at 0x7fdb7c15caf0>,87,17,[12  5],88,-1,131,-1,114
1,<environment.Job instance at 0x7fdb7c15caa0>,89,21,[11  1],90,-1,135,-1,114
1,<environment.Job instance at 0x7fdb7c15c0f0>,90,14,[12  4],91,-1,128,-1,114
1,<environment.Job instance at 0x7fdb7c15c870>,91,26,[5 4],92,-1,152,-1,126
1,<environment.Job instance at 0x7fdb7c15c8c0>,93,26,[1 6],94,-1,152,-1,126
1,<environment.Job instance at 0x7fdb7c2c09b0>,95,19,[11  4],96,-1,145,-1,126
1,<environment.Job instance at 0x7fdb7c2c03c0>,96,23,[11  3],97,-1,149,-1,126
1,<environment.Job instance at 0x7fdb7c2c08c0>,98,12,[11  4],99,-1,138,-1,126
1,<environment.Job instance at 0x7fdb7ccddaf0>,0,18,[7 3],1,-1,19,-1,1
1,<environment.Job instance at 0x7fdb7ccdd410>,1,16,[9 2],2,-1,19,-1,3
1,<environment.Job instance at 0x7fdb7ccdd280>,2,19,[12  1],3,-1,22,-1,3
1,<environment.Job instance at 0x7fdb7ccdd4b0>,3,26,[4 7],4,-1,30,-1,4
1,<environment.Job instance at 0x7fdb7ccdd6e0>,4,21,[6 5],5,-1,26,-1,5
1,<environment.Job instance at 0x7fdb7ccddc80>,6,20,[3 6],7,-1,27,-1,7
1,<environment.Job instance at 0x7fdb7ccdd550>,7,13,[9 4],8,-1,22,-1,9
1,<environment.Job instance at 0x7fdb7ccdd460>,8,19,[ 5 10],9,-1,28,-1,9
1,<environment.Job instance at 0x7fdb7ccddf00>,10,17,[4 7],11,-1,29,-1,12
1,<environment.Job instance at 0x7fdb7ccdd5f0>,11,17,[4 5],12,-1,29,-1,12
1,<environment.Job instance at 0x7fdb7c5a5410>,15,17,[12  3],16,-1,36,-1,19
1,<environment.Job instance at 0x7fdb7c5a5dc0>,21,15,[3 9],22,-1,39,-1,24
1,<environment.Job instance at 0x7fdb7c5a5550>,29,23,[8 5],30,-1,90,-1,67
1,<environment.Job instance at 0x7fdb7c5a5fa0>,30,18,[11  4],31,-1,85,-1,67
1,<environment.Job instance at 0x7fdb7c5a5370>,28,27,[5 9],29,-1,94,-1,67
1,<environment.Job instance at 0x7fdb7c5a5140>,27,24,[12  2],28,-1,94,-1,70
1,<environment.Job instance at 0x7fdb7c5a5aa0>,23,21,[11  5],24,-1,93,-1,72
1,<environment.Job instance at 0x7fdb7ccbec30>,35,24,[7 5],36,-1,98,-1,74
1,<environment.Job instance at 0x7fdb7ccbe960>,39,16,[12  4],40,-1,91,-1,75
1,<environment.Job instance at 0x7fdb7c9ef8c0>,2,19,[12  1],3,-1,22,-1,3
1,<environment.Job instance at 0x7fdb7c192910>,3,26,[4 7],4,-1,30,-1,4
1,<environment.Job instance at 0x7fdb7c7d8c80>,5,18,[ 2 13],6,-1,24,-1,6
1,<environment.Job instance at 0x7fdb7c1e6a00>,12,28,[9 1],13,-1,60,-1,32
1,<environment.Job instance at 0x7fdb7c1e6b40>,14,15,[13  2],15,-1,47,-1,32
1,<environment.Job instance at 0x7fdb7c1e6320>,15,17,[12  3],16,-1,49,-1,32
1,<environment.Job instance at 0x7fdb7c1e6870>,16,28,[ 4 12],17,-1,60,-1,32
1,<environment.Job instance at 0x7fdb7c523910>,17,25,[2 6],18,-1,57,-1,32
1,<environment.Job instance at 0x7fdb7cfe0870>,23,21,[11  5],24,-1,70,-1,49
1,<environment.Job instance at 0x7fdb7cfe0550>,24,12,[13  2],25,-1,61,-1,49
1,<environment.Job instance at 0x7fdb7ccdd230>,25,13,[ 5 13],26,-1,62,-1,49
1,<environment.Job instance at 0x7fdb7ccdd500>,27,24,[12  2],28,-1,86,-1,62
1,<environment.Job instance at 0x7fdb7ccddeb0>,28,27,[5 9],29,-1,104,-1,77
1,<environment.Job instance at 0x7fdb7c5a6370>,30,18,[11  4],31,-1,95,-1,77
1,<environment.Job instance at 0x7fdb7c5a6be0>,29,23,[8 5],30,-1,100,-1,77
1,<environment.Job instance at 0x7fdb7c5a6b90>,35,24,[7 5],36,-1,102,-1,78
1,<environment.Job instance at 0x7fdb7c5a6f50>,33,25,[4 6],34,-1,115,-1,90
1,<environment.Job instance at 0x7fdb7c5a6c30>,37,21,[14  1],38,-1,111,-1,90
1,<environment.Job instance at 0x7fdb7c5a6cd0>,38,17,[ 1 13],39,-1,107,-1,90
1,<environment.Job instance at 0x7fdb7c5a6fa0>,39,16,[12  4],40,-1,106,-1,90
1,<environment.Job instance at 0x7fdb7c5a6f00>,40,24,[ 4 11],41,-1,114,-1,90
1,<environment.Job instance at 0x7fdb7c5a6c80>,45,12,[ 1 14],46,-1,107,-1,95
1,<environment.Job instance at 0x7fdb7c5a68c0>,46,14,[13  4],47,-1,109,-1,95
1,<environment.Job instance at 0x7fdb7c5a61e0>,48,13,[13  3],49,-1,117,-1,104
1,<environment.Job instance at 0x7fdb7c5b73c0>,49,18,[ 3 12],50,-1,122,-1,104
1,<environment.Job instance at 0x7fdb7c5a66e0>,50,27,[ 3 14],51,-1,131,-1,104
1,<environment.Job instance at 0x7fdb7c5b7690>,52,27,[ 5 13],53,-1,137,-1,110
1,<environment.Job instance at 0x7fdb7c5b7820>,53,25,[13  4],54,-1,135,-1,110
1,<environment.Job instance at 0x7fdb7c5b7910>,54,27,[ 2 14],55,-1,137,-1,110
1,<environment.Job instance at 0x7fdb7c5b7190>,56,18,[ 4 13],57,-1,136,-1,118
1,<environment.Job instance at 0x7fdb7c5b7dc0>,57,12,[ 5 12],58,-1,130,-1,118
1,<environment.Job instance at 0x7fdb7c81d410>,4,18,[2 8],5,-1,24,-1,6
1,<environment.Job instance at 0x7fdb7c81d050>,6,19,[11  5],7,-1,26,-1,7
1,<environment.Job instance at 0x7fdb7c81d870>,8,23,[3 7],9,-1,32,-1,9
1,<environment.Job instance at 0x7fdb7c81dfa0>,9,17,[1 6],10,-1,27,-1,10
1,<environment.Job instance at 0x7fdb7c81df00>,10,21,[1 8],11,-1,32,-1,11
1,<environment.Job instance at 0x7fdb7c81da50>,11,25,[5 8],12,-1,37,-1,12
1,<environment.Job instance at 0x7fdb7c81d780>,13,20,[11  5],14,-1,38,-1,18
1,<environment.Job instance at 0x7fdb7c11f5f0>,5,28,[ 5 11],6,-1,47,-1,19
1,<environment.Job instance at 0x7fdb7c838460>,23,21,[ 3 14],24,-1,94,-1,73
1,<environment.Job instance at 0x7fdb7c820730>,25,17,[3 6],26,-1,90,-1,73
1,<environment.Job instance at 0x7fdb7c820af0>,26,18,[14  2],27,-1,91,-1,73
1,<environment.Job instance at 0x7fdb7c81d2d0>,14,27,[12  3],15,-1,101,-1,74
1,<environment.Job instance at 0x7fdb7c820690>,27,27,[ 5 13],28,-1,102,-1,75
1,<environment.Job instance at 0x7fdb7c820b90>,29,21,[12  3],30,-1,96,-1,75
1,<environment.Job instance at 0x7fdb7c820d20>,30,27,[ 5 12],31,-1,102,-1,75
1,<environment.Job instance at 0x7fdb7d784280>,24,17,[10  5],25,-1,92,-1,75
1,<environment.Job instance at 0x7fdb7c5d6cd0>,0,14,[13  2],1,-1,15,-1,1
1,<environment.Job instance at 0x7fdb7c5d6af0>,2,23,[ 1 14],3,-1,26,-1,3
1,<environment.Job instance at 0x7fdb7c5d68c0>,3,27,[5 5],4,-1,31,-1,4
1,<environment.Job instance at 0x7fdb7c5d64b0>,5,28,[ 5 11],6,-1,34,-1,6
1,<environment.Job instance at 0x7fdb7c5d6f50>,6,19,[11  5],7,-1,26,-1,7
1,<environment.Job instance at 0x7fdb7c5d6190>,7,27,[ 2 14],8,-1,35,-1,8
1,<environment.Job instance at 0x7fdb7c60d8c0>,12,23,[ 3 12],13,-1,36,-1,13
1,<environment.Job instance at 0x7fdb7c60d140>,13,20,[11  5],14,-1,34,-1,14
1,<environment.Job instance at 0x7fdb7c60df50>,14,27,[12  3],15,-1,42,-1,15
1,<environment.Job instance at 0x7fdb7c60d3c0>,16,26,[ 1 12],17,-1,43,-1,17
1,<environment.Job instance at 0x7fdb7c60df00>,15,24,[6 1],16,-1,42,-1,18
1,<environment.Job instance at 0x7fdb7c60d550>,17,13,[12  3],18,-1,31,-1,18
1,<environment.Job instance at 0x7fdb7c60d7d0>,8,23,[3 7],9,-1,46,-1,23
1,<environment.Job instance at 0x7fdb7c60de10>,20,24,[11  5],21,-1,47,-1,23
1,<environment.Job instance at 0x7fdb7c60daf0>,21,25,[2 7],22,-1,48,-1,23
1,<environment.Job instance at 0x7fdb7c60d640>,22,23,[10  4],23,-1,46,-1,23
1,<environment.Job instance at 0x7fdb7c60d780>,11,25,[5 8],12,-1,48,-1,23
1,<environment.Job instance at 0x7fdb7c60d5a0>,18,25,[1 5],19,-1,48,-1,23
1,<environment.Job instance at 0x7fdb7c60da00>,23,21,[ 3 14],24,-1,45,-1,24
1,<environment.Job instance at 0x7fdb7c60db90>,26,18,[14  2],27,-1,45,-1,27
1,<environment.Job instance at 0x7fdb7c60d1e0>,27,27,[ 5 13],28,-1,55,-1,28
1,<environment.Job instance at 0x7fdb7c60d730>,29,21,[12  3],30,-1,51,-1,30
1,<environment.Job instance at 0x7fdb7c5b7960>,30,27,[ 5 12],31,-1,58,-1,31
1,<environment.Job instance at 0x7fdb7c5b7320>,32,16,[ 2 13],33,-1,49,-1,33
1,<environment.Job instance at 0x7fdb7c5b7d70>,35,13,[14  1],36,-1,57,-1,44
1,<environment.Job instance at 0x7fdb7c5b7140>,36,26,[11  5],37,-1,70,-1,44
1,<environment.Job instance at 0x7fdb7c5b7460>,37,14,[ 2 13],38,-1,58,-1,44
1,<environment.Job instance at 0x7fdb7c5b79b0>,38,13,[14  5],39,-1,57,-1,44
1,<environment.Job instance at 0x7fdb7c5b7730>,39,18,[12  4],40,-1,62,-1,44
1,<environment.Job instance at 0x7fdb7c5b7af0>,40,21,[ 2 14],41,-1,65,-1,44
1,<environment.Job instance at 0x7fdb7c5b7c30>,42,23,[13  4],43,-1,80,-1,57
1,<environment.Job instance at 0x7fdb7c5b77d0>,44,18,[ 1 12],45,-1,76,-1,58
1,<environment.Job instance at 0x7fdb7c523910>,45,23,[9 4],46,-1,93,-1,70
1,<environment.Job instance at 0x7fdb7c5b7870>,46,26,[ 1 10],47,-1,96,-1,70
1,<environment.Job instance at 0x7fdb7c5b75a0>,47,18,[13  5],48,-1,88,-1,70
1,<environment.Job instance at 0x7fdb7c5b73c0>,48,21,[12  5],49,-1,91,-1,70
1,<environment.Job instance at 0x7fdb7c1e6280>,50,20,[11  5],51,-1,90,-1,70
1,<environment.Job instance at 0x7fdb7c1e6870>,51,27,[8 5],52,-1,97,-1,70
1,<environment.Job instance at 0x7fdb7c1e65a0>,53,28,[5 7],54,-1,112,-1,84
1,<environment.Job instance at 0x7fdb7c1e62d0>,54,12,[ 4 11],55,-1,96,-1,84
1,<environment.Job instance at 0x7fdb7c1e6d70>,55,25,[13  4],56,-1,109,-1,84
1,<environment.Job instance at 0x7fdb7c1e6fa0>,56,21,[ 1 12],57,-1,105,-1,84
1,<environment.Job instance at 0x7fdb7d6ce050>,57,22,[ 4 12],58,-1,106,-1,84
1,<environment.Job instance at 0x7fdb7ca40a00>,58,22,[13  5],59,-1,106,-1,84
1,<environment.Job instance at 0x7fdb7ccb1d70>,59,28,[13  2],60,-1,112,-1,84
1,<environment.Job instance at 0x7fdb861e2140>,61,24,[14  3],62,-1,108,-1,84
1,<environment.Job instance at 0x7fdb7c1e60a0>,62,25,[12  1],63,-1,109,-1,84
1,<environment.Job instance at 0x7fdb7c5a60f0>,63,24,[5 8],64,-1,111,-1,87
1,<environment.Job instance at 0x7fdb7c5a61e0>,64,13,[ 1 13],65,-1,100,-1,87
1,<environment.Job instance at 0x7fdb7c5a6910>,65,23,[1 5],66,-1,110,-1,87
1,<environment.Job instance at 0x7fdb7c5a68c0>,66,22,[ 5 11],67,-1,109,-1,87
1,<environment.Job instance at 0x7fdb7c5a6c80>,67,24,[ 5 13],68,-1,111,-1,87
1,<environment.Job instance at 0x7fdb7c5a6730>,68,13,[ 1 14],69,-1,100,-1,87
1,<environment.Job instance at 0x7fdb7c5a6a50>,69,26,[12  4],70,-1,113,-1,87
1,<environment.Job instance at 0x7fdb7c5a6fa0>,71,21,[13  2],72,-1,108,-1,87
1,<environment.Job instance at 0x7fdb7c5a6cd0>,72,23,[14  5],73,-1,110,-1,87
1,<environment.Job instance at 0x7fdb7c5a6870>,73,14,[14  2],74,-1,101,-1,87
1,<environment.Job instance at 0x7fdb7c5a6b90>,76,28,[5 4],77,-1,128,-1,100
1,<environment.Job instance at 0x7fdb7c5a60a0>,80,18,[ 5 14],81,-1,130,-1,112
1,<environment.Job instance at 0x7fdb7c5a6370>,81,17,[ 3 13],82,-1,129,-1,112
1,<environment.Job instance at 0x7fdb7cdd69b0>,82,23,[13  3],83,-1,135,-1,112
1,<environment.Job instance at 0x7fdb7c5a65a0>,83,18,[ 2 12],84,-1,130,-1,112
1,<environment.Job instance at 0x7fdb7c5a6190>,84,28,[11  1],85,-1,140,-1,112
1,<environment.Job instance at 0x7fdb7cb5c280>,86,12,[13  5],87,-1,129,-1,117
1,<environment.Job instance at 0x7fdb7d358c30>,87,20,[ 5 14],88,-1,137,-1,117
1,<environment.Job instance at 0x7fdb7d6d5af0>,88,27,[ 2 14],89,-1,144,-1,117
1,<environment.Job instance at 0x7fdb7c5a5320>,90,15,[ 4 11],91,-1,141,-1,126
1,<environment.Job instance at 0x7fdb7c5a5c80>,91,15,[13  5],92,-1,141,-1,126
1,<environment.Job instance at 0x7fdb7c5a55a0>,92,13,[14  4],93,-1,139,-1,126
1,<environment.Job instance at 0x7fdb7c5a5be0>,93,16,[14  2],94,-1,142,-1,126
1,<environment.Job instance at 0x7fdb7c5a5c30>,94,25,[14  4],95,-1,151,-1,126
1,<environment.Job instance at 0x7fdb7c5a5410>,95,19,[13  5],96,-1,145,-1,126
1,<environment.Job instance at 0x7fdb861ee780>,0,15,[10  1],1,-1,17,-1,2
1,<environment.Job instance at 0x7fdb7c4b7f50>,2,16,[6 5],3,-1,19,-1,3
1,<environment.Job instance at 0x7fdb7c4b7af0>,3,14,[5 4],4,-1,18,-1,4
1,<environment.Job instance at 0x7fdb7c4b7640>,8,21,[1 7],9,-1,34,-1,13
1,<environment.Job instance at 0x7fdb7c5a5be0>,4,12,[ 3 12],5,-1,17,-1,5
1,<environment.Job instance at 0x7fdb7c5a55a0>,5,12,[11  4],6,-1,18,-1,6
1,<environment.Job instance at 0x7fdb7c5a5c80>,6,20,[ 3 14],7,-1,27,-1,7
1,<environment.Job instance at 0x7fdb7c5a5320>,7,16,[12  1],8,-1,24,-1,8
1,<environment.Job instance at 0x7fdb7c5a5f50>,10,28,[ 1 11],11,-1,39,-1,11
1,<environment.Job instance at 0x7fdb7cdd69b0>,12,28,[14  4],13,-1,44,-1,16
1,<environment.Job instance at 0x7fdb7c5a6190>,13,27,[13  4],14,-1,43,-1,16
1,<environment.Job instance at 0x7fdb7c5a6370>,14,12,[ 5 11],15,-1,28,-1,16
1,<environment.Job instance at 0x7fdb7c5a6500>,16,17,[14  2],17,-1,34,-1,17
1,<environment.Job instance at 0x7fdb7c5a6870>,17,17,[ 1 12],18,-1,35,-1,18
1,<environment.Job instance at 0x7fdb7c5a6fa0>,19,22,[ 3 14],20,-1,42,-1,20
1,<environment.Job instance at 0x7fdb7c5a6e60>,20,15,[ 2 11],21,-1,36,-1,21
1,<environment.Job instance at 0x7fdb7c5a6f00>,21,22,[ 2 13],22,-1,44,-1,22
1,<environment.Job instance at 0x7fdb7c5a6aa0>,23,26,[ 4 14],24,-1,54,-1,28
1,<environment.Job instance at 0x7fdb7c5a6780>,25,26,[3 9],26,-1,63,-1,37
1,<environment.Job instance at 0x7fdb7c5a68c0>,27,23,[8 2],28,-1,67,-1,44
1,<environment.Job instance at 0x7fdb7cffa910>,28,26,[ 2 11],29,-1,70,-1,44
1,<environment.Job instance at 0x7fdb7c5a6410>,29,27,[6 4],30,-1,71,-1,44
1,<environment.Job instance at 0x7fdb7c5a61e0>,30,25,[ 4 14],31,-1,69,-1,44
1,<environment.Job instance at 0x7fdb7c5b73c0>,32,18,[ 2 12],33,-1,62,-1,44
1,<environment.Job instance at 0x7fdb7c5a6c80>,26,23,[10  3],27,-1,76,-1,53
1,<environment.Job instance at 0x7fdb7c5b72d0>,34,24,[13  5],35,-1,77,-1,53
1,<environment.Job instance at 0x7fdb7c5b7e60>,35,12,[ 4 13],36,-1,65,-1,53
1,<environment.Job instance at 0x7fdb7c5b75f0>,36,27,[14  3],37,-1,80,-1,53
1,<environment.Job instance at 0x7fdb7c5b79b0>,39,27,[12  5],40,-1,80,-1,53
1,<environment.Job instance at 0x7fdb7c5b7460>,41,13,[11  1],42,-1,74,-1,61
1,<environment.Job instance at 0x7fdb7c5b7140>,42,26,[ 1 13],43,-1,87,-1,61
1,<environment.Job instance at 0x7fdb7c5b7d70>,43,13,[ 1 13],44,-1,74,-1,61
1,<environment.Job instance at 0x7fdb7c5b7e10>,44,18,[12  5],45,-1,79,-1,61
1,<environment.Job instance at 0x7fdb7c5b7280>,45,24,[ 5 12],46,-1,85,-1,61
1,<environment.Job instance at 0x7fdb7c5b7320>,46,22,[ 3 14],47,-1,83,-1,61
1,<environment.Job instance at 0x7fdb861ee690>,51,24,[4 5],52,-1,99,-1,75
1,<environment.Job instance at 0x7fdb861ee910>,53,12,[13  3],54,-1,87,-1,75
1,<environment.Job instance at 0x7fdb7c58bcd0>,54,25,[ 5 10],55,-1,114,-1,89
1,<environment.Job instance at 0x7fdb7d34e690>,56,14,[11  2],57,-1,103,-1,89
1,<environment.Job instance at 0x7fdb7d34eaf0>,57,15,[ 3 14],58,-1,104,-1,89
1,<environment.Job instance at 0x7fdb7d34eb90>,59,27,[13  4],60,-1,116,-1,89
1,<environment.Job instance at 0x7fdb7d6e5640>,62,15,[ 4 14],63,-1,112,-1,97
1,<environment.Job instance at 0x7fdb7d6e51e0>,63,12,[ 1 14],64,-1,109,-1,97
1,<environment.Job instance at 0x7fdb7d6e5230>,64,20,[ 1 12],65,-1,117,-1,97
1,<environment.Job instance at 0x7fdb7d6e5690>,67,14,[ 4 12],68,-1,123,-1,109
1,<environment.Job instance at 0x7fdb7d6e5370>,69,25,[ 1 14],70,-1,145,-1,120
1,<environment.Job instance at 0x7fdb7d6e58c0>,70,14,[11  5],71,-1,134,-1,120
1,<environment.Job instance at 0x7fdb7d6e5e10>,72,23,[ 4 13],73,-1,149,-1,126
1,<environment.Job instance at 0x7fdb7d6e5050>,73,19,[11  1],74,-1,145,-1,126
1,<environment.Job instance at 0x7fdb7d6e5af0>,74,26,[11  4],75,-1,152,-1,126
1,<environment.Job instance at 0x7fdb7bf74f00>,9,26,[7 4],10,-1,120,-1,94
1,<environment.Job instance at 0x7fdb7c96df00>,0,21,[ 3 11],1,-1,22,-1,1
1,<environment.Job instance at 0x7fdb7c96d4b0>,1,14,[14  1],2,-1,16,-1,2
1,<environment.Job instance at 0x7fdb7c96d140>,5,20,[ 2 11],6,-1,26,-1,6
1,<environment.Job instance at 0x7fdb7c96d870>,7,15,[ 4 13],8,-1,23,-1,8
1,<environment.Job instance at 0x7fdb7c96d7d0>,8,16,[12  3],9,-1,25,-1,9
1,<environment.Job instance at 0x7fdb7c96dd20>,10,17,[14  2],11,-1,28,-1,11
1,<environment.Job instance at 0x7fdb7d6a3dc0>,11,14,[ 3 14],12,-1,26,-1,12
1,<environment.Job instance at 0x7fdb7d6a3910>,12,20,[ 4 11],13,-1,33,-1,13
1,<environment.Job instance at 0x7fdb7d6a3460>,14,22,[11  1],15,-1,37,-1,15
1,<environment.Job instance at 0x7fdb7c96d780>,6,28,[3 9],7,-1,47,-1,19
1,<environment.Job instance at 0x7fdb7c96deb0>,9,26,[7 4],10,-1,45,-1,19
1,<environment.Job instance at 0x7fdb7d6a3c80>,20,14,[ 2 12],21,-1,35,-1,21
1,<environment.Job instance at 0x7fdb861ee280>,21,28,[11  4],22,-1,50,-1,22
1,<environment.Job instance at 0x7fdb861ee2d0>,22,22,[ 5 12],23,-1,45,-1,23
1,<environment.Job instance at 0x7fdb7c5a54b0>,24,25,[9 5],25,-1,74,-1,49
1,<environment.Job instance at 0x7fdb8d322960>,28,22,[ 1 13],29,-1,71,-1,49
1,<environment.Job instance at 0x7fdb7d50f5f0>,29,26,[7 2],30,-1,75,-1,49
1,<environment.Job instance at 0x7fdb7d068c30>,30,15,[13  5],31,-1,64,-1,49
1,<environment.Job instance at 0x7fdb7c272550>,33,18,[ 4 11],34,-1,78,-1,60
1,<environment.Job instance at 0x7fdb7c2646e0>,35,18,[ 5 14],36,-1,78,-1,60
1,<environment.Job instance at 0x7fdb7c2699b0>,36,18,[ 3 11],37,-1,78,-1,60
1,<environment.Job instance at 0x7fdb7d507780>,37,27,[11  1],38,-1,87,-1,60
1,<environment.Job instance at 0x7fdb7c264b90>,38,28,[11  2],39,-1,88,-1,60
1,<environment.Job instance at 0x7fdb7c2698c0>,39,23,[ 4 11],40,-1,83,-1,60
1,<environment.Job instance at 0x7fdb7c1ae280>,40,22,[ 1 14],41,-1,82,-1,60
1,<environment.Job instance at 0x7fdb7c5a5c30>,32,25,[10  3],33,-1,105,-1,80
1,<environment.Job instance at 0x7fdb7c1ae8c0>,44,27,[11  4],45,-1,107,-1,80
1,<environment.Job instance at 0x7fdb7c1d31e0>,46,28,[8 1],47,-1,121,-1,93
1,<environment.Job instance at 0x7fdb7c294c30>,48,23,[ 3 14],49,-1,116,-1,93
1,<environment.Job instance at 0x7fdb7c1c4280>,49,27,[ 4 13],50,-1,120,-1,93
1,<environment.Job instance at 0x7fdb7c1c4aa0>,50,22,[12  5],51,-1,115,-1,93
1,<environment.Job instance at 0x7fdb7c1c4190>,54,14,[ 1 11],55,-1,107,-1,93
1,<environment.Job instance at 0x7fdb7ce53dc0>,56,27,[13  1],57,-1,120,-1,93
1,<environment.Job instance at 0x7fdb7ce503c0>,58,26,[12  3],59,-1,131,-1,105
1,<environment.Job instance at 0x7fdb7ce50410>,60,23,[13  4],61,-1,128,-1,105
1,<environment.Job instance at 0x7fdb7ce502d0>,61,25,[ 4 12],62,-1,130,-1,105
1,<environment.Job instance at 0x7fdb7ce3a5a0>,62,26,[5 5],63,-1,131,-1,105
1,<environment.Job instance at 0x7fdb7ce53d70>,55,27,[10  2],56,-1,138,-1,111
1,<environment.Job instance at 0x7fdb7ce745a0>,66,14,[11  3],67,-1,125,-1,111
1,<environment.Job instance at 0x7fdb7ce3a500>,65,25,[ 2 10],66,-1,146,-1,121
1,<environment.Job instance at 0x7fdb7c1814b0>,1,21,[4 9],2,-1,23,-1,2
1,<environment.Job instance at 0x7fdb7c181eb0>,13,22,[ 5 14],14,-1,129,-1,107
1,<environment.Job instance at 0x7fdb85d248c0>,19,17,[ 4 12],20,-1,125,-1,108
1,<environment.Job instance at 0x7fdb85d24c30>,20,17,[2 9],21,-1,125,-1,108
1,<environment.Job instance at 0x7fdb7c1cacd0>,2,14,[12  4],3,-1,17,-1,3
1,<environment.Job instance at 0x7fdb8dff2500>,4,12,[12  1],5,-1,17,-1,5
1,<environment.Job instance at 0x7fdb7c1cabe0>,5,21,[12  3],6,-1,27,-1,6
1,<environment.Job instance at 0x7fdb7d2b9b90>,6,12,[ 5 13],7,-1,19,-1,7
1,<environment.Job instance at 0x7fdb7d352280>,7,12,[11  4],8,-1,20,-1,8
1,<environment.Job instance at 0x7fdb7be12c80>,8,15,[ 1 12],9,-1,24,-1,9
1,<environment.Job instance at 0x7fdb7d3846e0>,11,12,[13  3],12,-1,24,-1,12
1,<environment.Job instance at 0x7fdb7d50a280>,12,16,[ 3 12],13,-1,29,-1,13
1,<environment.Job instance at 0x7fdb7be15f00>,13,22,[ 5 14],14,-1,36,-1,14
1,<environment.Job instance at 0x7fdb7d5580a0>,10,28,[7 1],11,-1,44,-1,16
1,<environment.Job instance at 0x7fdb7d50a140>,15,19,[ 4 14],16,-1,35,-1,16
1,<environment.Job instance at 0x7fdb7ca03050>,18,27,[13  3],19,-1,46,-1,19
1,<environment.Job instance at 0x7fdb7c1b1a00>,19,17,[ 4 12],20,-1,37,-1,20
1,<environment.Job instance at 0x7fdb7c1b1320>,16,23,[9 5],17,-1,46,-1,23
1,<environment.Job instance at 0x7fdb7c1b10f0>,21,24,[5 4],22,-1,47,-1,23
1,<environment.Job instance at 0x7fdb7ce09b90>,22,20,[ 1 13],23,-1,43,-1,23
1,<environment.Job instance at 0x7fdb7ccdb230>,14,28,[2 9],15,-1,51,-1,23
1,<environment.Job instance at 0x7fdb7d287460>,24,27,[ 3 14],25,-1,52,-1,25
1,<environment.Job instance at 0x7fdb7c301910>,26,27,[3 6],27,-1,63,-1,36
1,<environment.Job instance at 0x7fdb7c993960>,29,28,[12  3],30,-1,68,-1,40
1,<environment.Job instance at 0x7fdb7c9932d0>,30,27,[5 2],31,-1,78,-1,51
1,<environment.Job instance at 0x7fdb7ce421e0>,31,12,[ 3 13],32,-1,63,-1,51
1,<environment.Job instance at 0x7fdb7ce42c30>,32,17,[14  5],33,-1,68,-1,51
1,<environment.Job instance at 0x7fdb7ce422d0>,33,15,[14  2],34,-1,66,-1,51
1,<environment.Job instance at 0x7fdb7ce4a190>,34,15,[ 1 12],35,-1,66,-1,51
1,<environment.Job instance at 0x7fdb7ce40190>,38,12,[ 1 12],39,-1,64,-1,52
1,<environment.Job instance at 0x7fdb7ce40c80>,41,22,[14  3],42,-1,93,-1,71
1,<environment.Job instance at 0x7fdb7c19c460>,42,22,[11  5],43,-1,93,-1,71
1,<environment.Job instance at 0x7fdb7ce74690>,45,21,[11  3],46,-1,104,-1,83
1,<environment.Job instance at 0x7fdb7ce74b40>,46,24,[1 8],47,-1,107,-1,83
1,<environment.Job instance at 0x7fdb7ce744b0>,49,12,[11  2],50,-1,95,-1,83
1,<environment.Job instance at 0x7fdb7ce3a550>,50,18,[ 3 11],51,-1,101,-1,83
1,<environment.Job instance at 0x7fdb7ce3a500>,51,15,[ 3 12],52,-1,98,-1,83
1,<environment.Job instance at 0x7fdb7ce3aa00>,53,24,[2 8],54,-1,120,-1,96
1,<environment.Job instance at 0x7fdb7ce50410>,54,24,[5 7],55,-1,120,-1,96
1,<environment.Job instance at 0x7fdb7ce530f0>,55,13,[14  2],56,-1,109,-1,96
1,<environment.Job instance at 0x7fdb7ce53d20>,56,12,[ 5 14],57,-1,108,-1,96
1,<environment.Job instance at 0x7fdb7ce53c80>,57,28,[11  4],58,-1,124,-1,96
1,<environment.Job instance at 0x7fdb7c1c4190>,58,23,[1 6],59,-1,119,-1,96
1,<environment.Job instance at 0x7fdb7c1c44b0>,59,26,[1 8],60,-1,122,-1,96
1,<environment.Job instance at 0x7fdb7c294410>,63,25,[7 5],64,-1,137,-1,112
1,<environment.Job instance at 0x7fdb7c1d3140>,65,15,[ 1 14],66,-1,127,-1,112
1,<environment.Job instance at 0x7fdb7c1aea00>,66,24,[5 2],67,-1,136,-1,112
1,<environment.Job instance at 0x7fdb7c294460>,64,24,[5 3],65,-1,136,-1,112
1,<environment.Job instance at 0x7fdb7c1aeaa0>,69,20,[ 4 13],70,-1,132,-1,112
1,<environment.Job instance at 0x7fdb7c1d36e0>,67,25,[8 1],68,-1,151,-1,126
1,<environment.Job instance at 0x7fdb7c1aeb90>,73,26,[9 3],74,-1,154,-1,128
1,<environment.Job instance at 0x7fdb7c1aeaf0>,75,20,[14  4],76,-1,148,-1,128
1,<environment.Job instance at 0x7fdb7d50f5f0>,77,14,[ 3 11],78,-1,142,-1,128
1,<environment.Job instance at 0x7fdb7c264c30>,78,14,[14  2],79,-1,142,-1,128
1,<environment.Job instance at 0x7fdb861ee280>,79,20,[14  4],80,-1,148,-1,128
1,<environment.Job instance at 0x7fdb861ee2d0>,80,15,[ 4 12],81,-1,143,-1,128
1,<environment.Job instance at 0x7fdb7cead820>,3,20,[6 2],4,-1,24,-1,4
1,<environment.Job instance at 0x7fdb7c482140>,9,27,[9 3],10,-1,42,-1,15
1,<environment.Job instance at 0x7fdb7c482370>,14,23,[11  1],15,-1,38,-1,15
1,<environment.Job instance at 0x7fdb7c4823c0>,11,18,[10  4],12,-1,33,-1,15
1,<environment.Job instance at 0x7fdb7c482cd0>,13,15,[7 2],14,-1,30,-1,15
1,<environment.Job instance at 0x7fdb7c482af0>,16,22,[ 1 11],17,-1,39,-1,17
1,<environment.Job instance at 0x7fdb7c4827d0>,7,28,[7 5],8,-1,51,-1,23
1,<environment.Job instance at 0x7fdb7c482c80>,18,26,[2 8],19,-1,51,-1,25
1,<environment.Job instance at 0x7fdb7ca30140>,20,21,[ 1 12],21,-1,46,-1,25
1,<environment.Job instance at 0x7fdb7ca30e60>,22,23,[7 1],23,-1,48,-1,25
1,<environment.Job instance at 0x7fdb7ca305f0>,21,16,[ 2 13],22,-1,41,-1,25
1,<environment.Job instance at 0x7fdb7ca30c30>,24,18,[14  3],25,-1,43,-1,25
1,<environment.Job instance at 0x7fdb7c4825f0>,15,20,[13  4],16,-1,46,-1,26
1,<environment.Job instance at 0x7fdb7ca30910>,23,13,[13  4],24,-1,40,-1,27
1,<environment.Job instance at 0x7fdb7c4820f0>,17,26,[ 5 12],18,-1,55,-1,29
1,<environment.Job instance at 0x7fdb7ca30690>,27,25,[ 4 12],28,-1,54,-1,29
1,<environment.Job instance at 0x7fdb7ca30460>,26,24,[14  5],27,-1,53,-1,29
1,<environment.Job instance at 0x7fdb7ca30d20>,29,18,[12  3],30,-1,48,-1,30
1,<environment.Job instance at 0x7fdb7c482050>,12,25,[10  1],13,-1,56,-1,31
1,<environment.Job instance at 0x7fdb7ca30820>,30,17,[10  3],31,-1,48,-1,31
1,<environment.Job instance at 0x7fdb7d789640>,40,28,[10  3],41,-1,96,-1,68
1,<environment.Job instance at 0x7fdb7d7894b0>,41,23,[11  2],42,-1,91,-1,68
1,<environment.Job instance at 0x7fdb7ca30960>,38,25,[ 2 12],39,-1,94,-1,69
1,<environment.Job instance at 0x7fdb7ca30230>,33,18,[13  2],34,-1,89,-1,71
1,<environment.Job instance at 0x7fdb7d789eb0>,44,27,[1 7],45,-1,98,-1,71
1,<environment.Job instance at 0x7fdb7d789500>,45,16,[12  5],46,-1,87,-1,71
1,<environment.Job instance at 0x7fdb7ca30870>,36,23,[2 7],37,-1,96,-1,73
1,<environment.Job instance at 0x7fdb7d789050>,46,22,[ 3 12],47,-1,96,-1,74
1,<environment.Job instance at 0x7fdb7d789410>,48,28,[11  3],49,-1,102,-1,74
1,<environment.Job instance at 0x7fdb7d789550>,47,14,[12  4],48,-1,93,-1,79
1,<environment.Job instance at 0x7fdb7d789e10>,49,24,[ 5 12],50,-1,104,-1,80
1,<environment.Job instance at 0x7fdb7d7895f0>,52,23,[14  4],53,-1,108,-1,85
1,<environment.Job instance at 0x7fdb7d789280>,53,17,[13  5],54,-1,102,-1,85
1,<environment.Job instance at 0x7fdb7d789910>,56,25,[6 3],57,-1,121,-1,96
1,<environment.Job instance at 0x7fdb7d789cd0>,57,27,[9 5],58,-1,123,-1,96
1,<environment.Job instance at 0x7fdb7c1570a0>,58,18,[ 3 11],59,-1,114,-1,96
1,<environment.Job instance at 0x7fdb7ca30780>,35,23,[ 5 13],36,-1,119,-1,96
1,<environment.Job instance at 0x7fdb7c157af0>,61,23,[3 9],62,-1,119,-1,96
1,<environment.Job instance at 0x7fdb7cc7ac80>,0,16,[13  3],1,-1,17,-1,1
1,<environment.Job instance at 0x7fdb7cc7afa0>,2,23,[11  1],3,-1,26,-1,3
1,<environment.Job instance at 0x7fdb7cc7ab40>,4,18,[ 1 13],5,-1,23,-1,5
1,<environment.Job instance at 0x7fdb7cc7a8c0>,6,13,[11  3],7,-1,20,-1,7
1,<environment.Job instance at 0x7fdb7cf46370>,10,18,[13  1],11,-1,29,-1,11
1,<environment.Job instance at 0x7fdb7cc7aa00>,7,28,[7 5],8,-1,52,-1,24
1,<environment.Job instance at 0x7fdb7cc7a410>,9,27,[9 3],10,-1,51,-1,24
1,<environment.Job instance at 0x7fdb7cf46910>,14,23,[11  1],15,-1,47,-1,24
1,<environment.Job instance at 0x7fdb7cf467d0>,15,20,[13  4],16,-1,44,-1,24
1,<environment.Job instance at 0x7fdb7cf46690>,16,22,[ 1 11],17,-1,46,-1,24
1,<environment.Job instance at 0x7fdb7cf462d0>,17,26,[ 5 12],18,-1,50,-1,24
1,<environment.Job instance at 0x7fdb7cf46b40>,18,26,[2 8],19,-1,50,-1,24
1,<environment.Job instance at 0x7fdb7cf46be0>,20,21,[ 1 12],21,-1,45,-1,24
1,<environment.Job instance at 0x7fdb7cf46320>,21,16,[ 2 13],22,-1,40,-1,24
1,<environment.Job instance at 0x7fdb7cf46960>,22,23,[7 1],23,-1,47,-1,24
1,<environment.Job instance at 0x7fdb7cf46550>,23,13,[13  4],24,-1,37,-1,24
1,<environment.Job instance at 0x7fdb7cf46410>,12,25,[10  1],13,-1,49,-1,24
1,<environment.Job instance at 0x7fdb7cf46870>,24,18,[14  3],25,-1,43,-1,25
1,<environment.Job instance at 0x7fdb7cf46dc0>,26,24,[14  5],27,-1,51,-1,27
1,<environment.Job instance at 0x7fdb7d187a50>,27,25,[ 4 12],28,-1,53,-1,28
1,<environment.Job instance at 0x7fdb89d1da00>,29,18,[12  3],30,-1,48,-1,30
1,<environment.Job instance at 0x7fdb7d50f5f0>,31,18,[ 2 11],32,-1,50,-1,32
1,<environment.Job instance at 0x7fdb8d322960>,32,13,[11  3],33,-1,46,-1,33
1,<environment.Job instance at 0x7fdb7d068c30>,33,18,[13  2],34,-1,52,-1,34
1,<environment.Job instance at 0x7fdb861ee280>,35,23,[ 5 13],36,-1,61,-1,38
1,<environment.Job instance at 0x7fdb861ee910>,34,28,[7 1],35,-1,67,-1,39
1,<environment.Job instance at 0x7fdb7c2642d0>,36,23,[2 7],37,-1,67,-1,44
1,<environment.Job instance at 0x7fdb7c2698c0>,38,25,[ 2 12],39,-1,69,-1,44
1,<environment.Job instance at 0x7fdb7c1aeaa0>,39,12,[ 4 14],40,-1,56,-1,44
1,<environment.Job instance at 0x7fdb7c264b90>,37,28,[ 1 10],38,-1,72,-1,44
1,<environment.Job instance at 0x7fdb7c1ae320>,41,23,[11  2],42,-1,67,-1,44
1,<environment.Job instance at 0x7fdb7c1aeb90>,44,27,[1 7],45,-1,72,-1,45
1,<environment.Job instance at 0x7fdb7c1d3b40>,45,16,[12  5],46,-1,62,-1,46
1,<environment.Job instance at 0x7fdb7c294c30>,46,22,[ 3 12],47,-1,69,-1,47
1,<environment.Job instance at 0x7fdb7c1c42d0>,47,14,[12  4],48,-1,62,-1,48
1,<environment.Job instance at 0x7fdb7c1c44b0>,48,28,[11  3],49,-1,77,-1,49
1,<environment.Job instance at 0x7fdb7c1c4190>,49,24,[ 5 12],50,-1,74,-1,50
1,<environment.Job instance at 0x7fdb7c1c48c0>,50,27,[2 5],51,-1,78,-1,51
1,<environment.Job instance at 0x7fdb7c294460>,51,13,[ 3 13],52,-1,65,-1,52
1,<environment.Job instance at 0x7fdb7c1c4370>,52,23,[14  4],53,-1,76,-1,53
1,<environment.Job instance at 0x7fdb7ce530a0>,53,17,[13  5],54,-1,71,-1,54
1,<environment.Job instance at 0x7fdb7c1c4af0>,54,22,[13  1],55,-1,77,-1,55
1,<environment.Job instance at 0x7fdb7ce53050>,55,24,[12  4],56,-1,80,-1,56
1,<environment.Job instance at 0x7fdb7ce53dc0>,56,25,[6 3],57,-1,84,-1,59
1,<environment.Job instance at 0x7fdb7ce503c0>,57,27,[9 5],58,-1,86,-1,59
1,<environment.Job instance at 0x7fdb7ce50410>,58,18,[ 3 11],59,-1,77,-1,59
1,<environment.Job instance at 0x7fdb7c2699b0>,40,28,[10  3],41,-1,87,-1,59
1,<environment.Job instance at 0x7fdb7c268eb0>,59,14,[ 2 13],60,-1,74,-1,60
1,<environment.Job instance at 0x7fdb7c2685a0>,61,23,[3 9],62,-1,97,-1,74
1,<environment.Job instance at 0x7fdb7ce74730>,64,17,[ 4 14],65,-1,91,-1,74
1,<environment.Job instance at 0x7fdb7ce74460>,65,15,[ 2 14],66,-1,89,-1,74
1,<environment.Job instance at 0x7fdb7ce40c30>,70,23,[5 9],71,-1,119,-1,96
1,<environment.Job instance at 0x7fdb7ce40190>,71,17,[ 2 14],72,-1,113,-1,96
1,<environment.Job instance at 0x7fdb7ce40cd0>,72,22,[11  4],73,-1,118,-1,96
1,<environment.Job instance at 0x7fdb7ce4a320>,73,28,[11  2],74,-1,124,-1,96
1,<environment.Job instance at 0x7fdb7ce4a280>,74,28,[ 4 10],75,-1,124,-1,96
1,<environment.Job instance at 0x7fdb7c301910>,77,26,[12  4],78,-1,122,-1,96
1,<environment.Job instance at 0x7fdb7ce42280>,78,13,[12  3],79,-1,109,-1,96
1,<environment.Job instance at 0x7fdb7ce421e0>,79,16,[ 5 11],80,-1,112,-1,96
1,<environment.Job instance at 0x7fdb7ce4a5f0>,75,24,[6 2],76,-1,124,-1,100
1,<environment.Job instance at 0x7fdb7d287460>,81,20,[ 1 11],82,-1,120,-1,100
1,<environment.Job instance at 0x7fdb7ce55b40>,84,19,[ 4 11],85,-1,128,-1,109
1,<environment.Job instance at 0x7fdb7ce09af0>,86,19,[13  2],87,-1,132,-1,113
1,<environment.Job instance at 0x7fdb7ce09b90>,88,24,[ 3 14],89,-1,137,-1,113
1,<environment.Job instance at 0x7fdb7ce09230>,87,27,[5 9],88,-1,154,-1,127
1,<environment.Job instance at 0x7fdb7ccdb230>,89,24,[3 7],90,-1,151,-1,127
1,<environment.Job instance at 0x7fdb7d50a280>,92,14,[ 5 11],93,-1,141,-1,127
1,<environment.Job instance at 0x7fdb7d75fa00>,4,21,[2 7],5,-1,27,-1,6
1,<environment.Job instance at 0x7fdb862163c0>,5,26,[11  3],6,-1,32,-1,6
1,<environment.Job instance at 0x7fdb7d75ffa0>,9,19,[ 3 10],10,-1,30,-1,11
1,<environment.Job instance at 0x7fdb7d75f5f0>,11,20,[10  3],12,-1,32,-1,12
1,<environment.Job instance at 0x7fdb7d75fb40>,12,27,[7 2],13,-1,40,-1,13
1,<environment.Job instance at 0x7fdb7d75fc30>,18,18,[ 5 12],19,-1,38,-1,20
1,<environment.Job instance at 0x7fdb7c57be10>,19,25,[12  1],20,-1,52,-1,27
1,<environment.Job instance at 0x7fdb7d75f780>,21,25,[4 8],22,-1,68,-1,43
1,<environment.Job instance at 0x7fdb7d75ff50>,17,22,[13  4],18,-1,83,-1,61
1,<environment.Job instance at 0x7fdb7ccfa9b0>,0,24,[9 1],1,-1,25,-1,1
1,<environment.Job instance at 0x7fdb7cd138c0>,3,13,[11  2],4,-1,17,-1,4
1,<environment.Job instance at 0x7fdb7ccfac30>,5,26,[11  3],6,-1,32,-1,6
1,<environment.Job instance at 0x7fdb7cd13190>,8,21,[ 3 11],9,-1,30,-1,9
1,<environment.Job instance at 0x7fdb7ca73dc0>,12,27,[7 2],13,-1,45,-1,18
1,<environment.Job instance at 0x7fdb7cd2d8c0>,13,12,[13  2],14,-1,30,-1,18
1,<environment.Job instance at 0x7fdb7c9f5c30>,15,12,[ 2 14],16,-1,30,-1,18
1,<environment.Job instance at 0x7fdb7c9f5b40>,16,17,[ 1 12],17,-1,35,-1,18
1,<environment.Job instance at 0x7fdb7cd2da50>,17,22,[13  4],18,-1,40,-1,18
1,<environment.Job instance at 0x7fdb7cd13b90>,6,25,[5 3],7,-1,43,-1,18
1,<environment.Job instance at 0x7fdb7cb6e820>,18,18,[ 5 12],19,-1,37,-1,19
1,<environment.Job instance at 0x7fdb7c9eccd0>,19,25,[12  1],20,-1,45,-1,20
1,<environment.Job instance at 0x7fdb7c9ecb90>,20,26,[12  2],21,-1,47,-1,21
1,<environment.Job instance at 0x7fdb7c9ecd20>,21,25,[4 8],22,-1,55,-1,30
1,<environment.Job instance at 0x7fdb7c9ec140>,23,12,[13  2],24,-1,42,-1,30
1,<environment.Job instance at 0x7fdb7c9fb320>,26,23,[4 7],27,-1,69,-1,46
1,<environment.Job instance at 0x7fdb7c9fb500>,25,26,[2 8],26,-1,72,-1,46
1,<environment.Job instance at 0x7fdb7cd10aa0>,28,14,[ 2 13],29,-1,60,-1,46
1,<environment.Job instance at 0x7fdb7c9ed5f0>,32,27,[ 1 13],33,-1,82,-1,55
1,<environment.Job instance at 0x7fdb7c9ed500>,33,18,[11  3],34,-1,73,-1,55
1,<environment.Job instance at 0x7fdb7c9ed460>,35,13,[12  1],36,-1,74,-1,61
1,<environment.Job instance at 0x7fdb7c9ed410>,36,12,[12  5],37,-1,73,-1,61
1,<environment.Job instance at 0x7fdb7ca0a320>,37,12,[ 3 12],38,-1,73,-1,61
1,<environment.Job instance at 0x7fdb7cd10d20>,31,23,[8 4],32,-1,90,-1,67
1,<environment.Job instance at 0x7fdb7c6c45f0>,41,27,[2 7],42,-1,107,-1,80
1,<environment.Job instance at 0x7fdb7ca0aaa0>,44,14,[ 2 11],45,-1,94,-1,80
1,<environment.Job instance at 0x7fdb7ca60d20>,45,23,[ 3 14],46,-1,103,-1,80
1,<environment.Job instance at 0x7fdb7ca0a500>,39,23,[4 9],40,-1,117,-1,94
1,<environment.Job instance at 0x7fdb7c9e84b0>,47,15,[ 2 13],48,-1,109,-1,94
1,<environment.Job instance at 0x7fdb7c9fe050>,48,27,[11  5],49,-1,121,-1,94
1,<environment.Job instance at 0x7fdb7c9fe410>,49,21,[ 5 13],50,-1,115,-1,94
1,<environment.Job instance at 0x7fdb7c9fe460>,50,14,[12  4],51,-1,108,-1,94
1,<environment.Job instance at 0x7fdb7ca862d0>,52,28,[14  3],53,-1,122,-1,94
1,<environment.Job instance at 0x7fdb7ca868c0>,54,22,[ 5 12],55,-1,117,-1,95
1,<environment.Job instance at 0x7fdb7c789f50>,55,24,[ 1 14],56,-1,119,-1,95
1,<environment.Job instance at 0x7fdb7c789a50>,56,25,[ 1 14],57,-1,120,-1,95
1,<environment.Job instance at 0x7fdb7cc47cd0>,59,21,[14  3],60,-1,129,-1,108
1,<environment.Job instance at 0x7fdb7cd2b910>,60,17,[11  1],61,-1,125,-1,108
1,<environment.Job instance at 0x7fdb7cd2b640>,61,28,[6 4],62,-1,146,-1,118
1,<environment.Job instance at 0x7fdb7c6cd6e0>,64,17,[ 2 12],65,-1,141,-1,124
1,<environment.Job instance at 0x7fdb7c6c2d20>,66,26,[11  4],67,-1,150,-1,124
1,<environment.Job instance at 0x7fdb7ccff7d0>,67,14,[ 2 13],68,-1,138,-1,124
1,<environment.Job instance at 0x7fdb7ccff1e0>,68,25,[11  1],69,-1,149,-1,124
1,<environment.Job instance at 0x7fdb7d2a3fa0>,0,18,[8 2],1,-1,20,-1,2
1,<environment.Job instance at 0x7fdb7d2a3370>,2,25,[ 5 10],3,-1,29,-1,4
1,<environment.Job instance at 0x7fdb7d2a30a0>,4,20,[ 4 11],5,-1,25,-1,5
1,<environment.Job instance at 0x7fdb7d2a35f0>,5,19,[ 2 13],6,-1,26,-1,7
1,<environment.Job instance at 0x7fdb7d2a32d0>,7,12,[13  3],8,-1,25,-1,13
1,<environment.Job instance at 0x7fdb7d2a33c0>,3,20,[12  3],4,-1,38,-1,18
1,<environment.Job instance at 0x7fdb7d2a3dc0>,9,21,[11  1],10,-1,39,-1,18
1,<environment.Job instance at 0x7fdb7d2a3640>,8,17,[6 1],9,-1,54,-1,37
1,<environment.Job instance at 0x7fdb7d2a3b40>,11,25,[10  4],12,-1,74,-1,49
1,<environment.Job instance at 0x7fdb7d2a3e60>,1,15,[14  4],2,-1,122,-1,107
1,<environment.Job instance at 0x7fdb7d2a3f00>,14,18,[14  3],15,-1,134,-1,116
1,<environment.Job instance at 0x7fdb7cfb70f0>,15,13,[11  5],16,-1,133,-1,120
1,<environment.Job instance at 0x7fdb7d2a3140>,10,15,[8 2],11,-1,138,-1,123
1,<environment.Job instance at 0x7fdb7cfe8140>,1,15,[14  4],2,-1,17,-1,2
1,<environment.Job instance at 0x7fdb7cfe8500>,2,25,[ 5 10],3,-1,28,-1,3
1,<environment.Job instance at 0x7fdb7cfe8f50>,3,20,[12  3],4,-1,24,-1,4
1,<environment.Job instance at 0x7fdb7cfe85a0>,4,20,[ 4 11],5,-1,25,-1,5
1,<environment.Job instance at 0x7fdb7cfe86e0>,5,19,[ 2 13],6,-1,25,-1,6
1,<environment.Job instance at 0x7fdb7cfe87d0>,6,15,[14  2],7,-1,22,-1,7
1,<environment.Job instance at 0x7fdb7cfe8c30>,7,12,[13  3],8,-1,20,-1,8
1,<environment.Job instance at 0x7fdb7cfe8e60>,9,21,[11  1],10,-1,31,-1,10
1,<environment.Job instance at 0x7fdb7cfe8190>,14,18,[14  3],15,-1,33,-1,15
1,<environment.Job instance at 0x7fdb7cff4be0>,15,13,[11  5],16,-1,29,-1,16
1,<environment.Job instance at 0x7fdb7cfe8230>,12,23,[8 3],13,-1,42,-1,19
1,<environment.Job instance at 0x7fdb7cff4730>,17,20,[12  2],18,-1,39,-1,19
1,<environment.Job instance at 0x7fdb7cff4eb0>,20,17,[ 3 13],21,-1,38,-1,21
1,<environment.Job instance at 0x7fdb7cff4820>,22,18,[11  5],23,-1,44,-1,26
1,<environment.Job instance at 0x7fdb7cff4960>,24,19,[12  3],25,-1,50,-1,31
1,<environment.Job instance at 0x7fdb7cff40a0>,25,27,[ 1 13],26,-1,58,-1,31
1,<environment.Job instance at 0x7fdb7cff4640>,26,18,[11  3],27,-1,49,-1,31
1,<environment.Job instance at 0x7fdb7cff4f00>,19,28,[8 4],20,-1,61,-1,33
1,<environment.Job instance at 0x7fdb7cff4050>,28,21,[ 5 12],29,-1,54,-1,33
1,<environment.Job instance at 0x7fdb7cfefaf0>,31,19,[ 2 13],32,-1,59,-1,40
1,<environment.Job instance at 0x7fdb7cfefc80>,32,24,[ 4 12],33,-1,64,-1,40
1,<environment.Job instance at 0x7fdb7cfef640>,34,23,[ 4 11],35,-1,68,-1,45
1,<environment.Job instance at 0x7fdb7cfef500>,35,15,[14  2],36,-1,60,-1,45
1,<environment.Job instance at 0x7fdb7cfef370>,38,24,[4 6],39,-1,85,-1,61
1,<environment.Job instance at 0x7fdb7cfeff00>,39,23,[13  5],40,-1,84,-1,61
1,<environment.Job instance at 0x7fdb7cfefe60>,40,28,[14  2],41,-1,89,-1,61
1,<environment.Job instance at 0x7fdb7cfef7d0>,44,22,[14  1],45,-1,83,-1,61
1,<environment.Job instance at 0x7fdb7cfd4eb0>,45,22,[13  1],46,-1,83,-1,61
1,<environment.Job instance at 0x7fdb7cfd41e0>,47,22,[ 2 12],48,-1,92,-1,70
1,<environment.Job instance at 0x7fdb7c40bcd0>,11,25,[10  4],12,-1,95,-1,70
1,<environment.Job instance at 0x7fdb7cfd46e0>,49,26,[7 1],50,-1,96,-1,70
1,<environment.Job instance at 0x7fdb7cfd4b40>,46,24,[5 7],47,-1,103,-1,79
1,<environment.Job instance at 0x7fdb7cfd4870>,52,13,[14  3],53,-1,92,-1,79
1,<environment.Job instance at 0x7fdb7cfd4960>,53,27,[2 5],54,-1,106,-1,79
1,<environment.Job instance at 0x7fdb7cfd4640>,55,21,[11  2],56,-1,100,-1,79
1,<environment.Job instance at 0x7fdb7cfd4410>,56,26,[ 1 12],57,-1,105,-1,79
1,<environment.Job instance at 0x7fdb7cfd40a0>,57,25,[ 2 11],58,-1,104,-1,79
1,<environment.Job instance at 0x7fdb7cfd4cd0>,59,19,[14  1],60,-1,98,-1,79
1,<environment.Job instance at 0x7fdb7cfd4f00>,62,16,[14  5],63,-1,111,-1,95
1,<environment.Job instance at 0x7fdb7cfd45f0>,64,24,[ 5 11],65,-1,132,-1,108
1,<environment.Job instance at 0x7fdb7cfd4be0>,63,23,[10  3],64,-1,135,-1,112
1,<environment.Job instance at 0x7fdb7cfdda50>,66,25,[5 8],67,-1,148,-1,123
1,<environment.Job instance at 0x7fdb7cfdd870>,69,15,[13  2],70,-1,139,-1,124
1,<environment.Job instance at 0x7fdb7cfdd140>,70,25,[ 1 14],71,-1,149,-1,124
1,<environment.Job instance at 0x7fdb7cc61050>,0,19,[13  4],1,-1,20,-1,1
1,<environment.Job instance at 0x7fdb7cc61a00>,1,15,[11  4],2,-1,17,-1,2
1,<environment.Job instance at 0x7fdb7cc618c0>,2,17,[14  1],3,-1,20,-1,3
1,<environment.Job instance at 0x7fdb7cc61500>,4,24,[ 1 12],5,-1,29,-1,5
1,<environment.Job instance at 0x7fdb7cc61f50>,5,15,[13  2],6,-1,21,-1,6
1,<environment.Job instance at 0x7fdb7cc61aa0>,6,16,[14  2],7,-1,23,-1,7
1,<environment.Job instance at 0x7fdb7cc61b40>,9,23,[11  2],10,-1,33,-1,10
1,<environment.Job instance at 0x7fdb7cc61460>,13,22,[ 2 12],14,-1,36,-1,14
1,<environment.Job instance at 0x7fdb7cfdd410>,14,28,[ 3 11],15,-1,43,-1,15
1,<environment.Job instance at 0x7fdb7cfdd500>,15,22,[ 3 13],16,-1,38,-1,16
1,<environment.Job instance at 0x7fdb7cfddc80>,18,28,[9 5],19,-1,56,-1,28
1,<environment.Job instance at 0x7fdb7cfdd0a0>,19,13,[13  1],20,-1,41,-1,28
1,<environment.Job instance at 0x7fdb7cfdd910>,22,23,[5 2],23,-1,51,-1,28
1,<environment.Job instance at 0x7fdb7cfdd820>,23,22,[12  2],24,-1,50,-1,28
1,<environment.Job instance at 0x7fdb7cfdd370>,25,15,[11  3],26,-1,43,-1,28
1,<environment.Job instance at 0x7fdb7cfdd320>,26,28,[4 7],27,-1,68,-1,40
1,<environment.Job instance at 0x7fdb7cfd4be0>,29,16,[11  3],30,-1,56,-1,40
1,<environment.Job instance at 0x7fdb7cfd4e60>,28,28,[ 4 10],29,-1,81,-1,53
1,<environment.Job instance at 0x7fdb7cfd4a50>,31,27,[14  2],32,-1,80,-1,53
1,<environment.Job instance at 0x7fdb7cfd4af0>,32,16,[13  2],33,-1,69,-1,53
1,<environment.Job instance at 0x7fdb7cfd4140>,33,14,[12  1],34,-1,67,-1,53
1,<environment.Job instance at 0x7fdb7cfd4820>,36,25,[ 4 13],37,-1,78,-1,53
1,<environment.Job instance at 0x7fdb7cfd4280>,37,20,[13  1],38,-1,73,-1,53
1,<environment.Job instance at 0x7fdb7cfd44b0>,38,27,[10  4],39,-1,80,-1,53
1,<environment.Job instance at 0x7fdb7cfd4230>,41,24,[ 4 10],42,-1,77,-1,53
1,<environment.Job instance at 0x7fdb7cfd4370>,42,26,[ 4 13],43,-1,79,-1,53
1,<environment.Job instance at 0x7fdb7cfd48c0>,44,23,[7 4],45,-1,89,-1,66
1,<environment.Job instance at 0x7fdb7cfd4f50>,45,23,[5 6],46,-1,89,-1,66
1,<environment.Job instance at 0x7fdb7cfeff50>,47,25,[ 5 14],48,-1,91,-1,66
1,<environment.Job instance at 0x7fdb7cfefd70>,50,27,[ 5 11],51,-1,107,-1,80
1,<environment.Job instance at 0x7fdb7cfefaa0>,53,27,[5 6],54,-1,125,-1,98
1,<environment.Job instance at 0x7fdb7cfef0f0>,56,26,[ 2 12],57,-1,135,-1,109
1,<environment.Job instance at 0x7fdb7cfeffa0>,59,28,[6 5],60,-1,142,-1,114
1,<environment.Job instance at 0x7fdb7cff4050>,60,16,[14  5],61,-1,130,-1,114
1,<environment.Job instance at 0x7fdb7cff4780>,61,24,[5 1],62,-1,138,-1,114
1,<environment.Job instance at 0x7fdb7cff4640>,62,17,[ 5 12],63,-1,131,-1,114
1,<environment.Job instance at 0x7fdb7ce495a0>,0,26,[10  2],1,-1,27,-1,1
1,<environment.Job instance at 0x7fdb7ce67b90>,5,22,[8 4],6,-1,29,-1,7
1,<environment.Job instance at 0x7fdb7ce490a0>,6,15,[11  1],7,-1,23,-1,8
1,<environment.Job instance at 0x7fdb7ce67af0>,9,22,[3 5],10,-1,37,-1,15
1,<environment.Job instance at 0x7fdb7ce67c80>,8,27,[ 1 10],9,-1,42,-1,15
1,<environment.Job instance at 0x7fdb7ce67dc0>,3,20,[ 2 11],4,-1,36,-1,16
1,<environment.Job instance at 0x7fdb7ce67aa0>,15,12,[9 5],16,-1,28,-1,16
1,<environment.Job instance at 0x7fdb7ce67550>,16,21,[3 7],17,-1,38,-1,17
1,<environment.Job instance at 0x7fdb7c508820>,17,26,[2 5],18,-1,44,-1,18
1,<environment.Job instance at 0x7fdb7c5086e0>,18,28,[4 8],19,-1,47,-1,19
1,<environment.Job instance at 0x7fdb7c508f00>,19,28,[1 5],20,-1,48,-1,20
1,<environment.Job instance at 0x7fdb7c508960>,21,21,[9 1],22,-1,48,-1,27
1,<environment.Job instance at 0x7fdb7ce74690>,0,26,[10  2],1,-1,27,-1,1
1,<environment.Job instance at 0x7fdb7ce747d0>,1,15,[11  1],2,-1,17,-1,2
1,<environment.Job instance at 0x7fdb7ce74b90>,2,21,[13  4],3,-1,24,-1,3
1,<environment.Job instance at 0x7fdb7ce744b0>,3,20,[ 2 11],4,-1,24,-1,4
1,<environment.Job instance at 0x7fdb7ce740f0>,6,15,[11  1],7,-1,22,-1,7
1,<environment.Job instance at 0x7fdb7ce74eb0>,7,27,[ 1 11],8,-1,35,-1,8
1,<environment.Job instance at 0x7fdb7c8c4500>,10,14,[ 4 11],11,-1,25,-1,11
1,<environment.Job instance at 0x7fdb7c7975a0>,11,13,[14  1],12,-1,25,-1,12
1,<environment.Job instance at 0x7fdb7ce74a00>,8,27,[ 1 10],9,-1,50,-1,23
1,<environment.Job instance at 0x7fdb7c536b90>,17,26,[2 5],18,-1,49,-1,23
1,<environment.Job instance at 0x7fdb7c536730>,18,28,[4 8],19,-1,51,-1,23
1,<environment.Job instance at 0x7fdb7c536960>,19,28,[1 5],20,-1,51,-1,23
1,<environment.Job instance at 0x7fdb7d0881e0>,20,27,[9 5],21,-1,55,-1,28
1,<environment.Job instance at 0x7fdb7d088960>,22,22,[ 2 12],23,-1,50,-1,28
1,<environment.Job instance at 0x7fdb7d088780>,24,20,[ 4 13],25,-1,48,-1,28
1,<environment.Job instance at 0x7fdb7d0882d0>,25,19,[11  2],26,-1,47,-1,28
1,<environment.Job instance at 0x7fdb7c52b050>,27,13,[12  3],28,-1,41,-1,28
1,<environment.Job instance at 0x7fdb7c52b640>,28,19,[ 2 11],29,-1,48,-1,29
1,<environment.Job instance at 0x7fdb7c52bfa0>,29,17,[ 5 14],30,-1,47,-1,30
1,<environment.Job instance at 0x7fdb7c52b820>,26,26,[ 3 10],27,-1,61,-1,35
1,<environment.Job instance at 0x7fdb7c772050>,32,15,[14  1],33,-1,50,-1,35
1,<environment.Job instance at 0x7fdb7d077730>,30,25,[9 1],31,-1,65,-1,40
1,<environment.Job instance at 0x7fdb7d077c30>,34,28,[1 5],35,-1,68,-1,40
1,<environment.Job instance at 0x7fdb7d077fa0>,35,24,[ 3 13],36,-1,64,-1,40
1,<environment.Job instance at 0x7fdb7d08b1e0>,37,24,[14  5],38,-1,64,-1,40
1,<environment.Job instance at 0x7fdb7d08b190>,39,27,[ 1 11],40,-1,67,-1,40
1,<environment.Job instance at 0x7fdb7d08b550>,38,25,[7 4],39,-1,80,-1,55
1,<environment.Job instance at 0x7fdb7d08bf50>,41,23,[9 5],42,-1,78,-1,55
1,<environment.Job instance at 0x7fdb7d5280a0>,42,23,[ 5 14],43,-1,78,-1,55
1,<environment.Job instance at 0x7fdb7d528f50>,43,16,[ 2 13],44,-1,71,-1,55
1,<environment.Job instance at 0x7fdb7d0a6190>,45,12,[13  4],46,-1,67,-1,55
1,<environment.Job instance at 0x7fdb7d0a6e10>,46,12,[ 3 14],47,-1,67,-1,55
1,<environment.Job instance at 0x7fdb7d0778c0>,33,25,[5 6],34,-1,80,-1,55
1,<environment.Job instance at 0x7fdb7c5f5be0>,49,20,[11  2],50,-1,75,-1,55
1,<environment.Job instance at 0x7fdb7c5f5c80>,50,13,[ 1 13],51,-1,68,-1,55
1,<environment.Job instance at 0x7fdb7c7669b0>,53,13,[12  1],54,-1,71,-1,58
1,<environment.Job instance at 0x7fdb7c766c30>,55,26,[ 5 10],56,-1,97,-1,71
1,<environment.Job instance at 0x7fdb7c15faf0>,56,27,[ 2 13],57,-1,98,-1,71
1,<environment.Job instance at 0x7fdb7d52b2d0>,58,26,[14  2],59,-1,98,-1,72
1,<environment.Job instance at 0x7fdb7c580410>,60,13,[12  2],61,-1,85,-1,72
1,<environment.Job instance at 0x7fdb7d52be10>,59,27,[ 1 10],60,-1,115,-1,88
1,<environment.Job instance at 0x7fdb7c54a140>,62,26,[11  4],63,-1,114,-1,88
1,<environment.Job instance at 0x7fdb7ce0bc80>,64,26,[14  4],65,-1,114,-1,88
1,<environment.Job instance at 0x7fdb7bee6c30>,67,13,[ 2 12],68,-1,116,-1,103
1,<environment.Job instance at 0x7fdb7ce31550>,69,18,[ 1 13],70,-1,127,-1,109
1,<environment.Job instance at 0x7fdb7d3c13c0>,70,12,[12  2],71,-1,121,-1,109
1,<environment.Job instance at 0x7fdb7c60c140>,73,13,[ 4 14],74,-1,138,-1,125
1,<environment.Job instance at 0x7fdb7d03b960>,74,15,[ 1 11],75,-1,140,-1,125
1,<environment.Job instance at 0x7fdb7cbce2d0>,2,15,[11  5],3,-1,19,-1,4
1,<environment.Job instance at 0x7fdb7c824d20>,4,28,[4 9],5,-1,33,-1,5
1,<environment.Job instance at 0x7fdb7c824af0>,9,15,[5 9],10,-1,25,-1,10
1,<environment.Job instance at 0x7fdb7cbce460>,3,23,[ 3 11],4,-1,40,-1,17
1,<environment.Job instance at 0x7fdb7c875f50>,15,27,[ 4 11],16,-1,44,-1,17
1,<environment.Job instance at 0x7fdb7c875320>,17,14,[5 6],18,-1,32,-1,18
1,<environment.Job instance at 0x7fdb7c8756e0>,18,18,[13  2],19,-1,51,-1,33
1,<environment.Job instance at 0x7fdb7c8245f0>,7,18,[ 3 13],8,-1,53,-1,35
1,<environment.Job instance at 0x7fdb7cbb8140>,19,24,[11  3],20,-1,59,-1,35
1,<environment.Job instance at 0x7fdb7c684230>,27,14,[9 3],28,-1,70,-1,56
1,<environment.Job instance at 0x7fdb7c875be0>,23,13,[4 6],24,-1,70,-1,57
1,<environment.Job instance at 0x7fdb7c628e10>,30,12,[9 4],31,-1,69,-1,57
1,<environment.Job instance at 0x7fdb7c824be0>,6,20,[ 1 13],7,-1,77,-1,57
1,<environment.Job instance at 0x7fdb7d07b050>,31,19,[12  3],32,-1,80,-1,61
1,<environment.Job instance at 0x7fdb7c7c4b40>,32,25,[2 6],33,-1,86,-1,61
1,<environment.Job instance at 0x7fdb7c682f00>,29,19,[5 5],30,-1,80,-1,61
1,<environment.Job instance at 0x7fdb7c7d1e60>,34,25,[10  3],35,-1,86,-1,61
1,<environment.Job instance at 0x7fdb7c7d7820>,35,28,[4 6],36,-1,89,-1,61
1,<environment.Job instance at 0x7fdb7c7d7c80>,36,15,[5 7],37,-1,76,-1,61
1,<environment.Job instance at 0x7fdb7c7d7870>,37,18,[11  5],38,-1,79,-1,61
1,<environment.Job instance at 0x7fdb7c6280f0>,33,15,[11  2],34,-1,76,-1,61
1,<environment.Job instance at 0x7fdb7c7d7910>,38,23,[ 1 10],39,-1,91,-1,68
1,<environment.Job instance at 0x7fdb7c7d7d20>,41,28,[4 7],42,-1,96,-1,68
1,<environment.Job instance at 0x7fdb7c7d7cd0>,39,17,[ 3 14],40,-1,87,-1,70
1,<environment.Job instance at 0x7fdb7c7d7640>,43,24,[11  4],44,-1,95,-1,71
1,<environment.Job instance at 0x7fdb7c7d76e0>,44,21,[13  3],45,-1,93,-1,72
1,<environment.Job instance at 0x7fdb7c79ec30>,45,14,[12  3],46,-1,86,-1,72
1,<environment.Job instance at 0x7fdb7c7bdd20>,47,24,[11  4],48,-1,97,-1,73
1,<environment.Job instance at 0x7fdb7c7bd280>,48,17,[5 4],49,-1,90,-1,73
1,<environment.Job instance at 0x7fdb7c7bd870>,49,22,[3 7],50,-1,95,-1,73
1,<environment.Job instance at 0x7fdb7c7bd050>,50,16,[ 1 12],51,-1,89,-1,73
1,<environment.Job instance at 0x7fdb7c7bd8c0>,51,21,[3 7],52,-1,94,-1,73
1,<environment.Job instance at 0x7fdb7c79ed20>,46,18,[8 2],47,-1,101,-1,83
1,<environment.Job instance at 0x7fdb7c7a7f00>,0,26,[14  5],1,-1,27,-1,1
1,<environment.Job instance at 0x7fdb7c7a7320>,2,15,[11  5],3,-1,18,-1,3
1,<environment.Job instance at 0x7fdb7c7a7b90>,3,23,[ 3 11],4,-1,27,-1,4
1,<environment.Job instance at 0x7fdb7c7cca50>,4,28,[4 9],5,-1,33,-1,5
1,<environment.Job instance at 0x7fdb7c7cc9b0>,5,25,[11  1],6,-1,31,-1,6
1,<environment.Job instance at 0x7fdb7c7cca00>,6,20,[ 1 13],7,-1,27,-1,7
1,<environment.Job instance at 0x7fdb7c7a7280>,7,18,[ 3 13],8,-1,26,-1,8
1,<environment.Job instance at 0x7fdb7c7ccaf0>,10,27,[ 1 12],11,-1,38,-1,11
1,<environment.Job instance at 0x7fdb7d07b320>,13,14,[ 3 13],14,-1,28,-1,14
1,<environment.Job instance at 0x7fdb7ce31550>,15,27,[ 4 11],16,-1,43,-1,16
1,<environment.Job instance at 0x7fdb7cbce0f0>,18,18,[13  2],19,-1,41,-1,23
1,<environment.Job instance at 0x7fdb7ce31b90>,19,24,[11  3],20,-1,47,-1,23
1,<environment.Job instance at 0x7fdb7c7c4c30>,21,12,[ 5 12],22,-1,35,-1,23
1,<environment.Job instance at 0x7fdb7cf1e960>,22,28,[4 5],23,-1,58,-1,30
1,<environment.Job instance at 0x7fdb7c79ec80>,24,28,[9 1],25,-1,65,-1,37
1,<environment.Job instance at 0x7fdb7cefb320>,25,28,[5 5],26,-1,65,-1,37
1,<environment.Job instance at 0x7fdb7c7a25f0>,28,24,[5 3],29,-1,74,-1,50
1,<environment.Job instance at 0x7fdb7c60ab90>,31,19,[12  3],32,-1,69,-1,50
1,<environment.Job instance at 0x7fdb7c60a730>,32,25,[2 6],33,-1,81,-1,56
1,<environment.Job instance at 0x7fdb7c60adc0>,33,15,[11  2],34,-1,71,-1,56
1,<environment.Job instance at 0x7fdb7d3a0460>,35,28,[4 6],36,-1,90,-1,62
1,<environment.Job instance at 0x7fdb7c60aa00>,34,25,[10  3],35,-1,87,-1,62
1,<environment.Job instance at 0x7fdb7c60acd0>,37,18,[11  5],38,-1,80,-1,62
1,<environment.Job instance at 0x7fdb7c7b63c0>,39,17,[ 3 14],40,-1,79,-1,62
1,<environment.Job instance at 0x7fdb8dff2500>,38,23,[ 1 10],39,-1,94,-1,71
1,<environment.Job instance at 0x7fdb7d1ad190>,41,28,[4 7],42,-1,99,-1,71
1,<environment.Job instance at 0x7fdb7c5f4190>,43,24,[11  4],44,-1,95,-1,71
1,<environment.Job instance at 0x7fdb7d1ad4b0>,44,21,[13  3],45,-1,92,-1,71
1,<environment.Job instance at 0x7fdb7c5f4c80>,45,14,[12  3],46,-1,85,-1,71
1,<environment.Job instance at 0x7fdb7c5f4690>,47,24,[11  4],48,-1,100,-1,76
1,<environment.Job instance at 0x7fdb7c5f4370>,50,16,[ 1 12],51,-1,110,-1,94
1,<environment.Job instance at 0x7fdb7c5f4be0>,52,12,[ 2 12],53,-1,110,-1,98
1,<environment.Job instance at 0x7fdb7c5f48c0>,55,16,[13  1],56,-1,114,-1,98
1,<environment.Job instance at 0x7fdb7c5f4320>,57,17,[ 3 14],58,-1,127,-1,110
1,<environment.Job instance at 0x7fdb7c5f4820>,58,16,[12  1],59,-1,126,-1,110
1,<environment.Job instance at 0x7fdb7c5e5b90>,59,23,[7 3],60,-1,134,-1,111
1,<environment.Job instance at 0x7fdb7c5e5820>,60,17,[13  3],61,-1,128,-1,111
1,<environment.Job instance at 0x7fdb7c5e5960>,62,12,[ 5 11],63,-1,123,-1,111
1,<environment.Job instance at 0x7fdb7c5e5f00>,63,12,[ 4 14],64,-1,123,-1,111
1,<environment.Job instance at 0x7fdb7c5e5370>,64,27,[13  3],65,-1,138,-1,111
1,<environment.Job instance at 0x7fdb7c5e52d0>,66,16,[11  1],67,-1,127,-1,111
1,<environment.Job instance at 0x7fdb7c5e5460>,69,20,[12  4],70,-1,145,-1,125
1,<environment.Job instance at 0x7fdb7c5e5d70>,70,17,[12  3],71,-1,142,-1,125
1,<environment.Job instance at 0x7fdb7c811b40>,0,27,[ 4 12],1,-1,28,-1,1
1,<environment.Job instance at 0x7fdb7cbb64b0>,1,16,[11  1],2,-1,18,-1,2
1,<environment.Job instance at 0x7fdb7c66b690>,2,27,[5 6],3,-1,30,-1,3
1,<environment.Job instance at 0x7fdb7c66b7d0>,3,25,[13  1],4,-1,29,-1,4
1,<environment.Job instance at 0x7fdb7c66b6e0>,4,23,[ 1 10],5,-1,28,-1,5
1,<environment.Job instance at 0x7fdb7c66b9b0>,5,19,[12  1],6,-1,25,-1,6
1,<environment.Job instance at 0x7fdb7cd63d20>,6,22,[ 2 12],7,-1,29,-1,7
1,<environment.Job instance at 0x7fdb7c73e0a0>,8,20,[12  3],9,-1,29,-1,9
1,<environment.Job instance at 0x7fdb7c73e1e0>,9,17,[14  4],10,-1,27,-1,10
1,<environment.Job instance at 0x7fdb7c134a00>,10,17,[12  2],11,-1,28,-1,11
1,<environment.Job instance at 0x7fdb7c9fc550>,11,17,[ 2 13],12,-1,29,-1,12
1,<environment.Job instance at 0x7fdb7cbcc7d0>,13,26,[ 3 14],14,-1,40,-1,14
1,<environment.Job instance at 0x7fdb7cbcccd0>,14,17,[ 3 11],15,-1,32,-1,15
1,<environment.Job instance at 0x7fdb7c9fca50>,15,26,[ 1 11],16,-1,42,-1,16
1,<environment.Job instance at 0x7fdb7d1e4fa0>,17,18,[11  2],18,-1,36,-1,18
1,<environment.Job instance at 0x7fdb7c675eb0>,18,21,[ 5 12],19,-1,40,-1,19
1,<environment.Job instance at 0x7fdb7c3e8b40>,21,28,[13  4],22,-1,50,-1,22
1,<environment.Job instance at 0x7fdb7ca144b0>,22,15,[ 4 13],23,-1,38,-1,23
1,<environment.Job instance at 0x7fdb7c675730>,23,28,[11  2],24,-1,52,-1,24
1,<environment.Job instance at 0x7fdb7c4181e0>,24,12,[ 3 12],25,-1,37,-1,25
1,<environment.Job instance at 0x7fdb7c66f5f0>,25,24,[7 1],26,-1,52,-1,28
1,<environment.Job instance at 0x7fdb7c66fb90>,27,24,[6 2],28,-1,52,-1,28
1,<environment.Job instance at 0x7fdb7c66f1e0>,30,15,[ 4 12],31,-1,46,-1,31
1,<environment.Job instance at 0x7fdb7c66f7d0>,31,25,[11  3],32,-1,57,-1,32
1,<environment.Job instance at 0x7fdb7c66f960>,28,23,[7 4],29,-1,57,-1,34
1,<environment.Job instance at 0x7fdb7c66f690>,32,28,[5 3],33,-1,62,-1,34
1,<environment.Job instance at 0x7fdb7ca01cd0>,35,12,[ 3 13],36,-1,48,-1,36
1,<environment.Job instance at 0x7fdb7cb8ad20>,36,27,[ 4 12],37,-1,64,-1,37
1,<environment.Job instance at 0x7fdb7ca01280>,38,21,[ 2 11],39,-1,60,-1,39
1,<environment.Job instance at 0x7fdb7c66f460>,29,23,[2 8],30,-1,64,-1,41
1,<environment.Job instance at 0x7fdb7cb8ab40>,40,17,[ 4 13],41,-1,58,-1,41
1,<environment.Job instance at 0x7fdb7cb8a460>,41,17,[ 1 14],42,-1,59,-1,42
1,<environment.Job instance at 0x7fdb7d1dc7d0>,42,13,[13  1],43,-1,56,-1,43
1,<environment.Job instance at 0x7fdb7bdde4b0>,44,13,[11  2],45,-1,58,-1,45
1,<environment.Job instance at 0x7fdb7c67aaf0>,45,16,[13  4],46,-1,62,-1,46
1,<environment.Job instance at 0x7fdb7c67ae10>,46,25,[ 1 12],47,-1,72,-1,47
1,<environment.Job instance at 0x7fdb7c67aaa0>,47,19,[14  2],48,-1,67,-1,48
1,<environment.Job instance at 0x7fdb7c67ae60>,48,18,[11  2],49,-1,67,-1,49
1,<environment.Job instance at 0x7fdb7c67a820>,49,27,[ 2 11],50,-1,77,-1,50
1,<environment.Job instance at 0x7fdb7be17be0>,50,21,[ 5 12],51,-1,72,-1,51
1,<environment.Job instance at 0x7fdb7c167320>,51,27,[5 9],52,-1,80,-1,53
1,<environment.Job instance at 0x7fdb7c81da00>,52,24,[ 2 12],53,-1,77,-1,53
1,<environment.Job instance at 0x7fdb7d340c80>,53,27,[ 2 11],54,-1,81,-1,54
1,<environment.Job instance at 0x7fdb7c153e60>,54,20,[12  2],55,-1,75,-1,55
1,<environment.Job instance at 0x7fdb7c652b40>,55,26,[6 1],56,-1,90,-1,64
1,<environment.Job instance at 0x7fdb7c6590a0>,58,26,[1 6],59,-1,90,-1,64
1,<environment.Job instance at 0x7fdb7d32f280>,59,27,[12  5],60,-1,91,-1,64
1,<environment.Job instance at 0x7fdb7ca01550>,34,24,[10  4],35,-1,88,-1,64
1,<environment.Job instance at 0x7fdb7cb8a280>,39,23,[9 2],40,-1,87,-1,64
1,<environment.Job instance at 0x7fdb7bdfa690>,64,18,[ 1 11],65,-1,83,-1,65
1,<environment.Job instance at 0x7fdb7bdfa1e0>,65,27,[11  1],66,-1,93,-1,66
1,<environment.Job instance at 0x7fdb7bdfa230>,66,16,[ 1 14],67,-1,83,-1,67
1,<environment.Job instance at 0x7fdb7bdfa5f0>,68,17,[12  2],69,-1,86,-1,69
1,<environment.Job instance at 0x7fdb7bdfa3c0>,69,13,[ 2 12],70,-1,83,-1,70
1,<environment.Job instance at 0x7fdb7bdfab90>,70,17,[ 1 13],71,-1,88,-1,71
1,<environment.Job instance at 0x7fdb7bdfac30>,71,25,[12  5],72,-1,97,-1,72
1,<environment.Job instance at 0x7fdb7bdfa050>,74,25,[5 5],75,-1,101,-1,76
1,<environment.Job instance at 0x7fdb7bdfacd0>,75,13,[ 4 14],76,-1,89,-1,76
1,<environment.Job instance at 0x7fdb7c1772d0>,76,18,[ 4 13],77,-1,95,-1,77
1,<environment.Job instance at 0x7fdb7c63a1e0>,77,20,[ 2 11],78,-1,98,-1,78
1,<environment.Job instance at 0x7fdb7c62ea50>,79,16,[ 1 13],80,-1,96,-1,80
1,<environment.Job instance at 0x7fdb7be09640>,81,12,[ 3 11],82,-1,94,-1,82
1,<environment.Job instance at 0x7fdb7be098c0>,82,26,[ 2 14],83,-1,109,-1,83
1,<environment.Job instance at 0x7fdb7be09c80>,85,21,[11  3],86,-1,109,-1,88
1,<environment.Job instance at 0x7fdb7be09e60>,86,13,[14  1],87,-1,101,-1,88
1,<environment.Job instance at 0x7fdb7be09b90>,87,13,[14  1],88,-1,101,-1,88
1,<environment.Job instance at 0x7fdb7be09320>,88,18,[ 2 14],89,-1,107,-1,89
1,<environment.Job instance at 0x7fdb7be09aa0>,90,17,[ 2 14],91,-1,108,-1,91
1,<environment.Job instance at 0x7fdb7bdf76e0>,94,15,[ 2 12],95,-1,132,-1,117
1,<environment.Job instance at 0x7fdb7cb30870>,0,22,[5 5],1,-1,23,-1,1
1,<environment.Job instance at 0x7fdb7d572690>,3,19,[1 7],4,-1,24,-1,5
1,<environment.Job instance at 0x7fdb7d572f50>,9,12,[7 3],10,-1,22,-1,10
1,<environment.Job instance at 0x7fdb7d572190>,10,15,[ 3 11],11,-1,26,-1,11
1,<environment.Job instance at 0x7fdb7c94c690>,11,25,[9 4],12,-1,37,-1,12
1,<environment.Job instance at 0x7fdb7c94c050>,13,26,[2 5],14,-1,40,-1,14
1,<environment.Job instance at 0x7fdb7c94c550>,17,20,[14  2],18,-1,86,-1,66
1,<environment.Job instance at 0x7fdb7c94c0a0>,21,24,[3 9],22,-1,93,-1,69
1,<environment.Job instance at 0x7fdb7c94c190>,19,26,[ 4 11],20,-1,95,-1,69
1,<environment.Job instance at 0x7fdb7c94cfa0>,24,25,[2 6],25,-1,98,-1,73
1,<environment.Job instance at 0x7fdb7c94ca50>,26,22,[4 9],27,-1,97,-1,75
1,<environment.Job instance at 0x7fdb7c94ceb0>,27,23,[ 1 12],28,-1,98,-1,75
1,<environment.Job instance at 0x7fdb7c94cdc0>,28,14,[5 6],29,-1,89,-1,75
1,<environment.Job instance at 0x7fdb7c94cb90>,29,21,[5 8],30,-1,98,-1,77
1,<environment.Job instance at 0x7fdb7c94ce10>,30,28,[ 4 10],31,-1,105,-1,77
1,<environment.Job instance at 0x7fdb7c94c2d0>,31,25,[5 3],32,-1,102,-1,77
1,<environment.Job instance at 0x7fdb7c94c410>,32,18,[ 5 12],33,-1,95,-1,77
1,<environment.Job instance at 0x7fdb7c1c7320>,33,20,[14  1],34,-1,104,-1,84
1,<environment.Job instance at 0x7fdb7c1c74b0>,35,15,[ 2 13],36,-1,99,-1,84
1,<environment.Job instance at 0x7fdb7c1c7dc0>,36,27,[7 5],37,-1,111,-1,84
1,<environment.Job instance at 0x7fdb7c1c7be0>,37,24,[ 3 11],38,-1,110,-1,86
1,<environment.Job instance at 0x7fdb7c1c7500>,38,25,[13  4],39,-1,111,-1,86
1,<environment.Job instance at 0x7fdb7c1c70f0>,39,24,[5 8],40,-1,113,-1,89
1,<environment.Job instance at 0x7fdb7c1c7a00>,40,20,[11  5],41,-1,109,-1,89
1,<environment.Job instance at 0x7fdb7c1c7640>,41,24,[ 4 11],42,-1,113,-1,89
1,<environment.Job instance at 0x7fdb7c1c7cd0>,34,20,[3 9],35,-1,109,-1,89
1,<environment.Job instance at 0x7fdb7c1c7af0>,47,18,[10  5],48,-1,113,-1,95
1,<environment.Job instance at 0x7fdb7ceb15f0>,2,26,[12  4],3,-1,29,-1,3
1,<environment.Job instance at 0x7fdb7ceb1910>,4,13,[ 4 12],5,-1,18,-1,5
1,<environment.Job instance at 0x7fdb7ceb1640>,5,23,[ 3 12],6,-1,29,-1,6
1,<environment.Job instance at 0x7fdb7c182050>,8,18,[12  1],9,-1,27,-1,9
1,<environment.Job instance at 0x7fdb7d338a50>,10,15,[ 3 11],11,-1,26,-1,11
1,<environment.Job instance at 0x7fdb7d3385f0>,12,23,[ 5 13],13,-1,36,-1,13
1,<environment.Job instance at 0x7fdb7d33e370>,13,26,[2 5],14,-1,43,-1,17
1,<environment.Job instance at 0x7fdb7bdf7280>,15,27,[ 3 13],16,-1,44,-1,17
1,<environment.Job instance at 0x7fdb7bdf7140>,16,26,[ 4 14],17,-1,43,-1,17
1,<environment.Job instance at 0x7fdb7bdf7a50>,17,20,[14  2],18,-1,38,-1,18
1,<environment.Job instance at 0x7fdb7bdf7cd0>,18,24,[6 4],19,-1,47,-1,23
1,<environment.Job instance at 0x7fdb7bdf7eb0>,19,26,[ 4 11],20,-1,49,-1,23
1,<environment.Job instance at 0x7fdb7bdf7b90>,20,25,[ 3 13],21,-1,48,-1,23
1,<environment.Job instance at 0x7fdb7d317be0>,11,25,[9 4],12,-1,48,-1,23
1,<environment.Job instance at 0x7fdb7bdf7870>,21,24,[3 9],22,-1,72,-1,48
1,<environment.Job instance at 0x7fdb7bdf7320>,27,23,[ 1 12],28,-1,71,-1,48
1,<environment.Job instance at 0x7fdb7bdf70f0>,24,25,[2 6],25,-1,73,-1,48
1,<environment.Job instance at 0x7fdb7be093c0>,30,28,[ 4 10],31,-1,76,-1,48
1,<environment.Job instance at 0x7fdb7be09c80>,31,25,[5 3],32,-1,73,-1,48
1,<environment.Job instance at 0x7fdb7be09280>,32,18,[ 5 12],33,-1,66,-1,48
1,<environment.Job instance at 0x7fdb7be09910>,33,20,[14  1],34,-1,68,-1,48
1,<environment.Job instance at 0x7fdb7be09640>,35,15,[ 2 13],36,-1,63,-1,48
1,<environment.Job instance at 0x7fdb7be09190>,36,27,[7 5],37,-1,75,-1,48
1,<environment.Job instance at 0x7fdb7be096e0>,37,24,[ 3 11],38,-1,72,-1,48
1,<environment.Job instance at 0x7fdb7c62e500>,38,25,[13  4],39,-1,73,-1,48
1,<environment.Job instance at 0x7fdb7c1772d0>,39,24,[5 8],40,-1,72,-1,48
1,<environment.Job instance at 0x7fdb7c63afa0>,40,20,[11  5],41,-1,68,-1,48
1,<environment.Job instance at 0x7fdb7c63a820>,41,24,[ 4 11],42,-1,72,-1,48
1,<environment.Job instance at 0x7fdb7bdfa640>,43,28,[8 4],44,-1,76,-1,48
1,<environment.Job instance at 0x7fdb7bdfa2d0>,44,17,[14  4],45,-1,65,-1,48
1,<environment.Job instance at 0x7fdb7bdfac80>,48,24,[13  3],49,-1,75,-1,51
1,<environment.Job instance at 0x7fdb7bdfa230>,49,16,[ 5 12],50,-1,67,-1,51
1,<environment.Job instance at 0x7fdb7bdfa5a0>,50,26,[5 9],51,-1,88,-1,62
1,<environment.Job instance at 0x7fdb7bdfa460>,51,22,[ 3 12],52,-1,84,-1,62
1,<environment.Job instance at 0x7fdb7bdfa690>,52,13,[14  4],53,-1,75,-1,62
1,<environment.Job instance at 0x7fdb7bdfa410>,53,24,[ 2 14],54,-1,86,-1,62
1,<environment.Job instance at 0x7fdb7d340c80>,58,20,[13  3],59,-1,98,-1,78
1,<environment.Job instance at 0x7fdb7d32fcd0>,60,17,[13  1],61,-1,95,-1,78
1,<environment.Job instance at 0x7fdb7c6590a0>,62,24,[12  1],63,-1,114,-1,90
1,<environment.Job instance at 0x7fdb7c153e60>,64,23,[14  2],65,-1,113,-1,90
1,<environment.Job instance at 0x7fdb7c67ae10>,65,21,[ 3 14],66,-1,111,-1,90
1,<environment.Job instance at 0x7fdb7c67a820>,66,13,[14  4],67,-1,103,-1,90
1,<environment.Job instance at 0x7fdb7c67afa0>,67,25,[2 8],68,-1,127,-1,102
1,<environment.Job instance at 0x7fdb7d1dc7d0>,71,20,[ 4 14],72,-1,137,-1,117
1,<environment.Job instance at 0x7fdb7d1dce60>,72,22,[12  2],73,-1,139,-1,117
1,<environment.Job instance at 0x7fdb7cb8a460>,73,22,[ 5 12],74,-1,139,-1,117
1,<environment.Job instance at 0x7fdb7cb8a280>,74,21,[11  2],75,-1,138,-1,117
1,<environment.Job instance at 0x7fdb7c67acd0>,69,25,[9 3],70,-1,144,-1,119
1,<environment.Job instance at 0x7fdb7cb8a960>,77,22,[13  2],78,-1,141,-1,119
1,<environment.Job instance at 0x7fdb7c66f1e0>,78,27,[10  4],79,-1,146,-1,119
1,<environment.Job instance at 0x7fdb7ca01550>,79,13,[ 5 11],80,-1,132,-1,119
1,<environment.Job instance at 0x7fdb7c66f690>,81,28,[11  5],82,-1,147,-1,119
1,<environment.Job instance at 0x7fdb7c66f730>,82,18,[ 1 13],83,-1,137,-1,119
1,<environment.Job instance at 0x7fdb7cb6d780>,0,23,[ 5 14],1,-1,24,-1,1
1,<environment.Job instance at 0x7fdb7ccaa2d0>,1,28,[9 3],2,-1,30,-1,2
1,<environment.Job instance at 0x7fdb7c004d70>,2,13,[14  3],3,-1,16,-1,3
1,<environment.Job instance at 0x7fdb7c94c730>,3,17,[ 4 11],4,-1,21,-1,4
1,<environment.Job instance at 0x7fdb7c66bb90>,6,26,[13  3],7,-1,33,-1,7
1,<environment.Job instance at 0x7fdb7c9fc7d0>,10,20,[ 4 14],11,-1,31,-1,11
1,<environment.Job instance at 0x7fdb7c9fc410>,12,23,[ 5 12],13,-1,36,-1,13
1,<environment.Job instance at 0x7fdb7c675640>,13,24,[14  4],14,-1,38,-1,14
1,<environment.Job instance at 0x7fdb7ca14aa0>,15,16,[13  2],16,-1,32,-1,16
1,<environment.Job instance at 0x7fdb7c675500>,17,21,[ 5 13],18,-1,41,-1,20
1,<environment.Job instance at 0x7fdb7c4181e0>,18,12,[ 1 12],19,-1,32,-1,20
1,<environment.Job instance at 0x7fdb7c418be0>,19,22,[12  4],20,-1,42,-1,20
1,<environment.Job instance at 0x7fdb7c66f960>,20,27,[ 1 13],21,-1,48,-1,21
1,<environment.Job instance at 0x7fdb7c66f690>,21,18,[ 2 12],22,-1,40,-1,22
1,<environment.Job instance at 0x7fdb7c66fd20>,23,13,[ 5 14],24,-1,37,-1,24
1,<environment.Job instance at 0x7fdb7d1dc7d0>,24,17,[14  3],25,-1,42,-1,25
1,<environment.Job instance at 0x7fdb7c66f8c0>,22,26,[5 5],23,-1,59,-1,33
1,<environment.Job instance at 0x7fdb7c167320>,26,28,[11  4],27,-1,61,-1,33
1,<environment.Job instance at 0x7fdb7c186e60>,28,23,[13  4],29,-1,56,-1,33
1,<environment.Job instance at 0x7fdb7c81da00>,25,27,[7 1],26,-1,64,-1,37
1,<environment.Job instance at 0x7fdb7bf325f0>,35,20,[11  5],36,-1,70,-1,50
1,<environment.Job instance at 0x7fdb7bf32c30>,36,26,[1 8],37,-1,79,-1,53
1,<environment.Job instance at 0x7fdb7c516550>,40,13,[ 1 14],41,-1,68,-1,55
1,<environment.Job instance at 0x7fdb7c516870>,42,24,[ 4 14],43,-1,89,-1,65
1,<environment.Job instance at 0x7fdb7c5165f0>,43,12,[ 4 14],44,-1,77,-1,65
1,<environment.Job instance at 0x7fdb7c516be0>,44,23,[11  2],45,-1,88,-1,65
1,<environment.Job instance at 0x7fdb7c1ca7d0>,45,18,[ 3 12],46,-1,83,-1,65
1,<environment.Job instance at 0x7fdb7c1ca370>,46,14,[12  1],47,-1,79,-1,65
1,<environment.Job instance at 0x7fdb7c1caeb0>,48,28,[13  4],49,-1,101,-1,73
1,<environment.Job instance at 0x7fdb7c1ca140>,49,24,[5 2],50,-1,97,-1,73
1,<environment.Job instance at 0x7fdb7c1ca820>,50,18,[ 4 12],51,-1,91,-1,73
1,<environment.Job instance at 0x7fdb7c1ca6e0>,51,25,[11  1],52,-1,98,-1,73
1,<environment.Job instance at 0x7fdb7c1cab40>,52,20,[11  4],53,-1,93,-1,73
1,<environment.Job instance at 0x7fdb7c1ca230>,53,28,[6 5],54,-1,101,-1,73
1,<environment.Job instance at 0x7fdb7c1ca4b0>,54,26,[2 6],55,-1,99,-1,73
1,<environment.Job instance at 0x7fdb7c516050>,41,23,[5 6],42,-1,97,-1,74
1,<environment.Job instance at 0x7fdb7c023a00>,57,28,[ 3 13],58,-1,102,-1,74
1,<environment.Job instance at 0x7fdb7c023d70>,59,19,[13  4],60,-1,93,-1,74
1,<environment.Job instance at 0x7fdb7c023280>,60,18,[ 3 12],61,-1,92,-1,74
1,<environment.Job instance at 0x7fdb7c023cd0>,61,18,[11  4],62,-1,92,-1,74
1,<environment.Job instance at 0x7fdb7c0236e0>,62,12,[ 2 12],63,-1,86,-1,74
1,<environment.Job instance at 0x7fdb7c023e60>,63,15,[ 3 13],64,-1,89,-1,74
1,<environment.Job instance at 0x7fdb7cc32f50>,64,15,[13  3],65,-1,89,-1,74
1,<environment.Job instance at 0x7fdb7c1ca460>,47,27,[ 5 10],48,-1,109,-1,82
1,<environment.Job instance at 0x7fdb7cc32c30>,66,23,[ 5 10],67,-1,105,-1,82
1,<environment.Job instance at 0x7fdb7cc32960>,67,27,[ 4 13],68,-1,109,-1,82
1,<environment.Job instance at 0x7fdb7cc32410>,68,15,[11  5],69,-1,97,-1,82
1,<environment.Job instance at 0x7fdb7cc32460>,69,23,[13  4],70,-1,105,-1,82
1,<environment.Job instance at 0x7fdb7cc32cd0>,70,19,[ 5 12],71,-1,101,-1,82
1,<environment.Job instance at 0x7fdb7cc32690>,65,24,[1 9],66,-1,106,-1,82
1,<environment.Job instance at 0x7fdb7c023550>,58,25,[5 8],59,-1,107,-1,82
1,<environment.Job instance at 0x7fdb85dc1460>,74,26,[ 3 13],75,-1,108,-1,82
1,<environment.Job instance at 0x7fdb85dc13c0>,75,28,[11  5],76,-1,110,-1,82
1,<environment.Job instance at 0x7fdb85dc1230>,76,24,[8 5],77,-1,116,-1,92
1,<environment.Job instance at 0x7fdb85dc16e0>,77,15,[12  5],78,-1,107,-1,92
1,<environment.Job instance at 0x7fdb7d29e410>,78,21,[ 1 14],79,-1,113,-1,92
1,<environment.Job instance at 0x7fdb7d29ec80>,79,14,[12  4],80,-1,106,-1,92
1,<environment.Job instance at 0x7fdb7d29e9b0>,80,25,[8 3],81,-1,117,-1,92
1,<environment.Job instance at 0x7fdb85dc11e0>,73,27,[10  2],74,-1,120,-1,93
1,<environment.Job instance at 0x7fdb7d29edc0>,84,26,[14  5],85,-1,119,-1,93
1,<environment.Job instance at 0x7fdb7d29e1e0>,85,17,[14  3],86,-1,110,-1,93
1,<environment.Job instance at 0x7fdb7d29e320>,86,25,[13  2],87,-1,118,-1,93
1,<environment.Job instance at 0x7fdb7d29e8c0>,87,13,[ 1 13],88,-1,106,-1,93
1,<environment.Job instance at 0x7fdb7d29eb90>,88,22,[ 2 11],89,-1,115,-1,93
1,<environment.Job instance at 0x7fdb7ccdb500>,89,14,[12  4],90,-1,107,-1,93
1,<environment.Job instance at 0x7fdb7ccdb5a0>,90,23,[6 5],91,-1,133,-1,110
1,<environment.Job instance at 0x7fdb7ccdb230>,91,24,[6 4],92,-1,134,-1,110
1,<environment.Job instance at 0x7fdb7ccdbdc0>,92,21,[ 3 11],93,-1,131,-1,110
1,<environment.Job instance at 0x7fdb7ccdb050>,93,20,[13  1],94,-1,130,-1,110
1,<environment.Job instance at 0x7fdb7ccdb9b0>,94,18,[ 4 13],95,-1,128,-1,110
1,<environment.Job instance at 0x7fdb7ccdb5f0>,95,13,[13  4],96,-1,123,-1,110
1,<environment.Job instance at 0x7fdb7ccdbb40>,96,15,[ 4 12],97,-1,125,-1,110
1,<environment.Job instance at 0x7fdb7ccdbd20>,97,23,[1 5],98,-1,133,-1,110
1,<environment.Job instance at 0x7fdb7ccdb0a0>,98,20,[12  2],99,-1,130,-1,110
1,<environment.Job instance at 0x7fdb7bfb0140>,99,16,[ 1 13],100,-1,126,-1,110
1,<environment.Job instance at 0x7fdb7bfb04b0>,100,25,[4 9],101,-1,135,-1,110
1,<environment.Job instance at 0x7fdb7bfb02d0>,101,24,[5 1],102,-1,134,-1,110
1,<environment.Job instance at 0x7fdb7bfb0780>,103,22,[11  4],104,-1,133,-1,111
1,<environment.Job instance at 0x7fdb7bfb08c0>,104,28,[14  4],105,-1,139,-1,111
1,<environment.Job instance at 0x7fdb7c665f50>,105,22,[13  4],106,-1,133,-1,111
1,<environment.Job instance at 0x7fdb7c665fa0>,106,28,[11  4],107,-1,139,-1,111
1,<environment.Job instance at 0x7fdb7c665370>,108,18,[ 5 13],109,-1,132,-1,114
1,<environment.Job instance at 0x7fdb7c665780>,109,26,[1 5],110,-1,154,-1,128
1,<environment.Job instance at 0x7fdb7c665550>,110,28,[8 1],111,-1,156,-1,128
1,<environment.Job instance at 0x7fdb7cf4a230>,1,22,[9 4],2,-1,25,-1,3
1,<environment.Job instance at 0x7fdb7d4d9730>,2,20,[7 3],3,-1,23,-1,3
1,<environment.Job instance at 0x7fdb7d16c4b0>,3,27,[4 6],4,-1,31,-1,4
1,<environment.Job instance at 0x7fdb860b0a50>,0,24,[3 9],1,-1,25,-1,1
1,<environment.Job instance at 0x7fdb7d4396e0>,3,27,[4 6],4,-1,31,-1,4
1,<environment.Job instance at 0x7fdb860b03c0>,4,26,[ 4 10],5,-1,31,-1,5
1,<environment.Job instance at 0x7fdb860b0050>,5,15,[14  4],6,-1,21,-1,6
1,<environment.Job instance at 0x7fdb860b00f0>,6,26,[13  5],7,-1,33,-1,7
1,<environment.Job instance at 0x7fdb860b09b0>,7,14,[ 1 12],8,-1,22,-1,8
1,<environment.Job instance at 0x7fdb7c665b90>,8,27,[ 3 12],9,-1,36,-1,9
1,<environment.Job instance at 0x7fdb7c6655f0>,12,28,[ 1 13],13,-1,41,-1,13
1,<environment.Job instance at 0x7fdb7c6650a0>,13,14,[13  1],14,-1,28,-1,14
1,<environment.Job instance at 0x7fdb7c665960>,14,25,[12  2],15,-1,40,-1,15
1,<environment.Job instance at 0x7fdb7c6655a0>,16,27,[ 5 14],17,-1,44,-1,17
1,<environment.Job instance at 0x7fdb7c665fa0>,17,13,[14  4],18,-1,31,-1,18
1,<environment.Job instance at 0x7fdb7c665b40>,18,19,[13  2],19,-1,38,-1,19
1,<environment.Job instance at 0x7fdb7bfb0780>,21,17,[13  4],22,-1,39,-1,22
1,<environment.Job instance at 0x7fdb7bfb0230>,23,23,[5 2],24,-1,47,-1,24
1,<environment.Job instance at 0x7fdb7bfb08c0>,22,23,[3 6],23,-1,47,-1,24
1,<environment.Job instance at 0x7fdb7bfb0140>,24,13,[11  2],25,-1,38,-1,25
1,<environment.Job instance at 0x7fdb7ccdb5f0>,27,28,[5 3],28,-1,72,-1,44
1,<environment.Job instance at 0x7fdb7ccdb9b0>,29,23,[5 2],30,-1,67,-1,44
1,<environment.Job instance at 0x7fdb7ccdb050>,30,17,[ 5 14],31,-1,61,-1,44
1,<environment.Job instance at 0x7fdb7ccdb0a0>,28,23,[8 5],29,-1,75,-1,52
1,<environment.Job instance at 0x7fdb7ccdb230>,32,28,[ 5 13],33,-1,80,-1,52
1,<environment.Job instance at 0x7fdb7ccdbb40>,34,15,[11  1],35,-1,67,-1,52
1,<environment.Job instance at 0x7fdb7ccdb5a0>,35,19,[ 1 12],36,-1,71,-1,52
1,<environment.Job instance at 0x7fdb7d29eb90>,37,13,[ 2 11],38,-1,65,-1,52
1,<environment.Job instance at 0x7fdb7d29e500>,38,20,[ 3 12],39,-1,72,-1,52
1,<environment.Job instance at 0x7fdb7ccdbdc0>,31,28,[10  4],32,-1,85,-1,57
1,<environment.Job instance at 0x7fdb7d29ea00>,39,23,[10  1],40,-1,80,-1,57
1,<environment.Job instance at 0x7fdb7d29e640>,44,18,[12  3],45,-1,75,-1,57
1,<environment.Job instance at 0x7fdb85dc1230>,46,12,[ 1 13],47,-1,79,-1,67
1,<environment.Job instance at 0x7fdb85dc16e0>,47,27,[14  1],48,-1,94,-1,67
1,<environment.Job instance at 0x7fdb7d29e780>,42,27,[ 5 10],43,-1,94,-1,67
1,<environment.Job instance at 0x7fdb85dc10f0>,49,19,[13  5],50,-1,86,-1,67
1,<environment.Job instance at 0x7fdb85dc1460>,50,24,[12  5],51,-1,91,-1,67
1,<environment.Job instance at 0x7fdb85dc11e0>,51,22,[12  2],52,-1,89,-1,67
1,<environment.Job instance at 0x7fdb7cc32410>,53,15,[13  2],54,-1,82,-1,67
1,<environment.Job instance at 0x7fdb7cc32190>,55,13,[ 1 14],56,-1,80,-1,67
1,<environment.Job instance at 0x7fdb7cc32a50>,56,27,[5 5],57,-1,101,-1,74
1,<environment.Job instance at 0x7fdb7cc32c80>,57,26,[ 4 12],58,-1,100,-1,74
1,<environment.Job instance at 0x7fdb7cc32780>,54,26,[9 4],55,-1,100,-1,74
1,<environment.Job instance at 0x7fdb7c023cd0>,59,18,[ 4 11],60,-1,92,-1,74
1,<environment.Job instance at 0x7fdb7c023dc0>,60,13,[11  5],61,-1,87,-1,74
1,<environment.Job instance at 0x7fdb7c0231e0>,61,12,[11  2],62,-1,86,-1,74
1,<environment.Job instance at 0x7fdb7c023550>,63,22,[ 1 11],64,-1,96,-1,74
1,<environment.Job instance at 0x7fdb7cc32370>,58,28,[ 2 10],59,-1,108,-1,80
1,<environment.Job instance at 0x7fdb7c023d70>,62,27,[3 7],63,-1,107,-1,80
1,<environment.Job instance at 0x7fdb7c023a00>,66,12,[ 2 13],67,-1,92,-1,80
1,<environment.Job instance at 0x7fdb7c1cab40>,68,15,[11  5],69,-1,95,-1,80
1,<environment.Job instance at 0x7fdb7c1ca500>,69,25,[5 2],70,-1,116,-1,91
1,<environment.Job instance at 0x7fdb7c1cabe0>,72,24,[5 9],73,-1,127,-1,103
1,<environment.Job instance at 0x7fdb7c1caa00>,73,18,[ 1 12],74,-1,121,-1,103
1,<environment.Job instance at 0x7fdb7c1ca2d0>,74,28,[13  5],75,-1,131,-1,103
1,<environment.Job instance at 0x7fdb7c1caf00>,75,13,[ 2 11],76,-1,116,-1,103
1,<environment.Job instance at 0x7fdb7c516dc0>,77,24,[11  2],78,-1,127,-1,103
1,<environment.Job instance at 0x7fdb7c516870>,78,24,[6 4],79,-1,131,-1,107
1,<environment.Job instance at 0x7fdb7c516050>,81,18,[11  5],82,-1,125,-1,107
1,<environment.Job instance at 0x7fdb7c5160a0>,82,13,[ 2 14],83,-1,120,-1,107
1,<environment.Job instance at 0x7fdb7c516d20>,83,13,[13  3],84,-1,120,-1,107
1,<environment.Job instance at 0x7fdb7c8135a0>,84,22,[11  5],85,-1,129,-1,107
1,<environment.Job instance at 0x7fdb7c563b40>,85,26,[11  5],86,-1,133,-1,107
1,<environment.Job instance at 0x7fdb7c43e870>,87,27,[1 7],88,-1,145,-1,118
1,<environment.Job instance at 0x7fdb7bf32c80>,86,28,[5 8],87,-1,147,-1,119
1,<environment.Job instance at 0x7fdb7c167320>,89,14,[ 1 13],90,-1,133,-1,119
1,<environment.Job instance at 0x7fdb7c63a1e0>,90,23,[ 2 11],91,-1,142,-1,119
1,<environment.Job instance at 0x7fdb7c186c30>,92,13,[ 1 12],93,-1,132,-1,119
1,<environment.Job instance at 0x7fdb7c186e60>,94,23,[ 2 14],95,-1,142,-1,119
1,<environment.Job instance at 0x7fa25fed36e0>,0,13,[9 3],1,-1,15,-1,2
1,<environment.Job instance at 0x7fa25fed38c0>,1,22,[11  3],2,-1,24,-1,2
1,<environment.Job instance at 0x7fa25fed3730>,2,22,[4 8],3,-1,25,-1,3
1,<environment.Job instance at 0x7fa256889b90>,4,21,[1 6],5,-1,27,-1,6
1,<environment.Job instance at 0x7fa256889a50>,5,24,[1 5],6,-1,30,-1,6
1,<environment.Job instance at 0x7fa256889d70>,7,25,[6 2],8,-1,33,-1,8
1,<environment.Job instance at 0x7fa256889e60>,13,18,[ 4 14],14,-1,109,-1,91
1,<environment.Job instance at 0x7fa25688c820>,23,18,[2 7],24,-1,113,-1,95
1,<environment.Job instance at 0x7fa25688ca00>,26,26,[1 8],27,-1,121,-1,95
1,<environment.Job instance at 0x7fa25688c5a0>,17,28,[ 5 10],18,-1,158,-1,130
1,<environment.Job instance at 0x7fa25688cbe0>,30,27,[4 8],31,-1,159,-1,132
1,<environment.Job instance at 0x7fa25688c690>,20,27,[13  5],21,-1,162,-1,135
1,<environment.Job instance at 0x7fa25688caa0>,27,25,[5 7],28,-1,164,-1,139
1,<environment.Job instance at 0x7fa25688cc80>,32,27,[11  3],33,-1,166,-1,139
1,<environment.Job instance at 0x7fa256881af0>,1,22,[11  3],2,-1,24,-1,2
1,<environment.Job instance at 0x7fa256881d70>,3,26,[11  4],4,-1,30,-1,4
1,<environment.Job instance at 0x7fa2568815f0>,8,22,[14  3],9,-1,31,-1,9
1,<environment.Job instance at 0x7fa2569adb90>,9,18,[ 2 13],10,-1,28,-1,10
1,<environment.Job instance at 0x7fa256a370f0>,10,18,[ 3 11],11,-1,29,-1,11
1,<environment.Job instance at 0x7fa2569ad410>,12,26,[ 1 12],13,-1,40,-1,14
1,<environment.Job instance at 0x7fa2569ad0a0>,13,18,[ 4 14],14,-1,32,-1,14
1,<environment.Job instance at 0x7fa2569c0780>,5,24,[1 5],6,-1,38,-1,14
1,<environment.Job instance at 0x7fa256a2b410>,7,25,[6 2],8,-1,39,-1,14
1,<environment.Job instance at 0x7fa2569ae320>,15,18,[ 2 14],16,-1,34,-1,16
1,<environment.Job instance at 0x7fa2569b40f0>,16,16,[ 3 11],17,-1,33,-1,17
1,<environment.Job instance at 0x7fa256a12aa0>,18,25,[ 4 13],19,-1,44,-1,19
1,<environment.Job instance at 0x7fa2569b4af0>,19,14,[ 3 11],20,-1,34,-1,20
1,<environment.Job instance at 0x7fa256997eb0>,20,27,[13  5],21,-1,48,-1,21
1,<environment.Job instance at 0x7fa256997aa0>,21,26,[ 5 12],22,-1,48,-1,22
1,<environment.Job instance at 0x7fa2569970f0>,22,13,[13  1],23,-1,36,-1,23
1,<environment.Job instance at 0x7fa2569a5f50>,17,28,[ 5 10],18,-1,53,-1,25
1,<environment.Job instance at 0x7fa2569972d0>,24,13,[ 3 14],25,-1,38,-1,25
1,<environment.Job instance at 0x7fa25691ebe0>,11,26,[4 8],12,-1,51,-1,25
1,<environment.Job instance at 0x7fa2569b4460>,25,23,[ 3 13],26,-1,49,-1,26
1,<environment.Job instance at 0x7fa256b33230>,27,25,[5 7],28,-1,53,-1,28
1,<environment.Job instance at 0x7fa25692eeb0>,28,25,[ 4 11],29,-1,54,-1,29
1,<environment.Job instance at 0x7fa256a36c30>,29,22,[ 5 13],30,-1,52,-1,30
1,<environment.Job instance at 0x7fa25692ef00>,31,20,[11  5],32,-1,52,-1,32
1,<environment.Job instance at 0x7fa256a36550>,32,27,[11  3],33,-1,60,-1,33
1,<environment.Job instance at 0x7fa256a36870>,30,27,[4 8],31,-1,70,-1,43
1,<environment.Job instance at 0x7fa25694b050>,36,13,[ 3 14],37,-1,56,-1,43
1,<environment.Job instance at 0x7fa25694b410>,37,28,[ 2 12],38,-1,71,-1,43
1,<environment.Job instance at 0x7fa25692ee10>,26,26,[1 8],27,-1,69,-1,43
1,<environment.Job instance at 0x7fa25694b5f0>,39,24,[5 6],40,-1,67,-1,43
1,<environment.Job instance at 0x7fa256a36cd0>,34,24,[1 8],35,-1,67,-1,43
1,<environment.Job instance at 0x7fa25694bd70>,41,27,[14  1],42,-1,70,-1,43
1,<environment.Job instance at 0x7fa25694b730>,43,13,[13  1],44,-1,57,-1,44
1,<environment.Job instance at 0x7fa25694bc30>,44,24,[ 1 13],45,-1,69,-1,45
1,<environment.Job instance at 0x7fa25694b7d0>,46,17,[12  2],47,-1,66,-1,49
1,<environment.Job instance at 0x7fa2569df3c0>,48,15,[14  1],49,-1,64,-1,49
1,<environment.Job instance at 0x7fa256a317d0>,49,16,[ 2 11],50,-1,66,-1,50
1,<environment.Job instance at 0x7fa256998e60>,50,16,[12  2],51,-1,67,-1,51
1,<environment.Job instance at 0x7fa256998050>,54,13,[13  1],55,-1,72,-1,59
1,<environment.Job instance at 0x7fa25697f870>,55,20,[ 3 13],56,-1,79,-1,59
1,<environment.Job instance at 0x7fa256a313c0>,52,27,[8 5],53,-1,86,-1,59
1,<environment.Job instance at 0x7fa256998eb0>,57,27,[ 2 14],58,-1,86,-1,59
1,<environment.Job instance at 0x7fa2569a93c0>,60,23,[ 1 11],61,-1,85,-1,62
1,<environment.Job instance at 0x7fa2569a3500>,61,21,[ 5 13],62,-1,83,-1,62
1,<environment.Job instance at 0x7fa2569a3190>,63,17,[ 4 12],64,-1,88,-1,71
1,<environment.Job instance at 0x7fa2569466e0>,67,27,[ 1 10],68,-1,121,-1,94
1,<environment.Job instance at 0x7fa2569461e0>,68,20,[ 3 12],69,-1,114,-1,94
1,<environment.Job instance at 0x7fa256946780>,69,13,[ 3 12],70,-1,107,-1,94
1,<environment.Job instance at 0x7fa256946820>,70,21,[12  2],71,-1,115,-1,94
1,<environment.Job instance at 0x7fa256946b90>,71,28,[5 1],72,-1,122,-1,94
1,<environment.Job instance at 0x7fa256946c30>,74,27,[1 6],75,-1,129,-1,102
1,<environment.Job instance at 0x7fa256946eb0>,75,14,[ 4 11],76,-1,116,-1,102
1,<environment.Job instance at 0x7fa2569384b0>,72,24,[9 2],73,-1,126,-1,102
1,<environment.Job instance at 0x7fa256946dc0>,73,25,[3 8],74,-1,140,-1,115
1,<environment.Job instance at 0x7fa25694a370>,83,20,[13  1],84,-1,150,-1,130
1,<environment.Job instance at 0x7fa25694a690>,84,18,[ 3 14],85,-1,148,-1,130
1,<environment.Job instance at 0x7fa25693fe10>,85,25,[ 5 14],86,-1,155,-1,130
1,<environment.Job instance at 0x7fa2568c17d0>,86,26,[12  1],87,-1,156,-1,130
1,<environment.Job instance at 0x7fa2568b8e10>,87,28,[ 3 10],88,-1,159,-1,131
1,<environment.Job instance at 0x7fa2568c18c0>,88,21,[ 1 11],89,-1,152,-1,131
1,<environment.Job instance at 0x7fa2568b8730>,90,14,[ 2 13],91,-1,145,-1,131
1,<environment.Job instance at 0x7fa255fcf410>,3,20,[ 4 10],4,-1,25,-1,5
1,<environment.Job instance at 0x7fa255fd40a0>,5,27,[4 8],6,-1,33,-1,6
1,<environment.Job instance at 0x7fa255fd4730>,9,15,[10  4],10,-1,30,-1,15
1,<environment.Job instance at 0x7fa2562d9960>,19,15,[1 7],20,-1,72,-1,57
1,<environment.Job instance at 0x7fa256204550>,15,20,[12  4],16,-1,77,-1,57
1,<environment.Job instance at 0x7fa2560ba5a0>,21,24,[4 7],22,-1,87,-1,63
1,<environment.Job instance at 0x7fa2560ba8c0>,27,22,[3 7],28,-1,118,-1,96
1,<environment.Job instance at 0x7fa25694b190>,1,25,[ 3 14],2,-1,27,-1,2
1,<environment.Job instance at 0x7fa25694be10>,2,13,[12  5],3,-1,16,-1,3
1,<environment.Job instance at 0x7fa25607ec30>,4,17,[14  2],5,-1,22,-1,5
1,<environment.Job instance at 0x7fa25607eaf0>,6,27,[ 2 12],7,-1,34,-1,7
1,<environment.Job instance at 0x7fa2560afb90>,7,16,[ 1 14],8,-1,24,-1,8
1,<environment.Job instance at 0x7fa2560afaa0>,8,20,[ 3 14],9,-1,29,-1,9
1,<environment.Job instance at 0x7fa2560b1780>,11,25,[ 1 11],12,-1,37,-1,12
1,<environment.Job instance at 0x7fa2560b1c30>,12,14,[14  4],13,-1,27,-1,13
1,<environment.Job instance at 0x7fa2560b1af0>,13,27,[9 1],14,-1,41,-1,14
1,<environment.Job instance at 0x7fa2560e77d0>,14,23,[13  2],15,-1,38,-1,15
1,<environment.Job instance at 0x7fa2560b1c80>,15,20,[12  4],16,-1,36,-1,16
1,<environment.Job instance at 0x7fa2560b42d0>,18,25,[13  3],19,-1,44,-1,19
1,<environment.Job instance at 0x7fa25607e5f0>,5,27,[4 8],6,-1,51,-1,24
1,<environment.Job instance at 0x7fa2560b46e0>,20,26,[5 5],21,-1,50,-1,24
1,<environment.Job instance at 0x7fa2561b0050>,21,24,[4 7],22,-1,48,-1,24
1,<environment.Job instance at 0x7fa2560e7eb0>,17,26,[4 9],18,-1,50,-1,24
1,<environment.Job instance at 0x7fa2560ce730>,24,19,[ 3 12],25,-1,44,-1,25
1,<environment.Job instance at 0x7fa256038f50>,25,15,[12  5],26,-1,41,-1,26
1,<environment.Job instance at 0x7fa256040c80>,28,20,[ 3 12],29,-1,49,-1,29
1,<environment.Job instance at 0x7fa256040550>,29,16,[12  4],30,-1,46,-1,30
1,<environment.Job instance at 0x7fa256044820>,30,16,[12  5],31,-1,47,-1,31
1,<environment.Job instance at 0x7fa2560405f0>,31,20,[ 1 12],32,-1,52,-1,32
1,<environment.Job instance at 0x7fa2560443c0>,32,13,[12  1],33,-1,46,-1,33
1,<environment.Job instance at 0x7fa2560482d0>,33,12,[11  5],34,-1,46,-1,34
1,<environment.Job instance at 0x7fa256048280>,34,17,[ 3 12],35,-1,52,-1,35
1,<environment.Job instance at 0x7fa256044500>,35,16,[13  4],36,-1,52,-1,36
1,<environment.Job instance at 0x7fa256048f50>,36,18,[ 1 12],37,-1,55,-1,37
1,<environment.Job instance at 0x7fa25604f910>,38,15,[ 2 14],39,-1,54,-1,39
1,<environment.Job instance at 0x7fa256052cd0>,42,20,[13  3],43,-1,71,-1,51
1,<environment.Job instance at 0x7fa2560522d0>,43,21,[ 4 12],44,-1,72,-1,51
1,<environment.Job instance at 0x7fa2560561e0>,45,27,[5 9],46,-1,83,-1,56
1,<environment.Job instance at 0x7fa2560568c0>,46,27,[2 9],47,-1,83,-1,56
1,<environment.Job instance at 0x7fa256056730>,47,21,[11  4],48,-1,77,-1,56
1,<environment.Job instance at 0x7fa256056960>,48,12,[14  5],49,-1,68,-1,56
1,<environment.Job instance at 0x7fa256056690>,49,16,[12  3],50,-1,72,-1,56
1,<environment.Job instance at 0x7fa256063960>,50,17,[12  2],51,-1,73,-1,56
1,<environment.Job instance at 0x7fa256063820>,51,28,[2 8],52,-1,84,-1,56
1,<environment.Job instance at 0x7fa25604ce60>,53,21,[12  2],54,-1,77,-1,56
1,<environment.Job instance at 0x7fa25604cb40>,54,21,[ 5 11],55,-1,77,-1,56
1,<environment.Job instance at 0x7fa25604cf50>,56,27,[12  4],57,-1,91,-1,64
1,<environment.Job instance at 0x7fa25605a5a0>,57,27,[14  3],58,-1,91,-1,64
1,<environment.Job instance at 0x7fa25605a500>,59,14,[ 1 12],60,-1,82,-1,68
1,<environment.Job instance at 0x7fa25604cdc0>,55,26,[ 5 10],56,-1,105,-1,79
1,<environment.Job instance at 0x7fa2562246e0>,61,14,[13  5],62,-1,93,-1,79
1,<environment.Job instance at 0x7fa2561dceb0>,62,25,[11  2],63,-1,104,-1,79
1,<environment.Job instance at 0x7fa2560e1280>,63,14,[12  2],64,-1,93,-1,79
1,<environment.Job instance at 0x7fa2560cfa00>,64,28,[8 4],65,-1,108,-1,80
1,<environment.Job instance at 0x7fa2560916e0>,66,20,[12  1],67,-1,100,-1,80
1,<environment.Job instance at 0x7fa2560910a0>,67,13,[ 4 12],68,-1,93,-1,80
1,<environment.Job instance at 0x7fa256091550>,68,18,[12  2],69,-1,98,-1,80
1,<environment.Job instance at 0x7fa256091410>,69,15,[12  3],70,-1,95,-1,80
1,<environment.Job instance at 0x7fa256091eb0>,70,25,[7 2],71,-1,105,-1,80
1,<environment.Job instance at 0x7fa2560911e0>,71,26,[ 5 11],72,-1,106,-1,80
1,<environment.Job instance at 0x7fa2561d5280>,73,16,[11  1],74,-1,96,-1,80
1,<environment.Job instance at 0x7fa2560ad050>,75,19,[12  5],76,-1,112,-1,93
1,<environment.Job instance at 0x7fa2560ad550>,76,17,[11  3],77,-1,110,-1,93
1,<environment.Job instance at 0x7fa2560ad0f0>,78,25,[6 2],79,-1,132,-1,107
1,<environment.Job instance at 0x7fa255ffdeb0>,79,18,[12  4],80,-1,125,-1,107
1,<environment.Job instance at 0x7fa2560ad410>,81,26,[11  5],82,-1,133,-1,107
1,<environment.Job instance at 0x7fa2560ab6e0>,84,16,[11  2],85,-1,125,-1,109
1,<environment.Job instance at 0x7fa2560abc30>,85,15,[13  5],86,-1,124,-1,109
1,<environment.Job instance at 0x7fa2560ab370>,88,27,[14  3],89,-1,153,-1,126
1,<environment.Job instance at 0x7fa2560abeb0>,91,26,[8 3],92,-1,165,-1,139
1,<environment.Job instance at 0x7fa2560ab2d0>,92,23,[12  1],93,-1,162,-1,139
1,<environment.Job instance at 0x7fa2560abaf0>,93,19,[ 2 13],94,-1,158,-1,139
1,<environment.Job instance at 0x7fa2560760a0>,94,22,[11  1],95,-1,161,-1,139
1,<environment.Job instance at 0x7fa256076190>,95,22,[ 1 13],96,-1,161,-1,139
1,<environment.Job instance at 0x7fa256003460>,96,24,[ 2 14],97,-1,163,-1,139
1,<environment.Job instance at 0x7fa256003e60>,98,23,[13  3],99,-1,162,-1,139
1,<environment.Job instance at 0x7fa26003fd70>,3,22,[9 5],4,-1,27,-1,5
1,<environment.Job instance at 0x7fa26003fa50>,4,15,[ 1 12],5,-1,24,-1,9
1,<environment.Job instance at 0x7fa255f2d820>,0,13,[ 5 13],1,-1,14,-1,1
1,<environment.Job instance at 0x7fa2562246e0>,2,26,[13  2],3,-1,29,-1,3
1,<environment.Job instance at 0x7fa26003feb0>,4,15,[ 1 12],5,-1,20,-1,5
1,<environment.Job instance at 0x7fa25607ea00>,5,14,[ 1 12],6,-1,20,-1,6
1,<environment.Job instance at 0x7fa25607eaf0>,8,26,[ 3 11],9,-1,35,-1,9
1,<environment.Job instance at 0x7fa255efebe0>,7,23,[6 4],8,-1,40,-1,17
1,<environment.Job instance at 0x7fa260041690>,12,13,[14  3],13,-1,30,-1,17
1,<environment.Job instance at 0x7fa260041b90>,11,25,[3 9],12,-1,42,-1,17
1,<environment.Job instance at 0x7fa2600411e0>,14,23,[13  3],15,-1,40,-1,17
1,<environment.Job instance at 0x7fa260041820>,16,23,[ 2 13],17,-1,40,-1,17
1,<environment.Job instance at 0x7fa260041be0>,17,16,[11  4],18,-1,34,-1,18
1,<environment.Job instance at 0x7fa260041050>,19,25,[4 5],20,-1,55,-1,30
1,<environment.Job instance at 0x7fa255eb5e10>,20,25,[6 3],21,-1,55,-1,30
1,<environment.Job instance at 0x7fa255eb5910>,21,20,[11  1],22,-1,50,-1,30
1,<environment.Job instance at 0x7fa255eb5780>,23,13,[12  4],24,-1,43,-1,30
1,<environment.Job instance at 0x7fa255eb51e0>,25,13,[ 1 13],26,-1,43,-1,30
1,<environment.Job instance at 0x7fa255eb5eb0>,26,26,[ 1 13],27,-1,56,-1,30
1,<environment.Job instance at 0x7fa255eb5640>,24,24,[5 5],25,-1,69,-1,45
1,<environment.Job instance at 0x7fa255eb52d0>,28,16,[11  1],29,-1,61,-1,45
1,<environment.Job instance at 0x7fa255eb57d0>,29,14,[14  2],30,-1,59,-1,45
1,<environment.Job instance at 0x7fa255eb59b0>,31,15,[ 2 11],32,-1,60,-1,45
1,<environment.Job instance at 0x7fa255eb5fa0>,32,16,[11  1],33,-1,61,-1,45
1,<environment.Job instance at 0x7fa255eb5820>,33,25,[2 8],34,-1,70,-1,45
1,<environment.Job instance at 0x7fa255eb5d70>,34,18,[12  5],35,-1,63,-1,45
1,<environment.Job instance at 0x7fa255eb5be0>,35,20,[ 5 13],36,-1,65,-1,45
1,<environment.Job instance at 0x7fa255eb5d20>,36,24,[2 7],37,-1,69,-1,45
1,<environment.Job instance at 0x7fa255eb5b40>,37,16,[11  2],38,-1,61,-1,45
1,<environment.Job instance at 0x7fa255e8d5a0>,38,22,[ 2 12],39,-1,67,-1,45
1,<environment.Job instance at 0x7fa255e8d870>,39,20,[12  3],40,-1,65,-1,45
1,<environment.Job instance at 0x7fa255e8d4b0>,40,19,[12  5],41,-1,64,-1,45
1,<environment.Job instance at 0x7fa255e8de10>,42,18,[12  1],43,-1,63,-1,45
1,<environment.Job instance at 0x7fa255e8dd70>,46,17,[ 1 12],47,-1,64,-1,47
1,<environment.Job instance at 0x7fa255e8d550>,48,18,[ 2 14],49,-1,67,-1,49
1,<environment.Job instance at 0x7fa255e8bd20>,49,24,[11  1],50,-1,74,-1,50
1,<environment.Job instance at 0x7fa255e8b4b0>,51,24,[12  5],52,-1,82,-1,58
1,<environment.Job instance at 0x7fa255e8bd70>,53,15,[ 1 11],54,-1,73,-1,58
1,<environment.Job instance at 0x7fa255e8b960>,54,16,[ 5 12],55,-1,74,-1,58
1,<environment.Job instance at 0x7fa255e8b870>,55,27,[ 4 14],56,-1,85,-1,58
1,<environment.Job instance at 0x7fa255e8baf0>,56,23,[ 2 11],57,-1,81,-1,58
1,<environment.Job instance at 0x7fa255e8b910>,57,13,[ 4 12],58,-1,71,-1,58
1,<environment.Job instance at 0x7fa255e8bf50>,58,15,[13  1],59,-1,74,-1,59
1,<environment.Job instance at 0x7fa255e8bc30>,59,17,[13  3],60,-1,77,-1,60
1,<environment.Job instance at 0x7fa255e8e5f0>,61,22,[ 3 13],62,-1,84,-1,62
1,<environment.Job instance at 0x7fa255e8eb90>,63,19,[13  4],64,-1,83,-1,64
1,<environment.Job instance at 0x7fa255e8b690>,52,23,[10  2],53,-1,87,-1,64
1,<environment.Job instance at 0x7fa255e8bb90>,50,25,[7 1],51,-1,89,-1,64
1,<environment.Job instance at 0x7fa255e8ef50>,64,16,[ 2 12],65,-1,81,-1,65
1,<environment.Job instance at 0x7fa255e8eeb0>,65,12,[ 4 14],66,-1,78,-1,66
1,<environment.Job instance at 0x7fa255e8e640>,69,23,[ 2 13],70,-1,93,-1,70
1,<environment.Job instance at 0x7fa255e8ea00>,70,12,[14  1],71,-1,83,-1,71
1,<environment.Job instance at 0x7fa255e8e960>,71,28,[ 1 13],72,-1,100,-1,72
1,<environment.Job instance at 0x7fa255e8e870>,73,22,[12  5],74,-1,96,-1,74
1,<environment.Job instance at 0x7fa255e8da50>,45,25,[8 5],46,-1,108,-1,83
1,<environment.Job instance at 0x7fa255e8e910>,75,12,[11  5],76,-1,95,-1,83
1,<environment.Job instance at 0x7fa25fefd690>,77,22,[11  2],78,-1,106,-1,84
1,<environment.Job instance at 0x7fa25fefd190>,79,17,[13  5],80,-1,101,-1,84
1,<environment.Job instance at 0x7fa25fefdd70>,80,12,[ 3 14],81,-1,96,-1,84
1,<environment.Job instance at 0x7fa25fefdc80>,82,15,[ 4 12],83,-1,115,-1,100
1,<environment.Job instance at 0x7fa255ebf960>,83,21,[ 3 14],84,-1,121,-1,100
1,<environment.Job instance at 0x7fa255ebfe60>,86,28,[6 1],87,-1,145,-1,117
1,<environment.Job instance at 0x7fa255ebf5a0>,89,27,[ 4 12],90,-1,155,-1,128
1,<environment.Job instance at 0x7fa255ebf780>,90,25,[12  4],91,-1,153,-1,128
1,<environment.Job instance at 0x7fa255ebf910>,91,20,[ 3 14],92,-1,148,-1,128
1,<environment.Job instance at 0x7fa255ebff00>,92,13,[ 3 14],93,-1,141,-1,128
1,<environment.Job instance at 0x7fa255ebffa0>,93,13,[11  5],94,-1,141,-1,128
1,<environment.Job instance at 0x7fa255ebfeb0>,94,24,[8 4],95,-1,155,-1,131
1,<environment.Job instance at 0x7fa255ebfa00>,96,20,[12  3],97,-1,151,-1,131
1,<environment.Job instance at 0x7fa255ebfc80>,97,25,[13  2],98,-1,156,-1,131
1,<environment.Job instance at 0x7fa256f3ea00>,8,23,[ 4 11],9,-1,107,-1,84
1,<environment.Job instance at 0x7fa255f0fdc0>,0,22,[ 4 14],1,-1,23,-1,1
1,<environment.Job instance at 0x7fa255f0f5f0>,1,20,[11  4],2,-1,22,-1,2
1,<environment.Job instance at 0x7fa255f0f190>,2,23,[14  4],3,-1,26,-1,3
1,<environment.Job instance at 0x7fa255f0fd70>,3,19,[ 3 14],4,-1,23,-1,4
1,<environment.Job instance at 0x7fa255f0ff50>,4,21,[14  2],5,-1,26,-1,5
1,<environment.Job instance at 0x7fa255f0fcd0>,5,24,[14  2],6,-1,30,-1,6
1,<environment.Job instance at 0x7fa255f0fbe0>,6,21,[ 5 11],7,-1,28,-1,7
1,<environment.Job instance at 0x7fa255f0fc80>,7,20,[ 2 12],8,-1,28,-1,8
1,<environment.Job instance at 0x7fa255f0f550>,8,23,[ 4 11],9,-1,32,-1,9
1,<environment.Job instance at 0x7fa255f0f050>,9,16,[ 3 14],10,-1,26,-1,10
1,<environment.Job instance at 0x7fa255f0f320>,10,23,[ 3 13],11,-1,34,-1,11
1,<environment.Job instance at 0x7fa255f0f1e0>,11,21,[14  4],12,-1,33,-1,12
1,<environment.Job instance at 0x7fa255f0f3c0>,18,14,[ 1 14],19,-1,33,-1,19
1,<environment.Job instance at 0x7fa255f0f870>,13,24,[ 3 10],14,-1,52,-1,28
1,<environment.Job instance at 0x7fa255e8b460>,19,25,[5 8],20,-1,53,-1,28
1,<environment.Job instance at 0x7fa255e8bc30>,21,21,[ 3 11],22,-1,49,-1,28
1,<environment.Job instance at 0x7fa255e8b5a0>,22,14,[12  4],23,-1,42,-1,28
1,<environment.Job instance at 0x7fa255e8bb40>,24,26,[ 3 12],25,-1,54,-1,28
1,<environment.Job instance at 0x7fa255e8b9b0>,25,12,[11  4],26,-1,40,-1,28
1,<environment.Job instance at 0x7fa255e8bf50>,20,27,[7 4],21,-1,62,-1,35
1,<environment.Job instance at 0x7fa255e8be10>,28,12,[11  3],29,-1,47,-1,35
1,<environment.Job instance at 0x7fa255e8b5f0>,29,16,[ 3 12],30,-1,51,-1,35
1,<environment.Job instance at 0x7fa260041050>,31,15,[14  5],32,-1,57,-1,42
1,<environment.Job instance at 0x7fa260041be0>,32,13,[14  1],33,-1,55,-1,42
1,<environment.Job instance at 0x7fa2600417d0>,33,24,[8 2],34,-1,71,-1,47
1,<environment.Job instance at 0x7fa260041cd0>,34,21,[ 2 12],35,-1,68,-1,47
1,<environment.Job instance at 0x7fa262406f50>,35,23,[ 2 12],36,-1,70,-1,47
1,<environment.Job instance at 0x7fa256ec3690>,37,26,[ 5 11],38,-1,73,-1,47
1,<environment.Job instance at 0x7fa256d34aa0>,40,18,[14  2],41,-1,81,-1,63
1,<environment.Job instance at 0x7fa256d34280>,41,16,[ 5 11],42,-1,79,-1,63
1,<environment.Job instance at 0x7fa26004c690>,42,22,[ 1 14],43,-1,85,-1,63
1,<environment.Job instance at 0x7fa256f3e190>,44,25,[ 3 14],45,-1,93,-1,68
1,<environment.Job instance at 0x7fa256f3e550>,46,21,[ 5 14],47,-1,89,-1,68
1,<environment.Job instance at 0x7fa256d161e0>,47,27,[9 3],48,-1,104,-1,77
1,<environment.Job instance at 0x7fa256d16820>,48,15,[13  3],49,-1,92,-1,77
1,<environment.Job instance at 0x7fa256d16b40>,50,12,[ 3 12],51,-1,89,-1,77
1,<environment.Job instance at 0x7fa256d16690>,51,26,[7 3],52,-1,103,-1,77
1,<environment.Job instance at 0x7fa256d16780>,52,25,[ 1 13],53,-1,102,-1,77
1,<environment.Job instance at 0x7fa256d16230>,54,26,[11  4],55,-1,103,-1,77
1,<environment.Job instance at 0x7fa256d16dc0>,56,17,[11  1],57,-1,94,-1,77
1,<environment.Job instance at 0x7fa256d16320>,57,20,[ 1 11],58,-1,97,-1,77
1,<environment.Job instance at 0x7fa256d165f0>,58,19,[13  2],59,-1,96,-1,77
1,<environment.Job instance at 0x7fa256d16e60>,59,12,[ 1 11],60,-1,89,-1,77
1,<environment.Job instance at 0x7fa256fb2c30>,60,20,[13  5],61,-1,97,-1,77
1,<environment.Job instance at 0x7fa256fb2410>,61,27,[1 8],62,-1,104,-1,77
1,<environment.Job instance at 0x7fa256f3eb40>,45,28,[2 8],46,-1,105,-1,77
1,<environment.Job instance at 0x7fa256fb2af0>,63,24,[11  3],64,-1,101,-1,77
1,<environment.Job instance at 0x7fa256fb22d0>,64,18,[13  3],65,-1,95,-1,77
1,<environment.Job instance at 0x7fa2600450f0>,67,23,[13  3],68,-1,107,-1,84
1,<environment.Job instance at 0x7fa260045780>,72,24,[13  3],73,-1,128,-1,104
1,<environment.Job instance at 0x7fa260045370>,74,25,[12  2],75,-1,142,-1,117
1,<environment.Job instance at 0x7fa260045af0>,75,25,[14  1],76,-1,142,-1,117
1,<environment.Job instance at 0x7fa256da1c80>,76,27,[5 5],77,-1,158,-1,131
1,<environment.Job instance at 0x7fa256da1a50>,78,23,[14  2],79,-1,154,-1,131
1,<environment.Job instance at 0x7fa256da15f0>,82,12,[12  4],83,-1,146,-1,134
1,<environment.Job instance at 0x7fa256da19b0>,83,21,[ 2 11],84,-1,155,-1,134
1,<environment.Job instance at 0x7fa256da1d70>,84,23,[14  3],85,-1,157,-1,134
1,<environment.Job instance at 0x7fa2569dfd70>,0,20,[2 9],1,-1,22,-1,2
1,<environment.Job instance at 0x7fa256f6f320>,1,17,[ 2 13],2,-1,22,-1,5
1,<environment.Job instance at 0x7fa2570660f0>,5,18,[1 7],6,-1,25,-1,7
1,<environment.Job instance at 0x7fa25fefd280>,1,17,[ 2 13],2,-1,19,-1,2
1,<environment.Job instance at 0x7fa25fefd460>,2,27,[12  4],3,-1,30,-1,3
1,<environment.Job instance at 0x7fa25fefd8c0>,4,12,[ 1 12],5,-1,17,-1,5
1,<environment.Job instance at 0x7fa25fefd0f0>,6,12,[ 5 12],7,-1,19,-1,7
1,<environment.Job instance at 0x7fa25fefd820>,7,14,[14  1],8,-1,22,-1,8
1,<environment.Job instance at 0x7fa25fefdd70>,9,14,[12  4],10,-1,24,-1,10
1,<environment.Job instance at 0x7fa25fefd910>,10,18,[11  5],11,-1,29,-1,11
1,<environment.Job instance at 0x7fa25fefdf50>,12,12,[14  4],13,-1,25,-1,13
1,<environment.Job instance at 0x7fa256d9d7d0>,14,25,[13  4],15,-1,40,-1,15
1,<environment.Job instance at 0x7fa256d9d230>,16,13,[12  2],17,-1,31,-1,18
1,<environment.Job instance at 0x7fa256d9daa0>,17,22,[13  4],18,-1,40,-1,18
1,<environment.Job instance at 0x7fa256d9d0f0>,18,14,[11  2],19,-1,33,-1,19
1,<environment.Job instance at 0x7fa256d9d9b0>,19,24,[ 2 14],20,-1,44,-1,20
1,<environment.Job instance at 0x7fa256d9d730>,20,28,[2 7],21,-1,49,-1,21
1,<environment.Job instance at 0x7fa256d9d0a0>,21,13,[ 1 14],22,-1,35,-1,22
1,<environment.Job instance at 0x7fa256d9d410>,23,23,[12  2],24,-1,47,-1,24
1,<environment.Job instance at 0x7fa2563f0870>,24,18,[ 4 12],25,-1,43,-1,25
1,<environment.Job instance at 0x7fa2563f07d0>,25,25,[6 5],26,-1,58,-1,33
1,<environment.Job instance at 0x7fa2563f0d70>,27,27,[5 9],28,-1,61,-1,34
1,<environment.Job instance at 0x7fa2563f0e60>,28,27,[2 6],29,-1,61,-1,34
1,<environment.Job instance at 0x7fa2563f0c30>,29,17,[ 4 14],30,-1,51,-1,34
1,<environment.Job instance at 0x7fa2563f0910>,30,15,[ 2 14],31,-1,49,-1,34
1,<environment.Job instance at 0x7fa2563f0eb0>,31,17,[ 5 13],32,-1,51,-1,34
1,<environment.Job instance at 0x7fa2563f0410>,32,23,[12  3],33,-1,57,-1,34
1,<environment.Job instance at 0x7fa2563f04b0>,33,20,[14  1],34,-1,54,-1,34
1,<environment.Job instance at 0x7fa2563f05f0>,38,25,[ 1 10],39,-1,85,-1,60
1,<environment.Job instance at 0x7fa2563f0f00>,40,18,[14  3],41,-1,78,-1,60
1,<environment.Job instance at 0x7fa256da1e60>,43,18,[14  3],44,-1,78,-1,60
1,<environment.Job instance at 0x7fa256da1230>,44,23,[ 2 11],45,-1,83,-1,60
1,<environment.Job instance at 0x7fa256da16e0>,45,18,[ 5 11],46,-1,78,-1,60
1,<environment.Job instance at 0x7fa256da1aa0>,46,27,[11  5],47,-1,87,-1,60
1,<environment.Job instance at 0x7fa256da18c0>,47,17,[12  5],48,-1,77,-1,60
1,<environment.Job instance at 0x7fa256da13c0>,49,21,[11  1],50,-1,81,-1,60
1,<environment.Job instance at 0x7fa256da1140>,50,14,[12  4],51,-1,74,-1,60
1,<environment.Job instance at 0x7fa256da1c80>,51,26,[5 4],52,-1,101,-1,75
1,<environment.Job instance at 0x7fa260045b90>,55,19,[11  4],56,-1,94,-1,75
1,<environment.Job instance at 0x7fa2600456e0>,56,23,[11  3],57,-1,98,-1,75
1,<environment.Job instance at 0x7fa260045b40>,53,26,[1 6],54,-1,103,-1,77
1,<environment.Job instance at 0x7fa260045640>,58,12,[11  4],59,-1,89,-1,77
1,<environment.Job instance at 0x7fa260045870>,60,14,[ 3 13],61,-1,91,-1,77
1,<environment.Job instance at 0x7fa260045e60>,62,28,[5 5],63,-1,123,-1,95
1,<environment.Job instance at 0x7fa256fb2eb0>,64,20,[13  1],65,-1,115,-1,95
1,<environment.Job instance at 0x7fa256fb2690>,65,21,[ 3 12],66,-1,116,-1,95
1,<environment.Job instance at 0x7fa256fb2870>,66,25,[12  3],67,-1,120,-1,95
1,<environment.Job instance at 0x7fa256d16640>,68,20,[12  2],69,-1,116,-1,96
1,<environment.Job instance at 0x7fa256d16550>,71,16,[14  3],72,-1,125,-1,109
1,<environment.Job instance at 0x7fa256d160a0>,72,20,[11  1],73,-1,129,-1,109
1,<environment.Job instance at 0x7fa256d16050>,74,27,[7 2],75,-1,152,-1,125
1,<environment.Job instance at 0x7fa256d16e10>,76,20,[ 4 13],77,-1,145,-1,125
1,<environment.Job instance at 0x7fa256d16960>,77,21,[12  5],78,-1,146,-1,125
1,<environment.Job instance at 0x7fa2573bd5a0>,1,20,[5 6],2,-1,22,-1,2
1,<environment.Job instance at 0x7fa2573bd370>,5,16,[10  2],6,-1,37,-1,21
1,<environment.Job instance at 0x7fa2573dd870>,12,15,[9 3],13,-1,36,-1,21
1,<environment.Job instance at 0x7fa2573dd640>,15,23,[4 5],16,-1,62,-1,39
1,<environment.Job instance at 0x7fa262406f50>,0,27,[ 3 14],1,-1,28,-1,1
1,<environment.Job instance at 0x7fa26004c730>,2,27,[ 5 13],3,-1,30,-1,3
1,<environment.Job instance at 0x7fa26004c910>,3,25,[13  4],4,-1,29,-1,4
1,<environment.Job instance at 0x7fa260045870>,4,27,[ 2 14],5,-1,32,-1,5
1,<environment.Job instance at 0x7fa260045640>,6,18,[ 4 13],7,-1,25,-1,7
1,<environment.Job instance at 0x7fa260045140>,7,12,[ 5 12],8,-1,20,-1,8
1,<environment.Job instance at 0x7fa256c4d320>,11,23,[12  3],12,-1,35,-1,12
1,<environment.Job instance at 0x7fa260045b40>,14,12,[13  4],15,-1,34,-1,22
1,<environment.Job instance at 0x7fa260045370>,15,23,[4 5],16,-1,45,-1,22
1,<environment.Job instance at 0x7fa2573babe0>,18,17,[13  5],19,-1,39,-1,22
1,<environment.Job instance at 0x7fa2573b04b0>,19,26,[4 6],20,-1,48,-1,22
1,<environment.Job instance at 0x7fa256732230>,21,23,[ 4 11],22,-1,45,-1,22
1,<environment.Job instance at 0x7fa2573bdeb0>,22,26,[ 3 14],23,-1,61,-1,35
1,<environment.Job instance at 0x7fa2573bd780>,23,12,[ 2 13],24,-1,47,-1,35
1,<environment.Job instance at 0x7fa2573ea410>,24,19,[ 4 11],25,-1,54,-1,35
1,<environment.Job instance at 0x7fa2573ea370>,26,12,[11  1],27,-1,50,-1,38
1,<environment.Job instance at 0x7fa2573ea3c0>,28,25,[14  5],29,-1,75,-1,50
1,<environment.Job instance at 0x7fa256245500>,29,27,[6 1],30,-1,77,-1,50
1,<environment.Job instance at 0x7fa256245690>,31,13,[12  5],32,-1,63,-1,50
1,<environment.Job instance at 0x7fa25707f960>,33,16,[11  4],34,-1,79,-1,63
1,<environment.Job instance at 0x7fa256244d70>,35,27,[12  1],36,-1,92,-1,65
1,<environment.Job instance at 0x7fa2565e9910>,36,22,[11  5],37,-1,87,-1,65
1,<environment.Job instance at 0x7fa2562436e0>,38,22,[ 3 14],39,-1,87,-1,65
1,<environment.Job instance at 0x7fa256243dc0>,39,26,[2 7],40,-1,108,-1,82
1,<environment.Job instance at 0x7fa256243280>,41,16,[14  1],42,-1,98,-1,82
1,<environment.Job instance at 0x7fa256104460>,42,23,[13  2],43,-1,105,-1,82
1,<environment.Job instance at 0x7fa2569df640>,43,25,[4 5],44,-1,107,-1,82
1,<environment.Job instance at 0x7fa256176910>,44,21,[14  1],45,-1,103,-1,82
1,<environment.Job instance at 0x7fa256243550>,45,18,[11  1],46,-1,100,-1,82
1,<environment.Job instance at 0x7fa256ae34b0>,46,19,[ 3 12],47,-1,101,-1,82
1,<environment.Job instance at 0x7fa256243e10>,48,18,[12  5],49,-1,100,-1,82
1,<environment.Job instance at 0x7fa25624d910>,49,27,[13  3],50,-1,109,-1,82
1,<environment.Job instance at 0x7fa2562093c0>,51,27,[4 6],52,-1,109,-1,82
1,<environment.Job instance at 0x7fa2565c1b90>,52,14,[14  1],53,-1,96,-1,82
1,<environment.Job instance at 0x7fa25609df50>,53,16,[ 4 12],54,-1,98,-1,82
1,<environment.Job instance at 0x7fa256a395f0>,54,17,[14  4],55,-1,99,-1,82
1,<environment.Job instance at 0x7fa256243640>,40,23,[10  3],41,-1,119,-1,96
1,<environment.Job instance at 0x7fa25735a140>,56,17,[ 5 14],57,-1,113,-1,96
1,<environment.Job instance at 0x7fa25735ab40>,57,25,[11  4],58,-1,121,-1,96
1,<environment.Job instance at 0x7fa2565321e0>,61,27,[ 1 11],62,-1,123,-1,96
1,<environment.Job instance at 0x7fa2562b8730>,63,26,[11  2],64,-1,123,-1,97
1,<environment.Job instance at 0x7fa25670c870>,66,24,[9 2],67,-1,134,-1,110
1,<environment.Job instance at 0x7fa25670cf00>,67,27,[ 5 14],68,-1,137,-1,110
1,<environment.Job instance at 0x7fa257022690>,69,20,[ 2 13],70,-1,130,-1,110
1,<environment.Job instance at 0x7fa257022960>,70,26,[ 4 14],71,-1,136,-1,110
1,<environment.Job instance at 0x7fa2570220a0>,72,16,[ 1 11],73,-1,138,-1,122
1,<environment.Job instance at 0x7fa256c241e0>,73,15,[14  5],74,-1,137,-1,122
1,<environment.Job instance at 0x7fa256c24aa0>,74,17,[13  1],75,-1,139,-1,122
1,<environment.Job instance at 0x7fa256c245f0>,75,23,[ 4 11],76,-1,145,-1,122
1,<environment.Job instance at 0x7fa2561ad230>,76,21,[ 5 14],77,-1,143,-1,122
1,<environment.Job instance at 0x7fa2561ad0f0>,77,17,[13  3],78,-1,139,-1,122
1,<environment.Job instance at 0x7fa2561adcd0>,80,14,[13  2],81,-1,138,-1,124
1,<environment.Job instance at 0x7fa2561ad910>,82,23,[ 1 14],83,-1,160,-1,137
1,<environment.Job instance at 0x7fa2566df280>,3,24,[5 8],4,-1,28,-1,4
1,<environment.Job instance at 0x7fa256a84cd0>,1,24,[14  3],2,-1,26,-1,2
1,<environment.Job instance at 0x7fa25708a1e0>,2,25,[12  1],3,-1,28,-1,3
1,<environment.Job instance at 0x7fa25708afa0>,3,24,[5 8],4,-1,28,-1,4
1,<environment.Job instance at 0x7fa25708ae10>,4,13,[ 1 13],5,-1,18,-1,5
1,<environment.Job instance at 0x7fa256cbfd20>,5,23,[1 5],6,-1,29,-1,6
1,<environment.Job instance at 0x7fa256cbf0f0>,6,22,[ 5 11],7,-1,29,-1,7
1,<environment.Job instance at 0x7fa256cbfb40>,7,24,[ 5 13],8,-1,32,-1,8
1,<environment.Job instance at 0x7fa256cbfeb0>,8,13,[ 1 14],9,-1,22,-1,9
1,<environment.Job instance at 0x7fa256cbf230>,9,26,[12  4],10,-1,36,-1,10
1,<environment.Job instance at 0x7fa256c649b0>,11,21,[13  2],12,-1,33,-1,12
1,<environment.Job instance at 0x7fa256cbf0a0>,12,23,[14  5],13,-1,36,-1,13
1,<environment.Job instance at 0x7fa2565f6c80>,13,14,[14  2],14,-1,28,-1,14
1,<environment.Job instance at 0x7fa256a7ea00>,20,18,[ 5 14],21,-1,42,-1,24
1,<environment.Job instance at 0x7fa2560f5a00>,21,17,[ 3 13],22,-1,41,-1,24
1,<environment.Job instance at 0x7fa256efdbe0>,22,23,[13  3],23,-1,47,-1,24
1,<environment.Job instance at 0x7fa256a7ee60>,23,18,[ 2 12],24,-1,42,-1,24
1,<environment.Job instance at 0x7fa256cbfd70>,16,28,[5 4],17,-1,52,-1,24
1,<environment.Job instance at 0x7fa2562591e0>,24,28,[11  1],25,-1,53,-1,25
1,<environment.Job instance at 0x7fa257204820>,26,12,[13  5],27,-1,39,-1,27
1,<environment.Job instance at 0x7fa256c242d0>,27,20,[ 5 14],28,-1,48,-1,28
1,<environment.Job instance at 0x7fa256c24aa0>,28,27,[ 2 14],29,-1,56,-1,29
1,<environment.Job instance at 0x7fa257022a50>,30,15,[ 4 11],31,-1,46,-1,31
1,<environment.Job instance at 0x7fa257204d70>,31,15,[13  5],32,-1,47,-1,32
1,<environment.Job instance at 0x7fa257022be0>,32,13,[14  4],33,-1,46,-1,33
1,<environment.Job instance at 0x7fa256a7baf0>,33,16,[14  2],34,-1,50,-1,34
1,<environment.Job instance at 0x7fa256a7b3c0>,34,25,[14  4],35,-1,60,-1,35
1,<environment.Job instance at 0x7fa257022690>,35,19,[13  5],36,-1,55,-1,36
1,<environment.Job instance at 0x7fa2562b8730>,36,26,[10  2],37,-1,69,-1,43
1,<environment.Job instance at 0x7fa25735a140>,40,23,[ 3 13],41,-1,66,-1,43
1,<environment.Job instance at 0x7fa25735ab40>,41,13,[12  5],42,-1,56,-1,43
1,<environment.Job instance at 0x7fa2565c1b90>,39,26,[2 9],40,-1,69,-1,43
1,<environment.Job instance at 0x7fa25663e050>,45,26,[5 7],46,-1,84,-1,58
1,<environment.Job instance at 0x7fa255e157d0>,46,28,[14  1],47,-1,86,-1,58
1,<environment.Job instance at 0x7fa25624dc30>,47,16,[ 3 12],48,-1,74,-1,58
1,<environment.Job instance at 0x7fa2562450f0>,48,26,[12  1],49,-1,84,-1,58
1,<environment.Job instance at 0x7fa256245dc0>,49,22,[14  5],50,-1,80,-1,58
1,<environment.Job instance at 0x7fa256245500>,50,18,[12  5],51,-1,76,-1,58
1,<environment.Job instance at 0x7fa2562458c0>,51,14,[13  4],52,-1,72,-1,58
1,<environment.Job instance at 0x7fa256ec3690>,52,25,[ 1 13],53,-1,83,-1,58
1,<environment.Job instance at 0x7fa26004c730>,54,16,[11  5],55,-1,74,-1,58
1,<environment.Job instance at 0x7fa256c4d460>,55,25,[2 8],56,-1,83,-1,58
1,<environment.Job instance at 0x7fa26004cdc0>,57,26,[2 7],58,-1,97,-1,71
1,<environment.Job instance at 0x7fa25677a870>,59,23,[1 6],60,-1,94,-1,71
1,<environment.Job instance at 0x7fa256a395f0>,60,26,[13  5],61,-1,97,-1,71
1,<environment.Job instance at 0x7fa2564e3370>,61,16,[ 1 13],62,-1,87,-1,71
1,<environment.Job instance at 0x7fa256a00050>,62,25,[4 9],63,-1,101,-1,76
1,<environment.Job instance at 0x7fa2565d2aa0>,64,14,[13  3],65,-1,90,-1,76
1,<environment.Job instance at 0x7fa2565d23c0>,65,14,[13  2],66,-1,90,-1,76
1,<environment.Job instance at 0x7fa256af5960>,68,28,[12  3],69,-1,104,-1,76
1,<environment.Job instance at 0x7fa256ea26e0>,67,28,[9 2],68,-1,118,-1,90
1,<environment.Job instance at 0x7fa2566a1640>,74,12,[ 3 12],75,-1,117,-1,105
1,<environment.Job instance at 0x7fa2566a13c0>,75,12,[11  4],76,-1,117,-1,105
1,<environment.Job instance at 0x7fa25602ab40>,76,20,[ 3 14],77,-1,125,-1,105
1,<environment.Job instance at 0x7fa257381be0>,77,16,[12  1],78,-1,121,-1,105
1,<environment.Job instance at 0x7fa256695aa0>,80,28,[ 1 11],81,-1,147,-1,119
1,<environment.Job instance at 0x7fa256695be0>,82,28,[14  4],83,-1,150,-1,122
1,<environment.Job instance at 0x7fa25628b2d0>,83,27,[13  4],84,-1,149,-1,122
1,<environment.Job instance at 0x7fa256f13640>,84,12,[ 5 11],85,-1,134,-1,122
1,<environment.Job instance at 0x7fa2566950a0>,86,17,[14  2],87,-1,153,-1,136
1,<environment.Job instance at 0x7fa257431e10>,87,17,[ 1 12],88,-1,153,-1,136
1,<environment.Job instance at 0x7fa25614b4b0>,89,22,[ 3 14],90,-1,160,-1,138
1,<environment.Job instance at 0x7fa2564f7690>,90,15,[ 2 11],91,-1,153,-1,138
1,<environment.Job instance at 0x7fa256659500>,91,22,[ 2 13],92,-1,160,-1,138
1,<environment.Job instance at 0x7fa2570ea6e0>,7,13,[ 3 13],8,-1,22,-1,9
1,<environment.Job instance at 0x7fa2570ea190>,8,15,[14  4],9,-1,27,-1,12
1,<environment.Job instance at 0x7fa2570eaf50>,10,28,[5 2],11,-1,40,-1,12
1,<environment.Job instance at 0x7fa2570eab90>,12,18,[5 4],13,-1,32,-1,14
1,<environment.Job instance at 0x7fa2570ea780>,13,18,[11  5],14,-1,33,-1,15
1,<environment.Job instance at 0x7fa2570eab40>,14,13,[1 6],15,-1,29,-1,16
1,<environment.Job instance at 0x7fa2570ea140>,16,22,[2 6],17,-1,39,-1,17
1,<environment.Job instance at 0x7fa25657a190>,23,27,[11  2],24,-1,156,-1,129
1,<environment.Job instance at 0x7fa2570ea3c0>,11,21,[ 4 12],12,-1,151,-1,130
1,<environment.Job instance at 0x7fa25657a280>,32,24,[13  4],33,-1,156,-1,132
1,<environment.Job instance at 0x7fa25657a0a0>,26,22,[14  2],27,-1,154,-1,132
1,<environment.Job instance at 0x7fa25657a960>,30,16,[11  5],31,-1,148,-1,132
1,<environment.Job instance at 0x7fa25657a5a0>,35,19,[7 5],36,-1,151,-1,132
1,<environment.Job instance at 0x7fa25657aaf0>,31,22,[1 8],32,-1,154,-1,132
1,<environment.Job instance at 0x7fa25657aa00>,33,24,[4 7],34,-1,156,-1,132
1,<environment.Job instance at 0x7fa25657acd0>,38,22,[5 7],39,-1,154,-1,132
1,<environment.Job instance at 0x7fa2564f3280>,40,28,[7 5],41,-1,160,-1,132
1,<environment.Job instance at 0x7fa25657a820>,39,24,[ 1 14],40,-1,157,-1,133
1,<environment.Job instance at 0x7fa2564f3f50>,43,24,[8 5],44,-1,158,-1,134
1,<environment.Job instance at 0x7fa2564f3910>,42,20,[5 8],43,-1,154,-1,134
1,<environment.Job instance at 0x7fa2564f35f0>,45,23,[11  5],46,-1,157,-1,134
1,<environment.Job instance at 0x7fa2564f3370>,47,14,[9 5],48,-1,148,-1,134
1,<environment.Job instance at 0x7fa2564f3cd0>,48,25,[7 3],49,-1,159,-1,134
1,<environment.Job instance at 0x7fa2572a0be0>,0,14,[11  5],1,-1,15,-1,1
1,<environment.Job instance at 0x7fa2572a00f0>,2,23,[ 4 13],3,-1,26,-1,3
1,<environment.Job instance at 0x7fa2562c0690>,3,19,[11  1],4,-1,23,-1,4
1,<environment.Job instance at 0x7fa2562c00a0>,4,26,[11  4],5,-1,31,-1,5
1,<environment.Job instance at 0x7fa255ebfd20>,7,13,[ 3 13],8,-1,21,-1,8
1,<environment.Job instance at 0x7fa256d21b40>,8,15,[14  4],9,-1,24,-1,9
1,<environment.Job instance at 0x7fa2568b4c30>,9,18,[ 3 14],10,-1,28,-1,10
1,<environment.Job instance at 0x7fa256b40af0>,11,21,[ 4 12],12,-1,33,-1,12
1,<environment.Job instance at 0x7fa2562c0c80>,13,18,[11  5],14,-1,32,-1,14
1,<environment.Job instance at 0x7fa256a6ec80>,10,28,[5 2],11,-1,45,-1,17
1,<environment.Job instance at 0x7fa256695be0>,17,21,[11  3],18,-1,39,-1,18
1,<environment.Job instance at 0x7fa25602ab40>,19,23,[5 5],20,-1,43,-1,20
1,<environment.Job instance at 0x7fa2565d2aa0>,21,14,[11  3],22,-1,36,-1,22
1,<environment.Job instance at 0x7fa262406f50>,23,27,[11  2],24,-1,51,-1,24
1,<environment.Job instance at 0x7fa256da1500>,22,28,[2 7],23,-1,58,-1,30
1,<environment.Job instance at 0x7fa257080b90>,26,22,[14  2],27,-1,52,-1,30
1,<environment.Job instance at 0x7fa2565321e0>,29,22,[ 2 11],30,-1,59,-1,37
1,<environment.Job instance at 0x7fa256ec3690>,30,16,[11  5],31,-1,53,-1,37
1,<environment.Job instance at 0x7fa257022be0>,32,24,[13  4],33,-1,61,-1,37
1,<environment.Job instance at 0x7fa2570228c0>,33,24,[4 7],34,-1,61,-1,37
1,<environment.Job instance at 0x7fa257204d70>,37,14,[13  2],38,-1,65,-1,51
1,<environment.Job instance at 0x7fa256a7eaf0>,39,24,[ 1 14],40,-1,77,-1,53
1,<environment.Job instance at 0x7fa256a7e730>,40,28,[7 5],41,-1,95,-1,67
1,<environment.Job instance at 0x7fa256a7e4b0>,41,22,[12  4],42,-1,89,-1,67
1,<environment.Job instance at 0x7fa2565f6280>,43,24,[8 5],44,-1,93,-1,69
1,<environment.Job instance at 0x7fa2565f6c80>,44,19,[13  1],45,-1,88,-1,69
1,<environment.Job instance at 0x7fa2565f60f0>,45,23,[11  5],46,-1,92,-1,69
1,<environment.Job instance at 0x7fa25fa75230>,46,23,[ 2 12],47,-1,92,-1,69
1,<environment.Job instance at 0x7fa2561cf4b0>,48,25,[7 3],49,-1,111,-1,86
1,<environment.Job instance at 0x7fa2561cfe10>,49,23,[12  5],50,-1,109,-1,86
1,<environment.Job instance at 0x7fa25657abe0>,50,13,[11  2],51,-1,99,-1,86
1,<environment.Job instance at 0x7fa256df42d0>,51,27,[5 2],52,-1,113,-1,86
1,<environment.Job instance at 0x7fa256df4280>,53,17,[ 4 13],54,-1,103,-1,86
1,<environment.Job instance at 0x7fa256df4be0>,55,13,[12  5],56,-1,104,-1,91
1,<environment.Job instance at 0x7fa2570eafa0>,56,14,[ 2 12],57,-1,105,-1,91
1,<environment.Job instance at 0x7fa2562d3fa0>,60,21,[ 3 11],61,-1,130,-1,109
1,<environment.Job instance at 0x7fa2568314b0>,61,14,[14  1],62,-1,123,-1,109
1,<environment.Job instance at 0x7fa2562d3af0>,59,24,[8 5],60,-1,145,-1,121
1,<environment.Job instance at 0x7fa256702910>,65,20,[ 2 11],66,-1,150,-1,130
1,<environment.Job instance at 0x7fa25684be60>,67,15,[ 4 13],68,-1,145,-1,130
1,<environment.Job instance at 0x7fa256731f00>,68,16,[12  3],69,-1,146,-1,130
1,<environment.Job instance at 0x7fa25708bfa0>,70,17,[14  2],71,-1,154,-1,137
1,<environment.Job instance at 0x7fa256b06b90>,71,14,[ 3 14],72,-1,151,-1,137
1,<environment.Job instance at 0x7fa2573859b0>,72,20,[ 4 11],73,-1,157,-1,137
1,<environment.Job instance at 0x7fa255d0a640>,0,13,[9 1],1,-1,15,-1,2
1,<environment.Job instance at 0x7fa255d0a140>,7,23,[9 5],8,-1,31,-1,8
1,<environment.Job instance at 0x7fa255cc9320>,8,27,[7 3],9,-1,36,-1,9
1,<environment.Job instance at 0x7fa255cc9140>,9,22,[3 9],10,-1,32,-1,10
1,<environment.Job instance at 0x7fa255d0a910>,12,14,[12  5],13,-1,29,-1,15
1,<environment.Job instance at 0x7fa2573b0c30>,1,27,[ 5 14],2,-1,46,-1,19
1,<environment.Job instance at 0x7fa255cc9820>,15,22,[10  3],16,-1,52,-1,30
1,<environment.Job instance at 0x7fa255cc94b0>,19,23,[ 5 11],20,-1,53,-1,30
1,<environment.Job instance at 0x7fa255cc9fa0>,23,17,[ 5 11],24,-1,47,-1,30
1,<environment.Job instance at 0x7fa255cc9dc0>,22,15,[11  2],23,-1,73,-1,58
1,<environment.Job instance at 0x7fa255cc9370>,13,22,[14  5],14,-1,80,-1,58
1,<environment.Job instance at 0x7fa255cc97d0>,25,18,[ 2 10],26,-1,77,-1,59
1,<environment.Job instance at 0x7fa255d0a5a0>,4,20,[12  3],5,-1,104,-1,84
1,<environment.Job instance at 0x7fa255d70b90>,34,15,[12  1],35,-1,99,-1,84
1,<environment.Job instance at 0x7fa256d73b90>,1,27,[ 5 14],2,-1,29,-1,2
1,<environment.Job instance at 0x7fa256d73960>,2,17,[14  2],3,-1,20,-1,3
1,<environment.Job instance at 0x7fa256435230>,3,15,[12  2],4,-1,19,-1,4
1,<environment.Job instance at 0x7fa256435c80>,4,20,[12  3],5,-1,25,-1,5
1,<environment.Job instance at 0x7fa256d7e1e0>,6,26,[13  3],7,-1,33,-1,7
1,<environment.Job instance at 0x7fa256d8baa0>,10,13,[13  3],11,-1,24,-1,11
1,<environment.Job instance at 0x7fa256d7e410>,11,12,[12  5],12,-1,24,-1,12
1,<environment.Job instance at 0x7fa256b13af0>,12,14,[12  5],13,-1,27,-1,13
1,<environment.Job instance at 0x7fa256b13c80>,13,22,[14  5],14,-1,36,-1,14
1,<environment.Job instance at 0x7fa256d7e2d0>,7,23,[9 5],8,-1,41,-1,18
1,<environment.Job instance at 0x7fa25744f960>,17,14,[12  5],18,-1,32,-1,18
1,<environment.Job instance at 0x7fa256d7e050>,8,27,[7 3],9,-1,45,-1,18
1,<environment.Job instance at 0x7fa256d64140>,18,14,[12  2],19,-1,33,-1,19
1,<environment.Job instance at 0x7fa256d64820>,19,23,[ 5 11],20,-1,43,-1,20
1,<environment.Job instance at 0x7fa256d64f00>,21,14,[ 3 11],22,-1,36,-1,22
1,<environment.Job instance at 0x7fa256d640a0>,22,15,[11  2],23,-1,38,-1,23
1,<environment.Job instance at 0x7fa256d64af0>,23,17,[ 5 11],24,-1,41,-1,24
1,<environment.Job instance at 0x7fa25743f6e0>,30,15,[13  3],31,-1,64,-1,49
1,<environment.Job instance at 0x7fa2574626e0>,31,17,[ 1 14],32,-1,66,-1,49
1,<environment.Job instance at 0x7fa257446280>,33,28,[ 5 13],34,-1,82,-1,54
1,<environment.Job instance at 0x7fa256f12050>,34,15,[12  1],35,-1,69,-1,54
1,<environment.Job instance at 0x7fa257446b90>,35,25,[ 5 14],36,-1,79,-1,54
1,<environment.Job instance at 0x7fa2574627d0>,29,25,[9 4],30,-1,93,-1,68
1,<environment.Job instance at 0x7fa257465280>,38,27,[10  5],39,-1,95,-1,68
1,<environment.Job instance at 0x7fa257465c80>,39,18,[11  4],40,-1,86,-1,68
1,<environment.Job instance at 0x7fa2574655f0>,40,14,[14  4],41,-1,82,-1,68
1,<environment.Job instance at 0x7fa257465eb0>,41,26,[ 5 12],42,-1,94,-1,68
1,<environment.Job instance at 0x7fa257465be0>,43,16,[13  4],44,-1,84,-1,68
1,<environment.Job instance at 0x7fa25746e5f0>,45,16,[ 5 12],46,-1,98,-1,82
1,<environment.Job instance at 0x7fa257446b40>,37,26,[4 9],38,-1,109,-1,83
1,<environment.Job instance at 0x7fa25744a460>,48,26,[6 4],49,-1,109,-1,83
1,<environment.Job instance at 0x7fa2563754b0>,49,27,[3 5],50,-1,110,-1,83
1,<environment.Job instance at 0x7fa256d79be0>,52,14,[12  4],53,-1,97,-1,83
1,<environment.Job instance at 0x7fa25724d050>,54,12,[12  1],55,-1,95,-1,83
1,<environment.Job instance at 0x7fa2563231e0>,55,21,[12  3],56,-1,104,-1,83
1,<environment.Job instance at 0x7fa255b15fa0>,56,12,[ 5 13],57,-1,95,-1,83
1,<environment.Job instance at 0x7fa256b33690>,57,12,[11  4],58,-1,95,-1,83
1,<environment.Job instance at 0x7fa256b33a00>,58,15,[ 1 12],59,-1,98,-1,83
1,<environment.Job instance at 0x7fa257408690>,60,28,[7 1],61,-1,111,-1,83
1,<environment.Job instance at 0x7fa256370dc0>,61,12,[13  3],62,-1,95,-1,83
1,<environment.Job instance at 0x7fa256370050>,62,16,[ 3 12],63,-1,99,-1,83
1,<environment.Job instance at 0x7fa256c7d7d0>,63,22,[ 5 14],64,-1,105,-1,83
1,<environment.Job instance at 0x7fa256d0f0a0>,64,28,[2 9],65,-1,111,-1,83
1,<environment.Job instance at 0x7fa2568b9dc0>,65,19,[ 4 14],66,-1,102,-1,83
1,<environment.Job instance at 0x7fa2568b9870>,66,23,[9 5],67,-1,120,-1,97
1,<environment.Job instance at 0x7fa256269f00>,68,27,[13  3],69,-1,124,-1,97
1,<environment.Job instance at 0x7fa2568b9460>,69,17,[ 4 12],70,-1,114,-1,97
1,<environment.Job instance at 0x7fa25746d6e0>,71,24,[5 4],72,-1,122,-1,98
1,<environment.Job instance at 0x7fa256521b90>,72,20,[ 1 13],73,-1,118,-1,98
1,<environment.Job instance at 0x7fa256f8cb40>,74,27,[ 3 14],75,-1,125,-1,98
1,<environment.Job instance at 0x7fa2568ca230>,76,27,[3 6],77,-1,141,-1,114
1,<environment.Job instance at 0x7fa25670e500>,79,28,[12  3],80,-1,142,-1,114
1,<environment.Job instance at 0x7fa257041190>,81,12,[ 3 13],82,-1,138,-1,126
1,<environment.Job instance at 0x7fa257041550>,82,17,[14  5],83,-1,143,-1,126
1,<environment.Job instance at 0x7fa255e26a00>,83,15,[14  2],84,-1,141,-1,126
1,<environment.Job instance at 0x7fa25ff7a820>,84,15,[ 1 12],85,-1,141,-1,126
1,<environment.Job instance at 0x7fa25670ec30>,80,27,[5 2],81,-1,158,-1,131
1,<environment.Job instance at 0x7fa2573d6140>,0,18,[3 9],1,-1,19,-1,1
1,<environment.Job instance at 0x7fa2564170f0>,11,18,[10  5],12,-1,39,-1,21
1,<environment.Job instance at 0x7fa25692cf00>,1,14,[ 3 13],2,-1,16,-1,2
1,<environment.Job instance at 0x7fa25692c9b0>,2,23,[6 1],3,-1,26,-1,3
1,<environment.Job instance at 0x7fa25692c870>,3,19,[12  4],4,-1,23,-1,4
1,<environment.Job instance at 0x7fa25692cd70>,5,16,[13  3],6,-1,22,-1,6
1,<environment.Job instance at 0x7fa25651f910>,9,12,[ 1 13],10,-1,22,-1,10
1,<environment.Job instance at 0x7fa25692c5a0>,8,26,[1 8],9,-1,45,-1,19
1,<environment.Job instance at 0x7fa256d60050>,10,26,[ 2 10],11,-1,45,-1,19
1,<environment.Job instance at 0x7fa256d60b90>,14,16,[ 3 12],15,-1,35,-1,19
1,<environment.Job instance at 0x7fa256d600a0>,15,26,[ 5 13],16,-1,45,-1,19
1,<environment.Job instance at 0x7fa256d601e0>,17,15,[11  1],18,-1,34,-1,19
1,<environment.Job instance at 0x7fa256d60cd0>,18,19,[13  4],19,-1,38,-1,19
1,<environment.Job instance at 0x7fa256345b90>,20,12,[ 3 11],21,-1,43,-1,31
1,<environment.Job instance at 0x7fa256d5f370>,24,16,[14  2],25,-1,51,-1,35
1,<environment.Job instance at 0x7fa256d5f640>,25,23,[ 1 11],26,-1,58,-1,35
1,<environment.Job instance at 0x7fa256d5f960>,27,24,[12  4],28,-1,67,-1,43
1,<environment.Job instance at 0x7fa256d5f3c0>,28,16,[11  3],29,-1,59,-1,43
1,<environment.Job instance at 0x7fa256d5f460>,29,16,[11  5],30,-1,59,-1,43
1,<environment.Job instance at 0x7fa2573cef50>,31,22,[ 4 11],32,-1,69,-1,47
1,<environment.Job instance at 0x7fa255e41eb0>,32,18,[ 3 13],33,-1,65,-1,47
1,<environment.Job instance at 0x7fa255e41730>,33,17,[12  4],34,-1,64,-1,47
1,<environment.Job instance at 0x7fa2570e4dc0>,34,12,[14  4],35,-1,59,-1,47
1,<environment.Job instance at 0x7fa2570417d0>,36,22,[ 2 13],37,-1,70,-1,48
1,<environment.Job instance at 0x7fa2568d9730>,37,12,[ 3 11],38,-1,60,-1,48
1,<environment.Job instance at 0x7fa25670e550>,39,14,[ 1 12],40,-1,75,-1,61
1,<environment.Job instance at 0x7fa25670e0a0>,40,16,[13  3],41,-1,77,-1,61
1,<environment.Job instance at 0x7fa255e26460>,42,23,[11  1],43,-1,84,-1,61
1,<environment.Job instance at 0x7fa256f23730>,44,18,[ 1 13],45,-1,79,-1,61
1,<environment.Job instance at 0x7fa25746d1e0>,46,13,[11  3],47,-1,74,-1,61
1,<environment.Job instance at 0x7fa2568b9dc0>,47,28,[7 5],48,-1,103,-1,75
1,<environment.Job instance at 0x7fa25746d8c0>,49,27,[9 3],50,-1,102,-1,75
1,<environment.Job instance at 0x7fa2568b9370>,50,18,[13  1],51,-1,93,-1,75
1,<environment.Job instance at 0x7fa255b15fa0>,54,23,[11  1],55,-1,100,-1,77
1,<environment.Job instance at 0x7fa2568eccd0>,55,20,[13  4],56,-1,97,-1,77
1,<environment.Job instance at 0x7fa2568eca00>,56,22,[ 1 11],57,-1,99,-1,77
1,<environment.Job instance at 0x7fa256ccb460>,57,26,[ 5 12],58,-1,103,-1,77
1,<environment.Job instance at 0x7fa256f00550>,60,21,[ 1 12],61,-1,113,-1,92
1,<environment.Job instance at 0x7fa256d79410>,61,16,[ 2 13],62,-1,108,-1,92
1,<environment.Job instance at 0x7fa256375a00>,62,23,[7 1],63,-1,115,-1,92
1,<environment.Job instance at 0x7fa25744a230>,63,13,[13  4],64,-1,105,-1,92
1,<environment.Job instance at 0x7fa25744a460>,64,18,[14  3],65,-1,110,-1,92
1,<environment.Job instance at 0x7fa256b33a00>,58,26,[2 8],59,-1,118,-1,92
1,<environment.Job instance at 0x7fa25746e640>,66,24,[14  5],67,-1,116,-1,92
1,<environment.Job instance at 0x7fa25746e6e0>,67,25,[ 4 12],68,-1,117,-1,92
1,<environment.Job instance at 0x7fa257465140>,69,18,[12  3],70,-1,110,-1,92
1,<environment.Job instance at 0x7fa2574655f0>,71,18,[ 2 11],72,-1,122,-1,104
1,<environment.Job instance at 0x7fa256f12050>,72,13,[11  3],73,-1,117,-1,104
1,<environment.Job instance at 0x7fa257465aa0>,73,18,[13  2],74,-1,122,-1,104
1,<environment.Job instance at 0x7fa256d0f0a0>,52,25,[10  1],53,-1,132,-1,107
1,<environment.Job instance at 0x7fa257446fa0>,75,23,[ 5 13],76,-1,130,-1,107
1,<environment.Job instance at 0x7fa257465c30>,74,28,[7 1],75,-1,135,-1,107
1,<environment.Job instance at 0x7fa256b32e10>,78,25,[ 2 12],79,-1,132,-1,107
1,<environment.Job instance at 0x7fa2574461e0>,79,12,[ 4 14],80,-1,119,-1,107
1,<environment.Job instance at 0x7fa257446b90>,76,23,[2 7],77,-1,142,-1,119
1,<environment.Job instance at 0x7fa25743f730>,81,23,[11  2],82,-1,142,-1,119
1,<environment.Job instance at 0x7fa2574627d0>,77,28,[ 1 10],78,-1,147,-1,119
1,<environment.Job instance at 0x7fa257462780>,80,28,[10  3],81,-1,151,-1,123
1,<environment.Job instance at 0x7fa256d64af0>,85,16,[12  5],86,-1,139,-1,123
1,<environment.Job instance at 0x7fa256d649b0>,86,22,[ 3 12],87,-1,145,-1,123
1,<environment.Job instance at 0x7fa256d64f00>,87,14,[12  4],88,-1,137,-1,123
1,<environment.Job instance at 0x7fa256d648c0>,88,28,[11  3],89,-1,151,-1,123
1,<environment.Job instance at 0x7fa256d646e0>,89,24,[ 5 12],90,-1,147,-1,123
1,<environment.Job instance at 0x7fa25744f910>,90,27,[2 5],91,-1,150,-1,123
1,<environment.Job instance at 0x7fa25744faf0>,91,13,[ 3 13],92,-1,136,-1,123
1,<environment.Job instance at 0x7fa256b13c80>,92,23,[14  4],93,-1,146,-1,123
1,<environment.Job instance at 0x7fa25744f3c0>,93,17,[13  5],94,-1,140,-1,123
1,<environment.Job instance at 0x7fa256d8bb90>,94,22,[13  1],95,-1,145,-1,123
1,<environment.Job instance at 0x7fa256d8bb40>,95,24,[12  4],96,-1,147,-1,123
1,<environment.Job instance at 0x7fa256435230>,96,25,[6 3],97,-1,148,-1,123
1,<environment.Job instance at 0x7fa256435cd0>,97,27,[9 5],98,-1,150,-1,123
1,<environment.Job instance at 0x7fa256d7e410>,98,18,[ 3 11],99,-1,141,-1,123
1,<environment.Job instance at 0x7fa256d7e050>,99,14,[ 2 13],100,-1,137,-1,123
1,<environment.Job instance at 0x7fa25743f0f0>,84,27,[1 7],85,-1,150,-1,123
1,<environment.Job instance at 0x7fa2569cb7d0>,101,23,[3 9],102,-1,158,-1,135
1,<environment.Job instance at 0x7fa256ea4aa0>,104,17,[ 4 14],105,-1,153,-1,136
1,<environment.Job instance at 0x7fa2573bd4b0>,105,15,[ 2 14],106,-1,151,-1,136
1,<environment.Job instance at 0x7fa256d64dc0>,0,16,[10  4],1,-1,18,-1,2
1,<environment.Job instance at 0x7fa256d644b0>,1,16,[11  2],2,-1,18,-1,2
1,<environment.Job instance at 0x7fa256f5a5f0>,2,17,[3 9],3,-1,20,-1,3
1,<environment.Job instance at 0x7fa255e7e960>,1,16,[11  2],2,-1,18,-1,2
1,<environment.Job instance at 0x7fa255e7e1e0>,3,23,[14  2],4,-1,27,-1,4
1,<environment.Job instance at 0x7fa255e7e370>,5,12,[12  5],6,-1,18,-1,6
1,<environment.Job instance at 0x7fa255e7e4b0>,6,28,[ 2 11],7,-1,35,-1,7
1,<environment.Job instance at 0x7fa255e7ea00>,9,23,[14  3],10,-1,33,-1,10
1,<environment.Job instance at 0x7fa255e7eaa0>,10,18,[ 3 13],11,-1,29,-1,11
1,<environment.Job instance at 0x7fa255e7ee10>,11,12,[13  1],12,-1,24,-1,12
1,<environment.Job instance at 0x7fa255e7ed70>,12,16,[ 4 12],13,-1,29,-1,13
1,<environment.Job instance at 0x7fa255e7e500>,7,26,[9 1],8,-1,43,-1,17
1,<environment.Job instance at 0x7fa255e7e3c0>,4,24,[5 9],5,-1,44,-1,20
1,<environment.Job instance at 0x7fa255e7e140>,17,26,[13  1],18,-1,46,-1,20
1,<environment.Job instance at 0x7fa2573d6410>,19,16,[14  1],20,-1,36,-1,20
1,<environment.Job instance at 0x7fa255e7ee60>,13,25,[1 8],14,-1,45,-1,20
1,<environment.Job instance at 0x7fa2573d6d20>,22,22,[14  5],23,-1,45,-1,23
1,<environment.Job instance at 0x7fa256d73140>,23,26,[4 8],24,-1,58,-1,32
1,<environment.Job instance at 0x7fa256d7e140>,29,23,[ 5 11],30,-1,70,-1,47
1,<environment.Job instance at 0x7fa256d7ee60>,30,24,[9 1],31,-1,85,-1,61
1,<environment.Job instance at 0x7fa256d7e5a0>,33,13,[11  2],34,-1,74,-1,61
1,<environment.Job instance at 0x7fa256435230>,35,26,[11  3],36,-1,93,-1,67
1,<environment.Job instance at 0x7fa256d8baa0>,36,25,[5 3],37,-1,92,-1,67
1,<environment.Job instance at 0x7fa25744f910>,38,21,[ 3 11],39,-1,88,-1,67
1,<environment.Job instance at 0x7fa25743f8c0>,42,27,[7 2],43,-1,103,-1,76
1,<environment.Job instance at 0x7fa25743f730>,43,12,[13  2],44,-1,88,-1,76
1,<environment.Job instance at 0x7fa2574627d0>,45,12,[ 2 14],46,-1,89,-1,77
1,<environment.Job instance at 0x7fa2574461e0>,46,17,[ 1 12],47,-1,94,-1,77
1,<environment.Job instance at 0x7fa257446be0>,47,22,[13  4],48,-1,99,-1,77
1,<environment.Job instance at 0x7fa257446fa0>,48,18,[ 5 12],49,-1,95,-1,77
1,<environment.Job instance at 0x7fa257465aa0>,49,25,[12  1],50,-1,102,-1,77
1,<environment.Job instance at 0x7fa257465140>,50,26,[12  2],51,-1,103,-1,77
1,<environment.Job instance at 0x7fa257465eb0>,51,25,[4 8],52,-1,104,-1,79
1,<environment.Job instance at 0x7fa2574655f0>,53,12,[13  2],54,-1,91,-1,79
1,<environment.Job instance at 0x7fa25746e5f0>,55,26,[2 8],56,-1,120,-1,94
1,<environment.Job instance at 0x7fa25746e690>,56,23,[4 7],57,-1,117,-1,94
1,<environment.Job instance at 0x7fa25744af50>,58,14,[ 2 13],59,-1,108,-1,94
1,<environment.Job instance at 0x7fa257408d70>,62,27,[ 1 13],63,-1,137,-1,110
1,<environment.Job instance at 0x7fa257408690>,63,18,[11  3],64,-1,128,-1,110
1,<environment.Job instance at 0x7fa2568ec870>,65,13,[12  1],66,-1,127,-1,114
1,<environment.Job instance at 0x7fa257179910>,66,12,[12  5],67,-1,126,-1,114
1,<environment.Job instance at 0x7fa256c7d7d0>,67,12,[ 3 12],68,-1,126,-1,114
1,<environment.Job instance at 0x7fa255b15fa0>,61,23,[8 4],62,-1,149,-1,126
1,<environment.Job instance at 0x7fa25746d6e0>,69,23,[4 9],70,-1,149,-1,126
1,<environment.Job instance at 0x7fa25746d1e0>,71,27,[2 7],72,-1,158,-1,131
1,<environment.Job instance at 0x7fa256f8cb40>,74,14,[ 2 11],75,-1,153,-1,139
1,<environment.Job instance at 0x7fa255e26190>,75,23,[ 3 14],76,-1,162,-1,139
1,<environment.Job instance at 0x7fa2574c2140>,0,18,[1 7],1,-1,19,-1,1
1,<environment.Job instance at 0x7fa2574c2dc0>,1,19,[4 6],2,-1,21,-1,2
1,<environment.Job instance at 0x7fa2574c2e10>,3,17,[2 8],4,-1,22,-1,5
1,<environment.Job instance at 0x7fa2574c2870>,4,27,[6 4],5,-1,32,-1,5
1,<environment.Job instance at 0x7fa255f5dfa0>,14,18,[3 9],15,-1,33,-1,15
1,<environment.Job instance at 0x7fa255f5df00>,7,15,[9 5],8,-1,31,-1,16
1,<environment.Job instance at 0x7fa255f5d050>,13,13,[9 1],14,-1,34,-1,21
1,<environment.Job instance at 0x7fa25fa06820>,16,23,[1 5],17,-1,46,-1,23
1,<environment.Job instance at 0x7fa2565b5a50>,2,28,[ 5 13],3,-1,31,-1,3
1,<environment.Job instance at 0x7fa256579820>,5,13,[11  2],6,-1,19,-1,6
1,<environment.Job instance at 0x7fa256579cd0>,6,17,[ 2 14],7,-1,24,-1,7
1,<environment.Job instance at 0x7fa255cd3eb0>,4,27,[6 4],5,-1,46,-1,19
1,<environment.Job instance at 0x7fa255ed6320>,10,25,[1 6],11,-1,44,-1,19
1,<environment.Job instance at 0x7fa255ed64b0>,11,20,[11  1],12,-1,39,-1,19
1,<environment.Job instance at 0x7fa256588820>,15,12,[ 1 13],16,-1,31,-1,19
1,<environment.Job instance at 0x7fa2565aeaf0>,16,23,[1 5],17,-1,42,-1,19
1,<environment.Job instance at 0x7fa2565ae5a0>,17,14,[ 3 11],18,-1,33,-1,19
1,<environment.Job instance at 0x7fa255cee280>,19,15,[14  1],20,-1,35,-1,20
1,<environment.Job instance at 0x7fa255ceeaf0>,21,15,[14  4],22,-1,47,-1,32
1,<environment.Job instance at 0x7fa255cee050>,23,20,[12  3],24,-1,52,-1,32
1,<environment.Job instance at 0x7fa255cee4b0>,24,20,[ 4 11],25,-1,52,-1,32
1,<environment.Job instance at 0x7fa25659fdc0>,25,19,[ 2 13],26,-1,51,-1,32
1,<environment.Job instance at 0x7fa25659f460>,26,15,[14  2],27,-1,47,-1,32
1,<environment.Job instance at 0x7fa25659f960>,27,12,[13  3],28,-1,44,-1,32
1,<environment.Job instance at 0x7fa255ceeb40>,22,25,[ 5 10],23,-1,58,-1,33
1,<environment.Job instance at 0x7fa25624dd70>,29,21,[11  1],30,-1,54,-1,33
1,<environment.Job instance at 0x7fa2565ac190>,31,25,[10  4],32,-1,72,-1,47
1,<environment.Job instance at 0x7fa2565aca50>,32,23,[8 3],33,-1,70,-1,47
1,<environment.Job instance at 0x7fa2565aca00>,34,18,[14  3],35,-1,65,-1,47
1,<environment.Job instance at 0x7fa2565ac0a0>,35,13,[11  5],36,-1,60,-1,47
1,<environment.Job instance at 0x7fa256275230>,37,20,[12  2],38,-1,67,-1,47
1,<environment.Job instance at 0x7fa256275b90>,39,28,[8 4],40,-1,90,-1,62
1,<environment.Job instance at 0x7fa255ed46e0>,40,17,[ 3 13],41,-1,79,-1,62
1,<environment.Job instance at 0x7fa256e936e0>,42,18,[11  5],43,-1,80,-1,62
1,<environment.Job instance at 0x7fa256247280>,44,19,[12  3],45,-1,81,-1,62
1,<environment.Job instance at 0x7fa256247d20>,45,27,[ 1 13],46,-1,89,-1,62
1,<environment.Job instance at 0x7fa256247a00>,46,18,[11  3],47,-1,80,-1,62
1,<environment.Job instance at 0x7fa25659b0a0>,48,21,[ 5 12],49,-1,83,-1,62
1,<environment.Job instance at 0x7fa256e8d5f0>,51,19,[ 2 13],52,-1,95,-1,76
1,<environment.Job instance at 0x7fa256e84e60>,52,24,[ 4 12],53,-1,100,-1,76
1,<environment.Job instance at 0x7fa25626ea00>,54,23,[ 4 11],55,-1,113,-1,90
1,<environment.Job instance at 0x7fa25695e320>,55,15,[14  2],56,-1,105,-1,90
1,<environment.Job instance at 0x7fa256e984b0>,58,24,[4 6],59,-1,126,-1,102
1,<environment.Job instance at 0x7fa256271780>,59,23,[13  5],60,-1,125,-1,102
1,<environment.Job instance at 0x7fa256e7f6e0>,60,28,[14  2],61,-1,130,-1,102
1,<environment.Job instance at 0x7fa256e94f00>,64,22,[14  1],65,-1,143,-1,121
1,<environment.Job instance at 0x7fa256a1b3c0>,65,22,[13  1],66,-1,143,-1,121
1,<environment.Job instance at 0x7fa25638ba00>,67,22,[ 2 12],68,-1,147,-1,125
1,<environment.Job instance at 0x7fa256a1bcd0>,66,24,[5 7],67,-1,162,-1,138
1,<environment.Job instance at 0x7fa256e7e190>,69,26,[7 1],70,-1,164,-1,138
1,<environment.Job instance at 0x7fa2569525a0>,0,26,[5 7],1,-1,27,-1,1
1,<environment.Job instance at 0x7fa256952c80>,4,18,[5 9],5,-1,24,-1,6
1,<environment.Job instance at 0x7fa2569528c0>,5,18,[12  1],6,-1,25,-1,7
1,<environment.Job instance at 0x7fa256952dc0>,8,18,[5 6],9,-1,28,-1,10
1,<environment.Job instance at 0x7fa2560ea8c0>,0,26,[5 7],1,-1,27,-1,1
1,<environment.Job instance at 0x7fa2560d1550>,1,16,[ 2 14],2,-1,18,-1,2
1,<environment.Job instance at 0x7fa2560ea910>,2,12,[ 5 13],3,-1,15,-1,3
1,<environment.Job instance at 0x7fa2560c09b0>,5,18,[12  1],6,-1,24,-1,6
1,<environment.Job instance at 0x7fa2560c0910>,6,27,[13  3],7,-1,34,-1,7
1,<environment.Job instance at 0x7fa2560d0690>,9,27,[ 5 14],10,-1,37,-1,10
1,<environment.Job instance at 0x7fa2560f5d70>,10,19,[13  4],11,-1,30,-1,11
1,<environment.Job instance at 0x7fa256253370>,11,15,[11  4],12,-1,27,-1,12
1,<environment.Job instance at 0x7fa2560f5b40>,12,17,[14  1],13,-1,30,-1,13
1,<environment.Job instance at 0x7fa2560f5c30>,14,24,[ 1 12],15,-1,39,-1,15
1,<environment.Job instance at 0x7fa2560bfe10>,15,15,[13  2],16,-1,31,-1,16
1,<environment.Job instance at 0x7fa2562fe6e0>,16,16,[14  2],17,-1,33,-1,17
1,<environment.Job instance at 0x7fa2560c67d0>,19,23,[11  2],20,-1,43,-1,20
1,<environment.Job instance at 0x7fa25626d280>,23,22,[ 2 12],24,-1,57,-1,35
1,<environment.Job instance at 0x7fa2562526e0>,24,28,[ 3 11],25,-1,63,-1,35
1,<environment.Job instance at 0x7fa256252550>,25,22,[ 3 13],26,-1,57,-1,35
1,<environment.Job instance at 0x7fa25623d4b0>,28,28,[9 5],29,-1,63,-1,35
1,<environment.Job instance at 0x7fa25623d370>,29,13,[13  1],30,-1,48,-1,35
1,<environment.Job instance at 0x7fa2563b0550>,32,23,[5 2],33,-1,70,-1,47
1,<environment.Job instance at 0x7fa2563b0a50>,33,22,[12  2],34,-1,69,-1,47
1,<environment.Job instance at 0x7fa25638ba00>,35,15,[11  3],36,-1,62,-1,47
1,<environment.Job instance at 0x7fa256e94f00>,36,28,[4 7],37,-1,76,-1,48
1,<environment.Job instance at 0x7fa2563b05f0>,38,28,[ 4 10],39,-1,88,-1,60
1,<environment.Job instance at 0x7fa2563b03c0>,39,16,[11  3],40,-1,76,-1,60
1,<environment.Job instance at 0x7fa25626eb90>,41,27,[14  2],42,-1,87,-1,60
1,<environment.Job instance at 0x7fa255ed46e0>,42,16,[13  2],43,-1,76,-1,60
1,<environment.Job instance at 0x7fa256e8d230>,43,14,[12  1],44,-1,74,-1,60
1,<environment.Job instance at 0x7fa256952280>,46,25,[ 4 13],47,-1,85,-1,60
1,<environment.Job instance at 0x7fa256952690>,47,20,[13  1],48,-1,80,-1,60
1,<environment.Job instance at 0x7fa256e629b0>,48,27,[10  4],49,-1,100,-1,73
1,<environment.Job instance at 0x7fa256e62230>,52,26,[ 4 13],53,-1,100,-1,74
1,<environment.Job instance at 0x7fa256e62640>,54,23,[7 4],55,-1,111,-1,88
1,<environment.Job instance at 0x7fa256e62a50>,55,23,[5 6],56,-1,115,-1,92
1,<environment.Job instance at 0x7fa256e625f0>,51,24,[ 4 10],52,-1,116,-1,92
1,<environment.Job instance at 0x7fa256e62e60>,57,25,[ 5 14],58,-1,117,-1,92
1,<environment.Job instance at 0x7fa256e62460>,60,27,[ 5 11],61,-1,119,-1,92
1,<environment.Job instance at 0x7fa256e62870>,63,27,[5 6],64,-1,135,-1,108
1,<environment.Job instance at 0x7fa256e5d460>,66,26,[ 2 12],67,-1,147,-1,121
1,<environment.Job instance at 0x7fa256506960>,8,27,[ 1 10],9,-1,54,-1,27
1,<environment.Job instance at 0x7fa255c69c30>,7,27,[ 1 11],8,-1,54,-1,27
1,<environment.Job instance at 0x7fa2562acfa0>,14,12,[ 2 10],15,-1,39,-1,27
1,<environment.Job instance at 0x7fa2562ace10>,15,12,[9 5],16,-1,39,-1,27
1,<environment.Job instance at 0x7fa2562acbe0>,18,28,[4 8],19,-1,108,-1,80
1,<environment.Job instance at 0x7fa2562ac140>,24,20,[ 4 13],25,-1,121,-1,101
1,<environment.Job instance at 0x7fa2562ac0f0>,20,27,[9 5],21,-1,128,-1,101
1,<environment.Job instance at 0x7fa2562ace60>,25,19,[11  2],26,-1,120,-1,101
1,<environment.Job instance at 0x7fa2562acd70>,26,26,[ 3 10],27,-1,127,-1,101
1,<environment.Job instance at 0x7fa2562ac9b0>,17,26,[2 5],18,-1,127,-1,101
1,<environment.Job instance at 0x7fa2562ac820>,30,25,[9 1],31,-1,126,-1,101
1,<environment.Job instance at 0x7fa256506500>,11,13,[14  1],12,-1,115,-1,102
1,<environment.Job instance at 0x7fa2562ac4b0>,31,16,[4 7],32,-1,119,-1,103
1,<environment.Job instance at 0x7fa2562acaf0>,28,19,[ 2 11],29,-1,122,-1,103
1,<environment.Job instance at 0x7fa2562ac050>,33,25,[5 6],34,-1,128,-1,103
1,<environment.Job instance at 0x7fa2562ac8c0>,32,15,[14  1],33,-1,121,-1,106
1,<environment.Job instance at 0x7fa256f79230>,35,24,[ 3 13],36,-1,130,-1,106
1,<environment.Job instance at 0x7fa256f79820>,37,24,[14  5],38,-1,130,-1,106
1,<environment.Job instance at 0x7fa256f79aa0>,34,28,[1 5],35,-1,134,-1,106
1,<environment.Job instance at 0x7fa256f79c30>,40,21,[7 3],41,-1,127,-1,106
1,<environment.Job instance at 0x7fa256f79640>,41,23,[9 5],42,-1,129,-1,106
1,<environment.Job instance at 0x7fa256e91550>,0,26,[10  2],1,-1,27,-1,1
1,<environment.Job instance at 0x7fa256e914b0>,1,15,[11  1],2,-1,17,-1,2
1,<environment.Job instance at 0x7fa256e91140>,2,21,[13  4],3,-1,24,-1,3
1,<environment.Job instance at 0x7fa256e910f0>,3,20,[ 2 11],4,-1,24,-1,4
1,<environment.Job instance at 0x7fa256e91820>,6,15,[11  1],7,-1,22,-1,7
1,<environment.Job instance at 0x7fa256e91f00>,7,27,[ 1 11],8,-1,35,-1,8
1,<environment.Job instance at 0x7fa256e91af0>,10,14,[ 4 11],11,-1,25,-1,11
1,<environment.Job instance at 0x7fa256e911e0>,11,13,[14  1],12,-1,25,-1,12
1,<environment.Job instance at 0x7fa256e91320>,8,27,[ 1 10],9,-1,50,-1,23
1,<environment.Job instance at 0x7fa256e623c0>,17,26,[2 5],18,-1,49,-1,23
1,<environment.Job instance at 0x7fa256e62fa0>,18,28,[4 8],19,-1,51,-1,23
1,<environment.Job instance at 0x7fa256e62870>,19,28,[1 5],20,-1,51,-1,23
1,<environment.Job instance at 0x7fa256e62690>,20,27,[9 5],21,-1,55,-1,28
1,<environment.Job instance at 0x7fa256e62410>,22,22,[ 2 12],23,-1,50,-1,28
1,<environment.Job instance at 0x7fa256e62b90>,24,20,[ 4 13],25,-1,48,-1,28
1,<environment.Job instance at 0x7fa256e62a00>,25,19,[11  2],26,-1,47,-1,28
1,<environment.Job instance at 0x7fa256e62640>,27,13,[12  3],28,-1,41,-1,28
1,<environment.Job instance at 0x7fa256e620a0>,28,19,[ 2 11],29,-1,48,-1,29
1,<environment.Job instance at 0x7fa256e62f00>,29,17,[ 5 14],30,-1,47,-1,30
1,<environment.Job instance at 0x7fa256e62820>,26,26,[ 3 10],27,-1,61,-1,35
1,<environment.Job instance at 0x7fa256e62f50>,32,15,[14  1],33,-1,50,-1,35
1,<environment.Job instance at 0x7fa256e62370>,30,25,[9 1],31,-1,65,-1,40
1,<environment.Job instance at 0x7fa256ed6aa0>,34,28,[1 5],35,-1,68,-1,40
1,<environment.Job instance at 0x7fa256952a50>,35,24,[ 3 13],36,-1,64,-1,40
1,<environment.Job instance at 0x7fa25626eaf0>,37,24,[14  5],38,-1,64,-1,40
1,<environment.Job instance at 0x7fa256e94050>,39,27,[ 1 11],40,-1,67,-1,40
1,<environment.Job instance at 0x7fa256e94140>,38,25,[7 4],39,-1,80,-1,55
1,<environment.Job instance at 0x7fa25626eb90>,41,23,[9 5],42,-1,78,-1,55
1,<environment.Job instance at 0x7fa256252550>,42,23,[ 5 14],43,-1,78,-1,55
1,<environment.Job instance at 0x7fa256252640>,43,16,[ 2 13],44,-1,71,-1,55
1,<environment.Job instance at 0x7fa25626d2d0>,45,12,[13  4],46,-1,67,-1,55
1,<environment.Job instance at 0x7fa25626daf0>,46,12,[ 3 14],47,-1,67,-1,55
1,<environment.Job instance at 0x7fa256e627d0>,33,25,[5 6],34,-1,80,-1,55
1,<environment.Job instance at 0x7fa2560bf7d0>,49,20,[11  2],50,-1,75,-1,55
1,<environment.Job instance at 0x7fa2560bf4b0>,50,13,[ 1 13],51,-1,68,-1,55
1,<environment.Job instance at 0x7fa2560bfaf0>,53,13,[12  1],54,-1,71,-1,58
1,<environment.Job instance at 0x7fa2560f5d20>,55,26,[ 5 10],56,-1,97,-1,71
1,<environment.Job instance at 0x7fa2560f55f0>,56,27,[ 2 13],57,-1,98,-1,71
1,<environment.Job instance at 0x7fa2560c0a50>,58,26,[14  2],59,-1,98,-1,72
1,<environment.Job instance at 0x7fa2560c0870>,60,13,[12  2],61,-1,85,-1,72
1,<environment.Job instance at 0x7fa2560c0910>,59,27,[ 1 10],60,-1,115,-1,88
1,<environment.Job instance at 0x7fa2560d0690>,62,26,[11  4],63,-1,114,-1,88
1,<environment.Job instance at 0x7fa2560d15f0>,64,26,[14  4],65,-1,114,-1,88
1,<environment.Job instance at 0x7fa256e5d5a0>,67,13,[ 2 12],68,-1,116,-1,103
1,<environment.Job instance at 0x7fa256e5dfa0>,69,18,[ 1 13],70,-1,127,-1,109
1,<environment.Job instance at 0x7fa256e5de60>,70,12,[12  2],71,-1,121,-1,109
1,<environment.Job instance at 0x7fa256e5d050>,73,13,[ 4 14],74,-1,138,-1,125
1,<environment.Job instance at 0x7fa256e5d6e0>,74,15,[ 1 11],75,-1,140,-1,125
1,<environment.Job instance at 0x7fa256e5dbe0>,76,25,[13  5],77,-1,155,-1,130
1,<environment.Job instance at 0x7fa257066e60>,1,16,[4 8],2,-1,19,-1,3
1,<environment.Job instance at 0x7fa257066640>,4,19,[5 3],5,-1,24,-1,5
1,<environment.Job instance at 0x7fa256a7b550>,6,15,[ 5 10],7,-1,24,-1,9
1,<environment.Job instance at 0x7fa256a6d050>,10,13,[4 8],11,-1,30,-1,17
1,<environment.Job instance at 0x7fa256a6dd20>,15,28,[5 5],16,-1,45,-1,17
1,<environment.Job instance at 0x7fa25609d190>,0,27,[ 1 12],1,-1,28,-1,1
1,<environment.Job instance at 0x7fa256960410>,3,14,[ 3 13],4,-1,18,-1,4
1,<environment.Job instance at 0x7fa2569ab640>,5,27,[ 4 11],6,-1,33,-1,6
1,<environment.Job instance at 0x7fa2562db0f0>,8,18,[13  2],9,-1,27,-1,9
1,<environment.Job instance at 0x7fa2567c4e10>,9,24,[11  3],10,-1,34,-1,10
1,<environment.Job instance at 0x7fa25695dc30>,11,12,[ 5 12],12,-1,24,-1,12
1,<environment.Job instance at 0x7fa2567ea050>,12,28,[4 5],13,-1,46,-1,18
1,<environment.Job instance at 0x7fa257033230>,14,28,[9 1],15,-1,46,-1,18
1,<environment.Job instance at 0x7fa257033b90>,15,28,[5 5],16,-1,46,-1,18
1,<environment.Job instance at 0x7fa257033050>,18,24,[5 3],19,-1,55,-1,31
1,<environment.Job instance at 0x7fa2570332d0>,21,19,[12  3],22,-1,50,-1,31
1,<environment.Job instance at 0x7fa257033d70>,22,25,[2 6],23,-1,57,-1,32
1,<environment.Job instance at 0x7fa257033b40>,23,15,[11  2],24,-1,47,-1,32
1,<environment.Job instance at 0x7fa257033eb0>,24,25,[10  3],25,-1,57,-1,32
1,<environment.Job instance at 0x7fa25673e1e0>,25,28,[4 6],26,-1,60,-1,32
1,<environment.Job instance at 0x7fa25705fe60>,27,18,[11  5],28,-1,50,-1,32
1,<environment.Job instance at 0x7fa25705feb0>,28,23,[ 1 10],29,-1,67,-1,44
1,<environment.Job instance at 0x7fa25705f9b0>,29,17,[ 3 14],30,-1,61,-1,44
1,<environment.Job instance at 0x7fa25629deb0>,31,28,[4 7],32,-1,72,-1,44
1,<environment.Job instance at 0x7fa25705f460>,33,24,[11  4],34,-1,68,-1,44
1,<environment.Job instance at 0x7fa255f7b9b0>,34,21,[13  3],35,-1,65,-1,44
1,<environment.Job instance at 0x7fa255f7b910>,35,14,[12  3],36,-1,58,-1,44
1,<environment.Job instance at 0x7fa25608e2d0>,37,24,[11  4],38,-1,68,-1,44
1,<environment.Job instance at 0x7fa256eb0d20>,40,16,[ 1 12],41,-1,78,-1,62
1,<environment.Job instance at 0x7fa25608e140>,42,12,[ 2 12],43,-1,83,-1,71
1,<environment.Job instance at 0x7fa25607f500>,45,16,[13  1],46,-1,87,-1,71
1,<environment.Job instance at 0x7fa256cd8730>,47,17,[ 3 14],48,-1,96,-1,79
1,<environment.Job instance at 0x7fa2562d2f00>,48,16,[12  1],49,-1,95,-1,79
1,<environment.Job instance at 0x7fa2562d2a00>,49,23,[7 3],50,-1,106,-1,83
1,<environment.Job instance at 0x7fa256082410>,50,17,[13  3],51,-1,100,-1,83
1,<environment.Job instance at 0x7fa256082f50>,52,12,[ 5 11],53,-1,95,-1,83
1,<environment.Job instance at 0x7fa256082230>,53,12,[ 4 14],54,-1,95,-1,83
1,<environment.Job instance at 0x7fa256082e60>,54,27,[13  3],55,-1,110,-1,83
1,<environment.Job instance at 0x7fa25704cf00>,56,16,[11  1],57,-1,110,-1,94
1,<environment.Job instance at 0x7fa25704cf50>,59,20,[12  4],60,-1,116,-1,96
1,<environment.Job instance at 0x7fa256ce0af0>,60,17,[12  3],61,-1,113,-1,96
1,<environment.Job instance at 0x7fa256ce0b40>,62,24,[9 3],63,-1,136,-1,112
1,<environment.Job instance at 0x7fa256084e10>,63,16,[ 2 11],64,-1,128,-1,112
1,<environment.Job instance at 0x7fa256084370>,65,21,[13  1],66,-1,133,-1,112
1,<environment.Job instance at 0x7fa256084320>,66,25,[ 4 13],67,-1,137,-1,112
1,<environment.Job instance at 0x7fa25702fdc0>,68,20,[14  3],69,-1,145,-1,125
1,<environment.Job instance at 0x7fa256cd9320>,69,19,[14  4],70,-1,144,-1,125
1,<environment.Job instance at 0x7fa256cd9550>,70,16,[14  4],71,-1,141,-1,125
1,<environment.Job instance at 0x7fa256d04eb0>,71,26,[ 2 12],72,-1,151,-1,125
1,<environment.Job instance at 0x7fa256d04690>,73,25,[ 5 12],74,-1,151,-1,126
1,<environment.Job instance at 0x7fa256cd94b0>,74,17,[14  4],75,-1,143,-1,126
1,<environment.Job instance at 0x7fa25702e370>,75,27,[ 4 12],76,-1,153,-1,126
1,<environment.Job instance at 0x7fa256da83c0>,1,28,[13  4],2,-1,30,-1,2
1,<environment.Job instance at 0x7fa256da81e0>,2,15,[ 4 13],3,-1,18,-1,3
1,<environment.Job instance at 0x7fa256da3550>,3,28,[11  2],4,-1,32,-1,4
1,<environment.Job instance at 0x7fa256da3690>,4,12,[ 3 12],5,-1,17,-1,5
1,<environment.Job instance at 0x7fa256d07dc0>,5,24,[7 1],6,-1,30,-1,6
1,<environment.Job instance at 0x7fa256cfdf00>,9,23,[2 8],10,-1,33,-1,10
1,<environment.Job instance at 0x7fa256d089b0>,10,15,[ 4 12],11,-1,26,-1,11
1,<environment.Job instance at 0x7fa256d087d0>,11,25,[11  3],12,-1,37,-1,12
1,<environment.Job instance at 0x7fa256dce8c0>,12,28,[5 3],13,-1,41,-1,13
1,<environment.Job instance at 0x7fa256dce820>,15,12,[ 3 13],16,-1,28,-1,16
1,<environment.Job instance at 0x7fa256ce2fa0>,16,27,[ 4 12],17,-1,44,-1,17
1,<environment.Job instance at 0x7fa256ce2dc0>,18,21,[ 2 11],19,-1,40,-1,19
1,<environment.Job instance at 0x7fa256ce3d70>,20,17,[ 4 13],21,-1,38,-1,21
1,<environment.Job instance at 0x7fa256ce35f0>,21,17,[ 1 14],22,-1,39,-1,22
1,<environment.Job instance at 0x7fa256ce3820>,22,13,[13  1],23,-1,36,-1,23
1,<environment.Job instance at 0x7fa256cfde60>,7,24,[6 2],8,-1,51,-1,27
1,<environment.Job instance at 0x7fa256ce2050>,24,13,[11  2],25,-1,40,-1,27
1,<environment.Job instance at 0x7fa256ce6500>,25,16,[13  4],26,-1,43,-1,27
1,<environment.Job instance at 0x7fa256ce64b0>,26,25,[ 1 12],27,-1,52,-1,27
1,<environment.Job instance at 0x7fa256da36e0>,8,23,[7 4],9,-1,50,-1,27
1,<environment.Job instance at 0x7fa256ce1730>,27,19,[14  2],28,-1,47,-1,28
1,<environment.Job instance at 0x7fa256ce1c80>,28,18,[11  2],29,-1,47,-1,29
1,<environment.Job instance at 0x7fa25608a320>,29,27,[ 2 11],30,-1,57,-1,30
1,<environment.Job instance at 0x7fa256ce6410>,30,21,[ 5 12],31,-1,52,-1,31
1,<environment.Job instance at 0x7fa25608a140>,31,27,[5 9],32,-1,59,-1,32
1,<environment.Job instance at 0x7fa256dce910>,14,24,[10  4],15,-1,56,-1,32
1,<environment.Job instance at 0x7fa256ce2140>,19,23,[9 2],20,-1,55,-1,32
1,<environment.Job instance at 0x7fa25608aa00>,32,24,[ 2 12],33,-1,57,-1,33
1,<environment.Job instance at 0x7fa256d04eb0>,33,27,[ 2 11],34,-1,61,-1,34
1,<environment.Job instance at 0x7fa256cd9550>,34,20,[12  2],35,-1,55,-1,35
1,<environment.Job instance at 0x7fa256cd9500>,35,26,[6 1],36,-1,62,-1,36
1,<environment.Job instance at 0x7fa2560844b0>,38,26,[1 6],39,-1,65,-1,39
1,<environment.Job instance at 0x7fa256d04190>,39,27,[12  5],40,-1,67,-1,40
1,<environment.Job instance at 0x7fa2560822d0>,44,18,[ 1 11],45,-1,63,-1,45
1,<environment.Job instance at 0x7fa2562d2a00>,45,27,[11  1],46,-1,73,-1,46
1,<environment.Job instance at 0x7fa256cd86e0>,46,16,[ 1 14],47,-1,63,-1,47
1,<environment.Job instance at 0x7fa25676f820>,48,17,[12  2],49,-1,66,-1,49
1,<environment.Job instance at 0x7fa256cd85a0>,49,13,[ 2 12],50,-1,63,-1,50
1,<environment.Job instance at 0x7fa256ea92d0>,50,17,[ 1 13],51,-1,68,-1,51
1,<environment.Job instance at 0x7fa256e03af0>,51,25,[12  5],52,-1,77,-1,52
1,<environment.Job instance at 0x7fa256ce0b40>,54,25,[5 5],55,-1,86,-1,61
1,<environment.Job instance at 0x7fa256ce0960>,55,13,[ 4 14],56,-1,74,-1,61
1,<environment.Job instance at 0x7fa256ce0af0>,56,18,[ 4 13],57,-1,79,-1,61
1,<environment.Job instance at 0x7fa256ce0d20>,57,20,[ 2 11],58,-1,81,-1,61
1,<environment.Job instance at 0x7fa256ce09b0>,59,16,[ 1 13],60,-1,77,-1,61
1,<environment.Job instance at 0x7fa25629b320>,61,12,[ 3 11],62,-1,87,-1,75
1,<environment.Job instance at 0x7fa25629b190>,62,26,[ 2 14],63,-1,101,-1,75
1,<environment.Job instance at 0x7fa2567e10f0>,65,21,[11  3],66,-1,114,-1,93
1,<environment.Job instance at 0x7fa2567e17d0>,66,13,[14  1],67,-1,106,-1,93
1,<environment.Job instance at 0x7fa2567e1410>,67,13,[14  1],68,-1,106,-1,93
1,<environment.Job instance at 0x7fa2567e1e10>,68,18,[ 2 14],69,-1,111,-1,93
1,<environment.Job instance at 0x7fa2567e1cd0>,70,17,[ 2 14],71,-1,110,-1,93
1,<environment.Job instance at 0x7fa2567e1a50>,74,15,[ 2 12],75,-1,122,-1,107
1,<environment.Job instance at 0x7fa2567e1e60>,75,25,[ 3 10],76,-1,132,-1,107
1,<environment.Job instance at 0x7fa2567e1280>,77,21,[13  1],78,-1,128,-1,107
1,<environment.Job instance at 0x7fa2567e1a00>,78,19,[12  2],79,-1,126,-1,107
1,<environment.Job instance at 0x7fa2567e12d0>,80,25,[12  1],81,-1,146,-1,121
1,<environment.Job instance at 0x7fa2567e14b0>,81,19,[ 1 11],82,-1,140,-1,121
1,<environment.Job instance at 0x7fa2567e1eb0>,83,12,[ 4 11],84,-1,134,-1,122
1,<environment.Job instance at 0x7fa2567e1b90>,84,15,[14  4],85,-1,137,-1,122
1,<environment.Job instance at 0x7fa2567e11e0>,85,26,[ 1 11],86,-1,148,-1,122
1,<environment.Job instance at 0x7fa2567e1b40>,87,24,[11  5],88,-1,146,-1,122
1,<environment.Job instance at 0x7fa2562db2d0>,90,14,[ 3 11],91,-1,151,-1,137
1,<environment.Job instance at 0x7fa2562db320>,91,17,[13  5],92,-1,154,-1,137
1,<environment.Job instance at 0x7fa2562db550>,92,19,[14  2],93,-1,156,-1,137
1,<environment.Job instance at 0x7fa2562db640>,93,14,[11  1],94,-1,151,-1,137
1,<environment.Job instance at 0x7fa2562fbf50>,4,20,[3 9],5,-1,30,-1,10
1,<environment.Job instance at 0x7fa255da0500>,10,20,[11  5],11,-1,31,-1,11
1,<environment.Job instance at 0x7fa255da0370>,8,25,[13  4],9,-1,50,-1,25
1,<environment.Job instance at 0x7fa255da0780>,14,17,[14  4],15,-1,48,-1,31
1,<environment.Job instance at 0x7fa255da0190>,9,24,[5 8],10,-1,55,-1,31
1,<environment.Job instance at 0x7fa255da0960>,17,18,[10  5],18,-1,49,-1,31
1,<environment.Job instance at 0x7fa255da03c0>,11,24,[ 4 11],12,-1,88,-1,64
1,<environment.Job instance at 0x7fa2562fb820>,2,18,[ 5 12],3,-1,82,-1,64
1,<environment.Job instance at 0x7fa255da0e60>,25,12,[1 8],26,-1,77,-1,65
1,<environment.Job instance at 0x7fa255da0a00>,18,24,[13  3],19,-1,89,-1,65
1,<environment.Job instance at 0x7fa255da0dc0>,26,14,[6 4],27,-1,79,-1,65
1,<environment.Job instance at 0x7fa2567488c0>,0,28,[ 4 10],1,-1,29,-1,1
1,<environment.Job instance at 0x7fa256748c30>,1,25,[5 3],2,-1,27,-1,2
1,<environment.Job instance at 0x7fa257047d20>,2,18,[ 5 12],3,-1,21,-1,3
1,<environment.Job instance at 0x7fa257047410>,3,20,[14  1],4,-1,24,-1,4
1,<environment.Job instance at 0x7fa257047c30>,5,15,[ 2 13],6,-1,21,-1,6
1,<environment.Job instance at 0x7fa257047fa0>,6,27,[7 5],7,-1,34,-1,7
1,<environment.Job instance at 0x7fa2570476e0>,7,24,[ 3 11],8,-1,32,-1,8
1,<environment.Job instance at 0x7fa257047e10>,8,25,[13  4],9,-1,34,-1,9
1,<environment.Job instance at 0x7fa256748aa0>,10,20,[11  5],11,-1,31,-1,11
1,<environment.Job instance at 0x7fa257047cd0>,11,24,[ 4 11],12,-1,36,-1,12
1,<environment.Job instance at 0x7fa257047a50>,13,28,[8 4],14,-1,42,-1,14
1,<environment.Job instance at 0x7fa2570472d0>,14,17,[14  4],15,-1,32,-1,15
1,<environment.Job instance at 0x7fa2562db190>,18,24,[13  3],19,-1,43,-1,19
1,<environment.Job instance at 0x7fa2562db500>,19,16,[ 5 12],20,-1,36,-1,20
1,<environment.Job instance at 0x7fa257047690>,9,24,[5 8],10,-1,49,-1,25
1,<environment.Job instance at 0x7fa2562dbe10>,21,22,[ 3 12],22,-1,47,-1,25
1,<environment.Job instance at 0x7fa2562db1e0>,22,13,[14  4],23,-1,38,-1,25
1,<environment.Job instance at 0x7fa2562dba50>,23,24,[ 2 14],24,-1,49,-1,25
1,<environment.Job instance at 0x7fa2562db910>,20,26,[5 9],21,-1,51,-1,25
1,<environment.Job instance at 0x7fa2562db3c0>,28,20,[13  3],29,-1,50,-1,30
1,<environment.Job instance at 0x7fa2562db820>,30,17,[13  1],31,-1,58,-1,41
1,<environment.Job instance at 0x7fa2562db0f0>,32,24,[12  1],33,-1,68,-1,44
1,<environment.Job instance at 0x7fa2562db8c0>,34,23,[14  2],35,-1,76,-1,53
1,<environment.Job instance at 0x7fa256ce0aa0>,35,21,[ 3 14],36,-1,74,-1,53
1,<environment.Job instance at 0x7fa256ce0a00>,36,13,[14  4],37,-1,66,-1,53
1,<environment.Job instance at 0x7fa2567d6410>,37,25,[2 8],38,-1,92,-1,67
1,<environment.Job instance at 0x7fa25676f820>,39,25,[9 3],40,-1,92,-1,67
1,<environment.Job instance at 0x7fa256cd8640>,41,20,[ 4 14],42,-1,87,-1,67
1,<environment.Job instance at 0x7fa256cd86e0>,42,22,[12  2],43,-1,89,-1,67
1,<environment.Job instance at 0x7fa256cd8730>,43,22,[ 5 12],44,-1,89,-1,67
1,<environment.Job instance at 0x7fa256084550>,44,21,[11  2],45,-1,88,-1,67
1,<environment.Job instance at 0x7fa2560842d0>,46,28,[5 7],47,-1,97,-1,69
1,<environment.Job instance at 0x7fa25608a320>,47,22,[13  2],48,-1,91,-1,69
1,<environment.Job instance at 0x7fa25608a8c0>,48,27,[10  4],49,-1,96,-1,69
1,<environment.Job instance at 0x7fa256cf3370>,49,13,[ 5 11],50,-1,82,-1,69
1,<environment.Job instance at 0x7fa256ce3cd0>,51,28,[11  5],52,-1,97,-1,69
1,<environment.Job instance at 0x7fa256ce3780>,52,18,[ 1 13],53,-1,87,-1,69
1,<environment.Job instance at 0x7fa256ce20a0>,55,25,[13  1],56,-1,110,-1,85
1,<environment.Job instance at 0x7fa256ce2140>,56,17,[ 5 14],57,-1,102,-1,85
1,<environment.Job instance at 0x7fa256ce2d20>,57,16,[11  1],58,-1,101,-1,85
1,<environment.Job instance at 0x7fa256ce2e60>,58,17,[14  2],59,-1,102,-1,85
1,<environment.Job instance at 0x7fa256ce2dc0>,59,28,[11  5],60,-1,113,-1,85
1,<environment.Job instance at 0x7fa256dce8c0>,60,20,[ 3 12],61,-1,105,-1,85
1,<environment.Job instance at 0x7fa256dceeb0>,61,25,[13  4],62,-1,110,-1,85
1,<environment.Job instance at 0x7fa256dce820>,62,14,[11  5],63,-1,99,-1,85
1,<environment.Job instance at 0x7fa256d089b0>,64,16,[11  5],65,-1,101,-1,85
1,<environment.Job instance at 0x7fa256d087d0>,65,24,[ 2 12],66,-1,109,-1,85
1,<environment.Job instance at 0x7fa25630cb40>,66,16,[ 4 14],67,-1,101,-1,85
1,<environment.Job instance at 0x7fa256da3690>,67,13,[ 5 14],68,-1,98,-1,85
1,<environment.Job instance at 0x7fa2567e1960>,69,18,[14  2],70,-1,103,-1,85
1,<environment.Job instance at 0x7fa2567e1eb0>,70,12,[12  2],71,-1,97,-1,85
1,<environment.Job instance at 0x7fa2567e1f50>,71,13,[ 1 14],72,-1,98,-1,85
1,<environment.Job instance at 0x7fa2567e12d0>,74,12,[ 5 12],75,-1,110,-1,98
1,<environment.Job instance at 0x7fa2567e18c0>,75,25,[ 3 13],76,-1,123,-1,98
1,<environment.Job instance at 0x7fa2567e1460>,72,27,[5 4],73,-1,125,-1,98
1,<environment.Job instance at 0x7fa2567e1280>,77,24,[12  1],78,-1,122,-1,98
1,<environment.Job instance at 0x7fa2567e1370>,78,21,[13  1],79,-1,119,-1,98
1,<environment.Job instance at 0x7fa2567e1e60>,79,17,[ 5 11],80,-1,115,-1,98
1,<environment.Job instance at 0x7fa2567e1c30>,82,17,[ 2 13],83,-1,119,-1,102
1,<environment.Job instance at 0x7fa2567e1320>,84,13,[ 3 14],85,-1,123,-1,110
1,<environment.Job instance at 0x7fa2567e10a0>,85,13,[11  1],86,-1,123,-1,110
1,<environment.Job instance at 0x7fa2567e1d20>,87,14,[13  1],88,-1,124,-1,110
1,<environment.Job instance at 0x7fa2567e1e10>,86,28,[5 6],87,-1,143,-1,115
1,<environment.Job instance at 0x7fa25697d3c0>,89,20,[ 4 13],90,-1,135,-1,115
1,<environment.Job instance at 0x7fa2567e1910>,90,21,[ 4 12],91,-1,136,-1,115
1,<environment.Job instance at 0x7fa256f8a1e0>,93,15,[ 5 11],94,-1,142,-1,127
1,<environment.Job instance at 0x7fa256adda50>,95,27,[14  1],96,-1,155,-1,128
1,<environment.Job instance at 0x7fa257030460>,1,23,[5 6],2,-1,25,-1,2
1,<environment.Job instance at 0x7fa257030c80>,13,28,[6 5],14,-1,64,-1,36
1,<environment.Job instance at 0x7fa2570300f0>,11,25,[11  1],12,-1,61,-1,36
1,<environment.Job instance at 0x7fa257030cd0>,15,20,[8 4],16,-1,56,-1,36
1,<environment.Job instance at 0x7fa257030230>,8,28,[13  4],9,-1,64,-1,36
1,<environment.Job instance at 0x7fa257030050>,10,18,[ 4 12],11,-1,55,-1,37
1,<environment.Job instance at 0x7fa257030e60>,16,22,[10  2],17,-1,67,-1,45
1,<environment.Job instance at 0x7fa2570303c0>,17,28,[ 3 13],18,-1,74,-1,46
1,<environment.Job instance at 0x7fa257030f50>,19,19,[13  4],20,-1,65,-1,46
1,<environment.Job instance at 0x7fa257030370>,18,25,[5 8],19,-1,71,-1,46
1,<environment.Job instance at 0x7fa257030320>,20,18,[ 3 12],21,-1,65,-1,47
1,<environment.Job instance at 0x7fa257030c30>,21,18,[11  4],22,-1,65,-1,47
1,<environment.Job instance at 0x7fa255c86820>,25,24,[1 9],26,-1,71,-1,47
1,<environment.Job instance at 0x7fa255c864b0>,26,23,[ 5 10],27,-1,70,-1,47
1,<environment.Job instance at 0x7fa257030190>,24,15,[13  3],25,-1,93,-1,78
1,<environment.Job instance at 0x7fa255c86730>,31,18,[ 4 10],32,-1,96,-1,78
1,<environment.Job instance at 0x7fa256717a00>,0,13,[ 1 14],1,-1,14,-1,1
1,<environment.Job instance at 0x7fa256506230>,1,23,[5 6],2,-1,25,-1,2
1,<environment.Job instance at 0x7fa256506190>,2,24,[ 4 14],3,-1,27,-1,3
1,<environment.Job instance at 0x7fa256717d70>,3,12,[ 4 14],4,-1,16,-1,4
1,<environment.Job instance at 0x7fa25fdcb870>,4,23,[11  2],5,-1,28,-1,5
1,<environment.Job instance at 0x7fa256506e60>,5,18,[ 3 12],6,-1,24,-1,6
1,<environment.Job instance at 0x7fa257052be0>,6,14,[12  1],7,-1,21,-1,7
1,<environment.Job instance at 0x7fa257052e60>,7,27,[ 5 10],8,-1,35,-1,8
1,<environment.Job instance at 0x7fa2570520a0>,8,28,[13  4],9,-1,37,-1,9
1,<environment.Job instance at 0x7fa256e70050>,9,24,[5 2],10,-1,34,-1,10
1,<environment.Job instance at 0x7fa256e70690>,10,18,[ 4 12],11,-1,29,-1,11
1,<environment.Job instance at 0x7fa2570525f0>,11,25,[11  1],12,-1,37,-1,12
1,<environment.Job instance at 0x7fa256702d20>,12,20,[11  4],13,-1,33,-1,13
1,<environment.Job instance at 0x7fa256702b40>,13,28,[6 5],14,-1,42,-1,14
1,<environment.Job instance at 0x7fa256702aa0>,14,26,[2 6],15,-1,41,-1,15
1,<environment.Job instance at 0x7fa256702280>,17,28,[ 3 13],18,-1,46,-1,18
1,<environment.Job instance at 0x7fa257463f00>,18,25,[5 8],19,-1,44,-1,19
1,<environment.Job instance at 0x7fa257463e60>,19,19,[13  4],20,-1,39,-1,20
1,<environment.Job instance at 0x7fa257463870>,20,18,[ 3 12],21,-1,39,-1,21
1,<environment.Job instance at 0x7fa257463460>,21,18,[11  4],22,-1,40,-1,22
1,<environment.Job instance at 0x7fa257463aa0>,22,12,[ 2 12],23,-1,35,-1,23
1,<environment.Job instance at 0x7fa257463f50>,23,15,[ 3 13],24,-1,39,-1,24
1,<environment.Job instance at 0x7fa256786f00>,24,15,[13  3],25,-1,40,-1,25
1,<environment.Job instance at 0x7fa25fc59870>,25,24,[1 9],26,-1,50,-1,26
1,<environment.Job instance at 0x7fa256786c80>,26,23,[ 5 10],27,-1,50,-1,27
1,<environment.Job instance at 0x7fa256b0fc80>,27,27,[ 4 13],28,-1,55,-1,28
1,<environment.Job instance at 0x7fa256b0f500>,28,15,[11  5],29,-1,44,-1,29
1,<environment.Job instance at 0x7fa25fc59f00>,29,23,[13  4],30,-1,53,-1,30
1,<environment.Job instance at 0x7fa256b0f320>,30,19,[ 5 12],31,-1,50,-1,31
1,<environment.Job instance at 0x7fa2561041e0>,34,26,[ 3 13],35,-1,61,-1,35
1,<environment.Job instance at 0x7fa256b0fe10>,33,27,[10  2],34,-1,63,-1,36
1,<environment.Job instance at 0x7fa256f8a1e0>,35,28,[11  5],36,-1,64,-1,36
1,<environment.Job instance at 0x7fa2573d6460>,37,15,[12  5],38,-1,53,-1,38
1,<environment.Job instance at 0x7fa25faa40a0>,38,21,[ 1 14],39,-1,60,-1,39
1,<environment.Job instance at 0x7fa25faa40f0>,39,14,[12  4],40,-1,54,-1,40
1,<environment.Job instance at 0x7fa2572c8b40>,36,24,[8 5],37,-1,74,-1,50
1,<environment.Job instance at 0x7fa2567e1c80>,40,25,[8 3],41,-1,75,-1,50
1,<environment.Job instance at 0x7fa2567e1d20>,44,26,[14  5],45,-1,76,-1,50
1,<environment.Job instance at 0x7fa2567e15f0>,45,17,[14  3],46,-1,67,-1,50
1,<environment.Job instance at 0x7fa2567e1410>,46,25,[13  2],47,-1,75,-1,50
1,<environment.Job instance at 0x7fa2567e1cd0>,47,13,[ 1 13],48,-1,63,-1,50
1,<environment.Job instance at 0x7fa2567e19b0>,48,22,[ 2 11],49,-1,72,-1,50
1,<environment.Job instance at 0x7fa2567e13c0>,49,14,[12  4],50,-1,64,-1,50
1,<environment.Job instance at 0x7fa2567e1190>,52,21,[ 3 11],53,-1,74,-1,53
1,<environment.Job instance at 0x7fa2567e12d0>,53,20,[13  1],54,-1,74,-1,54
1,<environment.Job instance at 0x7fa2567e1500>,54,18,[ 4 13],55,-1,73,-1,55
1,<environment.Job instance at 0x7fa2567e1140>,55,13,[13  4],56,-1,69,-1,56
1,<environment.Job instance at 0x7fa2567e1780>,56,15,[ 4 12],57,-1,72,-1,57
1,<environment.Job instance at 0x7fa2567e1b40>,57,23,[1 5],58,-1,81,-1,58
1,<environment.Job instance at 0x7fa2567e1b90>,58,20,[12  2],59,-1,79,-1,59
1,<environment.Job instance at 0x7fa2567e1230>,59,16,[ 1 13],60,-1,76,-1,60
1,<environment.Job instance at 0x7fa2567e18c0>,50,23,[6 5],51,-1,90,-1,67
1,<environment.Job instance at 0x7fa2567e1690>,61,24,[5 1],62,-1,91,-1,67
1,<environment.Job instance at 0x7fa256d08910>,63,22,[11  4],64,-1,89,-1,67
1,<environment.Job instance at 0x7fa256d089b0>,64,28,[14  4],65,-1,95,-1,67
1,<environment.Job instance at 0x7fa256dce960>,65,22,[13  4],66,-1,89,-1,67
1,<environment.Job instance at 0x7fa256dce8c0>,66,28,[11  4],67,-1,95,-1,67
1,<environment.Job instance at 0x7fa2567e16e0>,51,24,[6 4],52,-1,91,-1,67
1,<environment.Job instance at 0x7fa2567e10a0>,60,25,[4 9],61,-1,92,-1,67
1,<environment.Job instance at 0x7fa256dce820>,68,18,[ 5 13],69,-1,87,-1,69
1,<environment.Job instance at 0x7fa256ce2b90>,69,26,[1 5],70,-1,96,-1,70
1,<environment.Job instance at 0x7fa256ce3780>,75,13,[11  4],76,-1,98,-1,85
1,<environment.Job instance at 0x7fa256ce36e0>,76,17,[ 4 11],77,-1,102,-1,85
1,<environment.Job instance at 0x7fa25608a910>,77,24,[13  5],78,-1,109,-1,85
1,<environment.Job instance at 0x7fa25608aa00>,78,27,[ 2 14],79,-1,112,-1,85
1,<environment.Job instance at 0x7fa25608a8c0>,79,26,[ 4 12],80,-1,111,-1,85
1,<environment.Job instance at 0x7fa256ea92d0>,80,15,[ 4 14],81,-1,100,-1,85
1,<environment.Job instance at 0x7fa2567d6410>,81,26,[ 1 13],82,-1,111,-1,85
1,<environment.Job instance at 0x7fa256ce20a0>,70,28,[8 1],71,-1,117,-1,89
1,<environment.Job instance at 0x7fa2562dbf50>,85,27,[8 1],86,-1,116,-1,89
1,<environment.Job instance at 0x7fa2562dbfa0>,86,27,[7 2],87,-1,116,-1,89
1,<environment.Job instance at 0x7fa2562db2d0>,87,15,[12  5],88,-1,104,-1,89
1,<environment.Job instance at 0x7fa2562db3c0>,88,23,[13  3],89,-1,112,-1,89
1,<environment.Job instance at 0x7fa256ce3a00>,72,25,[9 4],73,-1,114,-1,89
1,<environment.Job instance at 0x7fa2562db730>,93,27,[4 6],94,-1,133,-1,106
1,<environment.Job instance at 0x7fa2562dbe10>,94,26,[ 4 10],95,-1,132,-1,106
1,<environment.Job instance at 0x7fa2562db910>,95,15,[14  4],96,-1,121,-1,106
1,<environment.Job instance at 0x7fa2562db500>,96,26,[13  5],97,-1,132,-1,106
1,<environment.Job instance at 0x7fa2562db140>,97,14,[ 1 12],98,-1,120,-1,106
1,<environment.Job instance at 0x7fa2562dbdc0>,98,27,[ 3 12],99,-1,133,-1,106
1,<environment.Job instance at 0x7fa2562db1e0>,90,24,[3 9],91,-1,130,-1,106
1,<environment.Job instance at 0x7fa256cd86e0>,83,27,[10  2],84,-1,133,-1,106
1,<environment.Job instance at 0x7fa257047140>,102,28,[ 1 13],103,-1,134,-1,106
1,<environment.Job instance at 0x7fa257047e60>,103,14,[13  1],104,-1,120,-1,106
1,<environment.Job instance at 0x7fa257047230>,104,25,[12  2],105,-1,131,-1,106
1,<environment.Job instance at 0x7fa257047b40>,106,27,[ 5 14],107,-1,134,-1,107
1,<environment.Job instance at 0x7fa257047780>,107,13,[14  4],108,-1,121,-1,108
1,<environment.Job instance at 0x7fa257047410>,108,19,[13  2],109,-1,128,-1,109
1,<environment.Job instance at 0x7fa2563c41e0>,111,17,[13  4],112,-1,140,-1,123
1,<environment.Job instance at 0x7fa2569adeb0>,112,23,[3 6],113,-1,146,-1,123
1,<environment.Job instance at 0x7fa257047fa0>,113,23,[5 2],114,-1,146,-1,123
1,<environment.Job instance at 0x7fa256f913c0>,114,13,[11  2],115,-1,136,-1,123
1,<environment.Job instance at 0x7fa256748fa0>,117,28,[5 3],118,-1,166,-1,138
1,<environment.Job instance at 0x7fa257030960>,118,23,[8 5],119,-1,161,-1,138
1,<environment.Job instance at 0x7fa2570306e0>,119,23,[5 2],120,-1,161,-1,138
1,<environment.Job instance at 0x7fa2562727d0>,120,17,[ 5 14],121,-1,155,-1,138
1,<environment.Job instance at 0x7fa256272460>,122,28,[ 5 13],123,-1,166,-1,138
1,<environment.Job instance at 0x7fa25664e870>,4,26,[9 4],5,-1,31,-1,5
1,<environment.Job instance at 0x7fa25664e140>,5,13,[ 1 14],6,-1,19,-1,6
1,<environment.Job instance at 0x7fa255ce48c0>,6,27,[5 5],7,-1,34,-1,7
1,<environment.Job instance at 0x7fa255df9140>,3,15,[13  2],4,-1,24,-1,9
1,<environment.Job instance at 0x7fa256862730>,10,13,[11  5],11,-1,31,-1,18
1,<environment.Job instance at 0x7fa255e31500>,18,15,[11  5],19,-1,35,-1,20
1,<environment.Job instance at 0x7fa255e31a50>,17,18,[6 5],18,-1,42,-1,24
1,<environment.Job instance at 0x7fa256862af0>,12,27,[3 7],13,-1,52,-1,25
1,<environment.Job instance at 0x7fa255ce41e0>,7,26,[ 4 12],8,-1,57,-1,31
1,<environment.Job instance at 0x7fa25664e4b0>,9,18,[ 4 11],10,-1,49,-1,31
1,<environment.Job instance at 0x7fa255e316e0>,22,24,[5 9],23,-1,56,-1,32
1,<environment.Job instance at 0x7fa25679a730>,28,24,[6 4],29,-1,84,-1,60
1,<environment.Job instance at 0x7fa2567e1960>,0,24,[12  5],1,-1,25,-1,1
1,<environment.Job instance at 0x7fa2567e1eb0>,1,22,[12  2],2,-1,24,-1,2
1,<environment.Job instance at 0x7fa2567e1140>,3,15,[13  2],4,-1,19,-1,4
1,<environment.Job instance at 0x7fa2567e1550>,4,26,[9 4],5,-1,31,-1,5
1,<environment.Job instance at 0x7fa2567e1190>,5,13,[ 1 14],6,-1,19,-1,6
1,<environment.Job instance at 0x7fa2567e1280>,6,27,[5 5],7,-1,34,-1,7
1,<environment.Job instance at 0x7fa2567e1370>,7,26,[ 4 12],8,-1,34,-1,8
1,<environment.Job instance at 0x7fa2567e1500>,9,18,[ 4 11],10,-1,28,-1,10
1,<environment.Job instance at 0x7fa2567e1d20>,10,13,[11  5],11,-1,24,-1,11
1,<environment.Job instance at 0x7fa2567e1e10>,11,12,[11  2],12,-1,24,-1,12
1,<environment.Job instance at 0x7fa2567e1aa0>,12,27,[3 7],13,-1,40,-1,13
1,<environment.Job instance at 0x7fa2567e17d0>,13,22,[ 1 11],14,-1,36,-1,14
1,<environment.Job instance at 0x7fa2567e1a50>,16,12,[ 2 13],17,-1,29,-1,17
1,<environment.Job instance at 0x7fa25fc59a00>,18,15,[11  5],19,-1,34,-1,19
1,<environment.Job instance at 0x7fa25630dd70>,19,25,[5 2],20,-1,45,-1,20
1,<environment.Job instance at 0x7fa255b53460>,23,18,[ 1 12],24,-1,45,-1,27
1,<environment.Job instance at 0x7fa256c697d0>,24,28,[13  5],25,-1,55,-1,27
1,<environment.Job instance at 0x7fa256c694b0>,25,13,[ 2 11],26,-1,40,-1,27
1,<environment.Job instance at 0x7fa256e70280>,22,24,[5 9],23,-1,51,-1,27
1,<environment.Job instance at 0x7fa2564c15f0>,27,24,[11  2],28,-1,52,-1,28
1,<environment.Job instance at 0x7fa2573811e0>,28,24,[6 4],29,-1,55,-1,31
1,<environment.Job instance at 0x7fa256beb730>,31,18,[11  5],32,-1,50,-1,32
1,<environment.Job instance at 0x7fa256bc6e10>,32,13,[ 2 14],33,-1,46,-1,33
1,<environment.Job instance at 0x7fa2564cef50>,33,13,[13  3],34,-1,47,-1,34
1,<environment.Job instance at 0x7fa2562ec410>,34,22,[11  5],35,-1,57,-1,35
1,<environment.Job instance at 0x7fa256ce2d20>,35,26,[11  5],36,-1,62,-1,36
1,<environment.Job instance at 0x7fa256d1daa0>,37,27,[1 7],38,-1,69,-1,42
1,<environment.Job instance at 0x7fa2567e1e60>,8,28,[ 2 10],9,-1,71,-1,43
1,<environment.Job instance at 0x7fa256ce2870>,39,14,[ 1 13],40,-1,57,-1,43
1,<environment.Job instance at 0x7fa256ce2820>,40,23,[ 2 11],41,-1,66,-1,43
1,<environment.Job instance at 0x7fa256ce2fa0>,36,28,[5 8],37,-1,71,-1,43
1,<environment.Job instance at 0x7fa256e661e0>,42,13,[ 1 12],43,-1,56,-1,43
1,<environment.Job instance at 0x7fa256ce2dc0>,44,23,[ 2 14],45,-1,68,-1,45
1,<environment.Job instance at 0x7fa257244d20>,43,23,[8 2],44,-1,83,-1,60
1,<environment.Job instance at 0x7fa256ea1e60>,46,13,[11  2],47,-1,73,-1,60
1,<environment.Job instance at 0x7fa2562bff00>,30,25,[8 5],31,-1,85,-1,60
1,<environment.Job instance at 0x7fa256702500>,49,18,[14  5],50,-1,78,-1,60
1,<environment.Job instance at 0x7fa256702230>,50,19,[ 1 11],51,-1,79,-1,60
1,<environment.Job instance at 0x7fa256702aa0>,51,24,[ 1 13],52,-1,84,-1,60
1,<environment.Job instance at 0x7fa256ce2b90>,38,25,[10  5],39,-1,85,-1,60
1,<environment.Job instance at 0x7fa256702e60>,54,14,[14  5],55,-1,74,-1,60
1,<environment.Job instance at 0x7fa25fa09e10>,58,12,[ 3 14],59,-1,85,-1,73
1,<environment.Job instance at 0x7fa256c4fdc0>,61,23,[ 5 12],62,-1,110,-1,87
1,<environment.Job instance at 0x7fa256c4fa00>,62,15,[14  1],63,-1,102,-1,87
1,<environment.Job instance at 0x7fa25fa096e0>,64,25,[5 5],65,-1,114,-1,89
1,<environment.Job instance at 0x7fa257274f50>,65,14,[ 5 14],66,-1,103,-1,89
1,<environment.Job instance at 0x7fa257274eb0>,67,21,[14  5],68,-1,110,-1,89
1,<environment.Job instance at 0x7fa256c3c050>,68,13,[11  2],69,-1,102,-1,89
1,<environment.Job instance at 0x7fa256c3caf0>,69,15,[ 3 14],70,-1,104,-1,89
1,<environment.Job instance at 0x7fa256c3ce60>,70,12,[ 5 11],71,-1,101,-1,89
1,<environment.Job instance at 0x7fa256c3c140>,71,14,[ 5 14],72,-1,103,-1,89
1,<environment.Job instance at 0x7fa256c4ae60>,72,27,[ 5 11],73,-1,116,-1,89
1,<environment.Job instance at 0x7fa256c4abe0>,73,23,[14  5],74,-1,112,-1,89
1,<environment.Job instance at 0x7fa256c52460>,75,13,[11  1],76,-1,114,-1,101
1,<environment.Job instance at 0x7fa256c52820>,76,22,[12  5],77,-1,123,-1,101
1,<environment.Job instance at 0x7fa255e1b190>,78,22,[ 2 12],79,-1,129,-1,107
1,<environment.Job instance at 0x7fa255e1b7d0>,79,15,[11  5],80,-1,122,-1,107
1,<environment.Job instance at 0x7fa256c521e0>,77,27,[8 4],78,-1,142,-1,115
1,<environment.Job instance at 0x7fa25645b320>,81,24,[12  2],82,-1,139,-1,115
1,<environment.Job instance at 0x7fa255e2d2d0>,83,18,[ 2 14],84,-1,133,-1,115
1,<environment.Job instance at 0x7fa255e2d140>,84,12,[ 5 13],85,-1,127,-1,115
1,<environment.Job instance at 0x7fa256206f00>,86,19,[ 3 14],87,-1,134,-1,115
1,<environment.Job instance at 0x7fa255e10230>,87,18,[ 4 14],88,-1,133,-1,115
1,<environment.Job instance at 0x7fa255e10690>,88,23,[12  2],89,-1,138,-1,115
1,<environment.Job instance at 0x7fa256206690>,90,27,[1 9],91,-1,152,-1,125
1,<environment.Job instance at 0x7fa256206370>,91,26,[6 4],92,-1,151,-1,125
1,<environment.Job instance at 0x7fa25f9de6e0>,94,24,[12  1],95,-1,154,-1,130
1,<environment.Job instance at 0x7fa2570e2820>,2,20,[2 7],3,-1,24,-1,4
1,<environment.Job instance at 0x7fa256aa3c30>,5,19,[4 8],6,-1,25,-1,6
1,<environment.Job instance at 0x7fa256e86e60>,0,17,[13  2],1,-1,18,-1,1
1,<environment.Job instance at 0x7fa256e8b820>,1,27,[11  3],2,-1,29,-1,2
1,<environment.Job instance at 0x7fa256c342d0>,3,15,[ 5 13],4,-1,19,-1,4
1,<environment.Job instance at 0x7fa25fa58190>,6,12,[12  3],7,-1,19,-1,7
1,<environment.Job instance at 0x7fa2564d56e0>,7,12,[13  5],8,-1,20,-1,8
1,<environment.Job instance at 0x7fa255c69460>,8,26,[11  5],9,-1,35,-1,9
1,<environment.Job instance at 0x7fa25fa582d0>,10,15,[12  1],11,-1,26,-1,11
1,<environment.Job instance at 0x7fa2566076e0>,11,13,[12  3],12,-1,25,-1,12
1,<environment.Job instance at 0x7fa256607870>,13,12,[14  1],14,-1,26,-1,14
1,<environment.Job instance at 0x7fa2566075a0>,15,16,[ 2 12],16,-1,32,-1,16
1,<environment.Job instance at 0x7fa257262a50>,16,20,[ 2 12],17,-1,37,-1,17
1,<environment.Job instance at 0x7fa25656bfa0>,17,27,[1 6],18,-1,45,-1,18
1,<environment.Job instance at 0x7fa25656bd70>,19,17,[13  5],20,-1,37,-1,20
1,<environment.Job instance at 0x7fa25656b370>,20,16,[ 3 11],21,-1,37,-1,21
1,<environment.Job instance at 0x7fa25f9de140>,21,18,[ 5 13],22,-1,40,-1,22
1,<environment.Job instance at 0x7fa257262690>,18,27,[10  4],19,-1,50,-1,23
1,<environment.Job instance at 0x7fa25656b910>,22,18,[ 3 12],23,-1,41,-1,23
1,<environment.Job instance at 0x7fa255e2d2d0>,25,16,[14  3],26,-1,42,-1,26
1,<environment.Job instance at 0x7fa25f9de6e0>,29,12,[11  2],30,-1,48,-1,36
1,<environment.Job instance at 0x7fa256c4a820>,30,18,[ 2 12],31,-1,54,-1,36
1,<environment.Job instance at 0x7fa256c4ae60>,31,14,[ 4 11],32,-1,50,-1,36
1,<environment.Job instance at 0x7fa256c4abe0>,32,25,[ 3 12],33,-1,61,-1,36
1,<environment.Job instance at 0x7fa256c3ce60>,33,18,[ 3 14],34,-1,54,-1,36
1,<environment.Job instance at 0x7fa256c3c050>,35,28,[ 3 11],36,-1,64,-1,36
1,<environment.Job instance at 0x7fa256c3caf0>,36,25,[ 4 14],37,-1,62,-1,37
1,<environment.Job instance at 0x7fa256c4fa00>,37,23,[14  4],38,-1,61,-1,38
1,<environment.Job instance at 0x7fa25fa09eb0>,40,27,[14  2],41,-1,75,-1,48
1,<environment.Job instance at 0x7fa25fa096e0>,41,14,[14  5],42,-1,62,-1,48
1,<environment.Job instance at 0x7fa25fa09d70>,42,13,[ 4 12],43,-1,61,-1,48
1,<environment.Job instance at 0x7fa25fa098c0>,43,13,[11  5],44,-1,61,-1,48
1,<environment.Job instance at 0x7fa25fa093c0>,44,17,[ 1 11],45,-1,65,-1,48
1,<environment.Job instance at 0x7fa256beb730>,45,18,[14  5],46,-1,66,-1,48
1,<environment.Job instance at 0x7fa25ff587d0>,47,24,[12  4],48,-1,76,-1,52
1,<environment.Job instance at 0x7fa2562bff00>,48,19,[ 5 14],49,-1,71,-1,52
1,<environment.Job instance at 0x7fa2562c1410>,49,27,[ 2 11],50,-1,79,-1,52
1,<environment.Job instance at 0x7fa256bc6e10>,46,26,[3 8],47,-1,88,-1,62
1,<environment.Job instance at 0x7fa255b53820>,51,23,[ 3 14],52,-1,85,-1,62
1,<environment.Job instance at 0x7fa255b53460>,53,25,[14  3],54,-1,87,-1,62
1,<environment.Job instance at 0x7fa25fc59870>,54,24,[ 1 13],55,-1,86,-1,62
1,<environment.Job instance at 0x7fa257489870>,56,14,[12  2],57,-1,84,-1,70
1,<environment.Job instance at 0x7fa2574a2cd0>,57,16,[ 2 12],58,-1,86,-1,70
1,<environment.Job instance at 0x7fa256166af0>,60,23,[ 1 11],61,-1,110,-1,87
1,<environment.Job instance at 0x7fa2570cb3c0>,58,27,[9 3],59,-1,114,-1,87
1,<environment.Job instance at 0x7fa255e88fa0>,62,15,[ 3 11],63,-1,102,-1,87
1,<environment.Job instance at 0x7fa255e88b40>,63,21,[ 4 12],64,-1,108,-1,87
1,<environment.Job instance at 0x7fa255e59eb0>,64,21,[ 4 12],65,-1,108,-1,87
1,<environment.Job instance at 0x7fa255cd3d70>,67,24,[13  2],68,-1,112,-1,88
1,<environment.Job instance at 0x7fa255cd3c30>,69,17,[14  3],70,-1,105,-1,88
1,<environment.Job instance at 0x7fa255cd3e60>,71,14,[ 1 11],72,-1,112,-1,98
1,<environment.Job instance at 0x7fa2567d51e0>,72,16,[14  1],73,-1,114,-1,98
1,<environment.Job instance at 0x7fa2567d5c80>,74,26,[8 1],75,-1,142,-1,116
1,<environment.Job instance at 0x7fa2567d5f50>,76,15,[ 3 12],77,-1,131,-1,116
1,<environment.Job instance at 0x7fa2567d50a0>,77,25,[6 1],78,-1,149,-1,124
1,<environment.Job instance at 0x7fa2567d5b90>,78,18,[12  4],79,-1,142,-1,124
1,<environment.Job instance at 0x7fa2567d55a0>,81,21,[11  5],82,-1,151,-1,130
1,<environment.Job instance at 0x7f685bfffb90>,2,22,[4 8],3,-1,25,-1,3
1,<environment.Job instance at 0x7f685bfffbe0>,4,21,[1 6],5,-1,27,-1,6
1,<environment.Job instance at 0x7f685bfffdc0>,7,25,[6 2],8,-1,33,-1,8
1,<environment.Job instance at 0x7f68656498c0>,5,24,[1 5],6,-1,33,-1,9
1,<environment.Job instance at 0x7f685c0040f0>,11,26,[4 8],12,-1,42,-1,16
1,<environment.Job instance at 0x7f685bfff9b0>,1,22,[11  3],2,-1,24,-1,2
1,<environment.Job instance at 0x7f685c1a93c0>,3,26,[11  4],4,-1,30,-1,4
1,<environment.Job instance at 0x7f685bff7910>,8,22,[14  3],9,-1,31,-1,9
1,<environment.Job instance at 0x7f685bff78c0>,9,18,[ 2 13],10,-1,28,-1,10
1,<environment.Job instance at 0x7f685bff7a50>,10,18,[ 3 11],11,-1,29,-1,11
1,<environment.Job instance at 0x7f685bff7d20>,12,26,[ 1 12],13,-1,40,-1,14
1,<environment.Job instance at 0x7f685bff7cd0>,13,18,[ 4 14],14,-1,32,-1,14
1,<environment.Job instance at 0x7f685c0537d0>,5,24,[1 5],6,-1,38,-1,14
1,<environment.Job instance at 0x7f685bff7aa0>,7,25,[6 2],8,-1,39,-1,14
1,<environment.Job instance at 0x7f685c1363c0>,15,18,[ 2 14],16,-1,34,-1,16
1,<environment.Job instance at 0x7f685c094550>,16,16,[ 3 11],17,-1,33,-1,17
1,<environment.Job instance at 0x7f685c184140>,18,25,[ 4 13],19,-1,44,-1,19
1,<environment.Job instance at 0x7f685c1a1370>,19,14,[ 3 11],20,-1,34,-1,20
1,<environment.Job instance at 0x7f685c0f5d20>,20,27,[13  5],21,-1,48,-1,21
1,<environment.Job instance at 0x7f685c0c3af0>,21,26,[ 5 12],22,-1,48,-1,22
1,<environment.Job instance at 0x7f685bff7190>,22,13,[13  1],23,-1,36,-1,23
1,<environment.Job instance at 0x7f685c085b40>,17,28,[ 5 10],18,-1,53,-1,25
1,<environment.Job instance at 0x7f685c102c30>,24,13,[ 3 14],25,-1,38,-1,25
1,<environment.Job instance at 0x7f685bff76e0>,11,26,[4 8],12,-1,51,-1,25
1,<environment.Job instance at 0x7f685c11fe60>,25,23,[ 3 13],26,-1,49,-1,26
1,<environment.Job instance at 0x7f685c11fb40>,27,25,[5 7],28,-1,53,-1,28
1,<environment.Job instance at 0x7f685c0f1be0>,28,25,[ 4 11],29,-1,54,-1,29
1,<environment.Job instance at 0x7f685c1a0640>,29,22,[ 5 13],30,-1,52,-1,30
1,<environment.Job instance at 0x7f685c10d960>,31,20,[11  5],32,-1,52,-1,32
1,<environment.Job instance at 0x7f685c12a960>,32,27,[11  3],33,-1,60,-1,33
1,<environment.Job instance at 0x7f685c12a8c0>,30,27,[4 8],31,-1,70,-1,43
1,<environment.Job instance at 0x7f685c0a4dc0>,36,13,[ 3 14],37,-1,56,-1,43
1,<environment.Job instance at 0x7f685c0d23c0>,37,28,[ 2 12],38,-1,71,-1,43
1,<environment.Job instance at 0x7f685c1a0e10>,26,26,[1 8],27,-1,69,-1,43
1,<environment.Job instance at 0x7f685c10b690>,39,24,[5 6],40,-1,67,-1,43
1,<environment.Job instance at 0x7f685c12acd0>,34,24,[1 8],35,-1,67,-1,43
1,<environment.Job instance at 0x7f685c10bfa0>,41,27,[14  1],42,-1,70,-1,43
1,<environment.Job instance at 0x7f685c10b4b0>,43,13,[13  1],44,-1,57,-1,44
1,<environment.Job instance at 0x7f685c1a7fa0>,44,24,[ 1 13],45,-1,69,-1,45
1,<environment.Job instance at 0x7f685c1a7780>,46,17,[12  2],47,-1,66,-1,49
1,<environment.Job instance at 0x7f685c08a690>,48,15,[14  1],49,-1,64,-1,49
1,<environment.Job instance at 0x7f685c0c1d70>,49,16,[ 2 11],50,-1,66,-1,50
1,<environment.Job instance at 0x7f685c0c1190>,50,16,[12  2],51,-1,67,-1,51
1,<environment.Job instance at 0x7f685c0c17d0>,54,13,[13  1],55,-1,72,-1,59
1,<environment.Job instance at 0x7f685c0c1910>,55,20,[ 3 13],56,-1,79,-1,59
1,<environment.Job instance at 0x7f685c08a8c0>,52,27,[8 5],53,-1,86,-1,59
1,<environment.Job instance at 0x7f685c0c1870>,57,27,[ 2 14],58,-1,86,-1,59
1,<environment.Job instance at 0x7f685c0c1230>,60,23,[ 1 11],61,-1,85,-1,62
1,<environment.Job instance at 0x7f685c0c1f50>,61,21,[ 5 13],62,-1,83,-1,62
1,<environment.Job instance at 0x7f685c155230>,63,17,[ 4 12],64,-1,88,-1,71
1,<environment.Job instance at 0x7f685c0fa0a0>,67,27,[ 1 10],68,-1,121,-1,94
1,<environment.Job instance at 0x7f685c0fa410>,68,20,[ 3 12],69,-1,114,-1,94
1,<environment.Job instance at 0x7f685c0bcf00>,69,13,[ 3 12],70,-1,107,-1,94
1,<environment.Job instance at 0x7f685c0bc140>,70,21,[12  2],71,-1,115,-1,94
1,<environment.Job instance at 0x7f685c0bc500>,71,28,[5 1],72,-1,122,-1,94
1,<environment.Job instance at 0x7f685c0bc1e0>,74,27,[1 6],75,-1,129,-1,102
1,<environment.Job instance at 0x7f685c0bc820>,75,14,[ 4 11],76,-1,116,-1,102
1,<environment.Job instance at 0x7f685c0bc780>,72,24,[9 2],73,-1,126,-1,102
1,<environment.Job instance at 0x7f685c0bc5a0>,73,25,[3 8],74,-1,140,-1,115
1,<environment.Job instance at 0x7f685c0ae4b0>,83,20,[13  1],84,-1,150,-1,130
1,<environment.Job instance at 0x7f685c123280>,84,18,[ 3 14],85,-1,148,-1,130
1,<environment.Job instance at 0x7f685c123e10>,85,25,[ 5 14],86,-1,155,-1,130
1,<environment.Job instance at 0x7f685c123500>,86,26,[12  1],87,-1,156,-1,130
1,<environment.Job instance at 0x7f685c0c05a0>,87,28,[ 3 10],88,-1,159,-1,131
1,<environment.Job instance at 0x7f685c0c0550>,88,21,[ 1 11],89,-1,152,-1,131
1,<environment.Job instance at 0x7f685c0c0a50>,90,14,[ 2 13],91,-1,145,-1,131
1,<environment.Job instance at 0x7f685c0c07d0>,93,16,[ 2 11],94,-1,162,-1,146
1,<environment.Job instance at 0x7f685b750a50>,8,25,[13  3],9,-1,120,-1,95
1,<environment.Job instance at 0x7f685b833960>,19,16,[12  4],20,-1,112,-1,96
1,<environment.Job instance at 0x7f685b8cf690>,24,17,[ 3 12],25,-1,152,-1,135
1,<environment.Job instance at 0x7f685b97b8c0>,25,16,[13  4],26,-1,152,-1,136
1,<environment.Job instance at 0x7f685b82f140>,26,18,[ 1 12],27,-1,154,-1,136
1,<environment.Job instance at 0x7f685b82ff50>,27,17,[8 2],28,-1,153,-1,136
1,<environment.Job instance at 0x7f685b827be0>,1,25,[ 1 11],2,-1,27,-1,2
1,<environment.Job instance at 0x7f685b827140>,2,14,[14  4],3,-1,17,-1,3
1,<environment.Job instance at 0x7f685b8279b0>,3,27,[9 1],4,-1,31,-1,4
1,<environment.Job instance at 0x7f685b827c80>,4,23,[13  2],5,-1,28,-1,5
1,<environment.Job instance at 0x7f685b8292d0>,5,20,[12  4],6,-1,26,-1,6
1,<environment.Job instance at 0x7f685b829be0>,8,25,[13  3],9,-1,34,-1,9
1,<environment.Job instance at 0x7f685b829a50>,7,26,[4 9],8,-1,41,-1,15
1,<environment.Job instance at 0x7f685b829910>,10,26,[5 5],11,-1,41,-1,15
1,<environment.Job instance at 0x7f685b7add70>,14,19,[ 3 12],15,-1,34,-1,15
1,<environment.Job instance at 0x7f685b7ad190>,11,24,[4 7],12,-1,39,-1,15
1,<environment.Job instance at 0x7f685b7be820>,15,15,[12  5],16,-1,31,-1,16
1,<environment.Job instance at 0x7f685b7b6b90>,18,20,[ 3 12],19,-1,39,-1,19
1,<environment.Job instance at 0x7f685b7be9b0>,19,16,[12  4],20,-1,36,-1,20
1,<environment.Job instance at 0x7f685b7c1640>,20,16,[12  5],21,-1,37,-1,21
1,<environment.Job instance at 0x7f685b7b6c80>,21,20,[ 1 12],22,-1,42,-1,22
1,<environment.Job instance at 0x7f685b7baa00>,22,13,[12  1],23,-1,36,-1,23
1,<environment.Job instance at 0x7f685b7bab90>,23,12,[11  5],24,-1,36,-1,24
1,<environment.Job instance at 0x7f685b7ba960>,24,17,[ 3 12],25,-1,42,-1,25
1,<environment.Job instance at 0x7f685b7baf00>,25,16,[13  4],26,-1,42,-1,26
1,<environment.Job instance at 0x7f685b7c5140>,26,18,[ 1 12],27,-1,45,-1,27
1,<environment.Job instance at 0x7f685b7c5410>,28,15,[ 2 14],29,-1,44,-1,29
1,<environment.Job instance at 0x7f685b7c54b0>,32,20,[13  3],33,-1,63,-1,43
1,<environment.Job instance at 0x7f685b7cc550>,33,21,[ 4 12],34,-1,64,-1,43
1,<environment.Job instance at 0x7f685b7ccd70>,36,27,[2 9],37,-1,84,-1,57
1,<environment.Job instance at 0x7f685b7cce60>,37,21,[11  4],38,-1,78,-1,57
1,<environment.Job instance at 0x7f685b7d5a50>,38,12,[14  5],39,-1,69,-1,57
1,<environment.Job instance at 0x7f685b7d5960>,39,16,[12  3],40,-1,73,-1,57
1,<environment.Job instance at 0x7f685b7ccd20>,40,17,[12  2],41,-1,74,-1,57
1,<environment.Job instance at 0x7f685b921c80>,41,28,[2 8],42,-1,85,-1,57
1,<environment.Job instance at 0x7f685b7cceb0>,35,27,[5 9],36,-1,84,-1,57
1,<environment.Job instance at 0x7f685b869780>,43,21,[12  2],44,-1,78,-1,57
1,<environment.Job instance at 0x7f685b8697d0>,44,21,[ 5 11],45,-1,78,-1,57
1,<environment.Job instance at 0x7f685b7c8aa0>,45,26,[ 5 10],46,-1,83,-1,57
1,<environment.Job instance at 0x7f685b7c8a00>,46,27,[12  4],47,-1,84,-1,57
1,<environment.Job instance at 0x7f685b7d0af0>,47,27,[14  3],48,-1,84,-1,57
1,<environment.Job instance at 0x7f685b7d0910>,49,14,[ 1 12],50,-1,71,-1,57
1,<environment.Job instance at 0x7f685b7d0be0>,51,14,[13  5],52,-1,71,-1,57
1,<environment.Job instance at 0x7f685b8149b0>,52,25,[11  2],53,-1,82,-1,57
1,<environment.Job instance at 0x7f685b814af0>,53,14,[12  2],54,-1,71,-1,57
1,<environment.Job instance at 0x7f685b8147d0>,54,28,[8 4],55,-1,97,-1,69
1,<environment.Job instance at 0x7f685b814dc0>,56,20,[12  1],57,-1,89,-1,69
1,<environment.Job instance at 0x7f685b814b40>,57,13,[ 4 12],58,-1,82,-1,69
1,<environment.Job instance at 0x7f685b814cd0>,58,18,[12  2],59,-1,87,-1,69
1,<environment.Job instance at 0x7f685ba245f0>,59,15,[12  3],60,-1,84,-1,69
1,<environment.Job instance at 0x7f685b7f35a0>,61,26,[ 5 11],62,-1,103,-1,77
1,<environment.Job instance at 0x7f685b95d320>,60,25,[7 2],61,-1,106,-1,81
1,<environment.Job instance at 0x7f685b7fa0f0>,63,16,[11  1],64,-1,97,-1,81
1,<environment.Job instance at 0x7f685b825a00>,65,19,[12  5],66,-1,100,-1,81
1,<environment.Job instance at 0x7f685b8460f0>,66,17,[11  3],67,-1,98,-1,81
1,<environment.Job instance at 0x7f685b7d9fa0>,68,25,[6 2],69,-1,119,-1,94
1,<environment.Job instance at 0x7f685b85e140>,69,18,[12  4],70,-1,112,-1,94
1,<environment.Job instance at 0x7f685b7d92d0>,71,26,[11  5],72,-1,120,-1,94
1,<environment.Job instance at 0x7f685b802eb0>,74,16,[11  2],75,-1,124,-1,108
1,<environment.Job instance at 0x7f685b8020f0>,75,15,[13  5],76,-1,123,-1,108
1,<environment.Job instance at 0x7f685b76faa0>,78,27,[14  3],79,-1,149,-1,122
1,<environment.Job instance at 0x7f685b949730>,80,26,[ 4 10],81,-1,163,-1,137
1,<environment.Job instance at 0x7f685b775550>,82,23,[12  1],83,-1,160,-1,137
1,<environment.Job instance at 0x7f685b94a730>,83,19,[ 2 13],84,-1,156,-1,137
1,<environment.Job instance at 0x7f685b7db820>,84,22,[11  1],85,-1,159,-1,137
1,<environment.Job instance at 0x7f685b7dbd70>,85,22,[ 1 13],86,-1,159,-1,137
1,<environment.Job instance at 0x7f685b8be0a0>,86,24,[ 2 14],87,-1,161,-1,137
1,<environment.Job instance at 0x7f685b775640>,81,26,[8 3],82,-1,163,-1,137
1,<environment.Job instance at 0x7f685b805640>,88,23,[13  3],89,-1,160,-1,137
1,<environment.Job instance at 0x7f685b805fa0>,90,20,[13  5],91,-1,157,-1,137
1,<environment.Job instance at 0x7f685b84b870>,91,24,[14  3],92,-1,161,-1,137
1,<environment.Job instance at 0x7f685b805eb0>,92,23,[13  5],93,-1,160,-1,137
1,<environment.Job instance at 0x7f685b84ba00>,93,21,[12  3],94,-1,158,-1,137
1,<environment.Job instance at 0x7f685b805230>,89,25,[10  5],90,-1,173,-1,148
1,<environment.Job instance at 0x7f685b84beb0>,95,28,[ 4 11],96,-1,176,-1,148
1,<environment.Job instance at 0x7f685b84b4b0>,96,18,[ 4 12],97,-1,166,-1,148
1,<environment.Job instance at 0x7f685b84bc30>,97,22,[14  1],98,-1,170,-1,148
1,<environment.Job instance at 0x7f685b84b7d0>,98,25,[7 3],99,-1,173,-1,148
1,<environment.Job instance at 0x7f685b84bf00>,99,27,[ 4 13],100,-1,175,-1,148
1,<environment.Job instance at 0x7f685b84bdc0>,100,26,[8 4],101,-1,174,-1,148
1,<environment.Job instance at 0x7f685b80bbe0>,101,12,[11  1],102,-1,160,-1,148
1,<environment.Job instance at 0x7f685b80bfa0>,103,16,[14  1],104,-1,164,-1,148
1,<environment.Job instance at 0x7f685b621d20>,0,25,[6 3],1,-1,26,-1,1
1,<environment.Job instance at 0x7f685b621820>,2,17,[9 4],3,-1,20,-1,3
1,<environment.Job instance at 0x7f685b621e10>,9,14,[14  2],10,-1,25,-1,11
1,<environment.Job instance at 0x7f685b621f50>,10,22,[5 9],11,-1,36,-1,14
1,<environment.Job instance at 0x7f685b621dc0>,7,22,[3 9],8,-1,37,-1,15
1,<environment.Job instance at 0x7f685b621410>,17,16,[11  2],18,-1,37,-1,21
1,<environment.Job instance at 0x7f685b621b40>,8,16,[11  1],9,-1,38,-1,22
1,<environment.Job instance at 0x7f68657c2e60>,16,24,[2 7],17,-1,46,-1,22
1,<environment.Job instance at 0x7f685b621320>,0,25,[6 3],1,-1,26,-1,1
1,<environment.Job instance at 0x7f685b621a50>,1,20,[11  1],2,-1,22,-1,2
1,<environment.Job instance at 0x7f685b621500>,3,13,[12  4],4,-1,17,-1,4
1,<environment.Job instance at 0x7f685b6215a0>,4,24,[5 5],5,-1,29,-1,5
1,<environment.Job instance at 0x7f685b68d1e0>,5,13,[ 1 13],6,-1,19,-1,6
1,<environment.Job instance at 0x7f685b68dc80>,6,26,[ 1 13],7,-1,33,-1,7
1,<environment.Job instance at 0x7f685b6114b0>,8,16,[11  1],9,-1,25,-1,9
1,<environment.Job instance at 0x7f685b611be0>,9,14,[14  2],10,-1,24,-1,10
1,<environment.Job instance at 0x7f685b869640>,11,15,[ 2 11],12,-1,27,-1,12
1,<environment.Job instance at 0x7f685b611780>,12,16,[11  1],13,-1,29,-1,13
1,<environment.Job instance at 0x7f685b611230>,14,18,[12  5],15,-1,33,-1,15
1,<environment.Job instance at 0x7f685b611e60>,15,20,[ 5 13],16,-1,36,-1,16
1,<environment.Job instance at 0x7f685b611dc0>,17,16,[11  2],18,-1,34,-1,18
1,<environment.Job instance at 0x7f685b6111e0>,18,22,[ 2 12],19,-1,41,-1,19
1,<environment.Job instance at 0x7f685b611550>,19,20,[12  3],20,-1,40,-1,20
1,<environment.Job instance at 0x7f685b611280>,20,19,[12  5],21,-1,40,-1,21
1,<environment.Job instance at 0x7f685b6119b0>,22,18,[12  1],23,-1,41,-1,23
1,<environment.Job instance at 0x7f685b6113c0>,13,25,[2 8],14,-1,55,-1,30
1,<environment.Job instance at 0x7f685b611640>,26,17,[ 1 12],27,-1,47,-1,30
1,<environment.Job instance at 0x7f685b611b40>,16,24,[2 7],17,-1,54,-1,30
1,<environment.Job instance at 0x7f685b6110a0>,28,18,[ 2 14],29,-1,48,-1,30
1,<environment.Job instance at 0x7f685b611190>,29,24,[11  1],30,-1,54,-1,30
1,<environment.Job instance at 0x7f685b6036e0>,31,24,[12  5],32,-1,56,-1,32
1,<environment.Job instance at 0x7f685b603460>,33,15,[ 1 11],34,-1,58,-1,43
1,<environment.Job instance at 0x7f685b603c80>,34,16,[ 5 12],35,-1,59,-1,43
1,<environment.Job instance at 0x7f685b603960>,35,27,[ 4 14],36,-1,70,-1,43
1,<environment.Job instance at 0x7f685b603aa0>,36,23,[ 2 11],37,-1,66,-1,43
1,<environment.Job instance at 0x7f685b6030f0>,37,13,[ 4 12],38,-1,56,-1,43
1,<environment.Job instance at 0x7f685b603780>,38,15,[13  1],39,-1,58,-1,43
1,<environment.Job instance at 0x7f685b603410>,39,17,[13  3],40,-1,60,-1,43
1,<environment.Job instance at 0x7f685b6030a0>,41,22,[ 3 13],42,-1,65,-1,43
1,<environment.Job instance at 0x7f685b611f00>,30,25,[7 1],31,-1,68,-1,43
1,<environment.Job instance at 0x7f685b611fa0>,25,25,[8 5],26,-1,68,-1,43
1,<environment.Job instance at 0x7f685b6032d0>,43,19,[13  4],44,-1,63,-1,44
1,<environment.Job instance at 0x7f685b605140>,44,16,[ 2 12],45,-1,61,-1,45
1,<environment.Job instance at 0x7f685b605230>,45,12,[ 4 14],46,-1,58,-1,46
1,<environment.Job instance at 0x7f685b603f00>,32,23,[10  2],33,-1,86,-1,63
1,<environment.Job instance at 0x7f685b605c30>,49,23,[ 2 13],50,-1,86,-1,63
1,<environment.Job instance at 0x7f685b605be0>,50,12,[14  1],51,-1,75,-1,63
1,<environment.Job instance at 0x7f685b6050f0>,51,28,[ 1 13],52,-1,91,-1,63
1,<environment.Job instance at 0x7f685b605b90>,53,22,[12  5],54,-1,85,-1,63
1,<environment.Job instance at 0x7f685b605e10>,55,12,[11  5],56,-1,79,-1,67
1,<environment.Job instance at 0x7f685b605f50>,57,22,[11  2],58,-1,99,-1,77
1,<environment.Job instance at 0x7f685b63ce10>,59,17,[13  5],60,-1,94,-1,77
1,<environment.Job instance at 0x7f685b63ce60>,60,12,[ 3 14],61,-1,89,-1,77
1,<environment.Job instance at 0x7f685b63c780>,62,15,[ 4 12],63,-1,108,-1,93
1,<environment.Job instance at 0x7f685b63c460>,63,21,[ 3 14],64,-1,114,-1,93
1,<environment.Job instance at 0x7f685b63c0f0>,66,28,[6 1],67,-1,137,-1,109
1,<environment.Job instance at 0x7f6865673d70>,69,27,[ 4 12],70,-1,136,-1,109
1,<environment.Job instance at 0x7f6865673f50>,70,25,[12  4],71,-1,134,-1,109
1,<environment.Job instance at 0x7f68656735a0>,71,20,[ 3 14],72,-1,129,-1,109
1,<environment.Job instance at 0x7f685b688c80>,72,13,[ 3 14],73,-1,122,-1,109
1,<environment.Job instance at 0x7f685b6886e0>,73,13,[11  5],74,-1,122,-1,109
1,<environment.Job instance at 0x7f685b688190>,76,20,[12  3],77,-1,141,-1,121
1,<environment.Job instance at 0x7f685b688b90>,77,25,[13  2],78,-1,146,-1,121
1,<environment.Job instance at 0x7f685b6887d0>,74,24,[8 4],75,-1,158,-1,134
1,<environment.Job instance at 0x7f685b6880f0>,79,25,[1 6],80,-1,159,-1,134
1,<environment.Job instance at 0x7f685b6881e0>,80,17,[12  4],81,-1,151,-1,134
1,<environment.Job instance at 0x7f685b688cd0>,81,26,[1 9],82,-1,160,-1,134
1,<environment.Job instance at 0x7f685b688f00>,82,27,[14  4],83,-1,161,-1,134
1,<environment.Job instance at 0x7f685b6882d0>,83,18,[14  2],84,-1,152,-1,134
1,<environment.Job instance at 0x7f685b688320>,84,25,[13  3],85,-1,159,-1,134
1,<environment.Job instance at 0x7f685b688a50>,86,23,[12  4],87,-1,157,-1,134
1,<environment.Job instance at 0x7f685b688410>,88,20,[11  2],89,-1,154,-1,134
1,<environment.Job instance at 0x7f685b6884b0>,89,16,[14  4],90,-1,150,-1,134
1,<environment.Job instance at 0x7f685b6889b0>,90,23,[7 4],91,-1,171,-1,148
1,<environment.Job instance at 0x7f685b637cd0>,93,22,[ 1 12],94,-1,170,-1,148
1,<environment.Job instance at 0x7f685b6370a0>,95,26,[ 3 12],96,-1,175,-1,149
1,<environment.Job instance at 0x7f685b637c30>,96,27,[ 2 14],97,-1,176,-1,149
1,<environment.Job instance at 0x7f685b637550>,97,24,[13  5],98,-1,173,-1,149
1,<environment.Job instance at 0x7f685b637690>,99,21,[13  4],100,-1,170,-1,149
1,<environment.Job instance at 0x7f685b637500>,100,22,[ 5 12],101,-1,171,-1,149
1,<environment.Job instance at 0x7f685bc7f0a0>,0,17,[8 1],1,-1,19,-1,2
1,<environment.Job instance at 0x7f685be03d70>,1,15,[14  5],2,-1,17,-1,2
1,<environment.Job instance at 0x7f685bc7f870>,9,21,[9 2],10,-1,35,-1,14
1,<environment.Job instance at 0x7f685bafb460>,18,15,[13  3],19,-1,94,-1,79
1,<environment.Job instance at 0x7f685bc7f190>,7,26,[ 5 11],8,-1,105,-1,79
1,<environment.Job instance at 0x7f685bafb410>,22,25,[ 1 13],23,-1,104,-1,79
1,<environment.Job instance at 0x7f685bafb870>,24,26,[11  4],25,-1,105,-1,79
1,<environment.Job instance at 0x7f685bafb230>,17,27,[9 3],18,-1,124,-1,97
1,<environment.Job instance at 0x7f685bc7f780>,16,21,[ 5 14],17,-1,122,-1,101
1,<environment.Job instance at 0x7f685bafb370>,21,26,[7 3],22,-1,140,-1,114
1,<environment.Job instance at 0x7f685bafb8c0>,27,20,[ 1 11],28,-1,134,-1,114
1,<environment.Job instance at 0x7f685bafbd20>,32,16,[10  3],33,-1,130,-1,114
1,<environment.Job instance at 0x7f685bafba50>,28,19,[13  2],29,-1,133,-1,114
1,<environment.Job instance at 0x7f685b5d0e60>,34,18,[13  3],35,-1,132,-1,114
1,<environment.Job instance at 0x7f685bc7fc80>,4,21,[ 2 12],5,-1,135,-1,114
1,<environment.Job instance at 0x7f685b5d0a00>,33,24,[11  3],34,-1,139,-1,115
1,<environment.Job instance at 0x7f685b5d0050>,35,13,[6 4],36,-1,131,-1,118
1,<environment.Job instance at 0x7f685b5d0640>,37,23,[13  3],38,-1,141,-1,118
1,<environment.Job instance at 0x7f685b5d0f00>,40,18,[10  4],41,-1,136,-1,118
1,<environment.Job instance at 0x7f685b5d0910>,44,25,[12  2],45,-1,171,-1,146
1,<environment.Job instance at 0x7f685b5f0e60>,1,15,[14  5],2,-1,17,-1,2
1,<environment.Job instance at 0x7f685b5f0960>,2,13,[14  1],3,-1,16,-1,3
1,<environment.Job instance at 0x7f686524b910>,4,21,[ 2 12],5,-1,26,-1,5
1,<environment.Job instance at 0x7f685b5f70a0>,5,23,[ 2 12],6,-1,29,-1,6
1,<environment.Job instance at 0x7f685b5f7af0>,7,26,[ 5 11],8,-1,34,-1,8
1,<environment.Job instance at 0x7f685b5f7910>,10,18,[14  2],11,-1,29,-1,11
1,<environment.Job instance at 0x7f685b5f7500>,11,16,[ 5 11],12,-1,28,-1,12
1,<environment.Job instance at 0x7f685b5f7870>,12,22,[ 1 14],13,-1,35,-1,13
1,<environment.Job instance at 0x7f685b5f79b0>,14,25,[ 3 14],15,-1,40,-1,15
1,<environment.Job instance at 0x7f685b5f74b0>,3,24,[8 2],4,-1,42,-1,18
1,<environment.Job instance at 0x7f685b5f7820>,16,21,[ 5 14],17,-1,39,-1,18
1,<environment.Job instance at 0x7f6865673f50>,17,27,[9 3],18,-1,45,-1,18
1,<environment.Job instance at 0x7f685bafb780>,18,15,[13  3],19,-1,34,-1,19
1,<environment.Job instance at 0x7f6865671aa0>,20,12,[ 3 12],21,-1,33,-1,21
1,<environment.Job instance at 0x7f6865673a00>,15,28,[2 8],16,-1,49,-1,21
1,<environment.Job instance at 0x7f685c57cf50>,22,25,[ 1 13],23,-1,48,-1,23
1,<environment.Job instance at 0x7f685c57cfa0>,24,26,[11  4],25,-1,51,-1,25
1,<environment.Job instance at 0x7f685c0d5a50>,26,17,[11  1],27,-1,44,-1,27
1,<environment.Job instance at 0x7f685bb61e10>,27,20,[ 1 11],28,-1,48,-1,28
1,<environment.Job instance at 0x7f685bb61d20>,28,19,[13  2],29,-1,48,-1,29
1,<environment.Job instance at 0x7f685b7a80a0>,21,26,[7 3],22,-1,56,-1,30
1,<environment.Job instance at 0x7f685bb61410>,29,12,[ 1 11],30,-1,42,-1,30
1,<environment.Job instance at 0x7f685bb61c80>,30,20,[13  5],31,-1,51,-1,31
1,<environment.Job instance at 0x7f685bc7f370>,33,24,[11  3],34,-1,58,-1,34
1,<environment.Job instance at 0x7f685bc7f500>,34,18,[13  3],35,-1,53,-1,35
1,<environment.Job instance at 0x7f685bc7f5f0>,31,27,[1 8],32,-1,76,-1,49
1,<environment.Job instance at 0x7f685cc52460>,37,23,[13  3],38,-1,72,-1,49
1,<environment.Job instance at 0x7f685bb11f50>,42,24,[13  3],43,-1,88,-1,64
1,<environment.Job instance at 0x7f685c307730>,44,25,[12  2],45,-1,92,-1,67
1,<environment.Job instance at 0x7f685c1b29b0>,45,25,[14  1],46,-1,92,-1,67
1,<environment.Job instance at 0x7f685c319b90>,46,27,[5 5],47,-1,94,-1,67
1,<environment.Job instance at 0x7f685c41eaa0>,48,23,[14  2],49,-1,100,-1,77
1,<environment.Job instance at 0x7f685c0920f0>,52,12,[12  4],53,-1,104,-1,92
1,<environment.Job instance at 0x7f685c32dbe0>,53,21,[ 2 11],54,-1,113,-1,92
1,<environment.Job instance at 0x7f685c0e2aa0>,54,23,[14  3],55,-1,115,-1,92
1,<environment.Job instance at 0x7f685c0e2870>,55,25,[9 2],56,-1,138,-1,113
1,<environment.Job instance at 0x7f685c0fa4b0>,57,19,[11  1],58,-1,132,-1,113
1,<environment.Job instance at 0x7f685c094550>,60,23,[ 2 11],61,-1,139,-1,116
1,<environment.Job instance at 0x7f685c171e60>,62,19,[ 5 14],63,-1,144,-1,125
1,<environment.Job instance at 0x7f685c094f00>,61,27,[1 8],62,-1,157,-1,130
1,<environment.Job instance at 0x7f685c1710a0>,64,27,[11  3],65,-1,157,-1,130
1,<environment.Job instance at 0x7f685c171b90>,65,26,[2 6],66,-1,156,-1,130
1,<environment.Job instance at 0x7f685c171af0>,68,25,[14  2],69,-1,166,-1,141
1,<environment.Job instance at 0x7f685b9c4410>,2,19,[1 7],3,-1,22,-1,3
1,<environment.Job instance at 0x7f685b9c4e10>,5,18,[ 5 11],6,-1,25,-1,7
1,<environment.Job instance at 0x7f68657be280>,6,27,[11  5],7,-1,34,-1,7
1,<environment.Job instance at 0x7f685b9b7190>,14,20,[10  4],15,-1,62,-1,42
1,<environment.Job instance at 0x7f685b9cfaa0>,11,26,[5 4],12,-1,71,-1,45
1,<environment.Job instance at 0x7f685b9ec730>,21,15,[9 4],22,-1,60,-1,45
1,<environment.Job instance at 0x7f685b9ec9b0>,22,28,[5 5],23,-1,80,-1,52
1,<environment.Job instance at 0x7f685b9ecb90>,23,13,[1 5],24,-1,65,-1,52
1,<environment.Job instance at 0x7f685b9ec550>,24,20,[13  1],25,-1,100,-1,80
1,<environment.Job instance at 0x7f685b9ecd70>,27,20,[7 1],28,-1,100,-1,80
1,<environment.Job instance at 0x7f685b9b7870>,16,23,[11  3],17,-1,107,-1,84
1,<environment.Job instance at 0x7f685c14ec80>,0,18,[14  3],1,-1,19,-1,1
1,<environment.Job instance at 0x7f685c14edc0>,3,18,[14  3],4,-1,22,-1,4
1,<environment.Job instance at 0x7f685c39a140>,4,23,[ 2 11],5,-1,28,-1,5
1,<environment.Job instance at 0x7f685c673c30>,5,18,[ 5 11],6,-1,24,-1,6
1,<environment.Job instance at 0x7f685c673690>,6,27,[11  5],7,-1,34,-1,7
1,<environment.Job instance at 0x7f685c6738c0>,7,17,[12  5],8,-1,25,-1,8
1,<environment.Job instance at 0x7f685b824640>,9,21,[11  1],10,-1,31,-1,10
1,<environment.Job instance at 0x7f685c422c30>,10,14,[12  4],11,-1,25,-1,11
1,<environment.Job instance at 0x7f685c422050>,13,26,[1 6],14,-1,40,-1,14
1,<environment.Job instance at 0x7f685c4224b0>,15,19,[11  4],16,-1,35,-1,16
1,<environment.Job instance at 0x7f685c085a00>,16,23,[11  3],17,-1,40,-1,17
1,<environment.Job instance at 0x7f685c610500>,18,12,[11  4],19,-1,31,-1,19
1,<environment.Job instance at 0x7f685c422f00>,11,26,[5 4],12,-1,46,-1,20
1,<environment.Job instance at 0x7f685c085690>,20,14,[ 3 13],21,-1,35,-1,21
1,<environment.Job instance at 0x7f685c048370>,22,28,[5 5],23,-1,54,-1,26
1,<environment.Job instance at 0x7f685be60aa0>,24,20,[13  1],25,-1,46,-1,26
1,<environment.Job instance at 0x7f685c063f00>,25,21,[ 3 12],26,-1,47,-1,26
1,<environment.Job instance at 0x7f685c0d29b0>,26,25,[12  3],27,-1,52,-1,27
1,<environment.Job instance at 0x7f685c0d20f0>,28,20,[12  2],29,-1,49,-1,29
1,<environment.Job instance at 0x7f685c06b5a0>,31,16,[14  3],32,-1,57,-1,41
1,<environment.Job instance at 0x7f685c133a50>,32,20,[11  1],33,-1,61,-1,41
1,<environment.Job instance at 0x7f685c06b690>,34,27,[7 2],35,-1,82,-1,55
1,<environment.Job instance at 0x7f685c10f5f0>,36,20,[ 4 13],37,-1,75,-1,55
1,<environment.Job instance at 0x7f685c10f820>,37,21,[12  5],38,-1,76,-1,55
1,<environment.Job instance at 0x7f685c10f190>,39,25,[6 1],40,-1,95,-1,70
1,<environment.Job instance at 0x7f685c10f550>,40,24,[11  4],41,-1,94,-1,70
1,<environment.Job instance at 0x7f685c10f230>,42,27,[5 1],43,-1,98,-1,71
1,<environment.Job instance at 0x7f685bff7050>,44,17,[14  5],45,-1,88,-1,71
1,<environment.Job instance at 0x7f685bff7a50>,45,25,[6 1],46,-1,96,-1,71
1,<environment.Job instance at 0x7f685bff7e60>,47,25,[8 3],48,-1,108,-1,83
1,<environment.Job instance at 0x7f685bff7a00>,48,13,[13  1],49,-1,96,-1,83
1,<environment.Job instance at 0x7f685ca2c280>,52,19,[12  1],53,-1,118,-1,99
1,<environment.Job instance at 0x7f685c25f960>,55,18,[ 2 13],56,-1,133,-1,115
1,<environment.Job instance at 0x7f685ca2cdc0>,53,26,[4 7],54,-1,141,-1,115
1,<environment.Job instance at 0x7f685c26b4b0>,64,15,[13  2],65,-1,148,-1,133
1,<environment.Job instance at 0x7f685c26b5f0>,65,17,[12  3],66,-1,150,-1,133
1,<environment.Job instance at 0x7f685c26b140>,66,28,[ 4 12],67,-1,161,-1,133
1,<environment.Job instance at 0x7f685ba65640>,0,18,[1 5],1,-1,19,-1,1
1,<environment.Job instance at 0x7f685ba65b90>,1,27,[4 6],2,-1,29,-1,2
1,<environment.Job instance at 0x7f685b9b1af0>,1,27,[4 6],2,-1,29,-1,2
1,<environment.Job instance at 0x7f685b9ec5a0>,2,14,[14  1],3,-1,17,-1,3
1,<environment.Job instance at 0x7f685c465190>,3,16,[ 4 12],4,-1,20,-1,4
1,<environment.Job instance at 0x7f685b9b7370>,4,17,[14  4],5,-1,22,-1,5
1,<environment.Job instance at 0x7f68656735f0>,6,17,[ 5 14],7,-1,24,-1,7
1,<environment.Job instance at 0x7f6865673a00>,7,25,[11  4],8,-1,33,-1,8
1,<environment.Job instance at 0x7f685bb18230>,11,27,[ 1 11],12,-1,39,-1,12
1,<environment.Job instance at 0x7f685c319b90>,13,26,[11  2],14,-1,40,-1,14
1,<environment.Job instance at 0x7f685c094550>,16,24,[9 2],17,-1,43,-1,19
1,<environment.Job instance at 0x7f685c26b7d0>,17,27,[ 5 14],18,-1,46,-1,19
1,<environment.Job instance at 0x7f685c26bc80>,19,20,[ 2 13],20,-1,40,-1,20
1,<environment.Job instance at 0x7f685be60d20>,20,26,[ 4 14],21,-1,47,-1,21
1,<environment.Job instance at 0x7f685c048370>,22,16,[ 1 11],23,-1,47,-1,31
1,<environment.Job instance at 0x7f685c610500>,23,15,[14  5],24,-1,46,-1,31
1,<environment.Job instance at 0x7f685c0d29b0>,24,17,[13  1],25,-1,48,-1,31
1,<environment.Job instance at 0x7f685c0d24b0>,25,23,[ 4 11],26,-1,54,-1,31
1,<environment.Job instance at 0x7f685ba65820>,26,21,[ 5 14],27,-1,52,-1,31
1,<environment.Job instance at 0x7f685ba65960>,27,17,[13  3],28,-1,48,-1,31
1,<environment.Job instance at 0x7f685bc3a5a0>,30,14,[13  2],31,-1,52,-1,38
1,<environment.Job instance at 0x7f685bc3a4b0>,32,23,[ 1 14],33,-1,68,-1,45
1,<environment.Job instance at 0x7f685bc3ac80>,33,27,[5 5],34,-1,81,-1,54
1,<environment.Job instance at 0x7f685bc3a780>,35,28,[ 5 11],36,-1,82,-1,54
1,<environment.Job instance at 0x7f685bc3a370>,36,19,[11  5],37,-1,73,-1,54
1,<environment.Job instance at 0x7f685bc3adc0>,37,27,[ 2 14],38,-1,81,-1,54
1,<environment.Job instance at 0x7f685bc3a9b0>,38,23,[3 7],39,-1,91,-1,68
1,<environment.Job instance at 0x7f685bc51820>,42,23,[ 3 12],43,-1,95,-1,72
1,<environment.Job instance at 0x7f685bc51dc0>,43,20,[11  5],44,-1,92,-1,72
1,<environment.Job instance at 0x7f685bc51370>,44,27,[12  3],45,-1,99,-1,72
1,<environment.Job instance at 0x7f685bc51460>,45,24,[6 1],46,-1,96,-1,72
1,<environment.Job instance at 0x7f685bc512d0>,46,26,[ 1 12],47,-1,98,-1,72
1,<environment.Job instance at 0x7f685bc51aa0>,47,13,[12  3],48,-1,85,-1,72
1,<environment.Job instance at 0x7f685bc511e0>,48,25,[1 5],49,-1,97,-1,72
1,<environment.Job instance at 0x7f685bc51f00>,50,24,[11  5],51,-1,96,-1,72
1,<environment.Job instance at 0x7f685bc51230>,51,25,[2 7],52,-1,97,-1,72
1,<environment.Job instance at 0x7f685bc51a00>,52,23,[10  4],53,-1,95,-1,72
1,<environment.Job instance at 0x7f685bc510a0>,53,21,[ 3 14],54,-1,93,-1,72
1,<environment.Job instance at 0x7f685bc519b0>,41,25,[5 8],42,-1,97,-1,72
1,<environment.Job instance at 0x7f685bc51e60>,56,18,[14  2],57,-1,90,-1,72
1,<environment.Job instance at 0x7f685bc51320>,57,27,[ 5 13],58,-1,99,-1,72
1,<environment.Job instance at 0x7f685bc517d0>,59,21,[12  3],60,-1,105,-1,84
1,<environment.Job instance at 0x7f685bc515f0>,60,27,[ 5 12],61,-1,111,-1,84
1,<environment.Job instance at 0x7f685bc5c730>,62,16,[ 2 13],63,-1,105,-1,89
1,<environment.Job instance at 0x7f685bc5c550>,65,13,[14  1],66,-1,113,-1,100
1,<environment.Job instance at 0x7f685bc5c320>,66,26,[11  5],67,-1,126,-1,100
1,<environment.Job instance at 0x7f685bc5c6e0>,67,14,[ 2 13],68,-1,114,-1,100
1,<environment.Job instance at 0x7f685bc5cd20>,68,13,[14  5],69,-1,113,-1,100
1,<environment.Job instance at 0x7f685bc5ce10>,69,18,[12  4],70,-1,118,-1,100
1,<environment.Job instance at 0x7f685bc5ccd0>,70,21,[ 2 14],71,-1,121,-1,100
1,<environment.Job instance at 0x7f685bc5c870>,72,23,[13  4],73,-1,125,-1,102
1,<environment.Job instance at 0x7f685bc5c690>,74,18,[ 1 12],75,-1,124,-1,106
1,<environment.Job instance at 0x7f685bc5caf0>,75,23,[9 4],76,-1,142,-1,119
1,<environment.Job instance at 0x7f685bc5cb90>,77,18,[13  5],78,-1,137,-1,119
1,<environment.Job instance at 0x7f685bc5c1e0>,78,21,[12  5],79,-1,140,-1,119
1,<environment.Job instance at 0x7f685bc5c2d0>,80,20,[11  5],81,-1,139,-1,119
1,<environment.Job instance at 0x7f685bc5c3c0>,81,27,[8 5],82,-1,159,-1,132
1,<environment.Job instance at 0x7f685bc5cc30>,76,26,[ 1 10],77,-1,158,-1,132
1,<environment.Job instance at 0x7f685c7fbdc0>,83,28,[5 7],84,-1,160,-1,132
1,<environment.Job instance at 0x7f685c7fbf50>,84,12,[ 4 11],85,-1,144,-1,132
1,<environment.Job instance at 0x7f685c7fbe10>,85,25,[13  4],86,-1,157,-1,132
1,<environment.Job instance at 0x7f685c7fb6e0>,86,21,[ 1 12],87,-1,153,-1,132
1,<environment.Job instance at 0x7f685c7fbb90>,87,22,[ 4 12],88,-1,154,-1,132
1,<environment.Job instance at 0x7f685c7fb0a0>,88,22,[13  5],89,-1,154,-1,132
1,<environment.Job instance at 0x7f685c7fb7d0>,89,28,[13  2],90,-1,160,-1,132
1,<environment.Job instance at 0x7f685c7fbc30>,91,24,[14  3],92,-1,156,-1,132
1,<environment.Job instance at 0x7f685c7fb5a0>,92,25,[12  1],93,-1,157,-1,132
1,<environment.Job instance at 0x7f685c7fba50>,93,24,[5 8],94,-1,157,-1,133
1,<environment.Job instance at 0x7f685c7fba00>,94,13,[ 1 13],95,-1,146,-1,133
1,<environment.Job instance at 0x7f685c7fb3c0>,95,23,[1 5],96,-1,156,-1,133
1,<environment.Job instance at 0x7f685c7fbfa0>,96,22,[ 5 11],97,-1,155,-1,133
1,<environment.Job instance at 0x7f685c7fb230>,97,24,[ 5 13],98,-1,157,-1,133
1,<environment.Job instance at 0x7f685c7fb870>,98,13,[ 1 14],99,-1,146,-1,133
1,<environment.Job instance at 0x7f685c7fb0f0>,99,26,[12  4],100,-1,159,-1,133
1,<environment.Job instance at 0x7f685c7fb1e0>,101,21,[13  2],102,-1,154,-1,133
1,<environment.Job instance at 0x7f685bc34410>,102,23,[14  5],103,-1,156,-1,133
1,<environment.Job instance at 0x7f685bc34500>,103,14,[14  2],104,-1,147,-1,133
1,<environment.Job instance at 0x7f685bc34960>,106,28,[5 4],107,-1,174,-1,146
1,<environment.Job instance at 0x7f685ba3ae60>,0,26,[13  5],1,-1,27,-1,1
1,<environment.Job instance at 0x7f685ba3afa0>,1,16,[ 1 13],2,-1,18,-1,2
1,<environment.Job instance at 0x7f685ba3acd0>,2,25,[4 9],3,-1,28,-1,3
1,<environment.Job instance at 0x7f685ba3af00>,4,14,[13  3],5,-1,19,-1,5
1,<environment.Job instance at 0x7f685bc34870>,5,14,[13  2],6,-1,20,-1,6
1,<environment.Job instance at 0x7f685ba3aa50>,8,28,[12  3],9,-1,37,-1,9
1,<environment.Job instance at 0x7f685bc34320>,7,28,[9 2],8,-1,46,-1,18
1,<environment.Job instance at 0x7f685bc342d0>,14,12,[ 3 12],15,-1,30,-1,18
1,<environment.Job instance at 0x7f685bc34b40>,15,12,[11  4],16,-1,30,-1,18
1,<environment.Job instance at 0x7f685bc34cd0>,16,20,[ 3 14],17,-1,38,-1,18
1,<environment.Job instance at 0x7f685bc34780>,17,16,[12  1],18,-1,34,-1,18
1,<environment.Job instance at 0x7f685bc34500>,20,28,[ 1 11],21,-1,49,-1,21
1,<environment.Job instance at 0x7f685bc34eb0>,22,28,[14  4],23,-1,60,-1,32
1,<environment.Job instance at 0x7f685bc5c2d0>,23,27,[13  4],24,-1,59,-1,32
1,<environment.Job instance at 0x7f685bc5cf50>,24,12,[ 5 11],25,-1,44,-1,32
1,<environment.Job instance at 0x7f685bc5c050>,26,17,[14  2],27,-1,49,-1,32
1,<environment.Job instance at 0x7f685bc5c0f0>,27,17,[ 1 12],28,-1,49,-1,32
1,<environment.Job instance at 0x7f685bc5ceb0>,29,22,[ 3 14],30,-1,54,-1,32
1,<environment.Job instance at 0x7f685bc5c780>,30,15,[ 2 11],31,-1,47,-1,32
1,<environment.Job instance at 0x7f685bc5c960>,31,22,[ 2 13],32,-1,54,-1,32
1,<environment.Job instance at 0x7f685bc5c9b0>,33,26,[ 4 14],34,-1,60,-1,34
1,<environment.Job instance at 0x7f685bc5c550>,35,26,[3 9],36,-1,70,-1,44
1,<environment.Job instance at 0x7f685bc5cd20>,37,23,[8 2],38,-1,71,-1,48
1,<environment.Job instance at 0x7f685bc5c370>,38,26,[ 2 11],39,-1,74,-1,48
1,<environment.Job instance at 0x7f685bc5cb40>,39,27,[6 4],40,-1,75,-1,48
1,<environment.Job instance at 0x7f685bc5c230>,40,25,[ 4 14],41,-1,73,-1,48
1,<environment.Job instance at 0x7f685bc5c640>,42,18,[ 2 12],43,-1,66,-1,48
1,<environment.Job instance at 0x7f685bc5c460>,36,23,[10  3],37,-1,83,-1,60
1,<environment.Job instance at 0x7f685bc3adc0>,44,24,[13  5],45,-1,84,-1,60
1,<environment.Job instance at 0x7f685bc3a780>,45,12,[ 4 13],46,-1,72,-1,60
1,<environment.Job instance at 0x7f685bc3ac30>,46,27,[14  3],47,-1,87,-1,60
1,<environment.Job instance at 0x7f685bc3a690>,49,27,[12  5],50,-1,87,-1,60
1,<environment.Job instance at 0x7f685c610500>,51,13,[11  1],52,-1,78,-1,65
1,<environment.Job instance at 0x7f685c048370>,52,26,[ 1 13],53,-1,91,-1,65
1,<environment.Job instance at 0x7f685bc3a960>,53,13,[ 1 13],54,-1,78,-1,65
1,<environment.Job instance at 0x7f685bc3a9b0>,54,18,[12  5],55,-1,83,-1,65
1,<environment.Job instance at 0x7f685c319b90>,55,24,[ 5 12],56,-1,89,-1,65
1,<environment.Job instance at 0x7f685c08a5f0>,56,22,[ 3 14],57,-1,87,-1,65
1,<environment.Job instance at 0x7f68656735a0>,61,24,[4 5],62,-1,126,-1,102
1,<environment.Job instance at 0x7f685cb45500>,63,12,[13  3],64,-1,114,-1,102
1,<environment.Job instance at 0x7f685b9ec5a0>,64,25,[ 5 10],65,-1,141,-1,116
1,<environment.Job instance at 0x7f685beaa550>,66,14,[11  2],67,-1,130,-1,116
1,<environment.Job instance at 0x7f685b5bbe60>,67,15,[ 3 14],68,-1,131,-1,116
1,<environment.Job instance at 0x7f685b9c4910>,69,27,[13  4],70,-1,143,-1,116
1,<environment.Job instance at 0x7f685c0d29b0>,72,15,[ 4 14],73,-1,136,-1,121
1,<environment.Job instance at 0x7f685c0d2eb0>,73,12,[ 1 14],74,-1,133,-1,121
1,<environment.Job instance at 0x7f685c0d20f0>,74,20,[ 1 12],75,-1,141,-1,121
1,<environment.Job instance at 0x7f6865174460>,77,14,[ 4 12],78,-1,148,-1,134
1,<environment.Job instance at 0x7f685bc33730>,79,25,[ 1 14],80,-1,171,-1,146
1,<environment.Job instance at 0x7f685bc335f0>,80,14,[11  5],81,-1,160,-1,146
1,<environment.Job instance at 0x7f685bc9f5a0>,3,19,[10  1],4,-1,24,-1,5
1,<environment.Job instance at 0x7f685bc9f960>,5,20,[1 8],6,-1,26,-1,6
1,<environment.Job instance at 0x7f685bc9ff00>,6,18,[5 4],7,-1,25,-1,7
1,<environment.Job instance at 0x7f685bc9f0a0>,7,17,[7 2],8,-1,25,-1,8
1,<environment.Job instance at 0x7f685bc9fc30>,8,18,[ 4 10],9,-1,27,-1,9
1,<environment.Job instance at 0x7f685bc9f690>,4,22,[11  1],5,-1,33,-1,11
1,<environment.Job instance at 0x7f685bf978c0>,0,17,[14  2],1,-1,18,-1,1
1,<environment.Job instance at 0x7f685c35fbe0>,1,14,[ 3 14],2,-1,16,-1,2
1,<environment.Job instance at 0x7f685c35f050>,2,20,[ 4 11],3,-1,23,-1,3
1,<environment.Job instance at 0x7f685c35f7d0>,4,22,[11  1],5,-1,27,-1,5
1,<environment.Job instance at 0x7f685c6a3320>,10,14,[ 2 12],11,-1,25,-1,11
1,<environment.Job instance at 0x7f685b9b7050>,11,28,[11  4],12,-1,40,-1,12
1,<environment.Job instance at 0x7f685b9ec5a0>,12,22,[ 5 12],13,-1,35,-1,13
1,<environment.Job instance at 0x7f685bc336e0>,14,25,[9 5],15,-1,65,-1,40
1,<environment.Job instance at 0x7f685bc34eb0>,18,22,[ 1 13],19,-1,62,-1,40
1,<environment.Job instance at 0x7f685bc34410>,19,26,[7 2],20,-1,66,-1,40
1,<environment.Job instance at 0x7f685bc34280>,20,15,[13  5],21,-1,55,-1,40
1,<environment.Job instance at 0x7f685bc34370>,22,25,[10  3],23,-1,77,-1,52
1,<environment.Job instance at 0x7f685bc347d0>,23,18,[ 4 11],24,-1,70,-1,52
1,<environment.Job instance at 0x7f685bc34960>,25,18,[ 5 14],26,-1,70,-1,52
1,<environment.Job instance at 0x7f685bc34d70>,26,18,[ 3 11],27,-1,70,-1,52
1,<environment.Job instance at 0x7f685bc34f50>,27,27,[11  1],28,-1,79,-1,52
1,<environment.Job instance at 0x7f685bc34190>,28,28,[11  2],29,-1,80,-1,52
1,<environment.Job instance at 0x7f685bc34a00>,29,23,[ 4 11],30,-1,75,-1,52
1,<environment.Job instance at 0x7f685bc34320>,30,22,[ 1 14],31,-1,74,-1,52
1,<environment.Job instance at 0x7f68651ae370>,34,27,[11  4],35,-1,94,-1,67
1,<environment.Job instance at 0x7f685c8ce870>,36,28,[8 1],37,-1,123,-1,95
1,<environment.Job instance at 0x7f685b85eeb0>,38,23,[ 3 14],39,-1,118,-1,95
1,<environment.Job instance at 0x7f685b9a24b0>,39,27,[ 4 13],40,-1,122,-1,95
1,<environment.Job instance at 0x7f685bcaa960>,40,22,[12  5],41,-1,117,-1,95
1,<environment.Job instance at 0x7f685b906190>,44,14,[ 1 11],45,-1,109,-1,95
1,<environment.Job instance at 0x7f685bc9f410>,46,27,[13  1],47,-1,122,-1,95
1,<environment.Job instance at 0x7f685bc9fdc0>,48,26,[12  3],49,-1,122,-1,96
1,<environment.Job instance at 0x7f685c953af0>,50,23,[13  4],51,-1,130,-1,107
1,<environment.Job instance at 0x7f685c953460>,51,25,[ 4 12],52,-1,132,-1,107
1,<environment.Job instance at 0x7f685c369140>,52,26,[5 5],53,-1,139,-1,113
1,<environment.Job instance at 0x7f685bfaea50>,45,27,[10  2],46,-1,141,-1,114
1,<environment.Job instance at 0x7f685bd19f00>,55,25,[ 2 10],56,-1,139,-1,114
1,<environment.Job instance at 0x7f68657c2be0>,56,14,[11  3],57,-1,128,-1,114
1,<environment.Job instance at 0x7f685cb77190>,61,19,[ 3 11],62,-1,150,-1,131
1,<environment.Job instance at 0x7f685bebb500>,0,27,[5 2],1,-1,28,-1,1
1,<environment.Job instance at 0x7f685bebbeb0>,8,12,[ 1 12],9,-1,22,-1,10
1,<environment.Job instance at 0x7f685c290cd0>,10,16,[ 1 10],11,-1,27,-1,11
1,<environment.Job instance at 0x7f685cb04b40>,0,27,[5 2],1,-1,28,-1,1
1,<environment.Job instance at 0x7f685c3ef050>,1,12,[ 3 13],2,-1,14,-1,2
1,<environment.Job instance at 0x7f685c3ef230>,2,17,[14  5],3,-1,20,-1,3
1,<environment.Job instance at 0x7f685c3ef7d0>,3,15,[14  2],4,-1,19,-1,4
1,<environment.Job instance at 0x7f685c3ef690>,4,15,[ 1 12],5,-1,20,-1,5
1,<environment.Job instance at 0x7f685c5115a0>,8,12,[ 1 12],9,-1,21,-1,9
1,<environment.Job instance at 0x7f685c511780>,11,22,[14  3],12,-1,34,-1,12
1,<environment.Job instance at 0x7f685c526140>,12,22,[11  5],13,-1,35,-1,13
1,<environment.Job instance at 0x7f685c50ee10>,15,21,[11  3],16,-1,40,-1,19
1,<environment.Job instance at 0x7f685c50e0f0>,16,24,[1 8],17,-1,44,-1,20
1,<environment.Job instance at 0x7f685c50e730>,19,12,[11  2],20,-1,32,-1,20
1,<environment.Job instance at 0x7f685c5456e0>,20,18,[ 3 11],21,-1,39,-1,21
1,<environment.Job instance at 0x7f685c545410>,21,15,[ 3 12],22,-1,37,-1,22
1,<environment.Job instance at 0x7f685c545e10>,23,24,[2 8],24,-1,60,-1,36
1,<environment.Job instance at 0x7f685c545280>,24,24,[5 7],25,-1,60,-1,36
1,<environment.Job instance at 0x7f685c51d320>,25,13,[14  2],26,-1,49,-1,36
1,<environment.Job instance at 0x7f685c51d370>,26,12,[ 5 14],27,-1,48,-1,36
1,<environment.Job instance at 0x7f685c51df00>,27,28,[11  4],28,-1,64,-1,36
1,<environment.Job instance at 0x7f685c51d190>,28,23,[1 6],29,-1,59,-1,36
1,<environment.Job instance at 0x7f685c51d820>,29,26,[1 8],30,-1,62,-1,36
1,<environment.Job instance at 0x7f685c516c30>,33,25,[7 5],34,-1,73,-1,48
1,<environment.Job instance at 0x7f685c3c6320>,34,24,[5 3],35,-1,72,-1,48
1,<environment.Job instance at 0x7f685c3c6550>,35,15,[ 1 14],36,-1,63,-1,48
1,<environment.Job instance at 0x7f685c3c6460>,36,24,[5 2],37,-1,72,-1,48
1,<environment.Job instance at 0x7f685c3c6f50>,37,25,[8 1],38,-1,74,-1,49
1,<environment.Job instance at 0x7f685c3c61e0>,39,20,[ 4 13],40,-1,69,-1,49
1,<environment.Job instance at 0x7f685c5232d0>,43,26,[9 3],44,-1,92,-1,66
1,<environment.Job instance at 0x7f685c523d20>,45,20,[14  4],46,-1,86,-1,66
1,<environment.Job instance at 0x7f685c69ec80>,47,14,[ 3 11],48,-1,80,-1,66
1,<environment.Job instance at 0x7f685c69ee60>,48,14,[14  2],49,-1,80,-1,66
1,<environment.Job instance at 0x7f685c51fa50>,49,20,[14  4],50,-1,86,-1,66
1,<environment.Job instance at 0x7f685c69eeb0>,50,15,[ 4 12],51,-1,81,-1,66
1,<environment.Job instance at 0x7f685c667d20>,52,26,[13  4],53,-1,107,-1,81
1,<environment.Job instance at 0x7f685c5130f0>,54,24,[ 3 14],55,-1,106,-1,82
1,<environment.Job instance at 0x7f685c371230>,55,16,[11  5],56,-1,98,-1,82
1,<environment.Job instance at 0x7f685ca733c0>,57,13,[13  2],58,-1,95,-1,82
1,<environment.Job instance at 0x7f685cafe0a0>,58,23,[11  5],59,-1,105,-1,82
1,<environment.Job instance at 0x7f685cafe050>,59,23,[8 2],60,-1,120,-1,97
1,<environment.Job instance at 0x7f685c3f15a0>,61,14,[ 3 13],62,-1,111,-1,97
1,<environment.Job instance at 0x7f685c3f1e10>,62,23,[6 1],63,-1,122,-1,99
1,<environment.Job instance at 0x7f685c3f1be0>,63,19,[12  4],64,-1,118,-1,99
1,<environment.Job instance at 0x7f685cb16af0>,65,16,[13  3],66,-1,115,-1,99
1,<environment.Job instance at 0x7f685ba72550>,68,26,[1 8],69,-1,137,-1,111
1,<environment.Job instance at 0x7f685c3caf00>,69,12,[ 1 13],70,-1,123,-1,111
1,<environment.Job instance at 0x7f685c3ca690>,70,26,[ 2 10],71,-1,137,-1,111
1,<environment.Job instance at 0x7f685b66fdc0>,74,16,[ 3 12],75,-1,141,-1,125
1,<environment.Job instance at 0x7f685b66f410>,75,26,[ 5 13],76,-1,151,-1,125
1,<environment.Job instance at 0x7f685b9813c0>,77,15,[11  1],78,-1,141,-1,126
1,<environment.Job instance at 0x7f685b9810f0>,78,19,[13  4],79,-1,145,-1,126
1,<environment.Job instance at 0x7f685b981280>,80,12,[ 3 11],81,-1,154,-1,142
1,<environment.Job instance at 0x7f685caf9500>,0,27,[2 5],1,-1,28,-1,1
1,<environment.Job instance at 0x7f685caf92d0>,1,13,[ 3 13],2,-1,15,-1,2
1,<environment.Job instance at 0x7f685caf9c80>,2,23,[14  4],3,-1,26,-1,3
1,<environment.Job instance at 0x7f685caf96e0>,3,17,[13  5],4,-1,21,-1,4
1,<environment.Job instance at 0x7f685caf9cd0>,4,22,[13  1],5,-1,27,-1,5
1,<environment.Job instance at 0x7f685c3f3e60>,5,24,[12  4],6,-1,30,-1,6
1,<environment.Job instance at 0x7f685c3f33c0>,6,25,[6 3],7,-1,32,-1,7
1,<environment.Job instance at 0x7f685c3f30a0>,7,27,[9 5],8,-1,35,-1,8
1,<environment.Job instance at 0x7f6865349730>,8,18,[ 3 11],9,-1,27,-1,9
1,<environment.Job instance at 0x7f685bf69aa0>,9,14,[ 2 13],10,-1,24,-1,10
1,<environment.Job instance at 0x7f685c6af500>,11,23,[3 9],12,-1,35,-1,12
1,<environment.Job instance at 0x7f685bf84e60>,14,17,[ 4 14],15,-1,32,-1,15
1,<environment.Job instance at 0x7f685bf695f0>,15,15,[ 2 14],16,-1,31,-1,16
1,<environment.Job instance at 0x7f685c3d24b0>,21,17,[ 2 14],22,-1,40,-1,23
1,<environment.Job instance at 0x7f685c3d20a0>,22,22,[11  4],23,-1,45,-1,23
1,<environment.Job instance at 0x7f685c3d2140>,23,28,[11  2],24,-1,52,-1,24
1,<environment.Job instance at 0x7f685c3d2e60>,24,28,[ 4 10],25,-1,63,-1,35
1,<environment.Job instance at 0x7f685c3d25a0>,25,24,[6 2],26,-1,59,-1,35
1,<environment.Job instance at 0x7f68651a1eb0>,20,23,[5 9],21,-1,58,-1,35
1,<environment.Job instance at 0x7f685c8c6410>,27,26,[12  4],28,-1,61,-1,35
1,<environment.Job instance at 0x7f685c8c6e10>,28,13,[12  3],29,-1,48,-1,35
1,<environment.Job instance at 0x7f685c170780>,29,16,[ 5 11],30,-1,51,-1,35
1,<environment.Job instance at 0x7f685c3f6190>,31,20,[ 1 11],32,-1,55,-1,35
1,<environment.Job instance at 0x7f685c3f67d0>,34,19,[ 4 11],35,-1,54,-1,35
1,<environment.Job instance at 0x7f685c3f6780>,36,19,[13  2],37,-1,66,-1,47
1,<environment.Job instance at 0x7f685b590af0>,38,24,[ 3 14],39,-1,71,-1,47
1,<environment.Job instance at 0x7f685b590b90>,39,24,[3 7],40,-1,71,-1,47
1,<environment.Job instance at 0x7f685b590d20>,37,27,[5 9],38,-1,75,-1,48
1,<environment.Job instance at 0x7f685c96d9b0>,42,14,[ 5 11],43,-1,62,-1,48
1,<environment.Job instance at 0x7f685b981280>,45,17,[ 2 13],46,-1,77,-1,60
1,<environment.Job instance at 0x7f685b981500>,46,16,[14  4],47,-1,76,-1,60
1,<environment.Job instance at 0x7f685ba8ca00>,47,18,[ 1 14],48,-1,78,-1,60
1,<environment.Job instance at 0x7f686b6df0a0>,48,16,[ 3 14],49,-1,76,-1,60
1,<environment.Job instance at 0x7f685b66fdc0>,51,16,[11  2],52,-1,90,-1,74
1,<environment.Job instance at 0x7f685b677eb0>,53,23,[14  2],54,-1,97,-1,74
1,<environment.Job instance at 0x7f685b66f370>,54,24,[5 9],55,-1,113,-1,89
1,<environment.Job instance at 0x7f685c3ca690>,55,12,[12  5],56,-1,101,-1,89
1,<environment.Job instance at 0x7f685ba7a460>,56,28,[ 2 11],57,-1,117,-1,89
1,<environment.Job instance at 0x7f685ba7abe0>,57,26,[9 1],58,-1,115,-1,89
1,<environment.Job instance at 0x7f685c3f14b0>,59,23,[14  3],60,-1,112,-1,89
1,<environment.Job instance at 0x7f685cafe050>,60,18,[ 3 13],61,-1,107,-1,89
1,<environment.Job instance at 0x7f685c3f16e0>,61,12,[13  1],62,-1,101,-1,89
1,<environment.Job instance at 0x7f685b651d20>,62,16,[ 4 12],63,-1,105,-1,89
1,<environment.Job instance at 0x7f685b296aa0>,63,25,[1 8],64,-1,115,-1,90
1,<environment.Job instance at 0x7f685c5139b0>,67,26,[13  1],68,-1,128,-1,102
1,<environment.Job instance at 0x7f685c51fa50>,69,16,[14  1],70,-1,121,-1,105
1,<environment.Job instance at 0x7f685c69ed70>,72,22,[14  5],73,-1,137,-1,115
1,<environment.Job instance at 0x7f685c69e910>,73,26,[4 8],74,-1,145,-1,119
1,<environment.Job instance at 0x7f685c3c6f50>,79,23,[ 5 11],80,-1,169,-1,146
1,<environment.Job instance at 0x7f685bc96870>,13,19,[ 3 14],14,-1,62,-1,43
1,<environment.Job instance at 0x7f685c30c870>,18,21,[ 1 11],19,-1,64,-1,43
1,<environment.Job instance at 0x7f685c30c3c0>,19,20,[ 5 13],20,-1,65,-1,45
1,<environment.Job instance at 0x7f685c30c4b0>,16,16,[8 4],17,-1,62,-1,46
1,<environment.Job instance at 0x7f685c741780>,22,18,[2 5],23,-1,64,-1,46
1,<environment.Job instance at 0x7f685c741be0>,23,18,[ 2 12],24,-1,64,-1,46
1,<environment.Job instance at 0x7f685c7416e0>,20,27,[ 5 13],21,-1,73,-1,46
1,<environment.Job instance at 0x7f685bc96d70>,9,22,[10  1],10,-1,68,-1,46
1,<environment.Job instance at 0x7f685c30c050>,17,17,[5 5],18,-1,63,-1,46
1,<environment.Job instance at 0x7f685c741320>,27,24,[14  3],28,-1,94,-1,70
1,<environment.Job instance at 0x7f685c741d70>,31,27,[2 5],32,-1,97,-1,70
1,<environment.Job instance at 0x7f685c741500>,32,25,[ 2 12],33,-1,100,-1,75
1,<environment.Job instance at 0x7f685c741f50>,25,15,[7 2],26,-1,90,-1,75
1,<environment.Job instance at 0x7f685c75ccd0>,35,23,[11  3],36,-1,98,-1,75
1,<environment.Job instance at 0x7f685c75c960>,34,23,[7 1],35,-1,98,-1,75
1,<environment.Job instance at 0x7f685c75c140>,36,26,[ 1 13],37,-1,101,-1,75
1,<environment.Job instance at 0x7f685c75c3c0>,37,24,[12  4],38,-1,99,-1,75
1,<environment.Job instance at 0x7f685c75caa0>,39,27,[ 1 14],40,-1,102,-1,75
1,<environment.Job instance at 0x7f685ba90190>,33,24,[ 2 10],34,-1,99,-1,75
1,<environment.Job instance at 0x7f685c75ca00>,38,19,[2 6],39,-1,94,-1,75
1,<environment.Job instance at 0x7f685bc96690>,7,19,[ 5 11],8,-1,95,-1,76
1,<environment.Job instance at 0x7f685c75c8c0>,42,28,[ 5 13],43,-1,104,-1,76
1,<environment.Job instance at 0x7f685c75c280>,41,19,[4 6],42,-1,96,-1,77
1,<environment.Job instance at 0x7f685c75c550>,43,17,[2 8],44,-1,95,-1,78
1,<environment.Job instance at 0x7f685c75cbe0>,44,27,[6 4],45,-1,105,-1,78
1,<environment.Job instance at 0x7f685c5bbf50>,0,25,[ 2 12],1,-1,26,-1,1
1,<environment.Job instance at 0x7f685c5bb5f0>,1,14,[12  5],2,-1,16,-1,2
1,<environment.Job instance at 0x7f685c5bbb40>,3,13,[13  1],4,-1,17,-1,4
1,<environment.Job instance at 0x7f685c5bb870>,4,14,[13  3],5,-1,19,-1,5
1,<environment.Job instance at 0x7f685c5bb0a0>,7,19,[ 5 11],8,-1,27,-1,8
1,<environment.Job instance at 0x7f685c5bb8c0>,8,15,[12  1],9,-1,24,-1,9
1,<environment.Job instance at 0x7f685c5bb410>,11,24,[ 2 11],12,-1,36,-1,12
1,<environment.Job instance at 0x7f685c5bb460>,12,20,[ 1 14],13,-1,33,-1,13
1,<environment.Job instance at 0x7f685c5bb3c0>,13,19,[ 3 14],14,-1,33,-1,14
1,<environment.Job instance at 0x7f685c9618c0>,18,21,[ 1 11],19,-1,43,-1,22
1,<environment.Job instance at 0x7f685c961230>,19,20,[ 5 13],20,-1,42,-1,22
1,<environment.Job instance at 0x7f685b2aaa50>,20,27,[ 5 13],21,-1,49,-1,22
1,<environment.Job instance at 0x7f685c02ebe0>,21,15,[ 3 13],22,-1,37,-1,22
1,<environment.Job instance at 0x7f685c612370>,23,18,[ 2 12],24,-1,49,-1,31
1,<environment.Job instance at 0x7f685caf7960>,27,24,[14  3],28,-1,63,-1,39
1,<environment.Job instance at 0x7f685caf7b40>,28,24,[2 6],29,-1,71,-1,47
1,<environment.Job instance at 0x7f685c5bb5a0>,6,25,[ 4 10],7,-1,74,-1,49
1,<environment.Job instance at 0x7f685c3efe10>,31,27,[2 5],32,-1,76,-1,49
1,<environment.Job instance at 0x7f685c5117d0>,32,25,[ 2 12],33,-1,74,-1,49
1,<environment.Job instance at 0x7f685c5115a0>,33,24,[ 2 10],34,-1,73,-1,49
1,<environment.Job instance at 0x7f685c3eff50>,34,23,[7 1],35,-1,72,-1,49
1,<environment.Job instance at 0x7f685c3ef690>,35,23,[11  3],36,-1,72,-1,49
1,<environment.Job instance at 0x7f685c526230>,36,26,[ 1 13],37,-1,75,-1,49
1,<environment.Job instance at 0x7f685c526140>,37,24,[12  4],38,-1,73,-1,49
1,<environment.Job instance at 0x7f685c50eeb0>,39,27,[ 1 14],40,-1,76,-1,49
1,<environment.Job instance at 0x7f685c50e0a0>,42,28,[ 5 13],43,-1,77,-1,49
1,<environment.Job instance at 0x7f685c5456e0>,44,27,[6 4],45,-1,76,-1,49
1,<environment.Job instance at 0x7f685c5453c0>,45,13,[11  2],46,-1,62,-1,49
1,<environment.Job instance at 0x7f685c545c80>,46,17,[ 2 14],47,-1,66,-1,49
1,<environment.Job instance at 0x7f685c51de60>,50,25,[1 6],51,-1,102,-1,77
1,<environment.Job instance at 0x7f685c51d410>,51,20,[11  1],52,-1,97,-1,77
1,<environment.Job instance at 0x7f685c516780>,55,12,[ 1 13],56,-1,105,-1,93
1,<environment.Job instance at 0x7f685c3c6d20>,56,23,[1 5],57,-1,116,-1,93
1,<environment.Job instance at 0x7f685c3c6f50>,57,14,[ 3 11],58,-1,107,-1,93
1,<environment.Job instance at 0x7f685c3c6410>,59,15,[14  1],60,-1,108,-1,93
1,<environment.Job instance at 0x7f685c523d70>,61,15,[14  4],62,-1,115,-1,100
1,<environment.Job instance at 0x7f685c69ec80>,63,20,[12  3],64,-1,130,-1,110
1,<environment.Job instance at 0x7f685c3c6780>,64,20,[ 4 11],65,-1,130,-1,110
1,<environment.Job instance at 0x7f685c667d20>,65,19,[ 2 13],66,-1,129,-1,110
1,<environment.Job instance at 0x7f685c69e2d0>,66,15,[14  2],67,-1,125,-1,110
1,<environment.Job instance at 0x7f685c69ee60>,67,12,[13  3],68,-1,122,-1,110
1,<environment.Job instance at 0x7f685c513a00>,69,21,[11  1],70,-1,133,-1,112
1,<environment.Job instance at 0x7f685c523c30>,62,25,[ 5 10],63,-1,154,-1,129
1,<environment.Job instance at 0x7f685b296aa0>,71,25,[10  4],72,-1,158,-1,133
1,<environment.Job instance at 0x7f685cafe050>,74,18,[14  3],75,-1,151,-1,133
1,<environment.Job instance at 0x7f685cafe0a0>,75,13,[11  5],76,-1,146,-1,133
1,<environment.Job instance at 0x7f685c371230>,72,23,[8 3],73,-1,156,-1,133
1,<environment.Job instance at 0x7f685c3f14b0>,77,20,[12  2],78,-1,153,-1,133
1,<environment.Job instance at 0x7f685ba7abe0>,80,17,[ 3 13],81,-1,150,-1,133
1,<environment.Job instance at 0x7f686b6df0a0>,82,18,[11  5],83,-1,163,-1,145
1,<environment.Job instance at 0x7f685ba7a460>,79,28,[8 4],80,-1,175,-1,147
1,<environment.Job instance at 0x7f685c3ca910>,84,19,[12  3],85,-1,166,-1,147
1,<environment.Job instance at 0x7f685b981690>,85,27,[ 1 13],86,-1,174,-1,147
1,<environment.Job instance at 0x7f685b981230>,86,18,[11  3],87,-1,165,-1,147
1,<environment.Job instance at 0x7f685b981500>,88,21,[ 5 12],89,-1,169,-1,148
1,<environment.Job instance at 0x7f685cb2ec30>,3,16,[13  2],4,-1,20,-1,4
1,<environment.Job instance at 0x7f685cb2e0f0>,1,12,[10  3],2,-1,17,-1,5
1,<environment.Job instance at 0x7f685b918050>,8,15,[9 3],9,-1,24,-1,9
1,<environment.Job instance at 0x7f685b918d20>,9,20,[3 9],10,-1,30,-1,10
1,<environment.Job instance at 0x7f685b918730>,12,24,[7 4],13,-1,37,-1,13
1,<environment.Job instance at 0x7f685b918500>,13,17,[ 5 11],14,-1,31,-1,14
1,<environment.Job instance at 0x7f685be51dc0>,0,25,[2 8],1,-1,26,-1,1
1,<environment.Job instance at 0x7f685be51fa0>,3,16,[13  2],4,-1,20,-1,4
1,<environment.Job instance at 0x7f685bbaaaf0>,5,12,[ 3 11],6,-1,18,-1,6
1,<environment.Job instance at 0x7f685be35cd0>,6,13,[11  3],7,-1,20,-1,7
1,<environment.Job instance at 0x7f685be35460>,10,25,[ 1 13],11,-1,36,-1,11
1,<environment.Job instance at 0x7f685bd6b050>,11,22,[14  2],12,-1,34,-1,12
1,<environment.Job instance at 0x7f685bd6b5f0>,13,17,[ 5 11],14,-1,31,-1,14
1,<environment.Job instance at 0x7f685bd6be60>,12,24,[7 4],13,-1,38,-1,14
1,<environment.Job instance at 0x7f685be35dc0>,14,20,[ 5 11],15,-1,35,-1,15
1,<environment.Job instance at 0x7f685be57f50>,15,21,[13  4],16,-1,37,-1,16
1,<environment.Job instance at 0x7f685be57f00>,16,25,[12  4],17,-1,42,-1,17
1,<environment.Job instance at 0x7f685bd6bd70>,18,12,[13  4],19,-1,31,-1,19
1,<environment.Job instance at 0x7f685be5db40>,19,21,[ 4 12],20,-1,41,-1,20
1,<environment.Job instance at 0x7f685be5d6e0>,20,13,[ 2 12],21,-1,34,-1,21
1,<environment.Job instance at 0x7f685be5de10>,22,21,[12  5],23,-1,44,-1,23
1,<environment.Job instance at 0x7f685be5dd70>,23,21,[ 5 11],24,-1,45,-1,24
1,<environment.Job instance at 0x7f685be5d780>,21,25,[3 8],22,-1,52,-1,27
1,<environment.Job instance at 0x7f685be5da00>,25,21,[12  4],26,-1,48,-1,27
1,<environment.Job instance at 0x7f685bd3bbe0>,26,18,[12  3],27,-1,45,-1,27
1,<environment.Job instance at 0x7f685bd3ba50>,28,12,[11  5],29,-1,41,-1,29
1,<environment.Job instance at 0x7f685be6bfa0>,30,26,[5 7],31,-1,67,-1,41
1,<environment.Job instance at 0x7f685be6b5a0>,31,16,[ 2 14],32,-1,57,-1,41
1,<environment.Job instance at 0x7f685bd4d640>,32,12,[ 5 13],33,-1,53,-1,41
1,<environment.Job instance at 0x7f685bd5ce10>,35,18,[12  1],36,-1,60,-1,42
1,<environment.Job instance at 0x7f685bd5ca50>,36,27,[13  3],37,-1,69,-1,42
1,<environment.Job instance at 0x7f685bd5c0f0>,39,27,[ 5 14],40,-1,69,-1,42
1,<environment.Job instance at 0x7f685bd6c1e0>,40,19,[13  4],41,-1,61,-1,42
1,<environment.Job instance at 0x7f685bd6c230>,41,15,[11  4],42,-1,57,-1,42
1,<environment.Job instance at 0x7f685bd6c780>,42,17,[14  1],43,-1,60,-1,43
1,<environment.Job instance at 0x7f685bd6cdc0>,44,24,[ 1 12],45,-1,79,-1,55
1,<environment.Job instance at 0x7f685bd6ceb0>,45,15,[13  2],46,-1,70,-1,55
1,<environment.Job instance at 0x7f685bd6c460>,46,16,[14  2],47,-1,71,-1,55
1,<environment.Job instance at 0x7f685bd33640>,49,23,[11  2],50,-1,80,-1,57
1,<environment.Job instance at 0x7f685be3d690>,53,22,[ 2 12],54,-1,95,-1,73
1,<environment.Job instance at 0x7f685be3d780>,54,28,[ 3 11],55,-1,101,-1,73
1,<environment.Job instance at 0x7f685bd66eb0>,55,22,[ 3 13],56,-1,95,-1,73
1,<environment.Job instance at 0x7f685bd66960>,58,28,[9 5],59,-1,109,-1,81
1,<environment.Job instance at 0x7f685bd44b40>,59,13,[13  1],60,-1,94,-1,81
1,<environment.Job instance at 0x7f685cbfdc30>,62,23,[5 2],63,-1,118,-1,95
1,<environment.Job instance at 0x7f685cbfd230>,63,22,[12  2],64,-1,117,-1,95
1,<environment.Job instance at 0x7f685b865820>,65,15,[11  3],66,-1,110,-1,95
1,<environment.Job instance at 0x7f685b865eb0>,66,28,[4 7],67,-1,135,-1,107
1,<environment.Job instance at 0x7f685c0695a0>,68,28,[ 4 10],69,-1,135,-1,107
1,<environment.Job instance at 0x7f685c069c80>,69,16,[11  3],70,-1,123,-1,107
1,<environment.Job instance at 0x7f685b843500>,71,27,[14  2],72,-1,134,-1,107
1,<environment.Job instance at 0x7f685b843960>,72,16,[13  2],73,-1,123,-1,107
1,<environment.Job instance at 0x7f685c03a050>,73,14,[12  1],74,-1,121,-1,107
1,<environment.Job instance at 0x7f685be67d20>,76,25,[ 4 13],77,-1,146,-1,121
1,<environment.Job instance at 0x7f685bb8a910>,77,20,[13  1],78,-1,141,-1,121
1,<environment.Job instance at 0x7f685bbaba50>,82,26,[ 4 13],83,-1,169,-1,143
1,<environment.Job instance at 0x7f685be9af00>,0,27,[ 4 10],1,-1,30,-1,3
1,<environment.Job instance at 0x7f685be9ad20>,3,26,[5 3],4,-1,30,-1,4
1,<environment.Job instance at 0x7f685be40500>,0,27,[ 4 10],1,-1,28,-1,1
1,<environment.Job instance at 0x7f685be40f50>,1,27,[9 3],2,-1,29,-1,2
1,<environment.Job instance at 0x7f685be40640>,2,19,[ 1 11],3,-1,22,-1,3
1,<environment.Job instance at 0x7f685be40aa0>,3,26,[5 3],4,-1,30,-1,4
1,<environment.Job instance at 0x7f685be40e60>,4,27,[12  1],5,-1,32,-1,5
1,<environment.Job instance at 0x7f685be40a50>,5,19,[14  2],6,-1,25,-1,6
1,<environment.Job instance at 0x7f685be40c30>,6,13,[11  3],7,-1,20,-1,7
1,<environment.Job instance at 0x7f685be40b40>,7,20,[14  5],8,-1,28,-1,8
1,<environment.Job instance at 0x7f685be404b0>,8,24,[1 7],9,-1,33,-1,9
1,<environment.Job instance at 0x7f685c103280>,10,26,[12  5],11,-1,37,-1,11
1,<environment.Job instance at 0x7f685be620a0>,11,12,[ 5 13],12,-1,24,-1,12
1,<environment.Job instance at 0x7f685be62d70>,12,28,[13  2],13,-1,41,-1,13
1,<environment.Job instance at 0x7f685be62eb0>,13,14,[ 2 13],14,-1,28,-1,14
1,<environment.Job instance at 0x7f685c03a780>,14,28,[ 5 14],15,-1,43,-1,15
1,<environment.Job instance at 0x7f685cbfd230>,19,26,[ 5 12],20,-1,46,-1,20
1,<environment.Job instance at 0x7f685be62460>,21,15,[11  1],22,-1,37,-1,22
1,<environment.Job instance at 0x7f685be9afa0>,22,21,[13  4],23,-1,44,-1,23
1,<environment.Job instance at 0x7f685be9a6e0>,23,20,[ 2 11],24,-1,44,-1,24
1,<environment.Job instance at 0x7f685b2abfa0>,26,15,[11  1],27,-1,42,-1,27
1,<environment.Job instance at 0x7f685b5c3d70>,27,27,[ 1 11],28,-1,55,-1,28
1,<environment.Job instance at 0x7f685b5c3cd0>,30,14,[ 4 11],31,-1,45,-1,31
1,<environment.Job instance at 0x7f685b5c3dc0>,31,13,[14  1],32,-1,45,-1,32
1,<environment.Job instance at 0x7f685b5c3960>,28,27,[ 1 10],29,-1,61,-1,34
1,<environment.Job instance at 0x7f685b5bc5a0>,20,26,[10  2],21,-1,76,-1,50
1,<environment.Job instance at 0x7f685b5c3fa0>,37,26,[2 5],38,-1,76,-1,50
1,<environment.Job instance at 0x7f685b5c3e10>,38,28,[4 8],39,-1,78,-1,50
1,<environment.Job instance at 0x7f685b5c39b0>,39,28,[1 5],40,-1,78,-1,50
1,<environment.Job instance at 0x7f685b5c3a50>,40,27,[9 5],41,-1,77,-1,50
1,<environment.Job instance at 0x7f685b5c3050>,42,22,[ 2 12],43,-1,72,-1,50
1,<environment.Job instance at 0x7f685b5c3af0>,44,20,[ 4 13],45,-1,70,-1,50
1,<environment.Job instance at 0x7f685b5d1f00>,45,19,[11  2],46,-1,69,-1,50
1,<environment.Job instance at 0x7f685b5d1e60>,46,26,[ 3 10],47,-1,77,-1,51
1,<environment.Job instance at 0x7f685b5d1050>,47,13,[12  3],48,-1,64,-1,51
1,<environment.Job instance at 0x7f685b5d14b0>,48,19,[ 2 11],49,-1,70,-1,51
1,<environment.Job instance at 0x7f685b5d18c0>,49,17,[ 5 14],50,-1,68,-1,51
1,<environment.Job instance at 0x7f685b5d1af0>,50,25,[9 1],51,-1,87,-1,62
1,<environment.Job instance at 0x7f685b5d1690>,52,15,[14  1],53,-1,77,-1,62
1,<environment.Job instance at 0x7f685b5d1780>,53,25,[5 6],54,-1,88,-1,63
1,<environment.Job instance at 0x7f685b5d19b0>,55,24,[ 3 13],56,-1,87,-1,63
1,<environment.Job instance at 0x7f685b5d1550>,54,28,[1 5],55,-1,91,-1,63
1,<environment.Job instance at 0x7f685b5d1d70>,57,24,[14  5],58,-1,87,-1,63
1,<environment.Job instance at 0x7f685b5d1aa0>,58,25,[7 4],59,-1,88,-1,63
1,<environment.Job instance at 0x7f685b5d1b40>,59,27,[ 1 11],60,-1,90,-1,63
1,<environment.Job instance at 0x7f685b5da3c0>,62,23,[ 5 14],63,-1,86,-1,63
1,<environment.Job instance at 0x7f685b5da410>,63,16,[ 2 13],64,-1,80,-1,64
1,<environment.Job instance at 0x7f685b5d1a00>,61,23,[9 5],62,-1,101,-1,78
1,<environment.Job instance at 0x7f685b5da7d0>,65,12,[13  4],66,-1,90,-1,78
1,<environment.Job instance at 0x7f685b5dae60>,66,12,[ 3 14],67,-1,90,-1,78
1,<environment.Job instance at 0x7f685b5dacd0>,69,20,[11  2],70,-1,98,-1,78
1,<environment.Job instance at 0x7f685b5da320>,70,13,[ 1 13],71,-1,91,-1,78
1,<environment.Job instance at 0x7f685b5da0f0>,73,13,[12  1],74,-1,107,-1,94
1,<environment.Job instance at 0x7f685b5dabe0>,76,27,[ 2 13],77,-1,133,-1,106
1,<environment.Job instance at 0x7f685b5daa50>,78,26,[14  2],79,-1,134,-1,108
1,<environment.Job instance at 0x7f685b5dc820>,80,13,[12  2],81,-1,136,-1,123
1,<environment.Job instance at 0x7f685b5dcf50>,82,26,[11  4],83,-1,154,-1,128
1,<environment.Job instance at 0x7f685b5da190>,75,26,[ 5 10],76,-1,167,-1,141
1,<environment.Job instance at 0x7f685b5dccd0>,84,26,[14  4],85,-1,167,-1,141
1,<environment.Job instance at 0x7f685b5dc960>,79,27,[ 1 10],80,-1,168,-1,141
1,<environment.Job instance at 0x7f685b5dc5a0>,87,13,[ 2 12],88,-1,154,-1,141
1,<environment.Job instance at 0x7f685b5dc460>,89,18,[ 1 13],90,-1,167,-1,149
1,<environment.Job instance at 0x7f685b5dc4b0>,90,12,[12  2],91,-1,161,-1,149
1,<environment.Job instance at 0x7f685b5d41e0>,0,26,[14  5],1,-1,27,-1,1
1,<environment.Job instance at 0x7f685b5d4410>,2,15,[11  5],3,-1,18,-1,3
1,<environment.Job instance at 0x7f685b5d4500>,3,23,[ 3 11],4,-1,27,-1,4
1,<environment.Job instance at 0x7f685b5d4460>,4,28,[4 9],5,-1,33,-1,5
1,<environment.Job instance at 0x7f685b5d45f0>,5,25,[11  1],6,-1,31,-1,6
1,<environment.Job instance at 0x7f685b5d4730>,6,20,[ 1 13],7,-1,27,-1,7
1,<environment.Job instance at 0x7f685b5d4960>,7,18,[ 3 13],8,-1,26,-1,8
1,<environment.Job instance at 0x7f685b5d4780>,10,27,[ 1 12],11,-1,38,-1,11
1,<environment.Job instance at 0x7f685b5dc6e0>,13,14,[ 3 13],14,-1,28,-1,14
1,<environment.Job instance at 0x7f685b5dc230>,15,27,[ 4 11],16,-1,43,-1,16
1,<environment.Job instance at 0x7f685b5dc1e0>,18,18,[13  2],19,-1,41,-1,23
1,<environment.Job instance at 0x7f685b5dc690>,19,24,[11  3],20,-1,47,-1,23
1,<environment.Job instance at 0x7f685b5dcfa0>,21,12,[ 5 12],22,-1,35,-1,23
1,<environment.Job instance at 0x7f685b5dce60>,22,28,[4 5],23,-1,58,-1,30
1,<environment.Job instance at 0x7f685b5dccd0>,24,28,[9 1],25,-1,65,-1,37
1,<environment.Job instance at 0x7f685b5dcd20>,25,28,[5 5],26,-1,65,-1,37
1,<environment.Job instance at 0x7f685b5daeb0>,28,24,[5 3],29,-1,74,-1,50
1,<environment.Job instance at 0x7f685b5da190>,31,19,[12  3],32,-1,69,-1,50
1,<environment.Job instance at 0x7f685b5da0a0>,32,25,[2 6],33,-1,81,-1,56
1,<environment.Job instance at 0x7f685b5dacd0>,33,15,[11  2],34,-1,71,-1,56
1,<environment.Job instance at 0x7f685b5dad20>,35,28,[4 6],36,-1,90,-1,62
1,<environment.Job instance at 0x7f685b5dab90>,34,25,[10  3],35,-1,87,-1,62
1,<environment.Job instance at 0x7f685b5da500>,37,18,[11  5],38,-1,80,-1,62
1,<environment.Job instance at 0x7f685b5da690>,39,17,[ 3 14],40,-1,79,-1,62
1,<environment.Job instance at 0x7f685b5da410>,38,23,[ 1 10],39,-1,94,-1,71
1,<environment.Job instance at 0x7f685b5da3c0>,41,28,[4 7],42,-1,99,-1,71
1,<environment.Job instance at 0x7f685b5d1be0>,43,24,[11  4],44,-1,95,-1,71
1,<environment.Job instance at 0x7f685b5d1b90>,44,21,[13  3],45,-1,92,-1,71
1,<environment.Job instance at 0x7f685b5d1e10>,45,14,[12  3],46,-1,85,-1,71
1,<environment.Job instance at 0x7f685b5d1460>,47,24,[11  4],48,-1,100,-1,76
1,<environment.Job instance at 0x7f685b5d1eb0>,50,16,[ 1 12],51,-1,110,-1,94
1,<environment.Job instance at 0x7f685b5d14b0>,52,12,[ 2 12],53,-1,110,-1,98
1,<environment.Job instance at 0x7f685b5d1730>,55,16,[13  1],56,-1,114,-1,98
1,<environment.Job instance at 0x7f685b5d1e60>,57,17,[ 3 14],58,-1,127,-1,110
1,<environment.Job instance at 0x7f685b5c3aa0>,58,16,[12  1],59,-1,126,-1,110
1,<environment.Job instance at 0x7f685b5c32d0>,59,23,[7 3],60,-1,134,-1,111
1,<environment.Job instance at 0x7f685b5c3af0>,60,17,[13  3],61,-1,128,-1,111
1,<environment.Job instance at 0x7f685b5c3b40>,62,12,[ 5 11],63,-1,123,-1,111
1,<environment.Job instance at 0x7f685b5c3870>,63,12,[ 4 14],64,-1,123,-1,111
1,<environment.Job instance at 0x7f685b5c3320>,64,27,[13  3],65,-1,138,-1,111
1,<environment.Job instance at 0x7f685b5c3280>,66,16,[11  1],67,-1,127,-1,111
1,<environment.Job instance at 0x7f685b5c3dc0>,69,20,[12  4],70,-1,145,-1,125
1,<environment.Job instance at 0x7f685b5c3cd0>,70,17,[12  3],71,-1,142,-1,125
1,<environment.Job instance at 0x7f685b5c3730>,72,24,[9 3],73,-1,164,-1,140
1,<environment.Job instance at 0x7f685b5c3410>,73,16,[ 2 11],74,-1,156,-1,140
1,<environment.Job instance at 0x7f685c776a00>,75,21,[13  1],76,-1,162,-1,141
1,<environment.Job instance at 0x7f685be9acd0>,76,25,[ 4 13],77,-1,166,-1,141
1,<environment.Job instance at 0x7f685b5bc780>,78,20,[14  3],79,-1,162,-1,142
1,<environment.Job instance at 0x7f685b5bcbe0>,79,19,[14  4],80,-1,161,-1,142
1,<environment.Job instance at 0x7f685c783a00>,80,16,[14  4],81,-1,158,-1,142
1,<environment.Job instance at 0x7f685c797730>,81,26,[ 2 12],82,-1,168,-1,142
1,<environment.Job instance at 0x7f685b3e26e0>,1,28,[13  4],2,-1,30,-1,2
1,<environment.Job instance at 0x7f685b33fe10>,2,15,[ 4 13],3,-1,18,-1,3
1,<environment.Job instance at 0x7f685bc28910>,3,28,[11  2],4,-1,32,-1,4
1,<environment.Job instance at 0x7f685b86eeb0>,4,12,[ 3 12],5,-1,17,-1,5
1,<environment.Job instance at 0x7f685bceb550>,5,24,[7 1],6,-1,30,-1,6
1,<environment.Job instance at 0x7f685b7ddf50>,9,23,[2 8],10,-1,33,-1,10
1,<environment.Job instance at 0x7f685b7dad70>,10,15,[ 4 12],11,-1,26,-1,11
1,<environment.Job instance at 0x7f685b7da730>,11,25,[11  3],12,-1,37,-1,12
1,<environment.Job instance at 0x7f685b7dadc0>,12,28,[5 3],13,-1,41,-1,13
1,<environment.Job instance at 0x7f685c356d20>,15,12,[ 3 13],16,-1,28,-1,16
1,<environment.Job instance at 0x7f685b7da190>,16,27,[ 4 12],17,-1,44,-1,17
1,<environment.Job instance at 0x7f685b997a00>,18,21,[ 2 11],19,-1,40,-1,19
1,<environment.Job instance at 0x7f685bcdb4b0>,20,17,[ 4 13],21,-1,38,-1,21
1,<environment.Job instance at 0x7f685b280d20>,21,17,[ 1 14],22,-1,39,-1,22
1,<environment.Job instance at 0x7f685b98c960>,22,13,[13  1],23,-1,36,-1,23
1,<environment.Job instance at 0x7f685c7733c0>,7,24,[6 2],8,-1,51,-1,27
1,<environment.Job instance at 0x7f685bcb6190>,24,13,[11  2],25,-1,40,-1,27
1,<environment.Job instance at 0x7f685bc54550>,25,16,[13  4],26,-1,43,-1,27
1,<environment.Job instance at 0x7f685bc54aa0>,26,25,[ 1 12],27,-1,52,-1,27
1,<environment.Job instance at 0x7f685b7dd050>,8,23,[7 4],9,-1,50,-1,27
1,<environment.Job instance at 0x7f685c3850a0>,27,19,[14  2],28,-1,47,-1,28
1,<environment.Job instance at 0x7f685bc54050>,28,18,[11  2],29,-1,47,-1,29
1,<environment.Job instance at 0x7f685b7caa50>,29,27,[ 2 11],30,-1,57,-1,30
1,<environment.Job instance at 0x7f685b7ca230>,30,21,[ 5 12],31,-1,52,-1,31
1,<environment.Job instance at 0x7f685b984d70>,31,27,[5 9],32,-1,59,-1,32
1,<environment.Job instance at 0x7f685b7dae60>,14,24,[10  4],15,-1,56,-1,32
1,<environment.Job instance at 0x7f685b997500>,19,23,[9 2],20,-1,55,-1,32
1,<environment.Job instance at 0x7f685b7e10a0>,32,24,[ 2 12],33,-1,57,-1,33
1,<environment.Job instance at 0x7f685bc4e280>,33,27,[ 2 11],34,-1,61,-1,34
1,<environment.Job instance at 0x7f685bbf4a00>,34,20,[12  2],35,-1,55,-1,35
1,<environment.Job instance at 0x7f685bbf4b90>,35,26,[6 1],36,-1,62,-1,36
1,<environment.Job instance at 0x7f685caae2d0>,38,26,[1 6],39,-1,65,-1,39
1,<environment.Job instance at 0x7f685bc26780>,39,27,[12  5],40,-1,67,-1,40
1,<environment.Job instance at 0x7f685bc1caa0>,44,18,[ 1 11],45,-1,63,-1,45
1,<environment.Job instance at 0x7f685bc24d20>,45,27,[11  1],46,-1,73,-1,46
1,<environment.Job instance at 0x7f685bc240a0>,46,16,[ 1 14],47,-1,63,-1,47
1,<environment.Job instance at 0x7f685bc24b90>,48,17,[12  2],49,-1,66,-1,49
1,<environment.Job instance at 0x7f685b7dcb90>,49,13,[ 2 12],50,-1,63,-1,50
1,<environment.Job instance at 0x7f685b7dc140>,50,17,[ 1 13],51,-1,68,-1,51
1,<environment.Job instance at 0x7f685bcdf280>,51,25,[12  5],52,-1,77,-1,52
1,<environment.Job instance at 0x7f685bc05f50>,54,25,[5 5],55,-1,86,-1,61
1,<environment.Job instance at 0x7f685bc05e10>,55,13,[ 4 14],56,-1,74,-1,61
1,<environment.Job instance at 0x7f685bc055f0>,56,18,[ 4 13],57,-1,79,-1,61
1,<environment.Job instance at 0x7f685bc054b0>,57,20,[ 2 11],58,-1,81,-1,61
1,<environment.Job instance at 0x7f685b7bf780>,59,16,[ 1 13],60,-1,77,-1,61
1,<environment.Job instance at 0x7f685b7bf460>,61,12,[ 3 11],62,-1,87,-1,75
1,<environment.Job instance at 0x7f685b7bf4b0>,62,26,[ 2 14],63,-1,101,-1,75
1,<environment.Job instance at 0x7f685bca10f0>,65,21,[11  3],66,-1,114,-1,93
1,<environment.Job instance at 0x7f685bca1dc0>,66,13,[14  1],67,-1,106,-1,93
1,<environment.Job instance at 0x7f685bc87640>,67,13,[14  1],68,-1,106,-1,93
1,<environment.Job instance at 0x7f685bca17d0>,68,18,[ 2 14],69,-1,111,-1,93
1,<environment.Job instance at 0x7f685bc7d910>,70,17,[ 2 14],71,-1,110,-1,93
1,<environment.Job instance at 0x7f685bc01d70>,74,15,[ 2 12],75,-1,122,-1,107
1,<environment.Job instance at 0x7f685bc84870>,75,25,[ 3 10],76,-1,132,-1,107
1,<environment.Job instance at 0x7f685bc015f0>,77,21,[13  1],78,-1,128,-1,107
1,<environment.Job instance at 0x7f685bc99aa0>,78,19,[12  2],79,-1,126,-1,107
1,<environment.Job instance at 0x7f685bc99960>,80,25,[12  1],81,-1,146,-1,121
1,<environment.Job instance at 0x7f685b81e230>,81,19,[ 1 11],82,-1,140,-1,121
1,<environment.Job instance at 0x7f685bc8ab90>,83,12,[ 4 11],84,-1,134,-1,122
1,<environment.Job instance at 0x7f685bcabdc0>,84,15,[14  4],85,-1,137,-1,122
1,<environment.Job instance at 0x7f685bcabe10>,85,26,[ 1 11],86,-1,148,-1,122
1,<environment.Job instance at 0x7f685bcabbe0>,87,24,[11  5],88,-1,146,-1,122
1,<environment.Job instance at 0x7f685b7b2550>,90,14,[ 3 11],91,-1,151,-1,137
1,<environment.Job instance at 0x7f685b7b2be0>,91,17,[13  5],92,-1,154,-1,137
1,<environment.Job instance at 0x7f685bc828c0>,92,19,[14  2],93,-1,156,-1,137
1,<environment.Job instance at 0x7f685b96fc30>,93,14,[11  1],94,-1,151,-1,137
1,<environment.Job instance at 0x7f685bc820a0>,94,24,[5 6],95,-1,164,-1,140
1,<environment.Job instance at 0x7f685bc82f00>,95,23,[3 6],96,-1,163,-1,140
1,<environment.Job instance at 0x7f685b96fa50>,96,14,[12  3],97,-1,154,-1,140
1,<environment.Job instance at 0x7f685b7b5730>,97,13,[ 3 13],98,-1,153,-1,140
1,<environment.Job instance at 0x7f685b7b55a0>,98,12,[14  1],99,-1,152,-1,140
1,<environment.Job instance at 0x7f685b7b5320>,99,23,[5 8],100,-1,163,-1,140
1,<environment.Job instance at 0x7f685b7b5cd0>,100,12,[14  5],101,-1,152,-1,140
1,<environment.Job instance at 0x7f685bc95320>,101,17,[ 5 12],102,-1,157,-1,140
1,<environment.Job instance at 0x7f685bc95640>,103,18,[ 3 11],104,-1,158,-1,140
1,<environment.Job instance at 0x7f685bd1fd20>,2,16,[ 2 10],3,-1,20,-1,4
1,<environment.Job instance at 0x7f685bd1fcd0>,5,16,[ 5 10],6,-1,22,-1,6
1,<environment.Job instance at 0x7f685bd1ff50>,6,13,[10  3],7,-1,20,-1,7
1,<environment.Job instance at 0x7f685bd1f370>,7,18,[10  5],8,-1,26,-1,8
1,<environment.Job instance at 0x7f685bd1f3c0>,3,28,[8 4],4,-1,37,-1,9
1,<environment.Job instance at 0x7f685bd1fc80>,10,26,[5 9],11,-1,60,-1,34
1,<environment.Job instance at 0x7f685ba325f0>,0,20,[11  5],1,-1,21,-1,1
1,<environment.Job instance at 0x7f685ba32a50>,1,24,[ 4 11],2,-1,26,-1,2
1,<environment.Job instance at 0x7f685bca5c30>,3,28,[8 4],4,-1,32,-1,4
1,<environment.Job instance at 0x7f685bca5d20>,4,17,[14  4],5,-1,22,-1,5
1,<environment.Job instance at 0x7f685bc954b0>,8,24,[13  3],9,-1,33,-1,9
1,<environment.Job instance at 0x7f685b96fa50>,9,16,[ 5 12],10,-1,26,-1,10
1,<environment.Job instance at 0x7f685b96fc30>,11,22,[ 3 12],12,-1,34,-1,12
1,<environment.Job instance at 0x7f685bc99aa0>,12,13,[14  4],13,-1,26,-1,13
1,<environment.Job instance at 0x7f685bc99190>,13,24,[ 2 14],14,-1,38,-1,14
1,<environment.Job instance at 0x7f685bc95fa0>,10,26,[5 9],11,-1,45,-1,19
1,<environment.Job instance at 0x7f685bc24aa0>,18,20,[13  3],19,-1,40,-1,20
1,<environment.Job instance at 0x7f685bcdb4b0>,20,17,[13  1],21,-1,38,-1,21
1,<environment.Job instance at 0x7f685bc24d70>,22,24,[12  1],23,-1,55,-1,31
1,<environment.Job instance at 0x7f685bceb550>,24,23,[14  2],25,-1,55,-1,32
1,<environment.Job instance at 0x7f685b7e10a0>,25,21,[ 3 14],26,-1,53,-1,32
1,<environment.Job instance at 0x7f685b7e10f0>,26,13,[14  4],27,-1,45,-1,32
1,<environment.Job instance at 0x7f685b7e1280>,27,25,[2 8],28,-1,71,-1,46
1,<environment.Job instance at 0x7f685b28d140>,29,25,[9 3],30,-1,71,-1,46
1,<environment.Job instance at 0x7f685caae140>,31,20,[ 4 14],32,-1,66,-1,46
1,<environment.Job instance at 0x7f685b990e60>,32,22,[12  2],33,-1,68,-1,46
1,<environment.Job instance at 0x7f685caae0f0>,33,22,[ 5 12],34,-1,68,-1,46
1,<environment.Job instance at 0x7f685b9908c0>,34,21,[11  2],35,-1,67,-1,46
1,<environment.Job instance at 0x7f685bbf4aa0>,36,28,[5 7],37,-1,76,-1,48
1,<environment.Job instance at 0x7f685bbf4a00>,37,22,[13  2],38,-1,70,-1,48
1,<environment.Job instance at 0x7f685ba3e6e0>,38,27,[10  4],39,-1,75,-1,48
1,<environment.Job instance at 0x7f685ba3eb40>,39,13,[ 5 11],40,-1,61,-1,48
1,<environment.Job instance at 0x7f685b821e60>,41,28,[11  5],42,-1,76,-1,48
1,<environment.Job instance at 0x7f685bc54aa0>,42,18,[ 1 13],43,-1,66,-1,48
1,<environment.Job instance at 0x7f685bc1ca50>,45,25,[13  1],46,-1,89,-1,64
1,<environment.Job instance at 0x7f685b98c410>,46,17,[ 5 14],47,-1,81,-1,64
1,<environment.Job instance at 0x7f685bc1c910>,47,16,[11  1],48,-1,80,-1,64
1,<environment.Job instance at 0x7f685bd1fe60>,48,17,[14  2],49,-1,81,-1,64
1,<environment.Job instance at 0x7f685bd1f820>,49,28,[11  5],50,-1,92,-1,64
1,<environment.Job instance at 0x7f685baee910>,50,20,[ 3 12],51,-1,84,-1,64
1,<environment.Job instance at 0x7f685c60af00>,51,25,[13  4],52,-1,89,-1,64
1,<environment.Job instance at 0x7f685bc873c0>,52,14,[11  5],53,-1,78,-1,64
1,<environment.Job instance at 0x7f685c107eb0>,54,16,[11  5],55,-1,80,-1,64
1,<environment.Job instance at 0x7f685cab29b0>,55,24,[ 2 12],56,-1,88,-1,64
1,<environment.Job instance at 0x7f685cab2d70>,56,16,[ 4 14],57,-1,80,-1,64
1,<environment.Job instance at 0x7f685cab27d0>,57,13,[ 5 14],58,-1,77,-1,64
1,<environment.Job instance at 0x7f685cab2eb0>,59,18,[14  2],60,-1,82,-1,64
1,<environment.Job instance at 0x7f685cab28c0>,60,12,[12  2],61,-1,76,-1,64
1,<environment.Job instance at 0x7f685b5ce9b0>,61,13,[ 1 14],62,-1,77,-1,64
1,<environment.Job instance at 0x7f685c6e9e10>,64,12,[ 5 12],65,-1,89,-1,77
1,<environment.Job instance at 0x7f685b9c9780>,65,25,[ 3 13],66,-1,102,-1,77
1,<environment.Job instance at 0x7f685b5ce780>,62,27,[5 4],63,-1,104,-1,77
1,<environment.Job instance at 0x7f685b9c1230>,67,24,[12  1],68,-1,101,-1,77
1,<environment.Job instance at 0x7f685ca4a8c0>,68,21,[13  1],69,-1,98,-1,77
1,<environment.Job instance at 0x7f685cbc0a00>,69,17,[ 5 11],70,-1,94,-1,77
1,<environment.Job instance at 0x7f685ca41cd0>,72,17,[ 2 13],73,-1,98,-1,81
1,<environment.Job instance at 0x7f685c85abe0>,74,13,[ 3 14],75,-1,102,-1,89
1,<environment.Job instance at 0x7f685c31a0a0>,75,13,[11  1],76,-1,102,-1,89
1,<environment.Job instance at 0x7f685c006410>,77,14,[13  1],78,-1,108,-1,94
1,<environment.Job instance at 0x7f685b9e77d0>,76,28,[5 6],77,-1,133,-1,105
1,<environment.Job instance at 0x7f685b5ca230>,79,20,[ 4 13],80,-1,125,-1,105
1,<environment.Job instance at 0x7f685b5caa00>,80,21,[ 4 12],81,-1,126,-1,105
1,<environment.Job instance at 0x7f685bfa5c80>,83,15,[ 5 11],84,-1,121,-1,106
1,<environment.Job instance at 0x7f685bfa5af0>,85,27,[14  1],86,-1,151,-1,124
1,<environment.Job instance at 0x7f685b929320>,90,23,[ 5 14],91,-1,166,-1,143
1,<environment.Job instance at 0x7f685bc894b0>,7,27,[ 4 13],8,-1,56,-1,29
1,<environment.Job instance at 0x7f685bac1820>,6,23,[ 5 10],7,-1,52,-1,29
1,<environment.Job instance at 0x7f685bac1f50>,16,24,[8 5],17,-1,141,-1,117
1,<environment.Job instance at 0x7f685c28a4b0>,23,18,[ 3 10],24,-1,135,-1,117
1,<environment.Job instance at 0x7f685bcdf280>,0,18,[ 3 12],1,-1,19,-1,1
1,<environment.Job instance at 0x7f685bcdf3c0>,1,18,[11  4],2,-1,20,-1,2
1,<environment.Job instance at 0x7f685bcdf8c0>,2,12,[ 2 12],3,-1,15,-1,3
1,<environment.Job instance at 0x7f685bcc6d70>,3,15,[ 3 13],4,-1,19,-1,4
1,<environment.Job instance at 0x7f685b9d2870>,4,15,[13  3],5,-1,20,-1,5
1,<environment.Job instance at 0x7f685b9d2460>,5,24,[1 9],6,-1,30,-1,6
1,<environment.Job instance at 0x7f685bf998c0>,6,23,[ 5 10],7,-1,30,-1,7
1,<environment.Job instance at 0x7f685bab23c0>,7,27,[ 4 13],8,-1,35,-1,8
1,<environment.Job instance at 0x7f685bab2eb0>,8,15,[11  5],9,-1,24,-1,9
1,<environment.Job instance at 0x7f685bab2b90>,9,23,[13  4],10,-1,33,-1,10
1,<environment.Job instance at 0x7f685bab2500>,10,19,[ 5 12],11,-1,30,-1,11
1,<environment.Job instance at 0x7f685bab27d0>,14,26,[ 3 13],15,-1,41,-1,15
1,<environment.Job instance at 0x7f685cbbf190>,15,28,[11  5],16,-1,44,-1,16
1,<environment.Job instance at 0x7f685cbbfc80>,17,15,[12  5],18,-1,33,-1,18
1,<environment.Job instance at 0x7f685cbbf500>,18,21,[ 1 14],19,-1,40,-1,19
1,<environment.Job instance at 0x7f685c33f960>,19,14,[12  4],20,-1,34,-1,20
1,<environment.Job instance at 0x7f685cbbfd20>,13,27,[10  2],14,-1,55,-1,28
1,<environment.Job instance at 0x7f685cbbfe10>,16,24,[8 5],17,-1,52,-1,28
1,<environment.Job instance at 0x7f685bd5c140>,24,26,[14  5],25,-1,54,-1,28
1,<environment.Job instance at 0x7f685c85abe0>,25,17,[14  3],26,-1,45,-1,28
1,<environment.Job instance at 0x7f685bac62d0>,26,25,[13  2],27,-1,53,-1,28
1,<environment.Job instance at 0x7f685bac65a0>,27,13,[ 1 13],28,-1,41,-1,28
1,<environment.Job instance at 0x7f685cbbff50>,20,25,[8 3],21,-1,53,-1,28
1,<environment.Job instance at 0x7f685c006410>,28,22,[ 2 11],29,-1,51,-1,29
1,<environment.Job instance at 0x7f685ca41050>,29,14,[12  4],30,-1,44,-1,30
1,<environment.Job instance at 0x7f685cbc0280>,32,21,[ 3 11],33,-1,54,-1,33
1,<environment.Job instance at 0x7f685c6e9e10>,33,20,[13  1],34,-1,54,-1,34
1,<environment.Job instance at 0x7f685b8273c0>,34,18,[ 4 13],35,-1,53,-1,35
1,<environment.Job instance at 0x7f685c107eb0>,35,13,[13  4],36,-1,49,-1,36
1,<environment.Job instance at 0x7f685b9d4c30>,36,15,[ 4 12],37,-1,52,-1,37
1,<environment.Job instance at 0x7f685b821e60>,38,20,[12  2],39,-1,59,-1,39
1,<environment.Job instance at 0x7f685baf3280>,39,16,[ 1 13],40,-1,56,-1,40
1,<environment.Job instance at 0x7f685b5af320>,30,23,[6 5],31,-1,68,-1,45
1,<environment.Job instance at 0x7f685bd1f820>,41,24,[5 1],42,-1,69,-1,45
1,<environment.Job instance at 0x7f685bc54550>,43,22,[11  4],44,-1,67,-1,45
1,<environment.Job instance at 0x7f685bc54640>,44,28,[14  4],45,-1,73,-1,45
1,<environment.Job instance at 0x7f685ca4a8c0>,31,24,[6 4],32,-1,69,-1,45
1,<environment.Job instance at 0x7f685b5ce780>,37,23,[1 5],38,-1,68,-1,45
1,<environment.Job instance at 0x7f685b28d780>,45,22,[13  4],46,-1,68,-1,46
1,<environment.Job instance at 0x7f685b7e1280>,46,28,[11  4],47,-1,75,-1,47
1,<environment.Job instance at 0x7f685bd1f5f0>,40,25,[4 9],41,-1,73,-1,48
1,<environment.Job instance at 0x7f685b7e10a0>,48,18,[ 5 13],49,-1,67,-1,49
1,<environment.Job instance at 0x7f685bceb550>,49,26,[1 5],50,-1,76,-1,50
1,<environment.Job instance at 0x7f685c3850a0>,50,28,[8 1],51,-1,93,-1,65
1,<environment.Job instance at 0x7f685b96fa50>,55,13,[11  4],56,-1,78,-1,65
1,<environment.Job instance at 0x7f685ba325f0>,56,17,[ 4 11],57,-1,82,-1,65
1,<environment.Job instance at 0x7f685cab28c0>,57,24,[13  5],58,-1,89,-1,65
1,<environment.Job instance at 0x7f685cab2550>,58,27,[ 2 14],59,-1,92,-1,65
1,<environment.Job instance at 0x7f685cab2af0>,59,26,[ 4 12],60,-1,91,-1,65
1,<environment.Job instance at 0x7f685cab2780>,60,15,[ 4 14],61,-1,80,-1,65
1,<environment.Job instance at 0x7f685cab2960>,61,26,[ 1 13],62,-1,91,-1,65
1,<environment.Job instance at 0x7f685bbbd370>,63,27,[10  2],64,-1,94,-1,67
1,<environment.Job instance at 0x7f685ba3b6e0>,65,27,[8 1],66,-1,94,-1,67
1,<environment.Job instance at 0x7f685b4af280>,66,27,[7 2],67,-1,94,-1,67
1,<environment.Job instance at 0x7f685bcdb4b0>,52,25,[9 4],53,-1,92,-1,67
1,<environment.Job instance at 0x7f685bf861e0>,67,15,[12  5],68,-1,83,-1,68
1,<environment.Job instance at 0x7f685c4a9a50>,68,23,[13  3],69,-1,92,-1,69
1,<environment.Job instance at 0x7f685c791140>,70,24,[3 9],71,-1,97,-1,73
1,<environment.Job instance at 0x7f685c791b40>,73,27,[4 6],74,-1,111,-1,84
1,<environment.Job instance at 0x7f685c791780>,75,15,[14  4],76,-1,99,-1,84
1,<environment.Job instance at 0x7f685c7918c0>,76,26,[13  5],77,-1,110,-1,84
1,<environment.Job instance at 0x7f685c764550>,77,14,[ 1 12],78,-1,98,-1,84
1,<environment.Job instance at 0x7f685c764c80>,78,27,[ 3 12],79,-1,111,-1,84
1,<environment.Job instance at 0x7f685bf6ecd0>,74,26,[ 4 10],75,-1,122,-1,96
1,<environment.Job instance at 0x7f685c76ebe0>,82,28,[ 1 13],83,-1,124,-1,96
1,<environment.Job instance at 0x7f685c76e820>,83,14,[13  1],84,-1,110,-1,96
1,<environment.Job instance at 0x7f685c76ed70>,84,25,[12  2],85,-1,121,-1,96
1,<environment.Job instance at 0x7f685c76e960>,86,27,[ 5 14],87,-1,123,-1,96
1,<environment.Job instance at 0x7f685c76ea50>,87,13,[14  4],88,-1,109,-1,96
1,<environment.Job instance at 0x7f685c76efa0>,88,19,[13  2],89,-1,115,-1,96
1,<environment.Job instance at 0x7f685c790870>,91,17,[13  4],92,-1,128,-1,111
1,<environment.Job instance at 0x7f685c790960>,92,23,[3 6],93,-1,134,-1,111
1,<environment.Job instance at 0x7f685c790230>,93,23,[5 2],94,-1,134,-1,111
1,<environment.Job instance at 0x7f685c790c30>,94,13,[11  2],95,-1,124,-1,111
1,<environment.Job instance at 0x7f685bf55640>,97,28,[5 3],98,-1,139,-1,111
1,<environment.Job instance at 0x7f685bf555f0>,98,23,[8 5],99,-1,134,-1,111
1,<environment.Job instance at 0x7f685bf321e0>,99,23,[5 2],100,-1,134,-1,111
1,<environment.Job instance at 0x7f685bf32230>,100,17,[ 5 14],101,-1,128,-1,111
1,<environment.Job instance at 0x7f685bf32b90>,101,28,[10  4],102,-1,153,-1,125
1,<environment.Job instance at 0x7f685bf32a50>,102,28,[ 5 13],103,-1,153,-1,125
1,<environment.Job instance at 0x7f685c7c0730>,104,15,[11  1],105,-1,141,-1,126
1,<environment.Job instance at 0x7f685c7c06e0>,105,19,[ 1 12],106,-1,145,-1,126
1,<environment.Job instance at 0x7f685b5d5d20>,107,13,[ 2 11],108,-1,139,-1,126
1,<environment.Job instance at 0x7f685b5d5910>,108,20,[ 3 12],109,-1,146,-1,126
1,<environment.Job instance at 0x7f685bf370f0>,109,23,[10  1],110,-1,166,-1,143
1,<environment.Job instance at 0x7f685cb07500>,0,25,[8 5],1,-1,26,-1,1
1,<environment.Job instance at 0x7f685c8ce640>,0,25,[8 5],1,-1,26,-1,1
1,<environment.Job instance at 0x7f685bc01d70>,1,18,[11  5],2,-1,20,-1,2
1,<environment.Job instance at 0x7f685bc01640>,2,13,[ 2 14],3,-1,16,-1,3
1,<environment.Job instance at 0x7f685bc01eb0>,3,13,[13  3],4,-1,17,-1,4
1,<environment.Job instance at 0x7f685c8ce4b0>,4,22,[11  5],5,-1,27,-1,5
1,<environment.Job instance at 0x7f685bc01e10>,5,26,[11  5],6,-1,32,-1,6
1,<environment.Job instance at 0x7f685bf667d0>,6,28,[5 8],7,-1,35,-1,7
1,<environment.Job instance at 0x7f685bf66af0>,7,27,[1 7],8,-1,35,-1,8
1,<environment.Job instance at 0x7f685bf66b90>,8,25,[10  5],9,-1,34,-1,9
1,<environment.Job instance at 0x7f685bf66690>,9,14,[ 1 13],10,-1,24,-1,10
1,<environment.Job instance at 0x7f685bf48140>,10,23,[ 2 11],11,-1,34,-1,11
1,<environment.Job instance at 0x7f685bf48f00>,12,13,[ 1 12],13,-1,26,-1,13
1,<environment.Job instance at 0x7f685bf37d70>,13,23,[8 2],14,-1,37,-1,14
1,<environment.Job instance at 0x7f685bf379b0>,14,23,[ 2 14],15,-1,38,-1,15
1,<environment.Job instance at 0x7f685c5f62d0>,16,13,[11  2],17,-1,30,-1,17
1,<environment.Job instance at 0x7f685bf32a00>,19,18,[14  5],20,-1,38,-1,20
1,<environment.Job instance at 0x7f685bf329b0>,20,19,[ 1 11],21,-1,40,-1,21
1,<environment.Job instance at 0x7f685bf32af0>,21,24,[ 1 13],22,-1,46,-1,22
1,<environment.Job instance at 0x7f685bf321e0>,24,14,[14  5],25,-1,39,-1,25
1,<environment.Job instance at 0x7f685c762190>,28,12,[ 3 14],29,-1,46,-1,34
1,<environment.Job instance at 0x7f685c7908c0>,31,23,[ 5 12],32,-1,69,-1,46
1,<environment.Job instance at 0x7f685c769b40>,32,15,[14  1],33,-1,61,-1,46
1,<environment.Job instance at 0x7f685c76eaa0>,34,25,[5 5],35,-1,72,-1,47
1,<environment.Job instance at 0x7f685c769d20>,35,14,[ 5 14],36,-1,61,-1,47
1,<environment.Job instance at 0x7f685c76e190>,37,21,[14  5],38,-1,68,-1,47
1,<environment.Job instance at 0x7f685c76e780>,38,13,[11  2],39,-1,60,-1,47
1,<environment.Job instance at 0x7f685c76e370>,39,15,[ 3 14],40,-1,62,-1,47
1,<environment.Job instance at 0x7f685c778aa0>,40,12,[ 5 11],41,-1,59,-1,47
1,<environment.Job instance at 0x7f685c7785f0>,41,14,[ 5 14],42,-1,61,-1,47
1,<environment.Job instance at 0x7f685c7786e0>,42,27,[ 5 11],43,-1,74,-1,47
1,<environment.Job instance at 0x7f685c764460>,43,23,[14  5],44,-1,70,-1,47
1,<environment.Job instance at 0x7f685c764c80>,45,13,[11  1],46,-1,73,-1,60
1,<environment.Job instance at 0x7f685c791b40>,46,22,[12  5],47,-1,82,-1,60
1,<environment.Job instance at 0x7f685bf861e0>,47,27,[8 4],48,-1,101,-1,74
1,<environment.Job instance at 0x7f68657be730>,48,22,[ 2 12],49,-1,96,-1,74
1,<environment.Job instance at 0x7f685c7914b0>,49,15,[11  5],50,-1,89,-1,74
1,<environment.Job instance at 0x7f685c579820>,51,24,[12  2],52,-1,98,-1,74
1,<environment.Job instance at 0x7f685b96fa50>,53,18,[ 2 14],54,-1,92,-1,74
1,<environment.Job instance at 0x7f685c4a9a50>,54,12,[ 5 13],55,-1,86,-1,74
1,<environment.Job instance at 0x7f685cab23c0>,56,19,[ 3 14],57,-1,93,-1,74
1,<environment.Job instance at 0x7f685cab2780>,57,18,[ 4 14],58,-1,92,-1,74
1,<environment.Job instance at 0x7f685cab29b0>,58,23,[12  2],59,-1,97,-1,74
1,<environment.Job instance at 0x7f685bcb6190>,60,27,[1 9],61,-1,117,-1,90
1,<environment.Job instance at 0x7f685cab2d70>,61,26,[6 4],62,-1,116,-1,90
1,<environment.Job instance at 0x7f685ba32a50>,64,24,[12  1],65,-1,128,-1,104
1,<environment.Job instance at 0x7f685b7e1050>,66,26,[14  1],67,-1,130,-1,104
1,<environment.Job instance at 0x7f685b28d140>,67,23,[10  4],68,-1,139,-1,116
1,<environment.Job instance at 0x7f685b990e60>,68,28,[8 3],69,-1,144,-1,116
1,<environment.Job instance at 0x7f685b7e10f0>,69,14,[ 1 12],70,-1,130,-1,116
1,<environment.Job instance at 0x7f685b7e12d0>,70,16,[ 1 11],71,-1,132,-1,116
1,<environment.Job instance at 0x7f685b7e1e60>,71,17,[11  1],72,-1,133,-1,116
1,<environment.Job instance at 0x7f685baf3280>,72,23,[6 1],73,-1,139,-1,116
1,<environment.Job instance at 0x7f685b821e60>,73,16,[ 4 13],74,-1,132,-1,116
1,<environment.Job instance at 0x7f685c60af00>,74,26,[8 4],75,-1,142,-1,116
1,<environment.Job instance at 0x7f685bc547d0>,76,18,[12  4],77,-1,134,-1,116
1,<environment.Job instance at 0x7f685bc54780>,77,27,[14  5],78,-1,143,-1,116
1,<environment.Job instance at 0x7f685cbc09b0>,78,26,[7 4],79,-1,147,-1,121
1,<environment.Job instance at 0x7f685cbc0eb0>,79,28,[2 7],80,-1,149,-1,121
1,<environment.Job instance at 0x7f685bac6a00>,80,18,[ 2 14],81,-1,139,-1,121
1,<environment.Job instance at 0x7f685bac62d0>,81,17,[12  3],82,-1,138,-1,121
1,<environment.Job instance at 0x7f685bf998c0>,82,15,[14  3],83,-1,136,-1,121
1,<environment.Job instance at 0x7f68656ee2d0>,83,18,[ 3 14],84,-1,139,-1,121
1,<environment.Job instance at 0x7f685bcc6d70>,84,27,[3 6],85,-1,148,-1,121
1,<environment.Job instance at 0x7f68656eed20>,85,14,[ 5 11],86,-1,135,-1,121
1,<environment.Job instance at 0x7f685bc396e0>,86,18,[11  3],87,-1,139,-1,121
1,<environment.Job instance at 0x7f685b9d2460>,87,15,[14  5],88,-1,136,-1,121
1,<environment.Job instance at 0x7f685b9d29b0>,88,23,[9 3],89,-1,152,-1,129
1,<environment.Job instance at 0x7f685cbbf460>,89,28,[4 7],90,-1,157,-1,129
1,<environment.Job instance at 0x7f685cbbfc80>,91,25,[11  3],92,-1,154,-1,129
1,<environment.Job instance at 0x7f685cbbfaa0>,92,17,[13  3],93,-1,146,-1,129
1,<environment.Job instance at 0x7f685c5236e0>,93,23,[13  1],94,-1,152,-1,129
1,<environment.Job instance at 0x7f685cbbf3c0>,94,25,[ 1 11],95,-1,154,-1,129
1,<environment.Job instance at 0x7f685c51cb90>,96,25,[ 5 14],97,-1,154,-1,129
1,<environment.Job instance at 0x7f685cbbff50>,90,27,[1 8],91,-1,163,-1,136
1,<environment.Job instance at 0x7f685ba1dbe0>,98,18,[11  5],99,-1,154,-1,136
1,<environment.Job instance at 0x7f685c7c0410>,99,17,[12  4],100,-1,153,-1,136
1,<environment.Job instance at 0x7f6865672550>,5,18,[14  5],6,-1,62,-1,44
1,<environment.Job instance at 0x7f685beef9b0>,14,24,[ 1 13],15,-1,68,-1,44
1,<environment.Job instance at 0x7f685b611320>,6,26,[3 8],7,-1,76,-1,50
1,<environment.Job instance at 0x7f685beefdc0>,15,18,[3 9],16,-1,68,-1,50
1,<environment.Job instance at 0x7f685cb548c0>,23,21,[ 4 12],24,-1,121,-1,100
1,<environment.Job instance at 0x7f685c290cd0>,25,22,[6 5],26,-1,124,-1,102
1,<environment.Job instance at 0x7f685b990370>,27,24,[13  2],28,-1,141,-1,117
1,<environment.Job instance at 0x7f685c701190>,31,14,[ 1 11],32,-1,131,-1,117
1,<environment.Job instance at 0x7f685b9464b0>,32,16,[14  1],33,-1,133,-1,117
1,<environment.Job instance at 0x7f686521a6e0>,33,14,[ 3 10],34,-1,131,-1,117
1,<environment.Job instance at 0x7f6865672dc0>,10,18,[3 8],11,-1,136,-1,118
1,<environment.Job instance at 0x7f685cb54910>,24,21,[ 4 12],25,-1,139,-1,118
1,<environment.Job instance at 0x7f685b39d5a0>,34,26,[8 1],35,-1,145,-1,119
1,<environment.Job instance at 0x7f685cba73c0>,37,25,[6 1],38,-1,144,-1,119
1,<environment.Job instance at 0x7f68656729b0>,8,19,[ 5 14],9,-1,138,-1,119
1,<environment.Job instance at 0x7f685cba7280>,38,18,[12  4],39,-1,137,-1,119
1,<environment.Job instance at 0x7f685b607eb0>,30,18,[3 9],31,-1,137,-1,119
1,<environment.Job instance at 0x7f685b42a190>,44,19,[ 2 14],45,-1,167,-1,148
1,<environment.Job instance at 0x7f6865672aa0>,13,25,[14  3],14,-1,173,-1,148
1,<environment.Job instance at 0x7f685c6e9be0>,0,27,[14  2],1,-1,28,-1,1
1,<environment.Job instance at 0x7f685c6e9cd0>,1,14,[14  5],2,-1,16,-1,2
1,<environment.Job instance at 0x7f685c6e9b90>,2,13,[ 4 12],3,-1,16,-1,3
1,<environment.Job instance at 0x7f685c6e9af0>,3,13,[11  5],4,-1,17,-1,4
1,<environment.Job instance at 0x7f685c6e98c0>,4,17,[ 1 11],5,-1,22,-1,5
1,<environment.Job instance at 0x7f685c6e97d0>,5,18,[14  5],6,-1,24,-1,6
1,<environment.Job instance at 0x7f685c6e9eb0>,6,26,[3 8],7,-1,33,-1,7
1,<environment.Job instance at 0x7f685c6e9320>,7,24,[12  4],8,-1,32,-1,8
1,<environment.Job instance at 0x7f685c004960>,8,19,[ 5 14],9,-1,28,-1,9
1,<environment.Job instance at 0x7f685c004780>,9,27,[ 2 11],10,-1,37,-1,10
1,<environment.Job instance at 0x7f685cc52870>,11,23,[ 3 14],12,-1,35,-1,12
1,<environment.Job instance at 0x7f685cc52b90>,13,25,[14  3],14,-1,39,-1,14
1,<environment.Job instance at 0x7f68656733c0>,14,24,[ 1 13],15,-1,39,-1,15
1,<environment.Job instance at 0x7f68656734b0>,16,14,[12  2],17,-1,31,-1,17
1,<environment.Job instance at 0x7f685cb6dd20>,17,16,[ 2 12],18,-1,34,-1,18
1,<environment.Job instance at 0x7f686521bc80>,20,23,[ 1 11],21,-1,44,-1,21
1,<environment.Job instance at 0x7f685bcc6d70>,22,15,[ 3 11],23,-1,38,-1,23
1,<environment.Job instance at 0x7f685c7c0870>,23,21,[ 4 12],24,-1,45,-1,24
1,<environment.Job instance at 0x7f685b9d2460>,24,21,[ 4 12],25,-1,46,-1,25
1,<environment.Job instance at 0x7f685b9d2f00>,27,24,[13  2],28,-1,53,-1,29
1,<environment.Job instance at 0x7f685b8273c0>,29,17,[14  3],30,-1,47,-1,30
1,<environment.Job instance at 0x7f685c4f0fa0>,18,27,[9 3],19,-1,72,-1,45
1,<environment.Job instance at 0x7f685baf3280>,31,14,[ 1 11],32,-1,59,-1,45
1,<environment.Job instance at 0x7f685cbc0280>,32,16,[14  1],33,-1,61,-1,45
1,<environment.Job instance at 0x7f685bc54050>,34,26,[8 1],35,-1,71,-1,45
1,<environment.Job instance at 0x7f685b990e60>,36,15,[ 3 12],37,-1,60,-1,45
1,<environment.Job instance at 0x7f685b9908c0>,37,25,[6 1],38,-1,70,-1,45
1,<environment.Job instance at 0x7f685ba325f0>,38,18,[12  4],39,-1,63,-1,45
1,<environment.Job instance at 0x7f685bceba50>,41,21,[11  5],42,-1,82,-1,61
1,<environment.Job instance at 0x7f685cab2d70>,42,27,[6 3],43,-1,90,-1,63
1,<environment.Job instance at 0x7f685cab29b0>,44,19,[ 2 14],45,-1,82,-1,63
1,<environment.Job instance at 0x7f685cab2960>,47,12,[11  3],48,-1,85,-1,73
1,<environment.Job instance at 0x7f685c4a9410>,48,18,[ 2 11],49,-1,91,-1,73
1,<environment.Job instance at 0x7f685bc5c9b0>,50,24,[9 1],51,-1,113,-1,89
1,<environment.Job instance at 0x7f685c769f50>,52,15,[ 2 13],53,-1,104,-1,89
1,<environment.Job instance at 0x7f6865672500>,53,20,[12  2],54,-1,109,-1,89
1,<environment.Job instance at 0x7f685cb816e0>,55,23,[ 2 13],56,-1,112,-1,89
1,<environment.Job instance at 0x7f685b42aa50>,56,20,[11  4],57,-1,109,-1,89
1,<environment.Job instance at 0x7f685bb2cc30>,57,23,[ 5 14],58,-1,112,-1,89
1,<environment.Job instance at 0x7f685bef6af0>,54,25,[9 2],55,-1,132,-1,107
1,<environment.Job instance at 0x7f685c5f62d0>,59,19,[ 3 14],60,-1,126,-1,107
1,<environment.Job instance at 0x7f685b865a00>,60,16,[ 2 13],61,-1,123,-1,107
1,<environment.Job instance at 0x7f685b60b0a0>,62,28,[ 3 13],63,-1,135,-1,107
1,<environment.Job instance at 0x7f685b448550>,63,26,[13  2],64,-1,133,-1,107
1,<environment.Job instance at 0x7f685b610af0>,65,22,[ 3 12],66,-1,129,-1,107
1,<environment.Job instance at 0x7f685b610e60>,66,21,[ 4 11],67,-1,128,-1,107
1,<environment.Job instance at 0x7f685b610f50>,67,16,[ 1 12],68,-1,123,-1,107
1,<environment.Job instance at 0x7f685b610870>,68,17,[ 2 11],69,-1,124,-1,107
1,<environment.Job instance at 0x7f685cb1a1e0>,69,14,[14  4],70,-1,121,-1,107
1,<environment.Job instance at 0x7f685b610b90>,70,26,[5 7],71,-1,133,-1,107
1,<environment.Job instance at 0x7f685b610be0>,71,26,[11  1],72,-1,133,-1,107
1,<environment.Job instance at 0x7f685b6118c0>,72,24,[12  1],73,-1,131,-1,107
1,<environment.Job instance at 0x7f685c2dc690>,73,28,[12  4],74,-1,135,-1,107
1,<environment.Job instance at 0x7f685c2dc780>,74,18,[ 1 11],75,-1,125,-1,107
1,<environment.Job instance at 0x7f685b61f460>,77,28,[ 1 12],78,-1,148,-1,120
1,<environment.Job instance at 0x7f685b61ffa0>,79,23,[1 5],80,-1,144,-1,121
1,<environment.Job instance at 0x7f685cbb7640>,83,16,[14  2],84,-1,150,-1,134
1,<environment.Job instance at 0x7f685b61f410>,84,18,[ 5 12],85,-1,152,-1,134
1,<environment.Job instance at 0x7f685b4efb90>,85,24,[13  2],86,-1,158,-1,134
1,<environment.Job instance at 0x7f685b4efd20>,86,16,[14  5],87,-1,150,-1,134
1,<environment.Job instance at 0x7f685b4efaa0>,87,23,[ 1 13],88,-1,157,-1,134
1,<environment.Job instance at 0x7f685c322730>,89,15,[ 2 14],90,-1,160,-1,145
1,<environment.Job instance at 0x7f685b3ea410>,3,24,[9 3],4,-1,29,-1,5
1,<environment.Job instance at 0x7f685b3ea550>,5,17,[10  4],6,-1,23,-1,6
1,<environment.Job instance at 0x7f685cb98f50>,0,21,[12  1],1,-1,22,-1,1
1,<environment.Job instance at 0x7f685cb98870>,1,16,[12  5],2,-1,18,-1,2
1,<environment.Job instance at 0x7f685cb98b90>,2,18,[ 2 13],3,-1,21,-1,3
1,<environment.Job instance at 0x7f685cb980f0>,3,24,[9 3],4,-1,28,-1,4
1,<environment.Job instance at 0x7f685b3d71e0>,6,24,[14  2],7,-1,31,-1,7
1,<environment.Job instance at 0x7f685b3d7eb0>,7,17,[13  4],8,-1,25,-1,8
1,<environment.Job instance at 0x7f685b3d7cd0>,8,23,[ 4 14],9,-1,32,-1,9
1,<environment.Job instance at 0x7f685b3d7370>,9,23,[ 4 13],10,-1,33,-1,10
1,<environment.Job instance at 0x7f685cb98640>,11,15,[ 3 11],12,-1,27,-1,12
1,<environment.Job instance at 0x7f685b3d75a0>,14,17,[12  2],15,-1,32,-1,15
1,<environment.Job instance at 0x7f685b3d7be0>,15,20,[11  3],16,-1,36,-1,16
1,<environment.Job instance at 0x7f685b3d7050>,16,16,[ 5 14],17,-1,33,-1,17
1,<environment.Job instance at 0x7f685b3d7820>,12,24,[10  5],13,-1,47,-1,23
1,<environment.Job instance at 0x7f685b3d7f00>,19,18,[12  2],20,-1,41,-1,23
1,<environment.Job instance at 0x7f685b3d76e0>,21,13,[ 4 11],22,-1,36,-1,23
1,<environment.Job instance at 0x7f685cb6ab90>,22,17,[13  3],23,-1,40,-1,23
1,<environment.Job instance at 0x7f685b3d7d70>,17,25,[6 2],18,-1,48,-1,23
1,<environment.Job instance at 0x7f685cb6af50>,23,25,[5 5],24,-1,51,-1,26
1,<environment.Job instance at 0x7f685cb6a640>,25,20,[13  4],26,-1,46,-1,26
1,<environment.Job instance at 0x7f685cb6ad20>,28,17,[11  5],29,-1,46,-1,29
1,<environment.Job instance at 0x7f685cb6ae10>,29,21,[14  3],30,-1,51,-1,30
1,<environment.Job instance at 0x7f685cb6ad70>,30,25,[12  3],31,-1,56,-1,31
1,<environment.Job instance at 0x7f685cb6ae60>,27,26,[4 9],28,-1,67,-1,41
1,<environment.Job instance at 0x7f685cb6acd0>,33,23,[ 4 14],34,-1,64,-1,41
1,<environment.Job instance at 0x7f685cb6a320>,26,23,[8 1],27,-1,69,-1,46
1,<environment.Job instance at 0x7f685cb6a6e0>,35,17,[13  5],36,-1,63,-1,46
1,<environment.Job instance at 0x7f685cb6a280>,36,28,[14  3],37,-1,74,-1,46
1,<environment.Job instance at 0x7f685cb6a820>,34,28,[3 7],35,-1,74,-1,46
1,<environment.Job instance at 0x7f685cb6a4b0>,38,24,[12  2],39,-1,70,-1,46
1,<environment.Job instance at 0x7f685c3228c0>,40,13,[13  3],41,-1,59,-1,46
1,<environment.Job instance at 0x7f685c3220f0>,43,25,[ 5 14],44,-1,79,-1,54
1,<environment.Job instance at 0x7f685c322f50>,44,18,[ 5 14],45,-1,72,-1,54
1,<environment.Job instance at 0x7f685c322dc0>,45,16,[11  1],46,-1,70,-1,54
1,<environment.Job instance at 0x7f685c3225f0>,46,12,[ 3 13],47,-1,66,-1,54
1,<environment.Job instance at 0x7f685c3221e0>,47,23,[6 5],48,-1,77,-1,54
1,<environment.Job instance at 0x7f685c322190>,48,23,[6 4],49,-1,77,-1,54
1,<environment.Job instance at 0x7f685c322a50>,49,23,[6 1],50,-1,77,-1,54
1,<environment.Job instance at 0x7f685c322b90>,50,18,[13  2],51,-1,72,-1,54
1,<environment.Job instance at 0x7f685b4ef6e0>,53,19,[14  5],54,-1,78,-1,59
1,<environment.Job instance at 0x7f685b4efd20>,54,14,[ 4 12],55,-1,73,-1,59
1,<environment.Job instance at 0x7f685cbb7640>,55,14,[12  3],56,-1,73,-1,59
1,<environment.Job instance at 0x7f685c322730>,52,28,[3 9],53,-1,96,-1,68
1,<environment.Job instance at 0x7f685b61fbe0>,59,15,[13  1],60,-1,89,-1,74
1,<environment.Job instance at 0x7f685b61fe10>,60,13,[ 5 11],61,-1,87,-1,74
1,<environment.Job instance at 0x7f685b61f320>,61,25,[ 2 14],62,-1,99,-1,74
1,<environment.Job instance at 0x7f685b61f4b0>,62,27,[ 1 12],63,-1,101,-1,74
1,<environment.Job instance at 0x7f685c2dc370>,63,24,[2 8],64,-1,98,-1,74
1,<environment.Job instance at 0x7f685c2dc780>,64,26,[ 5 13],65,-1,100,-1,74
1,<environment.Job instance at 0x7f685cb1a1e0>,65,28,[ 4 13],66,-1,102,-1,74
1,<environment.Job instance at 0x7f685b611050>,66,13,[11  2],67,-1,87,-1,74
1,<environment.Job instance at 0x7f685b611d20>,67,19,[ 2 11],68,-1,93,-1,74
1,<environment.Job instance at 0x7f685b6101e0>,68,28,[ 4 11],69,-1,102,-1,74
1,<environment.Job instance at 0x7f685b6103c0>,70,16,[14  4],71,-1,90,-1,74
1,<environment.Job instance at 0x7f685b610780>,73,12,[12  5],74,-1,99,-1,87
1,<environment.Job instance at 0x7f685b865a00>,74,22,[13  1],75,-1,109,-1,87
1,<environment.Job instance at 0x7f685ba1dfa0>,77,14,[ 1 11],78,-1,104,-1,90
1,<environment.Job instance at 0x7f685bef6af0>,78,14,[ 5 14],79,-1,104,-1,90
1,<environment.Job instance at 0x7f685c5de1e0>,71,23,[ 3 10],72,-1,126,-1,103
1,<environment.Job instance at 0x7f6865672500>,80,12,[ 2 12],81,-1,115,-1,103
1,<environment.Job instance at 0x7f685c5f6050>,83,26,[7 4],84,-1,133,-1,107
1,<environment.Job instance at 0x7f685c7693c0>,84,26,[ 2 13],85,-1,133,-1,107
1,<environment.Job instance at 0x7f685c769d20>,85,23,[7 1],86,-1,130,-1,107
1,<environment.Job instance at 0x7f685b974280>,79,27,[7 2],80,-1,134,-1,107
1,<environment.Job instance at 0x7f685cab2550>,89,24,[13  4],90,-1,132,-1,108
1,<environment.Job instance at 0x7f685cab2af0>,90,21,[11  2],91,-1,129,-1,108
1,<environment.Job instance at 0x7f685bcb6190>,91,27,[7 2],92,-1,148,-1,121
1,<environment.Job instance at 0x7f685cab2320>,92,22,[ 5 14],93,-1,143,-1,121
1,<environment.Job instance at 0x7f685ba32230>,95,26,[11  1],96,-1,147,-1,121
1,<environment.Job instance at 0x7f685b990e60>,96,13,[ 1 12],97,-1,134,-1,121
1,<environment.Job instance at 0x7f685ba325f0>,97,22,[ 2 12],98,-1,143,-1,121
1,<environment.Job instance at 0x7f685baf3280>,98,15,[14  4],99,-1,136,-1,121
1,<environment.Job instance at 0x7f685bc54a00>,99,24,[ 3 13],100,-1,145,-1,121
1,<environment.Job instance at 0x7f685bc54780>,100,24,[12  5],101,-1,145,-1,121
1,<environment.Job instance at 0x7f685b821e60>,101,27,[ 5 14],102,-1,148,-1,121
1,<environment.Job instance at 0x7f685cbc0280>,102,18,[ 3 11],103,-1,139,-1,121
1,<environment.Job instance at 0x7f685cbc09b0>,103,27,[1 8],104,-1,161,-1,134
1,<environment.Job instance at 0x7f685bac6a00>,104,25,[ 5 12],105,-1,159,-1,134
1,<environment.Job instance at 0x7f685bac62d0>,105,26,[4 9],106,-1,160,-1,134
1,<environment.Job instance at 0x7f685bc396e0>,106,27,[ 4 13],107,-1,161,-1,134
1,<environment.Job instance at 0x7f685bcc6d70>,107,12,[12  5],108,-1,146,-1,134
1,<environment.Job instance at 0x7f685c7c0730>,108,17,[ 5 11],109,-1,151,-1,134
1,<environment.Job instance at 0x7f685c7c06e0>,109,20,[ 2 13],110,-1,154,-1,134
1,<environment.Job instance at 0x7f685c4f0fa0>,114,13,[ 4 11],115,-1,160,-1,147
1,<environment.Job instance at 0x7f6865673a00>,115,21,[14  5],116,-1,168,-1,147
1,<environment.Job instance at 0x7f68656733c0>,116,16,[ 5 14],117,-1,163,-1,147
1,<environment.Job instance at 0x7f934d3bb6e0>,0,13,[9 3],1,-1,15,-1,2
1,<environment.Job instance at 0x7f934d3bb8c0>,1,22,[11  3],2,-1,24,-1,2
1,<environment.Job instance at 0x7f934d3bb730>,2,22,[4 8],3,-1,25,-1,3
1,<environment.Job instance at 0x7f9343d71b90>,4,21,[1 6],5,-1,27,-1,6
1,<environment.Job instance at 0x7f9343d71a50>,5,24,[1 5],6,-1,30,-1,6
1,<environment.Job instance at 0x7f9343d71d70>,7,25,[6 2],8,-1,33,-1,8
1,<environment.Job instance at 0x7f9343d74500>,17,28,[ 5 10],18,-1,60,-1,32
1,<environment.Job instance at 0x7f9343d744b0>,18,25,[ 4 13],19,-1,57,-1,32
1,<environment.Job instance at 0x7f9343d74780>,20,27,[13  5],21,-1,62,-1,35
1,<environment.Job instance at 0x7f9343d71fa0>,10,18,[ 3 11],11,-1,54,-1,36
1,<environment.Job instance at 0x7f9343d746e0>,19,14,[ 3 11],20,-1,50,-1,36
1,<environment.Job instance at 0x7f9343d74a00>,26,26,[1 8],27,-1,62,-1,36
1,<environment.Job instance at 0x7f9343d74a50>,27,25,[5 7],28,-1,61,-1,36
1,<environment.Job instance at 0x7f9343d69aa0>,1,22,[11  3],2,-1,24,-1,2
1,<environment.Job instance at 0x7f9343d698c0>,3,26,[11  4],4,-1,30,-1,4
1,<environment.Job instance at 0x7f9343e2f2d0>,8,22,[14  3],9,-1,31,-1,9
1,<environment.Job instance at 0x7f9343f121e0>,9,18,[ 2 13],10,-1,28,-1,10
1,<environment.Job instance at 0x7f9343d69190>,10,18,[ 3 11],11,-1,29,-1,11
1,<environment.Job instance at 0x7f9343e74e10>,12,26,[ 1 12],13,-1,40,-1,14
1,<environment.Job instance at 0x7f9343ea8fa0>,13,18,[ 4 14],14,-1,32,-1,14
1,<environment.Job instance at 0x7f9343d71960>,5,24,[1 5],6,-1,38,-1,14
1,<environment.Job instance at 0x7f9343f216e0>,7,25,[6 2],8,-1,39,-1,14
1,<environment.Job instance at 0x7f9344241be0>,15,18,[ 2 14],16,-1,34,-1,16
1,<environment.Job instance at 0x7f9343e958c0>,16,16,[ 3 11],17,-1,33,-1,17
1,<environment.Job instance at 0x7f9343e0b780>,18,25,[ 4 13],19,-1,44,-1,19
1,<environment.Job instance at 0x7f9343e96d70>,19,14,[ 3 11],20,-1,34,-1,20
1,<environment.Job instance at 0x7f9343dfcf50>,20,27,[13  5],21,-1,48,-1,21
1,<environment.Job instance at 0x7f9343dfcbe0>,21,26,[ 5 12],22,-1,48,-1,22
1,<environment.Job instance at 0x7f9343edd820>,22,13,[13  1],23,-1,36,-1,23
1,<environment.Job instance at 0x7f9343e963c0>,17,28,[ 5 10],18,-1,53,-1,25
1,<environment.Job instance at 0x7f9343f90320>,24,13,[ 3 14],25,-1,38,-1,25
1,<environment.Job instance at 0x7f9343df7b40>,11,26,[4 8],12,-1,51,-1,25
1,<environment.Job instance at 0x7f9343f1ecd0>,25,23,[ 3 13],26,-1,49,-1,26
1,<environment.Job instance at 0x7f9343f1eeb0>,27,25,[5 7],28,-1,53,-1,28
1,<environment.Job instance at 0x7f9343e33a00>,28,25,[ 4 11],29,-1,54,-1,29
1,<environment.Job instance at 0x7f9343e332d0>,29,22,[ 5 13],30,-1,52,-1,30
1,<environment.Job instance at 0x7f9343e33b90>,31,20,[11  5],32,-1,52,-1,32
1,<environment.Job instance at 0x7f9343e33d70>,32,27,[11  3],33,-1,60,-1,33
1,<environment.Job instance at 0x7f9343e33730>,30,27,[4 8],31,-1,70,-1,43
1,<environment.Job instance at 0x7f9343e337d0>,36,13,[ 3 14],37,-1,56,-1,43
1,<environment.Job instance at 0x7f9343e33370>,37,28,[ 2 12],38,-1,71,-1,43
1,<environment.Job instance at 0x7f9343e05780>,26,26,[1 8],27,-1,69,-1,43
1,<environment.Job instance at 0x7f9343e33550>,39,24,[5 6],40,-1,67,-1,43
1,<environment.Job instance at 0x7f9343e33f50>,34,24,[1 8],35,-1,67,-1,43
1,<environment.Job instance at 0x7f9343f19690>,41,27,[14  1],42,-1,70,-1,43
1,<environment.Job instance at 0x7f9343ec7550>,43,13,[13  1],44,-1,57,-1,44
1,<environment.Job instance at 0x7f9343ec7960>,44,24,[ 1 13],45,-1,69,-1,45
1,<environment.Job instance at 0x7f9343f1b1e0>,46,17,[12  2],47,-1,66,-1,49
1,<environment.Job instance at 0x7f9343e8b960>,48,15,[14  1],49,-1,64,-1,49
1,<environment.Job instance at 0x7f9343e63910>,49,16,[ 2 11],50,-1,66,-1,50
1,<environment.Job instance at 0x7f9343e16960>,50,16,[12  2],51,-1,67,-1,51
1,<environment.Job instance at 0x7f9343e32550>,54,13,[13  1],55,-1,72,-1,59
1,<environment.Job instance at 0x7f9343e325f0>,55,20,[ 3 13],56,-1,79,-1,59
1,<environment.Job instance at 0x7f9343e16eb0>,52,27,[8 5],53,-1,86,-1,59
1,<environment.Job instance at 0x7f9343e32e10>,57,27,[ 2 14],58,-1,86,-1,59
1,<environment.Job instance at 0x7f9343e32cd0>,60,23,[ 1 11],61,-1,85,-1,62
1,<environment.Job instance at 0x7f9343e7fb40>,61,21,[ 5 13],62,-1,83,-1,62
1,<environment.Job instance at 0x7f9343e32910>,63,17,[ 4 12],64,-1,88,-1,71
1,<environment.Job instance at 0x7f9343e2e640>,67,27,[ 1 10],68,-1,121,-1,94
1,<environment.Job instance at 0x7f9343e2e500>,68,20,[ 3 12],69,-1,114,-1,94
1,<environment.Job instance at 0x7f9343e2e910>,69,13,[ 3 12],70,-1,107,-1,94
1,<environment.Job instance at 0x7f9343e2ea00>,70,21,[12  2],71,-1,115,-1,94
1,<environment.Job instance at 0x7f9343e2e780>,71,28,[5 1],72,-1,122,-1,94
1,<environment.Job instance at 0x7f9343e2ec30>,74,27,[1 6],75,-1,129,-1,102
1,<environment.Job instance at 0x7f9343e2ecd0>,75,14,[ 4 11],76,-1,116,-1,102
1,<environment.Job instance at 0x7f9343e2ee10>,72,24,[9 2],73,-1,126,-1,102
1,<environment.Job instance at 0x7f9343e2ef50>,73,25,[3 8],74,-1,140,-1,115
1,<environment.Job instance at 0x7f9343e91e60>,83,20,[13  1],84,-1,150,-1,130
1,<environment.Job instance at 0x7f9343e91960>,84,18,[ 3 14],85,-1,148,-1,130
1,<environment.Job instance at 0x7f9343e91fa0>,85,25,[ 5 14],86,-1,155,-1,130
1,<environment.Job instance at 0x7f9343e918c0>,86,26,[12  1],87,-1,156,-1,130
1,<environment.Job instance at 0x7f9343e91f00>,87,28,[ 3 10],88,-1,159,-1,131
1,<environment.Job instance at 0x7f9343e915f0>,88,21,[ 1 11],89,-1,152,-1,131
1,<environment.Job instance at 0x7f9343e27e10>,90,14,[ 2 13],91,-1,145,-1,131
1,<environment.Job instance at 0x7f9343e2d7d0>,93,16,[ 2 11],94,-1,162,-1,146
1,<environment.Job instance at 0x7f93434c3b90>,0,26,[5 5],1,-1,27,-1,1
1,<environment.Job instance at 0x7f93434c3eb0>,1,24,[4 7],2,-1,26,-1,2
1,<environment.Job instance at 0x7f93436eae10>,7,22,[3 7],8,-1,31,-1,9
1,<environment.Job instance at 0x7f9343e33730>,0,26,[5 5],1,-1,27,-1,1
1,<environment.Job instance at 0x7f9343e332d0>,1,24,[4 7],2,-1,26,-1,2
1,<environment.Job instance at 0x7f9343628d70>,4,19,[ 3 12],5,-1,24,-1,5
1,<environment.Job instance at 0x7f9343575fa0>,5,15,[12  5],6,-1,21,-1,6
1,<environment.Job instance at 0x7f9343d74460>,8,20,[ 3 12],9,-1,29,-1,9
1,<environment.Job instance at 0x7f934362f6e0>,9,16,[12  4],10,-1,26,-1,10
1,<environment.Job instance at 0x7f9343569aa0>,10,16,[12  5],11,-1,27,-1,11
1,<environment.Job instance at 0x7f934359b230>,11,20,[ 1 12],12,-1,32,-1,12
1,<environment.Job instance at 0x7f934359b190>,12,13,[12  1],13,-1,26,-1,13
1,<environment.Job instance at 0x7f934359b460>,13,12,[11  5],14,-1,26,-1,14
1,<environment.Job instance at 0x7f934359ba00>,14,17,[ 3 12],15,-1,32,-1,15
1,<environment.Job instance at 0x7f934359b960>,15,16,[13  4],16,-1,32,-1,16
1,<environment.Job instance at 0x7f934359bf50>,16,18,[ 1 12],17,-1,35,-1,17
1,<environment.Job instance at 0x7f9343598910>,18,15,[ 2 14],19,-1,34,-1,19
1,<environment.Job instance at 0x7f934351fa00>,22,20,[13  3],23,-1,43,-1,23
1,<environment.Job instance at 0x7f934351f280>,23,21,[ 4 12],24,-1,45,-1,24
1,<environment.Job instance at 0x7f93435237d0>,27,21,[11  4],28,-1,57,-1,36
1,<environment.Job instance at 0x7f9343523410>,28,12,[14  5],29,-1,48,-1,36
1,<environment.Job instance at 0x7f9343523370>,29,16,[12  3],30,-1,52,-1,36
1,<environment.Job instance at 0x7f934352b3c0>,30,17,[12  2],31,-1,53,-1,36
1,<environment.Job instance at 0x7f934352b190>,31,28,[2 8],32,-1,67,-1,39
1,<environment.Job instance at 0x7f934356d320>,26,27,[2 9],27,-1,66,-1,39
1,<environment.Job instance at 0x7f934357dc30>,33,21,[12  2],34,-1,60,-1,39
1,<environment.Job instance at 0x7f934357df50>,34,21,[ 5 11],35,-1,60,-1,39
1,<environment.Job instance at 0x7f9343533a50>,35,26,[ 5 10],36,-1,65,-1,39
1,<environment.Job instance at 0x7f9343533c80>,36,27,[12  4],37,-1,66,-1,39
1,<environment.Job instance at 0x7f9343533c30>,37,27,[14  3],38,-1,66,-1,39
1,<environment.Job instance at 0x7f934351f960>,25,27,[5 9],26,-1,66,-1,39
1,<environment.Job instance at 0x7f934352f230>,39,14,[ 1 12],40,-1,54,-1,40
1,<environment.Job instance at 0x7f934352ff50>,41,14,[13  5],42,-1,56,-1,42
1,<environment.Job instance at 0x7f934353e050>,42,25,[11  2],43,-1,68,-1,43
1,<environment.Job instance at 0x7f934353eaf0>,43,14,[12  2],44,-1,58,-1,44
1,<environment.Job instance at 0x7f934353e140>,44,28,[8 4],45,-1,77,-1,49
1,<environment.Job instance at 0x7f93435414b0>,46,20,[12  1],47,-1,71,-1,51
1,<environment.Job instance at 0x7f9343541550>,47,13,[ 4 12],48,-1,64,-1,51
1,<environment.Job instance at 0x7f9343541640>,48,18,[12  2],49,-1,69,-1,51
1,<environment.Job instance at 0x7f93435413c0>,49,15,[12  3],50,-1,66,-1,51
1,<environment.Job instance at 0x7f93435d9910>,51,26,[ 5 11],52,-1,85,-1,59
1,<environment.Job instance at 0x7f9343541870>,50,25,[7 2],51,-1,88,-1,63
1,<environment.Job instance at 0x7f934353a640>,53,16,[11  1],54,-1,79,-1,63
1,<environment.Job instance at 0x7f934353a410>,55,19,[12  5],56,-1,82,-1,63
1,<environment.Job instance at 0x7f934353af50>,56,17,[11  3],57,-1,80,-1,63
1,<environment.Job instance at 0x7f934354ba00>,58,25,[6 2],59,-1,101,-1,76
1,<environment.Job instance at 0x7f9343545190>,59,18,[12  4],60,-1,94,-1,76
1,<environment.Job instance at 0x7f9343545640>,61,26,[11  5],62,-1,102,-1,76
1,<environment.Job instance at 0x7f9343545fa0>,64,16,[11  2],65,-1,106,-1,90
1,<environment.Job instance at 0x7f934355f5a0>,65,15,[13  5],66,-1,105,-1,90
1,<environment.Job instance at 0x7f9343536b40>,68,27,[14  3],69,-1,131,-1,104
1,<environment.Job instance at 0x7f9343536c30>,70,26,[ 4 10],71,-1,143,-1,117
1,<environment.Job instance at 0x7f9343536410>,71,26,[8 3],72,-1,143,-1,117
1,<environment.Job instance at 0x7f93435367d0>,72,23,[12  1],73,-1,140,-1,117
1,<environment.Job instance at 0x7f9343597c80>,73,19,[ 2 13],74,-1,136,-1,117
1,<environment.Job instance at 0x7f9343597fa0>,74,22,[11  1],75,-1,139,-1,117
1,<environment.Job instance at 0x7f9343597be0>,75,22,[ 1 13],76,-1,139,-1,117
1,<environment.Job instance at 0x7f9343597730>,76,24,[ 2 14],77,-1,141,-1,117
1,<environment.Job instance at 0x7f93435976e0>,78,23,[13  3],79,-1,140,-1,117
1,<environment.Job instance at 0x7f93435970a0>,80,20,[13  5],81,-1,137,-1,117
1,<environment.Job instance at 0x7f93436b7550>,81,24,[14  3],82,-1,141,-1,117
1,<environment.Job instance at 0x7f93436b7960>,82,23,[13  5],83,-1,140,-1,117
1,<environment.Job instance at 0x7f93436b7cd0>,83,21,[12  3],84,-1,138,-1,117
1,<environment.Job instance at 0x7f934357b230>,85,28,[ 4 11],86,-1,145,-1,117
1,<environment.Job instance at 0x7f934354d5a0>,86,18,[ 4 12],87,-1,135,-1,117
1,<environment.Job instance at 0x7f93436bcdc0>,87,22,[14  1],88,-1,139,-1,117
1,<environment.Job instance at 0x7f93436bc4b0>,88,25,[7 3],89,-1,158,-1,133
1,<environment.Job instance at 0x7f934354de60>,89,27,[ 4 13],90,-1,160,-1,133
1,<environment.Job instance at 0x7f9343587370>,90,26,[8 4],91,-1,159,-1,133
1,<environment.Job instance at 0x7f934354dd20>,91,12,[11  1],92,-1,145,-1,133
1,<environment.Job instance at 0x7f9343597410>,79,25,[10  5],80,-1,158,-1,133
1,<environment.Job instance at 0x7f9343587550>,93,16,[14  1],94,-1,149,-1,133
1,<environment.Job instance at 0x7f9343587690>,94,27,[ 1 10],95,-1,160,-1,133
1,<environment.Job instance at 0x7f9343587460>,96,19,[13  1],97,-1,152,-1,133
1,<environment.Job instance at 0x7f9343587dc0>,97,15,[12  2],98,-1,148,-1,133
1,<environment.Job instance at 0x7f93435871e0>,98,20,[11  2],99,-1,153,-1,133
1,<environment.Job instance at 0x7f9343587be0>,99,25,[ 2 13],100,-1,158,-1,133
1,<environment.Job instance at 0x7f93435bcdc0>,102,24,[ 3 13],103,-1,157,-1,133
1,<environment.Job instance at 0x7f93435bcd20>,103,15,[ 2 13],104,-1,148,-1,133
1,<environment.Job instance at 0x7f93434e8140>,104,13,[ 5 14],105,-1,146,-1,133
1,<environment.Job instance at 0x7f9343675320>,105,20,[11  2],106,-1,153,-1,133
1,<environment.Job instance at 0x7f9343574fa0>,107,21,[ 4 14],108,-1,168,-1,147
1,<environment.Job instance at 0x7f93434f6a00>,109,15,[14  4],110,-1,162,-1,147
1,<environment.Job instance at 0x7f9343386b40>,5,25,[8 5],6,-1,31,-1,6
1,<environment.Job instance at 0x7f9343386500>,7,21,[5 9],8,-1,30,-1,9
1,<environment.Job instance at 0x7f9343386140>,10,25,[7 1],11,-1,46,-1,21
1,<environment.Job instance at 0x7f9343328eb0>,23,19,[13  4],24,-1,93,-1,74
1,<environment.Job instance at 0x7f93433865f0>,14,16,[ 5 12],15,-1,90,-1,74
1,<environment.Job instance at 0x7f9343386d70>,15,27,[ 4 14],16,-1,103,-1,76
1,<environment.Job instance at 0x7f93433281e0>,26,20,[5 7],27,-1,96,-1,76
1,<environment.Job instance at 0x7f9343386550>,11,24,[12  5],12,-1,100,-1,76
1,<environment.Job instance at 0x7f9343af29b0>,0,19,[12  5],1,-1,20,-1,1
1,<environment.Job instance at 0x7f9343af2b40>,2,18,[12  1],3,-1,21,-1,3
1,<environment.Job instance at 0x7f9343b77e10>,6,17,[ 1 12],7,-1,24,-1,7
1,<environment.Job instance at 0x7f93437bc640>,8,18,[ 2 14],9,-1,27,-1,9
1,<environment.Job instance at 0x7f93449aaeb0>,9,24,[11  1],10,-1,34,-1,10
1,<environment.Job instance at 0x7f9343b77870>,11,24,[12  5],12,-1,36,-1,12
1,<environment.Job instance at 0x7f934d40fb90>,13,15,[ 1 11],14,-1,29,-1,14
1,<environment.Job instance at 0x7f934454b410>,14,16,[ 5 12],15,-1,31,-1,15
1,<environment.Job instance at 0x7f9344026c80>,15,27,[ 4 14],16,-1,43,-1,16
1,<environment.Job instance at 0x7f93438895a0>,5,25,[8 5],6,-1,42,-1,17
1,<environment.Job instance at 0x7f9343777550>,10,25,[7 1],11,-1,42,-1,17
1,<environment.Job instance at 0x7f93448f0d20>,16,23,[ 2 11],17,-1,40,-1,17
1,<environment.Job instance at 0x7f934421a190>,17,13,[ 4 12],18,-1,31,-1,18
1,<environment.Job instance at 0x7f934453a730>,18,15,[13  1],19,-1,34,-1,19
1,<environment.Job instance at 0x7f934450c5f0>,19,17,[13  3],20,-1,37,-1,20
1,<environment.Job instance at 0x7f934d3e43c0>,21,22,[ 3 13],22,-1,44,-1,22
1,<environment.Job instance at 0x7f9344205c80>,23,19,[13  4],24,-1,43,-1,24
1,<environment.Job instance at 0x7f934cf471e0>,24,16,[ 2 12],25,-1,41,-1,25
1,<environment.Job instance at 0x7f9343bceb90>,12,23,[10  2],13,-1,48,-1,25
1,<environment.Job instance at 0x7f93436f03c0>,25,12,[ 4 14],26,-1,38,-1,26
1,<environment.Job instance at 0x7f93435f9aa0>,29,23,[ 2 13],30,-1,53,-1,30
1,<environment.Job instance at 0x7f9343795280>,30,12,[14  1],31,-1,43,-1,31
1,<environment.Job instance at 0x7f93435aa7d0>,31,28,[ 1 13],32,-1,60,-1,32
1,<environment.Job instance at 0x7f93435aa5f0>,33,22,[12  5],34,-1,60,-1,38
1,<environment.Job instance at 0x7f934cf40b40>,35,12,[11  5],36,-1,50,-1,38
1,<environment.Job instance at 0x7f9343679f50>,37,22,[11  2],38,-1,60,-1,38
1,<environment.Job instance at 0x7f93436790f0>,39,17,[13  5],40,-1,69,-1,52
1,<environment.Job instance at 0x7f93441fe0f0>,40,12,[ 3 14],41,-1,64,-1,52
1,<environment.Job instance at 0x7f93435f4230>,42,15,[ 4 12],43,-1,68,-1,53
1,<environment.Job instance at 0x7f93437c0960>,43,21,[ 3 14],44,-1,74,-1,53
1,<environment.Job instance at 0x7f93435b8190>,46,28,[6 1],47,-1,97,-1,69
1,<environment.Job instance at 0x7f93435b8730>,49,27,[ 4 12],50,-1,105,-1,78
1,<environment.Job instance at 0x7f93435b8050>,50,25,[12  4],51,-1,103,-1,78
1,<environment.Job instance at 0x7f93435b8870>,51,20,[ 3 14],52,-1,98,-1,78
1,<environment.Job instance at 0x7f93435b8780>,52,13,[ 3 14],53,-1,91,-1,78
1,<environment.Job instance at 0x7f93435b80a0>,53,13,[11  5],54,-1,91,-1,78
1,<environment.Job instance at 0x7f93435b85a0>,54,24,[8 4],55,-1,109,-1,85
1,<environment.Job instance at 0x7f93435b84b0>,56,20,[12  3],57,-1,105,-1,85
1,<environment.Job instance at 0x7f93435b8500>,57,25,[13  2],58,-1,110,-1,85
1,<environment.Job instance at 0x7f93437c1a00>,59,25,[1 6],60,-1,116,-1,91
1,<environment.Job instance at 0x7f9343712c30>,60,17,[12  4],61,-1,108,-1,91
1,<environment.Job instance at 0x7f9343712190>,61,26,[1 9],62,-1,124,-1,98
1,<environment.Job instance at 0x7f9343712a00>,62,27,[14  4],63,-1,125,-1,98
1,<environment.Job instance at 0x7f9343712460>,63,18,[14  2],64,-1,116,-1,98
1,<environment.Job instance at 0x7f9343718780>,64,25,[13  3],65,-1,123,-1,98
1,<environment.Job instance at 0x7f93437182d0>,66,23,[12  4],67,-1,121,-1,98
1,<environment.Job instance at 0x7f93437b5e10>,68,20,[11  2],69,-1,123,-1,103
1,<environment.Job instance at 0x7f9343bc89b0>,69,16,[14  4],70,-1,119,-1,103
1,<environment.Job instance at 0x7f9343623f00>,70,23,[7 4],71,-1,135,-1,112
1,<environment.Job instance at 0x7f93435ea9b0>,73,22,[ 1 12],74,-1,134,-1,112
1,<environment.Job instance at 0x7f93436c17d0>,75,26,[ 3 12],76,-1,144,-1,118
1,<environment.Job instance at 0x7f93436c1f00>,76,27,[ 2 14],77,-1,145,-1,118
1,<environment.Job instance at 0x7f93435d9280>,77,24,[13  5],78,-1,142,-1,118
1,<environment.Job instance at 0x7f93435d9dc0>,79,21,[13  4],80,-1,139,-1,118
1,<environment.Job instance at 0x7f93436efbe0>,80,22,[ 5 12],81,-1,140,-1,118
1,<environment.Job instance at 0x7f93437b5a00>,67,25,[9 2],68,-1,149,-1,124
1,<environment.Job instance at 0x7f93435c9550>,82,15,[14  2],83,-1,139,-1,124
1,<environment.Job instance at 0x7f93435c93c0>,83,15,[ 1 13],84,-1,139,-1,124
1,<environment.Job instance at 0x7f93436c8c80>,84,20,[12  2],85,-1,144,-1,124
1,<environment.Job instance at 0x7f93436c8780>,86,17,[14  5],87,-1,141,-1,124
1,<environment.Job instance at 0x7f9343644a00>,87,24,[13  3],88,-1,148,-1,124
1,<environment.Job instance at 0x7f9343b37410>,88,22,[12  3],89,-1,146,-1,124
1,<environment.Job instance at 0x7f9343782e10>,2,16,[10  3],3,-1,20,-1,4
1,<environment.Job instance at 0x7f9343897eb0>,3,24,[11  3],4,-1,28,-1,4
1,<environment.Job instance at 0x7f934d524dc0>,6,14,[10  3],7,-1,22,-1,8
1,<environment.Job instance at 0x7f9343782410>,8,19,[1 5],9,-1,28,-1,9
1,<environment.Job instance at 0x7f934d3e3460>,9,18,[2 9],10,-1,28,-1,10
1,<environment.Job instance at 0x7f934d3e3730>,10,18,[10  4],11,-1,29,-1,11
1,<environment.Job instance at 0x7f934d524b90>,7,23,[13  3],8,-1,34,-1,11
1,<environment.Job instance at 0x7f934374dc30>,0,20,[13  5],1,-1,21,-1,1
1,<environment.Job instance at 0x7f934374d320>,1,27,[1 8],2,-1,29,-1,2
1,<environment.Job instance at 0x7f934374df50>,3,24,[11  3],4,-1,28,-1,4
1,<environment.Job instance at 0x7f934374d460>,4,18,[13  3],5,-1,23,-1,5
1,<environment.Job instance at 0x7f934374d410>,7,23,[13  3],8,-1,31,-1,8
1,<environment.Job instance at 0x7f93437b97d0>,12,24,[13  3],13,-1,43,-1,19
1,<environment.Job instance at 0x7f93437c2c80>,14,25,[12  2],15,-1,44,-1,19
1,<environment.Job instance at 0x7f93437c2af0>,15,25,[14  1],16,-1,44,-1,19
1,<environment.Job instance at 0x7f93437c2f50>,16,27,[5 5],17,-1,59,-1,32
1,<environment.Job instance at 0x7f934388eb90>,18,23,[14  2],19,-1,55,-1,32
1,<environment.Job instance at 0x7f9343b37690>,22,12,[12  4],23,-1,58,-1,46
1,<environment.Job instance at 0x7f934388e280>,23,21,[ 2 11],24,-1,67,-1,46
1,<environment.Job instance at 0x7f93437181e0>,24,23,[14  3],25,-1,69,-1,46
1,<environment.Job instance at 0x7f9343718780>,25,25,[9 2],26,-1,71,-1,46
1,<environment.Job instance at 0x7f93437c1a50>,27,19,[11  1],28,-1,65,-1,46
1,<environment.Job instance at 0x7f934cf40690>,30,23,[ 2 11],31,-1,84,-1,61
1,<environment.Job instance at 0x7f93437c0be0>,32,19,[ 5 14],33,-1,92,-1,73
1,<environment.Job instance at 0x7f93437c0960>,31,27,[1 8],32,-1,102,-1,75
1,<environment.Job instance at 0x7f934cf471e0>,34,27,[11  3],35,-1,102,-1,75
1,<environment.Job instance at 0x7f9343795280>,35,26,[2 6],36,-1,101,-1,75
1,<environment.Job instance at 0x7f934490e0f0>,38,25,[14  2],39,-1,114,-1,89
1,<environment.Job instance at 0x7f934cf2e190>,42,26,[13  5],43,-1,119,-1,93
1,<environment.Job instance at 0x7f934454b410>,43,24,[ 2 10],44,-1,117,-1,93
1,<environment.Job instance at 0x7f93449aaeb0>,45,27,[10  2],46,-1,134,-1,107
1,<environment.Job instance at 0x7f9343892550>,47,27,[7 2],48,-1,134,-1,107
1,<environment.Job instance at 0x7f9344658f50>,48,15,[13  2],49,-1,122,-1,107
1,<environment.Job instance at 0x7f9343b77e10>,49,17,[11  1],50,-1,124,-1,107
1,<environment.Job instance at 0x7f9343b77960>,50,24,[13  2],51,-1,131,-1,107
1,<environment.Job instance at 0x7f934d3e3e60>,52,25,[11  4],53,-1,132,-1,107
1,<environment.Job instance at 0x7f93444e5c30>,55,17,[12  4],56,-1,136,-1,119
1,<environment.Job instance at 0x7f93434c3fa0>,56,12,[13  4],57,-1,131,-1,119
1,<environment.Job instance at 0x7f93434c3dc0>,57,12,[14  3],58,-1,131,-1,119
1,<environment.Job instance at 0x7f9343870b40>,58,15,[ 1 12],59,-1,134,-1,119
1,<environment.Job instance at 0x7f9343a8a5f0>,59,21,[ 5 14],60,-1,140,-1,119
1,<environment.Job instance at 0x7f934d524af0>,60,16,[11  2],61,-1,135,-1,119
1,<environment.Job instance at 0x7f93444e5960>,54,23,[1 6],55,-1,149,-1,126
1,<environment.Job instance at 0x7f93440967d0>,62,22,[ 5 13],63,-1,148,-1,126
1,<environment.Job instance at 0x7f93436168c0>,64,28,[2 9],65,-1,154,-1,126
1,<environment.Job instance at 0x7f93436167d0>,65,25,[7 1],66,-1,160,-1,135
1,<environment.Job instance at 0x7f9343f245f0>,68,20,[ 3 13],69,-1,161,-1,141
1,<environment.Job instance at 0x7f9343f24410>,67,27,[ 5 10],68,-1,171,-1,144
1,<environment.Job instance at 0x7f9343782b40>,70,17,[12  4],71,-1,161,-1,144
1,<environment.Job instance at 0x7f9343e6e280>,71,26,[ 4 10],72,-1,170,-1,144
1,<environment.Job instance at 0x7f9343e6efa0>,72,20,[ 4 11],73,-1,164,-1,144
1,<environment.Job instance at 0x7f9343df7960>,73,14,[ 5 12],74,-1,158,-1,144
1,<environment.Job instance at 0x7f9343e6eaf0>,74,24,[ 5 11],75,-1,168,-1,144
1,<environment.Job instance at 0x7f93440a6c80>,76,18,[11  5],77,-1,162,-1,144
1,<environment.Job instance at 0x7f93440a6a50>,77,12,[ 3 14],78,-1,156,-1,144
1,<environment.Job instance at 0x7f93440a65a0>,78,27,[1 5],79,-1,185,-1,158
1,<environment.Job instance at 0x7f93440a6e60>,79,17,[ 1 11],80,-1,175,-1,158
1,<environment.Job instance at 0x7f9343e6e5f0>,75,25,[7 3],76,-1,183,-1,158
1,<environment.Job instance at 0x7f9343dd5410>,81,17,[ 2 13],82,-1,175,-1,158
1,<environment.Job instance at 0x7f9343dd5500>,82,27,[12  4],83,-1,185,-1,158
1,<environment.Job instance at 0x7f9343e2d7d0>,84,12,[ 1 12],85,-1,170,-1,158
1,<environment.Job instance at 0x7f9343721870>,2,27,[5 1],3,-1,30,-1,3
1,<environment.Job instance at 0x7f9343721eb0>,3,21,[1 6],4,-1,26,-1,5
1,<environment.Job instance at 0x7f9344552370>,4,17,[14  5],5,-1,22,-1,5
1,<environment.Job instance at 0x7f934371f870>,6,16,[4 5],7,-1,23,-1,7
1,<environment.Job instance at 0x7f9343721af0>,7,25,[8 3],8,-1,33,-1,8
1,<environment.Job instance at 0x7f9343745af0>,9,16,[ 5 10],10,-1,27,-1,11
1,<environment.Job instance at 0x7f9343748d70>,11,16,[9 2],12,-1,28,-1,12
1,<environment.Job instance at 0x7f9343748b40>,13,26,[4 7],14,-1,40,-1,14
1,<environment.Job instance at 0x7f9343748730>,14,21,[6 5],15,-1,36,-1,15
1,<environment.Job instance at 0x7f934371f2d0>,10,18,[7 3],11,-1,34,-1,16
1,<environment.Job instance at 0x7f9343b7af50>,18,19,[ 5 10],19,-1,38,-1,19
1,<environment.Job instance at 0x7f93437227d0>,19,15,[7 3],20,-1,36,-1,21
1,<environment.Job instance at 0x7f93437225f0>,21,17,[4 5],22,-1,39,-1,22
1,<environment.Job instance at 0x7f9343722870>,22,28,[9 1],23,-1,51,-1,23
1,<environment.Job instance at 0x7f9343722190>,23,15,[4 9],24,-1,39,-1,24
1,<environment.Job instance at 0x7f9343722e10>,26,28,[ 4 12],27,-1,76,-1,48
1,<environment.Job instance at 0x7f9343722230>,25,17,[12  3],26,-1,72,-1,55
1,<environment.Job instance at 0x7f93441d6230>,33,21,[11  5],34,-1,76,-1,55
1,<environment.Job instance at 0x7f93441fe1e0>,0,24,[11  4],1,-1,25,-1,1
1,<environment.Job instance at 0x7f9343e38af0>,2,27,[5 1],3,-1,30,-1,3
1,<environment.Job instance at 0x7f9344476320>,4,17,[14  5],5,-1,22,-1,5
1,<environment.Job instance at 0x7f9344476a50>,5,25,[6 1],6,-1,31,-1,6
1,<environment.Job instance at 0x7f9343e38910>,7,25,[8 3],8,-1,33,-1,8
1,<environment.Job instance at 0x7f93444210f0>,8,13,[13  1],9,-1,22,-1,9
1,<environment.Job instance at 0x7f93441ab1e0>,12,19,[12  1],13,-1,32,-1,13
1,<environment.Job instance at 0x7f9343ea59b0>,15,18,[ 2 13],16,-1,35,-1,17
1,<environment.Job instance at 0x7f9343ea53c0>,13,26,[4 7],14,-1,51,-1,25
1,<environment.Job instance at 0x7f9343da0960>,24,15,[13  2],25,-1,64,-1,49
1,<environment.Job instance at 0x7f9343e352d0>,25,17,[12  3],26,-1,66,-1,49
1,<environment.Job instance at 0x7f9343e35eb0>,26,28,[ 4 12],27,-1,77,-1,49
1,<environment.Job instance at 0x7f9343e35460>,27,25,[2 6],28,-1,91,-1,66
1,<environment.Job instance at 0x7f9343da0a00>,22,28,[9 1],23,-1,94,-1,66
1,<environment.Job instance at 0x7f9343bcecd0>,33,21,[11  5],34,-1,102,-1,81
1,<environment.Job instance at 0x7f9343bce370>,34,12,[13  2],35,-1,93,-1,81
1,<environment.Job instance at 0x7f9344431e10>,35,13,[ 5 13],36,-1,94,-1,81
1,<environment.Job instance at 0x7f9343bce690>,37,24,[12  2],38,-1,105,-1,81
1,<environment.Job instance at 0x7f9343e7d4b0>,39,23,[8 5],40,-1,118,-1,95
1,<environment.Job instance at 0x7f9343e7ddc0>,40,18,[11  4],41,-1,113,-1,95
1,<environment.Job instance at 0x7f9343e7dc30>,38,27,[5 9],39,-1,123,-1,96
1,<environment.Job instance at 0x7f9343d6e280>,43,25,[4 6],44,-1,121,-1,96
1,<environment.Job instance at 0x7f93448eb690>,45,24,[7 5],46,-1,120,-1,96
1,<environment.Job instance at 0x7f93444ad370>,47,21,[14  1],48,-1,117,-1,96
1,<environment.Job instance at 0x7f9343e2fc80>,48,17,[ 1 13],49,-1,113,-1,96
1,<environment.Job instance at 0x7f9343e2fe10>,49,16,[12  4],50,-1,112,-1,96
1,<environment.Job instance at 0x7f9343e2f5a0>,50,24,[ 4 11],51,-1,120,-1,96
1,<environment.Job instance at 0x7f9343aeb5f0>,55,12,[ 1 14],56,-1,124,-1,112
1,<environment.Job instance at 0x7f9343aeba00>,56,14,[13  4],57,-1,126,-1,112
1,<environment.Job instance at 0x7f9343aeb280>,58,13,[13  3],59,-1,125,-1,112
1,<environment.Job instance at 0x7f9343dbda50>,59,18,[ 3 12],60,-1,130,-1,112
1,<environment.Job instance at 0x7f9343dbdcd0>,60,27,[ 3 14],61,-1,139,-1,112
1,<environment.Job instance at 0x7f934407e370>,62,27,[ 5 13],63,-1,154,-1,127
1,<environment.Job instance at 0x7f9344473c80>,63,25,[13  4],64,-1,152,-1,127
1,<environment.Job instance at 0x7f93444732d0>,64,27,[ 2 14],65,-1,154,-1,127
1,<environment.Job instance at 0x7f9343e2d550>,66,18,[ 4 13],67,-1,151,-1,133
1,<environment.Job instance at 0x7f9343dd5410>,67,12,[ 5 12],68,-1,145,-1,133
1,<environment.Job instance at 0x7f93441d31e0>,2,23,[10  4],3,-1,31,-1,8
1,<environment.Job instance at 0x7f93441d3500>,5,17,[3 6],6,-1,26,-1,9
1,<environment.Job instance at 0x7f93441d3a50>,7,27,[ 5 13],8,-1,36,-1,9
1,<environment.Job instance at 0x7f93441d38c0>,9,21,[12  3],10,-1,33,-1,12
1,<environment.Job instance at 0x7f93441d3870>,6,18,[14  2],7,-1,32,-1,14
1,<environment.Job instance at 0x7f93441d3b90>,4,17,[10  5],5,-1,32,-1,15
1,<environment.Job instance at 0x7f93441d3410>,14,13,[6 5],15,-1,28,-1,15
1,<environment.Job instance at 0x7f93441d3640>,12,16,[ 2 13],13,-1,31,-1,15
1,<environment.Job instance at 0x7f93441d3b40>,10,27,[ 5 12],11,-1,52,-1,25
1,<environment.Job instance at 0x7f93441d35f0>,16,26,[11  5],17,-1,51,-1,25
1,<environment.Job instance at 0x7f9343468b40>,25,23,[9 4],26,-1,72,-1,49
1,<environment.Job instance at 0x7f93434680a0>,28,21,[12  5],29,-1,103,-1,82
1,<environment.Job instance at 0x7f93434680f0>,30,20,[11  5],31,-1,102,-1,82
1,<environment.Job instance at 0x7f9343468730>,20,21,[ 2 14],21,-1,154,-1,133
1,<environment.Job instance at 0x7f93434682d0>,32,18,[9 3],33,-1,151,-1,133
1,<environment.Job instance at 0x7f93437c2af0>,0,24,[11  5],1,-1,25,-1,1
1,<environment.Job instance at 0x7f934d3e43c0>,1,25,[2 7],2,-1,27,-1,2
1,<environment.Job instance at 0x7f93437c24b0>,2,23,[10  4],3,-1,26,-1,3
1,<environment.Job instance at 0x7f93434c3dc0>,3,21,[ 3 14],4,-1,25,-1,4
1,<environment.Job instance at 0x7f9343e35460>,6,18,[14  2],7,-1,25,-1,7
1,<environment.Job instance at 0x7f9343e355f0>,7,27,[ 5 13],8,-1,35,-1,8
1,<environment.Job instance at 0x7f9343e356e0>,9,21,[12  3],10,-1,31,-1,10
1,<environment.Job instance at 0x7f9343e6c910>,10,27,[ 5 12],11,-1,38,-1,11
1,<environment.Job instance at 0x7f9343474f50>,12,16,[ 2 13],13,-1,29,-1,13
1,<environment.Job instance at 0x7f934348e640>,15,13,[14  1],16,-1,29,-1,16
1,<environment.Job instance at 0x7f9344320be0>,16,26,[11  5],17,-1,43,-1,17
1,<environment.Job instance at 0x7f9344079cd0>,17,14,[ 2 13],18,-1,32,-1,18
1,<environment.Job instance at 0x7f934498eaf0>,18,13,[14  5],19,-1,32,-1,19
1,<environment.Job instance at 0x7f9343378460>,19,18,[12  4],20,-1,38,-1,20
1,<environment.Job instance at 0x7f9343b03190>,20,21,[ 2 14],21,-1,42,-1,21
1,<environment.Job instance at 0x7f93441ab7d0>,22,23,[13  4],23,-1,46,-1,23
1,<environment.Job instance at 0x7f9343b923c0>,24,18,[ 1 12],25,-1,43,-1,25
1,<environment.Job instance at 0x7f9344384fa0>,25,23,[9 4],26,-1,58,-1,35
1,<environment.Job instance at 0x7f93441dca00>,26,26,[ 1 10],27,-1,61,-1,35
1,<environment.Job instance at 0x7f9344553780>,27,18,[13  5],28,-1,53,-1,35
1,<environment.Job instance at 0x7f93441c9e60>,28,21,[12  5],29,-1,56,-1,35
1,<environment.Job instance at 0x7f93441c9cd0>,30,20,[11  5],31,-1,55,-1,35
1,<environment.Job instance at 0x7f93441c9320>,31,27,[8 5],32,-1,62,-1,35
1,<environment.Job instance at 0x7f9343e16050>,33,28,[5 7],34,-1,76,-1,48
1,<environment.Job instance at 0x7f9343f7a3c0>,34,12,[ 4 11],35,-1,60,-1,48
1,<environment.Job instance at 0x7f9343fd5910>,35,25,[13  4],36,-1,73,-1,48
1,<environment.Job instance at 0x7f9343587870>,36,21,[ 1 12],37,-1,69,-1,48
1,<environment.Job instance at 0x7f9343fcb8c0>,37,22,[ 4 12],38,-1,70,-1,48
1,<environment.Job instance at 0x7f9343fcbf00>,38,22,[13  5],39,-1,70,-1,48
1,<environment.Job instance at 0x7f93435ee0a0>,39,28,[13  2],40,-1,76,-1,48
1,<environment.Job instance at 0x7f93435ee280>,41,24,[14  3],42,-1,72,-1,48
1,<environment.Job instance at 0x7f9343616870>,42,25,[12  1],43,-1,73,-1,48
1,<environment.Job instance at 0x7f93436168c0>,43,24,[5 8],44,-1,73,-1,49
1,<environment.Job instance at 0x7f9343616190>,44,13,[ 1 13],45,-1,62,-1,49
1,<environment.Job instance at 0x7f9343616910>,45,23,[1 5],46,-1,72,-1,49
1,<environment.Job instance at 0x7f93436164b0>,46,22,[ 5 11],47,-1,71,-1,49
1,<environment.Job instance at 0x7f9343616690>,47,24,[ 5 13],48,-1,73,-1,49
1,<environment.Job instance at 0x7f9343616050>,48,13,[ 1 14],49,-1,62,-1,49
1,<environment.Job instance at 0x7f93447a4050>,49,26,[12  4],50,-1,76,-1,50
1,<environment.Job instance at 0x7f9343616be0>,51,21,[13  2],52,-1,73,-1,52
1,<environment.Job instance at 0x7f9344128230>,52,23,[14  5],53,-1,76,-1,53
1,<environment.Job instance at 0x7f9344128f50>,53,14,[14  2],54,-1,68,-1,54
1,<environment.Job instance at 0x7f934357b2d0>,56,28,[5 4],57,-1,92,-1,64
1,<environment.Job instance at 0x7f934357bd70>,60,18,[ 5 14],61,-1,97,-1,79
1,<environment.Job instance at 0x7f9343cc49b0>,61,17,[ 3 13],62,-1,96,-1,79
1,<environment.Job instance at 0x7f9343cc4730>,62,23,[13  3],63,-1,102,-1,79
1,<environment.Job instance at 0x7f934357b3c0>,63,18,[ 2 12],64,-1,97,-1,79
1,<environment.Job instance at 0x7f93437d0410>,64,28,[11  1],65,-1,107,-1,79
1,<environment.Job instance at 0x7f93437d04b0>,66,12,[13  5],67,-1,100,-1,88
1,<environment.Job instance at 0x7f93437d09b0>,67,20,[ 5 14],68,-1,108,-1,88
1,<environment.Job instance at 0x7f93437d0820>,68,27,[ 2 14],69,-1,115,-1,88
1,<environment.Job instance at 0x7f9343ff0370>,70,15,[ 4 11],71,-1,103,-1,88
1,<environment.Job instance at 0x7f9344793a00>,71,15,[13  5],72,-1,103,-1,88
1,<environment.Job instance at 0x7f9343b697d0>,72,13,[14  4],73,-1,101,-1,88
1,<environment.Job instance at 0x7f9344189050>,73,16,[14  2],74,-1,104,-1,88
1,<environment.Job instance at 0x7f9343674dc0>,74,25,[14  4],75,-1,113,-1,88
1,<environment.Job instance at 0x7f9343b69fa0>,75,19,[13  5],76,-1,107,-1,88
1,<environment.Job instance at 0x7f9343674780>,76,26,[10  2],77,-1,121,-1,95
1,<environment.Job instance at 0x7f9344013aa0>,80,23,[ 3 13],81,-1,128,-1,105
1,<environment.Job instance at 0x7f93436440a0>,81,13,[12  5],82,-1,118,-1,105
1,<environment.Job instance at 0x7f93440133c0>,79,26,[2 9],80,-1,134,-1,108
1,<environment.Job instance at 0x7f9343644820>,85,26,[5 7],86,-1,149,-1,123
1,<environment.Job instance at 0x7f9343644e60>,86,28,[14  1],87,-1,151,-1,123
1,<environment.Job instance at 0x7f9343644910>,87,16,[ 3 12],88,-1,139,-1,123
1,<environment.Job instance at 0x7f9343644640>,88,26,[12  1],89,-1,149,-1,123
1,<environment.Job instance at 0x7f93436445f0>,89,22,[14  5],90,-1,145,-1,123
1,<environment.Job instance at 0x7f9343fba140>,90,18,[12  5],91,-1,141,-1,123
1,<environment.Job instance at 0x7f9343ce5690>,91,14,[13  4],92,-1,137,-1,123
1,<environment.Job instance at 0x7f9343ce5f50>,92,25,[ 1 13],93,-1,148,-1,123
1,<environment.Job instance at 0x7f9343f66aa0>,94,16,[11  5],95,-1,139,-1,123
1,<environment.Job instance at 0x7f9343635e10>,95,25,[2 8],96,-1,161,-1,136
1,<environment.Job instance at 0x7f9343f66410>,97,26,[2 7],98,-1,177,-1,151
1,<environment.Job instance at 0x7f93435a81e0>,99,23,[1 6],100,-1,174,-1,151
1,<environment.Job instance at 0x7f93433aeeb0>,100,26,[13  5],101,-1,177,-1,151
1,<environment.Job instance at 0x7f93436c1910>,101,16,[ 1 13],102,-1,167,-1,151
1,<environment.Job instance at 0x7f93433121e0>,102,25,[4 9],103,-1,176,-1,151
1,<environment.Job instance at 0x7f9343314eb0>,104,14,[13  3],105,-1,165,-1,151
1,<environment.Job instance at 0x7f9343c1dbe0>,105,14,[13  2],106,-1,165,-1,151
1,<environment.Job instance at 0x7f93441d6280>,108,28,[12  3],109,-1,179,-1,151
1,<environment.Job instance at 0x7f93441e3050>,1,24,[4 5],2,-1,26,-1,2
1,<environment.Job instance at 0x7f93441bdbe0>,1,24,[4 5],2,-1,26,-1,2
1,<environment.Job instance at 0x7f93441bddc0>,3,12,[13  3],4,-1,16,-1,4
1,<environment.Job instance at 0x7f93445497d0>,6,14,[11  2],7,-1,21,-1,7
1,<environment.Job instance at 0x7f9344549f00>,7,15,[ 3 14],8,-1,23,-1,8
1,<environment.Job instance at 0x7f9344549c80>,9,27,[13  4],10,-1,37,-1,10
1,<environment.Job instance at 0x7f9343e67d20>,12,15,[ 4 14],13,-1,28,-1,13
1,<environment.Job instance at 0x7f9343311780>,13,12,[ 1 14],14,-1,26,-1,14
1,<environment.Job instance at 0x7f93435e6410>,14,20,[ 1 12],15,-1,35,-1,15
1,<environment.Job instance at 0x7f93435e6aa0>,17,14,[ 4 12],18,-1,32,-1,18
1,<environment.Job instance at 0x7f93435e6730>,19,25,[ 1 14],20,-1,47,-1,22
1,<environment.Job instance at 0x7f93436c1f50>,20,14,[11  5],21,-1,36,-1,22
1,<environment.Job instance at 0x7f93436c1e10>,22,23,[ 4 13],23,-1,52,-1,29
1,<environment.Job instance at 0x7f93436353c0>,23,19,[11  1],24,-1,48,-1,29
1,<environment.Job instance at 0x7f9343ce55a0>,24,26,[11  4],25,-1,55,-1,29
1,<environment.Job instance at 0x7f93441bd6e0>,4,25,[ 5 10],5,-1,60,-1,35
1,<environment.Job instance at 0x7f9343ce5f50>,27,13,[ 3 13],28,-1,48,-1,35
1,<environment.Job instance at 0x7f9343644640>,28,15,[14  4],29,-1,50,-1,35
1,<environment.Job instance at 0x7f9343644c80>,29,18,[ 3 14],30,-1,53,-1,35
1,<environment.Job instance at 0x7f9343644aa0>,30,28,[5 2],31,-1,63,-1,35
1,<environment.Job instance at 0x7f9343644e60>,31,21,[ 4 12],32,-1,56,-1,35
1,<environment.Job instance at 0x7f9343644a00>,33,18,[11  5],34,-1,53,-1,35
1,<environment.Job instance at 0x7f9343ff0d70>,37,21,[11  3],38,-1,70,-1,49
1,<environment.Job instance at 0x7f9343cc4730>,41,14,[11  3],42,-1,71,-1,57
1,<environment.Job instance at 0x7f93437d0820>,39,23,[5 5],40,-1,80,-1,57
1,<environment.Job instance at 0x7f93437d08c0>,43,27,[11  2],44,-1,84,-1,57
1,<environment.Job instance at 0x7f9343eb5230>,46,22,[14  2],47,-1,79,-1,57
1,<environment.Job instance at 0x7f93437d0aa0>,42,28,[2 7],43,-1,90,-1,62
1,<environment.Job instance at 0x7f9343616690>,49,22,[ 2 11],50,-1,89,-1,67
1,<environment.Job instance at 0x7f9344128780>,50,16,[11  5],51,-1,83,-1,67
1,<environment.Job instance at 0x7f93436164b0>,52,24,[13  4],53,-1,100,-1,76
1,<environment.Job instance at 0x7f9343616050>,53,24,[4 7],54,-1,116,-1,92
1,<environment.Job instance at 0x7f93435eec80>,57,14,[13  2],58,-1,110,-1,96
1,<environment.Job instance at 0x7f93435eee60>,59,24,[ 1 14],60,-1,129,-1,105
1,<environment.Job instance at 0x7f9343fcba00>,61,22,[12  4],62,-1,127,-1,105
1,<environment.Job instance at 0x7f9343fcbc80>,60,28,[7 5],61,-1,140,-1,112
1,<environment.Job instance at 0x7f9344384fa0>,63,24,[8 5],64,-1,136,-1,112
1,<environment.Job instance at 0x7f9343fd5910>,64,19,[13  1],65,-1,131,-1,112
1,<environment.Job instance at 0x7f9344079cd0>,65,23,[11  5],66,-1,135,-1,112
1,<environment.Job instance at 0x7f93444205f0>,66,23,[ 2 12],67,-1,135,-1,112
1,<environment.Job instance at 0x7f93441ab7d0>,68,25,[7 3],69,-1,153,-1,128
1,<environment.Job instance at 0x7f9343e6c910>,69,23,[12  5],70,-1,151,-1,128
1,<environment.Job instance at 0x7f9343e352d0>,70,13,[11  2],71,-1,141,-1,128
1,<environment.Job instance at 0x7f9343e35dc0>,71,27,[5 2],72,-1,155,-1,128
1,<environment.Job instance at 0x7f9343a8a230>,73,17,[ 4 13],74,-1,145,-1,128
1,<environment.Job instance at 0x7f934d3e43c0>,75,13,[12  5],76,-1,145,-1,132
1,<environment.Job instance at 0x7f93438b1e60>,76,14,[ 2 12],77,-1,146,-1,132
1,<environment.Job instance at 0x7f9343775780>,79,24,[8 5],80,-1,181,-1,157
1,<environment.Job instance at 0x7f9343e2e910>,80,21,[ 3 11],81,-1,178,-1,157
1,<environment.Job instance at 0x7f93444e51e0>,81,14,[14  1],82,-1,171,-1,157
1,<environment.Job instance at 0x7f934421c320>,0,13,[9 1],1,-1,15,-1,2
1,<environment.Job instance at 0x7f934421c460>,5,12,[3 5],6,-1,18,-1,6
1,<environment.Job instance at 0x7f934421c730>,7,23,[9 5],8,-1,31,-1,8
1,<environment.Job instance at 0x7f934421c370>,8,27,[7 3],9,-1,36,-1,9
1,<environment.Job instance at 0x7f934421ca00>,9,22,[3 9],10,-1,32,-1,10
1,<environment.Job instance at 0x7f934421ce10>,1,27,[ 5 14],2,-1,46,-1,19
1,<environment.Job instance at 0x7f9344187780>,15,22,[10  3],16,-1,41,-1,19
1,<environment.Job instance at 0x7f93441870a0>,17,14,[12  5],18,-1,62,-1,48
1,<environment.Job instance at 0x7f934421c0f0>,4,20,[12  3],5,-1,68,-1,48
1,<environment.Job instance at 0x7f934421ccd0>,12,14,[12  5],13,-1,63,-1,49
1,<environment.Job instance at 0x7f93441878c0>,19,23,[ 5 11],20,-1,72,-1,49
1,<environment.Job instance at 0x7f9344187d70>,22,15,[11  2],23,-1,67,-1,52
1,<environment.Job instance at 0x7f9344187050>,23,17,[ 5 11],24,-1,69,-1,52
1,<environment.Job instance at 0x7f9344187500>,25,18,[ 2 10],26,-1,70,-1,52
1,<environment.Job instance at 0x7f93441875a0>,26,17,[5 5],27,-1,69,-1,52
1,<environment.Job instance at 0x7f93441870f0>,13,22,[14  5],14,-1,74,-1,52
1,<environment.Job instance at 0x7f9344187eb0>,30,15,[13  3],31,-1,131,-1,116
1,<environment.Job instance at 0x7f9343d4f190>,38,27,[10  5],39,-1,144,-1,117
1,<environment.Job instance at 0x7f9343d4f9b0>,39,18,[11  4],40,-1,136,-1,118
1,<environment.Job instance at 0x7f9343d4f6e0>,40,14,[14  4],41,-1,132,-1,118
1,<environment.Job instance at 0x7f9343d4f820>,41,26,[ 5 12],42,-1,144,-1,118
1,<environment.Job instance at 0x7f9343d4f050>,35,25,[ 5 14],36,-1,155,-1,130
1,<environment.Job instance at 0x7f9343d4f280>,34,15,[12  1],35,-1,145,-1,130
1,<environment.Job instance at 0x7f9343d4f5f0>,43,16,[13  4],44,-1,146,-1,130
1,<environment.Job instance at 0x7f9343d4f8c0>,45,16,[ 5 12],46,-1,146,-1,130
1,<environment.Job instance at 0x7f9343d4f7d0>,33,28,[ 5 13],34,-1,158,-1,130
1,<environment.Job instance at 0x7f9343d4f5a0>,44,18,[9 3],45,-1,148,-1,130
1,<environment.Job instance at 0x7f9343d71460>,46,21,[5 6],47,-1,152,-1,131
1,<environment.Job instance at 0x7f9343d71eb0>,51,21,[4 9],52,-1,152,-1,131
1,<environment.Job instance at 0x7f9343943320>,1,27,[ 5 14],2,-1,29,-1,2
1,<environment.Job instance at 0x7f9343d52730>,2,17,[14  2],3,-1,20,-1,3
1,<environment.Job instance at 0x7f9343d52cd0>,3,15,[12  2],4,-1,19,-1,4
1,<environment.Job instance at 0x7f934433bd70>,4,20,[12  3],5,-1,25,-1,5
1,<environment.Job instance at 0x7f9343be9e60>,6,26,[13  3],7,-1,33,-1,7
1,<environment.Job instance at 0x7f93447939b0>,10,13,[13  3],11,-1,24,-1,11
1,<environment.Job instance at 0x7f9343941230>,11,12,[12  5],12,-1,24,-1,12
1,<environment.Job instance at 0x7f9343c0b730>,12,14,[12  5],13,-1,27,-1,13
1,<environment.Job instance at 0x7f9343a8a5f0>,13,22,[14  5],14,-1,36,-1,14
1,<environment.Job instance at 0x7f934cf2d320>,7,23,[9 5],8,-1,41,-1,18
1,<environment.Job instance at 0x7f9343fcb960>,17,14,[12  5],18,-1,32,-1,18
1,<environment.Job instance at 0x7f93433789b0>,8,27,[7 3],9,-1,45,-1,18
1,<environment.Job instance at 0x7f9343fcba00>,18,14,[12  2],19,-1,33,-1,19
1,<environment.Job instance at 0x7f9343616190>,19,23,[ 5 11],20,-1,43,-1,20
1,<environment.Job instance at 0x7f9343fcbc80>,21,14,[ 3 11],22,-1,36,-1,22
1,<environment.Job instance at 0x7f9343616550>,22,15,[11  2],23,-1,38,-1,23
1,<environment.Job instance at 0x7f93436167d0>,23,17,[ 5 11],24,-1,41,-1,24
1,<environment.Job instance at 0x7f9344189050>,30,15,[13  3],31,-1,64,-1,49
1,<environment.Job instance at 0x7f93437d0140>,31,17,[ 1 14],32,-1,66,-1,49
1,<environment.Job instance at 0x7f93437d0820>,33,28,[ 5 13],34,-1,82,-1,54
1,<environment.Job instance at 0x7f93436353c0>,34,15,[12  1],35,-1,69,-1,54
1,<environment.Job instance at 0x7f9344826a50>,35,25,[ 5 14],36,-1,79,-1,54
1,<environment.Job instance at 0x7f93437d0aa0>,29,25,[9 4],30,-1,93,-1,68
1,<environment.Job instance at 0x7f9344187a50>,38,27,[10  5],39,-1,95,-1,68
1,<environment.Job instance at 0x7f9344187a00>,39,18,[11  4],40,-1,86,-1,68
1,<environment.Job instance at 0x7f9343d71500>,40,14,[14  4],41,-1,82,-1,68
1,<environment.Job instance at 0x7f93440c8aa0>,41,26,[ 5 12],42,-1,94,-1,68
1,<environment.Job instance at 0x7f93439ba230>,43,16,[13  4],44,-1,84,-1,68
1,<environment.Job instance at 0x7f934cf33190>,45,16,[ 5 12],46,-1,98,-1,82
1,<environment.Job instance at 0x7f9343ce5690>,37,26,[4 9],38,-1,109,-1,83
1,<environment.Job instance at 0x7f9343d83a00>,48,26,[6 4],49,-1,109,-1,83
1,<environment.Job instance at 0x7f934419afa0>,49,27,[3 5],50,-1,110,-1,83
1,<environment.Job instance at 0x7f934d5993c0>,52,14,[12  4],53,-1,97,-1,83
1,<environment.Job instance at 0x7f9343ed7870>,54,12,[12  1],55,-1,95,-1,83
1,<environment.Job instance at 0x7f9343ec5b40>,55,21,[12  3],56,-1,104,-1,83
1,<environment.Job instance at 0x7f9343ec50a0>,56,12,[ 5 13],57,-1,95,-1,83
1,<environment.Job instance at 0x7f9343ec5280>,57,12,[11  4],58,-1,95,-1,83
1,<environment.Job instance at 0x7f93435eaaf0>,58,15,[ 1 12],59,-1,98,-1,83
1,<environment.Job instance at 0x7f93435eae10>,60,28,[7 1],61,-1,111,-1,83
1,<environment.Job instance at 0x7f93435ea8c0>,61,12,[13  3],62,-1,95,-1,83
1,<environment.Job instance at 0x7f93447e5690>,62,16,[ 3 12],63,-1,99,-1,83
1,<environment.Job instance at 0x7f93447e56e0>,63,22,[ 5 14],64,-1,105,-1,83
1,<environment.Job instance at 0x7f93447e5c80>,64,28,[2 9],65,-1,111,-1,83
1,<environment.Job instance at 0x7f93447e53c0>,65,19,[ 4 14],66,-1,102,-1,83
1,<environment.Job instance at 0x7f93447e5cd0>,66,23,[9 5],67,-1,120,-1,97
1,<environment.Job instance at 0x7f93447e5b90>,68,27,[13  3],69,-1,124,-1,97
1,<environment.Job instance at 0x7f93447e5a50>,69,17,[ 4 12],70,-1,114,-1,97
1,<environment.Job instance at 0x7f93447e5d20>,71,24,[5 4],72,-1,122,-1,98
1,<environment.Job instance at 0x7f93447e5d70>,72,20,[ 1 13],73,-1,118,-1,98
1,<environment.Job instance at 0x7f93446cfd20>,74,27,[ 3 14],75,-1,125,-1,98
1,<environment.Job instance at 0x7f934364af50>,76,27,[3 6],77,-1,141,-1,114
1,<environment.Job instance at 0x7f93435aa410>,79,28,[12  3],80,-1,142,-1,114
1,<environment.Job instance at 0x7f9343e95820>,81,12,[ 3 13],82,-1,138,-1,126
1,<environment.Job instance at 0x7f9343e95d70>,82,17,[14  5],83,-1,143,-1,126
1,<environment.Job instance at 0x7f9344865960>,83,15,[14  2],84,-1,141,-1,126
1,<environment.Job instance at 0x7f9343e95f50>,84,15,[ 1 12],85,-1,141,-1,126
1,<environment.Job instance at 0x7f93435aa5f0>,80,27,[5 2],81,-1,158,-1,131
1,<environment.Job instance at 0x7f9344026b40>,88,12,[ 1 12],89,-1,156,-1,144
1,<environment.Job instance at 0x7f9344865aa0>,91,22,[14  3],92,-1,180,-1,158
1,<environment.Job instance at 0x7f9344371be0>,92,22,[11  5],93,-1,180,-1,158
1,<environment.Job instance at 0x7f93431f6e10>,3,15,[3 9],4,-1,20,-1,5
1,<environment.Job instance at 0x7f9343df2eb0>,4,16,[14  2],5,-1,21,-1,5
1,<environment.Job instance at 0x7f93447e5690>,0,12,[ 3 11],1,-1,13,-1,1
1,<environment.Job instance at 0x7f934389a550>,4,16,[14  2],5,-1,21,-1,5
1,<environment.Job instance at 0x7f934423fd20>,5,23,[ 1 11],6,-1,29,-1,6
1,<environment.Job instance at 0x7f934423fb90>,7,24,[12  4],8,-1,32,-1,8
1,<environment.Job instance at 0x7f934424d460>,8,16,[11  3],9,-1,25,-1,9
1,<environment.Job instance at 0x7f934424dbe0>,9,16,[11  5],10,-1,26,-1,10
1,<environment.Job instance at 0x7f934424deb0>,11,22,[ 4 11],12,-1,34,-1,12
1,<environment.Job instance at 0x7f934424d0f0>,12,18,[ 3 13],13,-1,31,-1,13
1,<environment.Job instance at 0x7f934424ddc0>,13,17,[12  4],14,-1,31,-1,14
1,<environment.Job instance at 0x7f93442475a0>,14,12,[14  4],15,-1,27,-1,15
1,<environment.Job instance at 0x7f9344247d20>,16,22,[ 2 13],17,-1,39,-1,17
1,<environment.Job instance at 0x7f9344247690>,17,12,[ 3 11],18,-1,30,-1,18
1,<environment.Job instance at 0x7f9343588fa0>,19,14,[ 1 12],20,-1,34,-1,20
1,<environment.Job instance at 0x7f9344247500>,20,16,[13  3],21,-1,37,-1,21
1,<environment.Job instance at 0x7f93435883c0>,22,23,[11  1],23,-1,46,-1,23
1,<environment.Job instance at 0x7f9343563dc0>,24,18,[ 1 13],25,-1,43,-1,25
1,<environment.Job instance at 0x7f9343563320>,26,13,[11  3],27,-1,43,-1,30
1,<environment.Job instance at 0x7f93435830a0>,27,28,[7 5],28,-1,58,-1,30
1,<environment.Job instance at 0x7f9343583050>,30,18,[13  1],31,-1,49,-1,31
1,<environment.Job instance at 0x7f9343583a50>,29,27,[9 3],30,-1,59,-1,32
1,<environment.Job instance at 0x7f93435792d0>,32,25,[10  1],33,-1,77,-1,52
1,<environment.Job instance at 0x7f93435797d0>,34,23,[11  1],35,-1,75,-1,52
1,<environment.Job instance at 0x7f9343579e60>,35,20,[13  4],36,-1,72,-1,52
1,<environment.Job instance at 0x7f93442596e0>,36,22,[ 1 11],37,-1,74,-1,52
1,<environment.Job instance at 0x7f9344259870>,37,26,[ 5 12],38,-1,78,-1,52
1,<environment.Job instance at 0x7f9344259820>,38,26,[2 8],39,-1,78,-1,52
1,<environment.Job instance at 0x7f93442773c0>,40,21,[ 1 12],41,-1,73,-1,52
1,<environment.Job instance at 0x7f9344277640>,41,16,[ 2 13],42,-1,68,-1,52
1,<environment.Job instance at 0x7f9344277910>,42,23,[7 1],43,-1,75,-1,52
1,<environment.Job instance at 0x7f9343585500>,43,13,[13  4],44,-1,65,-1,52
1,<environment.Job instance at 0x7f93435853c0>,44,18,[14  3],45,-1,70,-1,52
1,<environment.Job instance at 0x7f934423e5f0>,46,24,[14  5],47,-1,76,-1,52
1,<environment.Job instance at 0x7f934423e640>,47,25,[ 4 12],48,-1,77,-1,52
1,<environment.Job instance at 0x7f934423e7d0>,49,18,[12  3],50,-1,70,-1,52
1,<environment.Job instance at 0x7f93448dd410>,51,18,[ 2 11],52,-1,85,-1,67
1,<environment.Job instance at 0x7f9343472230>,52,13,[11  3],53,-1,80,-1,67
1,<environment.Job instance at 0x7f9343462a00>,53,18,[13  2],54,-1,85,-1,67
1,<environment.Job instance at 0x7f9343562140>,54,28,[7 1],55,-1,95,-1,67
1,<environment.Job instance at 0x7f934360f910>,55,23,[ 5 13],56,-1,90,-1,67
1,<environment.Job instance at 0x7f934360fe10>,56,23,[2 7],57,-1,90,-1,67
1,<environment.Job instance at 0x7f93445c1780>,57,28,[ 1 10],58,-1,95,-1,67
1,<environment.Job instance at 0x7f93445c14b0>,58,25,[ 2 12],59,-1,92,-1,67
1,<environment.Job instance at 0x7f93445c1c30>,59,12,[ 4 14],60,-1,79,-1,67
1,<environment.Job instance at 0x7f9343e5f280>,61,23,[11  2],62,-1,90,-1,67
1,<environment.Job instance at 0x7f93433bbb90>,64,27,[1 7],65,-1,110,-1,83
1,<environment.Job instance at 0x7f934358c500>,65,16,[12  5],66,-1,99,-1,83
1,<environment.Job instance at 0x7f9343a4a0f0>,66,22,[ 3 12],67,-1,105,-1,83
1,<environment.Job instance at 0x7f9343366190>,67,14,[12  4],68,-1,97,-1,83
1,<environment.Job instance at 0x7f9343a43e10>,68,28,[11  3],69,-1,111,-1,83
1,<environment.Job instance at 0x7f9343a43a50>,69,24,[ 5 12],70,-1,107,-1,83
1,<environment.Job instance at 0x7f93445debe0>,70,27,[2 5],71,-1,110,-1,83
1,<environment.Job instance at 0x7f93445de780>,71,13,[ 3 13],72,-1,96,-1,83
1,<environment.Job instance at 0x7f93445de690>,72,23,[14  4],73,-1,106,-1,83
1,<environment.Job instance at 0x7f93445de140>,73,17,[13  5],74,-1,100,-1,83
1,<environment.Job instance at 0x7f93445de1e0>,74,22,[13  1],75,-1,105,-1,83
1,<environment.Job instance at 0x7f93445de280>,75,24,[12  4],76,-1,107,-1,83
1,<environment.Job instance at 0x7f93445dea50>,76,25,[6 3],77,-1,108,-1,83
1,<environment.Job instance at 0x7f93445de0f0>,77,27,[9 5],78,-1,110,-1,83
1,<environment.Job instance at 0x7f93445de730>,78,18,[ 3 11],79,-1,101,-1,83
1,<environment.Job instance at 0x7f93445de320>,79,14,[ 2 13],80,-1,97,-1,83
1,<environment.Job instance at 0x7f93445c1e60>,60,28,[10  3],61,-1,111,-1,83
1,<environment.Job instance at 0x7f93436b16e0>,84,17,[ 4 14],85,-1,114,-1,97
1,<environment.Job instance at 0x7f9344890320>,85,15,[ 2 14],86,-1,112,-1,97
1,<environment.Job instance at 0x7f9343e35500>,81,23,[3 9],82,-1,120,-1,97
1,<environment.Job instance at 0x7f9344255d20>,90,23,[5 9],91,-1,133,-1,110
1,<environment.Job instance at 0x7f9344255fa0>,91,17,[ 2 14],92,-1,127,-1,110
1,<environment.Job instance at 0x7f9344255b40>,92,22,[11  4],93,-1,132,-1,110
1,<environment.Job instance at 0x7f9343966230>,93,28,[11  2],94,-1,138,-1,110
1,<environment.Job instance at 0x7f9343bc8be0>,94,28,[ 4 10],95,-1,138,-1,110
1,<environment.Job instance at 0x7f9344255d70>,95,24,[6 2],96,-1,143,-1,119
1,<environment.Job instance at 0x7f9343724af0>,97,26,[12  4],98,-1,145,-1,119
1,<environment.Job instance at 0x7f93437244b0>,98,13,[12  3],99,-1,132,-1,119
1,<environment.Job instance at 0x7f9343724dc0>,99,16,[ 5 11],100,-1,135,-1,119
1,<environment.Job instance at 0x7f9343897b90>,101,20,[ 1 11],102,-1,139,-1,119
1,<environment.Job instance at 0x7f93438977d0>,104,19,[ 4 11],105,-1,155,-1,136
1,<environment.Job instance at 0x7f9343897cd0>,106,19,[13  2],107,-1,155,-1,136
1,<environment.Job instance at 0x7f93432a80f0>,107,27,[5 9],108,-1,176,-1,149
1,<environment.Job instance at 0x7f93438975a0>,108,24,[ 3 14],109,-1,173,-1,149
1,<environment.Job instance at 0x7f9343897960>,109,24,[3 7],110,-1,173,-1,149
1,<environment.Job instance at 0x7f934d5b51e0>,112,14,[ 5 11],113,-1,163,-1,149
1,<environment.Job instance at 0x7f93446dc280>,1,20,[10  3],2,-1,22,-1,2
1,<environment.Job instance at 0x7f93446dcc80>,2,27,[7 2],3,-1,30,-1,3
1,<environment.Job instance at 0x7f93446dc370>,4,21,[10  1],5,-1,28,-1,7
1,<environment.Job instance at 0x7f93446dca50>,8,18,[ 5 12],9,-1,27,-1,9
1,<environment.Job instance at 0x7f93446dce10>,12,16,[ 5 10],13,-1,68,-1,52
1,<environment.Job instance at 0x7f934426e140>,3,12,[13  2],4,-1,16,-1,4
1,<environment.Job instance at 0x7f934426e3c0>,5,12,[ 2 14],6,-1,18,-1,6
1,<environment.Job instance at 0x7f934426e870>,6,17,[ 1 12],7,-1,24,-1,7
1,<environment.Job instance at 0x7f934426eaf0>,7,22,[13  4],8,-1,30,-1,8
1,<environment.Job instance at 0x7f934426ee60>,8,18,[ 5 12],9,-1,27,-1,9
1,<environment.Job instance at 0x7f9343e5e8c0>,9,25,[12  1],10,-1,35,-1,10
1,<environment.Job instance at 0x7f93448e79b0>,10,26,[12  2],11,-1,37,-1,11
1,<environment.Job instance at 0x7f934d5b51e0>,11,25,[4 8],12,-1,38,-1,13
1,<environment.Job instance at 0x7f9343a2d2d0>,13,12,[13  2],14,-1,26,-1,14
1,<environment.Job instance at 0x7f934426e9b0>,2,27,[7 2],3,-1,49,-1,22
1,<environment.Job instance at 0x7f93438975a0>,18,14,[ 2 13],19,-1,36,-1,22
1,<environment.Job instance at 0x7f9343fe4e10>,15,26,[2 8],16,-1,55,-1,29
1,<environment.Job instance at 0x7f9343897190>,22,27,[ 1 13],23,-1,56,-1,29
1,<environment.Job instance at 0x7f9343897cd0>,23,18,[11  3],24,-1,47,-1,29
1,<environment.Job instance at 0x7f9343fe44b0>,16,23,[4 7],17,-1,52,-1,29
1,<environment.Job instance at 0x7f9343897b40>,25,13,[12  1],26,-1,42,-1,29
1,<environment.Job instance at 0x7f93438975f0>,26,12,[12  5],27,-1,41,-1,29
1,<environment.Job instance at 0x7f9343724dc0>,27,12,[ 3 12],28,-1,41,-1,29
1,<environment.Job instance at 0x7f9344255410>,31,27,[2 7],32,-1,71,-1,44
1,<environment.Job instance at 0x7f9343724af0>,29,23,[4 9],30,-1,68,-1,45
1,<environment.Job instance at 0x7f9344255f00>,34,14,[ 2 11],35,-1,59,-1,45
1,<environment.Job instance at 0x7f9344255050>,35,23,[ 3 14],36,-1,68,-1,45
1,<environment.Job instance at 0x7f93438970f0>,21,23,[8 4],22,-1,78,-1,55
1,<environment.Job instance at 0x7f9344890640>,37,15,[ 2 13],38,-1,70,-1,55
1,<environment.Job instance at 0x7f9343a481e0>,38,27,[11  5],39,-1,82,-1,55
1,<environment.Job instance at 0x7f9343a48690>,39,21,[ 5 13],40,-1,76,-1,55
1,<environment.Job instance at 0x7f9343a59a50>,40,14,[12  4],41,-1,69,-1,55
1,<environment.Job instance at 0x7f93436b1690>,42,28,[14  3],43,-1,83,-1,55
1,<environment.Job instance at 0x7f93445de730>,44,22,[ 5 12],45,-1,81,-1,59
1,<environment.Job instance at 0x7f93445deb40>,45,24,[ 1 14],46,-1,83,-1,59
1,<environment.Job instance at 0x7f93445de7d0>,46,25,[ 1 14],47,-1,84,-1,59
1,<environment.Job instance at 0x7f93445de5f0>,49,21,[14  3],50,-1,92,-1,71
1,<environment.Job instance at 0x7f93445de0a0>,50,17,[11  1],51,-1,88,-1,71
1,<environment.Job instance at 0x7f9343366190>,51,28,[6 4],52,-1,109,-1,81
1,<environment.Job instance at 0x7f9343a4a0f0>,54,17,[ 2 12],55,-1,98,-1,81
1,<environment.Job instance at 0x7f93435dfaa0>,55,28,[5 9],56,-1,111,-1,83
1,<environment.Job instance at 0x7f93433bbb90>,56,26,[11  4],57,-1,109,-1,83
1,<environment.Job instance at 0x7f9343e5f280>,57,14,[ 2 13],58,-1,97,-1,83
1,<environment.Job instance at 0x7f9343fc50a0>,58,25,[11  1],59,-1,108,-1,83
1,<environment.Job instance at 0x7f934358c4b0>,60,25,[ 2 12],61,-1,108,-1,83
1,<environment.Job instance at 0x7f934358c500>,61,14,[12  5],62,-1,97,-1,83
1,<environment.Job instance at 0x7f93445c1780>,63,13,[13  1],64,-1,109,-1,96
1,<environment.Job instance at 0x7f93445c1370>,64,14,[13  3],65,-1,110,-1,96
1,<environment.Job instance at 0x7f93448dd410>,66,25,[ 4 10],67,-1,122,-1,97
1,<environment.Job instance at 0x7f934360fe10>,67,19,[ 5 11],68,-1,116,-1,97
1,<environment.Job instance at 0x7f93435625a0>,68,15,[12  1],69,-1,112,-1,97
1,<environment.Job instance at 0x7f934423ed70>,71,24,[ 2 11],72,-1,121,-1,97
1,<environment.Job instance at 0x7f934423e500>,72,20,[ 1 14],73,-1,117,-1,97
1,<environment.Job instance at 0x7f934423e730>,73,19,[ 3 14],74,-1,116,-1,97
1,<environment.Job instance at 0x7f9344277910>,78,21,[ 1 11],79,-1,147,-1,126
1,<environment.Job instance at 0x7f93442775a0>,79,20,[ 5 13],80,-1,146,-1,126
1,<environment.Job instance at 0x7f93442774b0>,80,27,[ 5 13],81,-1,153,-1,126
1,<environment.Job instance at 0x7f9344259870>,81,15,[ 3 13],82,-1,141,-1,126
1,<environment.Job instance at 0x7f9343579a50>,83,18,[ 2 12],84,-1,145,-1,127
1,<environment.Job instance at 0x7f9343579910>,87,24,[14  3],88,-1,168,-1,144
1,<environment.Job instance at 0x7f9343583a50>,88,24,[2 6],89,-1,181,-1,157
1,<environment.Job instance at 0x7f9343715410>,1,22,[5 4],2,-1,25,-1,3
1,<environment.Job instance at 0x7f934357d5a0>,2,19,[7 5],3,-1,22,-1,3
1,<environment.Job instance at 0x7f9343715730>,5,22,[13  1],6,-1,32,-1,10
1,<environment.Job instance at 0x7f9343715dc0>,3,17,[ 4 10],4,-1,27,-1,10
1,<environment.Job instance at 0x7f9343715b40>,10,20,[9 5],11,-1,41,-1,21
1,<environment.Job instance at 0x7f9343715c80>,13,27,[2 5],14,-1,48,-1,21
1,<environment.Job instance at 0x7f9343715e10>,4,22,[14  1],5,-1,43,-1,21
1,<environment.Job instance at 0x7f9343715d70>,15,21,[11  2],16,-1,44,-1,23
1,<environment.Job instance at 0x7f9343715eb0>,16,26,[ 1 12],17,-1,54,-1,28
1,<environment.Job instance at 0x7f9343715140>,17,25,[ 2 11],18,-1,55,-1,30
1,<environment.Job instance at 0x7f9343715cd0>,6,24,[5 7],7,-1,54,-1,30
1,<environment.Job instance at 0x7f93437153c0>,14,16,[3 6],15,-1,50,-1,34
1,<environment.Job instance at 0x7f9343715320>,12,13,[14  3],13,-1,47,-1,34
1,<environment.Job instance at 0x7f9343715e60>,18,13,[2 8],19,-1,47,-1,34
1,<environment.Job instance at 0x7f9343c3d9b0>,22,16,[14  5],23,-1,51,-1,35
1,<environment.Job instance at 0x7f9343715780>,7,22,[ 2 12],8,-1,57,-1,35
1,<environment.Job instance at 0x7f9343c3dd70>,21,17,[9 2],22,-1,52,-1,35
1,<environment.Job instance at 0x7f9343c3d460>,23,23,[10  3],24,-1,58,-1,35
1,<environment.Job instance at 0x7f9343c3d0a0>,26,25,[5 8],27,-1,60,-1,35
1,<environment.Job instance at 0x7f9343c3d730>,20,15,[5 8],21,-1,50,-1,35
1,<environment.Job instance at 0x7f9343c3df50>,27,15,[6 1],28,-1,50,-1,35
1,<environment.Job instance at 0x7f9343c3d3c0>,24,24,[ 5 11],25,-1,61,-1,37
1,<environment.Job instance at 0x7f934440c320>,33,17,[10  4],34,-1,65,-1,48
1,<environment.Job instance at 0x7f934440cdc0>,34,21,[5 6],35,-1,70,-1,49
1,<environment.Job instance at 0x7f9343c3dfa0>,25,22,[4 9],26,-1,71,-1,49
1,<environment.Job instance at 0x7f934440c8c0>,35,28,[ 3 11],36,-1,77,-1,49
1,<environment.Job instance at 0x7f9343c3dd20>,30,25,[ 1 14],31,-1,74,-1,49
1,<environment.Job instance at 0x7f934440cb40>,37,16,[14  5],38,-1,68,-1,52
1,<environment.Job instance at 0x7f9343c3d230>,31,25,[7 1],32,-1,77,-1,52
1,<environment.Job instance at 0x7f934440cf50>,38,28,[6 3],39,-1,80,-1,52
1,<environment.Job instance at 0x7f9343c3daa0>,32,12,[10  5],33,-1,64,-1,52
1,<environment.Job instance at 0x7f934440c1e0>,42,19,[13  3],43,-1,71,-1,52
1,<environment.Job instance at 0x7f934440caa0>,44,16,[ 2 12],45,-1,68,-1,52
1,<environment.Job instance at 0x7f934440c780>,46,19,[4 7],47,-1,76,-1,57
1,<environment.Job instance at 0x7f934440c0f0>,45,23,[3 9],46,-1,81,-1,58
1,<environment.Job instance at 0x7f934440c190>,48,14,[ 1 11],49,-1,72,-1,58
1,<environment.Job instance at 0x7f934440c6e0>,50,25,[2 8],51,-1,83,-1,58
1,<environment.Job instance at 0x7f934d3bba00>,0,28,[14  2],1,-1,29,-1,1
1,<environment.Job instance at 0x7f934d3bb2d0>,4,22,[14  1],5,-1,27,-1,5
1,<environment.Job instance at 0x7f93443cd460>,5,22,[13  1],6,-1,28,-1,6
1,<environment.Job instance at 0x7f93443cdeb0>,7,22,[ 2 12],8,-1,30,-1,8
1,<environment.Job instance at 0x7f93443cdd70>,6,24,[5 7],7,-1,46,-1,22
1,<environment.Job instance at 0x7f93443cd410>,12,13,[14  3],13,-1,35,-1,22
1,<environment.Job instance at 0x7f93443cd140>,13,27,[2 5],14,-1,49,-1,22
1,<environment.Job instance at 0x7f93443cd960>,9,26,[7 1],10,-1,48,-1,22
1,<environment.Job instance at 0x7f93443cd550>,15,21,[11  2],16,-1,43,-1,22
1,<environment.Job instance at 0x7f93443cd230>,16,26,[ 1 12],17,-1,48,-1,22
1,<environment.Job instance at 0x7f93443cd4b0>,17,25,[ 2 11],18,-1,47,-1,22
1,<environment.Job instance at 0x7f93443cd5f0>,19,19,[14  1],20,-1,41,-1,22
1,<environment.Job instance at 0x7f93443cd3c0>,22,16,[14  5],23,-1,40,-1,24
1,<environment.Job instance at 0x7f93443cdc80>,24,24,[ 5 11],25,-1,49,-1,25
1,<environment.Job instance at 0x7f93446455f0>,26,25,[5 8],27,-1,64,-1,39
1,<environment.Job instance at 0x7f93441d53c0>,29,15,[13  2],30,-1,56,-1,41
1,<environment.Job instance at 0x7f934d44c780>,30,25,[ 1 14],31,-1,66,-1,41
1,<environment.Job instance at 0x7f934cf2d320>,31,25,[7 1],32,-1,79,-1,54
1,<environment.Job instance at 0x7f93443cdb40>,23,23,[10  3],24,-1,78,-1,55
1,<environment.Job instance at 0x7f934424d640>,35,28,[ 3 11],36,-1,83,-1,55
1,<environment.Job instance at 0x7f934424de10>,36,23,[5 1],37,-1,78,-1,55
1,<environment.Job instance at 0x7f934424d460>,37,16,[14  5],38,-1,71,-1,55
1,<environment.Job instance at 0x7f934d5993c0>,38,28,[6 3],39,-1,83,-1,55
1,<environment.Job instance at 0x7f93435883c0>,39,13,[14  3],40,-1,68,-1,55
1,<environment.Job instance at 0x7f934424dbe0>,41,14,[ 2 12],42,-1,69,-1,55
1,<environment.Job instance at 0x7f9343563fa0>,42,19,[13  3],43,-1,74,-1,55
1,<environment.Job instance at 0x7f9343563460>,43,21,[ 3 14],44,-1,76,-1,55
1,<environment.Job instance at 0x7f9343563dc0>,44,16,[ 2 12],45,-1,71,-1,55
1,<environment.Job instance at 0x7f93435830a0>,45,23,[3 9],46,-1,80,-1,57
1,<environment.Job instance at 0x7f9343583a50>,47,25,[ 1 14],48,-1,82,-1,57
1,<environment.Job instance at 0x7f93442380a0>,48,14,[ 1 11],49,-1,71,-1,57
1,<environment.Job instance at 0x7f9343579910>,50,25,[2 8],51,-1,97,-1,72
1,<environment.Job instance at 0x7f9343579e60>,53,16,[13  2],54,-1,88,-1,72
1,<environment.Job instance at 0x7f93435792d0>,55,12,[ 3 11],56,-1,84,-1,72
1,<environment.Job instance at 0x7f9344277550>,56,13,[11  3],57,-1,85,-1,72
1,<environment.Job instance at 0x7f9343585f50>,60,25,[ 1 13],61,-1,127,-1,102
1,<environment.Job instance at 0x7f9343585e10>,61,22,[14  2],62,-1,124,-1,102
1,<environment.Job instance at 0x7f934360fe10>,63,17,[ 5 11],64,-1,119,-1,102
1,<environment.Job instance at 0x7f93448dd410>,64,20,[ 5 11],65,-1,122,-1,102
1,<environment.Job instance at 0x7f9343462a00>,65,21,[13  4],66,-1,123,-1,102
1,<environment.Job instance at 0x7f934348b7d0>,66,25,[12  4],67,-1,127,-1,102
1,<environment.Job instance at 0x7f9343585640>,62,24,[7 4],63,-1,139,-1,115
1,<environment.Job instance at 0x7f934423e640>,68,12,[13  4],69,-1,127,-1,115
1,<environment.Job instance at 0x7f93445c1b90>,69,21,[ 4 12],70,-1,136,-1,115
1,<environment.Job instance at 0x7f93445c1370>,70,13,[ 2 12],71,-1,128,-1,115
1,<environment.Job instance at 0x7f934358c4b0>,72,21,[12  5],73,-1,136,-1,115
1,<environment.Job instance at 0x7f934358c190>,73,21,[ 5 11],74,-1,136,-1,115
1,<environment.Job instance at 0x7f93445c1960>,71,25,[3 8],72,-1,145,-1,120
1,<environment.Job instance at 0x7f9343e5f280>,75,21,[12  4],76,-1,141,-1,120
1,<environment.Job instance at 0x7f93433bbb90>,76,18,[12  3],77,-1,138,-1,120
1,<environment.Job instance at 0x7f9343a43370>,78,12,[11  5],79,-1,132,-1,120
1,<environment.Job instance at 0x7f93445dea00>,80,26,[5 7],81,-1,160,-1,134
1,<environment.Job instance at 0x7f93445defa0>,81,16,[ 2 14],82,-1,150,-1,134
1,<environment.Job instance at 0x7f93445de550>,82,12,[ 5 13],83,-1,146,-1,134
1,<environment.Job instance at 0x7f93445de280>,85,18,[12  1],86,-1,161,-1,143
1,<environment.Job instance at 0x7f93445debe0>,86,27,[13  3],87,-1,170,-1,143
1,<environment.Job instance at 0x7f93443844b0>,5,27,[6 2],6,-1,34,-1,7
1,<environment.Job instance at 0x7f9344565c80>,0,24,[1 9],1,-1,25,-1,1
1,<environment.Job instance at 0x7f9344565be0>,1,19,[13  2],2,-1,21,-1,2
1,<environment.Job instance at 0x7f9344565b90>,2,20,[11  2],3,-1,23,-1,3
1,<environment.Job instance at 0x7f9344565cd0>,3,12,[ 4 12],4,-1,16,-1,4
1,<environment.Job instance at 0x7f9344565550>,4,15,[14  2],5,-1,20,-1,5
1,<environment.Job instance at 0x7f93445654b0>,5,27,[6 2],6,-1,33,-1,6
1,<environment.Job instance at 0x7f934454b410>,6,20,[ 5 11],7,-1,27,-1,7
1,<environment.Job instance at 0x7f934454be10>,7,12,[12  2],8,-1,20,-1,8
1,<environment.Job instance at 0x7f93440090a0>,9,26,[4 6],10,-1,36,-1,10
1,<environment.Job instance at 0x7f934454b6e0>,10,24,[5 3],11,-1,35,-1,11
1,<environment.Job instance at 0x7f9344702b90>,11,13,[13  3],12,-1,25,-1,12
1,<environment.Job instance at 0x7f9344572500>,12,13,[11  1],13,-1,26,-1,13
1,<environment.Job instance at 0x7f9344572960>,13,23,[12  2],14,-1,37,-1,14
1,<environment.Job instance at 0x7f934454baf0>,14,12,[12  1],15,-1,27,-1,15
1,<environment.Job instance at 0x7f934456c230>,15,17,[12  5],16,-1,33,-1,16
1,<environment.Job instance at 0x7f934455d870>,19,25,[14  3],20,-1,45,-1,20
1,<environment.Job instance at 0x7f9344572c30>,18,25,[6 4],19,-1,48,-1,23
1,<environment.Job instance at 0x7f934455d410>,20,27,[8 1],21,-1,50,-1,23
1,<environment.Job instance at 0x7f934455d280>,21,27,[7 5],22,-1,50,-1,23
1,<environment.Job instance at 0x7f934454aeb0>,22,20,[ 3 12],23,-1,43,-1,23
1,<environment.Job instance at 0x7f934454ac80>,23,28,[1 8],24,-1,52,-1,24
1,<environment.Job instance at 0x7f934454ae60>,24,23,[13  1],25,-1,48,-1,25
1,<environment.Job instance at 0x7f93445716e0>,26,20,[ 5 14],27,-1,47,-1,27
1,<environment.Job instance at 0x7f934454a280>,27,17,[ 4 12],28,-1,45,-1,28
1,<environment.Job instance at 0x7f93442d6190>,28,14,[12  3],29,-1,43,-1,29
1,<environment.Job instance at 0x7f93442d6870>,29,28,[ 5 12],30,-1,58,-1,30
1,<environment.Job instance at 0x7f93442d6aa0>,31,16,[ 4 12],32,-1,48,-1,32
1,<environment.Job instance at 0x7f93442d6dc0>,32,13,[ 1 12],33,-1,46,-1,33
1,<environment.Job instance at 0x7f93442d6be0>,34,17,[12  3],35,-1,52,-1,35
1,<environment.Job instance at 0x7f934300aa50>,35,12,[11  2],36,-1,48,-1,36
1,<environment.Job instance at 0x7f9343efc4b0>,40,27,[ 4 10],41,-1,78,-1,51
1,<environment.Job instance at 0x7f93442d67d0>,33,26,[4 9],34,-1,77,-1,51
1,<environment.Job instance at 0x7f9343efcdc0>,42,19,[ 1 11],43,-1,70,-1,51
1,<environment.Job instance at 0x7f9343efc820>,43,26,[5 3],44,-1,77,-1,51
1,<environment.Job instance at 0x7f93438c04b0>,44,27,[12  1],45,-1,78,-1,51
1,<environment.Job instance at 0x7f9343efcfa0>,45,19,[14  2],46,-1,70,-1,51
1,<environment.Job instance at 0x7f93432393c0>,46,13,[11  3],47,-1,64,-1,51
1,<environment.Job instance at 0x7f9343a75f00>,47,20,[14  5],48,-1,71,-1,51
1,<environment.Job instance at 0x7f9343a75230>,48,24,[1 7],49,-1,75,-1,51
1,<environment.Job instance at 0x7f93442bc8c0>,50,26,[12  5],51,-1,77,-1,51
1,<environment.Job instance at 0x7f9343efcf00>,41,27,[9 3],42,-1,81,-1,54
1,<environment.Job instance at 0x7f93442bc4b0>,51,12,[ 5 13],52,-1,66,-1,54
1,<environment.Job instance at 0x7f93442bce10>,52,28,[13  2],53,-1,82,-1,54
1,<environment.Job instance at 0x7f9344411370>,53,14,[ 2 13],54,-1,68,-1,54
1,<environment.Job instance at 0x7f9343237960>,54,28,[ 5 14],55,-1,83,-1,55
1,<environment.Job instance at 0x7f9343f221e0>,59,26,[ 5 12],60,-1,104,-1,78
1,<environment.Job instance at 0x7f9343f22460>,60,26,[10  2],61,-1,104,-1,78
1,<environment.Job instance at 0x7f9343f03cd0>,61,15,[11  1],62,-1,93,-1,78
1,<environment.Job instance at 0x7f9343f03c80>,62,21,[13  4],63,-1,99,-1,78
1,<environment.Job instance at 0x7f934400c280>,63,20,[ 2 11],64,-1,98,-1,78
1,<environment.Job instance at 0x7f9343f070a0>,66,15,[11  1],67,-1,94,-1,79
1,<environment.Job instance at 0x7f9343f07d20>,67,27,[ 1 11],68,-1,106,-1,79
1,<environment.Job instance at 0x7f9343f07550>,70,14,[ 4 11],71,-1,106,-1,92
1,<environment.Job instance at 0x7f9343f07a50>,71,13,[14  1],72,-1,105,-1,92
1,<environment.Job instance at 0x7f9343f072d0>,68,27,[ 1 10],69,-1,124,-1,97
1,<environment.Job instance at 0x7f93448acf50>,78,28,[4 8],79,-1,137,-1,109
1,<environment.Job instance at 0x7f934455afa0>,79,28,[1 5],80,-1,137,-1,109
1,<environment.Job instance at 0x7f934455af00>,77,26,[2 5],78,-1,135,-1,109
1,<environment.Job instance at 0x7f9344442460>,82,22,[ 2 12],83,-1,131,-1,109
1,<environment.Job instance at 0x7f9343ef6690>,84,20,[ 4 13],85,-1,135,-1,115
1,<environment.Job instance at 0x7f9343ef6be0>,85,19,[11  2],86,-1,134,-1,115
1,<environment.Job instance at 0x7f93442e3050>,87,13,[12  3],88,-1,128,-1,115
1,<environment.Job instance at 0x7f93442e1410>,88,19,[ 2 11],89,-1,134,-1,115
1,<environment.Job instance at 0x7f93442e1320>,89,17,[ 5 14],90,-1,132,-1,115
1,<environment.Job instance at 0x7f93442e3190>,86,26,[ 3 10],87,-1,151,-1,125
1,<environment.Job instance at 0x7f93442c2f50>,92,15,[14  1],93,-1,140,-1,125
1,<environment.Job instance at 0x7f934455ae60>,80,27,[9 5],81,-1,157,-1,130
1,<environment.Job instance at 0x7f9342ff0870>,94,28,[1 5],95,-1,158,-1,130
1,<environment.Job instance at 0x7f93448c3cd0>,95,24,[ 3 13],96,-1,154,-1,130
1,<environment.Job instance at 0x7f93442c2d70>,93,25,[5 6],94,-1,155,-1,130
1,<environment.Job instance at 0x7f9342ff77d0>,97,24,[14  5],98,-1,154,-1,130
1,<environment.Job instance at 0x7f93442c4a50>,98,25,[7 4],99,-1,155,-1,130
1,<environment.Job instance at 0x7f93442c4af0>,99,27,[ 1 11],100,-1,157,-1,130
1,<environment.Job instance at 0x7f934473eaf0>,90,25,[9 1],91,-1,156,-1,131
1,<environment.Job instance at 0x7f934456d910>,101,23,[9 5],102,-1,154,-1,131
1,<environment.Job instance at 0x7f934456d500>,102,23,[ 5 14],103,-1,154,-1,131
1,<environment.Job instance at 0x7f934456d690>,103,16,[ 2 13],104,-1,147,-1,131
1,<environment.Job instance at 0x7f934456d7d0>,105,12,[13  4],106,-1,144,-1,132
1,<environment.Job instance at 0x7f934456d4b0>,106,12,[ 3 14],107,-1,144,-1,132
1,<environment.Job instance at 0x7f9344527e60>,109,20,[11  2],110,-1,164,-1,144
1,<environment.Job instance at 0x7f9344520cd0>,110,13,[ 1 13],111,-1,157,-1,144
1,<environment.Job instance at 0x7f9344539190>,113,13,[12  1],114,-1,170,-1,157
1,<environment.Job instance at 0x7f934326f370>,4,18,[3 8],5,-1,24,-1,6
1,<environment.Job instance at 0x7f934374dd70>,16,26,[13  2],17,-1,53,-1,27
1,<environment.Job instance at 0x7f934374d8c0>,17,17,[9 2],18,-1,51,-1,34
1,<environment.Job instance at 0x7f934374df50>,14,17,[7 1],15,-1,51,-1,34
1,<environment.Job instance at 0x7f934374d5a0>,7,22,[ 2 11],8,-1,56,-1,34
1,<environment.Job instance at 0x7f934374d820>,21,20,[ 4 11],22,-1,54,-1,34
1,<environment.Job instance at 0x7f934374d870>,19,18,[1 6],20,-1,55,-1,37
1,<environment.Job instance at 0x7f934374dfa0>,18,20,[14  5],19,-1,58,-1,38
1,<environment.Job instance at 0x7f934374d730>,23,20,[14  2],24,-1,58,-1,38
1,<environment.Job instance at 0x7f934374d5f0>,24,25,[8 5],25,-1,64,-1,39
1,<environment.Job instance at 0x7f934374d640>,26,27,[13  5],27,-1,66,-1,39
1,<environment.Job instance at 0x7f934374d780>,25,25,[11  3],26,-1,64,-1,39
1,<environment.Job instance at 0x7f934326f7d0>,2,26,[11  1],3,-1,65,-1,39
1,<environment.Job instance at 0x7f934374da00>,6,24,[8 1],7,-1,63,-1,39
1,<environment.Job instance at 0x7f9343726190>,28,14,[ 4 13],29,-1,53,-1,39
1,<environment.Job instance at 0x7f9343726280>,29,18,[ 3 14],30,-1,57,-1,39
1,<environment.Job instance at 0x7f93437267d0>,30,26,[14  5],31,-1,66,-1,40
1,<environment.Job instance at 0x7f9343726460>,27,22,[10  4],28,-1,62,-1,40
1,<environment.Job instance at 0x7f9343726230>,32,15,[11  5],33,-1,55,-1,40
1,<environment.Job instance at 0x7f934374de10>,20,17,[13  3],21,-1,57,-1,40
1,<environment.Job instance at 0x7f9343726f50>,34,28,[4 9],35,-1,70,-1,42
1,<environment.Job instance at 0x7f9343726eb0>,35,25,[11  1],36,-1,67,-1,42
1,<environment.Job instance at 0x7f934374d6e0>,22,16,[4 6],23,-1,58,-1,42
1,<environment.Job instance at 0x7f9343726a00>,36,20,[ 1 13],37,-1,63,-1,43
1,<environment.Job instance at 0x7f9343726be0>,40,27,[ 1 12],41,-1,70,-1,43
1,<environment.Job instance at 0x7f9343726e10>,33,23,[ 3 11],34,-1,66,-1,43
1,<environment.Job instance at 0x7f93437265f0>,37,18,[ 3 13],38,-1,62,-1,44
1,<environment.Job instance at 0x7f9343726690>,42,22,[1 6],43,-1,67,-1,45
1,<environment.Job instance at 0x7f9343726370>,41,16,[4 8],42,-1,61,-1,45
1,<environment.Job instance at 0x7f9343726640>,39,15,[5 9],40,-1,60,-1,45
1,<environment.Job instance at 0x7f9343726b90>,46,15,[ 5 10],47,-1,66,-1,51
1,<environment.Job instance at 0x7f934451c8c0>,0,14,[ 1 13],1,-1,15,-1,1
1,<environment.Job instance at 0x7f934452e820>,1,13,[ 5 14],2,-1,15,-1,2
1,<environment.Job instance at 0x7f934452ecd0>,2,26,[11  1],3,-1,29,-1,3
1,<environment.Job instance at 0x7f934451c9b0>,3,24,[12  2],4,-1,28,-1,4
1,<environment.Job instance at 0x7f9343e5f140>,6,24,[8 1],7,-1,31,-1,7
1,<environment.Job instance at 0x7f934442cb40>,7,22,[ 2 11],8,-1,30,-1,8
1,<environment.Job instance at 0x7f9343ff0550>,12,14,[11  1],13,-1,27,-1,13
1,<environment.Job instance at 0x7f93431d4320>,8,25,[8 3],9,-1,48,-1,23
1,<environment.Job instance at 0x7f9343a75f00>,13,24,[8 5],14,-1,47,-1,23
1,<environment.Job instance at 0x7f9343a75960>,15,12,[ 4 12],16,-1,35,-1,23
1,<environment.Job instance at 0x7f9343a751e0>,16,26,[13  2],17,-1,49,-1,23
1,<environment.Job instance at 0x7f9343dd08c0>,18,20,[14  5],19,-1,43,-1,23
1,<environment.Job instance at 0x7f93448ed370>,20,17,[13  3],21,-1,40,-1,23
1,<environment.Job instance at 0x7f9343f7a780>,21,20,[ 4 11],22,-1,43,-1,23
1,<environment.Job instance at 0x7f9343dfc9b0>,23,20,[14  2],24,-1,48,-1,28
1,<environment.Job instance at 0x7f9343ff5f50>,25,25,[11  3],26,-1,60,-1,35
1,<environment.Job instance at 0x7f934384d8c0>,26,27,[13  5],27,-1,62,-1,35
1,<environment.Job instance at 0x7f93447d37d0>,28,14,[ 4 13],29,-1,52,-1,38
1,<environment.Job instance at 0x7f93439e8be0>,29,18,[ 3 14],30,-1,56,-1,38
1,<environment.Job instance at 0x7f93445a47d0>,30,26,[14  5],31,-1,64,-1,38
1,<environment.Job instance at 0x7f9344940d20>,32,15,[11  5],33,-1,59,-1,44
1,<environment.Job instance at 0x7f934383f190>,33,23,[ 3 11],34,-1,67,-1,44
1,<environment.Job instance at 0x7f9343e21f00>,35,25,[11  1],36,-1,77,-1,52
1,<environment.Job instance at 0x7f9343a795f0>,36,20,[ 1 13],37,-1,72,-1,52
1,<environment.Job instance at 0x7f9343a79c80>,37,18,[ 3 13],38,-1,70,-1,52
1,<environment.Job instance at 0x7f93448ed7d0>,24,25,[8 5],25,-1,81,-1,56
1,<environment.Job instance at 0x7f9343e23cd0>,40,27,[ 1 12],41,-1,83,-1,56
1,<environment.Job instance at 0x7f934448ef00>,34,28,[4 9],35,-1,84,-1,56
1,<environment.Job instance at 0x7f93446584b0>,43,14,[ 3 13],44,-1,70,-1,56
1,<environment.Job instance at 0x7f93439bacd0>,45,27,[ 4 11],46,-1,83,-1,56
1,<environment.Job instance at 0x7f9343dfec30>,48,18,[13  2],49,-1,74,-1,56
1,<environment.Job instance at 0x7f934384ee60>,49,24,[11  3],50,-1,80,-1,56
1,<environment.Job instance at 0x7f9343e2bc80>,51,12,[ 5 12],52,-1,81,-1,69
1,<environment.Job instance at 0x7f93444508c0>,52,28,[4 5],53,-1,98,-1,70
1,<environment.Job instance at 0x7f9343833eb0>,54,28,[9 1],55,-1,114,-1,86
1,<environment.Job instance at 0x7f93438337d0>,55,28,[5 5],56,-1,114,-1,86
1,<environment.Job instance at 0x7f9343858960>,58,24,[5 3],59,-1,120,-1,96
1,<environment.Job instance at 0x7f9343a60c80>,61,19,[12  3],62,-1,115,-1,96
1,<environment.Job instance at 0x7f9343a60870>,62,25,[2 6],63,-1,124,-1,99
1,<environment.Job instance at 0x7f9343a60730>,63,15,[11  2],64,-1,114,-1,99
1,<environment.Job instance at 0x7f9344010e10>,64,25,[10  3],65,-1,133,-1,108
1,<environment.Job instance at 0x7f9344010d70>,65,28,[4 6],66,-1,136,-1,108
1,<environment.Job instance at 0x7f9343ff95a0>,67,18,[11  5],68,-1,126,-1,108
1,<environment.Job instance at 0x7f9343834c80>,69,17,[ 3 14],70,-1,125,-1,108
1,<environment.Job instance at 0x7f9343ff9d70>,68,23,[ 1 10],69,-1,137,-1,114
1,<environment.Job instance at 0x7f9343e12eb0>,71,28,[4 7],72,-1,142,-1,114
1,<environment.Job instance at 0x7f9344033fa0>,73,24,[11  4],74,-1,138,-1,114
1,<environment.Job instance at 0x7f9344033910>,74,21,[13  3],75,-1,135,-1,114
1,<environment.Job instance at 0x7f9343242e60>,75,14,[12  3],76,-1,128,-1,114
1,<environment.Job instance at 0x7f93443746e0>,77,24,[11  4],78,-1,146,-1,122
1,<environment.Job instance at 0x7f9343d3b0f0>,80,16,[ 1 12],81,-1,156,-1,140
1,<environment.Job instance at 0x7f9343d3baf0>,82,12,[ 2 12],83,-1,153,-1,141
1,<environment.Job instance at 0x7f9343e271e0>,85,16,[13  1],86,-1,173,-1,157
1,<environment.Job instance at 0x7f9343e27b90>,87,17,[ 3 14],88,-1,174,-1,157
1,<environment.Job instance at 0x7f93443728c0>,88,16,[12  1],89,-1,173,-1,157
1,<environment.Job instance at 0x7f9343818e10>,0,27,[ 4 12],1,-1,28,-1,1
1,<environment.Job instance at 0x7f93441dd690>,1,16,[11  1],2,-1,18,-1,2
1,<environment.Job instance at 0x7f93441dd050>,2,27,[5 6],3,-1,30,-1,3
1,<environment.Job instance at 0x7f93441dd0a0>,3,25,[13  1],4,-1,29,-1,4
1,<environment.Job instance at 0x7f93441dde10>,4,23,[ 1 10],5,-1,28,-1,5
1,<environment.Job instance at 0x7f9344296410>,5,19,[12  1],6,-1,25,-1,6
1,<environment.Job instance at 0x7f93442962d0>,6,22,[ 2 12],7,-1,29,-1,7
1,<environment.Job instance at 0x7f9343818af0>,8,20,[12  3],9,-1,29,-1,9
1,<environment.Job instance at 0x7f9343e20410>,9,17,[14  4],10,-1,27,-1,10
1,<environment.Job instance at 0x7f9344947d70>,10,17,[12  2],11,-1,28,-1,11
1,<environment.Job instance at 0x7f9344947550>,11,17,[ 2 13],12,-1,29,-1,12
1,<environment.Job instance at 0x7f934365ce10>,13,26,[ 3 14],14,-1,40,-1,14
1,<environment.Job instance at 0x7f934365cc30>,14,17,[ 3 11],15,-1,32,-1,15
1,<environment.Job instance at 0x7f934410cb90>,15,26,[ 1 11],16,-1,42,-1,16
1,<environment.Job instance at 0x7f93442968c0>,17,18,[11  2],18,-1,36,-1,18
1,<environment.Job instance at 0x7f934410c6e0>,18,21,[ 5 12],19,-1,40,-1,19
1,<environment.Job instance at 0x7f9343d4bb40>,21,28,[13  4],22,-1,50,-1,22
1,<environment.Job instance at 0x7f93448c6730>,22,15,[ 4 13],23,-1,38,-1,23
1,<environment.Job instance at 0x7f9343179aa0>,23,28,[11  2],24,-1,52,-1,24
1,<environment.Job instance at 0x7f93448c6c30>,24,12,[ 3 12],25,-1,37,-1,25
1,<environment.Job instance at 0x7f9343179d20>,25,24,[7 1],26,-1,52,-1,28
1,<environment.Job instance at 0x7f934416d5f0>,27,24,[6 2],28,-1,52,-1,28
1,<environment.Job instance at 0x7f934416da00>,30,15,[ 4 12],31,-1,46,-1,31
1,<environment.Job instance at 0x7f934416d0a0>,31,25,[11  3],32,-1,57,-1,32
1,<environment.Job instance at 0x7f934416db40>,28,23,[7 4],29,-1,57,-1,34
1,<environment.Job instance at 0x7f934416deb0>,32,28,[5 3],33,-1,62,-1,34
1,<environment.Job instance at 0x7f934416d6e0>,35,12,[ 3 13],36,-1,48,-1,36
1,<environment.Job instance at 0x7f9343d3b4b0>,36,27,[ 4 12],37,-1,64,-1,37
1,<environment.Job instance at 0x7f9343d3b140>,38,21,[ 2 11],39,-1,60,-1,39
1,<environment.Job instance at 0x7f934416d730>,29,23,[2 8],30,-1,64,-1,41
1,<environment.Job instance at 0x7f9343242320>,40,17,[ 4 13],41,-1,58,-1,41
1,<environment.Job instance at 0x7f93444508c0>,41,17,[ 1 14],42,-1,59,-1,42
1,<environment.Job instance at 0x7f9344450190>,42,13,[13  1],43,-1,56,-1,43
1,<environment.Job instance at 0x7f9343834c80>,44,13,[11  2],45,-1,58,-1,45
1,<environment.Job instance at 0x7f9343e2b6e0>,45,16,[13  4],46,-1,62,-1,46
1,<environment.Job instance at 0x7f9343e2b500>,46,25,[ 1 12],47,-1,72,-1,47
1,<environment.Job instance at 0x7f9343dfed20>,47,19,[14  2],48,-1,67,-1,48
1,<environment.Job instance at 0x7f9343e2b640>,48,18,[11  2],49,-1,67,-1,49
1,<environment.Job instance at 0x7f93439baf50>,49,27,[ 2 11],50,-1,77,-1,50
1,<environment.Job instance at 0x7f9343e23cd0>,50,21,[ 5 12],51,-1,72,-1,51
1,<environment.Job instance at 0x7f9343e2bfa0>,51,27,[5 9],52,-1,80,-1,53
1,<environment.Job instance at 0x7f93446587d0>,52,24,[ 2 12],53,-1,77,-1,53
1,<environment.Job instance at 0x7f9343239c30>,53,27,[ 2 11],54,-1,81,-1,54
1,<environment.Job instance at 0x7f93432390f0>,54,20,[12  2],55,-1,75,-1,55
1,<environment.Job instance at 0x7f934383f190>,55,26,[6 1],56,-1,90,-1,64
1,<environment.Job instance at 0x7f93432396e0>,58,26,[1 6],59,-1,90,-1,64
1,<environment.Job instance at 0x7f93439e84b0>,59,27,[12  5],60,-1,91,-1,64
1,<environment.Job instance at 0x7f934416d640>,34,24,[10  4],35,-1,88,-1,64
1,<environment.Job instance at 0x7f93432429b0>,39,23,[9 2],40,-1,87,-1,64
1,<environment.Job instance at 0x7f9343f7a780>,64,18,[ 1 11],65,-1,83,-1,65
1,<environment.Job instance at 0x7f9343ff0550>,65,27,[11  1],66,-1,93,-1,66
1,<environment.Job instance at 0x7f9343c02460>,66,16,[ 1 14],67,-1,83,-1,67
1,<environment.Job instance at 0x7f93448ed370>,68,17,[12  2],69,-1,86,-1,69
1,<environment.Job instance at 0x7f9343a751e0>,69,13,[ 2 12],70,-1,83,-1,70
1,<environment.Job instance at 0x7f934443b8c0>,70,17,[ 1 13],71,-1,88,-1,71
1,<environment.Job instance at 0x7f9368b8df00>,71,25,[12  5],72,-1,97,-1,72
1,<environment.Job instance at 0x7f934315dd70>,74,25,[5 5],75,-1,101,-1,76
1,<environment.Job instance at 0x7f9343a75f00>,75,13,[ 4 14],76,-1,89,-1,76
1,<environment.Job instance at 0x7f9343e5f140>,76,18,[ 4 13],77,-1,95,-1,77
1,<environment.Job instance at 0x7f934452ecd0>,77,20,[ 2 11],78,-1,98,-1,78
1,<environment.Job instance at 0x7f934451c8c0>,79,16,[ 1 13],80,-1,96,-1,80
1,<environment.Job instance at 0x7f934452e230>,81,12,[ 3 11],82,-1,94,-1,82
1,<environment.Job instance at 0x7f934452ed70>,82,26,[ 2 14],83,-1,109,-1,83
1,<environment.Job instance at 0x7f9344147280>,85,21,[11  3],86,-1,109,-1,88
1,<environment.Job instance at 0x7f9344147e60>,86,13,[14  1],87,-1,101,-1,88
1,<environment.Job instance at 0x7f9344147af0>,87,13,[14  1],88,-1,101,-1,88
1,<environment.Job instance at 0x7f9344147820>,88,18,[ 2 14],89,-1,107,-1,89
1,<environment.Job instance at 0x7f9343fee050>,90,17,[ 2 14],91,-1,108,-1,91
1,<environment.Job instance at 0x7f9343fee280>,94,15,[ 2 12],95,-1,132,-1,117
1,<environment.Job instance at 0x7f9343feec30>,95,25,[ 3 10],96,-1,157,-1,132
1,<environment.Job instance at 0x7f9343fee0f0>,97,21,[13  1],98,-1,153,-1,132
1,<environment.Job instance at 0x7f9343fee910>,98,19,[12  2],99,-1,151,-1,132
1,<environment.Job instance at 0x7f9343fee780>,100,25,[12  1],101,-1,157,-1,132
1,<environment.Job instance at 0x7f9343fee870>,101,19,[ 1 11],102,-1,151,-1,132
1,<environment.Job instance at 0x7f9343feefa0>,103,12,[ 4 11],104,-1,150,-1,138
1,<environment.Job instance at 0x7f9343fee730>,104,15,[14  4],105,-1,153,-1,138
1,<environment.Job instance at 0x7f9343feee60>,105,26,[ 1 11],106,-1,164,-1,138
1,<environment.Job instance at 0x7f93439caaa0>,107,24,[11  5],108,-1,163,-1,139
1,<environment.Job instance at 0x7f93439cab90>,110,14,[ 3 11],111,-1,169,-1,155
1,<environment.Job instance at 0x7f934334ce60>,111,17,[13  5],112,-1,172,-1,155
1,<environment.Job instance at 0x7f934334c460>,112,19,[14  2],113,-1,174,-1,155
1,<environment.Job instance at 0x7f934334c280>,113,14,[11  1],114,-1,169,-1,155
1,<environment.Job instance at 0x7f93439cae10>,109,27,[9 2],110,-1,184,-1,157
1,<environment.Job instance at 0x7f934334c870>,116,14,[12  3],117,-1,171,-1,157
1,<environment.Job instance at 0x7f934334ccd0>,117,13,[ 3 13],118,-1,170,-1,157
1,<environment.Job instance at 0x7f934334c3c0>,118,12,[14  1],119,-1,169,-1,157
1,<environment.Job instance at 0x7f93437dfbe0>,0,28,[ 4 10],1,-1,31,-1,3
1,<environment.Job instance at 0x7f93437df870>,2,18,[ 5 12],3,-1,25,-1,7
1,<environment.Job instance at 0x7f93437dfe60>,4,20,[3 9],5,-1,27,-1,7
1,<environment.Job instance at 0x7f93446383c0>,9,24,[5 8],10,-1,34,-1,10
1,<environment.Job instance at 0x7f9343809a50>,10,20,[11  5],11,-1,34,-1,14
1,<environment.Job instance at 0x7f9343809500>,13,28,[8 4],14,-1,44,-1,16
1,<environment.Job instance at 0x7f934d0bb780>,17,18,[10  5],18,-1,36,-1,18
1,<environment.Job instance at 0x7f934482ad70>,20,26,[5 9],21,-1,66,-1,40
1,<environment.Job instance at 0x7f934482aaf0>,18,24,[13  3],19,-1,72,-1,48
1,<environment.Job instance at 0x7f934d3e5230>,11,24,[ 4 11],12,-1,138,-1,114
1,<environment.Job instance at 0x7f93437eb190>,34,23,[14  2],35,-1,140,-1,117
1,<environment.Job instance at 0x7f9343c1fa00>,32,24,[12  1],33,-1,141,-1,117
1,<environment.Job instance at 0x7f93437eb0a0>,35,21,[ 3 14],36,-1,138,-1,117
1,<environment.Job instance at 0x7f9344638eb0>,8,25,[13  4],9,-1,142,-1,117
1,<environment.Job instance at 0x7f9343809190>,19,16,[ 5 12],20,-1,134,-1,118
1,<environment.Job instance at 0x7f93437eba50>,37,25,[2 8],38,-1,143,-1,118
1,<environment.Job instance at 0x7f93437ebf00>,38,16,[5 9],39,-1,134,-1,118
1,<environment.Job instance at 0x7f93437eb8c0>,39,25,[9 3],40,-1,143,-1,118
1,<environment.Job instance at 0x7f93437eb5f0>,40,19,[ 4 10],41,-1,137,-1,118
1,<environment.Job instance at 0x7f93437eb780>,41,20,[ 4 14],42,-1,139,-1,119
1,<environment.Job instance at 0x7f93437eb370>,36,13,[14  4],37,-1,134,-1,121
1,<environment.Job instance at 0x7f93437dfd20>,6,27,[7 5],7,-1,149,-1,122
1,<environment.Job instance at 0x7f93437eb140>,43,22,[ 5 12],44,-1,146,-1,124
1,<environment.Job instance at 0x7f93437eb640>,45,16,[4 6],46,-1,140,-1,124
1,<environment.Job instance at 0x7f93437eb500>,42,22,[12  2],43,-1,150,-1,128
1,<environment.Job instance at 0x7f93437ebfa0>,46,28,[5 7],47,-1,156,-1,128
1,<environment.Job instance at 0x7f93437eb4b0>,48,27,[10  4],49,-1,156,-1,129
1,<environment.Job instance at 0x7f93437eb320>,49,13,[ 5 11],50,-1,144,-1,131
1,<environment.Job instance at 0x7f93437eb6e0>,51,28,[11  5],52,-1,160,-1,132
1,<environment.Job instance at 0x7f93437eb870>,47,22,[13  2],48,-1,157,-1,135
1,<environment.Job instance at 0x7f9343c4b410>,52,18,[ 1 13],53,-1,153,-1,135
1,<environment.Job instance at 0x7f93437ebaf0>,44,21,[11  2],45,-1,167,-1,146
1,<environment.Job instance at 0x7f934349f5f0>,0,28,[ 4 10],1,-1,29,-1,1
1,<environment.Job instance at 0x7f934349fd70>,1,25,[5 3],2,-1,27,-1,2
1,<environment.Job instance at 0x7f934349fdc0>,2,18,[ 5 12],3,-1,21,-1,3
1,<environment.Job instance at 0x7f934349f140>,3,20,[14  1],4,-1,24,-1,4
1,<environment.Job instance at 0x7f93434a3690>,5,15,[ 2 13],6,-1,21,-1,6
1,<environment.Job instance at 0x7f93434a3640>,6,27,[7 5],7,-1,34,-1,7
1,<environment.Job instance at 0x7f9343720140>,7,24,[ 3 11],8,-1,32,-1,8
1,<environment.Job instance at 0x7f93434a3e10>,8,25,[13  4],9,-1,34,-1,9
1,<environment.Job instance at 0x7f93442a6370>,10,20,[11  5],11,-1,31,-1,11
1,<environment.Job instance at 0x7f9344336af0>,11,24,[ 4 11],12,-1,36,-1,12
1,<environment.Job instance at 0x7f9344340870>,13,28,[8 4],14,-1,42,-1,14
1,<environment.Job instance at 0x7f93432808c0>,14,17,[14  4],15,-1,32,-1,15
1,<environment.Job instance at 0x7f934327cc30>,18,24,[13  3],19,-1,43,-1,19
1,<environment.Job instance at 0x7f9343df1640>,19,16,[ 5 12],20,-1,36,-1,20
1,<environment.Job instance at 0x7f93432789b0>,9,24,[5 8],10,-1,49,-1,25
1,<environment.Job instance at 0x7f9343ae7d20>,21,22,[ 3 12],22,-1,47,-1,25
1,<environment.Job instance at 0x7f9343ea9280>,22,13,[14  4],23,-1,38,-1,25
1,<environment.Job instance at 0x7f934447aa00>,23,24,[ 2 14],24,-1,49,-1,25
1,<environment.Job instance at 0x7f9344463410>,20,26,[5 9],21,-1,51,-1,25
1,<environment.Job instance at 0x7f9344197cd0>,28,20,[13  3],29,-1,50,-1,30
1,<environment.Job instance at 0x7f93433319b0>,30,17,[13  1],31,-1,58,-1,41
1,<environment.Job instance at 0x7f93444449b0>,32,24,[12  1],33,-1,68,-1,44
1,<environment.Job instance at 0x7f934417c4b0>,34,23,[14  2],35,-1,76,-1,53
1,<environment.Job instance at 0x7f9344191d70>,35,21,[ 3 14],36,-1,74,-1,53
1,<environment.Job instance at 0x7f93441915f0>,36,13,[14  4],37,-1,66,-1,53
1,<environment.Job instance at 0x7f9344444aa0>,37,25,[2 8],38,-1,92,-1,67
1,<environment.Job instance at 0x7f93434c4a50>,39,25,[9 3],40,-1,92,-1,67
1,<environment.Job instance at 0x7f93436401e0>,41,20,[ 4 14],42,-1,87,-1,67
1,<environment.Job instance at 0x7f93436243c0>,42,22,[12  2],43,-1,89,-1,67
1,<environment.Job instance at 0x7f9343624410>,43,22,[ 5 12],44,-1,89,-1,67
1,<environment.Job instance at 0x7f9343636050>,44,21,[11  2],45,-1,88,-1,67
1,<environment.Job instance at 0x7f9343636b90>,46,28,[5 7],47,-1,97,-1,69
1,<environment.Job instance at 0x7f9343636b40>,47,22,[13  2],48,-1,91,-1,69
1,<environment.Job instance at 0x7f93434bc050>,48,27,[10  4],49,-1,96,-1,69
1,<environment.Job instance at 0x7f93434bccd0>,49,13,[ 5 11],50,-1,82,-1,69
1,<environment.Job instance at 0x7f93434bc640>,51,28,[11  5],52,-1,97,-1,69
1,<environment.Job instance at 0x7f93434bc500>,52,18,[ 1 13],53,-1,87,-1,69
1,<environment.Job instance at 0x7f93436345a0>,55,25,[13  1],56,-1,110,-1,85
1,<environment.Job instance at 0x7f934364d6e0>,56,17,[ 5 14],57,-1,102,-1,85
1,<environment.Job instance at 0x7f934364d690>,57,16,[11  1],58,-1,101,-1,85
1,<environment.Job instance at 0x7f9343bcd140>,58,17,[14  2],59,-1,102,-1,85
1,<environment.Job instance at 0x7f9343bcd0a0>,59,28,[11  5],60,-1,113,-1,85
1,<environment.Job instance at 0x7f934364d7d0>,60,20,[ 3 12],61,-1,105,-1,85
1,<environment.Job instance at 0x7f934364ef50>,61,25,[13  4],62,-1,110,-1,85
1,<environment.Job instance at 0x7f934364e280>,62,14,[11  5],63,-1,99,-1,85
1,<environment.Job instance at 0x7f93434a41e0>,64,16,[11  5],65,-1,101,-1,85
1,<environment.Job instance at 0x7f93434a4820>,65,24,[ 2 12],66,-1,109,-1,85
1,<environment.Job instance at 0x7f93434a4e60>,66,16,[ 4 14],67,-1,101,-1,85
1,<environment.Job instance at 0x7f93434a4960>,67,13,[ 5 14],68,-1,98,-1,85
1,<environment.Job instance at 0x7f93434a4a00>,69,18,[14  2],70,-1,103,-1,85
1,<environment.Job instance at 0x7f93434a4af0>,70,12,[12  2],71,-1,97,-1,85
1,<environment.Job instance at 0x7f9343e98cd0>,71,13,[ 1 14],72,-1,98,-1,85
1,<environment.Job instance at 0x7f9343642550>,74,12,[ 5 12],75,-1,110,-1,98
1,<environment.Job instance at 0x7f9343bc6f00>,75,25,[ 3 13],76,-1,123,-1,98
1,<environment.Job instance at 0x7f9343e985a0>,72,27,[5 4],73,-1,125,-1,98
1,<environment.Job instance at 0x7f9343642fa0>,77,24,[12  1],78,-1,122,-1,98
1,<environment.Job instance at 0x7f9343ba7410>,78,21,[13  1],79,-1,119,-1,98
1,<environment.Job instance at 0x7f9343ba0a00>,79,17,[ 5 11],80,-1,115,-1,98
1,<environment.Job instance at 0x7f9343bd5fa0>,82,17,[ 2 13],83,-1,119,-1,102
1,<environment.Job instance at 0x7f9343bd51e0>,84,13,[ 3 14],85,-1,123,-1,110
1,<environment.Job instance at 0x7f9343bd5410>,85,13,[11  1],86,-1,123,-1,110
1,<environment.Job instance at 0x7f9343639f50>,87,14,[13  1],88,-1,124,-1,110
1,<environment.Job instance at 0x7f93436399b0>,86,28,[5 6],87,-1,143,-1,115
1,<environment.Job instance at 0x7f9343639190>,89,20,[ 4 13],90,-1,135,-1,115
1,<environment.Job instance at 0x7f93434af9b0>,90,21,[ 4 12],91,-1,136,-1,115
1,<environment.Job instance at 0x7f93434af050>,93,15,[ 5 11],94,-1,142,-1,127
1,<environment.Job instance at 0x7f93434d1c30>,95,27,[14  1],96,-1,155,-1,128
1,<environment.Job instance at 0x7f93434ade10>,100,23,[ 5 14],101,-1,178,-1,155
1,<environment.Job instance at 0x7f9343bd5190>,0,18,[ 3 12],1,-1,19,-1,1
1,<environment.Job instance at 0x7f9343bd53c0>,1,18,[11  4],2,-1,20,-1,2
1,<environment.Job instance at 0x7f9343ba7230>,2,12,[ 2 12],3,-1,15,-1,3
1,<environment.Job instance at 0x7f9343ba72d0>,3,15,[ 3 13],4,-1,19,-1,4
1,<environment.Job instance at 0x7f9343bd50a0>,4,15,[13  3],5,-1,20,-1,5
1,<environment.Job instance at 0x7f934364e280>,5,24,[1 9],6,-1,30,-1,6
1,<environment.Job instance at 0x7f934364ef50>,6,23,[ 5 10],7,-1,30,-1,7
1,<environment.Job instance at 0x7f9343e7d0f0>,7,27,[ 4 13],8,-1,35,-1,8
1,<environment.Job instance at 0x7f934364e410>,8,15,[11  5],9,-1,24,-1,9
1,<environment.Job instance at 0x7f9343ba73c0>,9,23,[13  4],10,-1,33,-1,10
1,<environment.Job instance at 0x7f93441b43c0>,10,19,[ 5 12],11,-1,30,-1,11
1,<environment.Job instance at 0x7f9344452050>,14,26,[ 3 13],15,-1,41,-1,15
1,<environment.Job instance at 0x7f9344463410>,15,28,[11  5],16,-1,44,-1,16
1,<environment.Job instance at 0x7f9343642320>,17,15,[12  5],18,-1,33,-1,18
1,<environment.Job instance at 0x7f9343642fa0>,18,21,[ 1 14],19,-1,40,-1,19
1,<environment.Job instance at 0x7f93441915f0>,19,14,[12  4],20,-1,34,-1,20
1,<environment.Job instance at 0x7f9344463eb0>,13,27,[10  2],14,-1,55,-1,28
1,<environment.Job instance at 0x7f9343642550>,16,24,[8 5],17,-1,52,-1,28
1,<environment.Job instance at 0x7f9344191410>,24,26,[14  5],25,-1,54,-1,28
1,<environment.Job instance at 0x7f9343345460>,25,17,[14  3],26,-1,45,-1,28
1,<environment.Job instance at 0x7f93434c4a50>,26,25,[13  2],27,-1,53,-1,28
1,<environment.Job instance at 0x7f93434c43c0>,27,13,[ 1 13],28,-1,41,-1,28
1,<environment.Job instance at 0x7f9344191640>,20,25,[8 3],21,-1,53,-1,28
1,<environment.Job instance at 0x7f93434c4c30>,28,22,[ 2 11],29,-1,51,-1,29
1,<environment.Job instance at 0x7f934417ce60>,29,14,[12  4],30,-1,44,-1,30
1,<environment.Job instance at 0x7f9343deee10>,32,21,[ 3 11],33,-1,54,-1,33
1,<environment.Job instance at 0x7f9343aeba00>,33,20,[13  1],34,-1,54,-1,34
1,<environment.Job instance at 0x7f9343aeb8c0>,34,18,[ 4 13],35,-1,53,-1,35
1,<environment.Job instance at 0x7f9343aebbe0>,35,13,[13  4],36,-1,49,-1,36
1,<environment.Job instance at 0x7f9343aeb7d0>,36,15,[ 4 12],37,-1,52,-1,37
1,<environment.Job instance at 0x7f93444467d0>,38,20,[12  2],39,-1,59,-1,39
1,<environment.Job instance at 0x7f9343aebb90>,39,16,[ 1 13],40,-1,56,-1,40
1,<environment.Job instance at 0x7f934416cb90>,30,23,[6 5],31,-1,68,-1,45
1,<environment.Job instance at 0x7f9343aeb500>,41,24,[5 1],42,-1,69,-1,45
1,<environment.Job instance at 0x7f9343bd11e0>,43,22,[11  4],44,-1,67,-1,45
1,<environment.Job instance at 0x7f9343bcd0a0>,44,28,[14  4],45,-1,73,-1,45
1,<environment.Job instance at 0x7f9344446410>,31,24,[6 4],32,-1,69,-1,45
1,<environment.Job instance at 0x7f9343aeb870>,37,23,[1 5],38,-1,68,-1,45
1,<environment.Job instance at 0x7f93441fb960>,45,22,[13  4],46,-1,68,-1,46
1,<environment.Job instance at 0x7f9343ba0780>,46,28,[11  4],47,-1,75,-1,47
1,<environment.Job instance at 0x7f9343bd14b0>,40,25,[4 9],41,-1,73,-1,48
1,<environment.Job instance at 0x7f93449470a0>,48,18,[ 5 13],49,-1,67,-1,49
1,<environment.Job instance at 0x7f9343e244b0>,49,26,[1 5],50,-1,76,-1,50
1,<environment.Job instance at 0x7f9343ff50a0>,50,28,[8 1],51,-1,93,-1,65
1,<environment.Job instance at 0x7f9343c709b0>,55,13,[11  4],56,-1,78,-1,65
1,<environment.Job instance at 0x7f93438d2280>,56,17,[ 4 11],57,-1,82,-1,65
1,<environment.Job instance at 0x7f9344219a50>,57,24,[13  5],58,-1,89,-1,65
1,<environment.Job instance at 0x7f9343f7f0a0>,58,27,[ 2 14],59,-1,92,-1,65
1,<environment.Job instance at 0x7f9343791190>,59,26,[ 4 12],60,-1,91,-1,65
1,<environment.Job instance at 0x7f93437915f0>,60,15,[ 4 14],61,-1,80,-1,65
1,<environment.Job instance at 0x7f93444d4be0>,61,26,[ 1 13],62,-1,91,-1,65
1,<environment.Job instance at 0x7f93444f3e60>,63,27,[10  2],64,-1,94,-1,67
1,<environment.Job instance at 0x7f93444cdf50>,65,27,[8 1],66,-1,94,-1,67
1,<environment.Job instance at 0x7f93444fedc0>,66,27,[7 2],67,-1,94,-1,67
1,<environment.Job instance at 0x7f9344634b90>,52,25,[9 4],53,-1,92,-1,67
1,<environment.Job instance at 0x7f93434ac320>,67,15,[12  5],68,-1,83,-1,68
1,<environment.Job instance at 0x7f934341aaf0>,68,23,[13  3],69,-1,92,-1,69
1,<environment.Job instance at 0x7f9343ff00f0>,70,24,[3 9],71,-1,97,-1,73
1,<environment.Job instance at 0x7f93444e7370>,73,27,[4 6],74,-1,111,-1,84
1,<environment.Job instance at 0x7f93444e7dc0>,75,15,[14  4],76,-1,99,-1,84
1,<environment.Job instance at 0x7f93444e74b0>,76,26,[13  5],77,-1,110,-1,84
1,<environment.Job instance at 0x7f93444e78c0>,77,14,[ 1 12],78,-1,98,-1,84
1,<environment.Job instance at 0x7f93444e7410>,78,27,[ 3 12],79,-1,111,-1,84
1,<environment.Job instance at 0x7f93444e7f00>,74,26,[ 4 10],75,-1,122,-1,96
1,<environment.Job instance at 0x7f9343c7f1e0>,82,28,[ 1 13],83,-1,124,-1,96
1,<environment.Job instance at 0x7f9343c7f730>,83,14,[13  1],84,-1,110,-1,96
1,<environment.Job instance at 0x7f9343c7f870>,84,25,[12  2],85,-1,121,-1,96
1,<environment.Job instance at 0x7f9343026370>,86,27,[ 5 14],87,-1,123,-1,96
1,<environment.Job instance at 0x7f9343026c30>,87,13,[14  4],88,-1,109,-1,96
1,<environment.Job instance at 0x7f9343c7fd20>,88,19,[13  2],89,-1,115,-1,96
1,<environment.Job instance at 0x7f93437475a0>,91,17,[13  4],92,-1,128,-1,111
1,<environment.Job instance at 0x7f9344140c30>,92,23,[3 6],93,-1,134,-1,111
1,<environment.Job instance at 0x7f9344140140>,93,23,[5 2],94,-1,134,-1,111
1,<environment.Job instance at 0x7f93441400f0>,94,13,[11  2],95,-1,124,-1,111
1,<environment.Job instance at 0x7f93441407d0>,97,28,[5 3],98,-1,139,-1,111
1,<environment.Job instance at 0x7f9344140730>,98,23,[8 5],99,-1,134,-1,111
1,<environment.Job instance at 0x7f9344140960>,99,23,[5 2],100,-1,134,-1,111
1,<environment.Job instance at 0x7f9344140410>,100,17,[ 5 14],101,-1,128,-1,111
1,<environment.Job instance at 0x7f93441406e0>,101,28,[10  4],102,-1,153,-1,125
1,<environment.Job instance at 0x7f9343fcb910>,102,28,[ 5 13],103,-1,153,-1,125
1,<environment.Job instance at 0x7f93441523c0>,104,15,[11  1],105,-1,141,-1,126
1,<environment.Job instance at 0x7f9344152410>,105,19,[ 1 12],106,-1,145,-1,126
1,<environment.Job instance at 0x7f9344152320>,107,13,[ 2 11],108,-1,139,-1,126
1,<environment.Job instance at 0x7f9344152370>,108,20,[ 3 12],109,-1,146,-1,126
1,<environment.Job instance at 0x7f93441526e0>,109,23,[10  1],110,-1,166,-1,143
1,<environment.Job instance at 0x7f9343634be0>,1,18,[2 6],2,-1,25,-1,7
1,<environment.Job instance at 0x7f934409fbe0>,7,15,[10  3],8,-1,23,-1,8
1,<environment.Job instance at 0x7f934409fc30>,8,20,[5 6],9,-1,30,-1,10
1,<environment.Job instance at 0x7f934409faf0>,6,13,[11  2],7,-1,24,-1,11
1,<environment.Job instance at 0x7f934409ffa0>,13,16,[ 4 10],14,-1,30,-1,14
1,<environment.Job instance at 0x7f934409fcd0>,10,19,[ 1 11],11,-1,41,-1,22
1,<environment.Job instance at 0x7f934408d2d0>,17,14,[9 3],18,-1,36,-1,22
1,<environment.Job instance at 0x7f934409fd70>,11,24,[ 1 13],12,-1,46,-1,22
1,<environment.Job instance at 0x7f934408d4b0>,20,20,[2 8],21,-1,43,-1,23
1,<environment.Job instance at 0x7f934408d690>,25,14,[ 5 14],26,-1,141,-1,127
1,<environment.Job instance at 0x7f934408d910>,26,17,[10  3],27,-1,144,-1,127
1,<environment.Job instance at 0x7f934408dcd0>,32,27,[ 5 11],33,-1,157,-1,130
1,<environment.Job instance at 0x7f934408ddc0>,34,14,[9 2],35,-1,144,-1,130
1,<environment.Job instance at 0x7f934408de60>,36,22,[12  5],37,-1,152,-1,130
1,<environment.Job instance at 0x7f93440aa1e0>,37,27,[8 4],38,-1,157,-1,130
1,<environment.Job instance at 0x7f93440aa280>,38,22,[ 2 12],39,-1,152,-1,130
1,<environment.Job instance at 0x7f93440aa320>,39,15,[11  5],40,-1,145,-1,130
1,<environment.Job instance at 0x7f93440aa3c0>,40,22,[1 6],41,-1,153,-1,131
1,<environment.Job instance at 0x7f93440aa500>,42,17,[9 5],43,-1,150,-1,133
1,<environment.Job instance at 0x7f934408df00>,35,13,[11  1],36,-1,157,-1,144
1,<environment.Job instance at 0x7f9343ba3690>,0,23,[ 2 11],1,-1,24,-1,1
1,<environment.Job instance at 0x7f9343ba35a0>,2,13,[ 1 12],3,-1,16,-1,3
1,<environment.Job instance at 0x7f9343636c30>,3,23,[8 2],4,-1,27,-1,4
1,<environment.Job instance at 0x7f9343636a50>,4,23,[ 2 14],5,-1,28,-1,5
1,<environment.Job instance at 0x7f93436360f0>,6,13,[11  2],7,-1,20,-1,7
1,<environment.Job instance at 0x7f934414d190>,9,18,[14  5],10,-1,28,-1,10
1,<environment.Job instance at 0x7f934414d7d0>,10,19,[ 1 11],11,-1,30,-1,11
1,<environment.Job instance at 0x7f934414dcd0>,11,24,[ 1 13],12,-1,36,-1,12
1,<environment.Job instance at 0x7f9343bdb2d0>,14,14,[14  5],15,-1,29,-1,15
1,<environment.Job instance at 0x7f93433e3460>,18,12,[ 3 14],19,-1,36,-1,24
1,<environment.Job instance at 0x7f934374e8c0>,21,23,[ 5 12],22,-1,59,-1,36
1,<environment.Job instance at 0x7f9343d49190>,22,15,[14  1],23,-1,51,-1,36
1,<environment.Job instance at 0x7f93435385a0>,24,25,[5 5],25,-1,62,-1,37
1,<environment.Job instance at 0x7f9343538dc0>,25,14,[ 5 14],26,-1,51,-1,37
1,<environment.Job instance at 0x7f934353b050>,27,21,[14  5],28,-1,58,-1,37
1,<environment.Job instance at 0x7f934353b280>,28,13,[11  2],29,-1,50,-1,37
1,<environment.Job instance at 0x7f9343d280f0>,29,15,[ 3 14],30,-1,52,-1,37
1,<environment.Job instance at 0x7f9343d28a50>,30,12,[ 5 11],31,-1,49,-1,37
1,<environment.Job instance at 0x7f934374ec30>,31,14,[ 5 14],32,-1,51,-1,37
1,<environment.Job instance at 0x7f934413c3c0>,32,27,[ 5 11],33,-1,64,-1,37
1,<environment.Job instance at 0x7f934413cd20>,33,23,[14  5],34,-1,60,-1,37
1,<environment.Job instance at 0x7f934413cd70>,35,13,[11  1],36,-1,63,-1,50
1,<environment.Job instance at 0x7f9343d4c3c0>,36,22,[12  5],37,-1,72,-1,50
1,<environment.Job instance at 0x7f93448c3a00>,37,27,[8 4],38,-1,91,-1,64
1,<environment.Job instance at 0x7f9343d4cdc0>,38,22,[ 2 12],39,-1,86,-1,64
1,<environment.Job instance at 0x7f9344152eb0>,39,15,[11  5],40,-1,79,-1,64
1,<environment.Job instance at 0x7f9344152190>,41,24,[12  2],42,-1,88,-1,64
1,<environment.Job instance at 0x7f9344152370>,43,18,[ 2 14],44,-1,82,-1,64
1,<environment.Job instance at 0x7f9344152320>,44,12,[ 5 13],45,-1,76,-1,64
1,<environment.Job instance at 0x7f93441524b0>,46,19,[ 3 14],47,-1,83,-1,64
1,<environment.Job instance at 0x7f93441523c0>,47,18,[ 4 14],48,-1,82,-1,64
1,<environment.Job instance at 0x7f9344152410>,48,23,[12  2],49,-1,87,-1,64
1,<environment.Job instance at 0x7f9344140960>,50,27,[1 9],51,-1,107,-1,80
1,<environment.Job instance at 0x7f9343fcb0a0>,51,26,[6 4],52,-1,106,-1,80
1,<environment.Job instance at 0x7f93441405f0>,54,24,[12  1],55,-1,118,-1,94
1,<environment.Job instance at 0x7f9344140690>,56,26,[14  1],57,-1,120,-1,94
1,<environment.Job instance at 0x7f9344140af0>,57,23,[10  4],58,-1,129,-1,106
1,<environment.Job instance at 0x7f9344140c80>,58,28,[8 3],59,-1,134,-1,106
1,<environment.Job instance at 0x7f9344140b90>,59,14,[ 1 12],60,-1,120,-1,106
1,<environment.Job instance at 0x7f9344140050>,60,16,[ 1 11],61,-1,122,-1,106
1,<environment.Job instance at 0x7f9343747690>,61,17,[11  1],62,-1,123,-1,106
1,<environment.Job instance at 0x7f9343747370>,62,23,[6 1],63,-1,129,-1,106
1,<environment.Job instance at 0x7f9343026370>,63,16,[ 4 13],64,-1,122,-1,106
1,<environment.Job instance at 0x7f9343c7f730>,64,26,[8 4],65,-1,132,-1,106
1,<environment.Job instance at 0x7f9343c7f1e0>,66,18,[12  4],67,-1,124,-1,106
1,<environment.Job instance at 0x7f9343c7f870>,67,27,[14  5],68,-1,133,-1,106
1,<environment.Job instance at 0x7f9343c7fd20>,68,26,[7 4],69,-1,137,-1,111
1,<environment.Job instance at 0x7f9343c7f780>,69,28,[2 7],70,-1,139,-1,111
1,<environment.Job instance at 0x7f9343c7ff50>,70,18,[ 2 14],71,-1,129,-1,111
1,<environment.Job instance at 0x7f9343c7f690>,71,17,[12  3],72,-1,128,-1,111
1,<environment.Job instance at 0x7f93444e7410>,72,15,[14  3],73,-1,126,-1,111
1,<environment.Job instance at 0x7f93444e71e0>,73,18,[ 3 14],74,-1,129,-1,111
1,<environment.Job instance at 0x7f93444e74b0>,74,27,[3 6],75,-1,138,-1,111
1,<environment.Job instance at 0x7f93444e7320>,75,14,[ 5 11],76,-1,125,-1,111
1,<environment.Job instance at 0x7f9343ff00f0>,76,18,[11  3],77,-1,129,-1,111
1,<environment.Job instance at 0x7f934341aaf0>,77,15,[14  5],78,-1,126,-1,111
1,<environment.Job instance at 0x7f93444e75f0>,78,23,[9 3],79,-1,142,-1,119
1,<environment.Job instance at 0x7f93444e7e60>,79,28,[4 7],80,-1,147,-1,119
1,<environment.Job instance at 0x7f934434ff50>,81,25,[11  3],82,-1,144,-1,119
1,<environment.Job instance at 0x7f93444f3e60>,82,17,[13  3],83,-1,136,-1,119
1,<environment.Job instance at 0x7f93444fee60>,83,23,[13  1],84,-1,142,-1,119
1,<environment.Job instance at 0x7f93444fe5a0>,84,25,[ 1 11],85,-1,144,-1,119
1,<environment.Job instance at 0x7f93444cd2d0>,86,25,[ 5 14],87,-1,144,-1,119
1,<environment.Job instance at 0x7f93434ac320>,80,27,[1 8],81,-1,153,-1,126
1,<environment.Job instance at 0x7f9344219a50>,88,18,[11  5],89,-1,144,-1,126
1,<environment.Job instance at 0x7f93438d2280>,89,17,[12  4],90,-1,143,-1,126
1,<environment.Job instance at 0x7f93444d4c30>,91,24,[3 9],92,-1,168,-1,144
1,<environment.Job instance at 0x7f9343e244b0>,94,24,[ 5 14],95,-1,168,-1,144
1,<environment.Job instance at 0x7f9343e1c7d0>,96,13,[ 2 13],97,-1,165,-1,152
1,<environment.Job instance at 0x7f93444f6aa0>,98,27,[13  2],99,-1,183,-1,156
1,<environment.Job instance at 0x7f9344634b90>,99,26,[ 5 11],100,-1,182,-1,156
1,<environment.Job instance at 0x7f9344634e60>,100,17,[13  2],101,-1,173,-1,156
1,<environment.Job instance at 0x7f9343bcd0f0>,101,27,[11  3],102,-1,183,-1,156
1,<environment.Job instance at 0x7f9343959230>,5,22,[6 5],6,-1,29,-1,7
1,<environment.Job instance at 0x7f93436d07d0>,0,23,[ 1 11],1,-1,24,-1,1
1,<environment.Job instance at 0x7f93436d0c30>,2,15,[ 3 11],3,-1,18,-1,3
1,<environment.Job instance at 0x7f93440aa7d0>,3,21,[ 4 12],4,-1,25,-1,4
1,<environment.Job instance at 0x7f93440a80f0>,4,21,[ 4 12],5,-1,26,-1,5
1,<environment.Job instance at 0x7f9343ae7eb0>,7,24,[13  2],8,-1,32,-1,8
1,<environment.Job instance at 0x7f9343bd5eb0>,9,17,[14  3],10,-1,27,-1,10
1,<environment.Job instance at 0x7f9343ba7410>,11,14,[ 1 11],12,-1,26,-1,12
1,<environment.Job instance at 0x7f934364e410>,12,16,[14  1],13,-1,29,-1,13
1,<environment.Job instance at 0x7f9343418b40>,16,15,[ 3 12],17,-1,43,-1,28
1,<environment.Job instance at 0x7f93443362d0>,17,25,[6 1],18,-1,53,-1,28
1,<environment.Job instance at 0x7f9343720140>,18,18,[12  4],19,-1,46,-1,28
1,<environment.Job instance at 0x7f9343bd50a0>,14,26,[8 1],15,-1,54,-1,28
1,<environment.Job instance at 0x7f934433b500>,21,21,[11  5],22,-1,49,-1,28
1,<environment.Job instance at 0x7f934433b320>,22,27,[6 3],23,-1,56,-1,29
1,<environment.Job instance at 0x7f9343642320>,24,19,[ 2 14],25,-1,48,-1,29
1,<environment.Job instance at 0x7f9344191d70>,27,12,[11  3],28,-1,52,-1,40
1,<environment.Job instance at 0x7f93441915f0>,28,18,[ 2 11],29,-1,58,-1,40
1,<environment.Job instance at 0x7f934447a640>,30,24,[9 1],31,-1,79,-1,55
1,<environment.Job instance at 0x7f934417ce60>,32,15,[ 2 13],33,-1,70,-1,55
1,<environment.Job instance at 0x7f934416cb90>,33,20,[12  2],34,-1,75,-1,55
1,<environment.Job instance at 0x7f934416cfa0>,34,25,[9 2],35,-1,80,-1,55
1,<environment.Job instance at 0x7f9343deee10>,35,23,[ 2 13],36,-1,78,-1,55
1,<environment.Job instance at 0x7f9344446fa0>,36,20,[11  4],37,-1,75,-1,55
1,<environment.Job instance at 0x7f9344446640>,37,23,[ 5 14],38,-1,78,-1,55
1,<environment.Job instance at 0x7f9343aebbe0>,39,19,[ 3 14],40,-1,74,-1,55
1,<environment.Job instance at 0x7f93446692d0>,40,16,[ 2 13],41,-1,71,-1,55
1,<environment.Job instance at 0x7f9343aeba00>,42,28,[ 3 13],43,-1,96,-1,68
1,<environment.Job instance at 0x7f9343aebc80>,43,26,[13  2],44,-1,94,-1,68
1,<environment.Job instance at 0x7f9343bd15a0>,45,22,[ 3 12],46,-1,90,-1,68
1,<environment.Job instance at 0x7f9343ba0780>,46,21,[ 4 11],47,-1,89,-1,68
1,<environment.Job instance at 0x7f9343bcd0a0>,47,16,[ 1 12],48,-1,84,-1,68
1,<environment.Job instance at 0x7f9343bcd140>,48,17,[ 2 11],49,-1,85,-1,68
1,<environment.Job instance at 0x7f9343e244b0>,49,14,[14  4],50,-1,82,-1,68
1,<environment.Job instance at 0x7f9343e1c7d0>,50,26,[5 7],51,-1,94,-1,68
1,<environment.Job instance at 0x7f9343e1cc30>,51,26,[11  1],52,-1,94,-1,68
1,<environment.Job instance at 0x7f934448f8c0>,52,24,[12  1],53,-1,92,-1,68
1,<environment.Job instance at 0x7f93444f1190>,53,28,[12  4],54,-1,96,-1,68
1,<environment.Job instance at 0x7f9343083b90>,54,18,[ 1 11],55,-1,86,-1,68
1,<environment.Job instance at 0x7f9343ff00f0>,57,28,[ 1 12],58,-1,99,-1,71
1,<environment.Job instance at 0x7f93434ac1e0>,59,23,[1 5],60,-1,107,-1,84
1,<environment.Job instance at 0x7f9343c7f870>,63,16,[14  2],64,-1,112,-1,96
1,<environment.Job instance at 0x7f9343c7fdc0>,64,18,[ 5 12],65,-1,114,-1,96
1,<environment.Job instance at 0x7f9343c7f550>,65,24,[13  2],66,-1,120,-1,96
1,<environment.Job instance at 0x7f9343026370>,66,16,[14  5],67,-1,112,-1,96
1,<environment.Job instance at 0x7f9343026c30>,67,23,[ 1 13],68,-1,119,-1,96
1,<environment.Job instance at 0x7f9344140140>,69,15,[ 2 14],70,-1,123,-1,108
1,<environment.Job instance at 0x7f9344140820>,70,26,[6 5],71,-1,134,-1,108
1,<environment.Job instance at 0x7f9344140730>,71,13,[14  2],72,-1,121,-1,108
1,<environment.Job instance at 0x7f9344140c80>,73,12,[14  2],74,-1,120,-1,108
1,<environment.Job instance at 0x7f93441407d0>,74,12,[ 3 12],75,-1,120,-1,108
1,<environment.Job instance at 0x7f9343fcb730>,75,20,[12  4],76,-1,128,-1,108
1,<environment.Job instance at 0x7f9343fcb050>,76,21,[12  2],77,-1,129,-1,108
1,<environment.Job instance at 0x7f9344152960>,79,23,[13  4],80,-1,133,-1,110
1,<environment.Job instance at 0x7f9344152410>,77,24,[9 1],78,-1,135,-1,111
1,<environment.Job instance at 0x7f9344152370>,81,25,[3 7],82,-1,136,-1,111
1,<environment.Job instance at 0x7f93441526e0>,82,13,[ 2 13],83,-1,124,-1,111
1,<environment.Job instance at 0x7f9344152190>,83,19,[ 3 11],84,-1,130,-1,111
1,<environment.Job instance at 0x7f9343d4c280>,84,20,[12  4],85,-1,131,-1,111
1,<environment.Job instance at 0x7f9344152140>,85,26,[4 9],86,-1,137,-1,111
1,<environment.Job instance at 0x7f93448c3a00>,86,12,[13  3],87,-1,123,-1,111
1,<environment.Job instance at 0x7f93448c3640>,87,27,[1 7],88,-1,138,-1,111
1,<environment.Job instance at 0x7f934413cd70>,88,25,[3 7],89,-1,136,-1,111
1,<environment.Job instance at 0x7f9343d28a50>,92,18,[12  3],93,-1,146,-1,128
1,<environment.Job instance at 0x7f93442d6910>,93,26,[13  2],94,-1,154,-1,128
1,<environment.Job instance at 0x7f934413cd20>,91,23,[10  1],92,-1,155,-1,132
1,<environment.Job instance at 0x7f934353b0a0>,95,27,[12  3],96,-1,159,-1,132
1,<environment.Job instance at 0x7f934374e8c0>,96,15,[13  1],97,-1,147,-1,132
1,<environment.Job instance at 0x7f934374ecd0>,97,25,[9 3],98,-1,157,-1,132
1,<environment.Job instance at 0x7f9343bdb410>,101,12,[12  5],102,-1,159,-1,147
1,<environment.Job instance at 0x7f9343bdb1e0>,102,22,[11  4],103,-1,169,-1,147
1,<environment.Job instance at 0x7f9343bdb2d0>,103,27,[11  5],104,-1,174,-1,147
1,<environment.Job instance at 0x7f9343bdb6e0>,104,21,[ 1 12],105,-1,168,-1,147
1,<environment.Job instance at 0x7f9344328230>,0,25,[12  3],1,-1,26,-1,1
1,<environment.Job instance at 0x7f93443285a0>,3,23,[ 4 14],4,-1,27,-1,4
1,<environment.Job instance at 0x7f9344328a00>,5,17,[13  5],6,-1,23,-1,6
1,<environment.Job instance at 0x7f93441a4820>,6,28,[14  3],7,-1,35,-1,7
1,<environment.Job instance at 0x7f93441a4370>,8,24,[12  2],9,-1,33,-1,9
1,<environment.Job instance at 0x7f93441a4050>,10,13,[13  3],11,-1,24,-1,11
1,<environment.Job instance at 0x7f9344328280>,4,28,[3 7],5,-1,43,-1,15
1,<environment.Job instance at 0x7f93441a47d0>,13,25,[ 5 14],14,-1,40,-1,15
1,<environment.Job instance at 0x7f93441a4a50>,14,18,[ 5 14],15,-1,33,-1,15
1,<environment.Job instance at 0x7f93441a4aa0>,15,16,[11  1],16,-1,32,-1,16
1,<environment.Job instance at 0x7f93441a4320>,16,12,[ 3 13],17,-1,29,-1,17
1,<environment.Job instance at 0x7f93441a44b0>,17,23,[6 5],18,-1,53,-1,30
1,<environment.Job instance at 0x7f934374e5f0>,20,18,[13  2],21,-1,48,-1,30
1,<environment.Job instance at 0x7f93441a49b0>,18,23,[6 4],19,-1,53,-1,30
1,<environment.Job instance at 0x7f934374eb40>,19,23,[6 1],20,-1,53,-1,30
1,<environment.Job instance at 0x7f9343ff00f0>,23,19,[14  5],24,-1,49,-1,30
1,<environment.Job instance at 0x7f93444f1190>,24,14,[ 4 12],25,-1,44,-1,30
1,<environment.Job instance at 0x7f9343083b90>,25,14,[12  3],26,-1,44,-1,30
1,<environment.Job instance at 0x7f93444f3e60>,22,28,[3 9],23,-1,60,-1,32
1,<environment.Job instance at 0x7f934416cb90>,29,15,[13  1],30,-1,47,-1,32
1,<environment.Job instance at 0x7f93436c14b0>,30,13,[ 5 11],31,-1,45,-1,32
1,<environment.Job instance at 0x7f9343642550>,31,25,[ 2 14],32,-1,57,-1,32
1,<environment.Job instance at 0x7f9343438d70>,32,27,[ 1 12],33,-1,60,-1,33
1,<environment.Job instance at 0x7f9343ad3370>,34,26,[ 5 13],35,-1,70,-1,44
1,<environment.Job instance at 0x7f93441b4410>,35,28,[ 4 13],36,-1,72,-1,44
1,<environment.Job instance at 0x7f9342faa550>,36,13,[11  2],37,-1,57,-1,44
1,<environment.Job instance at 0x7f9344701320>,37,19,[ 2 11],38,-1,63,-1,44
1,<environment.Job instance at 0x7f93436424b0>,38,28,[ 4 11],39,-1,72,-1,44
1,<environment.Job instance at 0x7f9343ad3a00>,33,24,[2 8],34,-1,70,-1,46
1,<environment.Job instance at 0x7f93432c1eb0>,40,16,[14  4],41,-1,62,-1,46
1,<environment.Job instance at 0x7f9343810640>,43,12,[12  5],44,-1,71,-1,59
1,<environment.Job instance at 0x7f93438104b0>,44,22,[13  1],45,-1,81,-1,59
1,<environment.Job instance at 0x7f93432c1fa0>,41,23,[ 3 10],42,-1,83,-1,60
1,<environment.Job instance at 0x7f9343810fa0>,47,14,[ 1 11],48,-1,74,-1,60
1,<environment.Job instance at 0x7f9343810b40>,48,14,[ 5 14],49,-1,74,-1,60
1,<environment.Job instance at 0x7f9343810be0>,50,12,[ 2 12],51,-1,72,-1,60
1,<environment.Job instance at 0x7f9343810050>,49,27,[7 2],50,-1,103,-1,76
1,<environment.Job instance at 0x7f9343713a50>,53,26,[7 4],54,-1,102,-1,76
1,<environment.Job instance at 0x7f9343713f00>,54,26,[ 2 13],55,-1,102,-1,76
1,<environment.Job instance at 0x7f93437134b0>,55,23,[7 1],56,-1,99,-1,76
1,<environment.Job instance at 0x7f9343713690>,59,24,[13  4],60,-1,100,-1,76
1,<environment.Job instance at 0x7f93437132d0>,60,21,[11  2],61,-1,97,-1,76
1,<environment.Job instance at 0x7f9343713dc0>,61,27,[7 2],62,-1,105,-1,78
1,<environment.Job instance at 0x7f9343713500>,62,22,[ 5 14],63,-1,100,-1,78
1,<environment.Job instance at 0x7f9343713640>,65,26,[11  1],66,-1,115,-1,89
1,<environment.Job instance at 0x7f9343713370>,66,13,[ 1 12],67,-1,102,-1,89
1,<environment.Job instance at 0x7f9343713d70>,67,22,[ 2 12],68,-1,111,-1,89
1,<environment.Job instance at 0x7f9343713460>,68,15,[14  4],69,-1,104,-1,89
1,<environment.Job instance at 0x7f9343713be0>,69,24,[ 3 13],70,-1,113,-1,89
1,<environment.Job instance at 0x7f9343713050>,70,24,[12  5],71,-1,113,-1,89
1,<environment.Job instance at 0x7f93437135a0>,71,27,[ 5 14],72,-1,116,-1,89
1,<environment.Job instance at 0x7f934ceeed70>,72,18,[ 3 11],73,-1,107,-1,89
1,<environment.Job instance at 0x7f934ceeea50>,74,25,[ 5 12],75,-1,116,-1,91
1,<environment.Job instance at 0x7f934ceeeeb0>,75,26,[4 9],76,-1,129,-1,103
1,<environment.Job instance at 0x7f934ceee690>,76,27,[ 4 13],77,-1,130,-1,103
1,<environment.Job instance at 0x7f934ceeecd0>,77,12,[12  5],78,-1,115,-1,103
1,<environment.Job instance at 0x7f934ceeed20>,78,17,[ 5 11],79,-1,120,-1,103
1,<environment.Job instance at 0x7f934ceeee60>,79,20,[ 2 13],80,-1,123,-1,103
1,<environment.Job instance at 0x7f934ceee3c0>,73,27,[1 8],74,-1,130,-1,103
1,<environment.Job instance at 0x7f934ceee960>,84,13,[ 4 11],85,-1,118,-1,105
1,<environment.Job instance at 0x7f934ceeefa0>,85,21,[14  5],86,-1,126,-1,105
1,<environment.Job instance at 0x7f934ceee780>,86,16,[ 5 14],87,-1,121,-1,105
1,<environment.Job instance at 0x7f934ceeeaf0>,82,27,[5 8],83,-1,152,-1,125
1,<environment.Job instance at 0x7f9343f1c0a0>,89,12,[14  1],90,-1,137,-1,125
1,<environment.Job instance at 0x7f9343f1c780>,90,28,[13  3],91,-1,153,-1,125
1,<environment.Job instance at 0x7f93447295f0>,94,24,[8 3],95,-1,166,-1,142
1,<environment.Job instance at 0x7f93447290a0>,95,14,[ 2 12],96,-1,156,-1,142
1,<environment.Job instance at 0x7f9344729500>,98,17,[11  4],99,-1,159,-1,142
1,<environment.Job instance at 0x7f9344729fa0>,99,26,[3 8],100,-1,172,-1,146
1,<environment.Job instance at 0x7f9344729460>,100,24,[13  1],101,-1,170,-1,146
1,<environment.Job instance at 0x7f9344729b40>,102,13,[ 5 12],103,-1,159,-1,146
1,<environment.Job instance at 0x7f9344729410>,103,14,[14  4],104,-1,160,-1,146
1,<environment.Job instance at 0x7f9344729730>,105,19,[13  1],106,-1,175,-1,156
1,<environment.Job instance at 0x7f93447295a0>,106,26,[14  3],107,-1,182,-1,156
1,<environment.Job instance at 0x7f93430b3be0>,108,20,[ 3 13],109,-1,176,-1,156
1,<environment.Job instance at 0x7f93430b3aa0>,109,12,[ 2 12],110,-1,168,-1,156
1,<environment.Job instance at 0x7f93430b3690>,111,12,[ 2 11],112,-1,171,-1,159
1,<environment.Job instance at 0x7f934486cd70>,4,14,[9 5],5,-1,20,-1,6
1,<environment.Job instance at 0x7f9344718870>,12,28,[1 8],13,-1,43,-1,15
1,<environment.Job instance at 0x7f934486c780>,3,24,[7 5],4,-1,40,-1,16
1,<environment.Job instance at 0x7f93432a5460>,10,24,[9 5],11,-1,42,-1,18
1,<environment.Job instance at 0x7f934486c2d0>,8,18,[ 5 13],9,-1,38,-1,20
1,<environment.Job instance at 0x7f9343ece9b0>,16,15,[5 6],17,-1,35,-1,20
1,<environment.Job instance at 0x7f9344718780>,17,21,[13  3],18,-1,42,-1,21
1,<environment.Job instance at 0x7f9344707b40>,18,25,[13  5],19,-1,46,-1,21
1,<environment.Job instance at 0x7f9344718eb0>,13,27,[ 3 13],14,-1,48,-1,21
1,<environment.Job instance at 0x7f9343ece2d0>,15,17,[ 5 10],16,-1,38,-1,21
1,<environment.Job instance at 0x7f9344634d20>,22,17,[10  3],23,-1,40,-1,23
1,<environment.Job instance at 0x7f9342fecf00>,0,21,[11  1],1,-1,22,-1,1
1,<environment.Job instance at 0x7f9342fecc30>,1,14,[ 3 12],2,-1,16,-1,2
1,<environment.Job instance at 0x7f9342fec820>,3,24,[7 5],4,-1,28,-1,4
1,<environment.Job instance at 0x7f9342fec140>,6,21,[11  3],7,-1,28,-1,7
1,<environment.Job instance at 0x7f9344535870>,8,18,[ 5 13],9,-1,27,-1,9
1,<environment.Job instance at 0x7f9344535b90>,11,21,[12  1],12,-1,33,-1,12
1,<environment.Job instance at 0x7f9344535c80>,12,28,[1 8],13,-1,41,-1,13
1,<environment.Job instance at 0x7f93434a2aa0>,13,27,[ 3 13],14,-1,41,-1,14
1,<environment.Job instance at 0x7f93434a2e10>,14,27,[ 3 14],15,-1,42,-1,15
1,<environment.Job instance at 0x7f9344535370>,7,25,[8 1],8,-1,44,-1,19
1,<environment.Job instance at 0x7f93434a21e0>,17,21,[13  3],18,-1,40,-1,19
1,<environment.Job instance at 0x7f93434a20a0>,18,25,[13  5],19,-1,44,-1,19
1,<environment.Job instance at 0x7f93445359b0>,10,24,[9 5],11,-1,43,-1,19
1,<environment.Job instance at 0x7f93434a2c80>,21,14,[14  1],22,-1,36,-1,22
1,<environment.Job instance at 0x7f93434a2dc0>,23,25,[ 4 12],24,-1,49,-1,24
1,<environment.Job instance at 0x7f93434a2050>,19,25,[6 4],20,-1,57,-1,32
1,<environment.Job instance at 0x7f93434a2fa0>,20,25,[8 1],21,-1,57,-1,32
1,<environment.Job instance at 0x7f9343f66aa0>,26,27,[10  1],27,-1,59,-1,32
1,<environment.Job instance at 0x7f9343f66f00>,27,23,[10  1],28,-1,55,-1,32
1,<environment.Job instance at 0x7f9343f660f0>,28,14,[ 5 14],29,-1,46,-1,32
1,<environment.Job instance at 0x7f9343f66640>,29,26,[10  2],30,-1,58,-1,32
1,<environment.Job instance at 0x7f9343f66140>,31,20,[ 1 12],32,-1,52,-1,32
1,<environment.Job instance at 0x7f9343f66a00>,32,24,[14  1],33,-1,57,-1,33
1,<environment.Job instance at 0x7f9343f66870>,33,28,[9 3],34,-1,62,-1,34
1,<environment.Job instance at 0x7f93430b3b90>,35,26,[ 2 12],36,-1,62,-1,36
1,<environment.Job instance at 0x7f93430b3870>,36,22,[ 1 11],37,-1,59,-1,37
1,<environment.Job instance at 0x7f93430b3c30>,37,17,[11  4],38,-1,55,-1,38
1,<environment.Job instance at 0x7f93430b3780>,38,17,[ 5 13],39,-1,56,-1,39
1,<environment.Job instance at 0x7f93430b3960>,40,16,[11  3],41,-1,57,-1,41
1,<environment.Job instance at 0x7f9343f66460>,34,25,[10  1],35,-1,76,-1,51
1,<environment.Job instance at 0x7f93430b3be0>,43,27,[ 3 14],44,-1,78,-1,51
1,<environment.Job instance at 0x7f9344729730>,44,13,[12  1],45,-1,64,-1,51
1,<environment.Job instance at 0x7f93430b3eb0>,45,28,[13  1],46,-1,79,-1,51
1,<environment.Job instance at 0x7f93447290f0>,47,17,[14  2],48,-1,68,-1,51
1,<environment.Job instance at 0x7f9344729a50>,48,16,[ 4 14],49,-1,67,-1,51
1,<environment.Job instance at 0x7f93430b3460>,42,23,[2 6],43,-1,74,-1,51
1,<environment.Job instance at 0x7f93430b3f00>,41,27,[9 2],42,-1,78,-1,51
1,<environment.Job instance at 0x7f9344729f00>,51,25,[13  5],52,-1,77,-1,52
1,<environment.Job instance at 0x7f9344729050>,54,14,[14  5],55,-1,69,-1,55
1,<environment.Job instance at 0x7f9344729af0>,55,27,[13  5],56,-1,83,-1,56
1,<environment.Job instance at 0x7f9343f1c370>,59,18,[14  1],60,-1,87,-1,69
1,<environment.Job instance at 0x7f9344729f50>,60,13,[ 2 11],61,-1,82,-1,69
1,<environment.Job instance at 0x7f934ceee140>,61,28,[1 7],62,-1,102,-1,74
1,<environment.Job instance at 0x7f934ceee050>,62,15,[ 3 12],63,-1,89,-1,74
1,<environment.Job instance at 0x7f934ceee730>,67,28,[ 1 14],68,-1,118,-1,90
1,<environment.Job instance at 0x7f934ceee460>,68,23,[ 5 12],69,-1,113,-1,90
1,<environment.Job instance at 0x7f934ceee5a0>,71,14,[12  2],72,-1,117,-1,103
1,<environment.Job instance at 0x7f934ceee3c0>,74,24,[8 4],75,-1,155,-1,131
1,<environment.Job instance at 0x7f934ceeef50>,75,26,[10  2],76,-1,157,-1,131
1,<environment.Job instance at 0x7f9343713050>,77,14,[ 5 13],78,-1,145,-1,131
1,<environment.Job instance at 0x7f93437135a0>,78,28,[ 1 12],79,-1,159,-1,131
1,<environment.Job instance at 0x7f9343713c80>,79,16,[12  1],80,-1,147,-1,131
1,<environment.Job instance at 0x7f9343713550>,83,21,[ 5 11],84,-1,174,-1,153
1,<environment.Job instance at 0x7f9343713c30>,84,15,[ 2 14],85,-1,168,-1,153
1,<environment.Job instance at 0x7f93437135f0>,85,27,[ 4 13],86,-1,180,-1,153
1,<environment.Job instance at 0x7f93437130f0>,86,16,[ 4 11],87,-1,169,-1,153
1,<environment.Job instance at 0x7f91524306e0>,0,13,[9 3],1,-1,15,-1,2
1,<environment.Job instance at 0x7f91524308c0>,1,22,[11  3],2,-1,24,-1,2
1,<environment.Job instance at 0x7f9152430730>,2,22,[4 8],3,-1,25,-1,3
1,<environment.Job instance at 0x7f9148de6b90>,4,21,[1 6],5,-1,27,-1,6
1,<environment.Job instance at 0x7f9148de6a50>,5,24,[1 5],6,-1,30,-1,6
1,<environment.Job instance at 0x7f9148de6d70>,7,25,[6 2],8,-1,33,-1,8
1,<environment.Job instance at 0x7f9148de6fa0>,10,18,[ 3 11],11,-1,31,-1,13
1,<environment.Job instance at 0x7f91524307d0>,1,22,[11  3],2,-1,24,-1,2
1,<environment.Job instance at 0x7f9152430780>,3,26,[11  4],4,-1,30,-1,4
1,<environment.Job instance at 0x7f9148f0a7d0>,8,22,[14  3],9,-1,31,-1,9
1,<environment.Job instance at 0x7f9148f0b5a0>,9,18,[ 2 13],10,-1,28,-1,10
1,<environment.Job instance at 0x7f9148f6bb40>,10,18,[ 3 11],11,-1,29,-1,11
1,<environment.Job instance at 0x7f9148f0b3c0>,12,26,[ 1 12],13,-1,40,-1,14
1,<environment.Job instance at 0x7f9148f11500>,13,18,[ 4 14],14,-1,32,-1,14
1,<environment.Job instance at 0x7f9148f6b690>,5,24,[1 5],6,-1,38,-1,14
1,<environment.Job instance at 0x7f9148f0a460>,7,25,[6 2],8,-1,39,-1,14
1,<environment.Job instance at 0x7f9148f35e60>,15,18,[ 2 14],16,-1,34,-1,16
1,<environment.Job instance at 0x7f9148ed8910>,16,16,[ 3 11],17,-1,33,-1,17
1,<environment.Job instance at 0x7f9149099cd0>,18,25,[ 4 13],19,-1,44,-1,19
1,<environment.Job instance at 0x7f9148eeff00>,19,14,[ 3 11],20,-1,34,-1,20
1,<environment.Job instance at 0x7f9148f1db90>,20,27,[13  5],21,-1,48,-1,21
1,<environment.Job instance at 0x7f9148e8b690>,21,26,[ 5 12],22,-1,48,-1,22
1,<environment.Job instance at 0x7f9148f93370>,22,13,[13  1],23,-1,36,-1,23
1,<environment.Job instance at 0x7f9148f1d7d0>,17,28,[ 5 10],18,-1,53,-1,25
1,<environment.Job instance at 0x7f9148e8bdc0>,24,13,[ 3 14],25,-1,38,-1,25
1,<environment.Job instance at 0x7f9148f0bcd0>,11,26,[4 8],12,-1,51,-1,25
1,<environment.Job instance at 0x7f9148edcd20>,25,23,[ 3 13],26,-1,49,-1,26
1,<environment.Job instance at 0x7f9148f93cd0>,27,25,[5 7],28,-1,53,-1,28
1,<environment.Job instance at 0x7f9148ea8b90>,28,25,[ 4 11],29,-1,54,-1,29
1,<environment.Job instance at 0x7f9148ea8e10>,29,22,[ 5 13],30,-1,52,-1,30
1,<environment.Job instance at 0x7f9148ea8550>,31,20,[11  5],32,-1,52,-1,32
1,<environment.Job instance at 0x7f9148ea85f0>,32,27,[11  3],33,-1,60,-1,33
1,<environment.Job instance at 0x7f9148ea84b0>,30,27,[4 8],31,-1,70,-1,43
1,<environment.Job instance at 0x7f9148ea8410>,36,13,[ 3 14],37,-1,56,-1,43
1,<environment.Job instance at 0x7f9148ea8910>,37,28,[ 2 12],38,-1,71,-1,43
1,<environment.Job instance at 0x7f9148ea8190>,26,26,[1 8],27,-1,69,-1,43
1,<environment.Job instance at 0x7f9148f8e820>,39,24,[5 6],40,-1,67,-1,43
1,<environment.Job instance at 0x7f9148ea8c30>,34,24,[1 8],35,-1,67,-1,43
1,<environment.Job instance at 0x7f9148f8ef00>,41,27,[14  1],42,-1,70,-1,43
1,<environment.Job instance at 0x7f9148e714b0>,43,13,[13  1],44,-1,57,-1,44
1,<environment.Job instance at 0x7f9148eb9fa0>,44,24,[ 1 13],45,-1,69,-1,45
1,<environment.Job instance at 0x7f9148eb9eb0>,46,17,[12  2],47,-1,66,-1,49
1,<environment.Job instance at 0x7f9148ea3500>,48,15,[14  1],49,-1,64,-1,49
1,<environment.Job instance at 0x7f9148ea3910>,49,16,[ 2 11],50,-1,66,-1,50
1,<environment.Job instance at 0x7f9148ea3b90>,50,16,[12  2],51,-1,67,-1,51
1,<environment.Job instance at 0x7f9148f02f50>,54,13,[13  1],55,-1,72,-1,59
1,<environment.Job instance at 0x7f9148ea3820>,55,20,[ 3 13],56,-1,79,-1,59
1,<environment.Job instance at 0x7f9148ea3cd0>,52,27,[8 5],53,-1,86,-1,59
1,<environment.Job instance at 0x7f9148ea3780>,57,27,[ 2 14],58,-1,86,-1,59
1,<environment.Job instance at 0x7f9148ef5500>,60,23,[ 1 11],61,-1,85,-1,62
1,<environment.Job instance at 0x7f9148ef5eb0>,61,21,[ 5 13],62,-1,83,-1,62
1,<environment.Job instance at 0x7f9148ef55a0>,63,17,[ 4 12],64,-1,88,-1,71
1,<environment.Job instance at 0x7f9148ea7730>,67,27,[ 1 10],68,-1,121,-1,94
1,<environment.Job instance at 0x7f9148ea79b0>,68,20,[ 3 12],69,-1,114,-1,94
1,<environment.Job instance at 0x7f9148ea7f50>,69,13,[ 3 12],70,-1,107,-1,94
1,<environment.Job instance at 0x7f9148ea7e10>,70,21,[12  2],71,-1,115,-1,94
1,<environment.Job instance at 0x7f9148ea7230>,71,28,[5 1],72,-1,122,-1,94
1,<environment.Job instance at 0x7f9148f06e60>,74,27,[1 6],75,-1,129,-1,102
1,<environment.Job instance at 0x7f9148f06500>,75,14,[ 4 11],76,-1,116,-1,102
1,<environment.Job instance at 0x7f9148ea7d70>,72,24,[9 2],73,-1,126,-1,102
1,<environment.Job instance at 0x7f9148ea7a50>,73,25,[3 8],74,-1,140,-1,115
1,<environment.Job instance at 0x7f9148e9c370>,83,20,[13  1],84,-1,150,-1,130
1,<environment.Job instance at 0x7f9148e33320>,84,18,[ 3 14],85,-1,148,-1,130
1,<environment.Job instance at 0x7f9148e33050>,85,25,[ 5 14],86,-1,155,-1,130
1,<environment.Job instance at 0x7f9148ea27d0>,86,26,[12  1],87,-1,156,-1,130
1,<environment.Job instance at 0x7f9148e15a50>,87,28,[ 3 10],88,-1,159,-1,131
1,<environment.Job instance at 0x7f9148e15960>,88,21,[ 1 11],89,-1,152,-1,131
1,<environment.Job instance at 0x7f9148e3a500>,90,14,[ 2 13],91,-1,145,-1,131
1,<environment.Job instance at 0x7f9148dd4140>,93,16,[ 2 11],94,-1,162,-1,146
1,<environment.Job instance at 0x7f9148e2fc30>,94,25,[4 5],95,-1,186,-1,161
1,<environment.Job instance at 0x7f9148dd4b40>,96,28,[ 1 13],97,-1,189,-1,161
1,<environment.Job instance at 0x7f9148e1e280>,97,26,[ 1 11],98,-1,187,-1,161
1,<environment.Job instance at 0x7f914853aa00>,4,17,[ 3 12],5,-1,30,-1,13
1,<environment.Job instance at 0x7f914853a190>,8,15,[ 2 14],9,-1,29,-1,14
1,<environment.Job instance at 0x7f914852f0a0>,13,21,[ 4 12],14,-1,35,-1,14
1,<environment.Job instance at 0x7f914852f4b0>,14,20,[5 2],15,-1,35,-1,15
1,<environment.Job instance at 0x7f914853aa50>,2,13,[12  1],3,-1,29,-1,16
1,<environment.Job instance at 0x7f914852fd70>,12,20,[13  3],13,-1,44,-1,24
1,<environment.Job instance at 0x7f914852f1e0>,17,21,[11  4],18,-1,45,-1,24
1,<environment.Job instance at 0x7f914853a0f0>,6,18,[ 1 12],7,-1,42,-1,24
1,<environment.Job instance at 0x7f91485383c0>,20,17,[12  2],21,-1,43,-1,26
1,<environment.Job instance at 0x7f914852f960>,15,27,[5 9],16,-1,53,-1,26
1,<environment.Job instance at 0x7f9148538f50>,23,21,[12  2],24,-1,47,-1,26
1,<environment.Job instance at 0x7f914852f640>,16,27,[2 9],17,-1,53,-1,26
1,<environment.Job instance at 0x7f914852f8c0>,18,12,[14  5],19,-1,39,-1,27
1,<environment.Job instance at 0x7f914852fdc0>,19,16,[12  3],20,-1,43,-1,27
1,<environment.Job instance at 0x7f9148538140>,21,28,[2 8],22,-1,55,-1,27
1,<environment.Job instance at 0x7f9148538eb0>,25,26,[ 5 10],26,-1,54,-1,28
1,<environment.Job instance at 0x7f91486bed70>,26,27,[12  4],27,-1,55,-1,28
1,<environment.Job instance at 0x7f91485387d0>,29,14,[ 1 12],30,-1,45,-1,31
1,<environment.Job instance at 0x7f914870d500>,31,14,[13  5],32,-1,46,-1,32
1,<environment.Job instance at 0x7f9148685410>,43,16,[11  1],44,-1,158,-1,142
1,<environment.Job instance at 0x7f91487c3b90>,27,27,[14  3],28,-1,169,-1,142
1,<environment.Job instance at 0x7f9148685fa0>,45,19,[12  5],46,-1,168,-1,149
1,<environment.Job instance at 0x7f914865a050>,40,25,[7 2],41,-1,174,-1,149
1,<environment.Job instance at 0x7f914865a320>,41,26,[ 5 11],42,-1,176,-1,150
1,<environment.Job instance at 0x7f9148685320>,46,17,[11  3],47,-1,167,-1,150
1,<environment.Job instance at 0x7f9148763fa0>,39,15,[12  3],40,-1,169,-1,154
1,<environment.Job instance at 0x7f9148685460>,49,18,[12  4],50,-1,172,-1,154
1,<environment.Job instance at 0x7f9148685230>,47,14,[ 1 10],48,-1,168,-1,154
1,<environment.Job instance at 0x7f9148685870>,52,16,[3 8],53,-1,170,-1,154
1,<environment.Job instance at 0x7f91486854b0>,48,25,[6 2],49,-1,179,-1,154
1,<environment.Job instance at 0x7f91486852d0>,54,16,[11  2],55,-1,170,-1,154
1,<environment.Job instance at 0x7f9148685280>,44,17,[3 8],45,-1,171,-1,154
1,<environment.Job instance at 0x7f91486b05a0>,55,15,[13  5],56,-1,169,-1,154
1,<environment.Job instance at 0x7f9148685780>,53,14,[10  1],54,-1,168,-1,154
1,<environment.Job instance at 0x7f91486ce460>,58,27,[14  3],59,-1,181,-1,154
1,<environment.Job instance at 0x7f9148685910>,51,26,[11  5],52,-1,182,-1,156
1,<environment.Job instance at 0x7f91483b4640>,61,26,[8 3],62,-1,184,-1,158
1,<environment.Job instance at 0x7f91483b9140>,59,20,[1 7],60,-1,178,-1,158
1,<environment.Job instance at 0x7f9148ea8e10>,0,16,[12  5],1,-1,17,-1,1
1,<environment.Job instance at 0x7f9148ea8b90>,1,20,[ 1 12],2,-1,22,-1,2
1,<environment.Job instance at 0x7f9148ea8d70>,2,13,[12  1],3,-1,16,-1,3
1,<environment.Job instance at 0x7f9148ea8050>,3,12,[11  5],4,-1,16,-1,4
1,<environment.Job instance at 0x7f9148ea8190>,4,17,[ 3 12],5,-1,22,-1,5
1,<environment.Job instance at 0x7f91524664b0>,5,16,[13  4],6,-1,22,-1,6
1,<environment.Job instance at 0x7f9148610050>,6,18,[ 1 12],7,-1,25,-1,7
1,<environment.Job instance at 0x7f91486108c0>,8,15,[ 2 14],9,-1,24,-1,9
1,<environment.Job instance at 0x7f9148610690>,12,20,[13  3],13,-1,33,-1,13
1,<environment.Job instance at 0x7f91486137d0>,13,21,[ 4 12],14,-1,35,-1,14
1,<environment.Job instance at 0x7f91486135f0>,17,21,[11  4],18,-1,46,-1,25
1,<environment.Job instance at 0x7f9148613f50>,18,12,[14  5],19,-1,37,-1,25
1,<environment.Job instance at 0x7f9148613fa0>,19,16,[12  3],20,-1,41,-1,25
1,<environment.Job instance at 0x7f9148597aa0>,20,17,[12  2],21,-1,42,-1,25
1,<environment.Job instance at 0x7f91485979b0>,21,28,[2 8],22,-1,54,-1,26
1,<environment.Job instance at 0x7f91485a0a00>,23,21,[12  2],24,-1,47,-1,26
1,<environment.Job instance at 0x7f91485a02d0>,24,21,[ 5 11],25,-1,47,-1,26
1,<environment.Job instance at 0x7f91485a0870>,25,26,[ 5 10],26,-1,52,-1,26
1,<environment.Job instance at 0x7f9148700cd0>,15,27,[5 9],16,-1,53,-1,26
1,<environment.Job instance at 0x7f91486138c0>,16,27,[2 9],17,-1,53,-1,26
1,<environment.Job instance at 0x7f91485aeb90>,26,27,[12  4],27,-1,54,-1,27
1,<environment.Job instance at 0x7f91485aec30>,27,27,[14  3],28,-1,55,-1,28
1,<environment.Job instance at 0x7f91485b2780>,29,14,[ 1 12],30,-1,44,-1,30
1,<environment.Job instance at 0x7f91485aea50>,31,14,[13  5],32,-1,46,-1,32
1,<environment.Job instance at 0x7f91485a36e0>,32,25,[11  2],33,-1,58,-1,33
1,<environment.Job instance at 0x7f91485a3870>,33,14,[12  2],34,-1,48,-1,34
1,<environment.Job instance at 0x7f91485a3820>,34,28,[8 4],35,-1,66,-1,38
1,<environment.Job instance at 0x7f91485a3780>,36,20,[12  1],37,-1,58,-1,38
1,<environment.Job instance at 0x7f91485b6190>,37,13,[ 4 12],38,-1,51,-1,38
1,<environment.Job instance at 0x7f91485b69b0>,38,18,[12  2],39,-1,57,-1,39
1,<environment.Job instance at 0x7f91485b6050>,39,15,[12  3],40,-1,55,-1,40
1,<environment.Job instance at 0x7f91485b6b90>,41,26,[ 5 11],42,-1,68,-1,42
1,<environment.Job instance at 0x7f91485a75a0>,43,16,[11  1],44,-1,62,-1,46
1,<environment.Job instance at 0x7f91485b6a50>,40,25,[7 2],41,-1,75,-1,50
1,<environment.Job instance at 0x7f91485b6e60>,45,19,[12  5],46,-1,69,-1,50
1,<environment.Job instance at 0x7f91485ab230>,46,17,[11  3],47,-1,67,-1,50
1,<environment.Job instance at 0x7f91485c3be0>,48,25,[6 2],49,-1,85,-1,60
1,<environment.Job instance at 0x7f91485c3c30>,49,18,[12  4],50,-1,78,-1,60
1,<environment.Job instance at 0x7f9148623dc0>,51,26,[11  5],52,-1,86,-1,60
1,<environment.Job instance at 0x7f914878b6e0>,54,16,[11  2],55,-1,90,-1,74
1,<environment.Job instance at 0x7f9148735be0>,55,15,[13  5],56,-1,89,-1,74
1,<environment.Job instance at 0x7f91485bffa0>,58,27,[14  3],59,-1,104,-1,77
1,<environment.Job instance at 0x7f914862daf0>,60,26,[ 4 10],61,-1,114,-1,88
1,<environment.Job instance at 0x7f9148809960>,61,26,[8 3],62,-1,114,-1,88
1,<environment.Job instance at 0x7f914873dc30>,62,23,[12  1],63,-1,111,-1,88
1,<environment.Job instance at 0x7f9148639190>,63,19,[ 2 13],64,-1,107,-1,88
1,<environment.Job instance at 0x7f9148639b90>,64,22,[11  1],65,-1,110,-1,88
1,<environment.Job instance at 0x7f9148639d70>,65,22,[ 1 13],66,-1,110,-1,88
1,<environment.Job instance at 0x7f9148639730>,66,24,[ 2 14],67,-1,112,-1,88
1,<environment.Job instance at 0x7f9148639780>,68,23,[13  3],69,-1,111,-1,88
1,<environment.Job instance at 0x7f9148639aa0>,69,25,[10  5],70,-1,115,-1,90
1,<environment.Job instance at 0x7f91486396e0>,70,20,[13  5],71,-1,110,-1,90
1,<environment.Job instance at 0x7f9148639280>,71,24,[14  3],72,-1,114,-1,90
1,<environment.Job instance at 0x7f914872ec30>,72,23,[13  5],73,-1,113,-1,90
1,<environment.Job instance at 0x7f914872eeb0>,73,21,[12  3],74,-1,111,-1,90
1,<environment.Job instance at 0x7f91485553c0>,75,28,[ 4 11],76,-1,118,-1,90
1,<environment.Job instance at 0x7f91485554b0>,76,18,[ 4 12],77,-1,108,-1,90
1,<environment.Job instance at 0x7f9148733cd0>,77,22,[14  1],78,-1,112,-1,90
1,<environment.Job instance at 0x7f91487330f0>,78,25,[7 3],79,-1,129,-1,104
1,<environment.Job instance at 0x7f914860d780>,79,27,[ 4 13],80,-1,131,-1,104
1,<environment.Job instance at 0x7f914860d320>,80,26,[8 4],81,-1,130,-1,104
1,<environment.Job instance at 0x7f914860d370>,81,12,[11  1],82,-1,116,-1,104
1,<environment.Job instance at 0x7f914860d960>,83,16,[14  1],84,-1,120,-1,104
1,<environment.Job instance at 0x7f914860d910>,84,27,[ 1 10],85,-1,131,-1,104
1,<environment.Job instance at 0x7f914860d2d0>,86,19,[13  1],87,-1,123,-1,104
1,<environment.Job instance at 0x7f914855d780>,87,15,[12  2],88,-1,119,-1,104
1,<environment.Job instance at 0x7f91485d5910>,88,20,[11  2],89,-1,124,-1,104
1,<environment.Job instance at 0x7f91486d95a0>,89,25,[ 2 13],90,-1,129,-1,104
1,<environment.Job instance at 0x7f91486b05f0>,92,24,[ 3 13],93,-1,142,-1,118
1,<environment.Job instance at 0x7f914860e370>,93,15,[ 2 13],94,-1,133,-1,118
1,<environment.Job instance at 0x7f914860e5a0>,94,13,[ 5 14],95,-1,131,-1,118
1,<environment.Job instance at 0x7f91485602d0>,95,20,[11  2],96,-1,138,-1,118
1,<environment.Job instance at 0x7f9148560370>,97,21,[ 4 14],98,-1,139,-1,118
1,<environment.Job instance at 0x7f91485e31e0>,99,15,[14  4],100,-1,148,-1,133
1,<environment.Job instance at 0x7f9148567230>,101,23,[13  1],102,-1,156,-1,133
1,<environment.Job instance at 0x7f91485673c0>,103,26,[ 1 11],104,-1,159,-1,133
1,<environment.Job instance at 0x7f9148567f50>,104,14,[ 3 13],105,-1,147,-1,133
1,<environment.Job instance at 0x7f91485feeb0>,107,27,[10  3],108,-1,176,-1,149
1,<environment.Job instance at 0x7f91485fee10>,108,16,[12  5],109,-1,165,-1,149
1,<environment.Job instance at 0x7f91485fee60>,109,14,[14  5],110,-1,163,-1,149
1,<environment.Job instance at 0x7f91485fe4b0>,110,13,[ 5 13],111,-1,162,-1,149
1,<environment.Job instance at 0x7f91485fe730>,112,26,[13  2],113,-1,175,-1,149
1,<environment.Job instance at 0x7f914856bd70>,114,15,[ 1 12],115,-1,164,-1,149
1,<environment.Job instance at 0x7f914856be10>,115,14,[ 1 12],116,-1,163,-1,149
1,<environment.Job instance at 0x7f9148641c80>,117,23,[6 4],118,-1,187,-1,164
1,<environment.Job instance at 0x7f914856e0a0>,118,26,[ 3 11],119,-1,190,-1,164
1,<environment.Job instance at 0x7f914839c690>,3,19,[13  4],4,-1,23,-1,4
1,<environment.Job instance at 0x7f914839c5f0>,2,20,[8 1],3,-1,25,-1,5
1,<environment.Job instance at 0x7f914839c320>,6,20,[5 7],7,-1,27,-1,7
1,<environment.Job instance at 0x7f914839cd70>,7,16,[5 4],8,-1,24,-1,8
1,<environment.Job instance at 0x7f91524588c0>,12,18,[3 6],13,-1,36,-1,18
1,<environment.Job instance at 0x7f914839cdc0>,4,16,[ 2 12],5,-1,41,-1,25
1,<environment.Job instance at 0x7f914839ce60>,13,22,[12  5],14,-1,47,-1,25
1,<environment.Job instance at 0x7f9152458730>,18,12,[ 5 10],19,-1,37,-1,25
1,<environment.Job instance at 0x7f914839c0a0>,1,22,[ 3 13],2,-1,24,-1,2
1,<environment.Job instance at 0x7f9148474a00>,3,19,[13  4],4,-1,23,-1,4
1,<environment.Job instance at 0x7f9148474500>,4,16,[ 2 12],5,-1,21,-1,5
1,<environment.Job instance at 0x7f9148474820>,5,12,[ 4 14],6,-1,18,-1,6
1,<environment.Job instance at 0x7f91484740f0>,9,23,[ 2 13],10,-1,33,-1,10
1,<environment.Job instance at 0x7f9148474e10>,10,12,[14  1],11,-1,23,-1,11
1,<environment.Job instance at 0x7f9148474f00>,11,28,[ 1 13],12,-1,40,-1,12
1,<environment.Job instance at 0x7f9148474460>,13,22,[12  5],14,-1,36,-1,14
1,<environment.Job instance at 0x7f9148474190>,15,12,[11  5],16,-1,28,-1,16
1,<environment.Job instance at 0x7f9148474fa0>,17,22,[11  2],18,-1,45,-1,23
1,<environment.Job instance at 0x7f914843aa50>,19,17,[13  5],20,-1,44,-1,27
1,<environment.Job instance at 0x7f914843a5a0>,20,12,[ 3 14],21,-1,39,-1,27
1,<environment.Job instance at 0x7f914843aa00>,22,15,[ 4 12],23,-1,52,-1,37
1,<environment.Job instance at 0x7f914843a910>,23,21,[ 3 14],24,-1,58,-1,37
1,<environment.Job instance at 0x7f914846fc80>,26,28,[6 1],27,-1,80,-1,52
1,<environment.Job instance at 0x7f914846f7d0>,29,27,[ 4 12],30,-1,80,-1,53
1,<environment.Job instance at 0x7f914846fcd0>,30,25,[12  4],31,-1,78,-1,53
1,<environment.Job instance at 0x7f914846f960>,31,20,[ 3 14],32,-1,73,-1,53
1,<environment.Job instance at 0x7f914846feb0>,32,13,[ 3 14],33,-1,66,-1,53
1,<environment.Job instance at 0x7f914846f730>,33,13,[11  5],34,-1,66,-1,53
1,<environment.Job instance at 0x7f914846fb90>,34,24,[8 4],35,-1,77,-1,53
1,<environment.Job instance at 0x7f914846f500>,36,20,[12  3],37,-1,73,-1,53
1,<environment.Job instance at 0x7f914846f640>,37,25,[13  2],38,-1,78,-1,53
1,<environment.Job instance at 0x7f914846f140>,39,25,[1 6],40,-1,93,-1,68
1,<environment.Job instance at 0x7f914846fa50>,40,17,[12  4],41,-1,85,-1,68
1,<environment.Job instance at 0x7f914846f2d0>,41,26,[1 9],42,-1,97,-1,71
1,<environment.Job instance at 0x7f914846ff50>,42,27,[14  4],43,-1,98,-1,71
1,<environment.Job instance at 0x7f914846ff00>,43,18,[14  2],44,-1,89,-1,71
1,<environment.Job instance at 0x7f914846f0f0>,44,25,[13  3],45,-1,96,-1,71
1,<environment.Job instance at 0x7f914846f690>,46,23,[12  4],47,-1,94,-1,71
1,<environment.Job instance at 0x7f91483e4780>,48,20,[11  2],49,-1,101,-1,81
1,<environment.Job instance at 0x7f91483e4640>,49,16,[14  4],50,-1,97,-1,81
1,<environment.Job instance at 0x7f91483e4b40>,50,23,[7 4],51,-1,108,-1,85
1,<environment.Job instance at 0x7f91483e4eb0>,53,22,[ 1 12],54,-1,107,-1,85
1,<environment.Job instance at 0x7f91483e4e10>,55,26,[ 3 12],56,-1,122,-1,96
1,<environment.Job instance at 0x7f91483e4dc0>,56,27,[ 2 14],57,-1,123,-1,96
1,<environment.Job instance at 0x7f91483e4690>,57,24,[13  5],58,-1,120,-1,96
1,<environment.Job instance at 0x7f91483e44b0>,59,21,[13  4],60,-1,117,-1,96
1,<environment.Job instance at 0x7f91483e4370>,60,22,[ 5 12],61,-1,118,-1,96
1,<environment.Job instance at 0x7f91483e4140>,47,25,[9 2],48,-1,122,-1,97
1,<environment.Job instance at 0x7f91483e4320>,62,15,[14  2],63,-1,112,-1,97
1,<environment.Job instance at 0x7f91483e1f00>,63,15,[ 1 13],64,-1,112,-1,97
1,<environment.Job instance at 0x7f91483e1280>,64,20,[12  2],65,-1,117,-1,97
1,<environment.Job instance at 0x7f91483e15f0>,66,17,[14  5],67,-1,114,-1,97
1,<environment.Job instance at 0x7f91483e13c0>,67,24,[13  3],68,-1,121,-1,97
1,<environment.Job instance at 0x7f91483e1780>,68,22,[12  3],69,-1,119,-1,97
1,<environment.Job instance at 0x7f91483e17d0>,71,23,[10  4],72,-1,148,-1,125
1,<environment.Job instance at 0x7f91483e10a0>,74,20,[14  2],75,-1,159,-1,139
1,<environment.Job instance at 0x7f91483de0f0>,79,18,[14  4],80,-1,184,-1,166
1,<environment.Job instance at 0x7f91483de050>,80,22,[ 4 14],81,-1,188,-1,166
1,<environment.Job instance at 0x7f91483de280>,81,20,[11  4],82,-1,186,-1,166
1,<environment.Job instance at 0x7f91483de780>,82,23,[14  4],83,-1,189,-1,166
1,<environment.Job instance at 0x7f91483dec80>,83,19,[ 3 14],84,-1,185,-1,166
1,<environment.Job instance at 0x7f91483de870>,84,21,[14  2],85,-1,187,-1,166
1,<environment.Job instance at 0x7f91483de550>,85,24,[14  2],86,-1,190,-1,166
1,<environment.Job instance at 0x7f91483ded20>,86,21,[ 5 11],87,-1,187,-1,166
1,<environment.Job instance at 0x7f91483dafa0>,87,20,[ 2 12],88,-1,186,-1,166
1,<environment.Job instance at 0x7f91483da0a0>,88,23,[ 4 11],89,-1,189,-1,166
1,<environment.Job instance at 0x7f91483da640>,89,16,[ 3 14],90,-1,182,-1,166
1,<environment.Job instance at 0x7f91483dabe0>,90,23,[ 3 13],91,-1,189,-1,166
1,<environment.Job instance at 0x7f91483dae10>,91,21,[14  4],92,-1,187,-1,166
1,<environment.Job instance at 0x7f914880b8c0>,4,27,[11  3],5,-1,32,-1,5
1,<environment.Job instance at 0x7f91484065f0>,3,22,[10  2],4,-1,30,-1,8
1,<environment.Job instance at 0x7f9148406f50>,9,22,[3 8],10,-1,33,-1,11
1,<environment.Job instance at 0x7f9148950370>,14,19,[9 4],15,-1,34,-1,15
1,<environment.Job instance at 0x7f91484440a0>,0,23,[ 2 11],1,-1,24,-1,1
1,<environment.Job instance at 0x7f91484448c0>,1,27,[1 8],2,-1,29,-1,2
1,<environment.Job instance at 0x7f91484445a0>,2,19,[ 5 14],3,-1,22,-1,3
1,<environment.Job instance at 0x7f9148444910>,4,27,[11  3],5,-1,32,-1,5
1,<environment.Job instance at 0x7f9148444780>,5,26,[2 6],6,-1,32,-1,6
1,<environment.Job instance at 0x7f9148453c30>,8,25,[14  2],9,-1,34,-1,9
1,<environment.Job instance at 0x7f9148453b40>,12,26,[13  5],13,-1,39,-1,13
1,<environment.Job instance at 0x7f9148453a00>,15,27,[10  2],16,-1,53,-1,26
1,<environment.Job instance at 0x7f9148453eb0>,17,27,[7 2],18,-1,53,-1,26
1,<environment.Job instance at 0x7f9148453af0>,18,15,[13  2],19,-1,41,-1,26
1,<environment.Job instance at 0x7f9148453910>,19,17,[11  1],20,-1,43,-1,26
1,<environment.Job instance at 0x7f91483d64b0>,20,24,[13  2],21,-1,50,-1,26
1,<environment.Job instance at 0x7f9148453960>,13,24,[ 2 10],14,-1,50,-1,26
1,<environment.Job instance at 0x7f91483d6a50>,22,25,[11  4],23,-1,51,-1,26
1,<environment.Job instance at 0x7f91483d6640>,24,23,[1 6],25,-1,49,-1,26
1,<environment.Job instance at 0x7f91483d6820>,25,17,[12  4],26,-1,43,-1,26
1,<environment.Job instance at 0x7f91483d6780>,26,12,[13  4],27,-1,50,-1,38
1,<environment.Job instance at 0x7f91483d6370>,27,12,[14  3],28,-1,50,-1,38
1,<environment.Job instance at 0x7f91483d6f50>,28,15,[ 1 12],29,-1,53,-1,38
1,<environment.Job instance at 0x7f91483d6190>,29,21,[ 5 14],30,-1,59,-1,38
1,<environment.Job instance at 0x7f91483d69b0>,30,16,[11  2],31,-1,54,-1,38
1,<environment.Job instance at 0x7f91483da780>,32,22,[ 5 13],33,-1,63,-1,41
1,<environment.Job instance at 0x7f91483da230>,34,28,[2 9],35,-1,84,-1,56
1,<environment.Job instance at 0x7f91483da6e0>,35,25,[7 1],36,-1,81,-1,56
1,<environment.Job instance at 0x7f91483da500>,37,27,[ 5 10],38,-1,99,-1,72
1,<environment.Job instance at 0x7f91483da460>,38,20,[ 3 13],39,-1,92,-1,72
1,<environment.Job instance at 0x7f91483dae10>,40,17,[12  4],41,-1,89,-1,72
1,<environment.Job instance at 0x7f91483da410>,42,20,[ 4 11],43,-1,94,-1,74
1,<environment.Job instance at 0x7f91483dabe0>,43,14,[ 5 12],44,-1,88,-1,74
1,<environment.Job instance at 0x7f91483da5f0>,44,24,[ 5 11],45,-1,98,-1,74
1,<environment.Job instance at 0x7f91483da370>,41,26,[ 4 10],42,-1,115,-1,89
1,<environment.Job instance at 0x7f91483dafa0>,46,18,[11  5],47,-1,107,-1,89
1,<environment.Job instance at 0x7f91483de550>,47,12,[ 3 14],48,-1,101,-1,89
1,<environment.Job instance at 0x7f91483de0a0>,48,27,[1 5],49,-1,116,-1,89
1,<environment.Job instance at 0x7f91483dec80>,49,17,[ 1 11],50,-1,106,-1,89
1,<environment.Job instance at 0x7f91483de910>,51,17,[ 2 13],52,-1,106,-1,89
1,<environment.Job instance at 0x7f91483de820>,52,27,[12  4],53,-1,116,-1,89
1,<environment.Job instance at 0x7f91483de1e0>,54,12,[ 1 12],55,-1,101,-1,89
1,<environment.Job instance at 0x7f91483de730>,56,12,[ 5 12],57,-1,101,-1,89
1,<environment.Job instance at 0x7f91483de7d0>,57,14,[14  1],58,-1,103,-1,89
1,<environment.Job instance at 0x7f91483dadc0>,45,25,[7 3],46,-1,116,-1,91
1,<environment.Job instance at 0x7f91483e10a0>,59,14,[12  4],60,-1,105,-1,91
1,<environment.Job instance at 0x7f91483e1190>,60,18,[11  5],61,-1,109,-1,91
1,<environment.Job instance at 0x7f91483e1050>,62,12,[14  4],63,-1,115,-1,103
1,<environment.Job instance at 0x7f91483e1370>,64,25,[13  4],65,-1,128,-1,103
1,<environment.Job instance at 0x7f91483e1690>,66,13,[12  2],67,-1,120,-1,107
1,<environment.Job instance at 0x7f91483e1230>,67,22,[13  4],68,-1,129,-1,107
1,<environment.Job instance at 0x7f91483e1410>,68,14,[11  2],69,-1,121,-1,107
1,<environment.Job instance at 0x7f91483e4320>,69,24,[ 2 14],70,-1,131,-1,107
1,<environment.Job instance at 0x7f91483e4410>,70,28,[2 7],71,-1,146,-1,118
1,<environment.Job instance at 0x7f91483e4370>,71,13,[ 1 14],72,-1,131,-1,118
1,<environment.Job instance at 0x7f91483e42d0>,73,23,[12  2],74,-1,141,-1,118
1,<environment.Job instance at 0x7f91483e4cd0>,74,18,[ 4 12],75,-1,136,-1,118
1,<environment.Job instance at 0x7f91483e4f00>,75,25,[6 5],76,-1,145,-1,120
1,<environment.Job instance at 0x7f91483e4b40>,79,17,[ 4 14],80,-1,148,-1,131
1,<environment.Job instance at 0x7f91483e4640>,80,15,[ 2 14],81,-1,146,-1,131
1,<environment.Job instance at 0x7f91483e4230>,81,17,[ 5 13],82,-1,148,-1,131
1,<environment.Job instance at 0x7f91483e4eb0>,82,23,[12  3],83,-1,154,-1,131
1,<environment.Job instance at 0x7f91483e4780>,83,20,[14  1],84,-1,151,-1,131
1,<environment.Job instance at 0x7f91483e4910>,77,27,[5 9],78,-1,162,-1,135
1,<environment.Job instance at 0x7f91483e4aa0>,78,27,[2 6],79,-1,162,-1,135
1,<environment.Job instance at 0x7f914846f2d0>,88,25,[ 1 10],89,-1,173,-1,148
1,<environment.Job instance at 0x7f914846f500>,90,18,[14  3],91,-1,166,-1,148
1,<environment.Job instance at 0x7f914846f320>,93,18,[14  3],94,-1,167,-1,149
1,<environment.Job instance at 0x7f914846f730>,94,23,[ 2 11],95,-1,172,-1,149
1,<environment.Job instance at 0x7f914846feb0>,95,18,[ 5 11],96,-1,167,-1,149
1,<environment.Job instance at 0x7f914846f960>,96,27,[11  5],97,-1,176,-1,149
1,<environment.Job instance at 0x7f914846fcd0>,97,17,[12  5],98,-1,166,-1,149
1,<environment.Job instance at 0x7f914846f9b0>,99,21,[11  1],100,-1,184,-1,163
1,<environment.Job instance at 0x7f914846fdc0>,100,14,[12  4],101,-1,177,-1,163
1,<environment.Job instance at 0x7f914846fc80>,101,26,[5 4],102,-1,189,-1,163
1,<environment.Job instance at 0x7f9148c0d4b0>,6,16,[5 8],7,-1,24,-1,8
1,<environment.Job instance at 0x7f9148444c30>,7,21,[14  1],8,-1,30,-1,9
1,<environment.Job instance at 0x7f9148c0e3c0>,10,24,[ 4 11],11,-1,97,-1,73
1,<environment.Job instance at 0x7f914893dd20>,0,18,[11  4],1,-1,19,-1,1
1,<environment.Job instance at 0x7f914893d8c0>,3,25,[4 6],4,-1,29,-1,4
1,<environment.Job instance at 0x7f914893df50>,7,21,[14  1],8,-1,29,-1,8
1,<environment.Job instance at 0x7f914893d0f0>,8,17,[ 1 13],9,-1,26,-1,9
1,<environment.Job instance at 0x7f914893d7d0>,9,16,[12  4],10,-1,26,-1,10
1,<environment.Job instance at 0x7f914893d190>,10,24,[ 4 11],11,-1,35,-1,11
1,<environment.Job instance at 0x7f9148d55d70>,15,12,[ 1 14],16,-1,28,-1,16
1,<environment.Job instance at 0x7f914894d0f0>,16,14,[13  4],17,-1,31,-1,17
1,<environment.Job instance at 0x7f9148add230>,5,24,[7 5],6,-1,47,-1,23
1,<environment.Job instance at 0x7f914894da50>,18,13,[13  3],19,-1,36,-1,23
1,<environment.Job instance at 0x7f91488f6050>,19,18,[ 3 12],20,-1,41,-1,23
1,<environment.Job instance at 0x7f91488f6500>,20,27,[ 3 14],21,-1,50,-1,23
1,<environment.Job instance at 0x7f91488f6730>,22,27,[ 5 13],23,-1,50,-1,23
1,<environment.Job instance at 0x7f91488f68c0>,23,25,[13  4],24,-1,49,-1,24
1,<environment.Job instance at 0x7f91488f6af0>,24,27,[ 2 14],25,-1,52,-1,25
1,<environment.Job instance at 0x7f91488f6280>,26,18,[ 4 13],27,-1,45,-1,27
1,<environment.Job instance at 0x7f91488f61e0>,27,12,[ 5 12],28,-1,40,-1,28
1,<environment.Job instance at 0x7f91488e5730>,31,23,[12  3],32,-1,60,-1,37
1,<environment.Job instance at 0x7f91488e5280>,34,12,[13  4],35,-1,57,-1,45
1,<environment.Job instance at 0x7f91488e5be0>,35,23,[4 5],36,-1,77,-1,54
1,<environment.Job instance at 0x7f91488e5d20>,38,17,[13  5],39,-1,75,-1,58
1,<environment.Job instance at 0x7f91488e5cd0>,39,26,[4 6],40,-1,84,-1,58
1,<environment.Job instance at 0x7f91488e5820>,41,23,[ 4 11],42,-1,82,-1,59
1,<environment.Job instance at 0x7f91488e5870>,42,26,[ 3 14],43,-1,85,-1,59
1,<environment.Job instance at 0x7f91488e5d70>,43,12,[ 2 13],44,-1,71,-1,59
1,<environment.Job instance at 0x7f91488e5e10>,44,19,[ 4 11],45,-1,78,-1,59
1,<environment.Job instance at 0x7f91485324b0>,46,12,[11  1],47,-1,82,-1,70
1,<environment.Job instance at 0x7f914860ceb0>,48,25,[14  5],49,-1,99,-1,74
1,<environment.Job instance at 0x7f914860c370>,49,27,[6 1],50,-1,114,-1,87
1,<environment.Job instance at 0x7f914860c960>,51,13,[12  5],52,-1,100,-1,87
1,<environment.Job instance at 0x7f914880b500>,53,16,[11  4],54,-1,103,-1,87
1,<environment.Job instance at 0x7f9148406370>,55,27,[12  1],56,-1,122,-1,95
1,<environment.Job instance at 0x7f914846f410>,56,22,[11  5],57,-1,117,-1,95
1,<environment.Job instance at 0x7f914846f5f0>,58,22,[ 3 14],59,-1,117,-1,95
1,<environment.Job instance at 0x7f914846fd70>,59,26,[2 7],60,-1,127,-1,101
1,<environment.Job instance at 0x7f914846f7d0>,60,23,[10  3],61,-1,133,-1,110
1,<environment.Job instance at 0x7f914846f960>,61,16,[14  1],62,-1,126,-1,110
1,<environment.Job instance at 0x7f914846f780>,62,23,[13  2],63,-1,133,-1,110
1,<environment.Job instance at 0x7f914846feb0>,63,25,[4 5],64,-1,135,-1,110
1,<environment.Job instance at 0x7f914846f730>,64,21,[14  1],65,-1,131,-1,110
1,<environment.Job instance at 0x7f914846f320>,65,18,[11  1],66,-1,128,-1,110
1,<environment.Job instance at 0x7f914846faf0>,66,19,[ 3 12],67,-1,129,-1,110
1,<environment.Job instance at 0x7f914846f500>,68,18,[12  5],69,-1,129,-1,111
1,<environment.Job instance at 0x7f914846f050>,69,27,[13  3],70,-1,138,-1,111
1,<environment.Job instance at 0x7f914846f4b0>,71,27,[4 6],72,-1,138,-1,111
1,<environment.Job instance at 0x7f914846f0a0>,72,14,[14  1],73,-1,125,-1,111
1,<environment.Job instance at 0x7f914846f190>,73,16,[ 4 12],74,-1,127,-1,111
1,<environment.Job instance at 0x7f91483e4f50>,74,17,[14  4],75,-1,128,-1,111
1,<environment.Job instance at 0x7f91483e4140>,76,17,[ 5 14],77,-1,145,-1,128
1,<environment.Job instance at 0x7f91483e4b40>,77,25,[11  4],78,-1,153,-1,128
1,<environment.Job instance at 0x7f91483e4c80>,81,27,[ 1 11],82,-1,170,-1,143
1,<environment.Job instance at 0x7f91483e43c0>,83,26,[11  2],84,-1,190,-1,164
1,<environment.Job instance at 0x7f914884edc0>,5,22,[7 1],6,-1,29,-1,7
1,<environment.Job instance at 0x7f914884e280>,7,17,[5 4],8,-1,25,-1,8
1,<environment.Job instance at 0x7f9148a7c320>,6,28,[5 4],7,-1,36,-1,8
1,<environment.Job instance at 0x7f914884e0f0>,9,16,[ 4 10],10,-1,27,-1,11
1,<environment.Job instance at 0x7f914884ec80>,11,17,[ 3 13],12,-1,29,-1,12
1,<environment.Job instance at 0x7f91483d65f0>,1,21,[13  2],2,-1,23,-1,2
1,<environment.Job instance at 0x7f91483d6780>,2,23,[14  5],3,-1,26,-1,3
1,<environment.Job instance at 0x7f91483d6820>,3,14,[14  2],4,-1,18,-1,4
1,<environment.Job instance at 0x7f9148868190>,10,18,[ 5 14],11,-1,32,-1,14
1,<environment.Job instance at 0x7f914884e5f0>,11,17,[ 3 13],12,-1,31,-1,14
1,<environment.Job instance at 0x7f91488855a0>,12,23,[13  3],13,-1,37,-1,14
1,<environment.Job instance at 0x7f914884e050>,13,18,[ 2 12],14,-1,32,-1,14
1,<environment.Job instance at 0x7f91483d6640>,6,28,[5 4],7,-1,42,-1,14
1,<environment.Job instance at 0x7f9148a7cb40>,14,28,[11  1],15,-1,43,-1,15
1,<environment.Job instance at 0x7f9148c5dd70>,16,12,[13  5],17,-1,29,-1,17
1,<environment.Job instance at 0x7f9148888e60>,17,20,[ 5 14],18,-1,38,-1,18
1,<environment.Job instance at 0x7f91488880f0>,18,27,[ 2 14],19,-1,46,-1,19
1,<environment.Job instance at 0x7f9148f36460>,20,15,[ 4 11],21,-1,36,-1,21
1,<environment.Job instance at 0x7f9148888410>,21,15,[13  5],22,-1,37,-1,22
1,<environment.Job instance at 0x7f9148c66910>,22,13,[14  4],23,-1,36,-1,23
1,<environment.Job instance at 0x7f9148386230>,23,16,[14  2],24,-1,40,-1,24
1,<environment.Job instance at 0x7f9148f4faf0>,24,25,[14  4],25,-1,50,-1,25
1,<environment.Job instance at 0x7f9148c92730>,25,19,[13  5],26,-1,45,-1,26
1,<environment.Job instance at 0x7f9148f4fd20>,26,26,[10  2],27,-1,59,-1,33
1,<environment.Job instance at 0x7f9148c58aa0>,30,23,[ 3 13],31,-1,56,-1,33
1,<environment.Job instance at 0x7f9148c58050>,31,13,[12  5],32,-1,46,-1,33
1,<environment.Job instance at 0x7f9148b7cb90>,29,26,[2 9],30,-1,59,-1,33
1,<environment.Job instance at 0x7f9148427d20>,35,26,[5 7],36,-1,74,-1,48
1,<environment.Job instance at 0x7f91489df0f0>,36,28,[14  1],37,-1,76,-1,48
1,<environment.Job instance at 0x7f9148c8a9b0>,37,16,[ 3 12],38,-1,64,-1,48
1,<environment.Job instance at 0x7f9148ffc4b0>,38,26,[12  1],39,-1,74,-1,48
1,<environment.Job instance at 0x7f9149a46730>,39,22,[14  5],40,-1,70,-1,48
1,<environment.Job instance at 0x7f9149a469b0>,40,18,[12  5],41,-1,66,-1,48
1,<environment.Job instance at 0x7f914921bdc0>,41,14,[13  4],42,-1,62,-1,48
1,<environment.Job instance at 0x7f9148a0a5a0>,42,25,[ 1 13],43,-1,73,-1,48
1,<environment.Job instance at 0x7f9149307dc0>,44,16,[11  5],45,-1,64,-1,48
1,<environment.Job instance at 0x7f9148ae8aa0>,45,25,[2 8],46,-1,73,-1,48
1,<environment.Job instance at 0x7f9148c31af0>,47,26,[2 7],48,-1,87,-1,61
1,<environment.Job instance at 0x7f9151f70f50>,49,23,[1 6],50,-1,84,-1,61
1,<environment.Job instance at 0x7f9151f5cdc0>,50,26,[13  5],51,-1,87,-1,61
1,<environment.Job instance at 0x7f9148c78eb0>,51,16,[ 1 13],52,-1,77,-1,61
1,<environment.Job instance at 0x7f9148c787d0>,52,25,[4 9],53,-1,91,-1,66
1,<environment.Job instance at 0x7f9149280c80>,54,14,[13  3],55,-1,80,-1,66
1,<environment.Job instance at 0x7f9149280460>,55,14,[13  2],56,-1,80,-1,66
1,<environment.Job instance at 0x7f9148d6d370>,58,28,[12  3],59,-1,94,-1,66
1,<environment.Job instance at 0x7f9148d6dcd0>,57,28,[9 2],58,-1,108,-1,80
1,<environment.Job instance at 0x7f914868faf0>,64,12,[ 3 12],65,-1,107,-1,95
1,<environment.Job instance at 0x7f91485ab6e0>,65,12,[11  4],66,-1,107,-1,95
1,<environment.Job instance at 0x7f9149310a50>,66,20,[ 3 14],67,-1,115,-1,95
1,<environment.Job instance at 0x7f91485ab640>,67,16,[12  1],68,-1,111,-1,95
1,<environment.Job instance at 0x7f9149310500>,70,28,[ 1 11],71,-1,137,-1,109
1,<environment.Job instance at 0x7f91489ac3c0>,72,28,[14  4],73,-1,140,-1,112
1,<environment.Job instance at 0x7f91489ace10>,73,27,[13  4],74,-1,139,-1,112
1,<environment.Job instance at 0x7f91489ac0a0>,74,12,[ 5 11],75,-1,124,-1,112
1,<environment.Job instance at 0x7f91489ac500>,76,17,[14  2],77,-1,143,-1,126
1,<environment.Job instance at 0x7f91489ac320>,77,17,[ 1 12],78,-1,143,-1,126
1,<environment.Job instance at 0x7f91489acd70>,79,22,[ 3 14],80,-1,150,-1,128
1,<environment.Job instance at 0x7f91489acf00>,80,15,[ 2 11],81,-1,143,-1,128
1,<environment.Job instance at 0x7f9148bbdb90>,81,22,[ 2 13],82,-1,150,-1,128
1,<environment.Job instance at 0x7f91489e0370>,83,26,[ 4 14],84,-1,165,-1,139
1,<environment.Job instance at 0x7f9149221820>,85,26,[3 9],86,-1,187,-1,161
1,<environment.Job instance at 0x7f9149276cd0>,87,23,[8 2],88,-1,184,-1,161
1,<environment.Job instance at 0x7f91492765a0>,88,26,[ 2 11],89,-1,187,-1,161
1,<environment.Job instance at 0x7f91489b7190>,89,27,[6 4],90,-1,188,-1,161
1,<environment.Job instance at 0x7f9148e86640>,90,25,[ 4 14],91,-1,186,-1,161
1,<environment.Job instance at 0x7f9148bbd370>,86,23,[10  3],87,-1,184,-1,161
1,<environment.Job instance at 0x7f91495bd690>,92,18,[ 2 12],93,-1,179,-1,161
1,<environment.Job instance at 0x7f9148747c30>,94,24,[13  5],95,-1,185,-1,161
1,<environment.Job instance at 0x7f9148747140>,95,12,[ 4 13],96,-1,173,-1,161
1,<environment.Job instance at 0x7f9148fe10f0>,96,27,[14  3],97,-1,188,-1,161
1,<environment.Job instance at 0x7f9148817f00>,0,28,[7 5],1,-1,29,-1,1
1,<environment.Job instance at 0x7f914848f550>,2,20,[5 8],3,-1,23,-1,3
1,<environment.Job instance at 0x7f91493dec80>,9,23,[12  5],10,-1,58,-1,35
1,<environment.Job instance at 0x7f91491b7780>,12,17,[6 4],13,-1,52,-1,35
1,<environment.Job instance at 0x7f91493c9190>,14,21,[ 3 10],15,-1,57,-1,36
1,<environment.Job instance at 0x7f91493c9aa0>,15,13,[12  5],16,-1,49,-1,36
1,<environment.Job instance at 0x7f91493d82d0>,25,20,[ 2 11],26,-1,76,-1,56
1,<environment.Job instance at 0x7f9149232d20>,8,25,[7 3],9,-1,84,-1,59
1,<environment.Job instance at 0x7f91493d8f00>,27,15,[ 4 13],28,-1,74,-1,59
1,<environment.Job instance at 0x7f91493c9dc0>,19,24,[8 5],20,-1,83,-1,59
1,<environment.Job instance at 0x7f91486dab90>,28,16,[12  3],29,-1,75,-1,59
1,<environment.Job instance at 0x7f91486dac30>,30,17,[14  2],31,-1,76,-1,59
1,<environment.Job instance at 0x7f91493dee10>,4,19,[13  1],5,-1,78,-1,59
1,<environment.Job instance at 0x7f91486daaf0>,29,26,[7 4],30,-1,85,-1,59
1,<environment.Job instance at 0x7f91493c9d20>,16,14,[ 2 12],17,-1,74,-1,60
1,<environment.Job instance at 0x7f91493de2d0>,6,23,[ 2 12],7,-1,83,-1,60
1,<environment.Job instance at 0x7f91493e79b0>,33,19,[10  1],34,-1,79,-1,60
1,<environment.Job instance at 0x7f91493e7b40>,34,22,[11  1],35,-1,82,-1,60
1,<environment.Job instance at 0x7f91499f1320>,35,20,[1 8],36,-1,80,-1,60
1,<environment.Job instance at 0x7f91488a5e10>,36,18,[5 4],37,-1,80,-1,62
1,<environment.Job instance at 0x7f9151fb40f0>,37,17,[7 2],38,-1,79,-1,62
1,<environment.Job instance at 0x7f9151fb4230>,38,18,[ 4 10],39,-1,80,-1,62
1,<environment.Job instance at 0x7f914986baa0>,32,20,[ 4 11],33,-1,82,-1,62
1,<environment.Job instance at 0x7f91486e2690>,43,15,[10  5],44,-1,97,-1,82
1,<environment.Job instance at 0x7f9151fc6820>,46,16,[4 7],47,-1,98,-1,82
1,<environment.Job instance at 0x7f91486e2c30>,44,25,[9 5],45,-1,110,-1,85
1,<environment.Job instance at 0x7f91493edb90>,49,26,[7 2],50,-1,111,-1,85
1,<environment.Job instance at 0x7f9151fabfa0>,50,15,[13  5],51,-1,102,-1,87
1,<environment.Job instance at 0x7f9151fc66e0>,48,22,[ 1 13],49,-1,109,-1,87
1,<environment.Job instance at 0x7f91493ed410>,52,25,[10  3],53,-1,112,-1,87
1,<environment.Job instance at 0x7f9149a0ab90>,45,22,[3 8],46,-1,110,-1,88
1,<environment.Job instance at 0x7f9151fd57d0>,53,18,[ 4 11],54,-1,106,-1,88
1,<environment.Job instance at 0x7f9151fd58c0>,55,18,[ 5 14],56,-1,107,-1,89
1,<environment.Job instance at 0x7f9151fb2be0>,54,15,[3 5],55,-1,110,-1,95
1,<environment.Job instance at 0x7f91493c9910>,21,14,[14  1],22,-1,111,-1,97
1,<environment.Job instance at 0x7f9151fa90a0>,56,18,[ 3 11],57,-1,116,-1,98
1,<environment.Job instance at 0x7f9148c89820>,0,28,[7 5],1,-1,29,-1,1
1,<environment.Job instance at 0x7f9148c89b90>,1,22,[12  4],2,-1,24,-1,2
1,<environment.Job instance at 0x7f9148c8ca00>,3,24,[8 5],4,-1,28,-1,4
1,<environment.Job instance at 0x7f9148c8cf50>,4,19,[13  1],5,-1,24,-1,5
1,<environment.Job instance at 0x7f9148c8cfa0>,5,23,[11  5],6,-1,29,-1,6
1,<environment.Job instance at 0x7f9148c8cb40>,6,23,[ 2 12],7,-1,30,-1,7
1,<environment.Job instance at 0x7f9148c865f0>,9,23,[12  5],10,-1,33,-1,10
1,<environment.Job instance at 0x7f9148c8c190>,10,13,[11  2],11,-1,24,-1,11
1,<environment.Job instance at 0x7f9148852410>,13,17,[ 4 13],14,-1,31,-1,14
1,<environment.Job instance at 0x7f9148796500>,15,13,[12  5],16,-1,29,-1,16
1,<environment.Job instance at 0x7f9148852be0>,16,14,[ 2 12],17,-1,31,-1,17
1,<environment.Job instance at 0x7f9148c8c4b0>,8,25,[7 3],9,-1,47,-1,22
1,<environment.Job instance at 0x7f9148f32f00>,19,24,[8 5],20,-1,46,-1,22
1,<environment.Job instance at 0x7f9148f327d0>,20,21,[ 3 11],21,-1,43,-1,22
1,<environment.Job instance at 0x7f9148f32c30>,21,14,[14  1],22,-1,36,-1,22
1,<environment.Job instance at 0x7f9148852500>,11,27,[5 2],12,-1,49,-1,22
1,<environment.Job instance at 0x7f9148bf85f0>,25,20,[ 2 11],26,-1,46,-1,26
1,<environment.Job instance at 0x7f9148c3a7d0>,27,15,[ 4 13],28,-1,49,-1,34
1,<environment.Job instance at 0x7f9148c3aa50>,28,16,[12  3],29,-1,50,-1,34
1,<environment.Job instance at 0x7f914848feb0>,30,17,[14  2],31,-1,57,-1,40
1,<environment.Job instance at 0x7f9148c0eb90>,31,14,[ 3 14],32,-1,54,-1,40
1,<environment.Job instance at 0x7f914837ba50>,32,20,[ 4 11],33,-1,60,-1,40
1,<environment.Job instance at 0x7f91483885a0>,29,26,[7 4],30,-1,75,-1,49
1,<environment.Job instance at 0x7f9148fe17d0>,34,22,[11  1],35,-1,71,-1,49
1,<environment.Job instance at 0x7f9148c3ad70>,26,28,[3 9],27,-1,82,-1,54
1,<environment.Job instance at 0x7f91494960a0>,40,14,[ 2 12],41,-1,68,-1,54
1,<environment.Job instance at 0x7f9148fe1dc0>,41,28,[11  4],42,-1,82,-1,54
1,<environment.Job instance at 0x7f9148fe1050>,42,22,[ 5 12],43,-1,76,-1,54
1,<environment.Job instance at 0x7f91495bdcd0>,44,25,[9 5],45,-1,92,-1,67
1,<environment.Job instance at 0x7f9149276cd0>,48,22,[ 1 13],49,-1,104,-1,82
1,<environment.Job instance at 0x7f9149221c80>,50,15,[13  5],51,-1,99,-1,84
1,<environment.Job instance at 0x7f9149276be0>,49,26,[7 2],50,-1,120,-1,94
1,<environment.Job instance at 0x7f91493102d0>,52,25,[10  3],53,-1,119,-1,94
1,<environment.Job instance at 0x7f9149310460>,53,18,[ 4 11],54,-1,112,-1,94
1,<environment.Job instance at 0x7f9149310690>,55,18,[ 5 14],56,-1,112,-1,94
1,<environment.Job instance at 0x7f91485a76e0>,56,18,[ 3 11],57,-1,112,-1,94
1,<environment.Job instance at 0x7f91489d2e60>,57,27,[11  1],58,-1,121,-1,94
1,<environment.Job instance at 0x7f91485ab6e0>,58,28,[11  2],59,-1,122,-1,94
1,<environment.Job instance at 0x7f91485ab500>,59,23,[ 4 11],60,-1,117,-1,94
1,<environment.Job instance at 0x7f9148d6d730>,60,22,[ 1 14],61,-1,116,-1,94
1,<environment.Job instance at 0x7f9149280140>,64,27,[11  4],65,-1,141,-1,114
1,<environment.Job instance at 0x7f9149280460>,66,28,[8 1],67,-1,155,-1,127
1,<environment.Job instance at 0x7f9149307dc0>,68,23,[ 3 14],69,-1,150,-1,127
1,<environment.Job instance at 0x7f9148c31af0>,69,27,[ 4 13],70,-1,154,-1,127
1,<environment.Job instance at 0x7f9148c315f0>,70,22,[12  5],71,-1,149,-1,127
1,<environment.Job instance at 0x7f9148d3aa00>,74,14,[ 1 11],75,-1,143,-1,129
1,<environment.Job instance at 0x7f9148b7cb90>,76,27,[13  1],77,-1,156,-1,129
1,<environment.Job instance at 0x7f91484277d0>,78,26,[12  3],79,-1,170,-1,144
1,<environment.Job instance at 0x7f914914a910>,75,27,[10  2],76,-1,174,-1,147
1,<environment.Job instance at 0x7f9148c92820>,80,23,[13  4],81,-1,170,-1,147
1,<environment.Job instance at 0x7f9148386230>,81,25,[ 4 12],82,-1,172,-1,147
1,<environment.Job instance at 0x7f9148f36460>,82,26,[5 5],83,-1,173,-1,147
1,<environment.Job instance at 0x7f9148ad4370>,0,17,[2 9],1,-1,19,-1,2
1,<environment.Job instance at 0x7f9148ad4b40>,1,24,[5 4],2,-1,26,-1,2
1,<environment.Job instance at 0x7f9148ad40f0>,3,15,[10  1],4,-1,20,-1,5
1,<environment.Job instance at 0x7f9148ad4140>,4,27,[ 3 14],5,-1,32,-1,5
1,<environment.Job instance at 0x7f9152466910>,6,27,[3 6],7,-1,34,-1,7
1,<environment.Job instance at 0x7f9152466690>,8,18,[5 2],9,-1,27,-1,9
1,<environment.Job instance at 0x7f91485ba5f0>,1,24,[5 4],2,-1,26,-1,2
1,<environment.Job instance at 0x7f9151f5cc80>,2,20,[ 1 13],3,-1,23,-1,3
1,<environment.Job instance at 0x7f9149a35a00>,4,27,[ 3 14],5,-1,32,-1,5
1,<environment.Job instance at 0x7f9149748cd0>,9,28,[12  3],10,-1,38,-1,10
1,<environment.Job instance at 0x7f9148f08af0>,6,27,[3 6],7,-1,45,-1,18
1,<environment.Job instance at 0x7f9148a7c190>,11,12,[ 3 13],12,-1,30,-1,18
1,<environment.Job instance at 0x7f9148a7c460>,12,17,[14  5],13,-1,35,-1,18
1,<environment.Job instance at 0x7f9148a7c690>,13,15,[14  2],14,-1,33,-1,18
1,<environment.Job instance at 0x7f9148a7cb40>,14,15,[ 1 12],15,-1,33,-1,18
1,<environment.Job instance at 0x7f9148a7c2d0>,10,27,[5 2],11,-1,45,-1,18
1,<environment.Job instance at 0x7f91488686e0>,18,12,[ 1 12],19,-1,31,-1,19
1,<environment.Job instance at 0x7f9148868550>,21,22,[14  3],22,-1,52,-1,30
1,<environment.Job instance at 0x7f9148f36460>,22,22,[11  5],23,-1,52,-1,30
1,<environment.Job instance at 0x7f9148d3aa00>,25,21,[11  3],26,-1,64,-1,43
1,<environment.Job instance at 0x7f914848c230>,26,24,[1 8],27,-1,67,-1,43
1,<environment.Job instance at 0x7f9148a0a5a0>,29,12,[11  2],30,-1,56,-1,44
1,<environment.Job instance at 0x7f9148c78eb0>,30,18,[ 3 11],31,-1,62,-1,44
1,<environment.Job instance at 0x7f91489d2e60>,31,15,[ 3 12],32,-1,59,-1,44
1,<environment.Job instance at 0x7f91485ab640>,33,24,[2 8],34,-1,81,-1,57
1,<environment.Job instance at 0x7f9149310870>,35,13,[14  2],36,-1,70,-1,57
1,<environment.Job instance at 0x7f9149310500>,36,12,[ 5 14],37,-1,69,-1,57
1,<environment.Job instance at 0x7f9149310a50>,37,28,[11  4],38,-1,85,-1,57
1,<environment.Job instance at 0x7f9149310460>,38,23,[1 6],39,-1,83,-1,60
1,<environment.Job instance at 0x7f9149276320>,39,26,[1 8],40,-1,88,-1,62
1,<environment.Job instance at 0x7f9148a0af50>,34,24,[5 7],35,-1,86,-1,62
1,<environment.Job instance at 0x7f9148fe1190>,44,24,[5 3],45,-1,98,-1,74
1,<environment.Job instance at 0x7f9148fe1550>,45,15,[ 1 14],46,-1,89,-1,74
1,<environment.Job instance at 0x7f9148fe1be0>,46,24,[5 2],47,-1,98,-1,74
1,<environment.Job instance at 0x7f91495bd690>,43,25,[7 5],44,-1,99,-1,74
1,<environment.Job instance at 0x7f9148fe1370>,49,20,[ 4 13],50,-1,94,-1,74
1,<environment.Job instance at 0x7f9148fe1af0>,47,25,[8 1],48,-1,105,-1,80
1,<environment.Job instance at 0x7f9148c3a640>,53,26,[9 3],54,-1,127,-1,101
1,<environment.Job instance at 0x7f9148c3ad70>,55,20,[14  4],56,-1,121,-1,101
1,<environment.Job instance at 0x7f9148796be0>,57,14,[ 3 11],58,-1,115,-1,101
1,<environment.Job instance at 0x7f9148f32640>,58,14,[14  2],59,-1,115,-1,101
1,<environment.Job instance at 0x7f9148f324b0>,59,20,[14  4],60,-1,121,-1,101
1,<environment.Job instance at 0x7f9148852be0>,60,15,[ 4 12],61,-1,116,-1,101
1,<environment.Job instance at 0x7f9148852370>,62,26,[13  4],63,-1,127,-1,101
1,<environment.Job instance at 0x7f9148ad4eb0>,64,24,[ 3 14],65,-1,130,-1,106
1,<environment.Job instance at 0x7f9148ad4c30>,65,16,[11  5],66,-1,122,-1,106
1,<environment.Job instance at 0x7f9148ad4a00>,67,13,[13  2],68,-1,120,-1,107
1,<environment.Job instance at 0x7f914867ae60>,68,23,[11  5],69,-1,130,-1,107
1,<environment.Job instance at 0x7f914867a910>,69,23,[8 2],70,-1,141,-1,118
1,<environment.Job instance at 0x7f914867aeb0>,71,14,[ 3 13],72,-1,132,-1,118
1,<environment.Job instance at 0x7f914867a6e0>,72,23,[6 1],73,-1,141,-1,118
1,<environment.Job instance at 0x7f914867a690>,73,19,[12  4],74,-1,137,-1,118
1,<environment.Job instance at 0x7f914867a320>,75,16,[13  3],76,-1,134,-1,118
1,<environment.Job instance at 0x7f914867a5f0>,78,26,[1 8],79,-1,173,-1,147
1,<environment.Job instance at 0x7f914867a190>,79,12,[ 1 13],80,-1,159,-1,147
1,<environment.Job instance at 0x7f914867aaa0>,80,26,[ 2 10],81,-1,173,-1,147
1,<environment.Job instance at 0x7f91496cd910>,84,16,[ 3 12],85,-1,175,-1,159
1,<environment.Job instance at 0x7f91496cd4b0>,85,26,[ 5 13],86,-1,185,-1,159
1,<environment.Job instance at 0x7f91496cd640>,87,15,[11  1],88,-1,177,-1,162
1,<environment.Job instance at 0x7f91496cd280>,88,19,[13  4],89,-1,181,-1,162
1,<environment.Job instance at 0x7f9148297d20>,0,12,[9 5],1,-1,14,-1,2
1,<environment.Job instance at 0x7f9148297320>,2,12,[9 4],3,-1,15,-1,3
1,<environment.Job instance at 0x7f91482977d0>,3,21,[1 8],4,-1,25,-1,4
1,<environment.Job instance at 0x7f9148297fa0>,1,23,[3 9],2,-1,28,-1,5
1,<environment.Job instance at 0x7f91482971e0>,6,18,[10  3],7,-1,26,-1,8
1,<environment.Job instance at 0x7f9148297140>,8,20,[6 2],9,-1,29,-1,9
1,<environment.Job instance at 0x7f91482cd460>,11,17,[ 2 14],12,-1,31,-1,14
1,<environment.Job instance at 0x7f91482cd910>,15,24,[6 2],16,-1,42,-1,18
1,<environment.Job instance at 0x7f91482cd370>,24,19,[ 4 11],25,-1,71,-1,52
1,<environment.Job instance at 0x7f91482cde10>,13,28,[11  2],14,-1,80,-1,52
1,<environment.Job instance at 0x7f91482cd780>,17,26,[12  4],18,-1,82,-1,56
1,<environment.Job instance at 0x7f9148297190>,10,23,[5 9],11,-1,86,-1,63
1,<environment.Job instance at 0x7f91482cdcd0>,27,27,[5 9],28,-1,106,-1,79
1,<environment.Job instance at 0x7f91482cdb90>,14,28,[ 4 10],15,-1,107,-1,79
1,<environment.Job instance at 0x7f91482cda50>,29,24,[3 7],30,-1,103,-1,79
1,<environment.Job instance at 0x7f9148228fa0>,40,16,[10  4],41,-1,128,-1,112
1,<environment.Job instance at 0x7f9148228c80>,37,18,[ 1 14],38,-1,132,-1,114
1,<environment.Job instance at 0x7f914934ca00>,1,23,[3 9],2,-1,25,-1,2
1,<environment.Job instance at 0x7f914934c3c0>,4,17,[ 4 14],5,-1,22,-1,5
1,<environment.Job instance at 0x7f914934cb90>,5,15,[ 2 14],6,-1,21,-1,6
1,<environment.Job instance at 0x7f914934c0a0>,11,17,[ 2 14],12,-1,30,-1,13
1,<environment.Job instance at 0x7f914934cc30>,12,22,[11  4],13,-1,35,-1,13
1,<environment.Job instance at 0x7f91496cd820>,13,28,[11  2],14,-1,42,-1,14
1,<environment.Job instance at 0x7f91496cd7d0>,14,28,[ 4 10],15,-1,53,-1,25
1,<environment.Job instance at 0x7f91496cdf00>,15,24,[6 2],16,-1,49,-1,25
1,<environment.Job instance at 0x7f914934c370>,10,23,[5 9],11,-1,48,-1,25
1,<environment.Job instance at 0x7f91496cdd20>,17,26,[12  4],18,-1,51,-1,25
1,<environment.Job instance at 0x7f91496cd5f0>,18,13,[12  3],19,-1,38,-1,25
1,<environment.Job instance at 0x7f91496cd1e0>,19,16,[ 5 11],20,-1,41,-1,25
1,<environment.Job instance at 0x7f91496cd8c0>,21,20,[ 1 11],22,-1,45,-1,25
1,<environment.Job instance at 0x7f91496cd640>,24,19,[ 4 11],25,-1,44,-1,25
1,<environment.Job instance at 0x7f91496cd500>,26,19,[13  2],27,-1,56,-1,37
1,<environment.Job instance at 0x7f91496cd410>,28,24,[ 3 14],29,-1,61,-1,37
1,<environment.Job instance at 0x7f91485ab500>,29,24,[3 7],30,-1,61,-1,37
1,<environment.Job instance at 0x7f91496cd780>,27,27,[5 9],28,-1,65,-1,38
1,<environment.Job instance at 0x7f9148764190>,32,14,[ 5 11],33,-1,52,-1,38
1,<environment.Job instance at 0x7f9148defa00>,35,17,[ 2 13],36,-1,67,-1,50
1,<environment.Job instance at 0x7f9148f03fa0>,36,16,[14  4],37,-1,66,-1,50
1,<environment.Job instance at 0x7f9148f03dc0>,37,18,[ 1 14],38,-1,68,-1,50
1,<environment.Job instance at 0x7f9149113be0>,38,16,[ 3 14],39,-1,66,-1,50
1,<environment.Job instance at 0x7f9149574190>,41,16,[11  2],42,-1,80,-1,64
1,<environment.Job instance at 0x7f9149834910>,43,23,[14  2],44,-1,87,-1,64
1,<environment.Job instance at 0x7f9149834b40>,44,24,[5 9],45,-1,103,-1,79
1,<environment.Job instance at 0x7f9148418460>,45,12,[12  5],46,-1,91,-1,79
1,<environment.Job instance at 0x7f9148418eb0>,46,28,[ 2 11],47,-1,107,-1,79
1,<environment.Job instance at 0x7f9148418280>,47,26,[9 1],48,-1,105,-1,79
1,<environment.Job instance at 0x7f9148f0f6e0>,49,23,[14  3],50,-1,102,-1,79
1,<environment.Job instance at 0x7f9149511820>,50,18,[ 3 13],51,-1,97,-1,79
1,<environment.Job instance at 0x7f9149511370>,51,12,[13  1],52,-1,91,-1,79
1,<environment.Job instance at 0x7f9149118be0>,52,16,[ 4 12],53,-1,95,-1,79
1,<environment.Job instance at 0x7f9149118a50>,53,25,[1 8],54,-1,105,-1,80
1,<environment.Job instance at 0x7f91490f5370>,57,26,[13  1],58,-1,118,-1,92
1,<environment.Job instance at 0x7f91490f5e10>,59,16,[14  1],60,-1,111,-1,95
1,<environment.Job instance at 0x7f914844baf0>,62,22,[14  5],63,-1,127,-1,105
1,<environment.Job instance at 0x7f914844ba50>,63,26,[4 8],64,-1,135,-1,109
1,<environment.Job instance at 0x7f91484345a0>,69,23,[ 5 11],70,-1,159,-1,136
1,<environment.Job instance at 0x7f91484296e0>,70,24,[9 1],71,-1,165,-1,141
1,<environment.Job instance at 0x7f91484310a0>,73,13,[11  2],74,-1,166,-1,153
1,<environment.Job instance at 0x7f9148431af0>,75,26,[11  3],76,-1,184,-1,158
1,<environment.Job instance at 0x7f9148431aa0>,76,25,[5 3],77,-1,193,-1,168
1,<environment.Job instance at 0x7f9148415690>,78,21,[ 3 11],79,-1,189,-1,168
1,<environment.Job instance at 0x7f9148f3e6e0>,1,27,[2 5],2,-1,29,-1,2
1,<environment.Job instance at 0x7f9148d22fa0>,14,27,[6 4],15,-1,89,-1,62
1,<environment.Job instance at 0x7f914894adc0>,19,19,[4 5],20,-1,81,-1,62
1,<environment.Job instance at 0x7f914934c1e0>,9,27,[ 1 14],10,-1,89,-1,62
1,<environment.Job instance at 0x7f9151f1be10>,1,27,[2 5],2,-1,29,-1,2
1,<environment.Job instance at 0x7f914982b820>,2,25,[ 2 12],3,-1,28,-1,3
1,<environment.Job instance at 0x7f914982b370>,4,23,[7 1],5,-1,28,-1,5
1,<environment.Job instance at 0x7f9148eb0be0>,5,23,[11  3],6,-1,29,-1,6
1,<environment.Job instance at 0x7f9151f1bd70>,6,26,[ 1 13],7,-1,33,-1,7
1,<environment.Job instance at 0x7f9148eb0f50>,7,24,[12  4],8,-1,32,-1,8
1,<environment.Job instance at 0x7f9148f0caa0>,9,27,[ 1 14],10,-1,37,-1,10
1,<environment.Job instance at 0x7f9149099e10>,12,28,[ 5 13],13,-1,41,-1,13
1,<environment.Job instance at 0x7f914949aeb0>,14,27,[6 4],15,-1,42,-1,15
1,<environment.Job instance at 0x7f91490f05f0>,15,13,[11  2],16,-1,29,-1,16
1,<environment.Job instance at 0x7f9148f08fa0>,16,17,[ 2 14],17,-1,34,-1,17
1,<environment.Job instance at 0x7f9148f0f820>,20,25,[1 6],21,-1,57,-1,32
1,<environment.Job instance at 0x7f9148f0f8c0>,21,20,[11  1],22,-1,52,-1,32
1,<environment.Job instance at 0x7f9149113cd0>,25,12,[ 1 13],26,-1,44,-1,32
1,<environment.Job instance at 0x7f9149113eb0>,26,23,[1 5],27,-1,65,-1,42
1,<environment.Job instance at 0x7f9149113910>,27,14,[ 3 11],28,-1,56,-1,42
1,<environment.Job instance at 0x7f9149113a50>,29,15,[14  1],30,-1,57,-1,42
1,<environment.Job instance at 0x7f914942e640>,31,15,[14  4],32,-1,60,-1,45
1,<environment.Job instance at 0x7f914942eb90>,33,20,[12  3],34,-1,65,-1,45
1,<environment.Job instance at 0x7f91491172d0>,34,20,[ 4 11],35,-1,65,-1,45
1,<environment.Job instance at 0x7f91491179b0>,35,19,[ 2 13],36,-1,64,-1,45
1,<environment.Job instance at 0x7f91490fa410>,36,15,[14  2],37,-1,60,-1,45
1,<environment.Job instance at 0x7f9148a7ceb0>,37,12,[13  3],38,-1,57,-1,45
1,<environment.Job instance at 0x7f914982b2d0>,3,24,[ 2 10],4,-1,85,-1,61
1,<environment.Job instance at 0x7f9148f530f0>,39,21,[11  1],40,-1,82,-1,61
1,<environment.Job instance at 0x7f9149117cd0>,32,25,[ 5 10],33,-1,86,-1,61
1,<environment.Job instance at 0x7f9148751b40>,42,23,[8 3],43,-1,86,-1,63
1,<environment.Job instance at 0x7f91489bc5f0>,44,18,[14  3],45,-1,81,-1,63
1,<environment.Job instance at 0x7f91525a5410>,45,13,[11  5],46,-1,76,-1,63
1,<environment.Job instance at 0x7f91490fae60>,41,25,[10  4],42,-1,103,-1,78
1,<environment.Job instance at 0x7f91487357d0>,47,20,[12  2],48,-1,98,-1,78
1,<environment.Job instance at 0x7f91487f9550>,49,28,[8 4],50,-1,106,-1,78
1,<environment.Job instance at 0x7f91495ec730>,50,17,[ 3 13],51,-1,95,-1,78
1,<environment.Job instance at 0x7f91493093c0>,52,18,[11  5],53,-1,96,-1,78
1,<environment.Job instance at 0x7f914880c550>,54,19,[12  3],55,-1,97,-1,78
1,<environment.Job instance at 0x7f914880c050>,55,27,[ 1 13],56,-1,105,-1,78
1,<environment.Job instance at 0x7f9149781910>,56,18,[11  3],57,-1,96,-1,78
1,<environment.Job instance at 0x7f9152358910>,58,21,[ 5 12],59,-1,111,-1,90
1,<environment.Job instance at 0x7f9152358e10>,61,19,[ 2 13],62,-1,111,-1,92
1,<environment.Job instance at 0x7f9152358fa0>,62,24,[ 4 12],63,-1,116,-1,92
1,<environment.Job instance at 0x7f9148ec7aa0>,64,23,[ 4 11],65,-1,127,-1,104
1,<environment.Job instance at 0x7f9148ec7960>,65,15,[14  2],66,-1,119,-1,104
1,<environment.Job instance at 0x7f9148ec75a0>,68,24,[4 6],69,-1,143,-1,119
1,<environment.Job instance at 0x7f9148ec73c0>,69,23,[13  5],70,-1,142,-1,119
1,<environment.Job instance at 0x7f9148aef3c0>,70,28,[14  2],71,-1,147,-1,119
1,<environment.Job instance at 0x7f914893d5a0>,74,22,[14  1],75,-1,158,-1,136
1,<environment.Job instance at 0x7f9148aef460>,75,22,[13  1],76,-1,158,-1,136
1,<environment.Job instance at 0x7f91492038c0>,76,24,[5 7],77,-1,166,-1,142
1,<environment.Job instance at 0x7f9149203eb0>,77,22,[ 2 12],78,-1,164,-1,142
1,<environment.Job instance at 0x7f9148e1a9b0>,79,26,[7 1],80,-1,179,-1,153
1,<environment.Job instance at 0x7f914947e8c0>,82,13,[14  3],83,-1,171,-1,158
1,<environment.Job instance at 0x7f914869baf0>,1,20,[5 8],2,-1,22,-1,2
1,<environment.Job instance at 0x7f914869b5a0>,2,21,[2 8],3,-1,25,-1,4
1,<environment.Job instance at 0x7f9151fc65f0>,6,19,[2 8],7,-1,26,-1,7
1,<environment.Job instance at 0x7f9151fc62d0>,7,21,[3 8],8,-1,29,-1,8
1,<environment.Job instance at 0x7f9151fc68c0>,12,23,[5 2],13,-1,39,-1,16
1,<environment.Job instance at 0x7f9151fc6be0>,15,15,[11  3],16,-1,38,-1,23
1,<environment.Job instance at 0x7f914952cbe0>,3,22,[ 2 12],4,-1,26,-1,4
1,<environment.Job instance at 0x7f914952ca50>,4,28,[ 3 11],5,-1,33,-1,5
1,<environment.Job instance at 0x7f914952caa0>,5,22,[ 3 13],6,-1,28,-1,6
1,<environment.Job instance at 0x7f914952c460>,8,28,[9 5],9,-1,37,-1,9
1,<environment.Job instance at 0x7f9149574550>,9,13,[13  1],10,-1,23,-1,10
1,<environment.Job instance at 0x7f91495745a0>,12,23,[5 2],13,-1,36,-1,13
1,<environment.Job instance at 0x7f914910d410>,13,22,[12  2],14,-1,36,-1,14
1,<environment.Job instance at 0x7f914910d820>,15,15,[11  3],16,-1,38,-1,23
1,<environment.Job instance at 0x7f914910d320>,16,28,[4 7],17,-1,54,-1,26
1,<environment.Job instance at 0x7f914844b960>,18,28,[ 4 10],19,-1,70,-1,42
1,<environment.Job instance at 0x7f914844bc80>,19,16,[11  3],20,-1,58,-1,42
1,<environment.Job instance at 0x7f914844b3c0>,21,27,[14  2],22,-1,69,-1,42
1,<environment.Job instance at 0x7f914844bbe0>,22,16,[13  2],23,-1,58,-1,42
1,<environment.Job instance at 0x7f914844b2d0>,23,14,[12  1],24,-1,56,-1,42
1,<environment.Job instance at 0x7f914877f550>,26,25,[ 4 13],27,-1,67,-1,42
1,<environment.Job instance at 0x7f914877fdc0>,27,20,[13  1],28,-1,62,-1,42
1,<environment.Job instance at 0x7f9148f03780>,28,27,[10  4],29,-1,82,-1,55
1,<environment.Job instance at 0x7f9148edeb40>,31,24,[ 4 10],32,-1,79,-1,55
1,<environment.Job instance at 0x7f9148edeaa0>,32,26,[ 4 13],33,-1,81,-1,55
1,<environment.Job instance at 0x7f9148ede500>,34,23,[7 4],35,-1,78,-1,55
1,<environment.Job instance at 0x7f9148edec80>,35,23,[5 6],36,-1,96,-1,73
1,<environment.Job instance at 0x7f9148434780>,37,25,[ 5 14],38,-1,98,-1,73
1,<environment.Job instance at 0x7f9148434e60>,40,27,[ 5 11],41,-1,100,-1,73
1,<environment.Job instance at 0x7f9148468be0>,43,27,[5 6],44,-1,116,-1,89
1,<environment.Job instance at 0x7f9148415e10>,46,26,[ 2 12],47,-1,128,-1,102
1,<environment.Job instance at 0x7f914947cb90>,49,28,[6 5],50,-1,145,-1,117
1,<environment.Job instance at 0x7f914947c5a0>,50,16,[14  5],51,-1,133,-1,117
1,<environment.Job instance at 0x7f914947ce10>,51,24,[5 1],52,-1,141,-1,117
1,<environment.Job instance at 0x7f914947caa0>,52,17,[ 5 12],53,-1,134,-1,117
1,<environment.Job instance at 0x7f9148448780>,55,24,[5 8],56,-1,147,-1,123
1,<environment.Job instance at 0x7f9148448140>,57,15,[12  1],58,-1,138,-1,123
1,<environment.Job instance at 0x7f9148448960>,58,23,[8 4],59,-1,146,-1,123
1,<environment.Job instance at 0x7f914947e2d0>,60,24,[1 9],61,-1,147,-1,123
1,<environment.Job instance at 0x7f914947e280>,61,19,[13  2],62,-1,142,-1,123
1,<environment.Job instance at 0x7f914947e8c0>,62,20,[11  2],63,-1,143,-1,123
1,<environment.Job instance at 0x7f9148e1a050>,63,12,[ 4 12],64,-1,135,-1,123
1,<environment.Job instance at 0x7f9148e1a5a0>,64,15,[14  2],65,-1,138,-1,123
1,<environment.Job instance at 0x7f91492038c0>,66,20,[ 5 11],67,-1,143,-1,123
1,<environment.Job instance at 0x7f9148815140>,67,12,[12  2],68,-1,135,-1,123
1,<environment.Job instance at 0x7f914947daf0>,65,27,[6 2],66,-1,156,-1,129
1,<environment.Job instance at 0x7f914893d5a0>,69,26,[4 6],70,-1,155,-1,129
1,<environment.Job instance at 0x7f914893d820>,70,24,[5 3],71,-1,153,-1,129
1,<environment.Job instance at 0x7f9148e4d460>,71,13,[13  3],72,-1,142,-1,129
1,<environment.Job instance at 0x7f9148aef730>,72,13,[11  1],73,-1,142,-1,129
1,<environment.Job instance at 0x7f9148ec7aa0>,73,23,[12  2],74,-1,152,-1,129
1,<environment.Job instance at 0x7f9148ec7960>,74,12,[12  1],75,-1,141,-1,129
1,<environment.Job instance at 0x7f9148ec75a0>,75,17,[12  5],76,-1,146,-1,129
1,<environment.Job instance at 0x7f91482d55f0>,78,25,[6 4],79,-1,169,-1,144
1,<environment.Job instance at 0x7f91482d54b0>,79,25,[14  3],80,-1,169,-1,144
1,<environment.Job instance at 0x7f9148ec7b40>,80,27,[8 1],81,-1,183,-1,156
1,<environment.Job instance at 0x7f9152358910>,82,20,[ 3 12],83,-1,176,-1,156
1,<environment.Job instance at 0x7f9149781500>,83,28,[1 8],84,-1,184,-1,156
1,<environment.Job instance at 0x7f9149781d70>,84,23,[13  1],85,-1,179,-1,156
1,<environment.Job instance at 0x7f9152358e60>,81,27,[7 5],82,-1,184,-1,157
1,<environment.Job instance at 0x7f91495ec730>,86,20,[ 5 14],87,-1,177,-1,157
1,<environment.Job instance at 0x7f91499df140>,87,17,[ 4 12],88,-1,174,-1,157
1,<environment.Job instance at 0x7f9151f94870>,88,14,[12  3],89,-1,171,-1,157
1,<environment.Job instance at 0x7f9148da8e10>,89,28,[ 5 12],90,-1,185,-1,157
1,<environment.Job instance at 0x7f9148735410>,91,16,[ 4 12],92,-1,174,-1,158
1,<environment.Job instance at 0x7f9148735f00>,92,13,[ 1 12],93,-1,171,-1,158
1,<environment.Job instance at 0x7f9148f530f0>,94,17,[12  3],95,-1,175,-1,158
1,<environment.Job instance at 0x7f91489bcaf0>,95,12,[11  2],96,-1,170,-1,158
1,<environment.Job instance at 0x7f9148e1a5f0>,4,20,[10  4],5,-1,26,-1,6
1,<environment.Job instance at 0x7f9148e1a4b0>,7,20,[2 6],8,-1,28,-1,8
1,<environment.Job instance at 0x7f9148e1a690>,5,26,[ 5 10],6,-1,35,-1,9
1,<environment.Job instance at 0x7f91493e2e10>,13,15,[ 5 10],14,-1,29,-1,14
1,<environment.Job instance at 0x7f914947e050>,16,21,[9 1],17,-1,38,-1,17
1,<environment.Job instance at 0x7f91493e2820>,15,17,[ 3 10],16,-1,47,-1,30
1,<environment.Job instance at 0x7f914947e870>,22,18,[10  4],23,-1,57,-1,39
1,<environment.Job instance at 0x7f9149894370>,0,13,[ 1 13],1,-1,14,-1,1
1,<environment.Job instance at 0x7f91498949b0>,3,13,[12  1],4,-1,17,-1,4
1,<environment.Job instance at 0x7f91498b1af0>,6,27,[ 2 13],7,-1,34,-1,7
1,<environment.Job instance at 0x7f91498b1a00>,8,26,[14  2],9,-1,35,-1,9
1,<environment.Job instance at 0x7f914849b050>,10,13,[12  2],11,-1,24,-1,11
1,<environment.Job instance at 0x7f91498b1a50>,12,26,[11  4],13,-1,42,-1,16
1,<environment.Job instance at 0x7f91498940f0>,5,26,[ 5 10],6,-1,42,-1,16
1,<environment.Job instance at 0x7f9149891cd0>,14,26,[14  4],15,-1,42,-1,16
1,<environment.Job instance at 0x7f91498b1410>,9,27,[ 1 10],10,-1,43,-1,16
1,<environment.Job instance at 0x7f91498b6870>,17,13,[ 2 12],18,-1,31,-1,18
1,<environment.Job instance at 0x7f91498bab40>,19,18,[ 1 13],20,-1,38,-1,20
1,<environment.Job instance at 0x7f91498b6730>,20,12,[12  2],21,-1,33,-1,21
1,<environment.Job instance at 0x7f9148aa2870>,23,13,[ 4 14],24,-1,37,-1,24
1,<environment.Job instance at 0x7f9148aca550>,24,15,[ 1 11],25,-1,40,-1,25
1,<environment.Job instance at 0x7f9148aa29b0>,26,25,[13  5],27,-1,56,-1,31
1,<environment.Job instance at 0x7f9148aca140>,27,27,[5 7],28,-1,62,-1,35
1,<environment.Job instance at 0x7f9148acadc0>,29,28,[ 1 12],30,-1,63,-1,35
1,<environment.Job instance at 0x7f9148acb320>,32,20,[ 3 14],33,-1,70,-1,50
1,<environment.Job instance at 0x7f9148acaf50>,31,24,[7 3],32,-1,82,-1,58
1,<environment.Job instance at 0x7f9148559370>,36,12,[14  1],37,-1,74,-1,62
1,<environment.Job instance at 0x7f9148acdaf0>,38,28,[13  5],39,-1,90,-1,62
1,<environment.Job instance at 0x7f9148acd3c0>,39,24,[11  2],40,-1,86,-1,62
1,<environment.Job instance at 0x7f9148acd140>,41,19,[ 4 12],42,-1,89,-1,70
1,<environment.Job instance at 0x7f9148a9ba50>,44,25,[14  2],45,-1,101,-1,76
1,<environment.Job instance at 0x7f9148a9beb0>,45,17,[ 3 12],46,-1,93,-1,76
1,<environment.Job instance at 0x7f9148acdf50>,46,16,[ 4 14],47,-1,92,-1,76
1,<environment.Job instance at 0x7f91498a05f0>,48,26,[ 5 14],49,-1,105,-1,79
1,<environment.Job instance at 0x7f91498adbe0>,50,14,[ 1 13],51,-1,93,-1,79
1,<environment.Job instance at 0x7f91498ad280>,51,13,[ 5 14],52,-1,92,-1,79
1,<environment.Job instance at 0x7f91498adc80>,52,26,[11  1],53,-1,105,-1,79
1,<environment.Job instance at 0x7f9148412190>,53,24,[12  2],54,-1,103,-1,79
1,<environment.Job instance at 0x7f914849f820>,57,22,[ 2 11],58,-1,130,-1,108
1,<environment.Job instance at 0x7f91484b7370>,58,25,[8 3],59,-1,142,-1,117
1,<environment.Job instance at 0x7f91495d9b90>,56,24,[8 1],57,-1,141,-1,117
1,<environment.Job instance at 0x7f914849f2d0>,62,14,[11  1],63,-1,131,-1,117
1,<environment.Job instance at 0x7f914857f550>,65,12,[ 4 12],66,-1,141,-1,129
1,<environment.Job instance at 0x7f91496348c0>,66,26,[13  2],67,-1,155,-1,129
1,<environment.Job instance at 0x7f9148cad5a0>,68,20,[14  5],69,-1,154,-1,134
1,<environment.Job instance at 0x7f9148f98230>,70,17,[13  3],71,-1,157,-1,140
1,<environment.Job instance at 0x7f9149168e10>,71,20,[ 4 11],72,-1,160,-1,140
1,<environment.Job instance at 0x7f9148ac0aa0>,73,20,[14  2],74,-1,166,-1,146
1,<environment.Job instance at 0x7f9148a943c0>,75,25,[11  3],76,-1,181,-1,156
1,<environment.Job instance at 0x7f9148a94140>,76,27,[13  5],77,-1,183,-1,156
1,<environment.Job instance at 0x7f9148f7d870>,63,24,[8 5],64,-1,187,-1,163
1,<environment.Job instance at 0x7f9148bfd0f0>,78,14,[ 4 13],79,-1,177,-1,163
1,<environment.Job instance at 0x7f9148a9c5f0>,79,18,[ 3 14],80,-1,181,-1,163
1,<environment.Job instance at 0x7f9148a9c690>,80,26,[14  5],81,-1,189,-1,163
1,<environment.Job instance at 0x7f9148a94eb0>,74,25,[8 5],75,-1,188,-1,163
1,<environment.Job instance at 0x7f914989b5f0>,82,15,[11  5],83,-1,178,-1,163
1,<environment.Job instance at 0x7f914989baf0>,83,23,[ 3 11],84,-1,186,-1,163
1,<environment.Job instance at 0x7f914989c550>,84,28,[4 9],85,-1,191,-1,163
1,<environment.Job instance at 0x7f914989cb40>,85,25,[11  1],86,-1,188,-1,163
1,<environment.Job instance at 0x7f914989c910>,86,20,[ 1 13],87,-1,183,-1,163
1,<environment.Job instance at 0x7f914989c460>,87,18,[ 3 13],88,-1,181,-1,163
1,<environment.Job instance at 0x7f9149885190>,90,27,[ 1 12],91,-1,191,-1,164
1,<environment.Job instance at 0x7f9148f79eb0>,1,28,[2 5],2,-1,30,-1,2
1,<environment.Job instance at 0x7f9148f795f0>,8,21,[7 5],9,-1,31,-1,10
1,<environment.Job instance at 0x7f9148bf5230>,16,25,[1 6],17,-1,51,-1,26
1,<environment.Job instance at 0x7f9148bf55f0>,18,22,[14  5],19,-1,49,-1,27
1,<environment.Job instance at 0x7f9148bf5c80>,17,25,[ 4 10],18,-1,52,-1,27
1,<environment.Job instance at 0x7f9148bf5730>,15,14,[12  4],16,-1,41,-1,27
1,<environment.Job instance at 0x7f9148bf55a0>,11,16,[8 4],12,-1,44,-1,28
1,<environment.Job instance at 0x7f9148bf50f0>,21,28,[13  2],22,-1,80,-1,52
1,<environment.Job instance at 0x7f9148bf5be0>,27,17,[ 5 14],28,-1,69,-1,52
1,<environment.Job instance at 0x7f9148bf5cd0>,19,26,[3 7],20,-1,82,-1,56
1,<environment.Job instance at 0x7f9148bf59b0>,28,25,[ 1 11],29,-1,82,-1,57
1,<environment.Job instance at 0x7f9148c0cf50>,30,15,[ 5 13],31,-1,72,-1,57
1,<environment.Job instance at 0x7f9148bf5aa0>,29,23,[3 7],30,-1,80,-1,57
1,<environment.Job instance at 0x7f9148c0cf00>,32,23,[8 4],33,-1,80,-1,57
1,<environment.Job instance at 0x7f9148c0c230>,33,12,[12  1],34,-1,69,-1,57
1,<environment.Job instance at 0x7f9148c0ccd0>,31,16,[2 8],32,-1,73,-1,57
1,<environment.Job instance at 0x7f9148c0c550>,35,15,[12  1],36,-1,74,-1,59
1,<environment.Job instance at 0x7f9148bf5d20>,22,14,[6 5],23,-1,73,-1,59
1,<environment.Job instance at 0x7f9148c0c190>,34,22,[8 3],35,-1,81,-1,59
1,<environment.Job instance at 0x7f9148c0ca00>,38,21,[12  5],39,-1,80,-1,59
1,<environment.Job instance at 0x7f9148c0c500>,37,19,[3 6],38,-1,78,-1,59
1,<environment.Job instance at 0x7f9148c0ce60>,39,17,[ 2 14],40,-1,76,-1,59
1,<environment.Job instance at 0x7f9148c0cdc0>,40,27,[ 4 12],41,-1,89,-1,62
1,<environment.Job instance at 0x7f9148c0c370>,42,27,[5 6],43,-1,90,-1,63
1,<environment.Job instance at 0x7f9148c0c4b0>,36,14,[13  4],37,-1,77,-1,63
1,<environment.Job instance at 0x7f9148c0ce10>,43,25,[13  1],44,-1,89,-1,64
1,<environment.Job instance at 0x7f9148bfa8c0>,45,19,[12  1],46,-1,85,-1,66
1,<environment.Job instance at 0x7f9148bfae10>,46,22,[ 2 12],47,-1,88,-1,66
1,<environment.Job instance at 0x7f9148bfa6e0>,48,20,[12  3],49,-1,86,-1,66
1,<environment.Job instance at 0x7f9148bfa730>,49,17,[14  4],50,-1,83,-1,66
1,<environment.Job instance at 0x7f9148bfa5a0>,50,17,[12  2],51,-1,84,-1,67
1,<environment.Job instance at 0x7f9148bfa690>,51,17,[ 2 13],52,-1,84,-1,67
1,<environment.Job instance at 0x7f9148f79be0>,10,23,[14  5],11,-1,90,-1,67
1,<environment.Job instance at 0x7f9148bfad20>,52,15,[3 8],53,-1,82,-1,67
1,<environment.Job instance at 0x7f9148bf5870>,23,18,[12  3],24,-1,85,-1,67
1,<environment.Job instance at 0x7f9148bfa1e0>,53,26,[ 3 14],54,-1,94,-1,68
1,<environment.Job instance at 0x7f9148bfa140>,54,17,[ 3 11],55,-1,85,-1,68
1,<environment.Job instance at 0x7f9148bfae60>,55,26,[ 1 11],56,-1,94,-1,68
1,<environment.Job instance at 0x7f9148bfa500>,56,13,[2 8],57,-1,81,-1,68
1,<environment.Job instance at 0x7f9148c0c320>,41,16,[11  1],42,-1,84,-1,68
1,<environment.Job instance at 0x7f9148bfadc0>,47,15,[10  2],48,-1,92,-1,77
1,<environment.Job instance at 0x7f9148bfa910>,58,21,[ 5 12],59,-1,120,-1,99
1,<environment.Job instance at 0x7f9148c0a320>,61,28,[13  4],62,-1,127,-1,99
1,<environment.Job instance at 0x7f9148bfa0a0>,57,18,[11  2],58,-1,117,-1,99
1,<environment.Job instance at 0x7f9148c0a190>,69,23,[2 8],70,-1,126,-1,103
1,<environment.Job instance at 0x7f9148c0ae10>,70,15,[ 4 12],71,-1,118,-1,103
1,<environment.Job instance at 0x7f9148c0a410>,71,25,[11  3],72,-1,128,-1,103
1,<environment.Job instance at 0x7f9148c0ad70>,72,28,[5 3],73,-1,131,-1,103
1,<environment.Job instance at 0x7f9148c0a870>,73,22,[5 5],74,-1,126,-1,104
1,<environment.Job instance at 0x7f9148c004b0>,74,24,[10  4],75,-1,128,-1,104
1,<environment.Job instance at 0x7f9148c00e10>,78,21,[ 2 11],79,-1,136,-1,115
1,<environment.Job instance at 0x7f9148c00730>,80,17,[ 4 13],81,-1,132,-1,115
1,<environment.Job instance at 0x7f9149626b90>,1,28,[2 5],2,-1,30,-1,2
1,<environment.Job instance at 0x7f9148e6c3c0>,2,22,[14  4],3,-1,25,-1,3
1,<environment.Job instance at 0x7f9148e6c190>,3,16,[14  2],4,-1,20,-1,4
1,<environment.Job instance at 0x7f9148e6cb40>,4,15,[11  1],5,-1,20,-1,5
1,<environment.Job instance at 0x7f914986d730>,5,12,[ 1 14],6,-1,18,-1,6
1,<environment.Job instance at 0x7f91483ea500>,10,23,[14  5],11,-1,34,-1,11
1,<environment.Job instance at 0x7f9148412a50>,13,14,[ 2 12],14,-1,28,-1,14
1,<environment.Job instance at 0x7f9148412190>,14,14,[13  4],15,-1,29,-1,15
1,<environment.Job instance at 0x7f91484127d0>,15,14,[12  4],16,-1,30,-1,16
1,<environment.Job instance at 0x7f9148fa1460>,18,22,[14  5],19,-1,41,-1,19
1,<environment.Job instance at 0x7f9148c41460>,16,25,[1 6],17,-1,46,-1,21
1,<environment.Job instance at 0x7f914995eb40>,20,14,[11  3],21,-1,35,-1,21
1,<environment.Job instance at 0x7f914915dcd0>,21,28,[13  2],22,-1,50,-1,22
1,<environment.Job instance at 0x7f9148c41f00>,17,25,[ 4 10],18,-1,55,-1,30
1,<environment.Job instance at 0x7f9149761050>,23,18,[12  3],24,-1,48,-1,30
1,<environment.Job instance at 0x7f914870d5a0>,24,19,[ 2 12],25,-1,49,-1,30
1,<environment.Job instance at 0x7f914870d5f0>,25,13,[11  2],26,-1,43,-1,30
1,<environment.Job instance at 0x7f9148f95a50>,19,26,[3 7],20,-1,56,-1,30
1,<environment.Job instance at 0x7f914870df00>,27,17,[ 5 14],28,-1,47,-1,30
1,<environment.Job instance at 0x7f9148e7f280>,28,25,[ 1 11],29,-1,55,-1,30
1,<environment.Job instance at 0x7f9148e7fc80>,29,23,[3 7],30,-1,53,-1,30
1,<environment.Job instance at 0x7f91485d6370>,30,15,[ 5 13],31,-1,46,-1,31
1,<environment.Job instance at 0x7f91499d42d0>,33,12,[12  1],34,-1,46,-1,34
1,<environment.Job instance at 0x7f914849b3c0>,32,23,[8 4],33,-1,65,-1,42
1,<environment.Job instance at 0x7f914997d8c0>,35,15,[12  1],36,-1,57,-1,42
1,<environment.Job instance at 0x7f914997d280>,36,14,[13  4],37,-1,56,-1,42
1,<environment.Job instance at 0x7f9148828370>,38,21,[12  5],39,-1,63,-1,42
1,<environment.Job instance at 0x7f9149099c30>,39,17,[ 2 14],40,-1,59,-1,42
1,<environment.Job instance at 0x7f9148cfe320>,40,27,[ 4 12],41,-1,69,-1,42
1,<environment.Job instance at 0x7f9149a391e0>,41,16,[11  1],42,-1,58,-1,42
1,<environment.Job instance at 0x7f9149a39e60>,42,27,[5 6],43,-1,71,-1,44
1,<environment.Job instance at 0x7f914962b500>,43,25,[13  1],44,-1,69,-1,44
1,<environment.Job instance at 0x7f914962bb40>,45,19,[12  1],46,-1,65,-1,46
1,<environment.Job instance at 0x7f9148f3e820>,44,23,[ 1 10],45,-1,70,-1,47
1,<environment.Job instance at 0x7f9148142b90>,46,22,[ 2 12],47,-1,69,-1,47
1,<environment.Job instance at 0x7f9148e90500>,48,20,[12  3],49,-1,69,-1,49
1,<environment.Job instance at 0x7f9149639b90>,49,17,[14  4],50,-1,67,-1,50
1,<environment.Job instance at 0x7f9148e90e60>,50,17,[12  2],51,-1,68,-1,51
1,<environment.Job instance at 0x7f9148570d20>,51,17,[ 2 13],52,-1,69,-1,52
1,<environment.Job instance at 0x7f9149639640>,53,26,[ 3 14],54,-1,80,-1,54
1,<environment.Job instance at 0x7f9148570cd0>,54,17,[ 3 11],55,-1,72,-1,55
1,<environment.Job instance at 0x7f9148570190>,55,26,[ 1 11],56,-1,82,-1,56
1,<environment.Job instance at 0x7f9149453460>,57,18,[11  2],58,-1,76,-1,58
1,<environment.Job instance at 0x7f91491525f0>,58,21,[ 5 12],59,-1,80,-1,59
1,<environment.Job instance at 0x7f9148cae410>,61,28,[13  4],62,-1,90,-1,62
1,<environment.Job instance at 0x7f9148cae190>,62,15,[ 4 13],63,-1,78,-1,63
1,<environment.Job instance at 0x7f914963b5f0>,63,28,[11  2],64,-1,92,-1,64
1,<environment.Job instance at 0x7f914963b230>,64,12,[ 3 12],65,-1,77,-1,65
1,<environment.Job instance at 0x7f9148b58d20>,67,24,[6 2],68,-1,97,-1,73
1,<environment.Job instance at 0x7f9148b58050>,65,24,[7 1],66,-1,97,-1,73
1,<environment.Job instance at 0x7f914885a0f0>,68,23,[7 4],69,-1,97,-1,74
1,<environment.Job instance at 0x7f914885ab40>,70,15,[ 4 12],71,-1,89,-1,74
1,<environment.Job instance at 0x7f91493f0b90>,71,25,[11  3],72,-1,99,-1,74
1,<environment.Job instance at 0x7f91493f0730>,72,28,[5 3],73,-1,102,-1,74
1,<environment.Job instance at 0x7f914885a140>,69,23,[2 8],70,-1,98,-1,75
1,<environment.Job instance at 0x7f9148fa3320>,75,12,[ 3 13],76,-1,88,-1,76
1,<environment.Job instance at 0x7f91493d6dc0>,76,27,[ 4 12],77,-1,104,-1,77
1,<environment.Job instance at 0x7f91493d6960>,78,21,[ 2 11],79,-1,112,-1,91
1,<environment.Job instance at 0x7f9148da9370>,80,17,[ 4 13],81,-1,110,-1,93
1,<environment.Job instance at 0x7f9148da9eb0>,81,17,[ 1 14],82,-1,110,-1,93
1,<environment.Job instance at 0x7f9148da9dc0>,82,13,[13  1],83,-1,106,-1,93
1,<environment.Job instance at 0x7f91493d6a00>,79,23,[9 2],80,-1,119,-1,96
1,<environment.Job instance at 0x7f91499c0820>,84,13,[11  2],85,-1,109,-1,96
1,<environment.Job instance at 0x7f91499c07d0>,85,16,[13  4],86,-1,112,-1,96
1,<environment.Job instance at 0x7f91499c0be0>,86,25,[ 1 12],87,-1,121,-1,96
1,<environment.Job instance at 0x7f9149628e10>,87,19,[14  2],88,-1,115,-1,96
1,<environment.Job instance at 0x7f9149628f50>,88,18,[11  2],89,-1,114,-1,96
1,<environment.Job instance at 0x7f9148f87140>,89,27,[ 2 11],90,-1,123,-1,96
1,<environment.Job instance at 0x7f9148f870a0>,90,21,[ 5 12],91,-1,117,-1,96
1,<environment.Job instance at 0x7f9148f87e60>,92,24,[ 2 12],93,-1,120,-1,96
1,<environment.Job instance at 0x7f9148f87f50>,93,27,[ 2 11],94,-1,123,-1,96
1,<environment.Job instance at 0x7f9148f87910>,94,20,[12  2],95,-1,116,-1,96
1,<environment.Job instance at 0x7f9148f87fa0>,95,26,[6 1],96,-1,129,-1,103
1,<environment.Job instance at 0x7f9149036780>,98,26,[1 6],99,-1,138,-1,112
1,<environment.Job instance at 0x7f91490367d0>,99,27,[12  5],100,-1,139,-1,112
1,<environment.Job instance at 0x7f9148f87d20>,91,27,[5 9],92,-1,145,-1,118
1,<environment.Job instance at 0x7f9148fa3c30>,74,24,[10  4],75,-1,142,-1,118
1,<environment.Job instance at 0x7f914964b4b0>,104,18,[ 1 11],105,-1,136,-1,118
1,<environment.Job instance at 0x7f914964bd20>,105,27,[11  1],106,-1,145,-1,118
1,<environment.Job instance at 0x7f914964b690>,106,16,[ 1 14],107,-1,134,-1,118
1,<environment.Job instance at 0x7f9148d58280>,108,17,[12  2],109,-1,145,-1,128
1,<environment.Job instance at 0x7f9148d58960>,109,13,[ 2 12],110,-1,141,-1,128
1,<environment.Job instance at 0x7f914964b0a0>,110,17,[ 1 13],111,-1,145,-1,128
1,<environment.Job instance at 0x7f914884aeb0>,111,25,[12  5],112,-1,153,-1,128
1,<environment.Job instance at 0x7f9148c89af0>,114,25,[5 5],115,-1,155,-1,130
1,<environment.Job instance at 0x7f9149553410>,115,13,[ 4 14],116,-1,143,-1,130
1,<environment.Job instance at 0x7f91495533c0>,116,18,[ 4 13],117,-1,148,-1,130
1,<environment.Job instance at 0x7f9148725780>,117,20,[ 2 11],118,-1,150,-1,130
1,<environment.Job instance at 0x7f9148f986e0>,119,16,[ 1 13],120,-1,146,-1,130
1,<environment.Job instance at 0x7f91493c3aa0>,121,12,[ 3 11],122,-1,142,-1,130
1,<environment.Job instance at 0x7f9148f98230>,122,26,[ 2 14],123,-1,156,-1,130
1,<environment.Job instance at 0x7f91493f7550>,125,21,[11  3],126,-1,163,-1,142
1,<environment.Job instance at 0x7f91496323c0>,126,13,[14  1],127,-1,155,-1,142
1,<environment.Job instance at 0x7f9149632960>,127,13,[14  1],128,-1,155,-1,142
1,<environment.Job instance at 0x7f91489aceb0>,128,18,[ 2 14],129,-1,160,-1,142
1,<environment.Job instance at 0x7f91489ac550>,130,17,[ 2 14],131,-1,161,-1,144
1,<environment.Job instance at 0x7f9148e6cb90>,0,22,[5 5],1,-1,23,-1,1
1,<environment.Job instance at 0x7f914934cc80>,6,18,[5 3],7,-1,25,-1,7
1,<environment.Job instance at 0x7f914934cfa0>,10,15,[ 3 11],11,-1,32,-1,17
1,<environment.Job instance at 0x7f914934c640>,17,20,[14  2],18,-1,97,-1,77
1,<environment.Job instance at 0x7f9152430730>,11,25,[9 4],12,-1,107,-1,82
1,<environment.Job instance at 0x7f914934c910>,13,26,[2 5],14,-1,108,-1,82
1,<environment.Job instance at 0x7f914934cc30>,20,25,[ 3 13],21,-1,109,-1,84
1,<environment.Job instance at 0x7f914934c690>,21,24,[3 9],22,-1,108,-1,84
1,<environment.Job instance at 0x7f914934cb90>,24,25,[2 6],25,-1,109,-1,84
1,<environment.Job instance at 0x7f914934c0a0>,22,20,[10  3],23,-1,104,-1,84
1,<environment.Job instance at 0x7f9148320320>,25,17,[8 3],26,-1,101,-1,84
1,<environment.Job instance at 0x7f91483201e0>,29,21,[5 8],30,-1,105,-1,84
1,<environment.Job instance at 0x7f9148320d70>,30,28,[ 4 10],31,-1,112,-1,84
1,<environment.Job instance at 0x7f9148320e10>,28,14,[5 6],29,-1,98,-1,84
1,<environment.Job instance at 0x7f9148320280>,32,18,[ 5 12],33,-1,102,-1,84
1,<environment.Job instance at 0x7f9148320960>,27,23,[ 1 12],28,-1,108,-1,85
1,<environment.Job instance at 0x7f9148320910>,31,25,[5 3],32,-1,110,-1,85
1,<environment.Job instance at 0x7f91483200f0>,36,27,[7 5],37,-1,112,-1,85
1,<environment.Job instance at 0x7f914934c370>,23,16,[7 3],24,-1,103,-1,87
1,<environment.Job instance at 0x7f9148320370>,38,25,[13  4],39,-1,121,-1,96
1,<environment.Job instance at 0x7f9148320230>,37,24,[ 3 11],38,-1,120,-1,96
1,<environment.Job instance at 0x7f91483200a0>,39,24,[5 8],40,-1,120,-1,96
1,<environment.Job instance at 0x7f9148320b40>,41,24,[ 4 11],42,-1,120,-1,96
1,<environment.Job instance at 0x7f9148320d20>,43,28,[8 4],44,-1,124,-1,96
1,<environment.Job instance at 0x7f9148320be0>,35,15,[ 2 13],36,-1,131,-1,116
1,<environment.Job instance at 0x7f9148320820>,40,20,[11  5],41,-1,140,-1,120
1,<environment.Job instance at 0x7f9148320870>,44,17,[14  4],45,-1,138,-1,121
1,<environment.Job instance at 0x7f9148320410>,45,16,[ 5 10],46,-1,137,-1,121
1,<environment.Job instance at 0x7f91498e08c0>,48,24,[13  3],49,-1,145,-1,121
1,<environment.Job instance at 0x7f91498e0c80>,50,26,[5 9],51,-1,147,-1,121
1,<environment.Job instance at 0x7f91498e0be0>,49,16,[ 5 12],50,-1,137,-1,121
1,<environment.Job instance at 0x7f91498e0e60>,58,20,[13  3],59,-1,163,-1,143
1,<environment.Job instance at 0x7f91498e0410>,60,17,[13  1],61,-1,160,-1,143
1,<environment.Job instance at 0x7f91498e0d20>,51,22,[ 3 12],52,-1,165,-1,143
1,<environment.Job instance at 0x7f91498e0d70>,62,24,[12  1],63,-1,167,-1,143
1,<environment.Job instance at 0x7f91498e0370>,59,15,[2 8],60,-1,158,-1,143
1,<environment.Job instance at 0x7f91498e07d0>,64,23,[14  2],65,-1,171,-1,148
1,<environment.Job instance at 0x7f91498e0cd0>,63,16,[5 3],64,-1,164,-1,148
1,<environment.Job instance at 0x7f91498e0af0>,66,13,[14  4],67,-1,167,-1,154
1,<environment.Job instance at 0x7f9148320690>,46,13,[10  3],47,-1,167,-1,154
1,<environment.Job instance at 0x7f91498e0140>,68,16,[5 9],69,-1,170,-1,154
1,<environment.Job instance at 0x7f914995e690>,70,19,[ 4 10],71,-1,173,-1,154
1,<environment.Job instance at 0x7f914995e410>,71,20,[ 4 14],72,-1,175,-1,155
1,<environment.Job instance at 0x7f914995edc0>,69,25,[9 3],70,-1,180,-1,155
1,<environment.Job instance at 0x7f914995e910>,72,22,[12  2],73,-1,177,-1,155
1,<environment.Job instance at 0x7f914995ed70>,74,21,[11  2],75,-1,176,-1,155
1,<environment.Job instance at 0x7f914995ea50>,75,16,[4 6],76,-1,171,-1,155
1,<environment.Job instance at 0x7f914995e640>,76,28,[5 7],77,-1,183,-1,155
1,<environment.Job instance at 0x7f914934c050>,8,18,[12  1],9,-1,173,-1,155
1,<environment.Job instance at 0x7f914934c960>,16,26,[ 4 14],17,-1,181,-1,155
1,<environment.Job instance at 0x7f914995ecd0>,77,22,[13  2],78,-1,177,-1,155
1,<environment.Job instance at 0x7f914995e6e0>,78,27,[10  4],79,-1,182,-1,155
1,<environment.Job instance at 0x7f914995e730>,79,13,[ 5 11],80,-1,168,-1,155
1,<environment.Job instance at 0x7f914995e140>,80,17,[10  2],81,-1,172,-1,155
1,<environment.Job instance at 0x7f914995e5f0>,81,28,[11  5],82,-1,183,-1,155
1,<environment.Job instance at 0x7f914995e2d0>,82,18,[ 1 13],83,-1,173,-1,155
1,<environment.Job instance at 0x7f91498e05f0>,67,25,[2 8],68,-1,180,-1,155
1,<environment.Job instance at 0x7f91490954b0>,2,26,[12  4],3,-1,29,-1,3
1,<environment.Job instance at 0x7f914898ff00>,4,13,[ 4 12],5,-1,18,-1,5
1,<environment.Job instance at 0x7f91488765f0>,5,23,[ 3 12],6,-1,29,-1,6
1,<environment.Job instance at 0x7f9148876b40>,8,18,[12  1],9,-1,27,-1,9
1,<environment.Job instance at 0x7f9149095460>,10,15,[ 3 11],11,-1,26,-1,11
1,<environment.Job instance at 0x7f9148a3d140>,12,23,[ 5 13],13,-1,36,-1,13
1,<environment.Job instance at 0x7f9148a3d5a0>,13,26,[2 5],14,-1,43,-1,17
1,<environment.Job instance at 0x7f914939d5f0>,15,27,[ 3 13],16,-1,44,-1,17
1,<environment.Job instance at 0x7f9148f32960>,16,26,[ 4 14],17,-1,43,-1,17
1,<environment.Job instance at 0x7f9148f32230>,17,20,[14  2],18,-1,38,-1,18
1,<environment.Job instance at 0x7f9151f63dc0>,18,24,[6 4],19,-1,47,-1,23
1,<environment.Job instance at 0x7f9148f32b40>,19,26,[ 4 11],20,-1,49,-1,23
1,<environment.Job instance at 0x7f9149632960>,20,25,[ 3 13],21,-1,48,-1,23
1,<environment.Job instance at 0x7f9148a3d690>,11,25,[9 4],12,-1,48,-1,23
1,<environment.Job instance at 0x7f91489acaf0>,21,24,[3 9],22,-1,72,-1,48
1,<environment.Job instance at 0x7f9148725780>,27,23,[ 1 12],28,-1,71,-1,48
1,<environment.Job instance at 0x7f91489ac640>,24,25,[2 6],25,-1,73,-1,48
1,<environment.Job instance at 0x7f9148e521e0>,30,28,[ 4 10],31,-1,76,-1,48
1,<environment.Job instance at 0x7f9149553410>,31,25,[5 3],32,-1,73,-1,48
1,<environment.Job instance at 0x7f9148e25370>,32,18,[ 5 12],33,-1,66,-1,48
1,<environment.Job instance at 0x7f9149036d70>,33,20,[14  1],34,-1,68,-1,48
1,<environment.Job instance at 0x7f91490367d0>,35,15,[ 2 13],36,-1,63,-1,48
1,<environment.Job instance at 0x7f9149628e10>,36,27,[7 5],37,-1,75,-1,48
1,<environment.Job instance at 0x7f9149628690>,37,24,[ 3 11],38,-1,72,-1,48
1,<environment.Job instance at 0x7f91490366e0>,38,25,[13  4],39,-1,73,-1,48
1,<environment.Job instance at 0x7f91499c02d0>,39,24,[5 8],40,-1,72,-1,48
1,<environment.Job instance at 0x7f91499c0d20>,40,20,[11  5],41,-1,68,-1,48
1,<environment.Job instance at 0x7f91499c07d0>,41,24,[ 4 11],42,-1,72,-1,48
1,<environment.Job instance at 0x7f9148b58050>,43,28,[8 4],44,-1,76,-1,48
1,<environment.Job instance at 0x7f9148e90280>,44,17,[14  4],45,-1,65,-1,48
1,<environment.Job instance at 0x7f9148cfe320>,48,24,[13  3],49,-1,75,-1,51
1,<environment.Job instance at 0x7f91481421e0>,49,16,[ 5 12],50,-1,67,-1,51
1,<environment.Job instance at 0x7f91492186e0>,50,26,[5 9],51,-1,88,-1,62
1,<environment.Job instance at 0x7f914849b050>,51,22,[ 3 12],52,-1,84,-1,62
1,<environment.Job instance at 0x7f91499d42d0>,52,13,[14  4],53,-1,75,-1,62
1,<environment.Job instance at 0x7f9148e7f050>,53,24,[ 2 14],54,-1,86,-1,62
1,<environment.Job instance at 0x7f9148412be0>,58,20,[13  3],59,-1,98,-1,78
1,<environment.Job instance at 0x7f91483eae60>,60,17,[13  1],61,-1,95,-1,78
1,<environment.Job instance at 0x7f9151f6e320>,62,24,[12  1],63,-1,114,-1,90
1,<environment.Job instance at 0x7f914886e1e0>,64,23,[14  2],65,-1,113,-1,90
1,<environment.Job instance at 0x7f91524b55a0>,65,21,[ 3 14],66,-1,111,-1,90
1,<environment.Job instance at 0x7f9148e6c190>,66,13,[14  4],67,-1,103,-1,90
1,<environment.Job instance at 0x7f9148e6c2d0>,67,25,[2 8],68,-1,127,-1,102
1,<environment.Job instance at 0x7f914885a500>,71,20,[ 4 14],72,-1,137,-1,117
1,<environment.Job instance at 0x7f914877e640>,72,22,[12  2],73,-1,139,-1,117
1,<environment.Job instance at 0x7f9148058a00>,73,22,[ 5 12],74,-1,139,-1,117
1,<environment.Job instance at 0x7f91487101e0>,74,21,[11  2],75,-1,138,-1,117
1,<environment.Job instance at 0x7f914885a140>,69,25,[9 3],70,-1,144,-1,119
1,<environment.Job instance at 0x7f914823c550>,77,22,[13  2],78,-1,141,-1,119
1,<environment.Job instance at 0x7f914877faf0>,78,27,[10  4],79,-1,146,-1,119
1,<environment.Job instance at 0x7f914877f820>,79,13,[ 5 11],80,-1,132,-1,119
1,<environment.Job instance at 0x7f9148d58910>,81,28,[11  5],82,-1,147,-1,119
1,<environment.Job instance at 0x7f9148d58280>,82,18,[ 1 13],83,-1,137,-1,119
1,<environment.Job instance at 0x7f9148a8feb0>,76,28,[5 7],77,-1,161,-1,133
1,<environment.Job instance at 0x7f914870a550>,85,25,[13  1],86,-1,159,-1,134
1,<environment.Job instance at 0x7f914870a910>,86,17,[ 5 14],87,-1,151,-1,134
1,<environment.Job instance at 0x7f914963b8c0>,87,16,[11  1],88,-1,150,-1,134
1,<environment.Job instance at 0x7f914963b640>,88,17,[14  2],89,-1,151,-1,134
1,<environment.Job instance at 0x7f9148355230>,89,28,[11  5],90,-1,162,-1,134
1,<environment.Job instance at 0x7f9148355eb0>,90,20,[ 3 12],91,-1,154,-1,134
1,<environment.Job instance at 0x7f914934c190>,91,25,[13  4],92,-1,159,-1,134
1,<environment.Job instance at 0x7f914934ce10>,92,14,[11  5],93,-1,148,-1,134
1,<environment.Job instance at 0x7f9148c049b0>,94,16,[11  5],95,-1,151,-1,135
1,<environment.Job instance at 0x7f9148c047d0>,95,24,[ 2 12],96,-1,159,-1,135
1,<environment.Job instance at 0x7f9148a3a460>,96,16,[ 4 14],97,-1,151,-1,135
1,<environment.Job instance at 0x7f9148eaa050>,97,13,[ 5 14],98,-1,148,-1,135
1,<environment.Job instance at 0x7f9148dc3140>,99,18,[14  2],100,-1,171,-1,153
1,<environment.Job instance at 0x7f9148dc3f50>,100,12,[12  2],101,-1,165,-1,153
1,<environment.Job instance at 0x7f91488528c0>,101,13,[ 1 14],102,-1,166,-1,153
1,<environment.Job instance at 0x7f9148852410>,102,27,[5 4],103,-1,180,-1,153
1,<environment.Job instance at 0x7f9148852d70>,104,12,[ 5 12],105,-1,166,-1,154
1,<environment.Job instance at 0x7f9148852dc0>,105,25,[ 3 13],106,-1,179,-1,154
1,<environment.Job instance at 0x7f9148ae5e60>,1,23,[5 6],2,-1,25,-1,2
1,<environment.Job instance at 0x7f9148e8b640>,0,13,[ 1 14],1,-1,14,-1,1
1,<environment.Job instance at 0x7f9148e8a690>,1,23,[5 6],2,-1,25,-1,2
1,<environment.Job instance at 0x7f9148e8a6e0>,2,24,[ 4 14],3,-1,27,-1,3
1,<environment.Job instance at 0x7f9148e8a8c0>,3,12,[ 4 14],4,-1,16,-1,4
1,<environment.Job instance at 0x7f9148e8ae60>,4,23,[11  2],5,-1,28,-1,5
1,<environment.Job instance at 0x7f9148e8af50>,5,18,[ 3 12],6,-1,24,-1,6
1,<environment.Job instance at 0x7f9148e8a140>,6,14,[12  1],7,-1,21,-1,7
1,<environment.Job instance at 0x7f9148e8b550>,7,27,[ 5 10],8,-1,35,-1,8
1,<environment.Job instance at 0x7f9148e8a780>,8,28,[13  4],9,-1,37,-1,9
1,<environment.Job instance at 0x7f914848ed20>,9,24,[5 2],10,-1,34,-1,10
1,<environment.Job instance at 0x7f9148f23370>,10,18,[ 4 12],11,-1,29,-1,11
1,<environment.Job instance at 0x7f9148b93be0>,11,25,[11  1],12,-1,37,-1,12
1,<environment.Job instance at 0x7f914881ce60>,12,20,[11  4],13,-1,33,-1,13
1,<environment.Job instance at 0x7f914881cb40>,13,28,[6 5],14,-1,42,-1,14
1,<environment.Job instance at 0x7f914881c410>,14,26,[2 6],15,-1,41,-1,15
1,<environment.Job instance at 0x7f9148b546e0>,17,28,[ 3 13],18,-1,46,-1,18
1,<environment.Job instance at 0x7f9148f49550>,18,25,[5 8],19,-1,44,-1,19
1,<environment.Job instance at 0x7f91488373c0>,19,19,[13  4],20,-1,39,-1,20
1,<environment.Job instance at 0x7f9148f37910>,20,18,[ 3 12],21,-1,39,-1,21
1,<environment.Job instance at 0x7f9148b54e10>,21,18,[11  4],22,-1,40,-1,22
1,<environment.Job instance at 0x7f9148f593c0>,22,12,[ 2 12],23,-1,35,-1,23
1,<environment.Job instance at 0x7f91495fa780>,23,15,[ 3 13],24,-1,39,-1,24
1,<environment.Job instance at 0x7f91490c6410>,24,15,[13  3],25,-1,40,-1,25
1,<environment.Job instance at 0x7f9148f5a780>,25,24,[1 9],26,-1,50,-1,26
1,<environment.Job instance at 0x7f91495f5be0>,26,23,[ 5 10],27,-1,50,-1,27
1,<environment.Job instance at 0x7f91495f5f00>,27,27,[ 4 13],28,-1,55,-1,28
1,<environment.Job instance at 0x7f91495f55a0>,28,15,[11  5],29,-1,44,-1,29
1,<environment.Job instance at 0x7f9148f5f550>,29,23,[13  4],30,-1,53,-1,30
1,<environment.Job instance at 0x7f91495f51e0>,30,19,[ 5 12],31,-1,50,-1,31
1,<environment.Job instance at 0x7f9149527a50>,34,26,[ 3 13],35,-1,61,-1,35
1,<environment.Job instance at 0x7f91495e0d20>,33,27,[10  2],34,-1,63,-1,36
1,<environment.Job instance at 0x7f9148e87410>,35,28,[11  5],36,-1,64,-1,36
1,<environment.Job instance at 0x7f9148e872d0>,37,15,[12  5],38,-1,53,-1,38
1,<environment.Job instance at 0x7f9148e83d70>,38,21,[ 1 14],39,-1,60,-1,39
1,<environment.Job instance at 0x7f9148e836e0>,39,14,[12  4],40,-1,54,-1,40
1,<environment.Job instance at 0x7f91495c8500>,36,24,[8 5],37,-1,74,-1,50
1,<environment.Job instance at 0x7f9148e83550>,40,25,[8 3],41,-1,75,-1,50
1,<environment.Job instance at 0x7f914881f3c0>,44,26,[14  5],45,-1,76,-1,50
1,<environment.Job instance at 0x7f914881f730>,45,17,[14  3],46,-1,67,-1,50
1,<environment.Job instance at 0x7f914881f8c0>,46,25,[13  2],47,-1,75,-1,50
1,<environment.Job instance at 0x7f9148e94af0>,47,13,[ 1 13],48,-1,63,-1,50
1,<environment.Job instance at 0x7f9148e94320>,48,22,[ 2 11],49,-1,72,-1,50
1,<environment.Job instance at 0x7f9148e941e0>,49,14,[12  4],50,-1,64,-1,50
1,<environment.Job instance at 0x7f9148530be0>,52,21,[ 3 11],53,-1,74,-1,53
1,<environment.Job instance at 0x7f9148530190>,53,20,[13  1],54,-1,74,-1,54
1,<environment.Job instance at 0x7f9148540f00>,54,18,[ 4 13],55,-1,73,-1,55
1,<environment.Job instance at 0x7f91485303c0>,55,13,[13  4],56,-1,69,-1,56
1,<environment.Job instance at 0x7f9148540d20>,56,15,[ 4 12],57,-1,72,-1,57
1,<environment.Job instance at 0x7f91485278c0>,57,23,[1 5],58,-1,81,-1,58
1,<environment.Job instance at 0x7f9148527be0>,58,20,[12  2],59,-1,79,-1,59
1,<environment.Job instance at 0x7f9148527a50>,59,16,[ 1 13],60,-1,76,-1,60
1,<environment.Job instance at 0x7f9148530af0>,50,23,[6 5],51,-1,90,-1,67
1,<environment.Job instance at 0x7f9148527af0>,61,24,[5 1],62,-1,91,-1,67
1,<environment.Job instance at 0x7f9148831c80>,63,22,[11  4],64,-1,89,-1,67
1,<environment.Job instance at 0x7f9148831a50>,64,28,[14  4],65,-1,95,-1,67
1,<environment.Job instance at 0x7f9148831550>,65,22,[13  4],66,-1,89,-1,67
1,<environment.Job instance at 0x7f91488311e0>,66,28,[11  4],67,-1,95,-1,67
1,<environment.Job instance at 0x7f91485300f0>,51,24,[6 4],52,-1,91,-1,67
1,<environment.Job instance at 0x7f9148831e60>,60,25,[4 9],61,-1,92,-1,67
1,<environment.Job instance at 0x7f9148831d70>,68,18,[ 5 13],69,-1,87,-1,69
1,<environment.Job instance at 0x7f914852f5f0>,69,26,[1 5],70,-1,96,-1,70
1,<environment.Job instance at 0x7f9148553820>,75,13,[11  4],76,-1,98,-1,85
1,<environment.Job instance at 0x7f9148553a00>,76,17,[ 4 11],77,-1,102,-1,85
1,<environment.Job instance at 0x7f9148553780>,77,24,[13  5],78,-1,109,-1,85
1,<environment.Job instance at 0x7f9148548a50>,78,27,[ 2 14],79,-1,112,-1,85
1,<environment.Job instance at 0x7f9148548a00>,79,26,[ 4 12],80,-1,111,-1,85
1,<environment.Job instance at 0x7f91485489b0>,80,15,[ 4 14],81,-1,100,-1,85
1,<environment.Job instance at 0x7f91485375f0>,81,26,[ 1 13],82,-1,111,-1,85
1,<environment.Job instance at 0x7f91490dd190>,70,28,[8 1],71,-1,117,-1,89
1,<environment.Job instance at 0x7f914853ca00>,85,27,[8 1],86,-1,116,-1,89
1,<environment.Job instance at 0x7f9148521b40>,86,27,[7 2],87,-1,116,-1,89
1,<environment.Job instance at 0x7f9148521a50>,87,15,[12  5],88,-1,104,-1,89
1,<environment.Job instance at 0x7f9148521a00>,88,23,[13  3],89,-1,112,-1,89
1,<environment.Job instance at 0x7f9148549730>,72,25,[9 4],73,-1,114,-1,89
1,<environment.Job instance at 0x7f9148e64820>,93,27,[4 6],94,-1,133,-1,106
1,<environment.Job instance at 0x7f9148e640a0>,94,26,[ 4 10],95,-1,132,-1,106
1,<environment.Job instance at 0x7f9148e64a50>,95,15,[14  4],96,-1,121,-1,106
1,<environment.Job instance at 0x7f9148e64550>,96,26,[13  5],97,-1,132,-1,106
1,<environment.Job instance at 0x7f9148e645f0>,97,14,[ 1 12],98,-1,120,-1,106
1,<environment.Job instance at 0x7f9148e64e60>,98,27,[ 3 12],99,-1,133,-1,106
1,<environment.Job instance at 0x7f914854a820>,90,24,[3 9],91,-1,130,-1,106
1,<environment.Job instance at 0x7f914853c870>,83,27,[10  2],84,-1,133,-1,106
1,<environment.Job instance at 0x7f9148e64be0>,102,28,[ 1 13],103,-1,134,-1,106
1,<environment.Job instance at 0x7f9148e648c0>,103,14,[13  1],104,-1,120,-1,106
1,<environment.Job instance at 0x7f9148e64b90>,104,25,[12  2],105,-1,131,-1,106
1,<environment.Job instance at 0x7f9148e646e0>,106,27,[ 5 14],107,-1,134,-1,107
1,<environment.Job instance at 0x7f9148e64af0>,107,13,[14  4],108,-1,121,-1,108
1,<environment.Job instance at 0x7f9148e64cd0>,108,19,[13  2],109,-1,128,-1,109
1,<environment.Job instance at 0x7f9148e64410>,111,17,[13  4],112,-1,140,-1,123
1,<environment.Job instance at 0x7f9148e64aa0>,112,23,[3 6],113,-1,146,-1,123
1,<environment.Job instance at 0x7f91488bf0f0>,113,23,[5 2],114,-1,146,-1,123
1,<environment.Job instance at 0x7f91488bf320>,114,13,[11  2],115,-1,136,-1,123
1,<environment.Job instance at 0x7f91488bfbe0>,117,28,[5 3],118,-1,166,-1,138
1,<environment.Job instance at 0x7f914889bb90>,118,23,[8 5],119,-1,161,-1,138
1,<environment.Job instance at 0x7f91488b8910>,119,23,[5 2],120,-1,161,-1,138
1,<environment.Job instance at 0x7f914889bc30>,120,17,[ 5 14],121,-1,155,-1,138
1,<environment.Job instance at 0x7f91488bba00>,122,28,[ 5 13],123,-1,166,-1,138
1,<environment.Job instance at 0x7f91488bba50>,124,15,[11  1],125,-1,163,-1,148
1,<environment.Job instance at 0x7f91488c9690>,125,19,[ 1 12],126,-1,167,-1,148
1,<environment.Job instance at 0x7f914889bbe0>,121,28,[10  4],122,-1,189,-1,161
1,<environment.Job instance at 0x7f91488a0320>,127,13,[ 2 11],128,-1,174,-1,161
1,<environment.Job instance at 0x7f91488a0370>,128,20,[ 3 12],129,-1,181,-1,161
1,<environment.Job instance at 0x7f91488b8820>,0,25,[8 5],1,-1,26,-1,1
1,<environment.Job instance at 0x7f9148e83d70>,0,25,[8 5],1,-1,26,-1,1
1,<environment.Job instance at 0x7f9148e83eb0>,1,18,[11  5],2,-1,20,-1,2
1,<environment.Job instance at 0x7f9148e834b0>,2,13,[ 2 14],3,-1,16,-1,3
1,<environment.Job instance at 0x7f91488373c0>,3,13,[13  3],4,-1,17,-1,4
1,<environment.Job instance at 0x7f91489b66e0>,4,22,[11  5],5,-1,27,-1,5
1,<environment.Job instance at 0x7f9148822c80>,5,26,[11  5],6,-1,32,-1,6
1,<environment.Job instance at 0x7f9148822690>,6,28,[5 8],7,-1,35,-1,7
1,<environment.Job instance at 0x7f914953c050>,7,27,[1 7],8,-1,35,-1,8
1,<environment.Job instance at 0x7f914884c500>,8,25,[10  5],9,-1,34,-1,9
1,<environment.Job instance at 0x7f914884c5f0>,9,14,[ 1 13],10,-1,24,-1,10
1,<environment.Job instance at 0x7f914953c6e0>,10,23,[ 2 11],11,-1,34,-1,11
1,<environment.Job instance at 0x7f914884c280>,12,13,[ 1 12],13,-1,26,-1,13
1,<environment.Job instance at 0x7f9148f5a5a0>,13,23,[8 2],14,-1,37,-1,14
1,<environment.Job instance at 0x7f9148f5a870>,14,23,[ 2 14],15,-1,38,-1,15
1,<environment.Job instance at 0x7f9148530cd0>,16,13,[11  2],17,-1,30,-1,17
1,<environment.Job instance at 0x7f9148530d20>,19,18,[14  5],20,-1,38,-1,20
1,<environment.Job instance at 0x7f91485302d0>,20,19,[ 1 11],21,-1,40,-1,21
1,<environment.Job instance at 0x7f91485300a0>,21,24,[ 1 13],22,-1,46,-1,22
1,<environment.Job instance at 0x7f9148530d70>,24,14,[14  5],25,-1,39,-1,25
1,<environment.Job instance at 0x7f9148530730>,28,12,[ 3 14],29,-1,46,-1,34
1,<environment.Job instance at 0x7f9148e785f0>,31,23,[ 5 12],32,-1,69,-1,46
1,<environment.Job instance at 0x7f9148e78690>,32,15,[14  1],33,-1,61,-1,46
1,<environment.Job instance at 0x7f91488c9730>,34,25,[5 5],35,-1,72,-1,47
1,<environment.Job instance at 0x7f91488c95f0>,35,14,[ 5 14],36,-1,61,-1,47
1,<environment.Job instance at 0x7f91488bfaa0>,37,21,[14  5],38,-1,68,-1,47
1,<environment.Job instance at 0x7f91488bfcd0>,38,13,[11  2],39,-1,60,-1,47
1,<environment.Job instance at 0x7f91488bf0a0>,39,15,[ 3 14],40,-1,62,-1,47
1,<environment.Job instance at 0x7f91488bf190>,40,12,[ 5 11],41,-1,59,-1,47
1,<environment.Job instance at 0x7f9148d7d320>,41,14,[ 5 14],42,-1,61,-1,47
1,<environment.Job instance at 0x7f9148def820>,42,27,[ 5 11],43,-1,74,-1,47
1,<environment.Job instance at 0x7f9148def690>,43,23,[14  5],44,-1,70,-1,47
1,<environment.Job instance at 0x7f914853c870>,45,13,[11  1],46,-1,73,-1,60
1,<environment.Job instance at 0x7f9148c4cdc0>,46,22,[12  5],47,-1,82,-1,60
1,<environment.Job instance at 0x7f9148caeb40>,47,27,[8 4],48,-1,101,-1,74
1,<environment.Job instance at 0x7f9148c4c050>,48,22,[ 2 12],49,-1,96,-1,74
1,<environment.Job instance at 0x7f91488814b0>,49,15,[11  5],50,-1,89,-1,74
1,<environment.Job instance at 0x7f9148c94320>,51,24,[12  2],52,-1,98,-1,74
1,<environment.Job instance at 0x7f914853c0f0>,53,18,[ 2 14],54,-1,92,-1,74
1,<environment.Job instance at 0x7f9148799eb0>,54,12,[ 5 13],55,-1,86,-1,74
1,<environment.Job instance at 0x7f914903ceb0>,56,19,[ 3 14],57,-1,93,-1,74
1,<environment.Job instance at 0x7f91494e01e0>,57,18,[ 4 14],58,-1,92,-1,74
1,<environment.Job instance at 0x7f91494e03c0>,58,23,[12  2],59,-1,97,-1,74
1,<environment.Job instance at 0x7f9148cdc7d0>,60,27,[1 9],61,-1,117,-1,90
1,<environment.Job instance at 0x7f9148cdc370>,61,26,[6 4],62,-1,116,-1,90
1,<environment.Job instance at 0x7f91487a5410>,64,24,[12  1],65,-1,128,-1,104
1,<environment.Job instance at 0x7f9149201640>,66,26,[14  1],67,-1,130,-1,104
1,<environment.Job instance at 0x7f9149201280>,67,23,[10  4],68,-1,139,-1,116
1,<environment.Job instance at 0x7f9148cfee60>,68,28,[8 3],69,-1,144,-1,116
1,<environment.Job instance at 0x7f9148cfeaa0>,69,14,[ 1 12],70,-1,130,-1,116
1,<environment.Job instance at 0x7f914847f7d0>,70,16,[ 1 11],71,-1,132,-1,116
1,<environment.Job instance at 0x7f914847fa00>,71,17,[11  1],72,-1,133,-1,116
1,<environment.Job instance at 0x7f914847feb0>,72,23,[6 1],73,-1,139,-1,116
1,<environment.Job instance at 0x7f914847f460>,73,16,[ 4 13],74,-1,132,-1,116
1,<environment.Job instance at 0x7f914847fb40>,74,26,[8 4],75,-1,142,-1,116
1,<environment.Job instance at 0x7f914847fd70>,76,18,[12  4],77,-1,134,-1,116
1,<environment.Job instance at 0x7f9148676550>,77,27,[14  5],78,-1,143,-1,116
1,<environment.Job instance at 0x7f9148676140>,78,26,[7 4],79,-1,147,-1,121
1,<environment.Job instance at 0x7f91497ed500>,79,28,[2 7],80,-1,149,-1,121
1,<environment.Job instance at 0x7f91497ed0f0>,80,18,[ 2 14],81,-1,139,-1,121
1,<environment.Job instance at 0x7f91488c75f0>,81,17,[12  3],82,-1,138,-1,121
1,<environment.Job instance at 0x7f91488c7eb0>,82,15,[14  3],83,-1,136,-1,121
1,<environment.Job instance at 0x7f91488c71e0>,83,18,[ 3 14],84,-1,139,-1,121
1,<environment.Job instance at 0x7f91488c7dc0>,84,27,[3 6],85,-1,148,-1,121
1,<environment.Job instance at 0x7f91488c73c0>,85,14,[ 5 11],86,-1,135,-1,121
1,<environment.Job instance at 0x7f91488c75a0>,86,18,[11  3],87,-1,139,-1,121
1,<environment.Job instance at 0x7f91488c7460>,87,15,[14  5],88,-1,136,-1,121
1,<environment.Job instance at 0x7f91488c7c30>,88,23,[9 3],89,-1,152,-1,129
1,<environment.Job instance at 0x7f91488c78c0>,89,28,[4 7],90,-1,157,-1,129
1,<environment.Job instance at 0x7f9148874f00>,91,25,[11  3],92,-1,154,-1,129
1,<environment.Job instance at 0x7f9148874fa0>,92,17,[13  3],93,-1,146,-1,129
1,<environment.Job instance at 0x7f9148874050>,93,23,[13  1],94,-1,152,-1,129
1,<environment.Job instance at 0x7f9148874e60>,94,25,[ 1 11],95,-1,154,-1,129
1,<environment.Job instance at 0x7f91487b9d20>,96,25,[ 5 14],97,-1,154,-1,129
1,<environment.Job instance at 0x7f91488c7a50>,90,27,[1 8],91,-1,163,-1,136
1,<environment.Job instance at 0x7f914888a910>,98,18,[11  5],99,-1,154,-1,136
1,<environment.Job instance at 0x7f9148b630f0>,99,17,[12  4],100,-1,153,-1,136
1,<environment.Job instance at 0x7f9151fb57d0>,101,24,[3 9],102,-1,178,-1,154
1,<environment.Job instance at 0x7f9151fa8d70>,104,24,[ 5 14],105,-1,178,-1,154
1,<environment.Job instance at 0x7f9151fb5e10>,106,13,[ 2 13],107,-1,175,-1,162
1,<environment.Job instance at 0x7f9151fbc960>,108,27,[13  2],109,-1,193,-1,166
1,<environment.Job instance at 0x7f9151fbc690>,109,26,[ 5 11],110,-1,192,-1,166
1,<environment.Job instance at 0x7f91497cfd20>,110,17,[13  2],111,-1,183,-1,166
1,<environment.Job instance at 0x7f91497cf500>,111,27,[11  3],112,-1,193,-1,166
1,<environment.Job instance at 0x7f91499c5fa0>,7,24,[13  2],8,-1,38,-1,14
1,<environment.Job instance at 0x7f91499ae190>,6,21,[6 5],7,-1,35,-1,14
1,<environment.Job instance at 0x7f9148548960>,0,23,[ 1 11],1,-1,24,-1,1
1,<environment.Job instance at 0x7f9148548730>,2,15,[ 3 11],3,-1,18,-1,3
1,<environment.Job instance at 0x7f9148548a00>,3,21,[ 4 12],4,-1,25,-1,4
1,<environment.Job instance at 0x7f9148548e60>,4,21,[ 4 12],5,-1,26,-1,5
1,<environment.Job instance at 0x7f91485379b0>,7,24,[13  2],8,-1,32,-1,8
1,<environment.Job instance at 0x7f9148537550>,9,17,[14  3],10,-1,27,-1,10
1,<environment.Job instance at 0x7f914852f640>,11,14,[ 1 11],12,-1,26,-1,12
1,<environment.Job instance at 0x7f9149527a50>,12,16,[14  1],13,-1,29,-1,13
1,<environment.Job instance at 0x7f91495271e0>,16,15,[ 3 12],17,-1,43,-1,28
1,<environment.Job instance at 0x7f914889b230>,17,25,[6 1],18,-1,53,-1,28
1,<environment.Job instance at 0x7f914889baf0>,18,18,[12  4],19,-1,46,-1,28
1,<environment.Job instance at 0x7f914852f1e0>,14,26,[8 1],15,-1,54,-1,28
1,<environment.Job instance at 0x7f914889b1e0>,21,21,[11  5],22,-1,49,-1,28
1,<environment.Job instance at 0x7f91488ba730>,22,27,[6 3],23,-1,56,-1,29
1,<environment.Job instance at 0x7f91488ba690>,24,19,[ 2 14],25,-1,48,-1,29
1,<environment.Job instance at 0x7f9148818a00>,27,12,[11  3],28,-1,52,-1,40
1,<environment.Job instance at 0x7f9148818870>,28,18,[ 2 11],29,-1,58,-1,40
1,<environment.Job instance at 0x7f91492272d0>,30,24,[9 1],31,-1,79,-1,55
1,<environment.Job instance at 0x7f9148818140>,32,15,[ 2 13],33,-1,70,-1,55
1,<environment.Job instance at 0x7f9148982af0>,33,20,[12  2],34,-1,75,-1,55
1,<environment.Job instance at 0x7f9148982190>,34,25,[9 2],35,-1,80,-1,55
1,<environment.Job instance at 0x7f91489823c0>,35,23,[ 2 13],36,-1,78,-1,55
1,<environment.Job instance at 0x7f9148982690>,36,20,[11  4],37,-1,75,-1,55
1,<environment.Job instance at 0x7f91491ed0a0>,37,23,[ 5 14],38,-1,78,-1,55
1,<environment.Job instance at 0x7f9148982960>,39,19,[ 3 14],40,-1,74,-1,55
1,<environment.Job instance at 0x7f9148455cd0>,40,16,[ 2 13],41,-1,71,-1,55
1,<environment.Job instance at 0x7f9148455690>,42,28,[ 3 13],43,-1,96,-1,68
1,<environment.Job instance at 0x7f9148455460>,43,26,[13  2],44,-1,94,-1,68
1,<environment.Job instance at 0x7f91486f3820>,45,22,[ 3 12],46,-1,90,-1,68
1,<environment.Job instance at 0x7f91486f3aa0>,46,21,[ 4 11],47,-1,89,-1,68
1,<environment.Job instance at 0x7f91497cff50>,47,16,[ 1 12],48,-1,84,-1,68
1,<environment.Job instance at 0x7f91497cfaa0>,48,17,[ 2 11],49,-1,85,-1,68
1,<environment.Job instance at 0x7f91497cf640>,49,14,[14  4],50,-1,82,-1,68
1,<environment.Job instance at 0x7f91497cf370>,50,26,[5 7],51,-1,94,-1,68
1,<environment.Job instance at 0x7f91497cf3c0>,51,26,[11  1],52,-1,94,-1,68
1,<environment.Job instance at 0x7f9151fbc5a0>,52,24,[12  1],53,-1,92,-1,68
1,<environment.Job instance at 0x7f9151fbc960>,53,28,[12  4],54,-1,96,-1,68
1,<environment.Job instance at 0x7f9151fbc690>,54,18,[ 1 11],55,-1,86,-1,68
1,<environment.Job instance at 0x7f9151fb5dc0>,57,28,[ 1 12],58,-1,99,-1,71
1,<environment.Job instance at 0x7f9148b63fa0>,59,23,[1 5],60,-1,107,-1,84
1,<environment.Job instance at 0x7f91487b94b0>,63,16,[14  2],64,-1,112,-1,96
1,<environment.Job instance at 0x7f91487b9910>,64,18,[ 5 12],65,-1,114,-1,96
1,<environment.Job instance at 0x7f91488740f0>,65,24,[13  2],66,-1,120,-1,96
1,<environment.Job instance at 0x7f91488741e0>,66,16,[14  5],67,-1,112,-1,96
1,<environment.Job instance at 0x7f9148874050>,67,23,[ 1 13],68,-1,119,-1,96
1,<environment.Job instance at 0x7f91488749b0>,69,15,[ 2 14],70,-1,123,-1,108
1,<environment.Job instance at 0x7f91488c7a50>,70,26,[6 5],71,-1,134,-1,108
1,<environment.Job instance at 0x7f91488c7370>,71,13,[14  2],72,-1,121,-1,108
1,<environment.Job instance at 0x7f91488c7dc0>,73,12,[14  2],74,-1,120,-1,108
1,<environment.Job instance at 0x7f91488c7c80>,74,12,[ 3 12],75,-1,120,-1,108
1,<environment.Job instance at 0x7f91488c71e0>,75,20,[12  4],76,-1,128,-1,108
1,<environment.Job instance at 0x7f91488c7b40>,76,21,[12  2],77,-1,129,-1,108
1,<environment.Job instance at 0x7f91497edaa0>,79,23,[13  4],80,-1,133,-1,110
1,<environment.Job instance at 0x7f91488c75f0>,77,24,[9 1],78,-1,135,-1,111
1,<environment.Job instance at 0x7f91497ed500>,81,25,[3 7],82,-1,136,-1,111
1,<environment.Job instance at 0x7f914847fd70>,82,13,[ 2 13],83,-1,124,-1,111
1,<environment.Job instance at 0x7f914847f0a0>,83,19,[ 3 11],84,-1,130,-1,111
1,<environment.Job instance at 0x7f914847f460>,84,20,[12  4],85,-1,131,-1,111
1,<environment.Job instance at 0x7f914847fb40>,85,26,[4 9],86,-1,137,-1,111
1,<environment.Job instance at 0x7f914847f730>,86,12,[13  3],87,-1,123,-1,111
1,<environment.Job instance at 0x7f914847ff50>,87,27,[1 7],88,-1,138,-1,111
1,<environment.Job instance at 0x7f914847f410>,88,25,[3 7],89,-1,136,-1,111
1,<environment.Job instance at 0x7f9148cfee60>,92,18,[12  3],93,-1,146,-1,128
1,<environment.Job instance at 0x7f9148cfecd0>,93,26,[13  2],94,-1,154,-1,128
1,<environment.Job instance at 0x7f91487a5410>,91,23,[10  1],92,-1,155,-1,132
1,<environment.Job instance at 0x7f9148ce4b40>,95,27,[12  3],96,-1,159,-1,132
1,<environment.Job instance at 0x7f9148cdcc30>,96,15,[13  1],97,-1,147,-1,132
1,<environment.Job instance at 0x7f9148ce45f0>,97,25,[9 3],98,-1,157,-1,132
1,<environment.Job instance at 0x7f91494e03c0>,101,12,[12  5],102,-1,159,-1,147
1,<environment.Job instance at 0x7f91489d2be0>,102,22,[11  4],103,-1,169,-1,147
1,<environment.Job instance at 0x7f91488b4820>,103,27,[11  5],104,-1,174,-1,147
1,<environment.Job instance at 0x7f914903c730>,104,21,[ 1 12],105,-1,168,-1,147
1,<environment.Job instance at 0x7f9148c4c410>,107,27,[ 2 12],108,-1,191,-1,164
1,<environment.Job instance at 0x7f91493676e0>,1,15,[10  5],2,-1,18,-1,3
1,<environment.Job instance at 0x7f91493678c0>,7,23,[6 5],8,-1,33,-1,10
1,<environment.Job instance at 0x7f9148d80410>,0,13,[13  3],1,-1,14,-1,1
1,<environment.Job instance at 0x7f9148d75500>,3,25,[ 5 14],4,-1,29,-1,4
1,<environment.Job instance at 0x7f9148d75f00>,4,18,[ 5 14],5,-1,23,-1,5
1,<environment.Job instance at 0x7f9148d75d20>,5,16,[11  1],6,-1,22,-1,6
1,<environment.Job instance at 0x7f91499c5eb0>,6,12,[ 3 13],7,-1,19,-1,7
1,<environment.Job instance at 0x7f91499a4aa0>,10,18,[13  2],11,-1,29,-1,11
1,<environment.Job instance at 0x7f91499c5d70>,7,23,[6 5],8,-1,40,-1,17
1,<environment.Job instance at 0x7f91494da910>,13,19,[14  5],14,-1,36,-1,17
1,<environment.Job instance at 0x7f914848ed20>,14,14,[ 4 12],15,-1,31,-1,17
1,<environment.Job instance at 0x7f91488373c0>,15,14,[12  3],16,-1,31,-1,17
1,<environment.Job instance at 0x7f91494f04b0>,8,23,[6 4],9,-1,40,-1,17
1,<environment.Job instance at 0x7f9148e83f50>,9,23,[6 1],10,-1,40,-1,17
1,<environment.Job instance at 0x7f9148e83550>,12,28,[3 9],13,-1,47,-1,19
1,<environment.Job instance at 0x7f914884c5f0>,19,15,[13  1],20,-1,35,-1,20
1,<environment.Job instance at 0x7f9148f5ff00>,20,13,[ 5 11],21,-1,34,-1,21
1,<environment.Job instance at 0x7f9148f5a780>,21,25,[ 2 14],22,-1,47,-1,22
1,<environment.Job instance at 0x7f9148f5a730>,22,27,[ 1 12],23,-1,50,-1,23
1,<environment.Job instance at 0x7f9148f5a5a0>,24,26,[ 5 13],25,-1,51,-1,25
1,<environment.Job instance at 0x7f91485301e0>,25,28,[ 4 13],26,-1,54,-1,26
1,<environment.Job instance at 0x7f9148530b40>,26,13,[11  2],27,-1,40,-1,27
1,<environment.Job instance at 0x7f91485300a0>,27,19,[ 2 11],28,-1,47,-1,28
1,<environment.Job instance at 0x7f9148530af0>,28,28,[ 4 11],29,-1,57,-1,29
1,<environment.Job instance at 0x7f9148530910>,30,16,[14  4],31,-1,47,-1,31
1,<environment.Job instance at 0x7f9148f5a870>,23,24,[2 8],24,-1,57,-1,33
1,<environment.Job instance at 0x7f9148530370>,31,23,[ 3 10],32,-1,56,-1,33
1,<environment.Job instance at 0x7f9148530230>,33,12,[12  5],34,-1,46,-1,34
1,<environment.Job instance at 0x7f9148e785a0>,34,22,[13  1],35,-1,57,-1,35
1,<environment.Job instance at 0x7f91489845a0>,37,14,[ 1 11],38,-1,52,-1,38
1,<environment.Job instance at 0x7f91488c9370>,38,14,[ 5 14],39,-1,53,-1,39
1,<environment.Job instance at 0x7f91488c9280>,40,12,[ 2 12],41,-1,56,-1,44
1,<environment.Job instance at 0x7f91488bfbe0>,43,26,[7 4],44,-1,70,-1,44
1,<environment.Job instance at 0x7f91488c95f0>,39,27,[7 2],40,-1,71,-1,44
1,<environment.Job instance at 0x7f91488bf0a0>,44,26,[ 2 13],45,-1,71,-1,45
1,<environment.Job instance at 0x7f914853c960>,45,23,[7 1],46,-1,84,-1,61
1,<environment.Job instance at 0x7f9148caeb40>,49,24,[13  4],50,-1,88,-1,64
1,<environment.Job instance at 0x7f91488b4820>,50,21,[11  2],51,-1,85,-1,64
1,<environment.Job instance at 0x7f9148c94320>,51,27,[7 2],52,-1,94,-1,67
1,<environment.Job instance at 0x7f91487ae460>,52,22,[ 5 14],53,-1,89,-1,67
1,<environment.Job instance at 0x7f91494e03c0>,55,26,[11  1],56,-1,100,-1,74
1,<environment.Job instance at 0x7f91494e0370>,56,13,[ 1 12],57,-1,87,-1,74
1,<environment.Job instance at 0x7f91494e01e0>,57,22,[ 2 12],58,-1,96,-1,74
1,<environment.Job instance at 0x7f914920fb40>,58,15,[14  4],59,-1,89,-1,74
1,<environment.Job instance at 0x7f9148ce4e60>,59,24,[ 3 13],60,-1,98,-1,74
1,<environment.Job instance at 0x7f9149201280>,60,24,[12  5],61,-1,98,-1,74
1,<environment.Job instance at 0x7f9148cfecd0>,61,27,[ 5 14],62,-1,101,-1,74
1,<environment.Job instance at 0x7f9148cfeaa0>,62,18,[ 3 11],63,-1,92,-1,74
1,<environment.Job instance at 0x7f914847f500>,64,25,[ 5 12],65,-1,105,-1,80
1,<environment.Job instance at 0x7f914847ff50>,66,27,[ 4 13],67,-1,108,-1,81
1,<environment.Job instance at 0x7f91497ed500>,67,12,[12  5],68,-1,93,-1,81
1,<environment.Job instance at 0x7f914847f1e0>,68,17,[ 5 11],69,-1,98,-1,81
1,<environment.Job instance at 0x7f914847f5a0>,69,20,[ 2 13],70,-1,101,-1,81
1,<environment.Job instance at 0x7f9149201640>,63,27,[1 8],64,-1,128,-1,101
1,<environment.Job instance at 0x7f91488c7550>,72,27,[5 8],73,-1,128,-1,101
1,<environment.Job instance at 0x7f914847fb40>,65,26,[4 9],66,-1,127,-1,101
1,<environment.Job instance at 0x7f91488c7190>,74,13,[ 4 11],75,-1,114,-1,101
1,<environment.Job instance at 0x7f91488c7140>,75,21,[14  5],76,-1,122,-1,101
1,<environment.Job instance at 0x7f91488c7460>,76,16,[ 5 14],77,-1,117,-1,101
1,<environment.Job instance at 0x7f9148874690>,79,12,[14  1],80,-1,113,-1,101
1,<environment.Job instance at 0x7f914888a960>,80,28,[13  3],81,-1,129,-1,101
1,<environment.Job instance at 0x7f9151fb5550>,84,24,[8 3],85,-1,156,-1,132
1,<environment.Job instance at 0x7f9151fb5690>,85,14,[ 2 12],86,-1,146,-1,132
1,<environment.Job instance at 0x7f9151fa8d70>,88,17,[11  4],89,-1,149,-1,132
1,<environment.Job instance at 0x7f9151fb5e10>,89,26,[3 8],90,-1,158,-1,132
1,<environment.Job instance at 0x7f9151fb5d20>,90,24,[13  1],91,-1,156,-1,132
1,<environment.Job instance at 0x7f91497cfb90>,92,13,[ 5 12],93,-1,145,-1,132
1,<environment.Job instance at 0x7f91497cf500>,93,14,[14  4],94,-1,146,-1,132
1,<environment.Job instance at 0x7f91497cf640>,95,19,[13  1],96,-1,151,-1,132
1,<environment.Job instance at 0x7f91486f35f0>,96,26,[14  3],97,-1,158,-1,132
1,<environment.Job instance at 0x7f91486f3aa0>,98,20,[ 3 13],99,-1,165,-1,145
1,<environment.Job instance at 0x7f9148455460>,99,12,[ 2 12],100,-1,157,-1,145
1,<environment.Job instance at 0x7f9148982190>,101,12,[ 2 11],102,-1,158,-1,146
1,<environment.Job instance at 0x7f9148982af0>,103,24,[13  2],104,-1,170,-1,146
1,<environment.Job instance at 0x7f9148027aa0>,2,17,[10  3],3,-1,21,-1,4
1,<environment.Job instance at 0x7f9148b1aaa0>,4,17,[ 2 10],5,-1,22,-1,5
1,<environment.Job instance at 0x7f914821d320>,9,26,[10  2],10,-1,50,-1,24
1,<environment.Job instance at 0x7f9148eb1960>,14,25,[10  1],15,-1,49,-1,24
1,<environment.Job instance at 0x7f914821d1e0>,12,24,[14  1],13,-1,48,-1,24
1,<environment.Job instance at 0x7f914802a280>,17,17,[11  4],18,-1,77,-1,60
1,<environment.Job instance at 0x7f914802a140>,19,13,[5 6],20,-1,73,-1,60
1,<environment.Job instance at 0x7f914802afa0>,21,27,[9 2],22,-1,87,-1,60
1,<environment.Job instance at 0x7f914821d640>,8,14,[ 5 14],9,-1,76,-1,62
1,<environment.Job instance at 0x7f914821d4b0>,6,27,[10  1],7,-1,90,-1,63
1,<environment.Job instance at 0x7f914802a8c0>,20,16,[11  3],21,-1,114,-1,98
1,<environment.Job instance at 0x7f91497a8f50>,31,25,[13  5],32,-1,123,-1,98
1,<environment.Job instance at 0x7f91495112d0>,30,16,[ 1 10],31,-1,114,-1,98
1,<environment.Job instance at 0x7f9148dd8c80>,0,25,[8 1],1,-1,26,-1,1
1,<environment.Job instance at 0x7f9148dd8640>,1,14,[14  1],2,-1,16,-1,2
1,<environment.Job instance at 0x7f9148dd8eb0>,3,25,[ 4 12],4,-1,29,-1,4
1,<environment.Job instance at 0x7f91488ba690>,8,14,[ 5 14],9,-1,23,-1,9
1,<environment.Job instance at 0x7f914802bc80>,6,27,[10  1],7,-1,47,-1,20
1,<environment.Job instance at 0x7f91489bc500>,11,20,[ 1 12],12,-1,40,-1,20
1,<environment.Job instance at 0x7f9148982af0>,12,24,[14  1],13,-1,44,-1,20
1,<environment.Job instance at 0x7f9148982730>,13,28,[9 3],14,-1,48,-1,20
1,<environment.Job instance at 0x7f9148ce45a0>,14,25,[10  1],15,-1,45,-1,20
1,<environment.Job instance at 0x7f9148ce4b40>,15,26,[ 2 12],16,-1,46,-1,20
1,<environment.Job instance at 0x7f9149222af0>,16,22,[ 1 11],17,-1,42,-1,20
1,<environment.Job instance at 0x7f9148c4c050>,17,17,[11  4],18,-1,37,-1,20
1,<environment.Job instance at 0x7f91489845a0>,18,17,[ 5 13],19,-1,37,-1,20
1,<environment.Job instance at 0x7f91488ba6e0>,7,23,[10  1],8,-1,43,-1,20
1,<environment.Job instance at 0x7f9148982500>,9,26,[10  2],10,-1,46,-1,20
1,<environment.Job instance at 0x7f914821dd70>,20,16,[11  3],21,-1,37,-1,21
1,<environment.Job instance at 0x7f914802a730>,21,27,[9 2],22,-1,49,-1,22
1,<environment.Job instance at 0x7f914801c730>,23,27,[ 3 14],24,-1,51,-1,24
1,<environment.Job instance at 0x7f91494cdd70>,24,13,[12  1],25,-1,38,-1,25
1,<environment.Job instance at 0x7f9148f11870>,25,28,[13  1],26,-1,54,-1,26
1,<environment.Job instance at 0x7f9148e71f00>,27,17,[14  2],28,-1,45,-1,28
1,<environment.Job instance at 0x7f9148035820>,28,16,[ 4 14],29,-1,45,-1,29
1,<environment.Job instance at 0x7f9148390410>,31,25,[13  5],32,-1,57,-1,32
1,<environment.Job instance at 0x7f9148f5f550>,22,23,[2 6],23,-1,57,-1,34
1,<environment.Job instance at 0x7f91497a5eb0>,34,14,[14  5],35,-1,49,-1,35
1,<environment.Job instance at 0x7f91497a5500>,35,27,[13  5],36,-1,63,-1,36
1,<environment.Job instance at 0x7f91497a5280>,39,18,[14  1],40,-1,66,-1,48
1,<environment.Job instance at 0x7f91497a58c0>,40,13,[ 2 11],41,-1,61,-1,48
1,<environment.Job instance at 0x7f91497a5320>,41,28,[1 7],42,-1,76,-1,48
1,<environment.Job instance at 0x7f91488b5fa0>,42,15,[ 3 12],43,-1,63,-1,48
1,<environment.Job instance at 0x7f91488b5eb0>,47,28,[ 1 14],48,-1,93,-1,65
1,<environment.Job instance at 0x7f91488b52d0>,48,23,[ 5 12],49,-1,88,-1,65
1,<environment.Job instance at 0x7f91487cfa50>,51,14,[12  2],52,-1,92,-1,78
1,<environment.Job instance at 0x7f91487cf820>,54,24,[8 4],55,-1,120,-1,96
1,<environment.Job instance at 0x7f91487cf870>,55,26,[10  2],56,-1,122,-1,96
1,<environment.Job instance at 0x7f91487cfb40>,57,14,[ 5 13],58,-1,110,-1,96
1,<environment.Job instance at 0x7f91487cfc30>,58,28,[ 1 12],59,-1,124,-1,96
1,<environment.Job instance at 0x7f91487cf550>,59,16,[12  1],60,-1,112,-1,96
1,<environment.Job instance at 0x7f91487cfeb0>,62,23,[1 8],63,-1,150,-1,127
1,<environment.Job instance at 0x7f91487cfa00>,63,21,[ 5 11],64,-1,148,-1,127
1,<environment.Job instance at 0x7f91487cf5a0>,64,15,[ 2 14],65,-1,142,-1,127
1,<environment.Job instance at 0x7f914920ffa0>,65,27,[ 4 13],66,-1,154,-1,127
1,<environment.Job instance at 0x7f914920f1e0>,66,16,[ 4 11],67,-1,143,-1,127
1,<environment.Job instance at 0x7f914920fd20>,67,23,[3 9],68,-1,150,-1,127
1,<environment.Job instance at 0x7f914920fcd0>,68,20,[13  5],69,-1,147,-1,127
1,<environment.Job instance at 0x7f914920f3c0>,69,17,[ 4 12],70,-1,144,-1,127
1,<environment.Job instance at 0x7f915259c140>,72,13,[ 4 11],73,-1,143,-1,130
1,<environment.Job instance at 0x7f915259c8c0>,73,17,[13  4],74,-1,147,-1,130
1,<environment.Job instance at 0x7f915259ceb0>,74,19,[14  5],75,-1,149,-1,130
1,<environment.Job instance at 0x7f915259c410>,75,17,[12  5],76,-1,147,-1,130
1,<environment.Job instance at 0x7f914868ce60>,76,24,[10  5],77,-1,164,-1,140
1,<environment.Job instance at 0x7f914868ccd0>,77,19,[12  2],78,-1,159,-1,140
1,<environment.Job instance at 0x7f914868caf0>,78,24,[13  2],79,-1,164,-1,140
1,<environment.Job instance at 0x7f914868c5f0>,79,27,[4 8],80,-1,167,-1,140
1,<environment.Job instance at 0x7f914868ce10>,80,23,[13  5],81,-1,163,-1,140
1,<environment.Job instance at 0x7f914868c640>,81,17,[12  4],82,-1,157,-1,140
1,<environment.Job instance at 0x7f914868c500>,82,13,[11  2],83,-1,153,-1,140
1,<environment.Job instance at 0x7f914868c7d0>,83,17,[14  2],84,-1,157,-1,140
1,<environment.Job instance at 0x7f914868cc80>,84,13,[11  3],85,-1,153,-1,140
1,<environment.Job instance at 0x7f914868ceb0>,86,27,[3 8],87,-1,175,-1,148
1,<environment.Job instance at 0x7f914868cf50>,87,13,[14  2],88,-1,161,-1,148
1,<environment.Job instance at 0x7f914868caa0>,88,28,[12  3],89,-1,176,-1,148
1,<environment.Job instance at 0x7f914868c6e0>,89,21,[ 4 13],90,-1,169,-1,148
1,<environment.Job instance at 0x7f914868c1e0>,90,19,[14  2],91,-1,167,-1,148
1,<environment.Job instance at 0x7f914868c910>,93,24,[ 5 14],94,-1,172,-1,148
1,<environment.Job instance at 0x7f91488810a0>,94,28,[ 3 11],95,-1,176,-1,148
1,<environment.Job instance at 0x7f9148881140>,96,26,[ 2 11],97,-1,179,-1,153
1,<environment.Job instance at 0x7f9148881b90>,98,28,[4 7],99,-1,188,-1,160
1,<environment.Job instance at 0x7f9148881730>,103,21,[ 3 14],104,-1,189,-1,168
1,<environment.Job instance at 0x7f9148881a50>,104,27,[ 4 14],105,-1,195,-1,168
1,<environment.Job instance at 0x7f914849bdc0>,0,16,[7 5],1,-1,17,-1,1
1,<environment.Job instance at 0x7f91490aa9b0>,3,17,[11  4],4,-1,22,-1,5
1,<environment.Job instance at 0x7f9148b0f500>,6,21,[4 8],7,-1,28,-1,7
1,<environment.Job instance at 0x7f9148b0fd20>,7,16,[11  1],8,-1,24,-1,8
1,<environment.Job instance at 0x7f91498840f0>,10,21,[6 4],11,-1,32,-1,11
1,<environment.Job instance at 0x7f91493c2820>,16,24,[3 9],17,-1,71,-1,47
1,<environment.Job instance at 0x7f91521b1d70>,18,24,[11  4],19,-1,100,-1,76
1,<environment.Job instance at 0x7f91493c23c0>,17,28,[5 3],18,-1,104,-1,76
1,<environment.Job instance at 0x7f914839c500>,23,25,[14  1],24,-1,102,-1,77
1,<environment.Job instance at 0x7f914987e5f0>,24,24,[7 4],25,-1,101,-1,77
1,<environment.Job instance at 0x7f9149348230>,2,15,[11  2],3,-1,18,-1,3
1,<environment.Job instance at 0x7f9151fb26e0>,3,17,[11  4],4,-1,21,-1,4
1,<environment.Job instance at 0x7f9151fb2050>,4,16,[ 2 12],5,-1,21,-1,5
1,<environment.Job instance at 0x7f9151fb2960>,7,16,[11  1],8,-1,24,-1,8
1,<environment.Job instance at 0x7f9151fb23c0>,8,22,[12  3],9,-1,31,-1,9
1,<environment.Job instance at 0x7f9151fb2b40>,9,14,[13  4],10,-1,24,-1,10
1,<environment.Job instance at 0x7f9151fb28c0>,11,24,[13  3],12,-1,36,-1,12
1,<environment.Job instance at 0x7f9151fb24b0>,12,14,[12  1],13,-1,27,-1,13
1,<environment.Job instance at 0x7f9151fb2d70>,14,14,[11  1],15,-1,29,-1,15
1,<environment.Job instance at 0x7f9151fb2b90>,16,24,[3 9],17,-1,41,-1,17
1,<environment.Job instance at 0x7f914948aa00>,18,24,[11  4],19,-1,43,-1,19
1,<environment.Job instance at 0x7f914948a690>,19,27,[ 1 14],20,-1,47,-1,20
1,<environment.Job instance at 0x7f9148e2f690>,20,28,[13  2],21,-1,49,-1,21
1,<environment.Job instance at 0x7f9151fb2e10>,17,28,[5 3],18,-1,62,-1,34
1,<environment.Job instance at 0x7f9148e2fe10>,23,25,[14  1],24,-1,59,-1,34
1,<environment.Job instance at 0x7f9148e2fc80>,24,24,[7 4],25,-1,60,-1,36
1,<environment.Job instance at 0x7f9148e2f870>,26,25,[8 4],27,-1,61,-1,36
1,<environment.Job instance at 0x7f9148e2f910>,27,16,[11  2],28,-1,52,-1,36
1,<environment.Job instance at 0x7f9148e2fe60>,28,24,[ 5 11],29,-1,60,-1,36
1,<environment.Job instance at 0x7f9148e2fc30>,29,14,[13  2],30,-1,50,-1,36
1,<environment.Job instance at 0x7f914948a640>,22,24,[3 6],23,-1,60,-1,36
1,<environment.Job instance at 0x7f9149a390f0>,31,13,[13  3],32,-1,49,-1,36
1,<environment.Job instance at 0x7f9149a39640>,32,25,[ 3 11],33,-1,61,-1,36
1,<environment.Job instance at 0x7f9149a39460>,33,26,[8 4],34,-1,62,-1,36
1,<environment.Job instance at 0x7f9149a39870>,34,17,[ 3 12],35,-1,53,-1,36
1,<environment.Job instance at 0x7f9149a390a0>,36,14,[12  3],37,-1,51,-1,37
1,<environment.Job instance at 0x7f9149a39960>,37,23,[ 4 10],38,-1,61,-1,38
1,<environment.Job instance at 0x7f914947e870>,44,22,[ 5 11],45,-1,83,-1,61
1,<environment.Job instance at 0x7f914947e1e0>,45,17,[13  3],46,-1,78,-1,61
1,<environment.Job instance at 0x7f914947e500>,46,22,[13  4],47,-1,83,-1,61
1,<environment.Job instance at 0x7f914947ecd0>,47,23,[3 9],48,-1,87,-1,64
1,<environment.Job instance at 0x7f914947e0f0>,50,27,[ 1 14],51,-1,91,-1,64
1,<environment.Job instance at 0x7f914947ec30>,51,27,[ 2 12],52,-1,91,-1,64
1,<environment.Job instance at 0x7f914947e0a0>,52,15,[13  1],53,-1,79,-1,64
1,<environment.Job instance at 0x7f91488811e0>,53,18,[13  5],54,-1,82,-1,64
1,<environment.Job instance at 0x7f914947e410>,42,23,[ 4 10],43,-1,87,-1,64
1,<environment.Job instance at 0x7f9148881b40>,55,24,[1 8],56,-1,88,-1,64
1,<environment.Job instance at 0x7f9148881a50>,56,23,[6 5],57,-1,87,-1,64
1,<environment.Job instance at 0x7f9148881730>,57,25,[5 4],58,-1,89,-1,64
1,<environment.Job instance at 0x7f9148881aa0>,59,16,[ 3 13],60,-1,81,-1,65
1,<environment.Job instance at 0x7f9148881e60>,60,24,[12  2],61,-1,89,-1,65
1,<environment.Job instance at 0x7f9148881c30>,61,27,[12  3],62,-1,92,-1,65
1,<environment.Job instance at 0x7f9148881690>,54,28,[7 1],55,-1,106,-1,78
1,<environment.Job instance at 0x7f9148881b90>,63,23,[6 2],64,-1,101,-1,78
1,<environment.Job instance at 0x7f91488815a0>,65,25,[3 5],66,-1,103,-1,78
1,<environment.Job instance at 0x7f9148881500>,66,18,[ 2 14],67,-1,96,-1,78
1,<environment.Job instance at 0x7f914868c910>,69,28,[1 5],70,-1,121,-1,93
1,<environment.Job instance at 0x7f914868cf50>,72,24,[ 3 14],73,-1,118,-1,94
1,<environment.Job instance at 0x7f914868c410>,68,23,[9 2],69,-1,137,-1,114
1,<environment.Job instance at 0x7f914868cd20>,74,26,[4 8],75,-1,140,-1,114
1,<environment.Job instance at 0x7f914868c7d0>,76,25,[9 1],77,-1,139,-1,114
1,<environment.Job instance at 0x7f914868c500>,77,16,[ 1 11],78,-1,130,-1,114
1,<environment.Job instance at 0x7f914868ccd0>,78,19,[14  4],79,-1,133,-1,114
1,<environment.Job instance at 0x7f914868ce10>,79,23,[2 7],80,-1,137,-1,114
1,<environment.Job instance at 0x7f914868c820>,80,12,[13  5],81,-1,126,-1,114
1,<environment.Job instance at 0x7f915259c8c0>,84,22,[ 5 11],85,-1,148,-1,126
1,<environment.Job instance at 0x7f915259c140>,86,19,[ 5 12],87,-1,146,-1,127
1,<environment.Job instance at 0x7f914920faf0>,88,19,[13  2],89,-1,161,-1,142
1,<environment.Job instance at 0x7f914868ce60>,82,27,[10  1],83,-1,170,-1,143
1,<environment.Job instance at 0x7f914920fcd0>,90,14,[13  2],91,-1,157,-1,143
1,<environment.Job instance at 0x7f914920feb0>,92,17,[12  5],93,-1,162,-1,145
1,<environment.Job instance at 0x7f91487cf3c0>,94,14,[12  4],95,-1,160,-1,146
1,<environment.Job instance at 0x7f914920f910>,95,18,[ 3 12],96,-1,164,-1,146
1,<environment.Job instance at 0x7f91487cfa00>,96,23,[11  1],97,-1,169,-1,146
1,<environment.Job instance at 0x7f91487cf280>,97,18,[ 3 12],98,-1,164,-1,146
1,<environment.Job instance at 0x7f91487cf690>,98,17,[11  3],99,-1,163,-1,146
1,<environment.Job instance at 0x7f91487cf140>,99,14,[ 3 13],100,-1,160,-1,146
1,<environment.Job instance at 0x7f91487cfdc0>,100,25,[2 7],101,-1,187,-1,162
1,<environment.Job instance at 0x7f91487cfe10>,102,13,[ 4 14],103,-1,175,-1,162
1,<environment.Job instance at 0x7f91487cf730>,104,20,[14  2],105,-1,182,-1,162
1,<environment.Job instance at 0x7f91487cf410>,105,14,[12  3],106,-1,176,-1,162
1,<environment.Job instance at 0x7f91487cff50>,106,23,[ 1 12],107,-1,185,-1,162
1,<environment.Job instance at 0x7f91488b52d0>,108,14,[ 1 14],109,-1,179,-1,165
1,<environment.Job instance at 0x7f91488b5eb0>,109,17,[13  2],110,-1,182,-1,165
1,<environment.Job instance at 0x7f91488b57d0>,110,24,[11  4],111,-1,189,-1,165
1,<environment.Job instance at 0x7f91488b50f0>,111,14,[ 1 11],112,-1,179,-1,165
1,<environment.Job instance at 0x7f61fdb1f6e0>,0,13,[9 3],1,-1,15,-1,2
1,<environment.Job instance at 0x7f61fdb1f8c0>,1,22,[11  3],2,-1,24,-1,2
1,<environment.Job instance at 0x7f61fdb1f730>,2,22,[4 8],3,-1,25,-1,3
1,<environment.Job instance at 0x7f61f44d5b90>,4,21,[1 6],5,-1,27,-1,6
1,<environment.Job instance at 0x7f61f44d5d70>,7,25,[6 2],8,-1,33,-1,8
1,<environment.Job instance at 0x7f61f44d5a50>,5,24,[1 5],6,-1,32,-1,8
1,<environment.Job instance at 0x7f61f44d5eb0>,13,18,[ 4 14],14,-1,50,-1,32
1,<environment.Job instance at 0x7f61f44d5a00>,1,22,[11  3],2,-1,24,-1,2
1,<environment.Job instance at 0x7f61f44cdd20>,3,26,[11  4],4,-1,30,-1,4
1,<environment.Job instance at 0x7f61f45e50f0>,8,22,[14  3],9,-1,31,-1,9
1,<environment.Job instance at 0x7f61f44cd960>,9,18,[ 2 13],10,-1,28,-1,10
1,<environment.Job instance at 0x7f61f460cf00>,10,18,[ 3 11],11,-1,29,-1,11
1,<environment.Job instance at 0x7f61f44cd9b0>,12,26,[ 1 12],13,-1,40,-1,14
1,<environment.Job instance at 0x7f61f44cd190>,13,18,[ 4 14],14,-1,32,-1,14
1,<environment.Job instance at 0x7f61f44d5960>,5,24,[1 5],6,-1,38,-1,14
1,<environment.Job instance at 0x7f61f455bb40>,7,25,[6 2],8,-1,39,-1,14
1,<environment.Job instance at 0x7f61f4685e60>,15,18,[ 2 14],16,-1,34,-1,16
1,<environment.Job instance at 0x7f61f45fa230>,16,16,[ 3 11],17,-1,33,-1,17
1,<environment.Job instance at 0x7f61f4568550>,18,25,[ 4 13],19,-1,44,-1,19
1,<environment.Job instance at 0x7f61f45f9b90>,19,14,[ 3 11],20,-1,34,-1,20
1,<environment.Job instance at 0x7f61f45f9960>,20,27,[13  5],21,-1,48,-1,21
1,<environment.Job instance at 0x7f61f45fafa0>,21,26,[ 5 12],22,-1,48,-1,22
1,<environment.Job instance at 0x7f61f4599e60>,22,13,[13  1],23,-1,36,-1,23
1,<environment.Job instance at 0x7f61f45f9aa0>,17,28,[ 5 10],18,-1,53,-1,25
1,<environment.Job instance at 0x7f61f45a4e10>,24,13,[ 3 14],25,-1,38,-1,25
1,<environment.Job instance at 0x7f61f45f14b0>,11,26,[4 8],12,-1,51,-1,25
1,<environment.Job instance at 0x7f61f46f4c30>,25,23,[ 3 13],26,-1,49,-1,26
1,<environment.Job instance at 0x7f61f4600640>,27,25,[5 7],28,-1,53,-1,28
1,<environment.Job instance at 0x7f61f457af50>,28,25,[ 4 11],29,-1,54,-1,29
1,<environment.Job instance at 0x7f61f4682dc0>,29,22,[ 5 13],30,-1,52,-1,30
1,<environment.Job instance at 0x7f61f4682910>,31,20,[11  5],32,-1,52,-1,32
1,<environment.Job instance at 0x7f61f4597c30>,32,27,[11  3],33,-1,60,-1,33
1,<environment.Job instance at 0x7f61f457ae60>,30,27,[4 8],31,-1,70,-1,43
1,<environment.Job instance at 0x7f61f45974b0>,36,13,[ 3 14],37,-1,56,-1,43
1,<environment.Job instance at 0x7f61f4597690>,37,28,[ 2 12],38,-1,71,-1,43
1,<environment.Job instance at 0x7f61f457a690>,26,26,[1 8],27,-1,69,-1,43
1,<environment.Job instance at 0x7f61f4597410>,39,24,[5 6],40,-1,67,-1,43
1,<environment.Job instance at 0x7f61f4682b90>,34,24,[1 8],35,-1,67,-1,43
1,<environment.Job instance at 0x7f61f45977d0>,41,27,[14  1],42,-1,70,-1,43
1,<environment.Job instance at 0x7f61f4597e10>,43,13,[13  1],44,-1,57,-1,44
1,<environment.Job instance at 0x7f61f467d230>,44,24,[ 1 13],45,-1,69,-1,45
1,<environment.Job instance at 0x7f61f4597cd0>,46,17,[12  2],47,-1,66,-1,49
1,<environment.Job instance at 0x7f61f462b550>,48,15,[14  1],49,-1,64,-1,49
1,<environment.Job instance at 0x7f61f45e3cd0>,49,16,[ 2 11],50,-1,66,-1,50
1,<environment.Job instance at 0x7f61f45e3910>,50,16,[12  2],51,-1,67,-1,51
1,<environment.Job instance at 0x7f61f45e3b90>,54,13,[13  1],55,-1,72,-1,59
1,<environment.Job instance at 0x7f61f45cb870>,55,20,[ 3 13],56,-1,79,-1,59
1,<environment.Job instance at 0x7f61f45c7410>,52,27,[8 5],53,-1,86,-1,59
1,<environment.Job instance at 0x7f61f45d0690>,57,27,[ 2 14],58,-1,86,-1,59
1,<environment.Job instance at 0x7f61f45ef9b0>,60,23,[ 1 11],61,-1,85,-1,62
1,<environment.Job instance at 0x7f61f4596a50>,61,21,[ 5 13],62,-1,83,-1,62
1,<environment.Job instance at 0x7f61f4596910>,63,17,[ 4 12],64,-1,88,-1,71
1,<environment.Job instance at 0x7f61f45960a0>,67,27,[ 1 10],68,-1,121,-1,94
1,<environment.Job instance at 0x7f61f45966e0>,68,20,[ 3 12],69,-1,114,-1,94
1,<environment.Job instance at 0x7f61f4596e10>,69,13,[ 3 12],70,-1,107,-1,94
1,<environment.Job instance at 0x7f61f4592140>,70,21,[12  2],71,-1,115,-1,94
1,<environment.Job instance at 0x7f61f45926e0>,71,28,[5 1],72,-1,122,-1,94
1,<environment.Job instance at 0x7f61f4592230>,74,27,[1 6],75,-1,129,-1,102
1,<environment.Job instance at 0x7f61f4592a00>,75,14,[ 4 11],76,-1,116,-1,102
1,<environment.Job instance at 0x7f61f45921e0>,72,24,[9 2],73,-1,126,-1,102
1,<environment.Job instance at 0x7f61f4592500>,73,25,[3 8],74,-1,140,-1,115
1,<environment.Job instance at 0x7f61f45e4820>,83,20,[13  1],84,-1,150,-1,130
1,<environment.Job instance at 0x7f61f45e4140>,84,18,[ 3 14],85,-1,148,-1,130
1,<environment.Job instance at 0x7f61f45e4730>,85,25,[ 5 14],86,-1,155,-1,130
1,<environment.Job instance at 0x7f61f45e4c30>,86,26,[12  1],87,-1,156,-1,130
1,<environment.Job instance at 0x7f61f45e4aa0>,87,28,[ 3 10],88,-1,159,-1,131
1,<environment.Job instance at 0x7f61f458be10>,88,21,[ 1 11],89,-1,152,-1,131
1,<environment.Job instance at 0x7f61f45212d0>,90,14,[ 2 13],91,-1,145,-1,131
1,<environment.Job instance at 0x7f61f4591730>,93,16,[ 2 11],94,-1,162,-1,146
1,<environment.Job instance at 0x7f61f44c3870>,94,25,[4 5],95,-1,186,-1,161
1,<environment.Job instance at 0x7f61f44c31e0>,96,28,[ 1 13],97,-1,189,-1,161
1,<environment.Job instance at 0x7f61f44c3780>,97,26,[ 1 11],98,-1,187,-1,161
1,<environment.Job instance at 0x7f61f4590be0>,99,26,[6 5],100,-1,203,-1,177
1,<environment.Job instance at 0x7f61f4522c30>,102,16,[ 3 13],103,-1,193,-1,177
1,<environment.Job instance at 0x7f61f45226e0>,103,23,[ 5 13],104,-1,200,-1,177
1,<environment.Job instance at 0x7f61f3c29320>,13,21,[12  2],14,-1,41,-1,20
1,<environment.Job instance at 0x7f61f3c290a0>,14,21,[ 5 11],15,-1,41,-1,20
1,<environment.Job instance at 0x7f61f44f4280>,2,20,[13  3],3,-1,23,-1,3
1,<environment.Job instance at 0x7f61f44f4370>,3,21,[ 4 12],4,-1,25,-1,4
1,<environment.Job instance at 0x7f61f44f4550>,7,21,[11  4],8,-1,29,-1,8
1,<environment.Job instance at 0x7f61f4597370>,8,12,[14  5],9,-1,21,-1,9
1,<environment.Job instance at 0x7f61f4597870>,9,16,[12  3],10,-1,26,-1,10
1,<environment.Job instance at 0x7f61f4597eb0>,10,17,[12  2],11,-1,28,-1,11
1,<environment.Job instance at 0x7f61f4597690>,13,21,[12  2],14,-1,35,-1,14
1,<environment.Job instance at 0x7f61f4597730>,14,21,[ 5 11],15,-1,36,-1,15
1,<environment.Job instance at 0x7f61f4597c30>,15,26,[ 5 10],16,-1,42,-1,16
1,<environment.Job instance at 0x7f61f44f42d0>,5,27,[5 9],6,-1,43,-1,16
1,<environment.Job instance at 0x7f61f44f4230>,6,27,[2 9],7,-1,43,-1,16
1,<environment.Job instance at 0x7f61f4597230>,11,28,[2 8],12,-1,44,-1,16
1,<environment.Job instance at 0x7f61f44dfd20>,16,27,[12  4],17,-1,44,-1,17
1,<environment.Job instance at 0x7f61f4597550>,17,27,[14  3],18,-1,45,-1,18
1,<environment.Job instance at 0x7f61f45975f0>,19,14,[ 1 12],20,-1,34,-1,20
1,<environment.Job instance at 0x7f61f3d415f0>,21,14,[13  5],22,-1,36,-1,22
1,<environment.Job instance at 0x7f61f3d41550>,22,25,[11  2],23,-1,48,-1,23
1,<environment.Job instance at 0x7f61f3d00690>,23,14,[12  2],24,-1,38,-1,24
1,<environment.Job instance at 0x7f61f3d005f0>,24,28,[8 4],25,-1,53,-1,25
1,<environment.Job instance at 0x7f61f4597050>,26,20,[12  1],27,-1,47,-1,27
1,<environment.Job instance at 0x7f61f3d00460>,27,13,[ 4 12],28,-1,41,-1,28
1,<environment.Job instance at 0x7f61f3d00cd0>,28,18,[12  2],29,-1,47,-1,29
1,<environment.Job instance at 0x7f61f3d00960>,29,15,[12  3],30,-1,45,-1,30
1,<environment.Job instance at 0x7f61f3c866e0>,31,26,[ 5 11],32,-1,58,-1,32
1,<environment.Job instance at 0x7f61f3d02f50>,33,16,[11  1],34,-1,50,-1,34
1,<environment.Job instance at 0x7f61f3df4050>,35,19,[12  5],36,-1,55,-1,36
1,<environment.Job instance at 0x7f61f3d02d70>,36,17,[11  3],37,-1,54,-1,37
1,<environment.Job instance at 0x7f61f3c864b0>,30,25,[7 2],31,-1,65,-1,40
1,<environment.Job instance at 0x7f61f3cf08c0>,38,25,[6 2],39,-1,65,-1,40
1,<environment.Job instance at 0x7f61f3c95c30>,39,18,[12  4],40,-1,58,-1,40
1,<environment.Job instance at 0x7f61f3c95b40>,41,26,[11  5],42,-1,68,-1,42
1,<environment.Job instance at 0x7f61f3c8ffa0>,44,16,[11  2],45,-1,69,-1,53
1,<environment.Job instance at 0x7f61f3c8fe10>,45,15,[13  5],46,-1,68,-1,53
1,<environment.Job instance at 0x7f61f3c920a0>,48,27,[14  3],49,-1,93,-1,66
1,<environment.Job instance at 0x7f61f3c9a730>,50,26,[ 4 10],51,-1,93,-1,67
1,<environment.Job instance at 0x7f61f3c9a9b0>,51,26,[8 3],52,-1,93,-1,67
1,<environment.Job instance at 0x7f61f3c9e910>,52,23,[12  1],53,-1,90,-1,67
1,<environment.Job instance at 0x7f61f3c9e8c0>,53,19,[ 2 13],54,-1,86,-1,67
1,<environment.Job instance at 0x7f61f3c9e500>,54,22,[11  1],55,-1,89,-1,67
1,<environment.Job instance at 0x7f61f3ca5690>,55,22,[ 1 13],56,-1,89,-1,67
1,<environment.Job instance at 0x7f61f3ca58c0>,56,24,[ 2 14],57,-1,91,-1,67
1,<environment.Job instance at 0x7f61f3ca1320>,58,23,[13  3],59,-1,90,-1,67
1,<environment.Job instance at 0x7f61f3ca1140>,59,25,[10  5],60,-1,104,-1,79
1,<environment.Job instance at 0x7f61f3ca1c30>,60,20,[13  5],61,-1,99,-1,79
1,<environment.Job instance at 0x7f61f3d37fa0>,61,24,[14  3],62,-1,103,-1,79
1,<environment.Job instance at 0x7f61f3d37820>,62,23,[13  5],63,-1,102,-1,79
1,<environment.Job instance at 0x7f61f3ca9230>,63,21,[12  3],64,-1,100,-1,79
1,<environment.Job instance at 0x7f61f3ca9e10>,65,28,[ 4 11],66,-1,107,-1,79
1,<environment.Job instance at 0x7f61f3ca9e60>,66,18,[ 4 12],67,-1,97,-1,79
1,<environment.Job instance at 0x7f61f3dfafa0>,67,22,[14  1],68,-1,101,-1,79
1,<environment.Job instance at 0x7f61f3ca9050>,69,27,[ 4 13],70,-1,110,-1,83
1,<environment.Job instance at 0x7f61f3ca91e0>,68,25,[7 3],69,-1,118,-1,93
1,<environment.Job instance at 0x7f61f3d92640>,71,12,[11  1],72,-1,105,-1,93
1,<environment.Job instance at 0x7f61f3d92280>,70,26,[8 4],71,-1,119,-1,93
1,<environment.Job instance at 0x7f61f3ee2690>,73,16,[14  1],74,-1,109,-1,93
1,<environment.Job instance at 0x7f61f3e7c550>,76,19,[13  1],77,-1,118,-1,99
1,<environment.Job instance at 0x7f61f3cd0d70>,77,15,[12  2],78,-1,114,-1,99
1,<environment.Job instance at 0x7f61f3cd0280>,78,20,[11  2],79,-1,119,-1,99
1,<environment.Job instance at 0x7f61f3cfea00>,79,25,[ 2 13],80,-1,124,-1,99
1,<environment.Job instance at 0x7f61f3e54370>,74,27,[ 1 10],75,-1,126,-1,99
1,<environment.Job instance at 0x7f61f3cfeb40>,82,24,[ 3 13],83,-1,123,-1,99
1,<environment.Job instance at 0x7f61f3cf6730>,83,15,[ 2 13],84,-1,114,-1,99
1,<environment.Job instance at 0x7f61f3cf65f0>,84,13,[ 5 14],85,-1,112,-1,99
1,<environment.Job instance at 0x7f61f3cf65a0>,85,20,[11  2],86,-1,119,-1,99
1,<environment.Job instance at 0x7f61f3cb15f0>,87,21,[ 4 14],88,-1,128,-1,107
1,<environment.Job instance at 0x7f61f3cf6b40>,89,15,[14  4],90,-1,128,-1,113
1,<environment.Job instance at 0x7f61f3cf6b90>,91,23,[13  1],92,-1,145,-1,122
1,<environment.Job instance at 0x7f61f3d0ef00>,93,26,[ 1 11],94,-1,148,-1,122
1,<environment.Job instance at 0x7f61f3cdb730>,94,14,[ 3 13],95,-1,136,-1,122
1,<environment.Job instance at 0x7f61f3e2e780>,97,27,[10  3],98,-1,165,-1,138
1,<environment.Job instance at 0x7f61f3cb42d0>,98,16,[12  5],99,-1,154,-1,138
1,<environment.Job instance at 0x7f61f3cb4320>,99,14,[14  5],100,-1,152,-1,138
1,<environment.Job instance at 0x7f61f3cb4b40>,100,13,[ 5 13],101,-1,151,-1,138
1,<environment.Job instance at 0x7f61f3ced0f0>,102,26,[13  2],103,-1,164,-1,138
1,<environment.Job instance at 0x7f61f3cede60>,104,15,[ 1 12],105,-1,156,-1,141
1,<environment.Job instance at 0x7f61f3ced870>,105,14,[ 1 12],106,-1,155,-1,141
1,<environment.Job instance at 0x7f61f3c4e870>,107,23,[6 4],108,-1,164,-1,141
1,<environment.Job instance at 0x7f61f3c4e1e0>,108,26,[ 3 11],109,-1,167,-1,141
1,<environment.Job instance at 0x7f61f3c52370>,111,25,[3 9],112,-1,179,-1,154
1,<environment.Job instance at 0x7f61f3c52dc0>,112,13,[14  3],113,-1,167,-1,154
1,<environment.Job instance at 0x7f61f3d2d460>,114,23,[13  3],115,-1,177,-1,154
1,<environment.Job instance at 0x7f61f3c5b7d0>,116,23,[ 2 13],117,-1,193,-1,170
1,<environment.Job instance at 0x7f61f3c5b5f0>,117,16,[11  4],118,-1,186,-1,170
1,<environment.Job instance at 0x7f61f3a8df50>,4,18,[8 3],5,-1,24,-1,6
1,<environment.Job instance at 0x7f61f3aa95a0>,6,28,[6 1],7,-1,35,-1,7
1,<environment.Job instance at 0x7f61f3aa9cd0>,7,16,[5 8],8,-1,24,-1,8
1,<environment.Job instance at 0x7f61f42ddc30>,0,12,[ 3 14],1,-1,13,-1,1
1,<environment.Job instance at 0x7f61f3eddf00>,2,15,[ 4 12],3,-1,18,-1,3
1,<environment.Job instance at 0x7f61f3edd230>,3,21,[ 3 14],4,-1,25,-1,4
1,<environment.Job instance at 0x7f61f50af320>,9,27,[ 4 12],10,-1,37,-1,10
1,<environment.Job instance at 0x7f61f3edd3c0>,10,25,[12  4],11,-1,36,-1,11
1,<environment.Job instance at 0x7f61f3eddf50>,11,20,[ 3 14],12,-1,32,-1,12
1,<environment.Job instance at 0x7f61f432e410>,12,13,[ 3 14],13,-1,26,-1,13
1,<environment.Job instance at 0x7f61f3e79640>,13,13,[11  5],14,-1,27,-1,14
1,<environment.Job instance at 0x7f61f42ddf00>,6,28,[6 1],7,-1,51,-1,23
1,<environment.Job instance at 0x7f61f4d9ce10>,14,24,[8 4],15,-1,47,-1,23
1,<environment.Job instance at 0x7f61f4321960>,16,20,[12  3],17,-1,43,-1,23
1,<environment.Job instance at 0x7f61f3d175a0>,17,25,[13  2],18,-1,48,-1,23
1,<environment.Job instance at 0x7f61f40f5c80>,19,25,[1 6],20,-1,48,-1,23
1,<environment.Job instance at 0x7f61f4cb57d0>,20,17,[12  4],21,-1,40,-1,23
1,<environment.Job instance at 0x7f61f3d60f00>,21,26,[1 9],22,-1,49,-1,23
1,<environment.Job instance at 0x7f61f3d60cd0>,22,27,[14  4],23,-1,50,-1,23
1,<environment.Job instance at 0x7f61f4cb8460>,23,18,[14  2],24,-1,42,-1,24
1,<environment.Job instance at 0x7f61f42db0a0>,24,25,[13  3],25,-1,50,-1,25
1,<environment.Job instance at 0x7f61f4268370>,26,23,[12  4],27,-1,50,-1,27
1,<environment.Job instance at 0x7f61f4ae6230>,27,25,[9 2],28,-1,53,-1,28
1,<environment.Job instance at 0x7f61fdc99140>,28,20,[11  2],29,-1,49,-1,29
1,<environment.Job instance at 0x7f61f4288a50>,29,16,[14  4],30,-1,46,-1,30
1,<environment.Job instance at 0x7f61f42db690>,30,23,[7 4],31,-1,59,-1,36
1,<environment.Job instance at 0x7f61f3efa370>,33,22,[ 1 12],34,-1,58,-1,36
1,<environment.Job instance at 0x7f61f3efafa0>,35,26,[ 3 12],36,-1,62,-1,36
1,<environment.Job instance at 0x7f61f43be730>,36,27,[ 2 14],37,-1,64,-1,37
1,<environment.Job instance at 0x7f61f4c728c0>,37,24,[13  5],38,-1,62,-1,38
1,<environment.Job instance at 0x7f61f4bbc8c0>,39,21,[13  4],40,-1,61,-1,40
1,<environment.Job instance at 0x7f61f4bbcfa0>,40,22,[ 5 12],41,-1,63,-1,41
1,<environment.Job instance at 0x7f61f4bbcb90>,42,15,[14  2],43,-1,63,-1,48
1,<environment.Job instance at 0x7f61f3f01dc0>,43,15,[ 1 13],44,-1,63,-1,48
1,<environment.Job instance at 0x7f61f3f01280>,44,20,[12  2],45,-1,68,-1,48
1,<environment.Job instance at 0x7f61f3f01aa0>,46,17,[14  5],47,-1,67,-1,50
1,<environment.Job instance at 0x7f61f3dffb40>,47,24,[13  3],48,-1,74,-1,50
1,<environment.Job instance at 0x7f61f3dff7d0>,48,22,[12  3],49,-1,72,-1,50
1,<environment.Job instance at 0x7f61f3e7a320>,51,23,[10  4],52,-1,102,-1,79
1,<environment.Job instance at 0x7f61f3d5c500>,54,20,[14  2],55,-1,99,-1,79
1,<environment.Job instance at 0x7f61f426d280>,59,18,[14  4],60,-1,120,-1,102
1,<environment.Job instance at 0x7f61f3de2410>,60,22,[ 4 14],61,-1,124,-1,102
1,<environment.Job instance at 0x7f61f3e80690>,61,20,[11  4],62,-1,122,-1,102
1,<environment.Job instance at 0x7f61f3e804b0>,62,23,[14  4],63,-1,125,-1,102
1,<environment.Job instance at 0x7f61f3e801e0>,63,19,[ 3 14],64,-1,121,-1,102
1,<environment.Job instance at 0x7f61f3eb6280>,64,21,[14  2],65,-1,123,-1,102
1,<environment.Job instance at 0x7f61f3eb60a0>,65,24,[14  2],66,-1,126,-1,102
1,<environment.Job instance at 0x7f61f3eb6d70>,66,21,[ 5 11],67,-1,123,-1,102
1,<environment.Job instance at 0x7f61f433d190>,67,20,[ 2 12],68,-1,122,-1,102
1,<environment.Job instance at 0x7f61f433db40>,68,23,[ 4 11],69,-1,125,-1,102
1,<environment.Job instance at 0x7f61fd8e4c30>,69,16,[ 3 14],70,-1,118,-1,102
1,<environment.Job instance at 0x7f61f433d910>,70,23,[ 3 13],71,-1,125,-1,102
1,<environment.Job instance at 0x7f61f433d5f0>,71,21,[14  4],72,-1,123,-1,102
1,<environment.Job instance at 0x7f61f3d1fa50>,73,24,[ 3 10],74,-1,141,-1,117
1,<environment.Job instance at 0x7f61f3e1e1e0>,78,14,[ 1 14],79,-1,145,-1,131
1,<environment.Job instance at 0x7f61f3e1e4b0>,79,25,[5 8],80,-1,158,-1,133
1,<environment.Job instance at 0x7f61f3d57050>,80,27,[7 4],81,-1,160,-1,133
1,<environment.Job instance at 0x7f61f3d57c30>,81,21,[ 3 11],82,-1,154,-1,133
1,<environment.Job instance at 0x7f61f3deefa0>,82,14,[12  4],83,-1,147,-1,133
1,<environment.Job instance at 0x7f61f3dbc280>,84,26,[ 3 12],85,-1,159,-1,133
1,<environment.Job instance at 0x7f61f3dbc910>,85,12,[11  4],86,-1,145,-1,133
1,<environment.Job instance at 0x7f61f3ffeb40>,88,12,[11  3],89,-1,161,-1,149
1,<environment.Job instance at 0x7f61f3ffec80>,89,16,[ 3 12],90,-1,165,-1,149
1,<environment.Job instance at 0x7f61f3eb0370>,91,15,[14  5],92,-1,174,-1,159
1,<environment.Job instance at 0x7f61f3eb0af0>,92,13,[14  1],93,-1,172,-1,159
1,<environment.Job instance at 0x7f61f3eb06e0>,93,24,[8 2],94,-1,187,-1,163
1,<environment.Job instance at 0x7f61f3eb09b0>,94,21,[ 2 12],95,-1,184,-1,163
1,<environment.Job instance at 0x7f61f3eb0960>,95,23,[ 2 12],96,-1,186,-1,163
1,<environment.Job instance at 0x7f61f3eb08c0>,97,26,[ 5 11],98,-1,189,-1,163
1,<environment.Job instance at 0x7f61f4954f50>,5,25,[7 1],6,-1,32,-1,7
1,<environment.Job instance at 0x7f61f4954a00>,7,27,[ 5 10],8,-1,35,-1,8
1,<environment.Job instance at 0x7f61f4954500>,9,17,[5 9],10,-1,27,-1,10
1,<environment.Job instance at 0x7f61f42dd3c0>,6,17,[10  3],7,-1,27,-1,10
1,<environment.Job instance at 0x7f61f49548c0>,11,26,[ 4 10],12,-1,54,-1,28
1,<environment.Job instance at 0x7f61f4954190>,16,18,[11  5],17,-1,49,-1,31
1,<environment.Job instance at 0x7f61f49545a0>,13,14,[ 5 12],14,-1,45,-1,31
1,<environment.Job instance at 0x7f61f49541e0>,20,20,[2 9],21,-1,51,-1,31
1,<environment.Job instance at 0x7f61f49544b0>,15,25,[7 3],16,-1,63,-1,38
1,<environment.Job instance at 0x7f61f49543c0>,21,17,[ 2 13],22,-1,57,-1,40
1,<environment.Job instance at 0x7f61fdc99c30>,22,27,[12  4],23,-1,67,-1,40
1,<environment.Job instance at 0x7f61f49540a0>,19,17,[ 1 11],20,-1,57,-1,40
1,<environment.Job instance at 0x7f61f4954fa0>,14,24,[ 5 11],15,-1,64,-1,40
1,<environment.Job instance at 0x7f61f4954730>,10,17,[12  4],11,-1,87,-1,70
1,<environment.Job instance at 0x7f61fdc99640>,30,18,[11  5],31,-1,88,-1,70
1,<environment.Job instance at 0x7f61f49546e0>,4,28,[2 9],5,-1,98,-1,70
1,<environment.Job instance at 0x7f61fdc99780>,25,18,[1 7],26,-1,88,-1,70
1,<environment.Job instance at 0x7f61fdc996e0>,35,13,[1 7],36,-1,83,-1,70
1,<environment.Job instance at 0x7f61fdc99b40>,34,25,[13  4],35,-1,95,-1,70
1,<environment.Job instance at 0x7f61fdc99870>,37,22,[13  4],38,-1,92,-1,70
1,<environment.Job instance at 0x7f61fdc99c80>,32,12,[14  4],33,-1,83,-1,71
1,<environment.Job instance at 0x7f61fdc99050>,38,14,[11  2],39,-1,86,-1,72
1,<environment.Job instance at 0x7f61f4634b90>,44,18,[ 4 12],45,-1,130,-1,112
1,<environment.Job instance at 0x7f61fdc99cd0>,40,28,[2 7],41,-1,140,-1,112
1,<environment.Job instance at 0x7f61f46340f0>,45,25,[6 5],46,-1,137,-1,112
1,<environment.Job instance at 0x7f61f4634b40>,49,17,[ 4 14],50,-1,157,-1,140
1,<environment.Job instance at 0x7f61f3f1c2d0>,0,16,[11  2],1,-1,17,-1,1
1,<environment.Job instance at 0x7f61f3efe5a0>,2,22,[ 5 13],3,-1,25,-1,3
1,<environment.Job instance at 0x7f61f4c8d1e0>,8,20,[ 3 13],9,-1,29,-1,9
1,<environment.Job instance at 0x7f61f3efe230>,4,28,[2 9],5,-1,45,-1,17
1,<environment.Job instance at 0x7f61f4c8d0f0>,10,17,[12  4],11,-1,34,-1,17
1,<environment.Job instance at 0x7f61f4c8d7d0>,11,26,[ 4 10],12,-1,43,-1,17
1,<environment.Job instance at 0x7f61f4c8d640>,12,20,[ 4 11],13,-1,37,-1,17
1,<environment.Job instance at 0x7f61f4c8d2d0>,13,14,[ 5 12],14,-1,31,-1,17
1,<environment.Job instance at 0x7f61f4c8daa0>,14,24,[ 5 11],15,-1,41,-1,17
1,<environment.Job instance at 0x7f61f3f26320>,15,25,[7 3],16,-1,42,-1,17
1,<environment.Job instance at 0x7f61f3f260a0>,16,18,[11  5],17,-1,35,-1,17
1,<environment.Job instance at 0x7f61f3f1c230>,5,25,[7 1],6,-1,42,-1,17
1,<environment.Job instance at 0x7f61f4c8de10>,7,27,[ 5 10],8,-1,44,-1,17
1,<environment.Job instance at 0x7f61f3f26b90>,17,12,[ 3 14],18,-1,30,-1,18
1,<environment.Job instance at 0x7f61f3f26230>,19,17,[ 1 11],20,-1,37,-1,20
1,<environment.Job instance at 0x7f61f3f26500>,18,27,[1 5],19,-1,49,-1,22
1,<environment.Job instance at 0x7f61f4170410>,21,17,[ 2 13],22,-1,39,-1,22
1,<environment.Job instance at 0x7f61f416f550>,22,27,[12  4],23,-1,50,-1,23
1,<environment.Job instance at 0x7f61f3ff7d20>,24,12,[ 1 12],25,-1,37,-1,25
1,<environment.Job instance at 0x7f61f416f730>,26,12,[ 5 12],27,-1,39,-1,27
1,<environment.Job instance at 0x7f61f412c0a0>,27,14,[14  1],28,-1,42,-1,28
1,<environment.Job instance at 0x7f61f412c4b0>,29,14,[12  4],30,-1,44,-1,30
1,<environment.Job instance at 0x7f61f3f28e10>,30,18,[11  5],31,-1,49,-1,31
1,<environment.Job instance at 0x7f61f3f28550>,32,12,[14  4],33,-1,46,-1,34
1,<environment.Job instance at 0x7f61f3e7b3c0>,34,25,[13  4],35,-1,60,-1,35
1,<environment.Job instance at 0x7f61f3e7b190>,36,13,[12  2],37,-1,50,-1,37
1,<environment.Job instance at 0x7f61f3f29b90>,37,22,[13  4],38,-1,60,-1,38
1,<environment.Job instance at 0x7f61f3f29fa0>,38,14,[11  2],39,-1,53,-1,39
1,<environment.Job instance at 0x7f61f3e71eb0>,39,24,[ 2 14],40,-1,64,-1,40
1,<environment.Job instance at 0x7f61f3e71e60>,41,13,[ 1 14],42,-1,55,-1,42
1,<environment.Job instance at 0x7f61f3eb0aa0>,43,23,[12  2],44,-1,71,-1,48
1,<environment.Job instance at 0x7f61f3eb0fa0>,44,18,[ 4 12],45,-1,66,-1,48
1,<environment.Job instance at 0x7f61f3f29a00>,40,28,[2 7],41,-1,82,-1,54
1,<environment.Job instance at 0x7f61f3eb0280>,45,25,[6 5],46,-1,79,-1,54
1,<environment.Job instance at 0x7f61f3eb0140>,47,27,[5 9],48,-1,81,-1,54
1,<environment.Job instance at 0x7f61f3eb0690>,48,27,[2 6],49,-1,81,-1,54
1,<environment.Job instance at 0x7f61f3eb07d0>,49,17,[ 4 14],50,-1,71,-1,54
1,<environment.Job instance at 0x7f61f3eb0050>,50,15,[ 2 14],51,-1,69,-1,54
1,<environment.Job instance at 0x7f61f3eb0550>,51,17,[ 5 13],52,-1,71,-1,54
1,<environment.Job instance at 0x7f61f3eb0370>,52,23,[12  3],53,-1,77,-1,54
1,<environment.Job instance at 0x7f61f3ffe230>,53,20,[14  1],54,-1,74,-1,54
1,<environment.Job instance at 0x7f61f3eb69b0>,58,25,[ 1 10],59,-1,106,-1,81
1,<environment.Job instance at 0x7f61f3eb6410>,60,18,[14  3],61,-1,99,-1,81
1,<environment.Job instance at 0x7f61f3e80370>,63,18,[14  3],64,-1,99,-1,81
1,<environment.Job instance at 0x7f61f426d460>,64,23,[ 2 11],65,-1,104,-1,81
1,<environment.Job instance at 0x7f61f3e7afa0>,65,18,[ 5 11],66,-1,99,-1,81
1,<environment.Job instance at 0x7f61f3e7a730>,66,27,[11  5],67,-1,108,-1,81
1,<environment.Job instance at 0x7f61f3f01280>,67,17,[12  5],68,-1,98,-1,81
1,<environment.Job instance at 0x7f61f4c728c0>,69,21,[11  1],70,-1,109,-1,88
1,<environment.Job instance at 0x7f61f3f011e0>,70,14,[12  4],71,-1,102,-1,88
1,<environment.Job instance at 0x7f61fdced8c0>,73,26,[1 6],74,-1,124,-1,98
1,<environment.Job instance at 0x7f61f3efa4b0>,75,19,[11  4],76,-1,118,-1,99
1,<environment.Job instance at 0x7f61f4bbccd0>,76,23,[11  3],77,-1,122,-1,99
1,<environment.Job instance at 0x7f61f3f01dc0>,71,26,[5 4],72,-1,125,-1,99
1,<environment.Job instance at 0x7f61f4ae6230>,78,12,[11  4],79,-1,111,-1,99
1,<environment.Job instance at 0x7f61f3efaa50>,80,14,[ 3 13],81,-1,113,-1,99
1,<environment.Job instance at 0x7f61f4321960>,82,28,[5 5],83,-1,144,-1,116
1,<environment.Job instance at 0x7f61f4e501e0>,84,20,[13  1],85,-1,136,-1,116
1,<environment.Job instance at 0x7f61f3ef8b40>,85,21,[ 3 12],86,-1,137,-1,116
1,<environment.Job instance at 0x7f61f4d9c460>,86,25,[12  3],87,-1,141,-1,116
1,<environment.Job instance at 0x7f61f3eddaf0>,88,20,[12  2],89,-1,137,-1,117
1,<environment.Job instance at 0x7f61f3edd640>,91,16,[14  3],92,-1,148,-1,132
1,<environment.Job instance at 0x7f61f3edd730>,92,20,[11  1],93,-1,152,-1,132
1,<environment.Job instance at 0x7f61f3edd8c0>,94,27,[7 2],95,-1,186,-1,159
1,<environment.Job instance at 0x7f61f49549b0>,96,20,[ 4 13],97,-1,179,-1,159
1,<environment.Job instance at 0x7f61fdc99910>,97,21,[12  5],98,-1,180,-1,159
1,<environment.Job instance at 0x7f61fdc99140>,99,25,[6 1],100,-1,190,-1,165
1,<environment.Job instance at 0x7f61f4634460>,100,24,[11  4],101,-1,189,-1,165
1,<environment.Job instance at 0x7f61f45ded20>,102,27,[5 1],103,-1,199,-1,172
1,<environment.Job instance at 0x7f61f3f876e0>,104,17,[14  5],105,-1,190,-1,173
1,<environment.Job instance at 0x7f61f4360280>,14,22,[9 4],15,-1,75,-1,53
1,<environment.Job instance at 0x7f61f4349b40>,20,23,[10  3],21,-1,95,-1,72
1,<environment.Job instance at 0x7f61f45eff00>,1,23,[ 4 11],2,-1,25,-1,2
1,<environment.Job instance at 0x7f61f45ef190>,2,26,[ 3 14],3,-1,29,-1,3
1,<environment.Job instance at 0x7f61f502f8c0>,3,12,[ 2 13],4,-1,16,-1,4
1,<environment.Job instance at 0x7f61f464caa0>,4,19,[ 4 11],5,-1,24,-1,5
1,<environment.Job instance at 0x7f61f45efdc0>,6,12,[11  1],7,-1,19,-1,7
1,<environment.Job instance at 0x7f61f4a4e6e0>,8,25,[14  5],9,-1,34,-1,9
1,<environment.Job instance at 0x7f61f4a4e230>,11,13,[12  5],12,-1,25,-1,12
1,<environment.Job instance at 0x7f61f4a4e7d0>,13,16,[11  4],14,-1,30,-1,14
1,<environment.Job instance at 0x7f61f4a4e2d0>,15,27,[12  1],16,-1,43,-1,16
1,<environment.Job instance at 0x7f61f4a9f410>,16,22,[11  5],17,-1,39,-1,17
1,<environment.Job instance at 0x7f61f4a9faa0>,18,22,[ 3 14],19,-1,41,-1,19
1,<environment.Job instance at 0x7f61f4a4e500>,9,27,[6 1],10,-1,48,-1,21
1,<environment.Job instance at 0x7f61f4a9f4b0>,19,26,[2 7],20,-1,47,-1,21
1,<environment.Job instance at 0x7f61f4a9f460>,21,16,[14  1],22,-1,38,-1,22
1,<environment.Job instance at 0x7f61f4a9f910>,22,23,[13  2],23,-1,46,-1,23
1,<environment.Job instance at 0x7f61f4a9fd20>,24,21,[14  1],25,-1,46,-1,25
1,<environment.Job instance at 0x7f61f490e820>,25,18,[11  1],26,-1,44,-1,26
1,<environment.Job instance at 0x7f61fdb48c30>,26,19,[ 3 12],27,-1,46,-1,27
1,<environment.Job instance at 0x7f61f4a9f6e0>,28,18,[12  5],29,-1,47,-1,29
1,<environment.Job instance at 0x7f61fdb48f50>,29,27,[13  3],30,-1,57,-1,30
1,<environment.Job instance at 0x7f61f4a9f190>,23,25,[4 5],24,-1,60,-1,35
1,<environment.Job instance at 0x7f61fdb48eb0>,32,14,[14  1],33,-1,49,-1,35
1,<environment.Job instance at 0x7f61fdb48a00>,33,16,[ 4 12],34,-1,51,-1,35
1,<environment.Job instance at 0x7f61fdb485a0>,34,17,[14  4],35,-1,52,-1,35
1,<environment.Job instance at 0x7f61fdb48500>,31,27,[4 6],32,-1,62,-1,35
1,<environment.Job instance at 0x7f61f4a9f370>,20,23,[10  3],21,-1,60,-1,37
1,<environment.Job instance at 0x7f61f48a9e10>,36,17,[ 5 14],37,-1,54,-1,37
1,<environment.Job instance at 0x7f61f4813410>,37,25,[11  4],38,-1,63,-1,38
1,<environment.Job instance at 0x7f61f475caa0>,41,27,[ 1 11],42,-1,76,-1,49
1,<environment.Job instance at 0x7f61f48990a0>,43,26,[11  2],44,-1,75,-1,49
1,<environment.Job instance at 0x7f61f4590a50>,47,27,[ 5 14],48,-1,82,-1,55
1,<environment.Job instance at 0x7f61f45904b0>,46,24,[9 2],47,-1,85,-1,61
1,<environment.Job instance at 0x7f61f4590370>,49,20,[ 2 13],50,-1,81,-1,61
1,<environment.Job instance at 0x7f61f4590c30>,50,26,[ 4 14],51,-1,87,-1,61
1,<environment.Job instance at 0x7f61f4fd10a0>,52,16,[ 1 11],53,-1,77,-1,61
1,<environment.Job instance at 0x7f61f4fd1910>,53,15,[14  5],54,-1,76,-1,61
1,<environment.Job instance at 0x7f61f4fd15f0>,54,17,[13  1],55,-1,78,-1,61
1,<environment.Job instance at 0x7f61f4624780>,55,23,[ 4 11],56,-1,84,-1,61
1,<environment.Job instance at 0x7f61f4624870>,56,21,[ 5 14],57,-1,82,-1,61
1,<environment.Job instance at 0x7f61f4ba9fa0>,57,17,[13  3],58,-1,78,-1,61
1,<environment.Job instance at 0x7f61f4835d70>,60,14,[13  2],61,-1,82,-1,68
1,<environment.Job instance at 0x7f61f463c820>,62,23,[ 1 14],63,-1,97,-1,74
1,<environment.Job instance at 0x7f61f4835960>,63,27,[5 5],64,-1,108,-1,81
1,<environment.Job instance at 0x7f61f3f876e0>,65,28,[ 5 11],66,-1,109,-1,81
1,<environment.Job instance at 0x7f61f45ded20>,66,19,[11  5],67,-1,100,-1,81
1,<environment.Job instance at 0x7f61f480a0f0>,67,27,[ 2 14],68,-1,108,-1,81
1,<environment.Job instance at 0x7f61f480a370>,68,23,[3 7],69,-1,121,-1,98
1,<environment.Job instance at 0x7f61f4514960>,72,23,[ 3 12],73,-1,122,-1,99
1,<environment.Job instance at 0x7f61f49549b0>,73,20,[11  5],74,-1,119,-1,99
1,<environment.Job instance at 0x7f61f4954e10>,74,27,[12  3],75,-1,126,-1,99
1,<environment.Job instance at 0x7f61f3edd690>,75,24,[6 1],76,-1,123,-1,99
1,<environment.Job instance at 0x7f61f3edd870>,76,26,[ 1 12],77,-1,125,-1,99
1,<environment.Job instance at 0x7f61f3eddc80>,77,13,[12  3],78,-1,112,-1,99
1,<environment.Job instance at 0x7f61f3edd640>,78,25,[1 5],79,-1,124,-1,99
1,<environment.Job instance at 0x7f61f4d9ce10>,80,24,[11  5],81,-1,123,-1,99
1,<environment.Job instance at 0x7f61f4e501e0>,81,25,[2 7],82,-1,124,-1,99
1,<environment.Job instance at 0x7f61fdc99910>,71,25,[5 8],72,-1,124,-1,99
1,<environment.Job instance at 0x7f61f4321960>,83,21,[ 3 14],84,-1,120,-1,99
1,<environment.Job instance at 0x7f61f3ef8b40>,82,23,[10  4],83,-1,136,-1,113
1,<environment.Job instance at 0x7f61fd652dc0>,86,18,[14  2],87,-1,131,-1,113
1,<environment.Job instance at 0x7f61f4bd94b0>,87,27,[ 5 13],88,-1,140,-1,113
1,<environment.Job instance at 0x7f61f3eddaf0>,89,21,[12  3],90,-1,134,-1,113
1,<environment.Job instance at 0x7f61f43be5f0>,90,27,[ 5 12],91,-1,140,-1,113
1,<environment.Job instance at 0x7f61f4c728c0>,92,16,[ 2 13],93,-1,131,-1,115
1,<environment.Job instance at 0x7f61f3f01dc0>,95,13,[14  1],96,-1,141,-1,128
1,<environment.Job instance at 0x7f61f3f019b0>,96,26,[11  5],97,-1,154,-1,128
1,<environment.Job instance at 0x7f61f3f01370>,97,14,[ 2 13],98,-1,142,-1,128
1,<environment.Job instance at 0x7f61f3f01280>,98,13,[14  5],99,-1,141,-1,128
1,<environment.Job instance at 0x7f61f3f01910>,99,18,[12  4],100,-1,146,-1,128
1,<environment.Job instance at 0x7f61f426d280>,100,21,[ 2 14],101,-1,149,-1,128
1,<environment.Job instance at 0x7f61f426daf0>,102,23,[13  4],103,-1,155,-1,132
1,<environment.Job instance at 0x7f61f3e801e0>,104,18,[ 1 12],105,-1,163,-1,145
1,<environment.Job instance at 0x7f61f3eb6410>,105,23,[9 4],106,-1,173,-1,150
1,<environment.Job instance at 0x7f61f3eb69b0>,107,18,[13  5],108,-1,168,-1,150
1,<environment.Job instance at 0x7f61f3eb6d70>,108,21,[12  5],109,-1,171,-1,150
1,<environment.Job instance at 0x7f61fd8e4c30>,106,26,[ 1 10],107,-1,186,-1,160
1,<environment.Job instance at 0x7f61f3ffec80>,110,20,[11  5],111,-1,180,-1,160
1,<environment.Job instance at 0x7f61f3ffe9b0>,111,27,[8 5],112,-1,194,-1,167
1,<environment.Job instance at 0x7f61f3eb0050>,113,28,[5 7],114,-1,195,-1,167
1,<environment.Job instance at 0x7f61f3eb07d0>,114,12,[ 4 11],115,-1,179,-1,167
1,<environment.Job instance at 0x7f61f3eb0820>,115,25,[13  4],116,-1,192,-1,167
1,<environment.Job instance at 0x7f61f3eb0960>,116,21,[ 1 12],117,-1,188,-1,167
1,<environment.Job instance at 0x7f61f3eb0fa0>,117,22,[ 4 12],118,-1,189,-1,167
1,<environment.Job instance at 0x7f61f3eb0c80>,118,22,[13  5],119,-1,189,-1,167
1,<environment.Job instance at 0x7f61f3eb0aa0>,119,28,[13  2],120,-1,195,-1,167
1,<environment.Job instance at 0x7f61f3e713c0>,121,24,[14  3],122,-1,191,-1,167
1,<environment.Job instance at 0x7f61f3e71af0>,122,25,[12  1],123,-1,192,-1,167
1,<environment.Job instance at 0x7f61f3f29730>,124,13,[ 1 13],125,-1,180,-1,167
1,<environment.Job instance at 0x7f61fdc99140>,0,26,[13  5],1,-1,27,-1,1
1,<environment.Job instance at 0x7f61f3f876e0>,1,16,[ 1 13],2,-1,18,-1,2
1,<environment.Job instance at 0x7f61fdc99910>,2,25,[4 9],3,-1,28,-1,3
1,<environment.Job instance at 0x7f61f42df550>,4,14,[13  3],5,-1,19,-1,5
1,<environment.Job instance at 0x7f61f42df5a0>,5,14,[13  2],6,-1,20,-1,6
1,<environment.Job instance at 0x7f61f42df870>,8,28,[12  3],9,-1,37,-1,9
1,<environment.Job instance at 0x7f61f42df500>,7,28,[9 2],8,-1,46,-1,18
1,<environment.Job instance at 0x7f61f3f5ccd0>,14,12,[ 3 12],15,-1,30,-1,18
1,<environment.Job instance at 0x7f61f3f5c7d0>,15,12,[11  4],16,-1,30,-1,18
1,<environment.Job instance at 0x7f61f3f5c370>,16,20,[ 3 14],17,-1,38,-1,18
1,<environment.Job instance at 0x7f61f3f5c960>,17,16,[12  1],18,-1,34,-1,18
1,<environment.Job instance at 0x7f61f3f5c870>,20,28,[ 1 11],21,-1,49,-1,21
1,<environment.Job instance at 0x7f61f3f5caf0>,22,28,[14  4],23,-1,60,-1,32
1,<environment.Job instance at 0x7f61f3f5c190>,23,27,[13  4],24,-1,59,-1,32
1,<environment.Job instance at 0x7f61f3f5c690>,24,12,[ 5 11],25,-1,44,-1,32
1,<environment.Job instance at 0x7f61f3f5c780>,26,17,[14  2],27,-1,49,-1,32
1,<environment.Job instance at 0x7f61f3f5c4b0>,27,17,[ 1 12],28,-1,49,-1,32
1,<environment.Job instance at 0x7f61f3f5c230>,29,22,[ 3 14],30,-1,54,-1,32
1,<environment.Job instance at 0x7f61f3f5cc30>,30,15,[ 2 11],31,-1,47,-1,32
1,<environment.Job instance at 0x7f61f3f5cdc0>,31,22,[ 2 13],32,-1,54,-1,32
1,<environment.Job instance at 0x7f61f3f33cd0>,33,26,[ 4 14],34,-1,60,-1,34
1,<environment.Job instance at 0x7f61f3f33820>,35,26,[3 9],36,-1,70,-1,44
1,<environment.Job instance at 0x7f61f3f337d0>,37,23,[8 2],38,-1,71,-1,48
1,<environment.Job instance at 0x7f61f3f33370>,38,26,[ 2 11],39,-1,74,-1,48
1,<environment.Job instance at 0x7f61f3f33c80>,39,27,[6 4],40,-1,75,-1,48
1,<environment.Job instance at 0x7f61f3f33190>,40,25,[ 4 14],41,-1,73,-1,48
1,<environment.Job instance at 0x7f61f3f33c30>,42,18,[ 2 12],43,-1,66,-1,48
1,<environment.Job instance at 0x7f61f3f33be0>,36,23,[10  3],37,-1,83,-1,60
1,<environment.Job instance at 0x7f61f3f33550>,44,24,[13  5],45,-1,84,-1,60
1,<environment.Job instance at 0x7f61f3f33d20>,45,12,[ 4 13],46,-1,72,-1,60
1,<environment.Job instance at 0x7f61f3f335f0>,46,27,[14  3],47,-1,87,-1,60
1,<environment.Job instance at 0x7f61f3f33f50>,49,27,[12  5],50,-1,87,-1,60
1,<environment.Job instance at 0x7f61f3f3e280>,51,13,[11  1],52,-1,78,-1,65
1,<environment.Job instance at 0x7f61f3f3e140>,52,26,[ 1 13],53,-1,91,-1,65
1,<environment.Job instance at 0x7f61f3f3e050>,53,13,[ 1 13],54,-1,78,-1,65
1,<environment.Job instance at 0x7f61f3f3e190>,54,18,[12  5],55,-1,83,-1,65
1,<environment.Job instance at 0x7f61f3f3ec80>,55,24,[ 5 12],56,-1,89,-1,65
1,<environment.Job instance at 0x7f61f3f3eeb0>,56,22,[ 3 14],57,-1,87,-1,65
1,<environment.Job instance at 0x7f61f3f3e550>,61,24,[4 5],62,-1,126,-1,102
1,<environment.Job instance at 0x7f61f3f3ec30>,63,12,[13  3],64,-1,114,-1,102
1,<environment.Job instance at 0x7f61f3f3edc0>,64,25,[ 5 10],65,-1,141,-1,116
1,<environment.Job instance at 0x7f61f3f3e640>,66,14,[11  2],67,-1,130,-1,116
1,<environment.Job instance at 0x7f61f3f3e730>,67,15,[ 3 14],68,-1,131,-1,116
1,<environment.Job instance at 0x7f61f3f3e820>,69,27,[13  4],70,-1,143,-1,116
1,<environment.Job instance at 0x7f61f3f3e5f0>,72,15,[ 4 14],73,-1,136,-1,121
1,<environment.Job instance at 0x7f61f3f3e2d0>,73,12,[ 1 14],74,-1,133,-1,121
1,<environment.Job instance at 0x7f61f3f399b0>,74,20,[ 1 12],75,-1,141,-1,121
1,<environment.Job instance at 0x7f61f3f39c30>,77,14,[ 4 12],78,-1,148,-1,134
1,<environment.Job instance at 0x7f61f3f39d20>,79,25,[ 1 14],80,-1,171,-1,146
1,<environment.Job instance at 0x7f61f3f39b40>,80,14,[11  5],81,-1,160,-1,146
1,<environment.Job instance at 0x7f61f3f39f00>,82,23,[ 4 13],83,-1,175,-1,152
1,<environment.Job instance at 0x7f61f3f39050>,83,19,[11  1],84,-1,171,-1,152
1,<environment.Job instance at 0x7f61f3f39190>,84,26,[11  4],85,-1,178,-1,152
1,<environment.Job instance at 0x7f61f3f39a50>,87,13,[ 3 13],88,-1,181,-1,168
1,<environment.Job instance at 0x7f61f3f392d0>,88,15,[14  4],89,-1,183,-1,168
1,<environment.Job instance at 0x7f61f3f39460>,89,18,[ 3 14],90,-1,186,-1,168
1,<environment.Job instance at 0x7f61f3f395f0>,90,28,[5 2],91,-1,201,-1,173
1,<environment.Job instance at 0x7f61f3f39e60>,91,21,[ 4 12],92,-1,194,-1,173
1,<environment.Job instance at 0x7f61f3f398c0>,93,18,[11  5],94,-1,191,-1,173
1,<environment.Job instance at 0x7f61f4bcd1e0>,4,27,[11  4],5,-1,34,-1,7
1,<environment.Job instance at 0x7f61f4bcddc0>,7,18,[8 3],8,-1,26,-1,8
1,<environment.Job instance at 0x7f61f4bcd870>,6,28,[8 1],7,-1,36,-1,8
1,<environment.Job instance at 0x7f61f4bcdaf0>,11,19,[6 1],12,-1,32,-1,13
1,<environment.Job instance at 0x7f61f3c11d20>,13,20,[9 2],14,-1,34,-1,14
1,<environment.Job instance at 0x7f61f3f43eb0>,0,22,[ 1 14],1,-1,23,-1,1
1,<environment.Job instance at 0x7f61f3f43be0>,4,27,[11  4],5,-1,32,-1,5
1,<environment.Job instance at 0x7f61f3f43fa0>,8,23,[ 3 14],9,-1,32,-1,9
1,<environment.Job instance at 0x7f61f3f43410>,9,27,[ 4 13],10,-1,37,-1,10
1,<environment.Job instance at 0x7f61f3f43320>,10,22,[12  5],11,-1,33,-1,11
1,<environment.Job instance at 0x7f61f3f43820>,6,28,[8 1],7,-1,56,-1,28
1,<environment.Job instance at 0x7f61f3f438c0>,14,14,[ 1 11],15,-1,42,-1,28
1,<environment.Job instance at 0x7f61f3f43cd0>,16,27,[13  1],17,-1,55,-1,28
1,<environment.Job instance at 0x7f61f3f433c0>,18,26,[12  3],19,-1,54,-1,28
1,<environment.Job instance at 0x7f61f3f43460>,20,23,[13  4],21,-1,51,-1,28
1,<environment.Job instance at 0x7f61f3f398c0>,21,25,[ 4 12],22,-1,53,-1,28
1,<environment.Job instance at 0x7f61f3f39780>,22,26,[5 5],23,-1,54,-1,28
1,<environment.Job instance at 0x7f61f3f39460>,25,25,[ 2 10],26,-1,56,-1,31
1,<environment.Job instance at 0x7f61f3f392d0>,26,14,[11  3],27,-1,45,-1,31
1,<environment.Job instance at 0x7f61f3f43140>,15,27,[10  2],16,-1,68,-1,41
1,<environment.Job instance at 0x7f61f3f39b40>,31,19,[ 3 11],32,-1,61,-1,42
1,<environment.Job instance at 0x7f61f3f397d0>,34,27,[5 6],35,-1,93,-1,66
1,<environment.Job instance at 0x7f61f3f39af0>,37,25,[12  3],38,-1,97,-1,72
1,<environment.Job instance at 0x7f61f3f39c30>,36,25,[9 4],37,-1,103,-1,78
1,<environment.Job instance at 0x7f61f3f39e10>,38,26,[ 3 10],39,-1,104,-1,78
1,<environment.Job instance at 0x7f61f3f3e460>,41,27,[ 5 14],42,-1,105,-1,78
1,<environment.Job instance at 0x7f61f3f3ef00>,42,17,[14  2],43,-1,95,-1,78
1,<environment.Job instance at 0x7f61f3f3e2d0>,43,15,[12  2],44,-1,93,-1,78
1,<environment.Job instance at 0x7f61f3f3e730>,44,20,[12  3],45,-1,98,-1,78
1,<environment.Job instance at 0x7f61f3f3ecd0>,46,26,[13  3],47,-1,116,-1,90
1,<environment.Job instance at 0x7f61f3f3e820>,48,27,[7 3],49,-1,118,-1,91
1,<environment.Job instance at 0x7f61f3f3efa0>,50,13,[13  3],51,-1,104,-1,91
1,<environment.Job instance at 0x7f61f3f3eaa0>,51,12,[12  5],52,-1,103,-1,91
1,<environment.Job instance at 0x7f61f3f3e370>,52,14,[12  5],53,-1,105,-1,91
1,<environment.Job instance at 0x7f61f3f3e910>,53,22,[14  5],54,-1,113,-1,91
1,<environment.Job instance at 0x7f61f3f3ec30>,47,23,[9 5],48,-1,134,-1,111
1,<environment.Job instance at 0x7f61f3f3e050>,57,14,[12  5],58,-1,126,-1,112
1,<environment.Job instance at 0x7f61f3f3e7d0>,58,14,[12  2],59,-1,126,-1,112
1,<environment.Job instance at 0x7f61f3f3e140>,59,23,[ 5 11],60,-1,135,-1,112
1,<environment.Job instance at 0x7f61f3f3e500>,61,14,[ 3 11],62,-1,138,-1,124
1,<environment.Job instance at 0x7f61f3f3ea50>,62,15,[11  2],63,-1,139,-1,124
1,<environment.Job instance at 0x7f61f3f5c6e0>,63,17,[ 5 11],64,-1,141,-1,124
1,<environment.Job instance at 0x7f61f3f5cfa0>,69,25,[9 4],70,-1,187,-1,162
1,<environment.Job instance at 0x7f61f3f5c690>,70,15,[13  3],71,-1,177,-1,162
1,<environment.Job instance at 0x7f61f3f5c190>,71,17,[ 1 14],72,-1,179,-1,162
1,<environment.Job instance at 0x7f61f3f5c9b0>,73,28,[ 5 13],74,-1,190,-1,162
1,<environment.Job instance at 0x7f61f3f5cf50>,74,15,[12  1],75,-1,177,-1,162
1,<environment.Job instance at 0x7f61f3f5c780>,75,25,[ 5 14],76,-1,187,-1,162
1,<environment.Job instance at 0x7f61f3f5c2d0>,77,26,[4 9],78,-1,202,-1,176
1,<environment.Job instance at 0x7f61f3f5ce10>,79,18,[11  4],80,-1,194,-1,176
1,<environment.Job instance at 0x7f61f3f5c460>,80,14,[14  4],81,-1,190,-1,176
1,<environment.Job instance at 0x7f61f42df5f0>,81,26,[ 5 12],82,-1,202,-1,176
1,<environment.Job instance at 0x7f61f4cd1eb0>,0,18,[3 9],1,-1,19,-1,1
1,<environment.Job instance at 0x7f61f4cd1550>,8,26,[1 8],9,-1,47,-1,21
1,<environment.Job instance at 0x7f61f3f289b0>,16,19,[6 2],17,-1,40,-1,21
1,<environment.Job instance at 0x7f61f3f284b0>,18,19,[13  4],19,-1,40,-1,21
1,<environment.Job instance at 0x7f61f3f28550>,17,15,[11  1],18,-1,37,-1,22
1,<environment.Job instance at 0x7f61f3f28730>,19,14,[9 3],20,-1,36,-1,22
1,<environment.Job instance at 0x7f61f4ffffa0>,1,14,[ 3 13],2,-1,16,-1,2
1,<environment.Job instance at 0x7f61f3e899b0>,2,23,[6 1],3,-1,26,-1,3
1,<environment.Job instance at 0x7f61f3f5e960>,3,19,[12  4],4,-1,23,-1,4
1,<environment.Job instance at 0x7f61f3f32870>,5,16,[13  3],6,-1,22,-1,6
1,<environment.Job instance at 0x7f61f3efd050>,9,12,[ 1 13],10,-1,22,-1,10
1,<environment.Job instance at 0x7f61f401dbe0>,8,26,[1 8],9,-1,45,-1,19
1,<environment.Job instance at 0x7f61f4e28550>,10,26,[ 2 10],11,-1,45,-1,19
1,<environment.Job instance at 0x7f61f40acf00>,14,16,[ 3 12],15,-1,35,-1,19
1,<environment.Job instance at 0x7f61f414a870>,15,26,[ 5 13],16,-1,45,-1,19
1,<environment.Job instance at 0x7f61fdbc1190>,17,15,[11  1],18,-1,34,-1,19
1,<environment.Job instance at 0x7f61f3cfc3c0>,18,19,[13  4],19,-1,38,-1,19
1,<environment.Job instance at 0x7f61f3cfccd0>,20,12,[ 3 11],21,-1,43,-1,31
1,<environment.Job instance at 0x7f61f3c4ab40>,24,16,[14  2],25,-1,51,-1,35
1,<environment.Job instance at 0x7f61f434ccd0>,25,23,[ 1 11],26,-1,58,-1,35
1,<environment.Job instance at 0x7f61f416e960>,27,24,[12  4],28,-1,67,-1,43
1,<environment.Job instance at 0x7f61f3ddc500>,28,16,[11  3],29,-1,59,-1,43
1,<environment.Job instance at 0x7f61f3f3e500>,29,16,[11  5],30,-1,59,-1,43
1,<environment.Job instance at 0x7f61f3f3eeb0>,31,22,[ 4 11],32,-1,69,-1,47
1,<environment.Job instance at 0x7f61f3f3e280>,32,18,[ 3 13],33,-1,65,-1,47
1,<environment.Job instance at 0x7f61f3f3eb90>,33,17,[12  4],34,-1,64,-1,47
1,<environment.Job instance at 0x7f61f3f3e320>,34,12,[14  4],35,-1,59,-1,47
1,<environment.Job instance at 0x7f61f3f3e0f0>,36,22,[ 2 13],37,-1,70,-1,48
1,<environment.Job instance at 0x7f61f3f3e9b0>,37,12,[ 3 11],38,-1,60,-1,48
1,<environment.Job instance at 0x7f61f3f3e8c0>,39,14,[ 1 12],40,-1,75,-1,61
1,<environment.Job instance at 0x7f61f3f3e820>,40,16,[13  3],41,-1,77,-1,61
1,<environment.Job instance at 0x7f61f3f3ecd0>,42,23,[11  1],43,-1,84,-1,61
1,<environment.Job instance at 0x7f61f3f3e230>,44,18,[ 1 13],45,-1,79,-1,61
1,<environment.Job instance at 0x7f61f3f3eaa0>,46,13,[11  3],47,-1,74,-1,61
1,<environment.Job instance at 0x7f61f3f43370>,47,28,[7 5],48,-1,103,-1,75
1,<environment.Job instance at 0x7f61f3f43960>,49,27,[9 3],50,-1,102,-1,75
1,<environment.Job instance at 0x7f61f3f43050>,50,18,[13  1],51,-1,93,-1,75
1,<environment.Job instance at 0x7f61f3f43190>,54,23,[11  1],55,-1,100,-1,77
1,<environment.Job instance at 0x7f61f3f43690>,55,20,[13  4],56,-1,97,-1,77
1,<environment.Job instance at 0x7f61f3f43320>,56,22,[ 1 11],57,-1,99,-1,77
1,<environment.Job instance at 0x7f61f3f43410>,57,26,[ 5 12],58,-1,103,-1,77
1,<environment.Job instance at 0x7f61f3f43820>,60,21,[ 1 12],61,-1,113,-1,92
1,<environment.Job instance at 0x7f61f3f43be0>,61,16,[ 2 13],62,-1,108,-1,92
1,<environment.Job instance at 0x7f61f3f43b90>,62,23,[7 1],63,-1,115,-1,92
1,<environment.Job instance at 0x7f61f3f28230>,63,13,[13  4],64,-1,105,-1,92
1,<environment.Job instance at 0x7f61f3f43a00>,64,18,[14  3],65,-1,110,-1,92
1,<environment.Job instance at 0x7f61f3f43fa0>,58,26,[2 8],59,-1,118,-1,92
1,<environment.Job instance at 0x7f61f4cd1dc0>,66,24,[14  5],67,-1,116,-1,92
1,<environment.Job instance at 0x7f61f4cd15a0>,67,25,[ 4 12],68,-1,117,-1,92
1,<environment.Job instance at 0x7f61f4cd1a50>,69,18,[12  3],70,-1,110,-1,92
1,<environment.Job instance at 0x7f61f4eea050>,71,18,[ 2 11],72,-1,122,-1,104
1,<environment.Job instance at 0x7f61f4eea320>,72,13,[11  3],73,-1,117,-1,104
1,<environment.Job instance at 0x7f61f4eead70>,73,18,[13  2],74,-1,122,-1,104
1,<environment.Job instance at 0x7f61f3f438c0>,52,25,[10  1],53,-1,132,-1,107
1,<environment.Job instance at 0x7f61f4eea5f0>,75,23,[ 5 13],76,-1,130,-1,107
1,<environment.Job instance at 0x7f61f4eeac30>,74,28,[7 1],75,-1,135,-1,107
1,<environment.Job instance at 0x7f61f4eeafa0>,78,25,[ 2 12],79,-1,132,-1,107
1,<environment.Job instance at 0x7f61f4eeadc0>,79,12,[ 4 14],80,-1,119,-1,107
1,<environment.Job instance at 0x7f61f4eeaf00>,76,23,[2 7],77,-1,142,-1,119
1,<environment.Job instance at 0x7f61f4eea690>,81,23,[11  2],82,-1,142,-1,119
1,<environment.Job instance at 0x7f61f4eeab40>,77,28,[ 1 10],78,-1,147,-1,119
1,<environment.Job instance at 0x7f61f4eea3c0>,80,28,[10  3],81,-1,151,-1,123
1,<environment.Job instance at 0x7f61f433ad70>,85,16,[12  5],86,-1,139,-1,123
1,<environment.Job instance at 0x7f61f433a5a0>,86,22,[ 3 12],87,-1,145,-1,123
1,<environment.Job instance at 0x7f61f433a3c0>,87,14,[12  4],88,-1,137,-1,123
1,<environment.Job instance at 0x7f61f433a4b0>,88,28,[11  3],89,-1,151,-1,123
1,<environment.Job instance at 0x7f61f433a8c0>,89,24,[ 5 12],90,-1,147,-1,123
1,<environment.Job instance at 0x7f61f433a460>,90,27,[2 5],91,-1,150,-1,123
1,<environment.Job instance at 0x7f61f433af50>,91,13,[ 3 13],92,-1,136,-1,123
1,<environment.Job instance at 0x7f61f433aeb0>,92,23,[14  4],93,-1,146,-1,123
1,<environment.Job instance at 0x7f61f433a230>,93,17,[13  5],94,-1,140,-1,123
1,<environment.Job instance at 0x7f61f433a690>,94,22,[13  1],95,-1,145,-1,123
1,<environment.Job instance at 0x7f61f433a320>,95,24,[12  4],96,-1,147,-1,123
1,<environment.Job instance at 0x7f61f433adc0>,96,25,[6 3],97,-1,148,-1,123
1,<environment.Job instance at 0x7f61f433ad20>,97,27,[9 5],98,-1,150,-1,123
1,<environment.Job instance at 0x7f61f433a410>,98,18,[ 3 11],99,-1,141,-1,123
1,<environment.Job instance at 0x7f61f433a2d0>,99,14,[ 2 13],100,-1,137,-1,123
1,<environment.Job instance at 0x7f61f433a0a0>,84,27,[1 7],85,-1,150,-1,123
1,<environment.Job instance at 0x7f61f433aaa0>,101,23,[3 9],102,-1,158,-1,135
1,<environment.Job instance at 0x7f61f4c77c30>,104,17,[ 4 14],105,-1,153,-1,136
1,<environment.Job instance at 0x7f61f4c77d20>,105,15,[ 2 14],106,-1,151,-1,136
1,<environment.Job instance at 0x7f61f4c77c80>,110,23,[5 9],111,-1,198,-1,175
1,<environment.Job instance at 0x7f61f4c77cd0>,111,17,[ 2 14],112,-1,192,-1,175
1,<environment.Job instance at 0x7f61f4c772d0>,112,22,[11  4],113,-1,197,-1,175
1,<environment.Job instance at 0x7f61f4c77af0>,113,28,[11  2],114,-1,203,-1,175
1,<environment.Job instance at 0x7f61f4c770a0>,114,28,[ 4 10],115,-1,203,-1,175
1,<environment.Job instance at 0x7f61f4c77640>,115,24,[6 2],116,-1,199,-1,175
1,<environment.Job instance at 0x7f61f4c77be0>,117,26,[12  4],118,-1,201,-1,175
1,<environment.Job instance at 0x7f61f4c77b90>,118,13,[12  3],119,-1,188,-1,175
1,<environment.Job instance at 0x7f61f4c77500>,119,16,[ 5 11],120,-1,191,-1,175
1,<environment.Job instance at 0x7f61f4c77a00>,121,20,[ 1 11],122,-1,195,-1,175
1,<environment.Job instance at 0x7f61f49c23c0>,1,20,[10  3],2,-1,23,-1,3
1,<environment.Job instance at 0x7f61f49c20f0>,2,27,[7 2],3,-1,30,-1,3
1,<environment.Job instance at 0x7f61f49c2d70>,4,21,[10  1],5,-1,28,-1,7
1,<environment.Job instance at 0x7f61f49c2500>,16,23,[4 7],17,-1,40,-1,17
1,<environment.Job instance at 0x7f61f49c2370>,15,26,[2 8],16,-1,95,-1,69
1,<environment.Job instance at 0x7f61fdbc3aa0>,23,18,[11  3],24,-1,87,-1,69
1,<environment.Job instance at 0x7f61f49c2550>,10,26,[12  2],11,-1,95,-1,69
1,<environment.Job instance at 0x7f61f49c2c80>,8,18,[ 5 12],9,-1,87,-1,69
1,<environment.Job instance at 0x7f61f49c20a0>,14,22,[6 2],15,-1,91,-1,69
1,<environment.Job instance at 0x7f61fdbc3dc0>,29,23,[4 9],30,-1,92,-1,69
1,<environment.Job instance at 0x7f61fdbc3780>,27,12,[ 3 12],28,-1,81,-1,69
1,<environment.Job instance at 0x7f61fdbc30f0>,31,27,[2 7],32,-1,96,-1,69
1,<environment.Job instance at 0x7f61fdbc3fa0>,32,15,[9 2],33,-1,84,-1,69
1,<environment.Job instance at 0x7f61f49c26e0>,11,25,[4 8],12,-1,94,-1,69
1,<environment.Job instance at 0x7f61f4105870>,33,16,[8 4],34,-1,85,-1,69
1,<environment.Job instance at 0x7f61f4105d20>,34,14,[ 2 11],35,-1,83,-1,69
1,<environment.Job instance at 0x7f61f4105a50>,35,23,[ 3 14],36,-1,92,-1,69
1,<environment.Job instance at 0x7f61fdbc3f00>,30,14,[4 6],31,-1,83,-1,69
1,<environment.Job instance at 0x7f61fdbc3d20>,28,19,[3 5],29,-1,89,-1,70
1,<environment.Job instance at 0x7f61f4cd0500>,3,12,[13  2],4,-1,16,-1,4
1,<environment.Job instance at 0x7f61f4cd0370>,5,12,[ 2 14],6,-1,18,-1,6
1,<environment.Job instance at 0x7f61f4da9050>,6,17,[ 1 12],7,-1,24,-1,7
1,<environment.Job instance at 0x7f61f4da98c0>,7,22,[13  4],8,-1,30,-1,8
1,<environment.Job instance at 0x7f61f4da9410>,8,18,[ 5 12],9,-1,27,-1,9
1,<environment.Job instance at 0x7f61f4da9a50>,9,25,[12  1],10,-1,35,-1,10
1,<environment.Job instance at 0x7f61f4da9b40>,10,26,[12  2],11,-1,37,-1,11
1,<environment.Job instance at 0x7f61f4da9aa0>,11,25,[4 8],12,-1,38,-1,13
1,<environment.Job instance at 0x7f61f4da9c30>,13,12,[13  2],14,-1,26,-1,14
1,<environment.Job instance at 0x7f61f4cd07d0>,2,27,[7 2],3,-1,49,-1,22
1,<environment.Job instance at 0x7f61f4da9d70>,18,14,[ 2 13],19,-1,36,-1,22
1,<environment.Job instance at 0x7f61f4da9370>,15,26,[2 8],16,-1,55,-1,29
1,<environment.Job instance at 0x7f61f4eeaf50>,22,27,[ 1 13],23,-1,56,-1,29
1,<environment.Job instance at 0x7f61f4da93c0>,23,18,[11  3],24,-1,47,-1,29
1,<environment.Job instance at 0x7f61f4da9190>,16,23,[4 7],17,-1,52,-1,29
1,<environment.Job instance at 0x7f61f4eea820>,25,13,[12  1],26,-1,42,-1,29
1,<environment.Job instance at 0x7f61f4eeadc0>,26,12,[12  5],27,-1,41,-1,29
1,<environment.Job instance at 0x7f61f4eead20>,27,12,[ 3 12],28,-1,41,-1,29
1,<environment.Job instance at 0x7f61f5107820>,31,27,[2 7],32,-1,71,-1,44
1,<environment.Job instance at 0x7f61f4eea050>,29,23,[4 9],30,-1,68,-1,45
1,<environment.Job instance at 0x7f61f3cf0690>,34,14,[ 2 11],35,-1,59,-1,45
1,<environment.Job instance at 0x7f61f4eeaa50>,35,23,[ 3 14],36,-1,68,-1,45
1,<environment.Job instance at 0x7f61f4da9230>,21,23,[8 4],22,-1,78,-1,55
1,<environment.Job instance at 0x7f61f3cd9b90>,37,15,[ 2 13],38,-1,70,-1,55
1,<environment.Job instance at 0x7f61f3a921e0>,38,27,[11  5],39,-1,82,-1,55
1,<environment.Job instance at 0x7f61f47605a0>,39,21,[ 5 13],40,-1,76,-1,55
1,<environment.Job instance at 0x7f61f415f230>,40,14,[12  4],41,-1,69,-1,55
1,<environment.Job instance at 0x7f61f39c3a50>,42,28,[14  3],43,-1,83,-1,55
1,<environment.Job instance at 0x7f61f43b0550>,44,22,[ 5 12],45,-1,81,-1,59
1,<environment.Job instance at 0x7f61f43b0cd0>,45,24,[ 1 14],46,-1,83,-1,59
1,<environment.Job instance at 0x7f61f43b0410>,46,25,[ 1 14],47,-1,84,-1,59
1,<environment.Job instance at 0x7f61f43a3460>,49,21,[14  3],50,-1,92,-1,71
1,<environment.Job instance at 0x7f61f43b0b90>,50,17,[11  1],51,-1,88,-1,71
1,<environment.Job instance at 0x7f61f439e1e0>,51,28,[6 4],52,-1,109,-1,81
1,<environment.Job instance at 0x7f61f3e6a370>,54,17,[ 2 12],55,-1,98,-1,81
1,<environment.Job instance at 0x7f61f439e4b0>,55,28,[5 9],56,-1,111,-1,83
1,<environment.Job instance at 0x7f61f439e0a0>,56,26,[11  4],57,-1,109,-1,83
1,<environment.Job instance at 0x7f61f49f06e0>,57,14,[ 2 13],58,-1,97,-1,83
1,<environment.Job instance at 0x7f61f49f0550>,58,25,[11  1],59,-1,108,-1,83
1,<environment.Job instance at 0x7f61f438bf50>,60,25,[ 2 12],61,-1,108,-1,83
1,<environment.Job instance at 0x7f61f438bfa0>,61,14,[12  5],62,-1,97,-1,83
1,<environment.Job instance at 0x7f61f438b230>,63,13,[13  1],64,-1,109,-1,96
1,<environment.Job instance at 0x7f61f4a01640>,64,14,[13  3],65,-1,110,-1,96
1,<environment.Job instance at 0x7f61f4a018c0>,66,25,[ 4 10],67,-1,122,-1,97
1,<environment.Job instance at 0x7f61f4a01730>,67,19,[ 5 11],68,-1,116,-1,97
1,<environment.Job instance at 0x7f61f4a04140>,68,15,[12  1],69,-1,112,-1,97
1,<environment.Job instance at 0x7f61f4a04050>,71,24,[ 2 11],72,-1,121,-1,97
1,<environment.Job instance at 0x7f61f4a04190>,72,20,[ 1 14],73,-1,117,-1,97
1,<environment.Job instance at 0x7f61f439f2d0>,73,19,[ 3 14],74,-1,116,-1,97
1,<environment.Job instance at 0x7f61f4a11c30>,78,21,[ 1 11],79,-1,147,-1,126
1,<environment.Job instance at 0x7f61f4a111e0>,79,20,[ 5 13],80,-1,146,-1,126
1,<environment.Job instance at 0x7f61f4a090a0>,80,27,[ 5 13],81,-1,153,-1,126
1,<environment.Job instance at 0x7f61f4a09d70>,81,15,[ 3 13],82,-1,141,-1,126
1,<environment.Job instance at 0x7f61f49e6730>,83,18,[ 2 12],84,-1,145,-1,127
1,<environment.Job instance at 0x7f61f49e63c0>,87,24,[14  3],88,-1,168,-1,144
1,<environment.Job instance at 0x7f61f3aaf050>,88,24,[2 6],89,-1,181,-1,157
1,<environment.Job instance at 0x7f61f43bd050>,91,27,[2 5],92,-1,202,-1,175
1,<environment.Job instance at 0x7f61f49fdaf0>,92,25,[ 2 12],93,-1,200,-1,175
1,<environment.Job instance at 0x7f61f49fd230>,93,24,[ 2 10],94,-1,201,-1,177
1,<environment.Job instance at 0x7f61f4392320>,95,23,[11  3],96,-1,200,-1,177
1,<environment.Job instance at 0x7f61f48b4730>,96,26,[ 1 13],97,-1,203,-1,177
1,<environment.Job instance at 0x7f61f4392e10>,97,24,[12  4],98,-1,201,-1,177
1,<environment.Job instance at 0x7f61f43928c0>,99,27,[ 1 14],100,-1,205,-1,178
1,<environment.Job instance at 0x7f61f42b09b0>,1,17,[9 2],2,-1,20,-1,3
1,<environment.Job instance at 0x7f61f42b0a00>,3,23,[10  3],4,-1,28,-1,5
1,<environment.Job instance at 0x7f61f4387780>,2,16,[14  5],3,-1,19,-1,3
1,<environment.Job instance at 0x7f61f4387af0>,4,24,[ 5 11],5,-1,29,-1,5
1,<environment.Job instance at 0x7f61f4181550>,9,15,[13  2],10,-1,31,-1,16
1,<environment.Job instance at 0x7f61f4181410>,10,25,[ 1 14],11,-1,41,-1,16
1,<environment.Job instance at 0x7f61f4387e60>,6,25,[5 8],7,-1,41,-1,16
1,<environment.Job instance at 0x7f61f43875a0>,3,23,[10  3],4,-1,42,-1,19
1,<environment.Job instance at 0x7f61f4394be0>,15,28,[ 3 11],16,-1,47,-1,19
1,<environment.Job instance at 0x7f61f4394dc0>,16,23,[5 1],17,-1,42,-1,19
1,<environment.Job instance at 0x7f61f4394e60>,17,16,[14  5],18,-1,35,-1,19
1,<environment.Job instance at 0x7f61f414a730>,18,28,[6 3],19,-1,47,-1,19
1,<environment.Job instance at 0x7f61f4181e60>,11,25,[7 1],12,-1,44,-1,19
1,<environment.Job instance at 0x7f6206a29a50>,19,13,[14  3],20,-1,33,-1,20
1,<environment.Job instance at 0x7f61f414a960>,21,14,[ 2 12],22,-1,36,-1,22
1,<environment.Job instance at 0x7f61f414ac80>,22,19,[13  3],23,-1,42,-1,23
1,<environment.Job instance at 0x7f6201ed8320>,23,21,[ 3 14],24,-1,45,-1,24
1,<environment.Job instance at 0x7f61f4ae60a0>,24,16,[ 2 12],25,-1,41,-1,25
1,<environment.Job instance at 0x7f61fda0dd70>,25,23,[3 9],26,-1,53,-1,30
1,<environment.Job instance at 0x7f61fda0ddc0>,27,25,[ 1 14],28,-1,55,-1,30
1,<environment.Job instance at 0x7f61fda0d5a0>,28,14,[ 1 11],29,-1,44,-1,30
1,<environment.Job instance at 0x7f61f43a9eb0>,33,16,[13  2],34,-1,50,-1,34
1,<environment.Job instance at 0x7f61f4da0b40>,35,12,[ 3 11],36,-1,58,-1,46
1,<environment.Job instance at 0x7f61f4da0320>,36,13,[11  3],37,-1,59,-1,46
1,<environment.Job instance at 0x7f61f43a9dc0>,30,25,[2 8],31,-1,72,-1,47
1,<environment.Job instance at 0x7f61f4bf5be0>,40,25,[ 1 13],41,-1,83,-1,58
1,<environment.Job instance at 0x7f61f4173910>,41,22,[14  2],42,-1,80,-1,58
1,<environment.Job instance at 0x7f61f4173690>,42,24,[7 4],43,-1,82,-1,58
1,<environment.Job instance at 0x7f61f4173460>,43,17,[ 5 11],44,-1,75,-1,58
1,<environment.Job instance at 0x7f61f4173dc0>,44,20,[ 5 11],45,-1,78,-1,58
1,<environment.Job instance at 0x7f61f4173c30>,45,21,[13  4],46,-1,79,-1,58
1,<environment.Job instance at 0x7f61f41739b0>,46,25,[12  4],47,-1,83,-1,58
1,<environment.Job instance at 0x7f61f4173050>,48,12,[13  4],49,-1,70,-1,58
1,<environment.Job instance at 0x7f61fda5c0a0>,49,21,[ 4 12],50,-1,79,-1,58
1,<environment.Job instance at 0x7f61f4735190>,50,13,[ 2 12],51,-1,71,-1,58
1,<environment.Job instance at 0x7f61f47351e0>,51,25,[3 8],52,-1,90,-1,65
1,<environment.Job instance at 0x7f61f4aef500>,52,21,[12  5],53,-1,86,-1,65
1,<environment.Job instance at 0x7f61f4aef690>,53,21,[ 5 11],54,-1,86,-1,65
1,<environment.Job instance at 0x7f61f4aef460>,55,21,[12  4],56,-1,86,-1,65
1,<environment.Job instance at 0x7f61f4aef370>,56,18,[12  3],57,-1,83,-1,65
1,<environment.Job instance at 0x7f61f421c870>,58,12,[11  5],59,-1,77,-1,65
1,<environment.Job instance at 0x7f61f421c5a0>,60,26,[5 7],61,-1,105,-1,79
1,<environment.Job instance at 0x7f61f48b46e0>,61,16,[ 2 14],62,-1,95,-1,79
1,<environment.Job instance at 0x7f61f421cf50>,62,12,[ 5 13],63,-1,91,-1,79
1,<environment.Job instance at 0x7f61f49fdaf0>,65,18,[12  1],66,-1,102,-1,84
1,<environment.Job instance at 0x7f61f49fd0f0>,66,27,[13  3],67,-1,111,-1,84
1,<environment.Job instance at 0x7f61f4775aa0>,69,27,[ 5 14],70,-1,126,-1,99
1,<environment.Job instance at 0x7f61f43bd050>,70,19,[13  4],71,-1,118,-1,99
1,<environment.Job instance at 0x7f61f43bd1e0>,71,15,[11  4],72,-1,114,-1,99
1,<environment.Job instance at 0x7f61f49e6be0>,72,17,[14  1],73,-1,116,-1,99
1,<environment.Job instance at 0x7f61f49e63c0>,74,24,[ 1 12],75,-1,123,-1,99
1,<environment.Job instance at 0x7f61f4a09b90>,75,15,[13  2],76,-1,114,-1,99
1,<environment.Job instance at 0x7f61f4a09050>,76,16,[14  2],77,-1,115,-1,99
1,<environment.Job instance at 0x7f61f4a11730>,79,23,[11  2],80,-1,140,-1,117
1,<environment.Job instance at 0x7f61f439f1e0>,83,22,[ 2 12],84,-1,162,-1,140
1,<environment.Job instance at 0x7f61f4a04140>,84,28,[ 3 11],85,-1,168,-1,140
1,<environment.Job instance at 0x7f61f4a04be0>,85,22,[ 3 13],86,-1,162,-1,140
1,<environment.Job instance at 0x7f61f4a01b40>,89,13,[13  1],90,-1,189,-1,176
1,<environment.Job instance at 0x7f61f4458550>,0,27,[ 4 10],1,-1,28,-1,1
1,<environment.Job instance at 0x7f61f40e3140>,1,27,[9 3],2,-1,29,-1,2
1,<environment.Job instance at 0x7f61f41dce60>,0,27,[ 4 10],1,-1,28,-1,1
1,<environment.Job instance at 0x7f61f44c9a00>,1,27,[9 3],2,-1,29,-1,2
1,<environment.Job instance at 0x7f61f44c97d0>,2,19,[ 1 11],3,-1,22,-1,3
1,<environment.Job instance at 0x7f61f44c9fa0>,3,26,[5 3],4,-1,30,-1,4
1,<environment.Job instance at 0x7f61f44c9320>,4,27,[12  1],5,-1,32,-1,5
1,<environment.Job instance at 0x7f61f44c9410>,5,19,[14  2],6,-1,25,-1,6
1,<environment.Job instance at 0x7f61f44c99b0>,6,13,[11  3],7,-1,20,-1,7
1,<environment.Job instance at 0x7f61f44c9e60>,7,20,[14  5],8,-1,28,-1,8
1,<environment.Job instance at 0x7f61f44c9f50>,8,24,[1 7],9,-1,33,-1,9
1,<environment.Job instance at 0x7f61f44c9190>,10,26,[12  5],11,-1,37,-1,11
1,<environment.Job instance at 0x7f61f44c9820>,11,12,[ 5 13],12,-1,24,-1,12
1,<environment.Job instance at 0x7f61f44c9cd0>,12,28,[13  2],13,-1,41,-1,13
1,<environment.Job instance at 0x7f61f44c9910>,13,14,[ 2 13],14,-1,28,-1,14
1,<environment.Job instance at 0x7f61f44c9e10>,14,28,[ 5 14],15,-1,43,-1,15
1,<environment.Job instance at 0x7f61f44c9dc0>,19,26,[ 5 12],20,-1,46,-1,20
1,<environment.Job instance at 0x7f61f44c9eb0>,21,15,[11  1],22,-1,37,-1,22
1,<environment.Job instance at 0x7f61f44585f0>,22,21,[13  4],23,-1,44,-1,23
1,<environment.Job instance at 0x7f61f4458820>,23,20,[ 2 11],24,-1,44,-1,24
1,<environment.Job instance at 0x7f61f4458dc0>,26,15,[11  1],27,-1,42,-1,27
1,<environment.Job instance at 0x7f61f4458780>,27,27,[ 1 11],28,-1,55,-1,28
1,<environment.Job instance at 0x7f61f4458410>,30,14,[ 4 11],31,-1,45,-1,31
1,<environment.Job instance at 0x7f61f44581e0>,31,13,[14  1],32,-1,45,-1,32
1,<environment.Job instance at 0x7f61f44586e0>,28,27,[ 1 10],29,-1,61,-1,34
1,<environment.Job instance at 0x7f61f44582d0>,20,26,[10  2],21,-1,76,-1,50
1,<environment.Job instance at 0x7f61f4458960>,37,26,[2 5],38,-1,76,-1,50
1,<environment.Job instance at 0x7f61f4458320>,38,28,[4 8],39,-1,78,-1,50
1,<environment.Job instance at 0x7f61f4da9870>,39,28,[1 5],40,-1,78,-1,50
1,<environment.Job instance at 0x7f61f4da9f00>,40,27,[9 5],41,-1,77,-1,50
1,<environment.Job instance at 0x7f61f4da99b0>,42,22,[ 2 12],43,-1,72,-1,50
1,<environment.Job instance at 0x7f61f4da9eb0>,44,20,[ 4 13],45,-1,70,-1,50
1,<environment.Job instance at 0x7f61f4da9780>,45,19,[11  2],46,-1,69,-1,50
1,<environment.Job instance at 0x7f61f4da9cd0>,46,26,[ 3 10],47,-1,77,-1,51
1,<environment.Job instance at 0x7f61f4da9140>,47,13,[12  3],48,-1,64,-1,51
1,<environment.Job instance at 0x7f61f4da97d0>,48,19,[ 2 11],49,-1,70,-1,51
1,<environment.Job instance at 0x7f61f4da9690>,49,17,[ 5 14],50,-1,68,-1,51
1,<environment.Job instance at 0x7f61f4da93c0>,50,25,[9 1],51,-1,87,-1,62
1,<environment.Job instance at 0x7f61f4da9320>,52,15,[14  1],53,-1,77,-1,62
1,<environment.Job instance at 0x7f61f4da9e60>,53,25,[5 6],54,-1,88,-1,63
1,<environment.Job instance at 0x7f61f3cf0b90>,55,24,[ 3 13],56,-1,87,-1,63
1,<environment.Job instance at 0x7f61f3a921e0>,54,28,[1 5],55,-1,91,-1,63
1,<environment.Job instance at 0x7f61f3cf0550>,57,24,[14  5],58,-1,87,-1,63
1,<environment.Job instance at 0x7f61f39c3a50>,58,25,[7 4],59,-1,88,-1,63
1,<environment.Job instance at 0x7f61f47605a0>,59,27,[ 1 11],60,-1,90,-1,63
1,<environment.Job instance at 0x7f61f43b0370>,62,23,[ 5 14],63,-1,86,-1,63
1,<environment.Job instance at 0x7f61f43b09b0>,63,16,[ 2 13],64,-1,80,-1,64
1,<environment.Job instance at 0x7f61f43b0af0>,61,23,[9 5],62,-1,101,-1,78
1,<environment.Job instance at 0x7f61f43a3460>,65,12,[13  4],66,-1,90,-1,78
1,<environment.Job instance at 0x7f61f43a3d20>,66,12,[ 3 14],67,-1,90,-1,78
1,<environment.Job instance at 0x7f61f439eaf0>,69,20,[11  2],70,-1,98,-1,78
1,<environment.Job instance at 0x7f61f439e4b0>,70,13,[ 1 13],71,-1,91,-1,78
1,<environment.Job instance at 0x7f61f49f06e0>,73,13,[12  1],74,-1,107,-1,94
1,<environment.Job instance at 0x7f61f438b230>,76,27,[ 2 13],77,-1,133,-1,106
1,<environment.Job instance at 0x7f61f4a01690>,78,26,[14  2],79,-1,134,-1,108
1,<environment.Job instance at 0x7f61f4a01640>,80,13,[12  2],81,-1,136,-1,123
1,<environment.Job instance at 0x7f61f4a04140>,82,26,[11  4],83,-1,154,-1,128
1,<environment.Job instance at 0x7f61f438bf50>,75,26,[ 5 10],76,-1,167,-1,141
1,<environment.Job instance at 0x7f61f439f410>,84,26,[14  4],85,-1,167,-1,141
1,<environment.Job instance at 0x7f61f4a015a0>,79,27,[ 1 10],80,-1,168,-1,141
1,<environment.Job instance at 0x7f61f4a11370>,87,13,[ 2 12],88,-1,154,-1,141
1,<environment.Job instance at 0x7f61f4a09640>,89,18,[ 1 13],90,-1,167,-1,149
1,<environment.Job instance at 0x7f61f4a09d70>,90,12,[12  2],91,-1,161,-1,149
1,<environment.Job instance at 0x7f61f4511640>,93,13,[ 4 14],94,-1,178,-1,165
1,<environment.Job instance at 0x7f61f49e6b90>,94,15,[ 1 11],95,-1,180,-1,165
1,<environment.Job instance at 0x7f61f49fd190>,96,25,[13  5],97,-1,193,-1,168
1,<environment.Job instance at 0x7f61f482c3c0>,17,24,[11  4],18,-1,122,-1,98
1,<environment.Job instance at 0x7f61f4876370>,9,17,[ 3 14],10,-1,115,-1,98
1,<environment.Job instance at 0x7f61f482cfa0>,22,12,[ 2 12],23,-1,110,-1,98
1,<environment.Job instance at 0x7f61f482c370>,21,21,[3 7],22,-1,119,-1,98
1,<environment.Job instance at 0x7f61f482c820>,23,18,[10  1],24,-1,123,-1,105
1,<environment.Job instance at 0x7f61f48a8500>,26,15,[ 4 10],27,-1,120,-1,105
1,<environment.Job instance at 0x7f61f4810f50>,29,23,[7 3],30,-1,129,-1,106
1,<environment.Job instance at 0x7f61f48a8820>,27,17,[ 3 14],28,-1,123,-1,106
1,<environment.Job instance at 0x7f61f4810820>,32,12,[ 5 11],33,-1,118,-1,106
1,<environment.Job instance at 0x7f61f4810af0>,33,12,[ 4 14],34,-1,118,-1,106
1,<environment.Job instance at 0x7f61f482c410>,11,28,[4 7],12,-1,134,-1,106
1,<environment.Job instance at 0x7f61f4810dc0>,34,27,[13  3],35,-1,133,-1,106
1,<environment.Job instance at 0x7f61f4810870>,36,16,[11  1],37,-1,122,-1,106
1,<environment.Job instance at 0x7f61f4810f00>,37,16,[4 6],38,-1,122,-1,106
1,<environment.Job instance at 0x7f61f4810d20>,38,13,[ 3 10],39,-1,119,-1,106
1,<environment.Job instance at 0x7f61f4810690>,39,20,[12  4],40,-1,126,-1,106
1,<environment.Job instance at 0x7f61f4810fa0>,40,17,[12  3],41,-1,123,-1,106
1,<environment.Job instance at 0x7f61f48104b0>,41,15,[6 3],42,-1,121,-1,106
1,<environment.Job instance at 0x7f61f4810280>,42,24,[9 3],43,-1,130,-1,106
1,<environment.Job instance at 0x7f61f4810b40>,43,16,[ 2 11],44,-1,122,-1,106
1,<environment.Job instance at 0x7f61f4810cd0>,44,22,[10  4],45,-1,128,-1,106
1,<environment.Job instance at 0x7f61f4662230>,1,19,[12  3],2,-1,21,-1,2
1,<environment.Job instance at 0x7f61f4efc230>,2,25,[2 6],3,-1,28,-1,3
1,<environment.Job instance at 0x7f61f4669230>,3,15,[11  2],4,-1,19,-1,4
1,<environment.Job instance at 0x7f61f46953c0>,5,28,[4 6],6,-1,34,-1,6
1,<environment.Job instance at 0x7f61f3adefa0>,7,18,[11  5],8,-1,26,-1,8
1,<environment.Job instance at 0x7f61f3adee60>,9,17,[ 3 14],10,-1,27,-1,10
1,<environment.Job instance at 0x7f61f4828af0>,4,25,[10  3],5,-1,38,-1,13
1,<environment.Job instance at 0x7f61f3ade870>,11,28,[4 7],12,-1,41,-1,13
1,<environment.Job instance at 0x7f61f4692690>,13,24,[11  4],14,-1,38,-1,14
1,<environment.Job instance at 0x7f61f4692a50>,14,21,[13  3],15,-1,36,-1,15
1,<environment.Job instance at 0x7f61f3afb820>,15,14,[12  3],16,-1,30,-1,16
1,<environment.Job instance at 0x7f61f3afbf50>,17,24,[11  4],18,-1,42,-1,18
1,<environment.Job instance at 0x7f61f3ade0f0>,8,23,[ 1 10],9,-1,45,-1,22
1,<environment.Job instance at 0x7f61f3afb7d0>,20,16,[ 1 12],21,-1,38,-1,22
1,<environment.Job instance at 0x7f61f3add050>,22,12,[ 2 12],23,-1,35,-1,23
1,<environment.Job instance at 0x7f61f3addeb0>,25,16,[13  1],26,-1,51,-1,35
1,<environment.Job instance at 0x7f61f3af2fa0>,27,17,[ 3 14],28,-1,66,-1,49
1,<environment.Job instance at 0x7f61f3af25a0>,28,16,[12  1],29,-1,65,-1,49
1,<environment.Job instance at 0x7f61f3af2d20>,29,23,[7 3],30,-1,72,-1,49
1,<environment.Job instance at 0x7f61f3af98c0>,30,17,[13  3],31,-1,66,-1,49
1,<environment.Job instance at 0x7f61f3aee050>,32,12,[ 5 11],33,-1,61,-1,49
1,<environment.Job instance at 0x7f61f3aeeeb0>,33,12,[ 4 14],34,-1,61,-1,49
1,<environment.Job instance at 0x7f61f3aeecd0>,34,27,[13  3],35,-1,76,-1,49
1,<environment.Job instance at 0x7f61f3aeef00>,36,16,[11  1],37,-1,68,-1,52
1,<environment.Job instance at 0x7f61f3ae70f0>,39,20,[12  4],40,-1,93,-1,73
1,<environment.Job instance at 0x7f61f3ae7b90>,40,17,[12  3],41,-1,90,-1,73
1,<environment.Job instance at 0x7f61f3aff7d0>,42,24,[9 3],43,-1,101,-1,77
1,<environment.Job instance at 0x7f61f504a960>,43,16,[ 2 11],44,-1,93,-1,77
1,<environment.Job instance at 0x7f61f504a8c0>,45,21,[13  1],46,-1,98,-1,77
1,<environment.Job instance at 0x7f61f504a370>,46,25,[ 4 13],47,-1,102,-1,77
1,<environment.Job instance at 0x7f61f504adc0>,48,20,[14  3],49,-1,108,-1,88
1,<environment.Job instance at 0x7f61f504a1e0>,49,19,[14  4],50,-1,107,-1,88
1,<environment.Job instance at 0x7f61f504a5f0>,50,16,[14  4],51,-1,104,-1,88
1,<environment.Job instance at 0x7f61f504a640>,51,26,[ 2 12],52,-1,114,-1,88
1,<environment.Job instance at 0x7f61f504ae60>,53,25,[ 5 12],54,-1,113,-1,88
1,<environment.Job instance at 0x7f61f504a910>,54,17,[14  4],55,-1,105,-1,88
1,<environment.Job instance at 0x7f61f504a050>,55,27,[ 4 12],56,-1,115,-1,88
1,<environment.Job instance at 0x7f61f3ae2e10>,57,14,[12  5],58,-1,102,-1,88
1,<environment.Job instance at 0x7f61f3ae2550>,58,26,[2 7],59,-1,116,-1,90
1,<environment.Job instance at 0x7f61f4effd70>,61,28,[2 5],62,-1,118,-1,90
1,<environment.Job instance at 0x7f61f3af5370>,62,22,[14  4],63,-1,112,-1,90
1,<environment.Job instance at 0x7f61f3af5410>,63,16,[14  2],64,-1,106,-1,90
1,<environment.Job instance at 0x7f61f3af0460>,64,15,[11  1],65,-1,105,-1,90
1,<environment.Job instance at 0x7f61f3af0f00>,65,12,[ 1 14],66,-1,102,-1,90
1,<environment.Job instance at 0x7f61f3af3780>,70,23,[14  5],71,-1,126,-1,103
1,<environment.Job instance at 0x7f61f4676c80>,73,14,[ 2 12],74,-1,132,-1,118
1,<environment.Job instance at 0x7f61f4676500>,74,14,[13  4],75,-1,132,-1,118
1,<environment.Job instance at 0x7f61f45ea140>,75,14,[12  4],76,-1,132,-1,118
1,<environment.Job instance at 0x7f61f50f0c30>,76,25,[1 6],77,-1,143,-1,118
1,<environment.Job instance at 0x7f61f3ec5960>,77,25,[ 4 10],78,-1,155,-1,130
1,<environment.Job instance at 0x7f61f50f04b0>,78,22,[14  5],79,-1,152,-1,130
1,<environment.Job instance at 0x7f61f50d69b0>,79,26,[3 7],80,-1,156,-1,130
1,<environment.Job instance at 0x7f61f50f4d70>,80,14,[11  3],81,-1,144,-1,130
1,<environment.Job instance at 0x7f61f50eedc0>,81,28,[13  2],82,-1,158,-1,130
1,<environment.Job instance at 0x7f61f4ab06e0>,83,18,[12  3],84,-1,148,-1,130
1,<environment.Job instance at 0x7f61f47a6370>,84,19,[ 2 12],85,-1,149,-1,130
1,<environment.Job instance at 0x7f61f47a6c30>,85,13,[11  2],86,-1,143,-1,130
1,<environment.Job instance at 0x7f61f4ac0780>,87,17,[ 5 14],88,-1,147,-1,130
1,<environment.Job instance at 0x7f61f50ecc80>,88,25,[ 1 11],89,-1,155,-1,130
1,<environment.Job instance at 0x7f61f3d2bdc0>,90,15,[ 5 13],91,-1,148,-1,133
1,<environment.Job instance at 0x7f61f506a460>,92,23,[8 4],93,-1,173,-1,150
1,<environment.Job instance at 0x7f61f506a190>,93,12,[12  1],94,-1,162,-1,150
1,<environment.Job instance at 0x7f61f4aabc30>,89,23,[3 7],90,-1,174,-1,151
1,<environment.Job instance at 0x7f61f480d050>,95,15,[12  1],96,-1,166,-1,151
1,<environment.Job instance at 0x7f61f506a370>,96,14,[13  4],97,-1,165,-1,151
1,<environment.Job instance at 0x7f61f5061230>,98,21,[12  5],99,-1,173,-1,152
1,<environment.Job instance at 0x7f61f50613c0>,99,17,[ 2 14],100,-1,169,-1,152
1,<environment.Job instance at 0x7f61f50618c0>,100,27,[ 4 12],101,-1,179,-1,152
1,<environment.Job instance at 0x7f61f5061730>,101,16,[11  1],102,-1,168,-1,152
1,<environment.Job instance at 0x7f61f50611e0>,103,25,[13  1],104,-1,190,-1,165
1,<environment.Job instance at 0x7f61f5061b90>,102,27,[5 6],103,-1,194,-1,167
1,<environment.Job instance at 0x7f61f5061690>,105,19,[12  1],106,-1,186,-1,167
1,<environment.Job instance at 0x7f61f4ae4a00>,106,22,[ 2 12],107,-1,189,-1,167
1,<environment.Job instance at 0x7f61f5061320>,104,23,[ 1 10],105,-1,190,-1,167
1,<environment.Job instance at 0x7f61f50c9960>,108,20,[12  3],109,-1,187,-1,167
1,<environment.Job instance at 0x7f61f47c6af0>,109,17,[14  4],110,-1,184,-1,167
1,<environment.Job instance at 0x7f61f47c6eb0>,110,17,[12  2],111,-1,184,-1,167
1,<environment.Job instance at 0x7f61f5060550>,111,17,[ 2 13],112,-1,184,-1,167
1,<environment.Job instance at 0x7f61f50600a0>,113,26,[ 3 14],114,-1,193,-1,167
1,<environment.Job instance at 0x7f61f506e5f0>,114,17,[ 3 11],115,-1,184,-1,167
1,<environment.Job instance at 0x7f61f506ec30>,115,26,[ 1 11],116,-1,193,-1,167
1,<environment.Job instance at 0x7f61f485acd0>,0,19,[6 4],1,-1,20,-1,1
1,<environment.Job instance at 0x7f61f485ac80>,3,14,[10  5],4,-1,19,-1,5
1,<environment.Job instance at 0x7f61f485ac30>,4,19,[10  1],5,-1,25,-1,6
1,<environment.Job instance at 0x7f61f48dba00>,1,12,[ 3 11],2,-1,14,-1,2
1,<environment.Job instance at 0x7f61f48dbbe0>,2,26,[ 2 14],3,-1,29,-1,3
1,<environment.Job instance at 0x7f61f4829730>,5,21,[11  3],6,-1,27,-1,6
1,<environment.Job instance at 0x7f61f4829280>,6,13,[14  1],7,-1,20,-1,7
1,<environment.Job instance at 0x7f61f48576e0>,7,13,[14  1],8,-1,21,-1,8
1,<environment.Job instance at 0x7f61f4857640>,8,18,[ 2 14],9,-1,27,-1,9
1,<environment.Job instance at 0x7f61f484a730>,10,17,[ 2 14],11,-1,28,-1,11
1,<environment.Job instance at 0x7f61f4ac0780>,14,15,[ 2 12],15,-1,35,-1,20
1,<environment.Job instance at 0x7f61f47ae910>,15,25,[ 3 10],16,-1,45,-1,20
1,<environment.Job instance at 0x7f61f4669230>,17,21,[13  1],18,-1,41,-1,20
1,<environment.Job instance at 0x7f61f47a6370>,18,19,[12  2],19,-1,39,-1,20
1,<environment.Job instance at 0x7f61f480a3c0>,20,25,[12  1],21,-1,49,-1,24
1,<environment.Job instance at 0x7f61f48281e0>,21,19,[ 1 11],22,-1,43,-1,24
1,<environment.Job instance at 0x7f62066843c0>,23,12,[ 4 11],24,-1,36,-1,24
1,<environment.Job instance at 0x7f61f4843d70>,24,15,[14  4],25,-1,40,-1,25
1,<environment.Job instance at 0x7f61f485a910>,25,26,[ 1 11],26,-1,52,-1,26
1,<environment.Job instance at 0x7f61f485a050>,27,24,[11  5],28,-1,59,-1,35
1,<environment.Job instance at 0x7f61f483aa00>,30,14,[ 3 11],31,-1,49,-1,35
1,<environment.Job instance at 0x7f61f483adc0>,31,17,[13  5],32,-1,52,-1,35
1,<environment.Job instance at 0x7f61f483ad70>,32,19,[14  2],33,-1,54,-1,35
1,<environment.Job instance at 0x7f61f483ac30>,33,14,[11  1],34,-1,49,-1,35
1,<environment.Job instance at 0x7f61f483aaa0>,29,27,[9 2],30,-1,65,-1,38
1,<environment.Job instance at 0x7f61f483a5a0>,35,23,[3 6],36,-1,61,-1,38
1,<environment.Job instance at 0x7f61f483a5f0>,36,14,[12  3],37,-1,52,-1,38
1,<environment.Job instance at 0x7f61f481daf0>,37,13,[ 3 13],38,-1,51,-1,38
1,<environment.Job instance at 0x7f61f483aa50>,34,24,[5 6],35,-1,62,-1,38
1,<environment.Job instance at 0x7f61f481d8c0>,38,12,[14  1],39,-1,51,-1,39
1,<environment.Job instance at 0x7f61f481d820>,40,12,[14  5],41,-1,53,-1,41
1,<environment.Job instance at 0x7f61f481d640>,41,17,[ 5 12],42,-1,59,-1,42
1,<environment.Job instance at 0x7f61f481d910>,43,18,[ 3 11],44,-1,62,-1,44
1,<environment.Job instance at 0x7f61f481d7d0>,39,23,[5 8],40,-1,78,-1,55
1,<environment.Job instance at 0x7f61f481d370>,46,12,[ 2 14],47,-1,67,-1,55
1,<environment.Job instance at 0x7f61f481d0a0>,49,12,[13  4],50,-1,67,-1,55
1,<environment.Job instance at 0x7f61f481d870>,42,26,[9 4],43,-1,82,-1,56
1,<environment.Job instance at 0x7f61f4827dc0>,52,26,[12  4],53,-1,83,-1,57
1,<environment.Job instance at 0x7f61f4827d70>,54,13,[ 4 12],55,-1,82,-1,69
1,<environment.Job instance at 0x7f61f4827500>,55,23,[ 3 12],56,-1,92,-1,69
1,<environment.Job instance at 0x7f61f4827c80>,58,18,[12  1],59,-1,88,-1,70
1,<environment.Job instance at 0x7f61f4827f50>,60,15,[ 3 11],61,-1,99,-1,84
1,<environment.Job instance at 0x7f61f4827d20>,61,25,[9 4],62,-1,110,-1,85
1,<environment.Job instance at 0x7f61f4827410>,62,23,[ 5 13],63,-1,108,-1,85
1,<environment.Job instance at 0x7f61f48276e0>,63,26,[2 5],64,-1,111,-1,85
1,<environment.Job instance at 0x7f61f4827aa0>,65,27,[ 3 13],66,-1,112,-1,85
1,<environment.Job instance at 0x7f61f4827b40>,66,26,[ 4 14],67,-1,111,-1,85
1,<environment.Job instance at 0x7f61f4827b90>,67,20,[14  2],68,-1,105,-1,85
1,<environment.Job instance at 0x7f61f4827be0>,69,26,[ 4 11],70,-1,115,-1,89
1,<environment.Job instance at 0x7f61f3d31690>,70,25,[ 3 13],71,-1,114,-1,89
1,<environment.Job instance at 0x7f61f4827140>,68,24,[6 4],69,-1,121,-1,97
1,<environment.Job instance at 0x7f61f3d311e0>,71,24,[3 9],72,-1,126,-1,102
1,<environment.Job instance at 0x7f61f3d31500>,74,25,[2 6],75,-1,127,-1,102
1,<environment.Job instance at 0x7f61f3d31be0>,77,23,[ 1 12],78,-1,135,-1,112
1,<environment.Job instance at 0x7f61f3d31c80>,80,28,[ 4 10],81,-1,160,-1,132
1,<environment.Job instance at 0x7f61f3d31e60>,81,25,[5 3],82,-1,157,-1,132
1,<environment.Job instance at 0x7f61f3d31b90>,82,18,[ 5 12],83,-1,150,-1,132
1,<environment.Job instance at 0x7f61f3d31c30>,83,20,[14  1],84,-1,152,-1,132
1,<environment.Job instance at 0x7f61f3d3b550>,85,15,[ 2 13],86,-1,148,-1,133
1,<environment.Job instance at 0x7f61f3d31230>,86,27,[7 5],87,-1,178,-1,151
1,<environment.Job instance at 0x7f61f3d3b820>,87,24,[ 3 11],88,-1,175,-1,151
1,<environment.Job instance at 0x7f61f3d3b4b0>,88,25,[13  4],89,-1,176,-1,151
1,<environment.Job instance at 0x7f61f3d3bf50>,90,20,[11  5],91,-1,171,-1,151
1,<environment.Job instance at 0x7f61f3d3b370>,91,24,[ 4 11],92,-1,175,-1,151
1,<environment.Job instance at 0x7f61f3d3baa0>,89,24,[5 8],90,-1,177,-1,153
1,<environment.Job instance at 0x7f61f3d3bd70>,93,28,[8 4],94,-1,181,-1,153
1,<environment.Job instance at 0x7f61f3d3be60>,94,17,[14  4],95,-1,170,-1,153
1,<environment.Job instance at 0x7f61f3d3bbe0>,98,24,[13  3],99,-1,197,-1,173
1,<environment.Job instance at 0x7f61f3d3b0a0>,99,16,[ 5 12],100,-1,189,-1,173
1,<environment.Job instance at 0x7f61f3d32c80>,0,23,[ 5 14],1,-1,24,-1,1
1,<environment.Job instance at 0x7f61f3d32c30>,1,28,[9 3],2,-1,30,-1,2
1,<environment.Job instance at 0x7f61f3d32190>,2,13,[14  3],3,-1,16,-1,3
1,<environment.Job instance at 0x7f61f3d321e0>,3,17,[ 4 11],4,-1,21,-1,4
1,<environment.Job instance at 0x7f61f3d325a0>,6,26,[13  3],7,-1,33,-1,7
1,<environment.Job instance at 0x7f61f3d32500>,10,20,[ 4 14],11,-1,31,-1,11
1,<environment.Job instance at 0x7f61f3d32a00>,12,23,[ 5 12],13,-1,36,-1,13
1,<environment.Job instance at 0x7f61f3d09f00>,13,24,[14  4],14,-1,38,-1,14
1,<environment.Job instance at 0x7f61f3d09230>,15,16,[13  2],16,-1,32,-1,16
1,<environment.Job instance at 0x7f61f3d32f00>,17,21,[ 5 13],18,-1,41,-1,20
1,<environment.Job instance at 0x7f61f3d097d0>,18,12,[ 1 12],19,-1,32,-1,20
1,<environment.Job instance at 0x7f61f3d090a0>,19,22,[12  4],20,-1,42,-1,20
1,<environment.Job instance at 0x7f61f3d09820>,20,27,[ 1 13],21,-1,48,-1,21
1,<environment.Job instance at 0x7f61f3d09190>,21,18,[ 2 12],22,-1,40,-1,22
1,<environment.Job instance at 0x7f61f3d09500>,23,13,[ 5 14],24,-1,37,-1,24
1,<environment.Job instance at 0x7f61f3d09140>,24,17,[14  3],25,-1,42,-1,25
1,<environment.Job instance at 0x7f61f3d095a0>,22,26,[5 5],23,-1,59,-1,33
1,<environment.Job instance at 0x7f61f3d096e0>,26,28,[11  4],27,-1,61,-1,33
1,<environment.Job instance at 0x7f61f3d14320>,28,23,[13  4],29,-1,56,-1,33
1,<environment.Job instance at 0x7f61f3d09320>,25,27,[7 1],26,-1,64,-1,37
1,<environment.Job instance at 0x7f61f3d14eb0>,35,20,[11  5],36,-1,70,-1,50
1,<environment.Job instance at 0x7f61f3d14730>,36,26,[1 8],37,-1,79,-1,53
1,<environment.Job instance at 0x7f61f3d3b050>,40,13,[ 1 14],41,-1,68,-1,55
1,<environment.Job instance at 0x7f61f3d3b0f0>,42,24,[ 4 14],43,-1,89,-1,65
1,<environment.Job instance at 0x7f61f3d3beb0>,43,12,[ 4 14],44,-1,77,-1,65
1,<environment.Job instance at 0x7f61f3d3b230>,44,23,[11  2],45,-1,88,-1,65
1,<environment.Job instance at 0x7f61f3d3b1e0>,45,18,[ 3 12],46,-1,83,-1,65
1,<environment.Job instance at 0x7f61f3d3be60>,46,14,[12  1],47,-1,79,-1,65
1,<environment.Job instance at 0x7f61f3d3b410>,48,28,[13  4],49,-1,101,-1,73
1,<environment.Job instance at 0x7f61f3d3b370>,49,24,[5 2],50,-1,97,-1,73
1,<environment.Job instance at 0x7f61f3d3baa0>,50,18,[ 4 12],51,-1,91,-1,73
1,<environment.Job instance at 0x7f61f3d3ba00>,51,25,[11  1],52,-1,98,-1,73
1,<environment.Job instance at 0x7f61f3d3b3c0>,52,20,[11  4],53,-1,93,-1,73
1,<environment.Job instance at 0x7f61f3d3b460>,53,28,[6 5],54,-1,101,-1,73
1,<environment.Job instance at 0x7f61f3d3bf00>,54,26,[2 6],55,-1,99,-1,73
1,<environment.Job instance at 0x7f61f3d3b0a0>,41,23,[5 6],42,-1,97,-1,74
1,<environment.Job instance at 0x7f61f3d310f0>,57,28,[ 3 13],58,-1,102,-1,74
1,<environment.Job instance at 0x7f61f3d31550>,59,19,[13  4],60,-1,93,-1,74
1,<environment.Job instance at 0x7f61f3d31d70>,60,18,[ 3 12],61,-1,92,-1,74
1,<environment.Job instance at 0x7f61f3d31d20>,61,18,[11  4],62,-1,92,-1,74
1,<environment.Job instance at 0x7f61f3d31cd0>,62,12,[ 2 12],63,-1,86,-1,74
1,<environment.Job instance at 0x7f61f3d31460>,63,15,[ 3 13],64,-1,89,-1,74
1,<environment.Job instance at 0x7f61f3d31eb0>,64,15,[13  3],65,-1,89,-1,74
1,<environment.Job instance at 0x7f61f3d3bd70>,47,27,[ 5 10],48,-1,109,-1,82
1,<environment.Job instance at 0x7f61f3d31f50>,66,23,[ 5 10],67,-1,105,-1,82
1,<environment.Job instance at 0x7f61f3d31820>,67,27,[ 4 13],68,-1,109,-1,82
1,<environment.Job instance at 0x7f61f4827be0>,68,15,[11  5],69,-1,97,-1,82
1,<environment.Job instance at 0x7f61f48272d0>,69,23,[13  4],70,-1,105,-1,82
1,<environment.Job instance at 0x7f61f4827b90>,70,19,[ 5 12],71,-1,101,-1,82
1,<environment.Job instance at 0x7f61f3d315a0>,65,24,[1 9],66,-1,106,-1,82
1,<environment.Job instance at 0x7f61f3d31c30>,58,25,[5 8],59,-1,107,-1,82
1,<environment.Job instance at 0x7f61f48275f0>,74,26,[ 3 13],75,-1,108,-1,82
1,<environment.Job instance at 0x7f61f4827820>,75,28,[11  5],76,-1,110,-1,82
1,<environment.Job instance at 0x7f61f4827f50>,76,24,[8 5],77,-1,116,-1,92
1,<environment.Job instance at 0x7f61f4827a00>,77,15,[12  5],78,-1,107,-1,92
1,<environment.Job instance at 0x7f61f4827690>,78,21,[ 1 14],79,-1,113,-1,92
1,<environment.Job instance at 0x7f61f4827cd0>,79,14,[12  4],80,-1,106,-1,92
1,<environment.Job instance at 0x7f61f4827e10>,80,25,[8 3],81,-1,117,-1,92
1,<environment.Job instance at 0x7f61f4827550>,73,27,[10  2],74,-1,120,-1,93
1,<environment.Job instance at 0x7f61f481d550>,84,26,[14  5],85,-1,119,-1,93
1,<environment.Job instance at 0x7f61f481d5f0>,85,17,[14  3],86,-1,110,-1,93
1,<environment.Job instance at 0x7f61f481d0a0>,86,25,[13  2],87,-1,118,-1,93
1,<environment.Job instance at 0x7f61f481daa0>,87,13,[ 1 13],88,-1,106,-1,93
1,<environment.Job instance at 0x7f61f481d960>,88,22,[ 2 11],89,-1,115,-1,93
1,<environment.Job instance at 0x7f61f481d730>,89,14,[12  4],90,-1,107,-1,93
1,<environment.Job instance at 0x7f61f481d4b0>,90,23,[6 5],91,-1,133,-1,110
1,<environment.Job instance at 0x7f61f481d190>,91,24,[6 4],92,-1,134,-1,110
1,<environment.Job instance at 0x7f61f481d280>,92,21,[ 3 11],93,-1,131,-1,110
1,<environment.Job instance at 0x7f61f481d0f0>,93,20,[13  1],94,-1,130,-1,110
1,<environment.Job instance at 0x7f61f481da50>,94,18,[ 4 13],95,-1,128,-1,110
1,<environment.Job instance at 0x7f61f481d320>,95,13,[13  4],96,-1,123,-1,110
1,<environment.Job instance at 0x7f61f481d5a0>,96,15,[ 4 12],97,-1,125,-1,110
1,<environment.Job instance at 0x7f61f483a320>,97,23,[1 5],98,-1,133,-1,110
1,<environment.Job instance at 0x7f61f483a5a0>,98,20,[12  2],99,-1,130,-1,110
1,<environment.Job instance at 0x7f61f483acd0>,99,16,[ 1 13],100,-1,126,-1,110
1,<environment.Job instance at 0x7f61f483ac30>,100,25,[4 9],101,-1,135,-1,110
1,<environment.Job instance at 0x7f61f483ad70>,101,24,[5 1],102,-1,134,-1,110
1,<environment.Job instance at 0x7f61f483a140>,103,22,[11  4],104,-1,133,-1,111
1,<environment.Job instance at 0x7f61f483aaa0>,104,28,[14  4],105,-1,139,-1,111
1,<environment.Job instance at 0x7f61f483aa00>,105,22,[13  4],106,-1,133,-1,111
1,<environment.Job instance at 0x7f62066843c0>,106,28,[11  4],107,-1,139,-1,111
1,<environment.Job instance at 0x7f61f485aeb0>,108,18,[ 5 13],109,-1,132,-1,114
1,<environment.Job instance at 0x7f61f4135aa0>,109,26,[1 5],110,-1,154,-1,128
1,<environment.Job instance at 0x7f61f48281e0>,110,28,[8 1],111,-1,156,-1,128
1,<environment.Job instance at 0x7f61f4843d70>,112,25,[9 4],113,-1,158,-1,133
1,<environment.Job instance at 0x7f61f484ac80>,115,13,[11  4],116,-1,162,-1,149
1,<environment.Job instance at 0x7f61f484afa0>,116,17,[ 4 11],117,-1,166,-1,149
1,<environment.Job instance at 0x7f61f48576e0>,117,24,[13  5],118,-1,173,-1,149
1,<environment.Job instance at 0x7f61f4857730>,118,27,[ 2 14],119,-1,176,-1,149
1,<environment.Job instance at 0x7f61f48291e0>,119,26,[ 4 12],120,-1,175,-1,149
1,<environment.Job instance at 0x7f61f4829e10>,120,15,[ 4 14],121,-1,164,-1,149
1,<environment.Job instance at 0x7f61f4829370>,121,26,[ 1 13],122,-1,175,-1,149
1,<environment.Job instance at 0x7f61f4829280>,123,27,[10  2],124,-1,194,-1,167
1,<environment.Job instance at 0x7f61f4b6f050>,4,26,[9 4],5,-1,31,-1,5
1,<environment.Job instance at 0x7f61f4221be0>,6,27,[5 5],7,-1,34,-1,7
1,<environment.Job instance at 0x7f61f4b6feb0>,3,15,[13  2],4,-1,53,-1,38
1,<environment.Job instance at 0x7f61f42210a0>,7,26,[ 4 12],8,-1,68,-1,42
1,<environment.Job instance at 0x7f61fd8a5870>,10,13,[11  5],11,-1,56,-1,43
1,<environment.Job instance at 0x7f61f43015a0>,18,15,[11  5],19,-1,58,-1,43
1,<environment.Job instance at 0x7f61f4aee730>,21,19,[10  2],22,-1,62,-1,43
1,<environment.Job instance at 0x7f61f4aee870>,20,15,[2 6],21,-1,59,-1,44
1,<environment.Job instance at 0x7f61f37db500>,23,18,[ 1 12],24,-1,62,-1,44
1,<environment.Job instance at 0x7f61f37db820>,24,28,[13  5],25,-1,72,-1,44
1,<environment.Job instance at 0x7f61f4301fa0>,17,18,[6 5],18,-1,62,-1,44
1,<environment.Job instance at 0x7f61f4aee960>,22,24,[5 9],23,-1,68,-1,44
1,<environment.Job instance at 0x7f61fd6dfeb0>,25,13,[ 2 11],26,-1,80,-1,67
1,<environment.Job instance at 0x7f61fd6df550>,31,18,[11  5],32,-1,92,-1,74
1,<environment.Job instance at 0x7f61fd6f80a0>,35,26,[11  5],36,-1,100,-1,74
1,<environment.Job instance at 0x7f61fd6f8f50>,36,28,[5 8],37,-1,105,-1,77
1,<environment.Job instance at 0x7f61f3f23a50>,0,24,[12  5],1,-1,25,-1,1
1,<environment.Job instance at 0x7f61f3f23320>,1,22,[12  2],2,-1,24,-1,2
1,<environment.Job instance at 0x7f61f3f05820>,3,15,[13  2],4,-1,19,-1,4
1,<environment.Job instance at 0x7f61f3f05a50>,4,26,[9 4],5,-1,31,-1,5
1,<environment.Job instance at 0x7f61f3f05780>,5,13,[ 1 14],6,-1,19,-1,6
1,<environment.Job instance at 0x7f61f3f05640>,6,27,[5 5],7,-1,34,-1,7
1,<environment.Job instance at 0x7f61f3f05dc0>,7,26,[ 4 12],8,-1,34,-1,8
1,<environment.Job instance at 0x7f61f3f05190>,9,18,[ 4 11],10,-1,28,-1,10
1,<environment.Job instance at 0x7f61f3f10460>,10,13,[11  5],11,-1,24,-1,11
1,<environment.Job instance at 0x7f61f3f108c0>,11,12,[11  2],12,-1,24,-1,12
1,<environment.Job instance at 0x7f61f385f500>,12,27,[3 7],13,-1,40,-1,13
1,<environment.Job instance at 0x7f61f48ed050>,13,22,[ 1 11],14,-1,36,-1,14
1,<environment.Job instance at 0x7f61f48ed1e0>,16,12,[ 2 13],17,-1,29,-1,17
1,<environment.Job instance at 0x7f61f4617aa0>,18,15,[11  5],19,-1,34,-1,19
1,<environment.Job instance at 0x7f61f463c960>,19,25,[5 2],20,-1,45,-1,20
1,<environment.Job instance at 0x7f61f4249dc0>,23,18,[ 1 12],24,-1,45,-1,27
1,<environment.Job instance at 0x7f61f4249190>,24,28,[13  5],25,-1,55,-1,27
1,<environment.Job instance at 0x7f61f3eca500>,25,13,[ 2 11],26,-1,40,-1,27
1,<environment.Job instance at 0x7f61f3eca5f0>,22,24,[5 9],23,-1,51,-1,27
1,<environment.Job instance at 0x7f61f4255050>,27,24,[11  2],28,-1,52,-1,28
1,<environment.Job instance at 0x7f61f3f1fcd0>,28,24,[6 4],29,-1,55,-1,31
1,<environment.Job instance at 0x7f61f3f1f050>,31,18,[11  5],32,-1,50,-1,32
1,<environment.Job instance at 0x7f61f4f32410>,32,13,[ 2 14],33,-1,46,-1,33
1,<environment.Job instance at 0x7f61f427b280>,33,13,[13  3],34,-1,47,-1,34
1,<environment.Job instance at 0x7f61f4f32870>,34,22,[11  5],35,-1,57,-1,35
1,<environment.Job instance at 0x7f61f4f32730>,35,26,[11  5],36,-1,62,-1,36
1,<environment.Job instance at 0x7f61f5018140>,37,27,[1 7],38,-1,69,-1,42
1,<environment.Job instance at 0x7f61f460b8c0>,8,28,[ 2 10],9,-1,71,-1,43
1,<environment.Job instance at 0x7f61f3f0cfa0>,39,14,[ 1 13],40,-1,57,-1,43
1,<environment.Job instance at 0x7f61f3f0c280>,40,23,[ 2 11],41,-1,66,-1,43
1,<environment.Job instance at 0x7f61f5018500>,36,28,[5 8],37,-1,71,-1,43
1,<environment.Job instance at 0x7f61f3f1e280>,42,13,[ 1 12],43,-1,56,-1,43
1,<environment.Job instance at 0x7f61f3f1ee10>,44,23,[ 2 14],45,-1,68,-1,45
1,<environment.Job instance at 0x7f61f3f1efa0>,43,23,[8 2],44,-1,83,-1,60
1,<environment.Job instance at 0x7f61f3f3d640>,46,13,[11  2],47,-1,73,-1,60
1,<environment.Job instance at 0x7f61f3f1fc30>,30,25,[8 5],31,-1,85,-1,60
1,<environment.Job instance at 0x7f61f3d54460>,49,18,[14  5],50,-1,78,-1,60
1,<environment.Job instance at 0x7f61f3d54370>,50,19,[ 1 11],51,-1,79,-1,60
1,<environment.Job instance at 0x7f61f3d68a00>,51,24,[ 1 13],52,-1,84,-1,60
1,<environment.Job instance at 0x7f61f5018c30>,38,25,[10  5],39,-1,85,-1,60
1,<environment.Job instance at 0x7f61f3f42d70>,54,14,[14  5],55,-1,74,-1,60
1,<environment.Job instance at 0x7f61f3d67e60>,58,12,[ 3 14],59,-1,85,-1,73
1,<environment.Job instance at 0x7f61f3d6a0f0>,61,23,[ 5 12],62,-1,110,-1,87
1,<environment.Job instance at 0x7f61f3d702d0>,62,15,[14  1],63,-1,102,-1,87
1,<environment.Job instance at 0x7f61f4f4e050>,64,25,[5 5],65,-1,114,-1,89
1,<environment.Job instance at 0x7f61f4f4e640>,65,14,[ 5 14],66,-1,103,-1,89
1,<environment.Job instance at 0x7f61f4f4ea50>,67,21,[14  5],68,-1,110,-1,89
1,<environment.Job instance at 0x7f61f4f2ac30>,68,13,[11  2],69,-1,102,-1,89
1,<environment.Job instance at 0x7f61f4f2a7d0>,69,15,[ 3 14],70,-1,104,-1,89
1,<environment.Job instance at 0x7f61f4f2a280>,70,12,[ 5 11],71,-1,101,-1,89
1,<environment.Job instance at 0x7f61f4620780>,71,14,[ 5 14],72,-1,103,-1,89
1,<environment.Job instance at 0x7f61f4620230>,72,27,[ 5 11],73,-1,116,-1,89
1,<environment.Job instance at 0x7f61f3d4cf50>,73,23,[14  5],74,-1,112,-1,89
1,<environment.Job instance at 0x7f61f3d76960>,75,13,[11  1],76,-1,114,-1,101
1,<environment.Job instance at 0x7f61f3d5f280>,76,22,[12  5],77,-1,123,-1,101
1,<environment.Job instance at 0x7f61f3d7b0f0>,78,22,[ 2 12],79,-1,129,-1,107
1,<environment.Job instance at 0x7f61f3d7b4b0>,79,15,[11  5],80,-1,122,-1,107
1,<environment.Job instance at 0x7f61f3d5f3c0>,77,27,[8 4],78,-1,142,-1,115
1,<environment.Job instance at 0x7f61f424d1e0>,81,24,[12  2],82,-1,139,-1,115
1,<environment.Job instance at 0x7f61f3d7b230>,83,18,[ 2 14],84,-1,133,-1,115
1,<environment.Job instance at 0x7f61f3d7a410>,84,12,[ 5 13],85,-1,127,-1,115
1,<environment.Job instance at 0x7f61f3d7a550>,86,19,[ 3 14],87,-1,134,-1,115
1,<environment.Job instance at 0x7f61f3d7ae60>,87,18,[ 4 14],88,-1,133,-1,115
1,<environment.Job instance at 0x7f61f3d7af50>,88,23,[12  2],89,-1,138,-1,115
1,<environment.Job instance at 0x7f61f4f383c0>,90,27,[1 9],91,-1,152,-1,125
1,<environment.Job instance at 0x7f61f4f31640>,91,26,[6 4],92,-1,151,-1,125
1,<environment.Job instance at 0x7f61f3d74190>,94,24,[12  1],95,-1,154,-1,130
1,<environment.Job instance at 0x7f61f3d745f0>,96,26,[14  1],97,-1,167,-1,141
1,<environment.Job instance at 0x7f61f3d74c30>,97,23,[10  4],98,-1,165,-1,142
1,<environment.Job instance at 0x7f61f4f86640>,98,28,[8 3],99,-1,170,-1,142
1,<environment.Job instance at 0x7f61f4f865f0>,99,14,[ 1 12],100,-1,156,-1,142
1,<environment.Job instance at 0x7f61f4f865a0>,100,16,[ 1 11],101,-1,158,-1,142
1,<environment.Job instance at 0x7f61f4f84140>,101,17,[11  1],102,-1,159,-1,142
1,<environment.Job instance at 0x7f61f4f840a0>,102,23,[6 1],103,-1,165,-1,142
1,<environment.Job instance at 0x7f61f3d4b550>,103,16,[ 4 13],104,-1,158,-1,142
1,<environment.Job instance at 0x7f61f3d4b5f0>,104,26,[8 4],105,-1,168,-1,142
1,<environment.Job instance at 0x7f61f4fa03c0>,106,18,[12  4],107,-1,160,-1,142
1,<environment.Job instance at 0x7f61f4fa0460>,107,27,[14  5],108,-1,169,-1,142
1,<environment.Job instance at 0x7f61f4fa0320>,108,26,[7 4],109,-1,181,-1,155
1,<environment.Job instance at 0x7f61f3d62d70>,110,18,[ 2 14],111,-1,173,-1,155
1,<environment.Job instance at 0x7f61f3d629b0>,111,17,[12  3],112,-1,172,-1,155
1,<environment.Job instance at 0x7f61f3d62b40>,112,15,[14  3],113,-1,170,-1,155
1,<environment.Job instance at 0x7f61f3f287d0>,113,18,[ 3 14],114,-1,173,-1,155
1,<environment.Job instance at 0x7f61f3f28050>,114,27,[3 6],115,-1,185,-1,158
1,<environment.Job instance at 0x7f61f3f28e10>,115,14,[ 5 11],116,-1,172,-1,158
1,<environment.Job instance at 0x7f61f3f282d0>,116,18,[11  3],117,-1,176,-1,158
1,<environment.Job instance at 0x7f61f3f281e0>,117,15,[14  5],118,-1,173,-1,158
1,<environment.Job instance at 0x7f61f3d62aa0>,109,28,[2 7],110,-1,186,-1,158
1,<environment.Job instance at 0x7f61f3f28550>,119,28,[4 7],120,-1,186,-1,158
1,<environment.Job instance at 0x7f61f3f28190>,120,27,[1 8],121,-1,185,-1,158
1,<environment.Job instance at 0x7f61f3f28370>,121,25,[11  3],122,-1,183,-1,158
1,<environment.Job instance at 0x7f61f3f280f0>,122,17,[13  3],123,-1,175,-1,158
1,<environment.Job instance at 0x7f61f3f28eb0>,123,23,[13  1],124,-1,181,-1,158
1,<environment.Job instance at 0x7f61f3f28af0>,124,25,[ 1 11],125,-1,183,-1,158
1,<environment.Job instance at 0x7f61f3f28d70>,126,25,[ 5 14],127,-1,183,-1,158
1,<environment.Job instance at 0x7f61f3f28dc0>,118,23,[9 3],119,-1,194,-1,171
1,<environment.Job instance at 0x7f61f3f28500>,128,18,[11  5],129,-1,189,-1,171
1,<environment.Job instance at 0x7f61f3f28230>,129,17,[12  4],130,-1,188,-1,171
1,<environment.Job instance at 0x7f61f3d687d0>,5,18,[14  5],6,-1,35,-1,17
1,<environment.Job instance at 0x7f61f3803cd0>,0,27,[14  2],1,-1,28,-1,1
1,<environment.Job instance at 0x7f61f3803c30>,1,14,[14  5],2,-1,16,-1,2
1,<environment.Job instance at 0x7f61f3803d20>,2,13,[ 4 12],3,-1,16,-1,3
1,<environment.Job instance at 0x7f61f3833050>,3,13,[11  5],4,-1,17,-1,4
1,<environment.Job instance at 0x7f61f3833230>,4,17,[ 1 11],5,-1,22,-1,5
1,<environment.Job instance at 0x7f61f3803be0>,5,18,[14  5],6,-1,24,-1,6
1,<environment.Job instance at 0x7f61f4f9e870>,6,26,[3 8],7,-1,33,-1,7
1,<environment.Job instance at 0x7f61f4f9e050>,7,24,[12  4],8,-1,32,-1,8
1,<environment.Job instance at 0x7f61f4f9e550>,8,19,[ 5 14],9,-1,28,-1,9
1,<environment.Job instance at 0x7f61f4f9eb90>,9,27,[ 2 11],10,-1,37,-1,10
1,<environment.Job instance at 0x7f61f4f938c0>,11,23,[ 3 14],12,-1,35,-1,12
1,<environment.Job instance at 0x7f61f4f6b370>,13,25,[14  3],14,-1,39,-1,14
1,<environment.Job instance at 0x7f61f3d62aa0>,14,24,[ 1 13],15,-1,39,-1,15
1,<environment.Job instance at 0x7f61f3d62870>,16,14,[12  2],17,-1,31,-1,17
1,<environment.Job instance at 0x7f61f4f9e410>,17,16,[ 2 12],18,-1,34,-1,18
1,<environment.Job instance at 0x7f61f4fa0320>,20,23,[ 1 11],21,-1,44,-1,21
1,<environment.Job instance at 0x7f61f3d62cd0>,22,15,[ 3 11],23,-1,38,-1,23
1,<environment.Job instance at 0x7f61f3d4b6e0>,23,21,[ 4 12],24,-1,45,-1,24
1,<environment.Job instance at 0x7f61f3d4b730>,24,21,[ 4 12],25,-1,46,-1,25
1,<environment.Job instance at 0x7f61f4f865a0>,27,24,[13  2],28,-1,53,-1,29
1,<environment.Job instance at 0x7f61f3d74cd0>,29,17,[14  3],30,-1,47,-1,30
1,<environment.Job instance at 0x7f61f4fa03c0>,18,27,[9 3],19,-1,72,-1,45
1,<environment.Job instance at 0x7f61f3d74140>,31,14,[ 1 11],32,-1,59,-1,45
1,<environment.Job instance at 0x7f61f3d7af00>,32,16,[14  1],33,-1,61,-1,45
1,<environment.Job instance at 0x7f61f3d7a500>,34,26,[8 1],35,-1,71,-1,45
1,<environment.Job instance at 0x7f61f3d7af50>,36,15,[ 3 12],37,-1,60,-1,45
1,<environment.Job instance at 0x7f61f3d7b230>,37,25,[6 1],38,-1,70,-1,45
1,<environment.Job instance at 0x7f61f3d7bf00>,38,18,[12  4],39,-1,63,-1,45
1,<environment.Job instance at 0x7f61f3d7b550>,41,21,[11  5],42,-1,82,-1,61
1,<environment.Job instance at 0x7f61f3d5f410>,42,27,[6 3],43,-1,90,-1,63
1,<environment.Job instance at 0x7f61f3d4cf50>,44,19,[ 2 14],45,-1,82,-1,63
1,<environment.Job instance at 0x7f61f4620780>,47,12,[11  3],48,-1,85,-1,73
1,<environment.Job instance at 0x7f61f3d6a140>,48,18,[ 2 11],49,-1,91,-1,73
1,<environment.Job instance at 0x7f61f3d67e60>,50,24,[9 1],51,-1,113,-1,89
1,<environment.Job instance at 0x7f61f3f42b90>,52,15,[ 2 13],53,-1,104,-1,89
1,<environment.Job instance at 0x7f61f3f42cd0>,53,20,[12  2],54,-1,109,-1,89
1,<environment.Job instance at 0x7f61f3f42b40>,55,23,[ 2 13],56,-1,112,-1,89
1,<environment.Job instance at 0x7f61f3d542d0>,56,20,[11  4],57,-1,109,-1,89
1,<environment.Job instance at 0x7f61f3d54460>,57,23,[ 5 14],58,-1,112,-1,89
1,<environment.Job instance at 0x7f61f3f42140>,54,25,[9 2],55,-1,132,-1,107
1,<environment.Job instance at 0x7f61f3f0c2d0>,59,19,[ 3 14],60,-1,126,-1,107
1,<environment.Job instance at 0x7f61f4255460>,60,16,[ 2 13],61,-1,123,-1,107
1,<environment.Job instance at 0x7f61f48b6780>,62,28,[ 3 13],63,-1,135,-1,107
1,<environment.Job instance at 0x7f61f48aa4b0>,63,26,[13  2],64,-1,133,-1,107
1,<environment.Job instance at 0x7f61f48ed050>,65,22,[ 3 12],66,-1,129,-1,107
1,<environment.Job instance at 0x7f61f48ede60>,66,21,[ 4 11],67,-1,128,-1,107
1,<environment.Job instance at 0x7f61f3f1ee10>,67,16,[ 1 12],68,-1,123,-1,107
1,<environment.Job instance at 0x7f61f3f1e190>,68,17,[ 2 11],69,-1,124,-1,107
1,<environment.Job instance at 0x7f61f3f1e0f0>,69,14,[14  4],70,-1,121,-1,107
1,<environment.Job instance at 0x7f61f5028c30>,70,26,[5 7],71,-1,133,-1,107
1,<environment.Job instance at 0x7f61f5028e10>,71,26,[11  1],72,-1,133,-1,107
1,<environment.Job instance at 0x7f61f3d704b0>,72,24,[12  1],73,-1,131,-1,107
1,<environment.Job instance at 0x7f61f3d70460>,73,28,[12  4],74,-1,135,-1,107
1,<environment.Job instance at 0x7f61f3d70500>,74,18,[ 1 11],75,-1,125,-1,107
1,<environment.Job instance at 0x7f61f3d68780>,77,28,[ 1 12],78,-1,148,-1,120
1,<environment.Job instance at 0x7f61f3d68820>,79,23,[1 5],80,-1,144,-1,121
1,<environment.Job instance at 0x7f61f5018500>,83,16,[14  2],84,-1,150,-1,134
1,<environment.Job instance at 0x7f61f5018190>,84,18,[ 5 12],85,-1,152,-1,134
1,<environment.Job instance at 0x7f61f50183c0>,85,24,[13  2],86,-1,158,-1,134
1,<environment.Job instance at 0x7f61f5018960>,86,16,[14  5],87,-1,150,-1,134
1,<environment.Job instance at 0x7f61f5018730>,87,23,[ 1 13],88,-1,157,-1,134
1,<environment.Job instance at 0x7f61f4f2a4b0>,89,15,[ 2 14],90,-1,160,-1,145
1,<environment.Job instance at 0x7f61f4f2ac30>,91,13,[14  2],92,-1,164,-1,151
1,<environment.Job instance at 0x7f61f4f2aa00>,93,12,[14  2],94,-1,163,-1,151
1,<environment.Job instance at 0x7f61f4f2a0f0>,94,12,[ 3 12],95,-1,163,-1,151
1,<environment.Job instance at 0x7f61f4f2afa0>,95,20,[12  4],96,-1,171,-1,151
1,<environment.Job instance at 0x7f61f4f2a690>,96,21,[12  2],97,-1,172,-1,151
1,<environment.Job instance at 0x7f61f4f2adc0>,97,24,[9 1],98,-1,175,-1,151
1,<environment.Job instance at 0x7f61f4f2a500>,99,23,[13  4],100,-1,174,-1,151
1,<environment.Job instance at 0x7f61f4f2a230>,90,26,[6 5],91,-1,178,-1,152
1,<environment.Job instance at 0x7f61f4f2a460>,101,25,[3 7],102,-1,177,-1,152
1,<environment.Job instance at 0x7f61f41010a0>,102,13,[ 2 13],103,-1,165,-1,152
1,<environment.Job instance at 0x7f61f4101820>,103,19,[ 3 11],104,-1,171,-1,152
1,<environment.Job instance at 0x7f61f4101e10>,104,20,[12  4],105,-1,172,-1,152
1,<environment.Job instance at 0x7f61f4101b90>,105,26,[4 9],106,-1,178,-1,152
1,<environment.Job instance at 0x7f61f4101b40>,106,12,[13  3],107,-1,164,-1,152
1,<environment.Job instance at 0x7f61f41015f0>,107,27,[1 7],108,-1,179,-1,152
1,<environment.Job instance at 0x7f61f4101780>,108,25,[3 7],109,-1,177,-1,152
1,<environment.Job instance at 0x7f61f41016e0>,111,23,[10  1],112,-1,192,-1,169
1,<environment.Job instance at 0x7f61f4101910>,112,18,[12  3],113,-1,187,-1,169
1,<environment.Job instance at 0x7f61f4101f50>,113,26,[13  2],114,-1,195,-1,169
1,<environment.Job instance at 0x7f61f4101140>,115,27,[12  3],116,-1,196,-1,169
1,<environment.Job instance at 0x7f61f41011e0>,116,15,[13  1],117,-1,184,-1,169
1,<environment.Job instance at 0x7f61f4101a50>,117,25,[9 3],118,-1,200,-1,175
1,<environment.Job instance at 0x7f61f3fcd690>,7,19,[4 8],8,-1,35,-1,16
1,<environment.Job instance at 0x7f61f3fcdaf0>,14,18,[ 5 14],15,-1,40,-1,22
1,<environment.Job instance at 0x7f61f3fcdcd0>,17,23,[6 5],18,-1,76,-1,53
1,<environment.Job instance at 0x7f61f40f2f00>,0,25,[12  3],1,-1,26,-1,1
1,<environment.Job instance at 0x7f61f40f2aa0>,3,23,[ 4 14],4,-1,27,-1,4
1,<environment.Job instance at 0x7f61f40f2780>,5,17,[13  5],6,-1,23,-1,6
1,<environment.Job instance at 0x7f61f40f2dc0>,6,28,[14  3],7,-1,35,-1,7
1,<environment.Job instance at 0x7f61f40f2910>,8,24,[12  2],9,-1,33,-1,9
1,<environment.Job instance at 0x7f61f4f32fa0>,10,13,[13  3],11,-1,24,-1,11
1,<environment.Job instance at 0x7f61f40f2870>,4,28,[3 7],5,-1,43,-1,15
1,<environment.Job instance at 0x7f61f4f32e60>,13,25,[ 5 14],14,-1,40,-1,15
1,<environment.Job instance at 0x7f61f4f32c80>,14,18,[ 5 14],15,-1,33,-1,15
1,<environment.Job instance at 0x7f61f4f32a50>,15,16,[11  1],16,-1,32,-1,16
1,<environment.Job instance at 0x7f61f4f325f0>,16,12,[ 3 13],17,-1,29,-1,17
1,<environment.Job instance at 0x7f61f4f32be0>,17,23,[6 5],18,-1,53,-1,30
1,<environment.Job instance at 0x7f61f4f32780>,20,18,[13  2],21,-1,48,-1,30
1,<environment.Job instance at 0x7f61f4f32190>,18,23,[6 4],19,-1,53,-1,30
1,<environment.Job instance at 0x7f61f4f32eb0>,19,23,[6 1],20,-1,53,-1,30
1,<environment.Job instance at 0x7f61f4f32690>,23,19,[14  5],24,-1,49,-1,30
1,<environment.Job instance at 0x7f61f4f32730>,24,14,[ 4 12],25,-1,44,-1,30
1,<environment.Job instance at 0x7f61f4f32c30>,25,14,[12  3],26,-1,44,-1,30
1,<environment.Job instance at 0x7f61f4f32af0>,22,28,[3 9],23,-1,60,-1,32
1,<environment.Job instance at 0x7f61f48c0b40>,29,15,[13  1],30,-1,47,-1,32
1,<environment.Job instance at 0x7f61f48c0c80>,30,13,[ 5 11],31,-1,45,-1,32
1,<environment.Job instance at 0x7f61f48c0190>,31,25,[ 2 14],32,-1,57,-1,32
1,<environment.Job instance at 0x7f61f48c0780>,32,27,[ 1 12],33,-1,60,-1,33
1,<environment.Job instance at 0x7f61f48c02d0>,34,26,[ 5 13],35,-1,70,-1,44
1,<environment.Job instance at 0x7f61f48c05f0>,35,28,[ 4 13],36,-1,72,-1,44
1,<environment.Job instance at 0x7f61f48c0d20>,36,13,[11  2],37,-1,57,-1,44
1,<environment.Job instance at 0x7f61f48c0fa0>,37,19,[ 2 11],38,-1,63,-1,44
1,<environment.Job instance at 0x7f61f48c0960>,38,28,[ 4 11],39,-1,72,-1,44
1,<environment.Job instance at 0x7f61f48c0550>,33,24,[2 8],34,-1,70,-1,46
1,<environment.Job instance at 0x7f61f48c0a00>,40,16,[14  4],41,-1,62,-1,46
1,<environment.Job instance at 0x7f61f48c0aa0>,43,12,[12  5],44,-1,71,-1,59
1,<environment.Job instance at 0x7f61f48c01e0>,44,22,[13  1],45,-1,81,-1,59
1,<environment.Job instance at 0x7f61f48c0730>,41,23,[ 3 10],42,-1,83,-1,60
1,<environment.Job instance at 0x7f61f48c03c0>,47,14,[ 1 11],48,-1,74,-1,60
1,<environment.Job instance at 0x7f61f41012d0>,48,14,[ 5 14],49,-1,74,-1,60
1,<environment.Job instance at 0x7f61f4101a50>,50,12,[ 2 12],51,-1,72,-1,60
1,<environment.Job instance at 0x7f61f4101140>,49,27,[7 2],50,-1,103,-1,76
1,<environment.Job instance at 0x7f61f4101230>,53,26,[7 4],54,-1,102,-1,76
1,<environment.Job instance at 0x7f61f4101550>,54,26,[ 2 13],55,-1,102,-1,76
1,<environment.Job instance at 0x7f61f4101dc0>,55,23,[7 1],56,-1,99,-1,76
1,<environment.Job instance at 0x7f61f4101aa0>,59,24,[13  4],60,-1,100,-1,76
1,<environment.Job instance at 0x7f61f4101690>,60,21,[11  2],61,-1,97,-1,76
1,<environment.Job instance at 0x7f61f41013c0>,61,27,[7 2],62,-1,105,-1,78
1,<environment.Job instance at 0x7f61f4101190>,62,22,[ 5 14],63,-1,100,-1,78
1,<environment.Job instance at 0x7f61f4f2ab40>,65,26,[11  1],66,-1,115,-1,89
1,<environment.Job instance at 0x7f61f4f2a500>,66,13,[ 1 12],67,-1,102,-1,89
1,<environment.Job instance at 0x7f61f4f2a190>,67,22,[ 2 12],68,-1,111,-1,89
1,<environment.Job instance at 0x7f61f4f2ae10>,68,15,[14  4],69,-1,104,-1,89
1,<environment.Job instance at 0x7f61f4f2a730>,69,24,[ 3 13],70,-1,113,-1,89
1,<environment.Job instance at 0x7f61f4f2a780>,70,24,[12  5],71,-1,113,-1,89
1,<environment.Job instance at 0x7f61f4f2a370>,71,27,[ 5 14],72,-1,116,-1,89
1,<environment.Job instance at 0x7f61f4f2a2d0>,72,18,[ 3 11],73,-1,107,-1,89
1,<environment.Job instance at 0x7f61f4f2abe0>,74,25,[ 5 12],75,-1,116,-1,91
1,<environment.Job instance at 0x7f61f4f2acd0>,75,26,[4 9],76,-1,129,-1,103
1,<environment.Job instance at 0x7f61f4f2a7d0>,76,27,[ 4 13],77,-1,130,-1,103
1,<environment.Job instance at 0x7f61f4f2ad20>,77,12,[12  5],78,-1,115,-1,103
1,<environment.Job instance at 0x7f61f5018640>,78,17,[ 5 11],79,-1,120,-1,103
1,<environment.Job instance at 0x7f61f5018190>,79,20,[ 2 13],80,-1,123,-1,103
1,<environment.Job instance at 0x7f61f4f2a550>,73,27,[1 8],74,-1,130,-1,103
1,<environment.Job instance at 0x7f61f50181e0>,84,13,[ 4 11],85,-1,118,-1,105
1,<environment.Job instance at 0x7f61f3d68820>,85,21,[14  5],86,-1,126,-1,105
1,<environment.Job instance at 0x7f61f3d68870>,86,16,[ 5 14],87,-1,121,-1,105
1,<environment.Job instance at 0x7f61f5018910>,82,27,[5 8],83,-1,152,-1,125
1,<environment.Job instance at 0x7f61f3d68690>,89,12,[14  1],90,-1,137,-1,125
1,<environment.Job instance at 0x7f61f3d68be0>,90,28,[13  3],91,-1,153,-1,125
1,<environment.Job instance at 0x7f61f3d70690>,94,24,[8 3],95,-1,166,-1,142
1,<environment.Job instance at 0x7f61f3f1e280>,95,14,[ 2 12],96,-1,156,-1,142
1,<environment.Job instance at 0x7f61f48aa4b0>,98,17,[11  4],99,-1,159,-1,142
1,<environment.Job instance at 0x7f61f463cc30>,99,26,[3 8],100,-1,172,-1,146
1,<environment.Job instance at 0x7f61f460b8c0>,100,24,[13  1],101,-1,170,-1,146
1,<environment.Job instance at 0x7f61f4255460>,102,13,[ 5 12],103,-1,159,-1,146
1,<environment.Job instance at 0x7f61f48ed1e0>,103,14,[14  4],104,-1,160,-1,146
1,<environment.Job instance at 0x7f61f48ed050>,105,19,[13  1],106,-1,175,-1,156
1,<environment.Job instance at 0x7f61f3d54370>,106,26,[14  3],107,-1,182,-1,156
1,<environment.Job instance at 0x7f61f3f42c80>,108,20,[ 3 13],109,-1,176,-1,156
1,<environment.Job instance at 0x7f61f3f42b40>,109,12,[ 2 12],110,-1,168,-1,156
1,<environment.Job instance at 0x7f61f4620780>,111,12,[ 2 11],112,-1,171,-1,159
1,<environment.Job instance at 0x7f61f3f42aa0>,113,24,[13  2],114,-1,193,-1,169
1,<environment.Job instance at 0x7f61f426a190>,2,17,[10  3],3,-1,21,-1,4
1,<environment.Job instance at 0x7f61f426afa0>,4,17,[ 2 10],5,-1,22,-1,5
1,<environment.Job instance at 0x7f61f426a690>,6,27,[10  1],7,-1,34,-1,7
1,<environment.Job instance at 0x7f61f426aaf0>,7,23,[10  1],8,-1,31,-1,8
1,<environment.Job instance at 0x7f61f426aeb0>,8,14,[ 5 14],9,-1,23,-1,9
1,<environment.Job instance at 0x7f61f426ab90>,9,26,[10  2],10,-1,36,-1,10
1,<environment.Job instance at 0x7f61f44dbeb0>,10,22,[5 3],11,-1,33,-1,11
1,<environment.Job instance at 0x7f61f44dbe10>,14,25,[10  1],15,-1,44,-1,19
1,<environment.Job instance at 0x7f61f44db320>,18,17,[ 5 13],19,-1,36,-1,19
1,<environment.Job instance at 0x7f61f426abe0>,15,26,[ 2 12],16,-1,52,-1,26
1,<environment.Job instance at 0x7f61f44dbb40>,13,28,[9 3],14,-1,54,-1,26
1,<environment.Job instance at 0x7f61f44db1e0>,20,16,[11  3],21,-1,42,-1,26
1,<environment.Job instance at 0x7f61f44db410>,21,27,[9 2],22,-1,53,-1,26
1,<environment.Job instance at 0x7f61f44db5f0>,11,20,[ 1 12],12,-1,46,-1,26
1,<environment.Job instance at 0x7f61f44db280>,23,27,[ 3 14],24,-1,53,-1,26
1,<environment.Job instance at 0x7f61f44db6e0>,22,23,[2 6],23,-1,49,-1,26
1,<environment.Job instance at 0x7f61f44db870>,25,28,[13  1],26,-1,54,-1,26
1,<environment.Job instance at 0x7f61f44dbf00>,26,19,[8 2],27,-1,46,-1,27
1,<environment.Job instance at 0x7f61f44db550>,30,16,[ 1 10],31,-1,47,-1,31
1,<environment.Job instance at 0x7f61f4c4cb90>,31,25,[13  5],32,-1,62,-1,37
1,<environment.Job instance at 0x7f61f4c4c910>,34,14,[14  5],35,-1,51,-1,37
1,<environment.Job instance at 0x7f61f44db910>,17,17,[11  4],18,-1,54,-1,37
1,<environment.Job instance at 0x7f61f4c4c2d0>,36,17,[4 7],37,-1,55,-1,38
1,<environment.Job instance at 0x7f61f4c4c870>,37,16,[ 5 10],38,-1,54,-1,38
1,<environment.Job instance at 0x7f61f4c4cd20>,35,27,[13  5],36,-1,86,-1,59
1,<environment.Job instance at 0x7f61f44db8c0>,24,13,[12  1],25,-1,72,-1,59
1,<environment.Job instance at 0x7f61f4c4c500>,38,21,[3 5],39,-1,80,-1,59
1,<environment.Job instance at 0x7f61f4c4c730>,43,17,[10  5],44,-1,76,-1,59
1,<environment.Job instance at 0x7f61f4c4c140>,45,22,[3 9],46,-1,85,-1,63
1,<environment.Job instance at 0x7f61f4c4c370>,48,23,[ 5 12],49,-1,146,-1,123
1,<environment.Job instance at 0x7f61f459b0f0>,51,14,[12  2],52,-1,137,-1,123
1,<environment.Job instance at 0x7f61f459be60>,52,18,[3 7],53,-1,148,-1,130
1,<environment.Job instance at 0x7f61f4f5acd0>,0,25,[8 1],1,-1,26,-1,1
1,<environment.Job instance at 0x7f61f3fcd870>,1,14,[14  1],2,-1,16,-1,2
1,<environment.Job instance at 0x7f61f3bfd640>,3,25,[ 4 12],4,-1,29,-1,4
1,<environment.Job instance at 0x7f61f3fd4b90>,8,14,[ 5 14],9,-1,23,-1,9
1,<environment.Job instance at 0x7f61f3bca230>,6,27,[10  1],7,-1,47,-1,20
1,<environment.Job instance at 0x7f61f3803c80>,11,20,[ 1 12],12,-1,40,-1,20
1,<environment.Job instance at 0x7f61f3833050>,12,24,[14  1],13,-1,44,-1,20
1,<environment.Job instance at 0x7f61f3803c30>,13,28,[9 3],14,-1,48,-1,20
1,<environment.Job instance at 0x7f61f3803be0>,14,25,[10  1],15,-1,45,-1,20
1,<environment.Job instance at 0x7f61f3803b40>,15,26,[ 2 12],16,-1,46,-1,20
1,<environment.Job instance at 0x7f61f4f9eeb0>,16,22,[ 1 11],17,-1,42,-1,20
1,<environment.Job instance at 0x7f61f4f9e550>,17,17,[11  4],18,-1,37,-1,20
1,<environment.Job instance at 0x7f61f4f9eb90>,18,17,[ 5 13],19,-1,37,-1,20
1,<environment.Job instance at 0x7f61f3fd4230>,7,23,[10  1],8,-1,43,-1,20
1,<environment.Job instance at 0x7f61f3fea190>,9,26,[10  2],10,-1,46,-1,20
1,<environment.Job instance at 0x7f61f4f6bfa0>,20,16,[11  3],21,-1,37,-1,21
1,<environment.Job instance at 0x7f61f3d629b0>,21,27,[9 2],22,-1,49,-1,22
1,<environment.Job instance at 0x7f61f3d62870>,23,27,[ 3 14],24,-1,51,-1,24
1,<environment.Job instance at 0x7f61f4fa0e60>,24,13,[12  1],25,-1,38,-1,25
1,<environment.Job instance at 0x7f61f4f84140>,25,28,[13  1],26,-1,54,-1,26
1,<environment.Job instance at 0x7f61f4fa0410>,27,17,[14  2],28,-1,45,-1,28
1,<environment.Job instance at 0x7f61f4fa0320>,28,16,[ 4 14],29,-1,45,-1,29
1,<environment.Job instance at 0x7f61f4f86b90>,31,25,[13  5],32,-1,57,-1,32
1,<environment.Job instance at 0x7f61f3d62b40>,22,23,[2 6],23,-1,57,-1,34
1,<environment.Job instance at 0x7f61f3d74c30>,34,14,[14  5],35,-1,49,-1,35
1,<environment.Job instance at 0x7f61f3d7a550>,35,27,[13  5],36,-1,63,-1,36
1,<environment.Job instance at 0x7f61f3d7af50>,39,18,[14  1],40,-1,66,-1,48
1,<environment.Job instance at 0x7f61f3d7b230>,40,13,[ 2 11],41,-1,61,-1,48
1,<environment.Job instance at 0x7f61f3d7b550>,41,28,[1 7],42,-1,76,-1,48
1,<environment.Job instance at 0x7f61f3d7bfa0>,42,15,[ 3 12],43,-1,63,-1,48
1,<environment.Job instance at 0x7f61f3d4ce60>,47,28,[ 1 14],48,-1,93,-1,65
1,<environment.Job instance at 0x7f61f3d5ffa0>,48,23,[ 5 12],49,-1,88,-1,65
1,<environment.Job instance at 0x7f61f3f42190>,51,14,[12  2],52,-1,92,-1,78
1,<environment.Job instance at 0x7f61f3f42c80>,54,24,[8 4],55,-1,120,-1,96
1,<environment.Job instance at 0x7f61f3d54410>,55,26,[10  2],56,-1,122,-1,96
1,<environment.Job instance at 0x7f61f4255460>,57,14,[ 5 13],58,-1,110,-1,96
1,<environment.Job instance at 0x7f61f3f0c050>,58,28,[ 1 12],59,-1,124,-1,96
1,<environment.Job instance at 0x7f61f3f0c280>,59,16,[12  1],60,-1,112,-1,96
1,<environment.Job instance at 0x7f61f3eca500>,62,23,[1 8],63,-1,150,-1,127
1,<environment.Job instance at 0x7f61f3eca5f0>,63,21,[ 5 11],64,-1,148,-1,127
1,<environment.Job instance at 0x7f61f3f1ea00>,64,15,[ 2 14],65,-1,142,-1,127
1,<environment.Job instance at 0x7f61f5028e10>,65,27,[ 4 13],66,-1,154,-1,127
1,<environment.Job instance at 0x7f61f3f1eb40>,66,16,[ 4 11],67,-1,143,-1,127
1,<environment.Job instance at 0x7f61f3f1e190>,67,23,[3 9],68,-1,150,-1,127
1,<environment.Job instance at 0x7f61f3d70690>,68,20,[13  5],69,-1,147,-1,127
1,<environment.Job instance at 0x7f61f3d70460>,69,17,[ 4 12],70,-1,144,-1,127
1,<environment.Job instance at 0x7f61f3d68690>,72,13,[ 4 11],73,-1,143,-1,130
1,<environment.Job instance at 0x7f61f3d682d0>,73,17,[13  4],74,-1,147,-1,130
1,<environment.Job instance at 0x7f61f3d68780>,74,19,[14  5],75,-1,149,-1,130
1,<environment.Job instance at 0x7f61f3d68960>,75,17,[12  5],76,-1,147,-1,130
1,<environment.Job instance at 0x7f61f3d68910>,76,24,[10  5],77,-1,164,-1,140
1,<environment.Job instance at 0x7f61f3d68a00>,77,19,[12  2],78,-1,159,-1,140
1,<environment.Job instance at 0x7f61f5018690>,78,24,[13  2],79,-1,164,-1,140
1,<environment.Job instance at 0x7f61f5018a50>,79,27,[4 8],80,-1,167,-1,140
1,<environment.Job instance at 0x7f61f5018870>,80,23,[13  5],81,-1,163,-1,140
1,<environment.Job instance at 0x7f61f5018640>,81,17,[12  4],82,-1,157,-1,140
1,<environment.Job instance at 0x7f61f5018140>,82,13,[11  2],83,-1,153,-1,140
1,<environment.Job instance at 0x7f61f5018960>,83,17,[14  2],84,-1,157,-1,140
1,<environment.Job instance at 0x7f61f4f2a7d0>,84,13,[11  3],85,-1,153,-1,140
1,<environment.Job instance at 0x7f61f4f2abe0>,86,27,[3 8],87,-1,175,-1,148
1,<environment.Job instance at 0x7f61f4f2a4b0>,87,13,[14  2],88,-1,161,-1,148
1,<environment.Job instance at 0x7f61f4f2a230>,88,28,[12  3],89,-1,176,-1,148
1,<environment.Job instance at 0x7f61f4f2ac30>,89,21,[ 4 13],90,-1,169,-1,148
1,<environment.Job instance at 0x7f61f4f2af50>,90,19,[14  2],91,-1,167,-1,148
1,<environment.Job instance at 0x7f61f4f2afa0>,93,24,[ 5 14],94,-1,172,-1,148
1,<environment.Job instance at 0x7f61f4f2a690>,94,28,[ 3 11],95,-1,176,-1,148
1,<environment.Job instance at 0x7f61f4101190>,96,26,[ 2 11],97,-1,179,-1,153
1,<environment.Job instance at 0x7f61f4101690>,98,28,[4 7],99,-1,188,-1,160
1,<environment.Job instance at 0x7f61f4101dc0>,103,21,[ 3 14],104,-1,189,-1,168
1,<environment.Job instance at 0x7f61f4101550>,104,27,[ 4 14],105,-1,195,-1,168
1,<environment.Job instance at 0x7f61f3a086e0>,0,21,[6 4],1,-1,22,-1,1
1,<environment.Job instance at 0x7f61f3a7e140>,6,24,[3 9],7,-1,31,-1,7
1,<environment.Job instance at 0x7f61f3ef2be0>,7,28,[5 3],8,-1,36,-1,8
1,<environment.Job instance at 0x7f61f3a08410>,4,14,[11  1],5,-1,24,-1,10
1,<environment.Job instance at 0x7f61f44683c0>,23,26,[8 4],24,-1,115,-1,89
1,<environment.Job instance at 0x7f61f4c54320>,17,16,[11  2],18,-1,105,-1,89
1,<environment.Job instance at 0x7f61f4468cd0>,22,25,[ 3 11],23,-1,114,-1,89
1,<environment.Job instance at 0x7f61f4468b40>,25,13,[8 1],26,-1,102,-1,89
1,<environment.Job instance at 0x7f61f4468050>,27,23,[ 4 10],28,-1,127,-1,104
1,<environment.Job instance at 0x7f61f49a8410>,28,17,[9 3],29,-1,122,-1,105
1,<environment.Job instance at 0x7f61f4468eb0>,29,20,[ 1 10],30,-1,125,-1,105
1,<environment.Job instance at 0x7f61f49a84b0>,30,19,[9 3],31,-1,124,-1,105
1,<environment.Job instance at 0x7f61f41b1d20>,31,16,[3 9],32,-1,121,-1,105
1,<environment.Job instance at 0x7f61f4265370>,33,20,[ 1 10],34,-1,125,-1,105
1,<environment.Job instance at 0x7f61f42658c0>,34,22,[ 5 11],35,-1,127,-1,105
1,<environment.Job instance at 0x7f61f4265b90>,35,17,[13  3],36,-1,122,-1,105
1,<environment.Job instance at 0x7f61f50c1640>,9,27,[ 1 14],10,-1,132,-1,105
1,<environment.Job instance at 0x7f61f4265e10>,36,22,[13  4],37,-1,127,-1,105
1,<environment.Job instance at 0x7f61f39b13c0>,38,18,[7 3],39,-1,123,-1,105
1,<environment.Job instance at 0x7f61f4468460>,26,14,[12  3],27,-1,119,-1,105
1,<environment.Job instance at 0x7f61f4265f00>,37,23,[3 9],38,-1,128,-1,105
1,<environment.Job instance at 0x7f61f39b11e0>,39,20,[5 7],40,-1,125,-1,105
1,<environment.Job instance at 0x7f61f39b1e10>,43,18,[13  5],44,-1,129,-1,111
1,<environment.Job instance at 0x7f61f39b1500>,41,27,[ 2 12],42,-1,138,-1,111
1,<environment.Job instance at 0x7f61f39b1be0>,44,28,[7 1],45,-1,139,-1,111
1,<environment.Job instance at 0x7f61f3a21910>,45,24,[1 8],46,-1,135,-1,111
1,<environment.Job instance at 0x7f61f3a21410>,46,23,[6 5],47,-1,134,-1,111
1,<environment.Job instance at 0x7f61f3709d20>,16,25,[8 4],17,-1,136,-1,111
1,<environment.Job instance at 0x7f61f3a21b90>,47,25,[5 4],48,-1,136,-1,111
1,<environment.Job instance at 0x7f61f4844410>,53,23,[6 2],54,-1,134,-1,111
1,<environment.Job instance at 0x7f61f4844870>,54,15,[5 6],55,-1,126,-1,111
1,<environment.Job instance at 0x7f61f3a21d20>,52,18,[2 8],53,-1,129,-1,111
1,<environment.Job instance at 0x7f61f4267c80>,1,24,[13  3],2,-1,26,-1,2
1,<environment.Job instance at 0x7f61f42670f0>,2,14,[12  1],3,-1,17,-1,3
1,<environment.Job instance at 0x7f61f4c55460>,4,14,[11  1],5,-1,19,-1,5
1,<environment.Job instance at 0x7f61f42670a0>,8,24,[11  4],9,-1,33,-1,9
1,<environment.Job instance at 0x7f61f48c0190>,9,27,[ 1 14],10,-1,37,-1,10
1,<environment.Job instance at 0x7f61f48c0780>,10,28,[13  2],11,-1,39,-1,11
1,<environment.Job instance at 0x7f61f48c0870>,13,25,[14  1],14,-1,39,-1,14
1,<environment.Job instance at 0x7f61f4ac6500>,7,28,[5 3],8,-1,50,-1,22
1,<environment.Job instance at 0x7f61f48c05f0>,14,24,[7 4],15,-1,46,-1,22
1,<environment.Job instance at 0x7f61f48c0d70>,17,16,[11  2],18,-1,38,-1,22
1,<environment.Job instance at 0x7f61f48c0e60>,18,24,[ 5 11],19,-1,46,-1,22
1,<environment.Job instance at 0x7f61f48c0690>,19,14,[13  2],20,-1,36,-1,22
1,<environment.Job instance at 0x7f61f48c07d0>,21,13,[13  3],22,-1,35,-1,22
1,<environment.Job instance at 0x7f61f48c0460>,22,25,[ 3 11],23,-1,48,-1,23
1,<environment.Job instance at 0x7f61f48c0eb0>,16,25,[8 4],17,-1,48,-1,23
1,<environment.Job instance at 0x7f61f48c06e0>,23,26,[8 4],24,-1,50,-1,24
1,<environment.Job instance at 0x7f61f48c0f00>,24,17,[ 3 12],25,-1,42,-1,25
1,<environment.Job instance at 0x7f61f3d68820>,26,14,[12  3],27,-1,41,-1,27
1,<environment.Job instance at 0x7f61f4ac6370>,6,24,[3 9],7,-1,52,-1,28
1,<environment.Job instance at 0x7f61f48c0320>,12,24,[3 6],13,-1,52,-1,28
1,<environment.Job instance at 0x7f61f3d68690>,27,23,[ 4 10],28,-1,61,-1,38
1,<environment.Job instance at 0x7f61f3d68be0>,32,23,[ 4 10],33,-1,61,-1,38
1,<environment.Job instance at 0x7f61f3f1eb40>,34,22,[ 5 11],35,-1,60,-1,38
1,<environment.Job instance at 0x7f61f48aa4b0>,35,17,[13  3],36,-1,55,-1,38
1,<environment.Job instance at 0x7f61f3f1e280>,36,22,[13  4],37,-1,60,-1,38
1,<environment.Job instance at 0x7f61f48b6780>,37,23,[3 9],38,-1,61,-1,38
1,<environment.Job instance at 0x7f61f3f0c280>,40,27,[ 1 14],41,-1,81,-1,54
1,<environment.Job instance at 0x7f61f3f42aa0>,41,27,[ 2 12],42,-1,81,-1,54
1,<environment.Job instance at 0x7f61f3f42d70>,42,15,[13  1],43,-1,69,-1,54
1,<environment.Job instance at 0x7f61f3f42c80>,43,18,[13  5],44,-1,72,-1,54
1,<environment.Job instance at 0x7f61f3fea9b0>,44,28,[7 1],45,-1,96,-1,68
1,<environment.Job instance at 0x7f61f3f42190>,46,23,[6 5],47,-1,91,-1,68
1,<environment.Job instance at 0x7f61f3fd4550>,47,25,[5 4],48,-1,93,-1,68
1,<environment.Job instance at 0x7f61f3fd4230>,49,16,[ 3 13],50,-1,84,-1,68
1,<environment.Job instance at 0x7f61f3fd44b0>,50,24,[12  2],51,-1,92,-1,68
1,<environment.Job instance at 0x7f61f47f6b40>,51,27,[12  3],52,-1,95,-1,68
1,<environment.Job instance at 0x7f61f4c9d5a0>,53,23,[6 2],54,-1,91,-1,68
1,<environment.Job instance at 0x7f61f3fea190>,45,24,[1 8],46,-1,98,-1,74
1,<environment.Job instance at 0x7f61f44d30f0>,55,25,[3 5],56,-1,99,-1,74
1,<environment.Job instance at 0x7f61f50f0550>,56,18,[ 2 14],57,-1,92,-1,74
1,<environment.Job instance at 0x7f61f3b05280>,58,23,[9 2],59,-1,112,-1,89
1,<environment.Job instance at 0x7f61f3b054b0>,59,28,[1 5],60,-1,117,-1,89
1,<environment.Job instance at 0x7f61f3b05e10>,62,24,[ 3 14],63,-1,113,-1,89
1,<environment.Job instance at 0x7f61f3b050f0>,64,26,[4 8],65,-1,115,-1,89
1,<environment.Job instance at 0x7f61f3c28190>,66,25,[9 1],67,-1,126,-1,101
1,<environment.Job instance at 0x7f61f3b1e230>,67,16,[ 1 11],68,-1,117,-1,101
1,<environment.Job instance at 0x7f61f3c28550>,68,19,[14  4],69,-1,120,-1,101
1,<environment.Job instance at 0x7f61f3b1ee60>,69,23,[2 7],70,-1,124,-1,101
1,<environment.Job instance at 0x7f61f41aa6e0>,70,12,[13  5],71,-1,113,-1,101
1,<environment.Job instance at 0x7f61f41aa9b0>,74,22,[ 5 11],75,-1,136,-1,114
1,<environment.Job instance at 0x7f61f41aafa0>,72,27,[10  1],73,-1,145,-1,118
1,<environment.Job instance at 0x7f61f41aa0f0>,76,19,[ 5 12],77,-1,137,-1,118
1,<environment.Job instance at 0x7f61f41aae60>,78,19,[13  2],79,-1,137,-1,118
1,<environment.Job instance at 0x7f61f41aa410>,80,14,[13  2],81,-1,146,-1,132
1,<environment.Job instance at 0x7f61f41aa230>,82,17,[12  5],83,-1,150,-1,133
1,<environment.Job instance at 0x7f61f3adfb90>,84,14,[12  4],85,-1,150,-1,136
1,<environment.Job instance at 0x7f61f3adff00>,85,18,[ 3 12],86,-1,154,-1,136
1,<environment.Job instance at 0x7f61f3adf370>,86,23,[11  1],87,-1,159,-1,136
1,<environment.Job instance at 0x7f61f3adfb40>,87,18,[ 3 12],88,-1,154,-1,136
1,<environment.Job instance at 0x7f61f3adf690>,88,17,[11  3],89,-1,153,-1,136
1,<environment.Job instance at 0x7f61f3adf320>,89,14,[ 3 13],90,-1,150,-1,136
1,<environment.Job instance at 0x7f61f3adfaf0>,90,25,[2 7],91,-1,173,-1,148
1,<environment.Job instance at 0x7f61f3adf190>,92,13,[ 4 14],93,-1,161,-1,148
1,<environment.Job instance at 0x7f61f3adfc80>,94,20,[14  2],95,-1,175,-1,155
1,<environment.Job instance at 0x7f61f3adfcd0>,95,14,[12  3],96,-1,169,-1,155
1,<environment.Job instance at 0x7f61f3adf5a0>,96,23,[ 1 12],97,-1,178,-1,155
1,<environment.Job instance at 0x7f61fdc88d20>,98,14,[ 1 14],99,-1,179,-1,165
1,<environment.Job instance at 0x7f61fdc88500>,99,17,[13  2],100,-1,182,-1,165
1,<environment.Job instance at 0x7f61fdc883c0>,100,24,[11  4],101,-1,189,-1,165
1,<environment.Job instance at 0x7f61f4514690>,101,14,[ 1 11],102,-1,179,-1,165
1,<environment.Job instance at 0x7f61f4514050>,103,22,[13  4],104,-1,191,-1,169
1,<environment.Job instance at 0x7f61f4514e60>,104,21,[14  4],105,-1,190,-1,169
1,<environment.Job instance at 0x7f61f4514280>,105,19,[ 4 12],106,-1,188,-1,169
1,<environment.Job instance at 0x7f61f381a370>,6,21,[5 2],7,-1,31,-1,10
1,<environment.Job instance at 0x7f61f4301460>,12,27,[8 4],13,-1,49,-1,22
1,<environment.Job instance at 0x7f61f380cc30>,7,23,[ 1 10],8,-1,45,-1,22
1,<environment.Job instance at 0x7f61f4301e60>,10,13,[ 1 12],11,-1,35,-1,22
1,<environment.Job instance at 0x7f61f381ab40>,2,26,[2 7],3,-1,51,-1,25
1,<environment.Job instance at 0x7f61f4301910>,15,14,[10  1],16,-1,40,-1,26
1,<environment.Job instance at 0x7f61f4993640>,19,24,[8 5],20,-1,50,-1,26
1,<environment.Job instance at 0x7f61f380c690>,8,20,[ 2 13],9,-1,46,-1,26
1,<environment.Job instance at 0x7f61f5050fa0>,20,20,[3 9],21,-1,48,-1,28
1,<environment.Job instance at 0x7f61f40a8f00>,22,26,[ 3 13],23,-1,54,-1,28
1,<environment.Job instance at 0x7f61f3d2b0f0>,14,16,[ 1 11],15,-1,44,-1,28
1,<environment.Job instance at 0x7f61f40a8050>,24,28,[10  5],25,-1,56,-1,28
1,<environment.Job instance at 0x7f61f5050780>,23,15,[ 5 12],24,-1,44,-1,29
1,<environment.Job instance at 0x7f61f4993320>,17,14,[13  4],18,-1,43,-1,29
1,<environment.Job instance at 0x7f61f4446640>,26,15,[ 1 13],27,-1,44,-1,29
1,<environment.Job instance at 0x7f61fd6a9500>,27,23,[ 2 14],28,-1,52,-1,29
1,<environment.Job instance at 0x7f61f49935a0>,18,15,[3 6],19,-1,45,-1,30
1,<environment.Job instance at 0x7f61fd60a640>,28,21,[9 3],29,-1,52,-1,31
1,<environment.Job instance at 0x7f61f41bdeb0>,0,27,[13  4],1,-1,28,-1,1
1,<environment.Job instance at 0x7f61f41bd320>,1,17,[13  3],2,-1,19,-1,2
1,<environment.Job instance at 0x7f61f41bd2d0>,2,26,[2 7],3,-1,29,-1,3
1,<environment.Job instance at 0x7f61f3ce4d70>,3,23,[1 8],4,-1,27,-1,4
1,<environment.Job instance at 0x7f61f3ce43c0>,4,14,[13  1],5,-1,19,-1,5
1,<environment.Job instance at 0x7f61f3ce4f50>,7,23,[ 1 10],8,-1,31,-1,8
1,<environment.Job instance at 0x7f61f3ce4280>,8,20,[ 2 13],9,-1,29,-1,9
1,<environment.Job instance at 0x7f61f3ce41e0>,9,27,[12  2],10,-1,37,-1,10
1,<environment.Job instance at 0x7f61f3ce4b40>,10,13,[ 1 12],11,-1,24,-1,11
1,<environment.Job instance at 0x7f61f46e2550>,14,16,[ 1 11],15,-1,31,-1,15
1,<environment.Job instance at 0x7f61f46e2230>,16,13,[ 3 13],17,-1,30,-1,17
1,<environment.Job instance at 0x7f61f4b8f2d0>,17,14,[13  4],18,-1,32,-1,18
1,<environment.Job instance at 0x7f61f41bdd20>,12,27,[8 4],13,-1,47,-1,20
1,<environment.Job instance at 0x7f61f46e2140>,19,24,[8 5],20,-1,44,-1,20
1,<environment.Job instance at 0x7f61f4b8f190>,21,27,[ 5 14],22,-1,49,-1,22
1,<environment.Job instance at 0x7f61f4b8fc80>,22,26,[ 3 13],23,-1,49,-1,23
1,<environment.Job instance at 0x7f61f4b8f550>,23,15,[ 5 12],24,-1,39,-1,24
1,<environment.Job instance at 0x7f61f4b8f5f0>,26,15,[ 1 13],27,-1,43,-1,28
1,<environment.Job instance at 0x7f61f4b8fe10>,27,23,[ 2 14],28,-1,51,-1,28
1,<environment.Job instance at 0x7f61f4b8fcd0>,29,13,[13  1],30,-1,46,-1,33
1,<environment.Job instance at 0x7f61f4b8f6e0>,30,14,[11  1],31,-1,47,-1,33
1,<environment.Job instance at 0x7f61f4b8f3c0>,31,25,[ 3 14],32,-1,58,-1,33
1,<environment.Job instance at 0x7f61f4b8f820>,32,14,[11  2],33,-1,47,-1,33
1,<environment.Job instance at 0x7f61f4b8ffa0>,34,26,[ 2 13],35,-1,67,-1,41
1,<environment.Job instance at 0x7f61f4af0d20>,35,28,[ 2 14],36,-1,69,-1,41
1,<environment.Job instance at 0x7f61f4b8fb40>,24,28,[10  5],25,-1,69,-1,41
1,<environment.Job instance at 0x7f61f4af05f0>,38,14,[14  2],39,-1,55,-1,41
1,<environment.Job instance at 0x7f61f4af0550>,33,27,[2 9],34,-1,68,-1,41
1,<environment.Job instance at 0x7f61f4cd4a00>,41,19,[13  2],42,-1,72,-1,53
1,<environment.Job instance at 0x7f61f4cd45f0>,42,23,[ 2 14],43,-1,76,-1,53
1,<environment.Job instance at 0x7f61f4cd4690>,43,17,[11  5],44,-1,70,-1,53
1,<environment.Job instance at 0x7f61f4cd4370>,45,27,[ 5 11],46,-1,80,-1,53
1,<environment.Job instance at 0x7f61f4cd4820>,46,17,[13  3],47,-1,70,-1,53
1,<environment.Job instance at 0x7f61f4cd4f50>,49,18,[14  4],50,-1,90,-1,72
1,<environment.Job instance at 0x7f61f4cd43c0>,51,21,[14  3],52,-1,97,-1,76
1,<environment.Job instance at 0x7f61f4cd4640>,52,26,[6 4],53,-1,102,-1,76
1,<environment.Job instance at 0x7f61f45143c0>,53,23,[12  5],54,-1,99,-1,76
1,<environment.Job instance at 0x7f61f4514320>,56,21,[ 4 13],57,-1,106,-1,85
1,<environment.Job instance at 0x7f61f4514460>,58,23,[11  1],59,-1,108,-1,85
1,<environment.Job instance at 0x7f61f45148c0>,57,24,[ 5 10],58,-1,114,-1,90
1,<environment.Job instance at 0x7f61f45145a0>,60,15,[ 1 14],61,-1,105,-1,90
1,<environment.Job instance at 0x7f61f45140a0>,63,24,[14  2],64,-1,124,-1,100
1,<environment.Job instance at 0x7f61f45142d0>,64,28,[12  1],65,-1,128,-1,100
1,<environment.Job instance at 0x7f61f4514140>,65,27,[9 2],66,-1,129,-1,102
1,<environment.Job instance at 0x7f61f4514190>,66,13,[11  1],67,-1,115,-1,102
1,<environment.Job instance at 0x7f61fdc883c0>,67,16,[13  1],68,-1,118,-1,102
1,<environment.Job instance at 0x7f61fdc88910>,68,13,[ 4 11],69,-1,115,-1,102
1,<environment.Job instance at 0x7f61fdc887d0>,69,12,[ 2 13],70,-1,114,-1,102
1,<environment.Job instance at 0x7f61fdc88d20>,70,28,[6 4],71,-1,130,-1,102
1,<environment.Job instance at 0x7f61f3adf460>,72,27,[ 3 11],73,-1,129,-1,102
1,<environment.Job instance at 0x7f61f3adfaf0>,73,25,[ 5 10],74,-1,137,-1,112
1,<environment.Job instance at 0x7f61f3adfc80>,75,20,[ 5 13],76,-1,132,-1,112
1,<environment.Job instance at 0x7f61f3adfd20>,77,24,[8 4],78,-1,138,-1,114
1,<environment.Job instance at 0x7f61f3adf640>,78,27,[9 3],79,-1,141,-1,114
1,<environment.Job instance at 0x7f61f3b1e0f0>,83,28,[ 3 11],84,-1,168,-1,140
1,<environment.Job instance at 0x7f61f3adfb90>,85,27,[14  3],86,-1,172,-1,145
1,<environment.Job instance at 0x7f61f4cad1e0>,86,16,[ 1 11],87,-1,161,-1,145
1,<environment.Job instance at 0x7f61f3b1ee60>,84,28,[5 6],85,-1,174,-1,146
1,<environment.Job instance at 0x7f61f3c28550>,88,15,[14  5],89,-1,161,-1,146
1,<environment.Job instance at 0x7f61f3b05b40>,89,18,[ 1 13],90,-1,164,-1,146
1,<environment.Job instance at 0x7f61f3b054b0>,90,16,[ 5 13],91,-1,162,-1,146
1,<environment.Job instance at 0x7f61f3b05aa0>,91,22,[14  3],92,-1,168,-1,146
1,<environment.Job instance at 0x7f61f3b05230>,95,14,[ 3 11],96,-1,178,-1,164
1,<environment.Job instance at 0x7f6873f8e6e0>,0,13,[9 3],1,-1,15,-1,2
1,<environment.Job instance at 0x7f6873f8e8c0>,1,22,[11  3],2,-1,24,-1,2
1,<environment.Job instance at 0x7f6873f8e730>,2,22,[4 8],3,-1,25,-1,3
1,<environment.Job instance at 0x7f686a944b90>,4,21,[1 6],5,-1,27,-1,6
1,<environment.Job instance at 0x7f686a944a50>,5,24,[1 5],6,-1,30,-1,6
1,<environment.Job instance at 0x7f686a944d70>,7,25,[6 2],8,-1,33,-1,8
1,<environment.Job instance at 0x7f686a944fa0>,10,18,[ 3 11],11,-1,31,-1,13
1,<environment.Job instance at 0x7f686a99cbe0>,1,22,[11  3],2,-1,24,-1,2
1,<environment.Job instance at 0x7f686aa78a00>,3,26,[11  4],4,-1,30,-1,4
1,<environment.Job instance at 0x7f686a93c6e0>,8,22,[14  3],9,-1,31,-1,9
1,<environment.Job instance at 0x7f686a93c7d0>,9,18,[ 2 13],10,-1,28,-1,10
1,<environment.Job instance at 0x7f686a93c960>,10,18,[ 3 11],11,-1,29,-1,11
1,<environment.Job instance at 0x7f686aa7bc30>,12,26,[ 1 12],13,-1,40,-1,14
1,<environment.Job instance at 0x7f686aa545a0>,13,18,[ 4 14],14,-1,32,-1,14
1,<environment.Job instance at 0x7f686a983960>,5,24,[1 5],6,-1,38,-1,14
1,<environment.Job instance at 0x7f686a93cb90>,7,25,[6 2],8,-1,39,-1,14
1,<environment.Job instance at 0x7f686a93cd70>,15,18,[ 2 14],16,-1,34,-1,16
1,<environment.Job instance at 0x7f686a9cff50>,16,16,[ 3 11],17,-1,33,-1,17
1,<environment.Job instance at 0x7f686ae14aa0>,18,25,[ 4 13],19,-1,44,-1,19
1,<environment.Job instance at 0x7f686aa08280>,19,14,[ 3 11],20,-1,34,-1,20
1,<environment.Job instance at 0x7f686aa68690>,20,27,[13  5],21,-1,48,-1,21
1,<environment.Job instance at 0x7f686aa68730>,21,26,[ 5 12],22,-1,48,-1,22
1,<environment.Job instance at 0x7f686aa68af0>,22,13,[13  1],23,-1,36,-1,23
1,<environment.Job instance at 0x7f686a9cffa0>,17,28,[ 5 10],18,-1,53,-1,25
1,<environment.Job instance at 0x7f686aa69910>,24,13,[ 3 14],25,-1,38,-1,25
1,<environment.Job instance at 0x7f686a93c050>,11,26,[4 8],12,-1,51,-1,25
1,<environment.Job instance at 0x7f686aa60d70>,25,23,[ 3 13],26,-1,49,-1,26
1,<environment.Job instance at 0x7f686aa60690>,27,25,[5 7],28,-1,53,-1,28
1,<environment.Job instance at 0x7f686aae5b40>,28,25,[ 4 11],29,-1,54,-1,29
1,<environment.Job instance at 0x7f686aa5edc0>,29,22,[ 5 13],30,-1,52,-1,30
1,<environment.Job instance at 0x7f686aa5efa0>,31,20,[11  5],32,-1,52,-1,32
1,<environment.Job instance at 0x7f686a9e9d70>,32,27,[11  3],33,-1,60,-1,33
1,<environment.Job instance at 0x7f686aae5820>,30,27,[4 8],31,-1,70,-1,43
1,<environment.Job instance at 0x7f686aa5ebe0>,36,13,[ 3 14],37,-1,56,-1,43
1,<environment.Job instance at 0x7f686aa41a50>,37,28,[ 2 12],38,-1,71,-1,43
1,<environment.Job instance at 0x7f686aa08e60>,26,26,[1 8],27,-1,69,-1,43
1,<environment.Job instance at 0x7f686aa3f370>,39,24,[5 6],40,-1,67,-1,43
1,<environment.Job instance at 0x7f686a9e9960>,34,24,[1 8],35,-1,67,-1,43
1,<environment.Job instance at 0x7f686aa06730>,41,27,[14  1],42,-1,70,-1,43
1,<environment.Job instance at 0x7f686aa067d0>,43,13,[13  1],44,-1,57,-1,44
1,<environment.Job instance at 0x7f686aa069b0>,44,24,[ 1 13],45,-1,69,-1,45
1,<environment.Job instance at 0x7f686aa06d70>,46,17,[12  2],47,-1,66,-1,49
1,<environment.Job instance at 0x7f686aa064b0>,48,15,[14  1],49,-1,64,-1,49
1,<environment.Job instance at 0x7f686aa06230>,49,16,[ 2 11],50,-1,66,-1,50
1,<environment.Job instance at 0x7f686a9d8230>,50,16,[12  2],51,-1,67,-1,51
1,<environment.Job instance at 0x7f686aaec460>,54,13,[13  1],55,-1,72,-1,59
1,<environment.Job instance at 0x7f686aaecfa0>,55,20,[ 3 13],56,-1,79,-1,59
1,<environment.Job instance at 0x7f686aa06eb0>,52,27,[8 5],53,-1,86,-1,59
1,<environment.Job instance at 0x7f686aa21320>,57,27,[ 2 14],58,-1,86,-1,59
1,<environment.Job instance at 0x7f686aaf1370>,60,23,[ 1 11],61,-1,85,-1,62
1,<environment.Job instance at 0x7f686aa524b0>,61,21,[ 5 13],62,-1,83,-1,62
1,<environment.Job instance at 0x7f686aacb050>,63,17,[ 4 12],64,-1,88,-1,71
1,<environment.Job instance at 0x7f686aa01370>,67,27,[ 1 10],68,-1,121,-1,94
1,<environment.Job instance at 0x7f686aa011e0>,68,20,[ 3 12],69,-1,114,-1,94
1,<environment.Job instance at 0x7f686aa01230>,69,13,[ 3 12],70,-1,107,-1,94
1,<environment.Job instance at 0x7f686aa01460>,70,21,[12  2],71,-1,115,-1,94
1,<environment.Job instance at 0x7f686aa01910>,71,28,[5 1],72,-1,122,-1,94
1,<environment.Job instance at 0x7f686aa01e60>,74,27,[1 6],75,-1,129,-1,102
1,<environment.Job instance at 0x7f686aa016e0>,75,14,[ 4 11],76,-1,116,-1,102
1,<environment.Job instance at 0x7f686aa01c30>,72,24,[9 2],73,-1,126,-1,102
1,<environment.Job instance at 0x7f686aa01af0>,73,25,[3 8],74,-1,140,-1,115
1,<environment.Job instance at 0x7f686aa05cd0>,83,20,[13  1],84,-1,150,-1,130
1,<environment.Job instance at 0x7f686aa05190>,84,18,[ 3 14],85,-1,148,-1,130
1,<environment.Job instance at 0x7f686aa059b0>,85,25,[ 5 14],86,-1,155,-1,130
1,<environment.Job instance at 0x7f686aa05730>,86,26,[12  1],87,-1,156,-1,130
1,<environment.Job instance at 0x7f686a9f3460>,87,28,[ 3 10],88,-1,159,-1,131
1,<environment.Job instance at 0x7f686aa6fcd0>,88,21,[ 1 11],89,-1,152,-1,131
1,<environment.Job instance at 0x7f686a9f34b0>,90,14,[ 2 13],91,-1,145,-1,131
1,<environment.Job instance at 0x7f686aa64d20>,93,16,[ 2 11],94,-1,162,-1,146
1,<environment.Job instance at 0x7f686aa00730>,94,25,[4 5],95,-1,186,-1,161
1,<environment.Job instance at 0x7f686a9fa5f0>,96,28,[ 1 13],97,-1,189,-1,161
1,<environment.Job instance at 0x7f686a991690>,97,26,[ 1 11],98,-1,187,-1,161
1,<environment.Job instance at 0x7f686a9916e0>,99,26,[6 5],100,-1,203,-1,177
1,<environment.Job instance at 0x7f686a973870>,102,16,[ 3 13],103,-1,193,-1,177
1,<environment.Job instance at 0x7f686a973a00>,103,23,[ 5 13],104,-1,200,-1,177
1,<environment.Job instance at 0x7f686a095eb0>,12,25,[11  2],13,-1,74,-1,49
1,<environment.Job instance at 0x7f686a964aa0>,7,27,[14  3],8,-1,76,-1,49
1,<environment.Job instance at 0x7f686a180320>,18,18,[12  2],19,-1,67,-1,49
1,<environment.Job instance at 0x7f686a1fad20>,16,20,[12  1],17,-1,69,-1,49
1,<environment.Job instance at 0x7f686a095820>,14,28,[8 4],15,-1,77,-1,49
1,<environment.Job instance at 0x7f686a205730>,19,15,[12  3],20,-1,64,-1,49
1,<environment.Job instance at 0x7f686a1d0b40>,21,26,[ 5 11],22,-1,75,-1,49
1,<environment.Job instance at 0x7f686a325cd0>,20,25,[7 2],21,-1,76,-1,51
1,<environment.Job instance at 0x7f686a1d0aa0>,23,16,[11  1],24,-1,67,-1,51
1,<environment.Job instance at 0x7f686a2c64b0>,26,17,[11  3],27,-1,77,-1,60
1,<environment.Job instance at 0x7f686a2c5a50>,25,19,[12  5],26,-1,79,-1,60
1,<environment.Job instance at 0x7f686a1b8fa0>,24,17,[3 8],25,-1,79,-1,62
1,<environment.Job instance at 0x7f686a17be10>,28,25,[6 2],29,-1,87,-1,62
1,<environment.Job instance at 0x7f686a17bbe0>,29,18,[12  4],30,-1,80,-1,62
1,<environment.Job instance at 0x7f686a17bb40>,31,26,[11  5],32,-1,89,-1,63
1,<environment.Job instance at 0x7f686a17bcd0>,30,14,[6 1],31,-1,77,-1,63
1,<environment.Job instance at 0x7f686a34e820>,27,14,[ 1 10],28,-1,77,-1,63
1,<environment.Job instance at 0x7f686a17b8c0>,34,16,[11  2],35,-1,79,-1,63
1,<environment.Job instance at 0x7f686a17b9b0>,32,16,[3 8],33,-1,79,-1,63
1,<environment.Job instance at 0x7f686a17b960>,33,14,[10  1],34,-1,77,-1,63
1,<environment.Job instance at 0x7f686a1bd640>,41,26,[8 3],42,-1,109,-1,83
1,<environment.Job instance at 0x7f686a090eb0>,5,26,[ 5 10],6,-1,205,-1,179
1,<environment.Job instance at 0x7f686a963a00>,0,17,[12  2],1,-1,18,-1,1
1,<environment.Job instance at 0x7f686a9638c0>,1,28,[2 8],2,-1,30,-1,2
1,<environment.Job instance at 0x7f686a9637d0>,3,21,[12  2],4,-1,25,-1,4
1,<environment.Job instance at 0x7f686a963500>,4,21,[ 5 11],5,-1,26,-1,5
1,<environment.Job instance at 0x7f686a963690>,6,27,[12  4],7,-1,34,-1,7
1,<environment.Job instance at 0x7f686a963410>,7,27,[14  3],8,-1,35,-1,8
1,<environment.Job instance at 0x7f686a963230>,9,14,[ 1 12],10,-1,24,-1,10
1,<environment.Job instance at 0x7f686a963050>,11,14,[13  5],12,-1,26,-1,12
1,<environment.Job instance at 0x7f686a9630a0>,12,25,[11  2],13,-1,38,-1,13
1,<environment.Job instance at 0x7f686aa06eb0>,13,14,[12  2],14,-1,28,-1,14
1,<environment.Job instance at 0x7f686a9631e0>,5,26,[ 5 10],6,-1,41,-1,15
1,<environment.Job instance at 0x7f686aa06230>,16,20,[12  1],17,-1,37,-1,17
1,<environment.Job instance at 0x7f686aa06a00>,17,13,[ 4 12],18,-1,31,-1,18
1,<environment.Job instance at 0x7f686aa069b0>,18,18,[12  2],19,-1,37,-1,19
1,<environment.Job instance at 0x7f686aa067d0>,19,15,[12  3],20,-1,35,-1,20
1,<environment.Job instance at 0x7f686aa06cd0>,20,25,[7 2],21,-1,46,-1,21
1,<environment.Job instance at 0x7f686aa06c30>,14,28,[8 4],15,-1,49,-1,21
1,<environment.Job instance at 0x7f686aa06730>,21,26,[ 5 11],22,-1,48,-1,22
1,<environment.Job instance at 0x7f686a29eaa0>,23,16,[11  1],24,-1,40,-1,24
1,<environment.Job instance at 0x7f686aa06f50>,25,19,[12  5],26,-1,45,-1,26
1,<environment.Job instance at 0x7f686a171d20>,26,17,[11  3],27,-1,44,-1,27
1,<environment.Job instance at 0x7f686a171be0>,28,25,[6 2],29,-1,54,-1,29
1,<environment.Job instance at 0x7f686a171aa0>,29,18,[12  4],30,-1,48,-1,30
1,<environment.Job instance at 0x7f686a0f2d20>,31,26,[11  5],32,-1,58,-1,32
1,<environment.Job instance at 0x7f686a0f2be0>,34,16,[11  2],35,-1,53,-1,37
1,<environment.Job instance at 0x7f686a0f2550>,35,15,[13  5],36,-1,52,-1,37
1,<environment.Job instance at 0x7f686a0f6c30>,38,27,[14  3],39,-1,69,-1,42
1,<environment.Job instance at 0x7f686a0f6cd0>,40,26,[ 4 10],41,-1,82,-1,56
1,<environment.Job instance at 0x7f686a0f6af0>,41,26,[8 3],42,-1,82,-1,56
1,<environment.Job instance at 0x7f686a0f9af0>,42,23,[12  1],43,-1,79,-1,56
1,<environment.Job instance at 0x7f686a0f9730>,43,19,[ 2 13],44,-1,75,-1,56
1,<environment.Job instance at 0x7f686a153a50>,44,22,[11  1],45,-1,78,-1,56
1,<environment.Job instance at 0x7f686a153870>,45,22,[ 1 13],46,-1,78,-1,56
1,<environment.Job instance at 0x7f686a102c80>,46,24,[ 2 14],47,-1,80,-1,56
1,<environment.Job instance at 0x7f686a1025f0>,48,23,[13  3],49,-1,79,-1,56
1,<environment.Job instance at 0x7f686a167d70>,50,20,[13  5],51,-1,76,-1,56
1,<environment.Job instance at 0x7f686a111730>,51,24,[14  3],52,-1,80,-1,56
1,<environment.Job instance at 0x7f686a111960>,52,23,[13  5],53,-1,79,-1,56
1,<environment.Job instance at 0x7f686a111910>,53,21,[12  3],54,-1,77,-1,56
1,<environment.Job instance at 0x7f686a167f00>,49,25,[10  5],50,-1,93,-1,68
1,<environment.Job instance at 0x7f686a114f00>,55,28,[ 4 11],56,-1,96,-1,68
1,<environment.Job instance at 0x7f686a114cd0>,56,18,[ 4 12],57,-1,86,-1,68
1,<environment.Job instance at 0x7f686a114e10>,57,22,[14  1],58,-1,90,-1,68
1,<environment.Job instance at 0x7f686a105550>,58,25,[7 3],59,-1,93,-1,68
1,<environment.Job instance at 0x7f686a1052d0>,59,27,[ 4 13],60,-1,95,-1,68
1,<environment.Job instance at 0x7f686a105460>,60,26,[8 4],61,-1,94,-1,68
1,<environment.Job instance at 0x7f686a1054b0>,61,12,[11  1],62,-1,80,-1,68
1,<environment.Job instance at 0x7f686a1188c0>,63,16,[14  1],64,-1,84,-1,68
1,<environment.Job instance at 0x7f686a118730>,64,27,[ 1 10],65,-1,99,-1,72
1,<environment.Job instance at 0x7f686a118690>,66,19,[13  1],67,-1,91,-1,72
1,<environment.Job instance at 0x7f686a10a280>,67,15,[12  2],68,-1,87,-1,72
1,<environment.Job instance at 0x7f686a10afa0>,68,20,[11  2],69,-1,92,-1,72
1,<environment.Job instance at 0x7f686a10adc0>,69,25,[ 2 13],70,-1,97,-1,72
1,<environment.Job instance at 0x7f686a124910>,72,24,[ 3 13],73,-1,106,-1,82
1,<environment.Job instance at 0x7f686a124820>,73,15,[ 2 13],74,-1,97,-1,82
1,<environment.Job instance at 0x7f686a10df50>,74,13,[ 5 14],75,-1,95,-1,82
1,<environment.Job instance at 0x7f686a10dd70>,75,20,[11  2],76,-1,102,-1,82
1,<environment.Job instance at 0x7f686a10df00>,77,21,[ 4 14],78,-1,103,-1,82
1,<environment.Job instance at 0x7f686a2f05f0>,79,15,[14  4],80,-1,101,-1,86
1,<environment.Job instance at 0x7f686a36ccd0>,81,23,[13  1],82,-1,120,-1,97
1,<environment.Job instance at 0x7f686a17b6e0>,83,26,[ 1 11],84,-1,123,-1,97
1,<environment.Job instance at 0x7f686a15d960>,84,14,[ 3 13],85,-1,111,-1,97
1,<environment.Job instance at 0x7f686a15dc80>,88,16,[12  5],89,-1,126,-1,110
1,<environment.Job instance at 0x7f686a15d0a0>,89,14,[14  5],90,-1,124,-1,110
1,<environment.Job instance at 0x7f686a15daf0>,90,13,[ 5 13],91,-1,123,-1,110
1,<environment.Job instance at 0x7f686a15d140>,87,27,[10  3],88,-1,145,-1,118
1,<environment.Job instance at 0x7f686a15deb0>,92,26,[13  2],93,-1,144,-1,118
1,<environment.Job instance at 0x7f686a2a0f00>,94,15,[ 1 12],95,-1,133,-1,118
1,<environment.Job instance at 0x7f686a2a0550>,95,14,[ 1 12],96,-1,132,-1,118
1,<environment.Job instance at 0x7f686a1213c0>,98,26,[ 3 11],99,-1,144,-1,118
1,<environment.Job instance at 0x7f686a121410>,97,23,[6 4],98,-1,146,-1,123
1,<environment.Job instance at 0x7f686a14ae60>,102,13,[14  3],103,-1,144,-1,131
1,<environment.Job instance at 0x7f686a14cf00>,104,23,[13  3],105,-1,156,-1,133
1,<environment.Job instance at 0x7f686a295690>,106,23,[ 2 13],107,-1,161,-1,138
1,<environment.Job instance at 0x7f686a295460>,107,16,[11  4],108,-1,154,-1,138
1,<environment.Job instance at 0x7f686a16f550>,109,25,[4 5],110,-1,175,-1,150
1,<environment.Job instance at 0x7f686a144320>,101,25,[3 9],102,-1,179,-1,154
1,<environment.Job instance at 0x7f686a16f0f0>,111,20,[11  1],112,-1,174,-1,154
1,<environment.Job instance at 0x7f686a16f5a0>,110,25,[6 3],111,-1,179,-1,154
1,<environment.Job instance at 0x7f686a0bfeb0>,113,13,[12  4],114,-1,167,-1,154
1,<environment.Job instance at 0x7f686a0bf460>,114,24,[5 5],115,-1,178,-1,154
1,<environment.Job instance at 0x7f686a1fa8c0>,115,13,[ 1 13],116,-1,167,-1,154
1,<environment.Job instance at 0x7f686a0ba370>,116,26,[ 1 13],117,-1,180,-1,154
1,<environment.Job instance at 0x7f686a140640>,118,16,[11  1],119,-1,171,-1,155
1,<environment.Job instance at 0x7f686a0ba460>,119,14,[14  2],120,-1,169,-1,155
1,<environment.Job instance at 0x7f686a0c4320>,121,15,[ 2 11],122,-1,170,-1,155
1,<environment.Job instance at 0x7f686a0c4410>,122,16,[11  1],123,-1,171,-1,155
1,<environment.Job instance at 0x7f686a0c1820>,123,25,[2 8],124,-1,195,-1,170
1,<environment.Job instance at 0x7f686a0c19b0>,124,18,[12  5],125,-1,188,-1,170
1,<environment.Job instance at 0x7f686a19b910>,125,20,[ 5 13],126,-1,190,-1,170
1,<environment.Job instance at 0x7f686a19bcd0>,126,24,[2 7],127,-1,194,-1,170
1,<environment.Job instance at 0x7f686a19b280>,127,16,[11  2],128,-1,186,-1,170
1,<environment.Job instance at 0x7f686a0d0500>,128,22,[ 2 12],129,-1,192,-1,170
1,<environment.Job instance at 0x7f686a0d0780>,129,20,[12  3],130,-1,190,-1,170
1,<environment.Job instance at 0x7f686a0d06e0>,130,19,[12  5],131,-1,189,-1,170
1,<environment.Job instance at 0x7f686a0cac30>,132,18,[12  1],133,-1,188,-1,170
1,<environment.Job instance at 0x7f686a0740f0>,6,23,[12  4],7,-1,30,-1,7
1,<environment.Job instance at 0x7f68741078c0>,0,17,[12  4],1,-1,18,-1,1
1,<environment.Job instance at 0x7f68741075a0>,1,26,[1 9],2,-1,28,-1,2
1,<environment.Job instance at 0x7f686a0740a0>,2,27,[14  4],3,-1,30,-1,3
1,<environment.Job instance at 0x7f68740f7960>,3,18,[14  2],4,-1,22,-1,4
1,<environment.Job instance at 0x7f68740f7f00>,4,25,[13  3],5,-1,30,-1,5
1,<environment.Job instance at 0x7f68740f7d20>,6,23,[12  4],7,-1,30,-1,7
1,<environment.Job instance at 0x7f6874107c30>,8,20,[11  2],9,-1,29,-1,9
1,<environment.Job instance at 0x7f68740f7050>,9,16,[14  4],10,-1,26,-1,10
1,<environment.Job instance at 0x7f68740f7460>,10,23,[7 4],11,-1,34,-1,11
1,<environment.Job instance at 0x7f68740f7d70>,13,22,[ 1 12],14,-1,36,-1,14
1,<environment.Job instance at 0x7f6869efb3c0>,15,26,[ 3 12],16,-1,42,-1,16
1,<environment.Job instance at 0x7f6869efb5f0>,16,27,[ 2 14],17,-1,44,-1,17
1,<environment.Job instance at 0x7f6869efb550>,17,24,[13  5],18,-1,42,-1,18
1,<environment.Job instance at 0x7f6869efb4b0>,19,21,[13  4],20,-1,41,-1,20
1,<environment.Job instance at 0x7f68740f7870>,7,25,[9 2],8,-1,46,-1,21
1,<environment.Job instance at 0x7f6869efb140>,20,22,[ 5 12],21,-1,43,-1,21
1,<environment.Job instance at 0x7f6869efbc30>,22,15,[14  2],23,-1,38,-1,23
1,<environment.Job instance at 0x7f6869efb960>,23,15,[ 1 13],24,-1,39,-1,24
1,<environment.Job instance at 0x7f6869efb690>,24,20,[12  2],25,-1,45,-1,25
1,<environment.Job instance at 0x7f6869efbfa0>,26,17,[14  5],27,-1,44,-1,27
1,<environment.Job instance at 0x7f6869efbb90>,27,24,[13  3],28,-1,52,-1,28
1,<environment.Job instance at 0x7f6869efbdc0>,28,22,[12  3],29,-1,51,-1,29
1,<environment.Job instance at 0x7f6869efbc80>,31,23,[10  4],32,-1,57,-1,34
1,<environment.Job instance at 0x7f68740354b0>,34,20,[14  2],35,-1,67,-1,47
1,<environment.Job instance at 0x7f6874035eb0>,39,18,[14  4],40,-1,92,-1,74
1,<environment.Job instance at 0x7f6874035460>,40,22,[ 4 14],41,-1,96,-1,74
1,<environment.Job instance at 0x7f6874035c80>,41,20,[11  4],42,-1,94,-1,74
1,<environment.Job instance at 0x7f6874035a50>,42,23,[14  4],43,-1,97,-1,74
1,<environment.Job instance at 0x7f6874035a00>,43,19,[ 3 14],44,-1,93,-1,74
1,<environment.Job instance at 0x7f68740350f0>,44,21,[14  2],45,-1,95,-1,74
1,<environment.Job instance at 0x7f6874035820>,45,24,[14  2],46,-1,98,-1,74
1,<environment.Job instance at 0x7f6874035050>,46,21,[ 5 11],47,-1,95,-1,74
1,<environment.Job instance at 0x7f6874035780>,47,20,[ 2 12],48,-1,94,-1,74
1,<environment.Job instance at 0x7f6869efcc30>,48,23,[ 4 11],49,-1,97,-1,74
1,<environment.Job instance at 0x7f6869efce10>,49,16,[ 3 14],50,-1,90,-1,74
1,<environment.Job instance at 0x7f6869efcb40>,50,23,[ 3 13],51,-1,97,-1,74
1,<environment.Job instance at 0x7f6869efc3c0>,51,21,[14  4],52,-1,95,-1,74
1,<environment.Job instance at 0x7f6869efca50>,53,24,[ 3 10],54,-1,112,-1,88
1,<environment.Job instance at 0x7f6869efc960>,58,14,[ 1 14],59,-1,116,-1,102
1,<environment.Job instance at 0x7f6869efcbe0>,59,25,[5 8],60,-1,128,-1,103
1,<environment.Job instance at 0x7f6869efc050>,60,27,[7 4],61,-1,130,-1,103
1,<environment.Job instance at 0x7f6869efc500>,61,21,[ 3 11],62,-1,124,-1,103
1,<environment.Job instance at 0x7f6869efceb0>,62,14,[12  4],63,-1,117,-1,103
1,<environment.Job instance at 0x7f6869efe4b0>,64,26,[ 3 12],65,-1,129,-1,103
1,<environment.Job instance at 0x7f6869efe1e0>,65,12,[11  4],66,-1,115,-1,103
1,<environment.Job instance at 0x7f6869efe0f0>,68,12,[11  3],69,-1,131,-1,119
1,<environment.Job instance at 0x7f6869efe960>,69,16,[ 3 12],70,-1,135,-1,119
1,<environment.Job instance at 0x7f6869efe500>,71,15,[14  5],72,-1,145,-1,130
1,<environment.Job instance at 0x7f6869efe730>,72,13,[14  1],73,-1,143,-1,130
1,<environment.Job instance at 0x7f6869efe190>,73,24,[8 2],74,-1,157,-1,133
1,<environment.Job instance at 0x7f6869efe910>,74,21,[ 2 12],75,-1,154,-1,133
1,<environment.Job instance at 0x7f6869efe690>,75,23,[ 2 12],76,-1,156,-1,133
1,<environment.Job instance at 0x7f6869efe640>,77,26,[ 5 11],78,-1,159,-1,133
1,<environment.Job instance at 0x7f6869efedc0>,80,18,[14  2],81,-1,168,-1,150
1,<environment.Job instance at 0x7f6869efe2d0>,81,16,[ 5 11],82,-1,166,-1,150
1,<environment.Job instance at 0x7f6869efecd0>,82,22,[ 1 14],83,-1,172,-1,150
1,<environment.Job instance at 0x7f6869f17d20>,84,25,[ 3 14],85,-1,175,-1,150
1,<environment.Job instance at 0x7f6869f176e0>,85,28,[2 8],86,-1,188,-1,160
1,<environment.Job instance at 0x7f6869f173c0>,86,21,[ 5 14],87,-1,181,-1,160
1,<environment.Job instance at 0x7f6869f17aa0>,88,15,[13  3],89,-1,175,-1,160
1,<environment.Job instance at 0x7f6869f17370>,87,27,[9 3],88,-1,190,-1,163
1,<environment.Job instance at 0x7f6869f17a50>,90,12,[ 3 12],91,-1,175,-1,163
1,<environment.Job instance at 0x7f6869f171e0>,91,26,[7 3],92,-1,189,-1,163
1,<environment.Job instance at 0x7f6869f17b40>,92,25,[ 1 13],93,-1,188,-1,163
1,<environment.Job instance at 0x7f6869f17730>,94,26,[11  4],95,-1,190,-1,164
1,<environment.Job instance at 0x7f6869f17230>,96,17,[11  1],97,-1,194,-1,177
1,<environment.Job instance at 0x7f6869f17190>,97,20,[ 1 11],98,-1,197,-1,177
1,<environment.Job instance at 0x7f6869f17460>,98,19,[13  2],99,-1,196,-1,177
1,<environment.Job instance at 0x7f6869ef60f0>,99,12,[ 1 11],100,-1,189,-1,177
1,<environment.Job instance at 0x7f6869ef6910>,100,20,[13  5],101,-1,197,-1,177
1,<environment.Job instance at 0x7f6869ef6730>,101,27,[1 8],102,-1,208,-1,181
1,<environment.Job instance at 0x7f6869ef6960>,103,24,[11  3],104,-1,205,-1,181
1,<environment.Job instance at 0x7f6869ef6320>,104,18,[13  3],105,-1,199,-1,181
1,<environment.Job instance at 0x7f686b0e0be0>,1,20,[10  5],2,-1,23,-1,3
1,<environment.Job instance at 0x7f686b4e1c30>,2,12,[14  4],3,-1,18,-1,6
1,<environment.Job instance at 0x7f686a74eaf0>,0,18,[11  5],1,-1,19,-1,1
1,<environment.Job instance at 0x7f686a74ee60>,2,12,[14  4],3,-1,15,-1,3
1,<environment.Job instance at 0x7f688234f1e0>,4,25,[13  4],5,-1,30,-1,5
1,<environment.Job instance at 0x7f68740fc320>,6,13,[12  2],7,-1,20,-1,7
1,<environment.Job instance at 0x7f68740fcc80>,7,22,[13  4],8,-1,30,-1,8
1,<environment.Job instance at 0x7f68740fc6e0>,8,14,[11  2],9,-1,23,-1,9
1,<environment.Job instance at 0x7f68740fc230>,9,24,[ 2 14],10,-1,34,-1,10
1,<environment.Job instance at 0x7f68740fc7d0>,11,13,[ 1 14],12,-1,25,-1,12
1,<environment.Job instance at 0x7f6869efe320>,13,23,[12  2],14,-1,37,-1,14
1,<environment.Job instance at 0x7f6869efe8c0>,14,18,[ 4 12],15,-1,33,-1,15
1,<environment.Job instance at 0x7f6869efe5a0>,10,28,[2 7],11,-1,47,-1,19
1,<environment.Job instance at 0x7f6869efe3c0>,17,27,[5 9],18,-1,46,-1,19
1,<environment.Job instance at 0x7f6869efe690>,18,27,[2 6],19,-1,46,-1,19
1,<environment.Job instance at 0x7f6869efecd0>,19,17,[ 4 14],20,-1,37,-1,20
1,<environment.Job instance at 0x7f6869efe230>,20,15,[ 2 14],21,-1,36,-1,21
1,<environment.Job instance at 0x7f6869efe820>,21,17,[ 5 13],22,-1,39,-1,22
1,<environment.Job instance at 0x7f6869efe5f0>,15,25,[6 5],16,-1,47,-1,22
1,<environment.Job instance at 0x7f6869efe050>,22,23,[12  3],23,-1,46,-1,23
1,<environment.Job instance at 0x7f6869efebe0>,23,20,[14  1],24,-1,44,-1,24
1,<environment.Job instance at 0x7f6869efefa0>,28,25,[ 1 10],29,-1,57,-1,32
1,<environment.Job instance at 0x7f68740f7d70>,30,18,[14  3],31,-1,50,-1,32
1,<environment.Job instance at 0x7f68740f7870>,33,18,[14  3],34,-1,54,-1,36
1,<environment.Job instance at 0x7f68740f7af0>,34,23,[ 2 11],35,-1,59,-1,36
1,<environment.Job instance at 0x7f68740f7460>,35,18,[ 5 11],36,-1,54,-1,36
1,<environment.Job instance at 0x7f68740f7960>,36,27,[11  5],37,-1,64,-1,37
1,<environment.Job instance at 0x7f686aa6f050>,37,17,[12  5],38,-1,55,-1,38
1,<environment.Job instance at 0x7f686aa6f730>,39,21,[11  1],40,-1,66,-1,45
1,<environment.Job instance at 0x7f686aa6fb40>,40,14,[12  4],41,-1,59,-1,45
1,<environment.Job instance at 0x7f686afd73c0>,41,26,[5 4],42,-1,77,-1,51
1,<environment.Job instance at 0x7f686afd7b90>,43,26,[1 6],44,-1,77,-1,51
1,<environment.Job instance at 0x7f686af55370>,45,19,[11  4],46,-1,70,-1,51
1,<environment.Job instance at 0x7f686af555f0>,46,23,[11  3],47,-1,74,-1,51
1,<environment.Job instance at 0x7f686af55460>,48,12,[11  4],49,-1,63,-1,51
1,<environment.Job instance at 0x7f686af55280>,50,14,[ 3 13],51,-1,77,-1,63
1,<environment.Job instance at 0x7f686af552d0>,52,28,[5 5],53,-1,93,-1,65
1,<environment.Job instance at 0x7f686aa21d70>,54,20,[13  1],55,-1,85,-1,65
1,<environment.Job instance at 0x7f686aa21280>,55,21,[ 3 12],56,-1,86,-1,65
1,<environment.Job instance at 0x7f686aa21230>,56,25,[12  3],57,-1,90,-1,65
1,<environment.Job instance at 0x7f686aa215f0>,58,20,[12  2],59,-1,85,-1,65
1,<environment.Job instance at 0x7f686aa21780>,61,16,[14  3],62,-1,94,-1,78
1,<environment.Job instance at 0x7f686aa21dc0>,62,20,[11  1],63,-1,98,-1,78
1,<environment.Job instance at 0x7f686aa21d20>,64,27,[7 2],65,-1,121,-1,94
1,<environment.Job instance at 0x7f686aa213c0>,66,20,[ 4 13],67,-1,114,-1,94
1,<environment.Job instance at 0x7f686aec1af0>,67,21,[12  5],68,-1,115,-1,94
1,<environment.Job instance at 0x7f686aec1730>,69,25,[6 1],70,-1,134,-1,109
1,<environment.Job instance at 0x7f686aec1780>,70,24,[11  4],71,-1,133,-1,109
1,<environment.Job instance at 0x7f686aec1fa0>,72,27,[5 1],73,-1,137,-1,110
1,<environment.Job instance at 0x7f686aec1eb0>,74,17,[14  5],75,-1,128,-1,111
1,<environment.Job instance at 0x7f686aec1370>,75,25,[6 1],76,-1,149,-1,124
1,<environment.Job instance at 0x7f686aec1d70>,77,25,[8 3],78,-1,149,-1,124
1,<environment.Job instance at 0x7f686aec1140>,78,13,[13  1],79,-1,137,-1,124
1,<environment.Job instance at 0x7f686adef0f0>,82,19,[12  1],83,-1,151,-1,132
1,<environment.Job instance at 0x7f686adef690>,83,26,[4 7],84,-1,168,-1,142
1,<environment.Job instance at 0x7f686adefdc0>,85,18,[ 2 13],86,-1,161,-1,143
1,<environment.Job instance at 0x7f686aaf4960>,0,19,[1 7],1,-1,20,-1,1
1,<environment.Job instance at 0x7f686adbe190>,5,14,[8 5],6,-1,20,-1,6
1,<environment.Job instance at 0x7f6869f6efa0>,4,13,[5 4],5,-1,21,-1,8
1,<environment.Job instance at 0x7f686a9f37d0>,1,27,[ 1 11],2,-1,29,-1,2
1,<environment.Job instance at 0x7f686a9f3320>,3,26,[11  2],4,-1,30,-1,4
1,<environment.Job instance at 0x7f686adbcaf0>,7,27,[ 5 14],8,-1,35,-1,8
1,<environment.Job instance at 0x7f686add7460>,9,20,[ 2 13],10,-1,30,-1,10
1,<environment.Job instance at 0x7f686a99ceb0>,10,26,[ 4 14],11,-1,37,-1,11
1,<environment.Job instance at 0x7f686a99c0f0>,12,16,[ 1 11],13,-1,29,-1,13
1,<environment.Job instance at 0x7f686a5c9fa0>,13,15,[14  5],14,-1,29,-1,14
1,<environment.Job instance at 0x7f686adc30a0>,6,24,[9 2],7,-1,39,-1,15
1,<environment.Job instance at 0x7f686a5c9140>,14,17,[13  1],15,-1,32,-1,15
1,<environment.Job instance at 0x7f686a5c9730>,15,23,[ 4 11],16,-1,39,-1,16
1,<environment.Job instance at 0x7f686a5c9370>,16,21,[ 5 14],17,-1,38,-1,17
1,<environment.Job instance at 0x7f686a5c9cd0>,17,17,[13  3],18,-1,35,-1,18
1,<environment.Job instance at 0x7f686a5c9050>,20,14,[13  2],21,-1,35,-1,21
1,<environment.Job instance at 0x7f686a5c97d0>,22,23,[ 1 14],23,-1,46,-1,23
1,<environment.Job instance at 0x7f686adeb1e0>,23,27,[5 5],24,-1,57,-1,30
1,<environment.Job instance at 0x7f686adeb7d0>,25,28,[ 5 11],26,-1,58,-1,30
1,<environment.Job instance at 0x7f686adeb640>,26,19,[11  5],27,-1,49,-1,30
1,<environment.Job instance at 0x7f686adeb0f0>,27,27,[ 2 14],28,-1,57,-1,30
1,<environment.Job instance at 0x7f686adebd70>,28,23,[3 7],29,-1,57,-1,34
1,<environment.Job instance at 0x7f686adeb190>,31,25,[5 8],32,-1,59,-1,34
1,<environment.Job instance at 0x7f686adebaf0>,32,23,[ 3 12],33,-1,57,-1,34
1,<environment.Job instance at 0x7f686adeb5f0>,33,20,[11  5],34,-1,54,-1,34
1,<environment.Job instance at 0x7f686adebcd0>,34,27,[12  3],35,-1,62,-1,35
1,<environment.Job instance at 0x7f686adeba50>,36,26,[ 1 12],37,-1,63,-1,37
1,<environment.Job instance at 0x7f686adebbe0>,37,13,[12  3],38,-1,51,-1,38
1,<environment.Job instance at 0x7f686adeb960>,35,24,[6 1],36,-1,67,-1,43
1,<environment.Job instance at 0x7f686adeb3c0>,38,25,[1 5],39,-1,71,-1,46
1,<environment.Job instance at 0x7f686ae0a960>,40,24,[11  5],41,-1,70,-1,46
1,<environment.Job instance at 0x7f686ae0a690>,43,21,[ 3 14],44,-1,71,-1,50
1,<environment.Job instance at 0x7f686ae0af00>,41,25,[2 7],42,-1,75,-1,50
1,<environment.Job instance at 0x7f686ae0aeb0>,46,18,[14  2],47,-1,68,-1,50
1,<environment.Job instance at 0x7f686ae0af50>,47,27,[ 5 13],48,-1,77,-1,50
1,<environment.Job instance at 0x7f686ae0acd0>,42,23,[10  4],43,-1,83,-1,60
1,<environment.Job instance at 0x7f686ae0ae60>,49,21,[12  3],50,-1,81,-1,60
1,<environment.Job instance at 0x7f686ae0a1e0>,50,27,[ 5 12],51,-1,87,-1,60
1,<environment.Job instance at 0x7f686ae0abe0>,52,16,[ 2 13],53,-1,76,-1,60
1,<environment.Job instance at 0x7f686ae0a280>,55,13,[14  1],56,-1,80,-1,67
1,<environment.Job instance at 0x7f686ae0a8c0>,56,26,[11  5],57,-1,93,-1,67
1,<environment.Job instance at 0x7f686ae0a780>,57,14,[ 2 13],58,-1,81,-1,67
1,<environment.Job instance at 0x7f686ae0afa0>,58,13,[14  5],59,-1,80,-1,67
1,<environment.Job instance at 0x7f686ae0ac30>,59,18,[12  4],60,-1,85,-1,67
1,<environment.Job instance at 0x7f686ae0a460>,60,21,[ 2 14],61,-1,88,-1,67
1,<environment.Job instance at 0x7f686acf1410>,62,23,[13  4],63,-1,96,-1,73
1,<environment.Job instance at 0x7f686acf1fa0>,64,18,[ 1 12],65,-1,102,-1,84
1,<environment.Job instance at 0x7f686acf1190>,65,23,[9 4],66,-1,113,-1,90
1,<environment.Job instance at 0x7f686acf1640>,66,26,[ 1 10],67,-1,116,-1,90
1,<environment.Job instance at 0x7f686ae5c140>,67,18,[13  5],68,-1,108,-1,90
1,<environment.Job instance at 0x7f686acf1d20>,68,21,[12  5],69,-1,111,-1,90
1,<environment.Job instance at 0x7f686ae5c870>,70,20,[11  5],71,-1,110,-1,90
1,<environment.Job instance at 0x7f686ae5c3c0>,71,27,[8 5],72,-1,124,-1,97
1,<environment.Job instance at 0x7f686ae5ce60>,73,28,[5 7],74,-1,132,-1,104
1,<environment.Job instance at 0x7f686ae5ca00>,74,12,[ 4 11],75,-1,116,-1,104
1,<environment.Job instance at 0x7f686ae5c9b0>,75,25,[13  4],76,-1,129,-1,104
1,<environment.Job instance at 0x7f686ae5c410>,76,21,[ 1 12],77,-1,125,-1,104
1,<environment.Job instance at 0x7f686ae5c230>,77,22,[ 4 12],78,-1,126,-1,104
1,<environment.Job instance at 0x7f686adefcd0>,78,22,[13  5],79,-1,126,-1,104
1,<environment.Job instance at 0x7f686adef6e0>,79,28,[13  2],80,-1,132,-1,104
1,<environment.Job instance at 0x7f686adefbe0>,81,24,[14  3],82,-1,128,-1,104
1,<environment.Job instance at 0x7f686adef960>,82,25,[12  1],83,-1,129,-1,104
1,<environment.Job instance at 0x7f686adef230>,83,24,[5 8],84,-1,136,-1,112
1,<environment.Job instance at 0x7f686adefeb0>,84,13,[ 1 13],85,-1,125,-1,112
1,<environment.Job instance at 0x7f686adef500>,85,23,[1 5],86,-1,135,-1,112
1,<environment.Job instance at 0x7f686adeff00>,86,22,[ 5 11],87,-1,134,-1,112
1,<environment.Job instance at 0x7f686adefb90>,87,24,[ 5 13],88,-1,136,-1,112
1,<environment.Job instance at 0x7f686adef730>,88,13,[ 1 14],89,-1,125,-1,112
1,<environment.Job instance at 0x7f686adefc80>,89,26,[12  4],90,-1,138,-1,112
1,<environment.Job instance at 0x7f686adef550>,91,21,[13  2],92,-1,133,-1,112
1,<environment.Job instance at 0x7f686adef460>,92,23,[14  5],93,-1,135,-1,112
1,<environment.Job instance at 0x7f686adefdc0>,93,14,[14  2],94,-1,126,-1,112
1,<environment.Job instance at 0x7f686adef2d0>,96,28,[5 4],97,-1,153,-1,125
1,<environment.Job instance at 0x7f686aec1140>,100,18,[ 5 14],101,-1,150,-1,132
1,<environment.Job instance at 0x7f686aec1370>,101,17,[ 3 13],102,-1,149,-1,132
1,<environment.Job instance at 0x7f686aec1eb0>,102,23,[13  3],103,-1,155,-1,132
1,<environment.Job instance at 0x7f686aec1a00>,103,18,[ 2 12],104,-1,150,-1,132
1,<environment.Job instance at 0x7f686aec13c0>,104,28,[11  1],105,-1,160,-1,132
1,<environment.Job instance at 0x7f686aec1780>,106,12,[13  5],107,-1,158,-1,146
1,<environment.Job instance at 0x7f686aec1460>,107,20,[ 5 14],108,-1,166,-1,146
1,<environment.Job instance at 0x7f686aec18c0>,108,27,[ 2 14],109,-1,173,-1,146
1,<environment.Job instance at 0x7f686aec1410>,110,15,[ 4 11],111,-1,161,-1,146
1,<environment.Job instance at 0x7f686aa213c0>,111,15,[13  5],112,-1,161,-1,146
1,<environment.Job instance at 0x7f686aa21aa0>,112,13,[14  4],113,-1,159,-1,146
1,<environment.Job instance at 0x7f686aa212d0>,113,16,[14  2],114,-1,162,-1,146
1,<environment.Job instance at 0x7f686aa21b40>,114,25,[14  4],115,-1,171,-1,146
1,<environment.Job instance at 0x7f686aa21780>,115,19,[13  5],116,-1,165,-1,146
1,<environment.Job instance at 0x7f686aa21c30>,116,26,[10  2],117,-1,189,-1,163
1,<environment.Job instance at 0x7f686aa21fa0>,119,26,[2 9],120,-1,189,-1,163
1,<environment.Job instance at 0x7f686aa211e0>,120,23,[ 3 13],121,-1,186,-1,163
1,<environment.Job instance at 0x7f686aa21d70>,121,13,[12  5],122,-1,176,-1,163
1,<environment.Job instance at 0x7f686adeb3c0>,1,13,[11  1],2,-1,15,-1,2
1,<environment.Job instance at 0x7f686adeba50>,2,26,[ 1 13],3,-1,29,-1,3
1,<environment.Job instance at 0x7f686adebb90>,3,13,[ 1 13],4,-1,17,-1,4
1,<environment.Job instance at 0x7f686adebcd0>,4,18,[12  5],5,-1,23,-1,5
1,<environment.Job instance at 0x7f686adeb5f0>,5,24,[ 5 12],6,-1,30,-1,6
1,<environment.Job instance at 0x7f686adebaf0>,6,22,[ 3 14],7,-1,29,-1,7
1,<environment.Job instance at 0x7f686adebf50>,11,24,[4 5],12,-1,36,-1,12
1,<environment.Job instance at 0x7f686adeb5a0>,13,12,[13  3],14,-1,26,-1,14
1,<environment.Job instance at 0x7f686adebb40>,16,14,[11  2],17,-1,31,-1,17
1,<environment.Job instance at 0x7f686a5c90f0>,17,15,[ 3 14],18,-1,33,-1,18
1,<environment.Job instance at 0x7f686a5c90a0>,19,27,[13  4],20,-1,54,-1,27
1,<environment.Job instance at 0x7f686a5c9cd0>,22,15,[ 4 14],23,-1,49,-1,34
1,<environment.Job instance at 0x7f686a5c9370>,23,12,[ 1 14],24,-1,46,-1,34
1,<environment.Job instance at 0x7f686a5c9730>,24,20,[ 1 12],25,-1,54,-1,34
1,<environment.Job instance at 0x7f686adebf00>,14,25,[ 5 10],15,-1,66,-1,41
1,<environment.Job instance at 0x7f686a5c9fa0>,27,14,[ 4 12],28,-1,55,-1,41
1,<environment.Job instance at 0x7f686a762370>,29,25,[ 1 14],30,-1,66,-1,41
1,<environment.Job instance at 0x7f686a762410>,30,14,[11  5],31,-1,55,-1,41
1,<environment.Job instance at 0x7f686a762460>,32,23,[ 4 13],33,-1,73,-1,50
1,<environment.Job instance at 0x7f686a7624b0>,33,19,[11  1],34,-1,69,-1,50
1,<environment.Job instance at 0x7f686a7620a0>,34,26,[11  4],35,-1,76,-1,50
1,<environment.Job instance at 0x7f6869efe2d0>,37,13,[ 3 13],38,-1,67,-1,54
1,<environment.Job instance at 0x7f6869efe5a0>,38,15,[14  4],39,-1,69,-1,54
1,<environment.Job instance at 0x7f6869efee60>,39,18,[ 3 14],40,-1,72,-1,54
1,<environment.Job instance at 0x7f6869efe140>,41,21,[ 4 12],42,-1,75,-1,54
1,<environment.Job instance at 0x7f6869efeb40>,40,28,[5 2],41,-1,95,-1,67
1,<environment.Job instance at 0x7f6869efe640>,43,18,[11  5],44,-1,85,-1,67
1,<environment.Job instance at 0x7f6869efe820>,47,21,[11  3],48,-1,93,-1,72
1,<environment.Job instance at 0x7f6869efe1e0>,49,23,[5 5],50,-1,106,-1,83
1,<environment.Job instance at 0x7f6869efea50>,51,14,[11  3],52,-1,97,-1,83
1,<environment.Job instance at 0x7f6869efe9b0>,52,28,[2 7],53,-1,111,-1,83
1,<environment.Job instance at 0x7f686a640050>,53,27,[11  2],54,-1,110,-1,83
1,<environment.Job instance at 0x7f686a37af00>,56,22,[14  2],57,-1,105,-1,83
1,<environment.Job instance at 0x7f686a37a230>,59,22,[ 2 11],60,-1,120,-1,98
1,<environment.Job instance at 0x7f686a37a5a0>,60,16,[11  5],61,-1,114,-1,98
1,<environment.Job instance at 0x7f686a37a0f0>,62,24,[13  4],63,-1,123,-1,99
1,<environment.Job instance at 0x7f686a37ac30>,63,24,[4 7],64,-1,138,-1,114
1,<environment.Job instance at 0x7f686a324f00>,67,14,[13  2],68,-1,146,-1,132
1,<environment.Job instance at 0x7f686a324a50>,69,24,[ 1 14],70,-1,160,-1,136
1,<environment.Job instance at 0x7f686a324dc0>,70,28,[7 5],71,-1,172,-1,144
1,<environment.Job instance at 0x7f686a324f50>,71,22,[12  4],72,-1,166,-1,144
1,<environment.Job instance at 0x7f686a324cd0>,73,24,[8 5],74,-1,176,-1,152
1,<environment.Job instance at 0x7f686a324960>,74,19,[13  1],75,-1,171,-1,152
1,<environment.Job instance at 0x7f686a324c80>,75,23,[11  5],76,-1,175,-1,152
1,<environment.Job instance at 0x7f686a324d70>,76,23,[ 2 12],77,-1,175,-1,152
1,<environment.Job instance at 0x7f686a3248c0>,79,23,[12  5],80,-1,185,-1,162
1,<environment.Job instance at 0x7f686a324410>,80,13,[11  2],81,-1,175,-1,162
1,<environment.Job instance at 0x7f686a324140>,81,27,[5 2],82,-1,193,-1,166
1,<environment.Job instance at 0x7f686a324a00>,78,25,[7 3],79,-1,191,-1,166
1,<environment.Job instance at 0x7f686a324d20>,83,17,[ 4 13],84,-1,183,-1,166
1,<environment.Job instance at 0x7f686a7c70f0>,85,13,[12  5],86,-1,179,-1,166
1,<environment.Job instance at 0x7f686a7c70a0>,86,14,[ 2 12],87,-1,180,-1,166
1,<environment.Job instance at 0x7f686aaa6870>,0,12,[9 5],1,-1,14,-1,2
1,<environment.Job instance at 0x7f686a226730>,3,17,[ 5 11],4,-1,24,-1,7
1,<environment.Job instance at 0x7f686a226c80>,7,14,[9 5],8,-1,22,-1,8
1,<environment.Job instance at 0x7f686a226910>,8,14,[8 5],9,-1,23,-1,9
1,<environment.Job instance at 0x7f686b540c30>,9,25,[9 4],10,-1,35,-1,10
1,<environment.Job instance at 0x7f686a3861e0>,1,14,[ 3 11],2,-1,16,-1,2
1,<environment.Job instance at 0x7f686a386d70>,2,15,[11  2],3,-1,18,-1,3
1,<environment.Job instance at 0x7f686a386a50>,3,17,[ 5 11],4,-1,21,-1,4
1,<environment.Job instance at 0x7f686a386550>,9,25,[9 4],10,-1,38,-1,13
1,<environment.Job instance at 0x7f686a3860f0>,10,15,[13  3],11,-1,28,-1,13
1,<environment.Job instance at 0x7f686a3864b0>,11,17,[ 1 14],12,-1,30,-1,13
1,<environment.Job instance at 0x7f686a3863c0>,13,28,[ 5 13],14,-1,42,-1,14
1,<environment.Job instance at 0x7f686a300550>,14,15,[12  1],15,-1,30,-1,15
1,<environment.Job instance at 0x7f686a3001e0>,15,25,[ 5 14],16,-1,41,-1,16
1,<environment.Job instance at 0x7f686a300640>,17,26,[4 9],18,-1,51,-1,25
1,<environment.Job instance at 0x7f686a300fa0>,19,18,[11  4],20,-1,43,-1,25
1,<environment.Job instance at 0x7f686a3005a0>,20,14,[14  4],21,-1,39,-1,25
1,<environment.Job instance at 0x7f686a300320>,21,26,[ 5 12],22,-1,51,-1,25
1,<environment.Job instance at 0x7f686a3008c0>,23,16,[13  4],24,-1,54,-1,38
1,<environment.Job instance at 0x7f686a3009b0>,18,27,[10  5],19,-1,66,-1,39
1,<environment.Job instance at 0x7f686a7c0460>,25,16,[ 5 12],26,-1,55,-1,39
1,<environment.Job instance at 0x7f686a7c06e0>,28,26,[6 4],29,-1,79,-1,53
1,<environment.Job instance at 0x7f686a7c05a0>,29,27,[3 5],30,-1,80,-1,53
1,<environment.Job instance at 0x7f686a7c0690>,32,14,[12  4],33,-1,68,-1,54
1,<environment.Job instance at 0x7f686a7c0f00>,34,12,[12  1],35,-1,66,-1,54
1,<environment.Job instance at 0x7f686a7c0050>,35,21,[12  3],36,-1,75,-1,54
1,<environment.Job instance at 0x7f686a7c0dc0>,36,12,[ 5 13],37,-1,66,-1,54
1,<environment.Job instance at 0x7f686a7c0fa0>,37,12,[11  4],38,-1,66,-1,54
1,<environment.Job instance at 0x7f686a7c0cd0>,38,15,[ 1 12],39,-1,69,-1,54
1,<environment.Job instance at 0x7f686a7c0f50>,40,28,[7 1],41,-1,82,-1,54
1,<environment.Job instance at 0x7f686a7c0320>,41,12,[13  3],42,-1,66,-1,54
1,<environment.Job instance at 0x7f686a7c00a0>,42,16,[ 3 12],43,-1,70,-1,54
1,<environment.Job instance at 0x7f686a7c0af0>,43,22,[ 5 14],44,-1,76,-1,54
1,<environment.Job instance at 0x7f686a7c0910>,44,28,[2 9],45,-1,82,-1,54
1,<environment.Job instance at 0x7f686a7c0be0>,45,19,[ 4 14],46,-1,73,-1,54
1,<environment.Job instance at 0x7f686a7c0a50>,46,23,[9 5],47,-1,77,-1,54
1,<environment.Job instance at 0x7f686a7e5460>,48,27,[13  3],49,-1,81,-1,54
1,<environment.Job instance at 0x7f686a7e5050>,49,17,[ 4 12],50,-1,71,-1,54
1,<environment.Job instance at 0x7f686a7e5a00>,51,24,[5 4],52,-1,79,-1,55
1,<environment.Job instance at 0x7f686a7e5140>,52,20,[ 1 13],53,-1,75,-1,55
1,<environment.Job instance at 0x7f686a7e5e60>,54,27,[ 3 14],55,-1,95,-1,68
1,<environment.Job instance at 0x7f686a7e5820>,56,27,[3 6],57,-1,110,-1,83
1,<environment.Job instance at 0x7f686a7e5870>,59,28,[12  3],60,-1,111,-1,83
1,<environment.Job instance at 0x7f686a7e5410>,61,12,[ 3 13],62,-1,96,-1,84
1,<environment.Job instance at 0x7f686a7e5230>,62,17,[14  5],63,-1,101,-1,84
1,<environment.Job instance at 0x7f686a7e52d0>,63,15,[14  2],64,-1,99,-1,84
1,<environment.Job instance at 0x7f686a7e51e0>,64,15,[ 1 12],65,-1,99,-1,84
1,<environment.Job instance at 0x7f686a7e59b0>,60,27,[5 2],61,-1,128,-1,101
1,<environment.Job instance at 0x7f686a7c73c0>,68,12,[ 1 12],69,-1,113,-1,101
1,<environment.Job instance at 0x7f686a7c72d0>,71,22,[14  3],72,-1,140,-1,118
1,<environment.Job instance at 0x7f686a7c7820>,72,22,[11  5],73,-1,140,-1,118
1,<environment.Job instance at 0x7f686a7c7dc0>,75,21,[11  3],76,-1,159,-1,138
1,<environment.Job instance at 0x7f686a7c7b40>,76,24,[1 8],77,-1,176,-1,152
1,<environment.Job instance at 0x7f686a7c7be0>,79,12,[11  2],80,-1,164,-1,152
1,<environment.Job instance at 0x7f686a7c7f50>,80,18,[ 3 11],81,-1,170,-1,152
1,<environment.Job instance at 0x7f686a7c7230>,81,15,[ 3 12],82,-1,167,-1,152
1,<environment.Job instance at 0x7f686a7c7fa0>,83,24,[2 8],84,-1,192,-1,168
1,<environment.Job instance at 0x7f686a5c9140>,84,24,[5 7],85,-1,192,-1,168
1,<environment.Job instance at 0x7f686a7c7aa0>,85,13,[14  2],86,-1,181,-1,168
1,<environment.Job instance at 0x7f686a5c9730>,86,12,[ 5 14],87,-1,180,-1,168
1,<environment.Job instance at 0x7f686a5c92d0>,87,28,[11  4],88,-1,196,-1,168
1,<environment.Job instance at 0x7f686a5c9fa0>,88,23,[1 6],89,-1,191,-1,168
1,<environment.Job instance at 0x7f686a5c9e60>,89,26,[1 8],90,-1,194,-1,168
1,<environment.Job instance at 0x7f686adede10>,0,17,[10  3],1,-1,19,-1,2
1,<environment.Job instance at 0x7f686aded4b0>,5,23,[ 5 13],6,-1,32,-1,9
1,<environment.Job instance at 0x7f686aded0a0>,1,18,[ 2 11],2,-1,45,-1,27
1,<environment.Job instance at 0x7f686adedcd0>,2,13,[11  3],3,-1,50,-1,37
1,<environment.Job instance at 0x7f686aded3c0>,8,25,[ 2 12],9,-1,62,-1,37
1,<environment.Job instance at 0x7f686aded8c0>,9,12,[ 4 14],10,-1,49,-1,37
1,<environment.Job instance at 0x7f686aded820>,10,28,[10  3],11,-1,70,-1,42
1,<environment.Job instance at 0x7f686aded910>,11,23,[11  2],12,-1,68,-1,45
1,<environment.Job instance at 0x7f686abe67d0>,1,18,[ 2 11],2,-1,20,-1,2
1,<environment.Job instance at 0x7f686a6db9b0>,2,13,[11  3],3,-1,16,-1,3
1,<environment.Job instance at 0x7f686b43d230>,3,18,[13  2],4,-1,22,-1,4
1,<environment.Job instance at 0x7f6873b97050>,5,23,[ 5 13],6,-1,29,-1,6
1,<environment.Job instance at 0x7f686a9637d0>,6,23,[2 7],7,-1,30,-1,7
1,<environment.Job instance at 0x7f686a963be0>,7,28,[ 1 10],8,-1,36,-1,8
1,<environment.Job instance at 0x7f686a074a00>,8,25,[ 2 12],9,-1,34,-1,9
1,<environment.Job instance at 0x7f686b43d960>,9,12,[ 4 14],10,-1,22,-1,10
1,<environment.Job instance at 0x7f686a358050>,11,23,[11  2],12,-1,35,-1,12
1,<environment.Job instance at 0x7f686a7d6e10>,15,16,[12  5],16,-1,32,-1,16
1,<environment.Job instance at 0x7f686a7d6dc0>,16,22,[ 3 12],17,-1,39,-1,17
1,<environment.Job instance at 0x7f686b40f9b0>,4,28,[7 1],5,-1,46,-1,18
1,<environment.Job instance at 0x7f686b0b5b40>,10,28,[10  3],11,-1,46,-1,18
1,<environment.Job instance at 0x7f686b106640>,14,27,[1 7],15,-1,45,-1,18
1,<environment.Job instance at 0x7f686a1f7e10>,17,14,[12  4],18,-1,32,-1,18
1,<environment.Job instance at 0x7f686a1f7fa0>,18,28,[11  3],19,-1,47,-1,19
1,<environment.Job instance at 0x7f686a1f7f00>,19,24,[ 5 12],20,-1,44,-1,20
1,<environment.Job instance at 0x7f686a7d6d70>,21,13,[ 3 13],22,-1,35,-1,22
1,<environment.Job instance at 0x7f686a5c9af0>,22,23,[14  4],23,-1,46,-1,23
1,<environment.Job instance at 0x7f686a5c9e60>,23,17,[13  5],24,-1,41,-1,24
1,<environment.Job instance at 0x7f686a5c9fa0>,24,22,[13  1],25,-1,47,-1,25
1,<environment.Job instance at 0x7f686a5c92d0>,25,24,[12  4],26,-1,50,-1,26
1,<environment.Job instance at 0x7f686a5c9730>,26,25,[6 3],27,-1,52,-1,27
1,<environment.Job instance at 0x7f686a5c9410>,20,27,[2 5],21,-1,55,-1,28
1,<environment.Job instance at 0x7f686a5c9640>,27,27,[9 5],28,-1,55,-1,28
1,<environment.Job instance at 0x7f686a5c90f0>,28,18,[ 3 11],29,-1,47,-1,29
1,<environment.Job instance at 0x7f686a5c9370>,29,14,[ 2 13],30,-1,44,-1,30
1,<environment.Job instance at 0x7f686a7c70f0>,34,17,[ 4 14],35,-1,52,-1,35
1,<environment.Job instance at 0x7f686a7c70a0>,35,15,[ 2 14],36,-1,51,-1,36
1,<environment.Job instance at 0x7f686a7c7fa0>,31,23,[3 9],32,-1,63,-1,40
1,<environment.Job instance at 0x7f686a7c77d0>,40,23,[5 9],41,-1,76,-1,53
1,<environment.Job instance at 0x7f686a7c72d0>,41,17,[ 2 14],42,-1,70,-1,53
1,<environment.Job instance at 0x7f686a7c7280>,42,22,[11  4],43,-1,75,-1,53
1,<environment.Job instance at 0x7f686a7c7780>,43,28,[11  2],44,-1,81,-1,53
1,<environment.Job instance at 0x7f686a7c7820>,44,28,[ 4 10],45,-1,81,-1,53
1,<environment.Job instance at 0x7f686a7c7d20>,45,24,[6 2],46,-1,79,-1,55
1,<environment.Job instance at 0x7f686a7c73c0>,47,26,[12  4],48,-1,81,-1,55
1,<environment.Job instance at 0x7f686a7c7500>,48,13,[12  3],49,-1,68,-1,55
1,<environment.Job instance at 0x7f686a7c7460>,49,16,[ 5 11],50,-1,71,-1,55
1,<environment.Job instance at 0x7f686aded320>,51,20,[ 1 11],52,-1,75,-1,55
1,<environment.Job instance at 0x7f686a2c6be0>,54,19,[ 4 11],55,-1,86,-1,67
1,<environment.Job instance at 0x7f686a2c62d0>,56,19,[13  2],57,-1,86,-1,67
1,<environment.Job instance at 0x7f686a2c6230>,57,27,[5 9],58,-1,106,-1,79
1,<environment.Job instance at 0x7f686a2c6730>,58,24,[ 3 14],59,-1,103,-1,79
1,<environment.Job instance at 0x7f686a2c6a00>,59,24,[3 7],60,-1,103,-1,79
1,<environment.Job instance at 0x7f686a2c6640>,62,14,[ 5 11],63,-1,94,-1,80
1,<environment.Job instance at 0x7f686a2c6460>,65,17,[ 2 13],66,-1,110,-1,93
1,<environment.Job instance at 0x7f686a2c6b90>,66,16,[14  4],67,-1,109,-1,93
1,<environment.Job instance at 0x7f686a6fe730>,67,18,[ 1 14],68,-1,111,-1,93
1,<environment.Job instance at 0x7f686a2c6780>,68,16,[ 3 14],69,-1,109,-1,93
1,<environment.Job instance at 0x7f686a6fe960>,71,16,[11  2],72,-1,121,-1,105
1,<environment.Job instance at 0x7f686a6fe5a0>,73,23,[14  2],74,-1,131,-1,108
1,<environment.Job instance at 0x7f686a6fea00>,75,12,[12  5],76,-1,132,-1,120
1,<environment.Job instance at 0x7f686a6fe140>,76,28,[ 2 11],77,-1,148,-1,120
1,<environment.Job instance at 0x7f686a6fecd0>,74,24,[5 9],75,-1,150,-1,126
1,<environment.Job instance at 0x7f686a6fec80>,77,26,[9 1],78,-1,152,-1,126
1,<environment.Job instance at 0x7f686a6fe5f0>,79,23,[14  3],80,-1,149,-1,126
1,<environment.Job instance at 0x7f686a6fef00>,80,18,[ 3 13],81,-1,144,-1,126
1,<environment.Job instance at 0x7f686a6fe3c0>,81,12,[13  1],82,-1,138,-1,126
1,<environment.Job instance at 0x7f686a6feb90>,82,16,[ 4 12],83,-1,142,-1,126
1,<environment.Job instance at 0x7f686a6fe7d0>,83,25,[1 8],84,-1,151,-1,126
1,<environment.Job instance at 0x7f686a906370>,87,26,[13  1],88,-1,162,-1,136
1,<environment.Job instance at 0x7f686a906280>,89,16,[14  1],90,-1,154,-1,138
1,<environment.Job instance at 0x7f686a9063c0>,92,22,[14  5],93,-1,171,-1,149
1,<environment.Job instance at 0x7f686a906820>,93,26,[4 8],94,-1,178,-1,152
1,<environment.Job instance at 0x7f686a906870>,99,23,[ 5 11],100,-1,202,-1,179
1,<environment.Job instance at 0x7f686a906c30>,100,24,[9 1],101,-1,203,-1,179
1,<environment.Job instance at 0x7f686a906460>,103,13,[11  2],104,-1,192,-1,179
1,<environment.Job instance at 0x7f6869da8780>,2,18,[2 5],3,-1,22,-1,4
1,<environment.Job instance at 0x7f6869da8d70>,6,19,[10  4],7,-1,26,-1,7
1,<environment.Job instance at 0x7f6869da8640>,8,24,[2 6],9,-1,33,-1,9
1,<environment.Job instance at 0x7f6869da8c30>,9,21,[1 9],10,-1,31,-1,10
1,<environment.Job instance at 0x7f6869da8820>,10,14,[2 9],11,-1,25,-1,11
1,<environment.Job instance at 0x7f6869da85f0>,11,27,[2 5],12,-1,39,-1,12
1,<environment.Job instance at 0x7f6869da83c0>,3,18,[ 2 12],4,-1,31,-1,13
1,<environment.Job instance at 0x7f6869dea870>,20,18,[1 7],21,-1,57,-1,39
1,<environment.Job instance at 0x7f6869da8b90>,15,23,[11  3],16,-1,64,-1,41
1,<environment.Job instance at 0x7f6869dea780>,22,28,[ 5 13],23,-1,88,-1,60
1,<environment.Job instance at 0x7f6869dea910>,21,19,[4 6],22,-1,79,-1,60
1,<environment.Job instance at 0x7f6869dea050>,24,27,[6 4],25,-1,87,-1,60
1,<environment.Job instance at 0x7f6869dead70>,27,15,[9 5],28,-1,77,-1,62
1,<environment.Job instance at 0x7f6869dea550>,30,25,[1 6],31,-1,87,-1,62
1,<environment.Job instance at 0x7f6869deaf50>,31,20,[11  1],32,-1,82,-1,62
1,<environment.Job instance at 0x7f6869dea230>,19,27,[ 1 14],20,-1,90,-1,63
1,<environment.Job instance at 0x7f6869deacd0>,32,21,[2 8],33,-1,84,-1,63
1,<environment.Job instance at 0x7f6869dea820>,33,13,[9 1],34,-1,80,-1,67
1,<environment.Job instance at 0x7f6869dead20>,34,18,[3 9],35,-1,95,-1,77
1,<environment.Job instance at 0x7f686b499550>,0,27,[ 5 13],1,-1,28,-1,1
1,<environment.Job instance at 0x7f686b499f00>,1,15,[ 3 13],2,-1,17,-1,2
1,<environment.Job instance at 0x7f686b4991e0>,3,18,[ 2 12],4,-1,22,-1,4
1,<environment.Job instance at 0x7f686b499870>,7,24,[14  3],8,-1,32,-1,8
1,<environment.Job instance at 0x7f686b499fa0>,8,24,[2 6],9,-1,44,-1,20
1,<environment.Job instance at 0x7f686a906460>,12,25,[ 2 12],13,-1,45,-1,20
1,<environment.Job instance at 0x7f686a906a50>,11,27,[2 5],12,-1,47,-1,20
1,<environment.Job instance at 0x7f686a9065f0>,15,23,[11  3],16,-1,44,-1,21
1,<environment.Job instance at 0x7f686a906320>,16,26,[ 1 13],17,-1,47,-1,21
1,<environment.Job instance at 0x7f686a906fa0>,17,24,[12  4],18,-1,45,-1,21
1,<environment.Job instance at 0x7f686a906aa0>,19,27,[ 1 14],20,-1,48,-1,21
1,<environment.Job instance at 0x7f686a9060a0>,13,24,[ 2 10],14,-1,45,-1,21
1,<environment.Job instance at 0x7f686a906140>,14,23,[7 1],15,-1,44,-1,21
1,<environment.Job instance at 0x7f686a9061e0>,22,28,[ 5 13],23,-1,51,-1,23
1,<environment.Job instance at 0x7f686a906910>,25,13,[11  2],26,-1,48,-1,35
1,<environment.Job instance at 0x7f686a906730>,26,17,[ 2 14],27,-1,52,-1,35
1,<environment.Job instance at 0x7f686a906cd0>,24,27,[6 4],25,-1,67,-1,40
1,<environment.Job instance at 0x7f686a6fe690>,30,25,[1 6],31,-1,77,-1,52
1,<environment.Job instance at 0x7f686a6fee60>,31,20,[11  1],32,-1,72,-1,52
1,<environment.Job instance at 0x7f686a6fe230>,35,12,[ 1 13],36,-1,64,-1,52
1,<environment.Job instance at 0x7f686a6fe140>,36,23,[1 5],37,-1,77,-1,54
1,<environment.Job instance at 0x7f686a6fe5f0>,37,14,[ 3 11],38,-1,68,-1,54
1,<environment.Job instance at 0x7f686a6fedc0>,39,15,[14  1],40,-1,69,-1,54
1,<environment.Job instance at 0x7f686a6fe280>,41,15,[14  4],42,-1,80,-1,65
1,<environment.Job instance at 0x7f686a6fe960>,43,20,[12  3],44,-1,85,-1,65
1,<environment.Job instance at 0x7f686a6fe910>,44,20,[ 4 11],45,-1,85,-1,65
1,<environment.Job instance at 0x7f686a6fe4b0>,45,19,[ 2 13],46,-1,84,-1,65
1,<environment.Job instance at 0x7f686a6fe0a0>,46,15,[14  2],47,-1,80,-1,65
1,<environment.Job instance at 0x7f686a6fe6e0>,47,12,[13  3],48,-1,77,-1,65
1,<environment.Job instance at 0x7f686a6fe370>,42,25,[ 5 10],43,-1,98,-1,73
1,<environment.Job instance at 0x7f686a4670a0>,49,21,[11  1],50,-1,94,-1,73
1,<environment.Job instance at 0x7f686a3f3f00>,52,23,[8 3],53,-1,106,-1,83
1,<environment.Job instance at 0x7f686a3f3870>,54,18,[14  3],55,-1,101,-1,83
1,<environment.Job instance at 0x7f686a3f3dc0>,55,13,[11  5],56,-1,96,-1,83
1,<environment.Job instance at 0x7f686a42f050>,57,20,[12  2],58,-1,110,-1,90
1,<environment.Job instance at 0x7f686a42f780>,60,17,[ 3 13],61,-1,115,-1,98
1,<environment.Job instance at 0x7f686b4509b0>,62,18,[11  5],63,-1,126,-1,108
1,<environment.Job instance at 0x7f686a42f640>,64,19,[12  3],65,-1,129,-1,110
1,<environment.Job instance at 0x7f686a42ad20>,65,27,[ 1 13],66,-1,137,-1,110
1,<environment.Job instance at 0x7f686a42a780>,66,18,[11  3],67,-1,128,-1,110
1,<environment.Job instance at 0x7f686a409190>,68,21,[ 5 12],69,-1,131,-1,110
1,<environment.Job instance at 0x7f686b45d7d0>,59,28,[8 4],60,-1,150,-1,122
1,<environment.Job instance at 0x7f6869f86aa0>,51,25,[10  4],52,-1,147,-1,122
1,<environment.Job instance at 0x7f686a409230>,71,19,[ 2 13],72,-1,141,-1,122
1,<environment.Job instance at 0x7f686a42c500>,72,24,[ 4 12],73,-1,146,-1,122
1,<environment.Job instance at 0x7f686a42c370>,74,23,[ 4 11],75,-1,146,-1,123
1,<environment.Job instance at 0x7f686a42c550>,75,15,[14  2],76,-1,138,-1,123
1,<environment.Job instance at 0x7f686ad6ba50>,78,24,[4 6],79,-1,167,-1,143
1,<environment.Job instance at 0x7f686ad6bb90>,79,23,[13  5],80,-1,166,-1,143
1,<environment.Job instance at 0x7f686ad6bc30>,80,28,[14  2],81,-1,171,-1,143
1,<environment.Job instance at 0x7f686ad4f0f0>,84,22,[14  1],85,-1,183,-1,161
1,<environment.Job instance at 0x7f686ad4fdc0>,85,22,[13  1],86,-1,183,-1,161
1,<environment.Job instance at 0x7f686ad4f7d0>,86,24,[5 7],87,-1,197,-1,173
1,<environment.Job instance at 0x7f686a430320>,87,22,[ 2 12],88,-1,195,-1,173
1,<environment.Job instance at 0x7f686a430410>,89,26,[7 1],90,-1,203,-1,177
1,<environment.Job instance at 0x7f686ad70af0>,92,13,[14  3],93,-1,202,-1,189
1,<environment.Job instance at 0x7f686a74b500>,2,23,[5 2],3,-1,26,-1,3
1,<environment.Job instance at 0x7f686a74b9b0>,5,15,[11  3],6,-1,21,-1,6
1,<environment.Job instance at 0x7f686a74bdc0>,6,28,[4 7],7,-1,35,-1,7
1,<environment.Job instance at 0x7f686a74b730>,7,13,[5 9],8,-1,21,-1,8
1,<environment.Job instance at 0x7f686a74bb40>,18,27,[10  4],19,-1,84,-1,57
1,<environment.Job instance at 0x7f686a539640>,22,26,[ 4 13],23,-1,83,-1,57
1,<environment.Job instance at 0x7f686a74be10>,17,20,[13  1],18,-1,77,-1,57
1,<environment.Job instance at 0x7f686a539fa0>,24,23,[7 4],25,-1,80,-1,57
1,<environment.Job instance at 0x7f686a8d3fa0>,3,22,[12  2],4,-1,26,-1,4
1,<environment.Job instance at 0x7f686a8d3460>,5,15,[11  3],6,-1,21,-1,6
1,<environment.Job instance at 0x7f686a8d3690>,6,28,[4 7],7,-1,35,-1,7
1,<environment.Job instance at 0x7f686a8d3c80>,9,16,[11  3],10,-1,26,-1,10
1,<environment.Job instance at 0x7f686a8d30f0>,2,23,[5 2],3,-1,36,-1,13
1,<environment.Job instance at 0x7f686a8d30a0>,11,27,[14  2],12,-1,40,-1,13
1,<environment.Job instance at 0x7f686a8d3f00>,12,16,[13  2],13,-1,29,-1,13
1,<environment.Job instance at 0x7f686a8d3640>,8,28,[ 4 10],9,-1,41,-1,13
1,<environment.Job instance at 0x7f686a8d3280>,13,14,[12  1],14,-1,28,-1,14
1,<environment.Job instance at 0x7f686a8d3af0>,16,25,[ 4 13],17,-1,42,-1,17
1,<environment.Job instance at 0x7f686b045730>,17,20,[13  1],18,-1,38,-1,18
1,<environment.Job instance at 0x7f686b045640>,18,27,[10  4],19,-1,53,-1,26
1,<environment.Job instance at 0x7f686a8d3870>,21,24,[ 4 10],22,-1,50,-1,26
1,<environment.Job instance at 0x7f686b576f50>,22,26,[ 4 13],23,-1,52,-1,26
1,<environment.Job instance at 0x7f686b049be0>,24,23,[7 4],25,-1,51,-1,28
1,<environment.Job instance at 0x7f686b049050>,27,25,[ 5 14],28,-1,53,-1,28
1,<environment.Job instance at 0x7f686b2a2730>,25,23,[5 6],26,-1,65,-1,42
1,<environment.Job instance at 0x7f686a153a00>,30,27,[ 5 11],31,-1,69,-1,42
1,<environment.Job instance at 0x7f686a164280>,33,27,[5 6],34,-1,81,-1,54
1,<environment.Job instance at 0x7f686b593c30>,36,26,[ 2 12],37,-1,86,-1,60
1,<environment.Job instance at 0x7f686a40d190>,39,28,[6 5],40,-1,99,-1,71
1,<environment.Job instance at 0x7f686a40d1e0>,40,16,[14  5],41,-1,87,-1,71
1,<environment.Job instance at 0x7f686a40d730>,41,24,[5 1],42,-1,95,-1,71
1,<environment.Job instance at 0x7f686a69c550>,42,17,[ 5 12],43,-1,88,-1,71
1,<environment.Job instance at 0x7f686a69a050>,45,24,[5 8],46,-1,110,-1,86
1,<environment.Job instance at 0x7f686b29ae60>,47,15,[12  1],48,-1,101,-1,86
1,<environment.Job instance at 0x7f686b29a690>,48,23,[8 4],49,-1,109,-1,86
1,<environment.Job instance at 0x7f686a15ca00>,50,24,[1 9],51,-1,110,-1,86
1,<environment.Job instance at 0x7f686a15c0f0>,51,19,[13  2],52,-1,105,-1,86
1,<environment.Job instance at 0x7f686a15ca50>,52,20,[11  2],53,-1,106,-1,86
1,<environment.Job instance at 0x7f686a15caf0>,53,12,[ 4 12],54,-1,98,-1,86
1,<environment.Job instance at 0x7f686a6964b0>,54,15,[14  2],55,-1,101,-1,86
1,<environment.Job instance at 0x7f686a15c9b0>,55,27,[6 2],56,-1,113,-1,86
1,<environment.Job instance at 0x7f686a7630f0>,56,20,[ 5 11],57,-1,106,-1,86
1,<environment.Job instance at 0x7f686a17e3c0>,57,12,[12  2],58,-1,98,-1,86
1,<environment.Job instance at 0x7f686a18f3c0>,59,26,[4 6],60,-1,124,-1,98
1,<environment.Job instance at 0x7f686a18fc30>,60,24,[5 3],61,-1,122,-1,98
1,<environment.Job instance at 0x7f686a16e820>,61,13,[13  3],62,-1,111,-1,98
1,<environment.Job instance at 0x7f686a16ef50>,62,13,[11  1],63,-1,111,-1,98
1,<environment.Job instance at 0x7f686a75fbe0>,63,23,[12  2],64,-1,121,-1,98
1,<environment.Job instance at 0x7f686a40aeb0>,64,12,[12  1],65,-1,110,-1,98
1,<environment.Job instance at 0x7f686a40ae10>,65,17,[12  5],66,-1,115,-1,98
1,<environment.Job instance at 0x7f686a188190>,68,25,[6 4],69,-1,136,-1,111
1,<environment.Job instance at 0x7f686b39c410>,69,25,[14  3],70,-1,136,-1,111
1,<environment.Job instance at 0x7f686ac573c0>,70,27,[8 1],71,-1,138,-1,111
1,<environment.Job instance at 0x7f686a5e84b0>,71,27,[7 5],72,-1,138,-1,111
1,<environment.Job instance at 0x7f686a997410>,72,20,[ 3 12],73,-1,131,-1,111
1,<environment.Job instance at 0x7f686ad74050>,73,28,[1 8],74,-1,139,-1,111
1,<environment.Job instance at 0x7f686ad745f0>,74,23,[13  1],75,-1,134,-1,111
1,<environment.Job instance at 0x7f686ad70b90>,76,20,[ 5 14],77,-1,131,-1,111
1,<environment.Job instance at 0x7f686ad705f0>,77,17,[ 4 12],78,-1,128,-1,111
1,<environment.Job instance at 0x7f686ad70410>,78,14,[12  3],79,-1,125,-1,111
1,<environment.Job instance at 0x7f686ad70550>,79,28,[ 5 12],80,-1,139,-1,111
1,<environment.Job instance at 0x7f686a4301e0>,81,16,[ 4 12],82,-1,128,-1,112
1,<environment.Job instance at 0x7f686a430410>,82,13,[ 1 12],83,-1,125,-1,112
1,<environment.Job instance at 0x7f686ad4ffa0>,84,17,[12  3],85,-1,131,-1,114
1,<environment.Job instance at 0x7f686ad4f7d0>,85,12,[11  2],86,-1,126,-1,114
1,<environment.Job instance at 0x7f686ad4f0f0>,83,26,[4 9],84,-1,155,-1,129
1,<environment.Job instance at 0x7f686ad6b050>,90,27,[ 4 10],91,-1,186,-1,159
1,<environment.Job instance at 0x7f686a42c550>,92,19,[ 1 11],93,-1,178,-1,159
1,<environment.Job instance at 0x7f686a42c820>,93,26,[5 3],94,-1,185,-1,159
1,<environment.Job instance at 0x7f686a42c870>,94,27,[12  1],95,-1,186,-1,159
1,<environment.Job instance at 0x7f686a42c5f0>,95,19,[14  2],96,-1,178,-1,159
1,<environment.Job instance at 0x7f686a409230>,96,13,[11  3],97,-1,172,-1,159
1,<environment.Job instance at 0x7f686a409730>,97,20,[14  5],98,-1,179,-1,159
1,<environment.Job instance at 0x7f686a4097d0>,98,24,[1 7],99,-1,183,-1,159
1,<environment.Job instance at 0x7f686b4507d0>,100,26,[12  5],101,-1,185,-1,159
1,<environment.Job instance at 0x7f686b45d7d0>,101,12,[ 5 13],102,-1,171,-1,159
1,<environment.Job instance at 0x7f686a42a6e0>,102,28,[13  2],103,-1,187,-1,159
1,<environment.Job instance at 0x7f686a42ad20>,103,14,[ 2 13],104,-1,173,-1,159
1,<environment.Job instance at 0x7f686a42f640>,104,28,[ 5 14],105,-1,187,-1,159
1,<environment.Job instance at 0x7f686ad6bb90>,91,27,[9 3],92,-1,188,-1,161
1,<environment.Job instance at 0x7f686a3f30a0>,109,26,[ 5 12],110,-1,204,-1,178
1,<environment.Job instance at 0x7f686a3f32d0>,111,15,[11  1],112,-1,196,-1,181
1,<environment.Job instance at 0x7f686a1a49b0>,112,21,[13  4],113,-1,202,-1,181
1,<environment.Job instance at 0x7f686b4388c0>,113,20,[ 2 11],114,-1,201,-1,181
1,<environment.Job instance at 0x7f686a1530a0>,0,15,[9 4],1,-1,17,-1,2
1,<environment.Job instance at 0x7f686a5482d0>,1,24,[7 3],2,-1,26,-1,2
1,<environment.Job instance at 0x7f686ad4c6e0>,4,12,[10  3],5,-1,18,-1,6
1,<environment.Job instance at 0x7f686a5ca370>,7,21,[2 8],8,-1,29,-1,8
1,<environment.Job instance at 0x7f686a8d3c30>,11,19,[ 4 12],12,-1,61,-1,42
1,<environment.Job instance at 0x7f686a25d9b0>,19,20,[7 3],20,-1,67,-1,47
1,<environment.Job instance at 0x7f686b0dfe10>,2,20,[ 3 14],3,-1,23,-1,3
1,<environment.Job instance at 0x7f686b132cd0>,6,12,[14  1],7,-1,19,-1,7
1,<environment.Job instance at 0x7f686b132aa0>,8,28,[13  5],9,-1,37,-1,9
1,<environment.Job instance at 0x7f686b132af0>,9,24,[11  2],10,-1,34,-1,10
1,<environment.Job instance at 0x7f686b132be0>,1,24,[7 3],2,-1,40,-1,16
1,<environment.Job instance at 0x7f686b132320>,11,19,[ 4 12],12,-1,35,-1,16
1,<environment.Job instance at 0x7f686b477780>,14,25,[14  2],15,-1,41,-1,16
1,<environment.Job instance at 0x7f686b4772d0>,15,17,[ 3 12],16,-1,33,-1,16
1,<environment.Job instance at 0x7f686b4770a0>,16,16,[ 4 14],17,-1,33,-1,17
1,<environment.Job instance at 0x7f686b4778c0>,18,26,[ 5 14],19,-1,45,-1,19
1,<environment.Job instance at 0x7f686b477230>,20,14,[ 1 13],21,-1,35,-1,21
1,<environment.Job instance at 0x7f686b477640>,21,13,[ 5 14],22,-1,35,-1,22
1,<environment.Job instance at 0x7f686b477410>,22,26,[11  1],23,-1,49,-1,23
1,<environment.Job instance at 0x7f686b4777d0>,23,24,[12  2],24,-1,48,-1,24
1,<environment.Job instance at 0x7f686b477460>,27,22,[ 2 11],28,-1,55,-1,33
1,<environment.Job instance at 0x7f686b477a50>,26,24,[8 1],27,-1,70,-1,46
1,<environment.Job instance at 0x7f686b477730>,28,25,[8 3],29,-1,71,-1,46
1,<environment.Job instance at 0x7f686a5ca960>,32,14,[11  1],33,-1,60,-1,46
1,<environment.Job instance at 0x7f686a5cabe0>,35,12,[ 4 12],36,-1,63,-1,51
1,<environment.Job instance at 0x7f686a5caf00>,36,26,[13  2],37,-1,77,-1,51
1,<environment.Job instance at 0x7f686a5caaa0>,38,20,[14  5],39,-1,78,-1,58
1,<environment.Job instance at 0x7f686a5ca8c0>,40,17,[13  3],41,-1,80,-1,63
1,<environment.Job instance at 0x7f686a5cae10>,41,20,[ 4 11],42,-1,83,-1,63
1,<environment.Job instance at 0x7f686a5ca780>,43,20,[14  2],44,-1,86,-1,66
1,<environment.Job instance at 0x7f686a5caeb0>,45,25,[11  3],46,-1,100,-1,75
1,<environment.Job instance at 0x7f686a5ca6e0>,46,27,[13  5],47,-1,102,-1,75
1,<environment.Job instance at 0x7f686a5cafa0>,48,14,[ 4 13],49,-1,96,-1,82
1,<environment.Job instance at 0x7f686a5cacd0>,49,18,[ 3 14],50,-1,100,-1,82
1,<environment.Job instance at 0x7f686a74bbe0>,50,26,[14  5],51,-1,108,-1,82
1,<environment.Job instance at 0x7f686b43d230>,52,15,[11  5],53,-1,97,-1,82
1,<environment.Job instance at 0x7f686a539230>,53,23,[ 3 11],54,-1,105,-1,82
1,<environment.Job instance at 0x7f686a994370>,55,25,[11  1],56,-1,117,-1,92
1,<environment.Job instance at 0x7f686a1a49b0>,56,20,[ 1 13],57,-1,112,-1,92
1,<environment.Job instance at 0x7f686a3f94b0>,57,18,[ 3 13],58,-1,110,-1,92
1,<environment.Job instance at 0x7f686b125c80>,54,28,[4 9],55,-1,131,-1,103
1,<environment.Job instance at 0x7f686a3f3dc0>,60,27,[ 1 12],61,-1,130,-1,103
1,<environment.Job instance at 0x7f686a42f780>,63,14,[ 3 13],64,-1,127,-1,113
1,<environment.Job instance at 0x7f686a5ca9b0>,33,24,[8 5],34,-1,138,-1,114
1,<environment.Job instance at 0x7f686a42f640>,65,27,[ 4 11],66,-1,141,-1,114
1,<environment.Job instance at 0x7f686a5ca7d0>,44,25,[8 5],45,-1,139,-1,114
1,<environment.Job instance at 0x7f686a42ad20>,68,18,[13  2],69,-1,132,-1,114
1,<environment.Job instance at 0x7f686a42a6e0>,69,24,[11  3],70,-1,138,-1,114
1,<environment.Job instance at 0x7f686a4097d0>,71,12,[ 5 12],72,-1,129,-1,117
1,<environment.Job instance at 0x7f686a4092d0>,72,28,[4 5],73,-1,156,-1,128
1,<environment.Job instance at 0x7f686a409730>,74,28,[9 1],75,-1,158,-1,130
1,<environment.Job instance at 0x7f686a42c550>,75,28,[5 5],76,-1,158,-1,130
1,<environment.Job instance at 0x7f686a42c870>,78,24,[5 3],79,-1,167,-1,143
1,<environment.Job instance at 0x7f686ad6ba50>,81,19,[12  3],82,-1,174,-1,155
1,<environment.Job instance at 0x7f686ad4ffa0>,82,25,[2 6],83,-1,184,-1,159
1,<environment.Job instance at 0x7f686ad4fdc0>,83,15,[11  2],84,-1,174,-1,159
1,<environment.Job instance at 0x7f686ad6bf00>,84,25,[10  3],85,-1,192,-1,167
1,<environment.Job instance at 0x7f686a430280>,85,28,[4 6],86,-1,195,-1,167
1,<environment.Job instance at 0x7f686a4301e0>,87,18,[11  5],88,-1,185,-1,167
1,<environment.Job instance at 0x7f686a997410>,89,17,[ 3 14],90,-1,184,-1,167
1,<environment.Job instance at 0x7f686ad70550>,88,23,[ 1 10],89,-1,197,-1,174
1,<environment.Job instance at 0x7f686ad70b90>,91,28,[4 7],92,-1,202,-1,174
1,<environment.Job instance at 0x7f686a5e84b0>,93,24,[11  4],94,-1,198,-1,174
1,<environment.Job instance at 0x7f686a188190>,94,21,[13  3],95,-1,195,-1,174
1,<environment.Job instance at 0x7f686ad74280>,95,14,[12  3],96,-1,188,-1,174
1,<environment.Job instance at 0x7f686ac57b90>,97,24,[11  4],98,-1,210,-1,186
1,<environment.Job instance at 0x7f6869d14910>,7,18,[11  2],8,-1,27,-1,9
1,<environment.Job instance at 0x7f6869d14b40>,4,17,[ 3 11],5,-1,28,-1,11
1,<environment.Job instance at 0x7f686a118b40>,22,28,[5 3],23,-1,124,-1,96
1,<environment.Job instance at 0x7f686a118cd0>,13,28,[11  2],14,-1,124,-1,96
1,<environment.Job instance at 0x7f686a118af0>,24,24,[10  4],25,-1,156,-1,132
1,<environment.Job instance at 0x7f686b2a6410>,31,17,[ 1 14],32,-1,149,-1,132
1,<environment.Job instance at 0x7f686a0fbdc0>,0,17,[12  2],1,-1,18,-1,1
1,<environment.Job instance at 0x7f686a0fb7d0>,1,17,[ 2 13],2,-1,19,-1,2
1,<environment.Job instance at 0x7f686aa35050>,3,26,[ 3 14],4,-1,30,-1,4
1,<environment.Job instance at 0x7f6869f8daa0>,4,17,[ 3 11],5,-1,22,-1,5
1,<environment.Job instance at 0x7f6869f8d320>,5,26,[ 1 11],6,-1,32,-1,6
1,<environment.Job instance at 0x7f6869f92aa0>,7,18,[11  2],8,-1,26,-1,8
1,<environment.Job instance at 0x7f6869f8ddc0>,8,21,[ 5 12],9,-1,30,-1,9
1,<environment.Job instance at 0x7f686a120f50>,11,28,[13  4],12,-1,40,-1,12
1,<environment.Job instance at 0x7f6869f8d5f0>,12,15,[ 4 13],13,-1,28,-1,13
1,<environment.Job instance at 0x7f686a120820>,13,28,[11  2],14,-1,42,-1,14
1,<environment.Job instance at 0x7f686a0f8a00>,14,12,[ 3 12],15,-1,27,-1,15
1,<environment.Job instance at 0x7f686a120280>,15,24,[7 1],16,-1,42,-1,18
1,<environment.Job instance at 0x7f686a0f8050>,17,24,[6 2],18,-1,42,-1,18
1,<environment.Job instance at 0x7f686a119730>,20,15,[ 4 12],21,-1,36,-1,21
1,<environment.Job instance at 0x7f686a121820>,21,25,[11  3],22,-1,47,-1,22
1,<environment.Job instance at 0x7f686a119690>,18,23,[7 4],19,-1,47,-1,24
1,<environment.Job instance at 0x7f686a121870>,22,28,[5 3],23,-1,52,-1,24
1,<environment.Job instance at 0x7f686a121cd0>,25,12,[ 3 13],26,-1,38,-1,26
1,<environment.Job instance at 0x7f686a130780>,26,27,[ 4 12],27,-1,54,-1,27
1,<environment.Job instance at 0x7f686a121910>,28,21,[ 2 11],29,-1,50,-1,29
1,<environment.Job instance at 0x7f686a1195f0>,19,23,[2 8],20,-1,54,-1,31
1,<environment.Job instance at 0x7f686a130f50>,30,17,[ 4 13],31,-1,48,-1,31
1,<environment.Job instance at 0x7f6869fa73c0>,31,17,[ 1 14],32,-1,49,-1,32
1,<environment.Job instance at 0x7f686a1307d0>,32,13,[13  1],33,-1,46,-1,33
1,<environment.Job instance at 0x7f686a858690>,34,13,[11  2],35,-1,48,-1,35
1,<environment.Job instance at 0x7f686a130730>,35,16,[13  4],36,-1,52,-1,36
1,<environment.Job instance at 0x7f686a1270f0>,36,25,[ 1 12],37,-1,62,-1,37
1,<environment.Job instance at 0x7f686a127c30>,37,19,[14  2],38,-1,57,-1,38
1,<environment.Job instance at 0x7f686a127a50>,38,18,[11  2],39,-1,57,-1,39
1,<environment.Job instance at 0x7f686a1270a0>,39,27,[ 2 11],40,-1,67,-1,40
1,<environment.Job instance at 0x7f686a127a00>,40,21,[ 5 12],41,-1,62,-1,41
1,<environment.Job instance at 0x7f686a858640>,41,27,[5 9],42,-1,69,-1,42
1,<environment.Job instance at 0x7f686a127aa0>,42,24,[ 2 12],43,-1,67,-1,43
1,<environment.Job instance at 0x7f686a83e230>,43,27,[ 2 11],44,-1,71,-1,44
1,<environment.Job instance at 0x7f686a83eaa0>,44,20,[12  2],45,-1,65,-1,45
1,<environment.Job instance at 0x7f686a83eb40>,45,26,[6 1],46,-1,79,-1,53
1,<environment.Job instance at 0x7f686a83eb90>,48,26,[1 6],49,-1,79,-1,53
1,<environment.Job instance at 0x7f686a1174b0>,49,27,[12  5],50,-1,80,-1,53
1,<environment.Job instance at 0x7f686a121320>,24,24,[10  4],25,-1,77,-1,53
1,<environment.Job instance at 0x7f686a130690>,29,23,[9 2],30,-1,76,-1,53
1,<environment.Job instance at 0x7f686a8650a0>,54,18,[ 1 11],55,-1,76,-1,58
1,<environment.Job instance at 0x7f686a866690>,55,27,[11  1],56,-1,85,-1,58
1,<environment.Job instance at 0x7f686a866550>,56,16,[ 1 14],57,-1,74,-1,58
1,<environment.Job instance at 0x7f6869f7b550>,58,17,[12  2],59,-1,76,-1,59
1,<environment.Job instance at 0x7f686a4e55a0>,59,13,[ 2 12],60,-1,73,-1,60
1,<environment.Job instance at 0x7f686a5150f0>,60,17,[ 1 13],61,-1,78,-1,61
1,<environment.Job instance at 0x7f686a52f780>,61,25,[12  5],62,-1,87,-1,62
1,<environment.Job instance at 0x7f686a4ef2d0>,65,13,[ 4 14],66,-1,79,-1,66
1,<environment.Job instance at 0x7f686b372b90>,66,18,[ 4 13],67,-1,85,-1,67
1,<environment.Job instance at 0x7f686a4c74b0>,67,20,[ 2 11],68,-1,88,-1,68
1,<environment.Job instance at 0x7f686a4ef910>,64,25,[5 5],65,-1,102,-1,77
1,<environment.Job instance at 0x7f686a4c7500>,69,16,[ 1 13],70,-1,93,-1,77
1,<environment.Job instance at 0x7f686a85baf0>,71,12,[ 3 11],72,-1,89,-1,77
1,<environment.Job instance at 0x7f686a85bb90>,72,26,[ 2 14],73,-1,103,-1,77
1,<environment.Job instance at 0x7f686a50fb40>,75,21,[11  3],76,-1,100,-1,79
1,<environment.Job instance at 0x7f686a50f2d0>,76,13,[14  1],77,-1,92,-1,79
1,<environment.Job instance at 0x7f6869f8ef00>,77,13,[14  1],78,-1,92,-1,79
1,<environment.Job instance at 0x7f6869f8e1e0>,78,18,[ 2 14],79,-1,97,-1,79
1,<environment.Job instance at 0x7f686a8c4230>,80,17,[ 2 14],81,-1,126,-1,109
1,<environment.Job instance at 0x7f6869faee60>,84,15,[ 2 12],85,-1,124,-1,109
1,<environment.Job instance at 0x7f6869fae640>,85,25,[ 3 10],86,-1,149,-1,124
1,<environment.Job instance at 0x7f686ae748c0>,87,21,[13  1],88,-1,145,-1,124
1,<environment.Job instance at 0x7f686a871730>,88,19,[12  2],89,-1,143,-1,124
1,<environment.Job instance at 0x7f686a0dcf00>,90,25,[12  1],91,-1,149,-1,124
1,<environment.Job instance at 0x7f686a0dc2d0>,91,19,[ 1 11],92,-1,143,-1,124
1,<environment.Job instance at 0x7f686a857910>,93,12,[ 4 11],94,-1,153,-1,141
1,<environment.Job instance at 0x7f686a857460>,94,15,[14  4],95,-1,156,-1,141
1,<environment.Job instance at 0x7f686b370eb0>,95,26,[ 1 11],96,-1,167,-1,141
1,<environment.Job instance at 0x7f6869e3d730>,97,24,[11  5],98,-1,165,-1,141
1,<environment.Job instance at 0x7f686a0f4230>,100,14,[ 3 11],101,-1,156,-1,142
1,<environment.Job instance at 0x7f686a0f4140>,101,17,[13  5],102,-1,159,-1,142
1,<environment.Job instance at 0x7f686a0f4730>,102,19,[14  2],103,-1,161,-1,142
1,<environment.Job instance at 0x7f686a0f4910>,103,14,[11  1],104,-1,156,-1,142
1,<environment.Job instance at 0x7f686a0f4af0>,104,24,[5 6],105,-1,182,-1,158
1,<environment.Job instance at 0x7f686a0f4c30>,105,23,[3 6],106,-1,181,-1,158
1,<environment.Job instance at 0x7f686a0f4320>,106,14,[12  3],107,-1,172,-1,158
1,<environment.Job instance at 0x7f686a0f42d0>,107,13,[ 3 13],108,-1,171,-1,158
1,<environment.Job instance at 0x7f686a128be0>,108,12,[14  1],109,-1,170,-1,158
1,<environment.Job instance at 0x7f686a128820>,110,12,[14  5],111,-1,170,-1,158
1,<environment.Job instance at 0x7f686a128370>,111,17,[ 5 12],112,-1,175,-1,158
1,<environment.Job instance at 0x7f686a128e10>,113,18,[ 3 11],114,-1,178,-1,160
1,<environment.Job instance at 0x7f6869e545a0>,0,19,[ 4 10],1,-1,20,-1,1
1,<environment.Job instance at 0x7f6869e37a00>,5,16,[4 6],6,-1,23,-1,7
1,<environment.Job instance at 0x7f6869e6a6e0>,1,20,[ 4 14],2,-1,22,-1,2
1,<environment.Job instance at 0x7f6869e651e0>,2,22,[12  2],3,-1,25,-1,3
1,<environment.Job instance at 0x7f6869e62e10>,3,22,[ 5 12],4,-1,26,-1,4
1,<environment.Job instance at 0x7f6869e62550>,4,21,[11  2],5,-1,26,-1,5
1,<environment.Job instance at 0x7f6869e6b780>,7,22,[13  2],8,-1,30,-1,8
1,<environment.Job instance at 0x7f6869e71eb0>,8,27,[10  4],9,-1,36,-1,9
1,<environment.Job instance at 0x7f6869e71910>,9,13,[ 5 11],10,-1,23,-1,10
1,<environment.Job instance at 0x7f686aa34b90>,11,28,[11  5],12,-1,40,-1,12
1,<environment.Job instance at 0x7f6869e71a50>,12,18,[ 1 13],13,-1,31,-1,13
1,<environment.Job instance at 0x7f6869e549b0>,15,25,[13  1],16,-1,41,-1,16
1,<environment.Job instance at 0x7f6869e54af0>,16,17,[ 5 14],17,-1,34,-1,17
1,<environment.Job instance at 0x7f6869e54050>,17,16,[11  1],18,-1,34,-1,18
1,<environment.Job instance at 0x7f6869e54c80>,18,17,[14  2],19,-1,36,-1,19
1,<environment.Job instance at 0x7f6869e6b640>,6,28,[5 7],7,-1,48,-1,20
1,<environment.Job instance at 0x7f6869e54b90>,19,28,[11  5],20,-1,48,-1,20
1,<environment.Job instance at 0x7f6869e54500>,20,20,[ 3 12],21,-1,41,-1,21
1,<environment.Job instance at 0x7f6869e3f500>,21,25,[13  4],22,-1,47,-1,22
1,<environment.Job instance at 0x7f6869e3fdc0>,22,14,[11  5],23,-1,37,-1,23
1,<environment.Job instance at 0x7f6869e54c30>,24,16,[11  5],25,-1,41,-1,25
1,<environment.Job instance at 0x7f6869e3f0f0>,25,24,[ 2 12],26,-1,50,-1,26
1,<environment.Job instance at 0x7f6869e3fbe0>,26,16,[ 4 14],27,-1,43,-1,27
1,<environment.Job instance at 0x7f6869e3f320>,27,13,[ 5 14],28,-1,41,-1,28
1,<environment.Job instance at 0x7f6869e3f730>,29,18,[14  2],30,-1,48,-1,30
1,<environment.Job instance at 0x7f6869e3fc30>,30,12,[12  2],31,-1,43,-1,31
1,<environment.Job instance at 0x7f6869e3f370>,31,13,[ 1 14],32,-1,45,-1,32
1,<environment.Job instance at 0x7f6869e3f820>,32,27,[5 4],33,-1,63,-1,36
1,<environment.Job instance at 0x7f6869e3f460>,34,12,[ 5 12],35,-1,48,-1,36
1,<environment.Job instance at 0x7f6869e3fc80>,35,25,[ 3 13],36,-1,61,-1,36
1,<environment.Job instance at 0x7f6869e441e0>,37,24,[12  1],38,-1,62,-1,38
1,<environment.Job instance at 0x7f6869e44320>,38,21,[13  1],39,-1,60,-1,39
1,<environment.Job instance at 0x7f6869e44370>,39,17,[ 5 11],40,-1,57,-1,40
1,<environment.Job instance at 0x7f6869e444b0>,42,17,[ 2 13],43,-1,63,-1,46
1,<environment.Job instance at 0x7f6869e440a0>,44,13,[ 3 14],45,-1,70,-1,57
1,<environment.Job instance at 0x7f6869e440f0>,45,13,[11  1],46,-1,70,-1,57
1,<environment.Job instance at 0x7f6869e44cd0>,47,14,[13  1],48,-1,71,-1,57
1,<environment.Job instance at 0x7f6869e44500>,49,20,[ 4 13],50,-1,78,-1,58
1,<environment.Job instance at 0x7f6869e44dc0>,50,21,[ 4 12],51,-1,79,-1,58
1,<environment.Job instance at 0x7f6869e44b90>,53,15,[ 5 11],54,-1,90,-1,75
1,<environment.Job instance at 0x7f6869e44230>,55,27,[14  1],56,-1,102,-1,75
1,<environment.Job instance at 0x7f6869e44140>,46,28,[5 6],47,-1,119,-1,91
1,<environment.Job instance at 0x7f6869e3d410>,60,23,[ 5 14],61,-1,114,-1,91
1,<environment.Job instance at 0x7f6869e3d3c0>,62,13,[14  3],63,-1,104,-1,91
1,<environment.Job instance at 0x7f6869e3d640>,63,17,[ 4 11],64,-1,108,-1,91
1,<environment.Job instance at 0x7f6869e3d320>,61,28,[9 3],62,-1,132,-1,104
1,<environment.Job instance at 0x7f6869e3ddc0>,66,26,[13  3],67,-1,130,-1,104
1,<environment.Job instance at 0x7f6869e3d820>,58,24,[10  4],59,-1,128,-1,104
1,<environment.Job instance at 0x7f6869e3d690>,70,20,[ 4 14],71,-1,132,-1,112
1,<environment.Job instance at 0x7f6869e3d0f0>,72,23,[ 5 12],73,-1,135,-1,112
1,<environment.Job instance at 0x7f6869e3d1e0>,73,24,[14  4],74,-1,136,-1,112
1,<environment.Job instance at 0x7f6869e3dc80>,75,16,[13  2],76,-1,129,-1,113
1,<environment.Job instance at 0x7f686aa35050>,77,21,[ 5 13],78,-1,139,-1,118
1,<environment.Job instance at 0x7f686aa35a00>,78,12,[ 1 12],79,-1,130,-1,118
1,<environment.Job instance at 0x7f686aa35d70>,79,22,[12  4],80,-1,140,-1,118
1,<environment.Job instance at 0x7f686aa353c0>,80,27,[ 1 13],81,-1,145,-1,118
1,<environment.Job instance at 0x7f686aa35b40>,81,18,[ 2 12],82,-1,136,-1,118
1,<environment.Job instance at 0x7f686aa35b90>,83,13,[ 5 14],84,-1,131,-1,118
1,<environment.Job instance at 0x7f686aa35c30>,84,17,[14  3],85,-1,135,-1,118
1,<environment.Job instance at 0x7f686aa35e10>,82,26,[5 5],83,-1,157,-1,131
1,<environment.Job instance at 0x7f686aa35960>,86,28,[11  4],87,-1,159,-1,131
1,<environment.Job instance at 0x7f686aa35190>,88,23,[13  4],89,-1,155,-1,132
1,<environment.Job instance at 0x7f686aa35d20>,85,27,[7 1],86,-1,161,-1,134
1,<environment.Job instance at 0x7f686ac03960>,95,20,[11  5],96,-1,183,-1,163
1,<environment.Job instance at 0x7f686ac03c80>,96,26,[1 8],97,-1,194,-1,168
1,<environment.Job instance at 0x7f686ac03e10>,100,13,[ 1 14],101,-1,194,-1,181
1,<environment.Job instance at 0x7f686ac03a00>,101,23,[5 6],102,-1,207,-1,184
1,<environment.Job instance at 0x7f686ac03870>,102,24,[ 4 14],103,-1,208,-1,184
1,<environment.Job instance at 0x7f686ac03460>,103,12,[ 4 14],104,-1,196,-1,184
1,<environment.Job instance at 0x7f686ac037d0>,104,23,[11  2],105,-1,207,-1,184
1,<environment.Job instance at 0x7f686ac03640>,105,18,[ 3 12],106,-1,202,-1,184
1,<environment.Job instance at 0x7f686ac031e0>,106,14,[12  1],107,-1,198,-1,184
1,<environment.Job instance at 0x7f686ac03280>,108,28,[13  4],109,-1,212,-1,184
1,<environment.Job instance at 0x7f6869e3fb40>,1,22,[9 4],2,-1,25,-1,3
1,<environment.Job instance at 0x7f6869e3d870>,3,27,[4 6],4,-1,31,-1,4
1,<environment.Job instance at 0x7f6869e65460>,2,20,[7 3],3,-1,24,-1,4
1,<environment.Job instance at 0x7f686a83a0a0>,0,24,[3 9],1,-1,25,-1,1
1,<environment.Job instance at 0x7f686a83ad20>,3,27,[4 6],4,-1,31,-1,4
1,<environment.Job instance at 0x7f686a83ae10>,4,26,[ 4 10],5,-1,31,-1,5
1,<environment.Job instance at 0x7f686a83a640>,5,15,[14  4],6,-1,21,-1,6
1,<environment.Job instance at 0x7f686a83a2d0>,6,26,[13  5],7,-1,33,-1,7
1,<environment.Job instance at 0x7f686a83a1e0>,7,14,[ 1 12],8,-1,22,-1,8
1,<environment.Job instance at 0x7f686a83a820>,8,27,[ 3 12],9,-1,36,-1,9
1,<environment.Job instance at 0x7f686ac03fa0>,12,28,[ 1 13],13,-1,41,-1,13
1,<environment.Job instance at 0x7f686ac033c0>,13,14,[13  1],14,-1,28,-1,14
1,<environment.Job instance at 0x7f686ac03be0>,14,25,[12  2],15,-1,40,-1,15
1,<environment.Job instance at 0x7f686ac031e0>,16,27,[ 5 14],17,-1,44,-1,17
1,<environment.Job instance at 0x7f686ac03f00>,17,13,[14  4],18,-1,31,-1,18
1,<environment.Job instance at 0x7f686ac03640>,18,19,[13  2],19,-1,38,-1,19
1,<environment.Job instance at 0x7f686ac03230>,21,17,[13  4],22,-1,39,-1,22
1,<environment.Job instance at 0x7f686ac038c0>,23,23,[5 2],24,-1,47,-1,24
1,<environment.Job instance at 0x7f686ac03cd0>,22,23,[3 6],23,-1,47,-1,24
1,<environment.Job instance at 0x7f686ac03a00>,24,13,[11  2],25,-1,38,-1,25
1,<environment.Job instance at 0x7f686ac03370>,27,28,[5 3],28,-1,72,-1,44
1,<environment.Job instance at 0x7f686ac035f0>,29,23,[5 2],30,-1,67,-1,44
1,<environment.Job instance at 0x7f686ac03c80>,30,17,[ 5 14],31,-1,61,-1,44
1,<environment.Job instance at 0x7f686ac03dc0>,28,23,[8 5],29,-1,75,-1,52
1,<environment.Job instance at 0x7f6869e3d1e0>,32,28,[ 5 13],33,-1,80,-1,52
1,<environment.Job instance at 0x7f6869e3dd70>,34,15,[11  1],35,-1,67,-1,52
1,<environment.Job instance at 0x7f6869e3d690>,35,19,[ 1 12],36,-1,71,-1,52
1,<environment.Job instance at 0x7f6869e3da50>,37,13,[ 2 11],38,-1,65,-1,52
1,<environment.Job instance at 0x7f6869e3daf0>,38,20,[ 3 12],39,-1,72,-1,52
1,<environment.Job instance at 0x7f6869e3d780>,31,28,[10  4],32,-1,85,-1,57
1,<environment.Job instance at 0x7f6869e3df50>,39,23,[10  1],40,-1,80,-1,57
1,<environment.Job instance at 0x7f6869e3d460>,44,18,[12  3],45,-1,75,-1,57
1,<environment.Job instance at 0x7f6869e3df00>,46,12,[ 1 13],47,-1,79,-1,67
1,<environment.Job instance at 0x7f6869e3d7d0>,47,27,[14  1],48,-1,94,-1,67
1,<environment.Job instance at 0x7f6869e3deb0>,42,27,[ 5 10],43,-1,94,-1,67
1,<environment.Job instance at 0x7f6869e44230>,49,19,[13  5],50,-1,86,-1,67
1,<environment.Job instance at 0x7f6869e44af0>,50,24,[12  5],51,-1,91,-1,67
1,<environment.Job instance at 0x7f6869e44b90>,51,22,[12  2],52,-1,89,-1,67
1,<environment.Job instance at 0x7f6869e445a0>,53,15,[13  2],54,-1,82,-1,67
1,<environment.Job instance at 0x7f6869e44dc0>,55,13,[ 1 14],56,-1,80,-1,67
1,<environment.Job instance at 0x7f6869e44b40>,56,27,[5 5],57,-1,101,-1,74
1,<environment.Job instance at 0x7f6869e44960>,57,26,[ 4 12],58,-1,100,-1,74
1,<environment.Job instance at 0x7f6869e449b0>,54,26,[9 4],55,-1,100,-1,74
1,<environment.Job instance at 0x7f6869e44640>,59,18,[ 4 11],60,-1,92,-1,74
1,<environment.Job instance at 0x7f6869e44e10>,60,13,[11  5],61,-1,87,-1,74
1,<environment.Job instance at 0x7f6869e444b0>,61,12,[11  2],62,-1,86,-1,74
1,<environment.Job instance at 0x7f6869e44690>,63,22,[ 1 11],64,-1,96,-1,74
1,<environment.Job instance at 0x7f6869e442d0>,58,28,[ 2 10],59,-1,108,-1,80
1,<environment.Job instance at 0x7f6869e44f50>,62,27,[3 7],63,-1,107,-1,80
1,<environment.Job instance at 0x7f6869e441e0>,66,12,[ 2 13],67,-1,92,-1,80
1,<environment.Job instance at 0x7f6869e44320>,68,15,[11  5],69,-1,95,-1,80
1,<environment.Job instance at 0x7f6869e3f820>,69,25,[5 2],70,-1,116,-1,91
1,<environment.Job instance at 0x7f6869e3faf0>,72,24,[5 9],73,-1,127,-1,103
1,<environment.Job instance at 0x7f6869e3f9b0>,73,18,[ 1 12],74,-1,121,-1,103
1,<environment.Job instance at 0x7f6869e3f0a0>,74,28,[13  5],75,-1,131,-1,103
1,<environment.Job instance at 0x7f6869e3f910>,75,13,[ 2 11],76,-1,116,-1,103
1,<environment.Job instance at 0x7f6869e3f4b0>,77,24,[11  2],78,-1,127,-1,103
1,<environment.Job instance at 0x7f6869e3f140>,78,24,[6 4],79,-1,131,-1,107
1,<environment.Job instance at 0x7f6869e3fa50>,81,18,[11  5],82,-1,125,-1,107
1,<environment.Job instance at 0x7f6869e54140>,82,13,[ 2 14],83,-1,120,-1,107
1,<environment.Job instance at 0x7f6869e541e0>,83,13,[13  3],84,-1,120,-1,107
1,<environment.Job instance at 0x7f6869e54c30>,84,22,[11  5],85,-1,129,-1,107
1,<environment.Job instance at 0x7f6869e54050>,85,26,[11  5],86,-1,133,-1,107
1,<environment.Job instance at 0x7f686a50bd20>,87,27,[1 7],88,-1,145,-1,118
1,<environment.Job instance at 0x7f6869e54af0>,86,28,[5 8],87,-1,147,-1,119
1,<environment.Job instance at 0x7f6869e54c80>,89,14,[ 1 13],90,-1,133,-1,119
1,<environment.Job instance at 0x7f6869e715f0>,90,23,[ 2 11],91,-1,142,-1,119
1,<environment.Job instance at 0x7f6869e71a50>,92,13,[ 1 12],93,-1,132,-1,119
1,<environment.Job instance at 0x7f6869e6b780>,94,23,[ 2 14],95,-1,142,-1,119
1,<environment.Job instance at 0x7f6869e3f050>,80,25,[8 5],81,-1,161,-1,136
1,<environment.Job instance at 0x7f6869e62690>,96,13,[11  2],97,-1,149,-1,136
1,<environment.Job instance at 0x7f6869e71eb0>,93,23,[8 2],94,-1,159,-1,136
1,<environment.Job instance at 0x7f6869e549b0>,88,25,[10  5],89,-1,162,-1,137
1,<environment.Job instance at 0x7f6869e65320>,99,18,[14  5],100,-1,155,-1,137
1,<environment.Job instance at 0x7f6869e6a820>,100,19,[ 1 11],101,-1,156,-1,137
1,<environment.Job instance at 0x7f6869e6a960>,101,24,[ 1 13],102,-1,161,-1,137
1,<environment.Job instance at 0x7f686b3620a0>,104,14,[14  5],105,-1,151,-1,137
1,<environment.Job instance at 0x7f686b362cd0>,108,12,[ 3 14],109,-1,164,-1,152
1,<environment.Job instance at 0x7f686b362aa0>,111,23,[ 5 12],112,-1,190,-1,167
1,<environment.Job instance at 0x7f686a0d4dc0>,112,15,[14  1],113,-1,182,-1,167
1,<environment.Job instance at 0x7f686a52abe0>,2,20,[2 7],3,-1,24,-1,4
1,<environment.Job instance at 0x7f686b32f2d0>,5,19,[4 8],6,-1,25,-1,6
1,<environment.Job instance at 0x7f686b31f7d0>,16,20,[ 2 12],17,-1,48,-1,28
1,<environment.Job instance at 0x7f686a52adc0>,3,15,[ 5 13],4,-1,46,-1,31
1,<environment.Job instance at 0x7f686b31fb40>,18,27,[10  4],19,-1,58,-1,31
1,<environment.Job instance at 0x7f686b32f410>,8,26,[11  5],9,-1,57,-1,31
1,<environment.Job instance at 0x7f686b31faa0>,19,17,[13  5],20,-1,49,-1,32
1,<environment.Job instance at 0x7f686b31f780>,20,16,[ 3 11],21,-1,48,-1,32
1,<environment.Job instance at 0x7f686b32fe10>,6,12,[12  3],7,-1,44,-1,32
1,<environment.Job instance at 0x7f686b31ff50>,13,12,[14  1],14,-1,44,-1,32
1,<environment.Job instance at 0x7f686b31fa00>,21,18,[ 5 13],22,-1,50,-1,32
1,<environment.Job instance at 0x7f686b31fdc0>,17,27,[1 6],18,-1,59,-1,32
1,<environment.Job instance at 0x7f686b31f870>,22,18,[ 3 12],23,-1,50,-1,32
1,<environment.Job instance at 0x7f686b31f6e0>,24,19,[10  4],25,-1,51,-1,32
1,<environment.Job instance at 0x7f686b31f820>,25,16,[14  3],26,-1,48,-1,32
1,<environment.Job instance at 0x7f686b31f1e0>,23,21,[5 6],24,-1,53,-1,32
1,<environment.Job instance at 0x7f686b31f550>,27,16,[8 5],28,-1,48,-1,32
1,<environment.Job instance at 0x7f686b31f8c0>,29,12,[11  2],30,-1,44,-1,32
1,<environment.Job instance at 0x7f686b31f4b0>,26,21,[8 2],27,-1,53,-1,32
1,<environment.Job instance at 0x7f686ac03730>,0,17,[13  2],1,-1,18,-1,1
1,<environment.Job instance at 0x7f686ac030f0>,1,27,[11  3],2,-1,29,-1,2
1,<environment.Job instance at 0x7f686ac036e0>,3,15,[ 5 13],4,-1,19,-1,4
1,<environment.Job instance at 0x7f686ac035a0>,6,12,[12  3],7,-1,19,-1,7
1,<environment.Job instance at 0x7f686ac03050>,7,12,[13  5],8,-1,20,-1,8
1,<environment.Job instance at 0x7f686ac03f50>,8,26,[11  5],9,-1,35,-1,9
1,<environment.Job instance at 0x7f686ac03b40>,10,15,[12  1],11,-1,26,-1,11
1,<environment.Job instance at 0x7f686b338d20>,11,13,[12  3],12,-1,25,-1,12
1,<environment.Job instance at 0x7f686a6349b0>,13,12,[14  1],14,-1,26,-1,14
1,<environment.Job instance at 0x7f686b49efa0>,15,16,[ 2 12],16,-1,32,-1,16
1,<environment.Job instance at 0x7f686a3dc140>,16,20,[ 2 12],17,-1,37,-1,17
1,<environment.Job instance at 0x7f686a3dcaf0>,17,27,[1 6],18,-1,45,-1,18
1,<environment.Job instance at 0x7f686a3dc550>,19,17,[13  5],20,-1,37,-1,20
1,<environment.Job instance at 0x7f686a3dccd0>,20,16,[ 3 11],21,-1,37,-1,21
1,<environment.Job instance at 0x7f686a1df460>,21,18,[ 5 13],22,-1,40,-1,22
1,<environment.Job instance at 0x7f686ac03640>,18,27,[10  4],19,-1,50,-1,23
1,<environment.Job instance at 0x7f686a3dcaa0>,22,18,[ 3 12],23,-1,41,-1,23
1,<environment.Job instance at 0x7f6873b27370>,25,16,[14  3],26,-1,42,-1,26
1,<environment.Job instance at 0x7f686b51b0a0>,29,12,[11  2],30,-1,48,-1,36
1,<environment.Job instance at 0x7f686b51b820>,30,18,[ 2 12],31,-1,54,-1,36
1,<environment.Job instance at 0x7f686b51beb0>,31,14,[ 4 11],32,-1,50,-1,36
1,<environment.Job instance at 0x7f686b4ab0a0>,32,25,[ 3 12],33,-1,61,-1,36
1,<environment.Job instance at 0x7f686a77d190>,33,18,[ 3 14],34,-1,54,-1,36
1,<environment.Job instance at 0x7f686b496820>,35,28,[ 3 11],36,-1,64,-1,36
1,<environment.Job instance at 0x7f686af7d320>,36,25,[ 4 14],37,-1,62,-1,37
1,<environment.Job instance at 0x7f686ac078c0>,37,23,[14  4],38,-1,61,-1,38
1,<environment.Job instance at 0x7f6869dade10>,40,27,[14  2],41,-1,75,-1,48
1,<environment.Job instance at 0x7f686abd4690>,41,14,[14  5],42,-1,62,-1,48
1,<environment.Job instance at 0x7f686abd42d0>,42,13,[ 4 12],43,-1,61,-1,48
1,<environment.Job instance at 0x7f6869d72a50>,43,13,[11  5],44,-1,61,-1,48
1,<environment.Job instance at 0x7f6869d72960>,44,17,[ 1 11],45,-1,65,-1,48
1,<environment.Job instance at 0x7f6869d725a0>,45,18,[14  5],46,-1,66,-1,48
1,<environment.Job instance at 0x7f686a3d1a00>,47,24,[12  4],48,-1,76,-1,52
1,<environment.Job instance at 0x7f686a3d1fa0>,48,19,[ 5 14],49,-1,71,-1,52
1,<environment.Job instance at 0x7f686a3d1960>,49,27,[ 2 11],50,-1,79,-1,52
1,<environment.Job instance at 0x7f686a3d11e0>,46,26,[3 8],47,-1,88,-1,62
1,<environment.Job instance at 0x7f6869d8cb40>,51,23,[ 3 14],52,-1,85,-1,62
1,<environment.Job instance at 0x7f6869d8cb90>,53,25,[14  3],54,-1,87,-1,62
1,<environment.Job instance at 0x7f686a3f1b90>,54,24,[ 1 13],55,-1,86,-1,62
1,<environment.Job instance at 0x7f686a3f1be0>,56,14,[12  2],57,-1,84,-1,70
1,<environment.Job instance at 0x7f686b4ded70>,57,16,[ 2 12],58,-1,86,-1,70
1,<environment.Job instance at 0x7f686a3dfc80>,60,23,[ 1 11],61,-1,110,-1,87
1,<environment.Job instance at 0x7f686a3dfc30>,58,27,[9 3],59,-1,114,-1,87
1,<environment.Job instance at 0x7f686b4ec0f0>,62,15,[ 3 11],63,-1,102,-1,87
1,<environment.Job instance at 0x7f686b4ecd70>,63,21,[ 4 12],64,-1,108,-1,87
1,<environment.Job instance at 0x7f686b4ec780>,64,21,[ 4 12],65,-1,108,-1,87
1,<environment.Job instance at 0x7f686b4ec5f0>,67,24,[13  2],68,-1,112,-1,88
1,<environment.Job instance at 0x7f686a3b3cd0>,69,17,[14  3],70,-1,105,-1,88
1,<environment.Job instance at 0x7f686a3b3e60>,71,14,[ 1 11],72,-1,112,-1,98
1,<environment.Job instance at 0x7f686a38d2d0>,72,16,[14  1],73,-1,114,-1,98
1,<environment.Job instance at 0x7f686a38d230>,74,26,[8 1],75,-1,142,-1,116
1,<environment.Job instance at 0x7f686a38d280>,76,15,[ 3 12],77,-1,131,-1,116
1,<environment.Job instance at 0x7f686a3e79b0>,77,25,[6 1],78,-1,149,-1,124
1,<environment.Job instance at 0x7f686a3e7960>,78,18,[12  4],79,-1,142,-1,124
1,<environment.Job instance at 0x7f686a6624b0>,81,21,[11  5],82,-1,151,-1,130
1,<environment.Job instance at 0x7f686a38aaa0>,82,27,[6 3],83,-1,167,-1,140
1,<environment.Job instance at 0x7f686a662f00>,84,19,[ 2 14],85,-1,159,-1,140
1,<environment.Job instance at 0x7f686a3b1be0>,87,12,[11  3],88,-1,154,-1,142
1,<environment.Job instance at 0x7f686a3b1c80>,88,18,[ 2 11],89,-1,160,-1,142
1,<environment.Job instance at 0x7f686a3d9640>,90,24,[9 1],91,-1,184,-1,160
1,<environment.Job instance at 0x7f686a3d9500>,92,15,[ 2 13],93,-1,175,-1,160
1,<environment.Job instance at 0x7f686a3d96e0>,93,20,[12  2],94,-1,180,-1,160
1,<environment.Job instance at 0x7f686a3b6690>,94,25,[9 2],95,-1,197,-1,172
1,<environment.Job instance at 0x7f686a3b66e0>,95,23,[ 2 13],96,-1,195,-1,172
1,<environment.Job instance at 0x7f686a3b6730>,96,20,[11  4],97,-1,192,-1,172
1,<environment.Job instance at 0x7f686a3b6dc0>,97,23,[ 5 14],98,-1,195,-1,172
1,<environment.Job instance at 0x7f686a3b6eb0>,99,19,[ 3 14],100,-1,191,-1,172
1,<environment.Job instance at 0x7f686a3cecd0>,100,16,[ 2 13],101,-1,188,-1,172
1,<environment.Job instance at 0x7f686a3ce370>,102,28,[ 3 13],103,-1,205,-1,177
1,<environment.Job instance at 0x7f686a3ce190>,103,26,[13  2],104,-1,203,-1,177
1,<environment.Job instance at 0x7f686a3ce820>,105,22,[ 3 12],106,-1,207,-1,185
1,<environment.Job instance at 0x7f686a3ce1e0>,106,21,[ 4 11],107,-1,206,-1,185
1,<environment.Job instance at 0x7f686a3a9be0>,107,16,[ 1 12],108,-1,201,-1,185
1,<environment.Job instance at 0x7f686a3a9b90>,108,17,[ 2 11],109,-1,202,-1,185
1,<environment.Job instance at 0x7f686a3a9b40>,109,14,[14  4],110,-1,199,-1,185
1,<environment.Job instance at 0x7f686a1df410>,5,17,[10  4],6,-1,67,-1,50
1,<environment.Job instance at 0x7f6869d98050>,13,22,[5 8],14,-1,72,-1,50
1,<environment.Job instance at 0x7f686a051780>,0,21,[12  1],1,-1,22,-1,1
1,<environment.Job instance at 0x7f686a051dc0>,1,16,[12  5],2,-1,18,-1,2
1,<environment.Job instance at 0x7f686a051320>,2,18,[ 2 13],3,-1,21,-1,3
1,<environment.Job instance at 0x7f686a657910>,3,24,[9 3],4,-1,28,-1,4
1,<environment.Job instance at 0x7f686a3d9f00>,6,24,[14  2],7,-1,31,-1,7
1,<environment.Job instance at 0x7f686a3d9870>,7,17,[13  4],8,-1,25,-1,8
1,<environment.Job instance at 0x7f686a657c80>,8,23,[ 4 14],9,-1,32,-1,9
1,<environment.Job instance at 0x7f686a3e7960>,9,23,[ 4 13],10,-1,33,-1,10
1,<environment.Job instance at 0x7f686a3d9730>,11,15,[ 3 11],12,-1,27,-1,12
1,<environment.Job instance at 0x7f686a3dfc80>,14,17,[12  2],15,-1,32,-1,15
1,<environment.Job instance at 0x7f686a3e7b40>,15,20,[11  3],16,-1,36,-1,16
1,<environment.Job instance at 0x7f686ac078c0>,16,16,[ 5 14],17,-1,33,-1,17
1,<environment.Job instance at 0x7f686a3dfc30>,12,24,[10  5],13,-1,47,-1,23
1,<environment.Job instance at 0x7f686a426230>,19,18,[12  2],20,-1,41,-1,23
1,<environment.Job instance at 0x7f6873b27370>,21,13,[ 4 11],22,-1,36,-1,23
1,<environment.Job instance at 0x7f686b51b820>,22,17,[13  3],23,-1,40,-1,23
1,<environment.Job instance at 0x7f686b4aa190>,17,25,[6 2],18,-1,48,-1,23
1,<environment.Job instance at 0x7f686a1df4b0>,23,25,[5 5],24,-1,51,-1,26
1,<environment.Job instance at 0x7f686aabbb90>,25,20,[13  4],26,-1,46,-1,26
1,<environment.Job instance at 0x7f686aabb0a0>,28,17,[11  5],29,-1,46,-1,29
1,<environment.Job instance at 0x7f686aabb2d0>,29,21,[14  3],30,-1,51,-1,30
1,<environment.Job instance at 0x7f686a297f00>,30,25,[12  3],31,-1,56,-1,31
1,<environment.Job instance at 0x7f686aabb5a0>,27,26,[4 9],28,-1,67,-1,41
1,<environment.Job instance at 0x7f686aabb960>,33,23,[ 4 14],34,-1,64,-1,41
1,<environment.Job instance at 0x7f686aabb640>,26,23,[8 1],27,-1,69,-1,46
1,<environment.Job instance at 0x7f686a3b3d70>,35,17,[13  5],36,-1,63,-1,46
1,<environment.Job instance at 0x7f686a3b3e10>,36,28,[14  3],37,-1,74,-1,46
1,<environment.Job instance at 0x7f686aabbcd0>,34,28,[3 7],35,-1,74,-1,46
1,<environment.Job instance at 0x7f686a3b3050>,38,24,[12  2],39,-1,70,-1,46
1,<environment.Job instance at 0x7f686a3b3870>,40,13,[13  3],41,-1,59,-1,46
1,<environment.Job instance at 0x7f686a3b3be0>,43,25,[ 5 14],44,-1,79,-1,54
1,<environment.Job instance at 0x7f686af73320>,44,18,[ 5 14],45,-1,72,-1,54
1,<environment.Job instance at 0x7f686af73140>,45,16,[11  1],46,-1,70,-1,54
1,<environment.Job instance at 0x7f686b2988c0>,46,12,[ 3 13],47,-1,66,-1,54
1,<environment.Job instance at 0x7f686b5884b0>,47,23,[6 5],48,-1,77,-1,54
1,<environment.Job instance at 0x7f686b0185a0>,48,23,[6 4],49,-1,77,-1,54
1,<environment.Job instance at 0x7f686a063fa0>,49,23,[6 1],50,-1,77,-1,54
1,<environment.Job instance at 0x7f6873e7c0a0>,50,18,[13  2],51,-1,72,-1,54
1,<environment.Job instance at 0x7f686a5a9c30>,53,19,[14  5],54,-1,78,-1,59
1,<environment.Job instance at 0x7f6873b190a0>,54,14,[ 4 12],55,-1,73,-1,59
1,<environment.Job instance at 0x7f686aa88b90>,55,14,[12  3],56,-1,73,-1,59
1,<environment.Job instance at 0x7f686b01f0a0>,52,28,[3 9],53,-1,96,-1,68
1,<environment.Job instance at 0x7f686a586e10>,59,15,[13  1],60,-1,89,-1,74
1,<environment.Job instance at 0x7f686aa995a0>,60,13,[ 5 11],61,-1,87,-1,74
1,<environment.Job instance at 0x7f686ab360f0>,61,25,[ 2 14],62,-1,99,-1,74
1,<environment.Job instance at 0x7f686adf0870>,62,27,[ 1 12],63,-1,101,-1,74
1,<environment.Job instance at 0x7f686adf0780>,63,24,[2 8],64,-1,98,-1,74
1,<environment.Job instance at 0x7f686a794aa0>,64,26,[ 5 13],65,-1,100,-1,74
1,<environment.Job instance at 0x7f686b071640>,65,28,[ 4 13],66,-1,102,-1,74
1,<environment.Job instance at 0x7f686addae10>,66,13,[11  2],67,-1,87,-1,74
1,<environment.Job instance at 0x7f686adda0f0>,67,19,[ 2 11],68,-1,93,-1,74
1,<environment.Job instance at 0x7f686b071d70>,68,28,[ 4 11],69,-1,102,-1,74
1,<environment.Job instance at 0x7f686a117140>,70,16,[14  4],71,-1,90,-1,74
1,<environment.Job instance at 0x7f686a117960>,73,12,[12  5],74,-1,99,-1,87
1,<environment.Job instance at 0x7f686a1171e0>,74,22,[13  1],75,-1,109,-1,87
1,<environment.Job instance at 0x7f6869fc1f00>,77,14,[ 1 11],78,-1,104,-1,90
1,<environment.Job instance at 0x7f686a034280>,78,14,[ 5 14],79,-1,104,-1,90
1,<environment.Job instance at 0x7f686a117370>,71,23,[ 3 10],72,-1,126,-1,103
1,<environment.Job instance at 0x7f6869fdd780>,80,12,[ 2 12],81,-1,115,-1,103
1,<environment.Job instance at 0x7f6869fdd3c0>,83,26,[7 4],84,-1,133,-1,107
1,<environment.Job instance at 0x7f6869fddc30>,84,26,[ 2 13],85,-1,133,-1,107
1,<environment.Job instance at 0x7f6869fdd2d0>,85,23,[7 1],86,-1,130,-1,107
1,<environment.Job instance at 0x7f6869fdde60>,79,27,[7 2],80,-1,134,-1,107
1,<environment.Job instance at 0x7f6869cc2d20>,89,24,[13  4],90,-1,132,-1,108
1,<environment.Job instance at 0x7f6869cc2640>,90,21,[11  2],91,-1,129,-1,108
1,<environment.Job instance at 0x7f6869cc2140>,91,27,[7 2],92,-1,148,-1,121
1,<environment.Job instance at 0x7f686a57a050>,92,22,[ 5 14],93,-1,143,-1,121
1,<environment.Job instance at 0x7f686a1209b0>,95,26,[11  1],96,-1,147,-1,121
1,<environment.Job instance at 0x7f686a120410>,96,13,[ 1 12],97,-1,134,-1,121
1,<environment.Job instance at 0x7f686aaa80f0>,97,22,[ 2 12],98,-1,143,-1,121
1,<environment.Job instance at 0x7f686aaa8af0>,98,15,[14  4],99,-1,136,-1,121
1,<environment.Job instance at 0x7f686aaa8960>,99,24,[ 3 13],100,-1,145,-1,121
1,<environment.Job instance at 0x7f686aaa8780>,100,24,[12  5],101,-1,145,-1,121
1,<environment.Job instance at 0x7f686aaa84b0>,101,27,[ 5 14],102,-1,148,-1,121
1,<environment.Job instance at 0x7f6869c09820>,102,18,[ 3 11],103,-1,139,-1,121
1,<environment.Job instance at 0x7f686a5780f0>,103,27,[1 8],104,-1,161,-1,134
1,<environment.Job instance at 0x7f686aaa8e10>,104,25,[ 5 12],105,-1,159,-1,134
1,<environment.Job instance at 0x7f686afd7640>,105,26,[4 9],106,-1,160,-1,134
1,<environment.Job instance at 0x7f686afd75a0>,106,27,[ 4 13],107,-1,161,-1,134
1,<environment.Job instance at 0x7f686aa832d0>,107,12,[12  5],108,-1,146,-1,134
1,<environment.Job instance at 0x7f686aa83d20>,108,17,[ 5 11],109,-1,151,-1,134
1,<environment.Job instance at 0x7f686aa83fa0>,109,20,[ 2 13],110,-1,154,-1,134
1,<environment.Job instance at 0x7f686aa831e0>,114,13,[ 4 11],115,-1,160,-1,147
1,<environment.Job instance at 0x7f686b3c63c0>,115,21,[14  5],116,-1,168,-1,147
1,<environment.Job instance at 0x7f686b3c6a00>,116,16,[ 5 14],117,-1,163,-1,147
1,<environment.Job instance at 0x7f686ad74960>,119,12,[14  1],120,-1,167,-1,155
1,<environment.Job instance at 0x7f6869fc40f0>,120,28,[13  3],121,-1,183,-1,155
1,<environment.Job instance at 0x7f686aa83870>,112,27,[5 8],113,-1,193,-1,166
1,<environment.Job instance at 0x7f686aa83820>,4,14,[9 5],5,-1,20,-1,6
1,<environment.Job instance at 0x7f686a04e6e0>,0,21,[11  1],1,-1,22,-1,1
1,<environment.Job instance at 0x7f686a04ed20>,1,14,[ 3 12],2,-1,16,-1,2
1,<environment.Job instance at 0x7f686a3a3140>,3,24,[7 5],4,-1,28,-1,4
1,<environment.Job instance at 0x7f686a04ef00>,6,21,[11  3],7,-1,28,-1,7
1,<environment.Job instance at 0x7f686a37ce60>,8,18,[ 5 13],9,-1,27,-1,9
1,<environment.Job instance at 0x7f686a389820>,11,21,[12  1],12,-1,33,-1,12
1,<environment.Job instance at 0x7f686a3893c0>,12,28,[1 8],13,-1,41,-1,13
1,<environment.Job instance at 0x7f686a389a50>,13,27,[ 3 13],14,-1,41,-1,14
1,<environment.Job instance at 0x7f686a3890f0>,14,27,[ 3 14],15,-1,42,-1,15
1,<environment.Job instance at 0x7f686a37cf50>,7,25,[8 1],8,-1,44,-1,19
1,<environment.Job instance at 0x7f686a045730>,17,21,[13  3],18,-1,40,-1,19
1,<environment.Job instance at 0x7f686a045dc0>,18,25,[13  5],19,-1,44,-1,19
1,<environment.Job instance at 0x7f686a37c500>,10,24,[9 5],11,-1,43,-1,19
1,<environment.Job instance at 0x7f686a045640>,21,14,[14  1],22,-1,36,-1,22
1,<environment.Job instance at 0x7f6869fcc0f0>,23,25,[ 4 12],24,-1,49,-1,24
1,<environment.Job instance at 0x7f686a045d70>,19,25,[6 4],20,-1,57,-1,32
1,<environment.Job instance at 0x7f6869fcc320>,20,25,[8 1],21,-1,57,-1,32
1,<environment.Job instance at 0x7f6869bcd5a0>,26,27,[10  1],27,-1,59,-1,32
1,<environment.Job instance at 0x7f686a0431e0>,27,23,[10  1],28,-1,55,-1,32
1,<environment.Job instance at 0x7f686a043c80>,28,14,[ 5 14],29,-1,46,-1,32
1,<environment.Job instance at 0x7f6869bd0960>,29,26,[10  2],30,-1,58,-1,32
1,<environment.Job instance at 0x7f686a043460>,31,20,[ 1 12],32,-1,52,-1,32
1,<environment.Job instance at 0x7f6869fb5320>,32,24,[14  1],33,-1,57,-1,33
1,<environment.Job instance at 0x7f6869fb5280>,33,28,[9 3],34,-1,62,-1,34
1,<environment.Job instance at 0x7f6869fb5690>,35,26,[ 2 12],36,-1,62,-1,36
1,<environment.Job instance at 0x7f686aaaa870>,36,22,[ 1 11],37,-1,59,-1,37
1,<environment.Job instance at 0x7f686aaaadc0>,37,17,[11  4],38,-1,55,-1,38
1,<environment.Job instance at 0x7f686aaaa550>,38,17,[ 5 13],39,-1,56,-1,39
1,<environment.Job instance at 0x7f686add2eb0>,40,16,[11  3],41,-1,57,-1,41
1,<environment.Job instance at 0x7f6869fb5b90>,34,25,[10  1],35,-1,76,-1,51
1,<environment.Job instance at 0x7f686aaaa140>,43,27,[ 3 14],44,-1,78,-1,51
1,<environment.Job instance at 0x7f686b3c6a00>,44,13,[12  1],45,-1,64,-1,51
1,<environment.Job instance at 0x7f686ad74690>,45,28,[13  1],46,-1,79,-1,51
1,<environment.Job instance at 0x7f686aa83140>,47,17,[14  2],48,-1,68,-1,51
1,<environment.Job instance at 0x7f686aa83320>,48,16,[ 4 14],49,-1,67,-1,51
1,<environment.Job instance at 0x7f686aaaafa0>,42,23,[2 6],43,-1,74,-1,51
1,<environment.Job instance at 0x7f686aaaa960>,41,27,[9 2],42,-1,78,-1,51
1,<environment.Job instance at 0x7f686aa83d20>,51,25,[13  5],52,-1,77,-1,52
1,<environment.Job instance at 0x7f6869c09820>,54,14,[14  5],55,-1,69,-1,55
1,<environment.Job instance at 0x7f686afd75a0>,55,27,[13  5],56,-1,83,-1,56
1,<environment.Job instance at 0x7f686aaa8e10>,59,18,[14  1],60,-1,87,-1,69
1,<environment.Job instance at 0x7f686aaa89b0>,60,13,[ 2 11],61,-1,82,-1,69
1,<environment.Job instance at 0x7f686aaa8320>,61,28,[1 7],62,-1,102,-1,74
1,<environment.Job instance at 0x7f686aaa8690>,62,15,[ 3 12],63,-1,89,-1,74
1,<environment.Job instance at 0x7f686a57a2d0>,67,28,[ 1 14],68,-1,118,-1,90
1,<environment.Job instance at 0x7f686a57a910>,68,23,[ 5 12],69,-1,113,-1,90
1,<environment.Job instance at 0x7f6869cc2140>,71,14,[12  2],72,-1,117,-1,103
1,<environment.Job instance at 0x7f6869fdd370>,74,24,[8 4],75,-1,155,-1,131
1,<environment.Job instance at 0x7f6869fddcd0>,75,26,[10  2],76,-1,157,-1,131
1,<environment.Job instance at 0x7f6869fdd320>,77,14,[ 5 13],78,-1,145,-1,131
1,<environment.Job instance at 0x7f6869fdd7d0>,78,28,[ 1 12],79,-1,159,-1,131
1,<environment.Job instance at 0x7f6869fdda00>,79,16,[12  1],80,-1,147,-1,131
1,<environment.Job instance at 0x7f6869fc1820>,83,21,[ 5 11],84,-1,174,-1,153
1,<environment.Job instance at 0x7f686a1171e0>,84,15,[ 2 14],85,-1,168,-1,153
1,<environment.Job instance at 0x7f686a117690>,85,27,[ 4 13],86,-1,180,-1,153
1,<environment.Job instance at 0x7f686a117960>,86,16,[ 4 11],87,-1,169,-1,153
1,<environment.Job instance at 0x7f686a1175a0>,87,23,[3 9],88,-1,187,-1,164
1,<environment.Job instance at 0x7f686adda0f0>,88,20,[13  5],89,-1,184,-1,164
1,<environment.Job instance at 0x7f686a794aa0>,89,17,[ 4 12],90,-1,181,-1,164
1,<environment.Job instance at 0x7f6869fc13c0>,82,23,[1 8],83,-1,187,-1,164
1,<environment.Job instance at 0x7f686a117870>,92,13,[ 4 11],93,-1,177,-1,164
1,<environment.Job instance at 0x7f686ab360f0>,93,17,[13  4],94,-1,181,-1,164
1,<environment.Job instance at 0x7f686aa995a0>,94,19,[14  5],95,-1,183,-1,164
1,<environment.Job instance at 0x7f6869fea5f0>,95,17,[12  5],96,-1,181,-1,164
1,<environment.Job instance at 0x7f686ae04550>,96,24,[10  5],97,-1,192,-1,168
1,<environment.Job instance at 0x7f686a85f190>,97,19,[12  2],98,-1,187,-1,168
1,<environment.Job instance at 0x7f6873b190a0>,98,24,[13  2],99,-1,192,-1,168
1,<environment.Job instance at 0x7f686b071d70>,99,27,[4 8],100,-1,195,-1,168
1,<environment.Job instance at 0x7f686b01f0a0>,100,23,[13  5],101,-1,191,-1,168
1,<environment.Job instance at 0x7f686a586f00>,101,17,[12  4],102,-1,185,-1,168
1,<environment.Job instance at 0x7f686a586370>,102,13,[11  2],103,-1,181,-1,168
1,<environment.Job instance at 0x7f68740fea00>,103,17,[14  2],104,-1,185,-1,168
1,<environment.Job instance at 0x7f686a0cdfa0>,104,13,[11  3],105,-1,181,-1,168
1,<environment.Job instance at 0x7f686b2988c0>,107,13,[14  2],108,-1,182,-1,169
1,<environment.Job instance at 0x7f686b306370>,108,28,[12  3],109,-1,197,-1,169
1,<environment.Job instance at 0x7f686b588dc0>,109,21,[ 4 13],110,-1,190,-1,169
1,<environment.Job instance at 0x7f686adefeb0>,110,19,[14  2],111,-1,188,-1,169
1,<environment.Job instance at 0x7f686b3eca00>,0,16,[7 5],1,-1,17,-1,1
1,<environment.Job instance at 0x7f6869cd4820>,1,15,[5 6],2,-1,17,-1,2
1,<environment.Job instance at 0x7f686b09d0a0>,6,21,[4 8],7,-1,29,-1,8
1,<environment.Job instance at 0x7f6869bf0a00>,2,15,[11  2],3,-1,18,-1,3
1,<environment.Job instance at 0x7f6869bf0a50>,3,17,[11  4],4,-1,21,-1,4
1,<environment.Job instance at 0x7f6869bf07d0>,4,16,[ 2 12],5,-1,21,-1,5
1,<environment.Job instance at 0x7f6869bf04b0>,7,16,[11  1],8,-1,24,-1,8
1,<environment.Job instance at 0x7f6869bf00f0>,8,22,[12  3],9,-1,31,-1,9
1,<environment.Job instance at 0x7f6869bf0690>,9,14,[13  4],10,-1,24,-1,10
1,<environment.Job instance at 0x7f6869bf0aa0>,11,24,[13  3],12,-1,36,-1,12
1,<environment.Job instance at 0x7f6869bf0e10>,12,14,[12  1],13,-1,27,-1,13
1,<environment.Job instance at 0x7f6869bf0b40>,14,14,[11  1],15,-1,29,-1,15
1,<environment.Job instance at 0x7f6869bf09b0>,16,24,[3 9],17,-1,41,-1,17
1,<environment.Job instance at 0x7f686b3eb6e0>,18,24,[11  4],19,-1,43,-1,19
1,<environment.Job instance at 0x7f686a034370>,19,27,[ 1 14],20,-1,47,-1,20
1,<environment.Job instance at 0x7f686a375eb0>,20,28,[13  2],21,-1,49,-1,21
1,<environment.Job instance at 0x7f686a034280>,17,28,[5 3],18,-1,62,-1,34
1,<environment.Job instance at 0x7f686a3750a0>,23,25,[14  1],24,-1,59,-1,34
1,<environment.Job instance at 0x7f686a375dc0>,24,24,[7 4],25,-1,60,-1,36
1,<environment.Job instance at 0x7f686a051320>,26,25,[8 4],27,-1,61,-1,36
1,<environment.Job instance at 0x7f686a0512d0>,27,16,[11  2],28,-1,52,-1,36
1,<environment.Job instance at 0x7f686a657910>,28,24,[ 5 11],29,-1,60,-1,36
1,<environment.Job instance at 0x7f686a657d20>,29,14,[13  2],30,-1,50,-1,36
1,<environment.Job instance at 0x7f686b07cd20>,22,24,[3 6],23,-1,60,-1,36
1,<environment.Job instance at 0x7f686a3d9870>,31,13,[13  3],32,-1,49,-1,36
1,<environment.Job instance at 0x7f686a3d9730>,32,25,[ 3 11],33,-1,61,-1,36
1,<environment.Job instance at 0x7f686a3d9640>,33,26,[8 4],34,-1,62,-1,36
1,<environment.Job instance at 0x7f686a3e7960>,34,17,[ 3 12],35,-1,53,-1,36
1,<environment.Job instance at 0x7f686a3e7a00>,36,14,[12  3],37,-1,51,-1,37
1,<environment.Job instance at 0x7f686a3e7b40>,37,23,[ 4 10],38,-1,61,-1,38
1,<environment.Job instance at 0x7f6869d98870>,44,22,[ 5 11],45,-1,83,-1,61
1,<environment.Job instance at 0x7f686b51b5f0>,45,17,[13  3],46,-1,78,-1,61
1,<environment.Job instance at 0x7f686b51b5a0>,46,22,[13  4],47,-1,83,-1,61
1,<environment.Job instance at 0x7f686aabb640>,47,23,[3 9],48,-1,87,-1,64
1,<environment.Job instance at 0x7f686a297f00>,50,27,[ 1 14],51,-1,91,-1,64
1,<environment.Job instance at 0x7f686b4a4b40>,51,27,[ 2 12],52,-1,91,-1,64
1,<environment.Job instance at 0x7f686b492eb0>,52,15,[13  1],53,-1,79,-1,64
1,<environment.Job instance at 0x7f686b4dbfa0>,53,18,[13  5],54,-1,82,-1,64
1,<environment.Job instance at 0x7f686a426230>,42,23,[ 4 10],43,-1,87,-1,64
1,<environment.Job instance at 0x7f686a3b3d20>,55,24,[1 8],56,-1,88,-1,64
1,<environment.Job instance at 0x7f686a3b3410>,56,23,[6 5],57,-1,87,-1,64
1,<environment.Job instance at 0x7f686a3b3190>,57,25,[5 4],58,-1,89,-1,64
1,<environment.Job instance at 0x7f686a3b35a0>,59,16,[ 3 13],60,-1,81,-1,65
1,<environment.Job instance at 0x7f686a3b3870>,60,24,[12  2],61,-1,89,-1,65
1,<environment.Job instance at 0x7f686a3b3b90>,61,27,[12  3],62,-1,92,-1,65
1,<environment.Job instance at 0x7f686aabbcd0>,54,28,[7 1],55,-1,106,-1,78
1,<environment.Job instance at 0x7f686af73140>,63,23,[6 2],64,-1,101,-1,78
1,<environment.Job instance at 0x7f686a0cdfa0>,65,25,[3 5],66,-1,103,-1,78
1,<environment.Job instance at 0x7f686b306dc0>,66,18,[ 2 14],67,-1,96,-1,78
1,<environment.Job instance at 0x7f6873b190a0>,69,28,[1 5],70,-1,121,-1,93
1,<environment.Job instance at 0x7f686ab360f0>,72,24,[ 3 14],73,-1,118,-1,94
1,<environment.Job instance at 0x7f686b3d0d20>,68,23,[9 2],69,-1,137,-1,114
1,<environment.Job instance at 0x7f686a586e10>,74,26,[4 8],75,-1,140,-1,114
1,<environment.Job instance at 0x7f686adf0870>,76,25,[9 1],77,-1,139,-1,114
1,<environment.Job instance at 0x7f686a794aa0>,77,16,[ 1 11],78,-1,130,-1,114
1,<environment.Job instance at 0x7f686a6af0a0>,78,19,[14  4],79,-1,133,-1,114
1,<environment.Job instance at 0x7f6869cc2140>,79,23,[2 7],80,-1,137,-1,114
1,<environment.Job instance at 0x7f6869cc2dc0>,80,12,[13  5],81,-1,126,-1,114
1,<environment.Job instance at 0x7f686a57a910>,84,22,[ 5 11],85,-1,148,-1,126
1,<environment.Job instance at 0x7f686a1204b0>,86,19,[ 5 12],87,-1,146,-1,127
1,<environment.Job instance at 0x7f686aaa8960>,88,19,[13  2],89,-1,161,-1,142
1,<environment.Job instance at 0x7f686a57a8c0>,82,27,[10  1],83,-1,170,-1,143
1,<environment.Job instance at 0x7f686a5780f0>,90,14,[13  2],91,-1,157,-1,143
1,<environment.Job instance at 0x7f686aaa8780>,92,17,[12  5],93,-1,162,-1,145
1,<environment.Job instance at 0x7f686ad74eb0>,94,14,[12  4],95,-1,160,-1,146
1,<environment.Job instance at 0x7f686ad74500>,95,18,[ 3 12],96,-1,164,-1,146
1,<environment.Job instance at 0x7f6869fc40f0>,96,23,[11  1],97,-1,169,-1,146
1,<environment.Job instance at 0x7f6869fc4c30>,97,18,[ 3 12],98,-1,164,-1,146
1,<environment.Job instance at 0x7f686aaaa140>,98,17,[11  3],99,-1,163,-1,146
1,<environment.Job instance at 0x7f686aaaa960>,99,14,[ 3 13],100,-1,160,-1,146
1,<environment.Job instance at 0x7f686aaaaeb0>,100,25,[2 7],101,-1,187,-1,162
1,<environment.Job instance at 0x7f686aaaa640>,102,13,[ 4 14],103,-1,175,-1,162
1,<environment.Job instance at 0x7f6869fb5280>,104,20,[14  2],105,-1,182,-1,162
1,<environment.Job instance at 0x7f6869bd0960>,105,14,[12  3],106,-1,176,-1,162
1,<environment.Job instance at 0x7f6869fb5690>,106,23,[ 1 12],107,-1,185,-1,162
1,<environment.Job instance at 0x7f6869fb5320>,108,14,[ 1 14],109,-1,179,-1,165
1,<environment.Job instance at 0x7f6869bcd5a0>,109,17,[13  2],110,-1,182,-1,165
1,<environment.Job instance at 0x7f686a043c80>,110,24,[11  4],111,-1,189,-1,165
1,<environment.Job instance at 0x7f686a043320>,111,14,[ 1 11],112,-1,179,-1,165
1,<environment.Job instance at 0x7f686acc5aa0>,12,27,[8 4],13,-1,52,-1,25
1,<environment.Job instance at 0x7f686ad000a0>,5,14,[9 1],6,-1,39,-1,25
1,<environment.Job instance at 0x7f686acc5410>,14,16,[ 1 11],15,-1,41,-1,25
1,<environment.Job instance at 0x7f686acc5b40>,8,20,[ 2 13],9,-1,46,-1,26
1,<environment.Job instance at 0x7f686acc5370>,9,27,[12  2],10,-1,53,-1,26
1,<environment.Job instance at 0x7f686ae52690>,17,14,[13  4],18,-1,40,-1,26
1,<environment.Job instance at 0x7f686acc53c0>,15,14,[10  1],16,-1,40,-1,26
1,<environment.Job instance at 0x7f6869b79410>,19,24,[8 5],20,-1,50,-1,26
1,<environment.Job instance at 0x7f6869b792d0>,20,20,[3 9],21,-1,46,-1,26
1,<environment.Job instance at 0x7f686ae1beb0>,23,15,[ 5 12],24,-1,100,-1,85
1,<environment.Job instance at 0x7f686ae1b960>,24,28,[10  5],25,-1,114,-1,86
1,<environment.Job instance at 0x7f686ae1bf50>,31,25,[ 3 14],32,-1,111,-1,86
1,<environment.Job instance at 0x7f686ae1baf0>,30,14,[11  1],31,-1,100,-1,86
1,<environment.Job instance at 0x7f6869dee7d0>,33,27,[2 9],34,-1,113,-1,86
1,<environment.Job instance at 0x7f686a88fd20>,40,20,[1 9],41,-1,176,-1,156
1,<environment.Job instance at 0x7f686ae1b410>,32,14,[11  2],33,-1,171,-1,157
1,<environment.Job instance at 0x7f686a4b5550>,0,27,[13  4],1,-1,28,-1,1
1,<environment.Job instance at 0x7f686a4b5be0>,1,17,[13  3],2,-1,19,-1,2
1,<environment.Job instance at 0x7f6869e3de10>,2,26,[2 7],3,-1,29,-1,3
1,<environment.Job instance at 0x7f686a4b5a50>,3,23,[1 8],4,-1,27,-1,4
1,<environment.Job instance at 0x7f686b09dbe0>,4,14,[13  1],5,-1,19,-1,5
1,<environment.Job instance at 0x7f686a043500>,7,23,[ 1 10],8,-1,31,-1,8
1,<environment.Job instance at 0x7f686a043320>,8,20,[ 2 13],9,-1,29,-1,9
1,<environment.Job instance at 0x7f6869e3db90>,9,27,[12  2],10,-1,37,-1,10
1,<environment.Job instance at 0x7f686aaaa870>,10,13,[ 1 12],11,-1,24,-1,11
1,<environment.Job instance at 0x7f6869fea5f0>,14,16,[ 1 11],15,-1,31,-1,15
1,<environment.Job instance at 0x7f686adefeb0>,16,13,[ 3 13],17,-1,30,-1,17
1,<environment.Job instance at 0x7f686a3b3870>,17,14,[13  4],18,-1,32,-1,18
1,<environment.Job instance at 0x7f686a043460>,12,27,[8 4],13,-1,47,-1,20
1,<environment.Job instance at 0x7f686aaaae60>,19,24,[8 5],20,-1,44,-1,20
1,<environment.Job instance at 0x7f686a3b3f00>,21,27,[ 5 14],22,-1,49,-1,22
1,<environment.Job instance at 0x7f686a3b3e10>,22,26,[ 3 13],23,-1,49,-1,23
1,<environment.Job instance at 0x7f686a3b3e60>,23,15,[ 5 12],24,-1,39,-1,24
1,<environment.Job instance at 0x7f686a297f00>,26,15,[ 1 13],27,-1,43,-1,28
1,<environment.Job instance at 0x7f6873b27370>,27,23,[ 2 14],28,-1,51,-1,28
1,<environment.Job instance at 0x7f686b07c190>,29,13,[13  1],30,-1,46,-1,33
1,<environment.Job instance at 0x7f686b07c460>,30,14,[11  1],31,-1,47,-1,33
1,<environment.Job instance at 0x7f686aeada00>,31,25,[ 3 14],32,-1,58,-1,33
1,<environment.Job instance at 0x7f686ae1b370>,32,14,[11  2],33,-1,47,-1,33
1,<environment.Job instance at 0x7f686acc5fa0>,34,26,[ 2 13],35,-1,67,-1,41
1,<environment.Job instance at 0x7f686a88fd70>,35,28,[ 2 14],36,-1,69,-1,41
1,<environment.Job instance at 0x7f686b4dbfa0>,24,28,[10  5],25,-1,69,-1,41
1,<environment.Job instance at 0x7f686a2f01e0>,38,14,[14  2],39,-1,55,-1,41
1,<environment.Job instance at 0x7f686a8f47d0>,33,27,[2 9],34,-1,68,-1,41
1,<environment.Job instance at 0x7f686b45bf50>,41,19,[13  2],42,-1,72,-1,53
1,<environment.Job instance at 0x7f686b45b460>,42,23,[ 2 14],43,-1,76,-1,53
1,<environment.Job instance at 0x7f686b45b7d0>,43,17,[11  5],44,-1,70,-1,53
1,<environment.Job instance at 0x7f686a98d7d0>,45,27,[ 5 11],46,-1,80,-1,53
1,<environment.Job instance at 0x7f686a98d0f0>,46,17,[13  3],47,-1,70,-1,53
1,<environment.Job instance at 0x7f686a98d320>,49,18,[14  4],50,-1,90,-1,72
1,<environment.Job instance at 0x7f686a98d0a0>,51,21,[14  3],52,-1,97,-1,76
1,<environment.Job instance at 0x7f686a98d690>,52,26,[6 4],53,-1,102,-1,76
1,<environment.Job instance at 0x7f686a98d140>,53,23,[12  5],54,-1,99,-1,76
1,<environment.Job instance at 0x7f686a98d5f0>,56,21,[ 4 13],57,-1,106,-1,85
1,<environment.Job instance at 0x7f686a98de10>,58,23,[11  1],59,-1,108,-1,85
1,<environment.Job instance at 0x7f686a98daa0>,57,24,[ 5 10],58,-1,114,-1,90
1,<environment.Job instance at 0x7f686a98dd70>,60,15,[ 1 14],61,-1,105,-1,90
1,<environment.Job instance at 0x7f6869b7d230>,63,24,[14  2],64,-1,124,-1,100
1,<environment.Job instance at 0x7f686ae69d20>,64,28,[12  1],65,-1,128,-1,100
1,<environment.Job instance at 0x7f686ae69dc0>,65,27,[9 2],66,-1,129,-1,102
1,<environment.Job instance at 0x7f686ae69410>,66,13,[11  1],67,-1,115,-1,102
1,<environment.Job instance at 0x7f686adc33c0>,67,16,[13  1],68,-1,118,-1,102
1,<environment.Job instance at 0x7f686adc3f00>,68,13,[ 4 11],69,-1,115,-1,102
1,<environment.Job instance at 0x7f686adc3aa0>,69,12,[ 2 13],70,-1,114,-1,102
1,<environment.Job instance at 0x7f686adc3af0>,70,28,[6 4],71,-1,130,-1,102
1,<environment.Job instance at 0x7f686adc3dc0>,72,27,[ 3 11],73,-1,129,-1,102
1,<environment.Job instance at 0x7f686adc3e10>,73,25,[ 5 10],74,-1,137,-1,112
1,<environment.Job instance at 0x7f6869cc1a50>,75,20,[ 5 13],76,-1,132,-1,112
1,<environment.Job instance at 0x7f6869cc1410>,77,24,[8 4],78,-1,138,-1,114
1,<environment.Job instance at 0x7f6869cc18c0>,78,27,[9 3],79,-1,141,-1,114
1,<environment.Job instance at 0x7f6869d7bcd0>,83,28,[ 3 11],84,-1,168,-1,140
1,<environment.Job instance at 0x7f6869d7bdc0>,85,27,[14  3],86,-1,172,-1,145
1,<environment.Job instance at 0x7f6869d7b3c0>,86,16,[ 1 11],87,-1,161,-1,145
1,<environment.Job instance at 0x7f6869d7bb40>,84,28,[5 6],85,-1,174,-1,146
1,<environment.Job instance at 0x7f6869d7b820>,88,15,[14  5],89,-1,161,-1,146
1,<environment.Job instance at 0x7f6869d7b370>,89,18,[ 1 13],90,-1,164,-1,146
1,<environment.Job instance at 0x7f6869d7b1e0>,90,16,[ 5 13],91,-1,162,-1,146
1,<environment.Job instance at 0x7f6869d7b550>,91,22,[14  3],92,-1,168,-1,146
1,<environment.Job instance at 0x7f6869d7b0f0>,95,14,[ 3 11],96,-1,178,-1,164
1,<environment.Job instance at 0x7f686ad94be0>,98,23,[ 2 11],99,-1,206,-1,183
1,<environment.Job instance at 0x7f6869d7b6e0>,96,23,[ 1 10],97,-1,208,-1,185
1,<environment.Job instance at 0x7f686ad94280>,100,22,[12  1],101,-1,207,-1,185
1,<environment.Job instance at 0x7f686ad94dc0>,101,28,[ 2 11],102,-1,213,-1,185
1,<environment.Job instance at 0x7f686ad94b90>,103,15,[ 3 12],104,-1,200,-1,185
1,<environment.Job instance at 0x7f6873b4e370>,0,16,[4 8],1,-1,17,-1,1
1,<environment.Job instance at 0x7f686b45bd70>,4,18,[5 7],5,-1,24,-1,6
1,<environment.Job instance at 0x7f686a4b50f0>,5,20,[14  2],6,-1,26,-1,6
1,<environment.Job instance at 0x7f686aceb7d0>,9,16,[4 9],10,-1,27,-1,11
1,<environment.Job instance at 0x7f686afe8fa0>,1,16,[11  3],2,-1,18,-1,2
1,<environment.Job instance at 0x7f686afe81e0>,2,12,[11  5],3,-1,15,-1,3
1,<environment.Job instance at 0x7f686afe8d20>,3,27,[13  4],4,-1,31,-1,4
1,<environment.Job instance at 0x7f686ad96140>,5,20,[14  2],6,-1,26,-1,6
1,<environment.Job instance at 0x7f686ad965f0>,6,21,[ 1 12],7,-1,28,-1,7
1,<environment.Job instance at 0x7f686ad968c0>,12,21,[ 3 14],13,-1,38,-1,17
1,<environment.Job instance at 0x7f686afe86e0>,8,24,[1 9],9,-1,47,-1,23
1,<environment.Job instance at 0x7f686ad96870>,14,25,[14  3],15,-1,48,-1,23
1,<environment.Job instance at 0x7f686ad96c80>,15,24,[13  2],16,-1,47,-1,23
1,<environment.Job instance at 0x7f686ad96280>,18,26,[11  3],19,-1,49,-1,23
1,<environment.Job instance at 0x7f686ad96640>,19,14,[14  3],20,-1,37,-1,23
1,<environment.Job instance at 0x7f686ad965a0>,20,24,[ 4 13],21,-1,47,-1,23
1,<environment.Job instance at 0x7f686ad96fa0>,21,28,[ 4 14],22,-1,51,-1,23
1,<environment.Job instance at 0x7f686aceba50>,22,19,[ 3 12],23,-1,42,-1,23
1,<environment.Job instance at 0x7f686aceb4b0>,24,13,[ 4 12],25,-1,43,-1,30
1,<environment.Job instance at 0x7f687bdc8500>,25,24,[5 6],26,-1,54,-1,30
1,<environment.Job instance at 0x7f686acebe60>,26,14,[13  2],27,-1,44,-1,30
1,<environment.Job instance at 0x7f686aceb0a0>,27,22,[ 2 14],28,-1,52,-1,30
1,<environment.Job instance at 0x7f686b4f78c0>,28,15,[ 2 13],29,-1,45,-1,30
1,<environment.Job instance at 0x7f686b4f7f00>,32,12,[ 3 14],33,-1,50,-1,38
1,<environment.Job instance at 0x7f686b4f7c30>,33,15,[14  3],34,-1,53,-1,38
1,<environment.Job instance at 0x7f686b4f7410>,34,15,[ 2 11],35,-1,53,-1,38
1,<environment.Job instance at 0x7f686ad94cd0>,35,27,[14  3],36,-1,65,-1,38
1,<environment.Job instance at 0x7f686ad94c80>,36,12,[13  1],37,-1,50,-1,38
1,<environment.Job instance at 0x7f686ad94690>,38,24,[13  2],39,-1,72,-1,48
1,<environment.Job instance at 0x7f686b4f7e10>,29,25,[ 4 10],30,-1,84,-1,59
1,<environment.Job instance at 0x7f686ad94370>,40,23,[12  3],41,-1,82,-1,59
1,<environment.Job instance at 0x7f686ad942d0>,41,21,[ 5 11],42,-1,80,-1,59
1,<environment.Job instance at 0x7f686ad94e10>,44,19,[11  5],45,-1,84,-1,65
1,<environment.Job instance at 0x7f686ad94dc0>,45,12,[ 3 11],46,-1,77,-1,65
1,<environment.Job instance at 0x7f686ad94280>,46,18,[ 1 14],47,-1,83,-1,65
1,<environment.Job instance at 0x7f686ad94410>,47,12,[ 3 13],48,-1,77,-1,65
1,<environment.Job instance at 0x7f686ad940f0>,48,19,[ 3 11],49,-1,84,-1,65
1,<environment.Job instance at 0x7f686ad94b90>,43,23,[3 9],44,-1,95,-1,72
1,<environment.Job instance at 0x7f6869d7b870>,50,17,[11  4],51,-1,89,-1,72
1,<environment.Job instance at 0x7f6869d7b780>,51,15,[12  4],52,-1,87,-1,72
1,<environment.Job instance at 0x7f6869d7b280>,54,19,[ 3 12],55,-1,91,-1,72
1,<environment.Job instance at 0x7f6869d7bf50>,56,24,[10  3],57,-1,104,-1,80
1,<environment.Job instance at 0x7f6869d7b8c0>,58,19,[14  1],59,-1,99,-1,80
1,<environment.Job instance at 0x7f6869d7ba00>,59,25,[ 2 14],60,-1,105,-1,80
1,<environment.Job instance at 0x7f6869d7b4b0>,61,19,[ 4 13],62,-1,100,-1,81
1,<environment.Job instance at 0x7f6869d7bcd0>,63,15,[14  4],64,-1,100,-1,85
1,<environment.Job instance at 0x7f6869cc1f00>,65,26,[9 3],66,-1,123,-1,97
1,<environment.Job instance at 0x7f6869cc1410>,66,18,[ 2 11],67,-1,115,-1,97
1,<environment.Job instance at 0x7f6869cc1af0>,68,27,[5 9],69,-1,138,-1,111
1,<environment.Job instance at 0x7f6869cc14b0>,69,12,[12  3],70,-1,123,-1,111
1,<environment.Job instance at 0x7f6869cc17d0>,70,12,[11  3],71,-1,123,-1,111
1,<environment.Job instance at 0x7f6869cc1550>,71,18,[11  4],72,-1,129,-1,111
1,<environment.Job instance at 0x7f686adc3d20>,73,25,[ 3 13],74,-1,136,-1,111
1,<environment.Job instance at 0x7f686adc3aa0>,74,24,[5 8],75,-1,149,-1,125
1,<environment.Job instance at 0x7f686adc35a0>,76,27,[7 1],77,-1,152,-1,125
1,<environment.Job instance at 0x7f686adc33c0>,77,22,[14  4],78,-1,147,-1,125
1,<environment.Job instance at 0x7f686adc3f00>,78,21,[ 4 14],79,-1,146,-1,125
1,<environment.Job instance at 0x7f686ae69550>,79,24,[ 2 10],80,-1,149,-1,125
1,<environment.Job instance at 0x7f686ae69d20>,80,26,[ 1 12],81,-1,151,-1,125
1,<environment.Job instance at 0x7f686a98d230>,84,22,[ 2 11],85,-1,162,-1,140
1,<environment.Job instance at 0x7f686a98d050>,86,23,[13  5],87,-1,165,-1,142
1,<environment.Job instance at 0x7f686a98d640>,88,16,[ 4 14],89,-1,170,-1,154
1,<environment.Job instance at 0x7f686a98d0a0>,92,15,[11  5],93,-1,189,-1,174
1,<environment.Job instance at 0x7f686a98d410>,93,12,[11  5],94,-1,186,-1,174
1,<environment.Job instance at 0x7f686a98d320>,94,27,[ 1 12],95,-1,201,-1,174
1,<environment.Job instance at 0x7f686a98d190>,95,21,[13  4],96,-1,195,-1,174
1,<environment.Job instance at 0x7f686a98d7d0>,96,12,[13  3],97,-1,186,-1,174
1,<environment.Job instance at 0x7f5bcd6e3870>,2,20,[7 4],3,-1,23,-1,3
1,<environment.Job instance at 0x7f5bcd6e9d70>,3,13,[12  4],4,-1,17,-1,4
1,<environment.Job instance at 0x7f5bcd6e9f50>,5,24,[ 2 14],6,-1,30,-1,6
1,<environment.Job instance at 0x7f5bcd6e9c30>,6,15,[ 2 14],7,-1,22,-1,7
1,<environment.Job instance at 0x7f5bcd6e9eb0>,8,20,[ 4 13],9,-1,29,-1,9
1,<environment.Job instance at 0x7f5bcd6ed0a0>,9,16,[12  1],10,-1,26,-1,10
1,<environment.Job instance at 0x7f5bcd6e9f00>,4,24,[7 2],5,-1,42,-1,18
1,<environment.Job instance at 0x7f5bcd6ed2d0>,12,28,[ 1 14],13,-1,46,-1,18
1,<environment.Job instance at 0x7f5bcd6ed140>,14,15,[14  4],15,-1,33,-1,18
1,<environment.Job instance at 0x7f5bcd6ed460>,15,20,[ 3 12],16,-1,38,-1,18
1,<environment.Job instance at 0x7f5bcd6e9aa0>,1,24,[10  1],2,-1,47,-1,23
1,<environment.Job instance at 0x7f5bcd6ed5a0>,17,19,[12  4],18,-1,42,-1,23
1,<environment.Job instance at 0x7f5bcd6ed7d0>,18,18,[13  1],19,-1,41,-1,23
1,<environment.Job instance at 0x7f5bcd6ed870>,19,23,[8 4],20,-1,46,-1,23
1,<environment.Job instance at 0x7f5bcd6ed8c0>,20,17,[ 2 14],21,-1,40,-1,23
1,<environment.Job instance at 0x7f5bcd6ed370>,21,14,[ 4 11],22,-1,37,-1,23
1,<environment.Job instance at 0x7f5bcd6e9be0>,7,26,[9 3],8,-1,49,-1,23
1,<environment.Job instance at 0x7f5bcd6ed500>,16,28,[5 1],17,-1,51,-1,23
1,<environment.Job instance at 0x7f5bcd6ed6e0>,23,16,[12  2],24,-1,40,-1,24
1,<environment.Job instance at 0x7f5bcd6edd20>,27,17,[ 4 12],28,-1,50,-1,33
1,<environment.Job instance at 0x7f5bcd6eda50>,28,17,[ 1 13],29,-1,50,-1,33
1,<environment.Job instance at 0x7f5bcd6edb90>,29,24,[ 4 13],30,-1,57,-1,33
1,<environment.Job instance at 0x7f5bcd6edfa0>,30,26,[11  4],31,-1,59,-1,33
1,<environment.Job instance at 0x7f5bcd6edf00>,31,28,[ 2 10],32,-1,61,-1,33
1,<environment.Job instance at 0x7f5bcd6edaf0>,25,24,[5 7],26,-1,57,-1,33
1,<environment.Job instance at 0x7f5bcd6ef0a0>,33,28,[6 4],34,-1,64,-1,36
1,<environment.Job instance at 0x7f5bcd6ef370>,34,24,[5 5],35,-1,60,-1,36
1,<environment.Job instance at 0x7f5bcd6ef5f0>,37,14,[ 5 14],38,-1,52,-1,38
1,<environment.Job instance at 0x7f5bcd6ef460>,38,24,[13  2],39,-1,63,-1,39
1,<environment.Job instance at 0x7f5bcd6ef5a0>,40,26,[ 1 14],41,-1,71,-1,45
1,<environment.Job instance at 0x7f5bcd6ef190>,42,12,[ 5 12],43,-1,57,-1,45
1,<environment.Job instance at 0x7f5bcd246a00>,6,21,[8 4],7,-1,29,-1,8
1,<environment.Job instance at 0x7f5bcd2ee730>,10,28,[2 6],11,-1,39,-1,11
1,<environment.Job instance at 0x7f5bcd6ef870>,0,13,[ 4 12],1,-1,14,-1,1
1,<environment.Job instance at 0x7f5bcd6efb40>,2,21,[14  2],3,-1,24,-1,3
1,<environment.Job instance at 0x7f5bcd6ef550>,5,12,[ 2 12],6,-1,18,-1,6
1,<environment.Job instance at 0x7f5bcd6ef3c0>,7,16,[ 2 11],8,-1,24,-1,8
1,<environment.Job instance at 0x7f5bcd6ef2d0>,8,17,[ 3 13],9,-1,26,-1,9
1,<environment.Job instance at 0x7f5bcd6ef0f0>,11,23,[13  5],12,-1,35,-1,12
1,<environment.Job instance at 0x7f5bcd6e9e10>,12,14,[ 4 11],13,-1,27,-1,13
1,<environment.Job instance at 0x7f5bcd6ef0a0>,14,24,[2 8],15,-1,39,-1,15
1,<environment.Job instance at 0x7f5bcd6ef4b0>,10,28,[2 6],11,-1,43,-1,15
1,<environment.Job instance at 0x7f5bcd6e9eb0>,16,17,[ 4 12],17,-1,34,-1,17
1,<environment.Job instance at 0x7f5bcd6e9c80>,15,26,[5 5],16,-1,47,-1,21
1,<environment.Job instance at 0x7f5bcd1a6280>,19,26,[1 7],20,-1,53,-1,27
1,<environment.Job instance at 0x7f5bcd6e9af0>,22,28,[11  1],23,-1,55,-1,27
1,<environment.Job instance at 0x7f5bcce7a230>,0,28,[13  5],1,-1,29,-1,1
1,<environment.Job instance at 0x7f5bcce6e8c0>,1,28,[ 5 11],2,-1,30,-1,2
1,<environment.Job instance at 0x7f5bcce6ea50>,2,15,[ 2 13],3,-1,18,-1,3
1,<environment.Job instance at 0x7f5bcce6eb40>,3,13,[11  4],4,-1,17,-1,4
1,<environment.Job instance at 0x7f5bcce6e0a0>,7,22,[ 4 14],8,-1,30,-1,8
1,<environment.Job instance at 0x7f5bcce6ea00>,10,27,[ 3 11],11,-1,38,-1,11
1,<environment.Job instance at 0x7f5bcce6e140>,11,23,[5 1],12,-1,35,-1,12
1,<environment.Job instance at 0x7f5bcce6b3c0>,12,17,[12  4],13,-1,30,-1,13
1,<environment.Job instance at 0x7f5bcce6b730>,15,19,[14  5],16,-1,35,-1,16
1,<environment.Job instance at 0x7f5bcce6e500>,8,25,[1 7],9,-1,46,-1,21
1,<environment.Job instance at 0x7f5bcce6b9b0>,17,26,[5 4],18,-1,49,-1,23
1,<environment.Job instance at 0x7f5bcce6b780>,20,17,[ 4 12],21,-1,40,-1,23
1,<environment.Job instance at 0x7f5bcce6bf00>,21,27,[ 4 11],22,-1,50,-1,23
1,<environment.Job instance at 0x7f5bcce6b320>,24,18,[13  5],25,-1,58,-1,40
1,<environment.Job instance at 0x7f5bcce6bcd0>,26,27,[12  1],27,-1,67,-1,40
1,<environment.Job instance at 0x7f5bcce6bd70>,27,20,[13  4],28,-1,60,-1,40
1,<environment.Job instance at 0x7f5bcce6bc80>,28,26,[1 6],29,-1,66,-1,40
1,<environment.Job instance at 0x7f5bcce6b1e0>,29,14,[13  2],30,-1,54,-1,40
1,<environment.Job instance at 0x7f5bcce645f0>,31,27,[13  4],32,-1,67,-1,40
1,<environment.Job instance at 0x7f5bcce64e60>,32,21,[14  2],33,-1,61,-1,40
1,<environment.Job instance at 0x7f5bcce6b050>,23,26,[5 2],24,-1,66,-1,40
1,<environment.Job instance at 0x7f5bcce64730>,34,26,[4 7],35,-1,66,-1,40
1,<environment.Job instance at 0x7f5bcce641e0>,35,17,[ 5 12],36,-1,57,-1,40
1,<environment.Job instance at 0x7f5bcce64820>,37,15,[14  4],38,-1,55,-1,40
1,<environment.Job instance at 0x7f5bcce64050>,0,24,[ 2 13],1,-1,25,-1,1
1,<environment.Job instance at 0x7f5bcce64140>,1,28,[7 1],2,-1,30,-1,2
1,<environment.Job instance at 0x7f5bcce64fa0>,3,27,[9 2],4,-1,31,-1,4
1,<environment.Job instance at 0x7f5bcce64910>,4,26,[12  4],5,-1,31,-1,5
1,<environment.Job instance at 0x7f5bcce67aa0>,7,25,[ 3 13],8,-1,33,-1,8
1,<environment.Job instance at 0x7f5bcce647d0>,8,24,[12  5],9,-1,33,-1,9
1,<environment.Job instance at 0x7f5bcce648c0>,9,25,[ 2 11],10,-1,35,-1,10
1,<environment.Job instance at 0x7f5bcce645f0>,11,23,[ 3 14],12,-1,35,-1,12
1,<environment.Job instance at 0x7f5bcce64820>,13,17,[13  1],14,-1,31,-1,14
1,<environment.Job instance at 0x7f5bcce64780>,10,26,[5 4],11,-1,41,-1,15
1,<environment.Job instance at 0x7f5bcce64d70>,15,16,[11  3],16,-1,32,-1,16
1,<environment.Job instance at 0x7f5bcce6bcd0>,16,24,[13  4],17,-1,41,-1,17
1,<environment.Job instance at 0x7f5bcce6bd20>,17,18,[14  2],18,-1,36,-1,18
1,<environment.Job instance at 0x7f5bcce6b820>,19,17,[14  3],20,-1,37,-1,20
1,<environment.Job instance at 0x7f5bcce6bf00>,20,24,[ 4 11],21,-1,45,-1,21
1,<environment.Job instance at 0x7f5bcce6bb40>,24,25,[14  5],25,-1,50,-1,25
1,<environment.Job instance at 0x7f5bcce6b0f0>,25,24,[3 7],26,-1,61,-1,37
1,<environment.Job instance at 0x7f5bcce6b870>,27,17,[11  1],28,-1,54,-1,37
1,<environment.Job instance at 0x7f5bcce6ba00>,28,27,[ 3 13],29,-1,64,-1,37
1,<environment.Job instance at 0x7f5bcce6b690>,31,19,[11  4],32,-1,59,-1,40
1,<environment.Job instance at 0x7f5bcccc6690>,0,13,[12  2],1,-1,14,-1,1
1,<environment.Job instance at 0x7f5bcce6ed20>,1,27,[3 6],2,-1,29,-1,2
1,<environment.Job instance at 0x7f5bcce6eaa0>,5,13,[12  2],6,-1,19,-1,6
1,<environment.Job instance at 0x7f5bcccc6b40>,7,14,[11  1],8,-1,22,-1,8
1,<environment.Job instance at 0x7f5bcce6e730>,8,24,[12  2],9,-1,33,-1,9
1,<environment.Job instance at 0x7f5bcce6e140>,9,20,[12  3],10,-1,30,-1,10
1,<environment.Job instance at 0x7f5bcce6ec80>,11,15,[11  5],12,-1,27,-1,12
1,<environment.Job instance at 0x7f5bcce6b410>,12,19,[14  4],13,-1,32,-1,13
1,<environment.Job instance at 0x7f5bcce6bc30>,13,17,[ 3 12],14,-1,31,-1,14
1,<environment.Job instance at 0x7f5bcce6b0f0>,15,19,[ 4 14],16,-1,35,-1,16
1,<environment.Job instance at 0x7f5bcce6bb40>,16,16,[ 5 12],17,-1,33,-1,17
1,<environment.Job instance at 0x7f5bcce6bbe0>,17,21,[ 1 12],18,-1,39,-1,18
1,<environment.Job instance at 0x7f5bcce6b780>,18,16,[ 1 14],19,-1,35,-1,19
1,<environment.Job instance at 0x7f5bcce6bf00>,19,18,[ 1 14],20,-1,38,-1,20
1,<environment.Job instance at 0x7f5bcce6bd20>,21,17,[14  5],22,-1,39,-1,22
1,<environment.Job instance at 0x7f5bcce6ea00>,6,27,[10  5],7,-1,50,-1,23
1,<environment.Job instance at 0x7f5bcce6bd70>,23,25,[11  3],24,-1,49,-1,24
1,<environment.Job instance at 0x7f5bcce6b140>,24,15,[14  2],25,-1,40,-1,25
1,<environment.Job instance at 0x7f5bcce6b820>,20,23,[1 9],21,-1,48,-1,25
1,<environment.Job instance at 0x7f5bcce6b0a0>,22,25,[4 8],23,-1,50,-1,25
1,<environment.Job instance at 0x7f5bcce6b320>,25,18,[11  1],26,-1,44,-1,26
1,<environment.Job instance at 0x7f5bcce64f50>,27,17,[12  1],28,-1,45,-1,28
1,<environment.Job instance at 0x7f5bcce64730>,28,20,[12  2],29,-1,49,-1,29
1,<environment.Job instance at 0x7f5bcce648c0>,31,13,[ 4 11],32,-1,45,-1,32
1,<environment.Job instance at 0x7f5bcce64780>,32,16,[14  3],33,-1,49,-1,33
1,<environment.Job instance at 0x7f5bcce642d0>,35,14,[ 1 13],36,-1,50,-1,36
1,<environment.Job instance at 0x7f5bcccbf370>,38,19,[13  1],39,-1,64,-1,45
1,<environment.Job instance at 0x7f5bcce64910>,39,20,[ 1 12],40,-1,65,-1,45
1,<environment.Job instance at 0x7f5bcd4eaa50>,41,24,[7 2],42,-1,69,-1,45
1,<environment.Job instance at 0x7f5bcd465d70>,42,13,[ 5 11],43,-1,58,-1,45
1,<environment.Job instance at 0x7f5bccf3d780>,43,13,[14  1],44,-1,58,-1,45
1,<environment.Job instance at 0x7f5bcd4a6fa0>,44,12,[ 5 12],45,-1,57,-1,45
1,<environment.Job instance at 0x7f5bcc9de0a0>,3,16,[5 8],4,-1,20,-1,4
1,<environment.Job instance at 0x7f5bcca70dc0>,0,27,[11  1],1,-1,28,-1,1
1,<environment.Job instance at 0x7f5bcce6bf00>,1,24,[6 2],2,-1,26,-1,2
1,<environment.Job instance at 0x7f5bcc9d9cd0>,5,27,[ 5 14],6,-1,33,-1,6
1,<environment.Job instance at 0x7f5bcce6ba00>,7,27,[5 1],8,-1,35,-1,8
1,<environment.Job instance at 0x7f5bcce6b0f0>,8,26,[ 2 13],9,-1,35,-1,9
1,<environment.Job instance at 0x7f5bcce6e5f0>,9,28,[14  4],10,-1,38,-1,10
1,<environment.Job instance at 0x7f5bcce6b730>,11,20,[ 4 11],12,-1,32,-1,12
1,<environment.Job instance at 0x7f5bcce6e050>,12,15,[14  1],13,-1,28,-1,13
1,<environment.Job instance at 0x7f5bcce6ecd0>,14,27,[1 5],15,-1,43,-1,16
1,<environment.Job instance at 0x7f5bcce6e0a0>,15,26,[11  3],16,-1,42,-1,16
1,<environment.Job instance at 0x7f5bccfef5f0>,16,25,[11  3],17,-1,42,-1,17
1,<environment.Job instance at 0x7f5bcce6b3c0>,4,23,[1 8],5,-1,43,-1,20
1,<environment.Job instance at 0x7f5bcc98fe10>,19,25,[ 3 13],20,-1,45,-1,20
1,<environment.Job instance at 0x7f5bcce6ec80>,10,27,[3 9],11,-1,47,-1,20
1,<environment.Job instance at 0x7f5bcd58d460>,20,19,[11  3],21,-1,40,-1,21
1,<environment.Job instance at 0x7f5bcc9de820>,22,13,[14  2],23,-1,36,-1,23
1,<environment.Job instance at 0x7f5bcd9a5aa0>,23,13,[ 5 11],24,-1,37,-1,24
1,<environment.Job instance at 0x7f5bccb478c0>,24,18,[ 3 14],25,-1,43,-1,25
1,<environment.Job instance at 0x7f5bcdd5fb90>,30,20,[11  2],31,-1,53,-1,33
1,<environment.Job instance at 0x7f5bcdd5ffa0>,31,26,[2 8],32,-1,64,-1,38
1,<environment.Job instance at 0x7f5bcd7b5410>,34,15,[11  2],35,-1,61,-1,46
1,<environment.Job instance at 0x7f5bcd293c80>,3,18,[9 5],4,-1,22,-1,4
1,<environment.Job instance at 0x7f5bcd293820>,4,18,[1 7],5,-1,24,-1,6
1,<environment.Job instance at 0x7f5bcd32f9b0>,8,25,[4 5],9,-1,34,-1,9
1,<environment.Job instance at 0x7f5bcd987730>,1,15,[14  2],2,-1,17,-1,2
1,<environment.Job instance at 0x7f5bcd997140>,2,28,[14  3],3,-1,31,-1,3
1,<environment.Job instance at 0x7f5bcd95da50>,5,14,[ 3 14],6,-1,20,-1,6
1,<environment.Job instance at 0x7f5bcc9b8230>,6,17,[13  5],7,-1,24,-1,7
1,<environment.Job instance at 0x7f5bcc9b8780>,7,13,[ 5 14],8,-1,21,-1,8
1,<environment.Job instance at 0x7f5bcd888b40>,9,16,[11  3],10,-1,26,-1,10
1,<environment.Job instance at 0x7f5bcca71dc0>,11,12,[12  3],12,-1,24,-1,12
1,<environment.Job instance at 0x7f5bcc9b8dc0>,8,25,[4 5],9,-1,38,-1,13
1,<environment.Job instance at 0x7f5bcc9b8c80>,12,28,[6 3],13,-1,41,-1,13
1,<environment.Job instance at 0x7f5bcd9a5aa0>,13,23,[ 1 11],14,-1,37,-1,14
1,<environment.Job instance at 0x7f5bcdd5f230>,15,27,[12  4],16,-1,43,-1,16
1,<environment.Job instance at 0x7f5bccb47870>,16,13,[14  5],17,-1,30,-1,17
1,<environment.Job instance at 0x7f5bccb47500>,17,16,[ 5 11],18,-1,34,-1,18
1,<environment.Job instance at 0x7f5bccb47be0>,19,19,[ 3 11],20,-1,39,-1,20
1,<environment.Job instance at 0x7f5bcdec0280>,18,23,[4 8],19,-1,45,-1,22
1,<environment.Job instance at 0x7f5bccfef5f0>,21,15,[13  3],22,-1,37,-1,22
1,<environment.Job instance at 0x7f5bcc9ded70>,22,28,[11  2],23,-1,51,-1,23
1,<environment.Job instance at 0x7f5bcce6b410>,26,27,[ 4 13],27,-1,54,-1,27
1,<environment.Job instance at 0x7f5bcce6b3c0>,27,28,[ 1 14],28,-1,56,-1,28
1,<environment.Job instance at 0x7f5bcce6b960>,28,12,[13  4],29,-1,41,-1,29
1,<environment.Job instance at 0x7f5bcce6bbe0>,29,12,[ 5 12],30,-1,42,-1,30
1,<environment.Job instance at 0x7f5bcce6b370>,31,27,[4 6],32,-1,61,-1,34
1,<environment.Job instance at 0x7f5bcce6bd20>,23,24,[7 5],24,-1,60,-1,36
1,<environment.Job instance at 0x7f5bcca70320>,30,28,[7 4],31,-1,64,-1,36
1,<environment.Job instance at 0x7f5bcce6ec30>,35,27,[12  5],36,-1,63,-1,36
1,<environment.Job instance at 0x7f5bcce6e050>,37,28,[11  5],38,-1,73,-1,45
1,<environment.Job instance at 0x7f5bcce6ecd0>,38,25,[14  5],39,-1,70,-1,45
1,<environment.Job instance at 0x7f5bcd84f5f0>,39,26,[14  1],40,-1,71,-1,45
1,<environment.Job instance at 0x7f5bcde80370>,40,17,[12  2],41,-1,62,-1,45
1,<environment.Job instance at 0x7f5bcce6e870>,41,26,[6 2],42,-1,71,-1,45
1,<environment.Job instance at 0x7f5bcd3981e0>,42,23,[5 8],43,-1,68,-1,45
1,<environment.Job instance at 0x7f5bcd28f640>,45,21,[ 4 14],46,-1,69,-1,48
1,<environment.Job instance at 0x7f5bcd356870>,0,23,[ 4 11],1,-1,24,-1,1
1,<environment.Job instance at 0x7f5bcde80370>,1,14,[ 2 14],2,-1,16,-1,2
1,<environment.Job instance at 0x7f5bcca70dc0>,2,27,[1 8],3,-1,30,-1,3
1,<environment.Job instance at 0x7f5bcd84f5f0>,3,26,[7 4],4,-1,30,-1,4
1,<environment.Job instance at 0x7f5bcce6b780>,4,20,[14  3],5,-1,25,-1,5
1,<environment.Job instance at 0x7f5bcce6bbe0>,5,25,[5 2],6,-1,31,-1,6
1,<environment.Job instance at 0x7f5bcce6b960>,6,24,[6 3],7,-1,31,-1,7
1,<environment.Job instance at 0x7f5bcce6b3c0>,7,25,[ 2 14],8,-1,33,-1,8
1,<environment.Job instance at 0x7f5bcca70320>,11,26,[14  3],12,-1,38,-1,12
1,<environment.Job instance at 0x7f5bcc989230>,12,27,[12  1],13,-1,40,-1,13
1,<environment.Job instance at 0x7f5bcc9ded70>,13,27,[ 3 11],14,-1,41,-1,14
1,<environment.Job instance at 0x7f5bcc989f50>,14,15,[ 3 13],15,-1,30,-1,15
1,<environment.Job instance at 0x7f5bccb47500>,15,21,[ 5 12],16,-1,37,-1,16
1,<environment.Job instance at 0x7f5bcca71dc0>,21,25,[12  5],22,-1,47,-1,22
1,<environment.Job instance at 0x7f5bcce6ba00>,10,28,[8 2],11,-1,51,-1,23
1,<environment.Job instance at 0x7f5bcd9a5aa0>,17,23,[9 5],18,-1,46,-1,23
1,<environment.Job instance at 0x7f5bcca71500>,22,24,[6 4],23,-1,47,-1,23
1,<environment.Job instance at 0x7f5bcd95da50>,23,19,[ 2 11],24,-1,43,-1,24
1,<environment.Job instance at 0x7f5bcc9b81e0>,24,23,[13  3],25,-1,48,-1,25
1,<environment.Job instance at 0x7f5bcc9b89b0>,27,25,[4 9],28,-1,60,-1,35
1,<environment.Job instance at 0x7f5bcc9b43c0>,29,28,[5 9],30,-1,63,-1,35
1,<environment.Job instance at 0x7f5bcdb27730>,30,24,[4 8],31,-1,59,-1,35
1,<environment.Job instance at 0x7f5bcc990b90>,28,26,[6 1],29,-1,61,-1,35
1,<environment.Job instance at 0x7f5bcda1b550>,33,24,[12  1],34,-1,59,-1,35
1,<environment.Job instance at 0x7f5bcdae7140>,34,17,[12  4],35,-1,52,-1,35
1,<environment.Job instance at 0x7f5bce109b40>,36,27,[13  3],37,-1,64,-1,37
1,<environment.Job instance at 0x7f5bcdf37500>,38,17,[ 1 11],39,-1,64,-1,47
1,<environment.Job instance at 0x7f5bcd81a140>,40,19,[12  4],41,-1,67,-1,48
1,<environment.Job instance at 0x7f5bcd81a190>,41,14,[ 5 12],42,-1,62,-1,48
1,<environment.Job instance at 0x7f5bccaabcd0>,6,28,[5 7],7,-1,35,-1,7
1,<environment.Job instance at 0x7f5bccb47370>,0,27,[14  3],1,-1,28,-1,1
1,<environment.Job instance at 0x7f5bcc9de820>,1,18,[ 1 14],2,-1,20,-1,2
1,<environment.Job instance at 0x7f5bcc9ded70>,3,15,[11  2],4,-1,19,-1,4
1,<environment.Job instance at 0x7f5bcdb4c320>,4,13,[ 1 12],5,-1,18,-1,5
1,<environment.Job instance at 0x7f5bcdb4c230>,7,16,[ 4 11],8,-1,24,-1,8
1,<environment.Job instance at 0x7f5bccaa7b90>,8,17,[13  3],9,-1,26,-1,9
1,<environment.Job instance at 0x7f5bccaa74b0>,9,22,[ 3 11],10,-1,32,-1,10
1,<environment.Job instance at 0x7f5bccaa7190>,11,13,[ 5 12],12,-1,25,-1,12
1,<environment.Job instance at 0x7f5bccaa7a00>,12,23,[ 5 11],13,-1,36,-1,13
1,<environment.Job instance at 0x7f5bccaa7e60>,13,27,[12  4],14,-1,41,-1,14
1,<environment.Job instance at 0x7f5bcce5f2d0>,14,13,[12  4],15,-1,28,-1,15
1,<environment.Job instance at 0x7f5bcdb4c9b0>,6,28,[5 7],7,-1,45,-1,17
1,<environment.Job instance at 0x7f5bcce5f230>,15,23,[9 4],16,-1,40,-1,17
1,<environment.Job instance at 0x7f5bccaa7280>,16,13,[ 3 14],17,-1,30,-1,17
1,<environment.Job instance at 0x7f5bcce5f730>,17,24,[ 4 14],18,-1,42,-1,18
1,<environment.Job instance at 0x7f5bcce5fe60>,19,24,[13  3],20,-1,44,-1,20
1,<environment.Job instance at 0x7f5bcce5f9b0>,21,22,[13  5],22,-1,44,-1,22
1,<environment.Job instance at 0x7f5bcce5faa0>,22,14,[ 3 13],23,-1,37,-1,23
1,<environment.Job instance at 0x7f5bcce5f370>,23,26,[14  2],24,-1,50,-1,24
1,<environment.Job instance at 0x7f5bcce5f5a0>,24,13,[13  4],25,-1,38,-1,25
1,<environment.Job instance at 0x7f5bcce5f410>,27,25,[11  1],28,-1,53,-1,28
1,<environment.Job instance at 0x7f5bcce5ff00>,28,19,[13  3],29,-1,48,-1,29
1,<environment.Job instance at 0x7f5bcce5f280>,30,25,[13  4],31,-1,56,-1,31
1,<environment.Job instance at 0x7f5bcce5fd20>,20,27,[9 5],21,-1,64,-1,37
1,<environment.Job instance at 0x7f5bcca930f0>,33,18,[ 2 13],34,-1,55,-1,37
1,<environment.Job instance at 0x7f5bcce5f190>,26,23,[2 8],27,-1,60,-1,37
1,<environment.Job instance at 0x7f5bcca93230>,37,14,[12  2],38,-1,52,-1,38
1,<environment.Job instance at 0x7f5bcca938c0>,38,17,[12  4],39,-1,56,-1,39
1,<environment.Job instance at 0x7f5bcca93fa0>,39,25,[6 4],40,-1,74,-1,49
1,<environment.Job instance at 0x7f5bcca93730>,42,18,[ 2 13],43,-1,67,-1,49
1,<environment.Job instance at 0x7f5bcca93690>,43,14,[14  2],44,-1,63,-1,49
1,<environment.Job instance at 0x7f5bcca937d0>,44,27,[ 1 12],45,-1,76,-1,49
1,<environment.Job instance at 0x7f5bcca93be0>,45,15,[13  4],46,-1,64,-1,49
1,<environment.Job instance at 0x7f5bcca93550>,46,24,[ 4 14],47,-1,73,-1,49
1,<environment.Job instance at 0x7f5bccb02640>,0,23,[3 9],1,-1,24,-1,1
1,<environment.Job instance at 0x7f5bce242d70>,2,19,[7 3],3,-1,23,-1,4
1,<environment.Job instance at 0x7f5bd6883280>,3,26,[10  3],4,-1,30,-1,4
1,<environment.Job instance at 0x7f5bcddc85f0>,0,23,[3 9],1,-1,24,-1,1
1,<environment.Job instance at 0x7f5bcd79d370>,1,19,[ 4 14],2,-1,21,-1,2
1,<environment.Job instance at 0x7f5bccb47500>,4,17,[14  3],5,-1,22,-1,5
1,<environment.Job instance at 0x7f5bd6883190>,8,22,[ 4 12],9,-1,31,-1,9
1,<environment.Job instance at 0x7f5bcce27c80>,3,26,[10  3],4,-1,48,-1,22
1,<environment.Job instance at 0x7f5bcddb6410>,9,25,[8 2],10,-1,47,-1,22
1,<environment.Job instance at 0x7f5bcdb9db40>,15,12,[12  2],16,-1,34,-1,22
1,<environment.Job instance at 0x7f5bcdb9d370>,16,12,[14  2],17,-1,34,-1,22
1,<environment.Job instance at 0x7f5bcddb6aa0>,11,27,[6 4],12,-1,49,-1,22
1,<environment.Job instance at 0x7f5bce30cdc0>,18,13,[14  5],19,-1,35,-1,22
1,<environment.Job instance at 0x7f5bccc41910>,19,25,[13  3],20,-1,47,-1,22
1,<environment.Job instance at 0x7f5bccc41cd0>,20,14,[ 1 14],21,-1,36,-1,22
1,<environment.Job instance at 0x7f5bccb18a00>,22,12,[ 2 13],23,-1,35,-1,23
1,<environment.Job instance at 0x7f5bce0b6c30>,23,22,[13  3],24,-1,46,-1,24
1,<environment.Job instance at 0x7f5bcd13e460>,28,18,[11  4],29,-1,67,-1,49
1,<environment.Job instance at 0x7f5bcd13e3c0>,29,24,[10  3],30,-1,73,-1,49
1,<environment.Job instance at 0x7f5bcd13e1e0>,30,18,[11  2],31,-1,67,-1,49
1,<environment.Job instance at 0x7f5bcd13eaf0>,31,20,[ 3 14],32,-1,69,-1,49
1,<environment.Job instance at 0x7f5bcd13eaa0>,32,24,[14  5],33,-1,73,-1,49
1,<environment.Job instance at 0x7f5bcd13e0f0>,33,24,[14  5],34,-1,73,-1,49
1,<environment.Job instance at 0x7f5bcd13e140>,34,12,[ 4 11],35,-1,61,-1,49
1,<environment.Job instance at 0x7f5bce1e61e0>,35,22,[ 3 14],36,-1,71,-1,49
1,<environment.Job instance at 0x7f5bce146aa0>,36,14,[ 1 13],37,-1,63,-1,49
1,<environment.Job instance at 0x7f5bccb04050>,37,16,[13  5],38,-1,65,-1,49
1,<environment.Job instance at 0x7f5bccb04960>,38,25,[5 3],39,-1,74,-1,49
1,<environment.Job instance at 0x7f5bccb04280>,40,22,[ 3 14],41,-1,71,-1,49
1,<environment.Job instance at 0x7f5bcd439be0>,1,27,[5 5],2,-1,29,-1,2
1,<environment.Job instance at 0x7f5bccca8460>,2,17,[5 5],3,-1,20,-1,3
1,<environment.Job instance at 0x7f5bccca8370>,3,25,[5 5],4,-1,29,-1,4
1,<environment.Job instance at 0x7f5bccb04640>,1,27,[5 5],2,-1,29,-1,2
1,<environment.Job instance at 0x7f5bccb04370>,3,25,[5 5],4,-1,29,-1,4
1,<environment.Job instance at 0x7f5bccb04460>,4,26,[12  3],5,-1,31,-1,5
1,<environment.Job instance at 0x7f5bccb04960>,5,20,[14  4],6,-1,26,-1,6
1,<environment.Job instance at 0x7f5bce1e6870>,6,15,[13  2],7,-1,22,-1,7
1,<environment.Job instance at 0x7f5bccb04be0>,7,24,[ 5 13],8,-1,32,-1,8
1,<environment.Job instance at 0x7f5bce146fa0>,8,25,[13  5],9,-1,34,-1,9
1,<environment.Job instance at 0x7f5bcd13e140>,9,19,[ 2 13],10,-1,29,-1,10
1,<environment.Job instance at 0x7f5bce1e61e0>,11,19,[14  2],12,-1,31,-1,12
1,<environment.Job instance at 0x7f5bcd13e460>,12,18,[14  4],13,-1,31,-1,13
1,<environment.Job instance at 0x7f5bcd13e050>,13,14,[14  2],14,-1,28,-1,14
1,<environment.Job instance at 0x7f5bcd13eaa0>,10,25,[8 3],11,-1,45,-1,20
1,<environment.Job instance at 0x7f5bce0b6c30>,19,27,[14  4],20,-1,47,-1,20
1,<environment.Job instance at 0x7f5bce0b67d0>,18,27,[1 9],19,-1,47,-1,20
1,<environment.Job instance at 0x7f5bce0b6500>,21,26,[ 5 14],22,-1,48,-1,22
1,<environment.Job instance at 0x7f5bccc41f00>,22,26,[ 2 13],23,-1,49,-1,23
1,<environment.Job instance at 0x7f5bccc41fa0>,24,25,[ 4 10],25,-1,53,-1,28
1,<environment.Job instance at 0x7f5bd6883190>,27,17,[ 4 13],28,-1,53,-1,36
1,<environment.Job instance at 0x7f5bce30caa0>,25,26,[7 1],26,-1,62,-1,36
1,<environment.Job instance at 0x7f5bcddb6230>,30,27,[13  4],31,-1,63,-1,36
1,<environment.Job instance at 0x7f5bcddb6be0>,31,17,[13  4],32,-1,53,-1,36
1,<environment.Job instance at 0x7f5bcddb6280>,32,13,[14  2],33,-1,49,-1,36
1,<environment.Job instance at 0x7f5bcd2cfbe0>,3,14,[10  3],4,-1,19,-1,5
1,<environment.Job instance at 0x7f5bcd2cfd20>,4,18,[4 7],5,-1,23,-1,5
1,<environment.Job instance at 0x7f5bcd2cfe60>,7,27,[11  2],8,-1,35,-1,8
1,<environment.Job instance at 0x7f5bcd2cf460>,6,12,[ 3 11],7,-1,21,-1,9
1,<environment.Job instance at 0x7f5bcd2cf140>,9,14,[ 3 10],10,-1,24,-1,10
1,<environment.Job instance at 0x7f5bcd29fc30>,12,16,[1 5],13,-1,29,-1,13
1,<environment.Job instance at 0x7f5bcd29f190>,13,18,[4 9],14,-1,32,-1,14
1,<environment.Job instance at 0x7f5bcce64960>,2,17,[ 2 12],3,-1,20,-1,3
1,<environment.Job instance at 0x7f5bcce641e0>,5,22,[ 5 13],6,-1,28,-1,6
1,<environment.Job instance at 0x7f5bcce640a0>,6,12,[ 3 11],7,-1,19,-1,7
1,<environment.Job instance at 0x7f5bcce64550>,7,27,[11  2],8,-1,35,-1,8
1,<environment.Job instance at 0x7f5bd68d4870>,11,22,[ 4 12],12,-1,34,-1,12
1,<environment.Job instance at 0x7f5bcd509b90>,14,27,[12  1],15,-1,43,-1,16
1,<environment.Job instance at 0x7f5bcd509b40>,15,18,[14  5],16,-1,34,-1,16
1,<environment.Job instance at 0x7f5bcd509550>,16,13,[ 5 11],17,-1,30,-1,17
1,<environment.Job instance at 0x7f5bcd509af0>,17,27,[12  2],18,-1,45,-1,18
1,<environment.Job instance at 0x7f5bcd5096e0>,21,27,[11  5],22,-1,56,-1,29
1,<environment.Job instance at 0x7f5bcd5098c0>,22,23,[14  5],23,-1,52,-1,29
1,<environment.Job instance at 0x7f5bcd5095f0>,23,16,[12  4],24,-1,45,-1,29
1,<environment.Job instance at 0x7f5bcd509f50>,19,27,[5 1],20,-1,63,-1,36
1,<environment.Job instance at 0x7f5bcd509370>,25,27,[12  4],26,-1,63,-1,36
1,<environment.Job instance at 0x7f5bcd5094b0>,26,20,[ 5 12],27,-1,56,-1,36
1,<environment.Job instance at 0x7f5bcd509050>,27,28,[12  4],28,-1,64,-1,36
1,<environment.Job instance at 0x7f5bcd509fa0>,28,16,[ 1 14],29,-1,52,-1,36
1,<environment.Job instance at 0x7f5bcd509320>,20,28,[ 5 10],21,-1,75,-1,47
1,<environment.Job instance at 0x7f5bcdfc7fa0>,31,28,[13  3],32,-1,75,-1,47
1,<environment.Job instance at 0x7f5bcdfc7410>,32,22,[ 3 11],33,-1,69,-1,47
1,<environment.Job instance at 0x7f5bcdfc7320>,33,21,[ 2 13],34,-1,68,-1,47
1,<environment.Job instance at 0x7f5bcdfc74b0>,35,26,[13  3],36,-1,73,-1,47
1,<environment.Job instance at 0x7f5bcd228230>,1,24,[2 6],2,-1,26,-1,2
1,<environment.Job instance at 0x7f5bcd35e230>,7,25,[3 7],8,-1,33,-1,8
1,<environment.Job instance at 0x7f5bcd35e550>,8,14,[5 8],9,-1,23,-1,9
1,<environment.Job instance at 0x7f5bcd35ec30>,9,22,[ 4 10],10,-1,32,-1,10
1,<environment.Job instance at 0x7f5bcc933d70>,1,24,[2 6],2,-1,26,-1,2
1,<environment.Job instance at 0x7f5bcc933780>,2,13,[ 5 12],3,-1,16,-1,3
1,<environment.Job instance at 0x7f5bcc9334b0>,3,20,[ 2 11],4,-1,24,-1,4
1,<environment.Job instance at 0x7f5bcc933a50>,5,14,[11  2],6,-1,20,-1,6
1,<environment.Job instance at 0x7f5bcc97c910>,10,25,[ 5 14],11,-1,36,-1,11
1,<environment.Job instance at 0x7f5bcdd0c960>,11,17,[ 1 13],12,-1,29,-1,12
1,<environment.Job instance at 0x7f5bcd5a40a0>,12,16,[ 1 13],13,-1,29,-1,13
1,<environment.Job instance at 0x7f5bcc9331e0>,7,25,[3 7],8,-1,53,-1,28
1,<environment.Job instance at 0x7f5bcc972780>,15,25,[3 9],16,-1,53,-1,28
1,<environment.Job instance at 0x7f5bcce0b050>,17,13,[ 1 13],18,-1,41,-1,28
1,<environment.Job instance at 0x7f5bcce0b410>,18,28,[3 6],19,-1,56,-1,28
1,<environment.Job instance at 0x7f5bcd6bedc0>,19,12,[ 4 11],20,-1,40,-1,28
1,<environment.Job instance at 0x7f5bcc972320>,13,28,[2 7],14,-1,56,-1,28
1,<environment.Job instance at 0x7f5bcd6be8c0>,22,22,[ 5 12],23,-1,50,-1,28
1,<environment.Job instance at 0x7f5bcc9790f0>,23,17,[13  5],24,-1,45,-1,28
1,<environment.Job instance at 0x7f5bcd7481e0>,25,13,[12  4],26,-1,41,-1,28
1,<environment.Job instance at 0x7f5bce048cd0>,30,14,[ 4 13],31,-1,55,-1,41
1,<environment.Job instance at 0x7f5bce048370>,31,23,[ 5 12],32,-1,64,-1,41
1,<environment.Job instance at 0x7f5bcd2787d0>,5,18,[ 2 10],6,-1,25,-1,7
1,<environment.Job instance at 0x7f5bcd27a5f0>,6,14,[13  4],7,-1,21,-1,7
1,<environment.Job instance at 0x7f5bccfebf50>,0,18,[ 4 11],1,-1,19,-1,1
1,<environment.Job instance at 0x7f5bcd8838c0>,1,18,[ 3 12],2,-1,20,-1,2
1,<environment.Job instance at 0x7f5bce048c80>,3,24,[13  4],4,-1,28,-1,4
1,<environment.Job instance at 0x7f5bce048820>,4,19,[ 2 13],5,-1,24,-1,5
1,<environment.Job instance at 0x7f5bce048a50>,6,14,[13  4],7,-1,21,-1,7
1,<environment.Job instance at 0x7f5bce048aa0>,7,15,[13  3],8,-1,23,-1,8
1,<environment.Job instance at 0x7f5bce048d70>,8,12,[ 5 11],9,-1,21,-1,9
1,<environment.Job instance at 0x7f5bce048e10>,9,25,[5 1],10,-1,35,-1,10
1,<environment.Job instance at 0x7f5bcd883fa0>,11,14,[14  2],12,-1,26,-1,12
1,<environment.Job instance at 0x7f5bce048370>,12,25,[8 5],13,-1,40,-1,15
1,<environment.Job instance at 0x7f5bce0481e0>,14,15,[14  4],15,-1,30,-1,15
1,<environment.Job instance at 0x7f5bce048780>,16,25,[ 2 13],17,-1,42,-1,17
1,<environment.Job instance at 0x7f5bccc5a0a0>,17,15,[ 5 12],18,-1,33,-1,18
1,<environment.Job instance at 0x7f5bccc5acd0>,18,26,[11  4],19,-1,45,-1,19
1,<environment.Job instance at 0x7f5bcd7486e0>,19,21,[12  2],20,-1,41,-1,20
1,<environment.Job instance at 0x7f5bcc9790f0>,20,25,[6 2],21,-1,49,-1,24
1,<environment.Job instance at 0x7f5bcd748230>,23,17,[ 4 12],24,-1,41,-1,24
1,<environment.Job instance at 0x7f5bce048960>,21,23,[5 5],22,-1,47,-1,24
1,<environment.Job instance at 0x7f5bcce0b410>,25,14,[ 5 13],26,-1,40,-1,26
1,<environment.Job instance at 0x7f5bcd6be410>,27,22,[ 4 13],28,-1,50,-1,28
1,<environment.Job instance at 0x7f5bcd6bedc0>,29,21,[ 4 14],30,-1,51,-1,30
1,<environment.Job instance at 0x7f5bcc972370>,30,23,[3 9],31,-1,63,-1,40
1,<environment.Job instance at 0x7f5bcc972870>,31,13,[12  5],32,-1,53,-1,40
1,<environment.Job instance at 0x7f5bcdd0c190>,32,23,[5 8],33,-1,63,-1,40
1,<environment.Job instance at 0x7f5bcdd0c960>,33,23,[5 5],34,-1,63,-1,40
1,<environment.Job instance at 0x7f5bcd5a40f0>,34,27,[14  2],35,-1,67,-1,40
1,<environment.Job instance at 0x7f5bcd9b2410>,35,28,[11  2],36,-1,68,-1,40
1,<environment.Job instance at 0x7f5bcdc13cd0>,36,18,[12  4],37,-1,58,-1,40
1,<environment.Job instance at 0x7f5bcd0085f0>,1,18,[ 1 12],2,-1,20,-1,2
1,<environment.Job instance at 0x7f5bcc92f550>,2,24,[6 3],3,-1,27,-1,3
1,<environment.Job instance at 0x7f5bcc92fc30>,3,16,[13  4],4,-1,20,-1,4
1,<environment.Job instance at 0x7f5bcc92f140>,4,12,[ 5 11],5,-1,17,-1,5
1,<environment.Job instance at 0x7f5bccb56190>,6,19,[ 2 11],7,-1,26,-1,7
1,<environment.Job instance at 0x7f5bcd008aa0>,8,23,[11  4],9,-1,32,-1,9
1,<environment.Job instance at 0x7f5bccb56320>,9,27,[13  2],10,-1,37,-1,10
1,<environment.Job instance at 0x7f5bccb56c80>,10,15,[11  4],11,-1,26,-1,11
1,<environment.Job instance at 0x7f5bccb566e0>,12,26,[14  3],13,-1,39,-1,13
1,<environment.Job instance at 0x7f5bccecb460>,13,17,[14  4],14,-1,31,-1,14
1,<environment.Job instance at 0x7f5bccb56870>,7,26,[6 3],8,-1,42,-1,16
1,<environment.Job instance at 0x7f5bccecbb40>,15,17,[11  2],16,-1,33,-1,16
1,<environment.Job instance at 0x7f5bccecb820>,16,12,[12  5],17,-1,29,-1,17
1,<environment.Job instance at 0x7f5bccecb1e0>,17,22,[11  3],18,-1,40,-1,18
1,<environment.Job instance at 0x7f5bcde8ec30>,23,13,[13  3],24,-1,37,-1,24
1,<environment.Job instance at 0x7f5bcde8e870>,24,25,[ 1 14],25,-1,50,-1,25
1,<environment.Job instance at 0x7f5bcde8e5f0>,25,19,[13  1],26,-1,45,-1,26
1,<environment.Job instance at 0x7f5bcde8ee60>,26,15,[12  3],27,-1,42,-1,27
1,<environment.Job instance at 0x7f5bcdacaf00>,27,24,[ 1 11],28,-1,52,-1,28
1,<environment.Job instance at 0x7f5bcde8e5a0>,29,26,[5 5],30,-1,63,-1,37
1,<environment.Job instance at 0x7f5bcdacaa50>,28,27,[10  4],29,-1,68,-1,41
1,<environment.Job instance at 0x7f5bcdaca5a0>,31,19,[13  1],32,-1,60,-1,41
1,<environment.Job instance at 0x7f5bcdaca0f0>,32,16,[11  1],33,-1,57,-1,41
1,<environment.Job instance at 0x7f5bcdacaeb0>,33,28,[ 4 11],34,-1,69,-1,41
1,<environment.Job instance at 0x7f5bcdaca730>,35,24,[13  5],36,-1,65,-1,41
1,<environment.Job instance at 0x7f5bcdaca1e0>,36,26,[12  1],37,-1,67,-1,41
1,<environment.Job instance at 0x7f5bcde8e460>,22,23,[8 3],23,-1,64,-1,41
1,<environment.Job instance at 0x7f5bcdacaaa0>,39,17,[ 2 13],40,-1,58,-1,41
1,<environment.Job instance at 0x7f5bcdaca320>,0,14,[ 4 13],1,-1,15,-1,1
1,<environment.Job instance at 0x7f5bcdaca1e0>,1,23,[ 5 14],2,-1,25,-1,2
1,<environment.Job instance at 0x7f5bcdacaf50>,2,23,[13  5],3,-1,26,-1,3
1,<environment.Job instance at 0x7f5bcdaca550>,3,22,[ 2 14],4,-1,26,-1,4
1,<environment.Job instance at 0x7f5bcdaca780>,4,17,[13  4],5,-1,22,-1,5
1,<environment.Job instance at 0x7f5bcdaca5f0>,6,23,[9 1],7,-1,30,-1,7
1,<environment.Job instance at 0x7f5bcdaca4b0>,7,24,[ 4 13],8,-1,32,-1,8
1,<environment.Job instance at 0x7f5bcdaca8c0>,8,28,[12  2],9,-1,37,-1,9
1,<environment.Job instance at 0x7f5bccb563c0>,12,14,[12  1],13,-1,27,-1,13
1,<environment.Job instance at 0x7f5bccb56dc0>,15,13,[ 5 11],16,-1,29,-1,16
1,<environment.Job instance at 0x7f5bccb56870>,16,12,[ 3 14],17,-1,29,-1,17
1,<environment.Job instance at 0x7f5bcc9e88c0>,18,13,[ 2 13],19,-1,38,-1,25
1,<environment.Job instance at 0x7f5bcc9e8730>,19,14,[13  2],20,-1,39,-1,25
1,<environment.Job instance at 0x7f5bcd6ca640>,20,18,[11  2],21,-1,43,-1,25
1,<environment.Job instance at 0x7f5bcd87d370>,22,20,[ 2 12],23,-1,45,-1,25
1,<environment.Job instance at 0x7f5bcd87d910>,23,20,[13  1],24,-1,45,-1,25
1,<environment.Job instance at 0x7f5bcd87d050>,26,26,[3 7],27,-1,65,-1,39
1,<environment.Job instance at 0x7f5bcdd3ea50>,14,25,[10  1],15,-1,66,-1,41
1,<environment.Job instance at 0x7f5bccc581e0>,30,25,[12  2],31,-1,66,-1,41
1,<environment.Job instance at 0x7f5bccc586e0>,31,22,[11  3],32,-1,63,-1,41
1,<environment.Job instance at 0x7f5bccc585f0>,32,24,[12  5],33,-1,65,-1,41
1,<environment.Job instance at 0x7f5bd68ffe10>,0,23,[8 4],1,-1,24,-1,1
1,<environment.Job instance at 0x7f5bccc58af0>,0,23,[8 4],1,-1,24,-1,1
1,<environment.Job instance at 0x7f5bccc581e0>,2,21,[11  5],3,-1,24,-1,3
1,<environment.Job instance at 0x7f5bccc58aa0>,3,18,[13  4],4,-1,22,-1,4
1,<environment.Job instance at 0x7f5bccc58640>,4,27,[8 5],5,-1,32,-1,5
1,<environment.Job instance at 0x7f5bcd87d500>,5,12,[ 5 13],6,-1,18,-1,6
1,<environment.Job instance at 0x7f5bcd87d050>,7,20,[ 5 13],8,-1,28,-1,8
1,<environment.Job instance at 0x7f5bcd87d5a0>,8,19,[ 2 14],9,-1,28,-1,9
1,<environment.Job instance at 0x7f5bcd87d460>,9,20,[13  2],10,-1,30,-1,10
1,<environment.Job instance at 0x7f5bcd87daa0>,10,16,[ 2 14],11,-1,27,-1,11
1,<environment.Job instance at 0x7f5bccc586e0>,12,16,[ 3 13],13,-1,29,-1,13
1,<environment.Job instance at 0x7f5bcdd3ea50>,14,22,[14  1],15,-1,37,-1,15
1,<environment.Job instance at 0x7f5bcd87d960>,11,26,[7 3],12,-1,43,-1,17
1,<environment.Job instance at 0x7f5bcd6ca960>,13,28,[ 5 10],14,-1,45,-1,17
1,<environment.Job instance at 0x7f5bcd34d460>,16,15,[ 1 12],17,-1,32,-1,17
1,<environment.Job instance at 0x7f5bcd236a50>,20,14,[13  5],21,-1,35,-1,21
1,<environment.Job instance at 0x7f5bccb56a00>,23,27,[12  4],24,-1,51,-1,24
1,<environment.Job instance at 0x7f5bcd501910>,24,18,[ 3 13],25,-1,43,-1,25
1,<environment.Job instance at 0x7f5bd6d35b90>,25,27,[ 1 14],26,-1,53,-1,26
1,<environment.Job instance at 0x7f5bd6d35320>,26,21,[14  2],27,-1,48,-1,27
1,<environment.Job instance at 0x7f5bccb7bdc0>,27,22,[11  1],28,-1,50,-1,28
1,<environment.Job instance at 0x7f5bd6d35370>,28,26,[7 4],29,-1,55,-1,29
1,<environment.Job instance at 0x7f5bcd3e5af0>,29,12,[ 1 14],30,-1,42,-1,30
1,<environment.Job instance at 0x7f5bce3165a0>,30,23,[ 4 14],31,-1,54,-1,31
1,<environment.Job instance at 0x7f5bd69076e0>,31,14,[13  2],32,-1,46,-1,32
1,<environment.Job instance at 0x7f5bcd3e5c80>,33,21,[11  2],34,-1,55,-1,34
1,<environment.Job instance at 0x7f5bd6907dc0>,34,18,[ 2 11],35,-1,53,-1,35
1,<environment.Job instance at 0x7f5bd6907fa0>,35,17,[11  4],36,-1,53,-1,36
1,<environment.Job instance at 0x7f5bcd59da00>,36,14,[ 4 14],37,-1,51,-1,37
1,<environment.Job instance at 0x7f5bcd0b1aa0>,37,28,[12  5],38,-1,66,-1,38
1,<environment.Job instance at 0x7f5bccbd6500>,38,13,[12  5],39,-1,52,-1,39
1,<environment.Job instance at 0x7f5bcd2201e0>,39,12,[11  5],40,-1,52,-1,40
1,<environment.Job instance at 0x7f5bcd381500>,41,26,[5 3],42,-1,74,-1,48
1,<environment.Job instance at 0x7f5bcd59d910>,42,27,[13  5],43,-1,75,-1,48
1,<environment.Job instance at 0x7f5bcd59d0a0>,43,28,[ 3 14],44,-1,76,-1,48
1,<environment.Job instance at 0x7f5bccbb0780>,44,21,[ 4 11],45,-1,69,-1,48
1,<environment.Job instance at 0x7f5bccbb0370>,45,18,[ 3 12],46,-1,66,-1,48
1,<environment.Job instance at 0x7f5bcca0eaa0>,47,26,[14  5],48,-1,74,-1,48
1,<environment.Job instance at 0x7f5bcd6b6820>,3,24,[5 1],4,-1,29,-1,5
1,<environment.Job instance at 0x7f5bcd59d5a0>,0,20,[12  3],1,-1,21,-1,1
1,<environment.Job instance at 0x7f5bd69070f0>,1,17,[ 5 14],2,-1,19,-1,2
1,<environment.Job instance at 0x7f5bd6907690>,2,24,[8 5],3,-1,27,-1,3
1,<environment.Job instance at 0x7f5bd69078c0>,3,24,[5 1],4,-1,28,-1,4
1,<environment.Job instance at 0x7f5bd69076e0>,5,16,[ 2 13],6,-1,22,-1,6
1,<environment.Job instance at 0x7f5bd6d35320>,6,17,[12  3],7,-1,24,-1,7
1,<environment.Job instance at 0x7f5bd6d359b0>,7,14,[14  1],8,-1,22,-1,8
1,<environment.Job instance at 0x7f5bd6d35730>,8,25,[ 4 10],9,-1,34,-1,9
1,<environment.Job instance at 0x7f5bd6907b40>,9,26,[3 6],10,-1,36,-1,10
1,<environment.Job instance at 0x7f5bccb56a00>,11,14,[11  5],12,-1,26,-1,12
1,<environment.Job instance at 0x7f5bccb56320>,12,24,[ 4 12],13,-1,37,-1,13
1,<environment.Job instance at 0x7f5bccb56870>,13,23,[1 6],14,-1,37,-1,14
1,<environment.Job instance at 0x7f5bccb56d20>,14,25,[12  2],15,-1,40,-1,15
1,<environment.Job instance at 0x7f5bccb56460>,16,24,[13  1],17,-1,41,-1,17
1,<environment.Job instance at 0x7f5bcd6b66e0>,17,13,[11  1],18,-1,31,-1,18
1,<environment.Job instance at 0x7f5bcd6b6370>,19,16,[13  1],20,-1,36,-1,20
1,<environment.Job instance at 0x7f5bcd5eb730>,22,21,[11  4],23,-1,44,-1,23
1,<environment.Job instance at 0x7f5bcd5eb320>,23,13,[13  5],24,-1,37,-1,24
1,<environment.Job instance at 0x7f5bcd5ebaa0>,24,16,[ 5 13],25,-1,41,-1,25
1,<environment.Job instance at 0x7f5bcd5eba50>,27,12,[14  2],28,-1,40,-1,28
1,<environment.Job instance at 0x7f5bcd5eb8c0>,28,23,[5 5],29,-1,52,-1,29
1,<environment.Job instance at 0x7f5bcd5ebf00>,29,23,[ 3 13],30,-1,53,-1,30
1,<environment.Job instance at 0x7f5bcd5eb0a0>,30,14,[ 4 12],31,-1,45,-1,31
1,<environment.Job instance at 0x7f5bcd5ebd70>,33,13,[13  2],34,-1,52,-1,39
1,<environment.Job instance at 0x7f5bcd4c1f00>,34,18,[13  5],35,-1,57,-1,39
1,<environment.Job instance at 0x7f5bcd4c10f0>,35,26,[2 5],36,-1,65,-1,39
1,<environment.Job instance at 0x7f5bcd4c1be0>,38,16,[11  2],39,-1,55,-1,39
1,<environment.Job instance at 0x7f5bcd5eb140>,25,27,[ 1 10],26,-1,69,-1,42
1,<environment.Job instance at 0x7f5bcd4c1dc0>,40,23,[4 9],41,-1,65,-1,42
1,<environment.Job instance at 0x7f5bcd4c1d70>,41,24,[5 2],42,-1,66,-1,42
1,<environment.Job instance at 0x7f5bcd4c1aa0>,43,17,[ 1 14],44,-1,61,-1,44
1,<environment.Job instance at 0x7f5bcd4c15a0>,44,25,[ 2 11],45,-1,70,-1,45
1,<environment.Job instance at 0x7f5bcd4c1fa0>,45,19,[11  3],46,-1,65,-1,46
1,<environment.Job instance at 0x7f5bcd4c1320>,0,13,[ 1 12],1,-1,14,-1,1
1,<environment.Job instance at 0x7f5bcd4c1c30>,1,16,[ 2 12],2,-1,18,-1,2
1,<environment.Job instance at 0x7f5bcd4c12d0>,2,27,[ 3 11],3,-1,30,-1,3
1,<environment.Job instance at 0x7f5bcd4c1dc0>,3,21,[ 3 13],4,-1,25,-1,4
1,<environment.Job instance at 0x7f5bcd4c1be0>,5,21,[ 4 14],6,-1,27,-1,6
1,<environment.Job instance at 0x7f5bcd4c1370>,6,13,[14  2],7,-1,20,-1,7
1,<environment.Job instance at 0x7f5bcd4c10f0>,7,16,[ 4 14],8,-1,24,-1,8
1,<environment.Job instance at 0x7f5bccb56be0>,9,14,[13  3],10,-1,24,-1,10
1,<environment.Job instance at 0x7f5bccb56c80>,12,17,[ 3 11],13,-1,30,-1,13
1,<environment.Job instance at 0x7f5bccafc230>,15,25,[ 2 12],16,-1,41,-1,16
1,<environment.Job instance at 0x7f5bccb56320>,10,24,[3 9],11,-1,43,-1,19
1,<environment.Job instance at 0x7f5bcd2b8640>,17,27,[8 5],18,-1,46,-1,19
1,<environment.Job instance at 0x7f5bccafc550>,14,27,[1 9],15,-1,46,-1,19
1,<environment.Job instance at 0x7f5bcd2b8d20>,16,27,[1 6],17,-1,46,-1,19
1,<environment.Job instance at 0x7f5bccba15a0>,19,17,[ 1 11],20,-1,37,-1,20
1,<environment.Job instance at 0x7f5bccba17d0>,20,13,[ 3 14],21,-1,34,-1,21
1,<environment.Job instance at 0x7f5bccba1550>,23,16,[11  2],24,-1,40,-1,24
1,<environment.Job instance at 0x7f5bccba1820>,25,13,[13  5],26,-1,39,-1,26
1,<environment.Job instance at 0x7f5bccba1690>,26,17,[13  3],27,-1,44,-1,27
1,<environment.Job instance at 0x7f5bccba1fa0>,24,27,[5 2],25,-1,60,-1,33
1,<environment.Job instance at 0x7f5bccba1780>,28,13,[14  3],29,-1,46,-1,33
1,<environment.Job instance at 0x7f5bccba1460>,29,26,[ 2 12],30,-1,59,-1,33
1,<environment.Job instance at 0x7f5bcdc30780>,30,26,[4 5],31,-1,59,-1,33
1,<environment.Job instance at 0x7f5bccba18c0>,27,26,[10  5],28,-1,59,-1,33
1,<environment.Job instance at 0x7f5bcdc30fa0>,32,24,[4 6],33,-1,57,-1,33
1,<environment.Job instance at 0x7f5bcdc306e0>,33,15,[ 2 13],34,-1,49,-1,34
1,<environment.Job instance at 0x7f5bcdc30d20>,34,18,[11  2],35,-1,53,-1,35
1,<environment.Job instance at 0x7f5bcdc304b0>,37,18,[14  1],38,-1,56,-1,38
1,<environment.Job instance at 0x7f5bcdc300a0>,38,23,[ 1 11],39,-1,62,-1,39
1,<environment.Job instance at 0x7f5bcdc30d70>,39,19,[ 3 12],40,-1,59,-1,40
1,<environment.Job instance at 0x7f5bce0f0aa0>,8,16,[6 5],9,-1,25,-1,9
1,<environment.Job instance at 0x7f5bce0f0d20>,11,14,[14  3],12,-1,37,-1,23
1,<environment.Job instance at 0x7f5bcd8ef5a0>,9,26,[ 2 14],10,-1,53,-1,27
1,<environment.Job instance at 0x7f5bcd8ef5f0>,15,16,[6 4],16,-1,43,-1,27
1,<environment.Job instance at 0x7f5bce0dcf00>,18,23,[8 3],19,-1,50,-1,27
1,<environment.Job instance at 0x7f5bcdcc6410>,3,16,[13  2],4,-1,43,-1,27
1,<environment.Job instance at 0x7f5bccd2b0a0>,4,12,[13  3],5,-1,39,-1,27
1,<environment.Job instance at 0x7f5bce0dc780>,20,25,[ 4 10],21,-1,52,-1,27
1,<environment.Job instance at 0x7f5bce0dc870>,21,13,[9 3],22,-1,40,-1,27
1,<environment.Job instance at 0x7f5bce0dc0a0>,19,12,[5 4],20,-1,39,-1,27
1,<environment.Job instance at 0x7f5bcd4e9eb0>,26,16,[7 5],27,-1,43,-1,27
1,<environment.Job instance at 0x7f5bccba1b40>,0,12,[ 3 12],1,-1,13,-1,1
1,<environment.Job instance at 0x7f5bccba1be0>,1,15,[11  5],2,-1,17,-1,2
1,<environment.Job instance at 0x7f5bccba10a0>,3,16,[13  2],4,-1,20,-1,4
1,<environment.Job instance at 0x7f5bcd2b8d20>,4,12,[13  3],5,-1,17,-1,5
1,<environment.Job instance at 0x7f5bcd2b8640>,5,16,[11  5],6,-1,22,-1,6
1,<environment.Job instance at 0x7f5bcd8ef140>,9,26,[ 2 14],10,-1,36,-1,10
1,<environment.Job instance at 0x7f5bcdcc6140>,11,14,[14  3],12,-1,26,-1,12
1,<environment.Job instance at 0x7f5bcc9d40f0>,13,12,[ 5 12],14,-1,26,-1,14
1,<environment.Job instance at 0x7f5bce09cf50>,17,28,[3 5],18,-1,48,-1,20
1,<environment.Job instance at 0x7f5bce09c8c0>,18,23,[8 3],19,-1,43,-1,20
1,<environment.Job instance at 0x7f5bcd645f00>,20,25,[ 4 10],21,-1,57,-1,32
1,<environment.Job instance at 0x7f5bce23b8c0>,23,23,[1 5],24,-1,61,-1,38
1,<environment.Job instance at 0x7f5bce23b280>,24,18,[ 1 12],25,-1,56,-1,38
1,<environment.Job instance at 0x7f5bcd5d5f00>,25,15,[ 3 13],26,-1,53,-1,38
1,<environment.Job instance at 0x7f5bcd5d53c0>,27,16,[13  1],28,-1,54,-1,38
1,<environment.Job instance at 0x7f5bcd787640>,29,14,[14  1],30,-1,59,-1,45
1,<environment.Job instance at 0x7f0f54788820>,2,20,[7 4],3,-1,23,-1,3
1,<environment.Job instance at 0x7f0f54791460>,3,13,[12  4],4,-1,17,-1,4
1,<environment.Job instance at 0x7f0f54791640>,5,24,[ 2 14],6,-1,30,-1,6
1,<environment.Job instance at 0x7f0f547916e0>,6,15,[ 2 14],7,-1,22,-1,7
1,<environment.Job instance at 0x7f0f54791730>,8,20,[ 4 13],9,-1,29,-1,9
1,<environment.Job instance at 0x7f0f547917d0>,9,16,[12  1],10,-1,26,-1,10
1,<environment.Job instance at 0x7f0f547915f0>,4,24,[7 2],5,-1,42,-1,18
1,<environment.Job instance at 0x7f0f54791960>,12,28,[ 1 14],13,-1,46,-1,18
1,<environment.Job instance at 0x7f0f547912d0>,14,15,[14  4],15,-1,33,-1,18
1,<environment.Job instance at 0x7f0f54791af0>,15,20,[ 3 12],16,-1,38,-1,18
1,<environment.Job instance at 0x7f0f54791230>,1,24,[10  1],2,-1,47,-1,23
1,<environment.Job instance at 0x7f0f54791c30>,17,19,[12  4],18,-1,42,-1,23
1,<environment.Job instance at 0x7f0f54791e60>,18,18,[13  1],19,-1,41,-1,23
1,<environment.Job instance at 0x7f0f54791f00>,19,23,[8 4],20,-1,46,-1,23
1,<environment.Job instance at 0x7f0f54791fa0>,20,17,[ 2 14],21,-1,40,-1,23
1,<environment.Job instance at 0x7f0f54791a00>,21,14,[ 4 11],22,-1,37,-1,23
1,<environment.Job instance at 0x7f0f54791780>,7,26,[9 3],8,-1,49,-1,23
1,<environment.Job instance at 0x7f0f54791b90>,16,28,[5 1],17,-1,51,-1,23
1,<environment.Job instance at 0x7f0f547951e0>,23,16,[12  2],24,-1,40,-1,24
1,<environment.Job instance at 0x7f0f54795410>,27,17,[ 4 12],28,-1,50,-1,33
1,<environment.Job instance at 0x7f0f54795140>,28,17,[ 1 13],29,-1,50,-1,33
1,<environment.Job instance at 0x7f0f54795280>,29,24,[ 4 13],30,-1,57,-1,33
1,<environment.Job instance at 0x7f0f54795550>,30,26,[11  4],31,-1,59,-1,33
1,<environment.Job instance at 0x7f0f547955f0>,31,28,[ 2 10],32,-1,61,-1,33
1,<environment.Job instance at 0x7f0f54795190>,25,24,[5 7],26,-1,57,-1,33
1,<environment.Job instance at 0x7f0f54795730>,33,28,[6 4],34,-1,64,-1,36
1,<environment.Job instance at 0x7f0f54795a00>,34,24,[5 5],35,-1,60,-1,36
1,<environment.Job instance at 0x7f0f54795c80>,37,14,[ 5 14],38,-1,52,-1,38
1,<environment.Job instance at 0x7f0f54795af0>,38,24,[13  2],39,-1,63,-1,39
1,<environment.Job instance at 0x7f0f54795c30>,40,26,[ 1 14],41,-1,71,-1,45
1,<environment.Job instance at 0x7f0f54795870>,42,12,[ 5 12],43,-1,57,-1,45
1,<environment.Job instance at 0x7f0f54795f00>,44,12,[11  3],45,-1,64,-1,52
1,<environment.Job instance at 0x7f0f54795e60>,45,12,[ 3 14],46,-1,64,-1,52
1,<environment.Job instance at 0x7f0f547970f0>,47,14,[12  2],48,-1,71,-1,57
1,<environment.Job instance at 0x7f0f547971e0>,48,14,[ 1 11],49,-1,71,-1,57
1,<environment.Job instance at 0x7f0f54281050>,5,26,[5 5],6,-1,32,-1,6
1,<environment.Job instance at 0x7f0f54797910>,0,28,[2 6],1,-1,29,-1,1
1,<environment.Job instance at 0x7f0f54797870>,1,23,[13  5],2,-1,25,-1,2
1,<environment.Job instance at 0x7f0f54797730>,2,14,[ 4 11],3,-1,17,-1,3
1,<environment.Job instance at 0x7f0f54797960>,4,24,[2 8],5,-1,29,-1,5
1,<environment.Job instance at 0x7f0f54797500>,5,26,[5 5],6,-1,32,-1,6
1,<environment.Job instance at 0x7f0f54797370>,6,17,[ 4 12],7,-1,24,-1,7
1,<environment.Job instance at 0x7f0f547972d0>,9,26,[1 7],10,-1,36,-1,10
1,<environment.Job instance at 0x7f0f54795870>,12,28,[11  1],13,-1,41,-1,13
1,<environment.Job instance at 0x7f0f54795cd0>,19,14,[12  1],20,-1,52,-1,38
1,<environment.Job instance at 0x7f0f54795460>,20,19,[12  3],21,-1,57,-1,38
1,<environment.Job instance at 0x7f0f53ef28c0>,5,21,[10  1],6,-1,30,-1,9
1,<environment.Job instance at 0x7f0f53ee5e60>,0,17,[ 4 12],1,-1,18,-1,1
1,<environment.Job instance at 0x7f0f53ee5140>,1,27,[ 4 11],2,-1,29,-1,2
1,<environment.Job instance at 0x7f0f53ece230>,3,26,[5 2],4,-1,30,-1,4
1,<environment.Job instance at 0x7f0f53ecef00>,4,18,[13  5],5,-1,23,-1,5
1,<environment.Job instance at 0x7f0f53ef2780>,6,27,[12  1],7,-1,34,-1,7
1,<environment.Job instance at 0x7f0f53ece320>,7,20,[13  4],8,-1,28,-1,8
1,<environment.Job instance at 0x7f0f53ece280>,8,26,[1 6],9,-1,35,-1,9
1,<environment.Job instance at 0x7f0f53ecebe0>,9,14,[13  2],10,-1,24,-1,10
1,<environment.Job instance at 0x7f0f53ecee10>,11,27,[13  4],12,-1,39,-1,12
1,<environment.Job instance at 0x7f0f53ece9b0>,12,21,[14  2],13,-1,34,-1,13
1,<environment.Job instance at 0x7f0f53ecea50>,15,17,[ 5 12],16,-1,33,-1,16
1,<environment.Job instance at 0x7f0f53ecec80>,17,15,[14  4],18,-1,33,-1,18
1,<environment.Job instance at 0x7f0f53ece190>,14,26,[4 7],15,-1,47,-1,21
1,<environment.Job instance at 0x7f0f53eceaf0>,20,24,[6 5],21,-1,45,-1,21
1,<environment.Job instance at 0x7f0f53ece550>,22,23,[ 3 11],23,-1,46,-1,23
1,<environment.Job instance at 0x7f0f53eed730>,23,14,[ 3 12],24,-1,38,-1,24
1,<environment.Job instance at 0x7f0f53eed7d0>,24,15,[ 2 13],25,-1,40,-1,25
1,<environment.Job instance at 0x7f0f53eedb40>,26,20,[13  4],27,-1,47,-1,27
1,<environment.Job instance at 0x7f0f53eed960>,25,26,[7 2],26,-1,59,-1,33
1,<environment.Job instance at 0x7f0f53eed5a0>,30,24,[ 2 13],31,-1,57,-1,33
1,<environment.Job instance at 0x7f0f53eedd70>,31,28,[7 1],32,-1,61,-1,33
1,<environment.Job instance at 0x7f0f53eeda50>,33,27,[9 2],34,-1,65,-1,38
1,<environment.Job instance at 0x7f0f53eed6e0>,34,26,[12  4],35,-1,64,-1,38
1,<environment.Job instance at 0x7f0f53eedaa0>,29,28,[3 8],30,-1,73,-1,45
1,<environment.Job instance at 0x7f0f53eedc30>,37,25,[ 3 13],38,-1,70,-1,45
1,<environment.Job instance at 0x7f0f53eede10>,38,24,[12  5],39,-1,69,-1,45
1,<environment.Job instance at 0x7f0f53eed140>,39,25,[ 2 11],40,-1,70,-1,45
1,<environment.Job instance at 0x7f0f53eed5f0>,40,26,[5 4],41,-1,71,-1,45
1,<environment.Job instance at 0x7f0f53eebfa0>,41,23,[ 3 14],42,-1,68,-1,45
1,<environment.Job instance at 0x7f0f53eeb8c0>,43,17,[13  1],44,-1,62,-1,45
1,<environment.Job instance at 0x7f0f53eeb140>,45,16,[11  3],46,-1,71,-1,55
1,<environment.Job instance at 0x7f0f53eebcd0>,46,24,[13  4],47,-1,79,-1,55
1,<environment.Job instance at 0x7f0f53eebaf0>,47,18,[14  2],48,-1,73,-1,55
1,<environment.Job instance at 0x7f0f540f8eb0>,49,17,[14  3],50,-1,76,-1,59
1,<environment.Job instance at 0x7f0f540f8b90>,50,24,[ 4 11],51,-1,83,-1,59
1,<environment.Job instance at 0x7f0f540f8af0>,0,26,[3 9],1,-1,27,-1,1
1,<environment.Job instance at 0x7f0f53d7d6e0>,13,15,[9 5],14,-1,72,-1,57
1,<environment.Job instance at 0x7f0f53d7da00>,18,14,[7 1],19,-1,71,-1,57
1,<environment.Job instance at 0x7f0f53d7daa0>,19,14,[14  2],20,-1,71,-1,57
1,<environment.Job instance at 0x7f0f53d7d780>,14,16,[ 4 14],15,-1,73,-1,57
1,<environment.Job instance at 0x7f0f53d7db40>,20,13,[12  2],21,-1,70,-1,57
1,<environment.Job instance at 0x7f0f53d7dc80>,22,22,[2 8],23,-1,81,-1,59
1,<environment.Job instance at 0x7f0f53d7dbe0>,21,27,[3 6],22,-1,86,-1,59
1,<environment.Job instance at 0x7f0f53d7dd20>,23,15,[6 1],24,-1,74,-1,59
1,<environment.Job instance at 0x7f0f53d7d640>,12,20,[7 5],13,-1,79,-1,59
1,<environment.Job instance at 0x7f0f53d7df00>,25,13,[12  2],26,-1,72,-1,59
1,<environment.Job instance at 0x7f0f53d7ddc0>,24,18,[5 4],25,-1,77,-1,59
1,<environment.Job instance at 0x7f0f53d7f0f0>,28,24,[12  2],29,-1,83,-1,59
1,<environment.Job instance at 0x7f0f53d7f050>,27,14,[11  1],28,-1,73,-1,59
1,<environment.Job instance at 0x7f0f53d7f230>,30,20,[ 2 10],31,-1,79,-1,59
1,<environment.Job instance at 0x7f0f53d7f2d0>,31,15,[11  5],32,-1,74,-1,59
1,<environment.Job instance at 0x7f0f53d7f370>,32,19,[14  4],33,-1,78,-1,59
1,<environment.Job instance at 0x7f0f53d7f410>,33,17,[ 3 12],34,-1,76,-1,59
1,<environment.Job instance at 0x7f0f53d7f190>,29,20,[12  3],30,-1,79,-1,59
1,<environment.Job instance at 0x7f0f540f8b90>,0,26,[3 9],1,-1,27,-1,1
1,<environment.Job instance at 0x7f0f540f8eb0>,1,19,[11  4],2,-1,21,-1,2
1,<environment.Job instance at 0x7f0f540f84b0>,2,24,[4 9],3,-1,27,-1,3
1,<environment.Job instance at 0x7f0f540f8640>,3,25,[13  2],4,-1,29,-1,4
1,<environment.Job instance at 0x7f0f53eebaf0>,4,23,[6 4],5,-1,28,-1,5
1,<environment.Job instance at 0x7f0f53eeb230>,5,22,[12  2],6,-1,28,-1,6
1,<environment.Job instance at 0x7f0f53eeb4b0>,8,13,[ 3 11],9,-1,22,-1,9
1,<environment.Job instance at 0x7f0f53eeb960>,9,14,[14  1],10,-1,24,-1,10
1,<environment.Job instance at 0x7f0f53ef2280>,10,14,[12  1],11,-1,25,-1,11
1,<environment.Job instance at 0x7f0f53ef2050>,11,17,[12  4],12,-1,29,-1,12
1,<environment.Job instance at 0x7f0f53ece6e0>,14,16,[ 4 14],15,-1,31,-1,15
1,<environment.Job instance at 0x7f0f53ecec80>,19,14,[14  2],20,-1,38,-1,24
1,<environment.Job instance at 0x7f0f53eceaf0>,20,13,[12  2],21,-1,37,-1,24
1,<environment.Job instance at 0x7f0f53ece190>,21,27,[3 6],22,-1,51,-1,24
1,<environment.Job instance at 0x7f0f53eceb90>,25,13,[12  2],26,-1,39,-1,26
1,<environment.Job instance at 0x7f0f53ecea00>,27,14,[11  1],28,-1,52,-1,38
1,<environment.Job instance at 0x7f0f53ece0f0>,28,24,[12  2],29,-1,62,-1,38
1,<environment.Job instance at 0x7f0f53ece780>,29,20,[12  3],30,-1,58,-1,38
1,<environment.Job instance at 0x7f0f53ecefa0>,31,15,[11  5],32,-1,54,-1,39
1,<environment.Job instance at 0x7f0f53eceb40>,32,19,[14  4],33,-1,58,-1,39
1,<environment.Job instance at 0x7f0f53ee5e60>,33,17,[ 3 12],34,-1,56,-1,39
1,<environment.Job instance at 0x7f0f53ee5320>,35,19,[ 4 14],36,-1,58,-1,39
1,<environment.Job instance at 0x7f0f53eed8c0>,36,16,[ 5 12],37,-1,55,-1,39
1,<environment.Job instance at 0x7f0f53eed140>,37,21,[ 1 12],38,-1,60,-1,39
1,<environment.Job instance at 0x7f0f53eed6e0>,38,16,[ 1 14],39,-1,55,-1,39
1,<environment.Job instance at 0x7f0f53eeda50>,39,18,[ 1 14],40,-1,58,-1,40
1,<environment.Job instance at 0x7f0f53eed4b0>,40,23,[1 9],41,-1,75,-1,52
1,<environment.Job instance at 0x7f0f53eed280>,41,17,[14  5],42,-1,69,-1,52
1,<environment.Job instance at 0x7f0f53eed870>,42,25,[4 8],43,-1,77,-1,52
1,<environment.Job instance at 0x7f0f53eedfa0>,43,25,[11  3],44,-1,77,-1,52
1,<environment.Job instance at 0x7f0f53eedd70>,44,15,[14  2],45,-1,67,-1,52
1,<environment.Job instance at 0x7f0f53eed5a0>,45,18,[11  1],46,-1,70,-1,52
1,<environment.Job instance at 0x7f0f53eedbe0>,47,17,[12  1],48,-1,69,-1,52
1,<environment.Job instance at 0x7f0f53eed910>,48,20,[12  2],49,-1,72,-1,52
1,<environment.Job instance at 0x7f0f53ece8c0>,26,27,[10  5],27,-1,80,-1,53
1,<environment.Job instance at 0x7f0f53eed230>,51,13,[ 4 11],52,-1,66,-1,53
1,<environment.Job instance at 0x7f0f53d7fdc0>,52,16,[14  3],53,-1,69,-1,53
1,<environment.Job instance at 0x7f0f54935aa0>,1,24,[7 2],2,-1,26,-1,2
1,<environment.Job instance at 0x7f0f545c95f0>,7,27,[6 1],8,-1,38,-1,11
1,<environment.Job instance at 0x7f0f545c9370>,11,24,[6 2],12,-1,36,-1,12
1,<environment.Job instance at 0x7f0f545c9910>,14,23,[1 8],15,-1,38,-1,15
1,<environment.Job instance at 0x7f0f545c9190>,4,12,[ 5 12],5,-1,27,-1,15
1,<environment.Job instance at 0x7f0f54935a00>,8,27,[ 4 13],9,-1,42,-1,15
1,<environment.Job instance at 0x7f0f545c9d20>,9,14,[12  3],10,-1,31,-1,17
1,<environment.Job instance at 0x7f0f545c9280>,13,16,[5 8],14,-1,33,-1,17
1,<environment.Job instance at 0x7f0f545c9a00>,17,27,[5 1],18,-1,45,-1,18
1,<environment.Job instance at 0x7f0f5485bd70>,21,20,[ 4 11],22,-1,45,-1,25
1,<environment.Job instance at 0x7f0f5485be60>,23,17,[10  2],24,-1,42,-1,25
1,<environment.Job instance at 0x7f0f545c9d70>,22,15,[14  1],23,-1,40,-1,25
1,<environment.Job instance at 0x7f0f53eed050>,1,24,[7 2],2,-1,26,-1,2
1,<environment.Job instance at 0x7f0f53eed3c0>,2,13,[ 5 11],3,-1,16,-1,3
1,<environment.Job instance at 0x7f0f53eed910>,3,13,[14  1],4,-1,17,-1,4
1,<environment.Job instance at 0x7f0f53eedf00>,4,12,[ 5 12],5,-1,17,-1,5
1,<environment.Job instance at 0x7f0f53eed230>,8,27,[ 4 13],9,-1,36,-1,9
1,<environment.Job instance at 0x7f0f53eed6e0>,9,14,[12  3],10,-1,24,-1,10
1,<environment.Job instance at 0x7f0f53eed140>,10,27,[11  1],11,-1,38,-1,11
1,<environment.Job instance at 0x7f0f53eedc30>,14,23,[1 8],15,-1,38,-1,15
1,<environment.Job instance at 0x7f0f53ef2960>,15,27,[ 5 14],16,-1,43,-1,16
1,<environment.Job instance at 0x7f0f53eed870>,7,27,[6 1],8,-1,46,-1,19
1,<environment.Job instance at 0x7f0f53ef2280>,17,27,[5 1],18,-1,46,-1,19
1,<environment.Job instance at 0x7f0f545c9820>,18,26,[ 2 13],19,-1,45,-1,19
1,<environment.Job instance at 0x7f0f53eed8c0>,11,24,[6 2],12,-1,43,-1,19
1,<environment.Job instance at 0x7f0f5485b8c0>,19,28,[14  4],20,-1,48,-1,20
1,<environment.Job instance at 0x7f0f545c90a0>,21,20,[ 4 11],22,-1,42,-1,22
1,<environment.Job instance at 0x7f0f540f81e0>,22,15,[14  1],23,-1,38,-1,23
1,<environment.Job instance at 0x7f0f540f8370>,24,27,[1 5],25,-1,52,-1,25
1,<environment.Job instance at 0x7f0f540f8f50>,25,26,[11  3],26,-1,52,-1,26
1,<environment.Job instance at 0x7f0f54935870>,26,25,[11  3],27,-1,52,-1,27
1,<environment.Job instance at 0x7f0f54952050>,29,25,[ 3 13],30,-1,55,-1,30
1,<environment.Job instance at 0x7f0f549525a0>,30,19,[11  3],31,-1,50,-1,31
1,<environment.Job instance at 0x7f0f549526e0>,32,13,[14  2],33,-1,46,-1,33
1,<environment.Job instance at 0x7f0f5481c370>,33,13,[ 5 11],34,-1,47,-1,34
1,<environment.Job instance at 0x7f0f5481c0f0>,34,18,[ 3 14],35,-1,53,-1,35
1,<environment.Job instance at 0x7f0f540f8410>,20,27,[3 9],21,-1,69,-1,42
1,<environment.Job instance at 0x7f0f5481cb90>,40,20,[11  2],41,-1,68,-1,48
1,<environment.Job instance at 0x7f0f5481ca50>,41,26,[2 8],42,-1,81,-1,55
1,<environment.Job instance at 0x7f0f53a0fcd0>,3,18,[9 5],4,-1,22,-1,4
1,<environment.Job instance at 0x7f0f53a0fd20>,4,18,[1 7],5,-1,23,-1,5
1,<environment.Job instance at 0x7f0f5481c320>,1,15,[14  2],2,-1,17,-1,2
1,<environment.Job instance at 0x7f0f5481cb90>,2,28,[14  3],3,-1,31,-1,3
1,<environment.Job instance at 0x7f0f54974d70>,5,14,[ 3 14],6,-1,20,-1,6
1,<environment.Job instance at 0x7f0f5481c0f0>,6,17,[13  5],7,-1,24,-1,7
1,<environment.Job instance at 0x7f0f5481c370>,7,13,[ 5 14],8,-1,21,-1,8
1,<environment.Job instance at 0x7f0f5481cdc0>,9,16,[11  3],10,-1,26,-1,10
1,<environment.Job instance at 0x7f0f5485b050>,11,12,[12  3],12,-1,24,-1,12
1,<environment.Job instance at 0x7f0f5481cc30>,8,25,[4 5],9,-1,38,-1,13
1,<environment.Job instance at 0x7f0f5481c050>,12,28,[6 3],13,-1,41,-1,13
1,<environment.Job instance at 0x7f0f53ef2280>,13,23,[ 1 11],14,-1,37,-1,14
1,<environment.Job instance at 0x7f0f5497a5a0>,15,27,[12  4],16,-1,43,-1,16
1,<environment.Job instance at 0x7f0f53eedfa0>,16,13,[14  5],17,-1,30,-1,17
1,<environment.Job instance at 0x7f0f53eed550>,17,16,[ 5 11],18,-1,34,-1,18
1,<environment.Job instance at 0x7f0f53eedc80>,19,19,[ 3 11],20,-1,39,-1,20
1,<environment.Job instance at 0x7f0f53eedb40>,18,23,[4 8],19,-1,45,-1,22
1,<environment.Job instance at 0x7f0f53eeda50>,21,15,[13  3],22,-1,37,-1,22
1,<environment.Job instance at 0x7f0f53eed870>,22,28,[11  2],23,-1,51,-1,23
1,<environment.Job instance at 0x7f0f53eedaa0>,26,27,[ 4 13],27,-1,54,-1,27
1,<environment.Job instance at 0x7f0f53eed910>,27,28,[ 1 14],28,-1,56,-1,28
1,<environment.Job instance at 0x7f0f53eedaf0>,28,12,[13  4],29,-1,41,-1,29
1,<environment.Job instance at 0x7f0f53eedbe0>,29,12,[ 5 12],30,-1,42,-1,30
1,<environment.Job instance at 0x7f0f55304230>,31,27,[4 6],32,-1,61,-1,34
1,<environment.Job instance at 0x7f0f53eed8c0>,23,24,[7 5],24,-1,60,-1,36
1,<environment.Job instance at 0x7f0f53eed5a0>,30,28,[7 4],31,-1,64,-1,36
1,<environment.Job instance at 0x7f0f551addc0>,35,27,[12  5],36,-1,63,-1,36
1,<environment.Job instance at 0x7f0f55363cd0>,37,28,[11  5],38,-1,73,-1,45
1,<environment.Job instance at 0x7f0f55363820>,38,25,[14  5],39,-1,70,-1,45
1,<environment.Job instance at 0x7f0f542da730>,39,26,[14  1],40,-1,71,-1,45
1,<environment.Job instance at 0x7f0f551b84b0>,40,17,[12  2],41,-1,62,-1,45
1,<environment.Job instance at 0x7f0f551b8500>,41,26,[6 2],42,-1,71,-1,45
1,<environment.Job instance at 0x7f0f551b87d0>,42,23,[5 8],43,-1,68,-1,45
1,<environment.Job instance at 0x7f0f549f30f0>,45,21,[ 4 14],46,-1,69,-1,48
1,<environment.Job instance at 0x7f0f5536b1e0>,0,28,[8 2],1,-1,29,-1,1
1,<environment.Job instance at 0x7f0f5536b410>,1,26,[14  3],2,-1,28,-1,2
1,<environment.Job instance at 0x7f0f5536b2d0>,2,27,[12  1],3,-1,30,-1,3
1,<environment.Job instance at 0x7f0f5536b5a0>,3,27,[ 3 11],4,-1,31,-1,4
1,<environment.Job instance at 0x7f0f5536bb90>,4,15,[ 3 13],5,-1,20,-1,5
1,<environment.Job instance at 0x7f0f551c71e0>,5,21,[ 5 12],6,-1,27,-1,6
1,<environment.Job instance at 0x7f0f543950a0>,7,23,[9 5],8,-1,31,-1,8
1,<environment.Job instance at 0x7f0f54273550>,11,25,[12  5],12,-1,37,-1,12
1,<environment.Job instance at 0x7f0f553be910>,13,19,[ 2 11],14,-1,33,-1,14
1,<environment.Job instance at 0x7f0f55363cd0>,14,23,[13  3],15,-1,38,-1,15
1,<environment.Job instance at 0x7f0f551b8500>,12,24,[6 4],13,-1,49,-1,25
1,<environment.Job instance at 0x7f0f551b8c80>,18,26,[6 1],19,-1,51,-1,25
1,<environment.Job instance at 0x7f0f551b8280>,17,25,[4 9],18,-1,53,-1,28
1,<environment.Job instance at 0x7f0f551ad0f0>,22,23,[10  5],23,-1,51,-1,28
1,<environment.Job instance at 0x7f0f53eed370>,23,24,[12  1],24,-1,52,-1,28
1,<environment.Job instance at 0x7f0f53eedf50>,24,17,[12  4],25,-1,45,-1,28
1,<environment.Job instance at 0x7f0f553043c0>,19,28,[5 9],20,-1,56,-1,28
1,<environment.Job instance at 0x7f0f53eed3c0>,26,27,[13  3],27,-1,55,-1,28
1,<environment.Job instance at 0x7f0f5497a5a0>,20,24,[4 8],21,-1,52,-1,28
1,<environment.Job instance at 0x7f0f53eed640>,28,17,[ 1 11],29,-1,46,-1,29
1,<environment.Job instance at 0x7f0f53eedf00>,30,19,[12  4],31,-1,57,-1,38
1,<environment.Job instance at 0x7f0f53eed8c0>,31,14,[ 5 12],32,-1,52,-1,38
1,<environment.Job instance at 0x7f0f53eedcd0>,34,16,[ 2 11],35,-1,56,-1,40
1,<environment.Job instance at 0x7f0f53eede60>,35,28,[ 3 11],36,-1,68,-1,40
1,<environment.Job instance at 0x7f0f547d5c80>,36,15,[13  4],37,-1,55,-1,40
1,<environment.Job instance at 0x7f0f53eeddc0>,37,24,[2 7],38,-1,79,-1,55
1,<environment.Job instance at 0x7f0f5485b050>,38,16,[14  5],39,-1,71,-1,55
1,<environment.Job instance at 0x7f0f53eed5f0>,33,25,[8 3],34,-1,80,-1,55
1,<environment.Job instance at 0x7f0f53eed320>,40,27,[14  3],41,-1,82,-1,55
1,<environment.Job instance at 0x7f0f54974d70>,41,18,[ 1 14],42,-1,73,-1,55
1,<environment.Job instance at 0x7f0f5481c050>,43,15,[11  2],44,-1,70,-1,55
1,<environment.Job instance at 0x7f0f5481cdc0>,44,13,[ 1 12],45,-1,68,-1,55
1,<environment.Job instance at 0x7f0f5481c0f0>,47,16,[ 4 11],48,-1,74,-1,58
1,<environment.Job instance at 0x7f0f5481ce60>,48,17,[13  3],49,-1,75,-1,58
1,<environment.Job instance at 0x7f0f5481c820>,49,22,[ 3 11],50,-1,80,-1,58
1,<environment.Job instance at 0x7f0f54f4c4b0>,0,27,[9 5],1,-1,28,-1,1
1,<environment.Job instance at 0x7f0f5498f8c0>,5,21,[ 4 10],6,-1,28,-1,7
1,<environment.Job instance at 0x7f0f54baefa0>,0,27,[9 5],1,-1,28,-1,1
1,<environment.Job instance at 0x7f0f551fa2d0>,1,22,[13  5],2,-1,24,-1,2
1,<environment.Job instance at 0x7f0f54974d70>,2,14,[ 3 13],3,-1,17,-1,3
1,<environment.Job instance at 0x7f0f5481c730>,3,26,[14  2],4,-1,30,-1,4
1,<environment.Job instance at 0x7f0f5481c5a0>,4,13,[13  4],5,-1,18,-1,5
1,<environment.Job instance at 0x7f0f53fa4c80>,7,25,[11  1],8,-1,33,-1,8
1,<environment.Job instance at 0x7f0f5481cdc0>,8,19,[13  3],9,-1,28,-1,9
1,<environment.Job instance at 0x7f0f5481caa0>,10,25,[13  4],11,-1,36,-1,11
1,<environment.Job instance at 0x7f0f5481c0f0>,13,18,[ 2 13],14,-1,32,-1,14
1,<environment.Job instance at 0x7f0f53eedfa0>,17,14,[12  2],18,-1,37,-1,23
1,<environment.Job instance at 0x7f0f53eedc30>,18,17,[12  4],19,-1,40,-1,23
1,<environment.Job instance at 0x7f0f53eedb40>,19,25,[6 4],20,-1,48,-1,23
1,<environment.Job instance at 0x7f0f5481c320>,6,23,[2 8],7,-1,50,-1,27
1,<environment.Job instance at 0x7f0f53eeda50>,22,18,[ 2 13],23,-1,45,-1,27
1,<environment.Job instance at 0x7f0f53eed870>,23,14,[14  2],24,-1,41,-1,27
1,<environment.Job instance at 0x7f0f53eed140>,24,27,[ 1 12],25,-1,54,-1,27
1,<environment.Job instance at 0x7f0f53eed190>,25,15,[13  4],26,-1,42,-1,27
1,<environment.Job instance at 0x7f0f53eed5a0>,26,24,[ 4 14],27,-1,51,-1,27
1,<environment.Job instance at 0x7f0f5dcd3c80>,28,16,[12  5],29,-1,45,-1,29
1,<environment.Job instance at 0x7f0f55363d20>,31,19,[ 4 14],32,-1,51,-1,32
1,<environment.Job instance at 0x7f0f55363cd0>,30,23,[3 9],31,-1,58,-1,35
1,<environment.Job instance at 0x7f0f549f30f0>,33,26,[10  3],34,-1,61,-1,35
1,<environment.Job instance at 0x7f0f551b8c80>,34,17,[14  3],35,-1,52,-1,35
1,<environment.Job instance at 0x7f0f5536bb90>,38,22,[ 4 12],39,-1,64,-1,42
1,<environment.Job instance at 0x7f0f5536b1e0>,39,25,[8 2],40,-1,81,-1,56
1,<environment.Job instance at 0x7f0f54e91d20>,41,27,[6 4],42,-1,83,-1,56
1,<environment.Job instance at 0x7f0f5481c320>,0,18,[11  2],1,-1,19,-1,1
1,<environment.Job instance at 0x7f0f5481c640>,1,20,[ 3 14],2,-1,22,-1,2
1,<environment.Job instance at 0x7f0f5481c2d0>,2,24,[14  5],3,-1,27,-1,3
1,<environment.Job instance at 0x7f0f5481c820>,3,24,[14  5],4,-1,28,-1,4
1,<environment.Job instance at 0x7f0f551fa050>,4,12,[ 4 11],5,-1,17,-1,5
1,<environment.Job instance at 0x7f0f54ecedc0>,5,22,[ 3 14],6,-1,28,-1,6
1,<environment.Job instance at 0x7f0f54ece960>,6,14,[ 1 13],7,-1,21,-1,7
1,<environment.Job instance at 0x7f0f54eced70>,7,16,[13  5],8,-1,24,-1,8
1,<environment.Job instance at 0x7f0f54ece0a0>,8,25,[5 3],9,-1,34,-1,9
1,<environment.Job instance at 0x7f0f53a942d0>,10,22,[ 3 14],11,-1,33,-1,11
1,<environment.Job instance at 0x7f0f53a94460>,12,14,[13  1],13,-1,27,-1,13
1,<environment.Job instance at 0x7f0f53a946e0>,13,27,[ 4 14],14,-1,41,-1,14
1,<environment.Job instance at 0x7f0f53a94af0>,17,28,[13  5],18,-1,46,-1,18
1,<environment.Job instance at 0x7f0f53a94b40>,19,21,[ 3 14],20,-1,41,-1,20
1,<environment.Job instance at 0x7f0f53a94410>,18,23,[6 4],19,-1,45,-1,22
1,<environment.Job instance at 0x7f0f53a941e0>,21,27,[5 5],22,-1,49,-1,22
1,<environment.Job instance at 0x7f0f53c038c0>,24,26,[12  3],25,-1,51,-1,25
1,<environment.Job instance at 0x7f0f53c03f50>,25,20,[14  4],26,-1,46,-1,26
1,<environment.Job instance at 0x7f0f53c035a0>,26,15,[13  2],27,-1,42,-1,27
1,<environment.Job instance at 0x7f0f53c03a50>,27,24,[ 5 13],28,-1,52,-1,28
1,<environment.Job instance at 0x7f0f53c03f00>,28,25,[13  5],29,-1,54,-1,29
1,<environment.Job instance at 0x7f0f53c03aa0>,29,19,[ 2 13],30,-1,49,-1,30
1,<environment.Job instance at 0x7f0f53c039b0>,23,25,[5 5],24,-1,56,-1,31
1,<environment.Job instance at 0x7f0f53c03d20>,31,19,[14  2],32,-1,51,-1,32
1,<environment.Job instance at 0x7f0f53c033c0>,32,18,[14  4],33,-1,51,-1,33
1,<environment.Job instance at 0x7f0f53c03370>,33,14,[14  2],34,-1,48,-1,34
1,<environment.Job instance at 0x7f0f53c032d0>,30,25,[8 3],31,-1,70,-1,45
1,<environment.Job instance at 0x7f0f53a9f640>,38,27,[1 9],39,-1,72,-1,45
1,<environment.Job instance at 0x7f0f53a9fb40>,39,27,[14  4],40,-1,72,-1,45
1,<environment.Job instance at 0x7f0f53a9f8c0>,41,26,[ 5 14],42,-1,71,-1,45
1,<environment.Job instance at 0x7f0f53a9f370>,42,26,[ 2 13],43,-1,71,-1,45
1,<environment.Job instance at 0x7f0f53a9f4b0>,44,25,[ 4 10],45,-1,73,-1,48
1,<environment.Job instance at 0x7f0f53a9f190>,45,26,[7 1],46,-1,74,-1,48
1,<environment.Job instance at 0x7f0f53a9f050>,47,17,[ 4 13],48,-1,65,-1,48
1,<environment.Job instance at 0x7f0f53a9f870>,50,27,[13  4],51,-1,85,-1,58
1,<environment.Job instance at 0x7f0f53a9f410>,51,17,[13  4],52,-1,75,-1,58
1,<environment.Job instance at 0x7f0f53a9faa0>,52,13,[14  2],53,-1,71,-1,58
1,<environment.Job instance at 0x7f0f54b2e230>,0,27,[6 1],1,-1,28,-1,1
1,<environment.Job instance at 0x7f0f54b2efa0>,2,18,[2 5],3,-1,22,-1,4
1,<environment.Job instance at 0x7f0f54b2e190>,3,16,[12  2],4,-1,20,-1,4
1,<environment.Job instance at 0x7f0f54b2e1e0>,5,19,[5 7],6,-1,25,-1,6
1,<environment.Job instance at 0x7f0f546b4dc0>,0,27,[6 1],1,-1,28,-1,1
1,<environment.Job instance at 0x7f0f546b4780>,1,26,[ 3 14],2,-1,28,-1,2
1,<environment.Job instance at 0x7f0f54004640>,3,16,[12  2],4,-1,20,-1,4
1,<environment.Job instance at 0x7f0f54004960>,4,17,[ 4 11],5,-1,22,-1,5
1,<environment.Job instance at 0x7f0f542ff410>,6,19,[ 4 12],7,-1,26,-1,7
1,<environment.Job instance at 0x7f0f542ff4b0>,7,16,[ 1 13],8,-1,24,-1,8
1,<environment.Job instance at 0x7f0f542ff280>,8,18,[14  2],9,-1,27,-1,9
1,<environment.Job instance at 0x7f0f542ff690>,12,17,[ 2 12],13,-1,30,-1,13
1,<environment.Job instance at 0x7f0f542ff960>,15,22,[ 5 13],16,-1,38,-1,16
1,<environment.Job instance at 0x7f0f542ffd70>,16,12,[ 3 11],17,-1,29,-1,17
1,<environment.Job instance at 0x7f0f542ffe10>,17,27,[11  2],18,-1,45,-1,18
1,<environment.Job instance at 0x7f0f542ffdc0>,21,22,[ 4 12],22,-1,47,-1,25
1,<environment.Job instance at 0x7f0f5439a0f0>,24,27,[12  1],25,-1,63,-1,36
1,<environment.Job instance at 0x7f0f5439acd0>,25,18,[14  5],26,-1,54,-1,36
1,<environment.Job instance at 0x7f0f5439a320>,26,13,[ 5 11],27,-1,49,-1,36
1,<environment.Job instance at 0x7f0f5439a190>,27,27,[12  2],28,-1,63,-1,36
1,<environment.Job instance at 0x7f0f5439a460>,29,27,[5 1],30,-1,77,-1,50
1,<environment.Job instance at 0x7f0f5439a410>,30,28,[ 5 10],31,-1,78,-1,50
1,<environment.Job instance at 0x7f0f5439ac30>,31,27,[11  5],32,-1,77,-1,50
1,<environment.Job instance at 0x7f0f5439afa0>,32,23,[14  5],33,-1,73,-1,50
1,<environment.Job instance at 0x7f0f5439ab40>,33,16,[12  4],34,-1,66,-1,50
1,<environment.Job instance at 0x7f0f5439a4b0>,35,27,[12  4],36,-1,77,-1,50
1,<environment.Job instance at 0x7f0f5439a3c0>,36,20,[ 5 12],37,-1,70,-1,50
1,<environment.Job instance at 0x7f0f5439a050>,37,28,[12  4],38,-1,78,-1,50
1,<environment.Job instance at 0x7f0f5439af00>,38,16,[ 1 14],39,-1,66,-1,50
1,<environment.Job instance at 0x7f0f5439a690>,41,28,[13  3],42,-1,79,-1,51
1,<environment.Job instance at 0x7f0f54349eb0>,42,22,[ 3 11],43,-1,73,-1,51
1,<environment.Job instance at 0x7f0f54349b40>,43,21,[ 2 13],44,-1,72,-1,51
1,<environment.Job instance at 0x7f0f53fab230>,6,21,[ 1 10],7,-1,28,-1,7
1,<environment.Job instance at 0x7f0f53f99b90>,7,25,[3 7],8,-1,34,-1,9
1,<environment.Job instance at 0x7f0f53f99640>,9,22,[ 4 10],10,-1,32,-1,10
1,<environment.Job instance at 0x7f0f53f99780>,13,28,[2 7],14,-1,43,-1,15
1,<environment.Job instance at 0x7f0f542e00f0>,15,25,[3 9],16,-1,41,-1,16
1,<environment.Job instance at 0x7f0f54cb14b0>,1,24,[2 6],2,-1,26,-1,2
1,<environment.Job instance at 0x7f0f54cb1af0>,2,13,[ 5 12],3,-1,16,-1,3
1,<environment.Job instance at 0x7f0f54cb1550>,3,20,[ 2 11],4,-1,24,-1,4
1,<environment.Job instance at 0x7f0f543495a0>,5,14,[11  2],6,-1,20,-1,6
1,<environment.Job instance at 0x7f0f543497d0>,10,25,[ 5 14],11,-1,36,-1,11
1,<environment.Job instance at 0x7f0f543490a0>,11,17,[ 1 13],12,-1,29,-1,12
1,<environment.Job instance at 0x7f0f5439ab90>,12,16,[ 1 13],13,-1,29,-1,13
1,<environment.Job instance at 0x7f0f54349460>,7,25,[3 7],8,-1,53,-1,28
1,<environment.Job instance at 0x7f0f5439ae60>,15,25,[3 9],16,-1,53,-1,28
1,<environment.Job instance at 0x7f0f5439a3c0>,17,13,[ 1 13],18,-1,41,-1,28
1,<environment.Job instance at 0x7f0f5439a4b0>,18,28,[3 6],19,-1,56,-1,28
1,<environment.Job instance at 0x7f0f5439a910>,19,12,[ 4 11],20,-1,40,-1,28
1,<environment.Job instance at 0x7f0f5439af00>,13,28,[2 7],14,-1,56,-1,28
1,<environment.Job instance at 0x7f0f5439ac30>,22,22,[ 5 12],23,-1,50,-1,28
1,<environment.Job instance at 0x7f0f5439a410>,23,17,[13  5],24,-1,45,-1,28
1,<environment.Job instance at 0x7f0f5439a640>,25,13,[12  4],26,-1,41,-1,28
1,<environment.Job instance at 0x7f0f5439aaa0>,30,14,[ 4 13],31,-1,55,-1,41
1,<environment.Job instance at 0x7f0f5439a1e0>,31,23,[ 5 12],32,-1,64,-1,41
1,<environment.Job instance at 0x7f0f542ffbe0>,34,13,[13  5],35,-1,65,-1,52
1,<environment.Job instance at 0x7f0f542ff550>,36,18,[ 4 14],37,-1,72,-1,54
1,<environment.Job instance at 0x7f0f5439a190>,1,14,[14  2],2,-1,16,-1,2
1,<environment.Job instance at 0x7f0f5439afa0>,4,15,[14  4],5,-1,20,-1,5
1,<environment.Job instance at 0x7f0f5439a2d0>,6,25,[ 2 13],7,-1,32,-1,7
1,<environment.Job instance at 0x7f0f5439ac30>,7,15,[ 5 12],8,-1,23,-1,8
1,<environment.Job instance at 0x7f0f5439a910>,8,26,[11  4],9,-1,35,-1,9
1,<environment.Job instance at 0x7f0f5439adc0>,9,21,[12  2],10,-1,31,-1,10
1,<environment.Job instance at 0x7f0f5439af00>,11,23,[5 5],12,-1,35,-1,12
1,<environment.Job instance at 0x7f0f5439a690>,13,17,[ 4 12],14,-1,31,-1,14
1,<environment.Job instance at 0x7f0f5439a460>,2,25,[8 5],3,-1,48,-1,23
1,<environment.Job instance at 0x7f0f5439a8c0>,15,14,[ 5 13],16,-1,37,-1,23
1,<environment.Job instance at 0x7f0f5439ae10>,10,25,[6 2],11,-1,48,-1,23
1,<environment.Job instance at 0x7f0f55289c30>,17,22,[ 4 13],18,-1,45,-1,23
1,<environment.Job instance at 0x7f0f5d93c870>,19,21,[ 4 14],20,-1,44,-1,23
1,<environment.Job instance at 0x7f0f5d93c8c0>,20,23,[3 9],21,-1,46,-1,23
1,<environment.Job instance at 0x7f0f5d93c370>,21,13,[12  5],22,-1,36,-1,23
1,<environment.Job instance at 0x7f0f5d93c910>,22,23,[5 8],23,-1,46,-1,23
1,<environment.Job instance at 0x7f0f5411dbe0>,23,23,[5 5],24,-1,52,-1,29
1,<environment.Job instance at 0x7f0f5411d230>,24,27,[14  2],25,-1,56,-1,29
1,<environment.Job instance at 0x7f0f5d93c410>,25,28,[11  2],26,-1,57,-1,29
1,<environment.Job instance at 0x7f0f5454da50>,26,18,[12  4],27,-1,47,-1,29
1,<environment.Job instance at 0x7f0f54c2f280>,31,15,[ 2 12],32,-1,58,-1,43
1,<environment.Job instance at 0x7f0f54c2faa0>,32,24,[ 1 11],33,-1,67,-1,43
1,<environment.Job instance at 0x7f0f54c2f4b0>,35,25,[ 3 14],36,-1,83,-1,58
1,<environment.Job instance at 0x7f0f5411fa50>,1,17,[2 7],2,-1,20,-1,3
1,<environment.Job instance at 0x7f0f5411fa00>,2,23,[8 3],3,-1,26,-1,3
1,<environment.Job instance at 0x7f0f551e1140>,11,19,[13  1],12,-1,60,-1,41
1,<environment.Job instance at 0x7f0f551ed320>,8,27,[10  4],9,-1,68,-1,41
1,<environment.Job instance at 0x7f0f551e17d0>,16,26,[12  1],17,-1,67,-1,41
1,<environment.Job instance at 0x7f0f551e1cd0>,14,22,[5 4],15,-1,64,-1,42
1,<environment.Job instance at 0x7f0f551f44b0>,19,17,[ 2 13],20,-1,60,-1,43
1,<environment.Job instance at 0x7f0f551e1d20>,17,16,[5 2],18,-1,59,-1,43
1,<environment.Job instance at 0x7f0f551e1af0>,15,24,[13  5],16,-1,67,-1,43
1,<environment.Job instance at 0x7f0f5483cd70>,21,26,[7 1],22,-1,69,-1,43
1,<environment.Job instance at 0x7f0f5483c870>,23,15,[14  1],24,-1,58,-1,43
1,<environment.Job instance at 0x7f0f5483c4b0>,24,18,[5 8],25,-1,62,-1,44
1,<environment.Job instance at 0x7f0f5483d140>,20,13,[1 8],21,-1,58,-1,45
1,<environment.Job instance at 0x7f0f53a65a50>,26,20,[11  4],27,-1,67,-1,47
1,<environment.Job instance at 0x7f0f53a65370>,25,17,[14  2],26,-1,65,-1,48
1,<environment.Job instance at 0x7f0f541c0dc0>,29,23,[5 6],30,-1,72,-1,49
1,<environment.Job instance at 0x7f0f53a65320>,30,14,[ 4 13],31,-1,63,-1,49
1,<environment.Job instance at 0x7f0f54f676e0>,31,23,[ 5 14],32,-1,72,-1,49
1,<environment.Job instance at 0x7f0f53a65230>,32,23,[13  5],33,-1,81,-1,58
1,<environment.Job instance at 0x7f0f540ee8c0>,34,17,[13  4],35,-1,75,-1,58
1,<environment.Job instance at 0x7f0f53a65f00>,28,12,[10  4],29,-1,70,-1,58
1,<environment.Job instance at 0x7f0f53b25140>,36,23,[9 1],37,-1,81,-1,58
1,<environment.Job instance at 0x7f0f53ddb870>,0,23,[2 9],1,-1,24,-1,1
1,<environment.Job instance at 0x7f0f53ddbaf0>,2,23,[8 3],3,-1,26,-1,3
1,<environment.Job instance at 0x7f0f55108cd0>,3,13,[13  3],4,-1,17,-1,4
1,<environment.Job instance at 0x7f0f5475a5a0>,4,25,[ 1 14],5,-1,30,-1,5
1,<environment.Job instance at 0x7f0f5475a9b0>,5,19,[13  1],6,-1,25,-1,6
1,<environment.Job instance at 0x7f0f5dd684b0>,6,15,[12  3],7,-1,22,-1,7
1,<environment.Job instance at 0x7f0f5dd683c0>,7,24,[ 1 11],8,-1,32,-1,8
1,<environment.Job instance at 0x7f0f54689320>,8,27,[10  4],9,-1,36,-1,9
1,<environment.Job instance at 0x7f0f54689780>,9,26,[5 5],10,-1,36,-1,10
1,<environment.Job instance at 0x7f0f54c2fa50>,11,19,[13  1],12,-1,31,-1,12
1,<environment.Job instance at 0x7f0f54c2fe10>,12,16,[11  1],13,-1,29,-1,13
1,<environment.Job instance at 0x7f0f54c2fd20>,13,28,[ 4 11],14,-1,42,-1,14
1,<environment.Job instance at 0x7f0f546895a0>,15,24,[13  5],16,-1,40,-1,16
1,<environment.Job instance at 0x7f0f54c2f2d0>,16,26,[12  1],17,-1,43,-1,17
1,<environment.Job instance at 0x7f0f54abc1e0>,19,17,[ 2 13],20,-1,37,-1,20
1,<environment.Job instance at 0x7f0f55289c30>,21,26,[7 1],22,-1,51,-1,25
1,<environment.Job instance at 0x7f0f544d7e10>,23,15,[14  1],24,-1,40,-1,25
1,<environment.Job instance at 0x7f0f552d0820>,25,17,[14  2],26,-1,43,-1,26
1,<environment.Job instance at 0x7f0f545f8280>,26,20,[11  4],27,-1,47,-1,27
1,<environment.Job instance at 0x7f0f545f8c30>,29,23,[5 6],30,-1,61,-1,38
1,<environment.Job instance at 0x7f0f545f80a0>,30,14,[ 4 13],31,-1,52,-1,38
1,<environment.Job instance at 0x7f0f5484cd70>,31,23,[ 5 14],32,-1,61,-1,38
1,<environment.Job instance at 0x7f0f54ac8640>,32,23,[13  5],33,-1,61,-1,38
1,<environment.Job instance at 0x7f0f5539b8c0>,33,22,[ 2 14],34,-1,60,-1,38
1,<environment.Job instance at 0x7f0f5539beb0>,34,17,[13  4],35,-1,55,-1,38
1,<environment.Job instance at 0x7f0f5dcd8690>,37,24,[ 4 13],38,-1,62,-1,38
1,<environment.Job instance at 0x7f0f54f8a9b0>,38,28,[12  2],39,-1,67,-1,39
1,<environment.Job instance at 0x7f0f5485efa0>,36,23,[9 1],37,-1,76,-1,53
1,<environment.Job instance at 0x7f0f55255640>,42,14,[12  1],43,-1,67,-1,53
1,<environment.Job instance at 0x7f0f5dcd8190>,0,25,[12  2],1,-1,26,-1,1
1,<environment.Job instance at 0x7f0f5485e4b0>,1,22,[11  3],2,-1,24,-1,2
1,<environment.Job instance at 0x7f0f54aae550>,2,24,[12  5],3,-1,27,-1,3
1,<environment.Job instance at 0x7f0f5539beb0>,3,26,[ 5 10],4,-1,30,-1,4
1,<environment.Job instance at 0x7f0f5dd15460>,5,28,[12  2],6,-1,34,-1,6
1,<environment.Job instance at 0x7f0f55289dc0>,6,21,[ 4 12],7,-1,28,-1,7
1,<environment.Job instance at 0x7f0f552898c0>,7,26,[ 4 12],8,-1,34,-1,8
1,<environment.Job instance at 0x7f0f54689eb0>,9,13,[11  2],10,-1,23,-1,10
1,<environment.Job instance at 0x7f0f5dd683c0>,10,13,[ 5 13],11,-1,24,-1,11
1,<environment.Job instance at 0x7f0f54689320>,13,23,[ 4 13],14,-1,37,-1,14
1,<environment.Job instance at 0x7f0f553008c0>,14,13,[ 5 14],15,-1,28,-1,15
1,<environment.Job instance at 0x7f0f54a163c0>,16,22,[13  1],17,-1,39,-1,17
1,<environment.Job instance at 0x7f0f53d6cb90>,18,27,[ 1 13],19,-1,46,-1,19
1,<environment.Job instance at 0x7f0f5467d050>,19,17,[ 5 12],20,-1,37,-1,20
1,<environment.Job instance at 0x7f0f54698fa0>,22,21,[11  5],23,-1,44,-1,23
1,<environment.Job instance at 0x7f0f53e7f370>,23,18,[13  4],24,-1,42,-1,24
1,<environment.Job instance at 0x7f0f542096e0>,25,12,[ 5 13],26,-1,39,-1,27
1,<environment.Job instance at 0x7f0f5476fa50>,20,23,[8 4],21,-1,50,-1,27
1,<environment.Job instance at 0x7f0f53e7fd20>,24,27,[8 5],25,-1,54,-1,27
1,<environment.Job instance at 0x7f0f551ed6e0>,27,20,[ 5 13],28,-1,48,-1,28
1,<environment.Job instance at 0x7f0f54002780>,28,19,[ 2 14],29,-1,48,-1,29
1,<environment.Job instance at 0x7f0f53e7faf0>,29,20,[13  2],30,-1,50,-1,30
1,<environment.Job instance at 0x7f0f53e7fdc0>,30,16,[ 2 14],31,-1,47,-1,31
1,<environment.Job instance at 0x7f0f54385a50>,32,16,[ 3 13],33,-1,49,-1,33
1,<environment.Job instance at 0x7f0f546313c0>,31,26,[7 3],32,-1,64,-1,38
1,<environment.Job instance at 0x7f0f546317d0>,34,22,[14  1],35,-1,60,-1,38
1,<environment.Job instance at 0x7f0f54631280>,33,28,[ 5 10],34,-1,66,-1,38
1,<environment.Job instance at 0x7f0f54631d20>,36,15,[ 1 12],37,-1,53,-1,38
1,<environment.Job instance at 0x7f0f54203370>,40,14,[13  5],41,-1,55,-1,41
1,<environment.Job instance at 0x7f0f546d6b40>,43,27,[12  4],44,-1,83,-1,56
1,<environment.Job instance at 0x7f0f541d28c0>,44,18,[ 3 13],45,-1,74,-1,56
1,<environment.Job instance at 0x7f0f53dba8c0>,45,27,[ 1 14],46,-1,83,-1,56
1,<environment.Job instance at 0x7f0f53dba0a0>,46,21,[14  2],47,-1,77,-1,56
1,<environment.Job instance at 0x7f0f53e75b90>,47,22,[11  1],48,-1,78,-1,56
1,<environment.Job instance at 0x7f0f54625cd0>,0,18,[7 4],1,-1,19,-1,1
1,<environment.Job instance at 0x7f0f54625c80>,1,26,[5 3],2,-1,28,-1,2
1,<environment.Job instance at 0x7f0f54218dc0>,6,20,[2 9],7,-1,27,-1,7
1,<environment.Job instance at 0x7f0f54218190>,8,24,[4 6],9,-1,33,-1,9
1,<environment.Job instance at 0x7f0f548a0c80>,1,26,[5 3],2,-1,28,-1,2
1,<environment.Job instance at 0x7f0f5477c640>,2,27,[13  5],3,-1,30,-1,3
1,<environment.Job instance at 0x7f0f5477c4b0>,3,28,[ 3 14],4,-1,32,-1,4
1,<environment.Job instance at 0x7f0f548b60a0>,4,21,[ 4 11],5,-1,26,-1,5
1,<environment.Job instance at 0x7f0f53e75b40>,5,18,[ 3 12],6,-1,24,-1,6
1,<environment.Job instance at 0x7f0f5477c910>,7,26,[14  5],8,-1,34,-1,8
1,<environment.Job instance at 0x7f0f54203960>,9,18,[13  1],10,-1,28,-1,10
1,<environment.Job instance at 0x7f0f552b4e10>,10,20,[12  3],11,-1,31,-1,11
1,<environment.Job instance at 0x7f0f541d2410>,11,17,[ 5 14],12,-1,29,-1,12
1,<environment.Job instance at 0x7f0f541c7a00>,13,24,[5 1],14,-1,38,-1,14
1,<environment.Job instance at 0x7f0f54631280>,15,16,[ 2 13],16,-1,32,-1,16
1,<environment.Job instance at 0x7f0f546313c0>,16,17,[12  3],17,-1,34,-1,17
1,<environment.Job instance at 0x7f0f551ed6e0>,17,14,[14  1],18,-1,32,-1,18
1,<environment.Job instance at 0x7f0f541d2af0>,8,24,[4 6],9,-1,43,-1,19
1,<environment.Job instance at 0x7f0f54631870>,12,24,[8 5],13,-1,43,-1,19
1,<environment.Job instance at 0x7f0f53e7faf0>,21,14,[11  5],22,-1,36,-1,22
1,<environment.Job instance at 0x7f0f53e7f370>,22,24,[ 4 12],23,-1,47,-1,23
1,<environment.Job instance at 0x7f0f5476fa50>,24,25,[12  2],25,-1,50,-1,25
1,<environment.Job instance at 0x7f0f54631d20>,19,26,[3 6],20,-1,53,-1,27
1,<environment.Job instance at 0x7f0f54698fa0>,23,23,[1 6],24,-1,50,-1,27
1,<environment.Job instance at 0x7f0f5467d050>,26,24,[13  1],27,-1,51,-1,27
1,<environment.Job instance at 0x7f0f553009b0>,27,13,[11  1],28,-1,41,-1,28
1,<environment.Job instance at 0x7f0f53ddb960>,29,16,[13  1],30,-1,46,-1,30
1,<environment.Job instance at 0x7f0f5dd682d0>,32,21,[11  4],33,-1,54,-1,33
1,<environment.Job instance at 0x7f0f5539beb0>,33,13,[13  5],34,-1,47,-1,34
1,<environment.Job instance at 0x7f0f5dd15460>,34,16,[ 5 13],35,-1,51,-1,35
1,<environment.Job instance at 0x7f0f5dcd8690>,37,12,[14  2],38,-1,63,-1,51
1,<environment.Job instance at 0x7f0f54215f00>,38,23,[5 5],39,-1,74,-1,51
1,<environment.Job instance at 0x7f0f54215b90>,39,23,[ 3 13],40,-1,74,-1,51
1,<environment.Job instance at 0x7f0f5485e4b0>,40,14,[ 4 12],41,-1,65,-1,51
1,<environment.Job instance at 0x7f0f5518a320>,43,13,[13  2],44,-1,64,-1,51
1,<environment.Job instance at 0x7f0f53fee6e0>,44,18,[13  5],45,-1,69,-1,51
1,<environment.Job instance at 0x7f0f53fee7d0>,45,26,[2 5],46,-1,77,-1,51
1,<environment.Job instance at 0x7f0f546319b0>,18,25,[ 4 10],19,-1,77,-1,52
1,<environment.Job instance at 0x7f0f54ff39b0>,48,16,[11  2],49,-1,68,-1,52
1,<environment.Job instance at 0x7f0f54689320>,35,27,[ 1 10],36,-1,79,-1,52
1,<environment.Job instance at 0x7f0f6527b1e0>,50,23,[4 9],51,-1,75,-1,52
1,<environment.Job instance at 0x7f0f54497960>,51,24,[5 2],52,-1,76,-1,52
1,<environment.Job instance at 0x7f0f54df6780>,6,13,[14  2],7,-1,38,-1,25
1,<environment.Job instance at 0x7f0f53fcecd0>,15,25,[ 2 12],16,-1,50,-1,25
1,<environment.Job instance at 0x7f0f54df6190>,7,16,[ 4 14],8,-1,53,-1,37
1,<environment.Job instance at 0x7f0f53fce870>,17,27,[8 5],18,-1,64,-1,37
1,<environment.Job instance at 0x7f0f53fce460>,13,20,[8 4],14,-1,57,-1,37
1,<environment.Job instance at 0x7f0f5dcd8690>,0,13,[ 1 12],1,-1,14,-1,1
1,<environment.Job instance at 0x7f0f5485e4b0>,1,16,[ 2 12],2,-1,18,-1,2
1,<environment.Job instance at 0x7f0f53feef00>,2,27,[ 3 11],3,-1,30,-1,3
1,<environment.Job instance at 0x7f0f5539beb0>,3,21,[ 3 13],4,-1,25,-1,4
1,<environment.Job instance at 0x7f0f5dd683c0>,5,21,[ 4 14],6,-1,27,-1,6
1,<environment.Job instance at 0x7f0f551ed6e0>,6,13,[14  2],7,-1,20,-1,7
1,<environment.Job instance at 0x7f0f5539b8c0>,7,16,[ 4 14],8,-1,24,-1,8
1,<environment.Job instance at 0x7f0f5dd684b0>,9,14,[13  3],10,-1,24,-1,10
1,<environment.Job instance at 0x7f0f54df6e10>,12,17,[ 3 11],13,-1,30,-1,13
1,<environment.Job instance at 0x7f0f54df6460>,15,25,[ 2 12],16,-1,41,-1,16
1,<environment.Job instance at 0x7f0f53fce5a0>,10,24,[3 9],11,-1,43,-1,19
1,<environment.Job instance at 0x7f0f54df6050>,17,27,[8 5],18,-1,46,-1,19
1,<environment.Job instance at 0x7f0f54df6870>,14,27,[1 9],15,-1,46,-1,19
1,<environment.Job instance at 0x7f0f54df65f0>,16,27,[1 6],17,-1,46,-1,19
1,<environment.Job instance at 0x7f0f54a709b0>,19,17,[ 1 11],20,-1,37,-1,20
1,<environment.Job instance at 0x7f0f54a70730>,20,13,[ 3 14],21,-1,34,-1,21
1,<environment.Job instance at 0x7f0f54a70e10>,23,16,[11  2],24,-1,40,-1,24
1,<environment.Job instance at 0x7f0f53d25b90>,25,13,[13  5],26,-1,39,-1,26
1,<environment.Job instance at 0x7f0f53d25e10>,26,17,[13  3],27,-1,44,-1,27
1,<environment.Job instance at 0x7f0f53d252d0>,24,27,[5 2],25,-1,60,-1,33
1,<environment.Job instance at 0x7f0f53d25c80>,28,13,[14  3],29,-1,46,-1,33
1,<environment.Job instance at 0x7f0f54002910>,29,26,[ 2 12],30,-1,59,-1,33
1,<environment.Job instance at 0x7f0f54002f00>,30,26,[4 5],31,-1,59,-1,33
1,<environment.Job instance at 0x7f0f54002230>,27,26,[10  5],28,-1,59,-1,33
1,<environment.Job instance at 0x7f0f54002500>,32,24,[4 6],33,-1,57,-1,33
1,<environment.Job instance at 0x7f0f54002aa0>,33,15,[ 2 13],34,-1,49,-1,34
1,<environment.Job instance at 0x7f0f54002690>,34,18,[11  2],35,-1,53,-1,35
1,<environment.Job instance at 0x7f0f540022d0>,37,18,[14  1],38,-1,56,-1,38
1,<environment.Job instance at 0x7f0f5494c3c0>,38,23,[ 1 11],39,-1,62,-1,39
1,<environment.Job instance at 0x7f0f5494c9b0>,39,19,[ 3 12],40,-1,59,-1,40
1,<environment.Job instance at 0x7f0f5494ceb0>,43,13,[ 3 11],44,-1,71,-1,58
1,<environment.Job instance at 0x7f0f53a25f00>,0,19,[4 5],1,-1,20,-1,1
1,<environment.Job instance at 0x7f0f53a25190>,6,22,[7 2],7,-1,29,-1,7
1,<environment.Job instance at 0x7f0f55120550>,8,23,[8 3],9,-1,33,-1,10
1,<environment.Job instance at 0x7f0f55120230>,12,14,[8 4],13,-1,27,-1,13
1,<environment.Job instance at 0x7f0f55120f00>,13,23,[1 5],14,-1,37,-1,14
1,<environment.Job instance at 0x7f0f551400f0>,19,14,[14  1],20,-1,40,-1,26
1,<environment.Job instance at 0x7f0f55140f00>,18,13,[7 1],19,-1,39,-1,26
1,<environment.Job instance at 0x7f0f55140280>,21,19,[14  4],22,-1,45,-1,26
1,<environment.Job instance at 0x7f0f55358640>,23,24,[9 1],24,-1,51,-1,27
1,<environment.Job instance at 0x7f0f55358cd0>,24,14,[ 5 13],25,-1,42,-1,28
1,<environment.Job instance at 0x7f0f55358870>,25,23,[ 3 10],26,-1,53,-1,30
1,<environment.Job instance at 0x7f0f551201e0>,7,28,[3 5],8,-1,58,-1,30
1,<environment.Job instance at 0x7f0f553585a0>,26,20,[10  4],27,-1,51,-1,31
1,<environment.Job instance at 0x7f0f53abae60>,27,23,[9 5],28,-1,54,-1,31
1,<environment.Job instance at 0x7f0f53d45780>,28,27,[ 5 12],29,-1,63,-1,36
1,<environment.Job instance at 0x7f0f55140a50>,22,18,[8 1],23,-1,54,-1,36
1,<environment.Job instance at 0x7f0f53bbe550>,32,18,[11  3],33,-1,62,-1,44
1,<environment.Job instance at 0x7f0f53aa1eb0>,33,27,[1 7],34,-1,71,-1,44
1,<environment.Job instance at 0x7f0f54ae0c30>,29,21,[7 5],30,-1,65,-1,44
1,<environment.Job instance at 0x7f0f53afa320>,35,18,[ 3 12],36,-1,62,-1,44
1,<environment.Job instance at 0x7f0f54d40e60>,36,22,[10  3],37,-1,66,-1,44
1,<environment.Job instance at 0x7f0f551401e0>,20,15,[9 1],21,-1,60,-1,45
1,<environment.Job instance at 0x7f0f54bc1370>,37,19,[ 4 10],38,-1,64,-1,45
1,<environment.Job instance at 0x7f0f54d97a00>,39,15,[ 4 13],40,-1,60,-1,45
1,<environment.Job instance at 0x7f0f54d97af0>,38,13,[2 7],39,-1,58,-1,45
1,<environment.Job instance at 0x7f0f5508d460>,41,25,[9 1],42,-1,70,-1,45
1,<environment.Job instance at 0x7f0f5494c500>,1,14,[14  3],2,-1,16,-1,2
1,<environment.Job instance at 0x7f0f5494c4b0>,3,12,[ 5 12],4,-1,16,-1,4
1,<environment.Job instance at 0x7f0f5494caf0>,7,28,[3 5],8,-1,47,-1,19
1,<environment.Job instance at 0x7f0f5539beb0>,10,25,[ 4 10],11,-1,51,-1,26
1,<environment.Job instance at 0x7f0f5424cd20>,13,23,[1 5],14,-1,49,-1,26
1,<environment.Job instance at 0x7f0f53f24d20>,14,18,[ 1 12],15,-1,44,-1,26
1,<environment.Job instance at 0x7f0f5424c3c0>,15,15,[ 3 13],16,-1,41,-1,26
1,<environment.Job instance at 0x7f0f5494c8c0>,8,23,[8 3],9,-1,49,-1,26
1,<environment.Job instance at 0x7f0f54123190>,17,16,[13  1],18,-1,42,-1,26
1,<environment.Job instance at 0x7f0f5df49f50>,19,14,[14  1],20,-1,40,-1,26
1,<environment.Job instance at 0x7f0f5499c730>,21,19,[14  4],22,-1,50,-1,31
1,<environment.Job instance at 0x7f0f5499c190>,23,24,[9 1],24,-1,69,-1,45
1,<environment.Job instance at 0x7f0f5499c960>,24,14,[ 5 13],25,-1,59,-1,45
1,<environment.Job instance at 0x7f0f54a727d0>,25,23,[ 3 10],26,-1,68,-1,45
1,<environment.Job instance at 0x7f0f53b07be0>,28,27,[ 5 12],29,-1,85,-1,58
1,<environment.Job instance at 0x7f0f5d973d20>,30,27,[ 3 13],31,-1,85,-1,58
1,<environment.Job instance at 0x7f0f54dda190>,27,23,[9 5],28,-1,81,-1,58
1,<environment.Job instance at 0x7f0f53fe1f50>,32,18,[11  3],33,-1,76,-1,58
1,<environment.Job instance at 0x7f0f549825a0>,33,27,[1 7],34,-1,85,-1,58
1,<environment.Job instance at 0x7f0f53ff60f0>,35,18,[ 3 12],36,-1,76,-1,58
1,<environment.Job instance at 0x7f0f54fe7910>,39,15,[ 4 13],40,-1,73,-1,58
1,<environment.Job instance at 0x7f0f552b43c0>,4,17,[2 9],5,-1,26,-1,9
1,<environment.Job instance at 0x7f0f546d9320>,0,13,[13  5],1,-1,14,-1,1
1,<environment.Job instance at 0x7f0f546d9fa0>,1,14,[ 2 13],2,-1,16,-1,2
1,<environment.Job instance at 0x7f0f546d9b40>,2,23,[ 3 14],3,-1,26,-1,3
1,<environment.Job instance at 0x7f0f53c03af0>,3,16,[13  3],4,-1,20,-1,4
1,<environment.Job instance at 0x7f0f54bf4d70>,5,15,[ 2 13],6,-1,21,-1,6
1,<environment.Job instance at 0x7f0f545f95f0>,6,18,[12  1],7,-1,25,-1,7
1,<environment.Job instance at 0x7f0f53fe3730>,8,28,[ 4 12],9,-1,37,-1,9
1,<environment.Job instance at 0x7f0f53dbd3c0>,11,24,[ 5 14],12,-1,36,-1,12
1,<environment.Job instance at 0x7f0f54bf4050>,12,27,[11  1],13,-1,40,-1,13
1,<environment.Job instance at 0x7f0f53e26e10>,14,16,[ 1 14],15,-1,31,-1,15
1,<environment.Job instance at 0x7f0f5dd0a9b0>,15,18,[13  3],16,-1,34,-1,16
1,<environment.Job instance at 0x7f0f53fe1f50>,19,13,[ 5 14],20,-1,35,-1,22
1,<environment.Job instance at 0x7f0f53ff6e10>,20,17,[ 5 13],21,-1,39,-1,22
1,<environment.Job instance at 0x7f0f53ff6b40>,21,27,[11  5],22,-1,49,-1,22
1,<environment.Job instance at 0x7f0f54dda190>,23,12,[11  1],24,-1,36,-1,24
1,<environment.Job instance at 0x7f0f54704280>,25,14,[ 5 13],26,-1,40,-1,26
1,<environment.Job instance at 0x7f0f5499c690>,26,13,[ 2 14],27,-1,40,-1,27
1,<environment.Job instance at 0x7f0f53b07be0>,28,28,[1 7],29,-1,64,-1,36
1,<environment.Job instance at 0x7f0f5499cd70>,29,24,[5 1],30,-1,60,-1,36
1,<environment.Job instance at 0x7f0f5499c730>,30,15,[ 3 13],31,-1,51,-1,36
1,<environment.Job instance at 0x7f0f5df49640>,31,12,[ 3 14],32,-1,48,-1,36
1,<environment.Job instance at 0x7f0f54123190>,32,27,[6 5],33,-1,66,-1,39
1,<environment.Job instance at 0x7f0f5dd15460>,35,17,[14  4],36,-1,56,-1,39
1,<environment.Job instance at 0x7f0f5539beb0>,38,16,[ 1 13],39,-1,67,-1,51
1,<environment.Job instance at 0x7f0f546e0690>,39,25,[4 7],40,-1,78,-1,53
1,<environment.Job instance at 0x7f0f55089c30>,40,18,[ 2 11],41,-1,71,-1,53
1,<environment.Job instance at 0x7f0f5494ca50>,41,12,[13  5],42,-1,65,-1,53
1,<environment.Job instance at 0x7f0f5494cd70>,42,22,[14  4],43,-1,75,-1,53
1,<environment.Job instance at 0x7f0f5494cf50>,43,27,[5 3],44,-1,80,-1,53
1,<environment.Job instance at 0x7f0f5494caf0>,44,25,[ 3 11],45,-1,78,-1,53
1,<environment.Job instance at 0x7f0f5494c3c0>,45,24,[8 3],46,-1,77,-1,53
1,<environment.Job instance at 0x7f0f5494cc80>,46,13,[13  1],47,-1,66,-1,53
1,<environment.Job instance at 0x7f0f5494cfa0>,47,26,[ 3 13],48,-1,79,-1,53
1,<environment.Job instance at 0x7f0f5494c230>,49,25,[12  5],50,-1,78,-1,53
1,<environment.Job instance at 0x7f0f5df49640>,0,13,[11  3],1,-1,14,-1,1
1,<environment.Job instance at 0x7f0f54dda190>,1,22,[ 4 12],2,-1,24,-1,2
1,<environment.Job instance at 0x7f0f5df49be0>,2,20,[13  3],3,-1,23,-1,3
1,<environment.Job instance at 0x7f0f53ff7af0>,3,24,[14  1],4,-1,28,-1,4
1,<environment.Job instance at 0x7f0f54fe7190>,5,14,[ 1 13],6,-1,20,-1,6
1,<environment.Job instance at 0x7f0f54fe7910>,6,17,[ 3 12],7,-1,24,-1,7
1,<environment.Job instance at 0x7f0f54b8fb40>,7,26,[11  2],8,-1,34,-1,8
1,<environment.Job instance at 0x7f0f54982190>,9,24,[11  1],10,-1,34,-1,10
1,<environment.Job instance at 0x7f0f545f90f0>,10,23,[13  2],11,-1,34,-1,11
1,<environment.Job instance at 0x7f0f546d9fa0>,11,18,[13  5],12,-1,30,-1,12
1,<environment.Job instance at 0x7f0f54be70a0>,15,14,[11  2],16,-1,30,-1,16
1,<environment.Job instance at 0x7f0f54021780>,16,15,[12  2],17,-1,32,-1,17
1,<environment.Job instance at 0x7f0f548bafa0>,18,19,[14  2],19,-1,38,-1,19
1,<environment.Job instance at 0x7f0f548baaf0>,19,20,[ 5 12],20,-1,40,-1,20
1,<environment.Job instance at 0x7f0f548ba0f0>,20,18,[14  1],21,-1,39,-1,21
1,<environment.Job instance at 0x7f0f548bab90>,21,19,[ 2 14],22,-1,41,-1,22
1,<environment.Job instance at 0x7f0f54021370>,13,28,[5 9],14,-1,51,-1,23
1,<environment.Job instance at 0x7f0f548ba960>,22,24,[ 2 14],23,-1,47,-1,23
1,<environment.Job instance at 0x7f0f548ba640>,23,28,[12  4],24,-1,52,-1,24
1,<environment.Job instance at 0x7f0f548bac80>,26,25,[14  5],27,-1,52,-1,27
1,<environment.Job instance at 0x7f0f548ba910>,25,23,[3 6],26,-1,53,-1,30
1,<environment.Job instance at 0x7f0f5438f190>,30,18,[ 2 14],31,-1,49,-1,31
1,<environment.Job instance at 0x7f0f5438f5a0>,31,28,[4 5],32,-1,64,-1,36
1,<environment.Job instance at 0x7f0f5438f910>,33,21,[13  5],34,-1,57,-1,36
1,<environment.Job instance at 0x7f0f5438f1e0>,34,23,[10  5],35,-1,69,-1,46
1,<environment.Job instance at 0x7f0f5438fd20>,35,13,[13  4],36,-1,59,-1,46
1,<environment.Job instance at 0x7f0f5438f0f0>,37,16,[ 5 14],38,-1,62,-1,46
1,<environment.Job instance at 0x7f0f5438fa00>,41,21,[12  1],42,-1,77,-1,56
1,<environment.Job instance at 0x7f0f5438fbe0>,43,16,[11  3],44,-1,72,-1,56
1,<environment.Job instance at 0x7f0f54f87e60>,0,18,[5 5],1,-1,19,-1,1
1,<environment.Job instance at 0x7f0f549f0a50>,1,26,[13  2],2,-1,28,-1,2
1,<environment.Job instance at 0x7f0f549f0640>,2,27,[11  3],3,-1,30,-1,3
1,<environment.Job instance at 0x7f0f549f01e0>,3,16,[14  4],4,-1,20,-1,4
1,<environment.Job instance at 0x7f0f549f0190>,4,27,[ 1 14],5,-1,32,-1,5
1,<environment.Job instance at 0x7f0f53c913c0>,5,21,[ 3 11],6,-1,27,-1,6
1,<environment.Job instance at 0x7f0f53c91b90>,6,20,[13  1],7,-1,27,-1,7
1,<environment.Job instance at 0x7f0f53c91910>,8,22,[12  2],9,-1,31,-1,9
1,<environment.Job instance at 0x7f0f53d74140>,13,26,[14  5],14,-1,40,-1,14
1,<environment.Job instance at 0x7f0f53cc0af0>,14,12,[11  4],15,-1,27,-1,15
1,<environment.Job instance at 0x7f0f53cc07d0>,15,26,[14  3],16,-1,42,-1,16
1,<environment.Job instance at 0x7f0f53cc0b40>,16,17,[ 5 11],17,-1,34,-1,17
1,<environment.Job instance at 0x7f0f53ec7e60>,17,26,[ 2 11],18,-1,44,-1,18
1,<environment.Job instance at 0x7f0f53cb8a00>,9,27,[7 4],10,-1,46,-1,19
1,<environment.Job instance at 0x7f0f53ec72d0>,19,18,[14  4],20,-1,38,-1,20
1,<environment.Job instance at 0x7f0f53cb8050>,10,25,[9 5],11,-1,60,-1,35
1,<environment.Job instance at 0x7f0f53c87370>,23,24,[4 7],24,-1,59,-1,35
1,<environment.Job instance at 0x7f0f53c87c80>,25,21,[ 4 11],26,-1,56,-1,35
1,<environment.Job instance at 0x7f0f54057a00>,27,18,[13  3],28,-1,55,-1,37
1,<environment.Job instance at 0x7f0f54057910>,28,23,[ 4 12],29,-1,60,-1,37
1,<environment.Job instance at 0x7f0f552551e0>,29,26,[ 4 14],30,-1,63,-1,37
1,<environment.Job instance at 0x7f0f55255640>,30,15,[ 1 14],31,-1,52,-1,37
1,<environment.Job instance at 0x7f0f54067e60>,31,14,[11  2],32,-1,51,-1,37
1,<environment.Job instance at 0x7f0f54067a00>,32,13,[13  4],33,-1,50,-1,37
1,<environment.Job instance at 0x7f0f54f890f0>,34,27,[ 4 13],35,-1,76,-1,49
1,<environment.Job instance at 0x7f0f54f89e60>,35,23,[ 4 12],36,-1,72,-1,49
1,<environment.Job instance at 0x7f0f54efcbe0>,36,15,[ 4 12],37,-1,64,-1,49
1,<environment.Job instance at 0x7f0f54efc3c0>,38,23,[ 5 11],39,-1,74,-1,51
1,<environment.Job instance at 0x7f0f54efc9b0>,39,28,[13  3],40,-1,79,-1,51
1,<environment.Job instance at 0x7fa4f41f8b90>,2,20,[7 4],3,-1,23,-1,3
1,<environment.Job instance at 0x7fa4f4203e60>,3,13,[12  4],4,-1,17,-1,4
1,<environment.Job instance at 0x7fa4f4203cd0>,5,24,[ 2 14],6,-1,30,-1,6
1,<environment.Job instance at 0x7fa4f42060a0>,6,15,[ 2 14],7,-1,22,-1,7
1,<environment.Job instance at 0x7fa4f4203d20>,8,20,[ 4 13],9,-1,29,-1,9
1,<environment.Job instance at 0x7fa4f42061e0>,9,16,[12  1],10,-1,26,-1,10
1,<environment.Job instance at 0x7fa4f4203f50>,4,24,[7 2],5,-1,42,-1,18
1,<environment.Job instance at 0x7fa4f42063c0>,12,28,[ 1 14],13,-1,46,-1,18
1,<environment.Job instance at 0x7fa4f4206230>,14,15,[14  4],15,-1,33,-1,18
1,<environment.Job instance at 0x7fa4f4206550>,15,20,[ 3 12],16,-1,38,-1,18
1,<environment.Job instance at 0x7fa4f4203c80>,1,24,[10  1],2,-1,47,-1,23
1,<environment.Job instance at 0x7fa4f4206690>,17,19,[12  4],18,-1,42,-1,23
1,<environment.Job instance at 0x7fa4f42068c0>,18,18,[13  1],19,-1,41,-1,23
1,<environment.Job instance at 0x7fa4f4206960>,19,23,[8 4],20,-1,46,-1,23
1,<environment.Job instance at 0x7fa4f42069b0>,20,17,[ 2 14],21,-1,40,-1,23
1,<environment.Job instance at 0x7fa4f4206460>,21,14,[ 4 11],22,-1,37,-1,23
1,<environment.Job instance at 0x7fa4f4206050>,7,26,[9 3],8,-1,49,-1,23
1,<environment.Job instance at 0x7fa4f42065f0>,16,28,[5 1],17,-1,51,-1,23
1,<environment.Job instance at 0x7fa4f42067d0>,23,16,[12  2],24,-1,40,-1,24
1,<environment.Job instance at 0x7fa4f4206e10>,27,17,[ 4 12],28,-1,50,-1,33
1,<environment.Job instance at 0x7fa4f4206f50>,28,17,[ 1 13],29,-1,50,-1,33
1,<environment.Job instance at 0x7fa4f4206e60>,29,24,[ 4 13],30,-1,57,-1,33
1,<environment.Job instance at 0x7fa4f4206b40>,30,26,[11  4],31,-1,59,-1,33
1,<environment.Job instance at 0x7fa4f4207050>,31,28,[ 2 10],32,-1,61,-1,33
1,<environment.Job instance at 0x7fa4f4206be0>,25,24,[5 7],26,-1,57,-1,33
1,<environment.Job instance at 0x7fa4f4207140>,33,28,[6 4],34,-1,64,-1,36
1,<environment.Job instance at 0x7fa4f4207460>,34,24,[5 5],35,-1,60,-1,36
1,<environment.Job instance at 0x7fa4f42076e0>,37,14,[ 5 14],38,-1,52,-1,38
1,<environment.Job instance at 0x7fa4f4207550>,38,24,[13  2],39,-1,63,-1,39
1,<environment.Job instance at 0x7fa4f4207690>,40,26,[ 1 14],41,-1,71,-1,45
1,<environment.Job instance at 0x7fa4f42072d0>,42,12,[ 5 12],43,-1,57,-1,45
1,<environment.Job instance at 0x7fa4f4207960>,44,12,[11  3],45,-1,64,-1,52
1,<environment.Job instance at 0x7fa4f4207a00>,45,12,[ 3 14],46,-1,64,-1,52
1,<environment.Job instance at 0x7fa4f4207be0>,47,14,[12  2],48,-1,71,-1,57
1,<environment.Job instance at 0x7fa4f4207c80>,48,14,[ 1 11],49,-1,71,-1,57
1,<environment.Job instance at 0x7fa4f4207d70>,50,13,[ 4 12],51,-1,81,-1,68
1,<environment.Job instance at 0x7fa4f41f3460>,52,21,[14  2],53,-1,89,-1,68
1,<environment.Job instance at 0x7fa4f393f370>,0,15,[8 4],1,-1,17,-1,2
1,<environment.Job instance at 0x7fa4f393f5f0>,3,18,[3 5],4,-1,22,-1,4
1,<environment.Job instance at 0x7fa4f393f190>,4,19,[3 8],5,-1,24,-1,5
1,<environment.Job instance at 0x7fa4f393f230>,5,17,[7 1],6,-1,23,-1,6
1,<environment.Job instance at 0x7fa4f393feb0>,6,14,[10  4],7,-1,21,-1,7
1,<environment.Job instance at 0x7fa4f393faf0>,7,13,[10  1],8,-1,21,-1,8
1,<environment.Job instance at 0x7fa4f393f9b0>,8,16,[8 1],9,-1,25,-1,9
1,<environment.Job instance at 0x7fa4f3935fa0>,11,19,[5 5],12,-1,31,-1,12
1,<environment.Job instance at 0x7fa4f3935b90>,12,14,[8 5],13,-1,27,-1,13
1,<environment.Job instance at 0x7fa4f39350a0>,13,21,[4 8],14,-1,35,-1,14
1,<environment.Job instance at 0x7fa4f3935050>,14,18,[ 3 10],15,-1,33,-1,15
1,<environment.Job instance at 0x7fa4f39358c0>,15,27,[5 5],16,-1,43,-1,16
1,<environment.Job instance at 0x7fa4f3935960>,16,15,[1 7],17,-1,32,-1,17
1,<environment.Job instance at 0x7fa4f3935be0>,17,26,[2 7],18,-1,44,-1,18
1,<environment.Job instance at 0x7fa4f39354b0>,18,18,[7 1],19,-1,37,-1,19
1,<environment.Job instance at 0x7fa4f393e0a0>,19,16,[4 9],20,-1,36,-1,20
1,<environment.Job instance at 0x7fa4f4207780>,2,28,[11  1],3,-1,31,-1,3
1,<environment.Job instance at 0x7fa4f4207190>,9,14,[12  1],10,-1,30,-1,16
1,<environment.Job instance at 0x7fa4f42070a0>,10,19,[12  3],11,-1,35,-1,16
1,<environment.Job instance at 0x7fa4f4206fa0>,15,27,[5 5],16,-1,61,-1,34
1,<environment.Job instance at 0x7fa4f4206eb0>,17,26,[2 7],18,-1,69,-1,43
1,<environment.Job instance at 0x7fa4f4206460>,20,17,[ 5 14],21,-1,66,-1,49
1,<environment.Job instance at 0x7fa4f42069b0>,21,22,[11  2],22,-1,71,-1,49
1,<environment.Job instance at 0x7fa4f4206690>,24,25,[ 1 13],25,-1,90,-1,65
1,<environment.Job instance at 0x7fa4f42065f0>,25,21,[14  5],26,-1,86,-1,65
1,<environment.Job instance at 0x7fa4f385c690>,0,24,[6 5],1,-1,25,-1,1
1,<environment.Job instance at 0x7fa4f385c4b0>,0,24,[6 5],1,-1,25,-1,1
1,<environment.Job instance at 0x7fa4f385c640>,2,23,[ 3 11],3,-1,26,-1,3
1,<environment.Job instance at 0x7fa4f389caa0>,3,14,[ 3 12],4,-1,18,-1,4
1,<environment.Job instance at 0x7fa4f389c780>,4,15,[ 2 13],5,-1,20,-1,5
1,<environment.Job instance at 0x7fa4f389c140>,5,26,[7 2],6,-1,32,-1,6
1,<environment.Job instance at 0x7fa4f389c230>,6,20,[13  4],7,-1,27,-1,7
1,<environment.Job instance at 0x7fa4f3840870>,10,24,[ 2 13],11,-1,35,-1,11
1,<environment.Job instance at 0x7fa4f385c910>,9,28,[3 8],10,-1,43,-1,15
1,<environment.Job instance at 0x7fa4f3840fa0>,14,26,[12  4],15,-1,41,-1,15
1,<environment.Job instance at 0x7fa4f3942500>,17,25,[ 3 13],18,-1,43,-1,18
1,<environment.Job instance at 0x7fa4f3942960>,18,24,[12  5],19,-1,43,-1,19
1,<environment.Job instance at 0x7fa4f3942460>,19,25,[ 2 11],20,-1,45,-1,20
1,<environment.Job instance at 0x7fa4f38401e0>,11,28,[7 1],12,-1,57,-1,29
1,<environment.Job instance at 0x7fa4f3942230>,21,23,[ 3 14],22,-1,52,-1,29
1,<environment.Job instance at 0x7fa4f39429b0>,23,17,[13  1],24,-1,46,-1,29
1,<environment.Job instance at 0x7fa4f38408c0>,13,27,[9 2],14,-1,56,-1,29
1,<environment.Job instance at 0x7fa4f3942910>,25,16,[11  3],26,-1,45,-1,29
1,<environment.Job instance at 0x7fa4f39422d0>,26,24,[13  4],27,-1,53,-1,29
1,<environment.Job instance at 0x7fa4f3942f00>,27,18,[14  2],28,-1,47,-1,29
1,<environment.Job instance at 0x7fa4f39427d0>,20,26,[5 4],21,-1,55,-1,29
1,<environment.Job instance at 0x7fa4f3942d70>,29,17,[14  3],30,-1,47,-1,30
1,<environment.Job instance at 0x7fa4f3942c30>,30,24,[ 4 11],31,-1,55,-1,31
1,<environment.Job instance at 0x7fa4f3942780>,34,25,[14  5],35,-1,67,-1,42
1,<environment.Job instance at 0x7fa4f3942d20>,35,24,[3 7],36,-1,71,-1,47
1,<environment.Job instance at 0x7fa4f3942690>,37,17,[11  1],38,-1,64,-1,47
1,<environment.Job instance at 0x7fa4f38e6e10>,38,27,[ 3 13],39,-1,74,-1,47
1,<environment.Job instance at 0x7fa4f38e6f50>,41,19,[11  4],42,-1,66,-1,47
1,<environment.Job instance at 0x7fa4f38e66e0>,40,26,[3 9],41,-1,86,-1,60
1,<environment.Job instance at 0x7fa4f38e6dc0>,43,25,[13  2],44,-1,85,-1,60
1,<environment.Job instance at 0x7fa4f38e6640>,44,23,[6 4],45,-1,83,-1,60
1,<environment.Job instance at 0x7fa4f38e62d0>,45,22,[12  2],46,-1,82,-1,60
1,<environment.Job instance at 0x7fa4f38e6af0>,42,24,[4 9],43,-1,84,-1,60
1,<environment.Job instance at 0x7fa4f38e6d70>,48,13,[ 3 11],49,-1,73,-1,60
1,<environment.Job instance at 0x7fa4f38e6780>,49,14,[14  1],50,-1,74,-1,60
1,<environment.Job instance at 0x7fa4f38e6050>,50,14,[12  1],51,-1,74,-1,60
1,<environment.Job instance at 0x7fa4f38e6730>,51,17,[12  4],52,-1,77,-1,60
1,<environment.Job instance at 0x7fa4f38e6280>,54,16,[ 4 14],55,-1,82,-1,66
1,<environment.Job instance at 0x7fa4f4685af0>,0,20,[ 2 10],1,-1,22,-1,2
1,<environment.Job instance at 0x7fa4f4685a50>,1,15,[11  5],2,-1,17,-1,2
1,<environment.Job instance at 0x7fa4f4357f50>,12,25,[4 8],13,-1,38,-1,13
1,<environment.Job instance at 0x7fa4f3955690>,1,15,[11  5],2,-1,17,-1,2
1,<environment.Job instance at 0x7fa4f38e6320>,2,19,[14  4],3,-1,22,-1,3
1,<environment.Job instance at 0x7fa4f38e61e0>,3,17,[ 3 12],4,-1,21,-1,4
1,<environment.Job instance at 0x7fa4f38e60f0>,5,19,[ 4 14],6,-1,25,-1,6
1,<environment.Job instance at 0x7fa4f38e6d20>,6,16,[ 5 12],7,-1,23,-1,7
1,<environment.Job instance at 0x7fa4f38e6280>,7,21,[ 1 12],8,-1,29,-1,8
1,<environment.Job instance at 0x7fa4f38e65a0>,8,16,[ 1 14],9,-1,25,-1,9
1,<environment.Job instance at 0x7fa4f38e6730>,9,18,[ 1 14],10,-1,28,-1,10
1,<environment.Job instance at 0x7fa4f3955230>,11,17,[14  5],12,-1,29,-1,12
1,<environment.Job instance at 0x7fa4f38e6cd0>,13,25,[11  3],14,-1,39,-1,14
1,<environment.Job instance at 0x7fa4f38e68c0>,14,15,[14  2],15,-1,30,-1,15
1,<environment.Job instance at 0x7fa4f38e6b90>,15,18,[11  1],16,-1,34,-1,16
1,<environment.Job instance at 0x7fa4f38e6dc0>,17,17,[12  1],18,-1,35,-1,18
1,<environment.Job instance at 0x7fa4f38e6be0>,18,20,[12  2],19,-1,39,-1,19
1,<environment.Job instance at 0x7fa4f38e6050>,10,23,[1 9],11,-1,44,-1,21
1,<environment.Job instance at 0x7fa4f38e6b40>,12,25,[4 8],13,-1,46,-1,21
1,<environment.Job instance at 0x7fa4f38e60a0>,21,13,[ 4 11],22,-1,35,-1,22
1,<environment.Job instance at 0x7fa4f38e6fa0>,22,16,[14  3],23,-1,39,-1,23
1,<environment.Job instance at 0x7fa4f3942370>,25,14,[ 1 13],26,-1,40,-1,26
1,<environment.Job instance at 0x7fa4f3942320>,28,19,[13  1],29,-1,52,-1,33
1,<environment.Job instance at 0x7fa4f3942e10>,29,20,[ 1 12],30,-1,53,-1,33
1,<environment.Job instance at 0x7fa4f3942d70>,31,24,[7 2],32,-1,57,-1,33
1,<environment.Job instance at 0x7fa4f3942be0>,32,13,[ 5 11],33,-1,46,-1,33
1,<environment.Job instance at 0x7fa4f39426e0>,33,13,[14  1],34,-1,47,-1,34
1,<environment.Job instance at 0x7fa4f3942c80>,34,12,[ 5 12],35,-1,47,-1,35
1,<environment.Job instance at 0x7fa4f3942460>,37,27,[6 1],38,-1,73,-1,46
1,<environment.Job instance at 0x7fa4f39427d0>,38,27,[ 4 13],39,-1,73,-1,46
1,<environment.Job instance at 0x7fa4f3942730>,39,14,[12  3],40,-1,60,-1,46
1,<environment.Job instance at 0x7fa4f3942230>,40,27,[11  1],41,-1,73,-1,46
1,<environment.Job instance at 0x7fa4f3942960>,41,24,[6 2],42,-1,70,-1,46
1,<environment.Job instance at 0x7fa4f3942500>,44,23,[1 8],45,-1,69,-1,46
1,<environment.Job instance at 0x7fa4f46853c0>,45,27,[ 5 14],46,-1,73,-1,46
1,<environment.Job instance at 0x7fa4f4685c30>,47,27,[5 1],48,-1,86,-1,59
1,<environment.Job instance at 0x7fa4f454faf0>,48,26,[ 2 13],49,-1,85,-1,59
1,<environment.Job instance at 0x7fa4f454f780>,49,28,[14  4],50,-1,87,-1,59
1,<environment.Job instance at 0x7fa4f454f5a0>,50,27,[3 9],51,-1,86,-1,59
1,<environment.Job instance at 0x7fa4f454f8c0>,51,20,[ 4 11],52,-1,79,-1,59
1,<environment.Job instance at 0x7fa4f454fdc0>,52,15,[14  1],53,-1,74,-1,59
1,<environment.Job instance at 0x7fa4f454f280>,54,27,[1 5],55,-1,86,-1,59
1,<environment.Job instance at 0x7fa4f454f370>,55,26,[11  3],56,-1,85,-1,59
1,<environment.Job instance at 0x7fa4f454f140>,56,25,[11  3],57,-1,84,-1,59
1,<environment.Job instance at 0x7fa4f3ffa730>,3,20,[ 4 10],4,-1,25,-1,5
1,<environment.Job instance at 0x7fa4f3ffaa50>,5,23,[3 6],6,-1,29,-1,6
1,<environment.Job instance at 0x7fa4f3bd27d0>,6,17,[ 5 10],7,-1,24,-1,7
1,<environment.Job instance at 0x7fa4f3ffd910>,12,26,[ 4 12],13,-1,50,-1,24
1,<environment.Job instance at 0x7fa4f3ffd320>,9,27,[9 5],10,-1,51,-1,24
1,<environment.Job instance at 0x7fa4f3ffd5a0>,14,25,[11  5],15,-1,49,-1,24
1,<environment.Job instance at 0x7fa4f3bd2820>,7,28,[ 3 11],8,-1,54,-1,26
1,<environment.Job instance at 0x7fa4f3ffd370>,17,15,[13  2],18,-1,45,-1,30
1,<environment.Job instance at 0x7fa4f3955d20>,4,15,[11  2],5,-1,45,-1,30
1,<environment.Job instance at 0x7fa4f3ffdd70>,18,12,[5 8],19,-1,42,-1,30
1,<environment.Job instance at 0x7fa4f3ffd8c0>,13,24,[ 5 13],14,-1,55,-1,31
1,<environment.Job instance at 0x7fa4f40235f0>,21,15,[14  2],22,-1,54,-1,39
1,<environment.Job instance at 0x7fa4f454f0a0>,0,20,[11  2],1,-1,21,-1,1
1,<environment.Job instance at 0x7fa4f454f460>,1,26,[2 8],2,-1,28,-1,2
1,<environment.Job instance at 0x7fa4f4094730>,4,15,[11  2],5,-1,20,-1,5
1,<environment.Job instance at 0x7fa4f454f820>,5,23,[3 6],6,-1,29,-1,6
1,<environment.Job instance at 0x7fa4f454f370>,7,28,[ 3 11],8,-1,36,-1,8
1,<environment.Job instance at 0x7fa4f454f280>,8,27,[14  1],9,-1,36,-1,9
1,<environment.Job instance at 0x7fa4f454fbe0>,9,27,[9 5],10,-1,37,-1,10
1,<environment.Job instance at 0x7fa4f454f8c0>,11,14,[12  2],12,-1,26,-1,12
1,<environment.Job instance at 0x7fa4f454f690>,12,26,[ 4 12],13,-1,39,-1,13
1,<environment.Job instance at 0x7fa4f454faa0>,13,24,[ 5 13],14,-1,38,-1,14
1,<environment.Job instance at 0x7fa4f454fa00>,14,25,[11  5],15,-1,40,-1,15
1,<environment.Job instance at 0x7fa4f454feb0>,16,22,[12  5],17,-1,39,-1,17
1,<environment.Job instance at 0x7fa4f454f550>,15,23,[3 6],16,-1,41,-1,18
1,<environment.Job instance at 0x7fa4f39422d0>,17,15,[13  2],18,-1,33,-1,18
1,<environment.Job instance at 0x7fa4f39425f0>,21,15,[14  2],22,-1,37,-1,22
1,<environment.Job instance at 0x7fa4f39427d0>,22,28,[14  3],23,-1,51,-1,23
1,<environment.Job instance at 0x7fa4f39421e0>,25,14,[ 3 14],26,-1,49,-1,35
1,<environment.Job instance at 0x7fa4f3942640>,26,17,[13  5],27,-1,52,-1,35
1,<environment.Job instance at 0x7fa4f39423c0>,27,13,[ 5 14],28,-1,48,-1,35
1,<environment.Job instance at 0x7fa4f3942be0>,29,16,[11  3],30,-1,51,-1,35
1,<environment.Job instance at 0x7fa4f39426e0>,28,25,[4 5],29,-1,61,-1,36
1,<environment.Job instance at 0x7fa4f3942190>,31,12,[12  3],32,-1,48,-1,36
1,<environment.Job instance at 0x7fa4f3942e10>,32,28,[6 3],33,-1,75,-1,47
1,<environment.Job instance at 0x7fa4f3942320>,33,23,[ 1 11],34,-1,70,-1,47
1,<environment.Job instance at 0x7fa4f3942370>,35,27,[12  4],36,-1,74,-1,47
1,<environment.Job instance at 0x7fa4f3942780>,36,13,[14  5],37,-1,60,-1,47
1,<environment.Job instance at 0x7fa4f39428c0>,37,16,[ 5 11],38,-1,63,-1,47
1,<environment.Job instance at 0x7fa4f38e6e10>,39,19,[ 3 11],40,-1,66,-1,47
1,<environment.Job instance at 0x7fa4f38e6460>,41,15,[13  3],42,-1,63,-1,48
1,<environment.Job instance at 0x7fa4f38e6a00>,42,28,[11  2],43,-1,76,-1,48
1,<environment.Job instance at 0x7fa4f38e6be0>,43,24,[7 5],44,-1,83,-1,59
1,<environment.Job instance at 0x7fa4f38e6f50>,38,23,[4 8],39,-1,88,-1,65
1,<environment.Job instance at 0x7fa4f38e6b90>,46,27,[ 4 13],47,-1,92,-1,65
1,<environment.Job instance at 0x7fa4f38e6500>,47,28,[ 1 14],48,-1,93,-1,65
1,<environment.Job instance at 0x7fa4f38e67d0>,48,12,[13  4],49,-1,77,-1,65
1,<environment.Job instance at 0x7fa4f38e65a0>,49,12,[ 5 12],50,-1,77,-1,65
1,<environment.Job instance at 0x7fa4f38e64b0>,50,28,[7 4],51,-1,93,-1,65
1,<environment.Job instance at 0x7fa4f38e6730>,51,27,[4 6],52,-1,92,-1,65
1,<environment.Job instance at 0x7fa4f390e6e0>,0,23,[ 4 11],1,-1,24,-1,1
1,<environment.Job instance at 0x7fa4f390eb90>,1,14,[ 2 14],2,-1,16,-1,2
1,<environment.Job instance at 0x7fa4f3921eb0>,2,27,[1 8],3,-1,30,-1,3
1,<environment.Job instance at 0x7fa4f3921410>,3,26,[7 4],4,-1,30,-1,4
1,<environment.Job instance at 0x7fa4f3921a00>,4,20,[14  3],5,-1,25,-1,5
1,<environment.Job instance at 0x7fa4f39215f0>,5,25,[5 2],6,-1,31,-1,6
1,<environment.Job instance at 0x7fa4f3921be0>,6,24,[6 3],7,-1,31,-1,7
1,<environment.Job instance at 0x7fa4f3921c80>,7,25,[ 2 14],8,-1,33,-1,8
1,<environment.Job instance at 0x7fa4f390efa0>,11,26,[14  3],12,-1,38,-1,12
1,<environment.Job instance at 0x7fa4f3921190>,12,27,[12  1],13,-1,40,-1,13
1,<environment.Job instance at 0x7fa4f3921640>,13,27,[ 3 11],14,-1,41,-1,14
1,<environment.Job instance at 0x7fa4f3921230>,14,15,[ 3 13],15,-1,30,-1,15
1,<environment.Job instance at 0x7fa4f3921320>,15,21,[ 5 12],16,-1,37,-1,16
1,<environment.Job instance at 0x7fa4f3921b90>,21,25,[12  5],22,-1,47,-1,22
1,<environment.Job instance at 0x7fa4f3921aa0>,10,28,[8 2],11,-1,51,-1,23
1,<environment.Job instance at 0x7fa4f3921f50>,17,23,[9 5],18,-1,46,-1,23
1,<environment.Job instance at 0x7fa4f3921e10>,22,24,[6 4],23,-1,47,-1,23
1,<environment.Job instance at 0x7fa4f46671e0>,23,19,[ 2 11],24,-1,43,-1,24
1,<environment.Job instance at 0x7fa4f4667be0>,24,23,[13  3],25,-1,48,-1,25
1,<environment.Job instance at 0x7fa4f4667eb0>,27,25,[4 9],28,-1,60,-1,35
1,<environment.Job instance at 0x7fa4f4667aa0>,29,28,[5 9],30,-1,63,-1,35
1,<environment.Job instance at 0x7fa4f4667780>,30,24,[4 8],31,-1,59,-1,35
1,<environment.Job instance at 0x7fa4f46675f0>,28,26,[6 1],29,-1,61,-1,35
1,<environment.Job instance at 0x7fa4f46670a0>,33,24,[12  1],34,-1,59,-1,35
1,<environment.Job instance at 0x7fa4f4667cd0>,34,17,[12  4],35,-1,52,-1,35
1,<environment.Job instance at 0x7fa4f46675a0>,36,27,[13  3],37,-1,64,-1,37
1,<environment.Job instance at 0x7fa4f4667e60>,38,17,[ 1 11],39,-1,64,-1,47
1,<environment.Job instance at 0x7fa4f4667d70>,40,19,[12  4],41,-1,67,-1,48
1,<environment.Job instance at 0x7fa4f3905870>,41,14,[ 5 12],42,-1,62,-1,48
1,<environment.Job instance at 0x7fa4f3905460>,43,25,[8 3],44,-1,89,-1,64
1,<environment.Job instance at 0x7fa4f39050f0>,44,16,[ 2 11],45,-1,80,-1,64
1,<environment.Job instance at 0x7fa4f3905690>,45,28,[ 3 11],46,-1,92,-1,64
1,<environment.Job instance at 0x7fa4f3905fa0>,46,15,[13  4],47,-1,79,-1,64
1,<environment.Job instance at 0x7fa4f39056e0>,47,24,[2 7],48,-1,88,-1,64
1,<environment.Job instance at 0x7fa4f3905500>,48,16,[14  5],49,-1,80,-1,64
1,<environment.Job instance at 0x7fa4f46678c0>,32,23,[10  5],33,-1,87,-1,64
1,<environment.Job instance at 0x7fa4f3905640>,50,27,[14  3],51,-1,91,-1,64
1,<environment.Job instance at 0x7fa4f39055a0>,51,18,[ 1 14],52,-1,82,-1,64
1,<environment.Job instance at 0x7fa4f39057d0>,53,15,[11  2],54,-1,79,-1,64
1,<environment.Job instance at 0x7fa4f3905dc0>,54,13,[ 1 12],55,-1,77,-1,64
1,<environment.Job instance at 0x7fa4f4656f50>,0,27,[9 5],1,-1,28,-1,1
1,<environment.Job instance at 0x7fa4f3de9230>,5,21,[ 4 10],6,-1,28,-1,7
1,<environment.Job instance at 0x7fa4f4656230>,0,27,[9 5],1,-1,28,-1,1
1,<environment.Job instance at 0x7fa4f4656140>,1,22,[13  5],2,-1,24,-1,2
1,<environment.Job instance at 0x7fa4f4656e10>,2,14,[ 3 13],3,-1,17,-1,3
1,<environment.Job instance at 0x7fa4f4656190>,3,26,[14  2],4,-1,30,-1,4
1,<environment.Job instance at 0x7fa4f3905820>,4,13,[13  4],5,-1,18,-1,5
1,<environment.Job instance at 0x7fa4f4656410>,7,25,[11  1],8,-1,33,-1,8
1,<environment.Job instance at 0x7fa4f3905190>,8,19,[13  3],9,-1,28,-1,9
1,<environment.Job instance at 0x7fa4f39055a0>,10,25,[13  4],11,-1,36,-1,11
1,<environment.Job instance at 0x7fa4f3905dc0>,13,18,[ 2 13],14,-1,32,-1,14
1,<environment.Job instance at 0x7fa4f39056e0>,17,14,[12  2],18,-1,37,-1,23
1,<environment.Job instance at 0x7fa4f39058c0>,18,17,[12  4],19,-1,40,-1,23
1,<environment.Job instance at 0x7fa4f3905690>,19,25,[6 4],20,-1,48,-1,23
1,<environment.Job instance at 0x7fa4f3905550>,6,23,[2 8],7,-1,50,-1,27
1,<environment.Job instance at 0x7fa4f3905280>,22,18,[ 2 13],23,-1,45,-1,27
1,<environment.Job instance at 0x7fa4f3905870>,23,14,[14  2],24,-1,41,-1,27
1,<environment.Job instance at 0x7fa4f3905af0>,24,27,[ 1 12],25,-1,54,-1,27
1,<environment.Job instance at 0x7fa4f4667140>,25,15,[13  4],26,-1,42,-1,27
1,<environment.Job instance at 0x7fa4f4667320>,26,24,[ 4 14],27,-1,51,-1,27
1,<environment.Job instance at 0x7fa4f4667b40>,28,16,[12  5],29,-1,45,-1,29
1,<environment.Job instance at 0x7fa4f4667aa0>,31,19,[ 4 14],32,-1,51,-1,32
1,<environment.Job instance at 0x7fa4f4667a00>,30,23,[3 9],31,-1,58,-1,35
1,<environment.Job instance at 0x7fa4f46675f0>,33,26,[10  3],34,-1,61,-1,35
1,<environment.Job instance at 0x7fa4f4667f00>,34,17,[14  3],35,-1,52,-1,35
1,<environment.Job instance at 0x7fa4f46672d0>,38,22,[ 4 12],39,-1,64,-1,42
1,<environment.Job instance at 0x7fa4f4667c30>,39,25,[8 2],40,-1,81,-1,56
1,<environment.Job instance at 0x7fa4f4667910>,41,27,[6 4],42,-1,83,-1,56
1,<environment.Job instance at 0x7fa4f39a6320>,4,16,[4 6],5,-1,23,-1,7
1,<environment.Job instance at 0x7fa4f39bf6e0>,8,23,[6 4],9,-1,32,-1,9
1,<environment.Job instance at 0x7fa4f3921870>,0,22,[ 3 14],1,-1,23,-1,1
1,<environment.Job instance at 0x7fa4f3921be0>,2,14,[13  1],3,-1,17,-1,3
1,<environment.Job instance at 0x7fa4f39213c0>,3,27,[ 4 14],4,-1,31,-1,4
1,<environment.Job instance at 0x7fa4f3921c30>,7,28,[13  5],8,-1,36,-1,8
1,<environment.Job instance at 0x7fa4f3921050>,8,23,[6 4],9,-1,32,-1,9
1,<environment.Job instance at 0x7fa4f3921b40>,9,21,[ 3 14],10,-1,31,-1,10
1,<environment.Job instance at 0x7fa4f3905c30>,14,26,[12  3],15,-1,45,-1,19
1,<environment.Job instance at 0x7fa4f3905af0>,15,20,[14  4],16,-1,39,-1,19
1,<environment.Job instance at 0x7fa4f3905460>,16,15,[13  2],17,-1,34,-1,19
1,<environment.Job instance at 0x7fa4f39050f0>,17,24,[ 5 13],18,-1,43,-1,19
1,<environment.Job instance at 0x7fa4f3905690>,18,25,[13  5],19,-1,44,-1,19
1,<environment.Job instance at 0x7fa4f39052d0>,19,19,[ 2 13],20,-1,39,-1,20
1,<environment.Job instance at 0x7fa4f3921550>,11,27,[5 5],12,-1,48,-1,21
1,<environment.Job instance at 0x7fa4f3921b90>,13,25,[5 5],14,-1,46,-1,21
1,<environment.Job instance at 0x7fa4f39050a0>,21,19,[14  2],22,-1,41,-1,22
1,<environment.Job instance at 0x7fa4f3905dc0>,22,18,[14  4],23,-1,41,-1,23
1,<environment.Job instance at 0x7fa4f39055f0>,23,14,[14  2],24,-1,38,-1,24
1,<environment.Job instance at 0x7fa4f3905fa0>,20,25,[8 3],21,-1,60,-1,35
1,<environment.Job instance at 0x7fa4f39054b0>,28,27,[1 9],29,-1,62,-1,35
1,<environment.Job instance at 0x7fa4f3905730>,29,27,[14  4],30,-1,62,-1,35
1,<environment.Job instance at 0x7fa4f3905f00>,31,26,[ 5 14],32,-1,61,-1,35
1,<environment.Job instance at 0x7fa4f3905e10>,32,26,[ 2 13],33,-1,61,-1,35
1,<environment.Job instance at 0x7fa4f3e20eb0>,34,25,[ 4 10],35,-1,63,-1,38
1,<environment.Job instance at 0x7fa4f3e20cd0>,35,26,[7 1],36,-1,64,-1,38
1,<environment.Job instance at 0x7fa4f3fd20f0>,37,17,[ 4 13],38,-1,55,-1,38
1,<environment.Job instance at 0x7fa4f39e5fa0>,40,27,[13  4],41,-1,75,-1,48
1,<environment.Job instance at 0x7fa4f3898230>,41,17,[13  4],42,-1,65,-1,48
1,<environment.Job instance at 0x7fa4f39a6230>,42,13,[14  2],43,-1,61,-1,48
1,<environment.Job instance at 0x7fa4f39a6550>,44,24,[10  1],45,-1,76,-1,52
1,<environment.Job instance at 0x7fa4f3e80e60>,48,26,[14  2],49,-1,91,-1,65
1,<environment.Job instance at 0x7fa4f3e80050>,49,25,[13  4],50,-1,90,-1,65
1,<environment.Job instance at 0x7fa4f3e80aa0>,50,27,[6 1],51,-1,93,-1,66
1,<environment.Job instance at 0x7fa4f3e802d0>,51,26,[ 3 14],52,-1,92,-1,66
1,<environment.Job instance at 0x7fa4f3aec820>,53,16,[12  2],54,-1,82,-1,66
1,<environment.Job instance at 0x7fa4f3aeccd0>,54,17,[ 4 11],55,-1,83,-1,66
1,<environment.Job instance at 0x7fa4f3ff5460>,3,18,[4 9],4,-1,22,-1,4
1,<environment.Job instance at 0x7fa4f3ff5fa0>,13,16,[12  4],14,-1,36,-1,20
1,<environment.Job instance at 0x7fa4f3ff5a00>,10,28,[ 5 10],11,-1,48,-1,20
1,<environment.Job instance at 0x7fa4f3ff5b40>,12,23,[14  5],13,-1,43,-1,20
1,<environment.Job instance at 0x7fa4f3ff5730>,11,27,[11  5],12,-1,47,-1,20
1,<environment.Job instance at 0x7fa4f3a3e3c0>,1,22,[ 4 12],2,-1,24,-1,2
1,<environment.Job instance at 0x7fa4f3fd20f0>,4,27,[12  1],5,-1,32,-1,5
1,<environment.Job instance at 0x7fa4f3905910>,5,18,[14  5],6,-1,24,-1,6
1,<environment.Job instance at 0x7fa4f3905820>,6,13,[ 5 11],7,-1,20,-1,7
1,<environment.Job instance at 0x7fa4f3905370>,7,27,[12  2],8,-1,35,-1,8
1,<environment.Job instance at 0x7fa4f3905870>,11,27,[11  5],12,-1,39,-1,12
1,<environment.Job instance at 0x7fa4f3905640>,12,23,[14  5],13,-1,36,-1,13
1,<environment.Job instance at 0x7fa4f3905dc0>,13,16,[12  4],14,-1,30,-1,14
1,<environment.Job instance at 0x7fa4f3905fa0>,15,27,[12  4],16,-1,43,-1,16
1,<environment.Job instance at 0x7fa4f39058c0>,16,20,[ 5 12],17,-1,37,-1,17
1,<environment.Job instance at 0x7fa4f39051e0>,17,28,[12  4],18,-1,46,-1,18
1,<environment.Job instance at 0x7fa4f3905050>,18,16,[ 1 14],19,-1,35,-1,19
1,<environment.Job instance at 0x7fa4f39055a0>,9,27,[5 1],10,-1,49,-1,22
1,<environment.Job instance at 0x7fa4f3905af0>,21,28,[13  3],22,-1,50,-1,22
1,<environment.Job instance at 0x7fa4f3905280>,22,22,[ 3 11],23,-1,45,-1,23
1,<environment.Job instance at 0x7fa4f3921f50>,23,21,[ 2 13],24,-1,45,-1,24
1,<environment.Job instance at 0x7fa4f3905aa0>,25,26,[13  3],26,-1,52,-1,26
1,<environment.Job instance at 0x7fa4f39054b0>,10,28,[ 5 10],11,-1,60,-1,32
1,<environment.Job instance at 0x7fa4f3921410>,26,24,[8 2],27,-1,56,-1,32
1,<environment.Job instance at 0x7fa4f3921b90>,28,12,[11  1],29,-1,44,-1,32
1,<environment.Job instance at 0x7fa4f3921640>,29,17,[11  3],30,-1,49,-1,32
1,<environment.Job instance at 0x7fa4f3921d20>,30,16,[12  1],31,-1,48,-1,32
1,<environment.Job instance at 0x7fa4f3921e10>,31,15,[ 4 13],32,-1,47,-1,32
1,<environment.Job instance at 0x7fa4f3921a50>,32,28,[13  1],33,-1,61,-1,33
1,<environment.Job instance at 0x7fa4f3921cd0>,33,24,[ 4 13],34,-1,58,-1,34
1,<environment.Job instance at 0x7fa4f3921370>,34,18,[ 1 11],35,-1,53,-1,35
1,<environment.Job instance at 0x7fa4f4acc2d0>,36,14,[12  5],37,-1,51,-1,37
1,<environment.Job instance at 0x7fa4f403ff00>,37,21,[13  2],38,-1,59,-1,38
1,<environment.Job instance at 0x7fa4f3fdd690>,39,28,[13  2],40,-1,68,-1,40
1,<environment.Job instance at 0x7fa4f3fdda00>,41,24,[2 6],42,-1,70,-1,46
1,<environment.Job instance at 0x7fa4f3ff51e0>,42,13,[ 5 12],43,-1,59,-1,46
1,<environment.Job instance at 0x7fa4f4d5fc30>,43,20,[ 2 11],44,-1,66,-1,46
1,<environment.Job instance at 0x7fa4f3ff5140>,45,14,[11  2],46,-1,60,-1,46
1,<environment.Job instance at 0x7fa4f4d340a0>,50,25,[ 5 14],51,-1,85,-1,60
1,<environment.Job instance at 0x7fa4f4d34460>,51,17,[ 1 13],52,-1,77,-1,60
1,<environment.Job instance at 0x7fa4f4d348c0>,52,16,[ 1 13],53,-1,76,-1,60
1,<environment.Job instance at 0x7fa4f4401c80>,2,20,[8 5],3,-1,24,-1,4
1,<environment.Job instance at 0x7fa4f4401be0>,5,18,[3 7],6,-1,24,-1,6
1,<environment.Job instance at 0x7fa4f44010a0>,7,18,[10  1],8,-1,26,-1,8
1,<environment.Job instance at 0x7fa4f4401410>,8,20,[2 7],9,-1,29,-1,9
1,<environment.Job instance at 0x7fa4f4115690>,0,14,[ 4 13],1,-1,15,-1,1
1,<environment.Job instance at 0x7fa4f4b76f00>,1,23,[ 5 12],2,-1,25,-1,2
1,<environment.Job instance at 0x7fa4f4b76140>,3,27,[ 5 10],4,-1,31,-1,4
1,<environment.Job instance at 0x7fa4f462d410>,4,13,[13  5],5,-1,18,-1,5
1,<environment.Job instance at 0x7fa4f4adf230>,6,18,[ 4 14],7,-1,25,-1,7
1,<environment.Job instance at 0x7fa4f4adf820>,9,17,[12  2],10,-1,27,-1,10
1,<environment.Job instance at 0x7fa4f3dfa820>,13,23,[1 5],14,-1,46,-1,23
1,<environment.Job instance at 0x7fa4f3dfa0f0>,14,27,[2 8],15,-1,50,-1,23
1,<environment.Job instance at 0x7fa4f3dfaaa0>,17,14,[11  4],18,-1,37,-1,23
1,<environment.Job instance at 0x7fa4f3dfafa0>,18,14,[14  5],19,-1,37,-1,23
1,<environment.Job instance at 0x7fa4f3dfa960>,20,18,[ 4 11],21,-1,53,-1,35
1,<environment.Job instance at 0x7fa4f3dfa5f0>,21,18,[ 3 12],22,-1,53,-1,35
1,<environment.Job instance at 0x7fa4f3dfad20>,23,24,[13  4],24,-1,63,-1,39
1,<environment.Job instance at 0x7fa4f3dfa500>,24,19,[ 2 13],25,-1,58,-1,39
1,<environment.Job instance at 0x7fa4f3dfaeb0>,26,14,[13  4],27,-1,65,-1,51
1,<environment.Job instance at 0x7fa4f3dfac30>,27,15,[13  3],28,-1,66,-1,51
1,<environment.Job instance at 0x7fa4f3dfa0a0>,28,12,[ 5 11],29,-1,63,-1,51
1,<environment.Job instance at 0x7fa4f3dfac80>,29,25,[5 1],30,-1,76,-1,51
1,<environment.Job instance at 0x7fa4f3dfad70>,31,14,[14  2],32,-1,65,-1,51
1,<environment.Job instance at 0x7fa4f45d4370>,32,25,[8 5],33,-1,93,-1,68
1,<environment.Job instance at 0x7fa4f45d4dc0>,34,15,[14  4],35,-1,83,-1,68
1,<environment.Job instance at 0x7fa4f45d40a0>,36,25,[ 2 13],37,-1,93,-1,68
1,<environment.Job instance at 0x7fa4f45d4c30>,37,15,[ 5 12],38,-1,83,-1,68
1,<environment.Job instance at 0x7fa4f45d4b40>,38,26,[11  4],39,-1,94,-1,68
1,<environment.Job instance at 0x7fa4f45d4f00>,39,21,[12  2],40,-1,89,-1,68
1,<environment.Job instance at 0x7fa4f45d4eb0>,40,25,[6 2],41,-1,93,-1,68
1,<environment.Job instance at 0x7fa4f45d4af0>,41,23,[5 5],42,-1,91,-1,68
1,<environment.Job instance at 0x7fa4f45d4870>,43,17,[ 4 12],44,-1,85,-1,68
1,<environment.Job instance at 0x7fa4fd841fa0>,45,14,[ 5 13],46,-1,83,-1,69
1,<environment.Job instance at 0x7fa4fd8417d0>,47,22,[ 4 13],48,-1,91,-1,69
1,<environment.Job instance at 0x7fa4f42dbd20>,9,27,[13  2],10,-1,82,-1,55
1,<environment.Job instance at 0x7fa4fd5c8b40>,15,17,[11  2],16,-1,74,-1,57
1,<environment.Job instance at 0x7fa4f434f2d0>,16,12,[12  5],17,-1,72,-1,60
1,<environment.Job instance at 0x7fa4f4b63f00>,3,16,[13  4],4,-1,76,-1,60
1,<environment.Job instance at 0x7fa4f434f370>,18,22,[8 2],19,-1,82,-1,60
1,<environment.Job instance at 0x7fa4f3e5c640>,17,22,[11  3],18,-1,82,-1,60
1,<environment.Job instance at 0x7fa4f3e5c5a0>,20,23,[2 9],21,-1,85,-1,62
1,<environment.Job instance at 0x7fa4f3e5c960>,21,17,[2 7],22,-1,79,-1,62
1,<environment.Job instance at 0x7fa4f3e5c690>,22,23,[8 3],23,-1,85,-1,62
1,<environment.Job instance at 0x7fa4f3e5cdc0>,19,13,[5 8],20,-1,75,-1,62
1,<environment.Job instance at 0x7fa4f3c3f410>,1,18,[ 1 12],2,-1,20,-1,2
1,<environment.Job instance at 0x7fa4f3c3fb40>,2,24,[6 3],3,-1,27,-1,3
1,<environment.Job instance at 0x7fa4f3c3fe10>,3,16,[13  4],4,-1,20,-1,4
1,<environment.Job instance at 0x7fa4f3c3f9b0>,4,12,[ 5 11],5,-1,17,-1,5
1,<environment.Job instance at 0x7fa4f3c3f820>,6,19,[ 2 11],7,-1,26,-1,7
1,<environment.Job instance at 0x7fa4f3c3f2d0>,8,23,[11  4],9,-1,32,-1,9
1,<environment.Job instance at 0x7fa4f3e85870>,9,27,[13  2],10,-1,37,-1,10
1,<environment.Job instance at 0x7fa4f3e85460>,10,15,[11  4],11,-1,26,-1,11
1,<environment.Job instance at 0x7fa4f3e85910>,12,26,[14  3],13,-1,39,-1,13
1,<environment.Job instance at 0x7fa4f3e855a0>,13,17,[14  4],14,-1,31,-1,14
1,<environment.Job instance at 0x7fa4f3c3f0f0>,7,26,[6 3],8,-1,42,-1,16
1,<environment.Job instance at 0x7fa4f3c3fc30>,15,17,[11  2],16,-1,33,-1,16
1,<environment.Job instance at 0x7fa4fd841aa0>,16,12,[12  5],17,-1,29,-1,17
1,<environment.Job instance at 0x7fa4f45d4870>,17,22,[11  3],18,-1,40,-1,18
1,<environment.Job instance at 0x7fa4f45d4c30>,23,13,[13  3],24,-1,37,-1,24
1,<environment.Job instance at 0x7fa4f45d4280>,24,25,[ 1 14],25,-1,50,-1,25
1,<environment.Job instance at 0x7fa4f45d4dc0>,25,19,[13  1],26,-1,45,-1,26
1,<environment.Job instance at 0x7fa4f45d4f50>,26,15,[12  3],27,-1,42,-1,27
1,<environment.Job instance at 0x7fa4f45d43c0>,27,24,[ 1 11],28,-1,52,-1,28
1,<environment.Job instance at 0x7fa4f45d4730>,29,26,[5 5],30,-1,63,-1,37
1,<environment.Job instance at 0x7fa4f45d4d20>,28,27,[10  4],29,-1,68,-1,41
1,<environment.Job instance at 0x7fa4f3dfa320>,31,19,[13  1],32,-1,60,-1,41
1,<environment.Job instance at 0x7fa4f3dfa780>,32,16,[11  1],33,-1,57,-1,41
1,<environment.Job instance at 0x7fa4f3dfa1e0>,33,28,[ 4 11],34,-1,69,-1,41
1,<environment.Job instance at 0x7fa4f3dfa280>,35,24,[13  5],36,-1,65,-1,41
1,<environment.Job instance at 0x7fa4f3dfa730>,36,26,[12  1],37,-1,67,-1,41
1,<environment.Job instance at 0x7fa4f45d40a0>,22,23,[8 3],23,-1,64,-1,41
1,<environment.Job instance at 0x7fa4f3dfa2d0>,39,17,[ 2 13],40,-1,58,-1,41
1,<environment.Job instance at 0x7fa4fd841fa0>,20,23,[2 9],21,-1,74,-1,51
1,<environment.Job instance at 0x7fa4f3dfa550>,43,15,[14  1],44,-1,66,-1,51
1,<environment.Job instance at 0x7fa4f3dfa190>,41,26,[7 1],42,-1,79,-1,53
1,<environment.Job instance at 0x7fa4f3dfadc0>,45,17,[14  2],46,-1,70,-1,53
1,<environment.Job instance at 0x7fa4f3dfa0f0>,46,20,[11  4],47,-1,73,-1,53
1,<environment.Job instance at 0x7fa4f38e5140>,50,14,[ 4 13],51,-1,78,-1,64
1,<environment.Job instance at 0x7fa4f4115690>,51,23,[ 5 14],52,-1,87,-1,64
1,<environment.Job instance at 0x7fa4f462dfa0>,52,23,[13  5],53,-1,87,-1,64
1,<environment.Job instance at 0x7fa4f42db2d0>,53,22,[ 2 14],54,-1,86,-1,64
1,<environment.Job instance at 0x7fa4f4b76f00>,54,17,[13  4],55,-1,81,-1,64
1,<environment.Job instance at 0x7fa4f3dfa820>,49,23,[5 6],50,-1,87,-1,64
1,<environment.Job instance at 0x7fa4f4adf550>,57,24,[ 4 13],58,-1,88,-1,64
1,<environment.Job instance at 0x7fa4f4adfb40>,58,28,[12  2],59,-1,92,-1,64
1,<environment.Job instance at 0x7fa4f4adf190>,56,23,[9 1],57,-1,90,-1,67
1,<environment.Job instance at 0x7fa4f4adf5f0>,62,14,[12  1],63,-1,81,-1,67
1,<environment.Job instance at 0x7fa4f4cb1a50>,5,20,[3 7],6,-1,27,-1,7
1,<environment.Job instance at 0x7fa4f411b6e0>,7,17,[8 3],8,-1,25,-1,8
1,<environment.Job instance at 0x7fa4f411b5f0>,9,18,[2 7],10,-1,28,-1,10
1,<environment.Job instance at 0x7fa4f411be10>,12,24,[12  5],13,-1,49,-1,25
1,<environment.Job instance at 0x7fa4f36ea960>,15,28,[12  2],16,-1,60,-1,32
1,<environment.Job instance at 0x7fa4f36ea820>,17,26,[ 4 12],18,-1,61,-1,35
1,<environment.Job instance at 0x7fa4fd7421e0>,19,13,[11  2],20,-1,48,-1,35
1,<environment.Job instance at 0x7fa4f4cb10f0>,6,26,[3 7],7,-1,61,-1,35
1,<environment.Job instance at 0x7fa4f3d85d70>,22,16,[9 3],23,-1,51,-1,35
1,<environment.Job instance at 0x7fa4fd8418c0>,23,23,[ 4 13],24,-1,58,-1,35
1,<environment.Job instance at 0x7fa4f411b5a0>,13,26,[ 5 10],14,-1,61,-1,35
1,<environment.Job instance at 0x7fa4f411b2d0>,10,25,[12  2],11,-1,70,-1,45
1,<environment.Job instance at 0x7fa4f4171f50>,24,13,[ 5 14],25,-1,60,-1,47
1,<environment.Job instance at 0x7fa4f36eaaa0>,21,15,[6 3],22,-1,67,-1,52
1,<environment.Job instance at 0x7fa4f345ae60>,27,17,[ 1 10],28,-1,72,-1,55
1,<environment.Job instance at 0x7fa4f4171c80>,26,22,[13  1],27,-1,77,-1,55
1,<environment.Job instance at 0x7fa4f47f02d0>,33,18,[13  4],34,-1,79,-1,61
1,<environment.Job instance at 0x7fa4f3cbeb40>,34,27,[8 5],35,-1,88,-1,61
1,<environment.Job instance at 0x7fa4f350d280>,0,18,[11  2],1,-1,19,-1,1
1,<environment.Job instance at 0x7fa4f483dcd0>,1,25,[ 1 10],2,-1,27,-1,2
1,<environment.Job instance at 0x7fa4f3fd5460>,2,20,[ 2 12],3,-1,23,-1,3
1,<environment.Job instance at 0x7fa4f3e4b780>,3,20,[13  1],4,-1,24,-1,4
1,<environment.Job instance at 0x7fa4f44aed20>,10,25,[12  2],11,-1,36,-1,11
1,<environment.Job instance at 0x7fa4f4493690>,11,22,[11  3],12,-1,34,-1,12
1,<environment.Job instance at 0x7fa4f4493e60>,12,24,[12  5],13,-1,37,-1,13
1,<environment.Job instance at 0x7fa4f44aea50>,6,26,[3 7],7,-1,51,-1,25
1,<environment.Job instance at 0x7fa4f44935f0>,15,28,[12  2],16,-1,53,-1,25
1,<environment.Job instance at 0x7fa4f44936e0>,16,21,[ 4 12],17,-1,46,-1,25
1,<environment.Job instance at 0x7fa4f44865f0>,17,26,[ 4 12],18,-1,51,-1,25
1,<environment.Job instance at 0x7fa4f4486500>,19,13,[11  2],20,-1,38,-1,25
1,<environment.Job instance at 0x7fa4f44b5730>,20,13,[ 5 13],21,-1,38,-1,25
1,<environment.Job instance at 0x7fa4f44b5870>,23,23,[ 4 13],24,-1,48,-1,25
1,<environment.Job instance at 0x7fa4f44bd0f0>,24,13,[ 5 14],25,-1,38,-1,25
1,<environment.Job instance at 0x7fa4f44bd910>,26,22,[13  1],27,-1,61,-1,39
1,<environment.Job instance at 0x7fa4f448d2d0>,28,27,[ 1 13],29,-1,67,-1,40
1,<environment.Job instance at 0x7fa4f448d780>,29,17,[ 5 12],30,-1,57,-1,40
1,<environment.Job instance at 0x7fa4f4069f00>,13,26,[ 5 10],14,-1,68,-1,42
1,<environment.Job instance at 0x7fa4f4497af0>,32,21,[11  5],33,-1,63,-1,42
1,<environment.Job instance at 0x7fa4f4497aa0>,33,18,[13  4],34,-1,60,-1,42
1,<environment.Job instance at 0x7fa4f448d7d0>,30,23,[8 4],31,-1,79,-1,56
1,<environment.Job instance at 0x7fa4f4484f00>,35,12,[ 5 13],36,-1,68,-1,56
1,<environment.Job instance at 0x7fa4f4484460>,34,27,[8 5],35,-1,83,-1,56
1,<environment.Job instance at 0x7fa4f4484e60>,37,20,[ 5 13],38,-1,76,-1,56
1,<environment.Job instance at 0x7fa4f42338c0>,38,19,[ 2 14],39,-1,75,-1,56
1,<environment.Job instance at 0x7fa4f4233cd0>,39,20,[13  2],40,-1,76,-1,56
1,<environment.Job instance at 0x7fa4f43a1f50>,40,16,[ 2 14],41,-1,72,-1,56
1,<environment.Job instance at 0x7fa4f43a1e60>,41,26,[7 3],42,-1,82,-1,56
1,<environment.Job instance at 0x7fa4f43a1d20>,42,16,[ 3 13],43,-1,72,-1,56
1,<environment.Job instance at 0x7fa4f43a1dc0>,43,28,[ 5 10],44,-1,84,-1,56
1,<environment.Job instance at 0x7fa4f44b43c0>,44,22,[14  1],45,-1,78,-1,56
1,<environment.Job instance at 0x7fa4f4826a50>,46,15,[ 1 12],47,-1,71,-1,56
1,<environment.Job instance at 0x7fa4f39c5d20>,50,14,[13  5],51,-1,71,-1,57
1,<environment.Job instance at 0x7fa4f3e3a3c0>,0,18,[7 4],1,-1,19,-1,1
1,<environment.Job instance at 0x7fa4f3f11f00>,1,26,[5 3],2,-1,28,-1,2
1,<environment.Job instance at 0x7fa4f3f11230>,6,20,[2 9],7,-1,27,-1,7
1,<environment.Job instance at 0x7fa4f3f11500>,8,24,[4 6],9,-1,33,-1,9
1,<environment.Job instance at 0x7fa4f3f11870>,10,20,[12  3],11,-1,44,-1,24
1,<environment.Job instance at 0x7fa4f3ef63c0>,18,25,[ 4 10],19,-1,57,-1,32
1,<environment.Job instance at 0x7fa4f3ef6140>,19,26,[3 6],20,-1,61,-1,35
1,<environment.Job instance at 0x7fa4f3ef6e60>,20,16,[6 3],21,-1,51,-1,35
1,<environment.Job instance at 0x7fa4f3ef64b0>,21,14,[11  5],22,-1,49,-1,35
1,<environment.Job instance at 0x7fa4f3ca20f0>,1,26,[5 3],2,-1,28,-1,2
1,<environment.Job instance at 0x7fa4f47ea870>,2,27,[13  5],3,-1,30,-1,3
1,<environment.Job instance at 0x7fa4f3a19c30>,3,28,[ 3 14],4,-1,32,-1,4
1,<environment.Job instance at 0x7fa4f40a45f0>,4,21,[ 4 11],5,-1,26,-1,5
1,<environment.Job instance at 0x7fa4f40a4aa0>,5,18,[ 3 12],6,-1,24,-1,6
1,<environment.Job instance at 0x7fa4f40a4640>,7,26,[14  5],8,-1,34,-1,8
1,<environment.Job instance at 0x7fa4f40a4460>,9,18,[13  1],10,-1,28,-1,10
1,<environment.Job instance at 0x7fa4f3c921e0>,10,20,[12  3],11,-1,31,-1,11
1,<environment.Job instance at 0x7fa4f3c924b0>,11,17,[ 5 14],12,-1,29,-1,12
1,<environment.Job instance at 0x7fa4f3c92460>,13,24,[5 1],14,-1,38,-1,14
1,<environment.Job instance at 0x7fa4f3c9ba50>,15,16,[ 2 13],16,-1,32,-1,16
1,<environment.Job instance at 0x7fa4f3c92aa0>,16,17,[12  3],17,-1,34,-1,17
1,<environment.Job instance at 0x7fa4f3fd7500>,17,14,[14  1],18,-1,32,-1,18
1,<environment.Job instance at 0x7fa4f4076550>,8,24,[4 6],9,-1,43,-1,19
1,<environment.Job instance at 0x7fa4f4076dc0>,12,24,[8 5],13,-1,43,-1,19
1,<environment.Job instance at 0x7fa4f47f0d70>,21,14,[11  5],22,-1,36,-1,22
1,<environment.Job instance at 0x7fa4f45e6b90>,22,24,[ 4 12],23,-1,47,-1,23
1,<environment.Job instance at 0x7fa4f45e6aa0>,24,25,[12  2],25,-1,50,-1,25
1,<environment.Job instance at 0x7fa4f45e4960>,19,26,[3 6],20,-1,53,-1,27
1,<environment.Job instance at 0x7fa4f3c9b5f0>,23,23,[1 6],24,-1,50,-1,27
1,<environment.Job instance at 0x7fa4f45e6910>,26,24,[13  1],27,-1,51,-1,27
1,<environment.Job instance at 0x7fa4f45e0230>,27,13,[11  1],28,-1,41,-1,28
1,<environment.Job instance at 0x7fa4f4c7ef00>,29,16,[13  1],30,-1,46,-1,30
1,<environment.Job instance at 0x7fa4f3fafa50>,32,21,[11  4],33,-1,54,-1,33
1,<environment.Job instance at 0x7fa4f45dc870>,33,13,[13  5],34,-1,47,-1,34
1,<environment.Job instance at 0x7fa4f3faf320>,34,16,[ 5 13],35,-1,51,-1,35
1,<environment.Job instance at 0x7fa4f3c6dc30>,37,12,[14  2],38,-1,63,-1,51
1,<environment.Job instance at 0x7fa4f3c6db40>,38,23,[5 5],39,-1,74,-1,51
1,<environment.Job instance at 0x7fa4f4826a50>,39,23,[ 3 13],40,-1,74,-1,51
1,<environment.Job instance at 0x7fa4f4826f00>,40,14,[ 4 12],41,-1,65,-1,51
1,<environment.Job instance at 0x7fa4f417b870>,43,13,[13  2],44,-1,64,-1,51
1,<environment.Job instance at 0x7fa4f4a3a5a0>,44,18,[13  5],45,-1,69,-1,51
1,<environment.Job instance at 0x7fa4f4711190>,45,26,[2 5],46,-1,77,-1,51
1,<environment.Job instance at 0x7fa4f3fd75a0>,18,25,[ 4 10],19,-1,77,-1,52
1,<environment.Job instance at 0x7fa4f45c2f00>,48,16,[11  2],49,-1,68,-1,52
1,<environment.Job instance at 0x7fa4f45dc3c0>,35,27,[ 1 10],36,-1,79,-1,52
1,<environment.Job instance at 0x7fa4f45c2780>,50,23,[4 9],51,-1,75,-1,52
1,<environment.Job instance at 0x7fa4f45c2730>,51,24,[5 2],52,-1,76,-1,52
1,<environment.Job instance at 0x7fa4f45c2690>,53,17,[ 1 14],54,-1,80,-1,63
1,<environment.Job instance at 0x7fa4f45c2a50>,54,25,[ 2 11],55,-1,88,-1,63
1,<environment.Job instance at 0x7fa4f4732140>,55,19,[11  3],56,-1,82,-1,63
1,<environment.Job instance at 0x7fa4f45c2140>,49,28,[8 2],50,-1,91,-1,63
1,<environment.Job instance at 0x7fa4f45f7870>,60,13,[ 1 12],61,-1,81,-1,68
1,<environment.Job instance at 0x7fa4f3e64050>,61,16,[ 2 12],62,-1,84,-1,68
1,<environment.Job instance at 0x7fa4f3e640a0>,62,27,[ 3 11],63,-1,95,-1,68
1,<environment.Job instance at 0x7fa4f3fbf230>,63,21,[ 3 13],64,-1,89,-1,68
1,<environment.Job instance at 0x7fa4f41a08c0>,65,21,[ 4 14],66,-1,89,-1,68
1,<environment.Job instance at 0x7fa4f41a07d0>,66,13,[14  2],67,-1,81,-1,68
1,<environment.Job instance at 0x7fa4f3575140>,67,16,[ 4 14],68,-1,84,-1,68
1,<environment.Job instance at 0x7fa4f4990f00>,1,14,[10  4],2,-1,17,-1,3
1,<environment.Job instance at 0x7fa4f4cb1d70>,3,20,[8 4],4,-1,24,-1,4
1,<environment.Job instance at 0x7fa4f4cb14b0>,4,27,[1 9],5,-1,32,-1,5
1,<environment.Job instance at 0x7fa4f4cb1be0>,6,27,[1 6],7,-1,34,-1,7
1,<environment.Job instance at 0x7fa4f4cb1320>,7,27,[8 5],8,-1,35,-1,8
1,<environment.Job instance at 0x7fa4f4cb19b0>,8,19,[6 5],9,-1,28,-1,9
1,<environment.Job instance at 0x7fa4f3ed14b0>,12,17,[3 5],13,-1,30,-1,13
1,<environment.Job instance at 0x7fa4f3ed1910>,14,27,[5 2],15,-1,42,-1,15
1,<environment.Job instance at 0x7fa4f4a3ac30>,0,24,[3 9],1,-1,25,-1,1
1,<environment.Job instance at 0x7fa4fd5426e0>,2,17,[ 3 11],3,-1,20,-1,3
1,<environment.Job instance at 0x7fa4f4a3a5f0>,4,27,[1 9],5,-1,32,-1,5
1,<environment.Job instance at 0x7fa4f3c9b6e0>,5,25,[ 2 12],6,-1,31,-1,6
1,<environment.Job instance at 0x7fa4f3c9b690>,6,27,[1 6],7,-1,34,-1,7
1,<environment.Job instance at 0x7fa4f3a19c30>,9,17,[ 1 11],10,-1,27,-1,10
1,<environment.Job instance at 0x7fa4f3ca20f0>,10,13,[ 3 14],11,-1,24,-1,11
1,<environment.Job instance at 0x7fa4f4cc9aa0>,13,16,[11  2],14,-1,30,-1,14
1,<environment.Job instance at 0x7fa4f3c921e0>,15,13,[13  5],16,-1,29,-1,16
1,<environment.Job instance at 0x7fa4f3c92d70>,7,27,[8 5],8,-1,43,-1,16
1,<environment.Job instance at 0x7fa4f3c92460>,14,27,[5 2],15,-1,43,-1,16
1,<environment.Job instance at 0x7fa4f3801be0>,16,17,[13  3],17,-1,34,-1,17
1,<environment.Job instance at 0x7fa4f4171140>,18,13,[14  3],19,-1,32,-1,19
1,<environment.Job instance at 0x7fa4f3f03140>,19,26,[ 2 12],20,-1,46,-1,20
1,<environment.Job instance at 0x7fa4f41718c0>,17,26,[10  5],18,-1,53,-1,27
1,<environment.Job instance at 0x7fa4f4d6e2d0>,22,24,[4 6],23,-1,51,-1,27
1,<environment.Job instance at 0x7fa4f4d6eb90>,23,15,[ 2 13],24,-1,42,-1,27
1,<environment.Job instance at 0x7fa4f4d6ef50>,24,18,[11  2],25,-1,45,-1,27
1,<environment.Job instance at 0x7fa4f4d6ed20>,20,26,[4 5],21,-1,53,-1,27
1,<environment.Job instance at 0x7fa4f4d6ef00>,27,18,[14  1],28,-1,46,-1,28
1,<environment.Job instance at 0x7fa4f4d6ec30>,28,23,[ 1 11],29,-1,52,-1,29
1,<environment.Job instance at 0x7fa4f4d6e4b0>,29,19,[ 3 12],30,-1,49,-1,30
1,<environment.Job instance at 0x7fa4f4d6ea50>,33,13,[ 3 11],34,-1,62,-1,49
1,<environment.Job instance at 0x7fa4f4d6e0a0>,36,15,[11  2],37,-1,68,-1,53
1,<environment.Job instance at 0x7fa4f4d6e7d0>,35,25,[5 3],36,-1,86,-1,61
1,<environment.Job instance at 0x7fa4f34e27d0>,38,25,[7 2],39,-1,90,-1,65
1,<environment.Job instance at 0x7fa4f34e23c0>,39,18,[ 5 12],40,-1,83,-1,65
1,<environment.Job instance at 0x7fa4f34e2e10>,40,12,[ 3 12],41,-1,77,-1,65
1,<environment.Job instance at 0x7fa4f34e2b90>,41,15,[11  5],42,-1,80,-1,65
1,<environment.Job instance at 0x7fa4f34e2cd0>,43,16,[13  2],44,-1,81,-1,65
1,<environment.Job instance at 0x7fa4f34e2af0>,44,12,[13  3],45,-1,77,-1,65
1,<environment.Job instance at 0x7fa4f34e2f00>,45,16,[11  5],46,-1,81,-1,65
1,<environment.Job instance at 0x7fa4f3adf5a0>,0,15,[9 1],1,-1,17,-1,2
1,<environment.Job instance at 0x7fa4f34d1280>,2,18,[8 1],3,-1,21,-1,3
1,<environment.Job instance at 0x7fa4f34d1320>,3,24,[9 1],4,-1,29,-1,5
1,<environment.Job instance at 0x7fa4f34d1460>,5,23,[ 3 10],6,-1,29,-1,6
1,<environment.Job instance at 0x7fa4f34d1500>,6,20,[10  4],7,-1,27,-1,7
1,<environment.Job instance at 0x7fa4f34d15a0>,7,23,[9 5],8,-1,31,-1,8
1,<environment.Job instance at 0x7fa4f34d1a50>,13,27,[1 7],14,-1,41,-1,14
1,<environment.Job instance at 0x7fa4f34d1af0>,14,18,[6 3],15,-1,33,-1,15
1,<environment.Job instance at 0x7fa4f34d1be0>,16,22,[10  3],17,-1,40,-1,18
1,<environment.Job instance at 0x7fa4f34d1dc0>,18,13,[2 7],19,-1,32,-1,19
1,<environment.Job instance at 0x7fa4f36eaf50>,1,19,[14  4],2,-1,21,-1,2
1,<environment.Job instance at 0x7fa4f36ea500>,4,14,[ 5 13],5,-1,19,-1,5
1,<environment.Job instance at 0x7fa4f36eaf00>,5,23,[ 3 10],6,-1,29,-1,6
1,<environment.Job instance at 0x7fa4f34e29b0>,8,27,[ 5 12],9,-1,36,-1,9
1,<environment.Job instance at 0x7fa4f36eac30>,3,24,[9 1],4,-1,40,-1,16
1,<environment.Job instance at 0x7fa4f34e26e0>,10,27,[ 3 13],11,-1,43,-1,16
1,<environment.Job instance at 0x7fa4f34e2320>,12,18,[11  3],13,-1,34,-1,16
1,<environment.Job instance at 0x7fa4f34e2c30>,13,27,[1 7],14,-1,43,-1,16
1,<environment.Job instance at 0x7fa4f36eafa0>,7,23,[9 5],8,-1,39,-1,16
1,<environment.Job instance at 0x7fa4f34e2960>,15,18,[ 3 12],16,-1,34,-1,16
1,<environment.Job instance at 0x7fa4f34e2dc0>,19,15,[ 4 13],20,-1,44,-1,29
1,<environment.Job instance at 0x7fa4f34e2b40>,21,25,[9 1],22,-1,59,-1,34
1,<environment.Job instance at 0x7fa4f34e2820>,22,17,[ 5 14],23,-1,51,-1,34
1,<environment.Job instance at 0x7fa4f34e2460>,23,14,[13  1],24,-1,48,-1,34
1,<environment.Job instance at 0x7fa4f34e25f0>,25,15,[ 5 14],26,-1,49,-1,34
1,<environment.Job instance at 0x7fa4f34e2910>,27,18,[ 1 14],28,-1,52,-1,34
1,<environment.Job instance at 0x7fa4f34e2780>,28,16,[12  4],29,-1,50,-1,34
1,<environment.Job instance at 0x7fa4f4d6e050>,30,24,[ 3 12],31,-1,58,-1,34
1,<environment.Job instance at 0x7fa4f4d6ee10>,33,28,[14  2],34,-1,70,-1,42
1,<environment.Job instance at 0x7fa4f4d6efa0>,35,13,[ 5 12],36,-1,55,-1,42
1,<environment.Job instance at 0x7fa4f4d6e500>,36,22,[ 5 14],37,-1,64,-1,42
1,<environment.Job instance at 0x7fa4f4d6ec30>,37,26,[8 5],38,-1,95,-1,69
1,<environment.Job instance at 0x7fa4f3f03140>,40,13,[13  5],41,-1,82,-1,69
1,<environment.Job instance at 0x7fa4f3801a00>,41,14,[ 2 13],42,-1,83,-1,69
1,<environment.Job instance at 0x7fa4f4d6eaf0>,42,23,[ 3 14],43,-1,92,-1,69
1,<environment.Job instance at 0x7fa4f4d6ec80>,43,16,[13  3],44,-1,85,-1,69
1,<environment.Job instance at 0x7fa4f4171fa0>,45,15,[ 2 13],46,-1,84,-1,69
1,<environment.Job instance at 0x7fa4f4171820>,46,18,[12  1],47,-1,87,-1,69
1,<environment.Job instance at 0x7fa4f34b8140>,3,18,[6 4],4,-1,23,-1,5
1,<environment.Job instance at 0x7fa4f36ea690>,4,18,[9 1],5,-1,23,-1,5
1,<environment.Job instance at 0x7fa4f34b8be0>,10,18,[ 2 11],11,-1,38,-1,20
1,<environment.Job instance at 0x7fa4f34b8c80>,9,25,[4 7],10,-1,45,-1,20
1,<environment.Job instance at 0x7fa4f34ab460>,15,24,[8 3],16,-1,44,-1,20
1,<environment.Job instance at 0x7fa4f34ab8c0>,17,26,[ 3 13],18,-1,85,-1,59
1,<environment.Job instance at 0x7fa4f34abf50>,19,25,[12  5],20,-1,88,-1,63
1,<environment.Job instance at 0x7fa4f34ab370>,20,27,[5 9],21,-1,91,-1,64
1,<environment.Job instance at 0x7fa4f34ab910>,14,25,[ 3 11],15,-1,89,-1,64
1,<environment.Job instance at 0x7fa4f3c11910>,25,27,[14  4],26,-1,91,-1,64
1,<environment.Job instance at 0x7fa4f34b8b90>,12,22,[14  4],13,-1,90,-1,68
1,<environment.Job instance at 0x7fa4f3c114b0>,23,21,[1 5],24,-1,89,-1,68
1,<environment.Job instance at 0x7fa4f3c11b40>,24,17,[5 1],25,-1,85,-1,68
1,<environment.Job instance at 0x7fa4f3c11960>,30,13,[11  3],31,-1,82,-1,69
1,<environment.Job instance at 0x7fa4f3c11500>,29,17,[7 5],30,-1,86,-1,69
1,<environment.Job instance at 0x7fa4f34e2eb0>,0,15,[ 3 13],1,-1,16,-1,1
1,<environment.Job instance at 0x7fa4f34e20a0>,1,12,[ 3 14],2,-1,14,-1,2
1,<environment.Job instance at 0x7fa4f34e28c0>,2,27,[6 5],3,-1,30,-1,3
1,<environment.Job instance at 0x7fa4f34e2b90>,5,17,[14  4],6,-1,23,-1,6
1,<environment.Job instance at 0x7fa4f34e2960>,8,16,[ 1 13],9,-1,25,-1,9
1,<environment.Job instance at 0x7fa4f34e2c80>,10,18,[ 2 11],11,-1,29,-1,11
1,<environment.Job instance at 0x7fa4f34e2d70>,11,12,[13  5],12,-1,24,-1,12
1,<environment.Job instance at 0x7fa4f34e2e60>,12,22,[14  4],13,-1,35,-1,13
1,<environment.Job instance at 0x7fa4f34e25a0>,14,25,[ 3 11],15,-1,40,-1,15
1,<environment.Job instance at 0x7fa4f34e2640>,9,25,[4 7],10,-1,47,-1,22
1,<environment.Job instance at 0x7fa4f34e2c30>,16,13,[13  1],17,-1,35,-1,22
1,<environment.Job instance at 0x7fa4f34e2410>,17,26,[ 3 13],18,-1,48,-1,22
1,<environment.Job instance at 0x7fa4f34e2730>,13,27,[5 3],14,-1,49,-1,22
1,<environment.Job instance at 0x7fa4f36ea9b0>,19,25,[12  5],20,-1,47,-1,22
1,<environment.Job instance at 0x7fa4f36eabe0>,20,27,[5 9],21,-1,49,-1,22
1,<environment.Job instance at 0x7fa4f36ea500>,22,26,[ 2 11],23,-1,49,-1,23
1,<environment.Job instance at 0x7fa4f34e20f0>,15,24,[8 3],16,-1,47,-1,23
1,<environment.Job instance at 0x7fa4f36eab40>,25,27,[14  4],26,-1,53,-1,26
1,<environment.Job instance at 0x7fa4f41458c0>,26,18,[11  4],27,-1,45,-1,27
1,<environment.Job instance at 0x7fa4f34b8f00>,27,24,[11  2],28,-1,52,-1,28
1,<environment.Job instance at 0x7fa4f4145230>,28,12,[12  3],29,-1,41,-1,29
1,<environment.Job instance at 0x7fa4f34b8dc0>,30,13,[11  3],31,-1,44,-1,31
1,<environment.Job instance at 0x7fa4f3840280>,31,22,[ 4 12],32,-1,54,-1,32
1,<environment.Job instance at 0x7fa4f3840d20>,32,20,[13  3],33,-1,53,-1,33
1,<environment.Job instance at 0x7fa4f46441e0>,33,24,[14  1],34,-1,58,-1,34
1,<environment.Job instance at 0x7fa4f4644c80>,35,14,[ 1 13],36,-1,50,-1,36
1,<environment.Job instance at 0x7fa4f4644820>,36,17,[ 3 12],37,-1,54,-1,37
1,<environment.Job instance at 0x7fa4f4644690>,37,26,[11  2],38,-1,64,-1,38
1,<environment.Job instance at 0x7fa4f4644640>,39,24,[11  1],40,-1,64,-1,40
1,<environment.Job instance at 0x7fa4f46446e0>,40,23,[13  2],41,-1,64,-1,41
1,<environment.Job instance at 0x7fa4f46500f0>,41,18,[13  5],42,-1,60,-1,42
1,<environment.Job instance at 0x7fa4f4650690>,45,14,[11  2],46,-1,66,-1,52
1,<environment.Job instance at 0x7fa4f4650410>,46,15,[12  2],47,-1,67,-1,52
1,<environment.Job instance at 0x7fa4f4650320>,48,19,[14  2],49,-1,78,-1,59
1,<environment.Job instance at 0x7fa4f4650050>,49,20,[ 5 12],50,-1,79,-1,59
1,<environment.Job instance at 0x7fa4f4650460>,50,18,[14  1],51,-1,77,-1,59
1,<environment.Job instance at 0x7fa4f46503c0>,51,19,[ 2 14],52,-1,78,-1,59
1,<environment.Job instance at 0x7fa4f46505a0>,52,24,[ 2 14],53,-1,83,-1,59
1,<environment.Job instance at 0x7fa4f4659410>,53,28,[12  4],54,-1,87,-1,59
1,<environment.Job instance at 0x7fa4f3ab67d0>,2,17,[6 5],3,-1,20,-1,3
1,<environment.Job instance at 0x7fa4f3ab6730>,4,22,[8 3],5,-1,28,-1,6
1,<environment.Job instance at 0x7fa4f3ab6820>,7,17,[11  3],8,-1,25,-1,8
1,<environment.Job instance at 0x7fa4f4659050>,1,21,[12  1],2,-1,23,-1,2
1,<environment.Job instance at 0x7fa4f46590a0>,3,16,[11  3],4,-1,20,-1,4
1,<environment.Job instance at 0x7fa4fd8c77d0>,5,18,[11  2],6,-1,24,-1,6
1,<environment.Job instance at 0x7fa4f4659aa0>,6,16,[ 4 13],7,-1,23,-1,7
1,<environment.Job instance at 0x7fa4f4659730>,7,17,[11  3],8,-1,25,-1,8
1,<environment.Job instance at 0x7fa4f4659d70>,8,23,[11  2],9,-1,32,-1,9
1,<environment.Job instance at 0x7fa4f4659410>,10,20,[13  2],11,-1,31,-1,11
1,<environment.Job instance at 0x7fa4f4659140>,12,23,[ 3 13],13,-1,36,-1,13
1,<environment.Job instance at 0x7fa4f4650320>,14,18,[14  4],15,-1,33,-1,15
1,<environment.Job instance at 0x7fa4f4650af0>,17,23,[9 2],18,-1,43,-1,20
1,<environment.Job instance at 0x7fa4f4650690>,18,26,[11  2],19,-1,46,-1,20
1,<environment.Job instance at 0x7fa4f4650370>,19,27,[14  4],20,-1,47,-1,20
1,<environment.Job instance at 0x7fa4f4650550>,13,26,[3 8],14,-1,46,-1,20
1,<environment.Job instance at 0x7fa4f4650640>,21,26,[13  2],22,-1,48,-1,22
1,<environment.Job instance at 0x7fa4f46446e0>,22,27,[11  3],23,-1,50,-1,23
1,<environment.Job instance at 0x7fa4f4644140>,23,16,[14  4],24,-1,40,-1,24
1,<environment.Job instance at 0x7fa4f4644780>,24,27,[ 1 14],25,-1,52,-1,25
1,<environment.Job instance at 0x7fa4f46447d0>,25,21,[ 3 11],26,-1,47,-1,26
1,<environment.Job instance at 0x7fa4f4644500>,26,20,[13  1],27,-1,47,-1,27
1,<environment.Job instance at 0x7fa4f3fb6410>,28,22,[12  2],29,-1,51,-1,29
1,<environment.Job instance at 0x7fa4f3a19c30>,29,27,[7 4],30,-1,62,-1,35
1,<environment.Job instance at 0x7fa4f4644d70>,30,25,[9 5],31,-1,60,-1,35
1,<environment.Job instance at 0x7fa4f3ab6c30>,33,26,[14  5],34,-1,61,-1,35
1,<environment.Job instance at 0x7fa4f3ab6c80>,34,12,[11  4],35,-1,47,-1,35
1,<environment.Job instance at 0x7fa4f3521c80>,35,26,[14  3],36,-1,62,-1,36
1,<environment.Job instance at 0x7fa4f3521e10>,36,17,[ 5 11],37,-1,54,-1,37
1,<environment.Job instance at 0x7fa4f35214b0>,37,26,[ 2 11],38,-1,64,-1,38
1,<environment.Job instance at 0x7fa4f3521370>,39,18,[14  4],40,-1,61,-1,43
1,<environment.Job instance at 0x7fa4f3c5a730>,1,22,[6 4],2,-1,25,-1,3
1,<environment.Job instance at 0x7fa4f3c46780>,4,17,[ 4 11],5,-1,22,-1,5
1,<environment.Job instance at 0x7fa4f4dd2d20>,13,23,[ 5 11],14,-1,51,-1,28
1,<environment.Job instance at 0x7fa4f4dd2a50>,14,26,[ 5 11],15,-1,62,-1,36
1,<environment.Job instance at 0x7fa4f3c465a0>,7,23,[ 2 11],8,-1,59,-1,36
1,<environment.Job instance at 0x7fa4f4dd29b0>,15,19,[3 8],16,-1,55,-1,36
1,<environment.Job instance at 0x7fa4f3c2c9b0>,21,21,[9 5],22,-1,71,-1,50
1,<environment.Job instance at 0x7fa4f3a16dc0>,10,28,[5 5],11,-1,96,-1,68
1,<environment.Job instance at 0x7fa4f3c2c690>,24,18,[14  1],25,-1,87,-1,69
1,<environment.Job instance at 0x7fa4f3c2ceb0>,23,18,[4 5],24,-1,87,-1,69
1,<environment.Job instance at 0x7fa4f3fd9d20>,0,27,[ 4 12],1,-1,28,-1,1
1,<environment.Job instance at 0x7fa4f3fd93c0>,2,17,[ 4 13],3,-1,20,-1,3
1,<environment.Job instance at 0x7fa4f3fd94b0>,4,17,[ 4 11],5,-1,22,-1,5
1,<environment.Job instance at 0x7fa4f3fd9f50>,5,23,[ 1 11],6,-1,29,-1,6
1,<environment.Job instance at 0x7fa4f3fd9af0>,6,14,[11  1],7,-1,21,-1,7
1,<environment.Job instance at 0x7fa4f3fd99b0>,7,23,[ 2 11],8,-1,31,-1,8
1,<environment.Job instance at 0x7fa4f35528c0>,8,21,[ 1 11],9,-1,30,-1,9
1,<environment.Job instance at 0x7fa4f3a9f410>,9,23,[ 2 14],10,-1,33,-1,10
1,<environment.Job instance at 0x7fa4f3fd9190>,11,21,[ 4 13],12,-1,33,-1,12
1,<environment.Job instance at 0x7fa4f3a9ff00>,12,15,[13  2],13,-1,28,-1,13
1,<environment.Job instance at 0x7fa4f3a9f640>,13,23,[ 5 11],14,-1,37,-1,14
1,<environment.Job instance at 0x7fa4f3a9f5f0>,14,26,[ 5 11],15,-1,41,-1,15
1,<environment.Job instance at 0x7fa4f3a9f280>,16,18,[13  2],17,-1,35,-1,17
1,<environment.Job instance at 0x7fa4f3a9f4b0>,17,27,[12  5],18,-1,45,-1,18
1,<environment.Job instance at 0x7fa4f3a9f0f0>,10,28,[5 5],11,-1,47,-1,19
1,<environment.Job instance at 0x7fa4f3a9f460>,18,19,[11  4],19,-1,38,-1,19
1,<environment.Job instance at 0x7fa4f3ab6e60>,19,22,[ 2 11],20,-1,42,-1,20
1,<environment.Job instance at 0x7fa4f3a9f0a0>,22,12,[ 4 14],23,-1,35,-1,23
1,<environment.Job instance at 0x7fa4f3ab6c30>,24,18,[14  1],25,-1,43,-1,25
1,<environment.Job instance at 0x7fa4f4644690>,26,15,[12  1],27,-1,42,-1,27
1,<environment.Job instance at 0x7fa4f46445f0>,27,13,[ 5 12],28,-1,41,-1,28
1,<environment.Job instance at 0x7fa4f4644640>,28,28,[14  2],29,-1,57,-1,29
1,<environment.Job instance at 0x7fa4f4644780>,30,15,[ 5 11],31,-1,46,-1,31
1,<environment.Job instance at 0x7fa4f46501e0>,31,20,[ 3 11],32,-1,52,-1,32
1,<environment.Job instance at 0x7fa4f4650690>,32,28,[9 4],33,-1,66,-1,38
1,<environment.Job instance at 0x7fa4f4650780>,34,27,[ 3 13],35,-1,65,-1,38
1,<environment.Job instance at 0x7fa4f4650af0>,35,23,[6 2],36,-1,61,-1,38
1,<environment.Job instance at 0x7fa4f4650a00>,36,22,[ 1 13],37,-1,60,-1,38
1,<environment.Job instance at 0x7fa4f4650910>,37,13,[14  2],38,-1,51,-1,38
1,<environment.Job instance at 0x7fa4fd8c77d0>,39,24,[ 3 13],40,-1,64,-1,40
1,<environment.Job instance at 0x7fa4f46505a0>,41,28,[11  3],42,-1,70,-1,42
1,<environment.Job instance at 0x7fa4f4659410>,42,24,[1 5],43,-1,75,-1,51
1,<environment.Job instance at 0x7fa4f4659140>,46,19,[ 5 13],47,-1,75,-1,56
1,<environment.Job instance at 0x7fa4f4659230>,45,24,[7 4],46,-1,80,-1,56
1,<environment.Job instance at 0x7fa4f3ab6c30>,0,24,[14  4],1,-1,25,-1,1
1,<environment.Job instance at 0x7fa4f3ab6e60>,1,13,[14  5],2,-1,15,-1,2
1,<environment.Job instance at 0x7fa4f3ab6c80>,2,27,[8 4],3,-1,30,-1,3
1,<environment.Job instance at 0x7fa4f3fd99b0>,4,23,[6 1],5,-1,28,-1,5
1,<environment.Job instance at 0x7fa4f3fd9910>,5,23,[ 5 12],6,-1,29,-1,6
1,<environment.Job instance at 0x7fa4f3fd9af0>,6,24,[5 9],7,-1,31,-1,7
1,<environment.Job instance at 0x7fa4f3fd9410>,7,17,[ 3 13],8,-1,25,-1,8
1,<environment.Job instance at 0x7fa4f3fd9c30>,8,25,[12  2],9,-1,34,-1,9
1,<environment.Job instance at 0x7fa4f3fd9b90>,9,17,[ 1 14],10,-1,27,-1,10
1,<environment.Job instance at 0x7fa4f3fd9960>,10,25,[12  3],11,-1,36,-1,11
1,<environment.Job instance at 0x7fa4f48c8550>,11,27,[ 4 11],12,-1,39,-1,12
1,<environment.Job instance at 0x7fa4f3b96af0>,12,23,[12  4],13,-1,36,-1,13
1,<environment.Job instance at 0x7fa4f35528c0>,13,27,[7 5],14,-1,41,-1,14
1,<environment.Job instance at 0x7fa4f39f0820>,15,25,[ 3 11],16,-1,41,-1,16
1,<environment.Job instance at 0x7fa4f39f0c30>,16,21,[ 4 11],17,-1,38,-1,17
1,<environment.Job instance at 0x7fa4f34ae3c0>,18,25,[ 1 12],19,-1,44,-1,19
1,<environment.Job instance at 0x7fa4f4a52910>,17,28,[2 8],18,-1,48,-1,20
1,<environment.Job instance at 0x7fa4f4a52730>,19,16,[ 5 13],20,-1,36,-1,20
1,<environment.Job instance at 0x7fa4f4a520f0>,20,23,[5 5],21,-1,44,-1,21
1,<environment.Job instance at 0x7fa4f4a52b90>,21,26,[14  4],22,-1,48,-1,22
1,<environment.Job instance at 0x7fa4f4a52280>,22,25,[2 8],23,-1,48,-1,23
1,<environment.Job instance at 0x7fa4f4a52be0>,24,25,[4 7],25,-1,50,-1,25
1,<environment.Job instance at 0x7fa4f4a52af0>,25,25,[11  5],26,-1,51,-1,26
1,<environment.Job instance at 0x7fa4f4a52370>,26,23,[14  2],27,-1,50,-1,27
1,<environment.Job instance at 0x7fa4f4a52e10>,27,28,[ 4 11],28,-1,56,-1,28
1,<environment.Job instance at 0x7fa4f4a52fa0>,29,18,[11  1],30,-1,48,-1,30
1,<environment.Job instance at 0x7fa4f4a525f0>,31,24,[ 3 14],32,-1,56,-1,32
1,<environment.Job instance at 0x7fa4f4a52c80>,33,27,[ 3 12],34,-1,61,-1,34
1,<environment.Job instance at 0x7fa4f4a52d20>,35,25,[ 5 12],36,-1,61,-1,36
1,<environment.Job instance at 0x7fa4f4a52d70>,32,28,[5 4],33,-1,65,-1,37
1,<environment.Job instance at 0x7fa4f4a50550>,36,24,[7 4],37,-1,61,-1,37
1,<environment.Job instance at 0x7fa4f4a504b0>,40,16,[11  1],41,-1,57,-1,41
1,<environment.Job instance at 0x7fa4f39fd820>,41,16,[ 1 12],42,-1,58,-1,42
1,<environment.Job instance at 0x7fa4f4a50230>,39,27,[4 5],40,-1,72,-1,45
1,<environment.Job instance at 0x7fa4f39fddc0>,45,18,[ 1 12],46,-1,73,-1,55
1,<environment.Job instance at 0x7fa4f39fd730>,47,14,[12  5],48,-1,69,-1,55
1,<environment.Job instance at 0x7fa4f39fd460>,43,25,[8 4],44,-1,80,-1,55
1,<environment.Job instance at 0x7fa4f39fd370>,50,25,[8 3],51,-1,80,-1,55
1,<environment.Job instance at 0x7fa4f39fd280>,51,22,[13  5],52,-1,77,-1,55
1,<environment.Job instance at 0x7fa4f39fd5f0>,52,14,[14  4],53,-1,69,-1,55
1,<environment.Job instance at 0x7fa4f39f1460>,53,24,[5 1],54,-1,79,-1,55
1,<environment.Job instance at 0x7fa4f39f1230>,54,12,[ 4 13],55,-1,67,-1,55
1,<environment.Job instance at 0x7fa4f39fd0f0>,42,28,[10  5],43,-1,83,-1,55
1,<environment.Job instance at 0x7fa4f48ac870>,0,17,[10  3],1,-1,19,-1,2
1,<environment.Job instance at 0x7fa4f4c1b870>,2,18,[9 2],3,-1,21,-1,3
1,<environment.Job instance at 0x7fa4f4c1b910>,3,24,[9 1],4,-1,28,-1,4
1,<environment.Job instance at 0x7fa4f4c1ba50>,5,16,[4 8],6,-1,22,-1,6
1,<environment.Job instance at 0x7fa4f4c1bcd0>,10,16,[11  4],11,-1,39,-1,23
1,<environment.Job instance at 0x7fa4f4c1bd70>,12,21,[9 3],13,-1,45,-1,24
1,<environment.Job instance at 0x7fa4f4c30140>,14,26,[ 1 10],15,-1,50,-1,24
1,<environment.Job instance at 0x7fa4f4c30280>,16,25,[5 3],17,-1,49,-1,24
1,<environment.Job instance at 0x7fa4f4c1bf00>,13,26,[11  4],14,-1,50,-1,24
1,<environment.Job instance at 0x7fa4f4c301e0>,15,17,[4 6],16,-1,41,-1,24
1,<environment.Job instance at 0x7fa4f4c30320>,17,21,[3 7],18,-1,45,-1,24
1,<environment.Job instance at 0x7fa4f4c300f0>,20,20,[1 9],21,-1,44,-1,24
1,<environment.Job instance at 0x7fa4f48ac5f0>,1,13,[ 4 13],2,-1,15,-1,2
1,<environment.Job instance at 0x7fa4f39f1140>,4,14,[ 2 13],5,-1,19,-1,5
1,<environment.Job instance at 0x7fa4f39f1370>,6,14,[13  4],7,-1,21,-1,7
1,<environment.Job instance at 0x7fa4f39f1f50>,7,12,[11  3],8,-1,20,-1,8
1,<environment.Job instance at 0x7fa4f39f1230>,9,18,[ 2 13],10,-1,28,-1,10
1,<environment.Job instance at 0x7fa4f39f1f00>,10,16,[11  4],11,-1,27,-1,11
1,<environment.Job instance at 0x7fa4f39f1d20>,11,25,[ 2 12],12,-1,37,-1,12
1,<environment.Job instance at 0x7fa4f39f1460>,13,26,[11  4],14,-1,40,-1,14
1,<environment.Job instance at 0x7fa4f48aceb0>,3,24,[9 1],4,-1,42,-1,18
1,<environment.Job instance at 0x7fa4f39fdb90>,16,25,[5 3],17,-1,43,-1,18
1,<environment.Job instance at 0x7fa4f39fd1e0>,19,28,[14  3],20,-1,48,-1,20
1,<environment.Job instance at 0x7fa4f39fd640>,21,23,[ 4 10],22,-1,58,-1,35
1,<environment.Job instance at 0x7fa4f4a504b0>,24,24,[ 4 12],25,-1,59,-1,35
1,<environment.Job instance at 0x7fa4f4a509b0>,25,15,[14  1],26,-1,50,-1,35
1,<environment.Job instance at 0x7fa4f4a50f50>,26,28,[14  2],27,-1,63,-1,35
1,<environment.Job instance at 0x7fa4f39fd9b0>,14,26,[ 1 10],15,-1,61,-1,35
1,<environment.Job instance at 0x7fa4f4a52c80>,30,27,[ 2 12],31,-1,62,-1,35
1,<environment.Job instance at 0x7fa4f4a527d0>,31,25,[ 3 13],32,-1,60,-1,35
1,<environment.Job instance at 0x7fa4f4a52dc0>,35,23,[ 2 13],36,-1,71,-1,48
1,<environment.Job instance at 0x7fa4f4a52050>,36,15,[11  2],37,-1,63,-1,48
1,<environment.Job instance at 0x7fa4f4a52fa0>,34,25,[3 5],35,-1,74,-1,49
1,<environment.Job instance at 0x7fa4f4a52d70>,38,27,[ 4 14],39,-1,76,-1,49
1,<environment.Job instance at 0x7fa4f4a52960>,39,28,[12  5],40,-1,77,-1,49
1,<environment.Job instance at 0x7fa4f4a52b90>,40,28,[2 5],41,-1,77,-1,49
1,<environment.Job instance at 0x7fa4f4a52280>,41,27,[13  3],42,-1,76,-1,49
1,<environment.Job instance at 0x7fa4f4a52c30>,42,26,[ 2 14],43,-1,75,-1,49
1,<environment.Job instance at 0x7fa4f4a520a0>,43,25,[11  2],44,-1,74,-1,49
1,<environment.Job instance at 0x7fa4f4a52910>,44,16,[11  4],45,-1,65,-1,49
1,<environment.Job instance at 0x7fa4f4a52870>,45,13,[14  4],46,-1,62,-1,49
1,<environment.Job instance at 0x7fa4f39fd7d0>,22,28,[10  2],23,-1,81,-1,53
1,<environment.Job instance at 0x7fa4f39f0c30>,47,21,[12  2],48,-1,74,-1,53
1,<environment.Job instance at 0x7fa4f3b96af0>,48,20,[ 1 11],49,-1,73,-1,53
1,<environment.Job instance at 0x7fa4f39f0820>,49,14,[ 1 14],50,-1,67,-1,53
1,<environment.Job instance at 0x7fa4f4a52230>,33,27,[9 5],34,-1,80,-1,53
1,<environment.Job instance at 0x7fa4f3ab6c30>,51,15,[12  3],52,-1,68,-1,53
1,<environment.Job instance at 0x7fa4f3ab6e60>,53,22,[14  3],54,-1,76,-1,54
1,<environment.Job instance at 0x7f8d00c0cb90>,2,20,[7 4],3,-1,23,-1,3
1,<environment.Job instance at 0x7f8d00c0cdc0>,7,26,[9 3],8,-1,69,-1,43
1,<environment.Job instance at 0x7f8d00c18370>,3,13,[12  4],4,-1,17,-1,4
1,<environment.Job instance at 0x7f8d00c18550>,5,24,[ 2 14],6,-1,30,-1,6
1,<environment.Job instance at 0x7f8d00c185f0>,6,15,[ 2 14],7,-1,22,-1,7
1,<environment.Job instance at 0x7f8d00c18640>,8,20,[ 4 13],9,-1,29,-1,9
1,<environment.Job instance at 0x7f8d00c186e0>,9,16,[12  1],10,-1,26,-1,10
1,<environment.Job instance at 0x7f8d00c18500>,4,24,[7 2],5,-1,42,-1,18
1,<environment.Job instance at 0x7f8d00c18870>,12,28,[ 1 14],13,-1,46,-1,18
1,<environment.Job instance at 0x7f8d00c181e0>,14,15,[14  4],15,-1,33,-1,18
1,<environment.Job instance at 0x7f8d00c18a00>,15,20,[ 3 12],16,-1,38,-1,18
1,<environment.Job instance at 0x7f8d00c16fa0>,1,24,[10  1],2,-1,47,-1,23
1,<environment.Job instance at 0x7f8d00c18b40>,17,19,[12  4],18,-1,42,-1,23
1,<environment.Job instance at 0x7f8d00c18d70>,18,18,[13  1],19,-1,41,-1,23
1,<environment.Job instance at 0x7f8d00c18e10>,19,23,[8 4],20,-1,46,-1,23
1,<environment.Job instance at 0x7f8d00c18e60>,20,17,[ 2 14],21,-1,40,-1,23
1,<environment.Job instance at 0x7f8d00c18f50>,21,14,[ 4 11],22,-1,37,-1,23
1,<environment.Job instance at 0x7f8d00c18690>,7,26,[9 3],8,-1,49,-1,23
1,<environment.Job instance at 0x7f8d00c18aa0>,16,28,[5 1],17,-1,51,-1,23
1,<environment.Job instance at 0x7f8d00c1a0a0>,23,16,[12  2],24,-1,40,-1,24
1,<environment.Job instance at 0x7f8d00c1a2d0>,27,17,[ 4 12],28,-1,50,-1,33
1,<environment.Job instance at 0x7f8d00c1a050>,28,17,[ 1 13],29,-1,50,-1,33
1,<environment.Job instance at 0x7f8d00c1a1e0>,29,24,[ 4 13],30,-1,57,-1,33
1,<environment.Job instance at 0x7f8d00c1a460>,30,26,[11  4],31,-1,59,-1,33
1,<environment.Job instance at 0x7f8d00c1a500>,31,28,[ 2 10],32,-1,61,-1,33
1,<environment.Job instance at 0x7f8d00c18910>,25,24,[5 7],26,-1,57,-1,33
1,<environment.Job instance at 0x7f8d00c1a640>,33,28,[6 4],34,-1,64,-1,36
1,<environment.Job instance at 0x7f8d00c1a910>,34,24,[5 5],35,-1,60,-1,36
1,<environment.Job instance at 0x7f8d00c1ab90>,37,14,[ 5 14],38,-1,52,-1,38
1,<environment.Job instance at 0x7f8d00c1aa00>,38,24,[13  2],39,-1,63,-1,39
1,<environment.Job instance at 0x7f8d00c1ab40>,40,26,[ 1 14],41,-1,71,-1,45
1,<environment.Job instance at 0x7f8d00c1a780>,42,12,[ 5 12],43,-1,57,-1,45
1,<environment.Job instance at 0x7f8d00c1af50>,44,12,[11  3],45,-1,64,-1,52
1,<environment.Job instance at 0x7f8d00c3d500>,45,12,[ 3 14],46,-1,64,-1,52
1,<environment.Job instance at 0x7f8d00c07050>,47,14,[12  2],48,-1,71,-1,57
1,<environment.Job instance at 0x7f8d00c07460>,48,14,[ 1 11],49,-1,71,-1,57
1,<environment.Job instance at 0x7f8d00dac230>,50,13,[ 4 12],51,-1,81,-1,68
1,<environment.Job instance at 0x7f8d00c04d70>,52,21,[14  2],53,-1,89,-1,68
1,<environment.Job instance at 0x7f8d003afe10>,1,19,[5 5],2,-1,22,-1,3
1,<environment.Job instance at 0x7f8d00355cd0>,3,21,[4 8],4,-1,25,-1,4
1,<environment.Job instance at 0x7f8d00355e10>,4,18,[ 3 10],5,-1,23,-1,5
1,<environment.Job instance at 0x7f8d003555f0>,5,27,[5 5],6,-1,33,-1,6
1,<environment.Job instance at 0x7f8d003554b0>,7,26,[2 7],8,-1,34,-1,8
1,<environment.Job instance at 0x7f8d00355230>,8,18,[7 1],9,-1,27,-1,9
1,<environment.Job instance at 0x7f8d003559b0>,9,16,[4 9],10,-1,26,-1,10
1,<environment.Job instance at 0x7f8d00355b90>,12,15,[9 1],13,-1,28,-1,13
1,<environment.Job instance at 0x7f8d00355370>,13,23,[9 1],14,-1,37,-1,14
1,<environment.Job instance at 0x7f8d00353910>,21,28,[ 5 11],22,-1,65,-1,37
1,<environment.Job instance at 0x7f8d00353b40>,25,19,[ 1 10],26,-1,57,-1,38
1,<environment.Job instance at 0x7f8d003550f0>,17,18,[2 6],18,-1,56,-1,38
1,<environment.Job instance at 0x7f8d00353820>,22,15,[ 2 13],23,-1,53,-1,38
1,<environment.Job instance at 0x7f8d00354c30>,27,22,[ 4 14],28,-1,61,-1,39
1,<environment.Job instance at 0x7f8d00354e10>,28,25,[1 7],29,-1,64,-1,39
1,<environment.Job instance at 0x7f8d00354f50>,29,18,[1 9],30,-1,57,-1,39
1,<environment.Job instance at 0x7f8d003533c0>,20,28,[13  5],21,-1,76,-1,48
1,<environment.Job instance at 0x7f8d00354a50>,30,27,[ 3 11],31,-1,75,-1,48
1,<environment.Job instance at 0x7f8d00353f00>,26,16,[7 5],27,-1,65,-1,49
1,<environment.Job instance at 0x7f8d00354140>,34,17,[5 1],35,-1,67,-1,50
1,<environment.Job instance at 0x7f8d003547d0>,32,17,[12  4],33,-1,70,-1,53
1,<environment.Job instance at 0x7f8d00354730>,33,12,[1 6],34,-1,71,-1,59
1,<environment.Job instance at 0x7f8d00c1a370>,0,19,[12  3],1,-1,20,-1,1
1,<environment.Job instance at 0x7f8d00c1a4b0>,5,27,[5 5],6,-1,44,-1,17
1,<environment.Job instance at 0x7f8d00c1a320>,7,26,[2 7],8,-1,43,-1,17
1,<environment.Job instance at 0x7f8d00c1a0f0>,10,17,[ 5 14],11,-1,34,-1,17
1,<environment.Job instance at 0x7f8d00c1a280>,11,22,[11  2],12,-1,39,-1,17
1,<environment.Job instance at 0x7f8d00c18c80>,13,23,[9 1],14,-1,40,-1,17
1,<environment.Job instance at 0x7f8d00c18f50>,14,25,[ 1 13],15,-1,42,-1,17
1,<environment.Job instance at 0x7f8d00c18fa0>,15,21,[14  5],16,-1,38,-1,17
1,<environment.Job instance at 0x7f8d00c18b90>,18,24,[13  2],19,-1,56,-1,32
1,<environment.Job instance at 0x7f8d00c18af0>,19,25,[6 5],20,-1,73,-1,48
1,<environment.Job instance at 0x7f8d00c18a00>,20,28,[13  5],21,-1,76,-1,48
1,<environment.Job instance at 0x7f8d00c188c0>,21,28,[ 5 11],22,-1,76,-1,48
1,<environment.Job instance at 0x7f8d00c18870>,22,15,[ 2 13],23,-1,63,-1,48
1,<environment.Job instance at 0x7f8d00c18960>,23,13,[11  4],24,-1,61,-1,48
1,<environment.Job instance at 0x7f8d00c18690>,27,22,[ 4 14],28,-1,70,-1,48
1,<environment.Job instance at 0x7f8d00c185f0>,28,25,[1 7],29,-1,89,-1,64
1,<environment.Job instance at 0x7f8d00c18280>,30,27,[ 3 11],31,-1,91,-1,64
1,<environment.Job instance at 0x7f8d00c18e60>,31,23,[5 1],32,-1,87,-1,64
1,<environment.Job instance at 0x7f8d00470d70>,32,17,[12  4],33,-1,81,-1,64
1,<environment.Job instance at 0x7f8d00c18500>,35,19,[14  5],36,-1,83,-1,64
1,<environment.Job instance at 0x7f8d004316e0>,37,26,[5 4],38,-1,102,-1,76
1,<environment.Job instance at 0x7f8d002a4dc0>,0,26,[5 4],1,-1,27,-1,1
1,<environment.Job instance at 0x7f8d002a48c0>,0,26,[5 4],1,-1,27,-1,1
1,<environment.Job instance at 0x7f8d0022a730>,1,23,[ 3 14],2,-1,25,-1,2
1,<environment.Job instance at 0x7f8d0022aaa0>,3,17,[13  1],4,-1,21,-1,4
1,<environment.Job instance at 0x7f8d0022a8c0>,5,16,[11  3],6,-1,22,-1,6
1,<environment.Job instance at 0x7f8d0022ab40>,6,24,[13  4],7,-1,31,-1,7
1,<environment.Job instance at 0x7f8d0022a050>,7,18,[14  2],8,-1,26,-1,8
1,<environment.Job instance at 0x7f8d002a4c80>,9,17,[14  3],10,-1,27,-1,10
1,<environment.Job instance at 0x7f8d0022a4b0>,10,24,[ 4 11],11,-1,35,-1,11
1,<environment.Job instance at 0x7f8d0022a140>,14,25,[14  5],15,-1,40,-1,15
1,<environment.Job instance at 0x7f8d0022af50>,15,24,[3 7],16,-1,46,-1,22
1,<environment.Job instance at 0x7f8d0022a690>,17,17,[11  1],18,-1,39,-1,22
1,<environment.Job instance at 0x7f8d0022aa00>,18,27,[ 3 13],19,-1,49,-1,22
1,<environment.Job instance at 0x7f8d002a93c0>,21,19,[11  4],22,-1,46,-1,27
1,<environment.Job instance at 0x7f8d002a9d70>,22,24,[4 9],23,-1,59,-1,35
1,<environment.Job instance at 0x7f8d002a9cd0>,23,25,[13  2],24,-1,60,-1,35
1,<environment.Job instance at 0x7f8d002a9c30>,24,23,[6 4],25,-1,58,-1,35
1,<environment.Job instance at 0x7f8d002a9f00>,25,22,[12  2],26,-1,57,-1,35
1,<environment.Job instance at 0x7f8d0022a230>,20,26,[3 9],21,-1,61,-1,35
1,<environment.Job instance at 0x7f8d002a9410>,28,13,[ 3 11],29,-1,48,-1,35
1,<environment.Job instance at 0x7f8d002a9050>,29,14,[14  1],30,-1,49,-1,35
1,<environment.Job instance at 0x7f8d002a9af0>,30,14,[12  1],31,-1,49,-1,35
1,<environment.Job instance at 0x7f8d002a9780>,31,17,[12  4],32,-1,52,-1,35
1,<environment.Job instance at 0x7f8d002a9b40>,34,16,[ 4 14],35,-1,57,-1,41
1,<environment.Job instance at 0x7f8d00290d20>,39,14,[14  2],40,-1,70,-1,56
1,<environment.Job instance at 0x7f8d00290050>,40,13,[12  2],41,-1,69,-1,56
1,<environment.Job instance at 0x7f8d002909b0>,41,27,[3 6],42,-1,83,-1,56
1,<environment.Job instance at 0x7f8d00290410>,45,13,[12  2],46,-1,83,-1,70
1,<environment.Job instance at 0x7f8d00290a50>,47,14,[11  1],48,-1,84,-1,70
1,<environment.Job instance at 0x7f8d002905a0>,48,24,[12  2],49,-1,94,-1,70
1,<environment.Job instance at 0x7f8d00290690>,49,20,[12  3],50,-1,90,-1,70
1,<environment.Job instance at 0x7f8d00290c80>,51,15,[11  5],52,-1,89,-1,74
1,<environment.Job instance at 0x7f8d00290320>,52,19,[14  4],53,-1,93,-1,74
1,<environment.Job instance at 0x7f8d00290730>,53,17,[ 3 12],54,-1,91,-1,74
1,<environment.Job instance at 0x7f8d01013370>,7,27,[6 1],8,-1,36,-1,9
1,<environment.Job instance at 0x7f8d01013a00>,10,27,[11  1],11,-1,45,-1,18
1,<environment.Job instance at 0x7f8d01013870>,15,27,[ 5 14],16,-1,50,-1,23
1,<environment.Job instance at 0x7f8d01013410>,8,27,[ 4 13],9,-1,50,-1,23
1,<environment.Job instance at 0x7f8d01013f50>,17,27,[5 1],18,-1,56,-1,29
1,<environment.Job instance at 0x7f8d010ac0a0>,20,27,[3 9],21,-1,57,-1,30
1,<environment.Job instance at 0x7f8d010ac050>,21,20,[ 4 11],22,-1,50,-1,30
1,<environment.Job instance at 0x7f8d01013640>,3,13,[14  1],4,-1,46,-1,33
1,<environment.Job instance at 0x7f8d010acfa0>,25,26,[11  3],26,-1,61,-1,35
1,<environment.Job instance at 0x7f8d010aca50>,23,17,[10  2],24,-1,52,-1,35
1,<environment.Job instance at 0x7f8d010acc80>,26,25,[11  3],27,-1,61,-1,36
1,<environment.Job instance at 0x7f8d01013b40>,9,14,[12  3],10,-1,50,-1,36
1,<environment.Job instance at 0x7f8d010ac9b0>,27,17,[10  4],28,-1,53,-1,36
1,<environment.Job instance at 0x7f8d00f63500>,1,24,[7 2],2,-1,26,-1,2
1,<environment.Job instance at 0x7f8d00f638c0>,2,13,[ 5 11],3,-1,16,-1,3
1,<environment.Job instance at 0x7f8d00f63e60>,3,13,[14  1],4,-1,17,-1,4
1,<environment.Job instance at 0x7f8d00f63f00>,4,12,[ 5 12],5,-1,17,-1,5
1,<environment.Job instance at 0x7f8d01013d70>,8,27,[ 4 13],9,-1,36,-1,9
1,<environment.Job instance at 0x7f8d00ce9460>,9,14,[12  3],10,-1,24,-1,10
1,<environment.Job instance at 0x7f8d00ce9d70>,10,27,[11  1],11,-1,38,-1,11
1,<environment.Job instance at 0x7f8d00ce98c0>,14,23,[1 8],15,-1,38,-1,15
1,<environment.Job instance at 0x7f8d00ce9370>,15,27,[ 5 14],16,-1,43,-1,16
1,<environment.Job instance at 0x7f8d00ce9140>,7,27,[6 1],8,-1,46,-1,19
1,<environment.Job instance at 0x7f8d00ce9cd0>,17,27,[5 1],18,-1,46,-1,19
1,<environment.Job instance at 0x7f8d00ce95a0>,18,26,[ 2 13],19,-1,45,-1,19
1,<environment.Job instance at 0x7f8d00ce9870>,11,24,[6 2],12,-1,43,-1,19
1,<environment.Job instance at 0x7f8d00ce9f00>,19,28,[14  4],20,-1,48,-1,20
1,<environment.Job instance at 0x7f8d00ce9eb0>,21,20,[ 4 11],22,-1,42,-1,22
1,<environment.Job instance at 0x7f8d0a3c8280>,22,15,[14  1],23,-1,38,-1,23
1,<environment.Job instance at 0x7f8d0a3c8fa0>,24,27,[1 5],25,-1,52,-1,25
1,<environment.Job instance at 0x7f8d0a3c8190>,25,26,[11  3],26,-1,52,-1,26
1,<environment.Job instance at 0x7f8d0a3c8870>,26,25,[11  3],27,-1,52,-1,27
1,<environment.Job instance at 0x7f8d0a3c8730>,29,25,[ 3 13],30,-1,55,-1,30
1,<environment.Job instance at 0x7f8d0a3c8690>,30,19,[11  3],31,-1,50,-1,31
1,<environment.Job instance at 0x7f8d0091c7d0>,32,13,[14  2],33,-1,46,-1,33
1,<environment.Job instance at 0x7f8d0091ceb0>,33,13,[ 5 11],34,-1,47,-1,34
1,<environment.Job instance at 0x7f8d0091c5a0>,34,18,[ 3 14],35,-1,53,-1,35
1,<environment.Job instance at 0x7f8d0a3c8f00>,20,27,[3 9],21,-1,69,-1,42
1,<environment.Job instance at 0x7f8d0a3cf870>,40,20,[11  2],41,-1,68,-1,48
1,<environment.Job instance at 0x7f8d0a3cf910>,41,26,[2 8],42,-1,81,-1,55
1,<environment.Job instance at 0x7f8d0a3cfaa0>,44,15,[11  2],45,-1,78,-1,63
1,<environment.Job instance at 0x7f8d0a3cf730>,45,23,[3 6],46,-1,93,-1,70
1,<environment.Job instance at 0x7f8d0a3cfaf0>,47,28,[ 3 11],48,-1,98,-1,70
1,<environment.Job instance at 0x7f8d0a3cf550>,48,27,[14  1],49,-1,97,-1,70
1,<environment.Job instance at 0x7f8d0176de60>,3,24,[7 5],4,-1,28,-1,4
1,<environment.Job instance at 0x7f8d0176d820>,4,16,[ 4 10],5,-1,21,-1,5
1,<environment.Job instance at 0x7f8d0176d910>,5,20,[5 8],6,-1,26,-1,6
1,<environment.Job instance at 0x7f8d010707d0>,12,13,[2 9],13,-1,42,-1,29
1,<environment.Job instance at 0x7f8d010131e0>,10,28,[7 4],11,-1,62,-1,34
1,<environment.Job instance at 0x7f8d010703c0>,16,21,[10  5],17,-1,55,-1,34
1,<environment.Job instance at 0x7f8d01070f50>,17,28,[11  5],18,-1,63,-1,35
1,<environment.Job instance at 0x7f8d00a1a820>,18,25,[14  5],19,-1,61,-1,36
1,<environment.Job instance at 0x7f8d01070870>,19,26,[14  1],20,-1,66,-1,40
1,<environment.Job instance at 0x7f8d01070320>,15,27,[12  5],16,-1,68,-1,41
1,<environment.Job instance at 0x7f8d01092cd0>,23,17,[5 9],24,-1,59,-1,42
1,<environment.Job instance at 0x7f8d01092e60>,24,17,[7 1],25,-1,62,-1,45
1,<environment.Job instance at 0x7f8d01092d70>,25,21,[ 4 14],26,-1,66,-1,45
1,<environment.Job instance at 0x7f8d01092870>,26,28,[5 6],27,-1,73,-1,45
1,<environment.Job instance at 0x7f8d010687d0>,8,12,[13  4],9,-1,57,-1,45
1,<environment.Job instance at 0x7f8d00ab5140>,27,20,[ 2 11],28,-1,65,-1,45
1,<environment.Job instance at 0x7f8d00ab5e10>,28,13,[12  1],29,-1,59,-1,46
1,<environment.Job instance at 0x7f8d01070b90>,21,26,[6 2],22,-1,72,-1,46
1,<environment.Job instance at 0x7f8d01061b90>,22,23,[5 8],23,-1,69,-1,46
1,<environment.Job instance at 0x7f8d005f93c0>,34,20,[14  3],35,-1,75,-1,55
1,<environment.Job instance at 0x7f8d00a1dcd0>,33,26,[7 4],34,-1,81,-1,55
1,<environment.Job instance at 0x7f8d00b48500>,1,15,[13  3],2,-1,17,-1,2
1,<environment.Job instance at 0x7f8d00b48e60>,2,28,[11  2],3,-1,31,-1,3
1,<environment.Job instance at 0x7f8d00b482d0>,3,24,[7 5],4,-1,28,-1,4
1,<environment.Job instance at 0x7f8d00a1ecd0>,6,27,[ 4 13],7,-1,34,-1,7
1,<environment.Job instance at 0x7f8d00a1e140>,7,28,[ 1 14],8,-1,36,-1,8
1,<environment.Job instance at 0x7f8d00a1ed20>,8,12,[13  4],9,-1,21,-1,9
1,<environment.Job instance at 0x7f8d00a1e870>,9,12,[ 5 12],10,-1,22,-1,10
1,<environment.Job instance at 0x7f8d00a1ef00>,10,28,[7 4],11,-1,43,-1,15
1,<environment.Job instance at 0x7f8d00a1e3c0>,11,27,[4 6],12,-1,42,-1,15
1,<environment.Job instance at 0x7f8d0a3d07d0>,15,27,[12  5],16,-1,43,-1,16
1,<environment.Job instance at 0x7f8d0a3d0730>,17,28,[11  5],18,-1,46,-1,18
1,<environment.Job instance at 0x7f8d0034a230>,18,25,[14  5],19,-1,44,-1,19
1,<environment.Job instance at 0x7f8d0034a050>,19,26,[14  1],20,-1,46,-1,20
1,<environment.Job instance at 0x7f8d0a3cf550>,20,17,[12  2],21,-1,38,-1,21
1,<environment.Job instance at 0x7f8d0034af00>,22,23,[5 8],23,-1,49,-1,26
1,<environment.Job instance at 0x7f8d0a3cfbe0>,21,26,[6 2],22,-1,52,-1,26
1,<environment.Job instance at 0x7f8d0a3cfaa0>,25,21,[ 4 14],26,-1,47,-1,26
1,<environment.Job instance at 0x7f8d0a3cf780>,26,28,[5 6],27,-1,55,-1,27
1,<environment.Job instance at 0x7f8d0a3cf690>,27,20,[ 2 11],28,-1,48,-1,28
1,<environment.Job instance at 0x7f8d0a3cf640>,28,13,[12  1],29,-1,42,-1,29
1,<environment.Job instance at 0x7f8d0a3cf6e0>,29,12,[14  3],30,-1,42,-1,30
1,<environment.Job instance at 0x7f8d0a3cf9b0>,30,23,[ 4 11],31,-1,54,-1,31
1,<environment.Job instance at 0x7f8d0091c0a0>,31,14,[ 2 14],32,-1,46,-1,32
1,<environment.Job instance at 0x7f8d0091ceb0>,32,27,[1 8],33,-1,67,-1,40
1,<environment.Job instance at 0x7f8d0a3cffa0>,33,26,[7 4],34,-1,66,-1,40
1,<environment.Job instance at 0x7f8d0091c6e0>,34,20,[14  3],35,-1,60,-1,40
1,<environment.Job instance at 0x7f8d0091c320>,35,25,[5 2],36,-1,65,-1,40
1,<environment.Job instance at 0x7f8d0091c550>,36,24,[6 3],37,-1,64,-1,40
1,<environment.Job instance at 0x7f8d0091c7d0>,37,25,[ 2 14],38,-1,65,-1,40
1,<environment.Job instance at 0x7f8d0a3c86e0>,40,28,[8 2],41,-1,82,-1,54
1,<environment.Job instance at 0x7f8d0a3c8190>,41,26,[14  3],42,-1,80,-1,54
1,<environment.Job instance at 0x7f8d0a3c80f0>,42,27,[12  1],43,-1,81,-1,54
1,<environment.Job instance at 0x7f8d0a3c8370>,43,27,[ 3 11],44,-1,81,-1,54
1,<environment.Job instance at 0x7f8d0a3c8fa0>,44,15,[ 3 13],45,-1,69,-1,54
1,<environment.Job instance at 0x7f8d0a3c8eb0>,45,21,[ 5 12],46,-1,75,-1,54
1,<environment.Job instance at 0x7f8d0a3c8820>,47,23,[9 5],48,-1,77,-1,54
1,<environment.Job instance at 0x7f8d00ce9550>,51,25,[12  5],52,-1,80,-1,55
1,<environment.Job instance at 0x7f8d00ce9f50>,52,24,[6 4],53,-1,94,-1,70
1,<environment.Job instance at 0x7f8d00ce9500>,53,19,[ 2 11],54,-1,89,-1,70
1,<environment.Job instance at 0x7f8d00ce9780>,54,23,[13  3],55,-1,93,-1,70
1,<environment.Job instance at 0x7f8d00a99370>,6,28,[5 7],7,-1,35,-1,7
1,<environment.Job instance at 0x7f8d0a3c8eb0>,0,27,[14  3],1,-1,28,-1,1
1,<environment.Job instance at 0x7f8d0a3c8fa0>,1,18,[ 1 14],2,-1,20,-1,2
1,<environment.Job instance at 0x7f8d0a3c8280>,3,15,[11  2],4,-1,19,-1,4
1,<environment.Job instance at 0x7f8d0a3c86e0>,4,13,[ 1 12],5,-1,18,-1,5
1,<environment.Job instance at 0x7f8d0a3c8730>,7,16,[ 4 11],8,-1,24,-1,8
1,<environment.Job instance at 0x7f8d0091c320>,8,17,[13  3],9,-1,26,-1,9
1,<environment.Job instance at 0x7f8d0091cb90>,9,22,[ 3 11],10,-1,32,-1,10
1,<environment.Job instance at 0x7f8d0a3c8640>,11,13,[ 5 12],12,-1,25,-1,12
1,<environment.Job instance at 0x7f8d0091c5a0>,12,23,[ 5 11],13,-1,36,-1,13
1,<environment.Job instance at 0x7f8d0091c550>,13,27,[12  4],14,-1,41,-1,14
1,<environment.Job instance at 0x7f8d0a3cffa0>,14,13,[12  4],15,-1,28,-1,15
1,<environment.Job instance at 0x7f8d0a3c8690>,6,28,[5 7],7,-1,45,-1,17
1,<environment.Job instance at 0x7f8d0a3cf9b0>,15,23,[9 4],16,-1,40,-1,17
1,<environment.Job instance at 0x7f8d0091c960>,16,13,[ 3 14],17,-1,30,-1,17
1,<environment.Job instance at 0x7f8d0a3cfb40>,17,24,[ 4 14],18,-1,42,-1,18
1,<environment.Job instance at 0x7f8d0a3cf690>,19,24,[13  3],20,-1,44,-1,20
1,<environment.Job instance at 0x7f8d0a3cfcd0>,21,22,[13  5],22,-1,44,-1,22
1,<environment.Job instance at 0x7f8d0a3cfd70>,22,14,[ 3 13],23,-1,37,-1,23
1,<environment.Job instance at 0x7f8d0a3cf550>,23,26,[14  2],24,-1,50,-1,24
1,<environment.Job instance at 0x7f8d0034a050>,24,13,[13  4],25,-1,38,-1,25
1,<environment.Job instance at 0x7f8d0a3cff00>,27,25,[11  1],28,-1,53,-1,28
1,<environment.Job instance at 0x7f8d00b48d20>,28,19,[13  3],29,-1,48,-1,29
1,<environment.Job instance at 0x7f8d0034a230>,30,25,[13  4],31,-1,56,-1,31
1,<environment.Job instance at 0x7f8d0a3cfb90>,20,27,[9 5],21,-1,64,-1,37
1,<environment.Job instance at 0x7f8d00b48500>,33,18,[ 2 13],34,-1,55,-1,37
1,<environment.Job instance at 0x7f8d25a28f00>,26,23,[2 8],27,-1,60,-1,37
1,<environment.Job instance at 0x7f8d0106b140>,37,14,[12  2],38,-1,52,-1,38
1,<environment.Job instance at 0x7f8d01082f00>,38,17,[12  4],39,-1,56,-1,39
1,<environment.Job instance at 0x7f8d01082b90>,39,25,[6 4],40,-1,74,-1,49
1,<environment.Job instance at 0x7f8d01082cd0>,42,18,[ 2 13],43,-1,67,-1,49
1,<environment.Job instance at 0x7f8d01082eb0>,43,14,[14  2],44,-1,63,-1,49
1,<environment.Job instance at 0x7f8d01082af0>,44,27,[ 1 12],45,-1,76,-1,49
1,<environment.Job instance at 0x7f8d01082550>,45,15,[13  4],46,-1,64,-1,49
1,<environment.Job instance at 0x7f8d01082870>,46,24,[ 4 14],47,-1,73,-1,49
1,<environment.Job instance at 0x7f8d01082690>,48,16,[12  5],49,-1,66,-1,50
1,<environment.Job instance at 0x7f8d00a9c460>,51,19,[ 4 14],52,-1,83,-1,64
1,<environment.Job instance at 0x7f8d01082230>,50,23,[3 9],51,-1,88,-1,65
1,<environment.Job instance at 0x7f8d00a9c780>,54,17,[14  3],55,-1,82,-1,65
1,<environment.Job instance at 0x7f8d00a88e10>,0,18,[11  2],1,-1,19,-1,1
1,<environment.Job instance at 0x7f8d00a881e0>,1,20,[ 3 14],2,-1,22,-1,2
1,<environment.Job instance at 0x7f8d00a88d20>,2,24,[14  5],3,-1,27,-1,3
1,<environment.Job instance at 0x7f8d00a88410>,3,24,[14  5],4,-1,28,-1,4
1,<environment.Job instance at 0x7f8d00a88af0>,4,12,[ 4 11],5,-1,17,-1,5
1,<environment.Job instance at 0x7f8d00a88e60>,5,22,[ 3 14],6,-1,28,-1,6
1,<environment.Job instance at 0x7f8d00a88a00>,6,14,[ 1 13],7,-1,21,-1,7
1,<environment.Job instance at 0x7f8d00a88be0>,7,16,[13  5],8,-1,24,-1,8
1,<environment.Job instance at 0x7f8d00a883c0>,8,25,[5 3],9,-1,34,-1,9
1,<environment.Job instance at 0x7f8d00a882d0>,10,22,[ 3 14],11,-1,33,-1,11
1,<environment.Job instance at 0x7f8d00a88640>,12,14,[13  1],13,-1,27,-1,13
1,<environment.Job instance at 0x7f8d00a9cc30>,13,27,[ 4 14],14,-1,41,-1,14
1,<environment.Job instance at 0x7f8d00a9c690>,17,28,[13  5],18,-1,46,-1,18
1,<environment.Job instance at 0x7f8d00a9c190>,19,21,[ 3 14],20,-1,41,-1,20
1,<environment.Job instance at 0x7f8d00a9c5f0>,18,23,[6 4],19,-1,45,-1,22
1,<environment.Job instance at 0x7f8d00a9c370>,21,27,[5 5],22,-1,49,-1,22
1,<environment.Job instance at 0x7f8d00a9c050>,24,26,[12  3],25,-1,51,-1,25
1,<environment.Job instance at 0x7f8d01082690>,25,20,[14  4],26,-1,46,-1,26
1,<environment.Job instance at 0x7f8d01082410>,26,15,[13  2],27,-1,42,-1,27
1,<environment.Job instance at 0x7f8d010827d0>,27,24,[ 5 13],28,-1,52,-1,28
1,<environment.Job instance at 0x7f8d01082730>,28,25,[13  5],29,-1,54,-1,29
1,<environment.Job instance at 0x7f8d01082d20>,29,19,[ 2 13],30,-1,49,-1,30
1,<environment.Job instance at 0x7f8d00a9c460>,23,25,[5 5],24,-1,56,-1,31
1,<environment.Job instance at 0x7f8d01082e10>,31,19,[14  2],32,-1,51,-1,32
1,<environment.Job instance at 0x7f8d01082b90>,32,18,[14  4],33,-1,51,-1,33
1,<environment.Job instance at 0x7f8d01082d70>,33,14,[14  2],34,-1,48,-1,34
1,<environment.Job instance at 0x7f8d01082dc0>,30,25,[8 3],31,-1,70,-1,45
1,<environment.Job instance at 0x7f8d00a99500>,38,27,[1 9],39,-1,72,-1,45
1,<environment.Job instance at 0x7f8d00a990f0>,39,27,[14  4],40,-1,72,-1,45
1,<environment.Job instance at 0x7f8d00b48f00>,41,26,[ 5 14],42,-1,71,-1,45
1,<environment.Job instance at 0x7f8d25a28f00>,42,26,[ 2 13],43,-1,71,-1,45
1,<environment.Job instance at 0x7f8d00b482d0>,44,25,[ 4 10],45,-1,73,-1,48
1,<environment.Job instance at 0x7f8d0034aa50>,45,26,[7 1],46,-1,74,-1,48
1,<environment.Job instance at 0x7f8d0034aeb0>,47,17,[ 4 13],48,-1,65,-1,48
1,<environment.Job instance at 0x7f8d0a3cfb90>,50,27,[13  4],51,-1,85,-1,58
1,<environment.Job instance at 0x7f8d0a3cf730>,51,17,[13  4],52,-1,75,-1,58
1,<environment.Job instance at 0x7f8d0a3cf5a0>,52,13,[14  2],53,-1,71,-1,58
1,<environment.Job instance at 0x7f8d0a3cf910>,54,24,[10  1],55,-1,86,-1,62
1,<environment.Job instance at 0x7f8d0091c960>,58,26,[14  2],59,-1,101,-1,75
1,<environment.Job instance at 0x7f8d0091cb90>,59,25,[13  4],60,-1,100,-1,75
1,<environment.Job instance at 0x7f8d0091c0a0>,60,27,[6 1],61,-1,103,-1,76
1,<environment.Job instance at 0x7f8d0091c6e0>,61,26,[ 3 14],62,-1,102,-1,76
1,<environment.Job instance at 0x7f8d0a3c8690>,63,16,[12  2],64,-1,92,-1,76
1,<environment.Job instance at 0x7f8d0a3c8870>,64,17,[ 4 11],65,-1,93,-1,76
1,<environment.Job instance at 0x7f8d0080a4b0>,3,18,[4 9],4,-1,22,-1,4
1,<environment.Job instance at 0x7f8d0080acd0>,10,28,[ 5 10],11,-1,42,-1,14
1,<environment.Job instance at 0x7f8d0080a460>,9,27,[5 1],10,-1,41,-1,14
1,<environment.Job instance at 0x7f8d0080ae60>,11,27,[11  5],12,-1,41,-1,14
1,<environment.Job instance at 0x7f8d0080a320>,14,18,[ 1 10],15,-1,33,-1,15
1,<environment.Job instance at 0x7f8d0080ae10>,15,27,[12  4],16,-1,74,-1,47
1,<environment.Job instance at 0x7f8d0080a5a0>,16,20,[ 5 12],17,-1,76,-1,56
1,<environment.Job instance at 0x7f8d0080aaa0>,20,18,[7 5],21,-1,75,-1,57
1,<environment.Job instance at 0x7f8d0080a910>,21,28,[13  3],22,-1,86,-1,58
1,<environment.Job instance at 0x7f8d0080afa0>,22,22,[ 3 11],23,-1,80,-1,58
1,<environment.Job instance at 0x7f8d0080a960>,23,21,[ 2 13],24,-1,79,-1,58
1,<environment.Job instance at 0x7f8d0080a050>,18,16,[ 1 14],19,-1,74,-1,58
1,<environment.Job instance at 0x7f8d00ba4d70>,24,22,[10  2],25,-1,80,-1,58
1,<environment.Job instance at 0x7f8d0080a7d0>,13,16,[12  4],14,-1,74,-1,58
1,<environment.Job instance at 0x7f8d0080a0a0>,19,14,[1 7],20,-1,72,-1,58
1,<environment.Job instance at 0x7f8d00ba4be0>,29,17,[11  3],30,-1,75,-1,58
1,<environment.Job instance at 0x7f8d00ba47d0>,25,26,[13  3],26,-1,84,-1,58
1,<environment.Job instance at 0x7f8d00ba4780>,26,24,[8 2],27,-1,82,-1,58
1,<environment.Job instance at 0x7f8d00ba42d0>,34,18,[ 1 11],35,-1,76,-1,58
1,<environment.Job instance at 0x7f8d00ba4e10>,35,18,[2 5],36,-1,76,-1,58
1,<environment.Job instance at 0x7f8d00b139b0>,1,22,[ 4 12],2,-1,24,-1,2
1,<environment.Job instance at 0x7f8d008d7fa0>,4,27,[12  1],5,-1,32,-1,5
1,<environment.Job instance at 0x7f8d0a3c8280>,5,18,[14  5],6,-1,24,-1,6
1,<environment.Job instance at 0x7f8d0a3c86e0>,6,13,[ 5 11],7,-1,20,-1,7
1,<environment.Job instance at 0x7f8d0a3c8870>,7,27,[12  2],8,-1,35,-1,8
1,<environment.Job instance at 0x7f8d0091c0a0>,11,27,[11  5],12,-1,39,-1,12
1,<environment.Job instance at 0x7f8d0091c5a0>,12,23,[14  5],13,-1,36,-1,13
1,<environment.Job instance at 0x7f8d0091c550>,13,16,[12  4],14,-1,30,-1,14
1,<environment.Job instance at 0x7f8d25a28f00>,15,27,[12  4],16,-1,43,-1,16
1,<environment.Job instance at 0x7f8d0034aeb0>,16,20,[ 5 12],17,-1,37,-1,17
1,<environment.Job instance at 0x7f8d00a885f0>,17,28,[12  4],18,-1,46,-1,18
1,<environment.Job instance at 0x7f8d00a88550>,18,16,[ 1 14],19,-1,35,-1,19
1,<environment.Job instance at 0x7f8d0091c320>,9,27,[5 1],10,-1,49,-1,22
1,<environment.Job instance at 0x7f8d00a882d0>,21,28,[13  3],22,-1,50,-1,22
1,<environment.Job instance at 0x7f8d00a88460>,22,22,[ 3 11],23,-1,45,-1,23
1,<environment.Job instance at 0x7f8d00a88050>,23,21,[ 2 13],24,-1,45,-1,24
1,<environment.Job instance at 0x7f8d00a88d20>,25,26,[13  3],26,-1,52,-1,26
1,<environment.Job instance at 0x7f8d0a3c8730>,10,28,[ 5 10],11,-1,60,-1,32
1,<environment.Job instance at 0x7f8d00a88cd0>,26,24,[8 2],27,-1,56,-1,32
1,<environment.Job instance at 0x7f8d00a88e10>,28,12,[11  1],29,-1,44,-1,32
1,<environment.Job instance at 0x7f8d00a881e0>,29,17,[11  3],30,-1,49,-1,32
1,<environment.Job instance at 0x7f8d0080a190>,30,16,[12  1],31,-1,48,-1,32
1,<environment.Job instance at 0x7f8d0080a9b0>,31,15,[ 4 13],32,-1,47,-1,32
1,<environment.Job instance at 0x7f8d005d1fa0>,32,28,[13  1],33,-1,61,-1,33
1,<environment.Job instance at 0x7f8d010acdc0>,33,24,[ 4 13],34,-1,58,-1,34
1,<environment.Job instance at 0x7f8d005de460>,34,18,[ 1 11],35,-1,53,-1,35
1,<environment.Job instance at 0x7f8d005d1370>,36,14,[12  5],37,-1,51,-1,37
1,<environment.Job instance at 0x7f8d00667f50>,37,21,[13  2],38,-1,59,-1,38
1,<environment.Job instance at 0x7f8d006670a0>,39,28,[13  2],40,-1,68,-1,40
1,<environment.Job instance at 0x7f8d001dbaf0>,41,24,[2 6],42,-1,70,-1,46
1,<environment.Job instance at 0x7f8d001dbe10>,42,13,[ 5 12],43,-1,59,-1,46
1,<environment.Job instance at 0x7f8d001dbc80>,43,20,[ 2 11],44,-1,66,-1,46
1,<environment.Job instance at 0x7f8d001dbc30>,45,14,[11  2],46,-1,60,-1,46
1,<environment.Job instance at 0x7f8d001db1e0>,50,25,[ 5 14],51,-1,85,-1,60
1,<environment.Job instance at 0x7f8d001db820>,51,17,[ 1 13],52,-1,77,-1,60
1,<environment.Job instance at 0x7f8d001db280>,52,16,[ 1 13],53,-1,76,-1,60
1,<environment.Job instance at 0x7f8d001dbcd0>,55,25,[3 9],56,-1,99,-1,74
1,<environment.Job instance at 0x7f8d001db730>,47,25,[3 7],48,-1,99,-1,74
1,<environment.Job instance at 0x7f8d001db6e0>,57,13,[ 1 13],58,-1,87,-1,74
1,<environment.Job instance at 0x7f8d001dba00>,58,28,[3 6],59,-1,102,-1,74
1,<environment.Job instance at 0x7f8d001db4b0>,59,12,[ 4 11],60,-1,86,-1,74
1,<environment.Job instance at 0x7f8d001db5a0>,53,28,[2 7],54,-1,102,-1,74
1,<environment.Job instance at 0x7f8d011db2d0>,62,22,[ 5 12],63,-1,96,-1,74
1,<environment.Job instance at 0x7f8d011dbb90>,63,17,[13  5],64,-1,91,-1,74
1,<environment.Job instance at 0x7f8d011dbcd0>,65,13,[12  4],66,-1,87,-1,74
1,<environment.Job instance at 0x7f8d000f04b0>,1,18,[4 9],2,-1,20,-1,2
1,<environment.Job instance at 0x7f8d000f00a0>,3,23,[1 5],4,-1,27,-1,4
1,<environment.Job instance at 0x7f8d000f0b90>,4,27,[2 8],5,-1,32,-1,5
1,<environment.Job instance at 0x7f8d000f0730>,6,16,[8 2],7,-1,23,-1,7
1,<environment.Job instance at 0x7f8d000f0500>,12,12,[7 2],13,-1,26,-1,14
1,<environment.Job instance at 0x7f8d000f0e60>,13,24,[13  4],14,-1,38,-1,14
1,<environment.Job instance at 0x7f8d00049f00>,21,14,[14  2],22,-1,44,-1,30
1,<environment.Job instance at 0x7f8d000493c0>,20,22,[10  1],21,-1,52,-1,30
1,<environment.Job instance at 0x7f8d000f05f0>,17,15,[13  3],18,-1,45,-1,30
1,<environment.Job instance at 0x7f8d000f0c30>,16,14,[13  4],17,-1,48,-1,34
1,<environment.Job instance at 0x7f8d00049f50>,26,25,[ 2 13],27,-1,59,-1,34
1,<environment.Job instance at 0x7f8d00049eb0>,22,25,[8 5],23,-1,74,-1,49
1,<environment.Job instance at 0x7f8d000f02d0>,14,19,[ 2 13],15,-1,68,-1,49
1,<environment.Job instance at 0x7f8d00049e60>,24,15,[14  4],25,-1,64,-1,49
1,<environment.Job instance at 0x7f8d00049370>,28,26,[11  4],29,-1,75,-1,49
1,<environment.Job instance at 0x7f8d00049230>,30,25,[6 2],31,-1,74,-1,49
1,<environment.Job instance at 0x7f8d000f0cd0>,10,18,[ 4 11],11,-1,67,-1,49
1,<environment.Job instance at 0x7f8d00049dc0>,29,21,[12  2],30,-1,71,-1,50
1,<environment.Job instance at 0x7f8d00049280>,31,23,[5 5],32,-1,73,-1,50
1,<environment.Job instance at 0x7f8d00049320>,35,14,[ 5 13],36,-1,74,-1,60
1,<environment.Job instance at 0x7f8d00049aa0>,33,17,[ 4 12],34,-1,77,-1,60
1,<environment.Job instance at 0x7f8d00049e10>,37,22,[ 4 13],38,-1,82,-1,60
1,<environment.Job instance at 0x7f8d000490a0>,39,21,[ 4 14],40,-1,81,-1,60
1,<environment.Job instance at 0x7f8d00049c30>,40,23,[3 9],41,-1,83,-1,60
1,<environment.Job instance at 0x7f8d00049b90>,27,15,[ 5 12],28,-1,75,-1,60
1,<environment.Job instance at 0x7f8d00049820>,42,23,[5 8],43,-1,83,-1,60
1,<environment.Job instance at 0x7f8d00049af0>,41,13,[12  5],42,-1,74,-1,61
1,<environment.Job instance at 0x7f8d00053e10>,44,27,[14  2],45,-1,88,-1,61
1,<environment.Job instance at 0x7f8d00053550>,45,28,[11  2],46,-1,89,-1,61
1,<environment.Job instance at 0x7f8d000533c0>,46,18,[12  4],47,-1,79,-1,61
1,<environment.Job instance at 0x7f8d00053cd0>,43,23,[5 5],44,-1,84,-1,61
1,<environment.Job instance at 0x7f8d00053e60>,47,15,[4 7],48,-1,76,-1,61
1,<environment.Job instance at 0x7f8d00049140>,38,14,[6 5],39,-1,75,-1,61
1,<environment.Job instance at 0x7f8d000491e0>,34,21,[3 7],35,-1,82,-1,61
1,<environment.Job instance at 0x7f8d00053c30>,53,21,[8 3],54,-1,88,-1,67
1,<environment.Job instance at 0x7f8d011dbd20>,7,14,[11  4],8,-1,22,-1,8
1,<environment.Job instance at 0x7f8d011db6e0>,8,14,[14  5],9,-1,23,-1,9
1,<environment.Job instance at 0x7f8d011db320>,10,18,[ 4 11],11,-1,33,-1,15
1,<environment.Job instance at 0x7f8d011dbe10>,11,18,[ 3 12],12,-1,33,-1,15
1,<environment.Job instance at 0x7f8d011dbaf0>,3,23,[1 5],4,-1,43,-1,20
1,<environment.Job instance at 0x7f8d001dba00>,13,24,[13  4],14,-1,44,-1,20
1,<environment.Job instance at 0x7f8d001db230>,14,19,[ 2 13],15,-1,39,-1,20
1,<environment.Job instance at 0x7f8d00ed00f0>,4,27,[2 8],5,-1,47,-1,20
1,<environment.Job instance at 0x7f8d001db280>,16,14,[13  4],17,-1,34,-1,20
1,<environment.Job instance at 0x7f8d001db5a0>,17,15,[13  3],18,-1,35,-1,20
1,<environment.Job instance at 0x7f8d001dbcd0>,18,12,[ 5 11],19,-1,32,-1,20
1,<environment.Job instance at 0x7f8d001db780>,19,25,[5 1],20,-1,45,-1,20
1,<environment.Job instance at 0x7f8d001db0a0>,21,14,[14  2],22,-1,36,-1,22
1,<environment.Job instance at 0x7f8d001db500>,24,15,[14  4],25,-1,47,-1,32
1,<environment.Job instance at 0x7f8d001db910>,22,25,[8 5],23,-1,57,-1,32
1,<environment.Job instance at 0x7f8d001dbb90>,26,25,[ 2 13],27,-1,57,-1,32
1,<environment.Job instance at 0x7f8d001db370>,27,15,[ 5 12],28,-1,47,-1,32
1,<environment.Job instance at 0x7f8d001db870>,28,26,[11  4],29,-1,58,-1,32
1,<environment.Job instance at 0x7f8d001db140>,29,21,[12  2],30,-1,53,-1,32
1,<environment.Job instance at 0x7f8d001dbdc0>,30,25,[6 2],31,-1,57,-1,32
1,<environment.Job instance at 0x7f8d25a28f00>,31,23,[5 5],32,-1,55,-1,32
1,<environment.Job instance at 0x7f8d0080a190>,33,17,[ 4 12],34,-1,51,-1,34
1,<environment.Job instance at 0x7f8d0a3c8870>,35,14,[ 5 13],36,-1,52,-1,38
1,<environment.Job instance at 0x7f8d0a3c8fa0>,37,22,[ 4 13],38,-1,60,-1,38
1,<environment.Job instance at 0x7f8d00049690>,39,21,[ 4 14],40,-1,65,-1,44
1,<environment.Job instance at 0x7f8d00053820>,41,13,[12  5],42,-1,57,-1,44
1,<environment.Job instance at 0x7f8d0a3c86e0>,40,23,[3 9],41,-1,81,-1,58
1,<environment.Job instance at 0x7f8cfffebaa0>,43,23,[5 5],44,-1,81,-1,58
1,<environment.Job instance at 0x7f8cfffeb8c0>,44,27,[14  2],45,-1,85,-1,58
1,<environment.Job instance at 0x7f8d0a3c8640>,45,28,[11  2],46,-1,86,-1,58
1,<environment.Job instance at 0x7f8d000f0870>,46,18,[12  4],47,-1,76,-1,58
1,<environment.Job instance at 0x7f8d00053230>,42,23,[5 8],43,-1,81,-1,58
1,<environment.Job instance at 0x7f8d000f13c0>,51,15,[ 2 12],52,-1,85,-1,70
1,<environment.Job instance at 0x7f8d000f1460>,52,24,[ 1 11],53,-1,94,-1,70
1,<environment.Job instance at 0x7f8d000f1410>,55,25,[ 3 14],56,-1,99,-1,74
1,<environment.Job instance at 0x7f8d000f1be0>,57,13,[12  4],58,-1,87,-1,74
1,<environment.Job instance at 0x7f8d01374370>,0,23,[2 9],1,-1,25,-1,2
1,<environment.Job instance at 0x7f8d002fa190>,2,23,[8 3],3,-1,26,-1,3
1,<environment.Job instance at 0x7f8d000f12d0>,0,23,[2 9],1,-1,24,-1,1
1,<environment.Job instance at 0x7f8d000f1af0>,2,23,[8 3],3,-1,26,-1,3
1,<environment.Job instance at 0x7f8d000f1fa0>,3,13,[13  3],4,-1,17,-1,4
1,<environment.Job instance at 0x7f8d000f1550>,4,25,[ 1 14],5,-1,30,-1,5
1,<environment.Job instance at 0x7f8d000f1dc0>,5,19,[13  1],6,-1,25,-1,6
1,<environment.Job instance at 0x7f8d000f10a0>,6,15,[12  3],7,-1,22,-1,7
1,<environment.Job instance at 0x7f8d000f1320>,7,24,[ 1 11],8,-1,32,-1,8
1,<environment.Job instance at 0x7f8d000f1910>,8,27,[10  4],9,-1,36,-1,9
1,<environment.Job instance at 0x7f8d000f1b90>,9,26,[5 5],10,-1,36,-1,10
1,<environment.Job instance at 0x7f8d000f1190>,11,19,[13  1],12,-1,31,-1,12
1,<environment.Job instance at 0x7f8d000f1a50>,12,16,[11  1],13,-1,29,-1,13
1,<environment.Job instance at 0x7f8d000f1cd0>,13,28,[ 4 11],14,-1,42,-1,14
1,<environment.Job instance at 0x7f8d0126e140>,15,24,[13  5],16,-1,40,-1,16
1,<environment.Job instance at 0x7f8d000f1c80>,16,26,[12  1],17,-1,43,-1,17
1,<environment.Job instance at 0x7f8d000f1a00>,19,17,[ 2 13],20,-1,37,-1,20
1,<environment.Job instance at 0x7f8d000f0d70>,21,26,[7 1],22,-1,51,-1,25
1,<environment.Job instance at 0x7f8d000f15f0>,23,15,[14  1],24,-1,40,-1,25
1,<environment.Job instance at 0x7f8d00049500>,25,17,[14  2],26,-1,43,-1,26
1,<environment.Job instance at 0x7f8d011db280>,26,20,[11  4],27,-1,47,-1,27
1,<environment.Job instance at 0x7f8d011dbcd0>,29,23,[5 6],30,-1,61,-1,38
1,<environment.Job instance at 0x7f8d011db2d0>,30,14,[ 4 13],31,-1,52,-1,38
1,<environment.Job instance at 0x7f8d011dbaf0>,31,23,[ 5 14],32,-1,61,-1,38
1,<environment.Job instance at 0x7f8d007f5f50>,32,23,[13  5],33,-1,61,-1,38
1,<environment.Job instance at 0x7f8d011dbf00>,33,22,[ 2 14],34,-1,60,-1,38
1,<environment.Job instance at 0x7f8d011db4b0>,34,17,[13  4],35,-1,55,-1,38
1,<environment.Job instance at 0x7f8d00ef71e0>,37,24,[ 4 13],38,-1,62,-1,38
1,<environment.Job instance at 0x7f8d00ef70f0>,38,28,[12  2],39,-1,67,-1,39
1,<environment.Job instance at 0x7f8d004269b0>,36,23,[9 1],37,-1,76,-1,53
1,<environment.Job instance at 0x7f8d00ef7640>,42,14,[12  1],43,-1,67,-1,53
1,<environment.Job instance at 0x7f8d00ef7550>,44,25,[10  1],45,-1,90,-1,65
1,<environment.Job instance at 0x7f8d00ef73c0>,45,13,[ 5 11],46,-1,78,-1,65
1,<environment.Job instance at 0x7f8d00ef7370>,46,12,[ 3 14],47,-1,77,-1,65
1,<environment.Job instance at 0x7f8d00c16f50>,48,13,[ 2 13],49,-1,78,-1,65
1,<environment.Job instance at 0x7f8d00c16d70>,49,14,[13  2],50,-1,79,-1,65
1,<environment.Job instance at 0x7f8d00c16eb0>,50,18,[11  2],51,-1,83,-1,65
1,<environment.Job instance at 0x7f8d00c168c0>,52,20,[ 2 12],53,-1,90,-1,70
1,<environment.Job instance at 0x7f8d00c16730>,53,20,[13  1],54,-1,90,-1,70
1,<environment.Job instance at 0x7f8d00c16780>,51,25,[ 1 10],52,-1,104,-1,79
1,<environment.Job instance at 0x7f8d00c16410>,56,26,[3 7],57,-1,105,-1,79
1,<environment.Job instance at 0x7f8d00c16960>,60,25,[12  2],61,-1,104,-1,79
1,<environment.Job instance at 0x7f8d00c16b40>,61,22,[11  3],62,-1,101,-1,79
1,<environment.Job instance at 0x7f8d00c164b0>,62,24,[12  5],63,-1,103,-1,79
1,<environment.Job instance at 0x7f8d00fe0a50>,0,23,[8 4],1,-1,24,-1,1
1,<environment.Job instance at 0x7f8d015ce8c0>,0,23,[8 4],1,-1,24,-1,1
1,<environment.Job instance at 0x7f8d015ce870>,2,21,[11  5],3,-1,24,-1,3
1,<environment.Job instance at 0x7f8d015ce5f0>,3,18,[13  4],4,-1,22,-1,4
1,<environment.Job instance at 0x7f8d015cea50>,4,27,[8 5],5,-1,32,-1,5
1,<environment.Job instance at 0x7f8d015ce0a0>,5,12,[ 5 13],6,-1,18,-1,6
1,<environment.Job instance at 0x7f8d00c16af0>,7,20,[ 5 13],8,-1,28,-1,8
1,<environment.Job instance at 0x7f8d00c167d0>,8,19,[ 2 14],9,-1,28,-1,9
1,<environment.Job instance at 0x7f8d00c16190>,9,20,[13  2],10,-1,30,-1,10
1,<environment.Job instance at 0x7f8d00c16be0>,10,16,[ 2 14],11,-1,27,-1,11
1,<environment.Job instance at 0x7f8d015ce9b0>,12,16,[ 3 13],13,-1,29,-1,13
1,<environment.Job instance at 0x7f8d00c16500>,14,22,[14  1],15,-1,37,-1,15
1,<environment.Job instance at 0x7f8d00c16e10>,11,26,[7 3],12,-1,43,-1,17
1,<environment.Job instance at 0x7f8d00c169b0>,13,28,[ 5 10],14,-1,45,-1,17
1,<environment.Job instance at 0x7f8d00c16230>,16,15,[ 1 12],17,-1,32,-1,17
1,<environment.Job instance at 0x7f8d00c16730>,20,14,[13  5],21,-1,35,-1,21
1,<environment.Job instance at 0x7f8d00c16280>,23,27,[12  4],24,-1,51,-1,24
1,<environment.Job instance at 0x7f8d00c16f50>,24,18,[ 3 13],25,-1,43,-1,25
1,<environment.Job instance at 0x7f8d00ef7f50>,25,27,[ 1 14],26,-1,53,-1,26
1,<environment.Job instance at 0x7f8d00ef7050>,26,21,[14  2],27,-1,48,-1,27
1,<environment.Job instance at 0x7f8d00ef7be0>,27,22,[11  1],28,-1,50,-1,28
1,<environment.Job instance at 0x7f8d00ef7230>,28,26,[7 4],29,-1,55,-1,29
1,<environment.Job instance at 0x7f8d00c162d0>,29,12,[ 1 14],30,-1,42,-1,30
1,<environment.Job instance at 0x7f8d00ef73c0>,30,23,[ 4 14],31,-1,54,-1,31
1,<environment.Job instance at 0x7f8d00ef7730>,31,14,[13  2],32,-1,46,-1,32
1,<environment.Job instance at 0x7f8d007f5f50>,33,21,[11  2],34,-1,55,-1,34
1,<environment.Job instance at 0x7f8d00049690>,34,18,[ 2 11],35,-1,53,-1,35
1,<environment.Job instance at 0x7f8d00ef79b0>,35,17,[11  4],36,-1,53,-1,36
1,<environment.Job instance at 0x7f8d004269b0>,36,14,[ 4 14],37,-1,51,-1,37
1,<environment.Job instance at 0x7f8d00426190>,37,28,[12  5],38,-1,66,-1,38
1,<environment.Job instance at 0x7f8d00053820>,38,13,[12  5],39,-1,52,-1,39
1,<environment.Job instance at 0x7f8d000f0f00>,39,12,[11  5],40,-1,52,-1,40
1,<environment.Job instance at 0x7f8d00053780>,41,26,[5 3],42,-1,74,-1,48
1,<environment.Job instance at 0x7f8d0126e8c0>,42,27,[13  5],43,-1,75,-1,48
1,<environment.Job instance at 0x7f8d000f1d20>,43,28,[ 3 14],44,-1,76,-1,48
1,<environment.Job instance at 0x7f8d000f1f00>,44,21,[ 4 11],45,-1,69,-1,48
1,<environment.Job instance at 0x7f8d000f1a00>,45,18,[ 3 12],46,-1,66,-1,48
1,<environment.Job instance at 0x7f8d000f1460>,47,26,[14  5],48,-1,74,-1,48
1,<environment.Job instance at 0x7f8d000f1190>,48,24,[4 6],49,-1,75,-1,51
1,<environment.Job instance at 0x7f8d000f1cd0>,49,18,[13  1],50,-1,69,-1,51
1,<environment.Job instance at 0x7f8d000f1410>,50,20,[12  3],51,-1,71,-1,51
1,<environment.Job instance at 0x7f8d000f1050>,51,17,[ 5 14],52,-1,69,-1,52
1,<environment.Job instance at 0x7f8d000f19b0>,52,24,[8 5],53,-1,89,-1,65
1,<environment.Job instance at 0x7f8d000f10f0>,55,16,[ 2 13],56,-1,81,-1,65
1,<environment.Job instance at 0x7f8d000f1be0>,56,17,[12  3],57,-1,82,-1,65
1,<environment.Job instance at 0x7f8d000f1dc0>,57,14,[14  1],58,-1,79,-1,65
1,<environment.Job instance at 0x7f8d000f10a0>,53,24,[5 1],54,-1,89,-1,65
1,<environment.Job instance at 0x7f8d000f1fa0>,59,26,[3 6],60,-1,91,-1,65
1,<environment.Job instance at 0x7f8d01329cd0>,61,14,[11  5],62,-1,79,-1,65
1,<environment.Job instance at 0x7f8d000f14b0>,62,24,[ 4 12],63,-1,89,-1,65
1,<environment.Job instance at 0x7f8d000f1c30>,63,23,[1 6],64,-1,88,-1,65
1,<environment.Job instance at 0x7f8d01280410>,64,25,[12  2],65,-1,90,-1,65
1,<environment.Job instance at 0x7f8d000f1550>,58,25,[ 4 10],59,-1,92,-1,67
1,<environment.Job instance at 0x7f8d01280780>,66,24,[13  1],67,-1,91,-1,67
1,<environment.Job instance at 0x7f8d00fe09b0>,67,13,[11  1],68,-1,81,-1,68
1,<environment.Job instance at 0x7f8d00fe0aa0>,69,16,[13  1],70,-1,86,-1,70
1,<environment.Job instance at 0x7f8d00cbb7d0>,7,16,[8 3],8,-1,24,-1,8
1,<environment.Job instance at 0x7f8d00cbb8c0>,9,28,[8 2],10,-1,39,-1,11
1,<environment.Job instance at 0x7f8d00cbb500>,11,24,[5 2],12,-1,36,-1,12
1,<environment.Job instance at 0x7f8d01224dc0>,17,22,[4 8],18,-1,68,-1,46
1,<environment.Job instance at 0x7f8d012240a0>,19,24,[6 2],20,-1,70,-1,46
1,<environment.Job instance at 0x7f8d00cbb4b0>,14,25,[ 2 11],15,-1,71,-1,46
1,<environment.Job instance at 0x7f8d00cbba50>,0,14,[ 4 12],1,-1,15,-1,1
1,<environment.Job instance at 0x7f8d00f4a640>,3,13,[13  2],4,-1,17,-1,4
1,<environment.Job instance at 0x7f8d00f4afa0>,4,18,[13  5],5,-1,23,-1,5
1,<environment.Job instance at 0x7f8d00f4a0a0>,8,16,[11  2],9,-1,25,-1,9
1,<environment.Job instance at 0x7f8d00f4a4b0>,5,26,[2 5],6,-1,44,-1,18
1,<environment.Job instance at 0x7f8d00f4aa50>,11,24,[5 2],12,-1,42,-1,18
1,<environment.Job instance at 0x7f8cffee9b90>,13,17,[ 1 14],14,-1,35,-1,18
1,<environment.Job instance at 0x7f8cffee99b0>,14,25,[ 2 11],15,-1,43,-1,18
1,<environment.Job instance at 0x7f8cffee9c30>,15,19,[11  3],16,-1,37,-1,18
1,<environment.Job instance at 0x7f8d00f4a2d0>,9,28,[8 2],10,-1,46,-1,18
1,<environment.Job instance at 0x7f8d00f4a190>,10,23,[4 9],11,-1,41,-1,18
1,<environment.Job instance at 0x7f8cffee9550>,19,24,[6 2],20,-1,49,-1,25
1,<environment.Job instance at 0x7f8cffee9230>,20,13,[ 1 12],21,-1,38,-1,25
1,<environment.Job instance at 0x7f8cffee91e0>,21,16,[ 2 12],22,-1,41,-1,25
1,<environment.Job instance at 0x7f8cffee9cd0>,22,27,[ 3 11],23,-1,52,-1,25
1,<environment.Job instance at 0x7f8cffee9640>,23,21,[ 3 13],24,-1,46,-1,25
1,<environment.Job instance at 0x7f8cffee9a50>,25,21,[ 4 14],26,-1,47,-1,26
1,<environment.Job instance at 0x7f8cffee90f0>,26,13,[14  2],27,-1,40,-1,27
1,<environment.Job instance at 0x7f8cffee9960>,27,16,[ 4 14],28,-1,44,-1,28
1,<environment.Job instance at 0x7f8cffee9c80>,29,14,[13  3],30,-1,44,-1,30
1,<environment.Job instance at 0x7f8d00a59a00>,32,17,[ 3 11],33,-1,54,-1,37
1,<environment.Job instance at 0x7f8cffee9280>,30,24,[3 9],31,-1,75,-1,51
1,<environment.Job instance at 0x7f8d00a595f0>,34,27,[1 9],35,-1,78,-1,51
1,<environment.Job instance at 0x7f8d00a59050>,35,25,[ 2 12],36,-1,76,-1,51
1,<environment.Job instance at 0x7f8d00a59280>,36,27,[1 6],37,-1,78,-1,51
1,<environment.Job instance at 0x7f8d00a59690>,37,27,[8 5],38,-1,78,-1,51
1,<environment.Job instance at 0x7f8d00a59c30>,39,17,[ 1 11],40,-1,68,-1,51
1,<environment.Job instance at 0x7f8d00a598c0>,40,13,[ 3 14],41,-1,64,-1,51
1,<environment.Job instance at 0x7f8d0077b140>,43,16,[11  2],44,-1,67,-1,51
1,<environment.Job instance at 0x7f8d0077bfa0>,44,27,[5 2],45,-1,78,-1,51
1,<environment.Job instance at 0x7f8d0077b5f0>,45,13,[13  5],46,-1,64,-1,51
1,<environment.Job instance at 0x7f8d0077b460>,46,17,[13  3],47,-1,68,-1,51
1,<environment.Job instance at 0x7f8d0077bcd0>,47,26,[10  5],48,-1,81,-1,55
1,<environment.Job instance at 0x7f8d0077b370>,48,13,[14  3],49,-1,68,-1,55
1,<environment.Job instance at 0x7f8d0077b320>,49,26,[ 2 12],50,-1,81,-1,55
1,<environment.Job instance at 0x7f8d0077bd70>,50,26,[4 5],51,-1,81,-1,55
1,<environment.Job instance at 0x7f8d0077ba00>,52,24,[4 6],53,-1,89,-1,65
1,<environment.Job instance at 0x7f8d0077bd20>,53,15,[ 2 13],54,-1,80,-1,65
1,<environment.Job instance at 0x7f8d0077bdc0>,54,18,[11  2],55,-1,83,-1,65
1,<environment.Job instance at 0x7f8d0077b5a0>,57,18,[14  1],58,-1,83,-1,65
1,<environment.Job instance at 0x7f8d0077b230>,58,23,[ 1 11],59,-1,88,-1,65
1,<environment.Job instance at 0x7f8d0077b190>,59,19,[ 3 12],60,-1,84,-1,65
1,<environment.Job instance at 0x7f8d00771af0>,0,19,[4 5],1,-1,20,-1,1
1,<environment.Job instance at 0x7f8d00baf500>,6,22,[7 2],7,-1,30,-1,8
1,<environment.Job instance at 0x7f8d00baf5f0>,8,23,[8 3],9,-1,32,-1,9
1,<environment.Job instance at 0x7f8d00baf3c0>,10,25,[ 4 10],11,-1,36,-1,11
1,<environment.Job instance at 0x7f8d00bafb40>,11,13,[9 3],12,-1,25,-1,12
1,<environment.Job instance at 0x7f8d00bafe60>,12,14,[8 4],13,-1,27,-1,13
1,<environment.Job instance at 0x7f8d00b7e140>,16,16,[7 5],17,-1,33,-1,17
1,<environment.Job instance at 0x7f8d00771be0>,7,28,[3 5],8,-1,64,-1,36
1,<environment.Job instance at 0x7f8d00b7eb90>,24,14,[ 5 13],25,-1,50,-1,36
1,<environment.Job instance at 0x7f8d00b7e9b0>,25,23,[ 3 10],26,-1,62,-1,39
1,<environment.Job instance at 0x7f8d00b7e910>,26,20,[10  4],27,-1,70,-1,50
1,<environment.Job instance at 0x7f8d00b7e960>,27,23,[9 5],28,-1,73,-1,50
1,<environment.Job instance at 0x7f8d00b7e8c0>,22,18,[8 1],23,-1,69,-1,51
1,<environment.Job instance at 0x7f8d00b7e2d0>,29,21,[7 5],30,-1,72,-1,51
1,<environment.Job instance at 0x7f8d00b7e7d0>,28,27,[ 5 12],29,-1,78,-1,51
1,<environment.Job instance at 0x7f8d00b928c0>,32,18,[11  3],33,-1,69,-1,51
1,<environment.Job instance at 0x7f8d00b925a0>,34,18,[6 3],35,-1,69,-1,51
1,<environment.Job instance at 0x7f8d00baf6e0>,1,14,[14  3],2,-1,16,-1,2
1,<environment.Job instance at 0x7f8d00f4a3c0>,3,12,[ 5 12],4,-1,16,-1,4
1,<environment.Job instance at 0x7f8d00bafa50>,7,28,[3 5],8,-1,47,-1,19
1,<environment.Job instance at 0x7f8d01772820>,10,25,[ 4 10],11,-1,51,-1,26
1,<environment.Job instance at 0x7f8d01772140>,13,23,[1 5],14,-1,49,-1,26
1,<environment.Job instance at 0x7f8d01772190>,14,18,[ 1 12],15,-1,44,-1,26
1,<environment.Job instance at 0x7f8d01772870>,15,15,[ 3 13],16,-1,41,-1,26
1,<environment.Job instance at 0x7f8d01772dc0>,8,23,[8 3],9,-1,49,-1,26
1,<environment.Job instance at 0x7f8d01772b90>,17,16,[13  1],18,-1,42,-1,26
1,<environment.Job instance at 0x7f8d00c9e820>,19,14,[14  1],20,-1,40,-1,26
1,<environment.Job instance at 0x7f8d00c9e0a0>,21,19,[14  4],22,-1,50,-1,31
1,<environment.Job instance at 0x7f8d00c9ed20>,23,24,[9 1],24,-1,69,-1,45
1,<environment.Job instance at 0x7f8d00c9e230>,24,14,[ 5 13],25,-1,59,-1,45
1,<environment.Job instance at 0x7f8d00c9e730>,25,23,[ 3 10],26,-1,68,-1,45
1,<environment.Job instance at 0x7f8d00c9e640>,28,27,[ 5 12],29,-1,85,-1,58
1,<environment.Job instance at 0x7f8d00c9e960>,30,27,[ 3 13],31,-1,85,-1,58
1,<environment.Job instance at 0x7f8d00c9ef00>,27,23,[9 5],28,-1,81,-1,58
1,<environment.Job instance at 0x7f8d00c9eb40>,32,18,[11  3],33,-1,76,-1,58
1,<environment.Job instance at 0x7f8d00c9e780>,33,27,[1 7],34,-1,85,-1,58
1,<environment.Job instance at 0x7f8d00c9eeb0>,35,18,[ 3 12],36,-1,76,-1,58
1,<environment.Job instance at 0x7f8d017ae640>,39,15,[ 4 13],40,-1,73,-1,58
1,<environment.Job instance at 0x7f8d017ae0f0>,42,17,[ 5 14],43,-1,88,-1,71
1,<environment.Job instance at 0x7f8d017ae2d0>,43,14,[13  1],44,-1,85,-1,71
1,<environment.Job instance at 0x7f8d017ae050>,45,15,[ 5 14],46,-1,89,-1,74
1,<environment.Job instance at 0x7f8d017ae6e0>,47,18,[ 1 14],48,-1,92,-1,74
1,<environment.Job instance at 0x7f8d017ae730>,48,16,[12  4],49,-1,90,-1,74
1,<environment.Job instance at 0x7f8d00220820>,3,12,[11  1],4,-1,16,-1,4
1,<environment.Job instance at 0x7f8d002209b0>,4,15,[5 5],5,-1,20,-1,5
1,<environment.Job instance at 0x7f8d002206e0>,2,22,[ 2 10],3,-1,27,-1,5
1,<environment.Job instance at 0x7f8d00580c80>,0,17,[ 5 13],1,-1,18,-1,1
1,<environment.Job instance at 0x7f8d00580910>,1,27,[11  5],2,-1,29,-1,2
1,<environment.Job instance at 0x7f8d005806e0>,3,12,[11  1],4,-1,16,-1,4
1,<environment.Job instance at 0x7f8d00580140>,5,14,[ 5 13],6,-1,20,-1,6
1,<environment.Job instance at 0x7f8d00580be0>,6,13,[ 2 14],7,-1,20,-1,7
1,<environment.Job instance at 0x7f8d005801e0>,10,15,[ 3 13],11,-1,26,-1,11
1,<environment.Job instance at 0x7f8d00580870>,11,12,[ 3 14],12,-1,24,-1,12
1,<environment.Job instance at 0x7f8d00580e10>,9,24,[5 1],10,-1,44,-1,20
1,<environment.Job instance at 0x7f8d00580550>,15,17,[14  4],16,-1,37,-1,20
1,<environment.Job instance at 0x7f8d00580460>,12,27,[6 5],13,-1,47,-1,20
1,<environment.Job instance at 0x7f8d00c9e9b0>,18,16,[ 1 13],19,-1,36,-1,20
1,<environment.Job instance at 0x7f8d00c9e910>,19,25,[4 7],20,-1,50,-1,25
1,<environment.Job instance at 0x7f8d00c9ea00>,20,18,[ 2 11],21,-1,43,-1,25
1,<environment.Job instance at 0x7f8d00c9eaf0>,21,12,[13  5],22,-1,37,-1,25
1,<environment.Job instance at 0x7f8d00c9eaa0>,22,22,[14  4],23,-1,47,-1,25
1,<environment.Job instance at 0x7f8d00c9e1e0>,23,27,[5 3],24,-1,52,-1,25
1,<environment.Job instance at 0x7f8d00c9eb40>,24,25,[ 3 11],25,-1,50,-1,25
1,<environment.Job instance at 0x7f8d00580c30>,8,28,[1 7],9,-1,53,-1,25
1,<environment.Job instance at 0x7f8d00c9e780>,26,13,[13  1],27,-1,40,-1,27
1,<environment.Job instance at 0x7f8d00c9ef00>,27,26,[ 3 13],28,-1,54,-1,28
1,<environment.Job instance at 0x7f8d00c9ec80>,29,25,[12  5],30,-1,55,-1,30
1,<environment.Job instance at 0x7f8d00c9ed20>,30,27,[5 9],31,-1,64,-1,37
1,<environment.Job instance at 0x7f8d00c9e730>,32,26,[ 2 11],33,-1,63,-1,37
1,<environment.Job instance at 0x7f8d00c9e3c0>,25,24,[8 3],26,-1,62,-1,38
1,<environment.Job instance at 0x7f8d00c9e320>,35,27,[14  4],36,-1,65,-1,38
1,<environment.Job instance at 0x7f8d00b92a50>,36,18,[11  4],37,-1,56,-1,38
1,<environment.Job instance at 0x7f8d00c9e190>,37,24,[11  2],38,-1,62,-1,38
1,<environment.Job instance at 0x7f8d00c9eb90>,38,12,[12  3],39,-1,51,-1,39
1,<environment.Job instance at 0x7f8d00af2550>,40,13,[11  3],41,-1,54,-1,41
1,<environment.Job instance at 0x7f8d00bafa50>,41,22,[ 4 12],42,-1,64,-1,42
1,<environment.Job instance at 0x7f8d00220fa0>,42,20,[13  3],43,-1,63,-1,43
1,<environment.Job instance at 0x7f8d002a0730>,43,24,[14  1],44,-1,68,-1,44
1,<environment.Job instance at 0x7f8d00220190>,45,14,[ 1 13],46,-1,60,-1,46
1,<environment.Job instance at 0x7f8d002a0690>,46,17,[ 3 12],47,-1,64,-1,47
1,<environment.Job instance at 0x7f8d002a05f0>,47,26,[11  2],48,-1,74,-1,48
1,<environment.Job instance at 0x7f8d002a0550>,49,24,[11  1],50,-1,74,-1,50
1,<environment.Job instance at 0x7f8d0177e690>,50,23,[13  2],51,-1,74,-1,51
1,<environment.Job instance at 0x7f8d002a0870>,51,18,[13  5],52,-1,70,-1,52
1,<environment.Job instance at 0x7f8d0177e500>,53,28,[5 9],54,-1,91,-1,63
1,<environment.Job instance at 0x7f8d0177e5f0>,55,14,[11  2],56,-1,77,-1,63
1,<environment.Job instance at 0x7f8d00748280>,56,15,[12  2],57,-1,78,-1,63
1,<environment.Job instance at 0x7f8d00748410>,58,19,[14  2],59,-1,85,-1,66
1,<environment.Job instance at 0x7f8d007489b0>,59,20,[ 5 12],60,-1,86,-1,66
1,<environment.Job instance at 0x7f8d007482d0>,60,18,[14  1],61,-1,84,-1,66
1,<environment.Job instance at 0x7f8d00748b90>,61,19,[ 2 14],62,-1,85,-1,66
1,<environment.Job instance at 0x7f8d00748e10>,62,24,[ 2 14],63,-1,90,-1,66
1,<environment.Job instance at 0x7f8d00c62140>,63,28,[12  4],64,-1,94,-1,66
1,<environment.Job instance at 0x7f8d00c62550>,65,23,[3 6],66,-1,89,-1,66
1,<environment.Job instance at 0x7f8d00c62690>,66,25,[14  5],67,-1,92,-1,67
1,<environment.Job instance at 0x7f8d00c62c30>,70,18,[ 2 14],71,-1,94,-1,76
1,<environment.Job instance at 0x7f8d00c628c0>,71,28,[4 5],72,-1,107,-1,79
1,<environment.Job instance at 0x7f8d000e06e0>,2,17,[6 5],3,-1,20,-1,3
1,<environment.Job instance at 0x7f8d000e0aa0>,4,22,[8 3],5,-1,28,-1,6
1,<environment.Job instance at 0x7f8d000e0730>,10,20,[13  2],11,-1,44,-1,24
1,<environment.Job instance at 0x7f8d000e05a0>,13,26,[3 8],14,-1,50,-1,24
1,<environment.Job instance at 0x7f8d000da190>,18,26,[11  2],19,-1,50,-1,24
1,<environment.Job instance at 0x7f8d000daf50>,14,18,[14  4],15,-1,55,-1,37
1,<environment.Job instance at 0x7f8d000da230>,17,23,[9 2],18,-1,61,-1,38
1,<environment.Job instance at 0x7f8cffff07d0>,22,27,[11  3],23,-1,66,-1,39
1,<environment.Job instance at 0x7f8cffff0e60>,23,16,[14  4],24,-1,55,-1,39
1,<environment.Job instance at 0x7f8d000e0a00>,8,23,[11  2],9,-1,62,-1,39
1,<environment.Job instance at 0x7f8cffff0640>,21,26,[13  2],22,-1,65,-1,39
1,<environment.Job instance at 0x7f8d000e05f0>,6,16,[ 4 13],7,-1,93,-1,77
1,<environment.Job instance at 0x7f8cffff00f0>,29,27,[7 4],30,-1,104,-1,77
1,<environment.Job instance at 0x7f8cffff0050>,30,25,[9 5],31,-1,102,-1,77
1,<environment.Job instance at 0x7f8cffff0f00>,25,21,[ 3 11],26,-1,99,-1,78
1,<environment.Job instance at 0x7f8d014dbf00>,31,16,[8 3],32,-1,94,-1,78
1,<environment.Job instance at 0x7f8d00c9ec30>,1,21,[12  1],2,-1,23,-1,2
1,<environment.Job instance at 0x7f8d00c9ea50>,3,16,[11  3],4,-1,20,-1,4
1,<environment.Job instance at 0x7f8d00c9e960>,5,18,[11  2],6,-1,24,-1,6
1,<environment.Job instance at 0x7f8d00c9ea00>,6,16,[ 4 13],7,-1,23,-1,7
1,<environment.Job instance at 0x7f8d00c9e910>,7,17,[11  3],8,-1,25,-1,8
1,<environment.Job instance at 0x7f8d00c9e9b0>,8,23,[11  2],9,-1,32,-1,9
1,<environment.Job instance at 0x7f8d00c9e4b0>,10,20,[13  2],11,-1,31,-1,11
1,<environment.Job instance at 0x7f8d0174d690>,12,23,[ 3 13],13,-1,36,-1,13
1,<environment.Job instance at 0x7f8d00c9ecd0>,14,18,[14  4],15,-1,33,-1,15
1,<environment.Job instance at 0x7f8d01003f50>,17,23,[9 2],18,-1,43,-1,20
1,<environment.Job instance at 0x7f8d0174caf0>,18,26,[11  2],19,-1,46,-1,20
1,<environment.Job instance at 0x7f8d00ef04b0>,19,27,[14  4],20,-1,47,-1,20
1,<environment.Job instance at 0x7f8cffe83af0>,13,26,[3 8],14,-1,46,-1,20
1,<environment.Job instance at 0x7f8d00ef03c0>,21,26,[13  2],22,-1,48,-1,22
1,<environment.Job instance at 0x7f8d00ef0af0>,22,27,[11  3],23,-1,50,-1,23
1,<environment.Job instance at 0x7f8d00ef0370>,23,16,[14  4],24,-1,40,-1,24
1,<environment.Job instance at 0x7f8d00eda410>,24,27,[ 1 14],25,-1,52,-1,25
1,<environment.Job instance at 0x7f8d00eda500>,25,21,[ 3 11],26,-1,47,-1,26
1,<environment.Job instance at 0x7f8d00eda4b0>,26,20,[13  1],27,-1,47,-1,27
1,<environment.Job instance at 0x7f8d010cbb40>,28,22,[12  2],29,-1,51,-1,29
1,<environment.Job instance at 0x7f8d010cb8c0>,29,27,[7 4],30,-1,62,-1,35
1,<environment.Job instance at 0x7f8d00ef0dc0>,30,25,[9 5],31,-1,60,-1,35
1,<environment.Job instance at 0x7f8d010a8c30>,33,26,[14  5],34,-1,61,-1,35
1,<environment.Job instance at 0x7f8d010a85f0>,34,12,[11  4],35,-1,47,-1,35
1,<environment.Job instance at 0x7f8d006999b0>,35,26,[14  3],36,-1,62,-1,36
1,<environment.Job instance at 0x7f8d0069be10>,36,17,[ 5 11],37,-1,54,-1,37
1,<environment.Job instance at 0x7f8d0068d8c0>,37,26,[ 2 11],38,-1,64,-1,38
1,<environment.Job instance at 0x7f8d01097fa0>,39,18,[14  4],40,-1,61,-1,43
1,<environment.Job instance at 0x7f8d0135cf00>,43,24,[4 7],44,-1,99,-1,75
1,<environment.Job instance at 0x7f8d00ca0cd0>,45,21,[ 4 11],46,-1,96,-1,75
1,<environment.Job instance at 0x7f8d0024ec80>,0,28,[5 5],1,-1,29,-1,1
1,<environment.Job instance at 0x7f8d00c9e5f0>,8,19,[11  4],9,-1,61,-1,42
1,<environment.Job instance at 0x7f8d0025d2d0>,0,28,[5 5],1,-1,29,-1,1
1,<environment.Job instance at 0x7f8d0024b0f0>,1,21,[ 4 13],2,-1,23,-1,2
1,<environment.Job instance at 0x7f8d0025caa0>,2,15,[13  2],3,-1,18,-1,3
1,<environment.Job instance at 0x7f8d0025c7d0>,3,23,[ 5 11],4,-1,27,-1,4
1,<environment.Job instance at 0x7f8d0025cf00>,4,26,[ 5 11],5,-1,31,-1,5
1,<environment.Job instance at 0x7f8d0025cc80>,6,18,[13  2],7,-1,25,-1,7
1,<environment.Job instance at 0x7f8cffecafa0>,7,27,[12  5],8,-1,35,-1,8
1,<environment.Job instance at 0x7f8d0135cf00>,8,19,[11  4],9,-1,28,-1,9
1,<environment.Job instance at 0x7f8cffecaeb0>,9,22,[ 2 11],10,-1,32,-1,10
1,<environment.Job instance at 0x7f8d010cbb40>,12,12,[ 4 14],13,-1,25,-1,13
1,<environment.Job instance at 0x7f8d0174d690>,14,18,[14  1],15,-1,33,-1,15
1,<environment.Job instance at 0x7f8d00c9ba00>,16,15,[12  1],17,-1,32,-1,17
1,<environment.Job instance at 0x7f8d004a1b40>,17,13,[ 5 12],18,-1,31,-1,18
1,<environment.Job instance at 0x7f8d004a1be0>,18,28,[14  2],19,-1,47,-1,19
1,<environment.Job instance at 0x7f8d004a1c80>,20,15,[ 5 11],21,-1,36,-1,21
1,<environment.Job instance at 0x7f8d00ee4820>,21,20,[ 3 11],22,-1,42,-1,22
1,<environment.Job instance at 0x7f8d00ee4d70>,24,27,[ 3 13],25,-1,52,-1,25
1,<environment.Job instance at 0x7f8d00ee47d0>,22,28,[9 4],23,-1,53,-1,25
1,<environment.Job instance at 0x7f8d00fe5aa0>,25,23,[6 2],26,-1,49,-1,26
1,<environment.Job instance at 0x7f8d00313730>,26,22,[ 1 13],27,-1,49,-1,27
1,<environment.Job instance at 0x7f8d00313e60>,27,13,[14  2],28,-1,41,-1,28
1,<environment.Job instance at 0x7f8d0132ea50>,29,24,[ 3 13],30,-1,54,-1,30
1,<environment.Job instance at 0x7f8d00c9e4b0>,31,28,[11  3],32,-1,60,-1,32
1,<environment.Job instance at 0x7f8d00c9e9b0>,32,24,[1 5],33,-1,62,-1,38
1,<environment.Job instance at 0x7f8d00c9edc0>,36,19,[ 5 13],37,-1,57,-1,38
1,<environment.Job instance at 0x7f8d00c9e050>,35,24,[7 4],36,-1,70,-1,46
1,<environment.Job instance at 0x7f8d00c9ec80>,43,28,[9 1],44,-1,97,-1,69
1,<environment.Job instance at 0x7f8d00c9ec30>,44,23,[ 2 10],45,-1,96,-1,73
1,<environment.Job instance at 0x7f8d00258cd0>,46,18,[ 3 12],47,-1,91,-1,73
1,<environment.Job instance at 0x7f8d00258d20>,47,27,[ 5 11],48,-1,100,-1,73
1,<environment.Job instance at 0x7f8d002580f0>,48,18,[14  5],49,-1,91,-1,73
1,<environment.Job instance at 0x7f8d00258690>,50,19,[ 1 12],51,-1,92,-1,73
1,<environment.Job instance at 0x7f8cffebaeb0>,0,23,[5 5],1,-1,24,-1,1
1,<environment.Job instance at 0x7f8d00939500>,2,25,[2 8],3,-1,29,-1,4
1,<environment.Job instance at 0x7f8d00939640>,4,25,[4 7],5,-1,30,-1,5
1,<environment.Job instance at 0x7f8d00271cd0>,3,13,[7 3],4,-1,20,-1,7
1,<environment.Job instance at 0x7f8cffeba7d0>,0,23,[5 5],1,-1,24,-1,1
1,<environment.Job instance at 0x7f8cffeba3c0>,1,26,[14  4],2,-1,28,-1,2
1,<environment.Job instance at 0x7f8cffebab90>,2,25,[2 8],3,-1,28,-1,3
1,<environment.Job instance at 0x7f8d01363c30>,4,25,[4 7],5,-1,30,-1,5
1,<environment.Job instance at 0x7f8d013638c0>,5,25,[11  5],6,-1,31,-1,6
1,<environment.Job instance at 0x7f8d013630f0>,6,23,[14  2],7,-1,30,-1,7
1,<environment.Job instance at 0x7f8d01363a50>,7,28,[ 4 11],8,-1,36,-1,8
1,<environment.Job instance at 0x7f8d01363960>,9,18,[11  1],10,-1,28,-1,10
1,<environment.Job instance at 0x7f8cffeba280>,11,24,[ 3 14],12,-1,36,-1,12
1,<environment.Job instance at 0x7f8d01363690>,13,27,[ 3 12],14,-1,41,-1,14
1,<environment.Job instance at 0x7f8d013639b0>,15,25,[ 5 12],16,-1,41,-1,16
1,<environment.Job instance at 0x7f8d013630a0>,12,28,[5 4],13,-1,45,-1,17
1,<environment.Job instance at 0x7f8d01363140>,16,24,[7 4],17,-1,41,-1,17
1,<environment.Job instance at 0x7f8d01363a00>,20,16,[11  1],21,-1,37,-1,21
1,<environment.Job instance at 0x7f8d01363d70>,21,16,[ 1 12],22,-1,38,-1,22
1,<environment.Job instance at 0x7f8d01363eb0>,19,27,[4 5],20,-1,52,-1,25
1,<environment.Job instance at 0x7f8d00258230>,25,18,[ 1 12],26,-1,53,-1,35
1,<environment.Job instance at 0x7f8d00258e60>,27,14,[12  5],28,-1,49,-1,35
1,<environment.Job instance at 0x7f8d01363dc0>,23,25,[8 4],24,-1,60,-1,35
1,<environment.Job instance at 0x7f8d00c9e780>,30,25,[8 3],31,-1,60,-1,35
1,<environment.Job instance at 0x7f8d00c9eaa0>,31,22,[13  5],32,-1,57,-1,35
1,<environment.Job instance at 0x7f8d00c9e1e0>,32,14,[14  4],33,-1,49,-1,35
1,<environment.Job instance at 0x7f8d00c9ef00>,33,24,[5 1],34,-1,59,-1,35
1,<environment.Job instance at 0x7f8d00c9ee10>,34,12,[ 4 13],35,-1,47,-1,35
1,<environment.Job instance at 0x7f8d00258dc0>,22,28,[10  5],23,-1,63,-1,35
1,<environment.Job instance at 0x7f8d00c9ea50>,37,18,[11  2],38,-1,70,-1,52
1,<environment.Job instance at 0x7f8d00c9e7d0>,39,13,[ 4 13],40,-1,65,-1,52
1,<environment.Job instance at 0x7f8d0132ea50>,40,17,[11  2],41,-1,69,-1,52
1,<environment.Job instance at 0x7f8d00c9e230>,42,25,[ 3 12],43,-1,82,-1,57
1,<environment.Job instance at 0x7f8d00fe5a00>,43,13,[14  2],44,-1,70,-1,57
1,<environment.Job instance at 0x7f8d00c9e370>,44,12,[ 4 14],45,-1,69,-1,57
1,<environment.Job instance at 0x7f8d00313230>,45,26,[14  4],46,-1,83,-1,57
1,<environment.Job instance at 0x7f8d003131e0>,46,23,[14  4],47,-1,80,-1,57
1,<environment.Job instance at 0x7f8d00313e60>,47,26,[12  4],48,-1,83,-1,57
1,<environment.Job instance at 0x7f8d00ee4d70>,48,23,[ 2 12],49,-1,80,-1,57
1,<environment.Job instance at 0x7f8d0132eaf0>,41,27,[10  3],42,-1,100,-1,73
1,<environment.Job instance at 0x7f8d00ee4730>,51,13,[ 4 13],52,-1,86,-1,73
1,<environment.Job instance at 0x7f8cfff7ea00>,5,23,[ 2 13],6,-1,37,-1,14
1,<environment.Job instance at 0x7f8cfff7e370>,6,15,[11  2],7,-1,29,-1,14
1,<environment.Job instance at 0x7f8d0024b0a0>,0,27,[ 2 12],1,-1,28,-1,1
1,<environment.Job instance at 0x7f8d0025d280>,1,25,[ 3 13],2,-1,27,-1,2
1,<environment.Job instance at 0x7f8d0024b0f0>,3,27,[9 5],4,-1,31,-1,4
1,<environment.Job instance at 0x7f8d0025caa0>,4,25,[3 5],5,-1,30,-1,5
1,<environment.Job instance at 0x7f8d0025cf00>,5,23,[ 2 13],6,-1,29,-1,6
1,<environment.Job instance at 0x7f8d00c9bc30>,6,15,[11  2],7,-1,22,-1,7
1,<environment.Job instance at 0x7f8cffea93c0>,8,27,[ 4 14],9,-1,36,-1,9
1,<environment.Job instance at 0x7f8d01003f50>,9,28,[12  5],10,-1,38,-1,10
1,<environment.Job instance at 0x7f8d0025ceb0>,10,28,[2 5],11,-1,39,-1,11
1,<environment.Job instance at 0x7f8d00699b90>,11,27,[13  3],12,-1,39,-1,12
1,<environment.Job instance at 0x7f8d010cb8c0>,12,26,[ 2 14],13,-1,39,-1,13
1,<environment.Job instance at 0x7f8d0135cf00>,13,25,[11  2],14,-1,39,-1,14
1,<environment.Job instance at 0x7f8d0174cfa0>,14,16,[11  4],15,-1,31,-1,15
1,<environment.Job instance at 0x7f8cffe83af0>,15,13,[14  4],16,-1,29,-1,16
1,<environment.Job instance at 0x7f8d004a1c80>,17,21,[12  2],18,-1,39,-1,18
1,<environment.Job instance at 0x7f8cffe83640>,18,20,[ 1 11],19,-1,39,-1,19
1,<environment.Job instance at 0x7f8d00ee4230>,19,14,[ 1 14],20,-1,34,-1,20
1,<environment.Job instance at 0x7f8d0174d690>,21,15,[12  3],22,-1,37,-1,22
1,<environment.Job instance at 0x7f8d00ee48c0>,23,22,[14  3],24,-1,46,-1,24
1,<environment.Job instance at 0x7f8d00313730>,25,16,[11  4],26,-1,42,-1,26
1,<environment.Job instance at 0x7f8d00fe5aa0>,26,20,[ 5 13],27,-1,47,-1,27
1,<environment.Job instance at 0x7f8d0132ea50>,27,20,[11  5],28,-1,48,-1,28
1,<environment.Job instance at 0x7f8d003139b0>,28,23,[7 4],29,-1,52,-1,29
1,<environment.Job instance at 0x7f8d00fe5a00>,29,22,[13  3],30,-1,52,-1,30
1,<environment.Job instance at 0x7f8cffeba9b0>,30,14,[14  2],31,-1,45,-1,31
1,<environment.Job instance at 0x7f8cffeba7d0>,31,19,[13  5],32,-1,51,-1,32
1,<environment.Job instance at 0x7f8cffeba5a0>,32,16,[13  3],33,-1,49,-1,33
1,<environment.Job instance at 0x7f8cffebab90>,34,17,[ 1 13],35,-1,52,-1,35
1,<environment.Job instance at 0x7f8d013635f0>,35,23,[ 3 11],36,-1,59,-1,36
1,<environment.Job instance at 0x7f8d01363e60>,36,26,[11  1],37,-1,63,-1,37
1,<environment.Job instance at 0x7f8d01363aa0>,39,25,[ 4 11],40,-1,65,-1,40
1,<environment.Job instance at 0x7f8d013639b0>,41,26,[13  2],42,-1,74,-1,48
1,<environment.Job instance at 0x7f8d01363500>,42,20,[ 2 13],43,-1,68,-1,48
1,<environment.Job instance at 0x7f8d01363730>,37,25,[ 1 10],38,-1,76,-1,51
1,<environment.Job instance at 0x7f8d01363820>,45,28,[ 1 13],46,-1,79,-1,51
1,<environment.Job instance at 0x7f8d01363690>,48,14,[11  4],49,-1,65,-1,51
1,<environment.Job instance at 0x7f8d013638c0>,49,28,[7 1],50,-1,79,-1,51
1,<environment.Job instance at 0x7f8d01782eb0>,50,21,[11  4],51,-1,72,-1,51
1,<environment.Job instance at 0x7f8d01418960>,0,21,[8 3],1,-1,23,-1,2
1,<environment.Job instance at 0x7f8d01418b40>,1,18,[11  1],2,-1,20,-1,2
1,<environment.Job instance at 0x7f8d0019a2d0>,4,17,[5 9],5,-1,23,-1,6
1,<environment.Job instance at 0x7f8d0019a460>,6,24,[5 6],7,-1,31,-1,7
1,<environment.Job instance at 0x7f8d0019a0a0>,7,15,[4 9],8,-1,23,-1,8
1,<environment.Job instance at 0x7f8d00d1b4b0>,5,18,[6 1],6,-1,28,-1,10
1,<environment.Job instance at 0x7f8d00b2c0f0>,17,22,[9 4],18,-1,56,-1,34
1,<environment.Job instance at 0x7f8d001f3be0>,21,18,[6 5],22,-1,52,-1,34
1,<environment.Job instance at 0x7f8d00916910>,22,17,[8 5],23,-1,51,-1,34
1,<environment.Job instance at 0x7f8d001f3500>,19,28,[1 9],20,-1,66,-1,38
1,<environment.Job instance at 0x7f8d001992d0>,26,23,[12  4],27,-1,61,-1,38
1,<environment.Job instance at 0x7f8d00babf00>,24,15,[ 5 12],25,-1,53,-1,38
1,<environment.Job instance at 0x7f8d00199140>,28,22,[ 3 14],29,-1,64,-1,42
1,<environment.Job instance at 0x7f8d0019a320>,14,28,[5 7],15,-1,70,-1,42
1,<environment.Job instance at 0x7f8d00916af0>,25,16,[5 8],26,-1,60,-1,44
1,<environment.Job instance at 0x7f8d001991e0>,30,28,[5 5],31,-1,72,-1,44
1,<environment.Job instance at 0x7f8d00199910>,31,24,[10  1],32,-1,72,-1,48
1,<environment.Job instance at 0x7f8d00199dc0>,35,16,[ 3 14],36,-1,65,-1,49
1,<environment.Job instance at 0x7f8d00199690>,36,21,[12  4],37,-1,73,-1,52
1,<environment.Job instance at 0x7f8d0019a690>,11,25,[14  1],12,-1,77,-1,52
1,<environment.Job instance at 0x7f8d0019a230>,8,22,[ 4 13],9,-1,74,-1,52
1,<environment.Job instance at 0x7f8d00705b40>,38,15,[13  3],39,-1,67,-1,52
1,<environment.Job instance at 0x7f8d00705e10>,39,12,[3 8],40,-1,64,-1,52
1,<environment.Job instance at 0x7f8d013e4690>,40,26,[12  2],41,-1,78,-1,52
1,<environment.Job instance at 0x7f8d013e4320>,41,22,[13  3],42,-1,74,-1,52
1,<environment.Job instance at 0x7f8cffe3c960>,42,14,[14  4],43,-1,67,-1,53
1,<environment.Job instance at 0x7f8cffe3c370>,43,26,[13  4],44,-1,79,-1,53
1,<environment.Job instance at 0x7f8cffe3c780>,44,12,[ 4 10],45,-1,65,-1,53
1,<environment.Job instance at 0x7f8d01149640>,1,18,[11  1],2,-1,20,-1,2
1,<environment.Job instance at 0x7f8d01149460>,2,12,[ 4 12],3,-1,15,-1,3
1,<environment.Job instance at 0x7f8d01149eb0>,3,27,[ 4 14],4,-1,31,-1,4
1,<environment.Job instance at 0x7f8d01149500>,8,22,[ 4 13],9,-1,31,-1,9
1,<environment.Job instance at 0x7f8d011490a0>,6,24,[5 6],7,-1,46,-1,22
1,<environment.Job instance at 0x7f8d013633c0>,11,25,[14  1],12,-1,47,-1,22
1,<environment.Job instance at 0x7f8d01782eb0>,9,24,[ 1 10],10,-1,46,-1,22
1,<environment.Job instance at 0x7f8d01363870>,14,28,[5 7],15,-1,50,-1,22
1,<environment.Job instance at 0x7f8d01363af0>,15,28,[2 5],16,-1,50,-1,22
1,<environment.Job instance at 0x7f8d013630f0>,16,28,[ 2 14],17,-1,50,-1,22
1,<environment.Job instance at 0x7f8d01363cd0>,18,28,[5 1],19,-1,50,-1,22
1,<environment.Job instance at 0x7f8d01363960>,19,28,[1 9],20,-1,62,-1,34
1,<environment.Job instance at 0x7f8d01363c80>,24,15,[ 5 12],25,-1,61,-1,46
1,<environment.Job instance at 0x7f8d00fe5a00>,26,23,[12  4],27,-1,79,-1,56
1,<environment.Job instance at 0x7f8d01003f50>,28,22,[ 3 14],29,-1,80,-1,58
1,<environment.Job instance at 0x7f8d01363dc0>,30,28,[5 5],31,-1,97,-1,69
1,<environment.Job instance at 0x7f8d00b2cd70>,32,26,[ 5 14],33,-1,95,-1,69
1,<environment.Job instance at 0x7f8d010a7870>,0,26,[6 1],1,-1,27,-1,1
1,<environment.Job instance at 0x7f8d017088c0>,6,16,[8 1],7,-1,24,-1,8
1,<environment.Job instance at 0x7f8d01708780>,8,17,[4 8],9,-1,26,-1,9
1,<environment.Job instance at 0x7f8d01708230>,9,18,[5 5],10,-1,28,-1,10
1,<environment.Job instance at 0x7f8d00d0f550>,0,26,[6 1],1,-1,27,-1,1
1,<environment.Job instance at 0x7f8d017bcb40>,1,12,[13  4],2,-1,14,-1,2
1,<environment.Job instance at 0x7f8d017bcf50>,3,23,[5 7],4,-1,27,-1,4
1,<environment.Job instance at 0x7f8d017bc230>,4,15,[ 4 11],5,-1,20,-1,5
1,<environment.Job instance at 0x7f8d016abb40>,5,27,[ 2 11],6,-1,33,-1,6
1,<environment.Job instance at 0x7f8d00a68d20>,10,17,[ 2 14],11,-1,28,-1,11
1,<environment.Job instance at 0x7f8d00a68b40>,11,13,[13  4],12,-1,25,-1,12
1,<environment.Job instance at 0x7f8d00a688c0>,12,25,[12  2],13,-1,38,-1,13
1,<environment.Job instance at 0x7f8d00a68f50>,14,17,[14  1],15,-1,32,-1,15
1,<environment.Job instance at 0x7f8d00ee4960>,15,19,[11  4],16,-1,35,-1,16
1,<environment.Job instance at 0x7f8d00ee48c0>,16,23,[ 1 13],17,-1,40,-1,17
1,<environment.Job instance at 0x7f8d006cc320>,17,25,[ 4 14],18,-1,43,-1,18
1,<environment.Job instance at 0x7f8d006ccc30>,18,12,[12  3],19,-1,31,-1,19
1,<environment.Job instance at 0x7f8d006ccc80>,19,13,[13  5],20,-1,33,-1,20
1,<environment.Job instance at 0x7f8d01303d20>,7,25,[ 5 10],8,-1,48,-1,23
1,<environment.Job instance at 0x7f8d006cc4b0>,21,16,[ 3 14],22,-1,39,-1,23
1,<environment.Job instance at 0x7f8d00ee4910>,13,28,[4 9],14,-1,51,-1,23
1,<environment.Job instance at 0x7f8d006cc780>,20,24,[9 1],21,-1,47,-1,23
1,<environment.Job instance at 0x7f8cffe411e0>,25,18,[13  4],26,-1,44,-1,26
1,<environment.Job instance at 0x7f8cffe41410>,26,24,[12  2],27,-1,51,-1,27
1,<environment.Job instance at 0x7f8cffe41730>,27,12,[ 2 12],28,-1,40,-1,28
1,<environment.Job instance at 0x7f8cffe3ca00>,29,25,[5 1],30,-1,64,-1,39
1,<environment.Job instance at 0x7f8d00199960>,33,17,[ 3 12],34,-1,56,-1,39
1,<environment.Job instance at 0x7f8d013e4dc0>,35,16,[12  1],36,-1,55,-1,39
1,<environment.Job instance at 0x7f8d00b2cd70>,36,14,[ 4 13],37,-1,53,-1,39
1,<environment.Job instance at 0x7f8d00358280>,37,21,[12  4],38,-1,60,-1,39
1,<environment.Job instance at 0x7f8d003585a0>,38,13,[ 4 12],39,-1,52,-1,39
1,<environment.Job instance at 0x7f8d001f3fa0>,39,15,[14  5],40,-1,55,-1,40
1,<environment.Job instance at 0x7f8d0024b0f0>,42,23,[ 3 11],43,-1,77,-1,54
1,<environment.Job instance at 0x7f8d01363730>,43,24,[ 4 14],44,-1,78,-1,54
1,<environment.Job instance at 0x7f8d01363d70>,44,23,[9 5],45,-1,77,-1,54
1,<environment.Job instance at 0x7f8d01363eb0>,45,13,[ 4 13],46,-1,67,-1,54
1,<environment.Job instance at 0x7f8d013632d0>,46,25,[13  2],47,-1,79,-1,54
1,<environment.Job instance at 0x7f8d01363c80>,47,14,[ 1 11],48,-1,68,-1,54
1,<environment.Job instance at 0x7f8d01363b90>,48,24,[7 4],49,-1,78,-1,54
1,<environment.Job instance at 0x7f8d013634b0>,51,26,[12  5],52,-1,80,-1,54
1,<environment.Job instance at 0x7f8d01363960>,52,28,[13  1],53,-1,82,-1,54
1,<environment.Job instance at 0x7f8d01363cd0>,53,22,[ 5 14],54,-1,76,-1,54
1,<environment.Job instance at 0x7f8d01363e10>,54,20,[ 4 12],55,-1,75,-1,55
1,<environment.Job instance at 0x7f8d01363320>,56,18,[14  3],57,-1,76,-1,58
1,<environment.Job instance at 0x7f8d01363820>,58,25,[6 2],59,-1,93,-1,68
1,<environment.Job instance at 0x7f9867733730>,1,24,[10  1],2,-1,26,-1,2
1,<environment.Job instance at 0x7f985e0e9b90>,2,20,[7 4],3,-1,23,-1,3
1,<environment.Job instance at 0x7f985e0ee3c0>,17,19,[12  4],18,-1,52,-1,33
1,<environment.Job instance at 0x7f985e0ee5f0>,19,23,[8 4],20,-1,89,-1,66
1,<environment.Job instance at 0x7f985e0ee6e0>,22,13,[7 4],23,-1,79,-1,66
1,<environment.Job instance at 0x7f985e0ee460>,14,15,[14  4],15,-1,84,-1,69
1,<environment.Job instance at 0x7f985e0ee820>,23,16,[12  2],24,-1,85,-1,69
1,<environment.Job instance at 0x7f985e0eeaf0>,26,12,[8 5],27,-1,81,-1,69
1,<environment.Job instance at 0x7f985e0f3be0>,3,13,[12  4],4,-1,17,-1,4
1,<environment.Job instance at 0x7f985e0f3dc0>,5,24,[ 2 14],6,-1,30,-1,6
1,<environment.Job instance at 0x7f985e0f3e60>,6,15,[ 2 14],7,-1,22,-1,7
1,<environment.Job instance at 0x7f985e0f3a00>,8,20,[ 4 13],9,-1,29,-1,9
1,<environment.Job instance at 0x7f985e0f3fa0>,9,16,[12  1],10,-1,26,-1,10
1,<environment.Job instance at 0x7f985e0f3d70>,4,24,[7 2],5,-1,42,-1,18
1,<environment.Job instance at 0x7f985e0fa0f0>,12,28,[ 1 14],13,-1,46,-1,18
1,<environment.Job instance at 0x7f985e0fa230>,14,15,[14  4],15,-1,33,-1,18
1,<environment.Job instance at 0x7f985e0fa2d0>,15,20,[ 3 12],16,-1,38,-1,18
1,<environment.Job instance at 0x7f985e0f3a50>,1,24,[10  1],2,-1,47,-1,23
1,<environment.Job instance at 0x7f985e0fa410>,17,19,[12  4],18,-1,42,-1,23
1,<environment.Job instance at 0x7f985e0fa640>,18,18,[13  1],19,-1,41,-1,23
1,<environment.Job instance at 0x7f985e0fa6e0>,19,23,[8 4],20,-1,46,-1,23
1,<environment.Job instance at 0x7f985e0fa730>,20,17,[ 2 14],21,-1,40,-1,23
1,<environment.Job instance at 0x7f985e0fa140>,21,14,[ 4 11],22,-1,37,-1,23
1,<environment.Job instance at 0x7f985e0f3f00>,7,26,[9 3],8,-1,49,-1,23
1,<environment.Job instance at 0x7f985e0fa370>,16,28,[5 1],17,-1,51,-1,23
1,<environment.Job instance at 0x7f985e0fa550>,23,16,[12  2],24,-1,40,-1,24
1,<environment.Job instance at 0x7f985e0fab90>,27,17,[ 4 12],28,-1,50,-1,33
1,<environment.Job instance at 0x7f985e0fa8c0>,28,17,[ 1 13],29,-1,50,-1,33
1,<environment.Job instance at 0x7f985e0faa00>,29,24,[ 4 13],30,-1,57,-1,33
1,<environment.Job instance at 0x7f985e0facd0>,30,26,[11  4],31,-1,59,-1,33
1,<environment.Job instance at 0x7f985e0fad70>,31,28,[ 2 10],32,-1,61,-1,33
1,<environment.Job instance at 0x7f985e0fa960>,25,24,[5 7],26,-1,57,-1,33
1,<environment.Job instance at 0x7f985e1e6b40>,33,28,[6 4],34,-1,64,-1,36
1,<environment.Job instance at 0x7f98677694b0>,34,24,[5 5],35,-1,60,-1,36
1,<environment.Job instance at 0x7f985e128500>,37,14,[ 5 14],38,-1,52,-1,38
1,<environment.Job instance at 0x7f985e0e1aa0>,38,24,[13  2],39,-1,63,-1,39
1,<environment.Job instance at 0x7f985e0e1a00>,40,26,[ 1 14],41,-1,71,-1,45
1,<environment.Job instance at 0x7f985e0e1cd0>,42,12,[ 5 12],43,-1,57,-1,45
1,<environment.Job instance at 0x7f985e0e16e0>,44,12,[11  3],45,-1,64,-1,52
1,<environment.Job instance at 0x7f985e388a50>,45,12,[ 3 14],46,-1,64,-1,52
1,<environment.Job instance at 0x7f985e1f7cd0>,47,14,[12  2],48,-1,71,-1,57
1,<environment.Job instance at 0x7f985e5b9aa0>,48,14,[ 1 11],49,-1,71,-1,57
1,<environment.Job instance at 0x7f985e0e1910>,50,13,[ 4 12],51,-1,81,-1,68
1,<environment.Job instance at 0x7f985e1b8280>,52,21,[14  2],53,-1,89,-1,68
1,<environment.Job instance at 0x7f985e20ee10>,55,12,[ 2 12],56,-1,99,-1,87
1,<environment.Job instance at 0x7f985e20e320>,57,16,[ 2 11],58,-1,104,-1,88
1,<environment.Job instance at 0x7f985e174c30>,58,17,[ 3 13],59,-1,105,-1,88
1,<environment.Job instance at 0x7f985e209c30>,60,28,[2 6],61,-1,116,-1,88
1,<environment.Job instance at 0x7f985e2090f0>,61,23,[13  5],62,-1,111,-1,88
1,<environment.Job instance at 0x7f985e209b90>,62,14,[ 4 11],63,-1,102,-1,88
1,<environment.Job instance at 0x7f985e1ad7d0>,64,24,[2 8],65,-1,112,-1,88
1,<environment.Job instance at 0x7f985d8355f0>,3,23,[9 1],4,-1,28,-1,5
1,<environment.Job instance at 0x7f985d8295a0>,6,16,[8 4],7,-1,23,-1,7
1,<environment.Job instance at 0x7f985d8290f0>,7,18,[2 6],8,-1,26,-1,8
1,<environment.Job instance at 0x7f985d829230>,9,25,[6 5],10,-1,35,-1,10
1,<environment.Job instance at 0x7f985da08b90>,0,17,[ 5 14],1,-1,18,-1,1
1,<environment.Job instance at 0x7f985d93c7d0>,1,22,[11  2],2,-1,24,-1,2
1,<environment.Job instance at 0x7f985d90bc80>,4,25,[ 1 13],5,-1,30,-1,5
1,<environment.Job instance at 0x7f985d90ec30>,5,21,[14  5],6,-1,27,-1,6
1,<environment.Job instance at 0x7f985d912f50>,8,24,[13  2],9,-1,33,-1,9
1,<environment.Job instance at 0x7f985d912780>,10,28,[13  5],11,-1,39,-1,11
1,<environment.Job instance at 0x7f985d89b4b0>,11,28,[ 5 11],12,-1,40,-1,12
1,<environment.Job instance at 0x7f985d8a6aa0>,12,15,[ 2 13],13,-1,28,-1,13
1,<environment.Job instance at 0x7f985d8a6050>,13,13,[11  4],14,-1,27,-1,14
1,<environment.Job instance at 0x7f985d90ecd0>,3,23,[9 1],4,-1,41,-1,18
1,<environment.Job instance at 0x7f985d89b640>,9,25,[6 5],10,-1,43,-1,18
1,<environment.Job instance at 0x7f985d94f320>,17,22,[ 4 14],18,-1,40,-1,18
1,<environment.Job instance at 0x7f985d900af0>,18,25,[1 7],19,-1,51,-1,26
1,<environment.Job instance at 0x7f985d94fe10>,20,27,[ 3 11],21,-1,53,-1,26
1,<environment.Job instance at 0x7f985d8aa730>,21,23,[5 1],22,-1,49,-1,26
1,<environment.Job instance at 0x7f985d8aa870>,22,17,[12  4],23,-1,43,-1,26
1,<environment.Job instance at 0x7f985d89e2d0>,25,19,[14  5],26,-1,45,-1,26
1,<environment.Job instance at 0x7f985d89e550>,27,26,[5 4],28,-1,76,-1,50
1,<environment.Job instance at 0x7f985d8b1960>,30,17,[ 4 12],31,-1,67,-1,50
1,<environment.Job instance at 0x7f985d8b1690>,31,27,[ 4 11],32,-1,77,-1,50
1,<environment.Job instance at 0x7f985d8a3d70>,33,26,[5 2],34,-1,80,-1,54
1,<environment.Job instance at 0x7f985d8a3f50>,34,18,[13  5],35,-1,72,-1,54
1,<environment.Job instance at 0x7f985d8bd960>,36,27,[12  1],37,-1,81,-1,54
1,<environment.Job instance at 0x7f985d8a3eb0>,37,20,[13  4],38,-1,74,-1,54
1,<environment.Job instance at 0x7f985d906640>,38,26,[1 6],39,-1,80,-1,54
1,<environment.Job instance at 0x7f985d9065f0>,39,14,[13  2],40,-1,68,-1,54
1,<environment.Job instance at 0x7f985d9063c0>,41,27,[13  4],42,-1,81,-1,54
1,<environment.Job instance at 0x7f985da006e0>,42,21,[14  2],43,-1,75,-1,54
1,<environment.Job instance at 0x7f985d8ad370>,45,17,[ 5 12],46,-1,84,-1,67
1,<environment.Job instance at 0x7f985d8ad460>,47,15,[14  4],48,-1,82,-1,67
1,<environment.Job instance at 0x7f985d906af0>,44,26,[4 7],45,-1,95,-1,69
1,<environment.Job instance at 0x7f985d8b4550>,50,24,[6 5],51,-1,103,-1,79
1,<environment.Job instance at 0x7f985db02b90>,52,23,[ 3 11],53,-1,102,-1,79
1,<environment.Job instance at 0x7f985d8b4500>,53,14,[ 3 12],54,-1,93,-1,79
1,<environment.Job instance at 0x7f985d8b44b0>,54,15,[ 2 13],55,-1,94,-1,79
1,<environment.Job instance at 0x7f985da0a1e0>,55,26,[7 2],56,-1,113,-1,87
1,<environment.Job instance at 0x7f985db0a4b0>,56,20,[13  4],57,-1,107,-1,87
1,<environment.Job instance at 0x7f985d8badc0>,60,24,[ 2 13],61,-1,111,-1,87
1,<environment.Job instance at 0x7f985d94f910>,0,26,[3 9],1,-1,27,-1,1
1,<environment.Job instance at 0x7f98678a3af0>,1,19,[11  4],2,-1,21,-1,2
1,<environment.Job instance at 0x7f986775bfa0>,2,24,[4 9],3,-1,27,-1,3
1,<environment.Job instance at 0x7f98678a3910>,3,25,[13  2],4,-1,29,-1,4
1,<environment.Job instance at 0x7f985d715be0>,4,23,[6 4],5,-1,28,-1,5
1,<environment.Job instance at 0x7f986789b190>,5,22,[12  2],6,-1,28,-1,6
1,<environment.Job instance at 0x7f985d714140>,8,13,[ 3 11],9,-1,22,-1,9
1,<environment.Job instance at 0x7f985d6e5780>,9,14,[14  1],10,-1,24,-1,10
1,<environment.Job instance at 0x7f985d6e5820>,10,14,[12  1],11,-1,25,-1,11
1,<environment.Job instance at 0x7f985d6e5fa0>,11,17,[12  4],12,-1,29,-1,12
1,<environment.Job instance at 0x7f985d6e5dc0>,14,16,[ 4 14],15,-1,31,-1,15
1,<environment.Job instance at 0x7f985d6e5a00>,19,14,[14  2],20,-1,38,-1,24
1,<environment.Job instance at 0x7f985d6e5be0>,20,13,[12  2],21,-1,37,-1,24
1,<environment.Job instance at 0x7f985d6e5b40>,21,27,[3 6],22,-1,51,-1,24
1,<environment.Job instance at 0x7f985d6e9eb0>,25,13,[12  2],26,-1,39,-1,26
1,<environment.Job instance at 0x7f985d6e9be0>,27,14,[11  1],28,-1,52,-1,38
1,<environment.Job instance at 0x7f985d6e9b90>,28,24,[12  2],29,-1,62,-1,38
1,<environment.Job instance at 0x7f985d6e9dc0>,29,20,[12  3],30,-1,58,-1,38
1,<environment.Job instance at 0x7f985d6e9640>,31,15,[11  5],32,-1,54,-1,39
1,<environment.Job instance at 0x7f985d6e92d0>,32,19,[14  4],33,-1,58,-1,39
1,<environment.Job instance at 0x7f985d6e90a0>,33,17,[ 3 12],34,-1,56,-1,39
1,<environment.Job instance at 0x7f985d6e9a00>,35,19,[ 4 14],36,-1,58,-1,39
1,<environment.Job instance at 0x7f985d6e9960>,36,16,[ 5 12],37,-1,55,-1,39
1,<environment.Job instance at 0x7f985d6e9780>,37,21,[ 1 12],38,-1,60,-1,39
1,<environment.Job instance at 0x7f985d6e9820>,38,16,[ 1 14],39,-1,55,-1,39
1,<environment.Job instance at 0x7f985d78d410>,39,18,[ 1 14],40,-1,58,-1,40
1,<environment.Job instance at 0x7f985d78d8c0>,40,23,[1 9],41,-1,75,-1,52
1,<environment.Job instance at 0x7f985d6e98c0>,41,17,[14  5],42,-1,69,-1,52
1,<environment.Job instance at 0x7f985d78da00>,42,25,[4 8],43,-1,77,-1,52
1,<environment.Job instance at 0x7f985d78d550>,43,25,[11  3],44,-1,77,-1,52
1,<environment.Job instance at 0x7f985d78dc30>,44,15,[14  2],45,-1,67,-1,52
1,<environment.Job instance at 0x7f985d78d1e0>,45,18,[11  1],46,-1,70,-1,52
1,<environment.Job instance at 0x7f985d78dcd0>,47,17,[12  1],48,-1,69,-1,52
1,<environment.Job instance at 0x7f985d78df00>,48,20,[12  2],49,-1,72,-1,52
1,<environment.Job instance at 0x7f985d6e9b40>,26,27,[10  5],27,-1,80,-1,53
1,<environment.Job instance at 0x7f985d78dd70>,51,13,[ 4 11],52,-1,66,-1,53
1,<environment.Job instance at 0x7f985d78d6e0>,52,16,[14  3],53,-1,69,-1,53
1,<environment.Job instance at 0x7f985d78d190>,55,14,[ 1 13],56,-1,81,-1,67
1,<environment.Job instance at 0x7f985d6de730>,58,19,[13  1],59,-1,101,-1,82
1,<environment.Job instance at 0x7f985d6de820>,59,20,[ 1 12],60,-1,102,-1,82
1,<environment.Job instance at 0x7f985d6f63c0>,6,22,[7 5],7,-1,30,-1,8
1,<environment.Job instance at 0x7f985d6f6730>,8,17,[8 4],9,-1,26,-1,9
1,<environment.Job instance at 0x7f985d6f6fa0>,9,15,[3 6],10,-1,25,-1,10
1,<environment.Job instance at 0x7f98678a3af0>,0,19,[11  3],1,-1,20,-1,1
1,<environment.Job instance at 0x7f985d6f6f00>,2,13,[14  2],3,-1,16,-1,3
1,<environment.Job instance at 0x7f985d6f6690>,3,13,[ 5 11],4,-1,17,-1,4
1,<environment.Job instance at 0x7f985d6f68c0>,4,18,[ 3 14],5,-1,23,-1,5
1,<environment.Job instance at 0x7f985dbdf230>,10,20,[11  2],11,-1,31,-1,11
1,<environment.Job instance at 0x7f985d8295f0>,14,15,[11  2],15,-1,33,-1,18
1,<environment.Job instance at 0x7f985d829b40>,15,23,[3 6],16,-1,41,-1,18
1,<environment.Job instance at 0x7f985d829be0>,11,26,[2 8],12,-1,44,-1,18
1,<environment.Job instance at 0x7f985d8292d0>,17,28,[ 3 11],18,-1,46,-1,18
1,<environment.Job instance at 0x7f985d829a50>,18,27,[14  1],19,-1,46,-1,19
1,<environment.Job instance at 0x7f985d829c30>,19,27,[9 5],20,-1,60,-1,33
1,<environment.Job instance at 0x7f985dd76820>,21,14,[12  2],22,-1,47,-1,33
1,<environment.Job instance at 0x7f985dd76960>,22,26,[ 4 12],23,-1,59,-1,33
1,<environment.Job instance at 0x7f985dd760f0>,23,24,[ 5 13],24,-1,57,-1,33
1,<environment.Job instance at 0x7f985dd76af0>,24,25,[11  5],25,-1,58,-1,33
1,<environment.Job instance at 0x7f985dd76cd0>,25,23,[3 6],26,-1,56,-1,33
1,<environment.Job instance at 0x7f985dd76f50>,26,22,[12  5],27,-1,55,-1,33
1,<environment.Job instance at 0x7f985dd76370>,27,15,[13  2],28,-1,48,-1,33
1,<environment.Job instance at 0x7f985dd76e60>,31,15,[14  2],32,-1,49,-1,34
1,<environment.Job instance at 0x7f985dd76b90>,32,28,[14  3],33,-1,62,-1,34
1,<environment.Job instance at 0x7f985dd76aa0>,35,14,[ 3 14],36,-1,60,-1,46
1,<environment.Job instance at 0x7f985dd767d0>,36,17,[13  5],37,-1,63,-1,46
1,<environment.Job instance at 0x7f985dd76f00>,37,13,[ 5 14],38,-1,59,-1,46
1,<environment.Job instance at 0x7f985dd76fa0>,38,25,[4 5],39,-1,84,-1,59
1,<environment.Job instance at 0x7f985dd76140>,39,16,[11  3],40,-1,75,-1,59
1,<environment.Job instance at 0x7f985dbe9af0>,41,12,[12  3],42,-1,71,-1,59
1,<environment.Job instance at 0x7f985dbe9140>,42,28,[6 3],43,-1,91,-1,63
1,<environment.Job instance at 0x7f985dbe97d0>,43,23,[ 1 11],44,-1,86,-1,63
1,<environment.Job instance at 0x7f985dbe91e0>,45,27,[12  4],46,-1,90,-1,63
1,<environment.Job instance at 0x7f985dbe9cd0>,46,13,[14  5],47,-1,76,-1,63
1,<environment.Job instance at 0x7f985dbe9dc0>,47,16,[ 5 11],48,-1,79,-1,63
1,<environment.Job instance at 0x7f985dbe92d0>,49,19,[ 3 11],50,-1,82,-1,63
1,<environment.Job instance at 0x7f985dbe9a00>,48,23,[4 8],49,-1,98,-1,75
1,<environment.Job instance at 0x7f985dc34e10>,51,15,[13  3],52,-1,90,-1,75
1,<environment.Job instance at 0x7f985dc34fa0>,52,28,[11  2],53,-1,103,-1,75
1,<environment.Job instance at 0x7f985dc34d20>,53,24,[7 5],54,-1,99,-1,75
1,<environment.Job instance at 0x7f985dc34960>,56,27,[ 4 13],57,-1,108,-1,81
1,<environment.Job instance at 0x7f985dc34f50>,57,28,[ 1 14],58,-1,109,-1,81
1,<environment.Job instance at 0x7f985dc34be0>,58,12,[13  4],59,-1,93,-1,81
1,<environment.Job instance at 0x7f985d6feaa0>,59,12,[ 5 12],60,-1,93,-1,81
1,<environment.Job instance at 0x7f985d6fe3c0>,60,28,[7 4],61,-1,109,-1,81
1,<environment.Job instance at 0x7f985d6feeb0>,61,27,[4 6],62,-1,108,-1,81
1,<environment.Job instance at 0x7f985d6fec80>,65,27,[12  5],66,-1,116,-1,89
1,<environment.Job instance at 0x7f985d700e60>,0,28,[8 2],1,-1,29,-1,1
1,<environment.Job instance at 0x7f985e557a50>,6,21,[ 5 10],7,-1,28,-1,7
1,<environment.Job instance at 0x7f985e557f50>,7,23,[9 5],8,-1,31,-1,8
1,<environment.Job instance at 0x7f985e563e10>,10,12,[ 1 10],11,-1,23,-1,11
1,<environment.Job instance at 0x7f985d6d9f00>,3,27,[ 3 11],4,-1,52,-1,25
1,<environment.Job instance at 0x7f985e5536e0>,19,28,[5 9],20,-1,65,-1,37
1,<environment.Job instance at 0x7f985e553410>,20,24,[4 8],21,-1,62,-1,38
1,<environment.Job instance at 0x7f985e553e60>,21,20,[5 5],22,-1,58,-1,38
1,<environment.Job instance at 0x7f985e553dc0>,18,26,[6 1],19,-1,64,-1,38
1,<environment.Job instance at 0x7f985d88cb90>,0,28,[8 2],1,-1,29,-1,1
1,<environment.Job instance at 0x7f985d88c2d0>,1,26,[14  3],2,-1,28,-1,2
1,<environment.Job instance at 0x7f985d88caf0>,2,27,[12  1],3,-1,30,-1,3
1,<environment.Job instance at 0x7f985d88c8c0>,3,27,[ 3 11],4,-1,31,-1,4
1,<environment.Job instance at 0x7f985d88c460>,4,15,[ 3 13],5,-1,20,-1,5
1,<environment.Job instance at 0x7f985d88c1e0>,5,21,[ 5 12],6,-1,27,-1,6
1,<environment.Job instance at 0x7f985d88c230>,7,23,[9 5],8,-1,31,-1,8
1,<environment.Job instance at 0x7f985d88c7d0>,11,25,[12  5],12,-1,37,-1,12
1,<environment.Job instance at 0x7f985d88cf50>,13,19,[ 2 11],14,-1,33,-1,14
1,<environment.Job instance at 0x7f985d6fe8c0>,14,23,[13  3],15,-1,38,-1,15
1,<environment.Job instance at 0x7f985d88c870>,12,24,[6 4],13,-1,49,-1,25
1,<environment.Job instance at 0x7f985d6fe870>,18,26,[6 1],19,-1,51,-1,25
1,<environment.Job instance at 0x7f985d6fe9b0>,17,25,[4 9],18,-1,53,-1,28
1,<environment.Job instance at 0x7f985d6fe460>,22,23,[10  5],23,-1,51,-1,28
1,<environment.Job instance at 0x7f985d6feaa0>,23,24,[12  1],24,-1,52,-1,28
1,<environment.Job instance at 0x7f985d6fe3c0>,24,17,[12  4],25,-1,45,-1,28
1,<environment.Job instance at 0x7f985d6fef00>,19,28,[5 9],20,-1,56,-1,28
1,<environment.Job instance at 0x7f985dc34870>,26,27,[13  3],27,-1,55,-1,28
1,<environment.Job instance at 0x7f985d6fe320>,20,24,[4 8],21,-1,52,-1,28
1,<environment.Job instance at 0x7f985dc34d20>,28,17,[ 1 11],29,-1,46,-1,29
1,<environment.Job instance at 0x7f985dc348c0>,30,19,[12  4],31,-1,57,-1,38
1,<environment.Job instance at 0x7f985dc34230>,31,14,[ 5 12],32,-1,52,-1,38
1,<environment.Job instance at 0x7f985dbe9730>,34,16,[ 2 11],35,-1,56,-1,40
1,<environment.Job instance at 0x7f985dbe9cd0>,35,28,[ 3 11],36,-1,68,-1,40
1,<environment.Job instance at 0x7f985dbe91e0>,36,15,[13  4],37,-1,55,-1,40
1,<environment.Job instance at 0x7f985dbe9e60>,37,24,[2 7],38,-1,79,-1,55
1,<environment.Job instance at 0x7f985dbe9dc0>,38,16,[14  5],39,-1,71,-1,55
1,<environment.Job instance at 0x7f985dbe9a00>,33,25,[8 3],34,-1,80,-1,55
1,<environment.Job instance at 0x7f985dbe9140>,40,27,[14  3],41,-1,82,-1,55
1,<environment.Job instance at 0x7f985dbe9f00>,41,18,[ 1 14],42,-1,73,-1,55
1,<environment.Job instance at 0x7f985dd76dc0>,43,15,[11  2],44,-1,70,-1,55
1,<environment.Job instance at 0x7f985dd763c0>,44,13,[ 1 12],45,-1,68,-1,55
1,<environment.Job instance at 0x7f985dd761e0>,47,16,[ 4 11],48,-1,74,-1,58
1,<environment.Job instance at 0x7f985dd76190>,48,17,[13  3],49,-1,75,-1,58
1,<environment.Job instance at 0x7f985dd76b90>,49,22,[ 3 11],50,-1,80,-1,58
1,<environment.Job instance at 0x7f985dd76aa0>,46,28,[5 7],47,-1,99,-1,71
1,<environment.Job instance at 0x7f985dd76500>,51,13,[ 5 12],52,-1,84,-1,71
1,<environment.Job instance at 0x7f985dd76690>,52,23,[ 5 11],53,-1,94,-1,71
1,<environment.Job instance at 0x7f985dd760a0>,53,27,[12  4],54,-1,98,-1,71
1,<environment.Job instance at 0x7f985dd76370>,54,13,[12  4],55,-1,84,-1,71
1,<environment.Job instance at 0x7f985dd76960>,55,23,[9 4],56,-1,94,-1,71
1,<environment.Job instance at 0x7f985dd76b40>,56,13,[ 3 14],57,-1,84,-1,71
1,<environment.Job instance at 0x7f985dd76f50>,57,24,[ 4 14],58,-1,95,-1,71
1,<environment.Job instance at 0x7f985dd76460>,59,24,[13  3],60,-1,95,-1,71
1,<environment.Job instance at 0x7f985d829c30>,60,27,[9 5],61,-1,98,-1,71
1,<environment.Job instance at 0x7f985d829190>,61,22,[13  5],62,-1,93,-1,71
1,<environment.Job instance at 0x7f985d829aa0>,62,14,[ 3 13],63,-1,85,-1,71
1,<environment.Job instance at 0x7f985d8292d0>,63,26,[14  2],64,-1,97,-1,71
1,<environment.Job instance at 0x7f985d829eb0>,64,13,[13  4],65,-1,84,-1,71
1,<environment.Job instance at 0x7f985d8295f0>,66,23,[2 8],67,-1,94,-1,71
1,<environment.Job instance at 0x7f985d829cd0>,67,25,[11  1],68,-1,96,-1,71
1,<environment.Job instance at 0x7f985d8293c0>,68,19,[13  3],69,-1,90,-1,71
1,<environment.Job instance at 0x7f985d8298c0>,70,25,[13  4],71,-1,96,-1,71
1,<environment.Job instance at 0x7f985dbe52d0>,73,18,[ 2 13],74,-1,102,-1,84
1,<environment.Job instance at 0x7f985dee9690>,2,19,[7 3],3,-1,23,-1,4
1,<environment.Job instance at 0x7f985dee9f00>,3,26,[10  3],4,-1,30,-1,4
1,<environment.Job instance at 0x7f985dee9870>,5,18,[5 5],6,-1,24,-1,6
1,<environment.Job instance at 0x7f985df0b730>,11,27,[6 4],12,-1,40,-1,13
1,<environment.Job instance at 0x7f985df0b500>,13,20,[4 7],14,-1,34,-1,14
1,<environment.Job instance at 0x7f985df0b9b0>,14,21,[10  3],15,-1,40,-1,19
1,<environment.Job instance at 0x7f985dbdff00>,0,23,[3 9],1,-1,24,-1,1
1,<environment.Job instance at 0x7f985dbdf320>,1,19,[ 4 14],2,-1,21,-1,2
1,<environment.Job instance at 0x7f985dbdf230>,4,17,[14  3],5,-1,22,-1,5
1,<environment.Job instance at 0x7f985d6fe320>,8,22,[ 4 12],9,-1,31,-1,9
1,<environment.Job instance at 0x7f985d6fe5f0>,3,26,[10  3],4,-1,48,-1,22
1,<environment.Job instance at 0x7f985d6fe370>,9,25,[8 2],10,-1,47,-1,22
1,<environment.Job instance at 0x7f985dee96e0>,15,12,[12  2],16,-1,34,-1,22
1,<environment.Job instance at 0x7f985df7c460>,16,12,[14  2],17,-1,34,-1,22
1,<environment.Job instance at 0x7f985d6fe8c0>,11,27,[6 4],12,-1,49,-1,22
1,<environment.Job instance at 0x7f985df7cbe0>,18,13,[14  5],19,-1,35,-1,22
1,<environment.Job instance at 0x7f985df7c0a0>,19,25,[13  3],20,-1,47,-1,22
1,<environment.Job instance at 0x7f985df7caa0>,20,14,[ 1 14],21,-1,36,-1,22
1,<environment.Job instance at 0x7f985df7c1e0>,22,12,[ 2 13],23,-1,35,-1,23
1,<environment.Job instance at 0x7f985df7c910>,23,22,[13  3],24,-1,46,-1,24
1,<environment.Job instance at 0x7f985df7c500>,28,18,[11  4],29,-1,67,-1,49
1,<environment.Job instance at 0x7f985df7c320>,29,24,[10  3],30,-1,73,-1,49
1,<environment.Job instance at 0x7f985de1e5a0>,30,18,[11  2],31,-1,67,-1,49
1,<environment.Job instance at 0x7f985de1eb90>,31,20,[ 3 14],32,-1,69,-1,49
1,<environment.Job instance at 0x7f985de1ec30>,32,24,[14  5],33,-1,73,-1,49
1,<environment.Job instance at 0x7f985de1e870>,33,24,[14  5],34,-1,73,-1,49
1,<environment.Job instance at 0x7f985de1e820>,34,12,[ 4 11],35,-1,61,-1,49
1,<environment.Job instance at 0x7f985de1e9b0>,35,22,[ 3 14],36,-1,71,-1,49
1,<environment.Job instance at 0x7f985de1e140>,36,14,[ 1 13],37,-1,63,-1,49
1,<environment.Job instance at 0x7f985de1e230>,37,16,[13  5],38,-1,65,-1,49
1,<environment.Job instance at 0x7f985de1e6e0>,38,25,[5 3],39,-1,74,-1,49
1,<environment.Job instance at 0x7f985de1e550>,40,22,[ 3 14],41,-1,71,-1,49
1,<environment.Job instance at 0x7f985de1e0a0>,42,14,[13  1],43,-1,67,-1,53
1,<environment.Job instance at 0x7f985de1e320>,43,27,[ 4 14],44,-1,80,-1,53
1,<environment.Job instance at 0x7f985de1e410>,47,28,[13  5],48,-1,96,-1,68
1,<environment.Job instance at 0x7f985de1efa0>,49,21,[ 3 14],50,-1,90,-1,69
1,<environment.Job instance at 0x7f985de1e190>,48,23,[6 4],49,-1,101,-1,78
1,<environment.Job instance at 0x7f985db59910>,51,27,[5 5],52,-1,112,-1,85
1,<environment.Job instance at 0x7f985db59be0>,54,26,[12  3],55,-1,111,-1,85
1,<environment.Job instance at 0x7f985db59af0>,55,20,[14  4],56,-1,105,-1,85
1,<environment.Job instance at 0x7f985db597d0>,56,15,[13  2],57,-1,100,-1,85
1,<environment.Job instance at 0x7f985db59320>,57,24,[ 5 13],58,-1,109,-1,85
1,<environment.Job instance at 0x7f985db59a50>,58,25,[13  5],59,-1,110,-1,85
1,<environment.Job instance at 0x7f985db59460>,59,19,[ 2 13],60,-1,104,-1,85
1,<environment.Job instance at 0x7f985db59410>,53,25,[5 5],54,-1,114,-1,89
1,<environment.Job instance at 0x7f985db594b0>,61,19,[14  2],62,-1,108,-1,89
1,<environment.Job instance at 0x7f985db59730>,62,18,[14  4],63,-1,107,-1,89
1,<environment.Job instance at 0x7f985db59050>,63,14,[14  2],64,-1,103,-1,89
1,<environment.Job instance at 0x7f985de2ddc0>,0,27,[6 1],1,-1,28,-1,1
1,<environment.Job instance at 0x7f985e85dcd0>,2,18,[2 5],3,-1,22,-1,4
1,<environment.Job instance at 0x7f985dee4730>,3,16,[12  2],4,-1,20,-1,4
1,<environment.Job instance at 0x7f985e85deb0>,5,19,[5 7],6,-1,25,-1,6
1,<environment.Job instance at 0x7f985e867320>,12,17,[ 2 12],13,-1,44,-1,27
1,<environment.Job instance at 0x7f985e867870>,19,14,[ 3 10],20,-1,42,-1,28
1,<environment.Job instance at 0x7f985e8674b0>,15,22,[ 5 13],16,-1,50,-1,28
1,<environment.Job instance at 0x7f985e8677d0>,18,21,[5 6],19,-1,49,-1,28
1,<environment.Job instance at 0x7f985e867aa0>,23,18,[4 9],24,-1,52,-1,34
1,<environment.Job instance at 0x7f985e867eb0>,27,27,[12  2],28,-1,116,-1,89
1,<environment.Job instance at 0x7f985de1d1e0>,0,27,[6 1],1,-1,28,-1,1
1,<environment.Job instance at 0x7f985de1d820>,1,26,[ 3 14],2,-1,28,-1,2
1,<environment.Job instance at 0x7f985de1dfa0>,3,16,[12  2],4,-1,20,-1,4
1,<environment.Job instance at 0x7f985de1d8c0>,4,17,[ 4 11],5,-1,22,-1,5
1,<environment.Job instance at 0x7f985de1db90>,6,19,[ 4 12],7,-1,26,-1,7
1,<environment.Job instance at 0x7f985de1d190>,7,16,[ 1 13],8,-1,24,-1,8
1,<environment.Job instance at 0x7f985de1d550>,8,18,[14  2],9,-1,27,-1,9
1,<environment.Job instance at 0x7f985de1d730>,12,17,[ 2 12],13,-1,30,-1,13
1,<environment.Job instance at 0x7f985db59050>,15,22,[ 5 13],16,-1,38,-1,16
1,<environment.Job instance at 0x7f985db599b0>,16,12,[ 3 11],17,-1,29,-1,17
1,<environment.Job instance at 0x7f985db59730>,17,27,[11  2],18,-1,45,-1,18
1,<environment.Job instance at 0x7f985db59a50>,21,22,[ 4 12],22,-1,47,-1,25
1,<environment.Job instance at 0x7f985db59460>,24,27,[12  1],25,-1,63,-1,36
1,<environment.Job instance at 0x7f985db59f00>,25,18,[14  5],26,-1,54,-1,36
1,<environment.Job instance at 0x7f985db59820>,26,13,[ 5 11],27,-1,49,-1,36
1,<environment.Job instance at 0x7f985db59500>,27,27,[12  2],28,-1,63,-1,36
1,<environment.Job instance at 0x7f985db59910>,29,27,[5 1],30,-1,77,-1,50
1,<environment.Job instance at 0x7f985db59780>,30,28,[ 5 10],31,-1,78,-1,50
1,<environment.Job instance at 0x7f985de1efa0>,31,27,[11  5],32,-1,77,-1,50
1,<environment.Job instance at 0x7f985de1e190>,32,23,[14  5],33,-1,73,-1,50
1,<environment.Job instance at 0x7f985de1ee60>,33,16,[12  4],34,-1,66,-1,50
1,<environment.Job instance at 0x7f985de1e050>,35,27,[12  4],36,-1,77,-1,50
1,<environment.Job instance at 0x7f985de1e550>,36,20,[ 5 12],37,-1,70,-1,50
1,<environment.Job instance at 0x7f985de1e320>,37,28,[12  4],38,-1,78,-1,50
1,<environment.Job instance at 0x7f985de1e690>,38,16,[ 1 14],39,-1,66,-1,50
1,<environment.Job instance at 0x7f985de1e460>,41,28,[13  3],42,-1,79,-1,51
1,<environment.Job instance at 0x7f985de1e230>,42,22,[ 3 11],43,-1,73,-1,51
1,<environment.Job instance at 0x7f985de1e140>,43,21,[ 2 13],44,-1,72,-1,51
1,<environment.Job instance at 0x7f985de1e820>,45,26,[13  3],46,-1,90,-1,64
1,<environment.Job instance at 0x7f985de1e870>,46,24,[8 2],47,-1,89,-1,65
1,<environment.Job instance at 0x7f985de1e370>,48,12,[11  1],49,-1,77,-1,65
1,<environment.Job instance at 0x7f985de1e5a0>,49,17,[11  3],50,-1,82,-1,65
1,<environment.Job instance at 0x7f985df7cb90>,50,16,[12  1],51,-1,81,-1,65
1,<environment.Job instance at 0x7f985de1eb90>,51,15,[ 4 13],52,-1,80,-1,65
1,<environment.Job instance at 0x7f985df7cdc0>,52,28,[13  1],53,-1,93,-1,65
1,<environment.Job instance at 0x7f985df7c960>,53,24,[ 4 13],54,-1,89,-1,65
1,<environment.Job instance at 0x7f985df7ce60>,54,18,[ 1 11],55,-1,83,-1,65
1,<environment.Job instance at 0x7f985df7c870>,56,14,[12  5],57,-1,80,-1,66
1,<environment.Job instance at 0x7f985df7ccd0>,57,21,[13  2],58,-1,87,-1,66
1,<environment.Job instance at 0x7f985df7cb40>,59,28,[13  2],60,-1,110,-1,82
1,<environment.Job instance at 0x7f985df7c4b0>,62,13,[ 5 12],63,-1,95,-1,82
1,<environment.Job instance at 0x7f985dee94b0>,63,20,[ 2 11],64,-1,102,-1,82
1,<environment.Job instance at 0x7f985d8ad3c0>,2,20,[8 5],3,-1,24,-1,4
1,<environment.Job instance at 0x7f985d8adf50>,5,18,[3 7],6,-1,24,-1,6
1,<environment.Job instance at 0x7f985d8ad410>,7,18,[10  1],8,-1,26,-1,8
1,<environment.Job instance at 0x7f985d8add70>,8,20,[2 7],9,-1,29,-1,9
1,<environment.Job instance at 0x7f985d8aa410>,11,18,[4 9],12,-1,30,-1,12
1,<environment.Job instance at 0x7f985d8aad20>,14,27,[2 8],15,-1,42,-1,15
1,<environment.Job instance at 0x7f985d8aa500>,16,16,[8 2],17,-1,33,-1,17
1,<environment.Job instance at 0x7f985de1d5a0>,3,27,[ 5 10],4,-1,56,-1,29
1,<environment.Job instance at 0x7f985d8aa690>,21,18,[ 3 12],22,-1,89,-1,71
1,<environment.Job instance at 0x7f985d8aa190>,23,24,[13  4],24,-1,97,-1,73
1,<environment.Job instance at 0x7f985e6e0c80>,29,25,[5 1],30,-1,99,-1,74
1,<environment.Job instance at 0x7f985e867d20>,0,14,[ 4 13],1,-1,15,-1,1
1,<environment.Job instance at 0x7f985e8676e0>,1,23,[ 5 12],2,-1,25,-1,2
1,<environment.Job instance at 0x7f985df0bc80>,3,27,[ 5 10],4,-1,31,-1,4
1,<environment.Job instance at 0x7f985dee94b0>,4,13,[13  5],5,-1,18,-1,5
1,<environment.Job instance at 0x7f985df7c4b0>,6,18,[ 4 14],7,-1,25,-1,7
1,<environment.Job instance at 0x7f985df7cbe0>,9,17,[12  2],10,-1,27,-1,10
1,<environment.Job instance at 0x7f985df7ce60>,13,23,[1 5],14,-1,46,-1,23
1,<environment.Job instance at 0x7f985df7cd70>,14,27,[2 8],15,-1,50,-1,23
1,<environment.Job instance at 0x7f985df7c6e0>,17,14,[11  4],18,-1,37,-1,23
1,<environment.Job instance at 0x7f985df7cdc0>,18,14,[14  5],19,-1,37,-1,23
1,<environment.Job instance at 0x7f985de1eb90>,20,18,[ 4 11],21,-1,53,-1,35
1,<environment.Job instance at 0x7f985de1e5a0>,21,18,[ 3 12],22,-1,53,-1,35
1,<environment.Job instance at 0x7f985de1e140>,23,24,[13  4],24,-1,63,-1,39
1,<environment.Job instance at 0x7f985de1e820>,24,19,[ 2 13],25,-1,58,-1,39
1,<environment.Job instance at 0x7f985de1e9b0>,26,14,[13  4],27,-1,65,-1,51
1,<environment.Job instance at 0x7f985de1e460>,27,15,[13  3],28,-1,66,-1,51
1,<environment.Job instance at 0x7f985de1e6e0>,28,12,[ 5 11],29,-1,63,-1,51
1,<environment.Job instance at 0x7f985de1e7d0>,29,25,[5 1],30,-1,76,-1,51
1,<environment.Job instance at 0x7f985de1e320>,31,14,[14  2],32,-1,65,-1,51
1,<environment.Job instance at 0x7f985de1e550>,32,25,[8 5],33,-1,93,-1,68
1,<environment.Job instance at 0x7f985de1e1e0>,34,15,[14  4],35,-1,83,-1,68
1,<environment.Job instance at 0x7f985de1e3c0>,36,25,[ 2 13],37,-1,93,-1,68
1,<environment.Job instance at 0x7f985de1e190>,37,15,[ 5 12],38,-1,83,-1,68
1,<environment.Job instance at 0x7f985de1e370>,38,26,[11  4],39,-1,94,-1,68
1,<environment.Job instance at 0x7f985d87a5a0>,39,21,[12  2],40,-1,89,-1,68
1,<environment.Job instance at 0x7f985e6e0f50>,40,25,[6 2],41,-1,93,-1,68
1,<environment.Job instance at 0x7f985dff7370>,41,23,[5 5],42,-1,91,-1,68
1,<environment.Job instance at 0x7f985d8aa730>,43,17,[ 4 12],44,-1,85,-1,68
1,<environment.Job instance at 0x7f985de1d730>,45,14,[ 5 13],46,-1,83,-1,69
1,<environment.Job instance at 0x7f985de1dd20>,47,22,[ 4 13],48,-1,91,-1,69
1,<environment.Job instance at 0x7f985de1d550>,49,21,[ 4 14],50,-1,101,-1,80
1,<environment.Job instance at 0x7f985de1d4b0>,51,13,[12  5],52,-1,93,-1,80
1,<environment.Job instance at 0x7f985e52fe60>,0,23,[2 9],1,-1,24,-1,1
1,<environment.Job instance at 0x7f985e52f3c0>,1,17,[2 7],2,-1,19,-1,2
1,<environment.Job instance at 0x7f985de1e7d0>,0,23,[2 9],1,-1,24,-1,1
1,<environment.Job instance at 0x7f985de1e640>,2,23,[8 3],3,-1,26,-1,3
1,<environment.Job instance at 0x7f985de1e8c0>,3,13,[13  3],4,-1,17,-1,4
1,<environment.Job instance at 0x7f985de1e500>,4,25,[ 1 14],5,-1,30,-1,5
1,<environment.Job instance at 0x7f985de1e820>,5,19,[13  1],6,-1,25,-1,6
1,<environment.Job instance at 0x7f985de1ec30>,6,15,[12  3],7,-1,22,-1,7
1,<environment.Job instance at 0x7f985de1e140>,7,24,[ 1 11],8,-1,32,-1,8
1,<environment.Job instance at 0x7f985de1ea00>,8,27,[10  4],9,-1,36,-1,9
1,<environment.Job instance at 0x7f985de1e4b0>,9,26,[5 5],10,-1,36,-1,10
1,<environment.Job instance at 0x7f985de56d70>,11,19,[13  1],12,-1,31,-1,12
1,<environment.Job instance at 0x7f985e8676e0>,12,16,[11  1],13,-1,29,-1,13
1,<environment.Job instance at 0x7f98677d7aa0>,13,28,[ 4 11],14,-1,42,-1,14
1,<environment.Job instance at 0x7f985de1eb90>,15,24,[13  5],16,-1,40,-1,16
1,<environment.Job instance at 0x7f985e92f2d0>,16,26,[12  1],17,-1,43,-1,17
1,<environment.Job instance at 0x7f985d7dae10>,19,17,[ 2 13],20,-1,37,-1,20
1,<environment.Job instance at 0x7f985d7dac30>,21,26,[7 1],22,-1,51,-1,25
1,<environment.Job instance at 0x7f985dde9320>,23,15,[14  1],24,-1,40,-1,25
1,<environment.Job instance at 0x7f985db050f0>,25,17,[14  2],26,-1,43,-1,26
1,<environment.Job instance at 0x7f985e4f3780>,26,20,[11  4],27,-1,47,-1,27
1,<environment.Job instance at 0x7f985e4f3870>,29,23,[5 6],30,-1,61,-1,38
1,<environment.Job instance at 0x7f985e4f3190>,30,14,[ 4 13],31,-1,52,-1,38
1,<environment.Job instance at 0x7f985df7d0f0>,31,23,[ 5 14],32,-1,61,-1,38
1,<environment.Job instance at 0x7f985df7d690>,32,23,[13  5],33,-1,61,-1,38
1,<environment.Job instance at 0x7f985db703c0>,33,22,[ 2 14],34,-1,60,-1,38
1,<environment.Job instance at 0x7f985db70730>,34,17,[13  4],35,-1,55,-1,38
1,<environment.Job instance at 0x7f985e74b5a0>,37,24,[ 4 13],38,-1,62,-1,38
1,<environment.Job instance at 0x7f985db705a0>,38,28,[12  2],39,-1,67,-1,39
1,<environment.Job instance at 0x7f985dceb550>,36,23,[9 1],37,-1,76,-1,53
1,<environment.Job instance at 0x7f985dbe5320>,42,14,[12  1],43,-1,67,-1,53
1,<environment.Job instance at 0x7f985eb2ac80>,44,25,[10  1],45,-1,90,-1,65
1,<environment.Job instance at 0x7f985eb2a280>,45,13,[ 5 11],46,-1,78,-1,65
1,<environment.Job instance at 0x7f985da71870>,46,12,[ 3 14],47,-1,77,-1,65
1,<environment.Job instance at 0x7f985da71730>,48,13,[ 2 13],49,-1,78,-1,65
1,<environment.Job instance at 0x7f985da719b0>,49,14,[13  2],50,-1,79,-1,65
1,<environment.Job instance at 0x7f985da71af0>,50,18,[11  2],51,-1,83,-1,65
1,<environment.Job instance at 0x7f985dc7b960>,52,20,[ 2 12],53,-1,90,-1,70
1,<environment.Job instance at 0x7f985dc7baa0>,53,20,[13  1],54,-1,90,-1,70
1,<environment.Job instance at 0x7f985d635c80>,51,25,[ 1 10],52,-1,104,-1,79
1,<environment.Job instance at 0x7f985eaab6e0>,56,26,[3 7],57,-1,105,-1,79
1,<environment.Job instance at 0x7f985de3f730>,60,25,[12  2],61,-1,104,-1,79
1,<environment.Job instance at 0x7f985df8a5a0>,61,22,[11  3],62,-1,101,-1,79
1,<environment.Job instance at 0x7f985df8a2d0>,62,24,[12  5],63,-1,103,-1,79
1,<environment.Job instance at 0x7f985da607d0>,7,19,[1 8],8,-1,30,-1,11
1,<environment.Job instance at 0x7f985ebe41e0>,3,28,[ 5 10],4,-1,50,-1,22
1,<environment.Job instance at 0x7f985da603c0>,13,27,[12  4],14,-1,49,-1,22
1,<environment.Job instance at 0x7f985da60690>,11,14,[8 3],12,-1,36,-1,22
1,<environment.Job instance at 0x7f985e73af50>,0,16,[ 2 14],1,-1,17,-1,1
1,<environment.Job instance at 0x7f985e73ae10>,1,26,[7 3],2,-1,28,-1,2
1,<environment.Job instance at 0x7f9867299820>,2,16,[ 3 13],3,-1,19,-1,3
1,<environment.Job instance at 0x7f985e73ac80>,3,28,[ 5 10],4,-1,32,-1,4
1,<environment.Job instance at 0x7f985e82c190>,4,22,[14  1],5,-1,27,-1,5
1,<environment.Job instance at 0x7f985d6dc500>,6,15,[ 1 12],7,-1,22,-1,7
1,<environment.Job instance at 0x7f985dea3e60>,10,14,[13  5],11,-1,25,-1,11
1,<environment.Job instance at 0x7f985eaab7d0>,13,27,[12  4],14,-1,41,-1,14
1,<environment.Job instance at 0x7f985eaab1e0>,14,18,[ 3 13],15,-1,33,-1,15
1,<environment.Job instance at 0x7f985ec61b40>,15,27,[ 1 14],16,-1,43,-1,16
1,<environment.Job instance at 0x7f985dc7b960>,16,21,[14  2],17,-1,38,-1,17
1,<environment.Job instance at 0x7f985da71a00>,17,22,[11  1],18,-1,40,-1,18
1,<environment.Job instance at 0x7f985dbe5320>,19,12,[ 1 14],20,-1,32,-1,20
1,<environment.Job instance at 0x7f985da71320>,20,23,[ 4 14],21,-1,44,-1,21
1,<environment.Job instance at 0x7f985d866690>,21,14,[13  2],22,-1,36,-1,22
1,<environment.Job instance at 0x7f985d866320>,23,21,[11  2],24,-1,48,-1,27
1,<environment.Job instance at 0x7f985dcebd20>,24,18,[ 2 11],25,-1,45,-1,27
1,<environment.Job instance at 0x7f985dceb550>,25,17,[11  4],26,-1,44,-1,27
1,<environment.Job instance at 0x7f985d866f50>,26,14,[ 4 14],27,-1,41,-1,27
1,<environment.Job instance at 0x7f985e4f3780>,27,28,[12  5],28,-1,56,-1,28
1,<environment.Job instance at 0x7f985e4f3870>,28,13,[12  5],29,-1,42,-1,29
1,<environment.Job instance at 0x7f985e4f3cd0>,29,12,[11  5],30,-1,42,-1,30
1,<environment.Job instance at 0x7f985dc7baa0>,18,26,[7 4],19,-1,57,-1,31
1,<environment.Job instance at 0x7f985d893aa0>,32,27,[13  5],33,-1,60,-1,33
1,<environment.Job instance at 0x7f985dde99b0>,33,28,[ 3 14],34,-1,62,-1,34
1,<environment.Job instance at 0x7f985e92f1e0>,34,21,[ 4 11],35,-1,56,-1,35
1,<environment.Job instance at 0x7f985dde9280>,35,18,[ 3 12],36,-1,54,-1,36
1,<environment.Job instance at 0x7f985e8873c0>,31,26,[5 3],32,-1,71,-1,45
1,<environment.Job instance at 0x7f985e92f780>,37,26,[14  5],38,-1,71,-1,45
1,<environment.Job instance at 0x7f985e92f8c0>,38,24,[4 6],39,-1,69,-1,45
1,<environment.Job instance at 0x7f985da609b0>,39,18,[13  1],40,-1,63,-1,45
1,<environment.Job instance at 0x7f985da81f50>,40,20,[12  3],41,-1,65,-1,45
1,<environment.Job instance at 0x7f985e867fa0>,41,17,[ 5 14],42,-1,62,-1,45
1,<environment.Job instance at 0x7f985ec644b0>,42,24,[8 5],43,-1,69,-1,45
1,<environment.Job instance at 0x7f985e7513c0>,43,24,[5 1],44,-1,69,-1,45
1,<environment.Job instance at 0x7f985ebe4eb0>,45,16,[ 2 13],46,-1,62,-1,46
1,<environment.Job instance at 0x7f985ebe49b0>,46,17,[12  3],47,-1,64,-1,47
1,<environment.Job instance at 0x7f985dea9780>,47,14,[14  1],48,-1,62,-1,48
1,<environment.Job instance at 0x7f985dea94b0>,48,25,[ 4 10],49,-1,87,-1,62
1,<environment.Job instance at 0x7f985ebe48c0>,49,26,[3 6],50,-1,88,-1,62
1,<environment.Job instance at 0x7f985dea9c30>,51,14,[11  5],52,-1,76,-1,62
1,<environment.Job instance at 0x7f985e444dc0>,52,24,[ 4 12],53,-1,86,-1,62
1,<environment.Job instance at 0x7f985e444550>,53,23,[1 6],54,-1,85,-1,62
1,<environment.Job instance at 0x7f985e4440a0>,54,25,[12  2],55,-1,87,-1,62
1,<environment.Job instance at 0x7f985e444c80>,56,24,[13  1],57,-1,86,-1,62
1,<environment.Job instance at 0x7f985e444a00>,57,13,[11  1],58,-1,75,-1,62
1,<environment.Job instance at 0x7f985e4445f0>,59,16,[13  1],60,-1,80,-1,64
1,<environment.Job instance at 0x7f985e4440f0>,62,21,[11  4],63,-1,99,-1,78
1,<environment.Job instance at 0x7f985e444140>,63,13,[13  5],64,-1,91,-1,78
1,<environment.Job instance at 0x7f985e2720a0>,64,16,[ 5 13],65,-1,94,-1,78
1,<environment.Job instance at 0x7f985e2727d0>,65,27,[ 1 10],66,-1,105,-1,78
1,<environment.Job instance at 0x7f985e272370>,67,12,[14  2],68,-1,90,-1,78
1,<environment.Job instance at 0x7f985e272910>,68,23,[5 5],69,-1,107,-1,84
1,<environment.Job instance at 0x7f985e272be0>,69,23,[ 3 13],70,-1,107,-1,84
1,<environment.Job instance at 0x7f985e272f50>,70,14,[ 4 12],71,-1,98,-1,84
1,<environment.Job instance at 0x7f985e2dbeb0>,0,13,[ 1 12],1,-1,14,-1,1
1,<environment.Job instance at 0x7f985e2db8c0>,1,16,[ 2 12],2,-1,18,-1,2
1,<environment.Job instance at 0x7f985e2db820>,2,27,[ 3 11],3,-1,30,-1,3
1,<environment.Job instance at 0x7f985e2dba00>,3,21,[ 3 13],4,-1,25,-1,4
1,<environment.Job instance at 0x7f985e2728c0>,5,21,[ 4 14],6,-1,27,-1,6
1,<environment.Job instance at 0x7f985e2725a0>,6,13,[14  2],7,-1,20,-1,7
1,<environment.Job instance at 0x7f985e272f00>,7,16,[ 4 14],8,-1,24,-1,8
1,<environment.Job instance at 0x7f985e2723c0>,9,14,[13  3],10,-1,24,-1,10
1,<environment.Job instance at 0x7f985e272b40>,12,17,[ 3 11],13,-1,30,-1,13
1,<environment.Job instance at 0x7f985e272370>,15,25,[ 2 12],16,-1,41,-1,16
1,<environment.Job instance at 0x7f985e272780>,10,24,[3 9],11,-1,43,-1,19
1,<environment.Job instance at 0x7f985e272280>,17,27,[8 5],18,-1,46,-1,19
1,<environment.Job instance at 0x7f985e272eb0>,14,27,[1 9],15,-1,46,-1,19
1,<environment.Job instance at 0x7f985e2721e0>,16,27,[1 6],17,-1,46,-1,19
1,<environment.Job instance at 0x7f985e444a00>,19,17,[ 1 11],20,-1,37,-1,20
1,<environment.Job instance at 0x7f985e444b90>,20,13,[ 3 14],21,-1,34,-1,21
1,<environment.Job instance at 0x7f985e4445f0>,23,16,[11  2],24,-1,40,-1,24
1,<environment.Job instance at 0x7f985e444230>,25,13,[13  5],26,-1,39,-1,26
1,<environment.Job instance at 0x7f985e4449b0>,26,17,[13  3],27,-1,44,-1,27
1,<environment.Job instance at 0x7f985e4448c0>,24,27,[5 2],25,-1,60,-1,33
1,<environment.Job instance at 0x7f985e7513c0>,28,13,[14  3],29,-1,46,-1,33
1,<environment.Job instance at 0x7f985e444640>,29,26,[ 2 12],30,-1,59,-1,33
1,<environment.Job instance at 0x7f985da60870>,30,26,[4 5],31,-1,59,-1,33
1,<environment.Job instance at 0x7f985ec644b0>,27,26,[10  5],28,-1,59,-1,33
1,<environment.Job instance at 0x7f98677d7aa0>,32,24,[4 6],33,-1,57,-1,33
1,<environment.Job instance at 0x7f985e8676e0>,33,15,[ 2 13],34,-1,49,-1,34
1,<environment.Job instance at 0x7f985e92faf0>,34,18,[11  2],35,-1,53,-1,35
1,<environment.Job instance at 0x7f985e867280>,37,18,[14  1],38,-1,56,-1,38
1,<environment.Job instance at 0x7f985dde99b0>,38,23,[ 1 11],39,-1,62,-1,39
1,<environment.Job instance at 0x7f985e8873c0>,39,19,[ 3 12],40,-1,59,-1,40
1,<environment.Job instance at 0x7f985e4f3870>,43,13,[ 3 11],44,-1,71,-1,58
1,<environment.Job instance at 0x7f985dcebd20>,45,25,[5 3],46,-1,95,-1,70
1,<environment.Job instance at 0x7f985e4f3550>,46,15,[11  2],47,-1,85,-1,70
1,<environment.Job instance at 0x7f985d866730>,48,25,[7 2],49,-1,99,-1,74
1,<environment.Job instance at 0x7f985d866320>,49,18,[ 5 12],50,-1,92,-1,74
1,<environment.Job instance at 0x7f985e613b90>,50,12,[ 3 12],51,-1,86,-1,74
1,<environment.Job instance at 0x7f985e6135f0>,51,15,[11  5],52,-1,89,-1,74
1,<environment.Job instance at 0x7f985dea3e60>,53,16,[13  2],54,-1,90,-1,74
1,<environment.Job instance at 0x7f985da71a00>,54,12,[13  3],55,-1,86,-1,74
1,<environment.Job instance at 0x7f985db63550>,55,16,[11  5],56,-1,90,-1,74
1,<environment.Job instance at 0x7f9867299140>,59,26,[ 2 14],60,-1,113,-1,87
1,<environment.Job instance at 0x7f985dea9c80>,61,14,[14  3],62,-1,101,-1,87
1,<environment.Job instance at 0x7f985e0fa640>,7,19,[ 4 10],8,-1,32,-1,13
1,<environment.Job instance at 0x7f985d9dcbe0>,0,27,[ 3 13],1,-1,28,-1,1
1,<environment.Job instance at 0x7f985e62fd70>,2,18,[11  3],3,-1,21,-1,3
1,<environment.Job instance at 0x7f985d302910>,3,27,[1 7],4,-1,31,-1,4
1,<environment.Job instance at 0x7f985d2ee320>,5,18,[ 3 12],6,-1,24,-1,6
1,<environment.Job instance at 0x7f985e02a9b0>,9,15,[ 4 13],10,-1,25,-1,10
1,<environment.Job instance at 0x7f985e03a780>,12,17,[ 5 14],13,-1,30,-1,13
1,<environment.Job instance at 0x7f985db2ff00>,13,14,[13  1],14,-1,28,-1,14
1,<environment.Job instance at 0x7f985d30b280>,15,15,[ 5 14],16,-1,38,-1,23
1,<environment.Job instance at 0x7f985db2f4b0>,17,18,[ 1 14],18,-1,41,-1,23
1,<environment.Job instance at 0x7f985e04f6e0>,18,16,[12  4],19,-1,39,-1,23
1,<environment.Job instance at 0x7f985e02aa00>,11,25,[9 1],12,-1,48,-1,23
1,<environment.Job instance at 0x7f985e04f7d0>,20,24,[ 3 12],21,-1,47,-1,23
1,<environment.Job instance at 0x7f985e0526e0>,23,28,[14  2],24,-1,52,-1,24
1,<environment.Job instance at 0x7f985e052aa0>,25,13,[ 5 12],26,-1,40,-1,27
1,<environment.Job instance at 0x7f985da122d0>,26,22,[ 5 14],27,-1,49,-1,27
1,<environment.Job instance at 0x7f985e040230>,27,26,[8 5],28,-1,61,-1,35
1,<environment.Job instance at 0x7f985e019280>,30,13,[13  5],31,-1,48,-1,35
1,<environment.Job instance at 0x7f985e0191e0>,31,14,[ 2 13],32,-1,49,-1,35
1,<environment.Job instance at 0x7f985e019050>,32,23,[ 3 14],33,-1,58,-1,35
1,<environment.Job instance at 0x7f985e019230>,33,16,[13  3],34,-1,51,-1,35
1,<environment.Job instance at 0x7f985e048960>,35,15,[ 2 13],36,-1,55,-1,40
1,<environment.Job instance at 0x7f985e0485a0>,36,18,[12  1],37,-1,58,-1,40
1,<environment.Job instance at 0x7f985db41cd0>,38,28,[ 4 12],39,-1,77,-1,49
1,<environment.Job instance at 0x7f985db41500>,41,24,[ 5 14],42,-1,78,-1,54
1,<environment.Job instance at 0x7f985db41280>,42,27,[11  1],43,-1,81,-1,54
1,<environment.Job instance at 0x7f985e0313c0>,44,16,[ 1 14],45,-1,79,-1,63
1,<environment.Job instance at 0x7f985e031a00>,45,18,[13  3],46,-1,81,-1,63
1,<environment.Job instance at 0x7f985e0220f0>,49,13,[ 5 14],50,-1,90,-1,77
1,<environment.Job instance at 0x7f985e022c80>,50,17,[ 5 13],51,-1,94,-1,77
1,<environment.Job instance at 0x7f985e022f50>,51,27,[11  5],52,-1,104,-1,77
1,<environment.Job instance at 0x7f985da11730>,53,12,[11  1],54,-1,91,-1,79
1,<environment.Job instance at 0x7f985da115f0>,55,14,[ 5 13],56,-1,98,-1,84
1,<environment.Job instance at 0x7f985db04230>,56,13,[ 2 14],57,-1,97,-1,84
1,<environment.Job instance at 0x7f985d9df370>,0,13,[11  3],1,-1,14,-1,1
1,<environment.Job instance at 0x7f985d9b0550>,1,22,[ 4 12],2,-1,24,-1,2
1,<environment.Job instance at 0x7f985dfa7e60>,2,20,[13  3],3,-1,23,-1,3
1,<environment.Job instance at 0x7f985dfa79b0>,3,24,[14  1],4,-1,28,-1,4
1,<environment.Job instance at 0x7f985dfa7410>,5,14,[ 1 13],6,-1,20,-1,6
1,<environment.Job instance at 0x7f985dfa4cd0>,6,17,[ 3 12],7,-1,24,-1,7
1,<environment.Job instance at 0x7f985dfa42d0>,7,26,[11  2],8,-1,34,-1,8
1,<environment.Job instance at 0x7f985eb9c960>,9,24,[11  1],10,-1,34,-1,10
1,<environment.Job instance at 0x7f985eb9c690>,10,23,[13  2],11,-1,34,-1,11
1,<environment.Job instance at 0x7f985dfc77d0>,11,18,[13  5],12,-1,30,-1,12
1,<environment.Job instance at 0x7f985decf5a0>,15,14,[11  2],16,-1,30,-1,16
1,<environment.Job instance at 0x7f985dfc7f00>,16,15,[12  2],17,-1,32,-1,17
1,<environment.Job instance at 0x7f985e368780>,18,19,[14  2],19,-1,38,-1,19
1,<environment.Job instance at 0x7f985e93ab40>,19,20,[ 5 12],20,-1,40,-1,20
1,<environment.Job instance at 0x7f985e93a460>,20,18,[14  1],21,-1,39,-1,21
1,<environment.Job instance at 0x7f985d9b3690>,21,19,[ 2 14],22,-1,41,-1,22
1,<environment.Job instance at 0x7f985dc012d0>,13,28,[5 9],14,-1,51,-1,23
1,<environment.Job instance at 0x7f985da3a960>,22,24,[ 2 14],23,-1,47,-1,23
1,<environment.Job instance at 0x7f985da3ad20>,23,28,[12  4],24,-1,52,-1,24
1,<environment.Job instance at 0x7f98676604b0>,26,25,[14  5],27,-1,52,-1,27
1,<environment.Job instance at 0x7f985e4c7af0>,25,23,[3 6],26,-1,53,-1,30
1,<environment.Job instance at 0x7f985ecee730>,30,18,[ 2 14],31,-1,49,-1,31
1,<environment.Job instance at 0x7f985ecee550>,31,28,[4 5],32,-1,64,-1,36
1,<environment.Job instance at 0x7f985da24f00>,33,21,[13  5],34,-1,57,-1,36
1,<environment.Job instance at 0x7f985da24780>,34,23,[10  5],35,-1,69,-1,46
1,<environment.Job instance at 0x7f985da24820>,35,13,[13  4],36,-1,59,-1,46
1,<environment.Job instance at 0x7f985d806460>,37,16,[ 5 14],38,-1,62,-1,46
1,<environment.Job instance at 0x7f985debc1e0>,41,21,[12  1],42,-1,77,-1,56
1,<environment.Job instance at 0x7f985debcdc0>,43,16,[11  3],44,-1,72,-1,56
1,<environment.Job instance at 0x7f985debc4b0>,45,18,[11  2],46,-1,79,-1,61
1,<environment.Job instance at 0x7f985debcc30>,46,16,[ 4 13],47,-1,77,-1,61
1,<environment.Job instance at 0x7f985d2d7050>,47,17,[11  3],48,-1,78,-1,61
1,<environment.Job instance at 0x7f985d2d7500>,48,23,[11  2],49,-1,84,-1,61
1,<environment.Job instance at 0x7f985ecd1a00>,50,20,[13  2],51,-1,81,-1,61
1,<environment.Job instance at 0x7f985d30b410>,52,23,[ 3 13],53,-1,93,-1,70
1,<environment.Job instance at 0x7f985d30bfa0>,53,26,[3 8],54,-1,96,-1,70
1,<environment.Job instance at 0x7f985e4dc640>,54,18,[14  4],55,-1,88,-1,70
1,<environment.Job instance at 0x7f985dfa00f0>,57,23,[9 2],58,-1,108,-1,85
1,<environment.Job instance at 0x7f985dfa09b0>,58,26,[11  2],59,-1,111,-1,85
1,<environment.Job instance at 0x7f985dfa0f50>,59,27,[14  4],60,-1,112,-1,85
1,<environment.Job instance at 0x7f985dfa0d20>,61,26,[13  2],62,-1,111,-1,85
1,<environment.Job instance at 0x7f985dfa06e0>,62,27,[11  3],63,-1,112,-1,85
1,<environment.Job instance at 0x7f985dfa0050>,63,16,[14  4],64,-1,101,-1,85
1,<environment.Job instance at 0x7f985dbfa370>,64,27,[ 1 14],65,-1,112,-1,85
1,<environment.Job instance at 0x7f985dbfa9b0>,65,21,[ 3 11],66,-1,106,-1,85
1,<environment.Job instance at 0x7f985d85a460>,66,20,[13  1],67,-1,105,-1,85
1,<environment.Job instance at 0x7f985d3a0af0>,9,28,[13  3],10,-1,38,-1,10
1,<environment.Job instance at 0x7f985dfccf50>,7,15,[10  5],8,-1,26,-1,11
1,<environment.Job instance at 0x7f985e26ecd0>,11,23,[ 5 11],12,-1,35,-1,12
1,<environment.Job instance at 0x7f985e93d190>,6,15,[ 4 12],7,-1,29,-1,14
1,<environment.Job instance at 0x7f985d500460>,14,20,[ 1 10],15,-1,39,-1,19
1,<environment.Job instance at 0x7f985d870be0>,2,13,[13  4],3,-1,34,-1,21
1,<environment.Job instance at 0x7f985d3a0d70>,12,16,[1 8],13,-1,37,-1,21
1,<environment.Job instance at 0x7f985d3a01e0>,15,17,[ 2 14],16,-1,38,-1,21
1,<environment.Job instance at 0x7f985dda91e0>,17,12,[11  5],18,-1,34,-1,22
1,<environment.Job instance at 0x7f985dda9be0>,18,17,[ 3 14],19,-1,39,-1,22
1,<environment.Job instance at 0x7f985dda9c80>,16,22,[ 1 14],17,-1,45,-1,23
1,<environment.Job instance at 0x7f985d6e9410>,4,27,[ 4 13],5,-1,50,-1,23
1,<environment.Job instance at 0x7f985d461c30>,22,17,[ 4 13],23,-1,40,-1,23
1,<environment.Job instance at 0x7f985dda9690>,20,27,[ 4 12],21,-1,53,-1,26
1,<environment.Job instance at 0x7f985d5f2690>,24,17,[ 4 11],25,-1,43,-1,26
1,<environment.Job instance at 0x7f985d461aa0>,21,22,[6 4],22,-1,51,-1,29
1,<environment.Job instance at 0x7f985d870140>,1,14,[11  2],2,-1,45,-1,31
1,<environment.Job instance at 0x7f985d461b40>,23,15,[2 7],24,-1,47,-1,32
1,<environment.Job instance at 0x7f985e3bf9b0>,28,21,[ 1 11],29,-1,53,-1,32
1,<environment.Job instance at 0x7f985debcfa0>,30,28,[5 5],31,-1,60,-1,32
1,<environment.Job instance at 0x7f985d405f50>,33,23,[ 5 11],34,-1,61,-1,38
1,<environment.Job instance at 0x7f985d605b40>,0,15,[ 1 14],1,-1,16,-1,1
1,<environment.Job instance at 0x7f985d6055a0>,1,14,[11  2],2,-1,16,-1,2
1,<environment.Job instance at 0x7f985d605370>,2,13,[13  4],3,-1,16,-1,3
1,<environment.Job instance at 0x7f985d605e10>,4,27,[ 4 13],5,-1,32,-1,5
1,<environment.Job instance at 0x7f985dec6730>,5,23,[ 4 12],6,-1,29,-1,6
1,<environment.Job instance at 0x7f985dec60a0>,6,15,[ 4 12],7,-1,22,-1,7
1,<environment.Job instance at 0x7f985d6056e0>,8,23,[ 5 11],9,-1,32,-1,9
1,<environment.Job instance at 0x7f985dec6140>,9,28,[13  3],10,-1,38,-1,10
1,<environment.Job instance at 0x7f985dec6f50>,10,27,[3 8],11,-1,38,-1,11
1,<environment.Job instance at 0x7f985dec6fa0>,11,23,[ 5 11],12,-1,35,-1,12
1,<environment.Job instance at 0x7f985dbfab90>,15,17,[ 2 14],16,-1,33,-1,16
1,<environment.Job instance at 0x7f985dfa0050>,16,22,[ 1 14],17,-1,39,-1,17
1,<environment.Job instance at 0x7f985dfa0b90>,17,12,[11  5],18,-1,30,-1,18
1,<environment.Job instance at 0x7f985dfa0370>,18,17,[ 3 14],19,-1,36,-1,19
1,<environment.Job instance at 0x7f985dbfa280>,20,27,[ 4 12],21,-1,48,-1,21
1,<environment.Job instance at 0x7f985debc6e0>,22,17,[ 4 13],23,-1,40,-1,23
1,<environment.Job instance at 0x7f985dfa0780>,24,17,[ 4 11],25,-1,42,-1,25
1,<environment.Job instance at 0x7f985debcdc0>,25,23,[ 1 11],26,-1,49,-1,26
1,<environment.Job instance at 0x7f985debc550>,26,14,[11  1],27,-1,41,-1,27
1,<environment.Job instance at 0x7f985da99f00>,27,23,[ 2 11],28,-1,51,-1,28
1,<environment.Job instance at 0x7f985ed2dcd0>,28,21,[ 1 11],29,-1,50,-1,29
1,<environment.Job instance at 0x7f985e368780>,29,23,[ 2 14],30,-1,53,-1,30
1,<environment.Job instance at 0x7f985debc280>,31,21,[ 4 13],32,-1,53,-1,32
1,<environment.Job instance at 0x7f985debc1e0>,30,28,[5 5],31,-1,60,-1,32
1,<environment.Job instance at 0x7f985e93aaf0>,32,15,[13  2],33,-1,48,-1,33
1,<environment.Job instance at 0x7f985e93a780>,33,23,[ 5 11],34,-1,57,-1,34
1,<environment.Job instance at 0x7f985decf5a0>,34,26,[ 5 11],35,-1,61,-1,35
1,<environment.Job instance at 0x7f985dfc7500>,36,18,[13  2],37,-1,55,-1,37
1,<environment.Job instance at 0x7f985dfa4cd0>,37,27,[12  5],38,-1,65,-1,38
1,<environment.Job instance at 0x7f985dfa4d20>,38,19,[11  4],39,-1,58,-1,39
1,<environment.Job instance at 0x7f985e93d690>,39,22,[ 2 11],40,-1,62,-1,40
1,<environment.Job instance at 0x7f985dfa4230>,42,12,[ 4 14],43,-1,56,-1,44
1,<environment.Job instance at 0x7f985dfcc230>,44,18,[14  1],45,-1,63,-1,45
1,<environment.Job instance at 0x7f985d870c80>,46,15,[12  1],47,-1,62,-1,47
1,<environment.Job instance at 0x7f985df9a8c0>,47,13,[ 5 12],48,-1,61,-1,48
1,<environment.Job instance at 0x7f985df9a4b0>,48,28,[14  2],49,-1,77,-1,49
1,<environment.Job instance at 0x7f985d8702d0>,50,15,[ 5 11],51,-1,74,-1,59
1,<environment.Job instance at 0x7f985df9ad70>,51,20,[ 3 11],52,-1,79,-1,59
1,<environment.Job instance at 0x7f985df9a550>,52,28,[9 4],53,-1,90,-1,62
1,<environment.Job instance at 0x7f985df9a460>,54,27,[ 3 13],55,-1,89,-1,62
1,<environment.Job instance at 0x7f985df9a320>,56,22,[ 1 13],57,-1,94,-1,72
1,<environment.Job instance at 0x7f985df9a410>,57,13,[14  2],58,-1,85,-1,72
1,<environment.Job instance at 0x7f985df9a730>,55,23,[6 2],56,-1,100,-1,77
1,<environment.Job instance at 0x7f985df9aaf0>,59,24,[ 3 13],60,-1,101,-1,77
1,<environment.Job instance at 0x7f985df9a2d0>,61,28,[11  3],62,-1,105,-1,77
1,<environment.Job instance at 0x7f985ded4050>,62,24,[1 5],63,-1,101,-1,77
1,<environment.Job instance at 0x7f985ded4410>,66,19,[ 5 13],67,-1,107,-1,88
1,<environment.Job instance at 0x7f985e5e6f00>,2,27,[8 4],3,-1,38,-1,11
1,<environment.Job instance at 0x7f985e5e7190>,7,17,[ 3 13],8,-1,29,-1,12
1,<environment.Job instance at 0x7f985d605dc0>,8,25,[12  2],9,-1,37,-1,12
1,<environment.Job instance at 0x7f985e5e7690>,13,27,[7 5],14,-1,41,-1,14
1,<environment.Job instance at 0x7f985e5e7500>,10,25,[12  3],11,-1,40,-1,15
1,<environment.Job instance at 0x7f985e5e7370>,6,24,[5 9],7,-1,41,-1,17
1,<environment.Job instance at 0x7f985e5e7870>,15,25,[ 3 11],16,-1,42,-1,17
1,<environment.Job instance at 0x7f985e5e7910>,17,28,[2 8],18,-1,46,-1,18
1,<environment.Job instance at 0x7f985e5e7a50>,18,25,[ 1 12],19,-1,44,-1,19
1,<environment.Job instance at 0x7f985db74460>,0,24,[14  4],1,-1,25,-1,1
1,<environment.Job instance at 0x7f985db74730>,1,13,[14  5],2,-1,15,-1,2
1,<environment.Job instance at 0x7f985db746e0>,2,27,[8 4],3,-1,30,-1,3
1,<environment.Job instance at 0x7f985ded4c30>,4,23,[6 1],5,-1,28,-1,5
1,<environment.Job instance at 0x7f985ded4870>,5,23,[ 5 12],6,-1,29,-1,6
1,<environment.Job instance at 0x7f985ded4960>,6,24,[5 9],7,-1,31,-1,7
1,<environment.Job instance at 0x7f985ded4af0>,7,17,[ 3 13],8,-1,25,-1,8
1,<environment.Job instance at 0x7f985ded4aa0>,8,25,[12  2],9,-1,34,-1,9
1,<environment.Job instance at 0x7f985ded4b90>,9,17,[ 1 14],10,-1,27,-1,10
1,<environment.Job instance at 0x7f985ded4320>,10,25,[12  3],11,-1,36,-1,11
1,<environment.Job instance at 0x7f985ded45a0>,11,27,[ 4 11],12,-1,39,-1,12
1,<environment.Job instance at 0x7f985ded4690>,12,23,[12  4],13,-1,36,-1,13
1,<environment.Job instance at 0x7f985ded4a00>,13,27,[7 5],14,-1,41,-1,14
1,<environment.Job instance at 0x7f985ded4f50>,15,25,[ 3 11],16,-1,41,-1,16
1,<environment.Job instance at 0x7f985ded4b40>,16,21,[ 4 11],17,-1,38,-1,17
1,<environment.Job instance at 0x7f985db74a50>,18,25,[ 1 12],19,-1,44,-1,19
1,<environment.Job instance at 0x7f985ded4910>,17,28,[2 8],18,-1,48,-1,20
1,<environment.Job instance at 0x7f985ded4d20>,19,16,[ 5 13],20,-1,36,-1,20
1,<environment.Job instance at 0x7f985ded4230>,20,23,[5 5],21,-1,44,-1,21
1,<environment.Job instance at 0x7f985ded4640>,21,26,[14  4],22,-1,48,-1,22
1,<environment.Job instance at 0x7f985ded44b0>,22,25,[2 8],23,-1,48,-1,23
1,<environment.Job instance at 0x7f985df9a0f0>,24,25,[4 7],25,-1,50,-1,25
1,<environment.Job instance at 0x7f985df9a410>,25,25,[11  5],26,-1,51,-1,26
1,<environment.Job instance at 0x7f985df9a140>,26,23,[14  2],27,-1,50,-1,27
1,<environment.Job instance at 0x7f985df9a780>,27,28,[ 4 11],28,-1,56,-1,28
1,<environment.Job instance at 0x7f985df9a820>,29,18,[11  1],30,-1,48,-1,30
1,<environment.Job instance at 0x7f985ded4410>,31,24,[ 3 14],32,-1,56,-1,32
1,<environment.Job instance at 0x7f985df9a4b0>,33,27,[ 3 12],34,-1,61,-1,34
1,<environment.Job instance at 0x7f985df9ac80>,35,25,[ 5 12],36,-1,61,-1,36
1,<environment.Job instance at 0x7f985df9a5a0>,32,28,[5 4],33,-1,65,-1,37
1,<environment.Job instance at 0x7f985df9a960>,36,24,[7 4],37,-1,61,-1,37
1,<environment.Job instance at 0x7f985e93d690>,40,16,[11  1],41,-1,57,-1,41
1,<environment.Job instance at 0x7f985d6dc1e0>,41,16,[ 1 12],42,-1,58,-1,42
1,<environment.Job instance at 0x7f985dfcc230>,39,27,[4 5],40,-1,72,-1,45
1,<environment.Job instance at 0x7f985dfc7f00>,45,18,[ 1 12],46,-1,73,-1,55
1,<environment.Job instance at 0x7f985dfa4230>,47,14,[12  5],48,-1,69,-1,55
1,<environment.Job instance at 0x7f985d870460>,43,25,[8 4],44,-1,80,-1,55
1,<environment.Job instance at 0x7f985e368780>,50,25,[8 3],51,-1,80,-1,55
1,<environment.Job instance at 0x7f985dd181e0>,51,22,[13  5],52,-1,77,-1,55
1,<environment.Job instance at 0x7f985e93ab40>,52,14,[14  4],53,-1,69,-1,55
1,<environment.Job instance at 0x7f985ed2daa0>,53,24,[5 1],54,-1,79,-1,55
1,<environment.Job instance at 0x7f985da99f00>,54,12,[ 4 13],55,-1,67,-1,55
1,<environment.Job instance at 0x7f985d8702d0>,42,28,[10  5],43,-1,83,-1,55
1,<environment.Job instance at 0x7f985debc690>,57,18,[11  2],58,-1,90,-1,72
1,<environment.Job instance at 0x7f985debc4b0>,59,13,[ 4 13],60,-1,85,-1,72
1,<environment.Job instance at 0x7f985debc550>,60,17,[11  2],61,-1,89,-1,72
1,<environment.Job instance at 0x7f985dfa0f50>,62,25,[ 3 12],63,-1,102,-1,77
1,<environment.Job instance at 0x7f985dfa09b0>,63,13,[14  2],64,-1,90,-1,77
1,<environment.Job instance at 0x7f985dfa0780>,64,12,[ 4 14],65,-1,89,-1,77
1,<environment.Job instance at 0x7f985d85a460>,65,26,[14  4],66,-1,103,-1,77
1,<environment.Job instance at 0x7f985dfa0b90>,66,23,[14  4],67,-1,100,-1,77
1,<environment.Job instance at 0x7f985dfa0370>,67,26,[12  4],68,-1,103,-1,77
1,<environment.Job instance at 0x7f985dbfa370>,68,23,[ 2 12],69,-1,100,-1,77
1,<environment.Job instance at 0x7f985e56e4b0>,0,20,[1 9],1,-1,21,-1,1
1,<environment.Job instance at 0x7f985dcb2230>,13,27,[9 5],14,-1,97,-1,70
1,<environment.Job instance at 0x7f985dcb2140>,10,27,[ 2 12],11,-1,97,-1,70
1,<environment.Job instance at 0x7f985dcb2730>,18,27,[ 4 14],19,-1,97,-1,70
1,<environment.Job instance at 0x7f985dcb29b0>,12,22,[2 8],13,-1,92,-1,70
1,<environment.Job instance at 0x7f985dcb2960>,19,28,[12  5],20,-1,99,-1,71
1,<environment.Job instance at 0x7f985dfa0820>,2,28,[10  2],3,-1,31,-1,3
1,<environment.Job instance at 0x7f985debc550>,4,24,[ 4 12],5,-1,29,-1,5
1,<environment.Job instance at 0x7f985debc280>,5,15,[14  1],6,-1,21,-1,6
1,<environment.Job instance at 0x7f985debc050>,6,28,[14  2],7,-1,35,-1,7
1,<environment.Job instance at 0x7f985debcc30>,10,27,[ 2 12],11,-1,38,-1,11
1,<environment.Job instance at 0x7f985ded4640>,11,25,[ 3 13],12,-1,37,-1,12
1,<environment.Job instance at 0x7f985dfa07d0>,1,23,[ 4 10],2,-1,44,-1,21
1,<environment.Job instance at 0x7f985ded45f0>,14,25,[3 5],15,-1,46,-1,21
1,<environment.Job instance at 0x7f985ded4050>,15,23,[ 2 13],16,-1,44,-1,21
1,<environment.Job instance at 0x7f985ded4c80>,16,15,[11  2],17,-1,36,-1,21
1,<environment.Job instance at 0x7f985ded4190>,18,27,[ 4 14],19,-1,48,-1,21
1,<environment.Job instance at 0x7f985ded48c0>,19,28,[12  5],20,-1,49,-1,21
1,<environment.Job instance at 0x7f985ded4a00>,20,28,[2 5],21,-1,49,-1,21
1,<environment.Job instance at 0x7f985ded45a0>,21,27,[13  3],22,-1,49,-1,22
1,<environment.Job instance at 0x7f985ded4f00>,22,26,[ 2 14],23,-1,49,-1,23
1,<environment.Job instance at 0x7f985ded43c0>,23,25,[11  2],24,-1,49,-1,24
1,<environment.Job instance at 0x7f985ded4aa0>,24,16,[11  4],25,-1,41,-1,25
1,<environment.Job instance at 0x7f985ded4af0>,25,13,[14  4],26,-1,39,-1,26
1,<environment.Job instance at 0x7f985e368780>,13,27,[9 5],14,-1,58,-1,31
1,<environment.Job instance at 0x7f985ded4870>,27,21,[12  2],28,-1,52,-1,31
1,<environment.Job instance at 0x7f985ded4320>,28,20,[ 1 11],29,-1,51,-1,31
1,<environment.Job instance at 0x7f985dcb2d70>,29,14,[ 1 14],30,-1,45,-1,31
1,<environment.Job instance at 0x7f985ded4cd0>,31,15,[12  3],32,-1,47,-1,32
1,<environment.Job instance at 0x7f985e5ed050>,33,22,[14  3],34,-1,56,-1,34
1,<environment.Job instance at 0x7f985ded4690>,35,16,[11  4],36,-1,52,-1,36
1,<environment.Job instance at 0x7f985d9aca00>,36,20,[ 5 13],37,-1,57,-1,37
1,<environment.Job instance at 0x7f985e56e8c0>,37,20,[11  5],38,-1,58,-1,38
1,<environment.Job instance at 0x7f985e5ed190>,39,22,[13  3],40,-1,62,-1,40
1,<environment.Job instance at 0x7f985e5b9c30>,40,14,[14  2],41,-1,55,-1,41
1,<environment.Job instance at 0x7f985e5b9d20>,41,19,[13  5],42,-1,61,-1,42
1,<environment.Job instance at 0x7f985e56e6e0>,38,23,[7 4],39,-1,66,-1,43
1,<environment.Job instance at 0x7f985e5b9690>,42,16,[13  3],43,-1,59,-1,43
1,<environment.Job instance at 0x7f985d4d7b90>,44,17,[ 1 13],45,-1,62,-1,45
1,<environment.Job instance at 0x7f985d4d7910>,45,23,[ 3 11],46,-1,69,-1,46
1,<environment.Job instance at 0x7f985d4d78c0>,46,26,[11  1],47,-1,73,-1,47
1,<environment.Job instance at 0x7f985d4d7140>,49,25,[ 4 11],50,-1,75,-1,50
1,<environment.Job instance at 0x7f985d4d7500>,51,26,[13  2],52,-1,84,-1,58
1,<environment.Job instance at 0x7f985d4d77d0>,52,20,[ 2 13],53,-1,78,-1,58
1,<environment.Job instance at 0x7f985d4d7730>,55,28,[ 1 13],56,-1,86,-1,58
1,<environment.Job instance at 0x7f985d4d7fa0>,47,25,[ 1 10],48,-1,84,-1,59
1,<environment.Job instance at 0x7f985d4d7e10>,58,14,[11  4],59,-1,73,-1,59
1,<environment.Job instance at 0x7f985e587e60>,60,21,[11  4],61,-1,82,-1,61
1,<environment.Job instance at 0x7f985e5871e0>,59,28,[7 1],60,-1,100,-1,72
1,<environment.Job instance at 0x7f985e587960>,66,28,[ 3 11],67,-1,114,-1,86
1,<environment.Job instance at 0x7f985e587a00>,67,12,[ 5 14],68,-1,98,-1,86
1,<environment.Job instance at 0x7f985e587690>,68,26,[14  5],69,-1,112,-1,86
1,<environment.Job instance at 0x7f985e587640>,69,20,[ 3 13],70,-1,106,-1,86
1,<environment.Job instance at 0x7f985db34d20>,0,21,[8 3],1,-1,23,-1,2
1,<environment.Job instance at 0x7f985db34910>,1,18,[11  1],2,-1,20,-1,2
1,<environment.Job instance at 0x7f985db34320>,4,17,[5 9],5,-1,23,-1,6
1,<environment.Job instance at 0x7f985db34960>,6,24,[5 6],7,-1,31,-1,7
1,<environment.Job instance at 0x7f985db34500>,7,15,[4 9],8,-1,23,-1,8
1,<environment.Job instance at 0x7f985db34c80>,5,18,[6 1],6,-1,28,-1,10
1,<environment.Job instance at 0x7f985e3432d0>,14,28,[5 7],15,-1,44,-1,16
1,<environment.Job instance at 0x7f985e3437d0>,17,22,[9 4],18,-1,51,-1,29
1,<environment.Job instance at 0x7f985db34870>,9,24,[ 1 10],10,-1,53,-1,29
1,<environment.Job instance at 0x7f985e343f50>,19,28,[1 9],20,-1,57,-1,29
1,<environment.Job instance at 0x7f985e343e60>,22,17,[8 5],23,-1,46,-1,29
1,<environment.Job instance at 0x7f985e3430f0>,25,16,[5 8],26,-1,45,-1,29
1,<environment.Job instance at 0x7f985e22b870>,1,18,[11  1],2,-1,20,-1,2
1,<environment.Job instance at 0x7f985e231a00>,2,12,[ 4 12],3,-1,15,-1,3
1,<environment.Job instance at 0x7f985e231eb0>,3,27,[ 4 14],4,-1,31,-1,4
1,<environment.Job instance at 0x7f985e231960>,8,22,[ 4 13],9,-1,31,-1,9
1,<environment.Job instance at 0x7f985e22b820>,6,24,[5 6],7,-1,46,-1,22
1,<environment.Job instance at 0x7f985e2310f0>,11,25,[14  1],12,-1,47,-1,22
1,<environment.Job instance at 0x7f985e231b90>,9,24,[ 1 10],10,-1,46,-1,22
1,<environment.Job instance at 0x7f985dc9a370>,14,28,[5 7],15,-1,50,-1,22
1,<environment.Job instance at 0x7f985ed2daa0>,15,28,[2 5],16,-1,50,-1,22
1,<environment.Job instance at 0x7f985ed2dcd0>,16,28,[ 2 14],17,-1,50,-1,22
1,<environment.Job instance at 0x7f985debc6e0>,18,28,[5 1],19,-1,50,-1,22
1,<environment.Job instance at 0x7f985debc050>,19,28,[1 9],20,-1,62,-1,34
1,<environment.Job instance at 0x7f985debcd20>,24,15,[ 5 12],25,-1,61,-1,46
1,<environment.Job instance at 0x7f985db34be0>,26,23,[12  4],27,-1,79,-1,56
1,<environment.Job instance at 0x7f985db34e10>,28,22,[ 3 14],29,-1,80,-1,58
1,<environment.Job instance at 0x7f985e4f1aa0>,30,28,[5 5],31,-1,97,-1,69
1,<environment.Job instance at 0x7f985e4f1230>,32,26,[ 5 14],33,-1,95,-1,69
1,<environment.Job instance at 0x7f985e4f1910>,31,24,[10  1],32,-1,107,-1,83
1,<environment.Job instance at 0x7f985e4f1e10>,35,16,[ 3 14],36,-1,99,-1,83
1,<environment.Job instance at 0x7f985e4f14b0>,36,21,[12  4],37,-1,104,-1,83
1,<environment.Job instance at 0x7f985e4f1c30>,38,15,[13  3],39,-1,100,-1,85
1,<environment.Job instance at 0x7f985e4f1190>,40,26,[12  2],41,-1,111,-1,85
1,<environment.Job instance at 0x7f985e4f1c80>,41,22,[13  3],42,-1,107,-1,85
1,<environment.Job instance at 0x7f985e4f1f50>,42,14,[14  4],43,-1,99,-1,85
1,<environment.Job instance at 0x7f985e4f19b0>,43,26,[13  4],44,-1,111,-1,85
1,<environment.Job instance at 0x7f985d5e16e0>,14,15,[10  3],15,-1,64,-1,49
1,<environment.Job instance at 0x7f985e41e2d0>,0,17,[ 2 14],1,-1,18,-1,1
1,<environment.Job instance at 0x7f985e41e690>,1,13,[13  4],2,-1,15,-1,2
1,<environment.Job instance at 0x7f985e41e960>,2,25,[12  2],3,-1,28,-1,3
1,<environment.Job instance at 0x7f985e41efa0>,3,28,[4 9],4,-1,32,-1,4
1,<environment.Job instance at 0x7f985e41ecd0>,4,17,[14  1],5,-1,22,-1,5
1,<environment.Job instance at 0x7f985e41ee10>,5,19,[11  4],6,-1,25,-1,6
1,<environment.Job instance at 0x7f985d88caa0>,6,23,[ 1 13],7,-1,30,-1,7
1,<environment.Job instance at 0x7f985d88cb40>,7,25,[ 4 14],8,-1,33,-1,8
1,<environment.Job instance at 0x7f985d88c9b0>,8,12,[12  3],9,-1,21,-1,9
1,<environment.Job instance at 0x7f985d88c3c0>,9,13,[13  5],10,-1,23,-1,10
1,<environment.Job instance at 0x7f985d88c640>,10,24,[9 1],11,-1,35,-1,11
1,<environment.Job instance at 0x7f985d88ce60>,11,16,[ 3 14],12,-1,28,-1,12
1,<environment.Job instance at 0x7f985e41e6e0>,15,18,[13  4],16,-1,34,-1,16
1,<environment.Job instance at 0x7f986732c960>,16,24,[12  2],17,-1,41,-1,17
1,<environment.Job instance at 0x7f986732c9b0>,17,12,[ 2 12],18,-1,30,-1,18
1,<environment.Job instance at 0x7f986732c500>,19,25,[5 1],20,-1,54,-1,29
1,<environment.Job instance at 0x7f986732c370>,23,17,[ 3 12],24,-1,46,-1,29
1,<environment.Job instance at 0x7f98672669b0>,25,16,[12  1],26,-1,45,-1,29
1,<environment.Job instance at 0x7f9867266640>,26,14,[ 4 13],27,-1,43,-1,29
1,<environment.Job instance at 0x7f9867266730>,27,21,[12  4],28,-1,50,-1,29
1,<environment.Job instance at 0x7f9867266f50>,28,13,[ 4 12],29,-1,42,-1,29
1,<environment.Job instance at 0x7f9867266be0>,29,15,[14  5],30,-1,45,-1,30
1,<environment.Job instance at 0x7f9867266e10>,32,23,[ 3 11],33,-1,58,-1,35
1,<environment.Job instance at 0x7f98672664b0>,33,24,[ 4 14],34,-1,59,-1,35
1,<environment.Job instance at 0x7f985db34b90>,35,13,[ 4 13],36,-1,57,-1,44
1,<environment.Job instance at 0x7f985db34550>,36,25,[13  2],37,-1,69,-1,44
1,<environment.Job instance at 0x7f985db34050>,37,14,[ 1 11],38,-1,58,-1,44
1,<environment.Job instance at 0x7f9867266870>,34,23,[9 5],35,-1,83,-1,60
1,<environment.Job instance at 0x7f985db34780>,38,24,[7 4],39,-1,84,-1,60
1,<environment.Job instance at 0x7f985e3433c0>,41,26,[12  5],42,-1,86,-1,60
1,<environment.Job instance at 0x7f985debcd20>,42,28,[13  1],43,-1,88,-1,60
1,<environment.Job instance at 0x7f985debcdc0>,43,22,[ 5 14],44,-1,82,-1,60
1,<environment.Job instance at 0x7f985debc550>,44,20,[ 4 12],45,-1,80,-1,60
1,<environment.Job instance at 0x7f985ed2dcd0>,45,24,[10  4],46,-1,84,-1,60
1,<environment.Job instance at 0x7f985dc9a3c0>,46,18,[14  3],47,-1,78,-1,60
1,<environment.Job instance at 0x7f985debc5f0>,48,25,[6 2],49,-1,97,-1,72
1,<environment.Job instance at 0x7f985e231e60>,55,15,[ 4 11],56,-1,101,-1,86
1,<environment.Job instance at 0x7f985e828e10>,0,17,[2 7],1,-1,18,-1,1
1,<environment.Job instance at 0x7f985e8285f0>,2,20,[10  2],3,-1,24,-1,4
1,<environment.Job instance at 0x7f985e8281e0>,4,27,[3 6],5,-1,32,-1,5
1,<environment.Job instance at 0x7f985e828f50>,5,18,[1 7],6,-1,24,-1,6
1,<environment.Job instance at 0x7f985e828410>,3,15,[ 4 10],4,-1,21,-1,6
1,<environment.Job instance at 0x7f985e828c80>,6,22,[ 4 10],7,-1,29,-1,7
1,<environment.Job instance at 0x7f985e828b90>,8,17,[4 5],9,-1,26,-1,9
1,<environment.Job instance at 0x7f985e828a50>,9,28,[1 5],10,-1,38,-1,10
1,<environment.Job instance at 0x7f985d43cdc0>,14,20,[ 5 12],15,-1,58,-1,38
1,<environment.Job instance at 0x7f985d43cb40>,20,20,[3 8],21,-1,58,-1,38
1,<environment.Job instance at 0x7f985d43cbe0>,21,24,[11  5],22,-1,62,-1,38
1,<environment.Job instance at 0x7f985d43c050>,23,23,[9 3],24,-1,62,-1,39
1,<environment.Job instance at 0x7f985d43c500>,25,16,[12  5],26,-1,55,-1,39
1,<environment.Job instance at 0x7f985d43ccd0>,24,17,[5 3],25,-1,56,-1,39
1,<environment.Job instance at 0x7f985d43c910>,27,25,[3 6],28,-1,64,-1,39
1,<environment.Job instance at 0x7f985d43c1e0>,28,23,[ 2 12],29,-1,62,-1,39
1,<environment.Job instance at 0x7f985d43c0f0>,29,14,[14  4],30,-1,54,-1,40
1,<environment.Job instance at 0x7f985d44daa0>,30,17,[ 3 14],31,-1,57,-1,40
1,<environment.Job instance at 0x7f985d44d230>,31,15,[1 6],32,-1,55,-1,40
1,<environment.Job instance at 0x7f985d44d8c0>,32,21,[2 6],33,-1,61,-1,40
1,<environment.Job instance at 0x7f985d44d0f0>,33,22,[13  1],34,-1,62,-1,40
1,<environment.Job instance at 0x7f985d44d190>,34,13,[ 1 13],35,-1,53,-1,40
1,<environment.Job instance at 0x7f985d43c410>,22,12,[5 9],23,-1,52,-1,40
1,<environment.Job instance at 0x7f985d44df00>,36,20,[9 3],37,-1,61,-1,41
1,<environment.Job instance at 0x7f985ed2daa0>,1,28,[13  2],2,-1,30,-1,2
1,<environment.Job instance at 0x7f985e828aa0>,4,27,[3 6],5,-1,32,-1,5
1,<environment.Job instance at 0x7f985e5e05f0>,7,28,[13  2],8,-1,36,-1,8
1,<environment.Job instance at 0x7f985e5e0780>,9,28,[1 5],10,-1,38,-1,10
1,<environment.Job instance at 0x7f985e5e01e0>,10,14,[13  2],11,-1,25,-1,11
1,<environment.Job instance at 0x7f985e5e0460>,11,13,[11  3],12,-1,25,-1,12
1,<environment.Job instance at 0x7f985e5e05a0>,13,24,[ 3 12],14,-1,38,-1,14
1,<environment.Job instance at 0x7f985e5e04b0>,14,20,[ 5 12],15,-1,35,-1,15
1,<environment.Job instance at 0x7f985e5cf410>,18,27,[14  2],19,-1,60,-1,33
1,<environment.Job instance at 0x7f985e5cfa50>,19,17,[ 5 12],20,-1,50,-1,33
1,<environment.Job instance at 0x7f985e5cfeb0>,21,24,[11  5],22,-1,59,-1,35
1,<environment.Job instance at 0x7f985e5cf0f0>,23,23,[9 3],24,-1,70,-1,47
1,<environment.Job instance at 0x7f985e5cf690>,25,16,[12  5],26,-1,63,-1,47
1,<environment.Job instance at 0x7f985e5cfe60>,27,25,[3 6],28,-1,73,-1,48
1,<environment.Job instance at 0x7f985e5cfaa0>,28,23,[ 2 12],29,-1,71,-1,48
1,<environment.Job instance at 0x7f985e5cf8c0>,29,14,[14  4],30,-1,62,-1,48
1,<environment.Job instance at 0x7f985e5cf910>,30,17,[ 3 14],31,-1,65,-1,48
1,<environment.Job instance at 0x7f985e5cf5f0>,33,22,[13  1],34,-1,81,-1,59
1,<environment.Job instance at 0x7f985e5cf320>,34,13,[ 1 13],35,-1,72,-1,59
1,<environment.Job instance at 0x7f985e5cfc30>,35,17,[14  3],36,-1,76,-1,59
1,<environment.Job instance at 0x7f985e5cfcd0>,37,23,[13  2],38,-1,82,-1,59
1,<environment.Job instance at 0x7f985e5cf640>,38,14,[12  4],39,-1,73,-1,59
1,<environment.Job instance at 0x7f985dad6370>,40,24,[14  1],41,-1,83,-1,59
1,<environment.Job instance at 0x7f985dad6dc0>,41,24,[ 4 14],42,-1,83,-1,59
1,<environment.Job instance at 0x7f985dad60f0>,42,25,[14  2],43,-1,84,-1,59
1,<environment.Job instance at 0x7f985dad6d70>,39,25,[ 2 10],40,-1,96,-1,71
1,<environment.Job instance at 0x7f985dad6e10>,44,28,[5 9],45,-1,99,-1,71
1,<environment.Job instance at 0x7f985dad6fa0>,46,28,[12  1],47,-1,99,-1,71
1,<environment.Job instance at 0x7f985de355f0>,3,16,[1 9],4,-1,21,-1,5
1,<environment.Job instance at 0x7f985e41d7d0>,4,13,[ 2 12],5,-1,22,-1,9
1,<environment.Job instance at 0x7f985de35820>,6,12,[9 1],7,-1,22,-1,10
1,<environment.Job instance at 0x7f985de358c0>,9,16,[9 4],10,-1,27,-1,11
1,<environment.Job instance at 0x7f985de35c80>,12,23,[7 2],13,-1,37,-1,14
1,<environment.Job instance at 0x7f985de35be0>,14,25,[1 9],15,-1,40,-1,15
1,<environment.Job instance at 0x7f985de35690>,5,18,[14  4],6,-1,49,-1,31
1,<environment.Job instance at 0x7f985de35e60>,16,25,[6 4],17,-1,58,-1,33
1,<environment.Job instance at 0x7f985de35f00>,18,26,[5 5],19,-1,59,-1,33
1,<environment.Job instance at 0x7f985de35c30>,17,26,[2 9],18,-1,67,-1,41
1,<environment.Job instance at 0x7f985de54320>,24,23,[10  4],25,-1,64,-1,41
1,<environment.Job instance at 0x7f985de54140>,21,22,[12  5],22,-1,63,-1,41
1,<environment.Job instance at 0x7f985de35fa0>,19,21,[13  1],20,-1,67,-1,46
1,<environment.Job instance at 0x7f985de54460>,26,19,[ 3 12],27,-1,65,-1,46
1,<environment.Job instance at 0x7f985de545a0>,28,21,[13  4],29,-1,67,-1,46
1,<environment.Job instance at 0x7f985de54500>,27,25,[ 2 10],28,-1,71,-1,46
1,<environment.Job instance at 0x7f985de548c0>,30,21,[ 4 14],31,-1,67,-1,46
1,<environment.Job instance at 0x7f985de54640>,29,21,[8 2],30,-1,67,-1,46
1,<environment.Job instance at 0x7f985de35960>,10,26,[ 5 13],11,-1,72,-1,46
1,<environment.Job instance at 0x7f985de54870>,32,24,[13  5],33,-1,70,-1,46
1,<environment.Job instance at 0x7f985de54960>,31,23,[ 2 11],32,-1,69,-1,46
1,<environment.Job instance at 0x7f985de543c0>,25,25,[6 5],26,-1,71,-1,46
1,<environment.Job instance at 0x7f985de54280>,23,17,[2 7],24,-1,63,-1,46
1,<environment.Job instance at 0x7f985de54b90>,34,12,[ 2 13],35,-1,58,-1,46
1,<environment.Job instance at 0x7f985de54d70>,37,21,[ 2 13],38,-1,67,-1,46
1,<environment.Job instance at 0x7f985de54e10>,38,22,[12  4],39,-1,68,-1,46
1,<environment.Job instance at 0x7f985de54c30>,35,26,[6 1],36,-1,72,-1,46
1,<environment.Job instance at 0x7f985de54f50>,40,15,[11  4],41,-1,61,-1,46
1,<environment.Job instance at 0x7f985de549b0>,33,27,[ 3 13],34,-1,73,-1,46
1,<environment.Job instance at 0x7f985de54cd0>,36,12,[9 5],37,-1,59,-1,47
1,<environment.Job instance at 0x7f985de54e60>,41,13,[ 2 14],42,-1,60,-1,47
1,<environment.Job instance at 0x7f985de359b0>,8,25,[12  5],9,-1,73,-1,48
1,<environment.Job instance at 0x7f985de35dc0>,15,25,[11  1],16,-1,73,-1,48
1,<environment.Job instance at 0x7f985de221e0>,45,18,[2 7],46,-1,66,-1,48
1,<environment.Job instance at 0x7f985de22140>,43,26,[14  1],44,-1,74,-1,48
1,<environment.Job instance at 0x7f985de22280>,47,12,[1 9],48,-1,61,-1,49
1,<environment.Job instance at 0x7f985de225a0>,48,16,[13  3],49,-1,66,-1,50
1,<environment.Job instance at 0x7f985de22640>,49,18,[8 3],50,-1,69,-1,51
1,<environment.Job instance at 0x7f985de22320>,46,13,[11  1],47,-1,65,-1,52
1,<environment.Job instance at 0x7f985de224b0>,51,23,[11  1],52,-1,75,-1,52
1,<environment.Job instance at 0x7f985de54f00>,42,14,[ 1 10],43,-1,67,-1,53
1,<environment.Job instance at 0x7f985de223c0>,52,19,[11  4],53,-1,74,-1,55
1,<environment.Job instance at 0x7f985de220f0>,44,16,[ 2 14],45,-1,72,-1,56
1,<environment.Job instance at 0x7f985de227d0>,53,22,[1 7],54,-1,78,-1,56
1,<environment.Job instance at 0x7f985dab5910>,0,16,[ 2 12],1,-1,17,-1,1
1,<environment.Job instance at 0x7f985dab5460>,1,17,[13  4],2,-1,19,-1,2
1,<environment.Job instance at 0x7f985dab5dc0>,4,13,[ 2 12],5,-1,18,-1,5
1,<environment.Job instance at 0x7f985dab5780>,5,18,[14  4],6,-1,24,-1,6
1,<environment.Job instance at 0x7f985dab5f00>,8,25,[12  5],9,-1,34,-1,9
1,<environment.Job instance at 0x7f985daa7550>,10,26,[ 5 13],11,-1,37,-1,11
1,<environment.Job instance at 0x7f985daa7960>,11,16,[ 2 12],12,-1,28,-1,12
1,<environment.Job instance at 0x7f985daa7910>,12,23,[7 2],13,-1,43,-1,20
1,<environment.Job instance at 0x7f985daa7f50>,15,25,[11  1],16,-1,45,-1,20
1,<environment.Job instance at 0x7f985daa7be0>,16,25,[6 4],17,-1,45,-1,20
1,<environment.Job instance at 0x7f985daa7aa0>,17,26,[2 9],18,-1,46,-1,20
1,<environment.Job instance at 0x7f985daa7b90>,18,26,[5 5],19,-1,46,-1,20
1,<environment.Job instance at 0x7f985daa75f0>,19,21,[13  1],20,-1,41,-1,20
1,<environment.Job instance at 0x7f985daa76e0>,13,24,[10  3],14,-1,44,-1,20
1,<environment.Job instance at 0x7f985daa7c80>,14,25,[1 9],15,-1,45,-1,20
1,<environment.Job instance at 0x7f985daa7e60>,21,22,[12  5],22,-1,44,-1,22
1,<environment.Job instance at 0x7f985dad6640>,24,23,[10  4],25,-1,48,-1,25
1,<environment.Job instance at 0x7f985dad6f00>,26,19,[ 3 12],27,-1,46,-1,27
1,<environment.Job instance at 0x7f985dad6d20>,25,25,[6 5],26,-1,57,-1,32
1,<environment.Job instance at 0x7f985dad67d0>,28,21,[13  4],29,-1,53,-1,32
1,<environment.Job instance at 0x7f985dad6190>,27,25,[ 2 10],28,-1,57,-1,32
1,<environment.Job instance at 0x7f985dad6910>,30,21,[ 4 14],31,-1,53,-1,32
1,<environment.Job instance at 0x7f985dad6eb0>,31,23,[ 2 11],32,-1,55,-1,32
1,<environment.Job instance at 0x7f985dad6fa0>,32,24,[13  5],33,-1,57,-1,33
1,<environment.Job instance at 0x7f985dad61e0>,33,27,[ 3 13],34,-1,61,-1,34
1,<environment.Job instance at 0x7f985dad6f50>,34,12,[ 2 13],35,-1,47,-1,35
1,<environment.Job instance at 0x7f985dad6e10>,37,21,[ 2 13],38,-1,61,-1,40
1,<environment.Job instance at 0x7f985dad63c0>,38,22,[12  4],39,-1,62,-1,40
1,<environment.Job instance at 0x7f985dad69b0>,35,26,[6 1],36,-1,66,-1,40
1,<environment.Job instance at 0x7f985dad6870>,40,15,[11  4],41,-1,56,-1,41
1,<environment.Job instance at 0x7f985dad60f0>,41,13,[ 2 14],42,-1,55,-1,42
1,<environment.Job instance at 0x7f985dad62d0>,43,26,[14  1],44,-1,73,-1,47
1,<environment.Job instance at 0x7f985e5cfcd0>,44,16,[ 2 14],45,-1,63,-1,47
1,<environment.Job instance at 0x7f985e5cf1e0>,46,13,[11  1],47,-1,65,-1,52
1,<environment.Job instance at 0x7f985e5cf5f0>,48,16,[13  3],49,-1,77,-1,61
1,<environment.Job instance at 0x7f985e5cf910>,50,22,[13  2],51,-1,89,-1,67
1,<environment.Job instance at 0x7f985e5cfb90>,51,23,[11  1],52,-1,90,-1,67
1,<environment.Job instance at 0x7f985e5cfa00>,52,19,[11  4],53,-1,86,-1,67
1,<environment.Job instance at 0x7f985e5cf8c0>,54,19,[13  1],55,-1,92,-1,73
1,<environment.Job instance at 0x7f985e5cfd70>,55,20,[ 5 11],56,-1,93,-1,73
1,<environment.Job instance at 0x7f985e5cf0f0>,56,17,[ 3 14],57,-1,90,-1,73
1,<environment.Job instance at 0x7f985e5cf730>,57,13,[ 1 12],58,-1,86,-1,73
1,<environment.Job instance at 0x7f985e5cfeb0>,58,18,[14  2],59,-1,91,-1,73
1,<environment.Job instance at 0x7f985d5e1910>,60,25,[12  4],61,-1,98,-1,73
1,<environment.Job instance at 0x7f985e5cfbe0>,62,28,[1 5],63,-1,111,-1,83
1,<environment.Job instance at 0x7f3a68602b90>,2,20,[7 4],3,-1,23,-1,3
1,<environment.Job instance at 0x7f3a68611230>,3,13,[12  4],4,-1,17,-1,4
1,<environment.Job instance at 0x7f3a6860ff50>,5,24,[ 2 14],6,-1,30,-1,6
1,<environment.Job instance at 0x7f3a68611370>,6,15,[ 2 14],7,-1,22,-1,7
1,<environment.Job instance at 0x7f3a686113c0>,8,20,[ 4 13],9,-1,29,-1,9
1,<environment.Job instance at 0x7f3a68611460>,9,16,[12  1],10,-1,26,-1,10
1,<environment.Job instance at 0x7f3a68611190>,4,24,[7 2],5,-1,42,-1,18
1,<environment.Job instance at 0x7f3a686115f0>,12,28,[ 1 14],13,-1,46,-1,18
1,<environment.Job instance at 0x7f3a686112d0>,14,15,[14  4],15,-1,33,-1,18
1,<environment.Job instance at 0x7f3a68611780>,15,20,[ 3 12],16,-1,38,-1,18
1,<environment.Job instance at 0x7f3a6860fdc0>,1,24,[10  1],2,-1,47,-1,23
1,<environment.Job instance at 0x7f3a686118c0>,17,19,[12  4],18,-1,42,-1,23
1,<environment.Job instance at 0x7f3a68611af0>,18,18,[13  1],19,-1,41,-1,23
1,<environment.Job instance at 0x7f3a68611b90>,19,23,[8 4],20,-1,46,-1,23
1,<environment.Job instance at 0x7f3a68611be0>,20,17,[ 2 14],21,-1,40,-1,23
1,<environment.Job instance at 0x7f3a68611690>,21,14,[ 4 11],22,-1,37,-1,23
1,<environment.Job instance at 0x7f3a68611410>,7,26,[9 3],8,-1,49,-1,23
1,<environment.Job instance at 0x7f3a68611820>,16,28,[5 1],17,-1,51,-1,23
1,<environment.Job instance at 0x7f3a71c822d0>,23,16,[12  2],24,-1,40,-1,24
1,<environment.Job instance at 0x7f3a68774730>,27,17,[ 4 12],28,-1,50,-1,33
1,<environment.Job instance at 0x7f3a6864d7d0>,28,17,[ 1 13],29,-1,50,-1,33
1,<environment.Job instance at 0x7f3a687ac690>,29,24,[ 4 13],30,-1,57,-1,33
1,<environment.Job instance at 0x7f3a687ac410>,30,26,[11  4],31,-1,59,-1,33
1,<environment.Job instance at 0x7f3a685fab90>,31,28,[ 2 10],32,-1,61,-1,33
1,<environment.Job instance at 0x7f3a6864e5f0>,25,24,[5 7],26,-1,57,-1,33
1,<environment.Job instance at 0x7f3a685faa00>,33,28,[6 4],34,-1,64,-1,36
1,<environment.Job instance at 0x7f3a685fa6e0>,34,24,[5 5],35,-1,60,-1,36
1,<environment.Job instance at 0x7f3a686fd4b0>,37,14,[ 5 14],38,-1,52,-1,38
1,<environment.Job instance at 0x7f3a685faaf0>,38,24,[13  2],39,-1,63,-1,39
1,<environment.Job instance at 0x7f3a685fa5f0>,40,26,[ 1 14],41,-1,71,-1,45
1,<environment.Job instance at 0x7f3a68786820>,42,12,[ 5 12],43,-1,57,-1,45
1,<environment.Job instance at 0x7f3a68705c80>,44,12,[11  3],45,-1,64,-1,52
1,<environment.Job instance at 0x7f3a68722c30>,45,12,[ 3 14],46,-1,64,-1,52
1,<environment.Job instance at 0x7f3a6872d370>,47,14,[12  2],48,-1,71,-1,57
1,<environment.Job instance at 0x7f3a6870ba50>,48,14,[ 1 11],49,-1,71,-1,57
1,<environment.Job instance at 0x7f3a6872d4b0>,50,13,[ 4 12],51,-1,81,-1,68
1,<environment.Job instance at 0x7f3a6872d870>,52,21,[14  2],53,-1,89,-1,68
1,<environment.Job instance at 0x7f3a68727640>,55,12,[ 2 12],56,-1,99,-1,87
1,<environment.Job instance at 0x7f3a687aa780>,57,16,[ 2 11],58,-1,104,-1,88
1,<environment.Job instance at 0x7f3a68821320>,58,17,[ 3 13],59,-1,105,-1,88
1,<environment.Job instance at 0x7f3a687aa050>,60,28,[2 6],61,-1,116,-1,88
1,<environment.Job instance at 0x7f3a687a3eb0>,61,23,[13  5],62,-1,111,-1,88
1,<environment.Job instance at 0x7f3a687a3550>,62,14,[ 4 11],63,-1,102,-1,88
1,<environment.Job instance at 0x7f3a686a7e60>,64,24,[2 8],65,-1,112,-1,88
1,<environment.Job instance at 0x7f3a67d4ec30>,10,27,[ 3 11],11,-1,39,-1,12
1,<environment.Job instance at 0x7f3a67d4e870>,8,25,[1 7],9,-1,37,-1,12
1,<environment.Job instance at 0x7f3a6860fe10>,2,15,[ 2 13],3,-1,27,-1,12
1,<environment.Job instance at 0x7f3a67d4eaf0>,7,22,[ 4 14],8,-1,37,-1,15
1,<environment.Job instance at 0x7f3a67d4e2d0>,13,12,[1 6],14,-1,27,-1,15
1,<environment.Job instance at 0x7f3a67d4df00>,9,18,[1 9],10,-1,33,-1,15
1,<environment.Job instance at 0x7f3a67d44050>,16,17,[5 5],17,-1,34,-1,17
1,<environment.Job instance at 0x7f3a67d44f00>,17,26,[5 4],18,-1,44,-1,18
1,<environment.Job instance at 0x7f3a67d442d0>,18,15,[ 4 10],19,-1,34,-1,19
1,<environment.Job instance at 0x7f3a67eb7460>,19,20,[4 9],20,-1,40,-1,20
1,<environment.Job instance at 0x7f3a686c4410>,0,28,[13  5],1,-1,29,-1,1
1,<environment.Job instance at 0x7f3a686c4a00>,1,28,[ 5 11],2,-1,30,-1,2
1,<environment.Job instance at 0x7f3a686c4e10>,2,15,[ 2 13],3,-1,18,-1,3
1,<environment.Job instance at 0x7f3a67dac500>,3,13,[11  4],4,-1,17,-1,4
1,<environment.Job instance at 0x7f3a67e69b40>,7,22,[ 4 14],8,-1,30,-1,8
1,<environment.Job instance at 0x7f3a67e259b0>,10,27,[ 3 11],11,-1,38,-1,11
1,<environment.Job instance at 0x7f3a67e25aa0>,11,23,[5 1],12,-1,35,-1,12
1,<environment.Job instance at 0x7f3a67e258c0>,12,17,[12  4],13,-1,30,-1,13
1,<environment.Job instance at 0x7f3a67e250f0>,15,19,[14  5],16,-1,35,-1,16
1,<environment.Job instance at 0x7f3a67e252d0>,8,25,[1 7],9,-1,46,-1,21
1,<environment.Job instance at 0x7f3a67e25a50>,17,26,[5 4],18,-1,49,-1,23
1,<environment.Job instance at 0x7f3a67e07230>,20,17,[ 4 12],21,-1,40,-1,23
1,<environment.Job instance at 0x7f3a67e28b40>,21,27,[ 4 11],22,-1,50,-1,23
1,<environment.Job instance at 0x7f3a67e28d70>,24,18,[13  5],25,-1,58,-1,40
1,<environment.Job instance at 0x7f3a67db4f50>,26,27,[12  1],27,-1,67,-1,40
1,<environment.Job instance at 0x7f3a67db4c80>,27,20,[13  4],28,-1,60,-1,40
1,<environment.Job instance at 0x7f3a67db48c0>,28,26,[1 6],29,-1,66,-1,40
1,<environment.Job instance at 0x7f3a67e2b3c0>,29,14,[13  2],30,-1,54,-1,40
1,<environment.Job instance at 0x7f3a67e2b910>,31,27,[13  4],32,-1,67,-1,40
1,<environment.Job instance at 0x7f3a67e2b500>,32,21,[14  2],33,-1,61,-1,40
1,<environment.Job instance at 0x7f3a67dbccd0>,23,26,[5 2],24,-1,66,-1,40
1,<environment.Job instance at 0x7f3a67db7780>,34,26,[4 7],35,-1,66,-1,40
1,<environment.Job instance at 0x7f3a67db7b90>,35,17,[ 5 12],36,-1,57,-1,40
1,<environment.Job instance at 0x7f3a67dc3730>,37,15,[14  4],38,-1,55,-1,40
1,<environment.Job instance at 0x7f3a67ef9aa0>,40,24,[6 5],41,-1,76,-1,52
1,<environment.Job instance at 0x7f3a67dca870>,42,23,[ 3 11],43,-1,75,-1,52
1,<environment.Job instance at 0x7f3a67dcad20>,43,14,[ 3 12],44,-1,66,-1,52
1,<environment.Job instance at 0x7f3a67dca910>,44,15,[ 2 13],45,-1,67,-1,52
1,<environment.Job instance at 0x7f3a67dca820>,45,26,[7 2],46,-1,78,-1,52
1,<environment.Job instance at 0x7f3a67dcd460>,46,20,[13  4],47,-1,72,-1,52
1,<environment.Job instance at 0x7f3a67e12640>,50,24,[ 2 13],51,-1,89,-1,65
1,<environment.Job instance at 0x7f3a67dcd4b0>,51,28,[7 1],52,-1,97,-1,69
1,<environment.Job instance at 0x7f3a67f790f0>,53,27,[9 2],54,-1,96,-1,69
1,<environment.Job instance at 0x7f3a67f49c30>,54,26,[12  4],55,-1,95,-1,69
1,<environment.Job instance at 0x7f3a67dc6280>,57,25,[ 3 13],58,-1,106,-1,81
1,<environment.Job instance at 0x7f3a67dfbaf0>,58,24,[12  5],59,-1,105,-1,81
1,<environment.Job instance at 0x7f3a67e857d0>,59,25,[ 2 11],60,-1,106,-1,81
1,<environment.Job instance at 0x7f3a67f167d0>,60,26,[5 4],61,-1,109,-1,83
1,<environment.Job instance at 0x7f3a67dd3370>,61,23,[ 3 14],62,-1,106,-1,83
1,<environment.Job instance at 0x7f3a67e12820>,49,28,[3 8],50,-1,112,-1,84
1,<environment.Job instance at 0x7f3a67e55910>,63,17,[13  1],64,-1,101,-1,84
1,<environment.Job instance at 0x7f3a67f48730>,65,16,[11  3],66,-1,101,-1,85
1,<environment.Job instance at 0x7f3a67f008c0>,66,24,[13  4],67,-1,109,-1,85
1,<environment.Job instance at 0x7f3a67dd3b90>,67,18,[14  2],68,-1,103,-1,85
1,<environment.Job instance at 0x7f3a67df77d0>,69,17,[14  3],70,-1,111,-1,94
1,<environment.Job instance at 0x7f3a67df75a0>,70,24,[ 4 11],71,-1,118,-1,94
1,<environment.Job instance at 0x7f3a67bf76e0>,4,18,[5 4],5,-1,23,-1,5
1,<environment.Job instance at 0x7f3a67dac460>,0,13,[12  2],1,-1,14,-1,1
1,<environment.Job instance at 0x7f3a67bf4b90>,1,27,[3 6],2,-1,29,-1,2
1,<environment.Job instance at 0x7f3a67bf71e0>,5,13,[12  2],6,-1,19,-1,6
1,<environment.Job instance at 0x7f3a67c3caa0>,7,14,[11  1],8,-1,22,-1,8
1,<environment.Job instance at 0x7f3a67caab90>,8,24,[12  2],9,-1,33,-1,9
1,<environment.Job instance at 0x7f3a67caa960>,9,20,[12  3],10,-1,30,-1,10
1,<environment.Job instance at 0x7f3a67bf7be0>,11,15,[11  5],12,-1,27,-1,12
1,<environment.Job instance at 0x7f3a67caac30>,12,19,[14  4],13,-1,32,-1,13
1,<environment.Job instance at 0x7f3a67caaf50>,13,17,[ 3 12],14,-1,31,-1,14
1,<environment.Job instance at 0x7f3a67caae60>,15,19,[ 4 14],16,-1,35,-1,16
1,<environment.Job instance at 0x7f3a67caa410>,16,16,[ 5 12],17,-1,33,-1,17
1,<environment.Job instance at 0x7f3a67caa2d0>,17,21,[ 1 12],18,-1,39,-1,18
1,<environment.Job instance at 0x7f3a67caa280>,18,16,[ 1 14],19,-1,35,-1,19
1,<environment.Job instance at 0x7f3a67caa370>,19,18,[ 1 14],20,-1,38,-1,20
1,<environment.Job instance at 0x7f3a67caabe0>,21,17,[14  5],22,-1,39,-1,22
1,<environment.Job instance at 0x7f3a67bf75f0>,6,27,[10  5],7,-1,50,-1,23
1,<environment.Job instance at 0x7f3a67d24910>,23,25,[11  3],24,-1,49,-1,24
1,<environment.Job instance at 0x7f3a67d240a0>,24,15,[14  2],25,-1,40,-1,25
1,<environment.Job instance at 0x7f3a67d247d0>,20,23,[1 9],21,-1,48,-1,25
1,<environment.Job instance at 0x7f3a67d24280>,22,25,[4 8],23,-1,50,-1,25
1,<environment.Job instance at 0x7f3a67d24a00>,25,18,[11  1],26,-1,44,-1,26
1,<environment.Job instance at 0x7f3a67d24690>,27,17,[12  1],28,-1,45,-1,28
1,<environment.Job instance at 0x7f3a67d24d20>,28,20,[12  2],29,-1,49,-1,29
1,<environment.Job instance at 0x7f3a67d24230>,31,13,[ 4 11],32,-1,45,-1,32
1,<environment.Job instance at 0x7f3a67d24d70>,32,16,[14  3],33,-1,49,-1,33
1,<environment.Job instance at 0x7f3a67d24190>,35,14,[ 1 13],36,-1,50,-1,36
1,<environment.Job instance at 0x7f3a67d24fa0>,38,19,[13  1],39,-1,64,-1,45
1,<environment.Job instance at 0x7f3a67d24460>,39,20,[ 1 12],40,-1,65,-1,45
1,<environment.Job instance at 0x7f3a67d24eb0>,41,24,[7 2],42,-1,69,-1,45
1,<environment.Job instance at 0x7f3a67d24820>,42,13,[ 5 11],43,-1,58,-1,45
1,<environment.Job instance at 0x7f3a67d24f50>,43,13,[14  1],44,-1,58,-1,45
1,<environment.Job instance at 0x7f3a67d52550>,44,12,[ 5 12],45,-1,57,-1,45
1,<environment.Job instance at 0x7f3a67d527d0>,47,27,[6 1],48,-1,91,-1,64
1,<environment.Job instance at 0x7f3a67d524b0>,48,27,[ 4 13],49,-1,91,-1,64
1,<environment.Job instance at 0x7f3a67d52820>,49,14,[12  3],50,-1,78,-1,64
1,<environment.Job instance at 0x7f3a67d52870>,50,27,[11  1],51,-1,91,-1,64
1,<environment.Job instance at 0x7f3a67d52c30>,51,24,[6 2],52,-1,88,-1,64
1,<environment.Job instance at 0x7f3a67d52d70>,55,27,[ 5 14],56,-1,97,-1,70
1,<environment.Job instance at 0x7f3a67d525a0>,54,23,[1 8],55,-1,109,-1,86
1,<environment.Job instance at 0x7f3a67d52af0>,58,26,[ 2 13],59,-1,112,-1,86
1,<environment.Job instance at 0x7f3a67d522d0>,59,28,[14  4],60,-1,114,-1,86
1,<environment.Job instance at 0x7f3a67d525f0>,60,27,[3 9],61,-1,113,-1,86
1,<environment.Job instance at 0x7f3a67d520a0>,61,20,[ 4 11],62,-1,106,-1,86
1,<environment.Job instance at 0x7f3a67d526e0>,62,15,[14  1],63,-1,101,-1,86
1,<environment.Job instance at 0x7f3a67d52370>,57,27,[5 1],58,-1,113,-1,86
1,<environment.Job instance at 0x7f3a67cf3460>,64,27,[1 5],65,-1,113,-1,86
1,<environment.Job instance at 0x7f3a67cf3640>,65,26,[11  3],66,-1,112,-1,86
1,<environment.Job instance at 0x7f3a67cf3b40>,66,25,[11  3],67,-1,111,-1,86
1,<environment.Job instance at 0x7f3a67cf36e0>,69,25,[ 3 13],70,-1,111,-1,86
1,<environment.Job instance at 0x7f3a67cf3fa0>,70,19,[11  3],71,-1,105,-1,86
1,<environment.Job instance at 0x7f3a67cf3d70>,72,13,[14  2],73,-1,112,-1,99
1,<environment.Job instance at 0x7f3a67cf3410>,73,13,[ 5 11],74,-1,112,-1,99
1,<environment.Job instance at 0x7f3a67cf3b90>,74,18,[ 3 14],75,-1,117,-1,99
1,<environment.Job instance at 0x7f3a680f8500>,3,18,[9 5],4,-1,22,-1,4
1,<environment.Job instance at 0x7f3a6810e050>,4,18,[1 7],5,-1,24,-1,6
1,<environment.Job instance at 0x7f3a6810e910>,8,25,[4 5],9,-1,34,-1,9
1,<environment.Job instance at 0x7f3a67cf3730>,1,15,[14  2],2,-1,17,-1,2
1,<environment.Job instance at 0x7f3a67cf3c80>,2,28,[14  3],3,-1,31,-1,3
1,<environment.Job instance at 0x7f3a67cf3e10>,5,14,[ 3 14],6,-1,20,-1,6
1,<environment.Job instance at 0x7f3a67cf3500>,6,17,[13  5],7,-1,24,-1,7
1,<environment.Job instance at 0x7f3a67cf30a0>,7,13,[ 5 14],8,-1,21,-1,8
1,<environment.Job instance at 0x7f3a67c67fa0>,9,16,[11  3],10,-1,26,-1,10
1,<environment.Job instance at 0x7f3a67c6d550>,11,12,[12  3],12,-1,24,-1,12
1,<environment.Job instance at 0x7f3a67cf3690>,8,25,[4 5],9,-1,38,-1,13
1,<environment.Job instance at 0x7f3a67dac500>,12,28,[6 3],13,-1,41,-1,13
1,<environment.Job instance at 0x7f3a67c19e10>,13,23,[ 1 11],14,-1,37,-1,14
1,<environment.Job instance at 0x7f3a6810ee60>,15,27,[12  4],16,-1,43,-1,16
1,<environment.Job instance at 0x7f3a67d12d20>,16,13,[14  5],17,-1,30,-1,17
1,<environment.Job instance at 0x7f3a680009b0>,17,16,[ 5 11],18,-1,34,-1,18
1,<environment.Job instance at 0x7f3a6810e550>,19,19,[ 3 11],20,-1,39,-1,20
1,<environment.Job instance at 0x7f3a680f8f00>,18,23,[4 8],19,-1,45,-1,22
1,<environment.Job instance at 0x7f3a680f85a0>,21,15,[13  3],22,-1,37,-1,22
1,<environment.Job instance at 0x7f3a680125a0>,22,28,[11  2],23,-1,51,-1,23
1,<environment.Job instance at 0x7f3a67c1c550>,26,27,[ 4 13],27,-1,54,-1,27
1,<environment.Job instance at 0x7f3a67c1c4b0>,27,28,[ 1 14],28,-1,56,-1,28
1,<environment.Job instance at 0x7f3a67c1c690>,28,12,[13  4],29,-1,41,-1,29
1,<environment.Job instance at 0x7f3a67c1c910>,29,12,[ 5 12],30,-1,42,-1,30
1,<environment.Job instance at 0x7f3a6818e9b0>,31,27,[4 6],32,-1,61,-1,34
1,<environment.Job instance at 0x7f3a67c1c6e0>,23,24,[7 5],24,-1,60,-1,36
1,<environment.Job instance at 0x7f3a67c1cd70>,30,28,[7 4],31,-1,64,-1,36
1,<environment.Job instance at 0x7f3a6818ec80>,35,27,[12  5],36,-1,63,-1,36
1,<environment.Job instance at 0x7f3a6818e320>,37,28,[11  5],38,-1,73,-1,45
1,<environment.Job instance at 0x7f3a6818e0a0>,38,25,[14  5],39,-1,70,-1,45
1,<environment.Job instance at 0x7f3a67c1d5f0>,39,26,[14  1],40,-1,71,-1,45
1,<environment.Job instance at 0x7f3a67c1de10>,40,17,[12  2],41,-1,62,-1,45
1,<environment.Job instance at 0x7f3a67c1d820>,41,26,[6 2],42,-1,71,-1,45
1,<environment.Job instance at 0x7f3a67c1d320>,42,23,[5 8],43,-1,68,-1,45
1,<environment.Job instance at 0x7f3a67c1d8c0>,45,21,[ 4 14],46,-1,69,-1,48
1,<environment.Job instance at 0x7f3a67c1df50>,47,20,[ 2 11],48,-1,85,-1,65
1,<environment.Job instance at 0x7f3a67c1dcd0>,48,13,[12  1],49,-1,78,-1,65
1,<environment.Job instance at 0x7f3a67c1dfa0>,49,12,[14  3],50,-1,77,-1,65
1,<environment.Job instance at 0x7f3a67c1d370>,50,23,[ 4 11],51,-1,88,-1,65
1,<environment.Job instance at 0x7f3a67c1d9b0>,51,14,[ 2 14],52,-1,79,-1,65
1,<environment.Job instance at 0x7f3a67c1d0f0>,52,27,[1 8],53,-1,92,-1,65
1,<environment.Job instance at 0x7f3a67c1db90>,53,26,[7 4],54,-1,91,-1,65
1,<environment.Job instance at 0x7f3a67c1d410>,54,20,[14  3],55,-1,85,-1,65
1,<environment.Job instance at 0x7f3a67c1d5a0>,55,25,[5 2],56,-1,90,-1,65
1,<environment.Job instance at 0x7f3a67c17d20>,56,24,[6 3],57,-1,89,-1,65
1,<environment.Job instance at 0x7f3a67c177d0>,57,25,[ 2 14],58,-1,90,-1,65
1,<environment.Job instance at 0x7f3a67c1d730>,46,28,[5 6],47,-1,93,-1,65
1,<environment.Job instance at 0x7f3a67c17320>,60,28,[8 2],61,-1,93,-1,65
1,<environment.Job instance at 0x7f3a67c17b90>,61,26,[14  3],62,-1,91,-1,65
1,<environment.Job instance at 0x7f3a67c173c0>,62,27,[12  1],63,-1,92,-1,65
1,<environment.Job instance at 0x7f3a67c17f00>,63,27,[ 3 11],64,-1,92,-1,65
1,<environment.Job instance at 0x7f3a67c17e10>,64,15,[ 3 13],65,-1,80,-1,65
1,<environment.Job instance at 0x7f3a67c175a0>,65,21,[ 5 12],66,-1,87,-1,66
1,<environment.Job instance at 0x7f3a67c17a00>,67,23,[9 5],68,-1,101,-1,78
1,<environment.Job instance at 0x7f3a67c00e60>,71,25,[12  5],72,-1,116,-1,91
1,<environment.Job instance at 0x7f3a67c00c80>,72,24,[6 4],73,-1,115,-1,91
1,<environment.Job instance at 0x7f3a67c00230>,73,19,[ 2 11],74,-1,110,-1,91
1,<environment.Job instance at 0x7f3a67c002d0>,74,23,[13  3],75,-1,114,-1,91
1,<environment.Job instance at 0x7f3a6849dc30>,6,28,[5 7],7,-1,35,-1,7
1,<environment.Job instance at 0x7f3a71dbcd20>,0,27,[14  3],1,-1,28,-1,1
1,<environment.Job instance at 0x7f3a67c2faa0>,1,18,[ 1 14],2,-1,20,-1,2
1,<environment.Job instance at 0x7f3a67c2fc30>,3,15,[11  2],4,-1,19,-1,4
1,<environment.Job instance at 0x7f3a67c2fdc0>,4,13,[ 1 12],5,-1,18,-1,5
1,<environment.Job instance at 0x7f3a67c1e1e0>,7,16,[ 4 11],8,-1,24,-1,8
1,<environment.Job instance at 0x7f3a67c2f1e0>,8,17,[13  3],9,-1,26,-1,9
1,<environment.Job instance at 0x7f3a67c2f460>,9,22,[ 3 11],10,-1,32,-1,10
1,<environment.Job instance at 0x7f3a67c2faf0>,11,13,[ 5 12],12,-1,25,-1,12
1,<environment.Job instance at 0x7f3a685b6f50>,12,23,[ 5 11],13,-1,36,-1,13
1,<environment.Job instance at 0x7f3a67c00f00>,13,27,[12  4],14,-1,41,-1,14
1,<environment.Job instance at 0x7f3a67c00870>,14,13,[12  4],15,-1,28,-1,15
1,<environment.Job instance at 0x7f3a67c2f2d0>,6,28,[5 7],7,-1,45,-1,17
1,<environment.Job instance at 0x7f3a67c00190>,15,23,[9 4],16,-1,40,-1,17
1,<environment.Job instance at 0x7f3a67c2f0f0>,16,13,[ 3 14],17,-1,30,-1,17
1,<environment.Job instance at 0x7f3a67c00af0>,17,24,[ 4 14],18,-1,42,-1,18
1,<environment.Job instance at 0x7f3a67c002d0>,19,24,[13  3],20,-1,44,-1,20
1,<environment.Job instance at 0x7f3a67c00aa0>,21,22,[13  5],22,-1,44,-1,22
1,<environment.Job instance at 0x7f3a67c006e0>,22,14,[ 3 13],23,-1,37,-1,23
1,<environment.Job instance at 0x7f3a67c17a00>,23,26,[14  2],24,-1,50,-1,24
1,<environment.Job instance at 0x7f3a67c17cd0>,24,13,[13  4],25,-1,38,-1,25
1,<environment.Job instance at 0x7f3a67c17e60>,27,25,[11  1],28,-1,53,-1,28
1,<environment.Job instance at 0x7f3a67c173c0>,28,19,[13  3],29,-1,48,-1,29
1,<environment.Job instance at 0x7f3a67c17eb0>,30,25,[13  4],31,-1,56,-1,31
1,<environment.Job instance at 0x7f3a67c00320>,20,27,[9 5],21,-1,64,-1,37
1,<environment.Job instance at 0x7f3a67c178c0>,33,18,[ 2 13],34,-1,55,-1,37
1,<environment.Job instance at 0x7f3a67c00f50>,26,23,[2 8],27,-1,60,-1,37
1,<environment.Job instance at 0x7f3a67c1d4b0>,37,14,[12  2],38,-1,52,-1,38
1,<environment.Job instance at 0x7f3a67c1d370>,38,17,[12  4],39,-1,56,-1,39
1,<environment.Job instance at 0x7f3a67c1dcd0>,39,25,[6 4],40,-1,74,-1,49
1,<environment.Job instance at 0x7f3a67c1d9b0>,42,18,[ 2 13],43,-1,67,-1,49
1,<environment.Job instance at 0x7f3a67c1dfa0>,43,14,[14  2],44,-1,63,-1,49
1,<environment.Job instance at 0x7f3a67c1d910>,44,27,[ 1 12],45,-1,76,-1,49
1,<environment.Job instance at 0x7f3a67c1dd70>,45,15,[13  4],46,-1,64,-1,49
1,<environment.Job instance at 0x7f3a67c1deb0>,46,24,[ 4 14],47,-1,73,-1,49
1,<environment.Job instance at 0x7f3a67c1d460>,48,16,[12  5],49,-1,66,-1,50
1,<environment.Job instance at 0x7f3a67c1dd20>,51,19,[ 4 14],52,-1,83,-1,64
1,<environment.Job instance at 0x7f3a67c1d550>,50,23,[3 9],51,-1,88,-1,65
1,<environment.Job instance at 0x7f3a6818e6e0>,54,17,[14  3],55,-1,82,-1,65
1,<environment.Job instance at 0x7f3a6818e320>,53,26,[10  3],54,-1,107,-1,81
1,<environment.Job instance at 0x7f3a6818e9b0>,58,22,[ 4 12],59,-1,103,-1,81
1,<environment.Job instance at 0x7f3a6818ecd0>,59,25,[8 2],60,-1,106,-1,81
1,<environment.Job instance at 0x7f3a67c1ce60>,61,27,[6 4],62,-1,122,-1,95
1,<environment.Job instance at 0x7f3a67c1c320>,65,12,[12  2],66,-1,107,-1,95
1,<environment.Job instance at 0x7f3a67c1caf0>,66,12,[14  2],67,-1,107,-1,95
1,<environment.Job instance at 0x7f3a68012780>,68,13,[14  5],69,-1,110,-1,97
1,<environment.Job instance at 0x7f3a680f85a0>,69,25,[13  3],70,-1,122,-1,97
1,<environment.Job instance at 0x7f3a680009b0>,70,14,[ 1 14],71,-1,111,-1,97
1,<environment.Job instance at 0x7f3a680f8fa0>,72,12,[ 2 13],73,-1,110,-1,98
1,<environment.Job instance at 0x7f3a680f8cd0>,73,22,[13  3],74,-1,120,-1,98
1,<environment.Job instance at 0x7f3a68a50550>,1,27,[5 5],2,-1,29,-1,2
1,<environment.Job instance at 0x7f3a68a50f50>,2,17,[5 5],3,-1,20,-1,3
1,<environment.Job instance at 0x7f3a68a503c0>,3,25,[5 5],4,-1,29,-1,4
1,<environment.Job instance at 0x7f3a68a501e0>,7,24,[ 5 13],8,-1,41,-1,17
1,<environment.Job instance at 0x7f3a68a50b90>,11,19,[14  2],12,-1,36,-1,17
1,<environment.Job instance at 0x7f3a68a50370>,6,15,[13  2],7,-1,32,-1,17
1,<environment.Job instance at 0x7f3a68a50190>,15,22,[4 7],16,-1,39,-1,17
1,<environment.Job instance at 0x7f3a68a520a0>,16,18,[6 3],17,-1,35,-1,17
1,<environment.Job instance at 0x7f3a68a52be0>,17,16,[9 4],18,-1,34,-1,18
1,<environment.Job instance at 0x7f3a68a524b0>,18,27,[1 9],19,-1,46,-1,19
1,<environment.Job instance at 0x7f3a68a52f00>,20,14,[9 5],21,-1,35,-1,21
1,<environment.Job instance at 0x7f3a68488870>,1,27,[5 5],2,-1,29,-1,2
1,<environment.Job instance at 0x7f3a67c17d20>,3,25,[5 5],4,-1,29,-1,4
1,<environment.Job instance at 0x7f3a67c17aa0>,4,26,[12  3],5,-1,31,-1,5
1,<environment.Job instance at 0x7f3a67c17280>,5,20,[14  4],6,-1,26,-1,6
1,<environment.Job instance at 0x7f3a67c17190>,6,15,[13  2],7,-1,22,-1,7
1,<environment.Job instance at 0x7f3a67c17910>,7,24,[ 5 13],8,-1,32,-1,8
1,<environment.Job instance at 0x7f3a67c171e0>,8,25,[13  5],9,-1,34,-1,9
1,<environment.Job instance at 0x7f3a67c170f0>,9,19,[ 2 13],10,-1,29,-1,10
1,<environment.Job instance at 0x7f3a680059b0>,11,19,[14  2],12,-1,31,-1,12
1,<environment.Job instance at 0x7f3a67c17a00>,12,18,[14  4],13,-1,31,-1,13
1,<environment.Job instance at 0x7f3a67c175a0>,13,14,[14  2],14,-1,28,-1,14
1,<environment.Job instance at 0x7f3a67c17b90>,10,25,[8 3],11,-1,45,-1,20
1,<environment.Job instance at 0x7f3a68a50870>,19,27,[14  4],20,-1,47,-1,20
1,<environment.Job instance at 0x7f3a68a50a50>,18,27,[1 9],19,-1,47,-1,20
1,<environment.Job instance at 0x7f3a6807ff00>,21,26,[ 5 14],22,-1,48,-1,22
1,<environment.Job instance at 0x7f3a6807f910>,22,26,[ 2 13],23,-1,49,-1,23
1,<environment.Job instance at 0x7f3a6807faa0>,24,25,[ 4 10],25,-1,53,-1,28
1,<environment.Job instance at 0x7f3a67fd18c0>,27,17,[ 4 13],28,-1,53,-1,36
1,<environment.Job instance at 0x7f3a6807fd20>,25,26,[7 1],26,-1,62,-1,36
1,<environment.Job instance at 0x7f3a67fd1c30>,30,27,[13  4],31,-1,63,-1,36
1,<environment.Job instance at 0x7f3a67fd1dc0>,31,17,[13  4],32,-1,53,-1,36
1,<environment.Job instance at 0x7f3a67fd1140>,32,13,[14  2],33,-1,49,-1,36
1,<environment.Job instance at 0x7f3a67fd19b0>,38,26,[14  2],39,-1,76,-1,50
1,<environment.Job instance at 0x7f3a67fd1910>,39,25,[13  4],40,-1,75,-1,50
1,<environment.Job instance at 0x7f3a67fd1be0>,41,26,[ 3 14],42,-1,87,-1,61
1,<environment.Job instance at 0x7f3a67fd1cd0>,40,27,[6 1],41,-1,91,-1,64
1,<environment.Job instance at 0x7f3a67fd1a50>,43,16,[12  2],44,-1,80,-1,64
1,<environment.Job instance at 0x7f3a67fd16e0>,44,17,[ 4 11],45,-1,81,-1,64
1,<environment.Job instance at 0x7f3a67fd1a00>,46,19,[ 4 12],47,-1,83,-1,64
1,<environment.Job instance at 0x7f3a67fd1230>,47,16,[ 1 13],48,-1,80,-1,64
1,<environment.Job instance at 0x7f3a67fd15a0>,48,18,[14  2],49,-1,82,-1,64
1,<environment.Job instance at 0x7f3a67fd1190>,34,24,[10  1],35,-1,88,-1,64
1,<environment.Job instance at 0x7f3a6832d7d0>,52,17,[ 2 12],53,-1,81,-1,64
1,<environment.Job instance at 0x7f3a6832d730>,55,22,[ 5 13],56,-1,98,-1,76
1,<environment.Job instance at 0x7f3a6832d5f0>,56,12,[ 3 11],57,-1,88,-1,76
1,<environment.Job instance at 0x7f3a6832d370>,57,27,[11  2],58,-1,103,-1,76
1,<environment.Job instance at 0x7f3a6832dd70>,61,22,[ 4 12],62,-1,116,-1,94
1,<environment.Job instance at 0x7f3a6832d460>,64,27,[12  1],65,-1,124,-1,97
1,<environment.Job instance at 0x7f3a6832d3c0>,65,18,[14  5],66,-1,115,-1,97
1,<environment.Job instance at 0x7f3a6832d1e0>,66,13,[ 5 11],67,-1,110,-1,97
1,<environment.Job instance at 0x7f3a6832d5a0>,67,27,[12  2],68,-1,124,-1,97
1,<environment.Job instance at 0x7f3a67feb7d0>,1,24,[2 6],2,-1,26,-1,2
1,<environment.Job instance at 0x7f3a67d6e5f0>,7,25,[3 7],8,-1,33,-1,8
1,<environment.Job instance at 0x7f3a67d6e780>,8,14,[5 8],9,-1,23,-1,9
1,<environment.Job instance at 0x7f3a67d6e820>,9,22,[ 4 10],10,-1,32,-1,10
1,<environment.Job instance at 0x7f3a683457d0>,1,24,[2 6],2,-1,26,-1,2
1,<environment.Job instance at 0x7f3a68345230>,2,13,[ 5 12],3,-1,16,-1,3
1,<environment.Job instance at 0x7f3a68345370>,3,20,[ 2 11],4,-1,24,-1,4
1,<environment.Job instance at 0x7f3a68345d70>,5,14,[11  2],6,-1,20,-1,6
1,<environment.Job instance at 0x7f3a68345690>,10,25,[ 5 14],11,-1,36,-1,11
1,<environment.Job instance at 0x7f3a69163690>,11,17,[ 1 13],12,-1,29,-1,12
1,<environment.Job instance at 0x7f3a691639b0>,12,16,[ 1 13],13,-1,29,-1,13
1,<environment.Job instance at 0x7f3a683454b0>,7,25,[3 7],8,-1,53,-1,28
1,<environment.Job instance at 0x7f3a69163870>,15,25,[3 9],16,-1,53,-1,28
1,<environment.Job instance at 0x7f3a691634b0>,17,13,[ 1 13],18,-1,41,-1,28
1,<environment.Job instance at 0x7f3a69163730>,18,28,[3 6],19,-1,56,-1,28
1,<environment.Job instance at 0x7f3a69163be0>,19,12,[ 4 11],20,-1,40,-1,28
1,<environment.Job instance at 0x7f3a69163140>,13,28,[2 7],14,-1,56,-1,28
1,<environment.Job instance at 0x7f3a69163460>,22,22,[ 5 12],23,-1,50,-1,28
1,<environment.Job instance at 0x7f3a691630a0>,23,17,[13  5],24,-1,45,-1,28
1,<environment.Job instance at 0x7f3a6832d3c0>,25,13,[12  4],26,-1,41,-1,28
1,<environment.Job instance at 0x7f3a6832dd70>,30,14,[ 4 13],31,-1,55,-1,41
1,<environment.Job instance at 0x7f3a6832dbe0>,31,23,[ 5 12],32,-1,64,-1,41
1,<environment.Job instance at 0x7f3a6832d050>,34,13,[13  5],35,-1,65,-1,52
1,<environment.Job instance at 0x7f3a6832d140>,36,18,[ 4 14],37,-1,72,-1,54
1,<environment.Job instance at 0x7f3a6832d500>,39,17,[12  2],40,-1,89,-1,72
1,<environment.Job instance at 0x7f3a6832db90>,33,27,[ 5 10],34,-1,116,-1,89
1,<environment.Job instance at 0x7f3a67fd13c0>,43,23,[1 5],44,-1,112,-1,89
1,<environment.Job instance at 0x7f3a67fd1500>,44,27,[2 8],45,-1,116,-1,89
1,<environment.Job instance at 0x7f3a67fd14b0>,47,14,[11  4],48,-1,104,-1,90
1,<environment.Job instance at 0x7f3a67fd1550>,48,14,[14  5],49,-1,104,-1,90
1,<environment.Job instance at 0x7f3a6805db90>,1,18,[ 1 12],2,-1,20,-1,2
1,<environment.Job instance at 0x7f3a67d5c3c0>,2,24,[6 3],3,-1,27,-1,3
1,<environment.Job instance at 0x7f3a6805d640>,3,16,[13  4],4,-1,20,-1,4
1,<environment.Job instance at 0x7f3a68000c80>,4,12,[ 5 11],5,-1,17,-1,5
1,<environment.Job instance at 0x7f3a68488c80>,6,19,[ 2 11],7,-1,26,-1,7
1,<environment.Job instance at 0x7f3a67d6e230>,8,23,[11  4],9,-1,32,-1,9
1,<environment.Job instance at 0x7f3a67c17c30>,9,27,[13  2],10,-1,37,-1,10
1,<environment.Job instance at 0x7f3a67c175f0>,10,15,[11  4],11,-1,26,-1,11
1,<environment.Job instance at 0x7f3a67c17b90>,12,26,[14  3],13,-1,39,-1,13
1,<environment.Job instance at 0x7f3a67c17cd0>,13,17,[14  4],14,-1,31,-1,14
1,<environment.Job instance at 0x7f3a67c17550>,7,26,[6 3],8,-1,42,-1,16
1,<environment.Job instance at 0x7f3a67c17870>,15,17,[11  2],16,-1,33,-1,16
1,<environment.Job instance at 0x7f3a67c17c80>,16,12,[12  5],17,-1,29,-1,17
1,<environment.Job instance at 0x7f3a67c170f0>,17,22,[11  3],18,-1,40,-1,18
1,<environment.Job instance at 0x7f3a6807f5f0>,23,13,[13  3],24,-1,37,-1,24
1,<environment.Job instance at 0x7f3a6807f140>,24,25,[ 1 14],25,-1,50,-1,25
1,<environment.Job instance at 0x7f3a6807fd20>,25,19,[13  1],26,-1,45,-1,26
1,<environment.Job instance at 0x7f3a6807fb40>,26,15,[12  3],27,-1,42,-1,27
1,<environment.Job instance at 0x7f3a6807f910>,27,24,[ 1 11],28,-1,52,-1,28
1,<environment.Job instance at 0x7f3a6807fc80>,29,26,[5 5],30,-1,63,-1,37
1,<environment.Job instance at 0x7f3a67fd1280>,28,27,[10  4],29,-1,68,-1,41
1,<environment.Job instance at 0x7f3a67fd1460>,31,19,[13  1],32,-1,60,-1,41
1,<environment.Job instance at 0x7f3a67fd1320>,32,16,[11  1],33,-1,57,-1,41
1,<environment.Job instance at 0x7f3a67fd1aa0>,33,28,[ 4 11],34,-1,69,-1,41
1,<environment.Job instance at 0x7f3a67fd1190>,35,24,[13  5],36,-1,65,-1,41
1,<environment.Job instance at 0x7f3a67fd1f00>,36,26,[12  1],37,-1,67,-1,41
1,<environment.Job instance at 0x7f3a68a50910>,22,23,[8 3],23,-1,64,-1,41
1,<environment.Job instance at 0x7f3a67fd1870>,39,17,[ 2 13],40,-1,58,-1,41
1,<environment.Job instance at 0x7f3a68a50870>,20,23,[2 9],21,-1,74,-1,51
1,<environment.Job instance at 0x7f3a67fd1cd0>,43,15,[14  1],44,-1,66,-1,51
1,<environment.Job instance at 0x7f3a67fd1eb0>,41,26,[7 1],42,-1,79,-1,53
1,<environment.Job instance at 0x7f3a67fd13c0>,45,17,[14  2],46,-1,70,-1,53
1,<environment.Job instance at 0x7f3a67fd1b90>,46,20,[11  4],47,-1,73,-1,53
1,<environment.Job instance at 0x7f3a6832d960>,50,14,[ 4 13],51,-1,78,-1,64
1,<environment.Job instance at 0x7f3a6832d9b0>,51,23,[ 5 14],52,-1,87,-1,64
1,<environment.Job instance at 0x7f3a6832d0f0>,52,23,[13  5],53,-1,87,-1,64
1,<environment.Job instance at 0x7f3a6832d7d0>,53,22,[ 2 14],54,-1,86,-1,64
1,<environment.Job instance at 0x7f3a6832d690>,54,17,[13  4],55,-1,81,-1,64
1,<environment.Job instance at 0x7f3a6832d500>,49,23,[5 6],50,-1,87,-1,64
1,<environment.Job instance at 0x7f3a6832d5f0>,57,24,[ 4 13],58,-1,88,-1,64
1,<environment.Job instance at 0x7f3a6832df00>,58,28,[12  2],59,-1,92,-1,64
1,<environment.Job instance at 0x7f3a6832d780>,56,23,[9 1],57,-1,90,-1,67
1,<environment.Job instance at 0x7f3a6832d280>,62,14,[12  1],63,-1,81,-1,67
1,<environment.Job instance at 0x7f3a69163320>,64,25,[10  1],65,-1,104,-1,79
1,<environment.Job instance at 0x7f3a69163be0>,65,13,[ 5 11],66,-1,92,-1,79
1,<environment.Job instance at 0x7f3a691631e0>,66,12,[ 3 14],67,-1,91,-1,79
1,<environment.Job instance at 0x7f3a69163870>,68,13,[ 2 13],69,-1,92,-1,79
1,<environment.Job instance at 0x7f3a691635f0>,69,14,[13  2],70,-1,93,-1,79
1,<environment.Job instance at 0x7f3a691638c0>,70,18,[11  2],71,-1,97,-1,79
1,<environment.Job instance at 0x7f3a69163eb0>,72,20,[ 2 12],73,-1,111,-1,91
1,<environment.Job instance at 0x7f3a69163500>,73,20,[13  1],74,-1,111,-1,91
1,<environment.Job instance at 0x7f3a69163370>,71,25,[ 1 10],72,-1,118,-1,93
1,<environment.Job instance at 0x7f3a68345820>,76,26,[3 7],77,-1,119,-1,93
1,<environment.Job instance at 0x7f3a67f448c0>,0,23,[8 4],1,-1,24,-1,1
1,<environment.Job instance at 0x7f3a67c17c30>,0,23,[8 4],1,-1,24,-1,1
1,<environment.Job instance at 0x7f3a68162190>,2,21,[11  5],3,-1,24,-1,3
1,<environment.Job instance at 0x7f3a717ca140>,3,18,[13  4],4,-1,22,-1,4
1,<environment.Job instance at 0x7f3a67c17550>,4,27,[8 5],5,-1,32,-1,5
1,<environment.Job instance at 0x7f3a680fbbe0>,5,12,[ 5 13],6,-1,18,-1,6
1,<environment.Job instance at 0x7f3a68e395a0>,7,20,[ 5 13],8,-1,28,-1,8
1,<environment.Job instance at 0x7f3a690140a0>,8,19,[ 2 14],9,-1,28,-1,9
1,<environment.Job instance at 0x7f3a69014690>,9,20,[13  2],10,-1,30,-1,10
1,<environment.Job instance at 0x7f3a69014cd0>,10,16,[ 2 14],11,-1,27,-1,11
1,<environment.Job instance at 0x7f3a69014410>,12,16,[ 3 13],13,-1,29,-1,13
1,<environment.Job instance at 0x7f3a68323d20>,14,22,[14  1],15,-1,37,-1,15
1,<environment.Job instance at 0x7f3a69014870>,11,26,[7 3],12,-1,43,-1,17
1,<environment.Job instance at 0x7f3a68162aa0>,13,28,[ 5 10],14,-1,45,-1,17
1,<environment.Job instance at 0x7f3a68151d70>,16,15,[ 1 12],17,-1,32,-1,17
1,<environment.Job instance at 0x7f3a68151a50>,20,14,[13  5],21,-1,35,-1,21
1,<environment.Job instance at 0x7f3a68e0ef00>,23,27,[12  4],24,-1,51,-1,24
1,<environment.Job instance at 0x7f3a68e0e190>,24,18,[ 3 13],25,-1,43,-1,25
1,<environment.Job instance at 0x7f3a68bf5780>,25,27,[ 1 14],26,-1,53,-1,26
1,<environment.Job instance at 0x7f3a68e0e7d0>,26,21,[14  2],27,-1,48,-1,27
1,<environment.Job instance at 0x7f3a68de58c0>,27,22,[11  1],28,-1,50,-1,28
1,<environment.Job instance at 0x7f3a683adbe0>,28,26,[7 4],29,-1,55,-1,29
1,<environment.Job instance at 0x7f3a683ad5f0>,29,12,[ 1 14],30,-1,42,-1,30
1,<environment.Job instance at 0x7f3a682f2370>,30,23,[ 4 14],31,-1,54,-1,31
1,<environment.Job instance at 0x7f3a682f2fa0>,31,14,[13  2],32,-1,46,-1,32
1,<environment.Job instance at 0x7f3a683ad780>,33,21,[11  2],34,-1,55,-1,34
1,<environment.Job instance at 0x7f3a682f24b0>,34,18,[ 2 11],35,-1,53,-1,35
1,<environment.Job instance at 0x7f3a682f2c80>,35,17,[11  4],36,-1,53,-1,36
1,<environment.Job instance at 0x7f3a682f2550>,36,14,[ 4 14],37,-1,51,-1,37
1,<environment.Job instance at 0x7f3a68f570f0>,37,28,[12  5],38,-1,66,-1,38
1,<environment.Job instance at 0x7f3a68f578c0>,38,13,[12  5],39,-1,52,-1,39
1,<environment.Job instance at 0x7f3a67cc67d0>,39,12,[11  5],40,-1,52,-1,40
1,<environment.Job instance at 0x7f3a682f21e0>,41,26,[5 3],42,-1,74,-1,48
1,<environment.Job instance at 0x7f3a67cc6500>,42,27,[13  5],43,-1,75,-1,48
1,<environment.Job instance at 0x7f3a67f8b5f0>,43,28,[ 3 14],44,-1,76,-1,48
1,<environment.Job instance at 0x7f3a67f8b6e0>,44,21,[ 4 11],45,-1,69,-1,48
1,<environment.Job instance at 0x7f3a67f8b280>,45,18,[ 3 12],46,-1,66,-1,48
1,<environment.Job instance at 0x7f3a68251f50>,47,26,[14  5],48,-1,74,-1,48
1,<environment.Job instance at 0x7f3a68e51f50>,48,24,[4 6],49,-1,75,-1,51
1,<environment.Job instance at 0x7f3a68251640>,49,18,[13  1],50,-1,69,-1,51
1,<environment.Job instance at 0x7f3a68e51eb0>,50,20,[12  3],51,-1,71,-1,51
1,<environment.Job instance at 0x7f3a684943c0>,51,17,[ 5 14],52,-1,69,-1,52
1,<environment.Job instance at 0x7f3a68494550>,52,24,[8 5],53,-1,89,-1,65
1,<environment.Job instance at 0x7f3a68779230>,55,16,[ 2 13],56,-1,81,-1,65
1,<environment.Job instance at 0x7f3a687795f0>,56,17,[12  3],57,-1,82,-1,65
1,<environment.Job instance at 0x7f3a687791e0>,57,14,[14  1],58,-1,79,-1,65
1,<environment.Job instance at 0x7f3a68e512d0>,53,24,[5 1],54,-1,89,-1,65
1,<environment.Job instance at 0x7f3a685d5780>,59,26,[3 6],60,-1,91,-1,65
1,<environment.Job instance at 0x7f3a685d5dc0>,61,14,[11  5],62,-1,79,-1,65
1,<environment.Job instance at 0x7f3a685d5550>,62,24,[ 4 12],63,-1,89,-1,65
1,<environment.Job instance at 0x7f3a685d52d0>,63,23,[1 6],64,-1,88,-1,65
1,<environment.Job instance at 0x7f3a685d5a00>,64,25,[12  2],65,-1,90,-1,65
1,<environment.Job instance at 0x7f3a685d5aa0>,58,25,[ 4 10],59,-1,92,-1,67
1,<environment.Job instance at 0x7f3a68375c30>,66,24,[13  1],67,-1,91,-1,67
1,<environment.Job instance at 0x7f3a71e98460>,67,13,[11  1],68,-1,81,-1,68
1,<environment.Job instance at 0x7f3a71e98820>,69,16,[13  1],70,-1,86,-1,70
1,<environment.Job instance at 0x7f3a6824ef50>,72,21,[11  4],73,-1,102,-1,81
1,<environment.Job instance at 0x7f3a6824e230>,73,13,[13  5],74,-1,94,-1,81
1,<environment.Job instance at 0x7f3a682c4a50>,74,16,[ 5 13],75,-1,97,-1,81
1,<environment.Job instance at 0x7f3a6921fa00>,75,27,[ 1 10],76,-1,108,-1,81
1,<environment.Job instance at 0x7f3a71bd6140>,77,12,[14  2],78,-1,93,-1,81
1,<environment.Job instance at 0x7f3a684c2b90>,78,23,[5 5],79,-1,108,-1,85
1,<environment.Job instance at 0x7f3a6925f4b0>,79,23,[ 3 13],80,-1,108,-1,85
1,<environment.Job instance at 0x7f3a6925f140>,80,14,[ 4 12],81,-1,99,-1,85
1,<environment.Job instance at 0x7f3a6848ba50>,83,13,[13  2],84,-1,108,-1,95
1,<environment.Job instance at 0x7f3a678f7eb0>,84,18,[13  5],85,-1,113,-1,95
1,<environment.Job instance at 0x7f3a685d5fa0>,0,13,[ 1 12],1,-1,14,-1,1
1,<environment.Job instance at 0x7f3a685d5b40>,1,16,[ 2 12],2,-1,18,-1,2
1,<environment.Job instance at 0x7f3a685d5dc0>,2,27,[ 3 11],3,-1,30,-1,3
1,<environment.Job instance at 0x7f3a685d5780>,3,21,[ 3 13],4,-1,25,-1,4
1,<environment.Job instance at 0x7f3a68251f50>,5,21,[ 4 14],6,-1,27,-1,6
1,<environment.Job instance at 0x7f3a67ad40a0>,6,13,[14  2],7,-1,20,-1,7
1,<environment.Job instance at 0x7f3a71b90500>,7,16,[ 4 14],8,-1,24,-1,8
1,<environment.Job instance at 0x7f3a7177f460>,9,14,[13  3],10,-1,24,-1,10
1,<environment.Job instance at 0x7f3a7181d500>,12,17,[ 3 11],13,-1,30,-1,13
1,<environment.Job instance at 0x7f3a68e15b90>,15,25,[ 2 12],16,-1,41,-1,16
1,<environment.Job instance at 0x7f3a7181d9b0>,10,24,[3 9],11,-1,43,-1,19
1,<environment.Job instance at 0x7f3a690186e0>,17,27,[8 5],18,-1,46,-1,19
1,<environment.Job instance at 0x7f3a68e15640>,14,27,[1 9],15,-1,46,-1,19
1,<environment.Job instance at 0x7f3a67d245a0>,16,27,[1 6],17,-1,46,-1,19
1,<environment.Job instance at 0x7f3a67d24c80>,19,17,[ 1 11],20,-1,37,-1,20
1,<environment.Job instance at 0x7f3a67d24b40>,20,13,[ 3 14],21,-1,34,-1,21
1,<environment.Job instance at 0x7f3a6808f5f0>,23,16,[11  2],24,-1,40,-1,24
1,<environment.Job instance at 0x7f3a68a390f0>,25,13,[13  5],26,-1,39,-1,26
1,<environment.Job instance at 0x7f3a6807d4b0>,26,17,[13  3],27,-1,44,-1,27
1,<environment.Job instance at 0x7f3a6843e4b0>,24,27,[5 2],25,-1,60,-1,33
1,<environment.Job instance at 0x7f3a6843ef00>,28,13,[14  3],29,-1,46,-1,33
1,<environment.Job instance at 0x7f3a68486d20>,29,26,[ 2 12],30,-1,59,-1,33
1,<environment.Job instance at 0x7f3a68dca460>,30,26,[4 5],31,-1,59,-1,33
1,<environment.Job instance at 0x7f3a69043550>,27,26,[10  5],28,-1,59,-1,33
1,<environment.Job instance at 0x7f3a6830f280>,32,24,[4 6],33,-1,57,-1,33
1,<environment.Job instance at 0x7f3a6830f0a0>,33,15,[ 2 13],34,-1,49,-1,34
1,<environment.Job instance at 0x7f3a69033a00>,34,18,[11  2],35,-1,53,-1,35
1,<environment.Job instance at 0x7f3a6812eaf0>,37,18,[14  1],38,-1,56,-1,38
1,<environment.Job instance at 0x7f3a6812e640>,38,23,[ 1 11],39,-1,62,-1,39
1,<environment.Job instance at 0x7f3a6812edc0>,39,19,[ 3 12],40,-1,59,-1,40
1,<environment.Job instance at 0x7f3a682f2550>,43,13,[ 3 11],44,-1,71,-1,58
1,<environment.Job instance at 0x7f3a682f2c80>,45,25,[5 3],46,-1,95,-1,70
1,<environment.Job instance at 0x7f3a682f2c30>,46,15,[11  2],47,-1,85,-1,70
1,<environment.Job instance at 0x7f3a682f2fa0>,48,25,[7 2],49,-1,99,-1,74
1,<environment.Job instance at 0x7f3a682f2370>,49,18,[ 5 12],50,-1,92,-1,74
1,<environment.Job instance at 0x7f3a682f2050>,50,12,[ 3 12],51,-1,86,-1,74
1,<environment.Job instance at 0x7f3a682f2dc0>,51,15,[11  5],52,-1,89,-1,74
1,<environment.Job instance at 0x7f3a69246870>,53,16,[13  2],54,-1,90,-1,74
1,<environment.Job instance at 0x7f3a69246aa0>,54,12,[13  3],55,-1,86,-1,74
1,<environment.Job instance at 0x7f3a69246410>,55,16,[11  5],56,-1,90,-1,74
1,<environment.Job instance at 0x7f3a68ee0780>,59,26,[ 2 14],60,-1,113,-1,87
1,<environment.Job instance at 0x7f3a685dfe60>,61,14,[14  3],62,-1,101,-1,87
1,<environment.Job instance at 0x7f3a685c8460>,63,12,[ 5 12],64,-1,110,-1,98
1,<environment.Job instance at 0x7f3a69014a50>,0,18,[10  1],1,-1,22,-1,4
1,<environment.Job instance at 0x7f3a6925f4b0>,1,25,[9 1],2,-1,31,-1,6
1,<environment.Job instance at 0x7f3a682884b0>,6,21,[10  1],7,-1,28,-1,7
1,<environment.Job instance at 0x7f3a690b3d20>,2,17,[ 5 14],3,-1,20,-1,3
1,<environment.Job instance at 0x7f3a67f1e4b0>,3,14,[13  1],4,-1,18,-1,4
1,<environment.Job instance at 0x7f3a689326e0>,5,15,[ 5 14],6,-1,21,-1,6
1,<environment.Job instance at 0x7f3a6829f0a0>,7,18,[ 1 14],8,-1,26,-1,8
1,<environment.Job instance at 0x7f3a67d76d20>,8,16,[12  4],9,-1,25,-1,9
1,<environment.Job instance at 0x7f3a686c3a50>,10,24,[ 3 12],11,-1,35,-1,11
1,<environment.Job instance at 0x7f3a677b0fa0>,1,25,[9 1],2,-1,44,-1,19
1,<environment.Job instance at 0x7f3a6825b730>,13,28,[14  2],14,-1,47,-1,19
1,<environment.Job instance at 0x7f3a67fdf1e0>,15,13,[ 5 12],16,-1,32,-1,19
1,<environment.Job instance at 0x7f3a685c8320>,16,22,[ 5 14],17,-1,41,-1,19
1,<environment.Job instance at 0x7f3a685c85f0>,17,26,[8 5],18,-1,45,-1,19
1,<environment.Job instance at 0x7f3a685c85a0>,20,13,[13  5],21,-1,34,-1,21
1,<environment.Job instance at 0x7f3a685df960>,21,14,[ 2 13],22,-1,36,-1,22
1,<environment.Job instance at 0x7f3a685dfe60>,22,23,[ 3 14],23,-1,46,-1,23
1,<environment.Job instance at 0x7f3a685df5a0>,23,16,[13  3],24,-1,40,-1,24
1,<environment.Job instance at 0x7f3a685df140>,25,15,[ 2 13],26,-1,46,-1,31
1,<environment.Job instance at 0x7f3a69246aa0>,26,18,[12  1],27,-1,49,-1,31
1,<environment.Job instance at 0x7f3a682f2f00>,28,28,[ 4 12],29,-1,62,-1,34
1,<environment.Job instance at 0x7f3a682f29b0>,31,24,[ 5 14],32,-1,69,-1,45
1,<environment.Job instance at 0x7f3a682f2c80>,32,27,[11  1],33,-1,72,-1,45
1,<environment.Job instance at 0x7f3a682f25a0>,34,16,[ 1 14],35,-1,64,-1,48
1,<environment.Job instance at 0x7f3a68486d20>,35,18,[13  3],36,-1,66,-1,48
1,<environment.Job instance at 0x7f3a68a390f0>,39,13,[ 5 14],40,-1,76,-1,63
1,<environment.Job instance at 0x7f3a68dcaf50>,40,17,[ 5 13],41,-1,80,-1,63
1,<environment.Job instance at 0x7f3a68dca6e0>,41,27,[11  5],42,-1,90,-1,63
1,<environment.Job instance at 0x7f3a6843e410>,43,12,[11  1],44,-1,76,-1,64
1,<environment.Job instance at 0x7f3a67d24b40>,45,14,[ 5 13],46,-1,90,-1,76
1,<environment.Job instance at 0x7f3a6843e3c0>,46,13,[ 2 14],47,-1,89,-1,76
1,<environment.Job instance at 0x7f3a68e15b90>,48,28,[1 7],49,-1,107,-1,79
1,<environment.Job instance at 0x7f3a7177f460>,49,24,[5 1],50,-1,103,-1,79
1,<environment.Job instance at 0x7f3a68e155f0>,50,15,[ 3 13],51,-1,94,-1,79
1,<environment.Job instance at 0x7f3a71b90500>,51,12,[ 3 14],52,-1,91,-1,79
1,<environment.Job instance at 0x7f3a67d24c80>,52,27,[6 5],53,-1,106,-1,79
1,<environment.Job instance at 0x7f3a680c1140>,55,17,[14  4],56,-1,96,-1,79
1,<environment.Job instance at 0x7f3a67b45500>,58,16,[ 1 13],59,-1,112,-1,96
1,<environment.Job instance at 0x7f3a6791da50>,4,19,[7 5],5,-1,25,-1,6
1,<environment.Job instance at 0x7f3a68263cd0>,13,21,[13  5],14,-1,46,-1,25
1,<environment.Job instance at 0x7f3a68263140>,12,21,[8 4],13,-1,46,-1,25
1,<environment.Job instance at 0x7f3a68b4bc80>,0,18,[14  1],1,-1,19,-1,1
1,<environment.Job instance at 0x7f3a68db05a0>,1,19,[ 2 14],2,-1,21,-1,2
1,<environment.Job instance at 0x7f3a68db00a0>,2,24,[ 2 14],3,-1,27,-1,3
1,<environment.Job instance at 0x7f3a68b4beb0>,3,28,[12  4],4,-1,32,-1,4
1,<environment.Job instance at 0x7f3a68339a00>,5,23,[3 6],6,-1,29,-1,6
1,<environment.Job instance at 0x7f3a68339820>,6,25,[14  5],7,-1,32,-1,7
1,<environment.Job instance at 0x7f3a68db0b90>,10,18,[ 2 14],11,-1,29,-1,11
1,<environment.Job instance at 0x7f3a689b90a0>,11,28,[4 5],12,-1,40,-1,12
1,<environment.Job instance at 0x7f3a689b9cd0>,13,21,[13  5],14,-1,35,-1,14
1,<environment.Job instance at 0x7f3a689b90f0>,15,13,[13  4],16,-1,29,-1,16
1,<environment.Job instance at 0x7f3a68343eb0>,17,16,[ 5 14],18,-1,40,-1,24
1,<environment.Job instance at 0x7f3a689b9230>,14,23,[10  5],15,-1,47,-1,24
1,<environment.Job instance at 0x7f3a6898e820>,21,21,[12  1],22,-1,45,-1,24
1,<environment.Job instance at 0x7f3a689a7370>,23,16,[11  3],24,-1,40,-1,24
1,<environment.Job instance at 0x7f3a689c38c0>,25,18,[11  2],26,-1,47,-1,29
1,<environment.Job instance at 0x7f3a689c3960>,26,16,[ 4 13],27,-1,45,-1,29
1,<environment.Job instance at 0x7f3a689c39b0>,27,17,[11  3],28,-1,46,-1,29
1,<environment.Job instance at 0x7f3a689a95a0>,28,23,[11  2],29,-1,52,-1,29
1,<environment.Job instance at 0x7f3a683554b0>,30,20,[13  2],31,-1,51,-1,31
1,<environment.Job instance at 0x7f3a689a9230>,32,23,[ 3 13],33,-1,61,-1,38
1,<environment.Job instance at 0x7f3a689c22d0>,33,26,[3 8],34,-1,64,-1,38
1,<environment.Job instance at 0x7f3a689c2be0>,34,18,[14  4],35,-1,56,-1,38
1,<environment.Job instance at 0x7f3a6898a230>,37,23,[9 2],38,-1,78,-1,55
1,<environment.Job instance at 0x7f3a6898a780>,38,26,[11  2],39,-1,81,-1,55
1,<environment.Job instance at 0x7f3a685394b0>,39,27,[14  4],40,-1,82,-1,55
1,<environment.Job instance at 0x7f3a6899b6e0>,41,26,[13  2],42,-1,81,-1,55
1,<environment.Job instance at 0x7f3a6899b640>,42,27,[11  3],43,-1,82,-1,55
1,<environment.Job instance at 0x7f3a6899b5a0>,43,16,[14  4],44,-1,71,-1,55
1,<environment.Job instance at 0x7f3a6899b0f0>,44,27,[ 1 14],45,-1,82,-1,55
1,<environment.Job instance at 0x7f3a689ad3c0>,45,21,[ 3 11],46,-1,76,-1,55
1,<environment.Job instance at 0x7f3a689ad410>,46,20,[13  1],47,-1,75,-1,55
1,<environment.Job instance at 0x7f3a689ad780>,48,22,[12  2],49,-1,78,-1,56
1,<environment.Job instance at 0x7f3a689add70>,49,27,[7 4],50,-1,97,-1,70
1,<environment.Job instance at 0x7f3a68763690>,50,25,[9 5],51,-1,95,-1,70
1,<environment.Job instance at 0x7f3a6834c320>,53,26,[14  5],54,-1,97,-1,71
1,<environment.Job instance at 0x7f3a6834c500>,54,12,[11  4],55,-1,83,-1,71
1,<environment.Job instance at 0x7f3a6875d4b0>,55,26,[14  3],56,-1,97,-1,71
1,<environment.Job instance at 0x7f3a6875d690>,56,17,[ 5 11],57,-1,88,-1,71
1,<environment.Job instance at 0x7f3a6834ce10>,57,26,[ 2 11],58,-1,97,-1,71
1,<environment.Job instance at 0x7f3a6834bf50>,59,18,[14  4],60,-1,103,-1,85
1,<environment.Job instance at 0x7f3a687b8b40>,0,28,[5 5],1,-1,29,-1,1
1,<environment.Job instance at 0x7f3a688a9b90>,0,28,[5 5],1,-1,29,-1,1
1,<environment.Job instance at 0x7f3a688a9d70>,1,21,[ 4 13],2,-1,23,-1,2
1,<environment.Job instance at 0x7f3a688a9870>,2,15,[13  2],3,-1,18,-1,3
1,<environment.Job instance at 0x7f3a688a9910>,3,23,[ 5 11],4,-1,27,-1,4
1,<environment.Job instance at 0x7f3a688a9500>,4,26,[ 5 11],5,-1,31,-1,5
1,<environment.Job instance at 0x7f3a68568190>,6,18,[13  2],7,-1,25,-1,7
1,<environment.Job instance at 0x7f3a688a98c0>,7,27,[12  5],8,-1,35,-1,8
1,<environment.Job instance at 0x7f3a68da9af0>,8,19,[11  4],9,-1,28,-1,9
1,<environment.Job instance at 0x7f3a68da92d0>,9,22,[ 2 11],10,-1,32,-1,10
1,<environment.Job instance at 0x7f3a68da9140>,12,12,[ 4 14],13,-1,25,-1,13
1,<environment.Job instance at 0x7f3a6888f1e0>,14,18,[14  1],15,-1,33,-1,15
1,<environment.Job instance at 0x7f3a68dc72d0>,16,15,[12  1],17,-1,32,-1,17
1,<environment.Job instance at 0x7f3a68dc7870>,17,13,[ 5 12],18,-1,31,-1,18
1,<environment.Job instance at 0x7f3a67f910a0>,18,28,[14  2],19,-1,47,-1,19
1,<environment.Job instance at 0x7f3a67f910f0>,20,15,[ 5 11],21,-1,36,-1,21
1,<environment.Job instance at 0x7f3a68b71af0>,21,20,[ 3 11],22,-1,42,-1,22
1,<environment.Job instance at 0x7f3a68b71aa0>,24,27,[ 3 13],25,-1,52,-1,25
1,<environment.Job instance at 0x7f3a68b71e60>,22,28,[9 4],23,-1,53,-1,25
1,<environment.Job instance at 0x7f3a68b71190>,25,23,[6 2],26,-1,49,-1,26
1,<environment.Job instance at 0x7f3a685d53c0>,26,22,[ 1 13],27,-1,49,-1,27
1,<environment.Job instance at 0x7f3a67911410>,27,13,[14  2],28,-1,41,-1,28
1,<environment.Job instance at 0x7f3a683170a0>,29,24,[ 3 13],30,-1,54,-1,30
1,<environment.Job instance at 0x7f3a68317280>,31,28,[11  3],32,-1,60,-1,32
1,<environment.Job instance at 0x7f3a67f2f0a0>,32,24,[1 5],33,-1,62,-1,38
1,<environment.Job instance at 0x7f3a67f07780>,36,19,[ 5 13],37,-1,57,-1,38
1,<environment.Job instance at 0x7f3a67f2f6e0>,35,24,[7 4],36,-1,70,-1,46
1,<environment.Job instance at 0x7f3a68ba1500>,43,28,[9 1],44,-1,97,-1,69
1,<environment.Job instance at 0x7f3a6889d820>,44,23,[ 2 10],45,-1,96,-1,73
1,<environment.Job instance at 0x7f3a68308b40>,46,18,[ 3 12],47,-1,91,-1,73
1,<environment.Job instance at 0x7f3a68308d70>,47,27,[ 5 11],48,-1,100,-1,73
1,<environment.Job instance at 0x7f3a68308190>,48,18,[14  5],49,-1,91,-1,73
1,<environment.Job instance at 0x7f3a67f02a50>,50,19,[ 1 12],51,-1,92,-1,73
1,<environment.Job instance at 0x7f3a68308230>,52,27,[10  5],53,-1,113,-1,86
1,<environment.Job instance at 0x7f3a68dafb90>,54,28,[5 5],55,-1,118,-1,90
1,<environment.Job instance at 0x7f3a68dafa50>,55,27,[11  3],56,-1,117,-1,90
1,<environment.Job instance at 0x7f3a68dafc30>,56,24,[13  2],57,-1,114,-1,90
1,<environment.Job instance at 0x7f3a68bb9500>,6,17,[10  5],7,-1,28,-1,11
1,<environment.Job instance at 0x7f3a68224320>,0,16,[11  1],1,-1,17,-1,1
1,<environment.Job instance at 0x7f3a68224550>,1,16,[ 1 12],2,-1,18,-1,2
1,<environment.Job instance at 0x7f3a6884b780>,2,28,[10  5],3,-1,31,-1,3
1,<environment.Job instance at 0x7f3a6884b870>,3,25,[8 4],4,-1,29,-1,4
1,<environment.Job instance at 0x7f3a689d9190>,5,18,[ 1 12],6,-1,24,-1,6
1,<environment.Job instance at 0x7f3a68224500>,7,14,[12  5],8,-1,22,-1,8
1,<environment.Job instance at 0x7f3a6888feb0>,11,22,[13  5],12,-1,34,-1,12
1,<environment.Job instance at 0x7f3a688a9870>,12,14,[14  4],13,-1,27,-1,13
1,<environment.Job instance at 0x7f3a688a9af0>,14,12,[ 4 13],15,-1,27,-1,15
1,<environment.Job instance at 0x7f3a6888f050>,10,25,[8 3],11,-1,51,-1,26
1,<environment.Job instance at 0x7f3a6824b410>,17,18,[11  2],18,-1,44,-1,26
1,<environment.Job instance at 0x7f3a688a9d70>,13,24,[5 1],14,-1,50,-1,26
1,<environment.Job instance at 0x7f3a68568190>,19,13,[ 4 13],20,-1,39,-1,26
1,<environment.Job instance at 0x7f3a68e3bd70>,20,17,[11  2],21,-1,43,-1,26
1,<environment.Job instance at 0x7f3a691ef140>,21,27,[10  3],22,-1,53,-1,26
1,<environment.Job instance at 0x7f3a6797b960>,22,25,[ 3 12],23,-1,51,-1,26
1,<environment.Job instance at 0x7f3a6797b050>,23,13,[14  2],24,-1,39,-1,26
1,<environment.Job instance at 0x7f3a6797bc30>,24,12,[ 4 14],25,-1,38,-1,26
1,<environment.Job instance at 0x7f3a687b8460>,25,26,[14  4],26,-1,52,-1,26
1,<environment.Job instance at 0x7f3a687b8eb0>,26,23,[14  4],27,-1,50,-1,27
1,<environment.Job instance at 0x7f3a687b85a0>,27,26,[12  4],28,-1,54,-1,28
1,<environment.Job instance at 0x7f3a687b8500>,28,23,[ 2 12],29,-1,52,-1,29
1,<environment.Job instance at 0x7f3a687b8960>,31,13,[ 4 13],32,-1,45,-1,32
1,<environment.Job instance at 0x7f3a67dfa820>,33,24,[9 1],34,-1,68,-1,44
1,<environment.Job instance at 0x7f3a67dfa730>,34,14,[ 2 13],35,-1,58,-1,44
1,<environment.Job instance at 0x7f3a67dfa5a0>,36,14,[13  4],37,-1,58,-1,44
1,<environment.Job instance at 0x7f3a67dfaf50>,37,12,[11  3],38,-1,56,-1,44
1,<environment.Job instance at 0x7f3a67dfa640>,39,18,[ 2 13],40,-1,65,-1,47
1,<environment.Job instance at 0x7f3a67dfaa50>,40,16,[11  4],41,-1,63,-1,47
1,<environment.Job instance at 0x7f3a67dfa140>,41,25,[ 2 12],42,-1,72,-1,47
1,<environment.Job instance at 0x7f3a67dfa0a0>,43,26,[11  4],44,-1,84,-1,58
1,<environment.Job instance at 0x7f3a67dfaf00>,44,26,[ 1 10],45,-1,84,-1,58
1,<environment.Job instance at 0x7f3a67dfa5f0>,46,25,[5 3],47,-1,89,-1,64
1,<environment.Job instance at 0x7f3a67dfaaf0>,49,28,[14  3],50,-1,92,-1,64
1,<environment.Job instance at 0x7f3a67e2ce60>,52,28,[10  2],53,-1,102,-1,74
1,<environment.Job instance at 0x7f3a67e2c550>,54,24,[ 4 12],55,-1,98,-1,74
1,<environment.Job instance at 0x7f3a67e2c0f0>,55,15,[14  1],56,-1,89,-1,74
1,<environment.Job instance at 0x7f3a67e2cb90>,56,28,[14  2],57,-1,102,-1,74
1,<environment.Job instance at 0x7f3a67e2ceb0>,51,23,[ 4 10],52,-1,104,-1,81
1,<environment.Job instance at 0x7f3a67e2c3c0>,60,27,[ 2 12],61,-1,108,-1,81
1,<environment.Job instance at 0x7f3a67e2c870>,61,25,[ 3 13],62,-1,106,-1,81
1,<environment.Job instance at 0x7f3a67e2ccd0>,63,27,[9 5],64,-1,121,-1,94
1,<environment.Job instance at 0x7f3a67e2cd70>,64,25,[3 5],65,-1,119,-1,94
1,<environment.Job instance at 0x7f3a67e2c5a0>,65,23,[ 2 13],66,-1,117,-1,94
1,<environment.Job instance at 0x7f3a67e2c500>,66,15,[11  2],67,-1,109,-1,94
1,<environment.Job instance at 0x7f3a68697140>,68,27,[ 4 14],69,-1,121,-1,94
1,<environment.Job instance at 0x7f3a68697c30>,69,28,[12  5],70,-1,122,-1,94
1,<environment.Job instance at 0x7f3a686976e0>,70,28,[2 5],71,-1,122,-1,94
1,<environment.Job instance at 0x7f3a68697f50>,71,27,[13  3],72,-1,121,-1,94
1,<environment.Job instance at 0x7f3a686973c0>,72,26,[ 2 14],73,-1,120,-1,94
1,<environment.Job instance at 0x7f3a68697690>,73,25,[11  2],74,-1,119,-1,94
1,<environment.Job instance at 0x7f3a68697d70>,74,16,[11  4],75,-1,110,-1,94
1,<environment.Job instance at 0x7f3a68697c80>,75,13,[14  4],76,-1,107,-1,94
1,<environment.Job instance at 0x7f3a68697820>,77,21,[12  2],78,-1,115,-1,94
1,<environment.Job instance at 0x7f3a686975a0>,78,20,[ 1 11],79,-1,114,-1,94
1,<environment.Job instance at 0x7f3a68697e60>,79,14,[ 1 14],80,-1,108,-1,94
1,<environment.Job instance at 0x7f3a67e2e4b0>,0,20,[3 6],1,-1,21,-1,1
1,<environment.Job instance at 0x7f3a69133640>,3,16,[ 3 10],4,-1,21,-1,5
1,<environment.Job instance at 0x7f3a69133820>,6,21,[5 5],7,-1,28,-1,7
1,<environment.Job instance at 0x7f3a691338c0>,7,19,[1 8],8,-1,30,-1,11
1,<environment.Job instance at 0x7f3a691336e0>,8,14,[11  4],9,-1,26,-1,12
1,<environment.Job instance at 0x7f3a69133b40>,11,14,[5 1],12,-1,26,-1,12
1,<environment.Job instance at 0x7f3a69133aa0>,12,17,[5 5],13,-1,30,-1,13
1,<environment.Job instance at 0x7f3a69133c80>,13,15,[5 5],14,-1,29,-1,14
1,<environment.Job instance at 0x7f3a69133d20>,14,27,[7 1],15,-1,42,-1,15
1,<environment.Job instance at 0x7f3a69133dc0>,15,20,[6 5],16,-1,36,-1,16
1,<environment.Job instance at 0x7f3a686846e0>,1,26,[13  2],2,-1,28,-1,2
1,<environment.Job instance at 0x7f3a686845f0>,2,20,[ 2 13],3,-1,23,-1,3
1,<environment.Job instance at 0x7f3a686845a0>,5,28,[ 1 13],6,-1,34,-1,6
1,<environment.Job instance at 0x7f3a68684eb0>,8,14,[11  4],9,-1,23,-1,9
1,<environment.Job instance at 0x7f3a68684a50>,10,21,[11  4],11,-1,32,-1,11
1,<environment.Job instance at 0x7f3a68684190>,9,28,[7 1],10,-1,47,-1,19
1,<environment.Job instance at 0x7f3a68697500>,14,27,[7 1],15,-1,46,-1,19
1,<environment.Job instance at 0x7f3a68697e60>,16,28,[ 3 11],17,-1,47,-1,19
1,<environment.Job instance at 0x7f3a686975a0>,17,12,[ 5 14],18,-1,31,-1,19
1,<environment.Job instance at 0x7f3a68697820>,18,26,[14  5],19,-1,45,-1,19
1,<environment.Job instance at 0x7f3a68697cd0>,19,20,[ 3 13],20,-1,40,-1,20
1,<environment.Job instance at 0x7f3a686976e0>,22,26,[11  3],23,-1,59,-1,33
1,<environment.Job instance at 0x7f3a68697690>,24,22,[13  5],25,-1,56,-1,34
1,<environment.Job instance at 0x7f3a68697be0>,23,25,[7 5],24,-1,72,-1,47
1,<environment.Job instance at 0x7f3a686972d0>,26,18,[13  1],27,-1,65,-1,47
1,<environment.Job instance at 0x7f3a68697410>,27,17,[ 2 13],28,-1,64,-1,47
1,<environment.Job instance at 0x7f3a67e2c500>,28,26,[7 2],29,-1,73,-1,47
1,<environment.Job instance at 0x7f3a67e2cf50>,29,24,[ 3 14],30,-1,71,-1,47
1,<environment.Job instance at 0x7f3a68697d70>,20,23,[7 2],21,-1,70,-1,47
1,<environment.Job instance at 0x7f3a67e2cfa0>,31,26,[5 5],32,-1,73,-1,47
1,<environment.Job instance at 0x7f3a67e2c6e0>,32,15,[ 5 14],33,-1,62,-1,47
1,<environment.Job instance at 0x7f3a67e2ca50>,33,27,[ 5 14],34,-1,74,-1,47
1,<environment.Job instance at 0x7f3a67e2cb90>,34,21,[13  3],35,-1,68,-1,47
1,<environment.Job instance at 0x7f3a67e2caa0>,35,28,[10  4],36,-1,75,-1,47
1,<environment.Job instance at 0x7f3a67e2c0f0>,36,25,[8 2],37,-1,72,-1,47
1,<environment.Job instance at 0x7f3a67e2cdc0>,39,13,[ 3 14],40,-1,60,-1,47
1,<environment.Job instance at 0x7f3a67e2c460>,41,18,[11  1],42,-1,73,-1,55
1,<environment.Job instance at 0x7f3a67e2c1e0>,42,12,[ 4 12],43,-1,67,-1,55
1,<environment.Job instance at 0x7f3a67e2c190>,43,27,[ 4 14],44,-1,82,-1,55
1,<environment.Job instance at 0x7f3a67dfad20>,46,24,[5 6],47,-1,83,-1,59
1,<environment.Job instance at 0x7f3a67dfa1e0>,48,22,[ 4 13],49,-1,94,-1,72
1,<environment.Job instance at 0x7f3a67dfa2d0>,49,24,[ 1 10],50,-1,111,-1,87
1,<environment.Job instance at 0x7f3a67dfa140>,51,25,[14  1],52,-1,112,-1,87
1,<environment.Job instance at 0x7f3a67dfa910>,54,28,[5 7],55,-1,127,-1,99
1,<environment.Job instance at 0x7f3a67dfaf50>,55,28,[2 5],56,-1,127,-1,99
1,<environment.Job instance at 0x7f3a67dfa5f0>,56,28,[ 2 14],57,-1,127,-1,99
1,<environment.Job instance at 0x7f3a67dfa9b0>,58,28,[5 1],59,-1,127,-1,99
1,<environment.Job instance at 0x7f3a67dfadc0>,59,28,[1 9],60,-1,127,-1,99
1,<environment.Job instance at 0x7f3a68de2410>,1,14,[9 3],2,-1,17,-1,3
1,<environment.Job instance at 0x7f3a680dcf00>,6,25,[3 6],7,-1,32,-1,7
1,<environment.Job instance at 0x7f3a67da3e60>,20,26,[6 1],21,-1,84,-1,58
1,<environment.Job instance at 0x7f3a68224500>,0,18,[ 2 12],1,-1,19,-1,1
1,<environment.Job instance at 0x7f3a685d53c0>,2,26,[ 1 10],3,-1,29,-1,3
1,<environment.Job instance at 0x7f3a6808ffa0>,3,26,[12  5],4,-1,30,-1,4
1,<environment.Job instance at 0x7f3a68224730>,5,18,[ 4 11],6,-1,24,-1,6
1,<environment.Job instance at 0x7f3a688a9e10>,6,25,[3 6],7,-1,32,-1,7
1,<environment.Job instance at 0x7f3a688a9910>,7,19,[11  2],8,-1,27,-1,8
1,<environment.Job instance at 0x7f3a688a90a0>,8,25,[ 2 14],9,-1,34,-1,9
1,<environment.Job instance at 0x7f3a688a9af0>,9,12,[ 5 12],10,-1,22,-1,10
1,<environment.Job instance at 0x7f3a680ec910>,11,21,[ 2 14],12,-1,33,-1,12
1,<environment.Job instance at 0x7f3a680dcc80>,12,18,[13  5],13,-1,31,-1,13
1,<environment.Job instance at 0x7f3a68635c30>,13,20,[ 4 11],14,-1,34,-1,14
1,<environment.Job instance at 0x7f3a67da3be0>,10,23,[9 3],11,-1,39,-1,16
1,<environment.Job instance at 0x7f3a68648be0>,19,15,[13  4],20,-1,35,-1,20
1,<environment.Job instance at 0x7f3a68648aa0>,21,12,[13  4],22,-1,39,-1,27
1,<environment.Job instance at 0x7f3a686487d0>,23,23,[5 7],24,-1,50,-1,27
1,<environment.Job instance at 0x7f3a68648b90>,24,15,[ 4 11],25,-1,42,-1,27
1,<environment.Job instance at 0x7f3a68648870>,25,27,[ 2 11],26,-1,54,-1,27
1,<environment.Job instance at 0x7f3a686485f0>,20,26,[6 1],21,-1,53,-1,27
1,<environment.Job instance at 0x7f3a686608c0>,30,17,[ 2 14],31,-1,64,-1,47
1,<environment.Job instance at 0x7f3a68660e60>,31,13,[13  4],32,-1,60,-1,47
1,<environment.Job instance at 0x7f3a690d5050>,32,25,[12  2],33,-1,72,-1,47
1,<environment.Job instance at 0x7f3a690d5370>,34,17,[14  1],35,-1,67,-1,50
1,<environment.Job instance at 0x7f3a690d5690>,35,19,[11  4],36,-1,69,-1,50
1,<environment.Job instance at 0x7f3a690d52d0>,36,23,[ 1 13],37,-1,73,-1,50
1,<environment.Job instance at 0x7f3a690d5c30>,37,25,[ 4 14],38,-1,75,-1,50
1,<environment.Job instance at 0x7f3a690d58c0>,38,12,[12  3],39,-1,62,-1,50
1,<environment.Job instance at 0x7f3a690d5280>,39,13,[13  5],40,-1,63,-1,50
1,<environment.Job instance at 0x7f3a690d5dc0>,33,28,[4 9],34,-1,93,-1,65
1,<environment.Job instance at 0x7f3a690d5d70>,41,16,[ 3 14],42,-1,81,-1,65
1,<environment.Job instance at 0x7f3a690d5910>,40,24,[9 1],41,-1,89,-1,65
1,<environment.Job instance at 0x7f3a68648f50>,27,25,[ 5 10],28,-1,90,-1,65
1,<environment.Job instance at 0x7f3a690d5320>,45,18,[13  4],46,-1,83,-1,65
1,<environment.Job instance at 0x7f3a690d5f00>,46,24,[12  2],47,-1,89,-1,65
1,<environment.Job instance at 0x7f3a690d50f0>,47,12,[ 2 12],48,-1,77,-1,65
1,<environment.Job instance at 0x7f3a69183a50>,49,25,[5 1],50,-1,90,-1,65
1,<environment.Job instance at 0x7f3a69183e10>,53,17,[ 3 12],54,-1,82,-1,65
1,<environment.Job instance at 0x7f3a69183d20>,55,16,[12  1],56,-1,84,-1,68
1,<environment.Job instance at 0x7f3a69183eb0>,56,14,[ 4 13],57,-1,82,-1,68
1,<environment.Job instance at 0x7f3a69183be0>,57,21,[12  4],58,-1,89,-1,68
1,<environment.Job instance at 0x7f3a69183410>,58,13,[ 4 12],59,-1,81,-1,68
1,<environment.Job instance at 0x7f3a69183910>,59,15,[14  5],60,-1,83,-1,68
1,<environment.Job instance at 0x7f3a69183f00>,62,23,[ 3 11],63,-1,103,-1,80
1,<environment.Job instance at 0x7f3a691831e0>,63,24,[ 4 14],64,-1,104,-1,80
1,<environment.Job instance at 0x7f3a69183320>,64,23,[9 5],65,-1,106,-1,83
1,<environment.Job instance at 0x7f3a69183b90>,65,13,[ 4 13],66,-1,96,-1,83
1,<environment.Job instance at 0x7f3a69183b40>,66,25,[13  2],67,-1,108,-1,83
1,<environment.Job instance at 0x7f3a69183780>,67,14,[ 1 11],68,-1,97,-1,83
1,<environment.Job instance at 0x7f3a691837d0>,68,24,[7 4],69,-1,107,-1,83
1,<environment.Job instance at 0x7f3a67a07b40>,71,26,[12  5],72,-1,109,-1,83
1,<environment.Job instance at 0x7f3a67a070a0>,72,28,[13  1],73,-1,111,-1,83
1,<environment.Job instance at 0x7f3a67a07a50>,73,22,[ 5 14],74,-1,105,-1,83
1,<environment.Job instance at 0x7f3a67a07a00>,74,20,[ 4 12],75,-1,103,-1,83
1,<environment.Job instance at 0x7f3a67a07960>,76,18,[14  3],77,-1,110,-1,92
1,<environment.Job instance at 0x7f3a67c4ce10>,2,21,[4 7],3,-1,25,-1,4
1,<environment.Job instance at 0x7f3a67c4c140>,4,18,[5 5],5,-1,23,-1,5
1,<environment.Job instance at 0x7f3a67c4c960>,5,15,[ 1 10],6,-1,21,-1,6
1,<environment.Job instance at 0x7f3a67c4ca50>,3,23,[5 1],4,-1,29,-1,6
1,<environment.Job instance at 0x7f3a67c4cc80>,7,18,[9 2],8,-1,27,-1,9
1,<environment.Job instance at 0x7f3a67c4cf00>,8,18,[12  4],9,-1,27,-1,9
1,<environment.Job instance at 0x7f3a67c4c280>,14,26,[ 4 12],15,-1,55,-1,29
1,<environment.Job instance at 0x7f3a68c5e730>,17,18,[14  4],18,-1,47,-1,29
1,<environment.Job instance at 0x7f3a68c5e5a0>,19,15,[ 2 12],20,-1,44,-1,29
1,<environment.Job instance at 0x7f3a68c5e7d0>,21,28,[13  2],22,-1,57,-1,29
1,<environment.Job instance at 0x7f3a68c5ed70>,18,12,[11  2],19,-1,41,-1,29
1,<environment.Job instance at 0x7f3a67c4c550>,13,12,[11  3],14,-1,41,-1,29
1,<environment.Job instance at 0x7f3a68c5e3c0>,20,17,[2 7],21,-1,46,-1,29
1,<environment.Job instance at 0x7f3a68c5e370>,22,20,[10  2],23,-1,50,-1,30
1,<environment.Job instance at 0x7f3a67c4cb90>,10,15,[ 5 11],11,-1,45,-1,30
1,<environment.Job instance at 0x7f3a67c4c1e0>,6,28,[ 5 13],7,-1,58,-1,30
1,<environment.Job instance at 0x7f3a68c5e910>,24,27,[3 6],25,-1,58,-1,31
1,<environment.Job instance at 0x7f3a68c5e140>,23,15,[ 4 10],24,-1,47,-1,32
1,<environment.Job instance at 0x7f3a68c5ebe0>,27,28,[13  2],28,-1,60,-1,32
1,<environment.Job instance at 0x7f3a68c5e960>,26,22,[ 4 10],27,-1,55,-1,33
1,<environment.Job instance at 0x7f3a68c5ef00>,29,28,[1 5],30,-1,62,-1,34
1,<environment.Job instance at 0x7f3a68c5eb90>,28,17,[4 5],29,-1,51,-1,34
1,<environment.Job instance at 0x7f3a68c5ed20>,30,14,[13  2],31,-1,49,-1,35
1,<environment.Job instance at 0x7f3a68c5e230>,33,24,[ 3 12],34,-1,59,-1,35
1,<environment.Job instance at 0x7f3a68c5eaf0>,31,13,[11  3],32,-1,48,-1,35
1,<environment.Job instance at 0x7f3a681495f0>,36,14,[1 6],37,-1,51,-1,37
1,<environment.Job instance at 0x7f3a68c5ecd0>,25,18,[1 7],26,-1,56,-1,38
1,<environment.Job instance at 0x7f3a68149550>,41,24,[11  5],42,-1,66,-1,42
1,<environment.Job instance at 0x7f3a68c5e050>,34,20,[ 5 12],35,-1,64,-1,44
1,<environment.Job instance at 0x7f3a68149050>,43,23,[9 3],44,-1,68,-1,45
1,<environment.Job instance at 0x7f3a68c5ea00>,38,27,[14  2],39,-1,72,-1,45
1,<environment.Job instance at 0x7f3a68149370>,40,20,[3 8],41,-1,66,-1,46
1,<environment.Job instance at 0x7f3a681490f0>,45,16,[12  5],46,-1,65,-1,49
1,<environment.Job instance at 0x7f3a68149c80>,47,25,[3 6],48,-1,74,-1,49
1,<environment.Job instance at 0x7f3a67a076e0>,0,24,[14  3],1,-1,25,-1,1
1,<environment.Job instance at 0x7f3a67a077d0>,1,28,[10  3],2,-1,30,-1,2
1,<environment.Job instance at 0x7f3a67a072d0>,3,23,[5 1],4,-1,27,-1,4
1,<environment.Job instance at 0x7f3a67a07f50>,6,28,[ 5 13],7,-1,35,-1,7
1,<environment.Job instance at 0x7f3a67a07780>,8,18,[12  4],9,-1,27,-1,9
1,<environment.Job instance at 0x7f3a691837d0>,9,17,[ 3 11],10,-1,27,-1,10
1,<environment.Job instance at 0x7f3a69183230>,10,15,[ 5 11],11,-1,26,-1,11
1,<environment.Job instance at 0x7f3a69183960>,11,28,[ 2 11],12,-1,40,-1,12
1,<environment.Job instance at 0x7f3a67a07140>,13,12,[11  3],14,-1,26,-1,14
1,<environment.Job instance at 0x7f3a69183820>,14,26,[ 4 12],15,-1,41,-1,15
1,<environment.Job instance at 0x7f3a69183730>,15,12,[ 4 12],16,-1,28,-1,16
1,<environment.Job instance at 0x7f3a69183460>,16,24,[5 2],17,-1,41,-1,17
1,<environment.Job instance at 0x7f3a69183910>,17,18,[14  4],18,-1,36,-1,18
1,<environment.Job instance at 0x7f3a69183410>,18,12,[11  2],19,-1,31,-1,19
1,<environment.Job instance at 0x7f3a69183be0>,19,15,[ 2 12],20,-1,35,-1,20
1,<environment.Job instance at 0x7f3a69183050>,21,28,[13  2],22,-1,50,-1,22
1,<environment.Job instance at 0x7f3a69183dc0>,12,23,[5 5],13,-1,46,-1,23
1,<environment.Job instance at 0x7f3a691830f0>,24,27,[3 6],25,-1,52,-1,25
1,<environment.Job instance at 0x7f3a69183a50>,27,28,[13  2],28,-1,68,-1,40
1,<environment.Job instance at 0x7f3a69183d70>,29,28,[1 5],30,-1,70,-1,42
1,<environment.Job instance at 0x7f3a690d5eb0>,30,14,[13  2],31,-1,56,-1,42
1,<environment.Job instance at 0x7f3a690d5f00>,31,13,[11  3],32,-1,55,-1,42
1,<environment.Job instance at 0x7f3a690d5c80>,33,24,[ 3 12],34,-1,66,-1,42
1,<environment.Job instance at 0x7f3a690d5640>,34,20,[ 5 12],35,-1,62,-1,42
1,<environment.Job instance at 0x7f3a690d5280>,38,27,[14  2],39,-1,82,-1,55
1,<environment.Job instance at 0x7f3a690d58c0>,39,17,[ 5 12],40,-1,72,-1,55
1,<environment.Job instance at 0x7f3a690d5c30>,41,24,[11  5],42,-1,79,-1,55
1,<environment.Job instance at 0x7f3a690d5550>,45,16,[12  5],46,-1,103,-1,87
1,<environment.Job instance at 0x7f3a68648960>,47,25,[3 6],48,-1,113,-1,88
1,<environment.Job instance at 0x7f3a68648870>,48,23,[ 2 12],49,-1,111,-1,88
1,<environment.Job instance at 0x7f3a68648e10>,49,14,[14  4],50,-1,102,-1,88
1,<environment.Job instance at 0x7f3a68648af0>,50,17,[ 3 14],51,-1,105,-1,88
1,<environment.Job instance at 0x7f3a690d57d0>,43,23,[9 3],44,-1,111,-1,88
1,<environment.Job instance at 0x7f3a680ec910>,53,22,[13  1],54,-1,110,-1,88
1,<environment.Job instance at 0x7f3a680ea9b0>,54,13,[ 1 13],55,-1,101,-1,88
1,<environment.Job instance at 0x7f3a67da3be0>,55,17,[14  3],56,-1,105,-1,88
1,<environment.Job instance at 0x7f3a68149a00>,57,23,[13  2],58,-1,111,-1,88
1,<environment.Job instance at 0x7f3a67979820>,58,14,[12  4],59,-1,102,-1,88
1,<environment.Job instance at 0x7f3a6824b9b0>,60,24,[14  1],61,-1,112,-1,88
1,<environment.Job instance at 0x7f3a6824b0a0>,61,24,[ 4 14],62,-1,112,-1,88
1,<environment.Job instance at 0x7f3a67c4cb40>,62,25,[14  2],63,-1,113,-1,88
1,<environment.Job instance at 0x7f3a67ccb960>,7,28,[3 8],8,-1,49,-1,21
1,<environment.Job instance at 0x7f3a67ccb0f0>,8,16,[ 4 14],9,-1,40,-1,24
1,<environment.Job instance at 0x7f3a67cca910>,13,16,[1 9],14,-1,41,-1,25
1,<environment.Job instance at 0x7f3a67ccbcd0>,3,15,[ 4 11],4,-1,71,-1,56
1,<environment.Job instance at 0x7f3a67ccaf50>,19,16,[9 4],20,-1,72,-1,56
1,<environment.Job instance at 0x7f3a6801b820>,0,14,[11  1],1,-1,15,-1,1
1,<environment.Job instance at 0x7f3a6801b1e0>,1,21,[14  1],2,-1,23,-1,2
1,<environment.Job instance at 0x7f3a6801bb90>,2,24,[5 5],3,-1,27,-1,3
1,<environment.Job instance at 0x7f3a6801bf50>,3,15,[ 4 11],4,-1,19,-1,4
1,<environment.Job instance at 0x7f3a71855370>,4,22,[14  4],5,-1,27,-1,5
1,<environment.Job instance at 0x7f3a71855730>,6,23,[12  1],7,-1,30,-1,7
1,<environment.Job instance at 0x7f3a71855460>,7,28,[3 8],8,-1,36,-1,8
1,<environment.Job instance at 0x7f3a718550a0>,8,16,[ 4 14],9,-1,25,-1,9
1,<environment.Job instance at 0x7f3a68bab730>,10,16,[ 2 12],11,-1,27,-1,11
1,<environment.Job instance at 0x7f3a68bab640>,11,17,[13  4],12,-1,29,-1,12
1,<environment.Job instance at 0x7f3a68bab960>,14,13,[ 2 12],15,-1,28,-1,15
1,<environment.Job instance at 0x7f3a68bab870>,15,18,[14  4],16,-1,34,-1,16
1,<environment.Job instance at 0x7f3a679a2f00>,18,25,[12  5],19,-1,44,-1,19
1,<environment.Job instance at 0x7f3a6839c9b0>,20,26,[ 5 13],21,-1,54,-1,28
1,<environment.Job instance at 0x7f3a67c4c370>,21,16,[ 2 12],22,-1,44,-1,28
1,<environment.Job instance at 0x7f3a68c5e820>,22,23,[7 2],23,-1,51,-1,28
1,<environment.Job instance at 0x7f3a679798c0>,23,24,[10  3],24,-1,52,-1,28
1,<environment.Job instance at 0x7f3a67da3be0>,25,25,[11  1],26,-1,53,-1,28
1,<environment.Job instance at 0x7f3a6824b0a0>,24,25,[1 9],25,-1,56,-1,31
1,<environment.Job instance at 0x7f3a68664af0>,27,26,[2 9],28,-1,57,-1,31
1,<environment.Job instance at 0x7f3a68149910>,28,26,[5 5],29,-1,57,-1,31
1,<environment.Job instance at 0x7f3a680ec910>,29,21,[13  1],30,-1,52,-1,31
1,<environment.Job instance at 0x7f3a680ea9b0>,26,25,[6 4],27,-1,56,-1,31
1,<environment.Job instance at 0x7f3a690d5d20>,31,22,[12  5],32,-1,54,-1,32
1,<environment.Job instance at 0x7f3a690d52d0>,34,23,[10  4],35,-1,78,-1,55
1,<environment.Job instance at 0x7f3a690d5320>,36,19,[ 3 12],37,-1,74,-1,55
1,<environment.Job instance at 0x7f3a690d5870>,35,25,[6 5],36,-1,80,-1,55
1,<environment.Job instance at 0x7f3a690d5d70>,38,21,[13  4],39,-1,76,-1,55
1,<environment.Job instance at 0x7f3a690d5c80>,40,21,[ 4 14],41,-1,76,-1,55
1,<environment.Job instance at 0x7f3a690d5f00>,41,23,[ 2 11],42,-1,78,-1,55
1,<environment.Job instance at 0x7f3a690d5aa0>,42,24,[13  5],43,-1,79,-1,55
1,<environment.Job instance at 0x7f3a690d5eb0>,43,27,[ 3 13],44,-1,82,-1,55
1,<environment.Job instance at 0x7f3a690d5410>,44,12,[ 2 13],45,-1,67,-1,55
1,<environment.Job instance at 0x7f3a69183a50>,45,26,[6 1],46,-1,81,-1,55
1,<environment.Job instance at 0x7f3a691832d0>,47,21,[ 2 13],48,-1,76,-1,55
1,<environment.Job instance at 0x7f3a69183cd0>,48,22,[12  4],49,-1,77,-1,55
1,<environment.Job instance at 0x7f3a690d5910>,37,25,[ 2 10],38,-1,83,-1,58
1,<environment.Job instance at 0x7f3a69183370>,50,15,[11  4],51,-1,73,-1,58
1,<environment.Job instance at 0x7f3a69183d20>,51,13,[ 2 14],52,-1,71,-1,58
1,<environment.Job instance at 0x7f3a691831e0>,53,26,[14  1],54,-1,84,-1,58
1,<environment.Job instance at 0x7f3a69183640>,54,16,[ 2 14],55,-1,74,-1,58
1,<environment.Job instance at 0x7f3a69183690>,56,13,[11  1],57,-1,80,-1,67
1,<environment.Job instance at 0x7f3a69183320>,58,16,[13  3],59,-1,88,-1,72
1,<environment.Job instance at 0x7f3a69183b90>,60,22,[13  2],61,-1,104,-1,82
1,<environment.Job instance at 0x7f3a69183960>,61,23,[11  1],62,-1,105,-1,82
1,<environment.Job instance at 0x7f3a69183e10>,62,19,[11  4],63,-1,101,-1,82
1,<environment.Job instance at 0x7f3a69183230>,64,19,[13  1],65,-1,103,-1,84
1,<environment.Job instance at 0x7f3a68932fa0>,65,20,[ 5 11],66,-1,104,-1,84
1,<environment.Job instance at 0x7f3a68932f00>,66,17,[ 3 14],67,-1,101,-1,84
1,<environment.Job instance at 0x7f3a68932f50>,67,13,[ 1 12],68,-1,97,-1,84
1,<environment.Job instance at 0x7f3a689324b0>,68,18,[14  2],69,-1,102,-1,84
1,<environment.Job instance at 0x7f3a689327d0>,70,25,[12  4],71,-1,109,-1,84
1,<environment.Job instance at 0x7f3a6878cbe0>,6,14,[13  4],7,-1,25,-1,11
1,<environment.Job instance at 0x7f3a68011550>,10,20,[ 5 12],11,-1,31,-1,11
1,<environment.Job instance at 0x7f3a68011aa0>,11,24,[9 4],12,-1,36,-1,12
1,<environment.Job instance at 0x7f3a6878c320>,7,17,[4 8],8,-1,29,-1,12
1,<environment.Job instance at 0x7f3a68011910>,12,26,[5 5],13,-1,39,-1,13
1,<environment.Job instance at 0x7f3a68011820>,13,15,[ 1 10],14,-1,29,-1,14
1,<environment.Job instance at 0x7f3a68011190>,15,20,[4 6],16,-1,36,-1,16
1,<environment.Job instance at 0x7f3a680115f0>,14,12,[7 4],15,-1,29,-1,17
1,<environment.Job instance at 0x7f3a68588960>,0,27,[12  5],1,-1,28,-1,1
1,<environment.Job instance at 0x7f3a67cc2910>,1,17,[ 5 12],2,-1,19,-1,2
1,<environment.Job instance at 0x7f3a690d5aa0>,3,21,[12  2],4,-1,25,-1,4
1,<environment.Job instance at 0x7f3a690d5b90>,4,14,[11  1],5,-1,19,-1,5
1,<environment.Job instance at 0x7f3a690d5f00>,5,23,[ 3 13],6,-1,29,-1,6
1,<environment.Job instance at 0x7f3a690d5a50>,6,14,[13  4],7,-1,21,-1,7
1,<environment.Job instance at 0x7f3a685889b0>,9,14,[13  4],10,-1,24,-1,10
1,<environment.Job instance at 0x7f3a690d58c0>,10,20,[ 5 12],11,-1,31,-1,11
1,<environment.Job instance at 0x7f3a690d55f0>,12,26,[5 5],13,-1,39,-1,13
1,<environment.Job instance at 0x7f3a68c5ee10>,16,18,[12  1],17,-1,35,-1,17
1,<environment.Job instance at 0x7f3a68de3e60>,17,14,[ 4 14],18,-1,32,-1,18
1,<environment.Job instance at 0x7f3a690d5d20>,11,24,[9 4],12,-1,49,-1,25
1,<environment.Job instance at 0x7f3a68149a00>,19,23,[9 1],20,-1,48,-1,25
1,<environment.Job instance at 0x7f3a68149eb0>,20,12,[13  2],21,-1,37,-1,25
1,<environment.Job instance at 0x7f3a6878c4b0>,21,15,[14  4],22,-1,40,-1,25
1,<environment.Job instance at 0x7f3a6878c820>,22,24,[5 3],23,-1,49,-1,25
1,<environment.Job instance at 0x7f3a6878cd20>,23,17,[14  4],24,-1,42,-1,25
1,<environment.Job instance at 0x7f3a680258c0>,25,16,[12  2],26,-1,42,-1,26
1,<environment.Job instance at 0x7f3a68025190>,26,13,[ 4 14],27,-1,40,-1,27
1,<environment.Job instance at 0x7f3a690d51e0>,8,27,[ 1 10],9,-1,63,-1,36
1,<environment.Job instance at 0x7f3a68025820>,29,13,[14  3],30,-1,49,-1,36
1,<environment.Job instance at 0x7f3a6827a410>,31,28,[12  2],32,-1,64,-1,36
1,<environment.Job instance at 0x7f3a6827a0f0>,32,24,[12  5],33,-1,60,-1,36
1,<environment.Job instance at 0x7f3a6827a5f0>,34,12,[11  5],35,-1,49,-1,37
1,<environment.Job instance at 0x7f3a6827a870>,37,14,[ 5 11],38,-1,66,-1,52
1,<environment.Job instance at 0x7f3a6827a1e0>,38,17,[ 3 14],39,-1,69,-1,52
1,<environment.Job instance at 0x7f3a68004e60>,39,23,[7 5],40,-1,87,-1,64
1,<environment.Job instance at 0x7f3a68004eb0>,41,23,[1 5],42,-1,87,-1,64
1,<environment.Job instance at 0x7f3a680049b0>,43,26,[ 1 11],44,-1,90,-1,64
1,<environment.Job instance at 0x7f3a68004550>,44,12,[13  4],45,-1,76,-1,64
1,<environment.Job instance at 0x7f3a680040a0>,46,15,[ 1 11],47,-1,79,-1,64
1,<environment.Job instance at 0x7f3a68004640>,48,24,[13  4],49,-1,94,-1,70
1,<environment.Job instance at 0x7f3a68004910>,50,19,[14  4],51,-1,98,-1,79
1,<environment.Job instance at 0x7f3a680044b0>,52,24,[9 5],53,-1,103,-1,79
1,<environment.Job instance at 0x7f3a68004f00>,53,24,[10  3],54,-1,103,-1,79
1,<environment.Job instance at 0x7f3a68004aa0>,54,13,[13  4],55,-1,92,-1,79
1,<environment.Job instance at 0x7f3a68004320>,55,24,[ 1 10],56,-1,110,-1,86
1,<environment.Job instance at 0x7f3a68004fa0>,59,15,[14  5],60,-1,101,-1,86
1,<environment.Job instance at 0x7f3a6800e4b0>,60,13,[11  1],61,-1,99,-1,86
1,<environment.Job instance at 0x7f3a6800e410>,61,17,[14  5],62,-1,103,-1,86
1,<environment.Job instance at 0x7f3a6800e230>,62,14,[13  2],63,-1,100,-1,86
1,<environment.Job instance at 0x7f3a6800eb90>,63,16,[ 5 13],64,-1,102,-1,86
1,<environment.Job instance at 0x7f3a6800e9b0>,64,28,[14  3],65,-1,114,-1,86
1,<environment.Job instance at 0x7f3a6800e690>,65,16,[14  2],66,-1,102,-1,86
1,<environment.Job instance at 0x7f3a6800ef00>,66,13,[ 3 13],67,-1,99,-1,86
1,<environment.Job instance at 0x7f3a6800ee10>,67,28,[ 1 11],68,-1,114,-1,86
1,<environment.Job instance at 0x7f3a6800ec30>,68,24,[5 5],69,-1,115,-1,91
1,<environment.Job instance at 0x7f3a6800e500>,69,18,[13  5],70,-1,109,-1,91
1,<environment.Job instance at 0x7f3a680043c0>,58,27,[8 2],59,-1,125,-1,98
1,<environment.Job instance at 0x7f3a6800e6e0>,71,14,[ 5 14],72,-1,112,-1,98
1,<environment.Job instance at 0x7f3a6800e0f0>,72,16,[13  3],73,-1,114,-1,98
1,<environment.Job instance at 0x7f3a6800e910>,73,20,[11  1],74,-1,118,-1,98
1,<environment.Job instance at 0x7f3a6800e960>,75,12,[ 2 14],76,-1,110,-1,98
1,<environment.Job instance at 0x7f3a68b05c80>,6,23,[5 5],7,-1,30,-1,7
1,<environment.Job instance at 0x7f3a68ace050>,7,20,[5 3],8,-1,29,-1,9
1,<environment.Job instance at 0x7f3a67ffc5a0>,0,15,[ 4 12],1,-1,16,-1,1
1,<environment.Job instance at 0x7f3a67ffcdc0>,5,28,[ 4 11],6,-1,34,-1,6
1,<environment.Job instance at 0x7f3a67ffcc80>,8,19,[ 2 11],9,-1,28,-1,9
1,<environment.Job instance at 0x7f3a67ffca00>,9,12,[14  5],10,-1,22,-1,10
1,<environment.Job instance at 0x7f3a67ffcd20>,12,18,[ 5 12],13,-1,31,-1,13
1,<environment.Job instance at 0x7f3a67ffceb0>,13,25,[11  3],14,-1,39,-1,14
1,<environment.Job instance at 0x7f3a67ffcd70>,14,16,[ 4 12],15,-1,31,-1,15
1,<environment.Job instance at 0x7f3a6800e050>,15,20,[ 5 11],16,-1,36,-1,16
1,<environment.Job instance at 0x7f3a6800e5f0>,16,23,[12  5],17,-1,40,-1,17
1,<environment.Job instance at 0x7f3a6800e1e0>,17,26,[12  3],18,-1,44,-1,18
1,<environment.Job instance at 0x7f3a67ffc780>,6,23,[5 5],7,-1,46,-1,23
1,<environment.Job instance at 0x7f3a67ffc370>,19,26,[ 3 13],20,-1,49,-1,23
1,<environment.Job instance at 0x7f3a6800efa0>,20,23,[2 7],21,-1,46,-1,23
1,<environment.Job instance at 0x7f3a6800e0f0>,21,19,[14  5],22,-1,42,-1,23
1,<environment.Job instance at 0x7f3a6800ef50>,23,20,[ 4 13],24,-1,44,-1,24
1,<environment.Job instance at 0x7f3a6800edc0>,24,28,[12  1],25,-1,53,-1,25
1,<environment.Job instance at 0x7f3a6800e730>,26,13,[14  2],27,-1,40,-1,27
1,<environment.Job instance at 0x7f3a67ffcf00>,10,27,[10  1],11,-1,66,-1,39
1,<environment.Job instance at 0x7f3a6800e0a0>,29,26,[11  5],30,-1,65,-1,39
1,<environment.Job instance at 0x7f3a6800e820>,30,21,[13  3],31,-1,60,-1,39
1,<environment.Job instance at 0x7f3a6800e5a0>,31,27,[13  4],32,-1,66,-1,39
1,<environment.Job instance at 0x7f3a6800e410>,32,24,[8 1],33,-1,63,-1,39
1,<environment.Job instance at 0x7f3a68004690>,34,14,[ 3 14],35,-1,53,-1,39
1,<environment.Job instance at 0x7f3a68004320>,36,20,[ 4 13],37,-1,59,-1,39
1,<environment.Job instance at 0x7f3a68004aa0>,37,12,[14  3],38,-1,51,-1,39
1,<environment.Job instance at 0x7f3a68004410>,39,21,[13  1],40,-1,61,-1,40
1,<environment.Job instance at 0x7f3a68004f00>,38,26,[5 1],39,-1,70,-1,44
1,<environment.Job instance at 0x7f3a680044b0>,41,22,[13  4],42,-1,66,-1,44
1,<environment.Job instance at 0x7f3a680045a0>,42,24,[1 8],43,-1,79,-1,55
1,<environment.Job instance at 0x7f3a68004d70>,49,26,[7 5],50,-1,109,-1,83
1,<environment.Job instance at 0x7f3a68004050>,50,14,[ 5 12],51,-1,97,-1,83
1,<environment.Job instance at 0x7f3a680042d0>,52,26,[ 3 10],53,-1,109,-1,83
1,<environment.Job instance at 0x7f3a6827a870>,53,27,[1 8],54,-1,110,-1,83
1,<environment.Job instance at 0x7f3a6827aeb0>,54,20,[13  5],55,-1,103,-1,83
1,<environment.Job instance at 0x7f3a6827a0f0>,55,23,[5 7],56,-1,106,-1,83
1,<environment.Job instance at 0x7f3a6827a410>,57,15,[12  4],58,-1,98,-1,83
1,<environment.Job instance at 0x7fdf4e16cb90>,2,20,[7 4],3,-1,24,-1,4
1,<environment.Job instance at 0x7fdf577b68c0>,3,13,[12  4],4,-1,17,-1,4
1,<environment.Job instance at 0x7fdf4e17c690>,3,13,[12  4],4,-1,17,-1,4
1,<environment.Job instance at 0x7fdf4e17c870>,5,24,[ 2 14],6,-1,30,-1,6
1,<environment.Job instance at 0x7fdf4e17c910>,6,15,[ 2 14],7,-1,22,-1,7
1,<environment.Job instance at 0x7fdf4e17c960>,8,20,[ 4 13],9,-1,29,-1,9
1,<environment.Job instance at 0x7fdf4e17ca00>,9,16,[12  1],10,-1,26,-1,10
1,<environment.Job instance at 0x7fdf4e17c820>,4,24,[7 2],5,-1,42,-1,18
1,<environment.Job instance at 0x7fdf4e17cb90>,12,28,[ 1 14],13,-1,46,-1,18
1,<environment.Job instance at 0x7fdf4e17c500>,14,15,[14  4],15,-1,33,-1,18
1,<environment.Job instance at 0x7fdf4e17cd20>,15,20,[ 3 12],16,-1,38,-1,18
1,<environment.Job instance at 0x7fdf4e17c320>,1,24,[10  1],2,-1,47,-1,23
1,<environment.Job instance at 0x7fdf4e17cfa0>,17,19,[12  4],18,-1,42,-1,23
1,<environment.Job instance at 0x7fdf577fc910>,18,18,[13  1],19,-1,41,-1,23
1,<environment.Job instance at 0x7fdf4e1ab410>,19,23,[8 4],20,-1,46,-1,23
1,<environment.Job instance at 0x7fdf4e167460>,20,17,[ 2 14],21,-1,40,-1,23
1,<environment.Job instance at 0x7fdf4e275a00>,21,14,[ 4 11],22,-1,37,-1,23
1,<environment.Job instance at 0x7fdf4e17c9b0>,7,26,[9 3],8,-1,49,-1,23
1,<environment.Job instance at 0x7fdf4e17cdc0>,16,28,[5 1],17,-1,51,-1,23
1,<environment.Job instance at 0x7fdf4e30ccd0>,23,16,[12  2],24,-1,40,-1,24
1,<environment.Job instance at 0x7fdf4e164aa0>,27,17,[ 4 12],28,-1,50,-1,33
1,<environment.Job instance at 0x7fdf4e164a00>,28,17,[ 1 13],29,-1,50,-1,33
1,<environment.Job instance at 0x7fdf4e164e60>,29,24,[ 4 13],30,-1,57,-1,33
1,<environment.Job instance at 0x7fdf4e164910>,30,26,[11  4],31,-1,59,-1,33
1,<environment.Job instance at 0x7fdf4e164a50>,31,28,[ 2 10],32,-1,61,-1,33
1,<environment.Job instance at 0x7fdf4e2f5c30>,25,24,[5 7],26,-1,57,-1,33
1,<environment.Job instance at 0x7fdf4e27aaf0>,33,28,[6 4],34,-1,64,-1,36
1,<environment.Job instance at 0x7fdf4e2e3280>,34,24,[5 5],35,-1,60,-1,36
1,<environment.Job instance at 0x7fdf4e291730>,37,14,[ 5 14],38,-1,52,-1,38
1,<environment.Job instance at 0x7fdf4e30e4b0>,38,24,[13  2],39,-1,63,-1,39
1,<environment.Job instance at 0x7fdf4e297fa0>,40,26,[ 1 14],41,-1,71,-1,45
1,<environment.Job instance at 0x7fdf4e2a37d0>,42,12,[ 5 12],43,-1,57,-1,45
1,<environment.Job instance at 0x7fdf4e28c640>,44,12,[11  3],45,-1,64,-1,52
1,<environment.Job instance at 0x7fdf4e28caa0>,45,12,[ 3 14],46,-1,64,-1,52
1,<environment.Job instance at 0x7fdf4e2880a0>,47,14,[12  2],48,-1,71,-1,57
1,<environment.Job instance at 0x7fdf4e2defa0>,48,14,[ 1 11],49,-1,71,-1,57
1,<environment.Job instance at 0x7fdf4e211320>,50,13,[ 4 12],51,-1,81,-1,68
1,<environment.Job instance at 0x7fdf4e314aa0>,52,21,[14  2],53,-1,89,-1,68
1,<environment.Job instance at 0x7fdf4e314c80>,55,12,[ 2 12],56,-1,99,-1,87
1,<environment.Job instance at 0x7fdf4e22e370>,57,16,[ 2 11],58,-1,104,-1,88
1,<environment.Job instance at 0x7fdf4e22e2d0>,58,17,[ 3 13],59,-1,105,-1,88
1,<environment.Job instance at 0x7fdf4e22e050>,60,28,[2 6],61,-1,116,-1,88
1,<environment.Job instance at 0x7fdf4e22e230>,61,23,[13  5],62,-1,111,-1,88
1,<environment.Job instance at 0x7fdf4e22e5f0>,62,14,[ 4 11],63,-1,102,-1,88
1,<environment.Job instance at 0x7fdf4e22e910>,64,24,[2 8],65,-1,112,-1,88
1,<environment.Job instance at 0x7fdf4e22eb90>,65,26,[5 5],66,-1,126,-1,100
1,<environment.Job instance at 0x7fdf4e22ed70>,66,17,[ 4 12],67,-1,117,-1,100
1,<environment.Job instance at 0x7fdf4e2a0820>,69,26,[1 7],70,-1,126,-1,100
1,<environment.Job instance at 0x7fdf4d8b9e10>,11,27,[ 4 11],12,-1,50,-1,23
1,<environment.Job instance at 0x7fdf4d8ba550>,9,20,[4 9],10,-1,43,-1,23
1,<environment.Job instance at 0x7fdf4d8b92d0>,13,26,[5 2],14,-1,49,-1,23
1,<environment.Job instance at 0x7fdf4d8b9d70>,8,15,[ 4 10],9,-1,39,-1,24
1,<environment.Job instance at 0x7fdf4d8b9870>,15,21,[10  1],16,-1,59,-1,38
1,<environment.Job instance at 0x7fdf4d8ba2d0>,2,17,[12  4],3,-1,55,-1,38
1,<environment.Job instance at 0x7fdf4d8aeb40>,18,26,[1 6],19,-1,66,-1,40
1,<environment.Job instance at 0x7fdf4d8aed20>,20,21,[5 4],21,-1,63,-1,42
1,<environment.Job instance at 0x7fdf4d8ae500>,25,17,[ 5 12],26,-1,100,-1,83
1,<environment.Job instance at 0x7fdf4d8b9910>,14,18,[13  5],15,-1,114,-1,96
1,<environment.Job instance at 0x7fdf4dbb99b0>,30,24,[6 5],31,-1,121,-1,97
1,<environment.Job instance at 0x7fdf4d8aefa0>,16,27,[12  1],17,-1,124,-1,97
1,<environment.Job instance at 0x7fdf4da516e0>,32,23,[ 3 11],33,-1,120,-1,97
1,<environment.Job instance at 0x7fdf4da19f50>,37,21,[9 2],38,-1,128,-1,107
1,<environment.Job instance at 0x7fdf4d990a00>,0,27,[ 3 11],1,-1,28,-1,1
1,<environment.Job instance at 0x7fdf4d9908c0>,1,23,[5 1],2,-1,25,-1,2
1,<environment.Job instance at 0x7fdf4d990910>,2,17,[12  4],3,-1,20,-1,3
1,<environment.Job instance at 0x7fdf4d9959b0>,5,19,[14  5],6,-1,25,-1,6
1,<environment.Job instance at 0x7fdf4d9957d0>,10,17,[ 4 12],11,-1,28,-1,11
1,<environment.Job instance at 0x7fdf4d999460>,11,27,[ 4 11],12,-1,39,-1,12
1,<environment.Job instance at 0x7fdf4da883c0>,7,26,[5 4],8,-1,42,-1,16
1,<environment.Job instance at 0x7fdf4d921190>,14,18,[13  5],15,-1,34,-1,16
1,<environment.Job instance at 0x7fdf4d999410>,13,26,[5 2],14,-1,42,-1,16
1,<environment.Job instance at 0x7fdf4d921960>,16,27,[12  1],17,-1,44,-1,17
1,<environment.Job instance at 0x7fdf4d924230>,17,20,[13  4],18,-1,38,-1,18
1,<environment.Job instance at 0x7fdf4d924190>,19,14,[13  2],20,-1,34,-1,20
1,<environment.Job instance at 0x7fdf4d924140>,21,27,[13  4],22,-1,51,-1,24
1,<environment.Job instance at 0x7fdf4d929c80>,22,21,[14  2],23,-1,45,-1,24
1,<environment.Job instance at 0x7fdf4d924500>,18,26,[1 6],19,-1,50,-1,24
1,<environment.Job instance at 0x7fdf4d92caa0>,25,17,[ 5 12],26,-1,43,-1,26
1,<environment.Job instance at 0x7fdf4d92cb40>,24,26,[4 7],25,-1,62,-1,36
1,<environment.Job instance at 0x7fdf4d92cbe0>,27,15,[14  4],28,-1,51,-1,36
1,<environment.Job instance at 0x7fdf4d9340a0>,30,24,[6 5],31,-1,72,-1,48
1,<environment.Job instance at 0x7fdf4d937370>,32,23,[ 3 11],33,-1,71,-1,48
1,<environment.Job instance at 0x7fdf4da8ea50>,33,14,[ 3 12],34,-1,62,-1,48
1,<environment.Job instance at 0x7fdf4d937640>,34,15,[ 2 13],35,-1,63,-1,48
1,<environment.Job instance at 0x7fdf4d937820>,35,26,[7 2],36,-1,74,-1,48
1,<environment.Job instance at 0x7fdf4d92f640>,36,20,[13  4],37,-1,68,-1,48
1,<environment.Job instance at 0x7fdf4d93b190>,40,24,[ 2 13],41,-1,89,-1,65
1,<environment.Job instance at 0x7fdf4d93b1e0>,41,28,[7 1],42,-1,93,-1,65
1,<environment.Job instance at 0x7fdf4d93b230>,43,27,[9 2],44,-1,103,-1,76
1,<environment.Job instance at 0x7fdf4db0b960>,44,26,[12  4],45,-1,102,-1,76
1,<environment.Job instance at 0x7fdf4d92f550>,39,28,[3 8],40,-1,104,-1,76
1,<environment.Job instance at 0x7fdf4db8dc80>,47,25,[ 3 13],48,-1,101,-1,76
1,<environment.Job instance at 0x7fdf4db8fd70>,48,24,[12  5],49,-1,100,-1,76
1,<environment.Job instance at 0x7fdf4d9cf8c0>,49,25,[ 2 11],50,-1,101,-1,76
1,<environment.Job instance at 0x7fdf4d9400f0>,50,26,[5 4],51,-1,103,-1,77
1,<environment.Job instance at 0x7fdf4d9400a0>,51,23,[ 3 14],52,-1,100,-1,77
1,<environment.Job instance at 0x7fdf4dab69b0>,53,17,[13  1],54,-1,94,-1,77
1,<environment.Job instance at 0x7fdf4d963280>,55,16,[11  3],56,-1,93,-1,77
1,<environment.Job instance at 0x7fdf4d971190>,56,24,[13  4],57,-1,101,-1,77
1,<environment.Job instance at 0x7fdf4d971c30>,57,18,[14  2],58,-1,95,-1,77
1,<environment.Job instance at 0x7fdf4d971960>,59,17,[14  3],60,-1,94,-1,77
1,<environment.Job instance at 0x7fdf4d971b40>,60,24,[ 4 11],61,-1,101,-1,77
1,<environment.Job instance at 0x7fdf4d971280>,64,25,[14  5],65,-1,128,-1,103
1,<environment.Job instance at 0x7fdf4d943d20>,65,24,[3 7],66,-1,130,-1,106
1,<environment.Job instance at 0x7fdf4d9435f0>,67,17,[11  1],68,-1,123,-1,106
1,<environment.Job instance at 0x7fdf4d943dc0>,68,27,[ 3 13],69,-1,133,-1,106
1,<environment.Job instance at 0x7fdf4d76e870>,0,23,[1 9],1,-1,25,-1,2
1,<environment.Job instance at 0x7fdf4d75c0a0>,0,23,[1 9],1,-1,24,-1,1
1,<environment.Job instance at 0x7fdf4d75c140>,1,17,[14  5],2,-1,19,-1,2
1,<environment.Job instance at 0x7fdf4d7d6280>,2,25,[4 8],3,-1,28,-1,3
1,<environment.Job instance at 0x7fdf4d7d6fa0>,3,25,[11  3],4,-1,29,-1,4
1,<environment.Job instance at 0x7fdf4d7d6500>,4,15,[14  2],5,-1,20,-1,5
1,<environment.Job instance at 0x7fdf4d7d6a50>,5,18,[11  1],6,-1,24,-1,6
1,<environment.Job instance at 0x7fdf4d7d6dc0>,7,17,[12  1],8,-1,25,-1,8
1,<environment.Job instance at 0x7fdf4d7d6190>,8,20,[12  2],9,-1,29,-1,9
1,<environment.Job instance at 0x7fdf4d76e820>,11,13,[ 4 11],12,-1,25,-1,12
1,<environment.Job instance at 0x7fdf4d7d6d70>,12,16,[14  3],13,-1,29,-1,13
1,<environment.Job instance at 0x7fdf4d7d6320>,15,14,[ 1 13],16,-1,30,-1,16
1,<environment.Job instance at 0x7fdf4d7d3140>,18,19,[13  1],19,-1,41,-1,22
1,<environment.Job instance at 0x7fdf4d7d3d70>,19,20,[ 1 12],20,-1,42,-1,22
1,<environment.Job instance at 0x7fdf4d7d3dc0>,21,24,[7 2],22,-1,46,-1,22
1,<environment.Job instance at 0x7fdf4d7d3f50>,22,13,[ 5 11],23,-1,36,-1,23
1,<environment.Job instance at 0x7fdf4d7d35a0>,23,13,[14  1],24,-1,37,-1,24
1,<environment.Job instance at 0x7fdf4d7d3640>,24,12,[ 5 12],25,-1,37,-1,25
1,<environment.Job instance at 0x7fdf4d7d37d0>,28,27,[ 4 13],29,-1,56,-1,29
1,<environment.Job instance at 0x7fdf4d7d3f00>,29,14,[12  3],30,-1,44,-1,30
1,<environment.Job instance at 0x7fdf4d7d31e0>,30,27,[11  1],31,-1,58,-1,31
1,<environment.Job instance at 0x7fdf4d7d3500>,27,27,[6 1],28,-1,62,-1,35
1,<environment.Job instance at 0x7fdf4d7d3410>,31,24,[6 2],32,-1,59,-1,35
1,<environment.Job instance at 0x7fdf4d7d0e60>,34,23,[1 8],35,-1,58,-1,35
1,<environment.Job instance at 0x7fdf4d7d0190>,35,27,[ 5 14],36,-1,63,-1,36
1,<environment.Job instance at 0x7fdf4d7d08c0>,37,27,[5 1],38,-1,75,-1,48
1,<environment.Job instance at 0x7fdf4d7d0af0>,38,26,[ 2 13],39,-1,74,-1,48
1,<environment.Job instance at 0x7fdf4d7d01e0>,39,28,[14  4],40,-1,76,-1,48
1,<environment.Job instance at 0x7fdf4d7d0870>,40,27,[3 9],41,-1,75,-1,48
1,<environment.Job instance at 0x7fdf4d7d05f0>,41,20,[ 4 11],42,-1,68,-1,48
1,<environment.Job instance at 0x7fdf4d7d0b40>,42,15,[14  1],43,-1,63,-1,48
1,<environment.Job instance at 0x7fdf4d79f1e0>,44,27,[1 5],45,-1,75,-1,48
1,<environment.Job instance at 0x7fdf4d79f690>,45,26,[11  3],46,-1,74,-1,48
1,<environment.Job instance at 0x7fdf4d79f910>,46,25,[11  3],47,-1,73,-1,48
1,<environment.Job instance at 0x7fdf4d79f460>,49,25,[ 3 13],50,-1,89,-1,64
1,<environment.Job instance at 0x7fdf4d79fbe0>,50,19,[11  3],51,-1,83,-1,64
1,<environment.Job instance at 0x7fdf4d79f0a0>,52,13,[14  2],53,-1,90,-1,77
1,<environment.Job instance at 0x7fdf4d79ff00>,53,13,[ 5 11],54,-1,90,-1,77
1,<environment.Job instance at 0x7fdf4d79fd70>,54,18,[ 3 14],55,-1,95,-1,77
1,<environment.Job instance at 0x7fdf4d79fa00>,60,20,[11  2],61,-1,113,-1,93
1,<environment.Job instance at 0x7fdf4d813140>,61,26,[2 8],62,-1,134,-1,108
1,<environment.Job instance at 0x7fdf4d813960>,64,15,[11  2],65,-1,123,-1,108
1,<environment.Job instance at 0x7fdf4db80500>,0,28,[7 4],1,-1,29,-1,1
1,<environment.Job instance at 0x7fdf4db80460>,1,27,[4 6],2,-1,29,-1,2
1,<environment.Job instance at 0x7fdf4db80af0>,3,20,[4 9],4,-1,24,-1,4
1,<environment.Job instance at 0x7fdf4db80050>,6,21,[10  5],7,-1,28,-1,7
1,<environment.Job instance at 0x7fdf4db80b40>,11,26,[6 2],12,-1,38,-1,12
1,<environment.Job instance at 0x7fdf4db800a0>,12,23,[5 8],13,-1,36,-1,13
1,<environment.Job instance at 0x7fdf4db80c30>,13,17,[5 9],14,-1,31,-1,14
1,<environment.Job instance at 0x7fdf4db80140>,16,28,[5 6],17,-1,45,-1,17
1,<environment.Job instance at 0x7fdf4dc86cd0>,22,27,[1 8],23,-1,93,-1,66
1,<environment.Job instance at 0x7fdf4dc86730>,25,25,[5 2],26,-1,91,-1,66
1,<environment.Job instance at 0x7fdf4dc86780>,24,20,[14  3],25,-1,86,-1,66
1,<environment.Job instance at 0x7fdf4dcfcf00>,27,25,[ 2 14],28,-1,91,-1,66
1,<environment.Job instance at 0x7fdf4dcfc2d0>,26,24,[6 3],27,-1,90,-1,66
1,<environment.Job instance at 0x7fdf4d87c460>,0,28,[7 4],1,-1,29,-1,1
1,<environment.Job instance at 0x7fdf4d87ca50>,1,27,[4 6],2,-1,29,-1,2
1,<environment.Job instance at 0x7fdf4d87cc30>,5,27,[12  5],6,-1,33,-1,6
1,<environment.Job instance at 0x7fdf4d7d3320>,7,28,[11  5],8,-1,36,-1,8
1,<environment.Job instance at 0x7fdf4d7d34b0>,8,25,[14  5],9,-1,34,-1,9
1,<environment.Job instance at 0x7fdf4d7d3cd0>,9,26,[14  1],10,-1,36,-1,10
1,<environment.Job instance at 0x7fdf4d7d3be0>,10,17,[12  2],11,-1,28,-1,11
1,<environment.Job instance at 0x7fdf4d87c1e0>,12,23,[5 8],13,-1,39,-1,16
1,<environment.Job instance at 0x7fdf4d7d3eb0>,15,21,[ 4 14],16,-1,37,-1,16
1,<environment.Job instance at 0x7fdf4d7d38c0>,17,20,[ 2 11],18,-1,38,-1,18
1,<environment.Job instance at 0x7fdf4d7d3140>,18,13,[12  1],19,-1,32,-1,19
1,<environment.Job instance at 0x7fdf4d7d3b90>,19,12,[14  3],20,-1,32,-1,20
1,<environment.Job instance at 0x7fdf4d7d3730>,20,23,[ 4 11],21,-1,44,-1,21
1,<environment.Job instance at 0x7fdf4d7d3050>,21,14,[ 2 14],22,-1,36,-1,22
1,<environment.Job instance at 0x7fdf4d7d3f50>,16,28,[5 6],17,-1,56,-1,28
1,<environment.Job instance at 0x7fdf4d7d3910>,23,26,[7 4],24,-1,54,-1,28
1,<environment.Job instance at 0x7fdf4d7d6c30>,24,20,[14  3],25,-1,48,-1,28
1,<environment.Job instance at 0x7fdf4d7d6af0>,25,25,[5 2],26,-1,53,-1,28
1,<environment.Job instance at 0x7fdf4d7d6c80>,26,24,[6 3],27,-1,52,-1,28
1,<environment.Job instance at 0x7fdf4d7d6b90>,27,25,[ 2 14],28,-1,53,-1,28
1,<environment.Job instance at 0x7fdf4d7d33c0>,11,26,[6 2],12,-1,54,-1,28
1,<environment.Job instance at 0x7fdf4d7d6320>,22,27,[1 8],23,-1,55,-1,28
1,<environment.Job instance at 0x7fdf4d7d6fa0>,31,26,[14  3],32,-1,58,-1,32
1,<environment.Job instance at 0x7fdf4d7d6aa0>,32,27,[12  1],33,-1,60,-1,33
1,<environment.Job instance at 0x7fdf4d7d6280>,33,27,[ 3 11],34,-1,61,-1,34
1,<environment.Job instance at 0x7fdf4d7d6190>,34,15,[ 3 13],35,-1,50,-1,35
1,<environment.Job instance at 0x7fdf4d7d6910>,35,21,[ 5 12],36,-1,57,-1,36
1,<environment.Job instance at 0x7fdf4d7d60f0>,30,28,[8 2],31,-1,73,-1,45
1,<environment.Job instance at 0x7fdf4d7d6410>,37,23,[9 5],38,-1,68,-1,45
1,<environment.Job instance at 0x7fdf4db80eb0>,41,25,[12  5],42,-1,70,-1,45
1,<environment.Job instance at 0x7fdf4db80780>,42,24,[6 4],43,-1,69,-1,45
1,<environment.Job instance at 0x7fdf4db80d70>,43,19,[ 2 11],44,-1,64,-1,45
1,<environment.Job instance at 0x7fdf4dde9190>,44,23,[13  3],45,-1,68,-1,45
1,<environment.Job instance at 0x7fdf4dde9cd0>,48,26,[6 1],49,-1,96,-1,70
1,<environment.Job instance at 0x7fdf4dde9370>,50,24,[4 8],51,-1,95,-1,71
1,<environment.Job instance at 0x7fdf4dde9280>,47,25,[4 9],48,-1,98,-1,73
1,<environment.Job instance at 0x7fdf4dde9fa0>,53,24,[12  1],54,-1,97,-1,73
1,<environment.Job instance at 0x7fdf4dde9230>,54,17,[12  4],55,-1,90,-1,73
1,<environment.Job instance at 0x7fdf4dde98c0>,49,28,[5 9],50,-1,101,-1,73
1,<environment.Job instance at 0x7fdf4dde90a0>,56,27,[13  3],57,-1,100,-1,73
1,<environment.Job instance at 0x7fdf4dccb640>,58,17,[ 1 11],59,-1,90,-1,73
1,<environment.Job instance at 0x7fdf4dde96e0>,52,23,[10  5],53,-1,96,-1,73
1,<environment.Job instance at 0x7fdf4dccb500>,60,19,[12  4],61,-1,92,-1,73
1,<environment.Job instance at 0x7fdf4dccb370>,61,14,[ 5 12],62,-1,87,-1,73
1,<environment.Job instance at 0x7fdf4dccb190>,63,25,[8 3],64,-1,98,-1,73
1,<environment.Job instance at 0x7fdf4dccb320>,64,16,[ 2 11],65,-1,89,-1,73
1,<environment.Job instance at 0x7fdf4dccb8c0>,65,28,[ 3 11],66,-1,101,-1,73
1,<environment.Job instance at 0x7fdf4dccba50>,66,15,[13  4],67,-1,88,-1,73
1,<environment.Job instance at 0x7fdf4dccbfa0>,67,24,[2 7],68,-1,110,-1,86
1,<environment.Job instance at 0x7fdf4dccb5f0>,68,16,[14  5],69,-1,102,-1,86
1,<environment.Job instance at 0x7fdf4dccb230>,70,27,[14  3],71,-1,113,-1,86
1,<environment.Job instance at 0x7fdf4dc6cb40>,71,18,[ 1 14],72,-1,104,-1,86
1,<environment.Job instance at 0x7fdf4dc6caf0>,73,15,[11  2],74,-1,101,-1,86
1,<environment.Job instance at 0x7fdf4dc6c820>,74,13,[ 1 12],75,-1,99,-1,86
1,<environment.Job instance at 0x7fdf4dc6cc80>,76,28,[5 7],77,-1,130,-1,102
1,<environment.Job instance at 0x7fdf4dc6c1e0>,77,16,[ 4 11],78,-1,118,-1,102
1,<environment.Job instance at 0x7fdf4dc6ca00>,78,17,[13  3],79,-1,119,-1,102
1,<environment.Job instance at 0x7fdf4dc6c960>,79,22,[ 3 11],80,-1,124,-1,102
1,<environment.Job instance at 0x7fdf4d8bedc0>,81,13,[ 5 12],82,-1,115,-1,102
1,<environment.Job instance at 0x7fdf4dc6c0a0>,82,23,[ 5 11],83,-1,125,-1,102
1,<environment.Job instance at 0x7fdf4d9020a0>,83,27,[12  4],84,-1,129,-1,102
1,<environment.Job instance at 0x7fdf4d9024b0>,84,13,[12  4],85,-1,115,-1,102
1,<environment.Job instance at 0x7fdf5791fd20>,86,13,[ 3 14],87,-1,115,-1,102
1,<environment.Job instance at 0x7fdf5791feb0>,87,24,[ 4 14],88,-1,126,-1,102
1,<environment.Job instance at 0x7fdf4d902910>,85,23,[9 4],86,-1,132,-1,109
1,<environment.Job instance at 0x7fdf5791f0f0>,89,24,[13  3],90,-1,133,-1,109
1,<environment.Job instance at 0x7fdf5791faf0>,90,27,[9 5],91,-1,136,-1,109
1,<environment.Job instance at 0x7fdf5791f7d0>,91,22,[13  5],92,-1,131,-1,109
1,<environment.Job instance at 0x7fdf5791f780>,92,14,[ 3 13],93,-1,123,-1,109
1,<environment.Job instance at 0x7fdf5791fc30>,93,26,[14  2],94,-1,135,-1,109
1,<environment.Job instance at 0x7fdf5791f730>,94,13,[13  4],95,-1,122,-1,109
1,<environment.Job instance at 0x7fdf4d8eaa00>,0,19,[3 6],1,-1,20,-1,1
1,<environment.Job instance at 0x7fdf4d8b9cd0>,1,20,[ 2 10],2,-1,23,-1,3
1,<environment.Job instance at 0x7fdf4ecbb870>,13,26,[10  3],14,-1,67,-1,41
1,<environment.Job instance at 0x7fdf4ecb8e10>,22,13,[10  4],23,-1,100,-1,87
1,<environment.Job instance at 0x7fdf4ecbb550>,14,17,[14  3],15,-1,104,-1,87
1,<environment.Job instance at 0x7fdf4ecb8280>,23,20,[4 7],24,-1,107,-1,87
1,<environment.Job instance at 0x7fdf4ecb8b40>,24,21,[10  3],25,-1,112,-1,91
1,<environment.Job instance at 0x7fdf4d87ccd0>,2,18,[ 2 13],3,-1,109,-1,91
1,<environment.Job instance at 0x7fdf4ec9ba50>,28,13,[14  5],29,-1,104,-1,91
1,<environment.Job instance at 0x7fdf4ec9e370>,18,22,[ 4 12],19,-1,127,-1,105
1,<environment.Job instance at 0x7fdf4e97a9b0>,27,15,[ 4 10],28,-1,120,-1,105
1,<environment.Job instance at 0x7fdf4dc0c2d0>,33,22,[13  3],34,-1,127,-1,105
1,<environment.Job instance at 0x7fdf4dc06190>,34,20,[7 5],35,-1,125,-1,105
1,<environment.Job instance at 0x7fdf4ecb8690>,25,12,[12  2],26,-1,118,-1,106
1,<environment.Job instance at 0x7fdf4dbebd70>,35,21,[4 8],36,-1,127,-1,106
1,<environment.Job instance at 0x7fdf4dc0deb0>,37,20,[8 5],38,-1,126,-1,106
1,<environment.Job instance at 0x7fdf4dfe15a0>,38,18,[11  4],39,-1,124,-1,106
1,<environment.Job instance at 0x7fdf4dfe1c30>,39,24,[10  3],40,-1,130,-1,106
1,<environment.Job instance at 0x7fdf4e5c8870>,31,14,[5 3],32,-1,120,-1,106
1,<environment.Job instance at 0x7fdf4d739fa0>,2,18,[ 2 13],3,-1,21,-1,3
1,<environment.Job instance at 0x7fdf57928370>,3,14,[14  2],4,-1,18,-1,4
1,<environment.Job instance at 0x7fdf57928b90>,4,27,[ 1 12],5,-1,32,-1,5
1,<environment.Job instance at 0x7fdf579280f0>,5,15,[13  4],6,-1,21,-1,6
1,<environment.Job instance at 0x7fdf5791f730>,6,24,[ 4 14],7,-1,31,-1,7
1,<environment.Job instance at 0x7fdf5791faf0>,8,16,[12  5],9,-1,25,-1,9
1,<environment.Job instance at 0x7fdf5791fe10>,11,19,[ 4 14],12,-1,31,-1,12
1,<environment.Job instance at 0x7fdf5791f140>,14,17,[14  3],15,-1,37,-1,20
1,<environment.Job instance at 0x7fdf5791fa00>,13,26,[10  3],14,-1,46,-1,20
1,<environment.Job instance at 0x7fdf57928eb0>,10,23,[3 9],11,-1,46,-1,23
1,<environment.Job instance at 0x7fdf4d902870>,18,22,[ 4 12],19,-1,45,-1,23
1,<environment.Job instance at 0x7fdf4d8be370>,19,25,[8 2],20,-1,48,-1,23
1,<environment.Job instance at 0x7fdf4d9024b0>,21,27,[6 4],22,-1,59,-1,32
1,<environment.Job instance at 0x7fdf4dc6c960>,25,12,[12  2],26,-1,44,-1,32
1,<environment.Job instance at 0x7fdf4dc6c820>,26,12,[14  2],27,-1,44,-1,32
1,<environment.Job instance at 0x7fdf4dc6c3c0>,28,13,[14  5],29,-1,45,-1,32
1,<environment.Job instance at 0x7fdf4dc6cf00>,29,25,[13  3],30,-1,57,-1,32
1,<environment.Job instance at 0x7fdf4dc6c550>,30,14,[ 1 14],31,-1,46,-1,32
1,<environment.Job instance at 0x7fdf4dccbfa0>,32,12,[ 2 13],33,-1,49,-1,37
1,<environment.Job instance at 0x7fdf4dccb5f0>,33,22,[13  3],34,-1,59,-1,37
1,<environment.Job instance at 0x7fdf4dccb140>,38,18,[11  4],39,-1,69,-1,51
1,<environment.Job instance at 0x7fdf4dccbc80>,39,24,[10  3],40,-1,86,-1,62
1,<environment.Job instance at 0x7fdf4dccb550>,40,18,[11  2],41,-1,80,-1,62
1,<environment.Job instance at 0x7fdf4dccb870>,41,20,[ 3 14],42,-1,82,-1,62
1,<environment.Job instance at 0x7fdf4dccb730>,42,24,[14  5],43,-1,86,-1,62
1,<environment.Job instance at 0x7fdf4d783230>,43,24,[14  5],44,-1,86,-1,62
1,<environment.Job instance at 0x7fdf577defa0>,44,12,[ 4 11],45,-1,74,-1,62
1,<environment.Job instance at 0x7fdf4dccd0a0>,45,22,[ 3 14],46,-1,84,-1,62
1,<environment.Job instance at 0x7fdf4db80780>,46,14,[ 1 13],47,-1,76,-1,62
1,<environment.Job instance at 0x7fdf4d75c050>,47,16,[13  5],48,-1,78,-1,62
1,<environment.Job instance at 0x7fdf4d75c140>,48,25,[5 3],49,-1,87,-1,62
1,<environment.Job instance at 0x7fdf4d7d6190>,50,22,[ 3 14],51,-1,84,-1,62
1,<environment.Job instance at 0x7fdf4d7d6500>,52,14,[13  1],53,-1,80,-1,66
1,<environment.Job instance at 0x7fdf4d7d60a0>,53,27,[ 4 14],54,-1,93,-1,66
1,<environment.Job instance at 0x7fdf4d7d6dc0>,57,28,[13  5],58,-1,110,-1,82
1,<environment.Job instance at 0x7fdf4d7d6b90>,58,23,[6 4],59,-1,114,-1,91
1,<environment.Job instance at 0x7fdf4d7d6c80>,59,21,[ 3 14],60,-1,112,-1,91
1,<environment.Job instance at 0x7fdf4d7d6050>,61,27,[5 5],62,-1,118,-1,91
1,<environment.Job instance at 0x7fdf4d7d6c30>,63,25,[5 5],64,-1,125,-1,100
1,<environment.Job instance at 0x7fdf4d7d3050>,64,26,[12  3],65,-1,126,-1,100
1,<environment.Job instance at 0x7fdf4d7d3730>,65,20,[14  4],66,-1,120,-1,100
1,<environment.Job instance at 0x7fdf4d7d32d0>,66,15,[13  2],67,-1,115,-1,100
1,<environment.Job instance at 0x7fdf4d7d3910>,67,24,[ 5 13],68,-1,124,-1,100
1,<environment.Job instance at 0x7fdf4d7d3d70>,68,25,[13  5],69,-1,125,-1,100
1,<environment.Job instance at 0x7fdf4d7d3eb0>,69,19,[ 2 13],70,-1,119,-1,100
1,<environment.Job instance at 0x7fdf4d7d35f0>,71,19,[14  2],72,-1,119,-1,100
1,<environment.Job instance at 0x7fdf4d7d3460>,72,18,[14  4],73,-1,118,-1,100
1,<environment.Job instance at 0x7fdf4d7d33c0>,73,14,[14  2],74,-1,114,-1,100
1,<environment.Job instance at 0x7fdf4d7d3550>,70,25,[8 3],71,-1,132,-1,107
1,<environment.Job instance at 0x7fdf4ddd5820>,3,14,[10  3],4,-1,19,-1,5
1,<environment.Job instance at 0x7fdf4ddd5410>,4,18,[4 7],5,-1,23,-1,5
1,<environment.Job instance at 0x7fdf4e573cd0>,6,12,[ 3 11],7,-1,20,-1,8
1,<environment.Job instance at 0x7fdf4e573550>,7,27,[11  2],8,-1,35,-1,8
1,<environment.Job instance at 0x7fdf4e573c80>,11,22,[ 4 12],12,-1,37,-1,15
1,<environment.Job instance at 0x7fdf4e573910>,12,16,[1 5],13,-1,31,-1,15
1,<environment.Job instance at 0x7fdf4e573370>,21,27,[11  5],22,-1,75,-1,48
1,<environment.Job instance at 0x7fdf4e5739b0>,22,23,[14  5],23,-1,79,-1,56
1,<environment.Job instance at 0x7fdf4e573dc0>,23,16,[12  4],24,-1,73,-1,57
1,<environment.Job instance at 0x7fdf4dc6c820>,2,17,[ 2 12],3,-1,20,-1,3
1,<environment.Job instance at 0x7fdf4dc6c0a0>,5,22,[ 5 13],6,-1,28,-1,6
1,<environment.Job instance at 0x7fdf4dc6c1e0>,6,12,[ 3 11],7,-1,19,-1,7
1,<environment.Job instance at 0x7fdf4dc6c230>,7,27,[11  2],8,-1,35,-1,8
1,<environment.Job instance at 0x7fdf5791f3c0>,11,22,[ 4 12],12,-1,34,-1,12
1,<environment.Job instance at 0x7fdf5791fd20>,14,27,[12  1],15,-1,43,-1,16
1,<environment.Job instance at 0x7fdf5791f7d0>,15,18,[14  5],16,-1,34,-1,16
1,<environment.Job instance at 0x7fdf5791fdc0>,16,13,[ 5 11],17,-1,30,-1,17
1,<environment.Job instance at 0x7fdf5791f460>,17,27,[12  2],18,-1,45,-1,18
1,<environment.Job instance at 0x7fdf4e419a50>,21,27,[11  5],22,-1,56,-1,29
1,<environment.Job instance at 0x7fdf4deba1e0>,22,23,[14  5],23,-1,52,-1,29
1,<environment.Job instance at 0x7fdf5d83db40>,23,16,[12  4],24,-1,45,-1,29
1,<environment.Job instance at 0x7fdf4d98a320>,19,27,[5 1],20,-1,63,-1,36
1,<environment.Job instance at 0x7fdf4ddd5d20>,25,27,[12  4],26,-1,63,-1,36
1,<environment.Job instance at 0x7fdf4ddd5af0>,26,20,[ 5 12],27,-1,56,-1,36
1,<environment.Job instance at 0x7fdf4ddd5be0>,27,28,[12  4],28,-1,64,-1,36
1,<environment.Job instance at 0x7fdf4d85e3c0>,28,16,[ 1 14],29,-1,52,-1,36
1,<environment.Job instance at 0x7fdf4d864550>,20,28,[ 5 10],21,-1,75,-1,47
1,<environment.Job instance at 0x7fdf4d85eaf0>,31,28,[13  3],32,-1,75,-1,47
1,<environment.Job instance at 0x7fdf4d85eeb0>,32,22,[ 3 11],33,-1,69,-1,47
1,<environment.Job instance at 0x7fdf4d85e190>,33,21,[ 2 13],34,-1,68,-1,47
1,<environment.Job instance at 0x7fdf4d85e2d0>,35,26,[13  3],36,-1,73,-1,47
1,<environment.Job instance at 0x7fdf4d88b230>,36,24,[8 2],37,-1,77,-1,53
1,<environment.Job instance at 0x7fdf4d88b690>,38,12,[11  1],39,-1,65,-1,53
1,<environment.Job instance at 0x7fdf4d88b460>,39,17,[11  3],40,-1,70,-1,53
1,<environment.Job instance at 0x7fdf4d88b190>,40,16,[12  1],41,-1,69,-1,53
1,<environment.Job instance at 0x7fdf4d88b910>,41,15,[ 4 13],42,-1,68,-1,53
1,<environment.Job instance at 0x7fdf4d88b5a0>,42,28,[13  1],43,-1,81,-1,53
1,<environment.Job instance at 0x7fdf4d88b2d0>,43,24,[ 4 13],44,-1,77,-1,53
1,<environment.Job instance at 0x7fdf4d88baa0>,44,18,[ 1 11],45,-1,71,-1,53
1,<environment.Job instance at 0x7fdf4d88bb90>,46,14,[12  5],47,-1,67,-1,53
1,<environment.Job instance at 0x7fdf4d88ba00>,47,21,[13  2],48,-1,74,-1,53
1,<environment.Job instance at 0x7fdf4d88b050>,49,28,[13  2],50,-1,89,-1,61
1,<environment.Job instance at 0x7fdf4d87a230>,52,13,[ 5 12],53,-1,84,-1,71
1,<environment.Job instance at 0x7fdf4d87acd0>,53,20,[ 2 11],54,-1,91,-1,71
1,<environment.Job instance at 0x7fdf4d88b410>,51,24,[2 6],52,-1,99,-1,75
1,<environment.Job instance at 0x7fdf4d87ae60>,55,14,[11  2],56,-1,89,-1,75
1,<environment.Job instance at 0x7fdf4d87aeb0>,57,25,[3 7],58,-1,100,-1,75
1,<environment.Job instance at 0x7fdf4d87ad70>,60,25,[ 5 14],61,-1,114,-1,89
1,<environment.Job instance at 0x7fdf4d87aa00>,61,17,[ 1 13],62,-1,106,-1,89
1,<environment.Job instance at 0x7fdf4d87a8c0>,62,16,[ 1 13],63,-1,105,-1,89
1,<environment.Job instance at 0x7fdf4d87a320>,63,28,[2 7],64,-1,117,-1,89
1,<environment.Job instance at 0x7fdf4d883d20>,65,25,[3 9],66,-1,114,-1,89
1,<environment.Job instance at 0x7fdf4d8830a0>,67,13,[ 1 13],68,-1,102,-1,89
1,<environment.Job instance at 0x7fdf4d8836e0>,68,28,[3 6],69,-1,117,-1,89
1,<environment.Job instance at 0x7fdf4d8835a0>,69,12,[ 4 11],70,-1,101,-1,89
1,<environment.Job instance at 0x7fdf4d883cd0>,72,22,[ 5 12],73,-1,123,-1,101
1,<environment.Job instance at 0x7fdf4d883320>,73,17,[13  5],74,-1,118,-1,101
1,<environment.Job instance at 0x7fdf4d883b90>,75,13,[12  4],76,-1,114,-1,101
1,<environment.Job instance at 0x7fdf4de474b0>,3,12,[9 1],4,-1,17,-1,5
1,<environment.Job instance at 0x7fdf4ecbb5f0>,4,15,[14  4],5,-1,20,-1,5
1,<environment.Job instance at 0x7fdf4de47b90>,7,15,[ 5 12],8,-1,26,-1,11
1,<environment.Job instance at 0x7fdf4de37b40>,10,25,[6 2],11,-1,36,-1,11
1,<environment.Job instance at 0x7fdf4da2e2d0>,11,23,[5 5],12,-1,35,-1,12
1,<environment.Job instance at 0x7fdf4de37d70>,12,16,[5 4],13,-1,29,-1,13
1,<environment.Job instance at 0x7fdf4de37d20>,13,17,[ 4 12],14,-1,32,-1,15
1,<environment.Job instance at 0x7fdf4de410f0>,20,23,[3 9],21,-1,53,-1,30
1,<environment.Job instance at 0x7fdf4da2f140>,2,25,[8 5],3,-1,55,-1,30
1,<environment.Job instance at 0x7fdf4d891aa0>,1,14,[14  2],2,-1,16,-1,2
1,<environment.Job instance at 0x7fdf4d891960>,4,15,[14  4],5,-1,20,-1,5
1,<environment.Job instance at 0x7fdf4d891320>,6,25,[ 2 13],7,-1,32,-1,7
1,<environment.Job instance at 0x7fdf4d889370>,7,15,[ 5 12],8,-1,23,-1,8
1,<environment.Job instance at 0x7fdf4d889050>,8,26,[11  4],9,-1,35,-1,9
1,<environment.Job instance at 0x7fdf4d889a50>,9,21,[12  2],10,-1,31,-1,10
1,<environment.Job instance at 0x7fdf4d891820>,11,23,[5 5],12,-1,35,-1,12
1,<environment.Job instance at 0x7fdf4d889b40>,13,17,[ 4 12],14,-1,31,-1,14
1,<environment.Job instance at 0x7fdf4d8912d0>,2,25,[8 5],3,-1,48,-1,23
1,<environment.Job instance at 0x7fdf4d889be0>,15,14,[ 5 13],16,-1,37,-1,23
1,<environment.Job instance at 0x7fdf4d889e60>,10,25,[6 2],11,-1,48,-1,23
1,<environment.Job instance at 0x7fdf4d98a320>,17,22,[ 4 13],18,-1,45,-1,23
1,<environment.Job instance at 0x7fdf4d889730>,19,21,[ 4 14],20,-1,44,-1,23
1,<environment.Job instance at 0x7fdf5791fc30>,20,23,[3 9],21,-1,46,-1,23
1,<environment.Job instance at 0x7fdf5791faf0>,21,13,[12  5],22,-1,36,-1,23
1,<environment.Job instance at 0x7fdf5791fdc0>,22,23,[5 8],23,-1,46,-1,23
1,<environment.Job instance at 0x7fdf5791f550>,23,23,[5 5],24,-1,52,-1,29
1,<environment.Job instance at 0x7fdf5791f050>,24,27,[14  2],25,-1,56,-1,29
1,<environment.Job instance at 0x7fdf5791f500>,25,28,[11  2],26,-1,57,-1,29
1,<environment.Job instance at 0x7fdf5791f140>,26,18,[12  4],27,-1,47,-1,29
1,<environment.Job instance at 0x7fdf4dc6cc80>,31,15,[ 2 12],32,-1,58,-1,43
1,<environment.Job instance at 0x7fdf4dc6c5a0>,32,24,[ 1 11],33,-1,67,-1,43
1,<environment.Job instance at 0x7fdf4e419a50>,35,25,[ 3 14],36,-1,83,-1,58
1,<environment.Job instance at 0x7fdf4e1678c0>,37,13,[12  4],38,-1,73,-1,60
1,<environment.Job instance at 0x7fdf4e966550>,34,27,[ 3 10],35,-1,90,-1,63
1,<environment.Job instance at 0x7fdf4e5192d0>,38,28,[10  4],39,-1,91,-1,63
1,<environment.Job instance at 0x7fdf4e0d9190>,41,18,[ 1 12],42,-1,81,-1,63
1,<environment.Job instance at 0x7fdf4df79870>,42,24,[6 3],43,-1,87,-1,63
1,<environment.Job instance at 0x7fdf4e88c960>,43,16,[13  4],44,-1,79,-1,63
1,<environment.Job instance at 0x7fdf4e52be10>,44,12,[ 5 11],45,-1,75,-1,63
1,<environment.Job instance at 0x7fdf4ecb9910>,46,19,[ 2 11],47,-1,82,-1,63
1,<environment.Job instance at 0x7fdf4e52baa0>,47,26,[6 3],48,-1,89,-1,63
1,<environment.Job instance at 0x7fdf4e52b5a0>,48,23,[11  4],49,-1,86,-1,63
1,<environment.Job instance at 0x7fdf4e5733c0>,49,27,[13  2],50,-1,90,-1,63
1,<environment.Job instance at 0x7fdf4e5730a0>,50,15,[11  4],51,-1,78,-1,63
1,<environment.Job instance at 0x7fdf4e573640>,52,26,[14  3],53,-1,89,-1,63
1,<environment.Job instance at 0x7fdf4e573f50>,53,17,[14  4],54,-1,80,-1,63
1,<environment.Job instance at 0x7fdf4ddd5c80>,55,17,[11  2],56,-1,92,-1,75
1,<environment.Job instance at 0x7fdf4ddd5d20>,56,12,[12  5],57,-1,87,-1,75
1,<environment.Job instance at 0x7fdf4ddd5aa0>,57,22,[11  3],58,-1,97,-1,75
1,<environment.Job instance at 0x7fdf4ddd5f50>,60,23,[2 9],61,-1,104,-1,81
1,<environment.Job instance at 0x7fdf4da11370>,62,23,[8 3],63,-1,114,-1,91
1,<environment.Job instance at 0x7fdf4e18d5f0>,63,13,[13  3],64,-1,104,-1,91
1,<environment.Job instance at 0x7fdf4da11c30>,64,25,[ 1 14],65,-1,116,-1,91
1,<environment.Job instance at 0x7fdf4d88eaa0>,65,19,[13  1],66,-1,110,-1,91
1,<environment.Job instance at 0x7fdf4d88ea00>,66,15,[12  3],67,-1,106,-1,91
1,<environment.Job instance at 0x7fdf4d88ea50>,67,24,[ 1 11],68,-1,115,-1,91
1,<environment.Job instance at 0x7fdf4d99daa0>,68,27,[10  4],69,-1,118,-1,91
1,<environment.Job instance at 0x7fdf4ec9f190>,69,26,[5 5],70,-1,117,-1,91
1,<environment.Job instance at 0x7fdf4e470780>,71,19,[13  1],72,-1,110,-1,91
1,<environment.Job instance at 0x7fdf4e470960>,72,16,[11  1],73,-1,107,-1,91
1,<environment.Job instance at 0x7fdf577b5730>,73,28,[ 4 11],74,-1,119,-1,91
1,<environment.Job instance at 0x7fdf4ded1190>,75,24,[13  5],76,-1,118,-1,94
1,<environment.Job instance at 0x7fdf572bd280>,76,26,[12  1],77,-1,120,-1,94
1,<environment.Job instance at 0x7fdf4e91fbe0>,79,17,[ 2 13],80,-1,122,-1,105
1,<environment.Job instance at 0x7fdf4df58f00>,5,20,[3 7],6,-1,27,-1,7
1,<environment.Job instance at 0x7fdf4df586e0>,7,17,[8 3],8,-1,25,-1,8
1,<environment.Job instance at 0x7fdf4e229e60>,9,18,[2 7],10,-1,28,-1,10
1,<environment.Job instance at 0x7fdf4e2298c0>,16,21,[ 4 12],17,-1,70,-1,49
1,<environment.Job instance at 0x7fdf4e229460>,19,13,[11  2],20,-1,62,-1,49
1,<environment.Job instance at 0x7fdf4e229e10>,20,13,[ 5 13],21,-1,62,-1,49
1,<environment.Job instance at 0x7fdf4dbcccd0>,0,18,[11  2],1,-1,19,-1,1
1,<environment.Job instance at 0x7fdf4e2c0dc0>,1,25,[ 1 10],2,-1,27,-1,2
1,<environment.Job instance at 0x7fdf4dbcc280>,2,20,[ 2 12],3,-1,23,-1,3
1,<environment.Job instance at 0x7fdf4e2c0c30>,3,20,[13  1],4,-1,24,-1,4
1,<environment.Job instance at 0x7fdf4d8fc460>,10,25,[12  2],11,-1,36,-1,11
1,<environment.Job instance at 0x7fdf4d969870>,11,22,[11  3],12,-1,34,-1,12
1,<environment.Job instance at 0x7fdf4daacf50>,12,24,[12  5],13,-1,37,-1,13
1,<environment.Job instance at 0x7fdf4ec32be0>,6,26,[3 7],7,-1,51,-1,25
1,<environment.Job instance at 0x7fdf4dd95320>,15,28,[12  2],16,-1,53,-1,25
1,<environment.Job instance at 0x7fdf4e97ce10>,16,21,[ 4 12],17,-1,46,-1,25
1,<environment.Job instance at 0x7fdf4dfab1e0>,17,26,[ 4 12],18,-1,51,-1,25
1,<environment.Job instance at 0x7fdf4dc6c1e0>,19,13,[11  2],20,-1,38,-1,25
1,<environment.Job instance at 0x7fdf4dc6ca00>,20,13,[ 5 13],21,-1,38,-1,25
1,<environment.Job instance at 0x7fdf5d83db40>,23,23,[ 4 13],24,-1,48,-1,25
1,<environment.Job instance at 0x7fdf4dc6c4b0>,24,13,[ 5 14],25,-1,38,-1,25
1,<environment.Job instance at 0x7fdf4dc6cc30>,26,22,[13  1],27,-1,61,-1,39
1,<environment.Job instance at 0x7fdf57322460>,28,27,[ 1 13],29,-1,67,-1,40
1,<environment.Job instance at 0x7fdf4e419690>,29,17,[ 5 12],30,-1,57,-1,40
1,<environment.Job instance at 0x7fdf4d8fc8c0>,13,26,[ 5 10],14,-1,68,-1,42
1,<environment.Job instance at 0x7fdf4df580f0>,32,21,[11  5],33,-1,63,-1,42
1,<environment.Job instance at 0x7fdf4df585f0>,33,18,[13  4],34,-1,60,-1,42
1,<environment.Job instance at 0x7fdf4e419370>,30,23,[8 4],31,-1,79,-1,56
1,<environment.Job instance at 0x7fdf4df58be0>,35,12,[ 5 13],36,-1,68,-1,56
1,<environment.Job instance at 0x7fdf4df58eb0>,34,27,[8 5],35,-1,83,-1,56
1,<environment.Job instance at 0x7fdf4df2d460>,37,20,[ 5 13],38,-1,76,-1,56
1,<environment.Job instance at 0x7fdf4df2d8c0>,38,19,[ 2 14],39,-1,75,-1,56
1,<environment.Job instance at 0x7fdf4df2d870>,39,20,[13  2],40,-1,76,-1,56
1,<environment.Job instance at 0x7fdf4df2d140>,40,16,[ 2 14],41,-1,72,-1,56
1,<environment.Job instance at 0x7fdf4df2d9b0>,41,26,[7 3],42,-1,82,-1,56
1,<environment.Job instance at 0x7fdf4df2d4b0>,42,16,[ 3 13],43,-1,72,-1,56
1,<environment.Job instance at 0x7fdf4df2d370>,43,28,[ 5 10],44,-1,84,-1,56
1,<environment.Job instance at 0x7fdf4df2d1e0>,44,22,[14  1],45,-1,78,-1,56
1,<environment.Job instance at 0x7fdf4df2de60>,46,15,[ 1 12],47,-1,71,-1,56
1,<environment.Job instance at 0x7fdf4dbb3eb0>,50,14,[13  5],51,-1,71,-1,57
1,<environment.Job instance at 0x7fdf4dbb3b90>,53,27,[12  4],54,-1,98,-1,71
1,<environment.Job instance at 0x7fdf4dbb3e60>,54,18,[ 3 13],55,-1,89,-1,71
1,<environment.Job instance at 0x7fdf4dbb38c0>,55,27,[ 1 14],56,-1,98,-1,71
1,<environment.Job instance at 0x7fdf4dbb33c0>,56,21,[14  2],57,-1,92,-1,71
1,<environment.Job instance at 0x7fdf4dbb3f50>,57,22,[11  1],58,-1,93,-1,71
1,<environment.Job instance at 0x7fdf4dbb35a0>,59,12,[ 1 14],60,-1,87,-1,75
1,<environment.Job instance at 0x7fdf4dbb3a50>,60,23,[ 4 14],61,-1,98,-1,75
1,<environment.Job instance at 0x7fdf4dbb3aa0>,61,14,[13  2],62,-1,89,-1,75
1,<environment.Job instance at 0x7fdf4dbb3690>,58,26,[7 4],59,-1,110,-1,84
1,<environment.Job instance at 0x7fdf4dbb3f00>,63,21,[11  2],64,-1,105,-1,84
1,<environment.Job instance at 0x7fdf4dbb3e10>,64,18,[ 2 11],65,-1,102,-1,84
1,<environment.Job instance at 0x7fdf4dbb35f0>,65,17,[11  4],66,-1,101,-1,84
1,<environment.Job instance at 0x7fdf4dbb3370>,66,14,[ 4 14],67,-1,98,-1,84
1,<environment.Job instance at 0x7fdf4dbb3be0>,67,28,[12  5],68,-1,112,-1,84
1,<environment.Job instance at 0x7fdf4dbb3230>,68,13,[12  5],69,-1,97,-1,84
1,<environment.Job instance at 0x7fdf4dbb3b40>,69,12,[11  5],70,-1,96,-1,84
1,<environment.Job instance at 0x7fdf4d98c4b0>,71,26,[5 3],72,-1,118,-1,92
1,<environment.Job instance at 0x7fdf4d98c640>,72,27,[13  5],73,-1,119,-1,92
1,<environment.Job instance at 0x7fdf4d98c5a0>,73,28,[ 3 14],74,-1,120,-1,92
1,<environment.Job instance at 0x7fdf4d98c500>,74,21,[ 4 11],75,-1,113,-1,92
1,<environment.Job instance at 0x7fdf4d98c370>,75,18,[ 3 12],76,-1,110,-1,92
1,<environment.Job instance at 0x7fdf4d98c0f0>,77,26,[14  5],78,-1,118,-1,92
1,<environment.Job instance at 0x7fdf4d98c9b0>,78,24,[4 6],79,-1,116,-1,92
1,<environment.Job instance at 0x7fdf4d98cfa0>,79,18,[13  1],80,-1,110,-1,92
1,<environment.Job instance at 0x7fdf4d98c410>,80,20,[12  3],81,-1,112,-1,92
1,<environment.Job instance at 0x7fdf4d98c230>,81,17,[ 5 14],82,-1,109,-1,92
1,<environment.Job instance at 0x7fdf4d98ca50>,83,24,[5 1],84,-1,116,-1,92
1,<environment.Job instance at 0x7fdf4d98c910>,85,16,[ 2 13],86,-1,109,-1,93
1,<environment.Job instance at 0x7fdf4d98c820>,86,17,[12  3],87,-1,110,-1,93
1,<environment.Job instance at 0x7fdf4d98ce10>,87,14,[14  1],88,-1,107,-1,93
1,<environment.Job instance at 0x7fdf4d98c2d0>,82,24,[8 5],83,-1,122,-1,98
1,<environment.Job instance at 0x7fdf4d98ca00>,89,26,[3 6],90,-1,124,-1,98
1,<environment.Job instance at 0x7fdf4d98c780>,88,25,[ 4 10],89,-1,123,-1,98
1,<environment.Job instance at 0x7fdf4d7862d0>,91,14,[11  5],92,-1,112,-1,98
1,<environment.Job instance at 0x7fdf4d786280>,92,24,[ 4 12],93,-1,122,-1,98
1,<environment.Job instance at 0x7fdf4d786e60>,93,23,[1 6],94,-1,121,-1,98
1,<environment.Job instance at 0x7fdf4d786f50>,94,25,[12  2],95,-1,123,-1,98
1,<environment.Job instance at 0x7fdf4d7864b0>,96,24,[13  1],97,-1,122,-1,98
1,<environment.Job instance at 0x7fdf4d786960>,97,13,[11  1],98,-1,111,-1,98
1,<environment.Job instance at 0x7fdf4d42f500>,1,16,[3 9],2,-1,19,-1,3
1,<environment.Job instance at 0x7fdf4d42f1e0>,5,26,[2 5],6,-1,32,-1,6
1,<environment.Job instance at 0x7fdf4d42f050>,6,16,[1 8],7,-1,23,-1,7
1,<environment.Job instance at 0x7fdf4d42f6e0>,7,16,[8 3],8,-1,24,-1,8
1,<environment.Job instance at 0x7fdf4d42fe60>,10,23,[4 9],11,-1,39,-1,16
1,<environment.Job instance at 0x7fdf4d42fd20>,17,22,[4 8],18,-1,65,-1,43
1,<environment.Job instance at 0x7fdf4d529730>,23,21,[ 3 13],24,-1,87,-1,66
1,<environment.Job instance at 0x7fdf4d5294b0>,25,21,[ 4 14],26,-1,87,-1,66
1,<environment.Job instance at 0x7fdf4d5291e0>,22,27,[ 3 11],23,-1,93,-1,66
1,<environment.Job instance at 0x7fdf4d42fc80>,13,17,[ 1 14],14,-1,108,-1,91
1,<environment.Job instance at 0x7fdf4d529410>,29,14,[13  3],30,-1,105,-1,91
1,<environment.Job instance at 0x7fdf4d529c30>,30,24,[3 9],31,-1,122,-1,98
1,<environment.Job instance at 0x7fdf4d529690>,33,20,[8 4],34,-1,118,-1,98
1,<environment.Job instance at 0x7fdf4d529b40>,37,27,[8 5],38,-1,133,-1,106
1,<environment.Job instance at 0x7fdf4d529c80>,34,27,[1 9],35,-1,134,-1,107
1,<environment.Job instance at 0x7fdf4d529fa0>,38,19,[6 5],39,-1,126,-1,107
1,<environment.Job instance at 0x7fdf4d529f50>,40,13,[ 3 14],41,-1,120,-1,107
1,<environment.Job instance at 0x7fdf4d64f7d0>,43,16,[11  2],44,-1,124,-1,108
1,<environment.Job instance at 0x7fdf4d64f140>,41,15,[2 7],42,-1,123,-1,108
1,<environment.Job instance at 0x7fdf4d529640>,27,16,[ 4 14],28,-1,124,-1,108
1,<environment.Job instance at 0x7fdf4d64f0a0>,46,17,[13  3],47,-1,126,-1,109
1,<environment.Job instance at 0x7fdf4d64f5a0>,47,26,[10  5],48,-1,135,-1,109
1,<environment.Job instance at 0x7fdf4e92f690>,0,14,[ 4 12],1,-1,15,-1,1
1,<environment.Job instance at 0x7fdf4d670e60>,3,13,[13  2],4,-1,17,-1,4
1,<environment.Job instance at 0x7fdf4e92fd70>,4,18,[13  5],5,-1,23,-1,5
1,<environment.Job instance at 0x7fdf4e9335a0>,8,16,[11  2],9,-1,25,-1,9
1,<environment.Job instance at 0x7fdf4e92fd20>,5,26,[2 5],6,-1,44,-1,18
1,<environment.Job instance at 0x7fdf4e9333c0>,11,24,[5 2],12,-1,42,-1,18
1,<environment.Job instance at 0x7fdf4e933be0>,13,17,[ 1 14],14,-1,35,-1,18
1,<environment.Job instance at 0x7fdf4d761be0>,14,25,[ 2 11],15,-1,43,-1,18
1,<environment.Job instance at 0x7fdf4d7613c0>,15,19,[11  3],16,-1,37,-1,18
1,<environment.Job instance at 0x7fdf4e9334b0>,9,28,[8 2],10,-1,46,-1,18
1,<environment.Job instance at 0x7fdf4e731780>,10,23,[4 9],11,-1,41,-1,18
1,<environment.Job instance at 0x7fdf4d761050>,19,24,[6 2],20,-1,49,-1,25
1,<environment.Job instance at 0x7fdf4d761690>,20,13,[ 1 12],21,-1,38,-1,25
1,<environment.Job instance at 0x7fdf4d761500>,21,16,[ 2 12],22,-1,41,-1,25
1,<environment.Job instance at 0x7fdf4d7612d0>,22,27,[ 3 11],23,-1,52,-1,25
1,<environment.Job instance at 0x7fdf4df73f00>,23,21,[ 3 13],24,-1,46,-1,25
1,<environment.Job instance at 0x7fdf4ddae410>,25,21,[ 4 14],26,-1,47,-1,26
1,<environment.Job instance at 0x7fdf4ddac7d0>,26,13,[14  2],27,-1,40,-1,27
1,<environment.Job instance at 0x7fdf4ddae910>,27,16,[ 4 14],28,-1,44,-1,28
1,<environment.Job instance at 0x7fdf4ddac550>,29,14,[13  3],30,-1,44,-1,30
1,<environment.Job instance at 0x7fdf4ddccdc0>,32,17,[ 3 11],33,-1,54,-1,37
1,<environment.Job instance at 0x7fdf4ddccfa0>,30,24,[3 9],31,-1,75,-1,51
1,<environment.Job instance at 0x7fdf4ddb1a50>,34,27,[1 9],35,-1,78,-1,51
1,<environment.Job instance at 0x7fdf4ddb1d20>,35,25,[ 2 12],36,-1,76,-1,51
1,<environment.Job instance at 0x7fdf4e71c640>,36,27,[1 6],37,-1,78,-1,51
1,<environment.Job instance at 0x7fdf4ddaf550>,37,27,[8 5],38,-1,78,-1,51
1,<environment.Job instance at 0x7fdf4dda99b0>,39,17,[ 1 11],40,-1,68,-1,51
1,<environment.Job instance at 0x7fdf4dda98c0>,40,13,[ 3 14],41,-1,64,-1,51
1,<environment.Job instance at 0x7fdf4dda9be0>,43,16,[11  2],44,-1,67,-1,51
1,<environment.Job instance at 0x7fdf4dda9e60>,44,27,[5 2],45,-1,78,-1,51
1,<environment.Job instance at 0x7fdf4dda0230>,45,13,[13  5],46,-1,64,-1,51
1,<environment.Job instance at 0x7fdf4dda0320>,46,17,[13  3],47,-1,68,-1,51
1,<environment.Job instance at 0x7fdf4dda02d0>,47,26,[10  5],48,-1,81,-1,55
1,<environment.Job instance at 0x7fdf4ddd25a0>,48,13,[14  3],49,-1,68,-1,55
1,<environment.Job instance at 0x7fdf4ddd2a50>,49,26,[ 2 12],50,-1,81,-1,55
1,<environment.Job instance at 0x7fdf4ddd2f50>,50,26,[4 5],51,-1,81,-1,55
1,<environment.Job instance at 0x7fdf4ddd25f0>,52,24,[4 6],53,-1,89,-1,65
1,<environment.Job instance at 0x7fdf4e9196e0>,53,15,[ 2 13],54,-1,80,-1,65
1,<environment.Job instance at 0x7fdf4e919690>,54,18,[11  2],55,-1,83,-1,65
1,<environment.Job instance at 0x7fdf4d7df5f0>,57,18,[14  1],58,-1,83,-1,65
1,<environment.Job instance at 0x7fdf4e930280>,58,23,[ 1 11],59,-1,88,-1,65
1,<environment.Job instance at 0x7fdf4e930050>,59,19,[ 3 12],60,-1,84,-1,65
1,<environment.Job instance at 0x7fdf4e930500>,63,13,[ 3 11],64,-1,95,-1,82
1,<environment.Job instance at 0x7fdf4db1fe60>,65,25,[5 3],66,-1,119,-1,94
1,<environment.Job instance at 0x7fdf4db1f690>,66,15,[11  2],67,-1,109,-1,94
1,<environment.Job instance at 0x7fdf4e930cd0>,68,25,[7 2],69,-1,128,-1,103
1,<environment.Job instance at 0x7fdf4db3af00>,69,18,[ 5 12],70,-1,121,-1,103
1,<environment.Job instance at 0x7fdf4e734280>,70,12,[ 3 12],71,-1,115,-1,103
1,<environment.Job instance at 0x7fdf4e7344b0>,71,15,[11  5],72,-1,118,-1,103
1,<environment.Job instance at 0x7fdf4dd9e0f0>,73,16,[13  2],74,-1,119,-1,103
1,<environment.Job instance at 0x7fdf4dd9ef50>,74,12,[13  3],75,-1,115,-1,103
1,<environment.Job instance at 0x7fdf4db57960>,75,16,[11  5],76,-1,119,-1,103
1,<environment.Job instance at 0x7fdf4e6123c0>,6,22,[10  3],7,-1,33,-1,11
1,<environment.Job instance at 0x7fdf4e916af0>,0,27,[ 3 13],1,-1,28,-1,1
1,<environment.Job instance at 0x7fdf4e889cd0>,2,18,[11  3],3,-1,21,-1,3
1,<environment.Job instance at 0x7fdf4e889eb0>,3,27,[1 7],4,-1,31,-1,4
1,<environment.Job instance at 0x7fdf4eae7190>,5,18,[ 3 12],6,-1,24,-1,6
1,<environment.Job instance at 0x7fdf4eaca960>,9,15,[ 4 13],10,-1,25,-1,10
1,<environment.Job instance at 0x7fdf4dc677d0>,12,17,[ 5 14],13,-1,30,-1,13
1,<environment.Job instance at 0x7fdf4ec8c7d0>,13,14,[13  1],14,-1,28,-1,14
1,<environment.Job instance at 0x7fdf4eb46410>,15,15,[ 5 14],16,-1,38,-1,23
1,<environment.Job instance at 0x7fdf4dc93960>,17,18,[ 1 14],18,-1,41,-1,23
1,<environment.Job instance at 0x7fdf4ec8ce10>,18,16,[12  4],19,-1,39,-1,23
1,<environment.Job instance at 0x7fdf4dc67be0>,11,25,[9 1],12,-1,48,-1,23
1,<environment.Job instance at 0x7fdf4e923320>,20,24,[ 3 12],21,-1,47,-1,23
1,<environment.Job instance at 0x7fdf4e923640>,23,28,[14  2],24,-1,52,-1,24
1,<environment.Job instance at 0x7fdf4e9230f0>,25,13,[ 5 12],26,-1,40,-1,27
1,<environment.Job instance at 0x7fdf4dd9ef50>,26,22,[ 5 14],27,-1,49,-1,27
1,<environment.Job instance at 0x7fdf4db3af00>,27,26,[8 5],28,-1,61,-1,35
1,<environment.Job instance at 0x7fdf4e734780>,30,13,[13  5],31,-1,48,-1,35
1,<environment.Job instance at 0x7fdf4e734280>,31,14,[ 2 13],32,-1,49,-1,35
1,<environment.Job instance at 0x7fdf4db1fe60>,32,23,[ 3 14],33,-1,58,-1,35
1,<environment.Job instance at 0x7fdf4db1fc80>,33,16,[13  3],34,-1,51,-1,35
1,<environment.Job instance at 0x7fdf4e930b40>,35,15,[ 2 13],36,-1,55,-1,40
1,<environment.Job instance at 0x7fdf4e930730>,36,18,[12  1],37,-1,58,-1,40
1,<environment.Job instance at 0x7fdf4e930aa0>,38,28,[ 4 12],39,-1,77,-1,49
1,<environment.Job instance at 0x7fdf4d7ee8c0>,41,24,[ 5 14],42,-1,78,-1,54
1,<environment.Job instance at 0x7fdf4d7df5f0>,42,27,[11  1],43,-1,81,-1,54
1,<environment.Job instance at 0x7fdf4d807f00>,44,16,[ 1 14],45,-1,79,-1,63
1,<environment.Job instance at 0x7fdf4e930500>,45,18,[13  3],46,-1,81,-1,63
1,<environment.Job instance at 0x7fdf4ddd25a0>,49,13,[ 5 14],50,-1,90,-1,77
1,<environment.Job instance at 0x7fdf4ddd2500>,50,17,[ 5 13],51,-1,94,-1,77
1,<environment.Job instance at 0x7fdf4dda0fa0>,51,27,[11  5],52,-1,104,-1,77
1,<environment.Job instance at 0x7fdf4dda0230>,53,12,[11  1],54,-1,91,-1,79
1,<environment.Job instance at 0x7fdf4dda98c0>,55,14,[ 5 13],56,-1,98,-1,84
1,<environment.Job instance at 0x7fdf4dda9be0>,56,13,[ 2 14],57,-1,97,-1,84
1,<environment.Job instance at 0x7fdf4dda9a50>,58,28,[1 7],59,-1,124,-1,96
1,<environment.Job instance at 0x7fdf4ddaf410>,59,24,[5 1],60,-1,120,-1,96
1,<environment.Job instance at 0x7fdf4ddaf4b0>,60,15,[ 3 13],61,-1,111,-1,96
1,<environment.Job instance at 0x7fdf4dda9d20>,61,12,[ 3 14],62,-1,108,-1,96
1,<environment.Job instance at 0x7fdf4ddb1050>,62,27,[6 5],63,-1,123,-1,96
1,<environment.Job instance at 0x7fdf4ddccf00>,65,17,[14  4],66,-1,113,-1,96
1,<environment.Job instance at 0x7fdf4eb7daf0>,4,19,[7 5],5,-1,25,-1,6
1,<environment.Job instance at 0x7fdf4db1d7d0>,0,18,[14  1],1,-1,19,-1,1
1,<environment.Job instance at 0x7fdf4db1dd20>,1,19,[ 2 14],2,-1,21,-1,2
1,<environment.Job instance at 0x7fdf4db1d640>,2,24,[ 2 14],3,-1,27,-1,3
1,<environment.Job instance at 0x7fdf4db1d460>,3,28,[12  4],4,-1,32,-1,4
1,<environment.Job instance at 0x7fdf4db1d500>,5,23,[3 6],6,-1,29,-1,6
1,<environment.Job instance at 0x7fdf4db1dd70>,6,25,[14  5],7,-1,32,-1,7
1,<environment.Job instance at 0x7fdf4e943d20>,10,18,[ 2 14],11,-1,29,-1,11
1,<environment.Job instance at 0x7fdf579301e0>,11,28,[4 5],12,-1,40,-1,12
1,<environment.Job instance at 0x7fdf4e943b90>,13,21,[13  5],14,-1,35,-1,14
1,<environment.Job instance at 0x7fdf4d670e60>,15,13,[13  4],16,-1,29,-1,16
1,<environment.Job instance at 0x7fdf4e92fe10>,17,16,[ 5 14],18,-1,40,-1,24
1,<environment.Job instance at 0x7fdf4e92f460>,14,23,[10  5],15,-1,47,-1,24
1,<environment.Job instance at 0x7fdf4e731780>,21,21,[12  1],22,-1,45,-1,24
1,<environment.Job instance at 0x7fdf4e9333c0>,23,16,[11  3],24,-1,40,-1,24
1,<environment.Job instance at 0x7fdf4d7613c0>,25,18,[11  2],26,-1,47,-1,29
1,<environment.Job instance at 0x7fdf4d7615a0>,26,16,[ 4 13],27,-1,45,-1,29
1,<environment.Job instance at 0x7fdf4d761230>,27,17,[11  3],28,-1,46,-1,29
1,<environment.Job instance at 0x7fdf4d761690>,28,23,[11  2],29,-1,52,-1,29
1,<environment.Job instance at 0x7fdf4d761320>,30,20,[13  2],31,-1,51,-1,31
1,<environment.Job instance at 0x7fdf4ddae5a0>,32,23,[ 3 13],33,-1,61,-1,38
1,<environment.Job instance at 0x7fdf4ddae5f0>,33,26,[3 8],34,-1,64,-1,38
1,<environment.Job instance at 0x7fdf4df73f00>,34,18,[14  4],35,-1,56,-1,38
1,<environment.Job instance at 0x7fdf4ddcc460>,37,23,[9 2],38,-1,78,-1,55
1,<environment.Job instance at 0x7fdf4ddaf4b0>,38,26,[11  2],39,-1,81,-1,55
1,<environment.Job instance at 0x7fdf4ddccdc0>,39,27,[14  4],40,-1,82,-1,55
1,<environment.Job instance at 0x7fdf4ddb1d20>,41,26,[13  2],42,-1,81,-1,55
1,<environment.Job instance at 0x7fdf4dda9d20>,42,27,[11  3],43,-1,82,-1,55
1,<environment.Job instance at 0x7fdf4dda9910>,43,16,[14  4],44,-1,71,-1,55
1,<environment.Job instance at 0x7fdf4dda92d0>,44,27,[ 1 14],45,-1,82,-1,55
1,<environment.Job instance at 0x7fdf4dda9e60>,45,21,[ 3 11],46,-1,76,-1,55
1,<environment.Job instance at 0x7fdf4dda9780>,46,20,[13  1],47,-1,75,-1,55
1,<environment.Job instance at 0x7fdf4dda03c0>,48,22,[12  2],49,-1,78,-1,56
1,<environment.Job instance at 0x7fdf4dda0fa0>,49,27,[7 4],50,-1,97,-1,70
1,<environment.Job instance at 0x7fdf4ddd23c0>,50,25,[9 5],51,-1,95,-1,70
1,<environment.Job instance at 0x7fdf4e474500>,53,26,[14  5],54,-1,97,-1,71
1,<environment.Job instance at 0x7fdf4e919780>,54,12,[11  4],55,-1,83,-1,71
1,<environment.Job instance at 0x7fdf4ecdde10>,55,26,[14  3],56,-1,97,-1,71
1,<environment.Job instance at 0x7fdf4e73baf0>,56,17,[ 5 11],57,-1,88,-1,71
1,<environment.Job instance at 0x7fdf4d807f00>,57,26,[ 2 11],58,-1,97,-1,71
1,<environment.Job instance at 0x7fdf4e930550>,59,18,[14  4],60,-1,103,-1,85
1,<environment.Job instance at 0x7fdf4d3def50>,0,14,[8 2],1,-1,16,-1,2
1,<environment.Job instance at 0x7fdf4d3dee60>,1,21,[9 5],2,-1,23,-1,2
1,<environment.Job instance at 0x7fdf4dcfc4b0>,9,17,[10  4],10,-1,28,-1,11
1,<environment.Job instance at 0x7fdf4e117e60>,12,28,[9 4],13,-1,108,-1,80
1,<environment.Job instance at 0x7fdf4dd28eb0>,2,12,[ 4 14],3,-1,15,-1,3
1,<environment.Job instance at 0x7fdf4de478c0>,4,18,[14  1],5,-1,23,-1,5
1,<environment.Job instance at 0x7fdf4e4a6c30>,6,15,[12  1],7,-1,22,-1,7
1,<environment.Job instance at 0x7fdf4d59aaa0>,7,13,[ 5 12],8,-1,21,-1,8
1,<environment.Job instance at 0x7fdf4d59ad70>,8,28,[14  2],9,-1,37,-1,9
1,<environment.Job instance at 0x7fdf4d59aeb0>,10,15,[ 5 11],11,-1,26,-1,11
1,<environment.Job instance at 0x7fdf4dd20370>,11,20,[ 3 11],12,-1,32,-1,12
1,<environment.Job instance at 0x7fdf4d5d8280>,14,27,[ 3 13],15,-1,42,-1,15
1,<environment.Job instance at 0x7fdf4d5d8be0>,15,23,[6 2],16,-1,39,-1,16
1,<environment.Job instance at 0x7fdf4d5d84b0>,16,22,[ 1 13],17,-1,39,-1,17
1,<environment.Job instance at 0x7fdf4dc3d690>,17,13,[14  2],18,-1,31,-1,18
1,<environment.Job instance at 0x7fdf4dc3d5a0>,19,24,[ 3 13],20,-1,46,-1,22
1,<environment.Job instance at 0x7fdf4d5d8460>,12,28,[9 4],13,-1,50,-1,22
1,<environment.Job instance at 0x7fdf4dc48230>,21,28,[11  3],22,-1,50,-1,22
1,<environment.Job instance at 0x7fdf4e49ed20>,22,24,[1 5],23,-1,54,-1,30
1,<environment.Job instance at 0x7fdf4dc48f50>,25,24,[7 4],26,-1,68,-1,44
1,<environment.Job instance at 0x7fdf4dc1e410>,26,19,[ 5 13],27,-1,63,-1,44
1,<environment.Job instance at 0x7fdf4dc4f820>,33,28,[9 1],34,-1,104,-1,76
1,<environment.Job instance at 0x7fdf4dd2d280>,34,23,[ 2 10],35,-1,111,-1,88
1,<environment.Job instance at 0x7fdf4dc4f6e0>,36,18,[ 3 12],37,-1,106,-1,88
1,<environment.Job instance at 0x7fdf4dc22820>,37,27,[ 5 11],38,-1,115,-1,88
1,<environment.Job instance at 0x7fdf4dc22780>,38,18,[14  5],39,-1,106,-1,88
1,<environment.Job instance at 0x7fdf4e9d0410>,40,19,[ 1 12],41,-1,107,-1,88
1,<environment.Job instance at 0x7fdf4dc22690>,42,27,[10  5],43,-1,120,-1,93
1,<environment.Job instance at 0x7fdf4dc3c550>,44,28,[5 5],45,-1,133,-1,105
1,<environment.Job instance at 0x7fdf4dc3c910>,45,27,[11  3],46,-1,132,-1,105
1,<environment.Job instance at 0x7fdf4e49b5f0>,46,24,[13  2],47,-1,129,-1,105
1,<environment.Job instance at 0x7fdf4dc41eb0>,49,16,[ 3 14],50,-1,121,-1,105
1,<environment.Job instance at 0x7fdf4d94c4b0>,50,24,[14  4],51,-1,129,-1,105
1,<environment.Job instance at 0x7fdf4e42a2d0>,51,13,[14  5],52,-1,118,-1,105
1,<environment.Job instance at 0x7fdf4dd2d280>,0,17,[11  2],1,-1,18,-1,1
1,<environment.Job instance at 0x7fdf4e49e0f0>,1,27,[10  3],2,-1,29,-1,2
1,<environment.Job instance at 0x7fdf4dd29550>,2,25,[ 3 12],3,-1,28,-1,3
1,<environment.Job instance at 0x7fdf4d645cd0>,3,13,[14  2],4,-1,17,-1,4
1,<environment.Job instance at 0x7fdf4d9c4140>,4,12,[ 4 14],5,-1,17,-1,5
1,<environment.Job instance at 0x7fdf4e49ed20>,5,26,[14  4],6,-1,32,-1,6
1,<environment.Job instance at 0x7fdf4dc9bc30>,6,23,[14  4],7,-1,30,-1,7
1,<environment.Job instance at 0x7fdf4dcce5f0>,7,26,[12  4],8,-1,34,-1,8
1,<environment.Job instance at 0x7fdf4dcce690>,8,23,[ 2 12],9,-1,32,-1,9
1,<environment.Job instance at 0x7fdf4dccad20>,11,13,[ 4 13],12,-1,25,-1,12
1,<environment.Job instance at 0x7fdf4dcca5a0>,14,14,[ 2 13],15,-1,29,-1,15
1,<environment.Job instance at 0x7fdf4dcca280>,16,14,[13  4],17,-1,31,-1,17
1,<environment.Job instance at 0x7fdf4dccae10>,17,12,[11  3],18,-1,30,-1,18
1,<environment.Job instance at 0x7fdf4dcca230>,19,18,[ 2 13],20,-1,38,-1,20
1,<environment.Job instance at 0x7fdf4dccae60>,20,16,[11  4],21,-1,37,-1,21
1,<environment.Job instance at 0x7fdf4dcb2640>,21,25,[ 2 12],22,-1,47,-1,22
1,<environment.Job instance at 0x7fdf4dccaeb0>,23,26,[11  4],24,-1,50,-1,24
1,<environment.Job instance at 0x7fdf4dcceeb0>,13,24,[9 1],14,-1,52,-1,28
1,<environment.Job instance at 0x7fdf4dcb2d20>,26,25,[5 3],27,-1,53,-1,28
1,<environment.Job instance at 0x7fdf4dcb2aa0>,29,28,[14  3],30,-1,68,-1,40
1,<environment.Job instance at 0x7fdf4dcb20a0>,31,23,[ 4 10],32,-1,68,-1,45
1,<environment.Job instance at 0x7fdf4dcb2190>,24,26,[ 1 10],25,-1,71,-1,45
1,<environment.Job instance at 0x7fdf4dcb25a0>,34,24,[ 4 12],35,-1,69,-1,45
1,<environment.Job instance at 0x7fdf4dcb20f0>,35,15,[14  1],36,-1,60,-1,45
1,<environment.Job instance at 0x7fdf4dcb27d0>,36,28,[14  2],37,-1,73,-1,45
1,<environment.Job instance at 0x7fdf4dcc4140>,40,27,[ 2 12],41,-1,85,-1,58
1,<environment.Job instance at 0x7fdf4dcc40a0>,41,25,[ 3 13],42,-1,83,-1,58
1,<environment.Job instance at 0x7fdf4dcb2870>,32,28,[10  2],33,-1,99,-1,71
1,<environment.Job instance at 0x7fdf4dcc41e0>,43,27,[9 5],44,-1,98,-1,71
1,<environment.Job instance at 0x7fdf4dcc4230>,44,25,[3 5],45,-1,96,-1,71
1,<environment.Job instance at 0x7fdf4dcc4f50>,45,23,[ 2 13],46,-1,94,-1,71
1,<environment.Job instance at 0x7fdf4dcc4820>,46,15,[11  2],47,-1,86,-1,71
1,<environment.Job instance at 0x7fdf4dcc48c0>,48,27,[ 4 14],49,-1,98,-1,71
1,<environment.Job instance at 0x7fdf4dcc4550>,49,28,[12  5],50,-1,99,-1,71
1,<environment.Job instance at 0x7fdf4dad7460>,51,27,[13  3],52,-1,106,-1,79
1,<environment.Job instance at 0x7fdf4dad7280>,52,26,[ 2 14],53,-1,105,-1,79
1,<environment.Job instance at 0x7fdf4dad7640>,53,25,[11  2],54,-1,104,-1,79
1,<environment.Job instance at 0x7fdf4dad7e10>,54,16,[11  4],55,-1,95,-1,79
1,<environment.Job instance at 0x7fdf4dad7d70>,55,13,[14  4],56,-1,92,-1,79
1,<environment.Job instance at 0x7fdf4dad76e0>,57,21,[12  2],58,-1,100,-1,79
1,<environment.Job instance at 0x7fdf4dad7aa0>,58,20,[ 1 11],59,-1,99,-1,79
1,<environment.Job instance at 0x7fdf4dad7b40>,59,14,[ 1 14],60,-1,93,-1,79
1,<environment.Job instance at 0x7fdf4dad7c80>,61,15,[12  3],62,-1,94,-1,79
1,<environment.Job instance at 0x7fdf4dcc49b0>,50,28,[2 5],51,-1,108,-1,80
1,<environment.Job instance at 0x7fdf4dad7af0>,63,22,[14  3],64,-1,102,-1,80
1,<environment.Job instance at 0x7fdf4dad77d0>,65,16,[11  4],66,-1,96,-1,80
1,<environment.Job instance at 0x7fdf4dad74b0>,66,20,[ 5 13],67,-1,100,-1,80
1,<environment.Job instance at 0x7fdf4dad7190>,67,20,[11  5],68,-1,100,-1,80
1,<environment.Job instance at 0x7fdf4dad7140>,68,23,[7 4],69,-1,115,-1,92
1,<environment.Job instance at 0x7fdf4dad70f0>,69,22,[13  3],70,-1,114,-1,92
1,<environment.Job instance at 0x7fdf4e9ac500>,70,14,[14  2],71,-1,106,-1,92
1,<environment.Job instance at 0x7fdf4e9ac410>,71,19,[13  5],72,-1,111,-1,92
1,<environment.Job instance at 0x7fdf4e9ac230>,72,16,[13  3],73,-1,108,-1,92
1,<environment.Job instance at 0x7fdf4e9ac9b0>,74,17,[ 1 13],75,-1,109,-1,92
1,<environment.Job instance at 0x7fdf4e9ac320>,75,23,[ 3 11],76,-1,115,-1,92
1,<environment.Job instance at 0x7fdf4e9ac780>,76,26,[11  1],77,-1,118,-1,92
1,<environment.Job instance at 0x7fdf4e9ac140>,77,25,[ 1 10],78,-1,130,-1,105
1,<environment.Job instance at 0x7fdf4e9ac050>,79,25,[ 4 11],80,-1,130,-1,105
1,<environment.Job instance at 0x7fdf4e9ac690>,81,26,[13  2],82,-1,132,-1,106
1,<environment.Job instance at 0x7fdf4e9acfa0>,82,20,[ 2 13],83,-1,126,-1,106
1,<environment.Job instance at 0x7fdf4d64c960>,1,26,[5 5],2,-1,28,-1,2
1,<environment.Job instance at 0x7fdf4de1ea00>,1,26,[5 5],2,-1,28,-1,2
1,<environment.Job instance at 0x7fdf4de1ec30>,2,15,[ 5 14],3,-1,18,-1,3
1,<environment.Job instance at 0x7fdf4de1e5a0>,3,27,[ 5 14],4,-1,31,-1,4
1,<environment.Job instance at 0x7fdf4de1e820>,4,21,[13  3],5,-1,26,-1,5
1,<environment.Job instance at 0x7fdf4de1eeb0>,5,28,[10  4],6,-1,34,-1,6
1,<environment.Job instance at 0x7fdf4de1e460>,6,25,[8 2],7,-1,32,-1,7
1,<environment.Job instance at 0x7fdf4de1e780>,9,13,[ 3 14],10,-1,23,-1,10
1,<environment.Job instance at 0x7fdf4de1e0f0>,11,18,[11  1],12,-1,30,-1,12
1,<environment.Job instance at 0x7fdf4de1ec80>,12,12,[ 4 12],13,-1,25,-1,13
1,<environment.Job instance at 0x7fdf4de1e2d0>,13,27,[ 4 14],14,-1,41,-1,14
1,<environment.Job instance at 0x7fdf4de1edc0>,16,24,[5 6],17,-1,51,-1,27
1,<environment.Job instance at 0x7fdf4dad7820>,18,22,[ 4 13],19,-1,49,-1,27
1,<environment.Job instance at 0x7fdf4dad70f0>,19,24,[ 1 10],20,-1,57,-1,33
1,<environment.Job instance at 0x7fdf4dad7b90>,21,25,[14  1],22,-1,58,-1,33
1,<environment.Job instance at 0x7fdf4dad7c80>,24,28,[5 7],25,-1,73,-1,45
1,<environment.Job instance at 0x7fdf4dad73c0>,25,28,[2 5],26,-1,73,-1,45
1,<environment.Job instance at 0x7fdf4dad7b40>,26,28,[ 2 14],27,-1,73,-1,45
1,<environment.Job instance at 0x7fdf4dad7d70>,28,28,[5 1],29,-1,73,-1,45
1,<environment.Job instance at 0x7fdf4dad7e10>,29,28,[1 9],30,-1,85,-1,57
1,<environment.Job instance at 0x7fdf4dad76e0>,34,15,[ 5 12],35,-1,84,-1,69
1,<environment.Job instance at 0x7fdf4dcc4cd0>,36,23,[12  4],37,-1,102,-1,79
1,<environment.Job instance at 0x7fdf4dcc4820>,38,22,[ 3 14],39,-1,106,-1,84
1,<environment.Job instance at 0x7fdf4dcc4230>,40,28,[5 5],41,-1,120,-1,92
1,<environment.Job instance at 0x7fdf4dcc4af0>,42,26,[ 5 14],43,-1,118,-1,92
1,<environment.Job instance at 0x7fdf4dcc41e0>,41,24,[10  1],42,-1,130,-1,106
1,<environment.Job instance at 0x7fdf4dcc4280>,45,16,[ 3 14],46,-1,122,-1,106
1,<environment.Job instance at 0x7fdf4dcc4730>,46,21,[12  4],47,-1,127,-1,106
1,<environment.Job instance at 0x7fdf4dcb27d0>,48,15,[13  3],49,-1,123,-1,108
1,<environment.Job instance at 0x7fdf4dcb2780>,50,26,[12  2],51,-1,134,-1,108
1,<environment.Job instance at 0x7fdf4dcb2870>,51,22,[13  3],52,-1,130,-1,108
1,<environment.Job instance at 0x7fdf4dcb20a0>,52,14,[14  4],53,-1,122,-1,108
1,<environment.Job instance at 0x7fdf4dcb21e0>,53,26,[13  4],54,-1,134,-1,108
1,<environment.Job instance at 0x7fdf4d7da7d0>,2,22,[1 8],3,-1,26,-1,4
1,<environment.Job instance at 0x7fdf4eb080a0>,4,15,[10  3],5,-1,20,-1,5
1,<environment.Job instance at 0x7fdf4eb08d70>,8,19,[9 2],9,-1,31,-1,12
1,<environment.Job instance at 0x7fdf4eb08460>,12,17,[10  3],13,-1,30,-1,13
1,<environment.Job instance at 0x7fdf4e5b0730>,13,17,[ 3 12],14,-1,86,-1,69
1,<environment.Job instance at 0x7fdf4e8775a0>,0,24,[9 1],1,-1,25,-1,1
1,<environment.Job instance at 0x7fdf4e8771e0>,1,16,[ 3 14],2,-1,18,-1,2
1,<environment.Job instance at 0x7fdf4e877410>,5,18,[13  4],6,-1,24,-1,6
1,<environment.Job instance at 0x7fdf4e877050>,6,24,[12  2],7,-1,31,-1,7
1,<environment.Job instance at 0x7fdf4e877d20>,7,12,[ 2 12],8,-1,20,-1,8
1,<environment.Job instance at 0x7fdf4e877140>,9,25,[5 1],10,-1,44,-1,19
1,<environment.Job instance at 0x7fdf4e877a50>,13,17,[ 3 12],14,-1,36,-1,19
1,<environment.Job instance at 0x7fdf4d8840a0>,15,16,[12  1],16,-1,35,-1,19
1,<environment.Job instance at 0x7fdf4d884280>,16,14,[ 4 13],17,-1,33,-1,19
1,<environment.Job instance at 0x7fdf4d884730>,17,21,[12  4],18,-1,40,-1,19
1,<environment.Job instance at 0x7fdf4d884a00>,18,13,[ 4 12],19,-1,32,-1,19
1,<environment.Job instance at 0x7fdf4da0ec30>,19,15,[14  5],20,-1,35,-1,20
1,<environment.Job instance at 0x7fdf4d8848c0>,22,23,[ 3 11],23,-1,48,-1,25
1,<environment.Job instance at 0x7fdf4d465550>,23,24,[ 4 14],24,-1,49,-1,25
1,<environment.Job instance at 0x7fdf4d4b7280>,25,13,[ 4 13],26,-1,47,-1,34
1,<environment.Job instance at 0x7fdf4dfef8c0>,26,25,[13  2],27,-1,59,-1,34
1,<environment.Job instance at 0x7fdf4d46dd70>,27,14,[ 1 11],28,-1,48,-1,34
1,<environment.Job instance at 0x7fdf4e7ab2d0>,24,23,[9 5],25,-1,73,-1,50
1,<environment.Job instance at 0x7fdf4dfed460>,28,24,[7 4],29,-1,74,-1,50
1,<environment.Job instance at 0x7fdf4e1b27d0>,31,26,[12  5],32,-1,76,-1,50
1,<environment.Job instance at 0x7fdf4e1b2d70>,32,28,[13  1],33,-1,78,-1,50
1,<environment.Job instance at 0x7fdf4e1cf3c0>,33,22,[ 5 14],34,-1,72,-1,50
1,<environment.Job instance at 0x7fdf4dcbf3c0>,34,20,[ 4 12],35,-1,70,-1,50
1,<environment.Job instance at 0x7fdf4dca0460>,35,24,[10  4],36,-1,74,-1,50
1,<environment.Job instance at 0x7fdf4e1cf8c0>,36,18,[14  3],37,-1,68,-1,50
1,<environment.Job instance at 0x7fdf4ed613c0>,38,25,[6 2],39,-1,87,-1,62
1,<environment.Job instance at 0x7fdf4dcc3640>,45,15,[ 4 11],46,-1,91,-1,76
1,<environment.Job instance at 0x7fdf4dcc32d0>,46,26,[6 2],47,-1,114,-1,88
1,<environment.Job instance at 0x7fdf4e1d7b40>,47,23,[8 1],48,-1,111,-1,88
1,<environment.Job instance at 0x7fdf4e1d72d0>,52,25,[3 8],53,-1,131,-1,106
1,<environment.Job instance at 0x7fdf4e1d7c30>,53,17,[14  5],54,-1,123,-1,106
1,<environment.Job instance at 0x7fdf4de20320>,54,15,[ 3 13],55,-1,121,-1,106
1,<environment.Job instance at 0x7fdf4de20640>,55,21,[11  5],56,-1,127,-1,106
1,<environment.Job instance at 0x7fdf4de20410>,56,28,[4 9],57,-1,134,-1,106
1,<environment.Job instance at 0x7fdf4de4e320>,57,23,[12  5],58,-1,129,-1,106
1,<environment.Job instance at 0x7fdf4de4e410>,58,23,[ 2 14],59,-1,129,-1,106
1,<environment.Job instance at 0x7fdf4e1d79b0>,49,26,[10  2],50,-1,132,-1,106
1,<environment.Job instance at 0x7fdf4d896280>,60,24,[14  3],61,-1,130,-1,106
1,<environment.Job instance at 0x7fdf4d8962d0>,61,28,[10  3],62,-1,134,-1,106
1,<environment.Job instance at 0x7fdf4dfb74b0>,63,23,[5 1],64,-1,129,-1,106
1,<environment.Job instance at 0x7fdf4e625f00>,6,20,[9 3],7,-1,28,-1,8
1,<environment.Job instance at 0x7fdf4e625fa0>,7,23,[13  2],8,-1,31,-1,8
1,<environment.Job instance at 0x7fdf4d896410>,14,28,[5 9],15,-1,53,-1,25
1,<environment.Job instance at 0x7fdf4eb5ca00>,0,17,[ 3 14],1,-1,18,-1,1
1,<environment.Job instance at 0x7fdf4de33e60>,3,22,[13  1],4,-1,26,-1,4
1,<environment.Job instance at 0x7fdf4de33f50>,4,13,[ 1 13],5,-1,18,-1,5
1,<environment.Job instance at 0x7fdf4de532d0>,5,17,[14  3],6,-1,23,-1,6
1,<environment.Job instance at 0x7fdf4de53460>,7,23,[13  2],8,-1,31,-1,8
1,<environment.Job instance at 0x7fdf4de480f0>,8,14,[12  4],9,-1,23,-1,9
1,<environment.Job instance at 0x7fdf4de39460>,10,24,[14  1],11,-1,35,-1,11
1,<environment.Job instance at 0x7fdf4de481e0>,11,24,[ 4 14],12,-1,36,-1,12
1,<environment.Job instance at 0x7fdf4de2ff50>,12,25,[14  2],13,-1,38,-1,13
1,<environment.Job instance at 0x7fdf4de2f0f0>,16,28,[12  1],17,-1,45,-1,17
1,<environment.Job instance at 0x7fdf4de39410>,14,28,[5 9],15,-1,55,-1,27
1,<environment.Job instance at 0x7fdf4de533c0>,9,25,[ 2 10],10,-1,66,-1,41
1,<environment.Job instance at 0x7fdf4de35640>,23,18,[11  4],24,-1,59,-1,41
1,<environment.Job instance at 0x7fdf4de40f50>,24,23,[9 1],25,-1,64,-1,41
1,<environment.Job instance at 0x7fdf4de401e0>,25,22,[ 3 11],26,-1,63,-1,41
1,<environment.Job instance at 0x7fdf4de43e60>,26,23,[9 4],27,-1,64,-1,41
1,<environment.Job instance at 0x7fdf4de43280>,27,13,[13  3],28,-1,54,-1,41
1,<environment.Job instance at 0x7fdf4de35aa0>,21,23,[7 5],22,-1,64,-1,41
1,<environment.Job instance at 0x7fdf4d8964b0>,29,19,[14  1],30,-1,60,-1,41
1,<environment.Job instance at 0x7fdf4de4e3c0>,30,13,[ 3 14],31,-1,54,-1,41
1,<environment.Job instance at 0x7fdf4de4e410>,31,21,[ 5 14],32,-1,62,-1,41
1,<environment.Job instance at 0x7fdf4de20dc0>,35,18,[13  2],36,-1,59,-1,41
1,<environment.Job instance at 0x7fdf4de20870>,37,17,[12  2],38,-1,60,-1,43
1,<environment.Job instance at 0x7fdf4d88dc30>,38,24,[4 8],39,-1,85,-1,61
1,<environment.Job instance at 0x7fdf4e65a5a0>,43,17,[14  5],44,-1,78,-1,61
1,<environment.Job instance at 0x7fdf4ed61730>,44,12,[11  5],45,-1,73,-1,61
1,<environment.Job instance at 0x7fdf4dfef8c0>,46,12,[11  1],47,-1,73,-1,61
1,<environment.Job instance at 0x7fdf4e637c80>,49,12,[ 1 13],50,-1,87,-1,75
1,<environment.Job instance at 0x7fdf4e6370a0>,50,14,[11  1],51,-1,89,-1,75
1,<environment.Job instance at 0x7fdf4db72500>,51,21,[14  1],52,-1,96,-1,75
1,<environment.Job instance at 0x7fdf4d4b7280>,52,24,[5 5],53,-1,111,-1,87
1,<environment.Job instance at 0x7fdf4d465550>,53,15,[ 4 11],54,-1,102,-1,87
1,<environment.Job instance at 0x7fdf4e625910>,54,22,[14  4],55,-1,109,-1,87
1,<environment.Job instance at 0x7fdf4e61d690>,56,23,[12  1],57,-1,111,-1,88
1,<environment.Job instance at 0x7fdf4e61d280>,57,28,[3 8],58,-1,121,-1,93
1,<environment.Job instance at 0x7fdf4ed90a00>,58,16,[ 4 14],59,-1,109,-1,93
1,<environment.Job instance at 0x7fdf4ed90780>,60,16,[ 2 12],61,-1,110,-1,94
1,<environment.Job instance at 0x7fdf4ed90cd0>,61,17,[13  4],62,-1,111,-1,94
1,<environment.Job instance at 0x7fdf4ed90d20>,64,13,[ 2 12],65,-1,120,-1,107
1,<environment.Job instance at 0x7fdf4ed90410>,65,18,[14  4],66,-1,125,-1,107
1,<environment.Job instance at 0x7fdf4e1cff50>,0,22,[13  2],1,-1,23,-1,1
1,<environment.Job instance at 0x7fdf4e1cf4b0>,1,23,[11  1],2,-1,25,-1,2
1,<environment.Job instance at 0x7fdf4e1cfaa0>,2,19,[11  4],3,-1,22,-1,3
1,<environment.Job instance at 0x7fdf4e1cfc30>,4,19,[13  1],5,-1,24,-1,5
1,<environment.Job instance at 0x7fdf4e1cf730>,5,20,[ 5 11],6,-1,26,-1,6
1,<environment.Job instance at 0x7fdf4e1cf910>,6,17,[ 3 14],7,-1,24,-1,7
1,<environment.Job instance at 0x7fdf4e1cf6e0>,7,13,[ 1 12],8,-1,21,-1,8
1,<environment.Job instance at 0x7fdf4e1cf870>,8,18,[14  2],9,-1,27,-1,9
1,<environment.Job instance at 0x7fdf4e1cf5f0>,10,25,[12  4],11,-1,36,-1,11
1,<environment.Job instance at 0x7fdf4e1cfa50>,12,28,[1 5],13,-1,41,-1,13
1,<environment.Job instance at 0x7fdf4e663820>,17,19,[12  2],18,-1,45,-1,26
1,<environment.Job instance at 0x7fdf4e663c80>,18,25,[3 5],19,-1,51,-1,26
1,<environment.Job instance at 0x7fdf4e6630f0>,19,23,[5 2],20,-1,49,-1,26
1,<environment.Job instance at 0x7fdf4e663b40>,20,25,[11  4],21,-1,51,-1,26
1,<environment.Job instance at 0x7fdf4e663230>,21,23,[ 3 10],22,-1,49,-1,26
1,<environment.Job instance at 0x7fdf4e1cfa00>,15,25,[2 6],16,-1,51,-1,26
1,<environment.Job instance at 0x7fdf4e663550>,23,21,[ 4 13],24,-1,47,-1,26
1,<environment.Job instance at 0x7fdf4e663aa0>,24,20,[12  2],25,-1,46,-1,26
1,<environment.Job instance at 0x7fdf4e663cd0>,25,28,[ 5 12],26,-1,54,-1,26
1,<environment.Job instance at 0x7fdf4e6634b0>,26,13,[ 3 12],27,-1,40,-1,27
1,<environment.Job instance at 0x7fdf4e6636e0>,27,17,[ 4 12],28,-1,45,-1,28
1,<environment.Job instance at 0x7fdf4e663e60>,30,20,[ 5 12],31,-1,60,-1,40
1,<environment.Job instance at 0x7fdf4e663dc0>,31,23,[12  1],32,-1,63,-1,40
1,<environment.Job instance at 0x7fdf4e663140>,32,19,[13  3],33,-1,59,-1,40
1,<environment.Job instance at 0x7fdf4ed90eb0>,34,12,[12  4],35,-1,52,-1,40
1,<environment.Job instance at 0x7fdf4ed90960>,35,19,[11  5],36,-1,59,-1,40
1,<environment.Job instance at 0x7fdf4ed90be0>,37,24,[13  1],38,-1,64,-1,40
1,<environment.Job instance at 0x7fdf4ed90d20>,39,15,[13  4],40,-1,55,-1,40
1,<environment.Job instance at 0x7fdf4ed90550>,40,27,[12  5],41,-1,80,-1,53
1,<environment.Job instance at 0x7fdf4ed90c30>,41,17,[ 5 12],42,-1,70,-1,53
1,<environment.Job instance at 0x7fdf4ed90c80>,43,21,[12  2],44,-1,77,-1,56
1,<environment.Job instance at 0x7fdf4ed90780>,44,14,[11  1],45,-1,70,-1,56
1,<environment.Job instance at 0x7fdf4e61d280>,45,23,[ 3 13],46,-1,79,-1,56
1,<environment.Job instance at 0x7fdf4d465550>,46,14,[13  4],47,-1,70,-1,56
1,<environment.Job instance at 0x7fdf4dca0460>,48,27,[ 1 10],49,-1,102,-1,75
1,<environment.Job instance at 0x7fdf4e6252d0>,49,14,[13  4],50,-1,89,-1,75
1,<environment.Job instance at 0x7fdf4e6250f0>,50,20,[ 5 12],51,-1,95,-1,75
1,<environment.Job instance at 0x7fdf4dfefbe0>,52,26,[5 5],53,-1,103,-1,77
1,<environment.Job instance at 0x7fdf4dca50a0>,51,24,[9 4],52,-1,101,-1,77
1,<environment.Job instance at 0x7fdf4e1b2d70>,56,18,[12  1],57,-1,107,-1,89
1,<environment.Job instance at 0x7fdf4ed61730>,57,14,[ 4 14],58,-1,103,-1,89
1,<environment.Job instance at 0x7fdf4dcb7b40>,59,23,[9 1],60,-1,115,-1,92
1,<environment.Job instance at 0x7fdf4e637c80>,60,12,[13  2],61,-1,104,-1,92
1,<environment.Job instance at 0x7fdf4dcb78c0>,61,15,[14  4],62,-1,107,-1,92
1,<environment.Job instance at 0x7fdf4d88dbe0>,62,24,[5 3],63,-1,116,-1,92
1,<environment.Job instance at 0x7fdf4dcc3640>,63,17,[14  4],64,-1,109,-1,92
1,<environment.Job instance at 0x7fdf4d88dc30>,65,16,[12  2],66,-1,108,-1,92
1,<environment.Job instance at 0x7fdf4de20320>,66,13,[ 4 14],67,-1,105,-1,92
1,<environment.Job instance at 0x7fdf4de4e410>,69,13,[14  3],70,-1,122,-1,109
1,<environment.Job instance at 0x7fdf4d896550>,71,28,[12  2],72,-1,137,-1,109
1,<environment.Job instance at 0x7fdf4d8962d0>,72,24,[12  5],73,-1,133,-1,109
1,<environment.Job instance at 0x7fdf4db797d0>,0,18,[1 6],1,-1,19,-1,1
1,<environment.Job instance at 0x7fdf4e1cf5a0>,8,17,[14  4],9,-1,55,-1,38
1,<environment.Job instance at 0x7fdf4dc10730>,15,25,[ 4 12],16,-1,63,-1,38
1,<environment.Job instance at 0x7fdf4dc10c80>,13,17,[14  3],14,-1,61,-1,44
1,<environment.Job instance at 0x7fdf4dc100f0>,16,23,[ 1 10],17,-1,67,-1,44
1,<environment.Job instance at 0x7fdf5737e3c0>,19,20,[ 1 11],20,-1,66,-1,46
1,<environment.Job instance at 0x7fdf4dc10f00>,12,19,[ 2 14],13,-1,95,-1,76
1,<environment.Job instance at 0x7fdf5737e550>,23,15,[14  4],24,-1,93,-1,78
1,<environment.Job instance at 0x7fdf5737e370>,24,28,[4 5],25,-1,110,-1,82
1,<environment.Job instance at 0x7fdf5737e0f0>,25,19,[8 5],26,-1,101,-1,82
1,<environment.Job instance at 0x7fdf4eadaaf0>,28,20,[ 5 10],29,-1,103,-1,83
1,<environment.Job instance at 0x7fdf5737edc0>,22,17,[ 5 13],23,-1,100,-1,83
1,<environment.Job instance at 0x7fdf4eada190>,32,20,[3 6],33,-1,107,-1,87
1,<environment.Job instance at 0x7fdf5737e140>,26,24,[ 4 13],27,-1,114,-1,90
1,<environment.Job instance at 0x7fdf4eadad20>,35,28,[ 4 11],36,-1,120,-1,92
1,<environment.Job instance at 0x7fdf5737e050>,21,19,[ 3 11],22,-1,111,-1,92
1,<environment.Job instance at 0x7fdf4eada780>,34,19,[6 2],35,-1,112,-1,93
1,<environment.Job instance at 0x7fdf4eada820>,36,23,[5 5],37,-1,117,-1,94
1,<environment.Job instance at 0x7fdf4d57ed70>,3,20,[11  1],4,-1,114,-1,94
1,<environment.Job instance at 0x7fdf4eadae10>,33,16,[1 5],34,-1,110,-1,94
1,<environment.Job instance at 0x7fdf4eadae60>,40,27,[10  1],41,-1,121,-1,94
1,<environment.Job instance at 0x7fdf4eada6e0>,39,12,[14  5],40,-1,106,-1,94
1,<environment.Job instance at 0x7fdf4eada410>,38,19,[ 2 11],39,-1,113,-1,94
1,<environment.Job instance at 0x7fdf4eadab40>,43,25,[11  3],44,-1,119,-1,94
1,<environment.Job instance at 0x7fdf4eadaf50>,41,12,[1 9],42,-1,106,-1,94
1,<environment.Job instance at 0x7fdf4eadabe0>,45,20,[ 5 11],46,-1,114,-1,94
1,<environment.Job instance at 0x7fdf57307050>,49,26,[ 3 13],50,-1,131,-1,105
1,<environment.Job instance at 0x7fdf57307820>,51,19,[14  5],52,-1,124,-1,105
1,<environment.Job instance at 0x7fdf57307fa0>,52,17,[10  5],53,-1,122,-1,105
1,<environment.Job instance at 0x7fdf4eada640>,42,18,[ 5 12],43,-1,123,-1,105
1,<environment.Job instance at 0x7fdf4ebc6870>,1,14,[ 5 14],2,-1,16,-1,2
1,<environment.Job instance at 0x7fdf4ebf1500>,2,16,[13  3],3,-1,19,-1,3
1,<environment.Job instance at 0x7fdf5d83db40>,3,20,[11  1],4,-1,24,-1,4
1,<environment.Job instance at 0x7fdf4eb5c9b0>,5,12,[ 2 14],6,-1,18,-1,6
1,<environment.Job instance at 0x7fdf4de33e60>,8,17,[14  4],9,-1,26,-1,9
1,<environment.Job instance at 0x7fdf4de53410>,9,12,[ 1 13],10,-1,22,-1,10
1,<environment.Job instance at 0x7fdf4de53460>,11,25,[9 1],12,-1,37,-1,12
1,<environment.Job instance at 0x7fdf4de480f0>,12,19,[ 2 14],13,-1,32,-1,13
1,<environment.Job instance at 0x7fdf4de39460>,13,17,[14  3],14,-1,31,-1,14
1,<environment.Job instance at 0x7fdf4de393c0>,14,23,[ 1 13],15,-1,38,-1,15
1,<environment.Job instance at 0x7fdf4de39410>,15,25,[ 4 12],16,-1,41,-1,16
1,<environment.Job instance at 0x7fdf4de533c0>,17,14,[ 1 11],18,-1,32,-1,18
1,<environment.Job instance at 0x7fdf4de33f00>,7,27,[3 7],8,-1,46,-1,19
1,<environment.Job instance at 0x7fdf4de2fb40>,16,23,[ 1 10],17,-1,42,-1,19
1,<environment.Job instance at 0x7fdf4de2fc80>,18,13,[ 2 11],19,-1,32,-1,19
1,<environment.Job instance at 0x7fdf4de2fb90>,19,20,[ 1 11],20,-1,40,-1,20
1,<environment.Job instance at 0x7fdf4de328c0>,20,14,[14  1],21,-1,35,-1,21
1,<environment.Job instance at 0x7fdf4de32690>,21,19,[ 3 11],22,-1,41,-1,22
1,<environment.Job instance at 0x7fdf4de326e0>,22,17,[ 5 13],23,-1,40,-1,23
1,<environment.Job instance at 0x7fdf4de2f050>,23,15,[14  4],24,-1,39,-1,24
1,<environment.Job instance at 0x7fdf4de35190>,24,28,[4 5],25,-1,55,-1,27
1,<environment.Job instance at 0x7fdf4de352d0>,26,24,[ 4 13],27,-1,51,-1,27
1,<environment.Job instance at 0x7fdf4de43a50>,27,20,[12  4],28,-1,48,-1,28
1,<environment.Job instance at 0x7fdf4de43280>,30,15,[ 4 12],31,-1,46,-1,31
1,<environment.Job instance at 0x7fdf4de43320>,29,26,[3 5],30,-1,60,-1,34
1,<environment.Job instance at 0x7fdf4dcc32d0>,35,28,[ 4 11],36,-1,64,-1,36
1,<environment.Job instance at 0x7fdf4dcb7b40>,38,19,[ 2 11],39,-1,64,-1,45
1,<environment.Job instance at 0x7fdf4dcb7d70>,39,12,[14  5],40,-1,57,-1,45
1,<environment.Job instance at 0x7fdf4de20640>,36,23,[5 5],37,-1,68,-1,45
1,<environment.Job instance at 0x7fdf4e65a5a0>,42,18,[ 5 12],43,-1,63,-1,45
1,<environment.Job instance at 0x7fdf4da02320>,43,25,[11  3],44,-1,70,-1,45
1,<environment.Job instance at 0x7fdf4e66cb40>,44,16,[ 4 12],45,-1,61,-1,45
1,<environment.Job instance at 0x7fdf4e610d20>,45,20,[ 5 11],46,-1,66,-1,46
1,<environment.Job instance at 0x7fdf4d4b7280>,46,23,[12  5],47,-1,70,-1,47
1,<environment.Job instance at 0x7fdf4dca50a0>,47,26,[12  3],48,-1,74,-1,48
1,<environment.Job instance at 0x7fdf4db72500>,49,26,[ 3 13],50,-1,81,-1,55
1,<environment.Job instance at 0x7fdf4e625910>,50,23,[2 7],51,-1,78,-1,55
1,<environment.Job instance at 0x7fdf4e6250f0>,51,19,[14  5],52,-1,74,-1,55
1,<environment.Job instance at 0x7fdf4e663d20>,53,20,[ 4 13],54,-1,75,-1,55
1,<environment.Job instance at 0x7fdf4e663dc0>,54,28,[12  1],55,-1,83,-1,55
1,<environment.Job instance at 0x7fdf4e1b2d70>,40,27,[10  1],41,-1,91,-1,64
1,<environment.Job instance at 0x7fdf4e663730>,56,13,[14  2],57,-1,77,-1,64
1,<environment.Job instance at 0x7fdf4e663500>,59,26,[11  5],60,-1,93,-1,67
1,<environment.Job instance at 0x7fdf4e6633c0>,60,21,[13  3],61,-1,88,-1,67
1,<environment.Job instance at 0x7fdf4e663960>,61,27,[13  4],62,-1,94,-1,67
1,<environment.Job instance at 0x7fdf4e663eb0>,62,24,[8 1],63,-1,102,-1,78
1,<environment.Job instance at 0x7fdf4e663870>,64,14,[ 3 14],65,-1,92,-1,78
1,<environment.Job instance at 0x7fdf4e663320>,66,20,[ 4 13],67,-1,98,-1,78
1,<environment.Job instance at 0x7fdf4e6630a0>,67,12,[14  3],68,-1,90,-1,78
1,<environment.Job instance at 0x7fdf4e6638c0>,68,26,[5 1],69,-1,104,-1,78
1,<environment.Job instance at 0x7fdf4e663780>,69,21,[13  1],70,-1,99,-1,78
1,<environment.Job instance at 0x7fdf4e663d70>,71,22,[13  4],72,-1,100,-1,78
1,<environment.Job instance at 0x7fdf4e1cfa50>,72,24,[1 8],73,-1,116,-1,92
1,<environment.Job instance at 0x7fdf4e0c73c0>,6,16,[ 5 11],7,-1,28,-1,12
1,<environment.Job instance at 0x7fdf4d896500>,0,16,[ 4 11],1,-1,17,-1,1
1,<environment.Job instance at 0x7fdf4d8962d0>,1,28,[ 4 13],2,-1,30,-1,2
1,<environment.Job instance at 0x7fdf4de2f050>,2,15,[ 5 14],3,-1,18,-1,3
1,<environment.Job instance at 0x7fdf4de2fc80>,3,25,[13  4],4,-1,29,-1,4
1,<environment.Job instance at 0x7fdf4de2fc30>,4,20,[13  5],5,-1,25,-1,5
1,<environment.Job instance at 0x7fdf4de2ff50>,5,25,[7 3],6,-1,31,-1,6
1,<environment.Job instance at 0x7fdf4d896550>,6,16,[ 5 11],7,-1,23,-1,7
1,<environment.Job instance at 0x7fdf4e1bc5f0>,8,21,[14  2],9,-1,30,-1,9
1,<environment.Job instance at 0x7fdf4e4b7af0>,9,13,[12  4],10,-1,23,-1,10
1,<environment.Job instance at 0x7fdf4de2f140>,10,26,[14  5],11,-1,37,-1,11
1,<environment.Job instance at 0x7fdf4d5b2370>,12,19,[ 2 13],13,-1,32,-1,13
1,<environment.Job instance at 0x7fdf4e0b50a0>,15,13,[11  1],16,-1,29,-1,16
1,<environment.Job instance at 0x7fdf4d5b2f50>,13,24,[5 3],14,-1,46,-1,22
1,<environment.Job instance at 0x7fdf4d56f050>,19,17,[ 4 14],20,-1,39,-1,22
1,<environment.Job instance at 0x7fdf4d56fa00>,21,17,[12  4],22,-1,39,-1,22
1,<environment.Job instance at 0x7fdf57929320>,22,14,[ 3 11],23,-1,37,-1,23
1,<environment.Job instance at 0x7fdf579298c0>,23,16,[ 4 13],24,-1,40,-1,24
1,<environment.Job instance at 0x7fdf57929550>,24,24,[ 1 11],25,-1,49,-1,25
1,<environment.Job instance at 0x7fdf57929820>,25,17,[ 4 11],26,-1,43,-1,26
1,<environment.Job instance at 0x7fdf579294b0>,27,15,[ 2 12],28,-1,43,-1,28
1,<environment.Job instance at 0x7fdf4dd92460>,28,22,[ 5 13],29,-1,51,-1,29
1,<environment.Job instance at 0x7fdf4dd92fa0>,29,16,[12  4],30,-1,46,-1,30
1,<environment.Job instance at 0x7fdf4dd92320>,30,26,[11  3],31,-1,57,-1,31
1,<environment.Job instance at 0x7fdf4dd92820>,32,15,[13  2],33,-1,49,-1,34
1,<environment.Job instance at 0x7fdf4dd92910>,33,23,[4 9],34,-1,57,-1,34
1,<environment.Job instance at 0x7fdf4d9290f0>,34,25,[7 5],35,-1,62,-1,37
1,<environment.Job instance at 0x7fdf4d845370>,36,28,[ 3 13],37,-1,65,-1,37
1,<environment.Job instance at 0x7fdf4d929eb0>,35,23,[5 4],36,-1,60,-1,37
1,<environment.Job instance at 0x7fdf4d479d20>,39,19,[ 1 13],40,-1,59,-1,40
1,<environment.Job instance at 0x7fdf4d479fa0>,41,28,[4 5],42,-1,80,-1,52
1,<environment.Job instance at 0x7fdf4d479730>,42,26,[1 7],43,-1,78,-1,52
1,<environment.Job instance at 0x7fdf4d4794b0>,43,21,[13  3],44,-1,73,-1,52
1,<environment.Job instance at 0x7fdf4e3515a0>,44,23,[6 2],45,-1,75,-1,52
1,<environment.Job instance at 0x7fdf4e3513c0>,47,27,[ 3 13],48,-1,79,-1,52
1,<environment.Job instance at 0x7fdf4e351190>,48,22,[13  1],49,-1,74,-1,52
1,<environment.Job instance at 0x7fdf4e351140>,49,26,[ 4 12],50,-1,78,-1,52
1,<environment.Job instance at 0x7fdf4dc2e4b0>,51,25,[ 5 12],52,-1,77,-1,52
1,<environment.Job instance at 0x7fdf4dc2e730>,52,28,[12  4],53,-1,81,-1,53
1,<environment.Job instance at 0x7fdf4dc2e3c0>,53,18,[13  5],54,-1,72,-1,54
1,<environment.Job instance at 0x7fdf4dc2e820>,55,24,[8 3],56,-1,89,-1,65
1,<environment.Job instance at 0x7fdf4dc2e690>,56,25,[ 1 14],57,-1,90,-1,65
1,<environment.Job instance at 0x7fdf4dc2ec30>,57,23,[9 5],58,-1,88,-1,65
1,<environment.Job instance at 0x7fdf4dc2e550>,59,22,[ 3 12],60,-1,87,-1,65
1,<environment.Job instance at 0x7fdf4dc2e460>,60,25,[ 1 11],61,-1,90,-1,65
1,<environment.Job instance at 0x7fdf4dc2e0f0>,61,14,[12  4],62,-1,79,-1,65
1,<environment.Job instance at 0x7fdf4d4e8b40>,65,12,[ 3 14],66,-1,80,-1,68
1,<environment.Job instance at 0x7fdf4d4e8320>,66,24,[11  4],67,-1,92,-1,68
1,<environment.Job instance at 0x7fdf4e6b3d70>,69,13,[12  1],70,-1,97,-1,84
1,<environment.Job instance at 0x7fdf4e6b3d20>,71,26,[9 5],72,-1,127,-1,101
1,<environment.Job instance at 0x7fdf4e6b3e10>,72,18,[13  5],73,-1,119,-1,101
1,<environment.Job instance at 0x7fdf4e6b3eb0>,73,25,[11  5],74,-1,126,-1,101
1,<environment.Job instance at 0x7fdf4e6b3140>,74,17,[12  3],75,-1,118,-1,101
1,<environment.Job instance at 0x7fdf4e748730>,8,20,[10  5],9,-1,30,-1,10
1,<environment.Job instance at 0x7fdf4dc2f820>,1,15,[ 1 12],2,-1,17,-1,2
1,<environment.Job instance at 0x7fdf4dc2fb90>,2,15,[14  5],3,-1,18,-1,3
1,<environment.Job instance at 0x7fdf572e20a0>,5,16,[ 3 11],6,-1,22,-1,6
1,<environment.Job instance at 0x7fdf4dc2f500>,7,14,[ 1 12],8,-1,22,-1,8
1,<environment.Job instance at 0x7fdf4d4ba9b0>,10,17,[ 2 12],11,-1,28,-1,11
1,<environment.Job instance at 0x7fdf4d4bafa0>,11,28,[12  3],12,-1,40,-1,12
1,<environment.Job instance at 0x7fdf4d4ba820>,12,18,[11  5],13,-1,31,-1,13
1,<environment.Job instance at 0x7fdf4d4ba730>,17,28,[3 7],18,-1,59,-1,31
1,<environment.Job instance at 0x7fdf4d4baf50>,16,26,[5 5],17,-1,57,-1,31
1,<environment.Job instance at 0x7fdf4d4ba960>,20,12,[13  5],21,-1,43,-1,31
1,<environment.Job instance at 0x7fdf4d4ba5a0>,23,26,[ 3 11],24,-1,57,-1,31
1,<environment.Job instance at 0x7fdf4d4ba7d0>,24,18,[ 3 14],25,-1,49,-1,31
1,<environment.Job instance at 0x7fdf4d4babe0>,25,15,[12  2],26,-1,46,-1,31
1,<environment.Job instance at 0x7fdf4e6b3410>,26,24,[ 5 14],27,-1,55,-1,31
1,<environment.Job instance at 0x7fdf4e6b30f0>,27,24,[ 1 13],28,-1,55,-1,31
1,<environment.Job instance at 0x7fdf4e6b39b0>,28,14,[ 5 13],29,-1,45,-1,31
1,<environment.Job instance at 0x7fdf4e6b3780>,29,19,[ 3 13],30,-1,50,-1,31
1,<environment.Job instance at 0x7fdf4e6b3870>,30,17,[ 2 14],31,-1,48,-1,31
1,<environment.Job instance at 0x7fdf4e6b3af0>,32,27,[12  1],33,-1,70,-1,43
1,<environment.Job instance at 0x7fdf4d4baf00>,19,23,[ 2 10],20,-1,79,-1,56
1,<environment.Job instance at 0x7fdf4e6b3d70>,34,21,[13  3],35,-1,77,-1,56
1,<environment.Job instance at 0x7fdf4e6b3c30>,36,27,[ 1 14],37,-1,83,-1,56
1,<environment.Job instance at 0x7fdf4e6b35a0>,37,23,[8 5],38,-1,93,-1,70
1,<environment.Job instance at 0x7fdf4d4e8780>,39,25,[5 7],40,-1,95,-1,70
1,<environment.Job instance at 0x7fdf4d4e88c0>,41,24,[5 6],42,-1,94,-1,70
1,<environment.Job instance at 0x7fdf4d4e8af0>,42,27,[12  5],43,-1,97,-1,70
1,<environment.Job instance at 0x7fdf4dc2eeb0>,43,22,[14  4],44,-1,92,-1,70
1,<environment.Job instance at 0x7fdf4dc2ebe0>,44,28,[ 2 11],45,-1,98,-1,70
1,<environment.Job instance at 0x7fdf4dc2e7d0>,45,22,[11  3],46,-1,92,-1,70
1,<environment.Job instance at 0x7fdf4dc2e870>,47,15,[14  3],48,-1,85,-1,70
1,<environment.Job instance at 0x7fdf4dc2e230>,51,14,[ 1 14],52,-1,87,-1,73
1,<environment.Job instance at 0x7fdf4dc2e6e0>,53,14,[11  4],54,-1,99,-1,85
1,<environment.Job instance at 0x7fdf4e351190>,54,17,[ 1 14],55,-1,102,-1,85
1,<environment.Job instance at 0x7fdf4e351460>,55,18,[ 4 12],56,-1,103,-1,85
1,<environment.Job instance at 0x7fdf4e351500>,57,21,[13  1],58,-1,107,-1,86
1,<environment.Job instance at 0x7fdf4e351e60>,58,25,[5 4],59,-1,124,-1,99
1,<environment.Job instance at 0x7fdf4d479cd0>,60,18,[14  1],61,-1,117,-1,99
1,<environment.Job instance at 0x7fdf4d479730>,62,16,[ 5 13],63,-1,119,-1,103
1,<environment.Job instance at 0x7fdf4d845af0>,63,17,[ 2 12],64,-1,120,-1,103
1,<environment.Job instance at 0x7fdf4d845780>,64,25,[14  5],65,-1,128,-1,103
1,<environment.Job instance at 0x7fdf4d929230>,65,17,[14  5],66,-1,120,-1,103
1,<environment.Job instance at 0x7fdf4d9290f0>,66,13,[12  1],67,-1,116,-1,103
1,<environment.Job instance at 0x7fd247334b90>,2,20,[7 4],3,-1,23,-1,3
1,<environment.Job instance at 0x7fd24732f460>,3,13,[12  4],4,-1,17,-1,4
1,<environment.Job instance at 0x7fd24742a140>,5,24,[ 2 14],6,-1,30,-1,6
1,<environment.Job instance at 0x7fd247373910>,6,15,[ 2 14],7,-1,22,-1,7
1,<environment.Job instance at 0x7fd2474d5b40>,8,20,[ 4 13],9,-1,29,-1,9
1,<environment.Job instance at 0x7fd24732cb90>,9,16,[12  1],10,-1,26,-1,10
1,<environment.Job instance at 0x7fd2509c4370>,4,24,[7 2],5,-1,42,-1,18
1,<environment.Job instance at 0x7fd24732ca00>,12,28,[ 1 14],13,-1,46,-1,18
1,<environment.Job instance at 0x7fd24732c8c0>,14,15,[14  4],15,-1,33,-1,18
1,<environment.Job instance at 0x7fd24732cc30>,15,20,[ 3 12],16,-1,38,-1,18
1,<environment.Job instance at 0x7fd247344b40>,1,24,[10  1],2,-1,47,-1,23
1,<environment.Job instance at 0x7fd2473c9050>,17,19,[12  4],18,-1,42,-1,23
1,<environment.Job instance at 0x7fd2473f8500>,18,18,[13  1],19,-1,41,-1,23
1,<environment.Job instance at 0x7fd2474b9230>,19,23,[8 4],20,-1,46,-1,23
1,<environment.Job instance at 0x7fd247468320>,20,17,[ 2 14],21,-1,40,-1,23
1,<environment.Job instance at 0x7fd2474e2190>,21,14,[ 4 11],22,-1,37,-1,23
1,<environment.Job instance at 0x7fd2474d50a0>,7,26,[9 3],8,-1,49,-1,23
1,<environment.Job instance at 0x7fd24732c7d0>,16,28,[5 1],17,-1,51,-1,23
1,<environment.Job instance at 0x7fd2474b8fa0>,23,16,[12  2],24,-1,40,-1,24
1,<environment.Job instance at 0x7fd24745f960>,27,17,[ 4 12],28,-1,50,-1,33
1,<environment.Job instance at 0x7fd24745fa50>,28,17,[ 1 13],29,-1,50,-1,33
1,<environment.Job instance at 0x7fd24745fe60>,29,24,[ 4 13],30,-1,57,-1,33
1,<environment.Job instance at 0x7fd2474585a0>,30,26,[11  4],31,-1,59,-1,33
1,<environment.Job instance at 0x7fd247458230>,31,28,[ 2 10],32,-1,61,-1,33
1,<environment.Job instance at 0x7fd247442c30>,25,24,[5 7],26,-1,57,-1,33
1,<environment.Job instance at 0x7fd24746bf00>,33,28,[6 4],34,-1,64,-1,36
1,<environment.Job instance at 0x7fd247459dc0>,34,24,[5 5],35,-1,60,-1,36
1,<environment.Job instance at 0x7fd24744e960>,37,14,[ 5 14],38,-1,52,-1,38
1,<environment.Job instance at 0x7fd2473d9f00>,38,24,[13  2],39,-1,63,-1,39
1,<environment.Job instance at 0x7fd2473d9410>,40,26,[ 1 14],41,-1,71,-1,45
1,<environment.Job instance at 0x7fd2474dcfa0>,42,12,[ 5 12],43,-1,57,-1,45
1,<environment.Job instance at 0x7fd2473c8230>,44,12,[11  3],45,-1,64,-1,52
1,<environment.Job instance at 0x7fd2474dc550>,45,12,[ 3 14],46,-1,64,-1,52
1,<environment.Job instance at 0x7fd2473f69b0>,47,14,[12  2],48,-1,71,-1,57
1,<environment.Job instance at 0x7fd2473f6190>,48,14,[ 1 11],49,-1,71,-1,57
1,<environment.Job instance at 0x7fd2473f6e10>,50,13,[ 4 12],51,-1,81,-1,68
1,<environment.Job instance at 0x7fd2473f6410>,52,21,[14  2],53,-1,89,-1,68
1,<environment.Job instance at 0x7fd2473f62d0>,55,12,[ 2 12],56,-1,99,-1,87
1,<environment.Job instance at 0x7fd2473f6af0>,57,16,[ 2 11],58,-1,104,-1,88
1,<environment.Job instance at 0x7fd2473f67d0>,58,17,[ 3 13],59,-1,105,-1,88
1,<environment.Job instance at 0x7fd2474e1190>,60,28,[2 6],61,-1,116,-1,88
1,<environment.Job instance at 0x7fd24748a550>,61,23,[13  5],62,-1,111,-1,88
1,<environment.Job instance at 0x7fd24742f370>,62,14,[ 4 11],63,-1,102,-1,88
1,<environment.Job instance at 0x7fd2474de0a0>,64,24,[2 8],65,-1,112,-1,88
1,<environment.Job instance at 0x7fd2474409b0>,65,26,[5 5],66,-1,126,-1,100
1,<environment.Job instance at 0x7fd247440a00>,66,17,[ 4 12],67,-1,117,-1,100
1,<environment.Job instance at 0x7fd247440550>,69,26,[1 7],70,-1,126,-1,100
1,<environment.Job instance at 0x7fd247426910>,72,28,[11  1],73,-1,141,-1,113
1,<environment.Job instance at 0x7fd246a83230>,3,26,[5 2],4,-1,30,-1,4
1,<environment.Job instance at 0x7fd246a83820>,5,21,[10  1],6,-1,28,-1,7
1,<environment.Job instance at 0x7fd246a835f0>,6,27,[12  1],7,-1,34,-1,7
1,<environment.Job instance at 0x7fd246a83550>,4,18,[13  5],5,-1,32,-1,14
1,<environment.Job instance at 0x7fd246a82410>,12,21,[14  2],13,-1,35,-1,14
1,<environment.Job instance at 0x7fd246a822d0>,11,27,[13  4],12,-1,43,-1,16
1,<environment.Job instance at 0x7fd246a82af0>,14,26,[4 7],15,-1,42,-1,16
1,<environment.Job instance at 0x7fd246a83050>,10,21,[5 4],11,-1,39,-1,18
1,<environment.Job instance at 0x7fd246a829b0>,17,15,[14  4],18,-1,35,-1,20
1,<environment.Job instance at 0x7fd246a77f00>,20,24,[6 5],21,-1,45,-1,21
1,<environment.Job instance at 0x7fd246a82690>,13,17,[5 1],14,-1,42,-1,25
1,<environment.Job instance at 0x7fd246a82870>,19,17,[8 2],20,-1,42,-1,25
1,<environment.Job instance at 0x7fd246a775a0>,23,14,[ 3 12],24,-1,39,-1,25
1,<environment.Job instance at 0x7fd246a772d0>,24,15,[ 2 13],25,-1,40,-1,25
1,<environment.Job instance at 0x7fd246a827d0>,15,17,[ 5 12],16,-1,43,-1,26
1,<environment.Job instance at 0x7fd246a77aa0>,25,26,[7 2],26,-1,54,-1,28
1,<environment.Job instance at 0x7fd246a77c30>,27,21,[9 2],28,-1,49,-1,28
1,<environment.Job instance at 0x7fd246a77960>,28,13,[10  5],29,-1,45,-1,32
1,<environment.Job instance at 0x7fd246a82d70>,22,23,[ 3 11],23,-1,56,-1,33
1,<environment.Job instance at 0x7fd246a810a0>,29,28,[3 8],30,-1,61,-1,33
1,<environment.Job instance at 0x7fd246a811e0>,30,24,[ 2 13],31,-1,57,-1,33
1,<environment.Job instance at 0x7fd246a82960>,8,26,[1 6],9,-1,59,-1,33
1,<environment.Job instance at 0x7fd246a81410>,33,27,[9 2],34,-1,61,-1,34
1,<environment.Job instance at 0x7fd246a812d0>,31,28,[7 1],32,-1,64,-1,36
1,<environment.Job instance at 0x7fd246a81eb0>,35,17,[5 8],36,-1,54,-1,37
1,<environment.Job instance at 0x7fd2473f6910>,0,17,[ 4 12],1,-1,18,-1,1
1,<environment.Job instance at 0x7fd2473f6050>,1,27,[ 4 11],2,-1,29,-1,2
1,<environment.Job instance at 0x7fd2509c40f0>,3,26,[5 2],4,-1,30,-1,4
1,<environment.Job instance at 0x7fd247344d20>,4,18,[13  5],5,-1,23,-1,5
1,<environment.Job instance at 0x7fd247344a50>,6,27,[12  1],7,-1,34,-1,7
1,<environment.Job instance at 0x7fd2509c4370>,7,20,[13  4],8,-1,28,-1,8
1,<environment.Job instance at 0x7fd246b27b90>,8,26,[1 6],9,-1,35,-1,9
1,<environment.Job instance at 0x7fd246b2b550>,9,14,[13  2],10,-1,24,-1,10
1,<environment.Job instance at 0x7fd246b579b0>,11,27,[13  4],12,-1,39,-1,12
1,<environment.Job instance at 0x7fd246c58640>,12,21,[14  2],13,-1,34,-1,13
1,<environment.Job instance at 0x7fd246b59f50>,15,17,[ 5 12],16,-1,33,-1,16
1,<environment.Job instance at 0x7fd246b31eb0>,17,15,[14  4],18,-1,33,-1,18
1,<environment.Job instance at 0x7fd246b57820>,14,26,[4 7],15,-1,47,-1,21
1,<environment.Job instance at 0x7fd246b59fa0>,20,24,[6 5],21,-1,45,-1,21
1,<environment.Job instance at 0x7fd246af05f0>,22,23,[ 3 11],23,-1,46,-1,23
1,<environment.Job instance at 0x7fd246b609b0>,23,14,[ 3 12],24,-1,38,-1,24
1,<environment.Job instance at 0x7fd246ae9a00>,24,15,[ 2 13],25,-1,40,-1,25
1,<environment.Job instance at 0x7fd246ae92d0>,26,20,[13  4],27,-1,47,-1,27
1,<environment.Job instance at 0x7fd246af0690>,25,26,[7 2],26,-1,59,-1,33
1,<environment.Job instance at 0x7fd246b5ba00>,30,24,[ 2 13],31,-1,57,-1,33
1,<environment.Job instance at 0x7fd246b5b8c0>,31,28,[7 1],32,-1,61,-1,33
1,<environment.Job instance at 0x7fd246aec7d0>,33,27,[9 2],34,-1,65,-1,38
1,<environment.Job instance at 0x7fd246b5b5f0>,34,26,[12  4],35,-1,64,-1,38
1,<environment.Job instance at 0x7fd246b5b050>,29,28,[3 8],30,-1,73,-1,45
1,<environment.Job instance at 0x7fd246aec050>,37,25,[ 3 13],38,-1,70,-1,45
1,<environment.Job instance at 0x7fd246af7b90>,38,24,[12  5],39,-1,69,-1,45
1,<environment.Job instance at 0x7fd246af7190>,39,25,[ 2 11],40,-1,70,-1,45
1,<environment.Job instance at 0x7fd246af70f0>,40,26,[5 4],41,-1,71,-1,45
1,<environment.Job instance at 0x7fd246af72d0>,41,23,[ 3 14],42,-1,68,-1,45
1,<environment.Job instance at 0x7fd246afa5a0>,43,17,[13  1],44,-1,62,-1,45
1,<environment.Job instance at 0x7fd246afa690>,45,16,[11  3],46,-1,71,-1,55
1,<environment.Job instance at 0x7fd246b49140>,46,24,[13  4],47,-1,79,-1,55
1,<environment.Job instance at 0x7fd246b49190>,47,18,[14  2],48,-1,73,-1,55
1,<environment.Job instance at 0x7fd246b495f0>,49,17,[14  3],50,-1,76,-1,59
1,<environment.Job instance at 0x7fd246aff190>,50,24,[ 4 11],51,-1,83,-1,59
1,<environment.Job instance at 0x7fd246afff50>,54,25,[14  5],55,-1,109,-1,84
1,<environment.Job instance at 0x7fd246c4eb90>,55,24,[3 7],56,-1,110,-1,86
1,<environment.Job instance at 0x7fd246b0bbe0>,57,17,[11  1],58,-1,103,-1,86
1,<environment.Job instance at 0x7fd246b0bb40>,58,27,[ 3 13],59,-1,113,-1,86
1,<environment.Job instance at 0x7fd246af4370>,60,26,[3 9],61,-1,123,-1,97
1,<environment.Job instance at 0x7fd246af4320>,61,19,[11  4],62,-1,116,-1,97
1,<environment.Job instance at 0x7fd246b02820>,62,24,[4 9],63,-1,121,-1,97
1,<environment.Job instance at 0x7fd246b8a640>,63,25,[13  2],64,-1,122,-1,97
1,<environment.Job instance at 0x7fd246cd82d0>,64,23,[6 4],65,-1,120,-1,97
1,<environment.Job instance at 0x7fd246b02c80>,65,22,[12  2],66,-1,119,-1,97
1,<environment.Job instance at 0x7fd246b020f0>,68,13,[ 3 11],69,-1,115,-1,102
1,<environment.Job instance at 0x7fd246b46eb0>,69,14,[14  1],70,-1,116,-1,102
1,<environment.Job instance at 0x7fd246b46f00>,70,14,[12  1],71,-1,116,-1,102
1,<environment.Job instance at 0x7fd246b46320>,71,17,[12  4],72,-1,119,-1,102
1,<environment.Job instance at 0x7fd246c31820>,74,16,[ 4 14],75,-1,134,-1,118
1,<environment.Job instance at 0x7fd2509a6870>,1,24,[7 2],2,-1,26,-1,2
1,<environment.Job instance at 0x7fd2509a66e0>,7,27,[6 1],8,-1,38,-1,11
1,<environment.Job instance at 0x7fd2509a6550>,11,24,[6 2],12,-1,36,-1,12
1,<environment.Job instance at 0x7fd2509a6d70>,8,27,[ 4 13],9,-1,41,-1,14
1,<environment.Job instance at 0x7fd2509a6820>,10,27,[11  1],11,-1,42,-1,15
1,<environment.Job instance at 0x7fd2468eb640>,13,16,[5 8],14,-1,31,-1,15
1,<environment.Job instance at 0x7fd2468eb8c0>,20,27,[3 9],21,-1,75,-1,48
1,<environment.Job instance at 0x7fd2468eb6e0>,23,17,[10  2],24,-1,65,-1,48
1,<environment.Job instance at 0x7fd2468ebfa0>,21,20,[ 4 11],22,-1,78,-1,58
1,<environment.Job instance at 0x7fd2468eb0a0>,26,25,[11  3],27,-1,86,-1,61
1,<environment.Job instance at 0x7fd2468eb460>,19,28,[14  4],20,-1,89,-1,61
1,<environment.Job instance at 0x7fd2468ebdc0>,24,27,[1 5],25,-1,88,-1,61
1,<environment.Job instance at 0x7fd2468ebe60>,30,19,[11  3],31,-1,93,-1,74
1,<environment.Job instance at 0x7fd24695a410>,36,22,[7 5],37,-1,122,-1,100
1,<environment.Job instance at 0x7fd2468ebf00>,18,26,[ 2 13],19,-1,126,-1,100
1,<environment.Job instance at 0x7fd24695a960>,37,20,[5 8],38,-1,120,-1,100
1,<environment.Job instance at 0x7fd24695a280>,40,20,[11  2],41,-1,120,-1,100
1,<environment.Job instance at 0x7fd24695a1e0>,41,26,[2 8],42,-1,126,-1,100
1,<environment.Job instance at 0x7fd2468ebbe0>,25,26,[11  3],26,-1,126,-1,100
1,<environment.Job instance at 0x7fd24695adc0>,38,17,[8 4],39,-1,117,-1,100
1,<environment.Job instance at 0x7fd250a25a00>,1,24,[7 2],2,-1,26,-1,2
1,<environment.Job instance at 0x7fd2468eba50>,2,13,[ 5 11],3,-1,16,-1,3
1,<environment.Job instance at 0x7fd24695a460>,3,13,[14  1],4,-1,17,-1,4
1,<environment.Job instance at 0x7fd2468e3b40>,4,12,[ 5 12],5,-1,17,-1,5
1,<environment.Job instance at 0x7fd2509a6be0>,8,27,[ 4 13],9,-1,36,-1,9
1,<environment.Job instance at 0x7fd2469bf870>,9,14,[12  3],10,-1,24,-1,10
1,<environment.Job instance at 0x7fd250af14b0>,10,27,[11  1],11,-1,38,-1,11
1,<environment.Job instance at 0x7fd2469cdb90>,14,23,[1 8],15,-1,38,-1,15
1,<environment.Job instance at 0x7fd2469cd320>,15,27,[ 5 14],16,-1,43,-1,16
1,<environment.Job instance at 0x7fd2509a6a50>,7,27,[6 1],8,-1,46,-1,19
1,<environment.Job instance at 0x7fd2469cd2d0>,17,27,[5 1],18,-1,46,-1,19
1,<environment.Job instance at 0x7fd2469cd050>,18,26,[ 2 13],19,-1,45,-1,19
1,<environment.Job instance at 0x7fd250af10f0>,11,24,[6 2],12,-1,43,-1,19
1,<environment.Job instance at 0x7fd2469cd730>,19,28,[14  4],20,-1,48,-1,20
1,<environment.Job instance at 0x7fd2469cd500>,21,20,[ 4 11],22,-1,42,-1,22
1,<environment.Job instance at 0x7fd2469cdc80>,22,15,[14  1],23,-1,38,-1,23
1,<environment.Job instance at 0x7fd2469cd6e0>,24,27,[1 5],25,-1,52,-1,25
1,<environment.Job instance at 0x7fd2468e2140>,25,26,[11  3],26,-1,52,-1,26
1,<environment.Job instance at 0x7fd2468e2640>,26,25,[11  3],27,-1,52,-1,27
1,<environment.Job instance at 0x7fd2468e26e0>,29,25,[ 3 13],30,-1,55,-1,30
1,<environment.Job instance at 0x7fd2468e2910>,30,19,[11  3],31,-1,50,-1,31
1,<environment.Job instance at 0x7fd2468e20a0>,32,13,[14  2],33,-1,46,-1,33
1,<environment.Job instance at 0x7fd2468e2af0>,33,13,[ 5 11],34,-1,47,-1,34
1,<environment.Job instance at 0x7fd2468e2370>,34,18,[ 3 14],35,-1,53,-1,35
1,<environment.Job instance at 0x7fd2469cdbe0>,20,27,[3 9],21,-1,69,-1,42
1,<environment.Job instance at 0x7fd2468e2eb0>,40,20,[11  2],41,-1,68,-1,48
1,<environment.Job instance at 0x7fd2468e2fa0>,41,26,[2 8],42,-1,81,-1,55
1,<environment.Job instance at 0x7fd24696b280>,44,15,[11  2],45,-1,78,-1,63
1,<environment.Job instance at 0x7fd24696b0a0>,45,23,[3 6],46,-1,93,-1,70
1,<environment.Job instance at 0x7fd24696bd70>,47,28,[ 3 11],48,-1,98,-1,70
1,<environment.Job instance at 0x7fd24696b2d0>,48,27,[14  1],49,-1,97,-1,70
1,<environment.Job instance at 0x7fd24696bbe0>,49,27,[9 5],50,-1,107,-1,80
1,<environment.Job instance at 0x7fd24696b870>,51,14,[12  2],52,-1,94,-1,80
1,<environment.Job instance at 0x7fd24696ba00>,52,26,[ 4 12],53,-1,106,-1,80
1,<environment.Job instance at 0x7fd24696b550>,53,24,[ 5 13],54,-1,104,-1,80
1,<environment.Job instance at 0x7fd24696b4b0>,54,25,[11  5],55,-1,105,-1,80
1,<environment.Job instance at 0x7fd24696b1e0>,55,23,[3 6],56,-1,103,-1,80
1,<environment.Job instance at 0x7fd24696b5f0>,56,22,[12  5],57,-1,102,-1,80
1,<environment.Job instance at 0x7fd246936b90>,57,15,[13  2],58,-1,95,-1,80
1,<environment.Job instance at 0x7fd2469365a0>,61,15,[14  2],62,-1,108,-1,93
1,<environment.Job instance at 0x7fd246936be0>,62,28,[14  3],63,-1,121,-1,93
1,<environment.Job instance at 0x7fd246936640>,65,14,[ 3 14],66,-1,112,-1,98
1,<environment.Job instance at 0x7fd2469361e0>,66,17,[13  5],67,-1,115,-1,98
1,<environment.Job instance at 0x7fd246936af0>,67,13,[ 5 14],68,-1,111,-1,98
1,<environment.Job instance at 0x7fd246936230>,68,25,[4 5],69,-1,130,-1,105
1,<environment.Job instance at 0x7fd246936140>,69,16,[11  3],70,-1,121,-1,105
1,<environment.Job instance at 0x7fd246936190>,71,12,[12  3],72,-1,117,-1,105
1,<environment.Job instance at 0x7fd246932fa0>,72,28,[6 3],73,-1,134,-1,106
1,<environment.Job instance at 0x7fd246932b40>,73,23,[ 1 11],74,-1,129,-1,106
1,<environment.Job instance at 0x7fd246932140>,75,27,[12  4],76,-1,133,-1,106
1,<environment.Job instance at 0x7fd246932f00>,76,13,[14  5],77,-1,119,-1,106
1,<environment.Job instance at 0x7fd246932c30>,77,16,[ 5 11],78,-1,122,-1,106
1,<environment.Job instance at 0x7fd2469327d0>,78,23,[4 8],79,-1,141,-1,118
1,<environment.Job instance at 0x7fd246937690>,79,19,[ 3 11],80,-1,137,-1,118
1,<environment.Job instance at 0x7fd246937910>,81,15,[13  3],82,-1,133,-1,118
1,<environment.Job instance at 0x7fd2469379b0>,82,28,[11  2],83,-1,146,-1,118
1,<environment.Job instance at 0x7fd246937e60>,83,24,[7 5],84,-1,143,-1,119
1,<environment.Job instance at 0x7fd246ec3780>,2,27,[12  1],3,-1,35,-1,8
1,<environment.Job instance at 0x7fd246fc5c80>,6,21,[ 5 10],7,-1,30,-1,9
1,<environment.Job instance at 0x7fd246fc5780>,7,23,[9 5],8,-1,34,-1,11
1,<environment.Job instance at 0x7fd246fc5f50>,11,25,[12  5],12,-1,44,-1,19
1,<environment.Job instance at 0x7fd246fc5410>,14,23,[13  3],15,-1,42,-1,19
1,<environment.Job instance at 0x7fd246fc5c30>,13,19,[ 2 11],14,-1,39,-1,20
1,<environment.Job instance at 0x7fd246ec3690>,3,27,[ 3 11],4,-1,50,-1,23
1,<environment.Job instance at 0x7fd246fc50a0>,16,20,[7 1],17,-1,43,-1,23
1,<environment.Job instance at 0x7fd246fc5f00>,12,24,[6 4],13,-1,47,-1,23
1,<environment.Job instance at 0x7fd246fc5d20>,18,26,[6 1],19,-1,49,-1,23
1,<environment.Job instance at 0x7fd246fc5be0>,20,24,[4 8],21,-1,47,-1,23
1,<environment.Job instance at 0x7fd246fc58c0>,21,20,[5 5],22,-1,43,-1,23
1,<environment.Job instance at 0x7fd246fc5cd0>,22,23,[10  5],23,-1,46,-1,23
1,<environment.Job instance at 0x7fd246fc5aa0>,17,25,[4 9],18,-1,48,-1,23
1,<environment.Job instance at 0x7fd246b58dc0>,24,17,[12  4],25,-1,42,-1,25
1,<environment.Job instance at 0x7fd246fc5320>,15,13,[5 5],16,-1,38,-1,25
1,<environment.Job instance at 0x7fd247896460>,26,27,[13  3],27,-1,61,-1,34
1,<environment.Job instance at 0x7fd246fc5dc0>,23,24,[12  1],24,-1,59,-1,35
1,<environment.Job instance at 0x7fd247896820>,28,17,[ 1 11],29,-1,52,-1,35
1,<environment.Job instance at 0x7fd247896e10>,30,19,[12  4],31,-1,54,-1,35
1,<environment.Job instance at 0x7fd246b58f50>,25,17,[7 4],26,-1,52,-1,35
1,<environment.Job instance at 0x7fd247896d20>,32,18,[10  5],33,-1,53,-1,35
1,<environment.Job instance at 0x7fd2478968c0>,33,25,[8 3],34,-1,60,-1,35
1,<environment.Job instance at 0x7fd247896b90>,31,14,[ 5 12],32,-1,49,-1,35
1,<environment.Job instance at 0x7fd2478964b0>,35,28,[ 3 11],36,-1,64,-1,36
1,<environment.Job instance at 0x7fd2478961e0>,34,16,[ 2 11],35,-1,53,-1,37
1,<environment.Job instance at 0x7fd247896dc0>,36,15,[13  4],37,-1,52,-1,37
1,<environment.Job instance at 0x7fd2478967d0>,37,24,[2 7],38,-1,63,-1,39
1,<environment.Job instance at 0x7fd2478966e0>,38,16,[14  5],39,-1,55,-1,39
1,<environment.Job instance at 0x7fd247896a50>,40,27,[14  3],41,-1,68,-1,41
1,<environment.Job instance at 0x7fd247896fa0>,39,16,[4 5],40,-1,59,-1,43
1,<environment.Job instance at 0x7fd246fc5910>,19,28,[5 9],20,-1,76,-1,48
1,<environment.Job instance at 0x7fd2478b18c0>,46,28,[5 7],47,-1,80,-1,52
1,<environment.Job instance at 0x7fd247896aa0>,43,15,[11  2],44,-1,67,-1,52
1,<environment.Job instance at 0x7fd2478b1500>,48,17,[13  3],49,-1,69,-1,52
1,<environment.Job instance at 0x7fd2478b15a0>,47,16,[ 4 11],48,-1,68,-1,52
1,<environment.Job instance at 0x7fd2478b1190>,50,20,[4 9],51,-1,72,-1,52
1,<environment.Job instance at 0x7fd2478b1870>,49,22,[ 3 11],50,-1,80,-1,58
1,<environment.Job instance at 0x7fd247896780>,41,18,[ 1 14],42,-1,79,-1,61
1,<environment.Job instance at 0x7fd2478b1fa0>,51,13,[ 5 12],52,-1,74,-1,61
1,<environment.Job instance at 0x7fd2478b14b0>,55,23,[9 4],56,-1,85,-1,62
1,<environment.Job instance at 0x7fd2478b1af0>,58,18,[5 5],59,-1,82,-1,64
1,<environment.Job instance at 0x7fd2478b1c30>,60,27,[9 5],61,-1,91,-1,64
1,<environment.Job instance at 0x7fd2468eba50>,0,28,[8 2],1,-1,29,-1,1
1,<environment.Job instance at 0x7fd2468eb190>,1,26,[14  3],2,-1,28,-1,2
1,<environment.Job instance at 0x7fd2468eb5a0>,2,27,[12  1],3,-1,30,-1,3
1,<environment.Job instance at 0x7fd246fc5050>,3,27,[ 3 11],4,-1,31,-1,4
1,<environment.Job instance at 0x7fd2478963c0>,4,15,[ 3 13],5,-1,20,-1,5
1,<environment.Job instance at 0x7fd2478b1f50>,5,21,[ 5 12],6,-1,27,-1,6
1,<environment.Job instance at 0x7fd2478b1460>,7,23,[9 5],8,-1,31,-1,8
1,<environment.Job instance at 0x7fd2477da7d0>,11,25,[12  5],12,-1,37,-1,12
1,<environment.Job instance at 0x7fd2477da6e0>,13,19,[ 2 11],14,-1,33,-1,14
1,<environment.Job instance at 0x7fd2477daeb0>,14,23,[13  3],15,-1,38,-1,15
1,<environment.Job instance at 0x7fd2477da9b0>,12,24,[6 4],13,-1,49,-1,25
1,<environment.Job instance at 0x7fd2477daa50>,18,26,[6 1],19,-1,51,-1,25
1,<environment.Job instance at 0x7fd2477da780>,17,25,[4 9],18,-1,53,-1,28
1,<environment.Job instance at 0x7fd24773b050>,22,23,[10  5],23,-1,51,-1,28
1,<environment.Job instance at 0x7fd24773bb90>,23,24,[12  1],24,-1,52,-1,28
1,<environment.Job instance at 0x7fd24773b190>,24,17,[12  4],25,-1,45,-1,28
1,<environment.Job instance at 0x7fd2477da0a0>,19,28,[5 9],20,-1,56,-1,28
1,<environment.Job instance at 0x7fd24773bd20>,26,27,[13  3],27,-1,55,-1,28
1,<environment.Job instance at 0x7fd2477da910>,20,24,[4 8],21,-1,52,-1,28
1,<environment.Job instance at 0x7fd24773bb40>,28,17,[ 1 11],29,-1,46,-1,29
1,<environment.Job instance at 0x7fd24773bc80>,30,19,[12  4],31,-1,57,-1,38
1,<environment.Job instance at 0x7fd24773b640>,31,14,[ 5 12],32,-1,52,-1,38
1,<environment.Job instance at 0x7fd24773b500>,34,16,[ 2 11],35,-1,56,-1,40
1,<environment.Job instance at 0x7fd24773bc30>,35,28,[ 3 11],36,-1,68,-1,40
1,<environment.Job instance at 0x7fd24773b5f0>,36,15,[13  4],37,-1,55,-1,40
1,<environment.Job instance at 0x7fd24773b910>,37,24,[2 7],38,-1,79,-1,55
1,<environment.Job instance at 0x7fd24773b460>,38,16,[14  5],39,-1,71,-1,55
1,<environment.Job instance at 0x7fd24773b960>,33,25,[8 3],34,-1,80,-1,55
1,<environment.Job instance at 0x7fd24773baa0>,40,27,[14  3],41,-1,82,-1,55
1,<environment.Job instance at 0x7fd24773b0f0>,41,18,[ 1 14],42,-1,73,-1,55
1,<environment.Job instance at 0x7fd24773b780>,43,15,[11  2],44,-1,70,-1,55
1,<environment.Job instance at 0x7fd2509a8820>,44,13,[ 1 12],45,-1,68,-1,55
1,<environment.Job instance at 0x7fd2509a8190>,47,16,[ 4 11],48,-1,74,-1,58
1,<environment.Job instance at 0x7fd2509a80a0>,48,17,[13  3],49,-1,75,-1,58
1,<environment.Job instance at 0x7fd2509a83c0>,49,22,[ 3 11],50,-1,80,-1,58
1,<environment.Job instance at 0x7fd2509a8280>,46,28,[5 7],47,-1,99,-1,71
1,<environment.Job instance at 0x7fd2509a86e0>,51,13,[ 5 12],52,-1,84,-1,71
1,<environment.Job instance at 0x7fd2509a8780>,52,23,[ 5 11],53,-1,94,-1,71
1,<environment.Job instance at 0x7fd2509a84b0>,53,27,[12  4],54,-1,98,-1,71
1,<environment.Job instance at 0x7fd246fc7c30>,54,13,[12  4],55,-1,84,-1,71
1,<environment.Job instance at 0x7fd246fc7cd0>,55,23,[9 4],56,-1,94,-1,71
1,<environment.Job instance at 0x7fd246fc7050>,56,13,[ 3 14],57,-1,84,-1,71
1,<environment.Job instance at 0x7fd246fc7780>,57,24,[ 4 14],58,-1,95,-1,71
1,<environment.Job instance at 0x7fd246fc7a50>,59,24,[13  3],60,-1,95,-1,71
1,<environment.Job instance at 0x7fd246fc7b90>,60,27,[9 5],61,-1,98,-1,71
1,<environment.Job instance at 0x7fd246fc70a0>,61,22,[13  5],62,-1,93,-1,71
1,<environment.Job instance at 0x7fd246fc7aa0>,62,14,[ 3 13],63,-1,85,-1,71
1,<environment.Job instance at 0x7fd246fc7f00>,63,26,[14  2],64,-1,97,-1,71
1,<environment.Job instance at 0x7fd246fc71e0>,64,13,[13  4],65,-1,84,-1,71
1,<environment.Job instance at 0x7fd246fc7910>,66,23,[2 8],67,-1,94,-1,71
1,<environment.Job instance at 0x7fd246fc7d70>,67,25,[11  1],68,-1,96,-1,71
1,<environment.Job instance at 0x7fd246fc7280>,68,19,[13  3],69,-1,90,-1,71
1,<environment.Job instance at 0x7fd2477d85f0>,70,25,[13  4],71,-1,96,-1,71
1,<environment.Job instance at 0x7fd2477d87d0>,73,18,[ 2 13],74,-1,102,-1,84
1,<environment.Job instance at 0x7fd2477d8960>,77,14,[12  2],78,-1,110,-1,96
1,<environment.Job instance at 0x7fd2477d88c0>,78,17,[12  4],79,-1,113,-1,96
1,<environment.Job instance at 0x7fd2477d8690>,79,25,[6 4],80,-1,121,-1,96
1,<environment.Job instance at 0x7fd2477d8e60>,82,18,[ 2 13],83,-1,118,-1,100
1,<environment.Job instance at 0x7fd2477d8140>,83,14,[14  2],84,-1,114,-1,100
1,<environment.Job instance at 0x7fd2477d8fa0>,84,27,[ 1 12],85,-1,127,-1,100
1,<environment.Job instance at 0x7fd2477d8460>,85,15,[13  4],86,-1,115,-1,100
1,<environment.Job instance at 0x7fd2477d8dc0>,86,24,[ 4 14],87,-1,124,-1,100
1,<environment.Job instance at 0x7fd2477d8aa0>,88,16,[12  5],89,-1,130,-1,114
1,<environment.Job instance at 0x7fd2474110a0>,0,18,[11  2],1,-1,19,-1,1
1,<environment.Job instance at 0x7fd247411aa0>,1,20,[ 3 14],2,-1,22,-1,2
1,<environment.Job instance at 0x7fd2474115a0>,2,24,[14  5],3,-1,27,-1,3
1,<environment.Job instance at 0x7fd247411e10>,3,24,[14  5],4,-1,28,-1,4
1,<environment.Job instance at 0x7fd247411870>,4,12,[ 4 11],5,-1,17,-1,5
1,<environment.Job instance at 0x7fd247411190>,5,22,[ 3 14],6,-1,28,-1,6
1,<environment.Job instance at 0x7fd2474112d0>,6,14,[ 1 13],7,-1,21,-1,7
1,<environment.Job instance at 0x7fd247411410>,7,16,[13  5],8,-1,24,-1,8
1,<environment.Job instance at 0x7fd2474119b0>,8,25,[5 3],9,-1,34,-1,9
1,<environment.Job instance at 0x7fd247411780>,10,22,[ 3 14],11,-1,33,-1,11
1,<environment.Job instance at 0x7fd247411230>,12,14,[13  1],13,-1,27,-1,13
1,<environment.Job instance at 0x7fd247411f50>,13,27,[ 4 14],14,-1,41,-1,14
1,<environment.Job instance at 0x7fd247411820>,17,28,[13  5],18,-1,46,-1,18
1,<environment.Job instance at 0x7fd247411500>,19,21,[ 3 14],20,-1,41,-1,20
1,<environment.Job instance at 0x7fd247411370>,18,23,[6 4],19,-1,45,-1,22
1,<environment.Job instance at 0x7fd247411d70>,21,27,[5 5],22,-1,49,-1,22
1,<environment.Job instance at 0x7fd2477d8fa0>,24,26,[12  3],25,-1,51,-1,25
1,<environment.Job instance at 0x7fd2477d8a50>,25,20,[14  4],26,-1,46,-1,26
1,<environment.Job instance at 0x7fd2477d8140>,26,15,[13  2],27,-1,42,-1,27
1,<environment.Job instance at 0x7fd2477d8e60>,27,24,[ 5 13],28,-1,52,-1,28
1,<environment.Job instance at 0x7fd2477d8050>,28,25,[13  5],29,-1,54,-1,29
1,<environment.Job instance at 0x7fd2477d8690>,29,19,[ 2 13],30,-1,49,-1,30
1,<environment.Job instance at 0x7fd2477d8370>,23,25,[5 5],24,-1,56,-1,31
1,<environment.Job instance at 0x7fd2477d8780>,31,19,[14  2],32,-1,51,-1,32
1,<environment.Job instance at 0x7fd2477d8960>,32,18,[14  4],33,-1,51,-1,33
1,<environment.Job instance at 0x7fd2477d80f0>,33,14,[14  2],34,-1,48,-1,34
1,<environment.Job instance at 0x7fd2477d81e0>,30,25,[8 3],31,-1,70,-1,45
1,<environment.Job instance at 0x7fd2477d87d0>,38,27,[1 9],39,-1,72,-1,45
1,<environment.Job instance at 0x7fd2477d8550>,39,27,[14  4],40,-1,72,-1,45
1,<environment.Job instance at 0x7fd2477d8eb0>,41,26,[ 5 14],42,-1,71,-1,45
1,<environment.Job instance at 0x7fd246fc7e60>,42,26,[ 2 13],43,-1,71,-1,45
1,<environment.Job instance at 0x7fd246fc7d70>,44,25,[ 4 10],45,-1,73,-1,48
1,<environment.Job instance at 0x7fd246fc7820>,45,26,[7 1],46,-1,74,-1,48
1,<environment.Job instance at 0x7fd246fc7730>,47,17,[ 4 13],48,-1,65,-1,48
1,<environment.Job instance at 0x7fd246fc7e10>,50,27,[13  4],51,-1,85,-1,58
1,<environment.Job instance at 0x7fd246fc7a50>,51,17,[13  4],52,-1,75,-1,58
1,<environment.Job instance at 0x7fd246fc7aa0>,52,13,[14  2],53,-1,71,-1,58
1,<environment.Job instance at 0x7fd246fc7500>,54,24,[10  1],55,-1,86,-1,62
1,<environment.Job instance at 0x7fd2509a8780>,58,26,[14  2],59,-1,101,-1,75
1,<environment.Job instance at 0x7fd2509a8fa0>,59,25,[13  4],60,-1,100,-1,75
1,<environment.Job instance at 0x7fd2509a8d70>,60,27,[6 1],61,-1,103,-1,76
1,<environment.Job instance at 0x7fd2509a8050>,61,26,[ 3 14],62,-1,102,-1,76
1,<environment.Job instance at 0x7fd2509a82d0>,63,16,[12  2],64,-1,92,-1,76
1,<environment.Job instance at 0x7fd2509a80f0>,64,17,[ 4 11],65,-1,93,-1,76
1,<environment.Job instance at 0x7fd24773bbe0>,66,19,[ 4 12],67,-1,105,-1,86
1,<environment.Job instance at 0x7fd24773b3c0>,67,16,[ 1 13],68,-1,102,-1,86
1,<environment.Job instance at 0x7fd24773b780>,68,18,[14  2],69,-1,104,-1,86
1,<environment.Job instance at 0x7fd24773bf00>,72,17,[ 2 12],73,-1,109,-1,92
1,<environment.Job instance at 0x7fd24773be10>,75,22,[ 5 13],76,-1,128,-1,106
1,<environment.Job instance at 0x7fd24773bc80>,76,12,[ 3 11],77,-1,118,-1,106
1,<environment.Job instance at 0x7fd24773b280>,77,27,[11  2],78,-1,133,-1,106
1,<environment.Job instance at 0x7fd246dc9640>,1,24,[2 6],2,-1,26,-1,2
1,<environment.Job instance at 0x7fd246dc9a00>,7,25,[3 7],8,-1,33,-1,8
1,<environment.Job instance at 0x7fd246dc9730>,8,14,[5 8],9,-1,23,-1,9
1,<environment.Job instance at 0x7fd246dc9e10>,9,22,[ 4 10],10,-1,32,-1,10
1,<environment.Job instance at 0x7fd246d68640>,21,13,[6 4],22,-1,72,-1,59
1,<environment.Job instance at 0x7fd246dc9870>,12,16,[ 1 13],13,-1,75,-1,59
1,<environment.Job instance at 0x7fd246d68af0>,23,17,[13  5],24,-1,76,-1,59
1,<environment.Job instance at 0x7fd246d68780>,22,22,[ 5 12],23,-1,81,-1,59
1,<environment.Job instance at 0x7fd246d680f0>,25,13,[12  4],26,-1,76,-1,63
1,<environment.Job instance at 0x7fd246dc9190>,13,28,[2 7],14,-1,92,-1,64
1,<environment.Job instance at 0x7fd246d68a50>,27,18,[8 3],28,-1,82,-1,64
1,<environment.Job instance at 0x7fd246d68690>,29,15,[1 8],30,-1,79,-1,64
1,<environment.Job instance at 0x7fd246d68c30>,30,14,[ 4 13],31,-1,78,-1,64
1,<environment.Job instance at 0x7fd246d68cd0>,26,14,[4 9],27,-1,79,-1,65
1,<environment.Job instance at 0x7fd246d68eb0>,32,20,[8 5],33,-1,85,-1,65
1,<environment.Job instance at 0x7fd246d68e60>,33,27,[ 5 10],34,-1,92,-1,65
1,<environment.Job instance at 0x7fd246d68be0>,31,23,[ 5 12],32,-1,88,-1,65
1,<environment.Job instance at 0x7fd246d68460>,36,18,[ 4 14],37,-1,83,-1,65
1,<environment.Job instance at 0x7fd246d682d0>,19,12,[ 4 11],20,-1,77,-1,65
1,<environment.Job instance at 0x7fd246d680a0>,37,18,[10  1],38,-1,88,-1,70
1,<environment.Job instance at 0x7fd246d687d0>,39,17,[12  2],40,-1,88,-1,71
1,<environment.Job instance at 0x7fd246d68870>,35,18,[3 7],36,-1,89,-1,71
1,<environment.Job instance at 0x7fd246d6a1e0>,41,18,[4 9],42,-1,89,-1,71
1,<environment.Job instance at 0x7fd246d6a320>,43,23,[1 5],44,-1,94,-1,71
1,<environment.Job instance at 0x7fd246d6a5a0>,46,16,[8 2],47,-1,91,-1,75
1,<environment.Job instance at 0x7fd246d6a870>,47,14,[11  4],48,-1,89,-1,75
1,<environment.Job instance at 0x7fd246d6af00>,40,17,[5 2],41,-1,93,-1,76
1,<environment.Job instance at 0x7fd246dc9370>,15,25,[3 9],16,-1,103,-1,78
1,<environment.Job instance at 0x7fd246d6ac80>,48,14,[14  5],49,-1,92,-1,78
1,<environment.Job instance at 0x7fd246d6a960>,49,16,[7 4],50,-1,94,-1,78
1,<environment.Job instance at 0x7fd246d6acd0>,53,24,[13  4],54,-1,107,-1,83
1,<environment.Job instance at 0x7fd246d6a140>,55,18,[ 2 10],56,-1,101,-1,83
1,<environment.Job instance at 0x7fd246d6a460>,51,18,[ 3 12],52,-1,113,-1,95
1,<environment.Job instance at 0x7fd246d68e10>,38,20,[2 7],39,-1,116,-1,96
1,<environment.Job instance at 0x7fd246dc9910>,11,17,[ 1 13],12,-1,116,-1,99
1,<environment.Job instance at 0x7fd246d6aa50>,56,14,[13  4],57,-1,118,-1,104
1,<environment.Job instance at 0x7fd2478b1f50>,1,24,[2 6],2,-1,26,-1,2
1,<environment.Job instance at 0x7fd2478b1d70>,2,13,[ 5 12],3,-1,16,-1,3
1,<environment.Job instance at 0x7fd2479e3460>,3,20,[ 2 11],4,-1,24,-1,4
1,<environment.Job instance at 0x7fd24773b190>,5,14,[11  2],6,-1,20,-1,6
1,<environment.Job instance at 0x7fd24773b1e0>,10,25,[ 5 14],11,-1,36,-1,11
1,<environment.Job instance at 0x7fd24773bf50>,11,17,[ 1 13],12,-1,29,-1,12
1,<environment.Job instance at 0x7fd24773be10>,12,16,[ 1 13],13,-1,29,-1,13
1,<environment.Job instance at 0x7fd24773ba00>,7,25,[3 7],8,-1,53,-1,28
1,<environment.Job instance at 0x7fd24773b4b0>,15,25,[3 9],16,-1,53,-1,28
1,<environment.Job instance at 0x7fd24773b960>,17,13,[ 1 13],18,-1,41,-1,28
1,<environment.Job instance at 0x7fd24773be60>,18,28,[3 6],19,-1,56,-1,28
1,<environment.Job instance at 0x7fd24773b7d0>,19,12,[ 4 11],20,-1,40,-1,28
1,<environment.Job instance at 0x7fd24773b6e0>,13,28,[2 7],14,-1,56,-1,28
1,<environment.Job instance at 0x7fd24773b140>,22,22,[ 5 12],23,-1,50,-1,28
1,<environment.Job instance at 0x7fd24773bbe0>,23,17,[13  5],24,-1,45,-1,28
1,<environment.Job instance at 0x7fd247411a50>,25,13,[12  4],26,-1,41,-1,28
1,<environment.Job instance at 0x7fd247411550>,30,14,[ 4 13],31,-1,55,-1,41
1,<environment.Job instance at 0x7fd247411960>,31,23,[ 5 12],32,-1,64,-1,41
1,<environment.Job instance at 0x7fd247411730>,34,13,[13  5],35,-1,65,-1,52
1,<environment.Job instance at 0x7fd2474117d0>,36,18,[ 4 14],37,-1,72,-1,54
1,<environment.Job instance at 0x7fd247411280>,39,17,[12  2],40,-1,89,-1,72
1,<environment.Job instance at 0x7fd247411910>,33,27,[ 5 10],34,-1,116,-1,89
1,<environment.Job instance at 0x7fd246d68fa0>,43,23,[1 5],44,-1,112,-1,89
1,<environment.Job instance at 0x7fd246d68b90>,44,27,[2 8],45,-1,116,-1,89
1,<environment.Job instance at 0x7fd246cb37d0>,47,14,[11  4],48,-1,104,-1,90
1,<environment.Job instance at 0x7fd2471b2dc0>,48,14,[14  5],49,-1,104,-1,90
1,<environment.Job instance at 0x7fd246ddbeb0>,50,18,[ 4 11],51,-1,119,-1,101
1,<environment.Job instance at 0x7fd246ddb320>,51,18,[ 3 12],52,-1,119,-1,101
1,<environment.Job instance at 0x7fd246dc9b40>,53,24,[13  4],54,-1,128,-1,104
1,<environment.Job instance at 0x7fd246ddb9b0>,54,19,[ 2 13],55,-1,123,-1,104
1,<environment.Job instance at 0x7fd246caa0a0>,56,14,[13  4],57,-1,130,-1,116
1,<environment.Job instance at 0x7fd246caa230>,57,15,[13  3],58,-1,131,-1,116
1,<environment.Job instance at 0x7fd246caa870>,58,12,[ 5 11],59,-1,128,-1,116
1,<environment.Job instance at 0x7fd246d67f50>,59,25,[5 1],60,-1,142,-1,117
1,<environment.Job instance at 0x7fd246d67320>,61,14,[14  2],62,-1,131,-1,117
1,<environment.Job instance at 0x7fd247786b40>,0,23,[2 9],1,-1,25,-1,2
1,<environment.Job instance at 0x7fd247223370>,2,23,[8 3],3,-1,26,-1,3
1,<environment.Job instance at 0x7fd246cf5e60>,1,17,[2 7],2,-1,20,-1,3
1,<environment.Job instance at 0x7fd246c14aa0>,8,27,[10  4],9,-1,40,-1,13
1,<environment.Job instance at 0x7fd246c1f0a0>,13,28,[ 4 11],14,-1,45,-1,17
1,<environment.Job instance at 0x7fd246c1f190>,12,16,[11  1],13,-1,33,-1,17
1,<environment.Job instance at 0x7fd246c1f410>,14,22,[5 4],15,-1,39,-1,17
1,<environment.Job instance at 0x7fd2471ae370>,0,23,[2 9],1,-1,24,-1,1
1,<environment.Job instance at 0x7fd2471ae910>,2,23,[8 3],3,-1,26,-1,3
1,<environment.Job instance at 0x7fd2471ae2d0>,3,13,[13  3],4,-1,17,-1,4
1,<environment.Job instance at 0x7fd2471ae4b0>,4,25,[ 1 14],5,-1,30,-1,5
1,<environment.Job instance at 0x7fd2471ae140>,5,19,[13  1],6,-1,25,-1,6
1,<environment.Job instance at 0x7fd2471ae190>,6,15,[12  3],7,-1,22,-1,7
1,<environment.Job instance at 0x7fd246d94e10>,7,24,[ 1 11],8,-1,32,-1,8
1,<environment.Job instance at 0x7fd246d94550>,8,27,[10  4],9,-1,36,-1,9
1,<environment.Job instance at 0x7fd246d94280>,9,26,[5 5],10,-1,36,-1,10
1,<environment.Job instance at 0x7fd246d94eb0>,11,19,[13  1],12,-1,31,-1,12
1,<environment.Job instance at 0x7fd246d940a0>,12,16,[11  1],13,-1,29,-1,13
1,<environment.Job instance at 0x7fd246d94690>,13,28,[ 4 11],14,-1,42,-1,14
1,<environment.Job instance at 0x7fd2471ae5f0>,15,24,[13  5],16,-1,40,-1,16
1,<environment.Job instance at 0x7fd246d946e0>,16,26,[12  1],17,-1,43,-1,17
1,<environment.Job instance at 0x7fd246d941e0>,19,17,[ 2 13],20,-1,37,-1,20
1,<environment.Job instance at 0x7fd246d94aa0>,21,26,[7 1],22,-1,51,-1,25
1,<environment.Job instance at 0x7fd246d94f50>,23,15,[14  1],24,-1,40,-1,25
1,<environment.Job instance at 0x7fd246d94fa0>,25,17,[14  2],26,-1,43,-1,26
1,<environment.Job instance at 0x7fd246d67190>,26,20,[11  4],27,-1,47,-1,27
1,<environment.Job instance at 0x7fd246d67960>,29,23,[5 6],30,-1,61,-1,38
1,<environment.Job instance at 0x7fd246d67050>,30,14,[ 4 13],31,-1,52,-1,38
1,<environment.Job instance at 0x7fd246d67c80>,31,23,[ 5 14],32,-1,61,-1,38
1,<environment.Job instance at 0x7fd246d67870>,32,23,[13  5],33,-1,61,-1,38
1,<environment.Job instance at 0x7fd246d67c30>,33,22,[ 2 14],34,-1,60,-1,38
1,<environment.Job instance at 0x7fd246d67af0>,34,17,[13  4],35,-1,55,-1,38
1,<environment.Job instance at 0x7fd246d67910>,37,24,[ 4 13],38,-1,62,-1,38
1,<environment.Job instance at 0x7fd246d67be0>,38,28,[12  2],39,-1,67,-1,39
1,<environment.Job instance at 0x7fd246d67b40>,36,23,[9 1],37,-1,76,-1,53
1,<environment.Job instance at 0x7fd246d67dc0>,42,14,[12  1],43,-1,67,-1,53
1,<environment.Job instance at 0x7fd246b58870>,44,25,[10  1],45,-1,90,-1,65
1,<environment.Job instance at 0x7fd246d67410>,45,13,[ 5 11],46,-1,78,-1,65
1,<environment.Job instance at 0x7fd246d67280>,46,12,[ 3 14],47,-1,77,-1,65
1,<environment.Job instance at 0x7fd247411f50>,48,13,[ 2 13],49,-1,78,-1,65
1,<environment.Job instance at 0x7fd247411460>,49,14,[13  2],50,-1,79,-1,65
1,<environment.Job instance at 0x7fd2474115f0>,50,18,[11  2],51,-1,83,-1,65
1,<environment.Job instance at 0x7fd247411280>,52,20,[ 2 12],53,-1,90,-1,70
1,<environment.Job instance at 0x7fd247411fa0>,53,20,[13  1],54,-1,90,-1,70
1,<environment.Job instance at 0x7fd2474111e0>,51,25,[ 1 10],52,-1,104,-1,79
1,<environment.Job instance at 0x7fd247411410>,56,26,[3 7],57,-1,105,-1,79
1,<environment.Job instance at 0x7fd247411550>,60,25,[12  2],61,-1,104,-1,79
1,<environment.Job instance at 0x7fd247411be0>,61,22,[11  3],62,-1,101,-1,79
1,<environment.Job instance at 0x7fd2474113c0>,62,24,[12  5],63,-1,103,-1,79
1,<environment.Job instance at 0x7fd2478963c0>,65,28,[12  2],66,-1,120,-1,92
1,<environment.Job instance at 0x7fd247411d70>,66,21,[ 4 12],67,-1,113,-1,92
1,<environment.Job instance at 0x7fd2478b1460>,67,26,[ 4 12],68,-1,118,-1,92
1,<environment.Job instance at 0x7fd247133780>,69,13,[11  2],70,-1,110,-1,97
1,<environment.Job instance at 0x7fd24773b140>,70,13,[ 5 13],71,-1,110,-1,97
1,<environment.Job instance at 0x7fd24773b780>,73,23,[ 4 13],74,-1,131,-1,108
1,<environment.Job instance at 0x7fd24773bbe0>,74,13,[ 5 14],75,-1,121,-1,108
1,<environment.Job instance at 0x7fd24773be60>,76,22,[13  1],77,-1,138,-1,116
1,<environment.Job instance at 0x7fd24773b320>,78,27,[ 1 13],79,-1,143,-1,116
1,<environment.Job instance at 0x7fd24773bf00>,79,17,[ 5 12],80,-1,133,-1,116
1,<environment.Job instance at 0x7fd24712cd70>,0,18,[7 4],1,-1,19,-1,1
1,<environment.Job instance at 0x7fd2504b4550>,1,26,[5 3],2,-1,28,-1,2
1,<environment.Job instance at 0x7fd2504b4c30>,6,20,[2 9],7,-1,27,-1,7
1,<environment.Job instance at 0x7fd2504b4820>,8,24,[4 6],9,-1,33,-1,9
1,<environment.Job instance at 0x7fd246cb3e60>,1,26,[5 3],2,-1,28,-1,2
1,<environment.Job instance at 0x7fd246cb36e0>,2,27,[13  5],3,-1,30,-1,3
1,<environment.Job instance at 0x7fd246b75d20>,3,28,[ 3 14],4,-1,32,-1,4
1,<environment.Job instance at 0x7fd246cb3550>,4,21,[ 4 11],5,-1,26,-1,5
1,<environment.Job instance at 0x7fd2478b1d70>,5,18,[ 3 12],6,-1,24,-1,6
1,<environment.Job instance at 0x7fd247411a50>,7,26,[14  5],8,-1,34,-1,8
1,<environment.Job instance at 0x7fd247d649b0>,9,18,[13  1],10,-1,28,-1,10
1,<environment.Job instance at 0x7fd247411960>,10,20,[12  3],11,-1,31,-1,11
1,<environment.Job instance at 0x7fd247411c30>,11,17,[ 5 14],12,-1,29,-1,12
1,<environment.Job instance at 0x7fd2474119b0>,13,24,[5 1],14,-1,38,-1,14
1,<environment.Job instance at 0x7fd247411d20>,15,16,[ 2 13],16,-1,32,-1,16
1,<environment.Job instance at 0x7fd247411dc0>,16,17,[12  3],17,-1,34,-1,17
1,<environment.Job instance at 0x7fd247411fa0>,17,14,[14  1],18,-1,32,-1,18
1,<environment.Job instance at 0x7fd2474113c0>,8,24,[4 6],9,-1,43,-1,19
1,<environment.Job instance at 0x7fd247411730>,12,24,[8 5],13,-1,43,-1,19
1,<environment.Job instance at 0x7fd247411870>,21,14,[11  5],22,-1,36,-1,22
1,<environment.Job instance at 0x7fd247411f50>,22,24,[ 4 12],23,-1,47,-1,23
1,<environment.Job instance at 0x7fd247411a00>,24,25,[12  2],25,-1,50,-1,25
1,<environment.Job instance at 0x7fd247411910>,19,26,[3 6],20,-1,53,-1,27
1,<environment.Job instance at 0x7fd2474115a0>,23,23,[1 6],24,-1,50,-1,27
1,<environment.Job instance at 0x7fd246d67550>,26,24,[13  1],27,-1,51,-1,27
1,<environment.Job instance at 0x7fd246d67280>,27,13,[11  1],28,-1,41,-1,28
1,<environment.Job instance at 0x7fd246d67320>,29,16,[13  1],30,-1,46,-1,30
1,<environment.Job instance at 0x7fd246d67aa0>,32,21,[11  4],33,-1,54,-1,33
1,<environment.Job instance at 0x7fd246d67f00>,33,13,[13  5],34,-1,47,-1,34
1,<environment.Job instance at 0x7fd246d67af0>,34,16,[ 5 13],35,-1,51,-1,35
1,<environment.Job instance at 0x7fd246d67be0>,37,12,[14  2],38,-1,63,-1,51
1,<environment.Job instance at 0x7fd246d67050>,38,23,[5 5],39,-1,74,-1,51
1,<environment.Job instance at 0x7fd246d67910>,39,23,[ 3 13],40,-1,74,-1,51
1,<environment.Job instance at 0x7fd246d67230>,40,14,[ 4 12],41,-1,65,-1,51
1,<environment.Job instance at 0x7fd246d67190>,43,13,[13  2],44,-1,64,-1,51
1,<environment.Job instance at 0x7fd246d670a0>,44,18,[13  5],45,-1,69,-1,51
1,<environment.Job instance at 0x7fd246d94fa0>,45,26,[2 5],46,-1,77,-1,51
1,<environment.Job instance at 0x7fd247411280>,18,25,[ 4 10],19,-1,77,-1,52
1,<environment.Job instance at 0x7fd246d94370>,48,16,[11  2],49,-1,68,-1,52
1,<environment.Job instance at 0x7fd246d67c30>,35,27,[ 1 10],36,-1,79,-1,52
1,<environment.Job instance at 0x7fd246d94730>,50,23,[4 9],51,-1,75,-1,52
1,<environment.Job instance at 0x7fd246d949b0>,51,24,[5 2],52,-1,76,-1,52
1,<environment.Job instance at 0x7fd246d94640>,53,17,[ 1 14],54,-1,80,-1,63
1,<environment.Job instance at 0x7fd246d94870>,54,25,[ 2 11],55,-1,88,-1,63
1,<environment.Job instance at 0x7fd246d94d20>,55,19,[11  3],56,-1,82,-1,63
1,<environment.Job instance at 0x7fd246d94a00>,49,28,[8 2],50,-1,91,-1,63
1,<environment.Job instance at 0x7fd246d94e60>,60,13,[ 1 12],61,-1,81,-1,68
1,<environment.Job instance at 0x7fd246d94280>,61,16,[ 2 12],62,-1,84,-1,68
1,<environment.Job instance at 0x7fd2471ae820>,62,27,[ 3 11],63,-1,95,-1,68
1,<environment.Job instance at 0x7fd2471ae140>,63,21,[ 3 13],64,-1,89,-1,68
1,<environment.Job instance at 0x7fd2471ae0f0>,65,21,[ 4 14],66,-1,89,-1,68
1,<environment.Job instance at 0x7fd2471ae2d0>,66,13,[14  2],67,-1,81,-1,68
1,<environment.Job instance at 0x7fd246f37a00>,67,16,[ 4 14],68,-1,84,-1,68
1,<environment.Job instance at 0x7fd246d94e10>,59,24,[6 2],60,-1,99,-1,75
1,<environment.Job instance at 0x7fd250aea8c0>,69,14,[13  3],70,-1,89,-1,75
1,<environment.Job instance at 0x7fd2504b4dc0>,70,24,[3 9],71,-1,106,-1,82
1,<environment.Job instance at 0x7fd24705dfa0>,72,17,[ 3 11],73,-1,99,-1,82
1,<environment.Job instance at 0x7fd24705dc30>,74,27,[1 9],75,-1,109,-1,82
1,<environment.Job instance at 0x7fd24705d410>,75,25,[ 2 12],76,-1,107,-1,82
1,<environment.Job instance at 0x7fd24705daa0>,76,27,[1 6],77,-1,109,-1,82
1,<environment.Job instance at 0x7fd24705dd70>,77,27,[8 5],78,-1,109,-1,82
1,<environment.Job instance at 0x7fd24705d0f0>,79,17,[ 1 11],80,-1,100,-1,83
1,<environment.Job instance at 0x7fd24705d140>,80,13,[ 3 14],81,-1,96,-1,83
1,<environment.Job instance at 0x7fd24705d280>,83,16,[11  2],84,-1,113,-1,97
1,<environment.Job instance at 0x7fd24705db40>,84,27,[5 2],85,-1,130,-1,103
1,<environment.Job instance at 0x7fd24705d1e0>,85,13,[13  5],86,-1,116,-1,103
1,<environment.Job instance at 0x7fd24705daf0>,86,17,[13  3],87,-1,120,-1,103
1,<environment.Job instance at 0x7fd24705d9b0>,87,26,[10  5],88,-1,129,-1,103
1,<environment.Job instance at 0x7fd24705d910>,88,13,[14  3],89,-1,116,-1,103
1,<environment.Job instance at 0x7fd24705d5a0>,89,26,[ 2 12],90,-1,129,-1,103
1,<environment.Job instance at 0x7fd24705d050>,90,26,[4 5],91,-1,129,-1,103
1,<environment.Job instance at 0x7fd24705da50>,92,24,[4 6],93,-1,138,-1,114
1,<environment.Job instance at 0x7fd24696be60>,93,15,[ 2 13],94,-1,129,-1,114
1,<environment.Job instance at 0x7fd24696b500>,94,18,[11  2],95,-1,132,-1,114
1,<environment.Job instance at 0x7fd24696bf00>,97,18,[14  1],98,-1,137,-1,119
1,<environment.Job instance at 0x7fd24696bd70>,98,23,[ 1 11],99,-1,142,-1,119
1,<environment.Job instance at 0x7fd24696bfa0>,99,19,[ 3 12],100,-1,138,-1,119
1,<environment.Job instance at 0x7fd2468132d0>,0,19,[4 5],1,-1,20,-1,1
1,<environment.Job instance at 0x7fd246fe70a0>,6,22,[7 2],7,-1,29,-1,7
1,<environment.Job instance at 0x7fd246fe7370>,7,28,[3 5],8,-1,36,-1,8
1,<environment.Job instance at 0x7fd246fe7500>,8,23,[8 3],9,-1,32,-1,9
1,<environment.Job instance at 0x7fd246fe7e60>,10,25,[ 4 10],11,-1,36,-1,11
1,<environment.Job instance at 0x7fd246fe76e0>,11,13,[9 3],12,-1,25,-1,12
1,<environment.Job instance at 0x7fd246fe7d20>,12,14,[8 4],13,-1,27,-1,13
1,<environment.Job instance at 0x7fd246fe7230>,13,23,[1 5],14,-1,37,-1,14
1,<environment.Job instance at 0x7fd246feb640>,16,16,[7 5],17,-1,34,-1,18
1,<environment.Job instance at 0x7fd246febbe0>,21,19,[14  4],22,-1,54,-1,35
1,<environment.Job instance at 0x7fd246813280>,17,16,[13  1],18,-1,51,-1,35
1,<environment.Job instance at 0x7fd246feba00>,26,20,[10  4],27,-1,55,-1,35
1,<environment.Job instance at 0x7fd246febb90>,27,23,[9 5],28,-1,63,-1,40
1,<environment.Job instance at 0x7fd246febaf0>,28,27,[ 5 12],29,-1,68,-1,41
1,<environment.Job instance at 0x7fd246febc80>,23,24,[9 1],24,-1,65,-1,41
1,<environment.Job instance at 0x7fd246feb960>,31,13,[5 2],32,-1,54,-1,41
1,<environment.Job instance at 0x7fd246febeb0>,32,18,[11  3],33,-1,63,-1,45
1,<environment.Job instance at 0x7fd246feb410>,25,23,[ 3 10],26,-1,68,-1,45
1,<environment.Job instance at 0x7fd246feb050>,29,21,[7 5],30,-1,117,-1,96
1,<environment.Job instance at 0x7fd246feb500>,36,22,[10  3],37,-1,118,-1,96
1,<environment.Job instance at 0x7fd246feb230>,37,19,[ 4 10],38,-1,116,-1,97
1,<environment.Job instance at 0x7fd246feb8c0>,19,14,[14  1],20,-1,113,-1,99
1,<environment.Job instance at 0x7fd246c79320>,40,18,[10  1],41,-1,117,-1,99
1,<environment.Job instance at 0x7fd246c794b0>,41,25,[9 1],42,-1,125,-1,100
1,<environment.Job instance at 0x7fd246c79aa0>,39,15,[ 4 13],40,-1,116,-1,101
1,<environment.Job instance at 0x7fd246c79d70>,42,17,[ 5 14],43,-1,118,-1,101
1,<environment.Job instance at 0x7fd246febdc0>,30,27,[ 3 13],31,-1,128,-1,101
1,<environment.Job instance at 0x7fd246c796e0>,48,16,[12  4],49,-1,120,-1,104
1,<environment.Job instance at 0x7fd246c79550>,47,18,[ 1 14],48,-1,122,-1,104
1,<environment.Job instance at 0x7fd246c79640>,46,21,[10  1],47,-1,125,-1,104
1,<environment.Job instance at 0x7fd246febf50>,33,27,[1 7],34,-1,133,-1,106
1,<environment.Job instance at 0x7fd246c79960>,50,24,[ 3 12],51,-1,133,-1,109
1,<environment.Job instance at 0x7fd246c795a0>,52,12,[10  4],53,-1,121,-1,109
1,<environment.Job instance at 0x7fd246c79eb0>,53,28,[14  2],54,-1,137,-1,109
1,<environment.Job instance at 0x7fd246c797d0>,51,19,[7 3],52,-1,128,-1,109
1,<environment.Job instance at 0x7fd24696b6e0>,1,14,[14  3],2,-1,16,-1,2
1,<environment.Job instance at 0x7fd24696b5a0>,3,12,[ 5 12],4,-1,16,-1,4
1,<environment.Job instance at 0x7fd24696b280>,7,28,[3 5],8,-1,47,-1,19
1,<environment.Job instance at 0x7fd24696bf00>,10,25,[ 4 10],11,-1,51,-1,26
1,<environment.Job instance at 0x7fd24696b1e0>,13,23,[1 5],14,-1,49,-1,26
1,<environment.Job instance at 0x7fd250aea8c0>,14,18,[ 1 12],15,-1,44,-1,26
1,<environment.Job instance at 0x7fd24696b500>,15,15,[ 3 13],16,-1,41,-1,26
1,<environment.Job instance at 0x7fd24696b230>,8,23,[8 3],9,-1,49,-1,26
1,<environment.Job instance at 0x7fd24696be60>,17,16,[13  1],18,-1,42,-1,26
1,<environment.Job instance at 0x7fd2471ffb90>,19,14,[14  1],20,-1,40,-1,26
1,<environment.Job instance at 0x7fd247932500>,21,19,[14  4],22,-1,50,-1,31
1,<environment.Job instance at 0x7fd246edb190>,23,24,[9 1],24,-1,69,-1,45
1,<environment.Job instance at 0x7fd247628d20>,24,14,[ 5 13],25,-1,59,-1,45
1,<environment.Job instance at 0x7fd246edb280>,25,23,[ 3 10],26,-1,68,-1,45
1,<environment.Job instance at 0x7fd247a66500>,28,27,[ 5 12],29,-1,85,-1,58
1,<environment.Job instance at 0x7fd247a661e0>,30,27,[ 3 13],31,-1,85,-1,58
1,<environment.Job instance at 0x7fd246ed2d70>,27,23,[9 5],28,-1,81,-1,58
1,<environment.Job instance at 0x7fd24736faa0>,32,18,[11  3],33,-1,76,-1,58
1,<environment.Job instance at 0x7fd24736feb0>,33,27,[1 7],34,-1,85,-1,58
1,<environment.Job instance at 0x7fd24736f230>,35,18,[ 3 12],36,-1,76,-1,58
1,<environment.Job instance at 0x7fd247371280>,39,15,[ 4 13],40,-1,73,-1,58
1,<environment.Job instance at 0x7fd247371b40>,42,17,[ 5 14],43,-1,88,-1,71
1,<environment.Job instance at 0x7fd247371690>,43,14,[13  1],44,-1,85,-1,71
1,<environment.Job instance at 0x7fd24739bc80>,45,15,[ 5 14],46,-1,89,-1,74
1,<environment.Job instance at 0x7fd24738e410>,47,18,[ 1 14],48,-1,92,-1,74
1,<environment.Job instance at 0x7fd24738ea50>,48,16,[12  4],49,-1,90,-1,74
1,<environment.Job instance at 0x7fd247371a00>,41,25,[9 1],42,-1,114,-1,89
1,<environment.Job instance at 0x7fd24738eaf0>,50,24,[ 3 12],51,-1,113,-1,89
1,<environment.Job instance at 0x7fd246ec42d0>,53,28,[14  2],54,-1,120,-1,92
1,<environment.Job instance at 0x7fd247379690>,55,13,[ 5 12],56,-1,117,-1,104
1,<environment.Job instance at 0x7fd2473796e0>,56,22,[ 5 14],57,-1,126,-1,104
1,<environment.Job instance at 0x7fd247379500>,57,26,[8 5],58,-1,134,-1,108
1,<environment.Job instance at 0x7fd247cc90f0>,60,13,[13  5],61,-1,121,-1,108
1,<environment.Job instance at 0x7fd247cc9960>,61,14,[ 2 13],62,-1,122,-1,108
1,<environment.Job instance at 0x7fd247cc9af0>,62,23,[ 3 14],63,-1,131,-1,108
1,<environment.Job instance at 0x7fd247ccc5a0>,63,16,[13  3],64,-1,124,-1,108
1,<environment.Job instance at 0x7fd246d014b0>,0,13,[11  3],1,-1,14,-1,1
1,<environment.Job instance at 0x7fd246d01eb0>,1,22,[ 4 12],2,-1,24,-1,2
1,<environment.Job instance at 0x7fd250874a50>,2,20,[13  3],3,-1,23,-1,3
1,<environment.Job instance at 0x7fd246fbcd70>,3,24,[14  1],4,-1,28,-1,4
1,<environment.Job instance at 0x7fd2469f17d0>,5,14,[ 1 13],6,-1,20,-1,6
1,<environment.Job instance at 0x7fd2469f1fa0>,6,17,[ 3 12],7,-1,24,-1,7
1,<environment.Job instance at 0x7fd24760aaf0>,7,26,[11  2],8,-1,34,-1,8
1,<environment.Job instance at 0x7fd246fac230>,9,24,[11  1],10,-1,34,-1,10
1,<environment.Job instance at 0x7fd247637190>,10,23,[13  2],11,-1,34,-1,11
1,<environment.Job instance at 0x7fd2469f1aa0>,11,18,[13  5],12,-1,30,-1,12
1,<environment.Job instance at 0x7fd2473db870>,15,14,[11  2],16,-1,30,-1,16
1,<environment.Job instance at 0x7fd2473d71e0>,16,15,[12  2],17,-1,32,-1,17
1,<environment.Job instance at 0x7fd2473d7af0>,18,19,[14  2],19,-1,38,-1,19
1,<environment.Job instance at 0x7fd2473bd0a0>,19,20,[ 5 12],20,-1,40,-1,20
1,<environment.Job instance at 0x7fd247a6da50>,20,18,[14  1],21,-1,39,-1,21
1,<environment.Job instance at 0x7fd247a6dd20>,21,19,[ 2 14],22,-1,41,-1,22
1,<environment.Job instance at 0x7fd246fac2d0>,13,28,[5 9],14,-1,51,-1,23
1,<environment.Job instance at 0x7fd247a6d640>,22,24,[ 2 14],23,-1,47,-1,23
1,<environment.Job instance at 0x7fd247a6dc30>,23,28,[12  4],24,-1,52,-1,24
1,<environment.Job instance at 0x7fd247cf7460>,26,25,[14  5],27,-1,52,-1,27
1,<environment.Job instance at 0x7fd247ce9500>,25,23,[3 6],26,-1,53,-1,30
1,<environment.Job instance at 0x7fd247cf3a50>,30,18,[ 2 14],31,-1,49,-1,31
1,<environment.Job instance at 0x7fd247cf3b90>,31,28,[4 5],32,-1,64,-1,36
1,<environment.Job instance at 0x7fd2468c8d20>,33,21,[13  5],34,-1,57,-1,36
1,<environment.Job instance at 0x7fd2468c8780>,34,23,[10  5],35,-1,69,-1,46
1,<environment.Job instance at 0x7fd247374280>,35,13,[13  4],36,-1,59,-1,46
1,<environment.Job instance at 0x7fd247374a00>,37,16,[ 5 14],38,-1,62,-1,46
1,<environment.Job instance at 0x7fd247d02c80>,41,21,[12  1],42,-1,77,-1,56
1,<environment.Job instance at 0x7fd247cccf00>,43,16,[11  3],44,-1,72,-1,56
1,<environment.Job instance at 0x7fd247ccc460>,45,18,[11  2],46,-1,79,-1,61
1,<environment.Job instance at 0x7fd247cccfa0>,46,16,[ 4 13],47,-1,77,-1,61
1,<environment.Job instance at 0x7fd247cc93c0>,47,17,[11  3],48,-1,78,-1,61
1,<environment.Job instance at 0x7fd247cc9aa0>,48,23,[11  2],49,-1,84,-1,61
1,<environment.Job instance at 0x7fd247379500>,50,20,[13  2],51,-1,81,-1,61
1,<environment.Job instance at 0x7fd247379690>,52,23,[ 3 13],53,-1,93,-1,70
1,<environment.Job instance at 0x7fd2473790f0>,53,26,[3 8],54,-1,96,-1,70
1,<environment.Job instance at 0x7fd246ec42d0>,54,18,[14  4],55,-1,88,-1,70
1,<environment.Job instance at 0x7fd246ec4230>,57,23,[9 2],58,-1,108,-1,85
1,<environment.Job instance at 0x7fd24738ea00>,58,26,[11  2],59,-1,111,-1,85
1,<environment.Job instance at 0x7fd24738ef50>,59,27,[14  4],60,-1,112,-1,85
1,<environment.Job instance at 0x7fd24738eaf0>,61,26,[13  2],62,-1,111,-1,85
1,<environment.Job instance at 0x7fd2473b4550>,62,27,[11  3],63,-1,112,-1,85
1,<environment.Job instance at 0x7fd24739bc80>,63,16,[14  4],64,-1,101,-1,85
1,<environment.Job instance at 0x7fd24739b6e0>,64,27,[ 1 14],65,-1,112,-1,85
1,<environment.Job instance at 0x7fd247371690>,65,21,[ 3 11],66,-1,106,-1,85
1,<environment.Job instance at 0x7fd247371a00>,66,20,[13  1],67,-1,105,-1,85
1,<environment.Job instance at 0x7fd2473714b0>,68,22,[12  2],69,-1,115,-1,93
1,<environment.Job instance at 0x7fd247371280>,69,27,[7 4],70,-1,135,-1,108
1,<environment.Job instance at 0x7fd24736fd70>,70,25,[9 5],71,-1,133,-1,108
1,<environment.Job instance at 0x7fd246ed2d70>,73,26,[14  5],74,-1,134,-1,108
1,<environment.Job instance at 0x7fd24736f4b0>,74,12,[11  4],75,-1,120,-1,108
1,<environment.Job instance at 0x7fd24736f3c0>,75,26,[14  3],76,-1,134,-1,108
1,<environment.Job instance at 0x7fd24736f460>,76,17,[ 5 11],77,-1,125,-1,108
1,<environment.Job instance at 0x7fd247628d20>,77,26,[ 2 11],78,-1,134,-1,108
1,<environment.Job instance at 0x7fd247a66280>,79,18,[14  4],80,-1,126,-1,108
1,<environment.Job instance at 0x7fd246cd7c30>,0,28,[5 5],1,-1,29,-1,1
1,<environment.Job instance at 0x7fd25051ab40>,0,28,[5 5],1,-1,29,-1,1
1,<environment.Job instance at 0x7fd25051a0a0>,1,21,[ 4 13],2,-1,23,-1,2
1,<environment.Job instance at 0x7fd25051a6e0>,2,15,[13  2],3,-1,18,-1,3
1,<environment.Job instance at 0x7fd25051a050>,3,23,[ 5 11],4,-1,27,-1,4
1,<environment.Job instance at 0x7fd25051a3c0>,4,26,[ 5 11],5,-1,31,-1,5
1,<environment.Job instance at 0x7fd25051a0f0>,6,18,[13  2],7,-1,25,-1,7
1,<environment.Job instance at 0x7fd25051a410>,7,27,[12  5],8,-1,35,-1,8
1,<environment.Job instance at 0x7fd2476e9640>,8,19,[11  4],9,-1,28,-1,9
1,<environment.Job instance at 0x7fd25051aeb0>,9,22,[ 2 11],10,-1,32,-1,10
1,<environment.Job instance at 0x7fd247791cd0>,12,12,[ 4 14],13,-1,25,-1,13
1,<environment.Job instance at 0x7fd246edbfa0>,14,18,[14  1],15,-1,33,-1,15
1,<environment.Job instance at 0x7fd247a661e0>,16,15,[12  1],17,-1,32,-1,17
1,<environment.Job instance at 0x7fd246ed20a0>,17,13,[ 5 12],18,-1,31,-1,18
1,<environment.Job instance at 0x7fd247a660f0>,18,28,[14  2],19,-1,47,-1,19
1,<environment.Job instance at 0x7fd247a66370>,20,15,[ 5 11],21,-1,36,-1,21
1,<environment.Job instance at 0x7fd24736feb0>,21,20,[ 3 11],22,-1,42,-1,22
1,<environment.Job instance at 0x7fd24736faa0>,24,27,[ 3 13],25,-1,52,-1,25
1,<environment.Job instance at 0x7fd24736fd70>,22,28,[9 4],23,-1,53,-1,25
1,<environment.Job instance at 0x7fd247371a00>,25,23,[6 2],26,-1,49,-1,26
1,<environment.Job instance at 0x7fd247371280>,26,22,[ 1 13],27,-1,49,-1,27
1,<environment.Job instance at 0x7fd2473b4550>,27,13,[14  2],28,-1,41,-1,28
1,<environment.Job instance at 0x7fd247371b40>,29,24,[ 3 13],30,-1,54,-1,30
1,<environment.Job instance at 0x7fd247371460>,31,28,[11  3],32,-1,60,-1,32
1,<environment.Job instance at 0x7fd24739b6e0>,32,24,[1 5],33,-1,62,-1,38
1,<environment.Job instance at 0x7fd24738ec80>,36,19,[ 5 13],37,-1,57,-1,38
1,<environment.Job instance at 0x7fd24738e410>,35,24,[7 4],36,-1,70,-1,46
1,<environment.Job instance at 0x7fd247379eb0>,43,28,[9 1],44,-1,97,-1,69
1,<environment.Job instance at 0x7fd2473796e0>,44,23,[ 2 10],45,-1,96,-1,73
1,<environment.Job instance at 0x7fd247cc9aa0>,46,18,[ 3 12],47,-1,91,-1,73
1,<environment.Job instance at 0x7fd247cc9960>,47,27,[ 5 11],48,-1,100,-1,73
1,<environment.Job instance at 0x7fd247cccf00>,48,18,[14  5],49,-1,91,-1,73
1,<environment.Job instance at 0x7fd247cccdc0>,50,19,[ 1 12],51,-1,92,-1,73
1,<environment.Job instance at 0x7fd247d02c80>,52,27,[10  5],53,-1,113,-1,86
1,<environment.Job instance at 0x7fd247374a00>,54,28,[5 5],55,-1,118,-1,90
1,<environment.Job instance at 0x7fd247374910>,55,27,[11  3],56,-1,117,-1,90
1,<environment.Job instance at 0x7fd247d02cd0>,56,24,[13  2],57,-1,114,-1,90
1,<environment.Job instance at 0x7fd247cf3a50>,59,16,[ 3 14],60,-1,117,-1,101
1,<environment.Job instance at 0x7fd247cf3910>,60,24,[14  4],61,-1,125,-1,101
1,<environment.Job instance at 0x7fd24738d640>,61,13,[14  5],62,-1,114,-1,101
1,<environment.Job instance at 0x7fd24738d550>,62,27,[8 4],63,-1,145,-1,118
1,<environment.Job instance at 0x7fd247ce9140>,64,23,[6 1],65,-1,141,-1,118
1,<environment.Job instance at 0x7fd247cf7e10>,65,23,[ 5 12],66,-1,141,-1,118
1,<environment.Job instance at 0x7fd247a6de10>,67,17,[ 3 13],68,-1,135,-1,118
1,<environment.Job instance at 0x7fd247a6dc30>,68,25,[12  2],69,-1,143,-1,118
1,<environment.Job instance at 0x7fd247a27870>,69,17,[ 1 14],70,-1,135,-1,118
1,<environment.Job instance at 0x7fd2477b8500>,70,25,[12  3],71,-1,143,-1,118
1,<environment.Job instance at 0x7fd247a6ddc0>,71,27,[ 4 11],72,-1,145,-1,118
1,<environment.Job instance at 0x7fd247a6d6e0>,72,23,[12  4],73,-1,141,-1,118
1,<environment.Job instance at 0x7fd2474bab40>,0,17,[11  2],1,-1,18,-1,1
1,<environment.Job instance at 0x7fd2474d65a0>,1,27,[10  3],2,-1,29,-1,2
1,<environment.Job instance at 0x7fd2465cd280>,2,25,[ 3 12],3,-1,28,-1,3
1,<environment.Job instance at 0x7fd2465cdb40>,3,13,[14  2],4,-1,17,-1,4
1,<environment.Job instance at 0x7fd2465cdaa0>,4,12,[ 4 14],5,-1,17,-1,5
1,<environment.Job instance at 0x7fd2465cd230>,5,26,[14  4],6,-1,32,-1,6
1,<environment.Job instance at 0x7fd2465cd960>,6,23,[14  4],7,-1,30,-1,7
1,<environment.Job instance at 0x7fd2465cd9b0>,7,26,[12  4],8,-1,34,-1,8
1,<environment.Job instance at 0x7fd2474ba780>,8,23,[ 2 12],9,-1,32,-1,9
1,<environment.Job instance at 0x7fd2465d18c0>,11,13,[ 4 13],12,-1,25,-1,12
1,<environment.Job instance at 0x7fd2465cd5f0>,14,14,[ 2 13],15,-1,29,-1,15
1,<environment.Job instance at 0x7fd2465dccd0>,16,14,[13  4],17,-1,31,-1,17
1,<environment.Job instance at 0x7fd2476eb870>,17,12,[11  3],18,-1,30,-1,18
1,<environment.Job instance at 0x7fd2465dcb40>,19,18,[ 2 13],20,-1,38,-1,20
1,<environment.Job instance at 0x7fd2474c6140>,20,16,[11  4],21,-1,37,-1,21
1,<environment.Job instance at 0x7fd2476ebf00>,21,25,[ 2 12],22,-1,47,-1,22
1,<environment.Job instance at 0x7fd247132460>,23,26,[11  4],24,-1,50,-1,24
1,<environment.Job instance at 0x7fd2465d1a50>,13,24,[9 1],14,-1,52,-1,28
1,<environment.Job instance at 0x7fd2465e0eb0>,26,25,[5 3],27,-1,53,-1,28
1,<environment.Job instance at 0x7fd2476cf320>,29,28,[14  3],30,-1,68,-1,40
1,<environment.Job instance at 0x7fd2476c0410>,31,23,[ 4 10],32,-1,68,-1,45
1,<environment.Job instance at 0x7fd2465e0d70>,24,26,[ 1 10],25,-1,71,-1,45
1,<environment.Job instance at 0x7fd2476c0460>,34,24,[ 4 12],35,-1,69,-1,45
1,<environment.Job instance at 0x7fd2476c0e60>,35,15,[14  1],36,-1,60,-1,45
1,<environment.Job instance at 0x7fd2476e3500>,36,28,[14  2],37,-1,73,-1,45
1,<environment.Job instance at 0x7fd2476e3cd0>,40,27,[ 2 12],41,-1,85,-1,58
1,<environment.Job instance at 0x7fd2476e3eb0>,41,25,[ 3 13],42,-1,83,-1,58
1,<environment.Job instance at 0x7fd2476c05a0>,32,28,[10  2],33,-1,99,-1,71
1,<environment.Job instance at 0x7fd2476bfa00>,43,27,[9 5],44,-1,98,-1,71
1,<environment.Job instance at 0x7fd247f2fb90>,44,25,[3 5],45,-1,96,-1,71
1,<environment.Job instance at 0x7fd2476bff00>,45,23,[ 2 13],46,-1,94,-1,71
1,<environment.Job instance at 0x7fd246cf1d20>,46,15,[11  2],47,-1,86,-1,71
1,<environment.Job instance at 0x7fd2476e4a50>,48,27,[ 4 14],49,-1,98,-1,71
1,<environment.Job instance at 0x7fd2476e4a00>,49,28,[12  5],50,-1,99,-1,71
1,<environment.Job instance at 0x7fd2465d5370>,51,27,[13  3],52,-1,106,-1,79
1,<environment.Job instance at 0x7fd2465d5fa0>,52,26,[ 2 14],53,-1,105,-1,79
1,<environment.Job instance at 0x7fd2465d5d70>,53,25,[11  2],54,-1,104,-1,79
1,<environment.Job instance at 0x7fd2465d5140>,54,16,[11  4],55,-1,95,-1,79
1,<environment.Job instance at 0x7fd246d090a0>,55,13,[14  4],56,-1,92,-1,79
1,<environment.Job instance at 0x7fd24781a1e0>,57,21,[12  2],58,-1,100,-1,79
1,<environment.Job instance at 0x7fd2479467d0>,58,20,[ 1 11],59,-1,99,-1,79
1,<environment.Job instance at 0x7fd246d1f0a0>,59,14,[ 1 14],60,-1,93,-1,79
1,<environment.Job instance at 0x7fd247946820>,61,15,[12  3],62,-1,94,-1,79
1,<environment.Job instance at 0x7fd2465d5320>,50,28,[2 5],51,-1,108,-1,80
1,<environment.Job instance at 0x7fd2476da2d0>,63,22,[14  3],64,-1,102,-1,80
1,<environment.Job instance at 0x7fd2465be1e0>,65,16,[11  4],66,-1,96,-1,80
1,<environment.Job instance at 0x7fd2465be190>,66,20,[ 5 13],67,-1,100,-1,80
1,<environment.Job instance at 0x7fd2476dae10>,67,20,[11  5],68,-1,100,-1,80
1,<environment.Job instance at 0x7fd2476f6fa0>,68,23,[7 4],69,-1,115,-1,92
1,<environment.Job instance at 0x7fd2476f6cd0>,69,22,[13  3],70,-1,114,-1,92
1,<environment.Job instance at 0x7fd24715f820>,70,14,[14  2],71,-1,106,-1,92
1,<environment.Job instance at 0x7fd24715f780>,71,19,[13  5],72,-1,111,-1,92
1,<environment.Job instance at 0x7fd2471483c0>,72,16,[13  3],73,-1,108,-1,92
1,<environment.Job instance at 0x7fd247949230>,74,17,[ 1 13],75,-1,109,-1,92
1,<environment.Job instance at 0x7fd2471485f0>,75,23,[ 3 11],76,-1,115,-1,92
1,<environment.Job instance at 0x7fd247966d20>,76,26,[11  1],77,-1,118,-1,92
1,<environment.Job instance at 0x7fd247966c80>,77,25,[ 1 10],78,-1,130,-1,105
1,<environment.Job instance at 0x7fd247b81690>,79,25,[ 4 11],80,-1,130,-1,105
1,<environment.Job instance at 0x7fd247b97230>,81,26,[13  2],82,-1,132,-1,106
1,<environment.Job instance at 0x7fd247139b90>,82,20,[ 2 13],83,-1,126,-1,106
1,<environment.Job instance at 0x7fd247313d20>,0,21,[8 3],1,-1,23,-1,2
1,<environment.Job instance at 0x7fd24736f730>,1,18,[11  1],2,-1,20,-1,2
1,<environment.Job instance at 0x7fd247313190>,4,17,[5 9],5,-1,23,-1,6
1,<environment.Job instance at 0x7fd2473134b0>,6,24,[5 6],7,-1,31,-1,7
1,<environment.Job instance at 0x7fd247313500>,7,15,[4 9],8,-1,23,-1,8
1,<environment.Job instance at 0x7fd247313d70>,5,18,[6 1],6,-1,28,-1,10
1,<environment.Job instance at 0x7fd246786870>,13,12,[4 8],14,-1,27,-1,15
1,<environment.Job instance at 0x7fd2473132d0>,14,28,[5 7],15,-1,43,-1,15
1,<environment.Job instance at 0x7fd2467861e0>,15,28,[2 5],16,-1,51,-1,23
1,<environment.Job instance at 0x7fd2467860f0>,16,28,[ 2 14],17,-1,51,-1,23
1,<environment.Job instance at 0x7fd246786780>,21,18,[6 5],22,-1,41,-1,23
1,<environment.Job instance at 0x7fd247148960>,1,18,[11  1],2,-1,20,-1,2
1,<environment.Job instance at 0x7fd2471483c0>,2,12,[ 4 12],3,-1,15,-1,3
1,<environment.Job instance at 0x7fd2471482d0>,3,27,[ 4 14],4,-1,31,-1,4
1,<environment.Job instance at 0x7fd247150550>,8,22,[ 4 13],9,-1,31,-1,9
1,<environment.Job instance at 0x7fd247356f50>,6,24,[5 6],7,-1,46,-1,22
1,<environment.Job instance at 0x7fd257ae4dc0>,11,25,[14  1],12,-1,47,-1,22
1,<environment.Job instance at 0x7fd2474d2230>,9,24,[ 1 10],10,-1,46,-1,22
1,<environment.Job instance at 0x7fd247313a50>,14,28,[5 7],15,-1,50,-1,22
1,<environment.Job instance at 0x7fd247313af0>,15,28,[2 5],16,-1,50,-1,22
1,<environment.Job instance at 0x7fd246779690>,16,28,[ 2 14],17,-1,50,-1,22
1,<environment.Job instance at 0x7fd246779be0>,18,28,[5 1],19,-1,50,-1,22
1,<environment.Job instance at 0x7fd246779c80>,19,28,[1 9],20,-1,62,-1,34
1,<environment.Job instance at 0x7fd246766370>,24,15,[ 5 12],25,-1,61,-1,46
1,<environment.Job instance at 0x7fd246766190>,26,23,[12  4],27,-1,79,-1,56
1,<environment.Job instance at 0x7fd246766a50>,28,22,[ 3 14],29,-1,80,-1,58
1,<environment.Job instance at 0x7fd246766fa0>,30,28,[5 5],31,-1,97,-1,69
1,<environment.Job instance at 0x7fd246766cd0>,32,26,[ 5 14],33,-1,95,-1,69
1,<environment.Job instance at 0x7fd246766e60>,31,24,[10  1],32,-1,107,-1,83
1,<environment.Job instance at 0x7fd246766f00>,35,16,[ 3 14],36,-1,99,-1,83
1,<environment.Job instance at 0x7fd246797b90>,36,21,[12  4],37,-1,104,-1,83
1,<environment.Job instance at 0x7fd246797b40>,38,15,[13  3],39,-1,100,-1,85
1,<environment.Job instance at 0x7fd246797780>,40,26,[12  2],41,-1,111,-1,85
1,<environment.Job instance at 0x7fd2467977d0>,41,22,[13  3],42,-1,107,-1,85
1,<environment.Job instance at 0x7fd246797aa0>,42,14,[14  4],43,-1,99,-1,85
1,<environment.Job instance at 0x7fd246797cd0>,43,26,[13  4],44,-1,111,-1,85
1,<environment.Job instance at 0x7fd246797d20>,45,23,[14  1],46,-1,118,-1,95
1,<environment.Job instance at 0x7fd2467970a0>,46,14,[ 1 12],47,-1,109,-1,95
1,<environment.Job instance at 0x7fd246797fa0>,47,17,[14  4],48,-1,112,-1,95
1,<environment.Job instance at 0x7fd246797af0>,49,13,[ 2 11],50,-1,112,-1,99
1,<environment.Job instance at 0x7fd2467971e0>,50,23,[11  4],51,-1,122,-1,99
1,<environment.Job instance at 0x7fd246797820>,52,27,[ 3 13],53,-1,126,-1,99
1,<environment.Job instance at 0x7fd246797410>,53,18,[ 2 12],54,-1,117,-1,99
1,<environment.Job instance at 0x7fd247b7e1e0>,56,17,[14  2],57,-1,128,-1,111
1,<environment.Job instance at 0x7fd246797870>,51,24,[8 2],52,-1,143,-1,119
1,<environment.Job instance at 0x7fd247b7e7d0>,58,22,[14  1],59,-1,141,-1,119
1,<environment.Job instance at 0x7fd247b7ef00>,59,26,[11  3],60,-1,145,-1,119
1,<environment.Job instance at 0x7fd247b7edc0>,60,18,[ 2 12],61,-1,137,-1,119
1,<environment.Job instance at 0x7fd246f37500>,0,22,[3 9],1,-1,23,-1,1
1,<environment.Job instance at 0x7fd246f37c80>,8,24,[7 4],9,-1,35,-1,11
1,<environment.Job instance at 0x7fd246cf9d70>,5,13,[ 4 13],6,-1,27,-1,14
1,<environment.Job instance at 0x7fd246f37410>,4,23,[9 5],5,-1,41,-1,18
1,<environment.Job instance at 0x7fd246f37460>,11,26,[12  5],12,-1,46,-1,20
1,<environment.Job instance at 0x7fd246f37140>,12,28,[13  1],13,-1,58,-1,30
1,<environment.Job instance at 0x7fd246f375a0>,14,20,[ 4 12],15,-1,50,-1,30
1,<environment.Job instance at 0x7fd246f37d70>,17,12,[7 5],18,-1,43,-1,31
1,<environment.Job instance at 0x7fd246f37af0>,15,24,[10  4],16,-1,55,-1,31
1,<environment.Job instance at 0x7fd246f37fa0>,18,25,[6 2],19,-1,57,-1,32
1,<environment.Job instance at 0x7fd246f378c0>,19,20,[ 4 10],20,-1,58,-1,38
1,<environment.Job instance at 0x7fd246f37d20>,16,18,[14  3],17,-1,56,-1,38
1,<environment.Job instance at 0x7fd246f37230>,20,21,[4 7],21,-1,60,-1,39
1,<environment.Job instance at 0x7fd246f379b0>,23,13,[6 3],24,-1,52,-1,39
1,<environment.Job instance at 0x7fd2467e2f00>,26,26,[6 2],27,-1,65,-1,39
1,<environment.Job instance at 0x7fd2467e2c30>,27,23,[8 1],28,-1,62,-1,39
1,<environment.Job instance at 0x7fd2467e2be0>,28,18,[4 5],29,-1,57,-1,39
1,<environment.Job instance at 0x7fd2467e2870>,29,26,[10  2],30,-1,65,-1,39
1,<environment.Job instance at 0x7fd2467e26e0>,30,17,[8 3],31,-1,56,-1,39
1,<environment.Job instance at 0x7fd2467e2eb0>,31,14,[9 3],32,-1,53,-1,39
1,<environment.Job instance at 0x7fd2467e2fa0>,32,25,[3 8],33,-1,64,-1,39
1,<environment.Job instance at 0x7fd2467e2b90>,33,17,[14  5],34,-1,56,-1,39
1,<environment.Job instance at 0x7fd2467e2c80>,25,15,[ 4 11],26,-1,54,-1,39
1,<environment.Job instance at 0x7fd246f37c30>,21,16,[6 1],22,-1,59,-1,43
1,<environment.Job instance at 0x7fd2467e25f0>,35,21,[11  5],36,-1,65,-1,44
1,<environment.Job instance at 0x7fd2467e2460>,34,15,[ 3 13],35,-1,63,-1,48
1,<environment.Job instance at 0x7fd2467e2190>,40,24,[14  3],41,-1,72,-1,48
1,<environment.Job instance at 0x7fd2467e2820>,41,28,[10  3],42,-1,76,-1,48
1,<environment.Job instance at 0x7fd2467e2f50>,37,23,[12  5],38,-1,72,-1,49
1,<environment.Job instance at 0x7fd2467e27d0>,42,21,[4 7],43,-1,71,-1,50
1,<environment.Job instance at 0x7fd2467e2730>,38,23,[ 2 14],39,-1,74,-1,51
1,<environment.Job instance at 0x7fd2467e2280>,36,28,[4 9],37,-1,80,-1,52
1,<environment.Job instance at 0x7fd246f37cd0>,13,22,[ 5 14],14,-1,74,-1,52
1,<environment.Job instance at 0x7fd2467e2320>,39,15,[3 5],40,-1,67,-1,52
1,<environment.Job instance at 0x7fd2467e28c0>,44,18,[5 5],45,-1,70,-1,52
1,<environment.Job instance at 0x7fd247891c80>,47,18,[9 2],48,-1,70,-1,52
1,<environment.Job instance at 0x7fd247891af0>,49,17,[ 3 11],50,-1,69,-1,52
1,<environment.Job instance at 0x7fd2467e20a0>,45,15,[ 1 10],46,-1,67,-1,52
1,<environment.Job instance at 0x7fd247891640>,48,18,[12  4],49,-1,70,-1,52
1,<environment.Job instance at 0x7fd247891fa0>,50,15,[ 5 11],51,-1,68,-1,53
1,<environment.Job instance at 0x7fd247891820>,51,28,[ 2 11],52,-1,82,-1,54
1,<environment.Job instance at 0x7fd2478915f0>,53,12,[11  3],54,-1,66,-1,54
1,<environment.Job instance at 0x7fd2478911e0>,52,23,[5 5],53,-1,77,-1,54
1,<environment.Job instance at 0x7fd246f036e0>,59,15,[ 2 12],60,-1,77,-1,62
1,<environment.Job instance at 0x7fd247891be0>,46,28,[ 5 13],47,-1,104,-1,76
1,<environment.Job instance at 0x7fd247891e10>,57,18,[14  4],58,-1,110,-1,92
1,<environment.Job instance at 0x7fd246f03e60>,62,20,[10  2],63,-1,121,-1,101
1,<environment.Job instance at 0x7fd2478918c0>,54,26,[ 4 12],55,-1,139,-1,113
1,<environment.Job instance at 0x7fd246f03e10>,60,17,[2 7],61,-1,135,-1,118
1,<environment.Job instance at 0x7fd246797e10>,2,23,[ 3 11],3,-1,26,-1,3
1,<environment.Job instance at 0x7fd2467976e0>,3,24,[ 4 14],4,-1,28,-1,4
1,<environment.Job instance at 0x7fd246797b40>,4,23,[9 5],5,-1,28,-1,5
1,<environment.Job instance at 0x7fd246797910>,5,13,[ 4 13],6,-1,19,-1,6
1,<environment.Job instance at 0x7fd246797b90>,6,25,[13  2],7,-1,32,-1,7
1,<environment.Job instance at 0x7fd246797a50>,7,14,[ 1 11],8,-1,22,-1,8
1,<environment.Job instance at 0x7fd2467975f0>,8,24,[7 4],9,-1,33,-1,9
1,<environment.Job instance at 0x7fd246766fa0>,11,26,[12  5],12,-1,38,-1,12
1,<environment.Job instance at 0x7fd2467668c0>,12,28,[13  1],13,-1,41,-1,13
1,<environment.Job instance at 0x7fd246766d70>,13,22,[ 5 14],14,-1,36,-1,14
1,<environment.Job instance at 0x7fd246766f50>,14,20,[ 4 12],15,-1,35,-1,15
1,<environment.Job instance at 0x7fd246797140>,16,18,[14  3],17,-1,35,-1,17
1,<environment.Job instance at 0x7fd246766500>,18,25,[6 2],19,-1,49,-1,24
1,<environment.Job instance at 0x7fd246779050>,25,15,[ 4 11],26,-1,50,-1,35
1,<environment.Job instance at 0x7fd246779a00>,26,26,[6 2],27,-1,64,-1,38
1,<environment.Job instance at 0x7fd246779280>,27,23,[8 1],28,-1,61,-1,38
1,<environment.Job instance at 0x7fd2474d65a0>,32,25,[3 8],33,-1,78,-1,53
1,<environment.Job instance at 0x7fd246f37960>,33,17,[14  5],34,-1,70,-1,53
1,<environment.Job instance at 0x7fd246f376e0>,34,15,[ 3 13],35,-1,68,-1,53
1,<environment.Job instance at 0x7fd246f031e0>,35,21,[11  5],36,-1,74,-1,53
1,<environment.Job instance at 0x7fd2467e2230>,36,28,[4 9],37,-1,81,-1,53
1,<environment.Job instance at 0x7fd2467e2910>,37,23,[12  5],38,-1,76,-1,53
1,<environment.Job instance at 0x7fd2466fff50>,38,23,[ 2 14],39,-1,76,-1,53
1,<environment.Job instance at 0x7fd24670f6e0>,40,24,[14  3],41,-1,77,-1,53
1,<environment.Job instance at 0x7fd246766d20>,15,24,[10  4],16,-1,88,-1,64
1,<environment.Job instance at 0x7fd24670f050>,43,23,[5 1],44,-1,87,-1,64
1,<environment.Job instance at 0x7fd246786190>,29,26,[10  2],30,-1,90,-1,64
1,<environment.Job instance at 0x7fd2466ffc30>,41,28,[10  3],42,-1,92,-1,64
1,<environment.Job instance at 0x7fd24670ffa0>,46,28,[ 5 13],47,-1,92,-1,64
1,<environment.Job instance at 0x7fd250aee5f0>,48,18,[12  4],49,-1,82,-1,64
1,<environment.Job instance at 0x7fd250aee730>,49,17,[ 3 11],50,-1,81,-1,64
1,<environment.Job instance at 0x7fd250aee690>,50,15,[ 5 11],51,-1,79,-1,64
1,<environment.Job instance at 0x7fd250aee820>,51,28,[ 2 11],52,-1,92,-1,64
1,<environment.Job instance at 0x7fd250aee410>,52,23,[5 5],53,-1,91,-1,68
1,<environment.Job instance at 0x7fd250aeed20>,53,12,[11  3],54,-1,80,-1,68
1,<environment.Job instance at 0x7fd250aee140>,54,26,[ 4 12],55,-1,94,-1,68
1,<environment.Job instance at 0x7fd250aee280>,55,12,[ 4 12],56,-1,80,-1,68
1,<environment.Job instance at 0x7fd250aee9b0>,56,24,[5 2],57,-1,92,-1,68
1,<environment.Job instance at 0x7fd250aeedc0>,57,18,[14  4],58,-1,86,-1,68
1,<environment.Job instance at 0x7fd250aeef00>,58,12,[11  2],59,-1,80,-1,68
1,<environment.Job instance at 0x7fd247911cd0>,59,15,[ 2 12],60,-1,83,-1,68
1,<environment.Job instance at 0x7fd247911b90>,61,28,[13  2],62,-1,96,-1,68
1,<environment.Job instance at 0x7fd247911c30>,64,27,[3 6],65,-1,123,-1,96
1,<environment.Job instance at 0x7fd247911140>,67,28,[13  2],68,-1,124,-1,96
1,<environment.Job instance at 0x7fd2479113c0>,69,28,[1 5],70,-1,125,-1,97
1,<environment.Job instance at 0x7fd247911640>,70,14,[13  2],71,-1,111,-1,97
1,<environment.Job instance at 0x7fd247911190>,71,13,[11  3],72,-1,110,-1,97
1,<environment.Job instance at 0x7fd246f47eb0>,73,24,[ 3 12],74,-1,122,-1,98
1,<environment.Job instance at 0x7fd246f47dc0>,74,20,[ 5 12],75,-1,118,-1,98
1,<environment.Job instance at 0x7fd246f47910>,78,27,[14  2],79,-1,142,-1,115
1,<environment.Job instance at 0x7fd247eaac30>,79,17,[ 5 12],80,-1,132,-1,115
1,<environment.Job instance at 0x7fd2479336e0>,4,21,[8 2],5,-1,26,-1,5
1,<environment.Job instance at 0x7fd247933190>,6,18,[7 4],7,-1,25,-1,7
1,<environment.Job instance at 0x7fd247394050>,11,21,[1 7],12,-1,35,-1,14
1,<environment.Job instance at 0x7fd2473942d0>,9,22,[3 7],10,-1,36,-1,14
1,<environment.Job instance at 0x7fd24791cfa0>,10,21,[5 3],11,-1,51,-1,30
1,<environment.Job instance at 0x7fd247394460>,15,12,[8 5],16,-1,42,-1,30
1,<environment.Job instance at 0x7fd247394e10>,18,18,[10  2],19,-1,48,-1,30
1,<environment.Job instance at 0x7fd2504f7870>,20,14,[11  1],21,-1,45,-1,31
1,<environment.Job instance at 0x7fd2504f7be0>,21,21,[14  1],22,-1,52,-1,31
1,<environment.Job instance at 0x7fd2504f7e60>,22,24,[5 5],23,-1,57,-1,33
1,<environment.Job instance at 0x7fd2504f7d70>,23,15,[ 4 11],24,-1,48,-1,33
1,<environment.Job instance at 0x7fd247933140>,8,24,[4 8],9,-1,58,-1,34
1,<environment.Job instance at 0x7fd2504f7500>,24,22,[14  4],25,-1,56,-1,34
1,<environment.Job instance at 0x7fd2504f7e10>,25,22,[5 1],26,-1,56,-1,34
1,<environment.Job instance at 0x7fd247933410>,5,18,[13  2],6,-1,52,-1,34
1,<environment.Job instance at 0x7fd247397370>,26,23,[12  1],27,-1,57,-1,34
1,<environment.Job instance at 0x7fd2504f7dc0>,27,28,[3 8],28,-1,64,-1,36
1,<environment.Job instance at 0x7fd2473972d0>,28,16,[ 4 14],29,-1,52,-1,36
1,<environment.Job instance at 0x7fd247397050>,29,21,[ 4 10],30,-1,57,-1,36
1,<environment.Job instance at 0x7fd2473978c0>,30,16,[ 2 12],31,-1,52,-1,36
1,<environment.Job instance at 0x7fd247394500>,17,19,[6 2],18,-1,55,-1,36
1,<environment.Job instance at 0x7fd247397870>,32,22,[5 5],33,-1,58,-1,36
1,<environment.Job instance at 0x7fd247397b90>,31,17,[13  4],32,-1,53,-1,36
1,<environment.Job instance at 0x7fd2473976e0>,34,13,[ 2 12],35,-1,49,-1,36
1,<environment.Job instance at 0x7fd247397690>,35,18,[14  4],36,-1,54,-1,36
1,<environment.Job instance at 0x7fd2473977d0>,37,12,[ 5 10],38,-1,50,-1,38
1,<environment.Job instance at 0x7fd2473974b0>,39,16,[9 4],40,-1,56,-1,40
1,<environment.Job instance at 0x7fd247f2df50>,45,25,[11  1],46,-1,87,-1,62
1,<environment.Job instance at 0x7fd247397f00>,41,16,[ 2 12],42,-1,78,-1,62
1,<environment.Job instance at 0x7fd2471e93c0>,47,26,[2 9],48,-1,88,-1,62
1,<environment.Job instance at 0x7fd2473944b0>,16,12,[11  1],17,-1,78,-1,66
1,<environment.Job instance at 0x7fd2471e96e0>,49,21,[13  1],50,-1,88,-1,67
1,<environment.Job instance at 0x7fd2471e9e10>,48,26,[5 5],49,-1,94,-1,68
1,<environment.Job instance at 0x7fd247397640>,42,23,[7 2],43,-1,91,-1,68
1,<environment.Job instance at 0x7fd2471e92d0>,53,17,[2 7],54,-1,85,-1,68
1,<environment.Job instance at 0x7fd2508ab2d0>,54,23,[10  4],55,-1,92,-1,69
1,<environment.Job instance at 0x7fd2508aba00>,55,25,[6 5],56,-1,94,-1,69
1,<environment.Job instance at 0x7fd247e2d1e0>,56,19,[ 3 12],57,-1,89,-1,70
1,<environment.Job instance at 0x7fd247210320>,58,21,[13  4],59,-1,91,-1,70
1,<environment.Job instance at 0x7fd246ac41e0>,46,25,[6 4],47,-1,95,-1,70
1,<environment.Job instance at 0x7fd2476abf50>,59,21,[8 2],60,-1,92,-1,71
1,<environment.Job instance at 0x7fd2473678c0>,61,23,[ 2 11],62,-1,95,-1,72
1,<environment.Job instance at 0x7fd247397730>,38,25,[12  5],39,-1,97,-1,72
1,<environment.Job instance at 0x7fd247397d20>,40,26,[ 5 13],41,-1,100,-1,74
1,<environment.Job instance at 0x7fd247367b40>,62,24,[13  5],63,-1,98,-1,74
1,<environment.Job instance at 0x7fd247367780>,63,27,[ 3 13],64,-1,101,-1,74
1,<environment.Job instance at 0x7fd247367a00>,65,26,[6 1],66,-1,100,-1,74
1,<environment.Job instance at 0x7fd2471e95a0>,51,22,[12  5],52,-1,127,-1,105
1,<environment.Job instance at 0x7fd247914370>,68,22,[12  4],69,-1,133,-1,111
1,<environment.Job instance at 0x7fd246a8db90>,70,15,[11  4],71,-1,126,-1,111
1,<environment.Job instance at 0x7fd246a8daf0>,71,13,[ 2 14],72,-1,125,-1,112
1,<environment.Job instance at 0x7fd246b95f00>,73,26,[14  1],74,-1,138,-1,112
1,<environment.Job instance at 0x7fd2476640f0>,74,16,[ 2 14],75,-1,128,-1,112
1,<environment.Job instance at 0x7fd246f30640>,75,18,[2 7],76,-1,130,-1,112
1,<environment.Job instance at 0x7fd247550f50>,72,14,[ 1 10],73,-1,126,-1,112
1,<environment.Job instance at 0x7fd2476683c0>,76,13,[11  1],77,-1,125,-1,112
1,<environment.Job instance at 0x7fd247d5bcd0>,78,16,[13  3],79,-1,128,-1,112
1,<environment.Job instance at 0x7fd2479143c0>,69,15,[7 3],70,-1,127,-1,112
1,<environment.Job instance at 0x7fd246fceeb0>,79,18,[8 3],80,-1,130,-1,112
1,<environment.Job instance at 0x7fd246fbd1e0>,80,22,[13  2],81,-1,134,-1,112
1,<environment.Job instance at 0x7fd247056690>,82,19,[11  4],83,-1,131,-1,112
1,<environment.Job instance at 0x7fd247644730>,81,23,[11  1],82,-1,135,-1,112
1,<environment.Job instance at 0x7fd247643af0>,84,19,[13  1],85,-1,137,-1,118
1,<environment.Job instance at 0x7fd2471e9dc0>,50,15,[8 4],51,-1,133,-1,118
1,<environment.Job instance at 0x7fd246a147d0>,87,13,[ 1 12],88,-1,131,-1,118
1,<environment.Job instance at 0x7fd24705daa0>,85,20,[ 5 11],86,-1,139,-1,119
1,<environment.Job instance at 0x7fd247d604b0>,0,13,[ 3 14],1,-1,14,-1,1
1,<environment.Job instance at 0x7fd247d60c30>,1,21,[ 5 14],2,-1,23,-1,2
1,<environment.Job instance at 0x7fd246a8d370>,5,18,[13  2],6,-1,24,-1,6
1,<environment.Job instance at 0x7fd247d708c0>,7,17,[12  2],8,-1,25,-1,8
1,<environment.Job instance at 0x7fd246ce6960>,8,24,[4 8],9,-1,33,-1,9
1,<environment.Job instance at 0x7fd246ce6aa0>,13,17,[14  5],14,-1,39,-1,22
1,<environment.Job instance at 0x7fd247517320>,14,12,[11  5],15,-1,34,-1,22
1,<environment.Job instance at 0x7fd2477065f0>,16,12,[11  1],17,-1,34,-1,22
1,<environment.Job instance at 0x7fd2473fd5a0>,19,12,[ 1 13],20,-1,35,-1,23
1,<environment.Job instance at 0x7fd2473fd550>,20,14,[11  1],21,-1,37,-1,23
1,<environment.Job instance at 0x7fd246cf74b0>,21,21,[14  1],22,-1,44,-1,23
1,<environment.Job instance at 0x7fd246cf7c80>,22,24,[5 5],23,-1,47,-1,23
1,<environment.Job instance at 0x7fd24740da00>,23,15,[ 4 11],24,-1,39,-1,24
1,<environment.Job instance at 0x7fd247304d70>,24,22,[14  4],25,-1,47,-1,25
1,<environment.Job instance at 0x7fd24668a0f0>,26,23,[12  1],27,-1,50,-1,27
1,<environment.Job instance at 0x7fd246691640>,28,16,[ 4 14],29,-1,48,-1,32
1,<environment.Job instance at 0x7fd2466915a0>,27,28,[3 8],28,-1,61,-1,33
1,<environment.Job instance at 0x7fd24770c370>,30,16,[ 2 12],31,-1,49,-1,33
1,<environment.Job instance at 0x7fd246ea8870>,31,17,[13  4],32,-1,50,-1,33
1,<environment.Job instance at 0x7fd246ea8780>,34,13,[ 2 12],35,-1,48,-1,35
1,<environment.Job instance at 0x7fd24669c6e0>,35,18,[14  4],36,-1,54,-1,36
1,<environment.Job instance at 0x7fd246ea75a0>,38,25,[12  5],39,-1,78,-1,53
1,<environment.Job instance at 0x7fd246eaca00>,40,26,[ 5 13],41,-1,79,-1,53
1,<environment.Job instance at 0x7fd246ea7460>,41,16,[ 2 12],42,-1,69,-1,53
1,<environment.Job instance at 0x7fd247725b40>,42,23,[7 2],43,-1,88,-1,65
1,<environment.Job instance at 0x7fd247725eb0>,43,24,[10  3],44,-1,89,-1,65
1,<environment.Job instance at 0x7fd247725e10>,44,25,[1 9],45,-1,90,-1,65
1,<environment.Job instance at 0x7fd247725a50>,45,25,[11  1],46,-1,90,-1,65
1,<environment.Job instance at 0x7fd247725780>,46,25,[6 4],47,-1,90,-1,65
1,<environment.Job instance at 0x7fd247725aa0>,47,26,[2 9],48,-1,91,-1,65
1,<environment.Job instance at 0x7fd247725dc0>,48,26,[5 5],49,-1,91,-1,65
1,<environment.Job instance at 0x7fd247725960>,49,21,[13  1],50,-1,86,-1,65
1,<environment.Job instance at 0x7fd246ecdaa0>,51,22,[12  5],52,-1,87,-1,65
1,<environment.Job instance at 0x7fd246ecd500>,54,23,[10  4],55,-1,113,-1,90
1,<environment.Job instance at 0x7fd246ece690>,55,25,[6 5],56,-1,115,-1,90
1,<environment.Job instance at 0x7fd246ece5a0>,56,19,[ 3 12],57,-1,109,-1,90
1,<environment.Job instance at 0x7fd24740a910>,58,21,[13  4],59,-1,111,-1,90
1,<environment.Job instance at 0x7fd246ece780>,57,25,[ 2 10],58,-1,117,-1,92
1,<environment.Job instance at 0x7fd24740ac80>,60,21,[ 4 14],61,-1,113,-1,92
1,<environment.Job instance at 0x7fd24740ab90>,61,23,[ 2 11],62,-1,115,-1,92
1,<environment.Job instance at 0x7fd24740af00>,62,24,[13  5],63,-1,116,-1,92
1,<environment.Job instance at 0x7fd24740aa00>,63,27,[ 3 13],64,-1,119,-1,92
1,<environment.Job instance at 0x7fd24740a9b0>,64,12,[ 2 13],65,-1,104,-1,92
1,<environment.Job instance at 0x7fd24740abe0>,65,26,[6 1],66,-1,118,-1,92
1,<environment.Job instance at 0x7fd24740afa0>,67,21,[ 2 13],68,-1,113,-1,92
1,<environment.Job instance at 0x7fd24740a5a0>,68,22,[12  4],69,-1,114,-1,92
1,<environment.Job instance at 0x7fd247d6f690>,70,15,[11  4],71,-1,122,-1,107
1,<environment.Job instance at 0x7fd247d6f190>,71,13,[ 2 14],72,-1,120,-1,107
1,<environment.Job instance at 0x7fd247dd8230>,73,26,[14  1],74,-1,135,-1,109
1,<environment.Job instance at 0x7fd247dd8730>,74,16,[ 2 14],75,-1,125,-1,109
1,<environment.Job instance at 0x7fd247d662d0>,76,13,[11  1],77,-1,132,-1,119
1,<environment.Job instance at 0x7fd247dde2d0>,0,27,[12  5],1,-1,28,-1,1
1,<environment.Job instance at 0x7fd247ddedc0>,1,17,[ 5 12],2,-1,19,-1,2
1,<environment.Job instance at 0x7fd247de5b90>,3,21,[12  2],4,-1,25,-1,4
1,<environment.Job instance at 0x7fd247dd5780>,4,14,[11  1],5,-1,19,-1,5
1,<environment.Job instance at 0x7fd247ddefa0>,5,23,[ 3 13],6,-1,29,-1,6
1,<environment.Job instance at 0x7fd247df1fa0>,6,14,[13  4],7,-1,21,-1,7
1,<environment.Job instance at 0x7fd247df1a50>,9,14,[13  4],10,-1,24,-1,10
1,<environment.Job instance at 0x7fd246ea5cd0>,10,20,[ 5 12],11,-1,31,-1,11
1,<environment.Job instance at 0x7fd246ea5d20>,12,26,[5 5],13,-1,39,-1,13
1,<environment.Job instance at 0x7fd247df75f0>,16,18,[12  1],17,-1,35,-1,17
1,<environment.Job instance at 0x7fd247df75a0>,17,14,[ 4 14],18,-1,32,-1,18
1,<environment.Job instance at 0x7fd246ea5230>,11,24,[9 4],12,-1,49,-1,25
1,<environment.Job instance at 0x7fd247dccaa0>,19,23,[9 1],20,-1,48,-1,25
1,<environment.Job instance at 0x7fd247d66af0>,20,12,[13  2],21,-1,37,-1,25
1,<environment.Job instance at 0x7fd247d667d0>,21,15,[14  4],22,-1,40,-1,25
1,<environment.Job instance at 0x7fd247dd8730>,22,24,[5 3],23,-1,49,-1,25
1,<environment.Job instance at 0x7fd247dd87d0>,23,17,[14  4],24,-1,42,-1,25
1,<environment.Job instance at 0x7fd24740ab40>,25,16,[12  2],26,-1,42,-1,26
1,<environment.Job instance at 0x7fd24740acd0>,26,13,[ 4 14],27,-1,40,-1,27
1,<environment.Job instance at 0x7fd247de51e0>,8,27,[ 1 10],9,-1,63,-1,36
1,<environment.Job instance at 0x7fd24740aaf0>,29,13,[14  3],30,-1,49,-1,36
1,<environment.Job instance at 0x7fd24740af00>,31,28,[12  2],32,-1,64,-1,36
1,<environment.Job instance at 0x7fd24740aa50>,32,24,[12  5],33,-1,60,-1,36
1,<environment.Job instance at 0x7fd24740aeb0>,34,12,[11  5],35,-1,49,-1,37
1,<environment.Job instance at 0x7fd246ece550>,37,14,[ 5 11],38,-1,66,-1,52
1,<environment.Job instance at 0x7fd246ece640>,38,17,[ 3 14],39,-1,69,-1,52
1,<environment.Job instance at 0x7fd247725fa0>,39,23,[7 5],40,-1,87,-1,64
1,<environment.Job instance at 0x7fd247725960>,41,23,[1 5],42,-1,87,-1,64
1,<environment.Job instance at 0x7fd247725e10>,43,26,[ 1 11],44,-1,90,-1,64
1,<environment.Job instance at 0x7fd2477258c0>,44,12,[13  4],45,-1,76,-1,64
1,<environment.Job instance at 0x7fd247725eb0>,46,15,[ 1 11],47,-1,79,-1,64
1,<environment.Job instance at 0x7fd24669c6e0>,48,24,[13  4],49,-1,94,-1,70
1,<environment.Job instance at 0x7fd246ea7820>,50,19,[14  4],51,-1,98,-1,79
1,<environment.Job instance at 0x7fd246eaca00>,52,24,[9 5],53,-1,103,-1,79
1,<environment.Job instance at 0x7fd246ea87d0>,53,24,[10  3],54,-1,103,-1,79
1,<environment.Job instance at 0x7fd24770c370>,54,13,[13  4],55,-1,92,-1,79
1,<environment.Job instance at 0x7fd246ea86e0>,55,24,[ 1 10],56,-1,110,-1,86
1,<environment.Job instance at 0x7fd24668a960>,59,15,[14  5],60,-1,101,-1,86
1,<environment.Job instance at 0x7fd24668a0f0>,60,13,[11  1],61,-1,99,-1,86
1,<environment.Job instance at 0x7fd247304f50>,61,17,[14  5],62,-1,103,-1,86
1,<environment.Job instance at 0x7fd2473fd550>,62,14,[13  2],63,-1,100,-1,86
1,<environment.Job instance at 0x7fd247412050>,63,16,[ 5 13],64,-1,102,-1,86
1,<environment.Job instance at 0x7fd2475177d0>,64,28,[14  3],65,-1,114,-1,86
1,<environment.Job instance at 0x7fd246cf7eb0>,65,16,[14  2],66,-1,102,-1,86
1,<environment.Job instance at 0x7fd2479f00f0>,66,13,[ 3 13],67,-1,99,-1,86
1,<environment.Job instance at 0x7fd247517320>,67,28,[ 1 11],68,-1,114,-1,86
1,<environment.Job instance at 0x7fd246ecdfa0>,68,24,[5 5],69,-1,115,-1,91
1,<environment.Job instance at 0x7fd246ecd230>,69,18,[13  5],70,-1,109,-1,91
1,<environment.Job instance at 0x7fd246691640>,58,27,[8 2],59,-1,125,-1,98
1,<environment.Job instance at 0x7fd246ecd2d0>,71,14,[ 5 14],72,-1,112,-1,98
1,<environment.Job instance at 0x7fd246ecdf50>,72,16,[13  3],73,-1,114,-1,98
1,<environment.Job instance at 0x7fd247d70190>,73,20,[11  1],74,-1,118,-1,98
1,<environment.Job instance at 0x7fd247d708c0>,75,12,[ 2 14],76,-1,110,-1,98
1,<environment.Job instance at 0x7fd247d70b40>,77,27,[3 7],78,-1,131,-1,104
1,<environment.Job instance at 0x7fd247d701e0>,78,17,[14  4],79,-1,121,-1,104
1,<environment.Job instance at 0x7fd247d706e0>,79,12,[ 1 13],80,-1,116,-1,104
1,<environment.Job instance at 0x7fd247d70be0>,81,25,[9 1],82,-1,139,-1,114
1,<environment.Job instance at 0x7fd247d70d20>,82,19,[ 2 14],83,-1,133,-1,114
1,<environment.Job instance at 0x7fd247d70550>,83,17,[14  3],84,-1,131,-1,114
1,<environment.Job instance at 0x7fd247d70370>,84,23,[ 1 13],85,-1,137,-1,114
1,<environment.Job instance at 0x7fd247d70cd0>,85,25,[ 4 12],86,-1,139,-1,114
1,<environment.Job instance at 0x7fd247d705a0>,87,14,[ 1 11],88,-1,128,-1,114
1,<environment.Job instance at 0x7fd247d70640>,88,13,[ 2 11],89,-1,127,-1,114
1,<environment.Job instance at 0x7fd247d70410>,89,20,[ 1 11],90,-1,134,-1,114
1,<environment.Job instance at 0x7fd2477062d0>,90,14,[14  1],91,-1,128,-1,114
1,<environment.Job instance at 0x7fd247706640>,91,19,[ 3 11],92,-1,133,-1,114
1,<environment.Job instance at 0x7fd247706780>,92,17,[ 5 13],93,-1,131,-1,114
1,<environment.Job instance at 0x7fd247706050>,93,15,[14  4],94,-1,129,-1,114
1,<environment.Job instance at 0x7fd247706f50>,94,28,[4 5],95,-1,146,-1,118
1,<environment.Job instance at 0x7fd2477066e0>,96,24,[ 4 13],97,-1,143,-1,119
1,<environment.Job instance at 0x7fd247706e60>,97,20,[12  4],98,-1,139,-1,119
1,<environment.Job instance at 0x7fd247714e60>,0,23,[2 7],1,-1,24,-1,1
1,<environment.Job instance at 0x7fd2469ecc30>,2,17,[10  5],3,-1,21,-1,4
1,<environment.Job instance at 0x7fd2469ecf50>,7,17,[9 4],8,-1,25,-1,8
1,<environment.Job instance at 0x7fd246a000a0>,8,16,[10  4],9,-1,25,-1,9
1,<environment.Job instance at 0x7fd24740d280>,0,23,[2 7],1,-1,24,-1,1
1,<environment.Job instance at 0x7fd24740d460>,1,19,[14  5],2,-1,21,-1,2
1,<environment.Job instance at 0x7fd24740d9b0>,3,20,[ 4 13],4,-1,24,-1,4
1,<environment.Job instance at 0x7fd24740d1e0>,4,28,[12  1],5,-1,33,-1,5
1,<environment.Job instance at 0x7fd24740da00>,6,13,[14  2],7,-1,20,-1,7
1,<environment.Job instance at 0x7fd24740d5a0>,9,26,[11  5],10,-1,36,-1,10
1,<environment.Job instance at 0x7fd247706730>,10,21,[13  3],11,-1,32,-1,11
1,<environment.Job instance at 0x7fd247706a00>,11,27,[13  4],12,-1,39,-1,12
1,<environment.Job instance at 0x7fd2477060f0>,14,14,[ 3 14],15,-1,29,-1,15
1,<environment.Job instance at 0x7fd247706320>,12,24,[8 1],13,-1,44,-1,20
1,<environment.Job instance at 0x7fd247706d20>,16,20,[ 4 13],17,-1,40,-1,20
1,<environment.Job instance at 0x7fd247706e10>,17,12,[14  3],18,-1,32,-1,20
1,<environment.Job instance at 0x7fd247706c80>,18,26,[5 1],19,-1,46,-1,20
1,<environment.Job instance at 0x7fd247706f50>,19,21,[13  1],20,-1,41,-1,20
1,<environment.Job instance at 0x7fd2477065f0>,21,22,[13  4],22,-1,44,-1,22
1,<environment.Job instance at 0x7fd247706b90>,22,24,[1 8],23,-1,57,-1,33
1,<environment.Job instance at 0x7fd247d70690>,29,26,[7 5],30,-1,74,-1,48
1,<environment.Job instance at 0x7fd247d70320>,30,14,[ 5 12],31,-1,62,-1,48
1,<environment.Job instance at 0x7fd247d703c0>,32,26,[ 3 10],33,-1,88,-1,62
1,<environment.Job instance at 0x7fd247d70b40>,33,27,[1 8],34,-1,89,-1,62
1,<environment.Job instance at 0x7fd247d70dc0>,34,20,[13  5],35,-1,82,-1,62
1,<environment.Job instance at 0x7fd247d708c0>,35,23,[5 7],36,-1,85,-1,62
1,<environment.Job instance at 0x7fd247d70fa0>,37,15,[12  4],38,-1,77,-1,62
1,<environment.Job instance at 0x7fd247d700f0>,38,25,[9 3],39,-1,89,-1,64
1,<environment.Job instance at 0x7fd246ecdaa0>,41,12,[ 4 14],42,-1,87,-1,75
1,<environment.Job instance at 0x7fd2479f00f0>,42,21,[ 4 14],43,-1,96,-1,75
1,<environment.Job instance at 0x7fd247713af0>,43,14,[ 1 13],44,-1,89,-1,75
1,<environment.Job instance at 0x7fd246ecd500>,44,16,[12  5],45,-1,91,-1,75
1,<environment.Job instance at 0x7fd2473fd550>,46,27,[11  5],47,-1,102,-1,75
1,<environment.Job instance at 0x7fd2473fd5a0>,47,18,[11  3],48,-1,93,-1,75
1,<environment.Job instance at 0x7fd247412050>,45,28,[4 5],46,-1,106,-1,78
1,<environment.Job instance at 0x7fd24668a960>,49,17,[ 2 13],50,-1,95,-1,78
1,<environment.Job instance at 0x7fd24668abe0>,50,13,[11  4],51,-1,91,-1,78
1,<environment.Job instance at 0x7fd247304f50>,52,25,[14  5],53,-1,103,-1,78
1,<environment.Job instance at 0x7fd246691be0>,55,22,[11  3],56,-1,112,-1,90
1,<environment.Job instance at 0x7fd247517320>,53,24,[3 6],54,-1,119,-1,95
1,<environment.Job instance at 0x7fd246ea8780>,57,23,[10  1],58,-1,126,-1,103
1,<environment.Job instance at 0x7fd246ea7640>,60,16,[ 4 11],61,-1,119,-1,103
1,<environment.Job instance at 0x7fd246eaca50>,61,28,[ 4 13],62,-1,131,-1,103
1,<environment.Job instance at 0x7fd24669c5f0>,62,15,[ 5 14],63,-1,118,-1,103
1,<environment.Job instance at 0x7fd246eaca00>,63,25,[13  4],64,-1,128,-1,103
1,<environment.Job instance at 0x7fd247725b40>,64,20,[13  5],65,-1,123,-1,103
1,<environment.Job instance at 0x7fd247725780>,66,16,[ 5 11],67,-1,123,-1,107
1,<environment.Job instance at 0x7fd247725f00>,65,25,[7 3],66,-1,132,-1,107
1,<environment.Job instance at 0x7fd247725870>,68,21,[14  2],69,-1,128,-1,107
1,<environment.Job instance at 0x7fd247725a50>,69,13,[12  4],70,-1,120,-1,107
1,<environment.Job instance at 0x7fd247725dc0>,70,26,[14  5],71,-1,133,-1,107
1,<environment.Job instance at 0x7fd246ece690>,72,19,[ 2 13],73,-1,126,-1,107
1,<environment.Job instance at 0x7fd246ece640>,73,24,[5 3],74,-1,139,-1,115
1,<environment.Job instance at 0x7fd24740ab90>,75,13,[11  1],76,-1,128,-1,115
1,<environment.Job instance at 0x7fd2477ff5f0>,4,16,[4 9],5,-1,21,-1,5
1,<environment.Job instance at 0x7fd246b80870>,0,25,[ 1 11],1,-1,26,-1,1
1,<environment.Job instance at 0x7fd2477d8b40>,1,14,[12  4],2,-1,16,-1,2
1,<environment.Job instance at 0x7fd2469ecf00>,5,12,[ 3 14],6,-1,18,-1,6
1,<environment.Job instance at 0x7fd2473fb870>,6,24,[11  4],7,-1,31,-1,7
1,<environment.Job instance at 0x7fd247dde690>,9,13,[12  1],10,-1,23,-1,10
1,<environment.Job instance at 0x7fd247de5b90>,12,18,[13  5],13,-1,33,-1,15
1,<environment.Job instance at 0x7fd247de51e0>,13,25,[11  5],14,-1,40,-1,15
1,<environment.Job instance at 0x7fd247df1aa0>,14,17,[12  3],15,-1,32,-1,15
1,<environment.Job instance at 0x7fd247dde280>,11,26,[9 5],12,-1,41,-1,15
1,<environment.Job instance at 0x7fd246ea5230>,20,18,[14  5],21,-1,63,-1,45
1,<environment.Job instance at 0x7fd246ea50f0>,19,24,[8 1],20,-1,70,-1,46
1,<environment.Job instance at 0x7fd247dcc730>,22,28,[5 5],23,-1,74,-1,46
1,<environment.Job instance at 0x7fd247df75a0>,24,28,[14  1],25,-1,74,-1,46
1,<environment.Job instance at 0x7fd247dcc6e0>,25,24,[13  1],26,-1,70,-1,46
1,<environment.Job instance at 0x7fd247d667d0>,27,26,[8 3],28,-1,85,-1,59
1,<environment.Job instance at 0x7fd247dd87d0>,28,24,[13  4],29,-1,83,-1,59
1,<environment.Job instance at 0x7fd247dd8730>,31,19,[ 5 14],32,-1,80,-1,61
1,<environment.Job instance at 0x7fd24740a9b0>,32,18,[14  4],33,-1,79,-1,61
1,<environment.Job instance at 0x7fd24740ab40>,33,17,[ 5 14],34,-1,78,-1,61
1,<environment.Job instance at 0x7fd24740ad20>,34,13,[ 2 11],35,-1,74,-1,61
1,<environment.Job instance at 0x7fd24740af00>,35,24,[6 4],36,-1,96,-1,72
1,<environment.Job instance at 0x7fd24740ac80>,36,24,[ 2 13],37,-1,96,-1,72
1,<environment.Job instance at 0x7fd24740ab90>,39,24,[8 2],40,-1,100,-1,76
1,<environment.Job instance at 0x7fd246ece780>,40,24,[ 3 14],41,-1,100,-1,76
1,<environment.Job instance at 0x7fd246ece730>,41,26,[ 4 11],42,-1,102,-1,76
1,<environment.Job instance at 0x7fd247725a50>,43,14,[ 5 14],44,-1,90,-1,76
1,<environment.Job instance at 0x7fd247725870>,44,12,[13  5],45,-1,88,-1,76
1,<environment.Job instance at 0x7fd247725b40>,45,28,[6 4],46,-1,116,-1,88
1,<environment.Job instance at 0x7fd247725f00>,48,25,[11  2],49,-1,113,-1,88
1,<environment.Job instance at 0x7fd24669c5f0>,49,20,[14  4],50,-1,108,-1,88
1,<environment.Job instance at 0x7fd247517320>,51,15,[ 1 12],52,-1,103,-1,88
1,<environment.Job instance at 0x7fd246ea7640>,52,15,[14  5],53,-1,103,-1,88
1,<environment.Job instance at 0x7fd246eaca50>,46,28,[8 5],47,-1,121,-1,93
1,<environment.Job instance at 0x7fd246691460>,55,16,[ 3 11],56,-1,109,-1,93
1,<environment.Job instance at 0x7fd247304f50>,57,14,[ 1 12],58,-1,107,-1,93
1,<environment.Job instance at 0x7fd247412050>,60,17,[ 2 12],61,-1,120,-1,103
1,<environment.Job instance at 0x7fd247713af0>,61,28,[12  3],62,-1,131,-1,103
1,<environment.Job instance at 0x7fd2479f00f0>,62,18,[11  5],63,-1,121,-1,103
1,<environment.Job instance at 0x7fd250503e60>,6,23,[9 3],7,-1,31,-1,8
1,<environment.Job instance at 0x7fd2505030a0>,7,26,[11  4],8,-1,34,-1,8
1,<environment.Job instance at 0x7fd246964140>,13,21,[ 3 11],14,-1,39,-1,18
1,<environment.Job instance at 0x7fd2469c70a0>,4,22,[ 5 11],5,-1,41,-1,19
1,<environment.Job instance at 0x7fd24711fd70>,18,28,[ 1 13],19,-1,47,-1,19
1,<environment.Job instance at 0x7fd24711fb40>,19,14,[8 4],20,-1,34,-1,20
1,<environment.Job instance at 0x7fd246562e10>,20,13,[1 8],21,-1,42,-1,29
1,<environment.Job instance at 0x7fd247021a00>,14,18,[2 7],15,-1,47,-1,29
1,<environment.Job instance at 0x7fd246562820>,24,22,[7 3],25,-1,51,-1,29
1,<environment.Job instance at 0x7fd2465624b0>,22,14,[7 4],23,-1,46,-1,32
1,<environment.Job instance at 0x7fd246562320>,25,19,[12  3],26,-1,51,-1,32
1,<environment.Job instance at 0x7fd24711fdc0>,21,15,[13  5],22,-1,47,-1,32
1,<environment.Job instance at 0x7fd246562a50>,23,14,[11  1],24,-1,46,-1,32
1,<environment.Job instance at 0x7fd2467badc0>,29,26,[ 2 12],30,-1,58,-1,32
1,<environment.Job instance at 0x7fd2479f00f0>,0,24,[3 7],1,-1,25,-1,1
1,<environment.Job instance at 0x7fd247d70d20>,2,13,[14  3],3,-1,16,-1,3
1,<environment.Job instance at 0x7fd247d70730>,4,22,[ 5 11],5,-1,27,-1,5
1,<environment.Job instance at 0x7fd247d703c0>,7,26,[11  4],8,-1,34,-1,8
1,<environment.Job instance at 0x7fd247d70b40>,8,19,[ 4 11],9,-1,28,-1,9
1,<environment.Job instance at 0x7fd24668a960>,11,27,[5 2],12,-1,43,-1,16
1,<environment.Job instance at 0x7fd247d701e0>,13,21,[ 3 11],14,-1,37,-1,16
1,<environment.Job instance at 0x7fd246eac960>,15,12,[ 1 13],16,-1,28,-1,16
1,<environment.Job instance at 0x7fd247a2d960>,6,23,[9 3],7,-1,44,-1,21
1,<environment.Job instance at 0x7fd247dd5730>,18,28,[ 1 13],19,-1,49,-1,21
1,<environment.Job instance at 0x7fd247dd5780>,21,15,[13  5],22,-1,47,-1,32
1,<environment.Job instance at 0x7fd2468540f0>,23,14,[11  1],24,-1,49,-1,35
1,<environment.Job instance at 0x7fd247313690>,25,19,[12  3],26,-1,54,-1,35
1,<environment.Job instance at 0x7fd247313a00>,26,14,[12  4],27,-1,49,-1,35
1,<environment.Job instance at 0x7fd247313a50>,27,18,[ 1 13],28,-1,53,-1,35
1,<environment.Job instance at 0x7fd247313500>,29,26,[ 2 12],30,-1,61,-1,35
1,<environment.Job instance at 0x7fd2469c7cd0>,32,19,[ 2 13],33,-1,68,-1,49
1,<environment.Job instance at 0x7fd24711f960>,34,19,[13  2],35,-1,82,-1,63
1,<environment.Job instance at 0x7fd246945a50>,33,28,[ 5 10],34,-1,95,-1,67
1,<environment.Job instance at 0x7fd247313370>,36,27,[11  4],37,-1,94,-1,67
1,<environment.Job instance at 0x7fd247b15d20>,37,13,[14  2],38,-1,80,-1,67
1,<environment.Job instance at 0x7fd2467ba820>,39,21,[ 1 13],40,-1,88,-1,67
1,<environment.Job instance at 0x7fd247313eb0>,35,26,[9 1],36,-1,104,-1,78
1,<environment.Job instance at 0x7fd2467c8870>,42,16,[ 1 12],43,-1,94,-1,78
1,<environment.Job instance at 0x7fd246c04960>,43,16,[12  5],44,-1,94,-1,78
1,<environment.Job instance at 0x7fd246c041e0>,44,25,[10  1],45,-1,103,-1,78
1,<environment.Job instance at 0x7fd246c2f690>,46,24,[ 2 12],47,-1,102,-1,78
1,<environment.Job instance at 0x7fd2478a3910>,45,23,[4 9],46,-1,104,-1,81
1,<environment.Job instance at 0x7fd24689dd20>,51,16,[ 1 11],52,-1,109,-1,93
1,<environment.Job instance at 0x7fd24689d280>,52,19,[14  3],53,-1,112,-1,93
1,<environment.Job instance at 0x7fd2479c1dc0>,54,21,[ 4 12],55,-1,115,-1,94
1,<environment.Job instance at 0x7fd2479c1c80>,53,25,[1 9],54,-1,120,-1,95
1,<environment.Job instance at 0x7fd2479c10a0>,56,24,[14  4],57,-1,119,-1,95
1,<environment.Job instance at 0x7fd247522dc0>,57,28,[6 2],58,-1,123,-1,95
1,<environment.Job instance at 0x7fd247522b40>,58,12,[ 4 12],59,-1,107,-1,95
1,<environment.Job instance at 0x7fd247522500>,59,25,[2 7],60,-1,120,-1,95
1,<environment.Job instance at 0x7fd2475222d0>,60,26,[14  2],61,-1,121,-1,95
1,<environment.Job instance at 0x7fd247522410>,61,23,[13  4],62,-1,118,-1,95
1,<environment.Job instance at 0x7fd247522aa0>,62,28,[6 1],63,-1,123,-1,95
1,<environment.Job instance at 0x7fd2479c1230>,55,27,[9 3],56,-1,137,-1,110
1,<environment.Job instance at 0x7fd247216500>,66,16,[ 4 12],67,-1,126,-1,110
1,<environment.Job instance at 0x7fd2472161e0>,67,15,[12  4],68,-1,125,-1,110
1,<environment.Job instance at 0x7fd2473935a0>,69,28,[11  1],70,-1,139,-1,111
1,<environment.Job instance at 0x7fd247393780>,71,26,[13  2],72,-1,144,-1,118
1,<environment.Job instance at 0x7fd247393f00>,72,21,[ 3 11],73,-1,139,-1,118
1,<environment.Job instance at 0x7fd246fdb8c0>,1,16,[5 7],2,-1,18,-1,2
1,<environment.Job instance at 0x7fd250704e60>,4,17,[1 7],5,-1,22,-1,5
1,<environment.Job instance at 0x7fd247e2e8c0>,14,28,[8 4],15,-1,47,-1,19
1,<environment.Job instance at 0x7fd2472dcf50>,0,12,[12  2],1,-1,13,-1,1
1,<environment.Job instance at 0x7fd2472dc730>,2,23,[14  2],3,-1,26,-1,3
1,<environment.Job instance at 0x7fd2472dcb90>,3,25,[5 3],4,-1,29,-1,4
1,<environment.Job instance at 0x7fd2472dcc80>,5,19,[ 4 14],6,-1,25,-1,6
1,<environment.Job instance at 0x7fd2472dc1e0>,6,13,[ 4 13],7,-1,20,-1,7
1,<environment.Job instance at 0x7fd250908280>,9,14,[14  1],10,-1,24,-1,10
1,<environment.Job instance at 0x7fd250908230>,10,17,[13  2],11,-1,28,-1,11
1,<environment.Job instance at 0x7fd2472dcdc0>,8,26,[10  5],9,-1,44,-1,18
1,<environment.Job instance at 0x7fd2471e6870>,14,28,[8 4],15,-1,46,-1,18
1,<environment.Job instance at 0x7fd2471e6320>,15,16,[13  2],16,-1,34,-1,18
1,<environment.Job instance at 0x7fd2471e6c30>,16,28,[12  2],17,-1,46,-1,18
1,<environment.Job instance at 0x7fd2471e6be0>,17,12,[ 5 14],18,-1,30,-1,18
1,<environment.Job instance at 0x7fd2471e6550>,11,23,[8 3],12,-1,41,-1,18
1,<environment.Job instance at 0x7fd246fab410>,18,14,[14  2],19,-1,33,-1,19
1,<environment.Job instance at 0x7fd246ae1f50>,21,23,[12  3],22,-1,45,-1,22
1,<environment.Job instance at 0x7fd246ae14b0>,23,21,[12  2],24,-1,45,-1,24
1,<environment.Job instance at 0x7fd246ae1550>,24,21,[13  1],25,-1,46,-1,25
1,<environment.Job instance at 0x7fd246ae1aa0>,25,14,[ 1 11],26,-1,40,-1,26
1,<environment.Job instance at 0x7fd246ae1460>,27,15,[12  3],28,-1,47,-1,32
1,<environment.Job instance at 0x7fd246ae1500>,28,16,[14  3],29,-1,48,-1,32
1,<environment.Job instance at 0x7fd246ae1be0>,31,16,[ 4 13],32,-1,62,-1,46
1,<environment.Job instance at 0x7fd2473930f0>,33,17,[ 4 11],34,-1,70,-1,53
1,<environment.Job instance at 0x7fd2473936e0>,34,24,[6 4],35,-1,85,-1,61
1,<environment.Job instance at 0x7fd247393730>,35,24,[2 5],36,-1,85,-1,61
1,<environment.Job instance at 0x7fd247393410>,36,23,[11  4],37,-1,84,-1,61
1,<environment.Job instance at 0x7fd2473937d0>,37,13,[ 1 11],38,-1,74,-1,61
1,<environment.Job instance at 0x7fd247393690>,38,22,[ 1 11],39,-1,83,-1,61
1,<environment.Job instance at 0x7fd247393b40>,39,21,[13  4],40,-1,82,-1,61
1,<environment.Job instance at 0x7fd247393f00>,40,23,[14  2],41,-1,84,-1,61
1,<environment.Job instance at 0x7fd247393c80>,41,17,[ 3 14],42,-1,78,-1,61
1,<environment.Job instance at 0x7fd2473935a0>,42,26,[14  5],43,-1,87,-1,61
1,<environment.Job instance at 0x7fd247393320>,43,27,[ 3 13],44,-1,88,-1,61
1,<environment.Job instance at 0x7fd2472161e0>,45,28,[14  4],46,-1,89,-1,61
1,<environment.Job instance at 0x7fd247216c80>,46,25,[5 1],47,-1,93,-1,68
1,<environment.Job instance at 0x7fd2472165f0>,48,22,[14  5],49,-1,90,-1,68
1,<environment.Job instance at 0x7fd247522780>,49,16,[ 2 13],50,-1,84,-1,68
1,<environment.Job instance at 0x7fd247522e10>,51,18,[ 2 13],52,-1,86,-1,68
1,<environment.Job instance at 0x7fd247522500>,52,13,[ 4 14],53,-1,81,-1,68
1,<environment.Job instance at 0x7fd247522b40>,53,17,[ 3 11],54,-1,85,-1,68
1,<environment.Job instance at 0x7fd247522190>,54,23,[12  2],55,-1,91,-1,68
1,<environment.Job instance at 0x7fd2475222d0>,55,17,[ 2 14],56,-1,85,-1,68
1,<environment.Job instance at 0x7fd2479c1c80>,56,26,[12  5],57,-1,94,-1,68
1,<environment.Job instance at 0x7fd24689d280>,58,20,[ 3 13],59,-1,88,-1,68
1,<environment.Job instance at 0x7fd24689dd20>,59,23,[ 2 13],60,-1,91,-1,68
1,<environment.Job instance at 0x7fd2478a3910>,60,26,[13  2],61,-1,94,-1,68
1,<environment.Job instance at 0x7fd2473d7780>,61,14,[ 3 12],62,-1,82,-1,68
1,<environment.Job instance at 0x7fd247b937d0>,64,26,[7 1],65,-1,101,-1,75
1,<environment.Job instance at 0x7fd246c59d70>,65,13,[14  1],66,-1,88,-1,75
1,<environment.Job instance at 0x7fd2473c4370>,66,24,[7 2],67,-1,99,-1,75
1,<environment.Job instance at 0x7fd2467ba820>,67,24,[14  4],68,-1,99,-1,75
1,<environment.Job instance at 0x7fd246c04e10>,68,25,[12  5],69,-1,100,-1,75
1,<environment.Job instance at 0x7fd246c04d70>,69,25,[3 6],70,-1,100,-1,75
1,<environment.Job instance at 0x7fd246832820>,70,23,[ 3 10],71,-1,98,-1,75
1,<environment.Job instance at 0x7fd247021b90>,71,20,[ 4 14],72,-1,95,-1,75
1,<environment.Job instance at 0x7fd246945a50>,72,16,[13  1],73,-1,91,-1,75
1,<environment.Job instance at 0x7fd2475a08c0>,63,27,[2 7],64,-1,102,-1,75
1,<environment.Job instance at 0x7fd247b153c0>,74,25,[1 8],75,-1,100,-1,75
1,<environment.Job instance at 0x7fd247313a50>,76,16,[ 4 12],77,-1,93,-1,77
1,<environment.Job instance at 0x7fd247313e60>,77,13,[14  5],78,-1,91,-1,78
1,<environment.Job instance at 0x7fd247313a00>,78,18,[ 5 12],79,-1,97,-1,79
1,<environment.Job instance at 0x7fd247313690>,79,17,[13  3],80,-1,97,-1,80
1,<environment.Job instance at 0x7fd247313f50>,80,19,[ 3 14],81,-1,100,-1,81
1,<environment.Job instance at 0x7fd247313140>,75,28,[5 8],76,-1,120,-1,92
1,<environment.Job instance at 0x7fd246fc8870>,83,13,[12  4],84,-1,105,-1,92
1,<environment.Job instance at 0x7fd247313eb0>,81,27,[1 7],82,-1,119,-1,92
1,<environment.Job instance at 0x7fd2468541e0>,87,16,[ 5 12],88,-1,108,-1,92
1,<environment.Job instance at 0x7fd247df75a0>,89,26,[ 3 10],90,-1,130,-1,104
1,<environment.Job instance at 0x7fd247a2da50>,92,28,[13  1],93,-1,140,-1,112
1,<environment.Job instance at 0x7fd247d701e0>,94,28,[12  1],95,-1,140,-1,112
1,<environment.Job instance at 0x7f584a74ab90>,2,20,[7 4],3,-1,23,-1,3
1,<environment.Job instance at 0x7f584a80e690>,3,13,[12  4],4,-1,17,-1,4
1,<environment.Job instance at 0x7f584a796410>,5,24,[ 2 14],6,-1,30,-1,6
1,<environment.Job instance at 0x7f584a9645a0>,6,15,[ 2 14],7,-1,22,-1,7
1,<environment.Job instance at 0x7f584a7951e0>,8,20,[ 4 13],9,-1,29,-1,9
1,<environment.Job instance at 0x7f584a742aa0>,9,16,[12  1],10,-1,26,-1,10
1,<environment.Job instance at 0x7f584a795f50>,4,24,[7 2],5,-1,42,-1,18
1,<environment.Job instance at 0x7f584a742c30>,12,28,[ 1 14],13,-1,46,-1,18
1,<environment.Job instance at 0x7f584a742cd0>,14,15,[14  4],15,-1,33,-1,18
1,<environment.Job instance at 0x7f584a742190>,15,20,[ 3 12],16,-1,38,-1,18
1,<environment.Job instance at 0x7f584a789410>,1,24,[10  1],2,-1,47,-1,23
1,<environment.Job instance at 0x7f584ac1ab40>,17,19,[12  4],18,-1,42,-1,23
1,<environment.Job instance at 0x7f584a7de870>,18,18,[13  1],19,-1,41,-1,23
1,<environment.Job instance at 0x7f584a8080a0>,19,23,[8 4],20,-1,46,-1,23
1,<environment.Job instance at 0x7f584a847460>,20,17,[ 2 14],21,-1,40,-1,23
1,<environment.Job instance at 0x7f584a8f40a0>,21,14,[ 4 11],22,-1,37,-1,23
1,<environment.Job instance at 0x7f584a742b90>,7,26,[9 3],8,-1,49,-1,23
1,<environment.Job instance at 0x7f584a742050>,16,28,[5 1],17,-1,51,-1,23
1,<environment.Job instance at 0x7f584a8ecf50>,23,16,[12  2],24,-1,40,-1,24
1,<environment.Job instance at 0x7f584a86a410>,27,17,[ 4 12],28,-1,50,-1,33
1,<environment.Job instance at 0x7f584a86a190>,28,17,[ 1 13],29,-1,50,-1,33
1,<environment.Job instance at 0x7f584a8f27d0>,29,24,[ 4 13],30,-1,57,-1,33
1,<environment.Job instance at 0x7f584a7e4b40>,30,26,[11  4],31,-1,59,-1,33
1,<environment.Job instance at 0x7f584a8f2870>,31,28,[ 2 10],32,-1,61,-1,33
1,<environment.Job instance at 0x7f584a8815f0>,25,24,[5 7],26,-1,57,-1,33
1,<environment.Job instance at 0x7f584a875820>,33,28,[6 4],34,-1,64,-1,36
1,<environment.Job instance at 0x7f584a875370>,34,24,[5 5],35,-1,60,-1,36
1,<environment.Job instance at 0x7f584a86f370>,37,14,[ 5 14],38,-1,52,-1,38
1,<environment.Job instance at 0x7f584a859960>,38,24,[13  2],39,-1,63,-1,39
1,<environment.Job instance at 0x7f584a7eff50>,40,26,[ 1 14],41,-1,71,-1,45
1,<environment.Job instance at 0x7f584a859780>,42,12,[ 5 12],43,-1,57,-1,45
1,<environment.Job instance at 0x7f584a80cf50>,44,12,[11  3],45,-1,64,-1,52
1,<environment.Job instance at 0x7f584a80c9b0>,45,12,[ 3 14],46,-1,64,-1,52
1,<environment.Job instance at 0x7f584a80c730>,47,14,[12  2],48,-1,71,-1,57
1,<environment.Job instance at 0x7f584a80c0f0>,48,14,[ 1 11],49,-1,71,-1,57
1,<environment.Job instance at 0x7f584a80c5f0>,50,13,[ 4 12],51,-1,81,-1,68
1,<environment.Job instance at 0x7f584a8a0230>,52,21,[14  2],53,-1,89,-1,68
1,<environment.Job instance at 0x7f584a8f7eb0>,55,12,[ 2 12],56,-1,99,-1,87
1,<environment.Job instance at 0x7f584a8454b0>,57,16,[ 2 11],58,-1,104,-1,88
1,<environment.Job instance at 0x7f584a8f7690>,58,17,[ 3 13],59,-1,105,-1,88
1,<environment.Job instance at 0x7f584a9ffb40>,60,28,[2 6],61,-1,116,-1,88
1,<environment.Job instance at 0x7f584a858a50>,61,23,[13  5],62,-1,111,-1,88
1,<environment.Job instance at 0x7f584a8585a0>,62,14,[ 4 11],63,-1,102,-1,88
1,<environment.Job instance at 0x7f584a858190>,64,24,[2 8],65,-1,112,-1,88
1,<environment.Job instance at 0x7f584a858780>,65,26,[5 5],66,-1,126,-1,100
1,<environment.Job instance at 0x7f584a858f50>,66,17,[ 4 12],67,-1,117,-1,100
1,<environment.Job instance at 0x7f584a80ba50>,69,26,[1 7],70,-1,126,-1,100
1,<environment.Job instance at 0x7f584a80b5a0>,72,28,[11  1],73,-1,141,-1,113
1,<environment.Job instance at 0x7f5849e97b40>,0,21,[5 4],1,-1,22,-1,1
1,<environment.Job instance at 0x7f5849e98eb0>,4,26,[4 7],5,-1,31,-1,5
1,<environment.Job instance at 0x7f5849e985f0>,10,24,[6 5],11,-1,35,-1,11
1,<environment.Job instance at 0x7f5849fd06e0>,17,21,[9 2],18,-1,44,-1,23
1,<environment.Job instance at 0x7f5849e97aa0>,15,26,[7 2],16,-1,49,-1,23
1,<environment.Job instance at 0x7f584a1518c0>,20,24,[ 2 13],21,-1,47,-1,23
1,<environment.Job instance at 0x7f5849e8f320>,14,15,[ 2 13],15,-1,38,-1,23
1,<environment.Job instance at 0x7f584a027c80>,18,13,[10  5],19,-1,38,-1,25
1,<environment.Job instance at 0x7f5849f7a640>,24,26,[12  4],25,-1,93,-1,67
1,<environment.Job instance at 0x7f584a0c4cd0>,27,25,[ 3 13],28,-1,94,-1,69
1,<environment.Job instance at 0x7f5849fb9c80>,19,28,[3 8],20,-1,97,-1,69
1,<environment.Job instance at 0x7f584a0c5a00>,28,24,[12  5],29,-1,94,-1,70
1,<environment.Job instance at 0x7f5849fede10>,29,25,[ 2 11],30,-1,95,-1,70
1,<environment.Job instance at 0x7f5849feda50>,30,26,[5 4],31,-1,96,-1,70
1,<environment.Job instance at 0x7f5849fedc80>,32,19,[2 5],33,-1,89,-1,70
1,<environment.Job instance at 0x7f5849f7a6e0>,23,27,[9 2],24,-1,110,-1,83
1,<environment.Job instance at 0x7f5849feda00>,35,16,[11  3],36,-1,100,-1,84
1,<environment.Job instance at 0x7f5849fedc30>,36,24,[13  4],37,-1,109,-1,85
1,<environment.Job instance at 0x7f5849fed320>,33,17,[13  1],34,-1,103,-1,86
1,<environment.Job instance at 0x7f584a069e10>,38,14,[6 3],39,-1,102,-1,88
1,<environment.Job instance at 0x7f5849fed910>,39,17,[14  3],40,-1,107,-1,90
1,<environment.Job instance at 0x7f5849fc6230>,37,18,[14  2],38,-1,108,-1,90
1,<environment.Job instance at 0x7f5849fed870>,34,22,[3 8],35,-1,112,-1,90
1,<environment.Job instance at 0x7f584a032370>,40,24,[ 4 11],41,-1,114,-1,90
1,<environment.Job instance at 0x7f5849ff70a0>,42,17,[4 7],43,-1,107,-1,90
1,<environment.Job instance at 0x7f5849ff7c80>,45,24,[3 7],46,-1,114,-1,90
1,<environment.Job instance at 0x7f5849ff7190>,46,19,[3 8],47,-1,109,-1,90
1,<environment.Job instance at 0x7f5849f4acd0>,1,27,[13  4],2,-1,29,-1,2
1,<environment.Job instance at 0x7f584a80c190>,2,21,[14  2],3,-1,24,-1,3
1,<environment.Job instance at 0x7f5849f6ea50>,4,26,[4 7],5,-1,31,-1,5
1,<environment.Job instance at 0x7f5849f756e0>,5,17,[ 5 12],6,-1,23,-1,6
1,<environment.Job instance at 0x7f5849f755f0>,7,15,[14  4],8,-1,23,-1,8
1,<environment.Job instance at 0x7f5849f46230>,12,23,[ 3 11],13,-1,36,-1,13
1,<environment.Job instance at 0x7f5849f72c30>,13,14,[ 3 12],14,-1,28,-1,14
1,<environment.Job instance at 0x7f5849f72f00>,14,15,[ 2 13],15,-1,30,-1,15
1,<environment.Job instance at 0x7f5849f4cb90>,16,20,[13  4],17,-1,39,-1,19
1,<environment.Job instance at 0x7f5849f4c2d0>,15,26,[7 2],16,-1,47,-1,21
1,<environment.Job instance at 0x7f5849efeeb0>,20,24,[ 2 13],21,-1,45,-1,21
1,<environment.Job instance at 0x7f5849f724b0>,10,24,[6 5],11,-1,46,-1,22
1,<environment.Job instance at 0x7f5849f099b0>,24,26,[12  4],25,-1,58,-1,32
1,<environment.Job instance at 0x7f5849f051e0>,19,28,[3 8],20,-1,64,-1,36
1,<environment.Job instance at 0x7f5849f15870>,27,25,[ 3 13],28,-1,61,-1,36
1,<environment.Job instance at 0x7f5849f11230>,28,24,[12  5],29,-1,60,-1,36
1,<environment.Job instance at 0x7f5849f11cd0>,29,25,[ 2 11],30,-1,61,-1,36
1,<environment.Job instance at 0x7f5849efee10>,21,28,[7 1],22,-1,66,-1,38
1,<environment.Job instance at 0x7f5849f11be0>,31,23,[ 3 14],32,-1,61,-1,38
1,<environment.Job instance at 0x7f5849f09960>,23,27,[9 2],24,-1,65,-1,38
1,<environment.Job instance at 0x7f5849f02e60>,33,17,[13  1],34,-1,55,-1,38
1,<environment.Job instance at 0x7f5849f11dc0>,30,26,[5 4],31,-1,70,-1,44
1,<environment.Job instance at 0x7f5849f02d20>,35,16,[11  3],36,-1,60,-1,44
1,<environment.Job instance at 0x7f5849f18190>,36,24,[13  4],37,-1,68,-1,44
1,<environment.Job instance at 0x7f5849f02eb0>,37,18,[14  2],38,-1,62,-1,44
1,<environment.Job instance at 0x7f5849f18320>,39,17,[14  3],40,-1,61,-1,44
1,<environment.Job instance at 0x7f5849f18280>,40,24,[ 4 11],41,-1,68,-1,44
1,<environment.Job instance at 0x7f5849f18f00>,44,25,[14  5],45,-1,78,-1,53
1,<environment.Job instance at 0x7f5849f0d7d0>,45,24,[3 7],46,-1,81,-1,57
1,<environment.Job instance at 0x7f5849f0d500>,47,17,[11  1],48,-1,74,-1,57
1,<environment.Job instance at 0x7f5849f0d910>,48,27,[ 3 13],49,-1,84,-1,57
1,<environment.Job instance at 0x7f5849f1cd70>,50,26,[3 9],51,-1,92,-1,66
1,<environment.Job instance at 0x7f5849fa6050>,51,19,[11  4],52,-1,85,-1,66
1,<environment.Job instance at 0x7f5849fa6f50>,52,24,[4 9],53,-1,90,-1,66
1,<environment.Job instance at 0x7f5849f66eb0>,53,25,[13  2],54,-1,91,-1,66
1,<environment.Job instance at 0x7f5849f1cd20>,54,23,[6 4],55,-1,89,-1,66
1,<environment.Job instance at 0x7f5849f667d0>,55,22,[12  2],56,-1,88,-1,66
1,<environment.Job instance at 0x7f5849f664b0>,58,13,[ 3 11],59,-1,84,-1,71
1,<environment.Job instance at 0x7f584a04f410>,59,14,[14  1],60,-1,85,-1,71
1,<environment.Job instance at 0x7f5849fa38c0>,60,14,[12  1],61,-1,85,-1,71
1,<environment.Job instance at 0x7f5849fa3230>,61,17,[12  4],62,-1,88,-1,71
1,<environment.Job instance at 0x7f584a0645f0>,64,16,[ 4 14],65,-1,96,-1,80
1,<environment.Job instance at 0x7f584a099dc0>,69,14,[14  2],70,-1,126,-1,112
1,<environment.Job instance at 0x7f5849f53af0>,70,13,[12  2],71,-1,125,-1,112
1,<environment.Job instance at 0x7f5849f533c0>,71,27,[3 6],72,-1,147,-1,120
1,<environment.Job instance at 0x7f5849fb7370>,75,13,[12  2],76,-1,142,-1,129
1,<environment.Job instance at 0x7f5849d87230>,3,17,[10  2],4,-1,22,-1,5
1,<environment.Job instance at 0x7f5849d87d20>,10,19,[11  3],11,-1,49,-1,30
1,<environment.Job instance at 0x7f5849ef3cd0>,16,22,[7 5],17,-1,62,-1,40
1,<environment.Job instance at 0x7f5849ef3c30>,19,15,[3 6],20,-1,55,-1,40
1,<environment.Job instance at 0x7f5849ef3500>,20,20,[11  2],21,-1,61,-1,41
1,<environment.Job instance at 0x7f5849ef35f0>,9,25,[ 3 13],10,-1,86,-1,61
1,<environment.Job instance at 0x7f5849dcf0f0>,24,15,[11  2],25,-1,80,-1,65
1,<environment.Job instance at 0x7f5849dcf140>,25,23,[3 6],26,-1,88,-1,65
1,<environment.Job instance at 0x7f5849f53a00>,0,27,[3 9],1,-1,28,-1,1
1,<environment.Job instance at 0x7f5849f53d20>,1,20,[ 4 11],2,-1,22,-1,2
1,<environment.Job instance at 0x7f5849f53a50>,2,15,[14  1],3,-1,18,-1,3
1,<environment.Job instance at 0x7f584a0610a0>,4,27,[1 5],5,-1,32,-1,5
1,<environment.Job instance at 0x7f5849f53960>,5,26,[11  3],6,-1,32,-1,6
1,<environment.Job instance at 0x7f584a0645f0>,6,25,[11  3],7,-1,32,-1,7
1,<environment.Job instance at 0x7f5849ef3c80>,9,25,[ 3 13],10,-1,35,-1,10
1,<environment.Job instance at 0x7f5849df3f50>,10,19,[11  3],11,-1,30,-1,11
1,<environment.Job instance at 0x7f584a191280>,12,13,[14  2],13,-1,26,-1,13
1,<environment.Job instance at 0x7f5849d3bbe0>,13,13,[ 5 11],14,-1,27,-1,14
1,<environment.Job instance at 0x7f5849dcf1e0>,14,18,[ 3 14],15,-1,33,-1,15
1,<environment.Job instance at 0x7f5849d4f1e0>,20,20,[11  2],21,-1,41,-1,21
1,<environment.Job instance at 0x7f5849db4be0>,21,26,[2 8],22,-1,60,-1,34
1,<environment.Job instance at 0x7f5849db45f0>,24,15,[11  2],25,-1,49,-1,34
1,<environment.Job instance at 0x7f5849db4d20>,25,23,[3 6],26,-1,72,-1,49
1,<environment.Job instance at 0x7f5849db41e0>,27,28,[ 3 11],28,-1,77,-1,49
1,<environment.Job instance at 0x7f5849db4230>,28,27,[14  1],29,-1,76,-1,49
1,<environment.Job instance at 0x7f5849db4050>,29,27,[9 5],30,-1,76,-1,49
1,<environment.Job instance at 0x7f5849db4c80>,31,14,[12  2],32,-1,63,-1,49
1,<environment.Job instance at 0x7f5849db48c0>,32,26,[ 4 12],33,-1,75,-1,49
1,<environment.Job instance at 0x7f5849db4b90>,33,24,[ 5 13],34,-1,73,-1,49
1,<environment.Job instance at 0x7f5849db4aa0>,34,25,[11  5],35,-1,74,-1,49
1,<environment.Job instance at 0x7f5849db44b0>,35,23,[3 6],36,-1,72,-1,49
1,<environment.Job instance at 0x7f5849da3a50>,36,22,[12  5],37,-1,71,-1,49
1,<environment.Job instance at 0x7f5849da3e60>,37,15,[13  2],38,-1,64,-1,49
1,<environment.Job instance at 0x7f5849da3be0>,41,15,[14  2],42,-1,77,-1,62
1,<environment.Job instance at 0x7f5849da37d0>,42,28,[14  3],43,-1,90,-1,62
1,<environment.Job instance at 0x7f5849da3730>,45,14,[ 3 14],46,-1,88,-1,74
1,<environment.Job instance at 0x7f5849da3c80>,46,17,[13  5],47,-1,91,-1,74
1,<environment.Job instance at 0x7f5849da3690>,47,13,[ 5 14],48,-1,87,-1,74
1,<environment.Job instance at 0x7f5849da3550>,48,25,[4 5],49,-1,115,-1,90
1,<environment.Job instance at 0x7f5849d838c0>,49,16,[11  3],50,-1,106,-1,90
1,<environment.Job instance at 0x7f5849d83a00>,51,12,[12  3],52,-1,102,-1,90
1,<environment.Job instance at 0x7f5849d830a0>,52,28,[6 3],53,-1,119,-1,91
1,<environment.Job instance at 0x7f5849d83230>,53,23,[ 1 11],54,-1,114,-1,91
1,<environment.Job instance at 0x7f5849d83820>,55,27,[12  4],56,-1,118,-1,91
1,<environment.Job instance at 0x7f5849d83dc0>,56,13,[14  5],57,-1,104,-1,91
1,<environment.Job instance at 0x7f5849d83b90>,57,16,[ 5 11],58,-1,107,-1,91
1,<environment.Job instance at 0x7f5849d83280>,59,19,[ 3 11],60,-1,110,-1,91
1,<environment.Job instance at 0x7f5849d83780>,61,15,[13  3],62,-1,118,-1,103
1,<environment.Job instance at 0x7f5849d833c0>,62,28,[11  2],63,-1,131,-1,103
1,<environment.Job instance at 0x7f5849d83050>,58,23,[4 8],59,-1,132,-1,109
1,<environment.Job instance at 0x7f5849d83460>,63,24,[7 5],64,-1,133,-1,109
1,<environment.Job instance at 0x7f5849d83e10>,66,27,[ 4 13],67,-1,136,-1,109
1,<environment.Job instance at 0x7f5849db2c80>,67,28,[ 1 14],68,-1,137,-1,109
1,<environment.Job instance at 0x7f5849db2dc0>,68,12,[13  4],69,-1,121,-1,109
1,<environment.Job instance at 0x7f5849db2b40>,69,12,[ 5 12],70,-1,121,-1,109
1,<environment.Job instance at 0x7f5849db2050>,70,28,[7 4],71,-1,137,-1,109
1,<environment.Job instance at 0x7f5849db2f50>,71,27,[4 6],72,-1,136,-1,109
1,<environment.Job instance at 0x7f5849db2eb0>,75,27,[12  5],76,-1,144,-1,117
1,<environment.Job instance at 0x7f5849d810a0>,77,28,[11  5],78,-1,155,-1,127
1,<environment.Job instance at 0x7f5849d81370>,78,25,[14  5],79,-1,152,-1,127
1,<environment.Job instance at 0x7f5849d81cd0>,79,26,[14  1],80,-1,153,-1,127
1,<environment.Job instance at 0x7f5849d810f0>,80,17,[12  2],81,-1,144,-1,127
1,<environment.Job instance at 0x7f5849d81dc0>,81,26,[6 2],82,-1,155,-1,129
1,<environment.Job instance at 0x7f5849d81410>,82,23,[5 8],83,-1,152,-1,129
1,<environment.Job instance at 0x7f584a8c13c0>,2,18,[10  5],3,-1,22,-1,4
1,<environment.Job instance at 0x7f584a8c1500>,8,16,[14  5],9,-1,35,-1,19
1,<environment.Job instance at 0x7f584a8c1550>,11,18,[ 1 14],12,-1,43,-1,25
1,<environment.Job instance at 0x7f584a8c1410>,16,28,[5 7],17,-1,54,-1,26
1,<environment.Job instance at 0x7f584ae8da50>,3,25,[8 3],4,-1,55,-1,30
1,<environment.Job instance at 0x7f584a8c1c80>,18,17,[13  3],19,-1,47,-1,30
1,<environment.Job instance at 0x7f584a8c1640>,19,22,[ 3 11],20,-1,53,-1,31
1,<environment.Job instance at 0x7f584a8c1280>,20,20,[4 9],21,-1,54,-1,34
1,<environment.Job instance at 0x7f584abf5780>,21,13,[ 5 12],22,-1,51,-1,38
1,<environment.Job instance at 0x7f584abf5fa0>,22,23,[ 5 11],23,-1,64,-1,41
1,<environment.Job instance at 0x7f584abf5320>,23,27,[12  4],24,-1,68,-1,41
1,<environment.Job instance at 0x7f584a8c1d70>,17,16,[ 4 11],18,-1,57,-1,41
1,<environment.Job instance at 0x7f584a8c1190>,4,16,[ 2 11],5,-1,57,-1,41
1,<environment.Job instance at 0x7f584abf5050>,24,13,[12  4],25,-1,55,-1,42
1,<environment.Job instance at 0x7f584abf50f0>,25,23,[9 4],26,-1,67,-1,44
1,<environment.Job instance at 0x7f584a8c1780>,6,15,[13  4],7,-1,61,-1,46
1,<environment.Job instance at 0x7f584abf5cd0>,27,24,[ 4 14],28,-1,78,-1,54
1,<environment.Job instance at 0x7f584abf5d20>,28,18,[5 5],29,-1,75,-1,57
1,<environment.Job instance at 0x7f584a8c15f0>,15,13,[5 6],16,-1,70,-1,57
1,<environment.Job instance at 0x7f584abf5f00>,30,27,[9 5],31,-1,84,-1,57
1,<environment.Job instance at 0x7f5849ef3c80>,0,19,[12  4],1,-1,20,-1,1
1,<environment.Job instance at 0x7f5849ef37d0>,1,14,[ 5 12],2,-1,16,-1,2
1,<environment.Job instance at 0x7f584a8c10f0>,4,16,[ 2 11],5,-1,21,-1,5
1,<environment.Job instance at 0x7f584a264460>,5,28,[ 3 11],6,-1,34,-1,6
1,<environment.Job instance at 0x7f584a254be0>,6,15,[13  4],7,-1,22,-1,7
1,<environment.Job instance at 0x7f584a8c15a0>,7,24,[2 7],8,-1,32,-1,8
1,<environment.Job instance at 0x7f584a162eb0>,8,16,[14  5],9,-1,25,-1,9
1,<environment.Job instance at 0x7f584abf7dc0>,10,27,[14  3],11,-1,38,-1,11
1,<environment.Job instance at 0x7f584a165730>,11,18,[ 1 14],12,-1,30,-1,12
1,<environment.Job instance at 0x7f584abf7c80>,13,15,[11  2],14,-1,29,-1,14
1,<environment.Job instance at 0x7f584a165780>,14,13,[ 1 12],15,-1,28,-1,15
1,<environment.Job instance at 0x7f584a1655f0>,17,16,[ 4 11],18,-1,34,-1,18
1,<environment.Job instance at 0x7f584a165b90>,18,17,[13  3],19,-1,36,-1,19
1,<environment.Job instance at 0x7f584a165910>,19,22,[ 3 11],20,-1,42,-1,20
1,<environment.Job instance at 0x7f5849d66cd0>,3,25,[8 3],4,-1,46,-1,21
1,<environment.Job instance at 0x7f584a165af0>,16,28,[5 7],17,-1,49,-1,21
1,<environment.Job instance at 0x7f584a1659b0>,21,13,[ 5 12],22,-1,35,-1,22
1,<environment.Job instance at 0x7f5853dcaaf0>,22,23,[ 5 11],23,-1,46,-1,23
1,<environment.Job instance at 0x7f5853dca7d0>,23,27,[12  4],24,-1,51,-1,24
1,<environment.Job instance at 0x7f584a165a50>,24,13,[12  4],25,-1,38,-1,25
1,<environment.Job instance at 0x7f5853dcab40>,25,23,[9 4],26,-1,49,-1,26
1,<environment.Job instance at 0x7f5853dca2d0>,26,13,[ 3 14],27,-1,40,-1,27
1,<environment.Job instance at 0x7f584a3dd460>,27,24,[ 4 14],28,-1,52,-1,28
1,<environment.Job instance at 0x7f584a3dd780>,29,24,[13  3],30,-1,54,-1,30
1,<environment.Job instance at 0x7f584a3dd140>,31,22,[13  5],32,-1,54,-1,32
1,<environment.Job instance at 0x7f584a3dc5a0>,32,14,[ 3 13],33,-1,47,-1,33
1,<environment.Job instance at 0x7f584a3dde60>,30,27,[9 5],31,-1,61,-1,34
1,<environment.Job instance at 0x7f584a3dcc80>,33,26,[14  2],34,-1,60,-1,34
1,<environment.Job instance at 0x7f584a3dc050>,34,13,[13  4],35,-1,48,-1,35
1,<environment.Job instance at 0x7f584a3dcaa0>,37,25,[11  1],38,-1,63,-1,38
1,<environment.Job instance at 0x7f584a3dc0f0>,38,19,[13  3],39,-1,58,-1,39
1,<environment.Job instance at 0x7f584a3dcb90>,36,23,[2 8],37,-1,63,-1,40
1,<environment.Job instance at 0x7f584a3dc780>,40,25,[13  4],41,-1,66,-1,41
1,<environment.Job instance at 0x7f584a462050>,43,18,[ 2 13],44,-1,62,-1,44
1,<environment.Job instance at 0x7f584a462be0>,47,14,[12  2],48,-1,74,-1,60
1,<environment.Job instance at 0x7f584a4621e0>,48,17,[12  4],49,-1,77,-1,60
1,<environment.Job instance at 0x7f584a462230>,49,25,[6 4],50,-1,85,-1,60
1,<environment.Job instance at 0x7f5849d5d370>,52,18,[ 2 13],53,-1,78,-1,60
1,<environment.Job instance at 0x7f584a4622d0>,53,14,[14  2],54,-1,74,-1,60
1,<environment.Job instance at 0x7f5849d5d3c0>,54,27,[ 1 12],55,-1,87,-1,60
1,<environment.Job instance at 0x7f5849d5df50>,55,15,[13  4],56,-1,75,-1,60
1,<environment.Job instance at 0x7f5849d5db90>,56,24,[ 4 14],57,-1,84,-1,60
1,<environment.Job instance at 0x7f5849d5dc80>,58,16,[12  5],59,-1,76,-1,60
1,<environment.Job instance at 0x7f5849d5d230>,61,19,[ 4 14],62,-1,83,-1,64
1,<environment.Job instance at 0x7f5853dbc870>,63,26,[10  3],64,-1,101,-1,75
1,<environment.Job instance at 0x7f5853dbc3c0>,64,17,[14  3],65,-1,92,-1,75
1,<environment.Job instance at 0x7f5849d5dc30>,60,23,[3 9],61,-1,98,-1,75
1,<environment.Job instance at 0x7f5853dbc960>,68,22,[ 4 12],69,-1,98,-1,76
1,<environment.Job instance at 0x7f5853dbcf50>,69,25,[8 2],70,-1,115,-1,90
1,<environment.Job instance at 0x7f5853dbc500>,71,27,[6 4],72,-1,117,-1,90
1,<environment.Job instance at 0x7f584a774410>,75,12,[12  2],76,-1,116,-1,104
1,<environment.Job instance at 0x7f584a774dc0>,76,12,[14  2],77,-1,116,-1,104
1,<environment.Job instance at 0x7f584a25f280>,78,13,[14  5],79,-1,123,-1,110
1,<environment.Job instance at 0x7f584a25faa0>,79,25,[13  3],80,-1,135,-1,110
1,<environment.Job instance at 0x7f584a25fe10>,80,14,[ 1 14],81,-1,124,-1,110
1,<environment.Job instance at 0x7f584a25fc30>,82,12,[ 2 13],83,-1,133,-1,121
1,<environment.Job instance at 0x7f584a25f050>,83,22,[13  3],84,-1,143,-1,121
1,<environment.Job instance at 0x7f584a8b6870>,0,14,[9 5],1,-1,16,-1,2
1,<environment.Job instance at 0x7f584a5d4500>,5,26,[7 1],6,-1,32,-1,6
1,<environment.Job instance at 0x7f584a1167d0>,6,21,[8 4],7,-1,28,-1,7
1,<environment.Job instance at 0x7f584a134230>,7,17,[ 4 13],8,-1,25,-1,8
1,<environment.Job instance at 0x7f584a116320>,8,15,[1 7],9,-1,24,-1,9
1,<environment.Job instance at 0x7f584a1161e0>,9,14,[7 2],10,-1,24,-1,10
1,<environment.Job instance at 0x7f584a116f50>,14,24,[10  1],15,-1,65,-1,41
1,<environment.Job instance at 0x7f584a10c4b0>,22,18,[2 5],23,-1,72,-1,54
1,<environment.Job instance at 0x7f584a10da50>,24,17,[ 4 11],25,-1,71,-1,54
1,<environment.Job instance at 0x7f584a10b960>,20,27,[6 1],21,-1,127,-1,100
1,<environment.Job instance at 0x7f584a10d7d0>,25,19,[5 7],26,-1,121,-1,102
1,<environment.Job instance at 0x7f584a248af0>,1,26,[ 5 14],2,-1,28,-1,2
1,<environment.Job instance at 0x7f584ab6ddc0>,2,26,[ 2 13],3,-1,29,-1,3
1,<environment.Job instance at 0x7f584ab6d410>,4,25,[ 4 10],5,-1,30,-1,5
1,<environment.Job instance at 0x7f584a2acbe0>,7,17,[ 4 13],8,-1,25,-1,8
1,<environment.Job instance at 0x7f584a2ace10>,10,27,[13  4],11,-1,38,-1,11
1,<environment.Job instance at 0x7f584a2aceb0>,11,17,[13  4],12,-1,29,-1,12
1,<environment.Job instance at 0x7f584a2ac4b0>,12,13,[14  2],13,-1,26,-1,13
1,<environment.Job instance at 0x7f584a2ac730>,14,24,[10  1],15,-1,39,-1,15
1,<environment.Job instance at 0x7f584a2ac640>,5,26,[7 1],6,-1,41,-1,15
1,<environment.Job instance at 0x7f584a2049b0>,18,26,[14  2],19,-1,50,-1,24
1,<environment.Job instance at 0x7f584a204230>,19,25,[13  4],20,-1,49,-1,24
1,<environment.Job instance at 0x7f584a204c80>,21,26,[ 3 14],22,-1,54,-1,28
1,<environment.Job instance at 0x7f584a204820>,23,16,[12  2],24,-1,44,-1,28
1,<environment.Job instance at 0x7f584a204730>,24,17,[ 4 11],25,-1,45,-1,28
1,<environment.Job instance at 0x7f584a204140>,20,27,[6 1],21,-1,56,-1,29
1,<environment.Job instance at 0x7f584a25f5f0>,26,19,[ 4 12],27,-1,48,-1,29
1,<environment.Job instance at 0x7f584a25f4b0>,27,16,[ 1 13],28,-1,45,-1,29
1,<environment.Job instance at 0x7f584a25ff50>,28,18,[14  2],29,-1,47,-1,29
1,<environment.Job instance at 0x7f584a25f7d0>,32,17,[ 2 12],33,-1,63,-1,46
1,<environment.Job instance at 0x7f584a25fd20>,35,22,[ 5 13],36,-1,80,-1,58
1,<environment.Job instance at 0x7f584a25f550>,36,12,[ 3 11],37,-1,70,-1,58
1,<environment.Job instance at 0x7f584a25f730>,37,27,[11  2],38,-1,85,-1,58
1,<environment.Job instance at 0x7f584a25f1e0>,41,22,[ 4 12],42,-1,94,-1,72
1,<environment.Job instance at 0x7f584a774dc0>,44,27,[12  1],45,-1,102,-1,75
1,<environment.Job instance at 0x7f584a774f00>,45,18,[14  5],46,-1,93,-1,75
1,<environment.Job instance at 0x7f584a774500>,46,13,[ 5 11],47,-1,88,-1,75
1,<environment.Job instance at 0x7f584a774320>,47,27,[12  2],48,-1,102,-1,75
1,<environment.Job instance at 0x7f5853dbce60>,49,27,[5 1],50,-1,118,-1,91
1,<environment.Job instance at 0x7f5853dbcb40>,51,27,[11  5],52,-1,118,-1,91
1,<environment.Job instance at 0x7f5853dbc460>,52,23,[14  5],53,-1,114,-1,91
1,<environment.Job instance at 0x7f5853dbc820>,53,16,[12  4],54,-1,107,-1,91
1,<environment.Job instance at 0x7f5853dbc500>,50,28,[ 5 10],51,-1,131,-1,103
1,<environment.Job instance at 0x7f5853dbc640>,55,27,[12  4],56,-1,130,-1,103
1,<environment.Job instance at 0x7f5853dbcaf0>,56,20,[ 5 12],57,-1,123,-1,103
1,<environment.Job instance at 0x7f5853dbcd70>,57,28,[12  4],58,-1,131,-1,103
1,<environment.Job instance at 0x7f5853dbceb0>,58,16,[ 1 14],59,-1,119,-1,103
1,<environment.Job instance at 0x7f5849d5df50>,61,28,[13  3],62,-1,132,-1,104
1,<environment.Job instance at 0x7f5849d5d460>,62,22,[ 3 11],63,-1,126,-1,104
1,<environment.Job instance at 0x7f5849d5d7d0>,63,21,[ 2 13],64,-1,125,-1,104
1,<environment.Job instance at 0x7f5849d5de60>,65,26,[13  3],66,-1,143,-1,117
1,<environment.Job instance at 0x7f5849d5d6e0>,66,24,[8 2],67,-1,146,-1,122
1,<environment.Job instance at 0x7f584a462190>,68,12,[11  1],69,-1,134,-1,122
1,<environment.Job instance at 0x7f584a462460>,69,17,[11  3],70,-1,139,-1,122
1,<environment.Job instance at 0x7f584a462370>,70,16,[12  1],71,-1,138,-1,122
1,<environment.Job instance at 0x7f584a462550>,71,15,[ 4 13],72,-1,137,-1,122
1,<environment.Job instance at 0x7f584a4620a0>,72,28,[13  1],73,-1,150,-1,122
1,<environment.Job instance at 0x7f584a4623c0>,73,24,[ 4 13],74,-1,146,-1,122
1,<environment.Job instance at 0x7f584a462050>,74,18,[ 1 11],75,-1,140,-1,122
1,<environment.Job instance at 0x7f584a4624b0>,76,14,[12  5],77,-1,136,-1,122
1,<environment.Job instance at 0x7f584a3dc960>,77,21,[13  2],78,-1,143,-1,122
1,<environment.Job instance at 0x7f584a19b5f0>,5,18,[ 2 10],6,-1,25,-1,7
1,<environment.Job instance at 0x7f584a19bf50>,6,14,[13  4],7,-1,21,-1,7
1,<environment.Job instance at 0x7f584a19b500>,12,25,[8 5],13,-1,79,-1,54
1,<environment.Job instance at 0x7f584a19b230>,15,17,[10  1],16,-1,71,-1,54
1,<environment.Job instance at 0x7f584a19bb90>,19,21,[12  2],20,-1,76,-1,55
1,<environment.Job instance at 0x7f584abcd820>,20,25,[6 2],21,-1,81,-1,56
1,<environment.Job instance at 0x7f584abcd550>,21,23,[5 5],22,-1,79,-1,56
1,<environment.Job instance at 0x7f584abcd4b0>,22,16,[5 4],23,-1,72,-1,56
1,<environment.Job instance at 0x7f584a19b910>,17,15,[ 5 12],18,-1,73,-1,58
1,<environment.Job instance at 0x7f584a19bc30>,16,25,[ 2 13],17,-1,90,-1,65
1,<environment.Job instance at 0x7f584abcdaf0>,23,17,[ 4 12],24,-1,82,-1,65
1,<environment.Job instance at 0x7f584abcd6e0>,26,17,[3 5],27,-1,82,-1,65
1,<environment.Job instance at 0x7f584abcd9b0>,27,22,[ 4 13],28,-1,88,-1,66
1,<environment.Job instance at 0x7f584abcdb90>,24,21,[3 7],25,-1,87,-1,66
1,<environment.Job instance at 0x7f584a8b5b40>,30,23,[3 9],31,-1,89,-1,66
1,<environment.Job instance at 0x7f584a19b730>,18,26,[11  4],19,-1,100,-1,74
1,<environment.Job instance at 0x7f584a8b5910>,33,23,[5 5],34,-1,97,-1,74
1,<environment.Job instance at 0x7f584a8b5370>,32,23,[5 8],33,-1,97,-1,74
1,<environment.Job instance at 0x7f584a8b5870>,35,28,[11  2],36,-1,102,-1,74
1,<environment.Job instance at 0x7f584abcdd20>,25,14,[ 5 13],26,-1,89,-1,75
1,<environment.Job instance at 0x7f584a8b56e0>,39,17,[8 4],40,-1,92,-1,75
1,<environment.Job instance at 0x7f584a8b5320>,40,16,[1 7],41,-1,97,-1,81
1,<environment.Job instance at 0x7f584a8b5140>,43,21,[8 3],44,-1,105,-1,84
1,<environment.Job instance at 0x7f584a8b57d0>,45,25,[ 3 14],46,-1,109,-1,84
1,<environment.Job instance at 0x7f584a8b5960>,44,27,[ 3 10],45,-1,112,-1,85
1,<environment.Job instance at 0x7f584a1e8690>,48,28,[10  4],49,-1,117,-1,89
1,<environment.Job instance at 0x7f584a8b5b90>,46,20,[3 6],47,-1,109,-1,89
1,<environment.Job instance at 0x7f584a10d320>,0,18,[ 4 11],1,-1,19,-1,1
1,<environment.Job instance at 0x7f584a162730>,1,18,[ 3 12],2,-1,20,-1,2
1,<environment.Job instance at 0x7f5853dca7d0>,3,24,[13  4],4,-1,28,-1,4
1,<environment.Job instance at 0x7f5853dcaaf0>,4,19,[ 2 13],5,-1,24,-1,5
1,<environment.Job instance at 0x7f584a4624b0>,6,14,[13  4],7,-1,21,-1,7
1,<environment.Job instance at 0x7f584a4623c0>,7,15,[13  3],8,-1,23,-1,8
1,<environment.Job instance at 0x7f584a462960>,8,12,[ 5 11],9,-1,21,-1,9
1,<environment.Job instance at 0x7f584a4620a0>,9,25,[5 1],10,-1,35,-1,10
1,<environment.Job instance at 0x7f586f57a5f0>,11,14,[14  2],12,-1,26,-1,12
1,<environment.Job instance at 0x7f584a4622d0>,12,25,[8 5],13,-1,40,-1,15
1,<environment.Job instance at 0x7f584a462460>,14,15,[14  4],15,-1,30,-1,15
1,<environment.Job instance at 0x7f584a462370>,16,25,[ 2 13],17,-1,42,-1,17
1,<environment.Job instance at 0x7f5853dbc870>,17,15,[ 5 12],18,-1,33,-1,18
1,<environment.Job instance at 0x7f5853dbc3c0>,18,26,[11  4],19,-1,45,-1,19
1,<environment.Job instance at 0x7f5853dbc230>,19,21,[12  2],20,-1,41,-1,20
1,<environment.Job instance at 0x7f5853dbc7d0>,20,25,[6 2],21,-1,49,-1,24
1,<environment.Job instance at 0x7f5853dbce60>,23,17,[ 4 12],24,-1,41,-1,24
1,<environment.Job instance at 0x7f5853dbcb40>,21,23,[5 5],22,-1,47,-1,24
1,<environment.Job instance at 0x7f5853dbca00>,25,14,[ 5 13],26,-1,40,-1,26
1,<environment.Job instance at 0x7f584a8b5d20>,27,22,[ 4 13],28,-1,50,-1,28
1,<environment.Job instance at 0x7f5853dbc960>,29,21,[ 4 14],30,-1,51,-1,30
1,<environment.Job instance at 0x7f584b294140>,30,23,[3 9],31,-1,63,-1,40
1,<environment.Job instance at 0x7f584a1e8d70>,31,13,[12  5],32,-1,53,-1,40
1,<environment.Job instance at 0x7f584b296d70>,32,23,[5 8],33,-1,63,-1,40
1,<environment.Job instance at 0x7f584a7749b0>,33,23,[5 5],34,-1,63,-1,40
1,<environment.Job instance at 0x7f584a19b460>,34,27,[14  2],35,-1,67,-1,40
1,<environment.Job instance at 0x7f584a19b640>,35,28,[11  2],36,-1,68,-1,40
1,<environment.Job instance at 0x7f584abb2a00>,36,18,[12  4],37,-1,58,-1,40
1,<environment.Job instance at 0x7f584b2add20>,41,15,[ 2 12],42,-1,67,-1,52
1,<environment.Job instance at 0x7f584b2ad960>,42,24,[ 1 11],43,-1,76,-1,52
1,<environment.Job instance at 0x7f584b2ade10>,45,25,[ 3 14],46,-1,91,-1,66
1,<environment.Job instance at 0x7f584b2ad910>,47,13,[12  4],48,-1,81,-1,68
1,<environment.Job instance at 0x7f584b2ad730>,48,28,[10  4],49,-1,96,-1,68
1,<environment.Job instance at 0x7f584b2adb90>,44,27,[ 3 10],45,-1,95,-1,68
1,<environment.Job instance at 0x7f584a889780>,51,18,[ 1 12],52,-1,86,-1,68
1,<environment.Job instance at 0x7f584a889b90>,52,24,[6 3],53,-1,92,-1,68
1,<environment.Job instance at 0x7f584a889640>,53,16,[13  4],54,-1,84,-1,68
1,<environment.Job instance at 0x7f584a8892d0>,54,12,[ 5 11],55,-1,80,-1,68
1,<environment.Job instance at 0x7f584a889550>,56,19,[ 2 11],57,-1,87,-1,68
1,<environment.Job instance at 0x7f584a889a00>,57,26,[6 3],58,-1,108,-1,82
1,<environment.Job instance at 0x7f584a889e60>,58,23,[11  4],59,-1,105,-1,82
1,<environment.Job instance at 0x7f584a889910>,59,27,[13  2],60,-1,109,-1,82
1,<environment.Job instance at 0x7f584a8891e0>,60,15,[11  4],61,-1,97,-1,82
1,<environment.Job instance at 0x7f584a889960>,62,26,[14  3],63,-1,108,-1,82
1,<environment.Job instance at 0x7f584a8895f0>,63,17,[14  4],64,-1,99,-1,82
1,<environment.Job instance at 0x7f584a889f00>,65,17,[11  2],66,-1,100,-1,83
1,<environment.Job instance at 0x7f584a889c80>,66,12,[12  5],67,-1,95,-1,83
1,<environment.Job instance at 0x7f584a889230>,67,22,[11  3],68,-1,105,-1,83
1,<environment.Job instance at 0x7f584a8898c0>,70,23,[2 9],71,-1,119,-1,96
1,<environment.Job instance at 0x7f584af32cd0>,73,13,[13  3],74,-1,109,-1,96
1,<environment.Job instance at 0x7f584af32690>,74,25,[ 1 14],75,-1,121,-1,96
1,<environment.Job instance at 0x7f584af32230>,75,19,[13  1],76,-1,115,-1,96
1,<environment.Job instance at 0x7f584af32f00>,76,15,[12  3],77,-1,111,-1,96
1,<environment.Job instance at 0x7f584af32870>,77,24,[ 1 11],78,-1,120,-1,96
1,<environment.Job instance at 0x7f584af32c30>,78,27,[10  4],79,-1,139,-1,112
1,<environment.Job instance at 0x7f584af32730>,79,26,[5 5],80,-1,138,-1,112
1,<environment.Job instance at 0x7f584af32280>,72,23,[8 3],73,-1,135,-1,112
1,<environment.Job instance at 0x7f584af32b90>,81,19,[13  1],82,-1,131,-1,112
1,<environment.Job instance at 0x7f584af32af0>,82,16,[11  1],83,-1,128,-1,112
1,<environment.Job instance at 0x7f584af32a50>,83,28,[ 4 11],84,-1,140,-1,112
1,<environment.Job instance at 0x7f584af32320>,85,24,[13  5],86,-1,136,-1,112
1,<environment.Job instance at 0x7f584af32eb0>,86,26,[12  1],87,-1,138,-1,112
1,<environment.Job instance at 0x7f584a5c12d0>,89,17,[ 2 13],90,-1,129,-1,112
1,<environment.Job instance at 0x7f584a5c13c0>,91,26,[7 1],92,-1,152,-1,126
1,<environment.Job instance at 0x7f584a5c1140>,93,15,[14  1],94,-1,141,-1,126
1,<environment.Job instance at 0x7f584a5c1a00>,95,17,[14  2],96,-1,144,-1,127
1,<environment.Job instance at 0x7f584a5c1be0>,96,20,[11  4],97,-1,147,-1,127
1,<environment.Job instance at 0x7f584b2af690>,0,25,[12  2],1,-1,26,-1,1
1,<environment.Job instance at 0x7f584b2afd70>,1,22,[11  3],2,-1,24,-1,2
1,<environment.Job instance at 0x7f584b2af7d0>,2,24,[12  5],3,-1,27,-1,3
1,<environment.Job instance at 0x7f584b2af4b0>,3,26,[ 5 10],4,-1,30,-1,4
1,<environment.Job instance at 0x7f584b2aff00>,5,28,[12  2],6,-1,34,-1,6
1,<environment.Job instance at 0x7f584b2af320>,6,21,[ 4 12],7,-1,28,-1,7
1,<environment.Job instance at 0x7f584b2af9b0>,7,26,[ 4 12],8,-1,34,-1,8
1,<environment.Job instance at 0x7f584b2afeb0>,9,13,[11  2],10,-1,23,-1,10
1,<environment.Job instance at 0x7f584b2afaa0>,10,13,[ 5 13],11,-1,24,-1,11
1,<environment.Job instance at 0x7f584b2af3c0>,13,23,[ 4 13],14,-1,37,-1,14
1,<environment.Job instance at 0x7f584a5c1690>,14,13,[ 5 14],15,-1,28,-1,15
1,<environment.Job instance at 0x7f584a5c1cd0>,16,22,[13  1],17,-1,39,-1,17
1,<environment.Job instance at 0x7f584a5c1730>,18,27,[ 1 13],19,-1,46,-1,19
1,<environment.Job instance at 0x7f584a5c1460>,19,17,[ 5 12],20,-1,37,-1,20
1,<environment.Job instance at 0x7f584a5c1820>,22,21,[11  5],23,-1,44,-1,23
1,<environment.Job instance at 0x7f584a5c1be0>,23,18,[13  4],24,-1,42,-1,24
1,<environment.Job instance at 0x7f584a5c1410>,25,12,[ 5 13],26,-1,39,-1,27
1,<environment.Job instance at 0x7f584a5c1af0>,20,23,[8 4],21,-1,50,-1,27
1,<environment.Job instance at 0x7f584a5c1a50>,24,27,[8 5],25,-1,54,-1,27
1,<environment.Job instance at 0x7f584a5c12d0>,27,20,[ 5 13],28,-1,48,-1,28
1,<environment.Job instance at 0x7f584a5c1050>,28,19,[ 2 14],29,-1,48,-1,29
1,<environment.Job instance at 0x7f584a5c1c80>,29,20,[13  2],30,-1,50,-1,30
1,<environment.Job instance at 0x7f584a5c1e60>,30,16,[ 2 14],31,-1,47,-1,31
1,<environment.Job instance at 0x7f584a5c1230>,32,16,[ 3 13],33,-1,49,-1,33
1,<environment.Job instance at 0x7f584a5c1280>,31,26,[7 3],32,-1,64,-1,38
1,<environment.Job instance at 0x7f584a8898c0>,34,22,[14  1],35,-1,60,-1,38
1,<environment.Job instance at 0x7f584a889870>,33,28,[ 5 10],34,-1,66,-1,38
1,<environment.Job instance at 0x7f584a889460>,36,15,[ 1 12],37,-1,53,-1,38
1,<environment.Job instance at 0x7f584a889cd0>,40,14,[13  5],41,-1,55,-1,41
1,<environment.Job instance at 0x7f584a889d20>,43,27,[12  4],44,-1,83,-1,56
1,<environment.Job instance at 0x7f584a889690>,44,18,[ 3 13],45,-1,74,-1,56
1,<environment.Job instance at 0x7f584a889e60>,45,27,[ 1 14],46,-1,83,-1,56
1,<environment.Job instance at 0x7f584a889af0>,46,21,[14  2],47,-1,77,-1,56
1,<environment.Job instance at 0x7f584a8892d0>,47,22,[11  1],48,-1,78,-1,56
1,<environment.Job instance at 0x7f584a889b90>,49,12,[ 1 14],50,-1,75,-1,63
1,<environment.Job instance at 0x7f584a889320>,50,23,[ 4 14],51,-1,86,-1,63
1,<environment.Job instance at 0x7f584a8894b0>,51,14,[13  2],52,-1,77,-1,63
1,<environment.Job instance at 0x7f584a889640>,48,26,[7 4],49,-1,95,-1,69
1,<environment.Job instance at 0x7f584a7749b0>,53,21,[11  2],54,-1,90,-1,69
1,<environment.Job instance at 0x7f584a774e60>,54,18,[ 2 11],55,-1,87,-1,69
1,<environment.Job instance at 0x7f584a774550>,55,17,[11  4],56,-1,86,-1,69
1,<environment.Job instance at 0x7f584a774af0>,56,14,[ 4 14],57,-1,83,-1,69
1,<environment.Job instance at 0x7f5853dbc820>,57,28,[12  5],58,-1,97,-1,69
1,<environment.Job instance at 0x7f5853dbc370>,58,13,[12  5],59,-1,82,-1,69
1,<environment.Job instance at 0x7f5853dbcf50>,59,12,[11  5],60,-1,81,-1,69
1,<environment.Job instance at 0x7f5853dbcb40>,61,26,[5 3],62,-1,95,-1,69
1,<environment.Job instance at 0x7f5853dbc7d0>,62,27,[13  5],63,-1,96,-1,69
1,<environment.Job instance at 0x7f586f57a5f0>,63,28,[ 3 14],64,-1,97,-1,69
1,<environment.Job instance at 0x7f5853dbc2d0>,64,21,[ 4 11],65,-1,90,-1,69
1,<environment.Job instance at 0x7f5853dbc230>,65,18,[ 3 12],66,-1,87,-1,69
1,<environment.Job instance at 0x7f584a462370>,67,26,[14  5],68,-1,95,-1,69
1,<environment.Job instance at 0x7f584a462460>,68,24,[4 6],69,-1,106,-1,82
1,<environment.Job instance at 0x7f584a4621e0>,69,18,[13  1],70,-1,100,-1,82
1,<environment.Job instance at 0x7f584a462550>,70,20,[12  3],71,-1,102,-1,82
1,<environment.Job instance at 0x7f584a4622d0>,71,17,[ 5 14],72,-1,99,-1,82
1,<environment.Job instance at 0x7f584a4624b0>,73,24,[5 1],74,-1,106,-1,82
1,<environment.Job instance at 0x7f584a462960>,75,16,[ 2 13],76,-1,98,-1,82
1,<environment.Job instance at 0x7f584a116b90>,76,17,[12  3],77,-1,99,-1,82
1,<environment.Job instance at 0x7f584a162eb0>,77,14,[14  1],78,-1,96,-1,82
1,<environment.Job instance at 0x7f584a162730>,78,25,[ 4 10],79,-1,107,-1,82
1,<environment.Job instance at 0x7f5853dca280>,79,26,[3 6],80,-1,108,-1,82
1,<environment.Job instance at 0x7f5853dca820>,81,14,[11  5],82,-1,96,-1,82
1,<environment.Job instance at 0x7f584a462d20>,72,24,[8 5],73,-1,107,-1,83
1,<environment.Job instance at 0x7f584a733f50>,82,24,[ 4 12],83,-1,107,-1,83
1,<environment.Job instance at 0x7f584aee22d0>,84,25,[12  2],85,-1,110,-1,85
1,<environment.Job instance at 0x7f5849dd8910>,83,23,[1 6],84,-1,121,-1,98
1,<environment.Job instance at 0x7f584b1c9af0>,86,24,[13  1],87,-1,122,-1,98
1,<environment.Job instance at 0x7f584b011910>,87,13,[11  1],88,-1,111,-1,98
1,<environment.Job instance at 0x7f584a55c960>,89,16,[13  1],90,-1,115,-1,99
1,<environment.Job instance at 0x7f584a8b5d20>,92,21,[11  4],93,-1,120,-1,99
1,<environment.Job instance at 0x7f584a8b5e10>,93,13,[13  5],94,-1,112,-1,99
1,<environment.Job instance at 0x7f584a8b5b40>,94,16,[ 5 13],95,-1,115,-1,99
1,<environment.Job instance at 0x7f584a8b5a50>,95,27,[ 1 10],96,-1,126,-1,99
1,<environment.Job instance at 0x7f584abf3b90>,97,12,[14  2],98,-1,111,-1,99
1,<environment.Job instance at 0x7f584abcdaf0>,98,23,[5 5],99,-1,134,-1,111
1,<environment.Job instance at 0x7f584abcd640>,99,23,[ 3 13],100,-1,134,-1,111
1,<environment.Job instance at 0x7f584a185640>,100,14,[ 4 12],101,-1,125,-1,111
1,<environment.Job instance at 0x7f584a165b40>,103,13,[13  2],104,-1,126,-1,113
1,<environment.Job instance at 0x7f584a150f00>,104,18,[13  5],105,-1,131,-1,113
1,<environment.Job instance at 0x7f584a3b4be0>,105,26,[2 5],106,-1,154,-1,128
1,<environment.Job instance at 0x7f584ad291e0>,108,16,[11  2],109,-1,144,-1,128
1,<environment.Job instance at 0x7f584b2c1140>,1,14,[10  4],2,-1,17,-1,3
1,<environment.Job instance at 0x7f584b2c11e0>,3,20,[8 4],4,-1,24,-1,4
1,<environment.Job instance at 0x7f584b2c1870>,4,27,[1 9],5,-1,32,-1,5
1,<environment.Job instance at 0x7f584b2c1050>,6,27,[1 6],7,-1,34,-1,7
1,<environment.Job instance at 0x7f584b2c1a50>,7,27,[8 5],8,-1,35,-1,8
1,<environment.Job instance at 0x7f584b2c19b0>,8,19,[6 5],9,-1,28,-1,9
1,<environment.Job instance at 0x7f584af277d0>,12,17,[3 5],13,-1,30,-1,13
1,<environment.Job instance at 0x7f584af27d20>,15,13,[13  5],16,-1,32,-1,19
1,<environment.Job instance at 0x7f584a8a8320>,0,24,[3 9],1,-1,25,-1,1
1,<environment.Job instance at 0x7f5853985e10>,2,17,[ 3 11],3,-1,20,-1,3
1,<environment.Job instance at 0x7f5849d4ec30>,4,27,[1 9],5,-1,32,-1,5
1,<environment.Job instance at 0x7f5849d4cb40>,5,25,[ 2 12],6,-1,31,-1,6
1,<environment.Job instance at 0x7f584ad298c0>,6,27,[1 6],7,-1,34,-1,7
1,<environment.Job instance at 0x7f584a3b4be0>,9,17,[ 1 11],10,-1,27,-1,10
1,<environment.Job instance at 0x7f5853e195a0>,10,13,[ 3 14],11,-1,24,-1,11
1,<environment.Job instance at 0x7f584a150f00>,13,16,[11  2],14,-1,30,-1,14
1,<environment.Job instance at 0x7f584a462d20>,15,13,[13  5],16,-1,29,-1,16
1,<environment.Job instance at 0x7f5853985a00>,7,27,[8 5],8,-1,43,-1,16
1,<environment.Job instance at 0x7f584a462aa0>,14,27,[5 2],15,-1,43,-1,16
1,<environment.Job instance at 0x7f584a462410>,16,17,[13  3],17,-1,34,-1,17
1,<environment.Job instance at 0x7f586f57a5f0>,18,13,[14  3],19,-1,32,-1,19
1,<environment.Job instance at 0x7f584a462460>,19,26,[ 2 12],20,-1,46,-1,20
1,<environment.Job instance at 0x7f584a4625f0>,17,26,[10  5],18,-1,53,-1,27
1,<environment.Job instance at 0x7f584a889780>,22,24,[4 6],23,-1,51,-1,27
1,<environment.Job instance at 0x7f584a889b90>,23,15,[ 2 13],24,-1,42,-1,27
1,<environment.Job instance at 0x7f584a889640>,24,18,[11  2],25,-1,45,-1,27
1,<environment.Job instance at 0x7f584a8894b0>,20,26,[4 5],21,-1,53,-1,27
1,<environment.Job instance at 0x7f584a889690>,27,18,[14  1],28,-1,46,-1,28
1,<environment.Job instance at 0x7f584a889820>,28,23,[ 1 11],29,-1,52,-1,29
1,<environment.Job instance at 0x7f584a889cd0>,29,19,[ 3 12],30,-1,49,-1,30
1,<environment.Job instance at 0x7f584a889500>,33,13,[ 3 11],34,-1,62,-1,49
1,<environment.Job instance at 0x7f584a889f00>,36,15,[11  2],37,-1,68,-1,53
1,<environment.Job instance at 0x7f584a8893c0>,35,25,[5 3],36,-1,86,-1,61
1,<environment.Job instance at 0x7f584a9aed70>,38,25,[7 2],39,-1,90,-1,65
1,<environment.Job instance at 0x7f584a889a00>,39,18,[ 5 12],40,-1,83,-1,65
1,<environment.Job instance at 0x7f584b2c17d0>,40,12,[ 3 12],41,-1,77,-1,65
1,<environment.Job instance at 0x7f584b2c1fa0>,41,15,[11  5],42,-1,80,-1,65
1,<environment.Job instance at 0x7f584a548be0>,43,16,[13  2],44,-1,81,-1,65
1,<environment.Job instance at 0x7f584a5482d0>,44,12,[13  3],45,-1,77,-1,65
1,<environment.Job instance at 0x7f584a548500>,45,16,[11  5],46,-1,81,-1,65
1,<environment.Job instance at 0x7f584a548aa0>,49,26,[ 2 14],50,-1,103,-1,77
1,<environment.Job instance at 0x7f584a548190>,51,14,[14  3],52,-1,96,-1,82
1,<environment.Job instance at 0x7f584a36ecd0>,53,12,[ 5 12],54,-1,94,-1,82
1,<environment.Job instance at 0x7f584a36e0f0>,57,28,[3 5],58,-1,126,-1,98
1,<environment.Job instance at 0x7f584a36ed70>,58,23,[8 3],59,-1,121,-1,98
1,<environment.Job instance at 0x7f584a36ef50>,60,25,[ 4 10],61,-1,131,-1,106
1,<environment.Job instance at 0x7f584a36e960>,63,23,[1 5],64,-1,142,-1,119
1,<environment.Job instance at 0x7f584a36e8c0>,64,18,[ 1 12],65,-1,137,-1,119
1,<environment.Job instance at 0x7f584a36e730>,65,15,[ 3 13],66,-1,134,-1,119
1,<environment.Job instance at 0x7f584a36e280>,67,16,[13  1],68,-1,135,-1,119
1,<environment.Job instance at 0x7f584a36ec30>,69,14,[14  1],70,-1,140,-1,126
1,<environment.Job instance at 0x7f5849a10370>,2,22,[ 2 10],3,-1,25,-1,3
1,<environment.Job instance at 0x7f5849a105f0>,10,15,[ 3 13],11,-1,52,-1,37
1,<environment.Job instance at 0x7f5849bcd320>,19,25,[4 7],20,-1,63,-1,38
1,<environment.Job instance at 0x7f5849a10af0>,15,17,[14  4],16,-1,55,-1,38
1,<environment.Job instance at 0x7f5849bcdb90>,20,18,[ 2 11],21,-1,56,-1,38
1,<environment.Job instance at 0x7f5849bcd3c0>,23,27,[5 3],24,-1,65,-1,38
1,<environment.Job instance at 0x7f5849bcd050>,25,24,[8 3],26,-1,62,-1,38
1,<environment.Job instance at 0x7f584a0c2870>,0,17,[ 5 13],1,-1,18,-1,1
1,<environment.Job instance at 0x7f584a0c2460>,1,27,[11  5],2,-1,29,-1,2
1,<environment.Job instance at 0x7f584a0c2550>,3,12,[11  1],4,-1,16,-1,4
1,<environment.Job instance at 0x7f584a0c2cd0>,5,14,[ 5 13],6,-1,20,-1,6
1,<environment.Job instance at 0x7f584ad29230>,6,13,[ 2 14],7,-1,20,-1,7
1,<environment.Job instance at 0x7f584a0c2820>,10,15,[ 3 13],11,-1,26,-1,11
1,<environment.Job instance at 0x7f584a1f0870>,11,12,[ 3 14],12,-1,24,-1,12
1,<environment.Job instance at 0x7f5849d747d0>,9,24,[5 1],10,-1,44,-1,20
1,<environment.Job instance at 0x7f584a4be960>,15,17,[14  4],16,-1,37,-1,20
1,<environment.Job instance at 0x7f584ad291e0>,12,27,[6 5],13,-1,47,-1,20
1,<environment.Job instance at 0x7f584b1f9370>,18,16,[ 1 13],19,-1,36,-1,20
1,<environment.Job instance at 0x7f584b1f9aa0>,19,25,[4 7],20,-1,50,-1,25
1,<environment.Job instance at 0x7f584b1f9af0>,20,18,[ 2 11],21,-1,43,-1,25
1,<environment.Job instance at 0x7f584b1f9410>,21,12,[13  5],22,-1,37,-1,25
1,<environment.Job instance at 0x7f584b1f9a50>,22,22,[14  4],23,-1,47,-1,25
1,<environment.Job instance at 0x7f584b2091e0>,23,27,[5 3],24,-1,52,-1,25
1,<environment.Job instance at 0x7f584b2092d0>,24,25,[ 3 11],25,-1,50,-1,25
1,<environment.Job instance at 0x7f5849d4ec30>,8,28,[1 7],9,-1,53,-1,25
1,<environment.Job instance at 0x7f584b209190>,26,13,[13  1],27,-1,40,-1,27
1,<environment.Job instance at 0x7f584b21ed70>,27,26,[ 3 13],28,-1,54,-1,28
1,<environment.Job instance at 0x7f584b21edc0>,29,25,[12  5],30,-1,55,-1,30
1,<environment.Job instance at 0x7f584b1f7820>,30,27,[5 9],31,-1,64,-1,37
1,<environment.Job instance at 0x7f584b1f7500>,32,26,[ 2 11],33,-1,63,-1,37
1,<environment.Job instance at 0x7f584b209370>,25,24,[8 3],26,-1,62,-1,38
1,<environment.Job instance at 0x7f584b1ef140>,35,27,[14  4],36,-1,65,-1,38
1,<environment.Job instance at 0x7f584b1eff50>,36,18,[11  4],37,-1,56,-1,38
1,<environment.Job instance at 0x7f584b1efbe0>,37,24,[11  2],38,-1,62,-1,38
1,<environment.Job instance at 0x7f584b215500>,38,12,[12  3],39,-1,51,-1,39
1,<environment.Job instance at 0x7f584b215a00>,40,13,[11  3],41,-1,54,-1,41
1,<environment.Job instance at 0x7f584a4edd20>,41,22,[ 4 12],42,-1,64,-1,42
1,<environment.Job instance at 0x7f584a4edaa0>,42,20,[13  3],43,-1,63,-1,43
1,<environment.Job instance at 0x7f584a4edcd0>,43,24,[14  1],44,-1,68,-1,44
1,<environment.Job instance at 0x7f584b215fa0>,45,14,[ 1 13],46,-1,60,-1,46
1,<environment.Job instance at 0x7f584aa29640>,46,17,[ 3 12],47,-1,64,-1,47
1,<environment.Job instance at 0x7f584aa29b40>,47,26,[11  2],48,-1,74,-1,48
1,<environment.Job instance at 0x7f584a4ed2d0>,49,24,[11  1],50,-1,74,-1,50
1,<environment.Job instance at 0x7f584aa29a00>,50,23,[13  2],51,-1,74,-1,51
1,<environment.Job instance at 0x7f584aa29be0>,51,18,[13  5],52,-1,70,-1,52
1,<environment.Job instance at 0x7f584b2020f0>,53,28,[5 9],54,-1,91,-1,63
1,<environment.Job instance at 0x7f584b2020a0>,55,14,[11  2],56,-1,77,-1,63
1,<environment.Job instance at 0x7f584aa2ac30>,56,15,[12  2],57,-1,78,-1,63
1,<environment.Job instance at 0x7f584aa2a280>,58,19,[14  2],59,-1,85,-1,66
1,<environment.Job instance at 0x7f584b204cd0>,59,20,[ 5 12],60,-1,86,-1,66
1,<environment.Job instance at 0x7f5849e50550>,60,18,[14  1],61,-1,84,-1,66
1,<environment.Job instance at 0x7f584b204be0>,61,19,[ 2 14],62,-1,85,-1,66
1,<environment.Job instance at 0x7f5849e6be10>,62,24,[ 2 14],63,-1,90,-1,66
1,<environment.Job instance at 0x7f5849f6bcd0>,63,28,[12  4],64,-1,94,-1,66
1,<environment.Job instance at 0x7f58499eb910>,65,23,[3 6],66,-1,89,-1,66
1,<environment.Job instance at 0x7f5849e6b6e0>,66,25,[14  5],67,-1,92,-1,67
1,<environment.Job instance at 0x7f584acad6e0>,70,18,[ 2 14],71,-1,94,-1,76
1,<environment.Job instance at 0x7f5853d17870>,71,28,[4 5],72,-1,107,-1,79
1,<environment.Job instance at 0x7f584aa2c230>,73,21,[13  5],74,-1,101,-1,80
1,<environment.Job instance at 0x7f584b201d20>,74,23,[10  5],75,-1,113,-1,90
1,<environment.Job instance at 0x7f584b201550>,75,13,[13  4],76,-1,103,-1,90
1,<environment.Job instance at 0x7f5849f44e10>,77,16,[ 5 14],78,-1,107,-1,91
1,<environment.Job instance at 0x7f584abb5640>,81,21,[12  1],82,-1,143,-1,122
1,<environment.Job instance at 0x7f584abb6f50>,83,16,[11  3],84,-1,138,-1,122
1,<environment.Job instance at 0x7f584abc59b0>,4,27,[ 4 13],5,-1,36,-1,9
1,<environment.Job instance at 0x7f584abc5b90>,2,13,[13  4],3,-1,22,-1,9
1,<environment.Job instance at 0x7f584abc54b0>,7,15,[10  5],8,-1,24,-1,9
1,<environment.Job instance at 0x7f584abc5640>,11,23,[ 5 11],12,-1,36,-1,13
1,<environment.Job instance at 0x7f5849d39f00>,0,15,[ 1 14],1,-1,16,-1,1
1,<environment.Job instance at 0x7f5849d39690>,1,14,[11  2],2,-1,16,-1,2
1,<environment.Job instance at 0x7f5849d39c80>,2,13,[13  4],3,-1,16,-1,3
1,<environment.Job instance at 0x7f5849d394b0>,4,27,[ 4 13],5,-1,32,-1,5
1,<environment.Job instance at 0x7f5849d39d70>,5,23,[ 4 12],6,-1,29,-1,6
1,<environment.Job instance at 0x7f584ad65cd0>,6,15,[ 4 12],7,-1,22,-1,7
1,<environment.Job instance at 0x7f5849d39a00>,8,23,[ 5 11],9,-1,32,-1,9
1,<environment.Job instance at 0x7f584a4ca820>,9,28,[13  3],10,-1,38,-1,10
1,<environment.Job instance at 0x7f584a4cae10>,10,27,[3 8],11,-1,38,-1,11
1,<environment.Job instance at 0x7f584a4caaf0>,11,23,[ 5 11],12,-1,35,-1,12
1,<environment.Job instance at 0x7f584a4ca960>,15,17,[ 2 14],16,-1,33,-1,16
1,<environment.Job instance at 0x7f584a4f69b0>,16,22,[ 1 14],17,-1,39,-1,17
1,<environment.Job instance at 0x7f584a4f68c0>,17,12,[11  5],18,-1,30,-1,18
1,<environment.Job instance at 0x7f584a4f6c80>,18,17,[ 3 14],19,-1,36,-1,19
1,<environment.Job instance at 0x7f584a4f6fa0>,20,27,[ 4 12],21,-1,48,-1,21
1,<environment.Job instance at 0x7f584a4cacd0>,22,17,[ 4 13],23,-1,40,-1,23
1,<environment.Job instance at 0x7f584a4f6aa0>,24,17,[ 4 11],25,-1,42,-1,25
1,<environment.Job instance at 0x7f584abb5640>,25,23,[ 1 11],26,-1,49,-1,26
1,<environment.Job instance at 0x7f584abb6820>,26,14,[11  1],27,-1,41,-1,27
1,<environment.Job instance at 0x7f584aa6ba00>,27,23,[ 2 11],28,-1,51,-1,28
1,<environment.Job instance at 0x7f5849e43140>,28,21,[ 1 11],29,-1,50,-1,29
1,<environment.Job instance at 0x7f584a1a15a0>,29,23,[ 2 14],30,-1,53,-1,30
1,<environment.Job instance at 0x7f5849f4e730>,31,21,[ 4 13],32,-1,53,-1,32
1,<environment.Job instance at 0x7f5849f44e10>,30,28,[5 5],31,-1,60,-1,32
1,<environment.Job instance at 0x7f584b189f50>,32,15,[13  2],33,-1,48,-1,33
1,<environment.Job instance at 0x7f584b0ffdc0>,33,23,[ 5 11],34,-1,57,-1,34
1,<environment.Job instance at 0x7f584b0ff820>,34,26,[ 5 11],35,-1,61,-1,35
1,<environment.Job instance at 0x7f584ab95140>,36,18,[13  2],37,-1,55,-1,37
1,<environment.Job instance at 0x7f5853d17870>,37,27,[12  5],38,-1,65,-1,38
1,<environment.Job instance at 0x7f5849d719b0>,38,19,[11  4],39,-1,58,-1,39
1,<environment.Job instance at 0x7f584acad6e0>,39,22,[ 2 11],40,-1,62,-1,40
1,<environment.Job instance at 0x7f584ab78410>,42,12,[ 4 14],43,-1,56,-1,44
1,<environment.Job instance at 0x7f58499eb190>,44,18,[14  1],45,-1,63,-1,45
1,<environment.Job instance at 0x7f5849f47b90>,46,15,[12  1],47,-1,62,-1,47
1,<environment.Job instance at 0x7f584b204370>,47,13,[ 5 12],48,-1,61,-1,48
1,<environment.Job instance at 0x7f584b204cd0>,48,28,[14  2],49,-1,77,-1,49
1,<environment.Job instance at 0x7f5849e6be10>,50,15,[ 5 11],51,-1,74,-1,59
1,<environment.Job instance at 0x7f584b204c30>,51,20,[ 3 11],52,-1,79,-1,59
1,<environment.Job instance at 0x7f584aa2a730>,52,28,[9 4],53,-1,90,-1,62
1,<environment.Job instance at 0x7f584aa2a370>,54,27,[ 3 13],55,-1,89,-1,62
1,<environment.Job instance at 0x7f584b202190>,56,22,[ 1 13],57,-1,94,-1,72
1,<environment.Job instance at 0x7f584b202280>,57,13,[14  2],58,-1,85,-1,72
1,<environment.Job instance at 0x7f584b2022d0>,55,23,[6 2],56,-1,100,-1,77
1,<environment.Job instance at 0x7f584aa29be0>,59,24,[ 3 13],60,-1,101,-1,77
1,<environment.Job instance at 0x7f584aa29690>,61,28,[11  3],62,-1,105,-1,77
1,<environment.Job instance at 0x7f584a4ed910>,62,24,[1 5],63,-1,101,-1,77
1,<environment.Job instance at 0x7f584a4edb40>,66,19,[ 5 13],67,-1,107,-1,88
1,<environment.Job instance at 0x7f584a4ed5f0>,65,24,[7 4],66,-1,115,-1,91
1,<environment.Job instance at 0x7f584ae6b140>,6,17,[10  5],7,-1,28,-1,11
1,<environment.Job instance at 0x7f584a7ef690>,0,16,[11  1],1,-1,17,-1,1
1,<environment.Job instance at 0x7f584a7ef370>,1,16,[ 1 12],2,-1,18,-1,2
1,<environment.Job instance at 0x7f584a7ef5a0>,2,28,[10  5],3,-1,31,-1,3
1,<environment.Job instance at 0x7f584a7ef550>,3,25,[8 4],4,-1,29,-1,4
1,<environment.Job instance at 0x7f584a7ef4b0>,5,18,[ 1 12],6,-1,24,-1,6
1,<environment.Job instance at 0x7f584a7efa00>,7,14,[12  5],8,-1,22,-1,8
1,<environment.Job instance at 0x7f584a7ef1e0>,11,22,[13  5],12,-1,34,-1,12
1,<environment.Job instance at 0x7f584a7ef500>,12,14,[14  4],13,-1,27,-1,13
1,<environment.Job instance at 0x7f584a7efbe0>,14,12,[ 4 13],15,-1,27,-1,15
1,<environment.Job instance at 0x7f584a7ef2d0>,10,25,[8 3],11,-1,51,-1,26
1,<environment.Job instance at 0x7f584b2417d0>,17,18,[11  2],18,-1,44,-1,26
1,<environment.Job instance at 0x7f584a7ef190>,13,24,[5 1],14,-1,50,-1,26
1,<environment.Job instance at 0x7f584b2411e0>,19,13,[ 4 13],20,-1,39,-1,26
1,<environment.Job instance at 0x7f584b241af0>,20,17,[11  2],21,-1,43,-1,26
1,<environment.Job instance at 0x7f584abc5820>,21,27,[10  3],22,-1,53,-1,26
1,<environment.Job instance at 0x7f584a7d50f0>,22,25,[ 3 12],23,-1,51,-1,26
1,<environment.Job instance at 0x7f584abc50f0>,23,13,[14  2],24,-1,39,-1,26
1,<environment.Job instance at 0x7f584b242550>,24,12,[ 4 14],25,-1,38,-1,26
1,<environment.Job instance at 0x7f586f57a5f0>,25,26,[14  4],26,-1,52,-1,26
1,<environment.Job instance at 0x7f5853985a00>,26,23,[14  4],27,-1,50,-1,27
1,<environment.Job instance at 0x7f584a1f07d0>,27,26,[12  4],28,-1,54,-1,28
1,<environment.Job instance at 0x7f584ad298c0>,28,23,[ 2 12],29,-1,52,-1,29
1,<environment.Job instance at 0x7f584a4beaf0>,31,13,[ 4 13],32,-1,45,-1,32
1,<environment.Job instance at 0x7f584a4bed70>,33,24,[9 1],34,-1,68,-1,44
1,<environment.Job instance at 0x7f584b1f9af0>,34,14,[ 2 13],35,-1,58,-1,44
1,<environment.Job instance at 0x7f584b1f9410>,36,14,[13  4],37,-1,58,-1,44
1,<environment.Job instance at 0x7f584b1f9a50>,37,12,[11  3],38,-1,56,-1,44
1,<environment.Job instance at 0x7f584b2098c0>,39,18,[ 2 13],40,-1,65,-1,47
1,<environment.Job instance at 0x7f584b209a00>,40,16,[11  4],41,-1,63,-1,47
1,<environment.Job instance at 0x7f584b209190>,41,25,[ 2 12],42,-1,72,-1,47
1,<environment.Job instance at 0x7f584b21e0a0>,43,26,[11  4],44,-1,84,-1,58
1,<environment.Job instance at 0x7f584b209280>,44,26,[ 1 10],45,-1,84,-1,58
1,<environment.Job instance at 0x7f584b1f76e0>,46,25,[5 3],47,-1,89,-1,64
1,<environment.Job instance at 0x7f584b1eff50>,49,28,[14  3],50,-1,92,-1,64
1,<environment.Job instance at 0x7f584b215550>,52,28,[10  2],53,-1,102,-1,74
1,<environment.Job instance at 0x7f584a4ed320>,54,24,[ 4 12],55,-1,98,-1,74
1,<environment.Job instance at 0x7f584a4ed5f0>,55,15,[14  1],56,-1,89,-1,74
1,<environment.Job instance at 0x7f584a4ed2d0>,56,28,[14  2],57,-1,102,-1,74
1,<environment.Job instance at 0x7f584b2156e0>,51,23,[ 4 10],52,-1,104,-1,81
1,<environment.Job instance at 0x7f584aa29a00>,60,27,[ 2 12],61,-1,108,-1,81
1,<environment.Job instance at 0x7f584aa29640>,61,25,[ 3 13],62,-1,106,-1,81
1,<environment.Job instance at 0x7f584b202f50>,63,27,[9 5],64,-1,121,-1,94
1,<environment.Job instance at 0x7f584b202320>,64,25,[3 5],65,-1,119,-1,94
1,<environment.Job instance at 0x7f584b202190>,65,23,[ 2 13],66,-1,117,-1,94
1,<environment.Job instance at 0x7f584aa2a2d0>,66,15,[11  2],67,-1,109,-1,94
1,<environment.Job instance at 0x7f584aa2a1e0>,68,27,[ 4 14],69,-1,121,-1,94
1,<environment.Job instance at 0x7f584b204b40>,69,28,[12  5],70,-1,122,-1,94
1,<environment.Job instance at 0x7f584b204370>,70,28,[2 5],71,-1,122,-1,94
1,<environment.Job instance at 0x7f5849e6be10>,71,27,[13  3],72,-1,121,-1,94
1,<environment.Job instance at 0x7f58499eb190>,72,26,[ 2 14],73,-1,120,-1,94
1,<environment.Job instance at 0x7f58499eb910>,73,25,[11  2],74,-1,119,-1,94
1,<environment.Job instance at 0x7f5849d71b90>,74,16,[11  4],75,-1,110,-1,94
1,<environment.Job instance at 0x7f584ab95140>,75,13,[14  4],76,-1,107,-1,94
1,<environment.Job instance at 0x7f584aa2c0f0>,77,21,[12  2],78,-1,115,-1,94
1,<environment.Job instance at 0x7f584aa2c1e0>,78,20,[ 1 11],79,-1,114,-1,94
1,<environment.Job instance at 0x7f584b201500>,79,14,[ 1 14],80,-1,108,-1,94
1,<environment.Job instance at 0x7f584a1a15f0>,81,15,[12  3],82,-1,121,-1,106
1,<environment.Job instance at 0x7f584b0ff7d0>,83,22,[14  3],84,-1,132,-1,110
1,<environment.Job instance at 0x7f5849e43870>,85,16,[11  4],86,-1,139,-1,123
1,<environment.Job instance at 0x7f584aa6b0f0>,86,20,[ 5 13],87,-1,143,-1,123
1,<environment.Job instance at 0x7f584aa6bf00>,87,20,[11  5],88,-1,143,-1,123
1,<environment.Job instance at 0x7f584a4f6b40>,89,22,[13  3],90,-1,147,-1,125
1,<environment.Job instance at 0x7f584a4f6dc0>,90,14,[14  2],91,-1,139,-1,125
1,<environment.Job instance at 0x7f584a4f6960>,91,19,[13  5],92,-1,144,-1,125
1,<environment.Job instance at 0x7f584a4f6eb0>,92,16,[13  3],93,-1,141,-1,125
1,<environment.Job instance at 0x7f5853985aa0>,1,26,[5 5],2,-1,28,-1,2
1,<environment.Job instance at 0x7f5853985870>,1,26,[5 5],2,-1,28,-1,2
1,<environment.Job instance at 0x7f584ad5a370>,2,15,[ 5 14],3,-1,18,-1,3
1,<environment.Job instance at 0x7f586f57a5f0>,3,27,[ 5 14],4,-1,31,-1,4
1,<environment.Job instance at 0x7f584ad5a730>,4,21,[13  3],5,-1,26,-1,5
1,<environment.Job instance at 0x7f5849eaf0f0>,5,28,[10  4],6,-1,34,-1,6
1,<environment.Job instance at 0x7f584ad5a870>,6,25,[8 2],7,-1,32,-1,7
1,<environment.Job instance at 0x7f5849fbab90>,9,13,[ 3 14],10,-1,23,-1,10
1,<environment.Job instance at 0x7f584a56bcd0>,11,18,[11  1],12,-1,30,-1,12
1,<environment.Job instance at 0x7f5849b978c0>,12,12,[ 4 12],13,-1,25,-1,13
1,<environment.Job instance at 0x7f5849fc4190>,13,27,[ 4 14],14,-1,41,-1,14
1,<environment.Job instance at 0x7f5849b97820>,16,24,[5 6],17,-1,51,-1,27
1,<environment.Job instance at 0x7f584a575190>,18,22,[ 4 13],19,-1,49,-1,27
1,<environment.Job instance at 0x7f584a575500>,19,24,[ 1 10],20,-1,57,-1,33
1,<environment.Job instance at 0x7f5849b963c0>,21,25,[14  1],22,-1,58,-1,33
1,<environment.Job instance at 0x7f5849b7d2d0>,24,28,[5 7],25,-1,73,-1,45
1,<environment.Job instance at 0x7f5849b7da50>,25,28,[2 5],26,-1,73,-1,45
1,<environment.Job instance at 0x7f5849b7d7d0>,26,28,[ 2 14],27,-1,73,-1,45
1,<environment.Job instance at 0x7f5849b7de60>,28,28,[5 1],29,-1,73,-1,45
1,<environment.Job instance at 0x7f5849ba1aa0>,29,28,[1 9],30,-1,85,-1,57
1,<environment.Job instance at 0x7f5849bb1fa0>,34,15,[ 5 12],35,-1,84,-1,69
1,<environment.Job instance at 0x7f584b18a8c0>,36,23,[12  4],37,-1,102,-1,79
1,<environment.Job instance at 0x7f5849b9d050>,38,22,[ 3 14],39,-1,106,-1,84
1,<environment.Job instance at 0x7f5849b9dcd0>,40,28,[5 5],41,-1,120,-1,92
1,<environment.Job instance at 0x7f5849b9de10>,42,26,[ 5 14],43,-1,118,-1,92
1,<environment.Job instance at 0x7f5849b9df00>,41,24,[10  1],42,-1,130,-1,106
1,<environment.Job instance at 0x7f584b15e410>,45,16,[ 3 14],46,-1,122,-1,106
1,<environment.Job instance at 0x7f584b15e190>,46,21,[12  4],47,-1,127,-1,106
1,<environment.Job instance at 0x7f584b176820>,48,15,[13  3],49,-1,123,-1,108
1,<environment.Job instance at 0x7f584b172f00>,50,26,[12  2],51,-1,134,-1,108
1,<environment.Job instance at 0x7f584b172b40>,51,22,[13  3],52,-1,130,-1,108
1,<environment.Job instance at 0x7f584b172aa0>,52,14,[14  4],53,-1,122,-1,108
1,<environment.Job instance at 0x7f584b199960>,53,26,[13  4],54,-1,134,-1,108
1,<environment.Job instance at 0x7f584b1999b0>,55,23,[14  1],56,-1,141,-1,118
1,<environment.Job instance at 0x7f584b1998c0>,56,14,[ 1 12],57,-1,132,-1,118
1,<environment.Job instance at 0x7f584b183d70>,57,17,[14  4],58,-1,135,-1,118
1,<environment.Job instance at 0x7f584b183dc0>,59,13,[ 2 11],60,-1,137,-1,124
1,<environment.Job instance at 0x7f584b1832d0>,60,23,[11  4],61,-1,147,-1,124
1,<environment.Job instance at 0x7f584b183f00>,61,24,[8 2],62,-1,148,-1,124
1,<environment.Job instance at 0x7f5849b914b0>,62,27,[ 3 13],63,-1,151,-1,124
1,<environment.Job instance at 0x7f5849b91be0>,63,18,[ 2 12],64,-1,142,-1,124
1,<environment.Job instance at 0x7f5849dadf00>,0,22,[3 9],1,-1,24,-1,2
1,<environment.Job instance at 0x7f5849da6410>,2,23,[ 3 11],3,-1,26,-1,3
1,<environment.Job instance at 0x7f5849dad500>,3,24,[ 4 14],4,-1,28,-1,4
1,<environment.Job instance at 0x7f5849dad910>,4,23,[9 5],5,-1,28,-1,5
1,<environment.Job instance at 0x7f5849dadc30>,5,13,[ 4 13],6,-1,19,-1,6
1,<environment.Job instance at 0x7f5849dade10>,6,25,[13  2],7,-1,32,-1,7
1,<environment.Job instance at 0x7f584a096aa0>,7,14,[ 1 11],8,-1,22,-1,8
1,<environment.Job instance at 0x7f584a0964b0>,8,24,[7 4],9,-1,33,-1,9
1,<environment.Job instance at 0x7f584a096d20>,11,26,[12  5],12,-1,38,-1,12
1,<environment.Job instance at 0x7f584a096140>,12,28,[13  1],13,-1,41,-1,13
1,<environment.Job instance at 0x7f584a0969b0>,13,22,[ 5 14],14,-1,36,-1,14
1,<environment.Job instance at 0x7f584a096870>,14,20,[ 4 12],15,-1,35,-1,15
1,<environment.Job instance at 0x7f584a0967d0>,16,18,[14  3],17,-1,35,-1,17
1,<environment.Job instance at 0x7f5853985a00>,18,25,[6 2],19,-1,49,-1,24
1,<environment.Job instance at 0x7f584a0a45f0>,25,15,[ 4 11],26,-1,50,-1,35
1,<environment.Job instance at 0x7f584a0a4550>,26,26,[6 2],27,-1,64,-1,38
1,<environment.Job instance at 0x7f584a0a4b40>,27,23,[8 1],28,-1,61,-1,38
1,<environment.Job instance at 0x7f584a0a40a0>,32,25,[3 8],33,-1,78,-1,53
1,<environment.Job instance at 0x7f584a0a4fa0>,33,17,[14  5],34,-1,70,-1,53
1,<environment.Job instance at 0x7f584a08c2d0>,34,15,[ 3 13],35,-1,68,-1,53
1,<environment.Job instance at 0x7f584a08c910>,35,21,[11  5],36,-1,74,-1,53
1,<environment.Job instance at 0x7f584a08c1e0>,36,28,[4 9],37,-1,81,-1,53
1,<environment.Job instance at 0x7f584a08c6e0>,37,23,[12  5],38,-1,76,-1,53
1,<environment.Job instance at 0x7f584a08c320>,38,23,[ 2 14],39,-1,76,-1,53
1,<environment.Job instance at 0x7f584a08c4b0>,40,24,[14  3],41,-1,77,-1,53
1,<environment.Job instance at 0x7f584a096190>,15,24,[10  4],16,-1,88,-1,64
1,<environment.Job instance at 0x7f584a08c9b0>,43,23,[5 1],44,-1,87,-1,64
1,<environment.Job instance at 0x7f584a0a47d0>,29,26,[10  2],30,-1,90,-1,64
1,<environment.Job instance at 0x7f584a08c3c0>,41,28,[10  3],42,-1,92,-1,64
1,<environment.Job instance at 0x7f584a08cdc0>,46,28,[ 5 13],47,-1,92,-1,64
1,<environment.Job instance at 0x7f584a08c5f0>,48,18,[12  4],49,-1,82,-1,64
1,<environment.Job instance at 0x7f584a08c5a0>,49,17,[ 3 11],50,-1,81,-1,64
1,<environment.Job instance at 0x7f584a0b35f0>,50,15,[ 5 11],51,-1,79,-1,64
1,<environment.Job instance at 0x7f584a0b32d0>,51,28,[ 2 11],52,-1,92,-1,64
1,<environment.Job instance at 0x7f584a0b37d0>,52,23,[5 5],53,-1,91,-1,68
1,<environment.Job instance at 0x7f584a0b3460>,53,12,[11  3],54,-1,80,-1,68
1,<environment.Job instance at 0x7f584a0b3140>,54,26,[ 4 12],55,-1,94,-1,68
1,<environment.Job instance at 0x7f584a0b3640>,55,12,[ 4 12],56,-1,80,-1,68
1,<environment.Job instance at 0x7f584a0b34b0>,56,24,[5 2],57,-1,92,-1,68
1,<environment.Job instance at 0x7f584a0b3500>,57,18,[14  4],58,-1,86,-1,68
1,<environment.Job instance at 0x7f584a0b30a0>,58,12,[11  2],59,-1,80,-1,68
1,<environment.Job instance at 0x7f584a0b3190>,59,15,[ 2 12],60,-1,83,-1,68
1,<environment.Job instance at 0x7f584ad86370>,61,28,[13  2],62,-1,96,-1,68
1,<environment.Job instance at 0x7f584ad86050>,64,27,[3 6],65,-1,123,-1,96
1,<environment.Job instance at 0x7f584ad86aa0>,67,28,[13  2],68,-1,124,-1,96
1,<environment.Job instance at 0x7f584ad869b0>,69,28,[1 5],70,-1,125,-1,97
1,<environment.Job instance at 0x7f584ad867d0>,70,14,[13  2],71,-1,111,-1,97
1,<environment.Job instance at 0x7f584ad86c80>,71,13,[11  3],72,-1,110,-1,97
1,<environment.Job instance at 0x7f584ad865a0>,73,24,[ 3 12],74,-1,122,-1,98
1,<environment.Job instance at 0x7f584ad86730>,74,20,[ 5 12],75,-1,118,-1,98
1,<environment.Job instance at 0x7f584ad86fa0>,78,27,[14  2],79,-1,142,-1,115
1,<environment.Job instance at 0x7f584ad86190>,79,17,[ 5 12],80,-1,132,-1,115
1,<environment.Job instance at 0x7f584a0ad500>,81,24,[11  5],82,-1,148,-1,124
1,<environment.Job instance at 0x7f584a0ada50>,83,23,[9 3],84,-1,151,-1,128
1,<environment.Job instance at 0x7f584a0ade10>,85,16,[12  5],86,-1,144,-1,128
1,<environment.Job instance at 0x7f5849af5140>,2,14,[3 7],3,-1,17,-1,3
1,<environment.Job instance at 0x7f5849af5320>,8,18,[10  2],9,-1,29,-1,11
1,<environment.Job instance at 0x7f5849af5050>,12,24,[5 5],13,-1,37,-1,13
1,<environment.Job instance at 0x7f5849af5870>,10,14,[11  1],11,-1,27,-1,13
1,<environment.Job instance at 0x7f584a0b44b0>,3,17,[14  5],4,-1,21,-1,4
1,<environment.Job instance at 0x7f584a08fb40>,4,12,[11  5],5,-1,17,-1,5
1,<environment.Job instance at 0x7f584a08fbe0>,6,12,[11  1],7,-1,19,-1,7
1,<environment.Job instance at 0x7f584a08f0f0>,9,12,[ 1 13],10,-1,22,-1,10
1,<environment.Job instance at 0x7f584a08fd20>,10,14,[11  1],11,-1,25,-1,11
1,<environment.Job instance at 0x7f584a08f190>,11,21,[14  1],12,-1,33,-1,12
1,<environment.Job instance at 0x7f584a08f3c0>,13,15,[ 4 11],14,-1,29,-1,14
1,<environment.Job instance at 0x7f584a08ff50>,14,22,[14  4],15,-1,37,-1,15
1,<environment.Job instance at 0x7f584a08f820>,16,23,[12  1],17,-1,41,-1,18
1,<environment.Job instance at 0x7f584a08fc80>,12,24,[5 5],13,-1,42,-1,18
1,<environment.Job instance at 0x7f584a080230>,18,16,[ 4 14],19,-1,35,-1,19
1,<environment.Job instance at 0x7f584a080d20>,20,16,[ 2 12],21,-1,38,-1,22
1,<environment.Job instance at 0x7f584a080050>,21,17,[13  4],22,-1,39,-1,22
1,<environment.Job instance at 0x7f584a080cd0>,17,28,[3 8],18,-1,51,-1,23
1,<environment.Job instance at 0x7f584a080eb0>,24,13,[ 2 12],25,-1,38,-1,25
1,<environment.Job instance at 0x7f584a080550>,25,18,[14  4],26,-1,44,-1,26
1,<environment.Job instance at 0x7f584a0805a0>,28,25,[12  5],29,-1,62,-1,37
1,<environment.Job instance at 0x7f584a0adbe0>,30,26,[ 5 13],31,-1,63,-1,37
1,<environment.Job instance at 0x7f584a0ad820>,31,16,[ 2 12],32,-1,53,-1,37
1,<environment.Job instance at 0x7f584a0adaa0>,33,24,[10  3],34,-1,73,-1,49
1,<environment.Job instance at 0x7f584a0adb40>,32,23,[7 2],33,-1,72,-1,49
1,<environment.Job instance at 0x7f584a0ad370>,35,25,[11  1],36,-1,74,-1,49
1,<environment.Job instance at 0x7f584a0ad410>,36,25,[6 4],37,-1,74,-1,49
1,<environment.Job instance at 0x7f584a0adcd0>,34,25,[1 9],35,-1,78,-1,53
1,<environment.Job instance at 0x7f584a0ada50>,39,21,[13  1],40,-1,74,-1,53
1,<environment.Job instance at 0x7f584a0ad460>,37,26,[2 9],38,-1,79,-1,53
1,<environment.Job instance at 0x7f584a0ad500>,41,22,[12  5],42,-1,75,-1,53
1,<environment.Job instance at 0x7f584a0ad5f0>,38,26,[5 5],39,-1,79,-1,53
1,<environment.Job instance at 0x7f584a0b30a0>,44,23,[10  4],45,-1,88,-1,65
1,<environment.Job instance at 0x7f584a0b3280>,45,25,[6 5],46,-1,90,-1,65
1,<environment.Job instance at 0x7f584a0b34b0>,46,19,[ 3 12],47,-1,84,-1,65
1,<environment.Job instance at 0x7f584a0b3640>,47,25,[ 2 10],48,-1,90,-1,65
1,<environment.Job instance at 0x7f584a0b3140>,48,21,[13  4],49,-1,86,-1,65
1,<environment.Job instance at 0x7f584a0b3460>,50,21,[ 4 14],51,-1,86,-1,65
1,<environment.Job instance at 0x7f584a0b3320>,51,23,[ 2 11],52,-1,88,-1,65
1,<environment.Job instance at 0x7f584a0b30f0>,52,24,[13  5],53,-1,89,-1,65
1,<environment.Job instance at 0x7f584a0b3780>,53,27,[ 3 13],54,-1,92,-1,65
1,<environment.Job instance at 0x7f584a08c370>,54,12,[ 2 13],55,-1,77,-1,65
1,<environment.Job instance at 0x7f584a08cb90>,55,26,[6 1],56,-1,91,-1,65
1,<environment.Job instance at 0x7f584a08caa0>,57,21,[ 2 13],58,-1,86,-1,65
1,<environment.Job instance at 0x7f584a08c9b0>,58,22,[12  4],59,-1,87,-1,65
1,<environment.Job instance at 0x7f584a08c3c0>,60,15,[11  4],61,-1,80,-1,65
1,<environment.Job instance at 0x7f584a08c4b0>,61,13,[ 2 14],62,-1,78,-1,65
1,<environment.Job instance at 0x7f584a08c320>,63,26,[14  1],64,-1,103,-1,77
1,<environment.Job instance at 0x7f584a08c6e0>,64,16,[ 2 14],65,-1,93,-1,77
1,<environment.Job instance at 0x7f584a08c910>,66,13,[11  1],67,-1,93,-1,80
1,<environment.Job instance at 0x7f584a0a4fa0>,68,16,[13  3],69,-1,108,-1,92
1,<environment.Job instance at 0x7f584a0a47d0>,70,22,[13  2],71,-1,116,-1,94
1,<environment.Job instance at 0x7f584a0a4f50>,71,23,[11  1],72,-1,117,-1,94
1,<environment.Job instance at 0x7f584a0a4b40>,72,19,[11  4],73,-1,113,-1,94
1,<environment.Job instance at 0x7f584a0a45f0>,74,19,[13  1],75,-1,125,-1,106
1,<environment.Job instance at 0x7f584a0a4460>,75,20,[ 5 11],76,-1,126,-1,106
1,<environment.Job instance at 0x7f584a0a4500>,76,17,[ 3 14],77,-1,123,-1,106
1,<environment.Job instance at 0x7f584a0a4c80>,77,13,[ 1 12],78,-1,119,-1,106
1,<environment.Job instance at 0x7f584a0a4870>,78,18,[14  2],79,-1,124,-1,106
1,<environment.Job instance at 0x7f584a096cd0>,80,25,[12  4],81,-1,131,-1,106
1,<environment.Job instance at 0x7f584a096190>,82,28,[1 5],83,-1,151,-1,123
1,<environment.Job instance at 0x7f584a096820>,85,25,[2 6],86,-1,150,-1,125
1,<environment.Job instance at 0x7f584a096dc0>,87,19,[12  2],88,-1,144,-1,125
1,<environment.Job instance at 0x7f5849a5ccd0>,4,18,[5 5],5,-1,23,-1,5
1,<environment.Job instance at 0x7f5849a5ce60>,9,13,[14  3],10,-1,29,-1,16
1,<environment.Job instance at 0x7f584b399370>,3,17,[14  4],4,-1,34,-1,17
1,<environment.Job instance at 0x7f5849a40870>,8,21,[5 5],9,-1,41,-1,20
1,<environment.Job instance at 0x7f5849a64050>,15,18,[ 3 10],16,-1,41,-1,23
1,<environment.Job instance at 0x7f5849ff9410>,0,12,[13  2],1,-1,13,-1,1
1,<environment.Job instance at 0x7f5849ff9c30>,1,15,[14  4],2,-1,17,-1,2
1,<environment.Job instance at 0x7f5849ff94b0>,2,24,[5 3],3,-1,27,-1,3
1,<environment.Job instance at 0x7f5849ff96e0>,3,17,[14  4],4,-1,21,-1,4
1,<environment.Job instance at 0x7f5849ff9d20>,5,16,[12  2],6,-1,22,-1,6
1,<environment.Job instance at 0x7f584a9b1230>,6,13,[ 4 14],7,-1,20,-1,7
1,<environment.Job instance at 0x7f584a2f91e0>,9,13,[14  3],10,-1,23,-1,10
1,<environment.Job instance at 0x7f584a95dd70>,11,28,[12  2],12,-1,40,-1,12
1,<environment.Job instance at 0x7f584a95d550>,12,24,[12  5],13,-1,37,-1,13
1,<environment.Job instance at 0x7f584a2f97d0>,14,12,[11  5],15,-1,27,-1,15
1,<environment.Job instance at 0x7f584a365820>,17,14,[ 5 11],18,-1,37,-1,23
1,<environment.Job instance at 0x7f584a365d20>,18,17,[ 3 14],19,-1,40,-1,23
1,<environment.Job instance at 0x7f584a365a00>,19,23,[7 5],20,-1,46,-1,23
1,<environment.Job instance at 0x7f584a365b90>,21,23,[1 5],22,-1,46,-1,23
1,<environment.Job instance at 0x7f584a02d280>,23,26,[ 1 11],24,-1,50,-1,24
1,<environment.Job instance at 0x7f584a02dd20>,24,12,[13  4],25,-1,37,-1,25
1,<environment.Job instance at 0x7f5849ee4550>,26,15,[ 1 11],27,-1,42,-1,27
1,<environment.Job instance at 0x7f5849ee5c30>,28,24,[13  4],29,-1,53,-1,29
1,<environment.Job instance at 0x7f584a944640>,30,19,[14  4],31,-1,56,-1,37
1,<environment.Job instance at 0x7f584a02ddc0>,32,24,[9 5],33,-1,61,-1,37
1,<environment.Job instance at 0x7f584a4f0140>,33,24,[10  3],34,-1,61,-1,37
1,<environment.Job instance at 0x7f584a4f0460>,34,13,[13  4],35,-1,50,-1,37
1,<environment.Job instance at 0x7f5849ee9320>,35,24,[ 1 10],36,-1,61,-1,37
1,<environment.Job instance at 0x7f584aeb4780>,38,27,[8 2],39,-1,66,-1,39
1,<environment.Job instance at 0x7f584a4d0870>,39,15,[14  5],40,-1,55,-1,40
1,<environment.Job instance at 0x7f584aeb4730>,40,13,[11  1],41,-1,54,-1,41
1,<environment.Job instance at 0x7f584a2620a0>,41,17,[14  5],42,-1,59,-1,42
1,<environment.Job instance at 0x7f584a4d0230>,42,14,[13  2],43,-1,57,-1,43
1,<environment.Job instance at 0x7f584a33cdc0>,43,16,[ 5 13],44,-1,60,-1,44
1,<environment.Job instance at 0x7f584a33c4b0>,44,28,[14  3],45,-1,73,-1,45
1,<environment.Job instance at 0x7f584a33c190>,45,16,[14  2],46,-1,62,-1,46
1,<environment.Job instance at 0x7f584a33c960>,46,13,[ 3 13],47,-1,60,-1,47
1,<environment.Job instance at 0x7f584a33c050>,47,28,[ 1 11],48,-1,76,-1,48
1,<environment.Job instance at 0x7f584a33ce10>,48,24,[5 5],49,-1,73,-1,49
1,<environment.Job instance at 0x7f584a33ca50>,49,18,[13  5],50,-1,68,-1,50
1,<environment.Job instance at 0x7f584b317aa0>,51,14,[ 5 14],52,-1,66,-1,52
1,<environment.Job instance at 0x7f584a026230>,52,16,[13  3],53,-1,69,-1,53
1,<environment.Job instance at 0x7f584a00eeb0>,53,20,[11  1],54,-1,74,-1,54
1,<environment.Job instance at 0x7f584a00e7d0>,55,12,[ 2 14],56,-1,68,-1,56
1,<environment.Job instance at 0x7f584a00eaa0>,57,27,[3 7],58,-1,85,-1,58
1,<environment.Job instance at 0x7f584a36ff50>,58,17,[14  4],59,-1,76,-1,59
1,<environment.Job instance at 0x7f584a36f4b0>,59,12,[ 1 13],60,-1,72,-1,60
1,<environment.Job instance at 0x7f584a2bb0f0>,61,25,[9 1],62,-1,100,-1,75
1,<environment.Job instance at 0x7f584a2bb0a0>,62,19,[ 2 14],63,-1,94,-1,75
1,<environment.Job instance at 0x7f584a031910>,63,17,[14  3],64,-1,92,-1,75
1,<environment.Job instance at 0x7f584a031780>,64,23,[ 1 13],65,-1,98,-1,75
1,<environment.Job instance at 0x7f584a031d70>,65,25,[ 4 12],66,-1,100,-1,75
1,<environment.Job instance at 0x7f584a01dbe0>,67,14,[ 1 11],68,-1,89,-1,75
1,<environment.Job instance at 0x7f584a01dd70>,68,13,[ 2 11],69,-1,88,-1,75
1,<environment.Job instance at 0x7f584a2cc6e0>,69,20,[ 1 11],70,-1,95,-1,75
1,<environment.Job instance at 0x7f584a2ccd20>,70,14,[14  1],71,-1,89,-1,75
1,<environment.Job instance at 0x7f584a2ccbe0>,71,19,[ 3 11],72,-1,94,-1,75
1,<environment.Job instance at 0x7f584a2cc460>,72,17,[ 5 13],73,-1,92,-1,75
1,<environment.Job instance at 0x7f584a2d1050>,73,15,[14  4],74,-1,90,-1,75
1,<environment.Job instance at 0x7f584a2d1e10>,74,28,[4 5],75,-1,112,-1,84
1,<environment.Job instance at 0x7f584a2d1e60>,76,24,[ 4 13],77,-1,108,-1,84
1,<environment.Job instance at 0x7f584a344cd0>,77,20,[12  4],78,-1,104,-1,84
1,<environment.Job instance at 0x7f584a01dc80>,66,23,[ 1 10],67,-1,117,-1,94
1,<environment.Job instance at 0x7f584a2c7b40>,80,15,[ 4 12],81,-1,109,-1,94
1,<environment.Job instance at 0x7f584a2c7c30>,79,26,[3 5],80,-1,121,-1,95
1,<environment.Job instance at 0x7f584a2f7410>,85,28,[ 4 11],86,-1,134,-1,106
1,<environment.Job instance at 0x7f584a001870>,86,23,[5 5],87,-1,137,-1,114
1,<environment.Job instance at 0x7f584a001730>,88,19,[ 2 11],89,-1,134,-1,115
1,<environment.Job instance at 0x7f584a000d20>,89,12,[14  5],90,-1,127,-1,115
1,<environment.Job instance at 0x7f584a000190>,92,18,[ 5 12],93,-1,140,-1,122
1,<environment.Job instance at 0x7f584a2ebcd0>,93,25,[11  3],94,-1,147,-1,122
1,<environment.Job instance at 0x7f584a2eb640>,94,16,[ 4 12],95,-1,138,-1,122
1,<environment.Job instance at 0x7f584a2cacd0>,95,20,[ 5 11],96,-1,142,-1,122
1,<environment.Job instance at 0x7f584a2cae60>,96,23,[12  5],97,-1,145,-1,122
1,<environment.Job instance at 0x7f584a2d5fa0>,97,26,[12  3],98,-1,148,-1,122
1,<environment.Job instance at 0x7f584a533dc0>,0,14,[ 5 12],1,-1,15,-1,1
1,<environment.Job instance at 0x7f584a536aa0>,2,26,[ 3 10],3,-1,29,-1,3
1,<environment.Job instance at 0x7f584a5362d0>,3,27,[1 8],4,-1,31,-1,4
1,<environment.Job instance at 0x7f584a5330a0>,4,20,[13  5],5,-1,25,-1,5
1,<environment.Job instance at 0x7f584a4fc190>,5,23,[5 7],6,-1,29,-1,6
1,<environment.Job instance at 0x7f584a2be8c0>,7,15,[12  4],8,-1,23,-1,8
1,<environment.Job instance at 0x7f584a518730>,11,12,[ 4 14],12,-1,24,-1,12
1,<environment.Job instance at 0x7f584a5186e0>,12,21,[ 4 14],13,-1,34,-1,13
1,<environment.Job instance at 0x7f584a3572d0>,13,14,[ 1 13],14,-1,28,-1,14
1,<environment.Job instance at 0x7f584a518690>,14,16,[12  5],15,-1,31,-1,15
1,<environment.Job instance at 0x7f584a3577d0>,16,27,[11  5],17,-1,44,-1,17
1,<environment.Job instance at 0x7f584a2bea50>,8,25,[9 3],9,-1,43,-1,18
1,<environment.Job instance at 0x7f584a357140>,15,28,[4 5],16,-1,46,-1,18
1,<environment.Job instance at 0x7f584a2e5e10>,17,18,[11  3],18,-1,36,-1,18
1,<environment.Job instance at 0x7f584a2e5dc0>,19,17,[ 2 13],20,-1,37,-1,20
1,<environment.Job instance at 0x7f584a2e5190>,20,13,[11  4],21,-1,34,-1,21
1,<environment.Job instance at 0x7f584a2c3f50>,22,25,[14  5],23,-1,48,-1,23
1,<environment.Job instance at 0x7f584a2cad70>,25,22,[11  3],26,-1,48,-1,26
1,<environment.Job instance at 0x7f584a2c3280>,23,24,[3 6],24,-1,53,-1,29
1,<environment.Job instance at 0x7f584a001820>,30,16,[ 4 11],31,-1,59,-1,43
1,<environment.Job instance at 0x7f584a001960>,31,28,[ 4 13],32,-1,71,-1,43
1,<environment.Job instance at 0x7f584a2f7af0>,32,15,[ 5 14],33,-1,58,-1,43
1,<environment.Job instance at 0x7f584a2f7500>,33,25,[13  4],34,-1,68,-1,43
1,<environment.Job instance at 0x7f584a2f7370>,34,20,[13  5],35,-1,63,-1,43
1,<environment.Job instance at 0x7f584a2c7c80>,35,25,[7 3],36,-1,68,-1,43
1,<environment.Job instance at 0x7f584a2c7be0>,36,16,[ 5 11],37,-1,59,-1,43
1,<environment.Job instance at 0x7f584a2eb0f0>,27,23,[10  1],28,-1,66,-1,43
1,<environment.Job instance at 0x7f584a344cd0>,38,21,[14  2],39,-1,64,-1,43
1,<environment.Job instance at 0x7f584a3445a0>,39,13,[12  4],40,-1,56,-1,43
1,<environment.Job instance at 0x7f584a2d1870>,40,26,[14  5],41,-1,69,-1,43
1,<environment.Job instance at 0x7f584a2d1050>,42,19,[ 2 13],43,-1,62,-1,43
1,<environment.Job instance at 0x7f584a2cc0f0>,43,24,[5 3],44,-1,79,-1,55
1,<environment.Job instance at 0x7f584a2ccd20>,45,13,[11  1],46,-1,68,-1,55
1,<environment.Job instance at 0x7f584a01db90>,49,17,[ 4 14],50,-1,84,-1,67
1,<environment.Job instance at 0x7f584b317aa0>,51,17,[12  4],52,-1,85,-1,68
1,<environment.Job instance at 0x7f584a00ec80>,52,14,[ 3 11],53,-1,82,-1,68
1,<environment.Job instance at 0x7f584aeb4780>,53,16,[ 4 13],54,-1,84,-1,68
1,<environment.Job instance at 0x7f5849ee8370>,54,24,[ 1 11],55,-1,92,-1,68
1,<environment.Job instance at 0x7f584a2f91e0>,55,17,[ 4 11],56,-1,85,-1,68
1,<environment.Job instance at 0x7f584a9449b0>,57,15,[ 2 12],58,-1,94,-1,79
1,<environment.Job instance at 0x7f584ac3a140>,58,22,[ 5 13],59,-1,101,-1,79
1,<environment.Job instance at 0x7f584a944820>,59,16,[12  4],60,-1,95,-1,79
1,<environment.Job instance at 0x7f584a4d0b90>,60,26,[11  3],61,-1,105,-1,79
1,<environment.Job instance at 0x7f584a4d05a0>,62,15,[13  2],63,-1,96,-1,81
1,<environment.Job instance at 0x7f584a4d07d0>,63,23,[4 9],64,-1,104,-1,81
1,<environment.Job instance at 0x7f584a000190>,64,25,[7 5],65,-1,106,-1,81
1,<environment.Job instance at 0x7f584a000c80>,65,23,[5 4],66,-1,104,-1,81
1,<environment.Job instance at 0x7f584a000dc0>,66,28,[ 3 13],67,-1,109,-1,81
1,<environment.Job instance at 0x7f584a026960>,69,19,[ 1 13],70,-1,112,-1,93
1,<environment.Job instance at 0x7f584a241870>,71,28,[4 5],72,-1,135,-1,107
1,<environment.Job instance at 0x7f584a241c80>,72,26,[1 7],73,-1,133,-1,107
1,<environment.Job instance at 0x7f584a262910>,73,21,[13  3],74,-1,128,-1,107
1,<environment.Job instance at 0x7f584a2620a0>,74,23,[6 2],75,-1,131,-1,108
1,<environment.Job instance at 0x7f584b319f00>,77,27,[ 3 13],78,-1,135,-1,108
1,<environment.Job instance at 0x7f584b319870>,78,22,[13  1],79,-1,130,-1,108
1,<environment.Job instance at 0x7f584b3063c0>,79,26,[ 4 12],80,-1,134,-1,108
1,<environment.Job instance at 0x7f584aec84b0>,81,25,[ 5 12],82,-1,133,-1,108
1,<environment.Job instance at 0x7f584aec8d70>,82,28,[12  4],83,-1,136,-1,108
1,<environment.Job instance at 0x7f584aec8b90>,83,18,[13  5],84,-1,126,-1,108
1,<environment.Job instance at 0x7f584aec8c30>,85,24,[8 3],86,-1,132,-1,108
1,<environment.Job instance at 0x7f584aec8dc0>,86,25,[ 1 14],87,-1,133,-1,108
1,<environment.Job instance at 0x7f5849ee5c30>,87,23,[9 5],88,-1,131,-1,108
1,<environment.Job instance at 0x7f5849ee5730>,89,22,[ 3 12],90,-1,130,-1,108
1,<environment.Job instance at 0x7f5849ee5a00>,90,25,[ 1 11],91,-1,133,-1,108
1,<environment.Job instance at 0x7f5849ee5910>,91,14,[12  4],92,-1,122,-1,108
1,<environment.Job instance at 0x7f584a05c4b0>,5,28,[6 4],6,-1,34,-1,6
1,<environment.Job instance at 0x7f584a05c550>,6,28,[8 5],7,-1,35,-1,7
1,<environment.Job instance at 0x7f584a365af0>,0,24,[ 3 14],1,-1,25,-1,1
1,<environment.Job instance at 0x7f584a365fa0>,1,26,[ 4 11],2,-1,28,-1,2
1,<environment.Job instance at 0x7f584a365d70>,3,14,[ 5 14],4,-1,18,-1,4
1,<environment.Job instance at 0x7f584a365640>,4,12,[13  5],5,-1,17,-1,5
1,<environment.Job instance at 0x7f584a365aa0>,5,28,[6 4],6,-1,34,-1,6
1,<environment.Job instance at 0x7f584a365c80>,6,28,[8 5],7,-1,35,-1,7
1,<environment.Job instance at 0x7f584a365500>,8,25,[11  2],9,-1,34,-1,9
1,<environment.Job instance at 0x7f584a365b40>,9,20,[14  4],10,-1,30,-1,10
1,<environment.Job instance at 0x7f584a365a50>,11,15,[ 1 12],12,-1,27,-1,12
1,<environment.Job instance at 0x7f584a365be0>,12,15,[14  5],13,-1,28,-1,13
1,<environment.Job instance at 0x7f5849ee5640>,15,16,[ 3 11],16,-1,32,-1,16
1,<environment.Job instance at 0x7f5849ee5dc0>,17,14,[ 1 12],18,-1,32,-1,18
1,<environment.Job instance at 0x7f5849ee5460>,20,17,[ 2 12],21,-1,39,-1,22
1,<environment.Job instance at 0x7f5849ee5c80>,21,28,[12  3],22,-1,50,-1,22
1,<environment.Job instance at 0x7f5849ee5be0>,22,18,[11  5],23,-1,41,-1,23
1,<environment.Job instance at 0x7f5849ee5e10>,26,26,[5 5],27,-1,55,-1,29
1,<environment.Job instance at 0x7f5849ee56e0>,27,28,[3 7],28,-1,57,-1,29
1,<environment.Job instance at 0x7f5849ee50f0>,30,12,[13  5],31,-1,53,-1,41
1,<environment.Job instance at 0x7f584aec85f0>,33,26,[ 3 11],34,-1,75,-1,49
1,<environment.Job instance at 0x7f584aec8410>,34,18,[ 3 14],35,-1,67,-1,49
1,<environment.Job instance at 0x7f584b306780>,35,15,[12  2],36,-1,64,-1,49
1,<environment.Job instance at 0x7f584b306eb0>,36,24,[ 5 14],37,-1,73,-1,49
1,<environment.Job instance at 0x7f584aec8d70>,37,24,[ 1 13],38,-1,73,-1,49
1,<environment.Job instance at 0x7f584b319870>,38,14,[ 5 13],39,-1,63,-1,49
1,<environment.Job instance at 0x7f584b319f00>,39,19,[ 3 13],40,-1,68,-1,49
1,<environment.Job instance at 0x7f584a4f0f50>,40,17,[ 2 14],41,-1,66,-1,49
1,<environment.Job instance at 0x7f584a5e5050>,42,27,[12  1],43,-1,77,-1,50
1,<environment.Job instance at 0x7f584a241870>,44,21,[13  3],45,-1,82,-1,61
1,<environment.Job instance at 0x7f5849ee5780>,29,23,[ 2 10],30,-1,88,-1,65
1,<environment.Job instance at 0x7f584a026230>,46,27,[ 1 14],47,-1,92,-1,65
1,<environment.Job instance at 0x7f584a026910>,47,23,[8 5],48,-1,88,-1,65
1,<environment.Job instance at 0x7f584a000c30>,49,25,[5 7],50,-1,104,-1,79
1,<environment.Job instance at 0x7f584a000dc0>,52,27,[12  5],53,-1,106,-1,79
1,<environment.Job instance at 0x7f584a000140>,53,22,[14  4],54,-1,101,-1,79
1,<environment.Job instance at 0x7f584a4d07d0>,54,28,[ 2 11],55,-1,107,-1,79
1,<environment.Job instance at 0x7f5849ee4550>,55,22,[11  3],56,-1,101,-1,79
1,<environment.Job instance at 0x7f5849ee8370>,57,15,[14  3],58,-1,94,-1,79
1,<environment.Job instance at 0x7f584a000eb0>,51,24,[5 6],52,-1,103,-1,79
1,<environment.Job instance at 0x7f584b317aa0>,61,14,[ 1 14],62,-1,95,-1,81
1,<environment.Job instance at 0x7f584a00ee60>,63,14,[11  4],64,-1,107,-1,93
1,<environment.Job instance at 0x7f584a00ec80>,64,17,[ 1 14],65,-1,110,-1,93
1,<environment.Job instance at 0x7f584a2bb690>,65,18,[ 4 12],66,-1,111,-1,93
1,<environment.Job instance at 0x7f584a01db90>,67,21,[13  1],68,-1,116,-1,95
1,<environment.Job instance at 0x7f584a01ddc0>,68,25,[5 4],69,-1,133,-1,108
1,<environment.Job instance at 0x7f584a2cc0f0>,70,18,[14  1],71,-1,126,-1,108
1,<environment.Job instance at 0x7f584a2cc6e0>,72,16,[ 5 13],73,-1,125,-1,109
1,<environment.Job instance at 0x7f584a344780>,73,17,[ 2 12],74,-1,126,-1,109
1,<environment.Job instance at 0x7f584a344cd0>,74,25,[14  5],75,-1,134,-1,109
1,<environment.Job instance at 0x7f584a344f00>,75,17,[14  5],76,-1,126,-1,109
1,<environment.Job instance at 0x7f584a2c7be0>,76,13,[12  1],77,-1,122,-1,109
1,<environment.Job instance at 0x7f584a4d0230>,59,23,[ 4 10],60,-1,145,-1,122
1,<environment.Job instance at 0x7f584a2f7500>,79,15,[ 2 12],80,-1,137,-1,122
1,<environment.Job instance at 0x7f584a2f75a0>,80,24,[3 7],81,-1,148,-1,124
1,<environment.Job instance at 0x7f584a001730>,82,13,[14  3],83,-1,137,-1,124
1,<environment.Job instance at 0x7f584a0cf7d0>,0,22,[5 4],1,-1,23,-1,1
1,<environment.Job instance at 0x7f584a05cf00>,1,16,[ 1 11],2,-1,18,-1,2
1,<environment.Job instance at 0x7f584a0bb0a0>,2,19,[14  3],3,-1,22,-1,3
1,<environment.Job instance at 0x7f584a5330a0>,3,25,[1 9],4,-1,29,-1,4
1,<environment.Job instance at 0x7f584a533d70>,4,21,[ 4 12],5,-1,26,-1,5
1,<environment.Job instance at 0x7f584a533d20>,5,27,[9 3],6,-1,33,-1,6
1,<environment.Job instance at 0x7f584a0bb190>,6,24,[14  4],7,-1,31,-1,7
1,<environment.Job instance at 0x7f584a5330f0>,7,28,[6 2],8,-1,36,-1,8
1,<environment.Job instance at 0x7f584a399410>,8,12,[ 4 12],9,-1,21,-1,9
1,<environment.Job instance at 0x7f584a399730>,9,25,[2 7],10,-1,35,-1,10
1,<environment.Job instance at 0x7f584a3990f0>,10,26,[14  2],11,-1,37,-1,11
1,<environment.Job instance at 0x7f584a2d1140>,11,23,[13  4],12,-1,35,-1,12
1,<environment.Job instance at 0x7f584a2d1320>,12,28,[6 1],13,-1,41,-1,13
1,<environment.Job instance at 0x7f584a1f73c0>,16,16,[ 4 12],17,-1,33,-1,17
1,<environment.Job instance at 0x7f584a536c30>,17,15,[12  4],18,-1,33,-1,18
1,<environment.Job instance at 0x7f584a4fc3c0>,19,28,[11  1],20,-1,48,-1,20
1,<environment.Job instance at 0x7f584a4fc230>,21,26,[13  2],22,-1,48,-1,22
1,<environment.Job instance at 0x7f584a2beaa0>,22,21,[ 3 11],23,-1,44,-1,23
1,<environment.Job instance at 0x7f584a5189b0>,25,25,[6 4],26,-1,60,-1,35
1,<environment.Job instance at 0x7f584a5186e0>,26,21,[14  5],27,-1,56,-1,35
1,<environment.Job instance at 0x7f584a3574b0>,27,26,[ 5 13],28,-1,61,-1,35
1,<environment.Job instance at 0x7f584a2e51e0>,29,27,[ 4 13],30,-1,62,-1,35
1,<environment.Job instance at 0x7f584a2e5e10>,30,17,[ 5 12],31,-1,52,-1,35
1,<environment.Job instance at 0x7f584a2e50f0>,31,22,[13  3],32,-1,57,-1,35
1,<environment.Job instance at 0x7f584a2e5eb0>,32,28,[ 4 10],33,-1,63,-1,35
1,<environment.Job instance at 0x7f584a2c3f50>,33,14,[ 2 13],34,-1,49,-1,35
1,<environment.Job instance at 0x7f584a2eb640>,39,24,[14  5],40,-1,92,-1,68
1,<environment.Job instance at 0x7f584a2eb0a0>,38,24,[ 4 10],39,-1,100,-1,76
1,<environment.Job instance at 0x7f584a001820>,41,20,[ 3 11],42,-1,96,-1,76
1,<environment.Job instance at 0x7f584a001910>,42,13,[12  4],43,-1,89,-1,76
1,<environment.Job instance at 0x7f584a2f73c0>,44,12,[ 4 14],45,-1,88,-1,76
1,<environment.Job instance at 0x7f584a2ebcd0>,40,27,[ 3 10],41,-1,103,-1,76
1,<environment.Job instance at 0x7f584a344cd0>,48,13,[14  2],49,-1,96,-1,83
1,<environment.Job instance at 0x7f584a344e10>,49,14,[13  2],50,-1,97,-1,83
1,<environment.Job instance at 0x7f584a344a50>,50,22,[ 4 12],51,-1,105,-1,83
1,<environment.Job instance at 0x7f584a2cc230>,53,16,[ 2 11],54,-1,115,-1,99
1,<environment.Job instance at 0x7f584a01dbe0>,55,19,[ 3 11],56,-1,118,-1,99
1,<environment.Job instance at 0x7f584a01da00>,56,28,[5 3],57,-1,127,-1,99
1,<environment.Job instance at 0x7f584a01ddc0>,57,13,[ 4 11],58,-1,112,-1,99
1,<environment.Job instance at 0x7f584a00eaa0>,60,19,[13  3],61,-1,124,-1,105
1,<environment.Job instance at 0x7f584a2f91e0>,61,20,[ 2 13],62,-1,125,-1,105
1,<environment.Job instance at 0x7f584a944640>,63,15,[ 3 13],64,-1,120,-1,105
1,<environment.Job instance at 0x7f584a944820>,64,17,[11  4],65,-1,122,-1,105
1,<environment.Job instance at 0x7f584ac3a140>,67,26,[4 9],68,-1,146,-1,120
1,<environment.Job instance at 0x7f584a4d0b90>,68,26,[13  5],69,-1,146,-1,120
1,<environment.Job instance at 0x7f584a000c80>,70,12,[12  2],71,-1,133,-1,121
1,<environment.Job instance at 0x7f584a000140>,72,23,[14  2],73,-1,146,-1,123
1,<environment.Job instance at 0x7f584a309d20>,2,20,[3 9],3,-1,24,-1,4
1,<environment.Job instance at 0x7f584a6c4b90>,4,26,[7 1],5,-1,31,-1,5
1,<environment.Job instance at 0x7f584a6c4a00>,6,24,[7 2],7,-1,31,-1,7
1,<environment.Job instance at 0x7f5849b11780>,11,20,[ 4 14],12,-1,60,-1,40
1,<environment.Job instance at 0x7f5849b11e60>,15,28,[5 8],16,-1,68,-1,40
1,<environment.Job instance at 0x7f5849bb04b0>,0,26,[13  2],1,-1,27,-1,1
1,<environment.Job instance at 0x7f584a3658c0>,1,14,[ 3 12],2,-1,16,-1,2
1,<environment.Job instance at 0x7f584a702fa0>,4,26,[7 1],5,-1,31,-1,5
1,<environment.Job instance at 0x7f584a365b90>,5,13,[14  1],6,-1,19,-1,6
1,<environment.Job instance at 0x7f584a365500>,6,24,[7 2],7,-1,31,-1,7
1,<environment.Job instance at 0x7f5849ee5e10>,7,24,[14  4],8,-1,32,-1,8
1,<environment.Job instance at 0x7f5849ee59b0>,8,25,[12  5],9,-1,34,-1,9
1,<environment.Job instance at 0x7f5849ee5550>,9,25,[3 6],10,-1,35,-1,10
1,<environment.Job instance at 0x7f584a365be0>,11,20,[ 4 14],12,-1,32,-1,12
1,<environment.Job instance at 0x7f5849ee5c80>,12,16,[13  1],13,-1,29,-1,13
1,<environment.Job instance at 0x7f5849ee56e0>,16,16,[ 4 12],17,-1,33,-1,17
1,<environment.Job instance at 0x7f5849ee5be0>,17,13,[14  5],18,-1,31,-1,18
1,<environment.Job instance at 0x7f5849ee5140>,18,18,[ 5 12],19,-1,37,-1,19
1,<environment.Job instance at 0x7f5849ee5780>,19,17,[13  3],20,-1,37,-1,20
1,<environment.Job instance at 0x7f5849ee5c30>,20,19,[ 3 14],21,-1,40,-1,21
1,<environment.Job instance at 0x7f584a365f50>,3,27,[2 7],4,-1,50,-1,23
1,<environment.Job instance at 0x7f5849ee5410>,10,23,[ 3 10],11,-1,46,-1,23
1,<environment.Job instance at 0x7f5849ee5a00>,14,25,[1 8],15,-1,48,-1,23
1,<environment.Job instance at 0x7f5849ee55f0>,15,28,[5 8],16,-1,51,-1,23
1,<environment.Job instance at 0x7f5849ee55a0>,21,27,[1 7],22,-1,50,-1,23
1,<environment.Job instance at 0x7f584a262910>,23,13,[12  4],24,-1,37,-1,24
1,<environment.Job instance at 0x7f5849ee5320>,27,16,[ 5 12],28,-1,44,-1,28
1,<environment.Job instance at 0x7f584ac3a140>,29,26,[ 3 10],30,-1,56,-1,30
1,<environment.Job instance at 0x7f584a944640>,32,28,[13  1],33,-1,61,-1,33
1,<environment.Job instance at 0x7f584a2cc230>,34,28,[12  1],35,-1,64,-1,36
1,<environment.Job instance at 0x7f584a001820>,37,18,[11  2],38,-1,69,-1,51
1,<environment.Job instance at 0x7f584a399140>,40,17,[13  1],41,-1,70,-1,53
1,<environment.Job instance at 0x7f584a399730>,41,12,[11  4],42,-1,65,-1,53
1,<environment.Job instance at 0x7f584a533050>,44,18,[14  3],45,-1,80,-1,62
1,<environment.Job instance at 0x7f584a0bb0f0>,45,25,[ 3 12],46,-1,87,-1,62
1,<environment.Job instance at 0x7f584a0bb190>,46,21,[ 3 11],47,-1,83,-1,62
1,<environment.Job instance at 0x7f584a9de960>,47,17,[ 3 14],48,-1,79,-1,62
1,<environment.Job instance at 0x7f5849a5f320>,48,26,[ 5 13],49,-1,88,-1,62
1,<environment.Job instance at 0x7f5849b11370>,50,25,[2 6],51,-1,91,-1,66
1,<environment.Job instance at 0x7f584af8cfa0>,51,24,[3 5],52,-1,90,-1,66
1,<environment.Job instance at 0x7f584a9e9500>,53,16,[12  1],54,-1,82,-1,66
1,<environment.Job instance at 0x7f584a7d5d20>,55,18,[ 4 11],56,-1,92,-1,74
1,<environment.Job instance at 0x7f585391e6e0>,58,15,[ 4 13],59,-1,103,-1,88
1,<environment.Job instance at 0x7f584ac9a690>,59,26,[ 1 10],60,-1,120,-1,94
1,<environment.Job instance at 0x7f584ac9a7d0>,62,23,[2 8],63,-1,126,-1,103
1,<environment.Job instance at 0x7f584acdca00>,64,16,[13  1],65,-1,119,-1,103
1,<environment.Job instance at 0x7f584acdc870>,66,23,[ 5 11],67,-1,134,-1,111
1,<environment.Job instance at 0x7f584acdc780>,65,28,[3 6],66,-1,139,-1,111
1,<environment.Job instance at 0x7f584acdc050>,68,17,[ 2 12],69,-1,128,-1,111
1,<environment.Job instance at 0x7f584ac9a910>,61,28,[ 5 10],62,-1,157,-1,129
1,<environment.Job instance at 0x7f5849bf97d0>,1,14,[3 8],2,-1,17,-1,3
1,<environment.Job instance at 0x7f584a0b47d0>,4,18,[8 5],5,-1,23,-1,5
1,<environment.Job instance at 0x7f584a336eb0>,5,27,[4 5],6,-1,33,-1,6
1,<environment.Job instance at 0x7f584af26140>,6,26,[1 5],7,-1,33,-1,7
1,<environment.Job instance at 0x7f584ad239b0>,12,19,[9 1],13,-1,53,-1,34
1,<environment.Job instance at 0x7f5853f7ae10>,19,23,[3 6],20,-1,57,-1,34
1,<environment.Job instance at 0x7f584b17dc80>,21,19,[ 3 11],22,-1,76,-1,57
1,<environment.Job instance at 0x7f584a365640>,2,28,[ 4 13],3,-1,87,-1,59
1,<environment.Job instance at 0x7f584a9d0280>,25,28,[7 5],26,-1,88,-1,60
1,<environment.Job instance at 0x7f584ad23c30>,13,16,[13  5],14,-1,77,-1,61
1,<environment.Job instance at 0x7f584b031d70>,26,28,[2 9],27,-1,89,-1,61
1,<environment.Job instance at 0x7f5853f07280>,29,17,[ 2 11],30,-1,78,-1,61
1,<environment.Job instance at 0x7f584a9693c0>,30,25,[2 8],31,-1,86,-1,61
1,<environment.Job instance at 0x7f584a969550>,32,22,[6 1],33,-1,84,-1,62
1,<environment.Job instance at 0x7f584b1e8910>,27,15,[10  2],28,-1,77,-1,62
1,<environment.Job instance at 0x7f5849f0e1e0>,34,18,[6 1],35,-1,81,-1,63
1,<environment.Job instance at 0x7f584a8f5b40>,36,17,[9 3],37,-1,80,-1,63
1,<environment.Job instance at 0x7f5853cd0910>,35,23,[ 4 13],36,-1,86,-1,63
1,<environment.Job instance at 0x7f585395c0a0>,41,24,[5 9],42,-1,101,-1,77
1,<environment.Job instance at 0x7f584a5dd460>,39,28,[11  5],40,-1,118,-1,90
1,<environment.Job instance at 0x7f585395cdc0>,40,18,[6 4],41,-1,109,-1,91
1,<environment.Job instance at 0x7f5849f9aeb0>,46,18,[12  5],47,-1,109,-1,91
1,<environment.Job instance at 0x7f5849cfb230>,0,27,[13  5],1,-1,28,-1,1
1,<environment.Job instance at 0x7f584af59690>,2,28,[ 4 13],3,-1,31,-1,3
1,<environment.Job instance at 0x7f584af591e0>,3,19,[14  3],4,-1,23,-1,4
1,<environment.Job instance at 0x7f584af598c0>,7,26,[ 2 11],8,-1,34,-1,8
1,<environment.Job instance at 0x7f584af594b0>,10,16,[14  3],11,-1,27,-1,11
1,<environment.Job instance at 0x7f584af59640>,5,27,[4 5],6,-1,43,-1,16
1,<environment.Job instance at 0x7f5849cfbcd0>,6,26,[1 5],7,-1,42,-1,16
1,<environment.Job instance at 0x7f584af59cd0>,13,16,[13  5],14,-1,32,-1,16
1,<environment.Job instance at 0x7f584af59500>,14,26,[ 5 11],15,-1,42,-1,16
1,<environment.Job instance at 0x7f584af592d0>,15,14,[ 5 13],16,-1,30,-1,16
1,<environment.Job instance at 0x7f5849a16aa0>,18,13,[ 5 11],19,-1,32,-1,19
1,<environment.Job instance at 0x7f5849a16be0>,20,15,[14  4],21,-1,38,-1,23
1,<environment.Job instance at 0x7f5849a16190>,21,19,[ 3 11],22,-1,42,-1,23
1,<environment.Job instance at 0x7f5849a16d70>,22,18,[11  3],23,-1,41,-1,23
1,<environment.Job instance at 0x7f5849a16b90>,19,23,[3 6],20,-1,46,-1,23
1,<environment.Job instance at 0x7f5849a162d0>,23,18,[14  4],24,-1,42,-1,24
1,<environment.Job instance at 0x7f5849a16960>,25,28,[7 5],26,-1,67,-1,39
1,<environment.Job instance at 0x7f584aca6280>,28,12,[11  4],29,-1,51,-1,39
1,<environment.Job instance at 0x7f584aca6500>,29,17,[ 2 11],30,-1,56,-1,39
1,<environment.Job instance at 0x7f584aca6140>,31,26,[ 3 11],32,-1,65,-1,39
1,<environment.Job instance at 0x7f584aca6be0>,26,28,[2 9],27,-1,72,-1,44
1,<environment.Job instance at 0x7f584aca62d0>,30,25,[2 8],31,-1,69,-1,44
1,<environment.Job instance at 0x7f584aca6690>,35,23,[ 4 13],36,-1,67,-1,44
1,<environment.Job instance at 0x7f584a619f00>,38,14,[ 2 11],39,-1,68,-1,54
1,<environment.Job instance at 0x7f584a6190f0>,39,28,[11  5],40,-1,82,-1,54
1,<environment.Job instance at 0x7f584a619a00>,42,13,[ 3 11],43,-1,75,-1,62
1,<environment.Job instance at 0x7f584acdc960>,44,21,[ 4 14],45,-1,87,-1,66
1,<environment.Job instance at 0x7f584acdceb0>,46,18,[12  5],47,-1,92,-1,74
1,<environment.Job instance at 0x7f584a619820>,41,24,[5 9],42,-1,101,-1,77
1,<environment.Job instance at 0x7f584acdc410>,48,15,[12  5],49,-1,92,-1,77
1,<environment.Job instance at 0x7f584acdc820>,49,28,[13  5],50,-1,105,-1,77
1,<environment.Job instance at 0x7f584acdc460>,52,25,[ 3 12],53,-1,108,-1,83
1,<environment.Job instance at 0x7f584acdcdc0>,53,13,[11  1],54,-1,96,-1,83
1,<environment.Job instance at 0x7f584acdcaf0>,54,20,[13  2],55,-1,103,-1,83
1,<environment.Job instance at 0x7f584acdc140>,55,13,[ 2 14],56,-1,96,-1,83
1,<environment.Job instance at 0x7f584ac9ab40>,57,20,[ 1 11],58,-1,110,-1,90
1,<environment.Job instance at 0x7f584a9e9500>,60,18,[ 3 11],61,-1,108,-1,90
1,<environment.Job instance at 0x7f5849caaaf0>,61,24,[14  5],62,-1,114,-1,90
1,<environment.Job instance at 0x7f585391e6e0>,63,18,[14  3],64,-1,122,-1,104
1,<environment.Job instance at 0x7f585391ee60>,64,20,[14  1],65,-1,124,-1,104
1,<environment.Job instance at 0x7f5849a5f320>,65,14,[ 1 11],66,-1,118,-1,104
1,<environment.Job instance at 0x7f584a8c15a0>,66,12,[ 1 11],67,-1,116,-1,104
1,<environment.Job instance at 0x7f584a9de960>,67,12,[ 5 12],68,-1,116,-1,104
1,<environment.Job instance at 0x7f584a7d5c30>,68,19,[11  1],69,-1,123,-1,104
1,<environment.Job instance at 0x7f5849b7dcd0>,69,24,[5 3],70,-1,128,-1,104
1,<environment.Job instance at 0x7f5849b11e10>,70,13,[ 2 11],71,-1,117,-1,104
1,<environment.Job instance at 0x7f584a0bb190>,73,16,[ 1 13],74,-1,120,-1,104
1,<environment.Job instance at 0x7f584a533dc0>,76,24,[13  4],77,-1,141,-1,117
1,<environment.Job instance at 0x7f584a001870>,77,21,[ 1 12],78,-1,138,-1,117
1,<environment.Job instance at 0x7f584a001820>,78,25,[4 8],79,-1,145,-1,120
1,<environment.Job instance at 0x7fc26738fb90>,2,20,[7 4],3,-1,23,-1,3
1,<environment.Job instance at 0x7fc2709d9870>,3,13,[12  4],4,-1,17,-1,4
1,<environment.Job instance at 0x7fc26738f960>,5,24,[ 2 14],6,-1,30,-1,6
1,<environment.Job instance at 0x7fc267387910>,6,15,[ 2 14],7,-1,22,-1,7
1,<environment.Job instance at 0x7fc267387c30>,8,20,[ 4 13],9,-1,29,-1,9
1,<environment.Job instance at 0x7fc2673877d0>,9,16,[12  1],10,-1,26,-1,10
1,<environment.Job instance at 0x7fc267387410>,4,24,[7 2],5,-1,42,-1,18
1,<environment.Job instance at 0x7fc267387050>,12,28,[ 1 14],13,-1,46,-1,18
1,<environment.Job instance at 0x7fc267531aa0>,14,15,[14  4],15,-1,33,-1,18
1,<environment.Job instance at 0x7fc2675307d0>,15,20,[ 3 12],16,-1,38,-1,18
1,<environment.Job instance at 0x7fc2709d9780>,1,24,[10  1],2,-1,47,-1,23
1,<environment.Job instance at 0x7fc2675140a0>,17,19,[12  4],18,-1,42,-1,23
1,<environment.Job instance at 0x7fc267513b90>,18,18,[13  1],19,-1,41,-1,23
1,<environment.Job instance at 0x7fc267453d20>,19,23,[8 4],20,-1,46,-1,23
1,<environment.Job instance at 0x7fc267453780>,20,17,[ 2 14],21,-1,40,-1,23
1,<environment.Job instance at 0x7fc2675ae4b0>,21,14,[ 4 11],22,-1,37,-1,23
1,<environment.Job instance at 0x7fc267387a50>,7,26,[9 3],8,-1,49,-1,23
1,<environment.Job instance at 0x7fc267530c30>,16,28,[5 1],17,-1,51,-1,23
1,<environment.Job instance at 0x7fc2674b4730>,23,16,[12  2],24,-1,40,-1,24
1,<environment.Job instance at 0x7fc2674857d0>,27,17,[ 4 12],28,-1,50,-1,33
1,<environment.Job instance at 0x7fc2674af370>,28,17,[ 1 13],29,-1,50,-1,33
1,<environment.Job instance at 0x7fc267516a00>,29,24,[ 4 13],30,-1,57,-1,33
1,<environment.Job instance at 0x7fc267516f50>,30,26,[11  4],31,-1,59,-1,33
1,<environment.Job instance at 0x7fc2674ab640>,31,28,[ 2 10],32,-1,61,-1,33
1,<environment.Job instance at 0x7fc2674ba0f0>,25,24,[5 7],26,-1,57,-1,33
1,<environment.Job instance at 0x7fc2674af460>,33,28,[6 4],34,-1,64,-1,36
1,<environment.Job instance at 0x7fc267537f00>,34,24,[5 5],35,-1,60,-1,36
1,<environment.Job instance at 0x7fc267537500>,37,14,[ 5 14],38,-1,52,-1,38
1,<environment.Job instance at 0x7fc267434f00>,38,24,[13  2],39,-1,63,-1,39
1,<environment.Job instance at 0x7fc267434690>,40,26,[ 1 14],41,-1,71,-1,45
1,<environment.Job instance at 0x7fc26749baa0>,42,12,[ 5 12],43,-1,57,-1,45
1,<environment.Job instance at 0x7fc26749b050>,44,12,[11  3],45,-1,64,-1,52
1,<environment.Job instance at 0x7fc26749bdc0>,45,12,[ 3 14],46,-1,64,-1,52
1,<environment.Job instance at 0x7fc2674519b0>,47,14,[12  2],48,-1,71,-1,57
1,<environment.Job instance at 0x7fc267451730>,48,14,[ 1 11],49,-1,71,-1,57
1,<environment.Job instance at 0x7fc267451230>,50,13,[ 4 12],51,-1,81,-1,68
1,<environment.Job instance at 0x7fc267451af0>,52,21,[14  2],53,-1,89,-1,68
1,<environment.Job instance at 0x7fc2674514b0>,55,12,[ 2 12],56,-1,99,-1,87
1,<environment.Job instance at 0x7fc2674e57d0>,57,16,[ 2 11],58,-1,104,-1,88
1,<environment.Job instance at 0x7fc267451b90>,58,17,[ 3 13],59,-1,105,-1,88
1,<environment.Job instance at 0x7fc26749de10>,60,28,[2 6],61,-1,116,-1,88
1,<environment.Job instance at 0x7fc26753cdc0>,61,23,[13  5],62,-1,111,-1,88
1,<environment.Job instance at 0x7fc26753cf50>,62,14,[ 4 11],63,-1,102,-1,88
1,<environment.Job instance at 0x7fc267423870>,64,24,[2 8],65,-1,112,-1,88
1,<environment.Job instance at 0x7fc2674a9fa0>,65,26,[5 5],66,-1,126,-1,100
1,<environment.Job instance at 0x7fc2674a9550>,66,17,[ 4 12],67,-1,117,-1,100
1,<environment.Job instance at 0x7fc26744c1e0>,69,26,[1 7],70,-1,126,-1,100
1,<environment.Job instance at 0x7fc26744c640>,72,28,[11  1],73,-1,141,-1,113
1,<environment.Job instance at 0x7fc266ae14b0>,0,24,[6 5],1,-1,25,-1,1
1,<environment.Job instance at 0x7fc266b98f00>,0,24,[6 5],1,-1,25,-1,1
1,<environment.Job instance at 0x7fc266b98820>,2,23,[ 3 11],3,-1,26,-1,3
1,<environment.Job instance at 0x7fc266b3ff50>,3,14,[ 3 12],4,-1,18,-1,4
1,<environment.Job instance at 0x7fc266bf6410>,4,15,[ 2 13],5,-1,20,-1,5
1,<environment.Job instance at 0x7fc266b3f690>,5,26,[7 2],6,-1,32,-1,6
1,<environment.Job instance at 0x7fc266b47550>,6,20,[13  4],7,-1,27,-1,7
1,<environment.Job instance at 0x7fc266b4fd70>,10,24,[ 2 13],11,-1,35,-1,11
1,<environment.Job instance at 0x7fc266b476e0>,9,28,[3 8],10,-1,43,-1,15
1,<environment.Job instance at 0x7fc266bbbaf0>,14,26,[12  4],15,-1,41,-1,15
1,<environment.Job instance at 0x7fc266bbb5a0>,17,25,[ 3 13],18,-1,43,-1,18
1,<environment.Job instance at 0x7fc266b53e10>,18,24,[12  5],19,-1,43,-1,19
1,<environment.Job instance at 0x7fc266b53d70>,19,25,[ 2 11],20,-1,45,-1,20
1,<environment.Job instance at 0x7fc266b4f1e0>,11,28,[7 1],12,-1,57,-1,29
1,<environment.Job instance at 0x7fc266b53050>,21,23,[ 3 14],22,-1,52,-1,29
1,<environment.Job instance at 0x7fc266b56730>,23,17,[13  1],24,-1,46,-1,29
1,<environment.Job instance at 0x7fc266bbbc30>,13,27,[9 2],14,-1,56,-1,29
1,<environment.Job instance at 0x7fc266bacdc0>,25,16,[11  3],26,-1,45,-1,29
1,<environment.Job instance at 0x7fc266bacc80>,26,24,[13  4],27,-1,53,-1,29
1,<environment.Job instance at 0x7fc266bacf50>,27,18,[14  2],28,-1,47,-1,29
1,<environment.Job instance at 0x7fc266bbbc80>,20,26,[5 4],21,-1,55,-1,29
1,<environment.Job instance at 0x7fc266bacc30>,29,17,[14  3],30,-1,47,-1,30
1,<environment.Job instance at 0x7fc266b5d960>,30,24,[ 4 11],31,-1,55,-1,31
1,<environment.Job instance at 0x7fc266b5db90>,34,25,[14  5],35,-1,67,-1,42
1,<environment.Job instance at 0x7fc266b5d8c0>,35,24,[3 7],36,-1,71,-1,47
1,<environment.Job instance at 0x7fc266b4b8c0>,37,17,[11  1],38,-1,64,-1,47
1,<environment.Job instance at 0x7fc266b4b320>,38,27,[ 3 13],39,-1,74,-1,47
1,<environment.Job instance at 0x7fc266b6a820>,41,19,[11  4],42,-1,66,-1,47
1,<environment.Job instance at 0x7fc266b6a960>,40,26,[3 9],41,-1,86,-1,60
1,<environment.Job instance at 0x7fc266b59eb0>,43,25,[13  2],44,-1,85,-1,60
1,<environment.Job instance at 0x7fc266b59460>,44,23,[6 4],45,-1,83,-1,60
1,<environment.Job instance at 0x7fc266b59f00>,45,22,[12  2],46,-1,82,-1,60
1,<environment.Job instance at 0x7fc266b6a8c0>,42,24,[4 9],43,-1,84,-1,60
1,<environment.Job instance at 0x7fc266d27640>,48,13,[ 3 11],49,-1,73,-1,60
1,<environment.Job instance at 0x7fc266cdb5a0>,49,14,[14  1],50,-1,74,-1,60
1,<environment.Job instance at 0x7fc266b61820>,50,14,[12  1],51,-1,74,-1,60
1,<environment.Job instance at 0x7fc266b614b0>,51,17,[12  4],52,-1,77,-1,60
1,<environment.Job instance at 0x7fc266bfb3c0>,54,16,[ 4 14],55,-1,82,-1,66
1,<environment.Job instance at 0x7fc266caa640>,59,14,[14  2],60,-1,95,-1,81
1,<environment.Job instance at 0x7fc266b67320>,60,13,[12  2],61,-1,94,-1,81
1,<environment.Job instance at 0x7fc266b8a7d0>,61,27,[3 6],62,-1,108,-1,81
1,<environment.Job instance at 0x7fc266afd140>,65,13,[12  2],66,-1,109,-1,96
1,<environment.Job instance at 0x7fc266bb4780>,67,14,[11  1],68,-1,112,-1,98
1,<environment.Job instance at 0x7fc266bb4c30>,68,24,[12  2],69,-1,122,-1,98
1,<environment.Job instance at 0x7fc266bb40f0>,69,20,[12  3],70,-1,118,-1,98
1,<environment.Job instance at 0x7fc266b04eb0>,71,15,[11  5],72,-1,126,-1,111
1,<environment.Job instance at 0x7fc266b040a0>,72,19,[14  4],73,-1,130,-1,111
1,<environment.Job instance at 0x7fc266bb4dc0>,73,17,[ 3 12],74,-1,128,-1,111
1,<environment.Job instance at 0x7fc266b920f0>,75,19,[ 4 14],76,-1,133,-1,114
1,<environment.Job instance at 0x7fc266b92aa0>,76,16,[ 5 12],77,-1,130,-1,114
1,<environment.Job instance at 0x7fc266b92a00>,77,21,[ 1 12],78,-1,135,-1,114
1,<environment.Job instance at 0x7fc266bedb40>,78,16,[ 1 14],79,-1,130,-1,114
1,<environment.Job instance at 0x7fc266c71280>,79,18,[ 1 14],80,-1,132,-1,114
1,<environment.Job instance at 0x7fc266b92b90>,80,23,[1 9],81,-1,143,-1,120
1,<environment.Job instance at 0x7fc266b924b0>,81,17,[14  5],82,-1,137,-1,120
1,<environment.Job instance at 0x7fc266b90550>,82,25,[4 8],83,-1,145,-1,120
1,<environment.Job instance at 0x7fc266b0aeb0>,83,25,[11  3],84,-1,145,-1,120
1,<environment.Job instance at 0x7fc266b0a410>,84,15,[14  2],85,-1,135,-1,120
1,<environment.Job instance at 0x7fc266b0afa0>,85,18,[11  1],86,-1,138,-1,120
1,<environment.Job instance at 0x7fc266b07820>,87,17,[12  1],88,-1,145,-1,128
1,<environment.Job instance at 0x7fc266b079b0>,88,20,[12  2],89,-1,148,-1,128
1,<environment.Job instance at 0x7fc270b49a00>,3,20,[ 4 10],4,-1,25,-1,5
1,<environment.Job instance at 0x7fc270b49c30>,5,23,[3 6],6,-1,29,-1,6
1,<environment.Job instance at 0x7fc270b49690>,6,17,[ 5 10],7,-1,24,-1,7
1,<environment.Job instance at 0x7fc270b49140>,7,28,[ 3 11],8,-1,43,-1,15
1,<environment.Job instance at 0x7fc266992b90>,14,25,[11  5],15,-1,40,-1,15
1,<environment.Job instance at 0x7fc266992690>,16,22,[12  5],17,-1,39,-1,17
1,<environment.Job instance at 0x7fc270b493c0>,13,24,[ 5 13],14,-1,41,-1,17
1,<environment.Job instance at 0x7fc266992e60>,18,12,[5 8],19,-1,31,-1,19
1,<environment.Job instance at 0x7fc270b49730>,11,14,[12  2],12,-1,63,-1,49
1,<environment.Job instance at 0x7fc266992dc0>,23,18,[9 5],24,-1,69,-1,51
1,<environment.Job instance at 0x7fc266992f00>,25,14,[ 3 14],26,-1,65,-1,51
1,<environment.Job instance at 0x7fc266994640>,26,17,[13  5],27,-1,68,-1,51
1,<environment.Job instance at 0x7fc266994c80>,27,13,[ 5 14],28,-1,64,-1,51
1,<environment.Job instance at 0x7fc266994dc0>,28,25,[4 5],29,-1,76,-1,51
1,<environment.Job instance at 0x7fc2669946e0>,29,16,[11  3],30,-1,68,-1,52
1,<environment.Job instance at 0x7fc266994280>,31,12,[12  3],32,-1,65,-1,53
1,<environment.Job instance at 0x7fc266992e10>,24,18,[1 7],25,-1,71,-1,53
1,<environment.Job instance at 0x7fc2669928c0>,22,28,[14  3],23,-1,86,-1,58
1,<environment.Job instance at 0x7fc266994e10>,32,28,[6 3],33,-1,86,-1,58
1,<environment.Job instance at 0x7fc266994e60>,36,13,[14  5],37,-1,72,-1,59
1,<environment.Job instance at 0x7fc266994780>,35,27,[12  4],36,-1,86,-1,59
1,<environment.Job instance at 0x7fc2669942d0>,37,16,[ 5 11],38,-1,75,-1,59
1,<environment.Job instance at 0x7fc2669948c0>,30,14,[7 1],31,-1,73,-1,59
1,<environment.Job instance at 0x7fc266995e10>,40,14,[3 7],41,-1,73,-1,59
1,<environment.Job instance at 0x7fc266995be0>,41,15,[13  3],42,-1,74,-1,59
1,<environment.Job instance at 0x7fc266995500>,42,28,[11  2],43,-1,87,-1,59
1,<environment.Job instance at 0x7fc266995e60>,43,24,[7 5],44,-1,83,-1,59
1,<environment.Job instance at 0x7fc266992eb0>,17,15,[13  2],18,-1,74,-1,59
1,<environment.Job instance at 0x7fc266994d20>,39,19,[ 3 11],40,-1,78,-1,59
1,<environment.Job instance at 0x7fc270b49320>,9,27,[9 5],10,-1,86,-1,59
1,<environment.Job instance at 0x7fc266995b40>,44,16,[ 4 10],45,-1,75,-1,59
1,<environment.Job instance at 0x7fc266995190>,46,27,[ 4 13],47,-1,86,-1,59
1,<environment.Job instance at 0x7fc266995eb0>,47,28,[ 1 14],48,-1,87,-1,59
1,<environment.Job instance at 0x7fc266995cd0>,50,28,[7 4],51,-1,104,-1,76
1,<environment.Job instance at 0x7fc266995a00>,51,27,[4 6],52,-1,103,-1,76
1,<environment.Job instance at 0x7fc2669952d0>,48,12,[13  4],49,-1,88,-1,76
1,<environment.Job instance at 0x7fc266995230>,45,20,[5 8],46,-1,96,-1,76
1,<environment.Job instance at 0x7fc270b49910>,12,26,[ 4 12],13,-1,102,-1,76
1,<environment.Job instance at 0x7fc2669958c0>,53,20,[4 9],54,-1,100,-1,80
1,<environment.Job instance at 0x7fc2669c6500>,56,21,[10  5],57,-1,105,-1,84
1,<environment.Job instance at 0x7fc2669c69b0>,57,28,[11  5],58,-1,115,-1,87
1,<environment.Job instance at 0x7fc266995960>,52,13,[2 9],53,-1,100,-1,87
1,<environment.Job instance at 0x7fc2669c6050>,61,26,[6 2],62,-1,113,-1,87
1,<environment.Job instance at 0x7fc266995780>,54,12,[2 7],55,-1,99,-1,87
1,<environment.Job instance at 0x7fc2669c6780>,63,17,[5 9],64,-1,118,-1,101
1,<environment.Job instance at 0x7fc2669c6870>,65,21,[ 4 14],66,-1,124,-1,103
1,<environment.Job instance at 0x7fc266994af0>,38,23,[4 8],39,-1,160,-1,137
1,<environment.Job instance at 0x7fc2669c62d0>,58,25,[14  5],59,-1,162,-1,137
1,<environment.Job instance at 0x7fc2669c6be0>,66,28,[5 6],67,-1,165,-1,137
1,<environment.Job instance at 0x7fc266a166e0>,72,27,[1 8],73,-1,164,-1,137
1,<environment.Job instance at 0x7fc266a16af0>,74,20,[14  3],75,-1,157,-1,137
1,<environment.Job instance at 0x7fc266a16780>,73,26,[7 4],74,-1,163,-1,137
1,<environment.Job instance at 0x7fc2669c6410>,70,23,[ 4 11],71,-1,160,-1,137
1,<environment.Job instance at 0x7fc266a16820>,76,24,[6 3],77,-1,161,-1,137
1,<environment.Job instance at 0x7fc266a16640>,79,12,[6 4],80,-1,149,-1,137
1,<environment.Job instance at 0x7fc266a16410>,80,28,[8 2],81,-1,165,-1,137
1,<environment.Job instance at 0x7fc266a16b90>,81,26,[14  3],82,-1,164,-1,138
1,<environment.Job instance at 0x7fc266d27640>,0,20,[11  2],1,-1,21,-1,1
1,<environment.Job instance at 0x7fc266d1aa00>,1,26,[2 8],2,-1,28,-1,2
1,<environment.Job instance at 0x7fc267822aa0>,4,15,[11  2],5,-1,20,-1,5
1,<environment.Job instance at 0x7fc267c87e10>,5,23,[3 6],6,-1,29,-1,6
1,<environment.Job instance at 0x7fc267e7e0f0>,7,28,[ 3 11],8,-1,36,-1,8
1,<environment.Job instance at 0x7fc267b6ecd0>,8,27,[14  1],9,-1,36,-1,9
1,<environment.Job instance at 0x7fc267ee7730>,9,27,[9 5],10,-1,37,-1,10
1,<environment.Job instance at 0x7fc2677a1cd0>,11,14,[12  2],12,-1,26,-1,12
1,<environment.Job instance at 0x7fc267121320>,12,26,[ 4 12],13,-1,39,-1,13
1,<environment.Job instance at 0x7fc267121b90>,13,24,[ 5 13],14,-1,38,-1,14
1,<environment.Job instance at 0x7fc266de0d70>,14,25,[11  5],15,-1,40,-1,15
1,<environment.Job instance at 0x7fc266de0aa0>,16,22,[12  5],17,-1,39,-1,17
1,<environment.Job instance at 0x7fc266de0d20>,15,23,[3 6],16,-1,41,-1,18
1,<environment.Job instance at 0x7fc266cb7a50>,17,15,[13  2],18,-1,33,-1,18
1,<environment.Job instance at 0x7fc267c7c320>,21,15,[14  2],22,-1,37,-1,22
1,<environment.Job instance at 0x7fc266e3fdc0>,22,28,[14  3],23,-1,51,-1,23
1,<environment.Job instance at 0x7fc266e3f5f0>,25,14,[ 3 14],26,-1,49,-1,35
1,<environment.Job instance at 0x7fc266e3f870>,26,17,[13  5],27,-1,52,-1,35
1,<environment.Job instance at 0x7fc266e3f7d0>,27,13,[ 5 14],28,-1,48,-1,35
1,<environment.Job instance at 0x7fc26721eaa0>,29,16,[11  3],30,-1,51,-1,35
1,<environment.Job instance at 0x7fc26721e1e0>,28,25,[4 5],29,-1,61,-1,36
1,<environment.Job instance at 0x7fc2729868c0>,31,12,[12  3],32,-1,48,-1,36
1,<environment.Job instance at 0x7fc266eb2500>,32,28,[6 3],33,-1,75,-1,47
1,<environment.Job instance at 0x7fc266eb24b0>,33,23,[ 1 11],34,-1,70,-1,47
1,<environment.Job instance at 0x7fc267f2b370>,35,27,[12  4],36,-1,74,-1,47
1,<environment.Job instance at 0x7fc267270690>,36,13,[14  5],37,-1,60,-1,47
1,<environment.Job instance at 0x7fc267270960>,37,16,[ 5 11],38,-1,63,-1,47
1,<environment.Job instance at 0x7fc2705ae3c0>,39,19,[ 3 11],40,-1,66,-1,47
1,<environment.Job instance at 0x7fc26748c460>,41,15,[13  3],42,-1,63,-1,48
1,<environment.Job instance at 0x7fc2677a9870>,42,28,[11  2],43,-1,76,-1,48
1,<environment.Job instance at 0x7fc266b3b8c0>,43,24,[7 5],44,-1,83,-1,59
1,<environment.Job instance at 0x7fc2705aeb40>,38,23,[4 8],39,-1,88,-1,65
1,<environment.Job instance at 0x7fc266db15a0>,46,27,[ 4 13],47,-1,92,-1,65
1,<environment.Job instance at 0x7fc266db1fa0>,47,28,[ 1 14],48,-1,93,-1,65
1,<environment.Job instance at 0x7fc266dace60>,48,12,[13  4],49,-1,77,-1,65
1,<environment.Job instance at 0x7fc266dacd20>,49,12,[ 5 12],50,-1,77,-1,65
1,<environment.Job instance at 0x7fc266db1f00>,50,28,[7 4],51,-1,93,-1,65
1,<environment.Job instance at 0x7fc266c21050>,51,27,[4 6],52,-1,92,-1,65
1,<environment.Job instance at 0x7fc267160aa0>,55,27,[12  5],56,-1,100,-1,73
1,<environment.Job instance at 0x7fc266c21820>,57,28,[11  5],58,-1,101,-1,73
1,<environment.Job instance at 0x7fc266db5690>,58,25,[14  5],59,-1,98,-1,73
1,<environment.Job instance at 0x7fc266db52d0>,59,26,[14  1],60,-1,99,-1,73
1,<environment.Job instance at 0x7fc266db5410>,60,17,[12  2],61,-1,90,-1,73
1,<environment.Job instance at 0x7fc266bc1500>,62,23,[5 8],63,-1,106,-1,83
1,<environment.Job instance at 0x7fc266bc1820>,61,26,[6 2],62,-1,109,-1,83
1,<environment.Job instance at 0x7fc2671a7640>,65,21,[ 4 14],66,-1,104,-1,83
1,<environment.Job instance at 0x7fc2671a7140>,66,28,[5 6],67,-1,111,-1,83
1,<environment.Job instance at 0x7fc266c16730>,67,20,[ 2 11],68,-1,103,-1,83
1,<environment.Job instance at 0x7fc266c16fa0>,68,13,[12  1],69,-1,96,-1,83
1,<environment.Job instance at 0x7fc2671eb2d0>,69,12,[14  3],70,-1,95,-1,83
1,<environment.Job instance at 0x7fc2671ebcd0>,70,23,[ 4 11],71,-1,106,-1,83
1,<environment.Job instance at 0x7fc266db0be0>,71,14,[ 2 14],72,-1,97,-1,83
1,<environment.Job instance at 0x7fc266db0140>,72,27,[1 8],73,-1,112,-1,85
1,<environment.Job instance at 0x7fc267b6ce10>,73,26,[7 4],74,-1,111,-1,85
1,<environment.Job instance at 0x7fc267b6c8c0>,74,20,[14  3],75,-1,105,-1,85
1,<environment.Job instance at 0x7fc266ddb2d0>,75,25,[5 2],76,-1,110,-1,85
1,<environment.Job instance at 0x7fc266ddb4b0>,76,24,[6 3],77,-1,109,-1,85
1,<environment.Job instance at 0x7fc266c5be10>,77,25,[ 2 14],78,-1,110,-1,85
1,<environment.Job instance at 0x7fc266c5bdc0>,80,28,[8 2],81,-1,126,-1,98
1,<environment.Job instance at 0x7fc266c5bbe0>,81,26,[14  3],82,-1,124,-1,98
1,<environment.Job instance at 0x7fc266c02870>,82,27,[12  1],83,-1,125,-1,98
1,<environment.Job instance at 0x7fc266c5b280>,83,27,[ 3 11],84,-1,125,-1,98
1,<environment.Job instance at 0x7fc266c02780>,84,15,[ 3 13],85,-1,113,-1,98
1,<environment.Job instance at 0x7fc266d6a550>,85,21,[ 5 12],86,-1,119,-1,98
1,<environment.Job instance at 0x7fc266d6a140>,87,23,[9 5],88,-1,135,-1,112
1,<environment.Job instance at 0x7fc266e9ea50>,91,25,[12  5],92,-1,137,-1,112
1,<environment.Job instance at 0x7fc266c95690>,92,24,[6 4],93,-1,136,-1,112
1,<environment.Job instance at 0x7fc266c95c30>,93,19,[ 2 11],94,-1,131,-1,112
1,<environment.Job instance at 0x7fc266c95550>,94,23,[13  3],95,-1,135,-1,112
1,<environment.Job instance at 0x7fc266ca7f00>,97,25,[4 9],98,-1,149,-1,124
1,<environment.Job instance at 0x7fc266c3f500>,98,26,[6 1],99,-1,150,-1,124
1,<environment.Job instance at 0x7fc266c3fe60>,99,28,[5 9],100,-1,152,-1,124
1,<environment.Job instance at 0x7fc266ddd140>,100,24,[4 8],101,-1,148,-1,124
1,<environment.Job instance at 0x7fc266dddeb0>,102,23,[10  5],103,-1,156,-1,133
1,<environment.Job instance at 0x7fc266ddd5f0>,103,24,[12  1],104,-1,157,-1,133
1,<environment.Job instance at 0x7fc266a87730>,104,17,[12  4],105,-1,150,-1,133
1,<environment.Job instance at 0x7fc266be55f0>,106,27,[13  3],107,-1,160,-1,133
1,<environment.Job instance at 0x7fc266c0be10>,108,17,[ 1 11],109,-1,155,-1,138
1,<environment.Job instance at 0x7fc2669b3870>,0,27,[9 5],1,-1,28,-1,1
1,<environment.Job instance at 0x7fc266e22500>,5,21,[ 4 10],6,-1,28,-1,7
1,<environment.Job instance at 0x7fc266d31eb0>,0,27,[9 5],1,-1,28,-1,1
1,<environment.Job instance at 0x7fc266d31af0>,1,22,[13  5],2,-1,24,-1,2
1,<environment.Job instance at 0x7fc266d31d20>,2,14,[ 3 13],3,-1,17,-1,3
1,<environment.Job instance at 0x7fc266d36500>,3,26,[14  2],4,-1,30,-1,4
1,<environment.Job instance at 0x7fc266d36af0>,4,13,[13  4],5,-1,18,-1,5
1,<environment.Job instance at 0x7fc266a87a00>,7,25,[11  1],8,-1,33,-1,8
1,<environment.Job instance at 0x7fc266dddb40>,8,19,[13  3],9,-1,28,-1,9
1,<environment.Job instance at 0x7fc266ddd5f0>,10,25,[13  4],11,-1,36,-1,11
1,<environment.Job instance at 0x7fc266e9e820>,13,18,[ 2 13],14,-1,32,-1,14
1,<environment.Job instance at 0x7fc267b6c8c0>,17,14,[12  2],18,-1,37,-1,23
1,<environment.Job instance at 0x7fc267b6ce10>,18,17,[12  4],19,-1,40,-1,23
1,<environment.Job instance at 0x7fc266ddb410>,19,25,[6 4],20,-1,48,-1,23
1,<environment.Job instance at 0x7fc266a87d20>,6,23,[2 8],7,-1,50,-1,27
1,<environment.Job instance at 0x7fc266db0140>,22,18,[ 2 13],23,-1,45,-1,27
1,<environment.Job instance at 0x7fc266ddb4b0>,23,14,[14  2],24,-1,41,-1,27
1,<environment.Job instance at 0x7fc2671eb410>,24,27,[ 1 12],25,-1,54,-1,27
1,<environment.Job instance at 0x7fc266db5050>,25,15,[13  4],26,-1,42,-1,27
1,<environment.Job instance at 0x7fc266db53c0>,26,24,[ 4 14],27,-1,51,-1,27
1,<environment.Job instance at 0x7fc267160d70>,28,16,[12  5],29,-1,45,-1,29
1,<environment.Job instance at 0x7fc266dace60>,31,19,[ 4 14],32,-1,51,-1,32
1,<environment.Job instance at 0x7fc266dacd20>,30,23,[3 9],31,-1,58,-1,35
1,<environment.Job instance at 0x7fc266db1f00>,33,26,[10  3],34,-1,61,-1,35
1,<environment.Job instance at 0x7fc266db1fa0>,34,17,[14  3],35,-1,52,-1,35
1,<environment.Job instance at 0x7fc266b3bd70>,38,22,[ 4 12],39,-1,64,-1,42
1,<environment.Job instance at 0x7fc2705ae550>,39,25,[8 2],40,-1,81,-1,56
1,<environment.Job instance at 0x7fc267270690>,41,27,[6 4],42,-1,83,-1,56
1,<environment.Job instance at 0x7fc267f2b370>,45,12,[12  2],46,-1,82,-1,70
1,<environment.Job instance at 0x7fc266eb25a0>,46,12,[14  2],47,-1,82,-1,70
1,<environment.Job instance at 0x7fc266eb2500>,48,13,[14  5],49,-1,83,-1,70
1,<environment.Job instance at 0x7fc266e3f9b0>,49,25,[13  3],50,-1,95,-1,70
1,<environment.Job instance at 0x7fc266e3f870>,50,14,[ 1 14],51,-1,84,-1,70
1,<environment.Job instance at 0x7fc266e3ff50>,52,12,[ 2 13],53,-1,90,-1,78
1,<environment.Job instance at 0x7fc267f0ee10>,53,22,[13  3],54,-1,100,-1,78
1,<environment.Job instance at 0x7fc266d6f820>,58,18,[11  4],59,-1,130,-1,112
1,<environment.Job instance at 0x7fc267ee7460>,59,24,[10  3],60,-1,144,-1,120
1,<environment.Job instance at 0x7fc266d1aa00>,60,18,[11  2],61,-1,138,-1,120
1,<environment.Job instance at 0x7fc2671ee2d0>,61,20,[ 3 14],62,-1,140,-1,120
1,<environment.Job instance at 0x7fc267c87e10>,62,24,[14  5],63,-1,144,-1,120
1,<environment.Job instance at 0x7fc267c87460>,63,24,[14  5],64,-1,144,-1,120
1,<environment.Job instance at 0x7fc2669b3910>,64,12,[ 4 11],65,-1,132,-1,120
1,<environment.Job instance at 0x7fc266ed1b90>,65,22,[ 3 14],66,-1,142,-1,120
1,<environment.Job instance at 0x7fc266ed1d20>,66,14,[ 1 13],67,-1,134,-1,120
1,<environment.Job instance at 0x7fc266ed1f00>,67,16,[13  5],68,-1,136,-1,120
1,<environment.Job instance at 0x7fc266ed16e0>,68,25,[5 3],69,-1,145,-1,120
1,<environment.Job instance at 0x7fc266f33690>,70,22,[ 3 14],71,-1,142,-1,120
1,<environment.Job instance at 0x7fc266f33410>,72,14,[13  1],73,-1,134,-1,120
1,<environment.Job instance at 0x7fc266f332d0>,73,27,[ 4 14],74,-1,147,-1,120
1,<environment.Job instance at 0x7fc267203a50>,5,18,[14  5],6,-1,24,-1,6
1,<environment.Job instance at 0x7fc267203190>,6,13,[ 5 11],7,-1,20,-1,7
1,<environment.Job instance at 0x7fc267205190>,8,13,[10  1],9,-1,23,-1,10
1,<environment.Job instance at 0x7fc2672050a0>,10,28,[ 5 10],11,-1,39,-1,11
1,<environment.Job instance at 0x7fc266988820>,1,22,[ 4 12],2,-1,24,-1,2
1,<environment.Job instance at 0x7fc266988e60>,4,27,[12  1],5,-1,32,-1,5
1,<environment.Job instance at 0x7fc266988cd0>,5,18,[14  5],6,-1,24,-1,6
1,<environment.Job instance at 0x7fc266988910>,6,13,[ 5 11],7,-1,20,-1,7
1,<environment.Job instance at 0x7fc266988690>,7,27,[12  2],8,-1,35,-1,8
1,<environment.Job instance at 0x7fc266dcc550>,11,27,[11  5],12,-1,39,-1,12
1,<environment.Job instance at 0x7fc266dccd70>,12,23,[14  5],13,-1,36,-1,13
1,<environment.Job instance at 0x7fc266dcc730>,13,16,[12  4],14,-1,30,-1,14
1,<environment.Job instance at 0x7fc266dcc280>,15,27,[12  4],16,-1,43,-1,16
1,<environment.Job instance at 0x7fc266dcc2d0>,16,20,[ 5 12],17,-1,37,-1,17
1,<environment.Job instance at 0x7fc266dcce10>,17,28,[12  4],18,-1,46,-1,18
1,<environment.Job instance at 0x7fc266dccb90>,18,16,[ 1 14],19,-1,35,-1,19
1,<environment.Job instance at 0x7fc266dccdc0>,9,27,[5 1],10,-1,49,-1,22
1,<environment.Job instance at 0x7fc266dccb40>,21,28,[13  3],22,-1,50,-1,22
1,<environment.Job instance at 0x7fc2672ddf50>,22,22,[ 3 11],23,-1,45,-1,23
1,<environment.Job instance at 0x7fc2672dd640>,23,21,[ 2 13],24,-1,45,-1,24
1,<environment.Job instance at 0x7fc266dcc640>,25,26,[13  3],26,-1,52,-1,26
1,<environment.Job instance at 0x7fc266988e10>,10,28,[ 5 10],11,-1,60,-1,32
1,<environment.Job instance at 0x7fc266f28b90>,26,24,[8 2],27,-1,56,-1,32
1,<environment.Job instance at 0x7fc266f28320>,28,12,[11  1],29,-1,44,-1,32
1,<environment.Job instance at 0x7fc266f28af0>,29,17,[11  3],30,-1,49,-1,32
1,<environment.Job instance at 0x7fc266f28b40>,30,16,[12  1],31,-1,48,-1,32
1,<environment.Job instance at 0x7fc266f30460>,31,15,[ 4 13],32,-1,47,-1,32
1,<environment.Job instance at 0x7fc266f30960>,32,28,[13  1],33,-1,61,-1,33
1,<environment.Job instance at 0x7fc266f30640>,33,24,[ 4 13],34,-1,58,-1,34
1,<environment.Job instance at 0x7fc270a2ddc0>,34,18,[ 1 11],35,-1,53,-1,35
1,<environment.Job instance at 0x7fc267297280>,36,14,[12  5],37,-1,51,-1,37
1,<environment.Job instance at 0x7fc270a2d820>,37,21,[13  2],38,-1,59,-1,38
1,<environment.Job instance at 0x7fc270a37c30>,39,28,[13  2],40,-1,68,-1,40
1,<environment.Job instance at 0x7fc270a372d0>,41,24,[2 6],42,-1,70,-1,46
1,<environment.Job instance at 0x7fc266ecb1e0>,42,13,[ 5 12],43,-1,59,-1,46
1,<environment.Job instance at 0x7fc266ecb280>,43,20,[ 2 11],44,-1,66,-1,46
1,<environment.Job instance at 0x7fc266f38b40>,45,14,[11  2],46,-1,60,-1,46
1,<environment.Job instance at 0x7fc266ed6af0>,50,25,[ 5 14],51,-1,85,-1,60
1,<environment.Job instance at 0x7fc266ed63c0>,51,17,[ 1 13],52,-1,77,-1,60
1,<environment.Job instance at 0x7fc266f330f0>,52,16,[ 1 13],53,-1,76,-1,60
1,<environment.Job instance at 0x7fc266f330a0>,55,25,[3 9],56,-1,99,-1,74
1,<environment.Job instance at 0x7fc266ed6690>,47,25,[3 7],48,-1,99,-1,74
1,<environment.Job instance at 0x7fc266ec66e0>,57,13,[ 1 13],58,-1,87,-1,74
1,<environment.Job instance at 0x7fc266f33dc0>,58,28,[3 6],59,-1,102,-1,74
1,<environment.Job instance at 0x7fc266f33690>,59,12,[ 4 11],60,-1,86,-1,74
1,<environment.Job instance at 0x7fc266f339b0>,53,28,[2 7],54,-1,102,-1,74
1,<environment.Job instance at 0x7fc266ed1cd0>,62,22,[ 5 12],63,-1,96,-1,74
1,<environment.Job instance at 0x7fc266ed1d20>,63,17,[13  5],64,-1,91,-1,74
1,<environment.Job instance at 0x7fc2671ee2d0>,65,13,[12  4],66,-1,87,-1,74
1,<environment.Job instance at 0x7fc267e7e0f0>,70,14,[ 4 13],71,-1,114,-1,100
1,<environment.Job instance at 0x7fc267b6ecd0>,71,23,[ 5 12],72,-1,123,-1,100
1,<environment.Job instance at 0x7fc267c7c410>,74,13,[13  5],75,-1,116,-1,103
1,<environment.Job instance at 0x7fc266e3f870>,76,18,[ 4 14],77,-1,131,-1,113
1,<environment.Job instance at 0x7fc267f0ee10>,73,27,[ 5 10],74,-1,159,-1,132
1,<environment.Job instance at 0x7fc266eb25a0>,79,17,[12  2],80,-1,149,-1,132
1,<environment.Job instance at 0x7fc266988960>,7,26,[6 3],8,-1,36,-1,10
1,<environment.Job instance at 0x7fc267ed7500>,10,15,[11  4],11,-1,26,-1,11
1,<environment.Job instance at 0x7fc267ed7690>,11,13,[5 6],12,-1,25,-1,12
1,<environment.Job instance at 0x7fc2671b92d0>,1,18,[ 1 12],2,-1,20,-1,2
1,<environment.Job instance at 0x7fc267203c30>,2,24,[6 3],3,-1,27,-1,3
1,<environment.Job instance at 0x7fc266db1eb0>,3,16,[13  4],4,-1,20,-1,4
1,<environment.Job instance at 0x7fc266db1f00>,4,12,[ 5 11],5,-1,17,-1,5
1,<environment.Job instance at 0x7fc2708d1f00>,6,19,[ 2 11],7,-1,26,-1,7
1,<environment.Job instance at 0x7fc2678394b0>,8,23,[11  4],9,-1,32,-1,9
1,<environment.Job instance at 0x7fc270a2d2d0>,9,27,[13  2],10,-1,37,-1,10
1,<environment.Job instance at 0x7fc270a2db90>,10,15,[11  4],11,-1,26,-1,11
1,<environment.Job instance at 0x7fc2672dd8c0>,12,26,[14  3],13,-1,39,-1,13
1,<environment.Job instance at 0x7fc2672dd730>,13,17,[14  4],14,-1,31,-1,14
1,<environment.Job instance at 0x7fc266db10a0>,7,26,[6 3],8,-1,42,-1,16
1,<environment.Job instance at 0x7fc266988910>,15,17,[11  2],16,-1,33,-1,16
1,<environment.Job instance at 0x7fc270a2d820>,16,12,[12  5],17,-1,29,-1,17
1,<environment.Job instance at 0x7fc266988e60>,17,22,[11  3],18,-1,40,-1,18
1,<environment.Job instance at 0x7fc267eba730>,23,13,[13  3],24,-1,37,-1,24
1,<environment.Job instance at 0x7fc266988c30>,24,25,[ 1 14],25,-1,50,-1,25
1,<environment.Job instance at 0x7fc267ece960>,25,19,[13  1],26,-1,45,-1,26
1,<environment.Job instance at 0x7fc267ece8c0>,26,15,[12  3],27,-1,42,-1,27
1,<environment.Job instance at 0x7fc267eceeb0>,27,24,[ 1 11],28,-1,52,-1,28
1,<environment.Job instance at 0x7fc266988aa0>,29,26,[5 5],30,-1,63,-1,37
1,<environment.Job instance at 0x7fc267ece780>,28,27,[10  4],29,-1,68,-1,41
1,<environment.Job instance at 0x7fc266dc0d20>,31,19,[13  1],32,-1,60,-1,41
1,<environment.Job instance at 0x7fc266dc0960>,32,16,[11  1],33,-1,57,-1,41
1,<environment.Job instance at 0x7fc266dc0820>,33,28,[ 4 11],34,-1,69,-1,41
1,<environment.Job instance at 0x7fc266dc0140>,35,24,[13  5],36,-1,65,-1,41
1,<environment.Job instance at 0x7fc266dbd820>,36,26,[12  1],37,-1,67,-1,41
1,<environment.Job instance at 0x7fc266d636e0>,22,23,[8 3],23,-1,64,-1,41
1,<environment.Job instance at 0x7fc266dbd500>,39,17,[ 2 13],40,-1,58,-1,41
1,<environment.Job instance at 0x7fc266d5c050>,20,23,[2 9],21,-1,74,-1,51
1,<environment.Job instance at 0x7fc266dbda00>,43,15,[14  1],44,-1,66,-1,51
1,<environment.Job instance at 0x7fc266dbd460>,41,26,[7 1],42,-1,79,-1,53
1,<environment.Job instance at 0x7fc266dbd5a0>,45,17,[14  2],46,-1,70,-1,53
1,<environment.Job instance at 0x7fc266dbdbe0>,46,20,[11  4],47,-1,73,-1,53
1,<environment.Job instance at 0x7fc266dbd320>,50,14,[ 4 13],51,-1,78,-1,64
1,<environment.Job instance at 0x7fc266dbd8c0>,51,23,[ 5 14],52,-1,87,-1,64
1,<environment.Job instance at 0x7fc266dbd050>,52,23,[13  5],53,-1,87,-1,64
1,<environment.Job instance at 0x7fc266ddedc0>,53,22,[ 2 14],54,-1,86,-1,64
1,<environment.Job instance at 0x7fc266dde370>,54,17,[13  4],55,-1,81,-1,64
1,<environment.Job instance at 0x7fc266dbdcd0>,49,23,[5 6],50,-1,87,-1,64
1,<environment.Job instance at 0x7fc266ddea00>,57,24,[ 4 13],58,-1,88,-1,64
1,<environment.Job instance at 0x7fc266ddea50>,58,28,[12  2],59,-1,92,-1,64
1,<environment.Job instance at 0x7fc266dde2d0>,56,23,[9 1],57,-1,90,-1,67
1,<environment.Job instance at 0x7fc266dde550>,62,14,[12  1],63,-1,81,-1,67
1,<environment.Job instance at 0x7fc266ddefa0>,64,25,[10  1],65,-1,104,-1,79
1,<environment.Job instance at 0x7fc266ddec30>,65,13,[ 5 11],66,-1,92,-1,79
1,<environment.Job instance at 0x7fc266ddeb90>,66,12,[ 3 14],67,-1,91,-1,79
1,<environment.Job instance at 0x7fc266dde820>,68,13,[ 2 13],69,-1,92,-1,79
1,<environment.Job instance at 0x7fc266e0d6e0>,69,14,[13  2],70,-1,93,-1,79
1,<environment.Job instance at 0x7fc266e0db90>,70,18,[11  2],71,-1,97,-1,79
1,<environment.Job instance at 0x7fc266e0d050>,72,20,[ 2 12],73,-1,111,-1,91
1,<environment.Job instance at 0x7fc266e0daa0>,73,20,[13  1],74,-1,111,-1,91
1,<environment.Job instance at 0x7fc266e0deb0>,71,25,[ 1 10],72,-1,118,-1,93
1,<environment.Job instance at 0x7fc266e0d3c0>,76,26,[3 7],77,-1,119,-1,93
1,<environment.Job instance at 0x7fc266e0d0f0>,80,25,[12  2],81,-1,131,-1,106
1,<environment.Job instance at 0x7fc266e0ddc0>,81,22,[11  3],82,-1,128,-1,106
1,<environment.Job instance at 0x7fc266e0d370>,82,24,[12  5],83,-1,130,-1,106
1,<environment.Job instance at 0x7fc266e0d9b0>,83,26,[ 5 10],84,-1,142,-1,116
1,<environment.Job instance at 0x7fc266e0da00>,85,28,[12  2],86,-1,144,-1,116
1,<environment.Job instance at 0x7fc266e0d1e0>,86,21,[ 4 12],87,-1,137,-1,116
1,<environment.Job instance at 0x7fc266e0d690>,87,26,[ 4 12],88,-1,142,-1,116
1,<environment.Job instance at 0x7fc266e0d190>,89,13,[11  2],90,-1,129,-1,116
1,<environment.Job instance at 0x7fc266e0dcd0>,90,13,[ 5 13],91,-1,129,-1,116
1,<environment.Job instance at 0x7fc267099aa0>,93,23,[ 4 13],94,-1,153,-1,130
1,<environment.Job instance at 0x7fc267099640>,94,13,[ 5 14],95,-1,143,-1,130
1,<environment.Job instance at 0x7fc267099b90>,96,22,[13  1],97,-1,160,-1,138
1,<environment.Job instance at 0x7fc267099fa0>,98,27,[ 1 13],99,-1,165,-1,138
1,<environment.Job instance at 0x7fc267099230>,99,17,[ 5 12],100,-1,155,-1,138
1,<environment.Job instance at 0x7fc267b65b90>,0,18,[7 4],1,-1,19,-1,1
1,<environment.Job instance at 0x7fc267319d70>,1,26,[5 3],2,-1,28,-1,2
1,<environment.Job instance at 0x7fc267975c80>,6,20,[2 9],7,-1,27,-1,7
1,<environment.Job instance at 0x7fc267991280>,8,24,[4 6],9,-1,33,-1,9
1,<environment.Job instance at 0x7fc267991dc0>,10,20,[12  3],11,-1,43,-1,23
1,<environment.Job instance at 0x7fc267991c80>,16,17,[12  3],17,-1,48,-1,31
1,<environment.Job instance at 0x7fc267991e60>,15,16,[ 2 13],16,-1,47,-1,31
1,<environment.Job instance at 0x7fc2679912d0>,17,14,[14  1],18,-1,45,-1,31
1,<environment.Job instance at 0x7fc2708cf780>,1,26,[5 3],2,-1,28,-1,2
1,<environment.Job instance at 0x7fc267312eb0>,2,27,[13  5],3,-1,30,-1,3
1,<environment.Job instance at 0x7fc266d44460>,3,28,[ 3 14],4,-1,32,-1,4
1,<environment.Job instance at 0x7fc267312190>,4,21,[ 4 11],5,-1,26,-1,5
1,<environment.Job instance at 0x7fc266fad960>,5,18,[ 3 12],6,-1,24,-1,6
1,<environment.Job instance at 0x7fc267099dc0>,7,26,[14  5],8,-1,34,-1,8
1,<environment.Job instance at 0x7fc267312dc0>,9,18,[13  1],10,-1,28,-1,10
1,<environment.Job instance at 0x7fc2670990f0>,10,20,[12  3],11,-1,31,-1,11
1,<environment.Job instance at 0x7fc267099870>,11,17,[ 5 14],12,-1,29,-1,12
1,<environment.Job instance at 0x7fc267099b90>,13,24,[5 1],14,-1,38,-1,14
1,<environment.Job instance at 0x7fc267099fa0>,15,16,[ 2 13],16,-1,32,-1,16
1,<environment.Job instance at 0x7fc2670991e0>,16,17,[12  3],17,-1,34,-1,17
1,<environment.Job instance at 0x7fc2670993c0>,17,14,[14  1],18,-1,32,-1,18
1,<environment.Job instance at 0x7fc267099140>,8,24,[4 6],9,-1,43,-1,19
1,<environment.Job instance at 0x7fc2670998c0>,12,24,[8 5],13,-1,43,-1,19
1,<environment.Job instance at 0x7fc266e0d910>,21,14,[11  5],22,-1,36,-1,22
1,<environment.Job instance at 0x7fc266e0d1e0>,22,24,[ 4 12],23,-1,47,-1,23
1,<environment.Job instance at 0x7fc267099190>,24,25,[12  2],25,-1,50,-1,25
1,<environment.Job instance at 0x7fc267099cd0>,19,26,[3 6],20,-1,53,-1,27
1,<environment.Job instance at 0x7fc266e0d190>,23,23,[1 6],24,-1,50,-1,27
1,<environment.Job instance at 0x7fc266e0d7d0>,26,24,[13  1],27,-1,51,-1,27
1,<environment.Job instance at 0x7fc266e0d5a0>,27,13,[11  1],28,-1,41,-1,28
1,<environment.Job instance at 0x7fc266e0d820>,29,16,[13  1],30,-1,46,-1,30
1,<environment.Job instance at 0x7fc266e0dc80>,32,21,[11  4],33,-1,54,-1,33
1,<environment.Job instance at 0x7fc266e0de60>,33,13,[13  5],34,-1,47,-1,34
1,<environment.Job instance at 0x7fc266e0d140>,34,16,[ 5 13],35,-1,51,-1,35
1,<environment.Job instance at 0x7fc266e0de10>,37,12,[14  2],38,-1,63,-1,51
1,<environment.Job instance at 0x7fc266e0db90>,38,23,[5 5],39,-1,74,-1,51
1,<environment.Job instance at 0x7fc266e0da50>,39,23,[ 3 13],40,-1,74,-1,51
1,<environment.Job instance at 0x7fc266e0d870>,40,14,[ 4 12],41,-1,65,-1,51
1,<environment.Job instance at 0x7fc266dde820>,43,13,[13  2],44,-1,64,-1,51
1,<environment.Job instance at 0x7fc266dde6e0>,44,18,[13  5],45,-1,69,-1,51
1,<environment.Job instance at 0x7fc266ddec30>,45,26,[2 5],46,-1,77,-1,51
1,<environment.Job instance at 0x7fc2670999b0>,18,25,[ 4 10],19,-1,77,-1,52
1,<environment.Job instance at 0x7fc266dde730>,48,16,[11  2],49,-1,68,-1,52
1,<environment.Job instance at 0x7fc266e0daa0>,35,27,[ 1 10],36,-1,79,-1,52
1,<environment.Job instance at 0x7fc266dde9b0>,50,23,[4 9],51,-1,75,-1,52
1,<environment.Job instance at 0x7fc266dde640>,51,24,[5 2],52,-1,76,-1,52
1,<environment.Job instance at 0x7fc266dde370>,53,17,[ 1 14],54,-1,80,-1,63
1,<environment.Job instance at 0x7fc266ddeaa0>,54,25,[ 2 11],55,-1,88,-1,63
1,<environment.Job instance at 0x7fc266dde4b0>,55,19,[11  3],56,-1,82,-1,63
1,<environment.Job instance at 0x7fc266dde0a0>,49,28,[8 2],50,-1,91,-1,63
1,<environment.Job instance at 0x7fc266dbdcd0>,60,13,[ 1 12],61,-1,81,-1,68
1,<environment.Job instance at 0x7fc266dbdb90>,61,16,[ 2 12],62,-1,84,-1,68
1,<environment.Job instance at 0x7fc266dbdd20>,62,27,[ 3 11],63,-1,95,-1,68
1,<environment.Job instance at 0x7fc266dbd960>,63,21,[ 3 13],64,-1,89,-1,68
1,<environment.Job instance at 0x7fc266dbd460>,65,21,[ 4 14],66,-1,89,-1,68
1,<environment.Job instance at 0x7fc266dbd640>,66,13,[14  2],67,-1,81,-1,68
1,<environment.Job instance at 0x7fc266dbde10>,67,16,[ 4 14],68,-1,84,-1,68
1,<environment.Job instance at 0x7fc266dbd280>,59,24,[6 2],60,-1,99,-1,75
1,<environment.Job instance at 0x7fc266dbda00>,69,14,[13  3],70,-1,89,-1,75
1,<environment.Job instance at 0x7fc266dbd410>,70,24,[3 9],71,-1,106,-1,82
1,<environment.Job instance at 0x7fc266dbd820>,72,17,[ 3 11],73,-1,99,-1,82
1,<environment.Job instance at 0x7fc266dbd4b0>,74,27,[1 9],75,-1,109,-1,82
1,<environment.Job instance at 0x7fc2672ddc80>,75,25,[ 2 12],76,-1,107,-1,82
1,<environment.Job instance at 0x7fc2672dde10>,76,27,[1 6],77,-1,109,-1,82
1,<environment.Job instance at 0x7fc2672dd0a0>,77,27,[8 5],78,-1,109,-1,82
1,<environment.Job instance at 0x7fc270a2d2d0>,79,17,[ 1 11],80,-1,100,-1,83
1,<environment.Job instance at 0x7fc270a2ddc0>,80,13,[ 3 14],81,-1,96,-1,83
1,<environment.Job instance at 0x7fc266dd40a0>,83,16,[11  2],84,-1,113,-1,97
1,<environment.Job instance at 0x7fc266db1f00>,84,27,[5 2],85,-1,130,-1,103
1,<environment.Job instance at 0x7fc266db15f0>,85,13,[13  5],86,-1,116,-1,103
1,<environment.Job instance at 0x7fc2670927d0>,86,17,[13  3],87,-1,120,-1,103
1,<environment.Job instance at 0x7fc2670928c0>,87,26,[10  5],88,-1,129,-1,103
1,<environment.Job instance at 0x7fc267092960>,88,13,[14  3],89,-1,116,-1,103
1,<environment.Job instance at 0x7fc266c16050>,89,26,[ 2 12],90,-1,129,-1,103
1,<environment.Job instance at 0x7fc2729868c0>,90,26,[4 5],91,-1,129,-1,103
1,<environment.Job instance at 0x7fc267161cd0>,92,24,[4 6],93,-1,138,-1,114
1,<environment.Job instance at 0x7fc267161190>,93,15,[ 2 13],94,-1,129,-1,114
1,<environment.Job instance at 0x7fc266b3f730>,94,18,[11  2],95,-1,132,-1,114
1,<environment.Job instance at 0x7fc2673d82d0>,97,18,[14  1],98,-1,137,-1,119
1,<environment.Job instance at 0x7fc267aaf4b0>,98,23,[ 1 11],99,-1,142,-1,119
1,<environment.Job instance at 0x7fc267aaf1e0>,99,19,[ 3 12],100,-1,138,-1,119
1,<environment.Job instance at 0x7fc266aaedc0>,0,15,[9 1],1,-1,17,-1,2
1,<environment.Job instance at 0x7fc267340c80>,1,19,[14  4],2,-1,21,-1,2
1,<environment.Job instance at 0x7fc266aae0a0>,2,18,[8 1],3,-1,23,-1,5
1,<environment.Job instance at 0x7fc266aaec80>,5,23,[ 3 10],6,-1,29,-1,6
1,<environment.Job instance at 0x7fc266aae9b0>,6,20,[10  4],7,-1,27,-1,7
1,<environment.Job instance at 0x7fc266aae190>,7,23,[9 5],8,-1,31,-1,8
1,<environment.Job instance at 0x7fc266aaec30>,9,21,[7 5],10,-1,31,-1,10
1,<environment.Job instance at 0x7fc266aae4b0>,13,27,[1 7],14,-1,41,-1,14
1,<environment.Job instance at 0x7fc266aae6e0>,14,18,[6 3],15,-1,33,-1,15
1,<environment.Job instance at 0x7fc266aaeeb0>,21,25,[9 1],22,-1,67,-1,42
1,<environment.Job instance at 0x7fc266aae230>,23,14,[13  1],24,-1,56,-1,42
1,<environment.Job instance at 0x7fc267644640>,26,21,[10  1],27,-1,89,-1,68
1,<environment.Job instance at 0x7fc266aaed70>,22,17,[ 5 14],23,-1,85,-1,68
1,<environment.Job instance at 0x7fc2676447d0>,30,24,[ 3 12],31,-1,92,-1,68
1,<environment.Job instance at 0x7fc267644780>,31,19,[7 3],32,-1,87,-1,68
1,<environment.Job instance at 0x7fc2676444b0>,27,18,[ 1 14],28,-1,86,-1,68
1,<environment.Job instance at 0x7fc2676446e0>,33,28,[14  2],34,-1,96,-1,68
1,<environment.Job instance at 0x7fc267644eb0>,28,16,[12  4],29,-1,84,-1,68
1,<environment.Job instance at 0x7fc267644730>,32,12,[10  4],33,-1,80,-1,68
1,<environment.Job instance at 0x7fc267644e60>,36,22,[ 5 14],37,-1,90,-1,68
1,<environment.Job instance at 0x7fc267644960>,37,26,[8 5],38,-1,94,-1,68
1,<environment.Job instance at 0x7fc2676440a0>,38,15,[2 5],39,-1,83,-1,68
1,<environment.Job instance at 0x7fc267644d70>,35,13,[ 5 12],36,-1,82,-1,69
1,<environment.Job instance at 0x7fc2676443c0>,40,13,[13  5],41,-1,83,-1,70
1,<environment.Job instance at 0x7fc2676449b0>,34,16,[2 5],35,-1,87,-1,71
1,<environment.Job instance at 0x7fc267644a00>,42,23,[ 3 14],43,-1,98,-1,75
1,<environment.Job instance at 0x7fc267644820>,44,17,[2 9],45,-1,93,-1,76
1,<environment.Job instance at 0x7fc267644370>,45,15,[ 2 13],46,-1,91,-1,76
1,<environment.Job instance at 0x7fc267ef98c0>,46,18,[12  1],47,-1,94,-1,76
1,<environment.Job instance at 0x7fc267ef9d20>,47,17,[8 4],48,-1,93,-1,76
1,<environment.Job instance at 0x7fc2676442d0>,43,16,[13  3],44,-1,92,-1,76
1,<environment.Job instance at 0x7fc267ef9b90>,48,28,[ 4 12],49,-1,104,-1,76
1,<environment.Job instance at 0x7fc269fde730>,1,19,[14  4],2,-1,21,-1,2
1,<environment.Job instance at 0x7fc2729868c0>,4,14,[ 5 13],5,-1,19,-1,5
1,<environment.Job instance at 0x7fc267b73d70>,5,23,[ 3 10],6,-1,29,-1,6
1,<environment.Job instance at 0x7fc270a2d2d0>,8,27,[ 5 12],9,-1,36,-1,9
1,<environment.Job instance at 0x7fc266e4caf0>,3,24,[9 1],4,-1,40,-1,16
1,<environment.Job instance at 0x7fc270a2d870>,10,27,[ 3 13],11,-1,43,-1,16
1,<environment.Job instance at 0x7fc266e0d500>,12,18,[11  3],13,-1,34,-1,16
1,<environment.Job instance at 0x7fc266e0df50>,13,27,[1 7],14,-1,43,-1,16
1,<environment.Job instance at 0x7fc2709164b0>,7,23,[9 5],8,-1,39,-1,16
1,<environment.Job instance at 0x7fc266e0de10>,15,18,[ 3 12],16,-1,34,-1,16
1,<environment.Job instance at 0x7fc266e0dc80>,19,15,[ 4 13],20,-1,44,-1,29
1,<environment.Job instance at 0x7fc266e0d370>,21,25,[9 1],22,-1,59,-1,34
1,<environment.Job instance at 0x7fc266e0d820>,22,17,[ 5 14],23,-1,51,-1,34
1,<environment.Job instance at 0x7fc266e0d4b0>,23,14,[13  1],24,-1,48,-1,34
1,<environment.Job instance at 0x7fc266e0d7d0>,25,15,[ 5 14],26,-1,49,-1,34
1,<environment.Job instance at 0x7fc266e0daf0>,27,18,[ 1 14],28,-1,52,-1,34
1,<environment.Job instance at 0x7fc266e0d230>,28,16,[12  4],29,-1,50,-1,34
1,<environment.Job instance at 0x7fc266e0dcd0>,30,24,[ 3 12],31,-1,58,-1,34
1,<environment.Job instance at 0x7fc267099cd0>,33,28,[14  2],34,-1,70,-1,42
1,<environment.Job instance at 0x7fc2670990a0>,35,13,[ 5 12],36,-1,55,-1,42
1,<environment.Job instance at 0x7fc2670997d0>,36,22,[ 5 14],37,-1,64,-1,42
1,<environment.Job instance at 0x7fc267099f50>,37,26,[8 5],38,-1,95,-1,69
1,<environment.Job instance at 0x7fc267099a50>,40,13,[13  5],41,-1,82,-1,69
1,<environment.Job instance at 0x7fc267099140>,41,14,[ 2 13],42,-1,83,-1,69
1,<environment.Job instance at 0x7fc266daf5a0>,42,23,[ 3 14],43,-1,92,-1,69
1,<environment.Job instance at 0x7fc266d44460>,43,16,[13  3],44,-1,85,-1,69
1,<environment.Job instance at 0x7fc266c3d320>,45,15,[ 2 13],46,-1,84,-1,69
1,<environment.Job instance at 0x7fc266aae2d0>,46,18,[12  1],47,-1,87,-1,69
1,<environment.Job instance at 0x7fc267ef9960>,48,28,[ 4 12],49,-1,101,-1,73
1,<environment.Job instance at 0x7fc2676c4780>,51,24,[ 5 14],52,-1,111,-1,87
1,<environment.Job instance at 0x7fc267c68190>,52,27,[11  1],53,-1,114,-1,87
1,<environment.Job instance at 0x7fc267cfda00>,54,16,[ 1 14],55,-1,103,-1,87
1,<environment.Job instance at 0x7fc267b812d0>,55,18,[13  3],56,-1,105,-1,87
1,<environment.Job instance at 0x7fc267340c30>,59,13,[ 5 14],60,-1,114,-1,101
1,<environment.Job instance at 0x7fc267340d20>,60,17,[ 5 13],61,-1,118,-1,101
1,<environment.Job instance at 0x7fc267765050>,61,27,[11  5],62,-1,128,-1,101
1,<environment.Job instance at 0x7fc267765780>,63,12,[11  1],64,-1,122,-1,110
1,<environment.Job instance at 0x7fc267765640>,65,14,[ 5 13],66,-1,132,-1,118
1,<environment.Job instance at 0x7fc267765320>,66,13,[ 2 14],67,-1,131,-1,118
1,<environment.Job instance at 0x7fc267765d20>,68,28,[1 7],69,-1,155,-1,127
1,<environment.Job instance at 0x7fc266c16d70>,69,24,[5 1],70,-1,151,-1,127
1,<environment.Job instance at 0x7fc2677654b0>,70,15,[ 3 13],71,-1,142,-1,127
1,<environment.Job instance at 0x7fc266d67b90>,71,12,[ 3 14],72,-1,139,-1,127
1,<environment.Job instance at 0x7fc2670bde60>,72,27,[6 5],73,-1,154,-1,127
1,<environment.Job instance at 0x7fc267530410>,75,17,[14  4],76,-1,150,-1,133
1,<environment.Job instance at 0x7fc266723410>,4,22,[8 3],5,-1,28,-1,6
1,<environment.Job instance at 0x7fc266723eb0>,10,20,[13  2],11,-1,36,-1,16
1,<environment.Job instance at 0x7fc266723050>,14,18,[14  4],15,-1,35,-1,17
1,<environment.Job instance at 0x7fc2676cb3c0>,1,21,[12  1],2,-1,23,-1,2
1,<environment.Job instance at 0x7fc2676d53c0>,3,16,[11  3],4,-1,20,-1,4
1,<environment.Job instance at 0x7fc26729e5a0>,5,18,[11  2],6,-1,24,-1,6
1,<environment.Job instance at 0x7fc26737a410>,6,16,[ 4 13],7,-1,23,-1,7
1,<environment.Job instance at 0x7fc26737a190>,7,17,[11  3],8,-1,25,-1,8
1,<environment.Job instance at 0x7fc26737ab90>,8,23,[11  2],9,-1,32,-1,9
1,<environment.Job instance at 0x7fc2676bc960>,10,20,[13  2],11,-1,31,-1,11
1,<environment.Job instance at 0x7fc26737aa50>,12,23,[ 3 13],13,-1,36,-1,13
1,<environment.Job instance at 0x7fc26736a6e0>,14,18,[14  4],15,-1,33,-1,15
1,<environment.Job instance at 0x7fc26736a370>,17,23,[9 2],18,-1,43,-1,20
1,<environment.Job instance at 0x7fc267367b40>,18,26,[11  2],19,-1,46,-1,20
1,<environment.Job instance at 0x7fc267367aa0>,19,27,[14  4],20,-1,47,-1,20
1,<environment.Job instance at 0x7fc26736af00>,13,26,[3 8],14,-1,46,-1,20
1,<environment.Job instance at 0x7fc26710eaa0>,21,26,[13  2],22,-1,48,-1,22
1,<environment.Job instance at 0x7fc26736b960>,22,27,[11  3],23,-1,50,-1,23
1,<environment.Job instance at 0x7fc2672afbe0>,23,16,[14  4],24,-1,40,-1,24
1,<environment.Job instance at 0x7fc26736b910>,24,27,[ 1 14],25,-1,52,-1,25
1,<environment.Job instance at 0x7fc2673687d0>,25,21,[ 3 11],26,-1,47,-1,26
1,<environment.Job instance at 0x7fc2673688c0>,26,20,[13  1],27,-1,47,-1,27
1,<environment.Job instance at 0x7fc2673680f0>,28,22,[12  2],29,-1,51,-1,29
1,<environment.Job instance at 0x7fc267368960>,29,27,[7 4],30,-1,62,-1,35
1,<environment.Job instance at 0x7fc266a636e0>,30,25,[9 5],31,-1,60,-1,35
1,<environment.Job instance at 0x7fc2672911e0>,33,26,[14  5],34,-1,61,-1,35
1,<environment.Job instance at 0x7fc267291280>,34,12,[11  4],35,-1,47,-1,35
1,<environment.Job instance at 0x7fc267291f50>,35,26,[14  3],36,-1,62,-1,36
1,<environment.Job instance at 0x7fc266a45910>,36,17,[ 5 11],37,-1,54,-1,37
1,<environment.Job instance at 0x7fc266a45cd0>,37,26,[ 2 11],38,-1,64,-1,38
1,<environment.Job instance at 0x7fc266a459b0>,39,18,[14  4],40,-1,61,-1,43
1,<environment.Job instance at 0x7fc266a4b7d0>,43,24,[4 7],44,-1,99,-1,75
1,<environment.Job instance at 0x7fc266a68be0>,45,21,[ 4 11],46,-1,96,-1,75
1,<environment.Job instance at 0x7fc266a68140>,47,18,[13  3],48,-1,98,-1,80
1,<environment.Job instance at 0x7fc266a682d0>,48,23,[ 4 12],49,-1,103,-1,80
1,<environment.Job instance at 0x7fc266a68eb0>,49,26,[ 4 14],50,-1,106,-1,80
1,<environment.Job instance at 0x7fc266a68d70>,50,15,[ 1 14],51,-1,95,-1,80
1,<environment.Job instance at 0x7fc26734e640>,51,14,[11  2],52,-1,94,-1,80
1,<environment.Job instance at 0x7fc26734e5f0>,52,13,[13  4],53,-1,93,-1,80
1,<environment.Job instance at 0x7fc2670a05a0>,54,27,[ 4 13],55,-1,118,-1,91
1,<environment.Job instance at 0x7fc267232cd0>,55,23,[ 4 12],56,-1,114,-1,91
1,<environment.Job instance at 0x7fc266a53a50>,56,15,[ 4 12],57,-1,106,-1,91
1,<environment.Job instance at 0x7fc2679bbe60>,58,23,[ 5 11],59,-1,117,-1,94
1,<environment.Job instance at 0x7fc267f08fa0>,59,28,[13  3],60,-1,122,-1,94
1,<environment.Job instance at 0x7fc267231370>,60,27,[3 8],61,-1,135,-1,108
1,<environment.Job instance at 0x7fc2669307d0>,61,23,[ 5 11],62,-1,131,-1,108
1,<environment.Job instance at 0x7fc2676bde10>,65,17,[ 2 14],66,-1,138,-1,121
1,<environment.Job instance at 0x7fc2676bdb90>,66,22,[ 1 14],67,-1,143,-1,121
1,<environment.Job instance at 0x7fc2676bd690>,67,12,[11  5],68,-1,133,-1,121
1,<environment.Job instance at 0x7fc2676bd960>,68,17,[ 3 14],69,-1,138,-1,121
1,<environment.Job instance at 0x7fc2676bdfa0>,70,27,[ 4 12],71,-1,148,-1,121
1,<environment.Job instance at 0x7fc2676bdcd0>,72,17,[ 4 13],73,-1,150,-1,133
1,<environment.Job instance at 0x7fc26728fe10>,74,17,[ 4 11],75,-1,150,-1,133
1,<environment.Job instance at 0x7fc266c144b0>,75,23,[ 1 11],76,-1,156,-1,133
1,<environment.Job instance at 0x7fc26728f820>,76,14,[11  1],77,-1,147,-1,133
1,<environment.Job instance at 0x7fc26728f7d0>,77,23,[ 2 11],78,-1,156,-1,133
1,<environment.Job instance at 0x7fc2670cbe10>,78,21,[ 1 11],79,-1,154,-1,133
1,<environment.Job instance at 0x7fc266ce54b0>,79,23,[ 2 14],80,-1,156,-1,133
1,<environment.Job instance at 0x7fc2676419b0>,80,28,[5 5],81,-1,161,-1,133
1,<environment.Job instance at 0x7fc267641fa0>,81,21,[ 4 13],82,-1,154,-1,133
1,<environment.Job instance at 0x7fc267e291e0>,82,15,[13  2],83,-1,148,-1,133
1,<environment.Job instance at 0x7fc267e298c0>,83,23,[ 5 11],84,-1,156,-1,133
1,<environment.Job instance at 0x7fc266a428c0>,84,26,[ 5 11],85,-1,159,-1,133
1,<environment.Job instance at 0x7fc266a429b0>,86,18,[13  2],87,-1,151,-1,133
1,<environment.Job instance at 0x7fc267ced230>,87,27,[12  5],88,-1,160,-1,133
1,<environment.Job instance at 0x7fc267ceda50>,88,19,[11  4],89,-1,152,-1,133
1,<environment.Job instance at 0x7fc267f054b0>,89,22,[ 2 11],90,-1,155,-1,133
1,<environment.Job instance at 0x7fc267f05730>,92,12,[ 4 14],93,-1,145,-1,133
1,<environment.Job instance at 0x7fc2669290f0>,94,18,[14  1],95,-1,157,-1,139
1,<environment.Job instance at 0x7fc267294c30>,0,24,[14  4],1,-1,25,-1,1
1,<environment.Job instance at 0x7fc267294690>,1,13,[14  5],2,-1,15,-1,2
1,<environment.Job instance at 0x7fc267294be0>,2,27,[8 4],3,-1,30,-1,3
1,<environment.Job instance at 0x7fc267a63f50>,4,23,[6 1],5,-1,28,-1,5
1,<environment.Job instance at 0x7fc267a63460>,5,23,[ 5 12],6,-1,29,-1,6
1,<environment.Job instance at 0x7fc267294f50>,6,24,[5 9],7,-1,31,-1,7
1,<environment.Job instance at 0x7fc2673bb140>,7,17,[ 3 13],8,-1,25,-1,8
1,<environment.Job instance at 0x7fc2669c6d20>,8,25,[12  2],9,-1,34,-1,9
1,<environment.Job instance at 0x7fc2673bb690>,9,17,[ 1 14],10,-1,27,-1,10
1,<environment.Job instance at 0x7fc26733e190>,10,25,[12  3],11,-1,36,-1,11
1,<environment.Job instance at 0x7fc26733e230>,11,27,[ 4 11],12,-1,39,-1,12
1,<environment.Job instance at 0x7fc267285140>,12,23,[12  4],13,-1,36,-1,13
1,<environment.Job instance at 0x7fc2672850f0>,13,27,[7 5],14,-1,41,-1,14
1,<environment.Job instance at 0x7fc267285050>,15,25,[ 3 11],16,-1,41,-1,16
1,<environment.Job instance at 0x7fc267285af0>,16,21,[ 4 11],17,-1,38,-1,17
1,<environment.Job instance at 0x7fc26738b190>,18,25,[ 1 12],19,-1,44,-1,19
1,<environment.Job instance at 0x7fc267285190>,17,28,[2 8],18,-1,48,-1,20
1,<environment.Job instance at 0x7fc267a90460>,19,16,[ 5 13],20,-1,36,-1,20
1,<environment.Job instance at 0x7fc2673bbd20>,20,23,[5 5],21,-1,44,-1,21
1,<environment.Job instance at 0x7fc266929f50>,21,26,[14  4],22,-1,48,-1,22
1,<environment.Job instance at 0x7fc266929d70>,22,25,[2 8],23,-1,48,-1,23
1,<environment.Job instance at 0x7fc266929dc0>,24,25,[4 7],25,-1,50,-1,25
1,<environment.Job instance at 0x7fc2673990a0>,25,25,[11  5],26,-1,51,-1,26
1,<environment.Job instance at 0x7fc26738ba00>,26,23,[14  2],27,-1,50,-1,27
1,<environment.Job instance at 0x7fc267399730>,27,28,[ 4 11],28,-1,56,-1,28
1,<environment.Job instance at 0x7fc266a42d70>,29,18,[11  1],30,-1,48,-1,30
1,<environment.Job instance at 0x7fc267ceda50>,31,24,[ 3 14],32,-1,56,-1,32
1,<environment.Job instance at 0x7fc2670cbe10>,33,27,[ 3 12],34,-1,61,-1,34
1,<environment.Job instance at 0x7fc266c144b0>,35,25,[ 5 12],36,-1,61,-1,36
1,<environment.Job instance at 0x7fc266ce54b0>,32,28,[5 4],33,-1,65,-1,37
1,<environment.Job instance at 0x7fc26728f7d0>,36,24,[7 4],37,-1,61,-1,37
1,<environment.Job instance at 0x7fc2676bd3c0>,40,16,[11  1],41,-1,57,-1,41
1,<environment.Job instance at 0x7fc2676bd280>,41,16,[ 1 12],42,-1,58,-1,42
1,<environment.Job instance at 0x7fc267e29e60>,39,27,[4 5],40,-1,72,-1,45
1,<environment.Job instance at 0x7fc2676bd820>,45,18,[ 1 12],46,-1,73,-1,55
1,<environment.Job instance at 0x7fc2676bd050>,47,14,[12  5],48,-1,69,-1,55
1,<environment.Job instance at 0x7fc2676bdd70>,43,25,[8 4],44,-1,80,-1,55
1,<environment.Job instance at 0x7fc2679498c0>,50,25,[8 3],51,-1,80,-1,55
1,<environment.Job instance at 0x7fc267f08fa0>,51,22,[13  5],52,-1,77,-1,55
1,<environment.Job instance at 0x7fc267295fa0>,52,14,[14  4],53,-1,69,-1,55
1,<environment.Job instance at 0x7fc2670a05a0>,53,24,[5 1],54,-1,79,-1,55
1,<environment.Job instance at 0x7fc2679bb870>,54,12,[ 4 13],55,-1,67,-1,55
1,<environment.Job instance at 0x7fc2676bd960>,42,28,[10  5],43,-1,83,-1,55
1,<environment.Job instance at 0x7fc266a53460>,57,18,[11  2],58,-1,90,-1,72
1,<environment.Job instance at 0x7fc266a53a50>,59,13,[ 4 13],60,-1,85,-1,72
1,<environment.Job instance at 0x7fc26734e690>,60,17,[11  2],61,-1,89,-1,72
1,<environment.Job instance at 0x7fc266a68140>,62,25,[ 3 12],63,-1,102,-1,77
1,<environment.Job instance at 0x7fc266a68eb0>,63,13,[14  2],64,-1,90,-1,77
1,<environment.Job instance at 0x7fc266a68d70>,64,12,[ 4 14],65,-1,89,-1,77
1,<environment.Job instance at 0x7fc266a68c80>,65,26,[14  4],66,-1,103,-1,77
1,<environment.Job instance at 0x7fc266a68af0>,66,23,[14  4],67,-1,100,-1,77
1,<environment.Job instance at 0x7fc266a68c30>,67,26,[12  4],68,-1,103,-1,77
1,<environment.Job instance at 0x7fc266a4b820>,68,23,[ 2 12],69,-1,100,-1,77
1,<environment.Job instance at 0x7fc26734ec80>,61,27,[10  3],62,-1,120,-1,93
1,<environment.Job instance at 0x7fc266a455f0>,71,13,[ 4 13],72,-1,106,-1,93
1,<environment.Job instance at 0x7fc266a45be0>,73,24,[9 1],74,-1,135,-1,111
1,<environment.Job instance at 0x7fc266a45870>,74,14,[ 2 13],75,-1,125,-1,111
1,<environment.Job instance at 0x7fc267291fa0>,76,14,[13  4],77,-1,125,-1,111
1,<environment.Job instance at 0x7fc2672911e0>,77,12,[11  3],78,-1,123,-1,111
1,<environment.Job instance at 0x7fc266a637d0>,79,18,[ 2 13],80,-1,129,-1,111
1,<environment.Job instance at 0x7fc267368960>,80,16,[11  4],81,-1,127,-1,111
1,<environment.Job instance at 0x7fc26710eaa0>,81,25,[ 2 12],82,-1,136,-1,111
1,<environment.Job instance at 0x7fc2673686e0>,83,26,[11  4],84,-1,153,-1,127
1,<environment.Job instance at 0x7fc26736bdc0>,84,26,[ 1 10],85,-1,153,-1,127
1,<environment.Job instance at 0x7fc26736baf0>,86,25,[5 3],87,-1,154,-1,129
1,<environment.Job instance at 0x7fc267960050>,89,28,[14  3],90,-1,157,-1,129
1,<environment.Job instance at 0x7fc266962190>,0,20,[3 6],1,-1,21,-1,1
1,<environment.Job instance at 0x7fc267481f00>,3,16,[ 3 10],4,-1,21,-1,5
1,<environment.Job instance at 0x7fc267481690>,6,21,[5 5],7,-1,28,-1,7
1,<environment.Job instance at 0x7fc2674818c0>,7,19,[1 8],8,-1,27,-1,8
1,<environment.Job instance at 0x7fc2674814b0>,8,14,[11  4],9,-1,37,-1,23
1,<environment.Job instance at 0x7fc266c21d70>,14,27,[7 1],15,-1,50,-1,23
1,<environment.Job instance at 0x7fc266c215a0>,15,20,[6 5],16,-1,43,-1,23
1,<environment.Job instance at 0x7fc2679005a0>,1,26,[13  2],2,-1,28,-1,2
1,<environment.Job instance at 0x7fc2679000f0>,2,20,[ 2 13],3,-1,23,-1,3
1,<environment.Job instance at 0x7fc2669fa370>,5,28,[ 1 13],6,-1,34,-1,6
1,<environment.Job instance at 0x7fc2669fa230>,8,14,[11  4],9,-1,23,-1,9
1,<environment.Job instance at 0x7fc2669fa5f0>,10,21,[11  4],11,-1,32,-1,11
1,<environment.Job instance at 0x7fc2669fa550>,9,28,[7 1],10,-1,47,-1,19
1,<environment.Job instance at 0x7fc2669faa00>,14,27,[7 1],15,-1,46,-1,19
1,<environment.Job instance at 0x7fc2669facd0>,16,28,[ 3 11],17,-1,47,-1,19
1,<environment.Job instance at 0x7fc2669fa190>,17,12,[ 5 14],18,-1,31,-1,19
1,<environment.Job instance at 0x7fc2669fadc0>,18,26,[14  5],19,-1,45,-1,19
1,<environment.Job instance at 0x7fc2669fad70>,19,20,[ 3 13],20,-1,40,-1,20
1,<environment.Job instance at 0x7fc267c52fa0>,22,26,[11  3],23,-1,59,-1,33
1,<environment.Job instance at 0x7fc2669faaf0>,24,22,[13  5],25,-1,56,-1,34
1,<environment.Job instance at 0x7fc267c52140>,23,25,[7 5],24,-1,72,-1,47
1,<environment.Job instance at 0x7fc267dd9410>,26,18,[13  1],27,-1,65,-1,47
1,<environment.Job instance at 0x7fc266c10230>,27,17,[ 2 13],28,-1,64,-1,47
1,<environment.Job instance at 0x7fc26729e640>,28,26,[7 2],29,-1,73,-1,47
1,<environment.Job instance at 0x7fc26769eb90>,29,24,[ 3 14],30,-1,71,-1,47
1,<environment.Job instance at 0x7fc2669fab40>,20,23,[7 2],21,-1,70,-1,47
1,<environment.Job instance at 0x7fc26737a050>,31,26,[5 5],32,-1,73,-1,47
1,<environment.Job instance at 0x7fc2676d53c0>,32,15,[ 5 14],33,-1,62,-1,47
1,<environment.Job instance at 0x7fc26737a0a0>,33,27,[ 5 14],34,-1,74,-1,47
1,<environment.Job instance at 0x7fc26737a190>,34,21,[13  3],35,-1,68,-1,47
1,<environment.Job instance at 0x7fc26737a960>,35,28,[10  4],36,-1,75,-1,47
1,<environment.Job instance at 0x7fc26736af00>,36,25,[8 2],37,-1,72,-1,47
1,<environment.Job instance at 0x7fc26736a9b0>,39,13,[ 3 14],40,-1,60,-1,47
1,<environment.Job instance at 0x7fc267367140>,41,18,[11  1],42,-1,73,-1,55
1,<environment.Job instance at 0x7fc2672afbe0>,42,12,[ 4 12],43,-1,67,-1,55
1,<environment.Job instance at 0x7fc2672af910>,43,27,[ 4 14],44,-1,82,-1,55
1,<environment.Job instance at 0x7fc26736baf0>,46,24,[5 6],47,-1,83,-1,59
1,<environment.Job instance at 0x7fc26736bdc0>,48,22,[ 4 13],49,-1,94,-1,72
1,<environment.Job instance at 0x7fc267368c30>,49,24,[ 1 10],50,-1,111,-1,87
1,<environment.Job instance at 0x7fc266a636e0>,51,25,[14  1],52,-1,112,-1,87
1,<environment.Job instance at 0x7fc267291f50>,54,28,[5 7],55,-1,127,-1,99
1,<environment.Job instance at 0x7fc2672912d0>,55,28,[2 5],56,-1,127,-1,99
1,<environment.Job instance at 0x7fc267291280>,56,28,[ 2 14],57,-1,127,-1,99
1,<environment.Job instance at 0x7fc266a45be0>,58,28,[5 1],59,-1,127,-1,99
1,<environment.Job instance at 0x7fc266a4b870>,59,28,[1 9],60,-1,127,-1,99
1,<environment.Job instance at 0x7fc266a68370>,64,15,[ 5 12],65,-1,135,-1,120
1,<environment.Job instance at 0x7fc266a68140>,66,23,[12  4],67,-1,151,-1,128
1,<environment.Job instance at 0x7fc26734ec80>,68,22,[ 3 14],69,-1,158,-1,136
1,<environment.Job instance at 0x7fc267b7ec80>,3,15,[3 7],4,-1,19,-1,4
1,<environment.Job instance at 0x7fc267b7ef00>,4,15,[10  3],5,-1,21,-1,6
1,<environment.Job instance at 0x7fc267b7ed70>,5,18,[13  4],6,-1,24,-1,6
1,<environment.Job instance at 0x7fc267b7e410>,8,19,[9 2],9,-1,29,-1,10
1,<environment.Job instance at 0x7fc267b7e820>,9,25,[5 1],10,-1,35,-1,10
1,<environment.Job instance at 0x7fc267b7e550>,11,21,[1 7],12,-1,34,-1,13
1,<environment.Job instance at 0x7fc267b7e320>,12,17,[10  3],13,-1,30,-1,13
1,<environment.Job instance at 0x7fc267acbd70>,0,24,[9 1],1,-1,25,-1,1
1,<environment.Job instance at 0x7fc267b51b90>,1,16,[ 3 14],2,-1,18,-1,2
1,<environment.Job instance at 0x7fc26770fd20>,5,18,[13  4],6,-1,24,-1,6
1,<environment.Job instance at 0x7fc267ac1f50>,6,24,[12  2],7,-1,31,-1,7
1,<environment.Job instance at 0x7fc267ac10f0>,7,12,[ 2 12],8,-1,20,-1,8
1,<environment.Job instance at 0x7fc267ac1230>,9,25,[5 1],10,-1,44,-1,19
1,<environment.Job instance at 0x7fc267abeaf0>,13,17,[ 3 12],14,-1,36,-1,19
1,<environment.Job instance at 0x7fc267abe690>,15,16,[12  1],16,-1,35,-1,19
1,<environment.Job instance at 0x7fc267ad9050>,16,14,[ 4 13],17,-1,33,-1,19
1,<environment.Job instance at 0x7fc267ad9870>,17,21,[12  4],18,-1,40,-1,19
1,<environment.Job instance at 0x7fc267ad98c0>,18,13,[ 4 12],19,-1,32,-1,19
1,<environment.Job instance at 0x7fc267ad9960>,19,15,[14  5],20,-1,35,-1,20
1,<environment.Job instance at 0x7fc267ac3190>,22,23,[ 3 11],23,-1,48,-1,25
1,<environment.Job instance at 0x7fc267ac3230>,23,24,[ 4 14],24,-1,49,-1,25
1,<environment.Job instance at 0x7fc267ac3f00>,25,13,[ 4 13],26,-1,47,-1,34
1,<environment.Job instance at 0x7fc267ac3a00>,26,25,[13  2],27,-1,59,-1,34
1,<environment.Job instance at 0x7fc267706280>,27,14,[ 1 11],28,-1,48,-1,34
1,<environment.Job instance at 0x7fc267ac3be0>,24,23,[9 5],25,-1,73,-1,50
1,<environment.Job instance at 0x7fc2677065a0>,28,24,[7 4],29,-1,74,-1,50
1,<environment.Job instance at 0x7fc267706eb0>,31,26,[12  5],32,-1,76,-1,50
1,<environment.Job instance at 0x7fc2677069b0>,32,28,[13  1],33,-1,78,-1,50
1,<environment.Job instance at 0x7fc267706320>,33,22,[ 5 14],34,-1,72,-1,50
1,<environment.Job instance at 0x7fc267706aa0>,34,20,[ 4 12],35,-1,70,-1,50
1,<environment.Job instance at 0x7fc267706640>,35,24,[10  4],36,-1,74,-1,50
1,<environment.Job instance at 0x7fc267ad54b0>,36,18,[14  3],37,-1,68,-1,50
1,<environment.Job instance at 0x7fc267ad5550>,38,25,[6 2],39,-1,87,-1,62
1,<environment.Job instance at 0x7fc267ac86e0>,45,15,[ 4 11],46,-1,91,-1,76
1,<environment.Job instance at 0x7fc267ac8820>,46,26,[6 2],47,-1,114,-1,88
1,<environment.Job instance at 0x7fc267ac8c80>,47,23,[8 1],48,-1,111,-1,88
1,<environment.Job instance at 0x7fc26718a500>,52,25,[3 8],53,-1,131,-1,106
1,<environment.Job instance at 0x7fc26718a910>,53,17,[14  5],54,-1,123,-1,106
1,<environment.Job instance at 0x7fc267b0f7d0>,54,15,[ 3 13],55,-1,121,-1,106
1,<environment.Job instance at 0x7fc267b0fa50>,55,21,[11  5],56,-1,127,-1,106
1,<environment.Job instance at 0x7fc26718a230>,56,28,[4 9],57,-1,134,-1,106
1,<environment.Job instance at 0x7fc267190500>,57,23,[12  5],58,-1,129,-1,106
1,<environment.Job instance at 0x7fc267181c30>,58,23,[ 2 14],59,-1,129,-1,106
1,<environment.Job instance at 0x7fc2671ac730>,49,26,[10  2],50,-1,132,-1,106
1,<environment.Job instance at 0x7fc267709730>,60,24,[14  3],61,-1,130,-1,106
1,<environment.Job instance at 0x7fc266afec80>,61,28,[10  3],62,-1,134,-1,106
1,<environment.Job instance at 0x7fc2676ddd70>,63,23,[5 1],64,-1,129,-1,106
1,<environment.Job instance at 0x7fc2671b6aa0>,66,28,[ 5 13],67,-1,148,-1,120
1,<environment.Job instance at 0x7fc26702cb90>,68,18,[12  4],69,-1,140,-1,122
1,<environment.Job instance at 0x7fc26702cbe0>,69,17,[ 3 11],70,-1,139,-1,122
1,<environment.Job instance at 0x7fc267d48c30>,70,15,[ 5 11],71,-1,137,-1,122
1,<environment.Job instance at 0x7fc2677150a0>,71,28,[ 2 11],72,-1,150,-1,122
1,<environment.Job instance at 0x7fc2677158c0>,72,23,[5 5],73,-1,158,-1,135
1,<environment.Job instance at 0x7fc267708370>,73,12,[11  3],74,-1,147,-1,135
1,<environment.Job instance at 0x7fc2671b7410>,74,26,[ 4 12],75,-1,161,-1,135
1,<environment.Job instance at 0x7fc267708d70>,75,12,[ 4 12],76,-1,147,-1,135
1,<environment.Job instance at 0x7fc267708fa0>,76,24,[5 2],77,-1,159,-1,135
1,<environment.Job instance at 0x7fc26700e0a0>,77,18,[14  4],78,-1,153,-1,135
1,<environment.Job instance at 0x7fc26700e370>,78,12,[11  2],79,-1,147,-1,135
1,<environment.Job instance at 0x7fc26702f550>,79,15,[ 2 12],80,-1,150,-1,135
1,<environment.Job instance at 0x7fc26700c7d0>,81,28,[13  2],82,-1,163,-1,135
1,<environment.Job instance at 0x7fc266fcfaf0>,2,20,[3 5],3,-1,24,-1,4
1,<environment.Job instance at 0x7fc266fdbaa0>,4,21,[8 2],5,-1,26,-1,5
1,<environment.Job instance at 0x7fc266fdb6e0>,6,18,[7 4],7,-1,25,-1,7
1,<environment.Job instance at 0x7fc266fdba00>,8,24,[4 8],9,-1,33,-1,9
1,<environment.Job instance at 0x7fc266fdbe60>,9,22,[3 7],10,-1,32,-1,10
1,<environment.Job instance at 0x7fc266fdb230>,11,21,[1 7],12,-1,33,-1,12
1,<environment.Job instance at 0x7fc266fcfb40>,3,18,[7 1],4,-1,42,-1,24
1,<environment.Job instance at 0x7fc266fdb1e0>,17,19,[6 2],18,-1,43,-1,24
1,<environment.Job instance at 0x7fc266fdbeb0>,20,14,[11  1],21,-1,38,-1,24
1,<environment.Job instance at 0x7fc266fdaa00>,22,24,[5 5],23,-1,49,-1,25
1,<environment.Job instance at 0x7fc266fdad70>,23,15,[ 4 11],24,-1,41,-1,26
1,<environment.Job instance at 0x7fc266fdbbe0>,5,18,[13  2],6,-1,52,-1,34
1,<environment.Job instance at 0x7fc266fda640>,21,21,[14  1],22,-1,56,-1,35
1,<environment.Job instance at 0x7fc266fda780>,26,23,[12  1],27,-1,59,-1,36
1,<environment.Job instance at 0x7fc266fdac80>,28,16,[ 4 14],29,-1,52,-1,36
1,<environment.Job instance at 0x7fc266fda050>,27,28,[3 8],28,-1,64,-1,36
1,<environment.Job instance at 0x7fc266fda820>,29,21,[ 4 10],30,-1,60,-1,39
1,<environment.Job instance at 0x7fc266fda870>,30,16,[ 2 12],31,-1,55,-1,39
1,<environment.Job instance at 0x7fc266fda8c0>,31,17,[13  4],32,-1,56,-1,39
1,<environment.Job instance at 0x7fc266fdb140>,18,18,[10  2],19,-1,57,-1,39
1,<environment.Job instance at 0x7fc266fda1e0>,24,22,[14  4],25,-1,61,-1,39
1,<environment.Job instance at 0x7fc266ff71e0>,0,13,[ 3 14],1,-1,14,-1,1
1,<environment.Job instance at 0x7fc266ff7460>,1,21,[ 5 14],2,-1,23,-1,2
1,<environment.Job instance at 0x7fc266ff7320>,5,18,[13  2],6,-1,24,-1,6
1,<environment.Job instance at 0x7fc266fddaf0>,7,17,[12  2],8,-1,25,-1,8
1,<environment.Job instance at 0x7fc266fdd7d0>,8,24,[4 8],9,-1,33,-1,9
1,<environment.Job instance at 0x7fc266ff43c0>,13,17,[14  5],14,-1,39,-1,22
1,<environment.Job instance at 0x7fc266afec80>,14,12,[11  5],15,-1,34,-1,22
1,<environment.Job instance at 0x7fc266b24e60>,16,12,[11  1],17,-1,34,-1,22
1,<environment.Job instance at 0x7fc267dae5f0>,19,12,[ 1 13],20,-1,35,-1,23
1,<environment.Job instance at 0x7fc267b51140>,20,14,[11  1],21,-1,37,-1,23
1,<environment.Job instance at 0x7fc267b51b90>,21,21,[14  1],22,-1,44,-1,23
1,<environment.Job instance at 0x7fc266fdbf50>,22,24,[5 5],23,-1,47,-1,23
1,<environment.Job instance at 0x7fc266fdb370>,23,15,[ 4 11],24,-1,39,-1,24
1,<environment.Job instance at 0x7fc26770f910>,24,22,[14  4],25,-1,47,-1,25
1,<environment.Job instance at 0x7fc266f66730>,26,23,[12  1],27,-1,50,-1,27
1,<environment.Job instance at 0x7fc266fcf1e0>,28,16,[ 4 14],29,-1,48,-1,32
1,<environment.Job instance at 0x7fc266fcfe60>,27,28,[3 8],28,-1,61,-1,33
1,<environment.Job instance at 0x7fc266fcf0f0>,30,16,[ 2 12],31,-1,49,-1,33
1,<environment.Job instance at 0x7fc267b1a2d0>,31,17,[13  4],32,-1,50,-1,33
1,<environment.Job instance at 0x7fc267b1a500>,34,13,[ 2 12],35,-1,48,-1,35
1,<environment.Job instance at 0x7fc267b1aaa0>,35,18,[14  4],36,-1,54,-1,36
1,<environment.Job instance at 0x7fc267b1ad70>,38,25,[12  5],39,-1,78,-1,53
1,<environment.Job instance at 0x7fc267b1ac80>,40,26,[ 5 13],41,-1,79,-1,53
1,<environment.Job instance at 0x7fc267b1aaf0>,41,16,[ 2 12],42,-1,69,-1,53
1,<environment.Job instance at 0x7fc267006870>,42,23,[7 2],43,-1,88,-1,65
1,<environment.Job instance at 0x7fc2670065f0>,43,24,[10  3],44,-1,89,-1,65
1,<environment.Job instance at 0x7fc267006730>,44,25,[1 9],45,-1,90,-1,65
1,<environment.Job instance at 0x7fc2670063c0>,45,25,[11  1],46,-1,90,-1,65
1,<environment.Job instance at 0x7fc267006320>,46,25,[6 4],47,-1,90,-1,65
1,<environment.Job instance at 0x7fc2670064b0>,47,26,[2 9],48,-1,91,-1,65
1,<environment.Job instance at 0x7fc2670069b0>,48,26,[5 5],49,-1,91,-1,65
1,<environment.Job instance at 0x7fc267006d20>,49,21,[13  1],50,-1,86,-1,65
1,<environment.Job instance at 0x7fc267006fa0>,51,22,[12  5],52,-1,87,-1,65
1,<environment.Job instance at 0x7fc267006690>,54,23,[10  4],55,-1,113,-1,90
1,<environment.Job instance at 0x7fc267006c80>,55,25,[6 5],56,-1,115,-1,90
1,<environment.Job instance at 0x7fc267006460>,56,19,[ 3 12],57,-1,109,-1,90
1,<environment.Job instance at 0x7fc267006550>,58,21,[13  4],59,-1,111,-1,90
1,<environment.Job instance at 0x7fc267006d70>,57,25,[ 2 10],58,-1,117,-1,92
1,<environment.Job instance at 0x7fc2670060f0>,60,21,[ 4 14],61,-1,113,-1,92
1,<environment.Job instance at 0x7fc267dcf780>,61,23,[ 2 11],62,-1,115,-1,92
1,<environment.Job instance at 0x7fc267dcfaf0>,62,24,[13  5],63,-1,116,-1,92
1,<environment.Job instance at 0x7fc267dcfbe0>,63,27,[ 3 13],64,-1,119,-1,92
1,<environment.Job instance at 0x7fc267dcfc30>,64,12,[ 2 13],65,-1,104,-1,92
1,<environment.Job instance at 0x7fc267dcf870>,65,26,[6 1],66,-1,118,-1,92
1,<environment.Job instance at 0x7fc267dcffa0>,67,21,[ 2 13],68,-1,113,-1,92
1,<environment.Job instance at 0x7fc267dcfcd0>,68,22,[12  4],69,-1,114,-1,92
1,<environment.Job instance at 0x7fc267dcf9b0>,70,15,[11  4],71,-1,122,-1,107
1,<environment.Job instance at 0x7fc267dcf0f0>,71,13,[ 2 14],72,-1,120,-1,107
1,<environment.Job instance at 0x7fc267dcf3c0>,73,26,[14  1],74,-1,135,-1,109
1,<environment.Job instance at 0x7fc267dcf460>,74,16,[ 2 14],75,-1,125,-1,109
1,<environment.Job instance at 0x7fc267dcf410>,76,13,[11  1],77,-1,132,-1,119
1,<environment.Job instance at 0x7fc267dcf690>,78,16,[13  3],79,-1,139,-1,123
1,<environment.Job instance at 0x7fc267dcf5a0>,80,22,[13  2],81,-1,156,-1,134
1,<environment.Job instance at 0x7fc2671b6fa0>,81,23,[11  1],82,-1,157,-1,134
1,<environment.Job instance at 0x7fc2671b63c0>,82,19,[11  4],83,-1,153,-1,134
1,<environment.Job instance at 0x7fc2671b6870>,84,19,[13  1],85,-1,155,-1,136
1,<environment.Job instance at 0x7fc2671b6500>,85,20,[ 5 11],86,-1,156,-1,136
1,<environment.Job instance at 0x7fc2671b6d20>,86,17,[ 3 14],87,-1,153,-1,136
1,<environment.Job instance at 0x7fc2671b65a0>,87,13,[ 1 12],88,-1,149,-1,136
1,<environment.Job instance at 0x7fc2671b6780>,88,18,[14  2],89,-1,154,-1,136
1,<environment.Job instance at 0x7fc26675bfa0>,4,18,[5 5],5,-1,23,-1,5
1,<environment.Job instance at 0x7fc267008460>,8,21,[5 5],9,-1,41,-1,20
1,<environment.Job instance at 0x7fc26675b910>,6,13,[ 4 14],7,-1,33,-1,20
1,<environment.Job instance at 0x7fc26675b2d0>,11,28,[12  2],12,-1,49,-1,21
1,<environment.Job instance at 0x7fc26675bf50>,12,24,[12  5],13,-1,46,-1,22
1,<environment.Job instance at 0x7fc26675b280>,3,17,[14  4],4,-1,40,-1,23
1,<environment.Job instance at 0x7fc26675be10>,15,18,[ 3 10],16,-1,41,-1,23
1,<environment.Job instance at 0x7fc2666cc9b0>,18,17,[ 3 14],19,-1,47,-1,30
1,<environment.Job instance at 0x7fc2666cc820>,19,23,[7 5],20,-1,55,-1,32
1,<environment.Job instance at 0x7fc2666cc050>,20,20,[5 5],21,-1,55,-1,35
1,<environment.Job instance at 0x7fc26675baa0>,9,13,[14  3],10,-1,48,-1,35
1,<environment.Job instance at 0x7fc26675ba50>,16,14,[5 8],17,-1,49,-1,35
1,<environment.Job instance at 0x7fc2666cc960>,23,26,[ 1 11],24,-1,61,-1,35
1,<environment.Job instance at 0x7fc26675be60>,13,15,[5 5],14,-1,85,-1,70
1,<environment.Job instance at 0x7fc2666ccbe0>,30,19,[14  4],31,-1,91,-1,72
1,<environment.Job instance at 0x7fc2666cca50>,24,12,[13  4],25,-1,84,-1,72
1,<environment.Job instance at 0x7fc2666ccd20>,32,24,[9 5],33,-1,96,-1,72
1,<environment.Job instance at 0x7fc2666ccc30>,33,24,[10  3],34,-1,96,-1,72
1,<environment.Job instance at 0x7fc2666cc550>,34,13,[13  4],35,-1,85,-1,72
1,<environment.Job instance at 0x7fc2666cc5a0>,31,12,[5 4],32,-1,84,-1,72
1,<environment.Job instance at 0x7fc2666ccaf0>,35,24,[ 1 10],36,-1,96,-1,72
1,<environment.Job instance at 0x7fc2666ccdc0>,37,12,[9 2],38,-1,84,-1,72
1,<environment.Job instance at 0x7fc267357c30>,38,27,[8 2],39,-1,99,-1,72
1,<environment.Job instance at 0x7fc267357d70>,39,15,[14  5],40,-1,87,-1,72
1,<environment.Job instance at 0x7fc2673579b0>,40,13,[11  1],41,-1,85,-1,72
1,<environment.Job instance at 0x7fc2666ccf00>,29,19,[3 9],30,-1,91,-1,72
1,<environment.Job instance at 0x7fc2673576e0>,43,16,[ 5 13],44,-1,88,-1,72
1,<environment.Job instance at 0x7fc267af3c30>,0,12,[13  2],1,-1,13,-1,1
1,<environment.Job instance at 0x7fc267af30f0>,1,15,[14  4],2,-1,17,-1,2
1,<environment.Job instance at 0x7fc267af3cd0>,2,24,[5 3],3,-1,27,-1,3
1,<environment.Job instance at 0x7fc267af3640>,3,17,[14  4],4,-1,21,-1,4
1,<environment.Job instance at 0x7fc267af3460>,5,16,[12  2],6,-1,22,-1,6
1,<environment.Job instance at 0x7fc267af3730>,6,13,[ 4 14],7,-1,20,-1,7
1,<environment.Job instance at 0x7fc267af33c0>,9,13,[14  3],10,-1,23,-1,10
1,<environment.Job instance at 0x7fc267af32d0>,11,28,[12  2],12,-1,40,-1,12
1,<environment.Job instance at 0x7fc267af3820>,12,24,[12  5],13,-1,37,-1,13
1,<environment.Job instance at 0x7fc267af3f50>,14,12,[11  5],15,-1,27,-1,15
1,<environment.Job instance at 0x7fc2671b6690>,17,14,[ 5 11],18,-1,37,-1,23
1,<environment.Job instance at 0x7fc2671b6190>,18,17,[ 3 14],19,-1,40,-1,23
1,<environment.Job instance at 0x7fc2671b6140>,19,23,[7 5],20,-1,46,-1,23
1,<environment.Job instance at 0x7fc2671b6c80>,21,23,[1 5],22,-1,46,-1,23
1,<environment.Job instance at 0x7fc2671b6780>,23,26,[ 1 11],24,-1,50,-1,24
1,<environment.Job instance at 0x7fc2671b6910>,24,12,[13  4],25,-1,37,-1,25
1,<environment.Job instance at 0x7fc2671b65a0>,26,15,[ 1 11],27,-1,42,-1,27
1,<environment.Job instance at 0x7fc2671b67d0>,28,24,[13  4],29,-1,53,-1,29
1,<environment.Job instance at 0x7fc2671b62d0>,30,19,[14  4],31,-1,56,-1,37
1,<environment.Job instance at 0x7fc2671b6aa0>,32,24,[9 5],33,-1,61,-1,37
1,<environment.Job instance at 0x7fc2671b65f0>,33,24,[10  3],34,-1,61,-1,37
1,<environment.Job instance at 0x7fc2671b64b0>,34,13,[13  4],35,-1,50,-1,37
1,<environment.Job instance at 0x7fc267006500>,35,24,[ 1 10],36,-1,61,-1,37
1,<environment.Job instance at 0x7fc2670068c0>,38,27,[8 2],39,-1,66,-1,39
1,<environment.Job instance at 0x7fc267006690>,39,15,[14  5],40,-1,55,-1,40
1,<environment.Job instance at 0x7fc267006af0>,40,13,[11  1],41,-1,54,-1,41
1,<environment.Job instance at 0x7fc267006b40>,41,17,[14  5],42,-1,59,-1,42
1,<environment.Job instance at 0x7fc267006f00>,42,14,[13  2],43,-1,57,-1,43
1,<environment.Job instance at 0x7fc267006eb0>,43,16,[ 5 13],44,-1,60,-1,44
1,<environment.Job instance at 0x7fc267006b90>,44,28,[14  3],45,-1,73,-1,45
1,<environment.Job instance at 0x7fc267006640>,45,16,[14  2],46,-1,62,-1,46
1,<environment.Job instance at 0x7fc267006780>,46,13,[ 3 13],47,-1,60,-1,47
1,<environment.Job instance at 0x7fc267006cd0>,47,28,[ 1 11],48,-1,76,-1,48
1,<environment.Job instance at 0x7fc267006410>,48,24,[5 5],49,-1,73,-1,49
1,<environment.Job instance at 0x7fc267006820>,49,18,[13  5],50,-1,68,-1,50
1,<environment.Job instance at 0x7fc266fcfe60>,51,14,[ 5 14],52,-1,66,-1,52
1,<environment.Job instance at 0x7fc266fcfd20>,52,16,[13  3],53,-1,69,-1,53
1,<environment.Job instance at 0x7fc267006230>,53,20,[11  1],54,-1,74,-1,54
1,<environment.Job instance at 0x7fc266fcf500>,55,12,[ 2 14],56,-1,68,-1,56
1,<environment.Job instance at 0x7fc266fcf230>,57,27,[3 7],58,-1,85,-1,58
1,<environment.Job instance at 0x7fc266ff4f50>,58,17,[14  4],59,-1,76,-1,59
1,<environment.Job instance at 0x7fc266ff4b90>,59,12,[ 1 13],60,-1,72,-1,60
1,<environment.Job instance at 0x7fc266ff4f00>,61,25,[9 1],62,-1,100,-1,75
1,<environment.Job instance at 0x7fc266ff45a0>,62,19,[ 2 14],63,-1,94,-1,75
1,<environment.Job instance at 0x7fc266fdd500>,63,17,[14  3],64,-1,92,-1,75
1,<environment.Job instance at 0x7fc266fdd410>,64,23,[ 1 13],65,-1,98,-1,75
1,<environment.Job instance at 0x7fc266fdd910>,65,25,[ 4 12],66,-1,100,-1,75
1,<environment.Job instance at 0x7fc266fdd5f0>,67,14,[ 1 11],68,-1,89,-1,75
1,<environment.Job instance at 0x7fc266fdd0f0>,68,13,[ 2 11],69,-1,88,-1,75
1,<environment.Job instance at 0x7fc266fbd550>,69,20,[ 1 11],70,-1,95,-1,75
1,<environment.Job instance at 0x7fc266ff68c0>,70,14,[14  1],71,-1,89,-1,75
1,<environment.Job instance at 0x7fc266ff66e0>,71,19,[ 3 11],72,-1,94,-1,75
1,<environment.Job instance at 0x7fc2677dc320>,72,17,[ 5 13],73,-1,92,-1,75
1,<environment.Job instance at 0x7fc266ff7410>,73,15,[14  4],74,-1,90,-1,75
1,<environment.Job instance at 0x7fc266ff71e0>,74,28,[4 5],75,-1,112,-1,84
1,<environment.Job instance at 0x7fc266f56aa0>,76,24,[ 4 13],77,-1,108,-1,84
1,<environment.Job instance at 0x7fc267ae69b0>,77,20,[12  4],78,-1,104,-1,84
1,<environment.Job instance at 0x7fc266fdd870>,66,23,[ 1 10],67,-1,117,-1,94
1,<environment.Job instance at 0x7fc267008280>,80,15,[ 4 12],81,-1,109,-1,94
1,<environment.Job instance at 0x7fc267008370>,79,26,[3 5],80,-1,121,-1,95
1,<environment.Job instance at 0x7fc269fe6cd0>,85,28,[ 4 11],86,-1,134,-1,106
1,<environment.Job instance at 0x7fc269fe60f0>,86,23,[5 5],87,-1,137,-1,114
1,<environment.Job instance at 0x7fc269fe65a0>,88,19,[ 2 11],89,-1,134,-1,115
1,<environment.Job instance at 0x7fc269fe61e0>,89,12,[14  5],90,-1,127,-1,115
1,<environment.Job instance at 0x7fc269fe6690>,92,18,[ 5 12],93,-1,140,-1,122
1,<environment.Job instance at 0x7fc269fe6910>,93,25,[11  3],94,-1,147,-1,122
1,<environment.Job instance at 0x7fc269fe6190>,94,16,[ 4 12],95,-1,138,-1,122
1,<environment.Job instance at 0x7fc269fe6230>,95,20,[ 5 11],96,-1,142,-1,122
1,<environment.Job instance at 0x7fc269fe6640>,96,23,[12  5],97,-1,145,-1,122
1,<environment.Job instance at 0x7fc269fe6280>,97,26,[12  3],98,-1,148,-1,122
1,<environment.Job instance at 0x7fc266ffafa0>,99,26,[ 3 13],100,-1,160,-1,134
1,<environment.Job instance at 0x7fc266ffacd0>,100,23,[2 7],101,-1,158,-1,135
1,<environment.Job instance at 0x7fc266ffa280>,101,19,[14  5],102,-1,154,-1,135
1,<environment.Job instance at 0x7fc266ffa3c0>,103,20,[ 4 13],104,-1,155,-1,135
1,<environment.Job instance at 0x7fc266ffa1e0>,104,28,[12  1],105,-1,163,-1,135
1,<environment.Job instance at 0x7fc27059de10>,0,18,[1 5],1,-1,19,-1,1
1,<environment.Job instance at 0x7fc269fe6e10>,1,12,[ 4 14],2,-1,14,-1,2
1,<environment.Job instance at 0x7fc269fe69b0>,2,21,[ 4 14],3,-1,24,-1,3
1,<environment.Job instance at 0x7fc269fe6910>,3,14,[ 1 13],4,-1,18,-1,4
1,<environment.Job instance at 0x7fc269fe6aa0>,4,16,[12  5],5,-1,21,-1,5
1,<environment.Job instance at 0x7fc269fe6870>,5,28,[4 5],6,-1,34,-1,6
1,<environment.Job instance at 0x7fc269fe6690>,6,27,[11  5],7,-1,34,-1,7
1,<environment.Job instance at 0x7fc269fe6140>,7,18,[11  3],8,-1,26,-1,8
1,<environment.Job instance at 0x7fc269fe6640>,9,17,[ 2 13],10,-1,27,-1,10
1,<environment.Job instance at 0x7fc269fe6820>,10,13,[11  4],11,-1,24,-1,11
1,<environment.Job instance at 0x7fc26724f280>,12,25,[14  5],13,-1,38,-1,13
1,<environment.Job instance at 0x7fc2678fceb0>,15,22,[11  3],16,-1,38,-1,16
1,<environment.Job instance at 0x7fc266bbaf00>,13,24,[3 6],14,-1,43,-1,19
1,<environment.Job instance at 0x7fc266f25190>,20,16,[ 4 11],21,-1,37,-1,21
1,<environment.Job instance at 0x7fc266f25910>,21,28,[ 4 13],22,-1,50,-1,22
1,<environment.Job instance at 0x7fc266f25be0>,22,15,[ 5 14],23,-1,38,-1,23
1,<environment.Job instance at 0x7fc266ba9f50>,23,25,[13  4],24,-1,49,-1,24
1,<environment.Job instance at 0x7fc2674d31e0>,24,20,[13  5],25,-1,45,-1,25
1,<environment.Job instance at 0x7fc267501190>,25,25,[7 3],26,-1,51,-1,26
1,<environment.Job instance at 0x7fc2674d8870>,26,16,[ 5 11],27,-1,43,-1,27
1,<environment.Job instance at 0x7fc266c89c80>,28,21,[14  2],29,-1,50,-1,29
1,<environment.Job instance at 0x7fc266a1e140>,29,13,[12  4],30,-1,43,-1,30
1,<environment.Job instance at 0x7fc2678ea730>,30,26,[14  5],31,-1,57,-1,31
1,<environment.Job instance at 0x7fc266ba2320>,17,23,[10  1],18,-1,56,-1,33
1,<environment.Job instance at 0x7fc2669ff460>,32,19,[ 2 13],33,-1,52,-1,33
1,<environment.Job instance at 0x7fc2678ceb40>,33,24,[5 3],34,-1,62,-1,38
1,<environment.Job instance at 0x7fc267d69780>,35,13,[11  1],36,-1,51,-1,38
1,<environment.Job instance at 0x7fc267d73280>,39,17,[ 4 14],40,-1,67,-1,50
1,<environment.Job instance at 0x7fc267d73fa0>,41,17,[12  4],42,-1,75,-1,58
1,<environment.Job instance at 0x7fc267d73690>,42,14,[ 3 11],43,-1,72,-1,58
1,<environment.Job instance at 0x7fc2678f2cd0>,43,16,[ 4 13],44,-1,74,-1,58
1,<environment.Job instance at 0x7fc2678f2690>,44,24,[ 1 11],45,-1,82,-1,58
1,<environment.Job instance at 0x7fc26762b050>,45,17,[ 4 11],46,-1,75,-1,58
1,<environment.Job instance at 0x7fc26762b730>,47,15,[ 2 12],48,-1,77,-1,62
1,<environment.Job instance at 0x7fc26762b230>,48,22,[ 5 13],49,-1,84,-1,62
1,<environment.Job instance at 0x7fc2678b21e0>,49,16,[12  4],50,-1,78,-1,62
1,<environment.Job instance at 0x7fc26763c550>,50,26,[11  3],51,-1,88,-1,62
1,<environment.Job instance at 0x7fc2675375a0>,52,15,[13  2],53,-1,86,-1,71
1,<environment.Job instance at 0x7fc2678b0a00>,53,23,[4 9],54,-1,94,-1,71
1,<environment.Job instance at 0x7fc2678b0370>,54,25,[7 5],55,-1,96,-1,71
1,<environment.Job instance at 0x7fc266a20c30>,55,23,[5 4],56,-1,94,-1,71
1,<environment.Job instance at 0x7fc266f163c0>,56,28,[ 3 13],57,-1,99,-1,71
1,<environment.Job instance at 0x7fc266f16e10>,59,19,[ 1 13],60,-1,95,-1,76
1,<environment.Job instance at 0x7fc266f2cd70>,61,28,[4 5],62,-1,119,-1,91
1,<environment.Job instance at 0x7fc266f2c0f0>,62,26,[1 7],63,-1,117,-1,91
1,<environment.Job instance at 0x7fc266f2c230>,63,21,[13  3],64,-1,112,-1,91
1,<environment.Job instance at 0x7fc266f015a0>,64,23,[6 2],65,-1,114,-1,91
1,<environment.Job instance at 0x7fc2678c5e60>,67,27,[ 3 13],68,-1,118,-1,91
1,<environment.Job instance at 0x7fc2678c5f50>,68,22,[13  1],69,-1,113,-1,91
1,<environment.Job instance at 0x7fc2678c5910>,69,26,[ 4 12],70,-1,117,-1,91
1,<environment.Job instance at 0x7fc2678de050>,71,25,[ 5 12],72,-1,122,-1,97
1,<environment.Job instance at 0x7fc2678de960>,72,28,[12  4],73,-1,125,-1,97
1,<environment.Job instance at 0x7fc266f3a9b0>,73,18,[13  5],74,-1,115,-1,97
1,<environment.Job instance at 0x7fc2678e1be0>,75,24,[8 3],76,-1,121,-1,97
1,<environment.Job instance at 0x7fc2666d0730>,76,25,[ 1 14],77,-1,122,-1,97
1,<environment.Job instance at 0x7fc2678e1eb0>,77,23,[9 5],78,-1,120,-1,97
1,<environment.Job instance at 0x7fc266f1b460>,79,22,[ 3 12],80,-1,119,-1,97
1,<environment.Job instance at 0x7fc266f1bf50>,80,25,[ 1 11],81,-1,122,-1,97
1,<environment.Job instance at 0x7fc266f1bd70>,81,14,[12  4],82,-1,111,-1,97
1,<environment.Job instance at 0x7fc2666f9a00>,85,12,[ 3 14],86,-1,136,-1,124
1,<environment.Job instance at 0x7fc2666f9b40>,86,24,[11  4],87,-1,148,-1,124
1,<environment.Job instance at 0x7fc266a35550>,3,16,[3 8],4,-1,21,-1,5
1,<environment.Job instance at 0x7fc266a35460>,4,17,[3 7],5,-1,22,-1,5
1,<environment.Job instance at 0x7fc2674f3b90>,8,21,[10  1],9,-1,49,-1,28
1,<environment.Job instance at 0x7fc2674f3dc0>,18,14,[ 5 13],19,-1,42,-1,28
1,<environment.Job instance at 0x7fc266b6c410>,0,17,[ 2 12],1,-1,18,-1,1
1,<environment.Job instance at 0x7fc266b6c2d0>,1,28,[12  3],2,-1,30,-1,2
1,<environment.Job instance at 0x7fc266b676e0>,2,18,[11  5],3,-1,21,-1,3
1,<environment.Job instance at 0x7fc266b67730>,6,26,[5 5],7,-1,46,-1,20
1,<environment.Job instance at 0x7fc266b4c870>,10,12,[13  5],11,-1,32,-1,20
1,<environment.Job instance at 0x7fc2666d52d0>,7,28,[3 7],8,-1,48,-1,20
1,<environment.Job instance at 0x7fc2666d20a0>,13,26,[ 3 11],14,-1,46,-1,20
1,<environment.Job instance at 0x7fc2666d2b40>,14,18,[ 3 14],15,-1,38,-1,20
1,<environment.Job instance at 0x7fc2666d2d20>,15,15,[12  2],16,-1,35,-1,20
1,<environment.Job instance at 0x7fc2666d2cd0>,16,24,[ 5 14],17,-1,44,-1,20
1,<environment.Job instance at 0x7fc2666ee640>,17,24,[ 1 13],18,-1,44,-1,20
1,<environment.Job instance at 0x7fc2666ee6e0>,18,14,[ 5 13],19,-1,34,-1,20
1,<environment.Job instance at 0x7fc2666c26e0>,19,19,[ 3 13],20,-1,39,-1,20
1,<environment.Job instance at 0x7fc2666c2730>,20,17,[ 2 14],21,-1,38,-1,21
1,<environment.Job instance at 0x7fc2666fc2d0>,22,27,[12  1],23,-1,50,-1,23
1,<environment.Job instance at 0x7fc2666cf5f0>,24,21,[13  3],25,-1,46,-1,25
1,<environment.Job instance at 0x7fc2666cffa0>,26,27,[ 1 14],27,-1,54,-1,27
1,<environment.Job instance at 0x7fc2666e03c0>,29,25,[5 7],30,-1,60,-1,35
1,<environment.Job instance at 0x7fc2666d5e10>,9,23,[ 2 10],10,-1,59,-1,36
1,<environment.Job instance at 0x7fc266f1be10>,32,27,[12  5],33,-1,63,-1,36
1,<environment.Job instance at 0x7fc266f1be60>,33,22,[14  4],34,-1,58,-1,36
1,<environment.Job instance at 0x7fc266f1b410>,34,28,[ 2 11],35,-1,64,-1,36
1,<environment.Job instance at 0x7fc2666d06e0>,35,22,[11  3],36,-1,58,-1,36
1,<environment.Job instance at 0x7fc2666d0730>,37,15,[14  3],38,-1,60,-1,45
1,<environment.Job instance at 0x7fc2666f9a50>,31,24,[5 6],32,-1,74,-1,50
1,<environment.Job instance at 0x7fc266f3a7d0>,39,23,[ 4 10],40,-1,73,-1,50
1,<environment.Job instance at 0x7fc266f3a910>,41,14,[ 1 14],42,-1,64,-1,50
1,<environment.Job instance at 0x7fc2666e0460>,27,23,[8 5],28,-1,73,-1,50
1,<environment.Job instance at 0x7fc266f012d0>,43,14,[11  4],44,-1,64,-1,50
1,<environment.Job instance at 0x7fc266f01550>,44,17,[ 1 14],45,-1,67,-1,50
1,<environment.Job instance at 0x7fc266a20e60>,45,18,[ 4 12],46,-1,68,-1,50
1,<environment.Job instance at 0x7fc266f16460>,47,21,[13  1],48,-1,71,-1,50
1,<environment.Job instance at 0x7fc266f163c0>,48,25,[5 4],49,-1,75,-1,50
1,<environment.Job instance at 0x7fc2678b0370>,50,18,[14  1],51,-1,69,-1,51
1,<environment.Job instance at 0x7fc266ba8910>,52,16,[ 5 13],53,-1,78,-1,62
1,<environment.Job instance at 0x7fc267774be0>,53,17,[ 2 12],54,-1,79,-1,62
1,<environment.Job instance at 0x7fc266c89c80>,54,25,[14  5],55,-1,87,-1,62
1,<environment.Job instance at 0x7fc2678fceb0>,55,17,[14  5],56,-1,79,-1,62
1,<environment.Job instance at 0x7fc266ba9f50>,56,13,[12  1],57,-1,75,-1,62
1,<environment.Job instance at 0x7fc2674f3cd0>,59,15,[ 2 12],60,-1,90,-1,75
1,<environment.Job instance at 0x7fc26761d730>,60,24,[3 7],61,-1,101,-1,77
1,<environment.Job instance at 0x7fc266a357d0>,62,13,[14  3],63,-1,90,-1,77
1,<environment.Job instance at 0x7fc266a35690>,64,22,[ 5 11],65,-1,112,-1,90
1,<environment.Job instance at 0x7fc266c7fbe0>,67,26,[11  4],68,-1,129,-1,103
1,<environment.Job instance at 0x7fc266c7f460>,68,19,[ 4 11],69,-1,122,-1,103
1,<environment.Job instance at 0x7fc266c7ff00>,66,23,[9 3],67,-1,129,-1,106
1,<environment.Job instance at 0x7fc26763c410>,71,27,[5 2],72,-1,133,-1,106
1,<environment.Job instance at 0x7fc26763c500>,73,21,[ 3 11],74,-1,127,-1,106
1,<environment.Job instance at 0x7fc26763cf50>,75,12,[ 1 13],76,-1,131,-1,119
1,<environment.Job instance at 0x7fc26763c460>,78,28,[ 1 13],79,-1,161,-1,133
1,<environment.Job instance at 0x7fc26705faf0>,5,15,[10  4],6,-1,22,-1,7
1,<environment.Job instance at 0x7fc270b413c0>,6,16,[10  5],7,-1,23,-1,7
1,<environment.Job instance at 0x7fc26705fb90>,10,27,[ 3 10],11,-1,64,-1,37
1,<environment.Job instance at 0x7fc26705fe60>,9,24,[14  5],10,-1,61,-1,37
1,<environment.Job instance at 0x7fc26705ff50>,11,20,[ 3 11],12,-1,57,-1,37
1,<environment.Job instance at 0x7fc2670491e0>,17,13,[ 1 10],18,-1,50,-1,37
1,<environment.Job instance at 0x7fc2670496e0>,20,22,[ 4 12],21,-1,59,-1,37
1,<environment.Job instance at 0x7fc267049460>,18,13,[14  2],19,-1,50,-1,37
1,<environment.Job instance at 0x7fc267049730>,22,22,[8 2],23,-1,59,-1,37
1,<environment.Job instance at 0x7fc267049500>,19,14,[13  2],20,-1,52,-1,38
1,<environment.Job instance at 0x7fc2670495f0>,27,13,[ 4 11],28,-1,65,-1,52
1,<environment.Job instance at 0x7fc267049140>,15,18,[2 6],16,-1,70,-1,52
1,<environment.Job instance at 0x7fc267049d20>,30,19,[13  3],31,-1,75,-1,56
1,<environment.Job instance at 0x7fc267049c80>,29,17,[10  4],30,-1,73,-1,56
1,<environment.Job instance at 0x7fc267049dc0>,31,20,[ 2 13],32,-1,76,-1,56
1,<environment.Job instance at 0x7fc267049e60>,32,21,[10  4],33,-1,77,-1,56
1,<environment.Job instance at 0x7fc267049fa0>,34,17,[11  4],35,-1,73,-1,56
1,<environment.Job instance at 0x7fc267049f00>,33,15,[ 3 13],34,-1,71,-1,56
1,<environment.Job instance at 0x7fc267049be0>,28,20,[3 6],29,-1,76,-1,56
1,<environment.Job instance at 0x7fc267049820>,23,16,[ 2 11],24,-1,73,-1,57
1,<environment.Job instance at 0x7fc267049b40>,36,12,[5 7],37,-1,69,-1,57
1,<environment.Job instance at 0x7fc26707a1e0>,38,26,[13  5],39,-1,85,-1,59
1,<environment.Job instance at 0x7fc26707a410>,39,19,[2 8],40,-1,80,-1,61
1,<environment.Job instance at 0x7fc26705f910>,2,28,[ 4 10],3,-1,89,-1,61
1,<environment.Job instance at 0x7fc26707a4b0>,40,12,[12  2],41,-1,74,-1,62
1,<environment.Job instance at 0x7fc267049b90>,35,20,[8 3],36,-1,84,-1,64
1,<environment.Job instance at 0x7fc26707a690>,43,25,[5 3],44,-1,89,-1,64
1,<environment.Job instance at 0x7fc26707a550>,41,16,[5 7],42,-1,80,-1,64
1,<environment.Job instance at 0x7fc26707a7d0>,45,19,[ 4 14],46,-1,86,-1,67
1,<environment.Job instance at 0x7fc26707a230>,37,26,[4 9],38,-1,94,-1,68
1,<environment.Job instance at 0x7fc26707a5f0>,42,23,[14  2],43,-1,94,-1,71
1,<environment.Job instance at 0x7fc26707a320>,50,17,[13  2],51,-1,88,-1,71
1,<environment.Job instance at 0x7fc26707aa00>,51,23,[8 3],52,-1,94,-1,71
1,<environment.Job instance at 0x7fc26707a9b0>,48,26,[10  5],49,-1,98,-1,72
1,<environment.Job instance at 0x7fc267049a00>,25,19,[ 3 11],26,-1,91,-1,72
1,<environment.Job instance at 0x7fc26705fd20>,8,24,[ 4 10],9,-1,96,-1,72
1,<environment.Job instance at 0x7fc26707ab90>,53,14,[3 8],54,-1,86,-1,72
1,<environment.Job instance at 0x7fc26707acd0>,54,28,[8 4],55,-1,100,-1,72
1,<environment.Job instance at 0x7fc26707ad70>,55,16,[13  2],56,-1,88,-1,72
1,<environment.Job instance at 0x7fc26707ae60>,56,28,[12  2],57,-1,100,-1,72
1,<environment.Job instance at 0x7fc26707adc0>,57,12,[ 5 14],58,-1,84,-1,72
1,<environment.Job instance at 0x7fc26707a960>,52,19,[10  5],53,-1,91,-1,72
1,<environment.Job instance at 0x7fc26707aa50>,49,14,[14  1],50,-1,102,-1,88
1,<environment.Job instance at 0x7fc26706d140>,61,23,[12  3],62,-1,112,-1,89
1,<environment.Job instance at 0x7fc26706d410>,64,21,[13  1],65,-1,110,-1,89
1,<environment.Job instance at 0x7fc26706d280>,62,17,[1 5],63,-1,106,-1,89
1,<environment.Job instance at 0x7fc26706d1e0>,63,21,[12  2],64,-1,110,-1,89
1,<environment.Job instance at 0x7fc26706d4b0>,65,14,[ 1 11],66,-1,103,-1,89
1,<environment.Job instance at 0x7fc26706d690>,67,15,[12  3],68,-1,104,-1,89
1,<environment.Job instance at 0x7fc26706d780>,68,16,[14  3],69,-1,105,-1,89
1,<environment.Job instance at 0x7fc26707a870>,46,13,[ 4 13],47,-1,102,-1,89
1,<environment.Job instance at 0x7fc2670498c0>,26,28,[5 3],27,-1,117,-1,89
1,<environment.Job instance at 0x7fc26706d550>,66,15,[2 6],67,-1,113,-1,98
1,<environment.Job instance at 0x7fc26706d8c0>,71,16,[ 4 13],72,-1,114,-1,98
1,<environment.Job instance at 0x7fc26706db90>,74,24,[6 4],75,-1,122,-1,98
1,<environment.Job instance at 0x7fc26706daf0>,73,17,[ 4 11],74,-1,115,-1,98
1,<environment.Job instance at 0x7fc26762bb40>,0,17,[ 5 12],1,-1,18,-1,1
1,<environment.Job instance at 0x7fc26762baa0>,1,22,[13  3],2,-1,24,-1,2
1,<environment.Job instance at 0x7fc26762be60>,2,28,[ 4 10],3,-1,31,-1,3
1,<environment.Job instance at 0x7fc26762b7d0>,3,14,[ 2 13],4,-1,18,-1,4
1,<environment.Job instance at 0x7fc26725b910>,9,24,[14  5],10,-1,34,-1,10
1,<environment.Job instance at 0x7fc26725bfa0>,11,20,[ 3 11],12,-1,32,-1,12
1,<environment.Job instance at 0x7fc26725bbe0>,12,13,[12  4],13,-1,26,-1,13
1,<environment.Job instance at 0x7fc26725b320>,8,24,[ 4 10],9,-1,43,-1,19
1,<environment.Job instance at 0x7fc26725b370>,14,12,[ 4 14],15,-1,31,-1,19
1,<environment.Job instance at 0x7fc26725b1e0>,10,27,[ 3 10],11,-1,46,-1,19
1,<environment.Job instance at 0x7fc26725b9b0>,18,13,[14  2],19,-1,32,-1,19
1,<environment.Job instance at 0x7fc26725b0f0>,19,14,[13  2],20,-1,35,-1,21
1,<environment.Job instance at 0x7fc26725b3c0>,20,22,[ 4 12],21,-1,43,-1,21
1,<environment.Job instance at 0x7fc26725bc30>,23,16,[ 2 11],24,-1,53,-1,37
1,<environment.Job instance at 0x7fc26725be60>,25,19,[ 3 11],26,-1,56,-1,37
1,<environment.Job instance at 0x7fc266f29b40>,27,13,[ 4 11],28,-1,50,-1,37
1,<environment.Job instance at 0x7fc266f29c80>,26,28,[5 3],27,-1,74,-1,46
1,<environment.Job instance at 0x7fc266f29960>,30,19,[13  3],31,-1,65,-1,46
1,<environment.Job instance at 0x7fc266f29370>,31,20,[ 2 13],32,-1,66,-1,46
1,<environment.Job instance at 0x7fc266f29690>,33,15,[ 3 13],34,-1,61,-1,46
1,<environment.Job instance at 0x7fc266f29780>,34,17,[11  4],35,-1,63,-1,46
1,<environment.Job instance at 0x7fc266f29730>,37,26,[4 9],38,-1,81,-1,55
1,<environment.Job instance at 0x7fc266f29dc0>,38,26,[13  5],39,-1,81,-1,55
1,<environment.Job instance at 0x7fc26763c280>,40,12,[12  2],41,-1,67,-1,55
1,<environment.Job instance at 0x7fc26763c730>,42,23,[14  2],43,-1,78,-1,55
1,<environment.Job instance at 0x7fc26763cfa0>,43,25,[5 3],44,-1,80,-1,55
1,<environment.Job instance at 0x7fc26763cd70>,45,19,[ 4 14],46,-1,80,-1,61
1,<environment.Job instance at 0x7fc26763cf50>,46,13,[ 4 13],47,-1,74,-1,61
1,<environment.Job instance at 0x7fc26763cd20>,48,26,[10  5],49,-1,103,-1,77
1,<environment.Job instance at 0x7fc26763c8c0>,49,14,[14  1],50,-1,91,-1,77
1,<environment.Job instance at 0x7fc26763c500>,50,17,[13  2],51,-1,94,-1,77
1,<environment.Job instance at 0x7fc26763c780>,51,23,[8 3],52,-1,100,-1,77
1,<environment.Job instance at 0x7fc266c7ffa0>,55,16,[13  2],56,-1,109,-1,93
1,<environment.Job instance at 0x7fc266c7fcd0>,56,28,[12  2],57,-1,121,-1,93
1,<environment.Job instance at 0x7fc266c7f820>,57,12,[ 5 14],58,-1,105,-1,93
1,<environment.Job instance at 0x7fc266c7f410>,58,14,[14  2],59,-1,107,-1,93
1,<environment.Job instance at 0x7fc26763c410>,54,28,[8 4],55,-1,128,-1,100
1,<environment.Job instance at 0x7fc26761d2d0>,61,23,[12  3],62,-1,124,-1,101
1,<environment.Job instance at 0x7fc266a35910>,63,21,[12  2],64,-1,128,-1,107
1,<environment.Job instance at 0x7fc2674f3640>,64,21,[13  1],65,-1,128,-1,107
1,<environment.Job instance at 0x7fc2674f3cd0>,65,14,[ 1 11],66,-1,121,-1,107
1,<environment.Job instance at 0x7fc266ba9f50>,67,15,[12  3],68,-1,122,-1,107
1,<environment.Job instance at 0x7fc266bba7d0>,68,16,[14  3],69,-1,123,-1,107
1,<environment.Job instance at 0x7fc266c89c80>,71,16,[ 4 13],72,-1,140,-1,124
1,<environment.Job instance at 0x7fc267774be0>,73,17,[ 4 11],74,-1,150,-1,133
1,<environment.Job instance at 0x7fc2666e8370>,2,17,[10  2],3,-1,21,-1,4
1,<environment.Job instance at 0x7fc26762bc30>,3,22,[7 5],4,-1,28,-1,6
1,<environment.Job instance at 0x7fc2666e8820>,7,17,[ 3 14],8,-1,29,-1,12
1,<environment.Job instance at 0x7fc2666e8780>,12,17,[5 3],13,-1,30,-1,13
1,<environment.Job instance at 0x7fc2666e8690>,8,26,[ 5 13],9,-1,39,-1,13
1,<environment.Job instance at 0x7fc2671e2370>,14,14,[5 4],15,-1,30,-1,16
1,<environment.Job instance at 0x7fc2671e22d0>,15,18,[ 4 11],16,-1,41,-1,23
1,<environment.Job instance at 0x7fc2671e2aa0>,17,15,[4 5],18,-1,38,-1,23
1,<environment.Job instance at 0x7fc2671e24b0>,19,26,[ 1 10],20,-1,50,-1,24
1,<environment.Job instance at 0x7fc2666e8f00>,6,21,[ 3 11],7,-1,46,-1,25
1,<environment.Job instance at 0x7fc2671e2730>,20,18,[1 7],21,-1,44,-1,26
1,<environment.Job instance at 0x7fc2671e2e10>,21,28,[ 5 10],22,-1,55,-1,27
1,<environment.Job instance at 0x7fc2666e8e60>,4,18,[14  3],5,-1,45,-1,27
1,<environment.Job instance at 0x7fc2671e2a50>,22,23,[2 8],23,-1,50,-1,27
1,<environment.Job instance at 0x7fc2675781e0>,24,16,[13  1],25,-1,44,-1,28
1,<environment.Job instance at 0x7fc267578690>,25,28,[3 6],26,-1,56,-1,28
1,<environment.Job instance at 0x7fc267578820>,26,23,[ 5 11],27,-1,51,-1,28
1,<environment.Job instance at 0x7fc2671e2eb0>,23,21,[8 5],24,-1,49,-1,28
1,<environment.Job instance at 0x7fc2671e2af0>,16,18,[6 2],17,-1,46,-1,28
1,<environment.Job instance at 0x7fc267578370>,31,27,[5 8],32,-1,59,-1,32
1,<environment.Job instance at 0x7fc267578190>,30,21,[9 1],31,-1,54,-1,33
1,<environment.Job instance at 0x7fc267578aa0>,34,19,[4 9],35,-1,54,-1,35
1,<environment.Job instance at 0x7fc2668b4780>,0,17,[13  1],1,-1,18,-1,1
1,<environment.Job instance at 0x7fc267da25a0>,1,12,[11  4],2,-1,14,-1,2
1,<environment.Job instance at 0x7fc267066aa0>,4,18,[14  3],5,-1,23,-1,5
1,<environment.Job instance at 0x7fc267049190>,5,25,[ 3 12],6,-1,31,-1,6
1,<environment.Job instance at 0x7fc267d64e60>,6,21,[ 3 11],7,-1,28,-1,7
1,<environment.Job instance at 0x7fc266b6c2d0>,7,17,[ 3 14],8,-1,25,-1,8
1,<environment.Job instance at 0x7fc267049050>,8,26,[ 5 13],9,-1,35,-1,9
1,<environment.Job instance at 0x7fc266b6c410>,10,25,[2 6],11,-1,36,-1,11
1,<environment.Job instance at 0x7fc266b676e0>,11,24,[3 5],12,-1,36,-1,12
1,<environment.Job instance at 0x7fc266b67690>,13,16,[12  1],14,-1,30,-1,14
1,<environment.Job instance at 0x7fc2666d5410>,15,18,[ 4 11],16,-1,34,-1,16
1,<environment.Job instance at 0x7fc266b4c7d0>,18,15,[ 4 13],19,-1,35,-1,20
1,<environment.Job instance at 0x7fc2666d2e10>,19,26,[ 1 10],20,-1,46,-1,20
1,<environment.Job instance at 0x7fc2666d2730>,22,23,[2 8],23,-1,58,-1,35
1,<environment.Job instance at 0x7fc2666ee640>,24,16,[13  1],25,-1,51,-1,35
1,<environment.Job instance at 0x7fc2666c24b0>,25,28,[3 6],26,-1,63,-1,35
1,<environment.Job instance at 0x7fc2666c2af0>,26,23,[ 5 11],27,-1,58,-1,35
1,<environment.Job instance at 0x7fc2666ee5a0>,27,28,[2 8],28,-1,63,-1,35
1,<environment.Job instance at 0x7fc2666fc190>,28,17,[ 2 12],29,-1,52,-1,35
1,<environment.Job instance at 0x7fc2666e0460>,33,22,[ 1 13],34,-1,72,-1,50
1,<environment.Job instance at 0x7fc266f1beb0>,35,21,[ 5 13],36,-1,83,-1,62
1,<environment.Job instance at 0x7fc2666f9b40>,36,23,[ 4 12],37,-1,85,-1,62
1,<environment.Job instance at 0x7fc266f1b280>,37,20,[ 1 13],38,-1,82,-1,62
1,<environment.Job instance at 0x7fc2666d06e0>,38,26,[1 8],39,-1,88,-1,62
1,<environment.Job instance at 0x7fc2666d0730>,39,27,[14  4],40,-1,89,-1,62
1,<environment.Job instance at 0x7fc2678e1be0>,41,21,[ 1 11],42,-1,83,-1,62
1,<environment.Job instance at 0x7fc266f3a8c0>,42,20,[11  2],43,-1,82,-1,62
1,<environment.Job instance at 0x7fc2666cf5f0>,31,27,[5 8],32,-1,89,-1,62
1,<environment.Job instance at 0x7fc2666d2fa0>,21,28,[ 5 10],22,-1,90,-1,62
1,<environment.Job instance at 0x7fc266f163c0>,47,12,[ 2 13],48,-1,74,-1,62
1,<environment.Job instance at 0x7fc266f16320>,48,26,[13  3],49,-1,88,-1,62
1,<environment.Job instance at 0x7fc2678b21e0>,49,18,[ 5 14],50,-1,80,-1,62
1,<environment.Job instance at 0x7fc2678b0a00>,50,17,[12  1],51,-1,79,-1,62
1,<environment.Job instance at 0x7fc267d695f0>,51,22,[ 1 11],52,-1,84,-1,62
1,<environment.Job instance at 0x7fc267d69780>,52,14,[14  4],53,-1,76,-1,62
1,<environment.Job instance at 0x7fc2678fceb0>,53,28,[6 1],54,-1,91,-1,63
1,<environment.Job instance at 0x7fc266ba8910>,56,27,[7 3],57,-1,105,-1,78
1,<environment.Job instance at 0x7fc266ba88c0>,57,26,[11  4],58,-1,104,-1,78
1,<environment.Job instance at 0x7fc266f01550>,45,26,[9 3],46,-1,111,-1,85
1,<environment.Job instance at 0x7fc266a0baf0>,61,12,[14  5],62,-1,97,-1,85
1,<environment.Job instance at 0x7fc266bbae10>,62,24,[11  3],63,-1,109,-1,85
1,<environment.Job instance at 0x7fc2674f3cd0>,63,20,[14  4],64,-1,105,-1,85
1,<environment.Job instance at 0x7fc26761d730>,64,16,[ 1 11],65,-1,101,-1,85
1,<environment.Job instance at 0x7fc266c7f820>,65,19,[ 5 11],66,-1,104,-1,85
1,<environment.Job instance at 0x7fc266c7f460>,66,22,[ 2 11],67,-1,107,-1,85
1,<environment.Job instance at 0x7fc266c7fbe0>,69,23,[12  4],70,-1,117,-1,94
1,<environment.Job instance at 0x7fc26763c550>,71,25,[13  1],72,-1,119,-1,94
1,<environment.Job instance at 0x7fc26763c9b0>,72,22,[11  2],73,-1,116,-1,94
1,<environment.Job instance at 0x7fc26763c8c0>,74,28,[ 3 11],75,-1,125,-1,97
1,<environment.Job instance at 0x7fc26763cd20>,75,12,[ 5 12],76,-1,109,-1,97
1,<environment.Job instance at 0x7fc26763c050>,76,17,[ 3 11],77,-1,114,-1,97
1,<environment.Job instance at 0x7fc26763cf50>,77,16,[ 1 14],78,-1,113,-1,97
1,<environment.Job instance at 0x7fc26763c960>,78,24,[7 4],79,-1,132,-1,108
1,<environment.Job instance at 0x7fc26763cd70>,81,18,[ 4 12],82,-1,127,-1,109
1,<environment.Job instance at 0x7fc26763c730>,83,13,[ 2 13],84,-1,125,-1,112
1,<environment.Job instance at 0x7fc26763ce60>,79,27,[10  1],80,-1,150,-1,123
1,<environment.Job instance at 0x7fc266f29870>,85,21,[ 2 12],86,-1,144,-1,123
1,<environment.Job instance at 0x7fc266f29780>,87,16,[ 4 13],88,-1,139,-1,123
1,<environment.Job instance at 0x7fc266f29690>,86,24,[3 8],87,-1,149,-1,125
1,<environment.Job instance at 0x7fc266f29370>,90,27,[13  5],91,-1,152,-1,125
1,<environment.Job instance at 0x7fc266f294b0>,92,28,[ 4 13],93,-1,153,-1,125
1,<environment.Job instance at 0x7fc266f29fa0>,93,19,[14  3],94,-1,144,-1,125
1,<environment.Job instance at 0x7fc266f29b90>,88,25,[5 8],89,-1,164,-1,139
1,<environment.Job instance at 0x7fc26725bf00>,95,27,[4 5],96,-1,166,-1,139
1,<environment.Job instance at 0x7fc26725b690>,96,26,[1 5],97,-1,165,-1,139
1,<environment.Job instance at 0x7fc26725b500>,97,26,[ 2 11],98,-1,165,-1,139
1,<environment.Job instance at 0x7fc266f29460>,89,26,[1 9],90,-1,165,-1,139
1,<environment.Job instance at 0x7fc26725b3c0>,100,16,[14  3],101,-1,155,-1,139
1,<environment.Job instance at 0x7fc26777b8c0>,9,16,[ 1 10],10,-1,28,-1,12
1,<environment.Job instance at 0x7fc267cfdc80>,12,20,[9 5],13,-1,33,-1,13
1,<environment.Job instance at 0x7fc2666d0730>,2,25,[ 3 12],3,-1,28,-1,3
1,<environment.Job instance at 0x7fc266838640>,3,13,[11  1],4,-1,17,-1,4
1,<environment.Job instance at 0x7fc266f012d0>,4,20,[13  2],5,-1,25,-1,5
1,<environment.Job instance at 0x7fc2666c2af0>,5,13,[ 2 14],6,-1,19,-1,6
1,<environment.Job instance at 0x7fc2666d06e0>,7,20,[ 1 11],8,-1,28,-1,8
1,<environment.Job instance at 0x7fc2666106e0>,10,18,[ 3 11],11,-1,29,-1,11
1,<environment.Job instance at 0x7fc2666c2730>,11,24,[14  5],12,-1,36,-1,12
1,<environment.Job instance at 0x7fc266e165a0>,13,18,[14  3],14,-1,32,-1,14
1,<environment.Job instance at 0x7fc267aac500>,14,20,[14  1],15,-1,35,-1,15
1,<environment.Job instance at 0x7fc267aacc30>,15,14,[ 1 11],16,-1,30,-1,16
1,<environment.Job instance at 0x7fc267aacc80>,16,12,[ 1 11],17,-1,29,-1,17
1,<environment.Job instance at 0x7fc267aac780>,17,12,[ 5 12],18,-1,30,-1,18
1,<environment.Job instance at 0x7fc267aaccd0>,18,19,[11  1],19,-1,38,-1,19
1,<environment.Job instance at 0x7fc267aaceb0>,19,24,[5 3],20,-1,44,-1,20
1,<environment.Job instance at 0x7fc267aac190>,20,13,[ 2 11],21,-1,34,-1,21
1,<environment.Job instance at 0x7fc267aac320>,23,16,[ 1 13],24,-1,40,-1,24
1,<environment.Job instance at 0x7fc2705b5230>,26,24,[13  4],27,-1,57,-1,33
1,<environment.Job instance at 0x7fc2705b5e10>,27,21,[ 1 12],28,-1,54,-1,33
1,<environment.Job instance at 0x7fc2705b5500>,28,25,[4 8],29,-1,58,-1,33
1,<environment.Job instance at 0x7fc2705b5a00>,32,25,[5 8],33,-1,62,-1,37
1,<environment.Job instance at 0x7fc2705b5820>,34,14,[12  4],35,-1,51,-1,37
1,<environment.Job instance at 0x7fc26749d550>,35,23,[ 1 13],36,-1,60,-1,37
1,<environment.Job instance at 0x7fc26749daa0>,37,14,[13  3],38,-1,60,-1,46
1,<environment.Job instance at 0x7fc26749d7d0>,39,24,[12  3],40,-1,75,-1,51
1,<environment.Job instance at 0x7fc26749d370>,40,14,[12  4],41,-1,65,-1,51
1,<environment.Job instance at 0x7fc26749d140>,41,23,[5 2],42,-1,84,-1,61
1,<environment.Job instance at 0x7fc26749d280>,42,16,[12  4],43,-1,77,-1,61
1,<environment.Job instance at 0x7fc26749d2d0>,43,18,[13  5],44,-1,79,-1,61
1,<environment.Job instance at 0x7fc26749db90>,44,23,[5 5],45,-1,84,-1,61
1,<environment.Job instance at 0x7fc26749d820>,45,18,[13  2],46,-1,79,-1,61
1,<environment.Job instance at 0x7fc26749dd20>,46,27,[5 6],47,-1,88,-1,61
1,<environment.Job instance at 0x7fc267154960>,48,20,[ 3 14],49,-1,81,-1,61
1,<environment.Job instance at 0x7fc267154a50>,49,20,[13  3],50,-1,81,-1,61
1,<environment.Job instance at 0x7fc267154820>,50,27,[ 5 12],51,-1,88,-1,61
1,<environment.Job instance at 0x7fc26749d910>,47,24,[9 5],48,-1,88,-1,64
1,<environment.Job instance at 0x7fc267154e10>,52,14,[ 1 13],53,-1,78,-1,64
1,<environment.Job instance at 0x7fc267154fa0>,54,24,[12  4],55,-1,88,-1,64
1,<environment.Job instance at 0x7fc267154d20>,55,13,[13  1],56,-1,77,-1,64
1,<environment.Job instance at 0x7fc267154190>,56,26,[2 7],57,-1,100,-1,74
1,<environment.Job instance at 0x7fc267154d70>,57,25,[11  1],58,-1,99,-1,74
1,<environment.Job instance at 0x7fc267154870>,58,24,[ 3 14],59,-1,98,-1,74
1,<environment.Job instance at 0x7fc267154460>,59,26,[12  5],60,-1,100,-1,74
1,<environment.Job instance at 0x7fc267154230>,61,24,[11  1],62,-1,98,-1,74
1,<environment.Job instance at 0x7fc267154e60>,62,25,[14  3],63,-1,99,-1,74
1,<environment.Job instance at 0x7fc2705aa1e0>,63,19,[11  3],64,-1,93,-1,74
1,<environment.Job instance at 0x7fc2705aa0f0>,64,17,[12  2],65,-1,91,-1,74
1,<environment.Job instance at 0x7fc2705aafa0>,65,23,[ 5 14],66,-1,97,-1,74
1,<environment.Job instance at 0x7fc2705aa7d0>,66,22,[ 4 11],67,-1,96,-1,74
1,<environment.Job instance at 0x7fc2673ec410>,71,15,[ 2 13],72,-1,97,-1,82
1,<environment.Job instance at 0x7fc2673ecbe0>,73,18,[ 3 13],74,-1,105,-1,87
1,<environment.Job instance at 0x7fc2673ec550>,75,25,[12  4],76,-1,124,-1,99
1,<environment.Job instance at 0x7fc2673ecaf0>,76,23,[8 3],77,-1,138,-1,115
1,<environment.Job instance at 0x7fc2673ec8c0>,79,15,[13  3],80,-1,130,-1,115
1,<environment.Job instance at 0x7fc2673ec280>,80,17,[12  5],81,-1,132,-1,115
1,<environment.Job instance at 0x7fc2673ec0a0>,81,28,[5 3],82,-1,149,-1,121
1,<environment.Job instance at 0x7fc2673ec370>,82,27,[12  4],83,-1,148,-1,121
1,<environment.Job instance at 0x7fc2673ec460>,83,24,[2 5],84,-1,145,-1,121
1,<environment.Job instance at 0x7fc266b4b5f0>,84,20,[ 3 13],85,-1,141,-1,121
1,<environment.Job instance at 0x7fc266b4bfa0>,85,15,[12  1],86,-1,136,-1,121
1,<environment.Job instance at 0x7fc266b4b230>,86,25,[7 2],87,-1,156,-1,131
1,<environment.Job instance at 0x7fc266b4b0f0>,88,16,[14  3],89,-1,147,-1,131
1,<environment.Job instance at 0x7fc266b4b140>,89,16,[ 5 12],90,-1,147,-1,131
1,<environment.Job instance at 0x7fc266b4b0a0>,91,27,[12  3],92,-1,159,-1,132
1,<environment.Job instance at 0x7fc266b4b960>,93,21,[ 1 11],94,-1,154,-1,133
1,<environment.Job instance at 0x7fc267a6b230>,94,26,[11  5],95,-1,159,-1,133
1,<environment.Job instance at 0x7fc266f87e10>,3,23,[4 6],4,-1,28,-1,5
1,<environment.Job instance at 0x7fc2666a38c0>,5,16,[1 8],6,-1,22,-1,6
1,<environment.Job instance at 0x7fc267453dc0>,0,13,[ 4 11],1,-1,14,-1,1
1,<environment.Job instance at 0x7fc2673f5280>,1,26,[ 2 12],2,-1,28,-1,2
1,<environment.Job instance at 0x7fc2673f5eb0>,2,24,[13  2],3,-1,27,-1,3
1,<environment.Job instance at 0x7fc2673f5370>,3,23,[4 6],4,-1,27,-1,4
1,<environment.Job instance at 0x7fc2673f5b90>,4,25,[ 3 14],5,-1,30,-1,5
1,<environment.Job instance at 0x7fc2673f53c0>,6,28,[11  3],7,-1,35,-1,7
1,<environment.Job instance at 0x7fc2673f51e0>,7,26,[14  1],8,-1,34,-1,8
1,<environment.Job instance at 0x7fc2673f57d0>,10,16,[13  3],11,-1,27,-1,11
1,<environment.Job instance at 0x7fc2674538c0>,12,17,[11  4],13,-1,30,-1,13
1,<environment.Job instance at 0x7fc2673f5be0>,13,16,[ 2 12],14,-1,30,-1,14
1,<environment.Job instance at 0x7fc266b52550>,16,17,[ 5 11],17,-1,34,-1,17
1,<environment.Job instance at 0x7fc266b52500>,17,16,[11  5],18,-1,34,-1,18
1,<environment.Job instance at 0x7fc266b52e10>,19,22,[14  3],20,-1,42,-1,20
1,<environment.Job instance at 0x7fc2673f58c0>,11,28,[7 2],12,-1,58,-1,30
1,<environment.Job instance at 0x7fc2673f5730>,14,27,[6 3],15,-1,57,-1,30
1,<environment.Job instance at 0x7fc266b527d0>,22,17,[ 2 14],23,-1,47,-1,30
1,<environment.Job instance at 0x7fc266b52a50>,23,19,[ 1 12],24,-1,49,-1,30
1,<environment.Job instance at 0x7fc266b52b40>,24,24,[8 3],25,-1,54,-1,30
1,<environment.Job instance at 0x7fc266b52d20>,25,17,[ 5 14],26,-1,47,-1,30
1,<environment.Job instance at 0x7fc267a6b500>,26,27,[12  5],27,-1,57,-1,30
1,<environment.Job instance at 0x7fc267a6b1e0>,27,16,[12  5],28,-1,46,-1,30
1,<environment.Job instance at 0x7fc267a6bf50>,29,17,[12  5],30,-1,47,-1,30
1,<environment.Job instance at 0x7fc266b52640>,18,27,[7 3],19,-1,57,-1,30
1,<environment.Job instance at 0x7fc267a6b550>,30,12,[12  4],31,-1,43,-1,31
1,<environment.Job instance at 0x7fc267a6bf00>,31,26,[2 8],32,-1,58,-1,32
1,<environment.Job instance at 0x7fc267a6b820>,32,14,[ 1 11],33,-1,47,-1,33
1,<environment.Job instance at 0x7fc267a6b780>,33,14,[ 1 11],34,-1,48,-1,34
1,<environment.Job instance at 0x7fc267a6b230>,34,24,[2 6],35,-1,59,-1,35
1,<environment.Job instance at 0x7fc267a6b190>,35,28,[4 9],36,-1,70,-1,42
1,<environment.Job instance at 0x7fc266b4bdc0>,38,17,[ 1 13],39,-1,59,-1,42
1,<environment.Job instance at 0x7fc266b4b960>,39,23,[3 7],40,-1,65,-1,42
1,<environment.Job instance at 0x7fc266b4b640>,40,12,[ 3 11],41,-1,54,-1,42
1,<environment.Job instance at 0x7fc266b4b140>,41,25,[14  5],42,-1,67,-1,42
1,<environment.Job instance at 0x7fc267a6b320>,37,28,[10  3],38,-1,70,-1,42
1,<environment.Job instance at 0x7fc266b4b5f0>,42,18,[11  4],43,-1,61,-1,43
1,<environment.Job instance at 0x7fc266b4b0f0>,44,15,[13  2],45,-1,60,-1,45
1,<environment.Job instance at 0x7fc266b4baa0>,45,16,[12  3],46,-1,62,-1,46
1,<environment.Job instance at 0x7fc2673ecb90>,48,28,[5 6],49,-1,80,-1,52
1,<environment.Job instance at 0x7fc2673ec370>,49,22,[ 1 13],50,-1,74,-1,52
1,<environment.Job instance at 0x7fc2673ece60>,50,12,[11  4],51,-1,64,-1,52
1,<environment.Job instance at 0x7fc2673eca50>,52,21,[ 4 12],53,-1,77,-1,56
1,<environment.Job instance at 0x7fc2673ec5a0>,54,26,[ 4 13],55,-1,82,-1,56
1,<environment.Job instance at 0x7fc2673ec640>,57,24,[3 7],58,-1,96,-1,72
1,<environment.Job instance at 0x7fc2673ec500>,58,17,[ 2 14],59,-1,89,-1,72
1,<environment.Job instance at 0x7fc2673ecf50>,60,14,[ 3 13],61,-1,86,-1,72
1,<environment.Job instance at 0x7fc2673ecaa0>,56,26,[7 4],57,-1,110,-1,84
1,<environment.Job instance at 0x7fc2705aafa0>,65,26,[12  1],66,-1,110,-1,84
1,<environment.Job instance at 0x7fc267154d70>,70,27,[ 4 12],71,-1,121,-1,94
1,<environment.Job instance at 0x7fc267154370>,71,28,[11  3],72,-1,122,-1,94
1,<environment.Job instance at 0x7fc267154190>,72,24,[ 3 12],73,-1,118,-1,94
1,<environment.Job instance at 0x7fc267154fa0>,73,14,[ 3 12],74,-1,108,-1,94
1,<environment.Job instance at 0x7fc267154e10>,74,13,[12  5],75,-1,107,-1,94
1,<environment.Job instance at 0x7fc267154d20>,75,13,[12  1],76,-1,107,-1,94
1,<environment.Job instance at 0x7fc2671542d0>,76,18,[ 4 12],77,-1,112,-1,94
1,<environment.Job instance at 0x7fc2671548c0>,77,12,[13  3],78,-1,106,-1,94
1,<environment.Job instance at 0x7fc2671543c0>,78,28,[14  1],79,-1,122,-1,94
1,<environment.Job instance at 0x7fc26749d910>,81,18,[ 1 11],82,-1,120,-1,102
1,<environment.Job instance at 0x7fc26749dbe0>,84,24,[14  4],85,-1,142,-1,118
1,<environment.Job instance at 0x7fc26749d0f0>,87,24,[11  1],88,-1,152,-1,128
1,<environment.Job instance at 0x7fc26749de10>,88,26,[2 7],89,-1,156,-1,130
1,<environment.Job instance at 0x7fc26749d230>,89,24,[14  2],90,-1,154,-1,130
1,<environment.Job instance at 0x7fc26749d780>,90,23,[ 2 11],91,-1,153,-1,130
1,<environment.Job instance at 0x7fc26749d0a0>,91,28,[ 1 11],92,-1,158,-1,130
1,<environment.Job instance at 0x7f3b68446b90>,2,20,[7 4],3,-1,24,-1,4
1,<environment.Job instance at 0x7f3b71a908c0>,3,13,[12  4],4,-1,17,-1,4
1,<environment.Job instance at 0x7f3b68446be0>,9,16,[12  1],10,-1,26,-1,10
1,<environment.Job instance at 0x7f3b6844b3c0>,14,15,[14  4],15,-1,65,-1,50
1,<environment.Job instance at 0x7f3b685719b0>,3,13,[12  4],4,-1,17,-1,4
1,<environment.Job instance at 0x7f3b685f03c0>,5,24,[ 2 14],6,-1,30,-1,6
1,<environment.Job instance at 0x7f3b71a90870>,6,15,[ 2 14],7,-1,22,-1,7
1,<environment.Job instance at 0x7f3b684528c0>,8,20,[ 4 13],9,-1,29,-1,9
1,<environment.Job instance at 0x7f3b6857d960>,9,16,[12  1],10,-1,26,-1,10
1,<environment.Job instance at 0x7f3b68454410>,4,24,[7 2],5,-1,42,-1,18
1,<environment.Job instance at 0x7f3b6857d3c0>,12,28,[ 1 14],13,-1,46,-1,18
1,<environment.Job instance at 0x7f3b6856a500>,14,15,[14  4],15,-1,33,-1,18
1,<environment.Job instance at 0x7f3b6856abe0>,15,20,[ 3 12],16,-1,38,-1,18
1,<environment.Job instance at 0x7f3b685f0a00>,1,24,[10  1],2,-1,47,-1,23
1,<environment.Job instance at 0x7f3b68665be0>,17,19,[12  4],18,-1,42,-1,23
1,<environment.Job instance at 0x7f3b6856bf00>,18,18,[13  1],19,-1,41,-1,23
1,<environment.Job instance at 0x7f3b6856b960>,19,23,[8 4],20,-1,46,-1,23
1,<environment.Job instance at 0x7f3b685ee730>,20,17,[ 2 14],21,-1,40,-1,23
1,<environment.Job instance at 0x7f3b685eecd0>,21,14,[ 4 11],22,-1,37,-1,23
1,<environment.Job instance at 0x7f3b71a90780>,7,26,[9 3],8,-1,49,-1,23
1,<environment.Job instance at 0x7f3b6856a190>,16,28,[5 1],17,-1,51,-1,23
1,<environment.Job instance at 0x7f3b6853cd20>,23,16,[12  2],24,-1,40,-1,24
1,<environment.Job instance at 0x7f3b68508cd0>,27,17,[ 4 12],28,-1,50,-1,33
1,<environment.Job instance at 0x7f3b68508730>,28,17,[ 1 13],29,-1,50,-1,33
1,<environment.Job instance at 0x7f3b68508eb0>,29,24,[ 4 13],30,-1,57,-1,33
1,<environment.Job instance at 0x7f3b68508690>,30,26,[11  4],31,-1,59,-1,33
1,<environment.Job instance at 0x7f3b68508f50>,31,28,[ 2 10],32,-1,61,-1,33
1,<environment.Job instance at 0x7f3b684ebd70>,25,24,[5 7],26,-1,57,-1,33
1,<environment.Job instance at 0x7f3b68508af0>,33,28,[6 4],34,-1,64,-1,36
1,<environment.Job instance at 0x7f3b685087d0>,34,24,[5 5],35,-1,60,-1,36
1,<environment.Job instance at 0x7f3b68508550>,37,14,[ 5 14],38,-1,52,-1,38
1,<environment.Job instance at 0x7f3b685f3af0>,38,24,[13  2],39,-1,63,-1,39
1,<environment.Job instance at 0x7f3b685f3b90>,40,26,[ 1 14],41,-1,71,-1,45
1,<environment.Job instance at 0x7f3b685620a0>,42,12,[ 5 12],43,-1,57,-1,45
1,<environment.Job instance at 0x7f3b685cd190>,44,12,[11  3],45,-1,64,-1,52
1,<environment.Job instance at 0x7f3b68555cd0>,45,12,[ 3 14],46,-1,64,-1,52
1,<environment.Job instance at 0x7f3b68562d70>,47,14,[12  2],48,-1,71,-1,57
1,<environment.Job instance at 0x7f3b68538410>,48,14,[ 1 11],49,-1,71,-1,57
1,<environment.Job instance at 0x7f3b685036e0>,50,13,[ 4 12],51,-1,81,-1,68
1,<environment.Job instance at 0x7f3b685032d0>,52,21,[14  2],53,-1,89,-1,68
1,<environment.Job instance at 0x7f3b68503370>,55,12,[ 2 12],56,-1,99,-1,87
1,<environment.Job instance at 0x7f3b68503c30>,57,16,[ 2 11],58,-1,104,-1,88
1,<environment.Job instance at 0x7f3b68503dc0>,58,17,[ 3 13],59,-1,105,-1,88
1,<environment.Job instance at 0x7f3b68552dc0>,60,28,[2 6],61,-1,116,-1,88
1,<environment.Job instance at 0x7f3b68552500>,61,23,[13  5],62,-1,111,-1,88
1,<environment.Job instance at 0x7f3b68552280>,62,14,[ 4 11],63,-1,102,-1,88
1,<environment.Job instance at 0x7f3b685525f0>,64,24,[2 8],65,-1,112,-1,88
1,<environment.Job instance at 0x7f3b68552a00>,65,26,[5 5],66,-1,126,-1,100
1,<environment.Job instance at 0x7f3b68552190>,66,17,[ 4 12],67,-1,117,-1,100
1,<environment.Job instance at 0x7f3b68507910>,69,26,[1 7],70,-1,126,-1,100
1,<environment.Job instance at 0x7f3b685073c0>,72,28,[11  1],73,-1,141,-1,113
1,<environment.Job instance at 0x7f3b67c6edc0>,0,24,[ 2 13],1,-1,25,-1,1
1,<environment.Job instance at 0x7f3b67c6e140>,1,28,[7 1],2,-1,30,-1,2
1,<environment.Job instance at 0x7f3b67c6e280>,3,27,[9 2],4,-1,31,-1,4
1,<environment.Job instance at 0x7f3b67cb0640>,4,26,[12  4],5,-1,31,-1,5
1,<environment.Job instance at 0x7f3b67c6e640>,7,25,[ 3 13],8,-1,33,-1,8
1,<environment.Job instance at 0x7f3b67bf4dc0>,8,24,[12  5],9,-1,33,-1,9
1,<environment.Job instance at 0x7f3b67bf4190>,9,25,[ 2 11],10,-1,35,-1,10
1,<environment.Job instance at 0x7f3b67d6d7d0>,11,23,[ 3 14],12,-1,35,-1,12
1,<environment.Job instance at 0x7f3b67c92cd0>,13,17,[13  1],14,-1,31,-1,14
1,<environment.Job instance at 0x7f3b67c92be0>,10,26,[5 4],11,-1,41,-1,15
1,<environment.Job instance at 0x7f3b67c92eb0>,15,16,[11  3],16,-1,32,-1,16
1,<environment.Job instance at 0x7f3b67c92a50>,16,24,[13  4],17,-1,41,-1,17
1,<environment.Job instance at 0x7f3b67c92820>,17,18,[14  2],18,-1,36,-1,18
1,<environment.Job instance at 0x7f3b67c05820>,19,17,[14  3],20,-1,37,-1,20
1,<environment.Job instance at 0x7f3b67c92870>,20,24,[ 4 11],21,-1,45,-1,21
1,<environment.Job instance at 0x7f3b67bfd190>,24,25,[14  5],25,-1,50,-1,25
1,<environment.Job instance at 0x7f3b67c01aa0>,25,24,[3 7],26,-1,61,-1,37
1,<environment.Job instance at 0x7f3b67c01b40>,27,17,[11  1],28,-1,54,-1,37
1,<environment.Job instance at 0x7f3b67c08690>,28,27,[ 3 13],29,-1,64,-1,37
1,<environment.Job instance at 0x7f3b67c702d0>,31,19,[11  4],32,-1,59,-1,40
1,<environment.Job instance at 0x7f3b67c085f0>,30,26,[3 9],31,-1,76,-1,50
1,<environment.Job instance at 0x7f3b67c70280>,33,25,[13  2],34,-1,75,-1,50
1,<environment.Job instance at 0x7f3b67c70be0>,34,23,[6 4],35,-1,73,-1,50
1,<environment.Job instance at 0x7f3b67c70a50>,35,22,[12  2],36,-1,72,-1,50
1,<environment.Job instance at 0x7f3b67c70af0>,32,24,[4 9],33,-1,74,-1,50
1,<environment.Job instance at 0x7f3b67c13eb0>,38,13,[ 3 11],39,-1,63,-1,50
1,<environment.Job instance at 0x7f3b67c13370>,39,14,[14  1],40,-1,64,-1,50
1,<environment.Job instance at 0x7f3b67c13fa0>,40,14,[12  1],41,-1,64,-1,50
1,<environment.Job instance at 0x7f3b67c13cd0>,41,17,[12  4],42,-1,67,-1,50
1,<environment.Job instance at 0x7f3b67c0c5a0>,44,16,[ 4 14],45,-1,72,-1,56
1,<environment.Job instance at 0x7f3b67c17af0>,49,14,[14  2],50,-1,93,-1,79
1,<environment.Job instance at 0x7f3b67c5e6e0>,50,13,[12  2],51,-1,92,-1,79
1,<environment.Job instance at 0x7f3b67c5e7d0>,51,27,[3 6],52,-1,106,-1,79
1,<environment.Job instance at 0x7f3b67c0faa0>,55,13,[12  2],56,-1,101,-1,88
1,<environment.Job instance at 0x7f3b67c0f9b0>,57,14,[11  1],58,-1,102,-1,88
1,<environment.Job instance at 0x7f3b67c1c500>,58,24,[12  2],59,-1,112,-1,88
1,<environment.Job instance at 0x7f3b67c1caa0>,59,20,[12  3],60,-1,108,-1,88
1,<environment.Job instance at 0x7f3b67c65b90>,61,15,[11  5],62,-1,109,-1,94
1,<environment.Job instance at 0x7f3b67c651e0>,62,19,[14  4],63,-1,113,-1,94
1,<environment.Job instance at 0x7f3b67c65910>,63,17,[ 3 12],64,-1,111,-1,94
1,<environment.Job instance at 0x7f3b67c65a50>,65,19,[ 4 14],66,-1,121,-1,102
1,<environment.Job instance at 0x7f3b67c65f00>,66,16,[ 5 12],67,-1,118,-1,102
1,<environment.Job instance at 0x7f3b67c653c0>,67,21,[ 1 12],68,-1,123,-1,102
1,<environment.Job instance at 0x7f3b67c65be0>,68,16,[ 1 14],69,-1,118,-1,102
1,<environment.Job instance at 0x7f3b67c65c80>,69,18,[ 1 14],70,-1,120,-1,102
1,<environment.Job instance at 0x7f3b67c65460>,70,23,[1 9],71,-1,127,-1,104
1,<environment.Job instance at 0x7f3b67c65aa0>,71,17,[14  5],72,-1,121,-1,104
1,<environment.Job instance at 0x7f3b67c65af0>,73,25,[11  3],74,-1,130,-1,105
1,<environment.Job instance at 0x7f3b67d5cdc0>,74,15,[14  2],75,-1,120,-1,105
1,<environment.Job instance at 0x7f3b67d92870>,75,18,[11  1],76,-1,123,-1,105
1,<environment.Job instance at 0x7f3b67c65f50>,72,25,[4 8],73,-1,137,-1,112
1,<environment.Job instance at 0x7f3b67d92b90>,77,17,[12  1],78,-1,129,-1,112
1,<environment.Job instance at 0x7f3b67c8dd70>,78,20,[12  2],79,-1,132,-1,112
1,<environment.Job instance at 0x7f3b67e6adc0>,56,27,[10  5],57,-1,148,-1,121
1,<environment.Job instance at 0x7f3b67c20460>,81,13,[ 4 11],82,-1,134,-1,121
1,<environment.Job instance at 0x7f3b67c4c8c0>,82,16,[14  3],83,-1,137,-1,121
1,<environment.Job instance at 0x7f3b67c4c500>,85,14,[ 1 13],86,-1,140,-1,126
1,<environment.Job instance at 0x7f3b67c4c690>,88,19,[13  1],89,-1,164,-1,145
1,<environment.Job instance at 0x7f3b67c45b90>,89,20,[ 1 12],90,-1,165,-1,145
1,<environment.Job instance at 0x7f3b67a075f0>,3,18,[9 5],4,-1,22,-1,4
1,<environment.Job instance at 0x7f3b67a07a00>,4,18,[1 7],5,-1,24,-1,6
1,<environment.Job instance at 0x7f3b67a07d20>,8,25,[4 5],9,-1,34,-1,9
1,<environment.Job instance at 0x7f3b67ae10a0>,23,24,[7 5],24,-1,147,-1,123
1,<environment.Job instance at 0x7f3b67a07e60>,22,28,[11  2],23,-1,151,-1,123
1,<environment.Job instance at 0x7f3b67ae16e0>,26,27,[ 4 13],27,-1,150,-1,123
1,<environment.Job instance at 0x7f3b67ae1280>,28,12,[13  4],29,-1,149,-1,137
1,<environment.Job instance at 0x7f3b67ae1dc0>,27,28,[ 1 14],28,-1,176,-1,148
1,<environment.Job instance at 0x7f3b67a077d0>,15,27,[12  4],16,-1,175,-1,148
1,<environment.Job instance at 0x7f3b67ae1aa0>,31,27,[4 6],32,-1,175,-1,148
1,<environment.Job instance at 0x7f3b68249780>,1,15,[14  2],2,-1,17,-1,2
1,<environment.Job instance at 0x7f3b682491e0>,2,28,[14  3],3,-1,31,-1,3
1,<environment.Job instance at 0x7f3b68fbc370>,5,14,[ 3 14],6,-1,20,-1,6
1,<environment.Job instance at 0x7f3b67e6eb90>,6,17,[13  5],7,-1,24,-1,7
1,<environment.Job instance at 0x7f3b68d3e5a0>,7,13,[ 5 14],8,-1,21,-1,8
1,<environment.Job instance at 0x7f3b67eff5a0>,9,16,[11  3],10,-1,26,-1,10
1,<environment.Job instance at 0x7f3b68d41c30>,11,12,[12  3],12,-1,24,-1,12
1,<environment.Job instance at 0x7f3b67e94b90>,8,25,[4 5],9,-1,38,-1,13
1,<environment.Job instance at 0x7f3b68087780>,12,28,[6 3],13,-1,41,-1,13
1,<environment.Job instance at 0x7f3b67e5ab90>,13,23,[ 1 11],14,-1,37,-1,14
1,<environment.Job instance at 0x7f3b71ad27d0>,15,27,[12  4],16,-1,43,-1,16
1,<environment.Job instance at 0x7f3b68c0fa00>,16,13,[14  5],17,-1,30,-1,17
1,<environment.Job instance at 0x7f3b68b2c460>,17,16,[ 5 11],18,-1,34,-1,18
1,<environment.Job instance at 0x7f3b68210eb0>,19,19,[ 3 11],20,-1,39,-1,20
1,<environment.Job instance at 0x7f3b68c0faf0>,18,23,[4 8],19,-1,45,-1,22
1,<environment.Job instance at 0x7f3b68fc0550>,21,15,[13  3],22,-1,37,-1,22
1,<environment.Job instance at 0x7f3b67e8d8c0>,22,28,[11  2],23,-1,51,-1,23
1,<environment.Job instance at 0x7f3b68c550a0>,26,27,[ 4 13],27,-1,54,-1,27
1,<environment.Job instance at 0x7f3b67e27500>,27,28,[ 1 14],28,-1,56,-1,28
1,<environment.Job instance at 0x7f3b67e27d20>,28,12,[13  4],29,-1,41,-1,29
1,<environment.Job instance at 0x7f3b67dc22d0>,29,12,[ 5 12],30,-1,42,-1,30
1,<environment.Job instance at 0x7f3b67e270a0>,31,27,[4 6],32,-1,61,-1,34
1,<environment.Job instance at 0x7f3b716084b0>,23,24,[7 5],24,-1,60,-1,36
1,<environment.Job instance at 0x7f3b6907fbe0>,30,28,[7 4],31,-1,64,-1,36
1,<environment.Job instance at 0x7f3b67ded690>,35,27,[12  5],36,-1,63,-1,36
1,<environment.Job instance at 0x7f3b68d36be0>,37,28,[11  5],38,-1,73,-1,45
1,<environment.Job instance at 0x7f3b68d363c0>,38,25,[14  5],39,-1,70,-1,45
1,<environment.Job instance at 0x7f3b68d36780>,39,26,[14  1],40,-1,71,-1,45
1,<environment.Job instance at 0x7f3b67f64fa0>,40,17,[12  2],41,-1,62,-1,45
1,<environment.Job instance at 0x7f3b67f64c80>,41,26,[6 2],42,-1,71,-1,45
1,<environment.Job instance at 0x7f3b68d360a0>,42,23,[5 8],43,-1,68,-1,45
1,<environment.Job instance at 0x7f3b6824a410>,45,21,[ 4 14],46,-1,69,-1,48
1,<environment.Job instance at 0x7f3b67de5190>,47,20,[ 2 11],48,-1,85,-1,65
1,<environment.Job instance at 0x7f3b67e24910>,48,13,[12  1],49,-1,78,-1,65
1,<environment.Job instance at 0x7f3b67e24640>,49,12,[14  3],50,-1,77,-1,65
1,<environment.Job instance at 0x7f3b67e24be0>,50,23,[ 4 11],51,-1,88,-1,65
1,<environment.Job instance at 0x7f3b67e241e0>,51,14,[ 2 14],52,-1,79,-1,65
1,<environment.Job instance at 0x7f3b67e24c80>,52,27,[1 8],53,-1,92,-1,65
1,<environment.Job instance at 0x7f3b67dc3c30>,53,26,[7 4],54,-1,91,-1,65
1,<environment.Job instance at 0x7f3b67dc3f50>,54,20,[14  3],55,-1,85,-1,65
1,<environment.Job instance at 0x7f3b67dc3dc0>,55,25,[5 2],56,-1,90,-1,65
1,<environment.Job instance at 0x7f3b67dc1d70>,56,24,[6 3],57,-1,89,-1,65
1,<environment.Job instance at 0x7f3b67dc14b0>,57,25,[ 2 14],58,-1,90,-1,65
1,<environment.Job instance at 0x7f3b67de56e0>,46,28,[5 6],47,-1,93,-1,65
1,<environment.Job instance at 0x7f3b71c0ae60>,60,28,[8 2],61,-1,93,-1,65
1,<environment.Job instance at 0x7f3b71c0a140>,61,26,[14  3],62,-1,91,-1,65
1,<environment.Job instance at 0x7f3b67b9a050>,62,27,[12  1],63,-1,92,-1,65
1,<environment.Job instance at 0x7f3b67b9a230>,63,27,[ 3 11],64,-1,92,-1,65
1,<environment.Job instance at 0x7f3b67b9ae60>,64,15,[ 3 13],65,-1,80,-1,65
1,<environment.Job instance at 0x7f3b67bf2910>,65,21,[ 5 12],66,-1,87,-1,66
1,<environment.Job instance at 0x7f3b67bf2cd0>,67,23,[9 5],68,-1,101,-1,78
1,<environment.Job instance at 0x7f3b67e4b640>,71,25,[12  5],72,-1,116,-1,91
1,<environment.Job instance at 0x7f3b67e4b0a0>,72,24,[6 4],73,-1,115,-1,91
1,<environment.Job instance at 0x7f3b67e4b5f0>,73,19,[ 2 11],74,-1,110,-1,91
1,<environment.Job instance at 0x7f3b67e4be60>,74,23,[13  3],75,-1,114,-1,91
1,<environment.Job instance at 0x7f3b681b4370>,77,25,[4 9],78,-1,128,-1,103
1,<environment.Job instance at 0x7f3b67e6adc0>,79,28,[5 9],80,-1,131,-1,103
1,<environment.Job instance at 0x7f3b67e66b90>,80,24,[4 8],81,-1,127,-1,103
1,<environment.Job instance at 0x7f3b67ce27d0>,82,23,[10  5],83,-1,126,-1,103
1,<environment.Job instance at 0x7f3b67ce2640>,83,24,[12  1],84,-1,127,-1,103
1,<environment.Job instance at 0x7f3b67deb4b0>,84,17,[12  4],85,-1,120,-1,103
1,<environment.Job instance at 0x7f3b67a85cd0>,78,26,[6 1],79,-1,129,-1,103
1,<environment.Job instance at 0x7f3b67debdc0>,86,27,[13  3],87,-1,130,-1,103
1,<environment.Job instance at 0x7f3b67ccaf00>,88,17,[ 1 11],89,-1,121,-1,104
1,<environment.Job instance at 0x7f3b67e20460>,90,19,[12  4],91,-1,126,-1,107
1,<environment.Job instance at 0x7f3b67e20a00>,91,14,[ 5 12],92,-1,121,-1,107
1,<environment.Job instance at 0x7f3b67e200f0>,93,25,[8 3],94,-1,149,-1,124
1,<environment.Job instance at 0x7f3b67e20b40>,94,16,[ 2 11],95,-1,140,-1,124
1,<environment.Job instance at 0x7f3b67e20280>,95,28,[ 3 11],96,-1,152,-1,124
1,<environment.Job instance at 0x7f3b67e205a0>,96,15,[13  4],97,-1,139,-1,124
1,<environment.Job instance at 0x7f3b67e207d0>,97,24,[2 7],98,-1,148,-1,124
1,<environment.Job instance at 0x7f3b67e20f00>,98,16,[14  5],99,-1,140,-1,124
1,<environment.Job instance at 0x7f3b67d6d5a0>,100,27,[14  3],101,-1,151,-1,124
1,<environment.Job instance at 0x7f3b67d6d7d0>,101,18,[ 1 14],102,-1,142,-1,124
1,<environment.Job instance at 0x7f3b67ef5730>,103,15,[11  2],104,-1,148,-1,133
1,<environment.Job instance at 0x7f3b67ef5050>,104,13,[ 1 12],105,-1,146,-1,133
1,<environment.Job instance at 0x7f3b67e696e0>,106,28,[5 7],107,-1,175,-1,147
1,<environment.Job instance at 0x7f3b67e69820>,107,16,[ 4 11],108,-1,163,-1,147
1,<environment.Job instance at 0x7f3b67e69460>,108,17,[13  3],109,-1,164,-1,147
1,<environment.Job instance at 0x7f3b67e96e10>,109,22,[ 3 11],110,-1,169,-1,147
1,<environment.Job instance at 0x7f3b67e90690>,111,13,[ 5 12],112,-1,161,-1,148
1,<environment.Job instance at 0x7f3b67e90190>,112,23,[ 5 11],113,-1,171,-1,148
1,<environment.Job instance at 0x7f3b67de8460>,113,27,[12  4],114,-1,175,-1,148
1,<environment.Job instance at 0x7f3b67de8870>,114,13,[12  4],115,-1,161,-1,148
1,<environment.Job instance at 0x7f3b68297dc0>,0,23,[3 9],1,-1,24,-1,1
1,<environment.Job instance at 0x7f3b67edce10>,5,18,[5 5],6,-1,24,-1,6
1,<environment.Job instance at 0x7f3b67edcaf0>,9,25,[8 2],10,-1,35,-1,10
1,<environment.Job instance at 0x7f3b67edcb90>,11,27,[6 4],12,-1,39,-1,12
1,<environment.Job instance at 0x7f3b67edc460>,12,13,[10  4],13,-1,26,-1,13
1,<environment.Job instance at 0x7f3b67edc8c0>,13,20,[4 7],14,-1,34,-1,14
1,<environment.Job instance at 0x7f3b67edc5a0>,8,22,[ 4 12],9,-1,55,-1,33
1,<environment.Job instance at 0x7f3b67f48e10>,22,12,[ 2 13],23,-1,45,-1,33
1,<environment.Job instance at 0x7f3b67f48be0>,23,22,[13  3],24,-1,55,-1,33
1,<environment.Job instance at 0x7f3b68d2d230>,16,12,[14  2],17,-1,74,-1,62
1,<environment.Job instance at 0x7f3b67edce60>,18,13,[14  5],19,-1,75,-1,62
1,<environment.Job instance at 0x7f3b67f48550>,28,18,[11  4],29,-1,83,-1,65
1,<environment.Job instance at 0x7f3b67f487d0>,27,20,[8 5],28,-1,85,-1,65
1,<environment.Job instance at 0x7f3b67f484b0>,30,18,[11  2],31,-1,83,-1,65
1,<environment.Job instance at 0x7f3b67f482d0>,31,20,[ 3 14],32,-1,85,-1,65
1,<environment.Job instance at 0x7f3b67edc4b0>,17,15,[ 4 10],18,-1,80,-1,65
1,<environment.Job instance at 0x7f3b67f48d20>,29,24,[10  3],30,-1,92,-1,68
1,<environment.Job instance at 0x7f3b67e8bb40>,0,23,[3 9],1,-1,24,-1,1
1,<environment.Job instance at 0x7f3b67e8b780>,1,19,[ 4 14],2,-1,21,-1,2
1,<environment.Job instance at 0x7f3b67de6eb0>,4,17,[14  3],5,-1,22,-1,5
1,<environment.Job instance at 0x7f3b67de80f0>,8,22,[ 4 12],9,-1,31,-1,9
1,<environment.Job instance at 0x7f3b67de69b0>,3,26,[10  3],4,-1,48,-1,22
1,<environment.Job instance at 0x7f3b67e904b0>,9,25,[8 2],10,-1,47,-1,22
1,<environment.Job instance at 0x7f3b67e69820>,15,12,[12  2],16,-1,34,-1,22
1,<environment.Job instance at 0x7f3b67ef5820>,16,12,[14  2],17,-1,34,-1,22
1,<environment.Job instance at 0x7f3b67e96e10>,11,27,[6 4],12,-1,49,-1,22
1,<environment.Job instance at 0x7f3b67ef5be0>,18,13,[14  5],19,-1,35,-1,22
1,<environment.Job instance at 0x7f3b67ef5730>,19,25,[13  3],20,-1,47,-1,22
1,<environment.Job instance at 0x7f3b67e20f00>,20,14,[ 1 14],21,-1,36,-1,22
1,<environment.Job instance at 0x7f3b67e209b0>,22,12,[ 2 13],23,-1,35,-1,23
1,<environment.Job instance at 0x7f3b67e20a00>,23,22,[13  3],24,-1,46,-1,24
1,<environment.Job instance at 0x7f3b67debbe0>,28,18,[11  4],29,-1,67,-1,49
1,<environment.Job instance at 0x7f3b67e66b90>,29,24,[10  3],30,-1,73,-1,49
1,<environment.Job instance at 0x7f3b67debfa0>,30,18,[11  2],31,-1,67,-1,49
1,<environment.Job instance at 0x7f3b67deb4b0>,31,20,[ 3 14],32,-1,69,-1,49
1,<environment.Job instance at 0x7f3b67e6a3c0>,32,24,[14  5],33,-1,73,-1,49
1,<environment.Job instance at 0x7f3b67e6a320>,33,24,[14  5],34,-1,73,-1,49
1,<environment.Job instance at 0x7f3b67e6a280>,34,12,[ 4 11],35,-1,61,-1,49
1,<environment.Job instance at 0x7f3b67e4b2d0>,35,22,[ 3 14],36,-1,71,-1,49
1,<environment.Job instance at 0x7f3b67e4b780>,36,14,[ 1 13],37,-1,63,-1,49
1,<environment.Job instance at 0x7f3b67e4bd70>,37,16,[13  5],38,-1,65,-1,49
1,<environment.Job instance at 0x7f3b67deadc0>,38,25,[5 3],39,-1,74,-1,49
1,<environment.Job instance at 0x7f3b67e4bfa0>,40,22,[ 3 14],41,-1,71,-1,49
1,<environment.Job instance at 0x7f3b67e4b0a0>,42,14,[13  1],43,-1,67,-1,53
1,<environment.Job instance at 0x7f3b67b9a370>,43,27,[ 4 14],44,-1,80,-1,53
1,<environment.Job instance at 0x7f3b67dc1640>,47,28,[13  5],48,-1,96,-1,68
1,<environment.Job instance at 0x7f3b67dc14b0>,49,21,[ 3 14],50,-1,90,-1,69
1,<environment.Job instance at 0x7f3b67dc1690>,48,23,[6 4],49,-1,101,-1,78
1,<environment.Job instance at 0x7f3b67dc3f50>,51,27,[5 5],52,-1,112,-1,85
1,<environment.Job instance at 0x7f3b67de56e0>,54,26,[12  3],55,-1,111,-1,85
1,<environment.Job instance at 0x7f3b6824a780>,55,20,[14  4],56,-1,105,-1,85
1,<environment.Job instance at 0x7f3b67f5f910>,56,15,[13  2],57,-1,100,-1,85
1,<environment.Job instance at 0x7f3b67f5fb40>,57,24,[ 5 13],58,-1,109,-1,85
1,<environment.Job instance at 0x7f3b67f64be0>,58,25,[13  5],59,-1,110,-1,85
1,<environment.Job instance at 0x7f3b67f64a00>,59,19,[ 2 13],60,-1,104,-1,85
1,<environment.Job instance at 0x7f3b67de5f50>,53,25,[5 5],54,-1,114,-1,89
1,<environment.Job instance at 0x7f3b68d36190>,61,19,[14  2],62,-1,108,-1,89
1,<environment.Job instance at 0x7f3b68d361e0>,62,18,[14  4],63,-1,107,-1,89
1,<environment.Job instance at 0x7f3b68d36be0>,63,14,[14  2],64,-1,103,-1,89
1,<environment.Job instance at 0x7f3b68d360a0>,60,25,[8 3],61,-1,126,-1,101
1,<environment.Job instance at 0x7f3b68c55e10>,68,27,[1 9],69,-1,129,-1,102
1,<environment.Job instance at 0x7f3b68c550a0>,69,27,[14  4],70,-1,129,-1,102
1,<environment.Job instance at 0x7f3b68b2a190>,71,26,[ 5 14],72,-1,128,-1,102
1,<environment.Job instance at 0x7f3b67e27640>,72,26,[ 2 13],73,-1,128,-1,102
1,<environment.Job instance at 0x7f3b716084b0>,74,25,[ 4 10],75,-1,143,-1,118
1,<environment.Job instance at 0x7f3b68be22d0>,77,17,[ 4 13],78,-1,135,-1,118
1,<environment.Job instance at 0x7f3b67e8d500>,75,26,[7 1],76,-1,157,-1,131
1,<environment.Job instance at 0x7f3b67e5ab90>,80,27,[13  4],81,-1,159,-1,132
1,<environment.Job instance at 0x7f3b719cd460>,81,17,[13  4],82,-1,149,-1,132
1,<environment.Job instance at 0x7f3b719c6f50>,82,13,[14  2],83,-1,145,-1,132
1,<environment.Job instance at 0x7f3b68c0fa00>,84,24,[10  1],85,-1,170,-1,146
1,<environment.Job instance at 0x7f3b68fbc370>,88,26,[14  2],89,-1,172,-1,146
1,<environment.Job instance at 0x7f3b68fbc820>,89,25,[13  4],90,-1,171,-1,146
1,<environment.Job instance at 0x7f3b67e8b2d0>,4,14,[8 4],5,-1,22,-1,8
1,<environment.Job instance at 0x7f3b6889a910>,6,21,[ 1 10],7,-1,30,-1,9
1,<environment.Job instance at 0x7f3b688b1cd0>,9,22,[ 4 10],10,-1,32,-1,10
1,<environment.Job instance at 0x7f3b688a34b0>,14,19,[3 6],15,-1,34,-1,15
1,<environment.Job instance at 0x7f3b6889d410>,15,25,[3 9],16,-1,41,-1,16
1,<environment.Job instance at 0x7f3b688a3230>,13,28,[2 7],14,-1,54,-1,26
1,<environment.Job instance at 0x7f3b6889ac30>,10,25,[ 5 14],11,-1,51,-1,26
1,<environment.Job instance at 0x7f3b688b0e60>,19,12,[ 4 11],20,-1,38,-1,26
1,<environment.Job instance at 0x7f3b688a3190>,12,16,[ 1 13],13,-1,42,-1,26
1,<environment.Job instance at 0x7f3b688b08c0>,20,12,[2 8],21,-1,38,-1,26
1,<environment.Job instance at 0x7f3b688a3050>,18,28,[3 6],19,-1,54,-1,26
1,<environment.Job instance at 0x7f3b688a3870>,16,15,[6 1],17,-1,41,-1,26
1,<environment.Job instance at 0x7f3b688cba50>,23,17,[13  5],24,-1,43,-1,26
1,<environment.Job instance at 0x7f3b688cbe60>,22,22,[ 5 12],23,-1,48,-1,26
1,<environment.Job instance at 0x7f3b688b0640>,21,13,[6 4],22,-1,39,-1,26
1,<environment.Job instance at 0x7f3b688cb870>,24,13,[5 7],25,-1,39,-1,26
1,<environment.Job instance at 0x7f3b688cbaf0>,27,18,[8 3],28,-1,48,-1,30
1,<environment.Job instance at 0x7f3b688cbb40>,26,14,[4 9],27,-1,44,-1,30
1,<environment.Job instance at 0x7f3b688cbb90>,28,12,[3 5],29,-1,42,-1,30
1,<environment.Job instance at 0x7f3b688cb0f0>,30,14,[ 4 13],31,-1,45,-1,31
1,<environment.Job instance at 0x7f3b682bc9b0>,31,23,[ 5 12],32,-1,55,-1,32
1,<environment.Job instance at 0x7f3b688cbcd0>,32,20,[8 5],33,-1,56,-1,36
1,<environment.Job instance at 0x7f3b68f8eb40>,33,27,[ 5 10],34,-1,66,-1,39
1,<environment.Job instance at 0x7f3b682b6410>,35,18,[3 7],36,-1,57,-1,39
1,<environment.Job instance at 0x7f3b685b2fa0>,1,24,[2 6],2,-1,26,-1,2
1,<environment.Job instance at 0x7f3b685b2550>,2,13,[ 5 12],3,-1,16,-1,3
1,<environment.Job instance at 0x7f3b685b2b90>,3,20,[ 2 11],4,-1,24,-1,4
1,<environment.Job instance at 0x7f3b685b2dc0>,5,14,[11  2],6,-1,20,-1,6
1,<environment.Job instance at 0x7f3b68560d70>,10,25,[ 5 14],11,-1,36,-1,11
1,<environment.Job instance at 0x7f3b684f5460>,11,17,[ 1 13],12,-1,29,-1,12
1,<environment.Job instance at 0x7f3b68560d20>,12,16,[ 1 13],13,-1,29,-1,13
1,<environment.Job instance at 0x7f3b68fc6e60>,7,25,[3 7],8,-1,53,-1,28
1,<environment.Job instance at 0x7f3b68554640>,15,25,[3 9],16,-1,53,-1,28
1,<environment.Job instance at 0x7f3b68477c30>,17,13,[ 1 13],18,-1,41,-1,28
1,<environment.Job instance at 0x7f3b684cceb0>,18,28,[3 6],19,-1,56,-1,28
1,<environment.Job instance at 0x7f3b688ef910>,19,12,[ 4 11],20,-1,40,-1,28
1,<environment.Job instance at 0x7f3b68786960>,13,28,[2 7],14,-1,56,-1,28
1,<environment.Job instance at 0x7f3b688565a0>,22,22,[ 5 12],23,-1,50,-1,28
1,<environment.Job instance at 0x7f3b68856140>,23,17,[13  5],24,-1,45,-1,28
1,<environment.Job instance at 0x7f3b68856050>,25,13,[12  4],26,-1,41,-1,28
1,<environment.Job instance at 0x7f3b68c29780>,30,14,[ 4 13],31,-1,55,-1,41
1,<environment.Job instance at 0x7f3b6907cd70>,31,23,[ 5 12],32,-1,64,-1,41
1,<environment.Job instance at 0x7f3b67b3dc30>,34,13,[13  5],35,-1,65,-1,52
1,<environment.Job instance at 0x7f3b684aefa0>,36,18,[ 4 14],37,-1,72,-1,54
1,<environment.Job instance at 0x7f3b67f6c7d0>,39,17,[12  2],40,-1,89,-1,72
1,<environment.Job instance at 0x7f3b68ad96e0>,33,27,[ 5 10],34,-1,116,-1,89
1,<environment.Job instance at 0x7f3b67edc140>,43,23,[1 5],44,-1,112,-1,89
1,<environment.Job instance at 0x7f3b67edc050>,44,27,[2 8],45,-1,116,-1,89
1,<environment.Job instance at 0x7f3b68249e60>,47,14,[11  4],48,-1,104,-1,90
1,<environment.Job instance at 0x7f3b68249b90>,48,14,[14  5],49,-1,104,-1,90
1,<environment.Job instance at 0x7f3b68fbc820>,50,18,[ 4 11],51,-1,119,-1,101
1,<environment.Job instance at 0x7f3b67e6eb90>,51,18,[ 3 12],52,-1,119,-1,101
1,<environment.Job instance at 0x7f3b68d3e5a0>,53,24,[13  4],54,-1,128,-1,104
1,<environment.Job instance at 0x7f3b68d41d70>,54,19,[ 2 13],55,-1,123,-1,104
1,<environment.Job instance at 0x7f3b68c0fa00>,56,14,[13  4],57,-1,130,-1,116
1,<environment.Job instance at 0x7f3b68c0f320>,57,15,[13  3],58,-1,131,-1,116
1,<environment.Job instance at 0x7f3b68be22d0>,58,12,[ 5 11],59,-1,128,-1,116
1,<environment.Job instance at 0x7f3b68210eb0>,59,25,[5 1],60,-1,142,-1,117
1,<environment.Job instance at 0x7f3b688edcd0>,61,14,[14  2],62,-1,131,-1,117
1,<environment.Job instance at 0x7f3b688edfa0>,62,25,[8 5],63,-1,157,-1,132
1,<environment.Job instance at 0x7f3b716084b0>,64,15,[14  4],65,-1,147,-1,132
1,<environment.Job instance at 0x7f3b67e27d70>,66,25,[ 2 13],67,-1,158,-1,133
1,<environment.Job instance at 0x7f3b68c55e10>,67,15,[ 5 12],68,-1,148,-1,133
1,<environment.Job instance at 0x7f3b6907fbe0>,68,26,[11  4],69,-1,159,-1,133
1,<environment.Job instance at 0x7f3b67e270a0>,69,21,[12  2],70,-1,154,-1,133
1,<environment.Job instance at 0x7f3b67e27190>,70,25,[6 2],71,-1,169,-1,144
1,<environment.Job instance at 0x7f3b67ded230>,71,23,[5 5],72,-1,167,-1,144
1,<environment.Job instance at 0x7f3b67ded5a0>,73,17,[ 4 12],74,-1,161,-1,144
1,<environment.Job instance at 0x7f3b68d36780>,75,14,[ 5 13],76,-1,158,-1,144
1,<environment.Job instance at 0x7f3b68268e10>,0,14,[ 4 13],1,-1,15,-1,1
1,<environment.Job instance at 0x7f3b68268eb0>,1,23,[ 5 14],2,-1,25,-1,2
1,<environment.Job instance at 0x7f3b682bca50>,2,23,[13  5],3,-1,26,-1,3
1,<environment.Job instance at 0x7f3b682680a0>,3,22,[ 2 14],4,-1,26,-1,4
1,<environment.Job instance at 0x7f3b67e4b780>,4,17,[13  4],5,-1,22,-1,5
1,<environment.Job instance at 0x7f3b67e4b0f0>,6,23,[9 1],7,-1,30,-1,7
1,<environment.Job instance at 0x7f3b67e4b0a0>,7,24,[ 4 13],8,-1,32,-1,8
1,<environment.Job instance at 0x7f3b68b2a190>,8,28,[12  2],9,-1,37,-1,9
1,<environment.Job instance at 0x7f3b719c6f50>,12,14,[12  1],13,-1,27,-1,13
1,<environment.Job instance at 0x7f3b67b3dc30>,15,13,[ 5 11],16,-1,29,-1,16
1,<environment.Job instance at 0x7f3b684aefa0>,16,12,[ 3 14],17,-1,29,-1,17
1,<environment.Job instance at 0x7f3b684aeeb0>,18,13,[ 2 13],19,-1,38,-1,25
1,<environment.Job instance at 0x7f3b67e2a5f0>,19,14,[13  2],20,-1,39,-1,25
1,<environment.Job instance at 0x7f3b68ad96e0>,20,18,[11  2],21,-1,43,-1,25
1,<environment.Job instance at 0x7f3b682c6be0>,22,20,[ 2 12],23,-1,45,-1,25
1,<environment.Job instance at 0x7f3b682c6910>,23,20,[13  1],24,-1,45,-1,25
1,<environment.Job instance at 0x7f3b67e33a00>,26,26,[3 7],27,-1,65,-1,39
1,<environment.Job instance at 0x7f3b68c0faf0>,14,25,[10  1],15,-1,66,-1,41
1,<environment.Job instance at 0x7f3b68892c80>,30,25,[12  2],31,-1,66,-1,41
1,<environment.Job instance at 0x7f3b67eb19b0>,31,22,[11  3],32,-1,63,-1,41
1,<environment.Job instance at 0x7f3b67eb1be0>,32,24,[12  5],33,-1,65,-1,41
1,<environment.Job instance at 0x7f3b683d8f00>,21,25,[ 1 10],22,-1,78,-1,53
1,<environment.Job instance at 0x7f3b67e306e0>,35,28,[12  2],36,-1,81,-1,53
1,<environment.Job instance at 0x7f3b67e300a0>,36,21,[ 4 12],37,-1,74,-1,53
1,<environment.Job instance at 0x7f3b67e304b0>,37,26,[ 4 12],38,-1,79,-1,53
1,<environment.Job instance at 0x7f3b67eef730>,33,26,[ 5 10],34,-1,79,-1,53
1,<environment.Job instance at 0x7f3b68399e60>,39,13,[11  2],40,-1,66,-1,53
1,<environment.Job instance at 0x7f3b67df6730>,40,13,[ 5 13],41,-1,66,-1,53
1,<environment.Job instance at 0x7f3b683e33c0>,43,23,[ 4 13],44,-1,76,-1,53
1,<environment.Job instance at 0x7f3b683e3690>,44,13,[ 5 14],45,-1,66,-1,53
1,<environment.Job instance at 0x7f3b68c204b0>,46,22,[13  1],47,-1,80,-1,58
1,<environment.Job instance at 0x7f3b67c36190>,48,27,[ 1 13],49,-1,94,-1,67
1,<environment.Job instance at 0x7f3b683e4690>,49,17,[ 5 12],50,-1,84,-1,67
1,<environment.Job instance at 0x7f3b683e4f50>,50,23,[8 4],51,-1,90,-1,67
1,<environment.Job instance at 0x7f3b681ba320>,52,21,[11  5],53,-1,88,-1,67
1,<environment.Job instance at 0x7f3b68092dc0>,53,18,[13  4],54,-1,85,-1,67
1,<environment.Job instance at 0x7f3b681bab40>,55,12,[ 5 13],56,-1,79,-1,67
1,<environment.Job instance at 0x7f3b680921e0>,54,27,[8 5],55,-1,100,-1,73
1,<environment.Job instance at 0x7f3b715f55f0>,57,20,[ 5 13],58,-1,93,-1,73
1,<environment.Job instance at 0x7f3b688b03c0>,58,19,[ 2 14],59,-1,92,-1,73
1,<environment.Job instance at 0x7f3b67ddb370>,59,20,[13  2],60,-1,93,-1,73
1,<environment.Job instance at 0x7f3b683e77d0>,60,16,[ 2 14],61,-1,89,-1,73
1,<environment.Job instance at 0x7f3b67c928c0>,61,26,[7 3],62,-1,99,-1,73
1,<environment.Job instance at 0x7f3b67c92460>,62,16,[ 3 13],63,-1,89,-1,73
1,<environment.Job instance at 0x7f3b67dced70>,64,22,[14  1],65,-1,95,-1,73
1,<environment.Job instance at 0x7f3b6863b8c0>,66,15,[ 1 12],67,-1,97,-1,82
1,<environment.Job instance at 0x7f3b680db3c0>,70,14,[13  5],71,-1,108,-1,94
1,<environment.Job instance at 0x7f3b67dce4b0>,63,28,[ 5 10],64,-1,129,-1,101
1,<environment.Job instance at 0x7f3b67d16550>,73,27,[12  4],74,-1,128,-1,101
1,<environment.Job instance at 0x7f3b67d16640>,74,18,[ 3 13],75,-1,119,-1,101
1,<environment.Job instance at 0x7f3b67d16e10>,75,27,[ 1 14],76,-1,128,-1,101
1,<environment.Job instance at 0x7f3b67d16870>,76,21,[14  2],77,-1,122,-1,101
1,<environment.Job instance at 0x7f3b67d16a50>,77,22,[11  1],78,-1,123,-1,101
1,<environment.Job instance at 0x7f3b68443c80>,78,26,[7 4],79,-1,127,-1,101
1,<environment.Job instance at 0x7f3b684fc6e0>,79,12,[ 1 14],80,-1,113,-1,101
1,<environment.Job instance at 0x7f3b684fc1e0>,80,23,[ 4 14],81,-1,124,-1,101
1,<environment.Job instance at 0x7f3b689761e0>,81,14,[13  2],82,-1,115,-1,101
1,<environment.Job instance at 0x7f3b683c6370>,83,21,[11  2],84,-1,123,-1,102
1,<environment.Job instance at 0x7f3b68976190>,84,18,[ 2 11],85,-1,120,-1,102
1,<environment.Job instance at 0x7f3b67dc1690>,85,17,[11  4],86,-1,119,-1,102
1,<environment.Job instance at 0x7f3b67dc14b0>,86,14,[ 4 14],87,-1,116,-1,102
1,<environment.Job instance at 0x7f3b67dc1fa0>,87,28,[12  5],88,-1,130,-1,102
1,<environment.Job instance at 0x7f3b67dc1640>,88,13,[12  5],89,-1,115,-1,102
1,<environment.Job instance at 0x7f3b67e696e0>,89,12,[11  5],90,-1,114,-1,102
1,<environment.Job instance at 0x7f3b67e69eb0>,91,26,[5 3],92,-1,145,-1,119
1,<environment.Job instance at 0x7f3b67e69dc0>,92,27,[13  5],93,-1,146,-1,119
1,<environment.Job instance at 0x7f3b67e69460>,93,28,[ 3 14],94,-1,147,-1,119
1,<environment.Job instance at 0x7f3b67cca320>,94,21,[ 4 11],95,-1,140,-1,119
1,<environment.Job instance at 0x7f3b67cca280>,95,18,[ 3 12],96,-1,137,-1,119
1,<environment.Job instance at 0x7f3b67cca910>,97,26,[14  5],98,-1,146,-1,120
1,<environment.Job instance at 0x7f3b67ccab40>,98,24,[4 6],99,-1,145,-1,121
1,<environment.Job instance at 0x7f3b67ccaf50>,99,18,[13  1],100,-1,139,-1,121
1,<environment.Job instance at 0x7f3b67cca2d0>,100,20,[12  3],101,-1,141,-1,121
1,<environment.Job instance at 0x7f3b67cca500>,101,17,[ 5 14],102,-1,138,-1,121
1,<environment.Job instance at 0x7f3b686a0fa0>,102,24,[8 5],103,-1,145,-1,121
1,<environment.Job instance at 0x7f3b686a0190>,103,24,[5 1],104,-1,145,-1,121
1,<environment.Job instance at 0x7f3b686a05f0>,105,16,[ 2 13],106,-1,138,-1,122
1,<environment.Job instance at 0x7f3b68364370>,106,17,[12  3],107,-1,139,-1,122
1,<environment.Job instance at 0x7f3b686a0370>,107,14,[14  1],108,-1,136,-1,122
1,<environment.Job instance at 0x7f3b686a0500>,109,26,[3 6],110,-1,164,-1,138
1,<environment.Job instance at 0x7f3b686a0550>,108,25,[ 4 10],109,-1,164,-1,139
1,<environment.Job instance at 0x7f3b68f6cbe0>,111,14,[11  5],112,-1,153,-1,139
1,<environment.Job instance at 0x7f3b68f6cdc0>,112,24,[ 4 12],113,-1,163,-1,139
1,<environment.Job instance at 0x7f3b683fa5a0>,113,23,[1 6],114,-1,162,-1,139
1,<environment.Job instance at 0x7f3b683fa500>,114,25,[12  2],115,-1,164,-1,139
1,<environment.Job instance at 0x7f3b67d9b960>,116,24,[13  1],117,-1,163,-1,139
1,<environment.Job instance at 0x7f3b689bf960>,117,13,[11  1],118,-1,152,-1,139
1,<environment.Job instance at 0x7f3b680fa550>,6,13,[14  2],7,-1,46,-1,33
1,<environment.Job instance at 0x7f3b686cc5f0>,0,13,[ 1 12],1,-1,14,-1,1
1,<environment.Job instance at 0x7f3b686cc960>,1,16,[ 2 12],2,-1,18,-1,2
1,<environment.Job instance at 0x7f3b686cc550>,2,27,[ 3 11],3,-1,30,-1,3
1,<environment.Job instance at 0x7f3b686cc870>,3,21,[ 3 13],4,-1,25,-1,4
1,<environment.Job instance at 0x7f3b679e6e60>,5,21,[ 4 14],6,-1,27,-1,6
1,<environment.Job instance at 0x7f3b6896bd70>,6,13,[14  2],7,-1,20,-1,7
1,<environment.Job instance at 0x7f3b68e93730>,7,16,[ 4 14],8,-1,24,-1,8
1,<environment.Job instance at 0x7f3b68e93050>,9,14,[13  3],10,-1,24,-1,10
1,<environment.Job instance at 0x7f3b689bf550>,12,17,[ 3 11],13,-1,30,-1,13
1,<environment.Job instance at 0x7f3b689bfc80>,15,25,[ 2 12],16,-1,41,-1,16
1,<environment.Job instance at 0x7f3b67cd6fa0>,10,24,[3 9],11,-1,43,-1,19
1,<environment.Job instance at 0x7f3b683c6370>,17,27,[8 5],18,-1,46,-1,19
1,<environment.Job instance at 0x7f3b67d9bcd0>,14,27,[1 9],15,-1,46,-1,19
1,<environment.Job instance at 0x7f3b683c6a50>,16,27,[1 6],17,-1,46,-1,19
1,<environment.Job instance at 0x7f3b684fc1e0>,19,17,[ 1 11],20,-1,37,-1,20
1,<environment.Job instance at 0x7f3b67d16640>,20,13,[ 3 14],21,-1,34,-1,21
1,<environment.Job instance at 0x7f3b67d16230>,23,16,[11  2],24,-1,40,-1,24
1,<environment.Job instance at 0x7f3b67d167d0>,25,13,[13  5],26,-1,39,-1,26
1,<environment.Job instance at 0x7f3b6863b8c0>,26,17,[13  3],27,-1,44,-1,27
1,<environment.Job instance at 0x7f3b68402870>,24,27,[5 2],25,-1,60,-1,33
1,<environment.Job instance at 0x7f3b68402f00>,28,13,[14  3],29,-1,46,-1,33
1,<environment.Job instance at 0x7f3b684020f0>,29,26,[ 2 12],30,-1,59,-1,33
1,<environment.Job instance at 0x7f3b67dcecd0>,30,26,[4 5],31,-1,59,-1,33
1,<environment.Job instance at 0x7f3b688e12d0>,27,26,[10  5],28,-1,59,-1,33
1,<environment.Job instance at 0x7f3b67c92460>,32,24,[4 6],33,-1,57,-1,33
1,<environment.Job instance at 0x7f3b715f52d0>,33,15,[ 2 13],34,-1,49,-1,34
1,<environment.Job instance at 0x7f3b715f55f0>,34,18,[11  2],35,-1,53,-1,35
1,<environment.Job instance at 0x7f3b68c204b0>,37,18,[14  1],38,-1,56,-1,38
1,<environment.Job instance at 0x7f3b67c36190>,38,23,[ 1 11],39,-1,62,-1,39
1,<environment.Job instance at 0x7f3b68399e60>,39,19,[ 3 12],40,-1,59,-1,40
1,<environment.Job instance at 0x7f3b68892c80>,43,13,[ 3 11],44,-1,71,-1,58
1,<environment.Job instance at 0x7f3b68ad9500>,45,25,[5 3],46,-1,95,-1,70
1,<environment.Job instance at 0x7f3b68ad90f0>,46,15,[11  2],47,-1,85,-1,70
1,<environment.Job instance at 0x7f3b67ead960>,48,25,[7 2],49,-1,99,-1,74
1,<environment.Job instance at 0x7f3b67edc640>,49,18,[ 5 12],50,-1,92,-1,74
1,<environment.Job instance at 0x7f3b67edc050>,50,12,[ 3 12],51,-1,86,-1,74
1,<environment.Job instance at 0x7f3b68c0fe60>,51,15,[11  5],52,-1,89,-1,74
1,<environment.Job instance at 0x7f3b68b2a190>,53,16,[13  2],54,-1,90,-1,74
1,<environment.Job instance at 0x7f3b67e4be60>,54,12,[13  3],55,-1,86,-1,74
1,<environment.Job instance at 0x7f3b67e4bbe0>,55,16,[11  5],56,-1,90,-1,74
1,<environment.Job instance at 0x7f3b683e39b0>,59,26,[ 2 14],60,-1,113,-1,87
1,<environment.Job instance at 0x7f3b683e3690>,61,14,[14  3],62,-1,101,-1,87
1,<environment.Job instance at 0x7f3b683e3320>,63,12,[ 5 12],64,-1,110,-1,98
1,<environment.Job instance at 0x7f3b68098820>,67,28,[3 5],68,-1,142,-1,114
1,<environment.Job instance at 0x7f3b68b664b0>,68,23,[8 3],69,-1,137,-1,114
1,<environment.Job instance at 0x7f3b680ba4b0>,70,25,[ 4 10],71,-1,144,-1,119
1,<environment.Job instance at 0x7f3b68fd6690>,73,23,[1 5],74,-1,155,-1,132
1,<environment.Job instance at 0x7f3b684c7dc0>,74,18,[ 1 12],75,-1,150,-1,132
1,<environment.Job instance at 0x7f3b68fd61e0>,75,15,[ 3 13],76,-1,147,-1,132
1,<environment.Job instance at 0x7f3b68f35b40>,77,16,[13  1],78,-1,148,-1,132
1,<environment.Job instance at 0x7f3b688ca730>,79,14,[14  1],80,-1,157,-1,143
1,<environment.Job instance at 0x7f3b683e4690>,81,19,[14  4],82,-1,165,-1,146
1,<environment.Job instance at 0x7f3b67e662d0>,3,18,[6 4],4,-1,23,-1,5
1,<environment.Job instance at 0x7f3b67e8ab90>,4,18,[9 1],5,-1,59,-1,41
1,<environment.Job instance at 0x7f3b67e66820>,9,25,[4 7],10,-1,123,-1,98
1,<environment.Job instance at 0x7f3b71cdc460>,14,25,[ 3 11],15,-1,135,-1,110
1,<environment.Job instance at 0x7f3b67d2ad70>,19,25,[12  5],20,-1,135,-1,110
1,<environment.Job instance at 0x7f3b67d2a140>,26,18,[11  4],27,-1,128,-1,110
1,<environment.Job instance at 0x7f3b67d2a3c0>,28,12,[12  3],29,-1,122,-1,110
1,<environment.Job instance at 0x7f3b68394a50>,0,15,[ 3 13],1,-1,16,-1,1
1,<environment.Job instance at 0x7f3b68018550>,1,12,[ 3 14],2,-1,14,-1,2
1,<environment.Job instance at 0x7f3b67cf15a0>,2,27,[6 5],3,-1,30,-1,3
1,<environment.Job instance at 0x7f3b67c13190>,5,17,[14  4],6,-1,23,-1,6
1,<environment.Job instance at 0x7f3b686c3b90>,8,16,[ 1 13],9,-1,25,-1,9
1,<environment.Job instance at 0x7f3b67b3b460>,10,18,[ 2 11],11,-1,29,-1,11
1,<environment.Job instance at 0x7f3b683fa4b0>,11,12,[13  5],12,-1,24,-1,12
1,<environment.Job instance at 0x7f3b683faaa0>,12,22,[14  4],13,-1,35,-1,13
1,<environment.Job instance at 0x7f3b683fa690>,14,25,[ 3 11],15,-1,40,-1,15
1,<environment.Job instance at 0x7f3b683faaf0>,9,25,[4 7],10,-1,47,-1,22
1,<environment.Job instance at 0x7f3b683fad20>,16,13,[13  1],17,-1,35,-1,22
1,<environment.Job instance at 0x7f3b683fa280>,17,26,[ 3 13],18,-1,48,-1,22
1,<environment.Job instance at 0x7f3b683fa5a0>,13,27,[5 3],14,-1,49,-1,22
1,<environment.Job instance at 0x7f3b68d110f0>,19,25,[12  5],20,-1,47,-1,22
1,<environment.Job instance at 0x7f3b68d110a0>,20,27,[5 9],21,-1,49,-1,22
1,<environment.Job instance at 0x7f3b683e48c0>,22,26,[ 2 11],23,-1,49,-1,23
1,<environment.Job instance at 0x7f3b683fadc0>,15,24,[8 3],16,-1,47,-1,23
1,<environment.Job instance at 0x7f3b67d431e0>,25,27,[14  4],26,-1,53,-1,26
1,<environment.Job instance at 0x7f3b67b3dc30>,26,18,[11  4],27,-1,45,-1,27
1,<environment.Job instance at 0x7f3b683eedc0>,27,24,[11  2],28,-1,52,-1,28
1,<environment.Job instance at 0x7f3b68c0fc30>,28,12,[12  3],29,-1,41,-1,29
1,<environment.Job instance at 0x7f3b67c5b460>,30,13,[11  3],31,-1,44,-1,31
1,<environment.Job instance at 0x7f3b67c92460>,31,22,[ 4 12],32,-1,54,-1,32
1,<environment.Job instance at 0x7f3b68402410>,32,20,[13  3],33,-1,53,-1,33
1,<environment.Job instance at 0x7f3b68402e60>,33,24,[14  1],34,-1,58,-1,34
1,<environment.Job instance at 0x7f3b68402f00>,35,14,[ 1 13],36,-1,50,-1,36
1,<environment.Job instance at 0x7f3b684029b0>,36,17,[ 3 12],37,-1,54,-1,37
1,<environment.Job instance at 0x7f3b67d9bcd0>,37,26,[11  2],38,-1,64,-1,38
1,<environment.Job instance at 0x7f3b6896bd70>,39,24,[11  1],40,-1,64,-1,40
1,<environment.Job instance at 0x7f3b684fc1e0>,40,23,[13  2],41,-1,64,-1,41
1,<environment.Job instance at 0x7f3b686cc960>,41,18,[13  5],42,-1,60,-1,42
1,<environment.Job instance at 0x7f3b687c1a00>,45,14,[11  2],46,-1,66,-1,52
1,<environment.Job instance at 0x7f3b687c1820>,46,15,[12  2],47,-1,67,-1,52
1,<environment.Job instance at 0x7f3b68271190>,48,19,[14  2],49,-1,78,-1,59
1,<environment.Job instance at 0x7f3b67e4f4b0>,49,20,[ 5 12],50,-1,79,-1,59
1,<environment.Job instance at 0x7f3b6823f280>,50,18,[14  1],51,-1,77,-1,59
1,<environment.Job instance at 0x7f3b68050550>,51,19,[ 2 14],52,-1,78,-1,59
1,<environment.Job instance at 0x7f3b68f0cf00>,52,24,[ 2 14],53,-1,83,-1,59
1,<environment.Job instance at 0x7f3b68993f00>,53,28,[12  4],54,-1,87,-1,59
1,<environment.Job instance at 0x7f3b67def7d0>,56,25,[14  5],57,-1,97,-1,72
1,<environment.Job instance at 0x7f3b684fc6e0>,43,28,[5 9],44,-1,100,-1,72
1,<environment.Job instance at 0x7f3b67def3c0>,55,23,[3 6],56,-1,95,-1,72
1,<environment.Job instance at 0x7f3b67e66c80>,60,18,[ 2 14],61,-1,90,-1,72
1,<environment.Job instance at 0x7f3b67d16550>,61,28,[4 5],62,-1,100,-1,72
1,<environment.Job instance at 0x7f3b67d16230>,63,21,[13  5],64,-1,93,-1,72
1,<environment.Job instance at 0x7f3b67d16820>,64,23,[10  5],65,-1,95,-1,72
1,<environment.Job instance at 0x7f3b67d167d0>,65,13,[13  4],66,-1,85,-1,72
1,<environment.Job instance at 0x7f3b715c6fa0>,67,16,[ 5 14],68,-1,88,-1,72
1,<environment.Job instance at 0x7f3b683e3320>,71,21,[12  1],72,-1,108,-1,87
1,<environment.Job instance at 0x7f3b683e3960>,73,16,[11  3],74,-1,106,-1,90
1,<environment.Job instance at 0x7f3b6869c050>,75,18,[11  2],76,-1,120,-1,102
1,<environment.Job instance at 0x7f3b6869caa0>,76,16,[ 4 13],77,-1,118,-1,102
1,<environment.Job instance at 0x7f3b67e88f50>,77,17,[11  3],78,-1,119,-1,102
1,<environment.Job instance at 0x7f3b67e88eb0>,78,23,[11  2],79,-1,125,-1,102
1,<environment.Job instance at 0x7f3b68f3e820>,80,20,[13  2],81,-1,124,-1,104
1,<environment.Job instance at 0x7f3b67e88b90>,82,23,[ 3 13],83,-1,128,-1,105
1,<environment.Job instance at 0x7f3b680ba4b0>,84,18,[14  4],85,-1,135,-1,117
1,<environment.Job instance at 0x7f3b71c09f50>,83,26,[3 8],84,-1,147,-1,121
1,<environment.Job instance at 0x7f3b67ddb4b0>,88,26,[11  2],89,-1,149,-1,123
1,<environment.Job instance at 0x7f3b67dce320>,89,27,[14  4],90,-1,150,-1,123
1,<environment.Job instance at 0x7f3b68e6df50>,87,23,[9 2],88,-1,159,-1,136
1,<environment.Job instance at 0x7f3b67e75960>,91,26,[13  2],92,-1,162,-1,136
1,<environment.Job instance at 0x7f3b67e75eb0>,92,27,[11  3],93,-1,163,-1,136
1,<environment.Job instance at 0x7f3b67e75f00>,93,16,[14  4],94,-1,152,-1,136
1,<environment.Job instance at 0x7f3b67e75be0>,94,27,[ 1 14],95,-1,163,-1,136
1,<environment.Job instance at 0x7f3b6856ae60>,95,21,[ 3 11],96,-1,157,-1,136
1,<environment.Job instance at 0x7f3b6856adc0>,96,20,[13  1],97,-1,156,-1,136
1,<environment.Job instance at 0x7f3b6856a370>,98,22,[12  2],99,-1,158,-1,136
1,<environment.Job instance at 0x7f3b6789c190>,0,28,[5 5],1,-1,29,-1,1
1,<environment.Job instance at 0x7f3b6789cc30>,9,22,[ 2 11],10,-1,63,-1,41
1,<environment.Job instance at 0x7f3b6789cf00>,4,26,[ 5 11],5,-1,68,-1,42
1,<environment.Job instance at 0x7f3b6789cd20>,8,19,[11  4],9,-1,61,-1,42
1,<environment.Job instance at 0x7f3b678e9dc0>,19,17,[10  4],20,-1,69,-1,52
1,<environment.Job instance at 0x7f3b678e9af0>,18,28,[14  2],19,-1,80,-1,52
1,<environment.Job instance at 0x7f3b678e9a00>,21,20,[ 3 11],22,-1,72,-1,52
1,<environment.Job instance at 0x7f3b678e9f00>,22,28,[9 4],23,-1,81,-1,53
1,<environment.Job instance at 0x7f3b67886d20>,35,24,[7 4],36,-1,152,-1,128
1,<environment.Job instance at 0x7f3b67886d70>,34,17,[10  3],35,-1,145,-1,128
1,<environment.Job instance at 0x7f3b678868c0>,36,19,[ 5 13],37,-1,162,-1,143
1,<environment.Job instance at 0x7f3b678e9b90>,31,28,[11  3],32,-1,174,-1,146
1,<environment.Job instance at 0x7f3b678e9910>,28,21,[9 5],29,-1,168,-1,147
1,<environment.Job instance at 0x7f3b67886280>,39,17,[3 8],40,-1,164,-1,147
1,<environment.Job instance at 0x7f3b67886c80>,42,17,[ 2 10],43,-1,164,-1,147
1,<environment.Job instance at 0x7f3b6808a5f0>,0,28,[5 5],1,-1,29,-1,1
1,<environment.Job instance at 0x7f3b6808a690>,1,21,[ 4 13],2,-1,23,-1,2
1,<environment.Job instance at 0x7f3b6808a0f0>,2,15,[13  2],3,-1,18,-1,3
1,<environment.Job instance at 0x7f3b6869c050>,3,23,[ 5 11],4,-1,27,-1,4
1,<environment.Job instance at 0x7f3b6808ae60>,4,26,[ 5 11],5,-1,31,-1,5
1,<environment.Job instance at 0x7f3b6823f280>,6,18,[13  2],7,-1,25,-1,7
1,<environment.Job instance at 0x7f3b67a44500>,7,27,[12  5],8,-1,35,-1,8
1,<environment.Job instance at 0x7f3b67a44a00>,8,19,[11  4],9,-1,28,-1,9
1,<environment.Job instance at 0x7f3b67a44690>,9,22,[ 2 11],10,-1,32,-1,10
1,<environment.Job instance at 0x7f3b68578a50>,12,12,[ 4 14],13,-1,25,-1,13
1,<environment.Job instance at 0x7f3b676e1e10>,14,18,[14  1],15,-1,33,-1,15
1,<environment.Job instance at 0x7f3b676e10f0>,16,15,[12  1],17,-1,32,-1,17
1,<environment.Job instance at 0x7f3b676e19b0>,17,13,[ 5 12],18,-1,31,-1,18
1,<environment.Job instance at 0x7f3b6826cb40>,18,28,[14  2],19,-1,47,-1,19
1,<environment.Job instance at 0x7f3b676e1780>,20,15,[ 5 11],21,-1,36,-1,21
1,<environment.Job instance at 0x7f3b676ed1e0>,21,20,[ 3 11],22,-1,42,-1,22
1,<environment.Job instance at 0x7f3b676edf50>,24,27,[ 3 13],25,-1,52,-1,25
1,<environment.Job instance at 0x7f3b676ed0a0>,22,28,[9 4],23,-1,53,-1,25
1,<environment.Job instance at 0x7f3b67a40730>,25,23,[6 2],26,-1,49,-1,26
1,<environment.Job instance at 0x7f3b67a40050>,26,22,[ 1 13],27,-1,49,-1,27
1,<environment.Job instance at 0x7f3b67a40320>,27,13,[14  2],28,-1,41,-1,28
1,<environment.Job instance at 0x7f3b67a45f50>,29,24,[ 3 13],30,-1,54,-1,30
1,<environment.Job instance at 0x7f3b68c97500>,31,28,[11  3],32,-1,60,-1,32
1,<environment.Job instance at 0x7f3b676e4780>,32,24,[1 5],33,-1,62,-1,38
1,<environment.Job instance at 0x7f3b676f00f0>,36,19,[ 5 13],37,-1,57,-1,38
1,<environment.Job instance at 0x7f3b676f00a0>,35,24,[7 4],36,-1,70,-1,46
1,<environment.Job instance at 0x7f3b6845c9b0>,43,28,[9 1],44,-1,97,-1,69
1,<environment.Job instance at 0x7f3b6845c960>,44,23,[ 2 10],45,-1,96,-1,73
1,<environment.Job instance at 0x7f3b68470dc0>,46,18,[ 3 12],47,-1,91,-1,73
1,<environment.Job instance at 0x7f3b684706e0>,47,27,[ 5 11],48,-1,100,-1,73
1,<environment.Job instance at 0x7f3b68470c80>,48,18,[14  5],49,-1,91,-1,73
1,<environment.Job instance at 0x7f3b68245410>,50,19,[ 1 12],51,-1,92,-1,73
1,<environment.Job instance at 0x7f3b6843b320>,52,27,[10  5],53,-1,113,-1,86
1,<environment.Job instance at 0x7f3b6843b190>,54,28,[5 5],55,-1,118,-1,90
1,<environment.Job instance at 0x7f3b6843b5a0>,55,27,[11  3],56,-1,117,-1,90
1,<environment.Job instance at 0x7f3b6843b8c0>,56,24,[13  2],57,-1,114,-1,90
1,<environment.Job instance at 0x7f3b6843b140>,59,16,[ 3 14],60,-1,117,-1,101
1,<environment.Job instance at 0x7f3b683cfeb0>,60,24,[14  4],61,-1,125,-1,101
1,<environment.Job instance at 0x7f3b68458d70>,61,13,[14  5],62,-1,114,-1,101
1,<environment.Job instance at 0x7f3b68f8e6e0>,62,27,[8 4],63,-1,145,-1,118
1,<environment.Job instance at 0x7f3b68458e60>,64,23,[6 1],65,-1,141,-1,118
1,<environment.Job instance at 0x7f3b686d2a50>,65,23,[ 5 12],66,-1,141,-1,118
1,<environment.Job instance at 0x7f3b676d3910>,67,17,[ 3 13],68,-1,135,-1,118
1,<environment.Job instance at 0x7f3b67faec30>,68,25,[12  2],69,-1,143,-1,118
1,<environment.Job instance at 0x7f3b68c7fb40>,69,17,[ 1 14],70,-1,135,-1,118
1,<environment.Job instance at 0x7f3b686cf4b0>,70,25,[12  3],71,-1,143,-1,118
1,<environment.Job instance at 0x7f3b686cf1e0>,71,27,[ 4 11],72,-1,145,-1,118
1,<environment.Job instance at 0x7f3b67c380f0>,72,23,[12  4],73,-1,141,-1,118
1,<environment.Job instance at 0x7f3b6857bd70>,73,27,[7 5],74,-1,153,-1,126
1,<environment.Job instance at 0x7f3b684696e0>,66,24,[5 9],67,-1,150,-1,126
1,<environment.Job instance at 0x7f3b67a4bbe0>,75,25,[ 3 11],76,-1,151,-1,126
1,<environment.Job instance at 0x7f3b67a4b550>,76,21,[ 4 11],77,-1,147,-1,126
1,<environment.Job instance at 0x7f3b67a4b320>,77,28,[2 8],78,-1,154,-1,126
1,<environment.Job instance at 0x7f3b67a4bc80>,78,25,[ 1 12],79,-1,151,-1,126
1,<environment.Job instance at 0x7f3b676dd730>,79,16,[ 5 13],80,-1,142,-1,126
1,<environment.Job instance at 0x7f3b676ddeb0>,80,23,[5 5],81,-1,149,-1,126
1,<environment.Job instance at 0x7f3b676dd2d0>,81,26,[14  4],82,-1,152,-1,126
1,<environment.Job instance at 0x7f3b682bd9b0>,82,25,[2 8],83,-1,151,-1,126
1,<environment.Job instance at 0x7f3b68b775f0>,84,25,[4 7],85,-1,159,-1,134
1,<environment.Job instance at 0x7f3b68b775a0>,85,25,[11  5],86,-1,159,-1,134
1,<environment.Job instance at 0x7f3b6825c780>,86,23,[14  2],87,-1,157,-1,134
1,<environment.Job instance at 0x7f3b6825c460>,87,28,[ 4 11],88,-1,162,-1,134
1,<environment.Job instance at 0x7f3b68577aa0>,89,18,[11  1],90,-1,152,-1,134
1,<environment.Job instance at 0x7f3b689f8d70>,91,24,[ 3 14],92,-1,158,-1,134
1,<environment.Job instance at 0x7f3b68577eb0>,92,28,[5 4],93,-1,167,-1,139
1,<environment.Job instance at 0x7f3b68577910>,93,27,[ 3 12],94,-1,166,-1,139
1,<environment.Job instance at 0x7f3b68015870>,95,25,[ 5 12],96,-1,164,-1,139
1,<environment.Job instance at 0x7f3b68856640>,1,23,[ 4 10],2,-1,25,-1,2
1,<environment.Job instance at 0x7f3b68856690>,8,19,[5 8],9,-1,29,-1,10
1,<environment.Job instance at 0x7f3b676da550>,2,28,[10  2],3,-1,31,-1,3
1,<environment.Job instance at 0x7f3b71982640>,4,24,[ 4 12],5,-1,29,-1,5
1,<environment.Job instance at 0x7f3b71982fa0>,5,15,[14  1],6,-1,21,-1,6
1,<environment.Job instance at 0x7f3b71982960>,6,28,[14  2],7,-1,35,-1,7
1,<environment.Job instance at 0x7f3b68c98140>,10,27,[ 2 12],11,-1,38,-1,11
1,<environment.Job instance at 0x7f3b68b20be0>,11,25,[ 3 13],12,-1,37,-1,12
1,<environment.Job instance at 0x7f3b719821e0>,1,23,[ 4 10],2,-1,44,-1,21
1,<environment.Job instance at 0x7f3b67ea8410>,14,25,[3 5],15,-1,46,-1,21
1,<environment.Job instance at 0x7f3b67ea8230>,15,23,[ 2 13],16,-1,44,-1,21
1,<environment.Job instance at 0x7f3b67ea8fa0>,16,15,[11  2],17,-1,36,-1,21
1,<environment.Job instance at 0x7f3b68471820>,18,27,[ 4 14],19,-1,48,-1,21
1,<environment.Job instance at 0x7f3b68471910>,19,28,[12  5],20,-1,49,-1,21
1,<environment.Job instance at 0x7f3b684718c0>,20,28,[2 5],21,-1,49,-1,21
1,<environment.Job instance at 0x7f3b684713c0>,21,27,[13  3],22,-1,49,-1,22
1,<environment.Job instance at 0x7f3b67a36e10>,22,26,[ 2 14],23,-1,49,-1,23
1,<environment.Job instance at 0x7f3b67a36a00>,23,25,[11  2],24,-1,49,-1,24
1,<environment.Job instance at 0x7f3b67a36a50>,24,16,[11  4],25,-1,41,-1,25
1,<environment.Job instance at 0x7f3b67a361e0>,25,13,[14  4],26,-1,39,-1,26
1,<environment.Job instance at 0x7f3b68b20960>,13,27,[9 5],14,-1,58,-1,31
1,<environment.Job instance at 0x7f3b67a36370>,27,21,[12  2],28,-1,52,-1,31
1,<environment.Job instance at 0x7f3b67a36960>,28,20,[ 1 11],29,-1,51,-1,31
1,<environment.Job instance at 0x7f3b68c99730>,29,14,[ 1 14],30,-1,45,-1,31
1,<environment.Job instance at 0x7f3b716273c0>,31,15,[12  3],32,-1,47,-1,32
1,<environment.Job instance at 0x7f3b68f84b90>,33,22,[14  3],34,-1,56,-1,34
1,<environment.Job instance at 0x7f3b67a5bb90>,35,16,[11  4],36,-1,52,-1,36
1,<environment.Job instance at 0x7f3b67a5b5f0>,36,20,[ 5 13],37,-1,57,-1,37
1,<environment.Job instance at 0x7f3b68a003c0>,37,20,[11  5],38,-1,58,-1,38
1,<environment.Job instance at 0x7f3b67a5b6e0>,39,22,[13  3],40,-1,62,-1,40
1,<environment.Job instance at 0x7f3b680156e0>,40,14,[14  2],41,-1,55,-1,41
1,<environment.Job instance at 0x7f3b67c4b780>,41,19,[13  5],42,-1,61,-1,42
1,<environment.Job instance at 0x7f3b68a00a50>,38,23,[7 4],39,-1,66,-1,43
1,<environment.Job instance at 0x7f3b689f82d0>,42,16,[13  3],43,-1,59,-1,43
1,<environment.Job instance at 0x7f3b68577e60>,44,17,[ 1 13],45,-1,62,-1,45
1,<environment.Job instance at 0x7f3b68577f50>,45,23,[ 3 11],46,-1,69,-1,46
1,<environment.Job instance at 0x7f3b689f8e10>,46,26,[11  1],47,-1,73,-1,47
1,<environment.Job instance at 0x7f3b68577f00>,49,25,[ 4 11],50,-1,75,-1,50
1,<environment.Job instance at 0x7f3b6825c460>,51,26,[13  2],52,-1,84,-1,58
1,<environment.Job instance at 0x7f3b676ddf50>,52,20,[ 2 13],53,-1,78,-1,58
1,<environment.Job instance at 0x7f3b676dd0f0>,55,28,[ 1 13],56,-1,86,-1,58
1,<environment.Job instance at 0x7f3b68b775a0>,47,25,[ 1 10],48,-1,84,-1,59
1,<environment.Job instance at 0x7f3b6857bd70>,58,14,[11  4],59,-1,73,-1,59
1,<environment.Job instance at 0x7f3b6823b3c0>,60,21,[11  4],61,-1,82,-1,61
1,<environment.Job instance at 0x7f3b6857b230>,59,28,[7 1],60,-1,100,-1,72
1,<environment.Job instance at 0x7f3b67faec30>,66,28,[ 3 11],67,-1,114,-1,86
1,<environment.Job instance at 0x7f3b676d3f00>,67,12,[ 5 14],68,-1,98,-1,86
1,<environment.Job instance at 0x7f3b676d3550>,68,26,[14  5],69,-1,112,-1,86
1,<environment.Job instance at 0x7f3b6857e550>,69,20,[ 3 13],70,-1,106,-1,86
1,<environment.Job instance at 0x7f3b68c7fd20>,64,27,[7 1],65,-1,121,-1,94
1,<environment.Job instance at 0x7f3b68f8ea50>,70,23,[7 2],71,-1,117,-1,94
1,<environment.Job instance at 0x7f3b684583c0>,72,26,[11  3],73,-1,120,-1,94
1,<environment.Job instance at 0x7f3b68458050>,73,25,[7 5],74,-1,119,-1,94
1,<environment.Job instance at 0x7f3b6843bf00>,74,22,[13  5],75,-1,116,-1,94
1,<environment.Job instance at 0x7f3b6843b820>,76,18,[13  1],77,-1,112,-1,94
1,<environment.Job instance at 0x7f3b6843b280>,77,17,[ 2 13],78,-1,111,-1,94
1,<environment.Job instance at 0x7f3b6843be60>,78,26,[7 2],79,-1,120,-1,94
1,<environment.Job instance at 0x7f3b682dea00>,79,24,[ 3 14],80,-1,118,-1,94
1,<environment.Job instance at 0x7f3b68245410>,81,26,[5 5],82,-1,133,-1,107
1,<environment.Job instance at 0x7f3b68470c80>,82,15,[ 5 14],83,-1,122,-1,107
1,<environment.Job instance at 0x7f3b68470280>,83,27,[ 5 14],84,-1,134,-1,107
1,<environment.Job instance at 0x7f3b684703c0>,84,21,[13  3],85,-1,128,-1,107
1,<environment.Job instance at 0x7f3b68470e10>,85,28,[10  4],86,-1,135,-1,107
1,<environment.Job instance at 0x7f3b68470dc0>,86,25,[8 2],87,-1,132,-1,107
1,<environment.Job instance at 0x7f3b676f3c80>,89,13,[ 3 14],90,-1,133,-1,120
1,<environment.Job instance at 0x7f3b676f0190>,91,18,[11  1],92,-1,138,-1,120
1,<environment.Job instance at 0x7f3b676f0730>,92,12,[ 4 12],93,-1,132,-1,120
1,<environment.Job instance at 0x7f3b676f0d20>,93,27,[ 4 14],94,-1,147,-1,120
1,<environment.Job instance at 0x7f3b676e47d0>,96,24,[5 6],97,-1,165,-1,141
1,<environment.Job instance at 0x7f3b67a45f50>,98,22,[ 4 13],99,-1,165,-1,143
1,<environment.Job instance at 0x7f3b6855ba50>,1,14,[9 3],2,-1,17,-1,3
1,<environment.Job instance at 0x7f3b68767050>,5,18,[ 4 11],6,-1,24,-1,6
1,<environment.Job instance at 0x7f3b68767c30>,6,25,[3 6],7,-1,32,-1,7
1,<environment.Job instance at 0x7f3b6855b8c0>,2,26,[ 1 10],3,-1,35,-1,9
1,<environment.Job instance at 0x7f3b688545a0>,0,18,[ 2 12],1,-1,19,-1,1
1,<environment.Job instance at 0x7f3b68854a00>,2,26,[ 1 10],3,-1,29,-1,3
1,<environment.Job instance at 0x7f3b688546e0>,3,26,[12  5],4,-1,30,-1,4
1,<environment.Job instance at 0x7f3b68854910>,5,18,[ 4 11],6,-1,24,-1,6
1,<environment.Job instance at 0x7f3b68854e10>,6,25,[3 6],7,-1,32,-1,7
1,<environment.Job instance at 0x7f3b68854e60>,7,19,[11  2],8,-1,27,-1,8
1,<environment.Job instance at 0x7f3b68c16640>,8,25,[ 2 14],9,-1,34,-1,9
1,<environment.Job instance at 0x7f3b68c16050>,9,12,[ 5 12],10,-1,22,-1,10
1,<environment.Job instance at 0x7f3b688545f0>,11,21,[ 2 14],12,-1,33,-1,12
1,<environment.Job instance at 0x7f3b68c16460>,12,18,[13  5],13,-1,31,-1,13
1,<environment.Job instance at 0x7f3b68c16aa0>,13,20,[ 4 11],14,-1,34,-1,14
1,<environment.Job instance at 0x7f3b68c16190>,10,23,[9 3],11,-1,39,-1,16
1,<environment.Job instance at 0x7f3b68856820>,19,15,[13  4],20,-1,35,-1,20
1,<environment.Job instance at 0x7f3b68c16820>,21,12,[13  4],22,-1,39,-1,27
1,<environment.Job instance at 0x7f3b67a44af0>,23,23,[5 7],24,-1,50,-1,27
1,<environment.Job instance at 0x7f3b67a44230>,24,15,[ 4 11],25,-1,42,-1,27
1,<environment.Job instance at 0x7f3b676e1050>,25,27,[ 2 11],26,-1,54,-1,27
1,<environment.Job instance at 0x7f3b67a44280>,20,26,[6 1],21,-1,53,-1,27
1,<environment.Job instance at 0x7f3b676e1d20>,30,17,[ 2 14],31,-1,64,-1,47
1,<environment.Job instance at 0x7f3b676ed140>,31,13,[13  4],32,-1,60,-1,47
1,<environment.Job instance at 0x7f3b676ed230>,32,25,[12  2],33,-1,72,-1,47
1,<environment.Job instance at 0x7f3b67a405a0>,34,17,[14  1],35,-1,67,-1,50
1,<environment.Job instance at 0x7f3b67a40730>,35,19,[11  4],36,-1,69,-1,50
1,<environment.Job instance at 0x7f3b67a400a0>,36,23,[ 1 13],37,-1,73,-1,50
1,<environment.Job instance at 0x7f3b67a45f50>,37,25,[ 4 14],38,-1,75,-1,50
1,<environment.Job instance at 0x7f3b6846da50>,38,12,[12  3],39,-1,62,-1,50
1,<environment.Job instance at 0x7f3b67a40050>,39,13,[13  5],40,-1,63,-1,50
1,<environment.Job instance at 0x7f3b676ed1e0>,33,28,[4 9],34,-1,93,-1,65
1,<environment.Job instance at 0x7f3b676e45a0>,41,16,[ 3 14],42,-1,81,-1,65
1,<environment.Job instance at 0x7f3b676e4050>,40,24,[9 1],41,-1,89,-1,65
1,<environment.Job instance at 0x7f3b676e16e0>,27,25,[ 5 10],28,-1,90,-1,65
1,<environment.Job instance at 0x7f3b676f00f0>,45,18,[13  4],46,-1,83,-1,65
1,<environment.Job instance at 0x7f3b676f0d20>,46,24,[12  2],47,-1,89,-1,65
1,<environment.Job instance at 0x7f3b676f3c80>,47,12,[ 2 12],48,-1,77,-1,65
1,<environment.Job instance at 0x7f3b6845c8c0>,49,25,[5 1],50,-1,90,-1,65
1,<environment.Job instance at 0x7f3b684706e0>,53,17,[ 3 12],54,-1,82,-1,65
1,<environment.Job instance at 0x7f3b682dea00>,55,16,[12  1],56,-1,84,-1,68
1,<environment.Job instance at 0x7f3b682455a0>,56,14,[ 4 13],57,-1,82,-1,68
1,<environment.Job instance at 0x7f3b682deaf0>,57,21,[12  4],58,-1,89,-1,68
1,<environment.Job instance at 0x7f3b6843b280>,58,13,[ 4 12],59,-1,81,-1,68
1,<environment.Job instance at 0x7f3b6843b820>,59,15,[14  5],60,-1,83,-1,68
1,<environment.Job instance at 0x7f3b6843b640>,62,23,[ 3 11],63,-1,103,-1,80
1,<environment.Job instance at 0x7f3b6857e550>,63,24,[ 4 14],64,-1,104,-1,80
1,<environment.Job instance at 0x7f3b68f8ea50>,64,23,[9 5],65,-1,106,-1,83
1,<environment.Job instance at 0x7f3b68458eb0>,65,13,[ 4 13],66,-1,96,-1,83
1,<environment.Job instance at 0x7f3b684583c0>,66,25,[13  2],67,-1,108,-1,83
1,<environment.Job instance at 0x7f3b684696e0>,67,14,[ 1 11],68,-1,97,-1,83
1,<environment.Job instance at 0x7f3b686cf4b0>,68,24,[7 4],69,-1,107,-1,83
1,<environment.Job instance at 0x7f3b6857b230>,71,26,[12  5],72,-1,109,-1,83
1,<environment.Job instance at 0x7f3b6857bd70>,72,28,[13  1],73,-1,111,-1,83
1,<environment.Job instance at 0x7f3b67a4b550>,73,22,[ 5 14],74,-1,105,-1,83
1,<environment.Job instance at 0x7f3b67a4b500>,74,20,[ 4 12],75,-1,103,-1,83
1,<environment.Job instance at 0x7f3b676dd9b0>,76,18,[14  3],77,-1,110,-1,92
1,<environment.Job instance at 0x7f3b676dd2d0>,78,25,[6 2],79,-1,134,-1,109
1,<environment.Job instance at 0x7f3b67a4b320>,75,24,[10  4],76,-1,137,-1,113
1,<environment.Job instance at 0x7f3b68577e60>,85,15,[ 4 11],86,-1,146,-1,131
1,<environment.Job instance at 0x7f3b689f8e10>,86,26,[6 2],87,-1,163,-1,137
1,<environment.Job instance at 0x7f3b68015f00>,87,23,[8 1],88,-1,160,-1,137
1,<environment.Job instance at 0x7f3b68a22af0>,6,20,[9 3],7,-1,28,-1,8
1,<environment.Job instance at 0x7f3b678faf50>,7,23,[13  2],8,-1,31,-1,8
1,<environment.Job instance at 0x7f3b68a22f00>,5,17,[14  3],6,-1,54,-1,37
1,<environment.Job instance at 0x7f3b68a22c30>,12,25,[14  2],13,-1,62,-1,37
1,<environment.Job instance at 0x7f3b68a22eb0>,9,25,[ 2 10],10,-1,62,-1,37
1,<environment.Job instance at 0x7f3b68a227d0>,11,24,[ 4 14],12,-1,61,-1,37
1,<environment.Job instance at 0x7f3b68a221e0>,14,28,[5 9],15,-1,65,-1,37
1,<environment.Job instance at 0x7f3b68b481e0>,20,20,[1 5],21,-1,58,-1,38
1,<environment.Job instance at 0x7f3b68a225a0>,16,28,[12  1],17,-1,66,-1,38
1,<environment.Job instance at 0x7f3b68a22d70>,15,14,[7 1],16,-1,53,-1,39
1,<environment.Job instance at 0x7f3b68b48640>,23,18,[11  4],24,-1,57,-1,39
1,<environment.Job instance at 0x7f3b68b48dc0>,24,23,[9 1],25,-1,62,-1,39
1,<environment.Job instance at 0x7f3b68b48be0>,25,22,[ 3 11],26,-1,61,-1,39
1,<environment.Job instance at 0x7f3b68b48aa0>,26,23,[9 4],27,-1,62,-1,39
1,<environment.Job instance at 0x7f3b68b48960>,27,13,[13  3],28,-1,53,-1,40
1,<environment.Job instance at 0x7f3b68b48410>,22,17,[9 1],23,-1,57,-1,40
1,<environment.Job instance at 0x7f3b68b48a50>,21,23,[7 5],22,-1,63,-1,40
1,<environment.Job instance at 0x7f3b68b480a0>,29,19,[14  1],30,-1,61,-1,42
1,<environment.Job instance at 0x7f3b68b48f00>,31,21,[ 5 14],32,-1,63,-1,42
1,<environment.Job instance at 0x7f3b68b48e10>,32,20,[3 5],33,-1,68,-1,48
1,<environment.Job instance at 0x7f3b68b48b90>,34,21,[8 2],35,-1,69,-1,48
1,<environment.Job instance at 0x7f3b68b485f0>,30,13,[ 3 14],31,-1,62,-1,49
1,<environment.Job instance at 0x7f3b68b485a0>,35,18,[13  2],36,-1,67,-1,49
1,<environment.Job instance at 0x7f3b68b48460>,36,18,[7 4],37,-1,67,-1,49
1,<environment.Job instance at 0x7f3b68b48820>,33,18,[7 1],34,-1,67,-1,49
1,<environment.Job instance at 0x7f3b68b48230>,38,24,[4 8],39,-1,73,-1,49
1,<environment.Job instance at 0x7f3b68c0b0a0>,39,22,[3 7],40,-1,71,-1,49
1,<environment.Job instance at 0x7f3b68c0be60>,40,21,[5 3],41,-1,70,-1,49
1,<environment.Job instance at 0x7f3b68b48140>,28,18,[1 8],29,-1,67,-1,49
1,<environment.Job instance at 0x7f3b68b48fa0>,37,17,[12  2],38,-1,66,-1,49
1,<environment.Job instance at 0x7f3b68a22e60>,8,14,[12  4],9,-1,63,-1,49
1,<environment.Job instance at 0x7f3b68c0b3c0>,41,21,[1 7],42,-1,70,-1,49
1,<environment.Job instance at 0x7f3b68c0bb40>,44,12,[11  5],45,-1,61,-1,49
1,<environment.Job instance at 0x7f3b68c0bd20>,43,17,[14  5],44,-1,66,-1,49
1,<environment.Job instance at 0x7f3b68c0baf0>,45,12,[8 5],46,-1,61,-1,49
1,<environment.Job instance at 0x7f3b68c0b910>,47,19,[6 2],48,-1,68,-1,49
1,<environment.Job instance at 0x7f3b68c0bcd0>,48,18,[10  2],49,-1,67,-1,49
1,<environment.Job instance at 0x7f3b68712960>,0,17,[ 3 14],1,-1,18,-1,1
1,<environment.Job instance at 0x7f3b685175f0>,3,22,[13  1],4,-1,26,-1,4
1,<environment.Job instance at 0x7f3b68eef370>,4,13,[ 1 13],5,-1,18,-1,5
1,<environment.Job instance at 0x7f3b71bdbf00>,5,17,[14  3],6,-1,23,-1,6
1,<environment.Job instance at 0x7f3b68f74dc0>,7,23,[13  2],8,-1,31,-1,8
1,<environment.Job instance at 0x7f3b68f74640>,8,14,[12  4],9,-1,23,-1,9
1,<environment.Job instance at 0x7f3b680deaf0>,10,24,[14  1],11,-1,35,-1,11
1,<environment.Job instance at 0x7f3b67a33be0>,11,24,[ 4 14],12,-1,36,-1,12
1,<environment.Job instance at 0x7f3b67a33870>,12,25,[14  2],13,-1,38,-1,13
1,<environment.Job instance at 0x7f3b679ff690>,16,28,[12  1],17,-1,45,-1,17
1,<environment.Job instance at 0x7f3b67a33d70>,14,28,[5 9],15,-1,55,-1,27
1,<environment.Job instance at 0x7f3b67a335a0>,9,25,[ 2 10],10,-1,66,-1,41
1,<environment.Job instance at 0x7f3b678adb40>,23,18,[11  4],24,-1,59,-1,41
1,<environment.Job instance at 0x7f3b678ad7d0>,24,23,[9 1],25,-1,64,-1,41
1,<environment.Job instance at 0x7f3b678add70>,25,22,[ 3 11],26,-1,63,-1,41
1,<environment.Job instance at 0x7f3b67a23320>,26,23,[9 4],27,-1,64,-1,41
1,<environment.Job instance at 0x7f3b67a235f0>,27,13,[13  3],28,-1,54,-1,41
1,<environment.Job instance at 0x7f3b67a0f0a0>,21,23,[7 5],22,-1,64,-1,41
1,<environment.Job instance at 0x7f3b679f4780>,29,19,[14  1],30,-1,60,-1,41
1,<environment.Job instance at 0x7f3b679f4640>,30,13,[ 3 14],31,-1,54,-1,41
1,<environment.Job instance at 0x7f3b679f4af0>,31,21,[ 5 14],32,-1,62,-1,41
1,<environment.Job instance at 0x7f3b67a13d70>,35,18,[13  2],36,-1,59,-1,41
1,<environment.Job instance at 0x7f3b67aba5f0>,37,17,[12  2],38,-1,60,-1,43
1,<environment.Job instance at 0x7f3b67aba9b0>,38,24,[4 8],39,-1,85,-1,61
1,<environment.Job instance at 0x7f3b6830e910>,43,17,[14  5],44,-1,78,-1,61
1,<environment.Job instance at 0x7f3b680ee910>,44,12,[11  5],45,-1,73,-1,61
1,<environment.Job instance at 0x7f3b68333d70>,46,12,[11  1],47,-1,73,-1,61
1,<environment.Job instance at 0x7f3b67a03960>,49,12,[ 1 13],50,-1,87,-1,75
1,<environment.Job instance at 0x7f3b67a03910>,50,14,[11  1],51,-1,89,-1,75
1,<environment.Job instance at 0x7f3b678af320>,51,21,[14  1],52,-1,96,-1,75
1,<environment.Job instance at 0x7f3b678af460>,52,24,[5 5],53,-1,111,-1,87
1,<environment.Job instance at 0x7f3b67f8c370>,53,15,[ 4 11],54,-1,102,-1,87
1,<environment.Job instance at 0x7f3b67f8ceb0>,54,22,[14  4],55,-1,109,-1,87
1,<environment.Job instance at 0x7f3b67a2df00>,56,23,[12  1],57,-1,111,-1,88
1,<environment.Job instance at 0x7f3b67a2dcd0>,57,28,[3 8],58,-1,121,-1,93
1,<environment.Job instance at 0x7f3b67a2d3c0>,58,16,[ 4 14],59,-1,109,-1,93
1,<environment.Job instance at 0x7f3b67a2d960>,60,16,[ 2 12],61,-1,110,-1,94
1,<environment.Job instance at 0x7f3b68970be0>,61,17,[13  4],62,-1,111,-1,94
1,<environment.Job instance at 0x7f3b67dc0960>,64,13,[ 2 12],65,-1,120,-1,107
1,<environment.Job instance at 0x7f3b67f771e0>,65,18,[14  4],66,-1,125,-1,107
1,<environment.Job instance at 0x7f3b67a0a870>,68,25,[12  5],69,-1,150,-1,125
1,<environment.Job instance at 0x7f3b68be83c0>,70,26,[ 5 13],71,-1,151,-1,125
1,<environment.Job instance at 0x7f3b68be8320>,71,16,[ 2 12],72,-1,141,-1,125
1,<environment.Job instance at 0x7f3b67af1820>,72,23,[7 2],73,-1,160,-1,137
1,<environment.Job instance at 0x7f3b680d3690>,73,24,[10  3],74,-1,161,-1,137
1,<environment.Job instance at 0x7f3b67a06280>,74,25,[1 9],75,-1,162,-1,137
1,<environment.Job instance at 0x7f3b67fa3050>,75,25,[11  1],76,-1,162,-1,137
1,<environment.Job instance at 0x7f3b68be48c0>,76,25,[6 4],77,-1,162,-1,137
1,<environment.Job instance at 0x7f3b678903c0>,77,26,[2 9],78,-1,163,-1,137
1,<environment.Job instance at 0x7f3b67f96e10>,78,26,[5 5],79,-1,163,-1,137
1,<environment.Job instance at 0x7f3b67f96aa0>,79,21,[13  1],80,-1,158,-1,137
1,<environment.Job instance at 0x7f3b67a8bf00>,81,22,[12  5],82,-1,159,-1,137
1,<environment.Job instance at 0x7f3b6852c5a0>,0,27,[12  5],1,-1,28,-1,1
1,<environment.Job instance at 0x7f3b68503410>,1,17,[ 5 12],2,-1,19,-1,2
1,<environment.Job instance at 0x7f3b68503fa0>,3,21,[12  2],4,-1,25,-1,4
1,<environment.Job instance at 0x7f3b68503be0>,4,14,[11  1],5,-1,19,-1,5
1,<environment.Job instance at 0x7f3b68525c80>,5,23,[ 3 13],6,-1,29,-1,6
1,<environment.Job instance at 0x7f3b68525c30>,6,14,[13  4],7,-1,21,-1,7
1,<environment.Job instance at 0x7f3b6853c910>,9,14,[13  4],10,-1,24,-1,10
1,<environment.Job instance at 0x7f3b68538140>,10,20,[ 5 12],11,-1,31,-1,11
1,<environment.Job instance at 0x7f3b68538320>,12,26,[5 5],13,-1,39,-1,13
1,<environment.Job instance at 0x7f3b68314370>,16,18,[12  1],17,-1,35,-1,17
1,<environment.Job instance at 0x7f3b68314910>,17,14,[ 4 14],18,-1,32,-1,18
1,<environment.Job instance at 0x7f3b685385f0>,11,24,[9 4],12,-1,49,-1,25
1,<environment.Job instance at 0x7f3b68314820>,19,23,[9 1],20,-1,48,-1,25
1,<environment.Job instance at 0x7f3b68f78410>,20,12,[13  2],21,-1,37,-1,25
1,<environment.Job instance at 0x7f3b68f78460>,21,15,[14  4],22,-1,40,-1,25
1,<environment.Job instance at 0x7f3b68f78550>,22,24,[5 3],23,-1,49,-1,25
1,<environment.Job instance at 0x7f3b68f784b0>,23,17,[14  4],24,-1,42,-1,25
1,<environment.Job instance at 0x7f3b67af1820>,25,16,[12  2],26,-1,42,-1,26
1,<environment.Job instance at 0x7f3b67f96aa0>,26,13,[ 4 14],27,-1,40,-1,27
1,<environment.Job instance at 0x7f3b6853c280>,8,27,[ 1 10],9,-1,63,-1,36
1,<environment.Job instance at 0x7f3b685175f0>,29,13,[14  3],30,-1,49,-1,36
1,<environment.Job instance at 0x7f3b67aba9b0>,31,28,[12  2],32,-1,64,-1,36
1,<environment.Job instance at 0x7f3b68eef370>,32,24,[12  5],33,-1,60,-1,36
1,<environment.Job instance at 0x7f3b6852b910>,34,12,[11  5],35,-1,49,-1,37
1,<environment.Job instance at 0x7f3b6850c6e0>,37,14,[ 5 11],38,-1,66,-1,52
1,<environment.Job instance at 0x7f3b6850c050>,38,17,[ 3 14],39,-1,69,-1,52
1,<environment.Job instance at 0x7f3b6850c5f0>,39,23,[7 5],40,-1,87,-1,64
1,<environment.Job instance at 0x7f3b6850c550>,41,23,[1 5],42,-1,87,-1,64
1,<environment.Job instance at 0x7f3b6850c0f0>,43,26,[ 1 11],44,-1,90,-1,64
1,<environment.Job instance at 0x7f3b6850c190>,44,12,[13  4],45,-1,76,-1,64
1,<environment.Job instance at 0x7f3b6850cfa0>,46,15,[ 1 11],47,-1,79,-1,64
1,<environment.Job instance at 0x7f3b680ef140>,48,24,[13  4],49,-1,94,-1,70
1,<environment.Job instance at 0x7f3b680efd70>,50,19,[14  4],51,-1,98,-1,79
1,<environment.Job instance at 0x7f3b680efaa0>,52,24,[9 5],53,-1,103,-1,79
1,<environment.Job instance at 0x7f3b680ef0a0>,53,24,[10  3],54,-1,103,-1,79
1,<environment.Job instance at 0x7f3b680ef370>,54,13,[13  4],55,-1,92,-1,79
1,<environment.Job instance at 0x7f3b680efe60>,55,24,[ 1 10],56,-1,110,-1,86
1,<environment.Job instance at 0x7f3b680ef4b0>,59,15,[14  5],60,-1,101,-1,86
1,<environment.Job instance at 0x7f3b680ef690>,60,13,[11  1],61,-1,99,-1,86
1,<environment.Job instance at 0x7f3b67aa2d20>,61,17,[14  5],62,-1,103,-1,86
1,<environment.Job instance at 0x7f3b67aa2280>,62,14,[13  2],63,-1,100,-1,86
1,<environment.Job instance at 0x7f3b67aa2370>,63,16,[ 5 13],64,-1,102,-1,86
1,<environment.Job instance at 0x7f3b67aa2b40>,64,28,[14  3],65,-1,114,-1,86
1,<environment.Job instance at 0x7f3b67aa2870>,65,16,[14  2],66,-1,102,-1,86
1,<environment.Job instance at 0x7f3b67aa2320>,66,13,[ 3 13],67,-1,99,-1,86
1,<environment.Job instance at 0x7f3b67aa25f0>,67,28,[ 1 11],68,-1,114,-1,86
1,<environment.Job instance at 0x7f3b67aa2aa0>,68,24,[5 5],69,-1,115,-1,91
1,<environment.Job instance at 0x7f3b67aa2230>,69,18,[13  5],70,-1,109,-1,91
1,<environment.Job instance at 0x7f3b680ef320>,58,27,[8 2],59,-1,125,-1,98
1,<environment.Job instance at 0x7f3b67aa2960>,71,14,[ 5 14],72,-1,112,-1,98
1,<environment.Job instance at 0x7f3b67aa2af0>,72,16,[13  3],73,-1,114,-1,98
1,<environment.Job instance at 0x7f3b67aa2640>,73,20,[11  1],74,-1,118,-1,98
1,<environment.Job instance at 0x7f3b67aa21e0>,75,12,[ 2 14],76,-1,110,-1,98
1,<environment.Job instance at 0x7f3b67aa26e0>,77,27,[3 7],78,-1,131,-1,104
1,<environment.Job instance at 0x7f3b67aa20a0>,78,17,[14  4],79,-1,121,-1,104
1,<environment.Job instance at 0x7f3b67aa2cd0>,79,12,[ 1 13],80,-1,116,-1,104
1,<environment.Job instance at 0x7f3b680dba00>,81,25,[9 1],82,-1,139,-1,114
1,<environment.Job instance at 0x7f3b680db2d0>,82,19,[ 2 14],83,-1,133,-1,114
1,<environment.Job instance at 0x7f3b680db500>,83,17,[14  3],84,-1,131,-1,114
1,<environment.Job instance at 0x7f3b680db640>,84,23,[ 1 13],85,-1,137,-1,114
1,<environment.Job instance at 0x7f3b680dbaf0>,85,25,[ 4 12],86,-1,139,-1,114
1,<environment.Job instance at 0x7f3b680db9b0>,87,14,[ 1 11],88,-1,128,-1,114
1,<environment.Job instance at 0x7f3b680dbe10>,88,13,[ 2 11],89,-1,127,-1,114
1,<environment.Job instance at 0x7f3b680db410>,89,20,[ 1 11],90,-1,134,-1,114
1,<environment.Job instance at 0x7f3b680db5f0>,90,14,[14  1],91,-1,128,-1,114
1,<environment.Job instance at 0x7f3b680dba50>,91,19,[ 3 11],92,-1,133,-1,114
1,<environment.Job instance at 0x7f3b680dbaa0>,92,17,[ 5 13],93,-1,131,-1,114
1,<environment.Job instance at 0x7f3b680db370>,93,15,[14  4],94,-1,129,-1,114
1,<environment.Job instance at 0x7f3b680db870>,94,28,[4 5],95,-1,146,-1,118
1,<environment.Job instance at 0x7f3b680db190>,96,24,[ 4 13],97,-1,143,-1,119
1,<environment.Job instance at 0x7f3b67889820>,97,20,[12  4],98,-1,139,-1,119
1,<environment.Job instance at 0x7f3b67889690>,99,26,[3 5],100,-1,163,-1,137
1,<environment.Job instance at 0x7f3b67889be0>,100,15,[ 4 12],101,-1,152,-1,137
1,<environment.Job instance at 0x7f3b67b9f1e0>,12,21,[ 4 14],13,-1,70,-1,49
1,<environment.Job instance at 0x7f3b71aba320>,15,28,[4 5],16,-1,83,-1,55
1,<environment.Job instance at 0x7f3b67b9f960>,8,25,[9 3],9,-1,80,-1,55
1,<environment.Job instance at 0x7f3b67b9fb90>,14,16,[12  5],15,-1,78,-1,62
1,<environment.Job instance at 0x7f3b71abac80>,18,17,[3 5],19,-1,82,-1,65
1,<environment.Job instance at 0x7f3b71aba4b0>,23,24,[3 6],24,-1,89,-1,65
1,<environment.Job instance at 0x7f3b71aba780>,22,25,[14  5],23,-1,94,-1,69
1,<environment.Job instance at 0x7f3b71aba910>,24,13,[10  4],25,-1,82,-1,69
1,<environment.Job instance at 0x7f3b71abafa0>,16,27,[11  5],17,-1,105,-1,78
1,<environment.Job instance at 0x7f3b71aba140>,27,23,[10  1],28,-1,101,-1,78
1,<environment.Job instance at 0x7f3b71aba0f0>,17,18,[11  3],18,-1,96,-1,78
1,<environment.Job instance at 0x7f3b68331f00>,0,14,[ 5 12],1,-1,15,-1,1
1,<environment.Job instance at 0x7f3b683311e0>,2,26,[ 3 10],3,-1,29,-1,3
1,<environment.Job instance at 0x7f3b68331320>,3,27,[1 8],4,-1,31,-1,4
1,<environment.Job instance at 0x7f3b68331d20>,4,20,[13  5],5,-1,25,-1,5
1,<environment.Job instance at 0x7f3b68331410>,5,23,[5 7],6,-1,29,-1,6
1,<environment.Job instance at 0x7f3b68331460>,7,15,[12  4],8,-1,23,-1,8
1,<environment.Job instance at 0x7f3b67aa2640>,11,12,[ 4 14],12,-1,24,-1,12
1,<environment.Job instance at 0x7f3b67aa2be0>,12,21,[ 4 14],13,-1,34,-1,13
1,<environment.Job instance at 0x7f3b67aa2690>,13,14,[ 1 13],14,-1,28,-1,14
1,<environment.Job instance at 0x7f3b67aa2140>,14,16,[12  5],15,-1,31,-1,15
1,<environment.Job instance at 0x7f3b67aa22d0>,16,27,[11  5],17,-1,44,-1,17
1,<environment.Job instance at 0x7f3b67aa26e0>,8,25,[9 3],9,-1,43,-1,18
1,<environment.Job instance at 0x7f3b67aa24b0>,15,28,[4 5],16,-1,46,-1,18
1,<environment.Job instance at 0x7f3b67aa2230>,17,18,[11  3],18,-1,36,-1,18
1,<environment.Job instance at 0x7f3b67aa2f50>,19,17,[ 2 13],20,-1,37,-1,20
1,<environment.Job instance at 0x7f3b67aa2460>,20,13,[11  4],21,-1,34,-1,21
1,<environment.Job instance at 0x7f3b67aa2c80>,22,25,[14  5],23,-1,48,-1,23
1,<environment.Job instance at 0x7f3b67aa2370>,25,22,[11  3],26,-1,48,-1,26
1,<environment.Job instance at 0x7f3b67aa2280>,23,24,[3 6],24,-1,53,-1,29
1,<environment.Job instance at 0x7f3b6850c0a0>,30,16,[ 4 11],31,-1,59,-1,43
1,<environment.Job instance at 0x7f3b6850c140>,31,28,[ 4 13],32,-1,71,-1,43
1,<environment.Job instance at 0x7f3b6850c780>,32,15,[ 5 14],33,-1,58,-1,43
1,<environment.Job instance at 0x7f3b6850cd20>,33,25,[13  4],34,-1,68,-1,43
1,<environment.Job instance at 0x7f3b6850c6e0>,34,20,[13  5],35,-1,63,-1,43
1,<environment.Job instance at 0x7f3b6850c050>,35,25,[7 3],36,-1,68,-1,43
1,<environment.Job instance at 0x7f3b6852bb40>,36,16,[ 5 11],37,-1,59,-1,43
1,<environment.Job instance at 0x7f3b67aa2d20>,27,23,[10  1],28,-1,66,-1,43
1,<environment.Job instance at 0x7f3b6852b140>,38,21,[14  2],39,-1,64,-1,43
1,<environment.Job instance at 0x7f3b71bdbf00>,39,13,[12  4],40,-1,56,-1,43
1,<environment.Job instance at 0x7f3b67aba370>,40,26,[14  5],41,-1,69,-1,43
1,<environment.Job instance at 0x7f3b67f96690>,42,19,[ 2 13],43,-1,62,-1,43
1,<environment.Job instance at 0x7f3b68314af0>,43,24,[5 3],44,-1,79,-1,55
1,<environment.Job instance at 0x7f3b68314b90>,45,13,[11  1],46,-1,68,-1,55
1,<environment.Job instance at 0x7f3b685382d0>,49,17,[ 4 14],50,-1,84,-1,67
1,<environment.Job instance at 0x7f3b68538500>,51,17,[12  4],52,-1,85,-1,68
1,<environment.Job instance at 0x7f3b68538b90>,52,14,[ 3 11],53,-1,82,-1,68
1,<environment.Job instance at 0x7f3b68538320>,53,16,[ 4 13],54,-1,84,-1,68
1,<environment.Job instance at 0x7f3b68538f50>,54,24,[ 1 11],55,-1,92,-1,68
1,<environment.Job instance at 0x7f3b6853ce10>,55,17,[ 4 11],56,-1,85,-1,68
1,<environment.Job instance at 0x7f3b68525b90>,57,15,[ 2 12],58,-1,94,-1,79
1,<environment.Job instance at 0x7f3b68525c80>,58,22,[ 5 13],59,-1,101,-1,79
1,<environment.Job instance at 0x7f3b6852c5a0>,59,16,[12  4],60,-1,95,-1,79
1,<environment.Job instance at 0x7f3b6852c640>,60,26,[11  3],61,-1,105,-1,79
1,<environment.Job instance at 0x7f3b68503fa0>,62,15,[13  2],63,-1,96,-1,81
1,<environment.Job instance at 0x7f3b67b9f0f0>,63,23,[4 9],64,-1,104,-1,81
1,<environment.Job instance at 0x7f3b71aba2d0>,64,25,[7 5],65,-1,106,-1,81
1,<environment.Job instance at 0x7f3b68503a50>,65,23,[5 4],66,-1,104,-1,81
1,<environment.Job instance at 0x7f3b67ae54b0>,66,28,[ 3 13],67,-1,109,-1,81
1,<environment.Job instance at 0x7f3b68537cd0>,69,19,[ 1 13],70,-1,112,-1,93
1,<environment.Job instance at 0x7f3b68634730>,71,28,[4 5],72,-1,135,-1,107
1,<environment.Job instance at 0x7f3b68634be0>,72,26,[1 7],73,-1,133,-1,107
1,<environment.Job instance at 0x7f3b68d3e320>,73,21,[13  3],74,-1,128,-1,107
1,<environment.Job instance at 0x7f3b68d3e4b0>,74,23,[6 2],75,-1,131,-1,108
1,<environment.Job instance at 0x7f3b68d3e140>,77,27,[ 3 13],78,-1,135,-1,108
1,<environment.Job instance at 0x7f3b68d3ee60>,78,22,[13  1],79,-1,130,-1,108
1,<environment.Job instance at 0x7f3b68d3e370>,79,26,[ 4 12],80,-1,134,-1,108
1,<environment.Job instance at 0x7f3b68c441e0>,81,25,[ 5 12],82,-1,133,-1,108
1,<environment.Job instance at 0x7f3b71b30fa0>,82,28,[12  4],83,-1,136,-1,108
1,<environment.Job instance at 0x7f3b67bba410>,83,18,[13  5],84,-1,126,-1,108
1,<environment.Job instance at 0x7f3b67e305a0>,85,24,[8 3],86,-1,132,-1,108
1,<environment.Job instance at 0x7f3b68c95aa0>,86,25,[ 1 14],87,-1,133,-1,108
1,<environment.Job instance at 0x7f3b6808a230>,87,23,[9 5],88,-1,131,-1,108
1,<environment.Job instance at 0x7f3b689935f0>,89,22,[ 3 12],90,-1,130,-1,108
1,<environment.Job instance at 0x7f3b68993230>,90,25,[ 1 11],91,-1,133,-1,108
1,<environment.Job instance at 0x7f3b685483c0>,91,14,[12  4],92,-1,122,-1,108
1,<environment.Job instance at 0x7f3b6821b780>,95,12,[ 3 14],96,-1,149,-1,137
1,<environment.Job instance at 0x7f3b68fc0410>,96,24,[11  4],97,-1,161,-1,137
1,<environment.Job instance at 0x7f3b6890c820>,3,16,[3 8],4,-1,21,-1,5
1,<environment.Job instance at 0x7f3b6890c320>,4,17,[3 7],5,-1,22,-1,5
1,<environment.Job instance at 0x7f3b688fd870>,19,19,[ 3 13],20,-1,84,-1,65
1,<environment.Job instance at 0x7f3b688fd550>,20,17,[ 2 14],21,-1,82,-1,65
1,<environment.Job instance at 0x7f3b688fd410>,21,13,[3 5],22,-1,78,-1,65
1,<environment.Job instance at 0x7f3b67c4ac80>,0,17,[ 2 12],1,-1,18,-1,1
1,<environment.Job instance at 0x7f3b67d21be0>,1,28,[12  3],2,-1,30,-1,2
1,<environment.Job instance at 0x7f3b68ffcaa0>,2,18,[11  5],3,-1,21,-1,3
1,<environment.Job instance at 0x7f3b67b49c30>,6,26,[5 5],7,-1,46,-1,20
1,<environment.Job instance at 0x7f3b67b49320>,10,12,[13  5],11,-1,32,-1,20
1,<environment.Job instance at 0x7f3b67c3ab40>,7,28,[3 7],8,-1,48,-1,20
1,<environment.Job instance at 0x7f3b68a631e0>,13,26,[ 3 11],14,-1,46,-1,20
1,<environment.Job instance at 0x7f3b68773cd0>,14,18,[ 3 14],15,-1,38,-1,20
1,<environment.Job instance at 0x7f3b68773b40>,15,15,[12  2],16,-1,35,-1,20
1,<environment.Job instance at 0x7f3b67a4a640>,16,24,[ 5 14],17,-1,44,-1,20
1,<environment.Job instance at 0x7f3b67a4a960>,17,24,[ 1 13],18,-1,44,-1,20
1,<environment.Job instance at 0x7f3b67a4a730>,18,14,[ 5 13],19,-1,34,-1,20
1,<environment.Job instance at 0x7f3b690120f0>,19,19,[ 3 13],20,-1,39,-1,20
1,<environment.Job instance at 0x7f3b69012870>,20,17,[ 2 14],21,-1,38,-1,21
1,<environment.Job instance at 0x7f3b67a3fa00>,22,27,[12  1],23,-1,50,-1,23
1,<environment.Job instance at 0x7f3b67a700a0>,24,21,[13  3],25,-1,46,-1,25
1,<environment.Job instance at 0x7f3b67a73640>,26,27,[ 1 14],27,-1,54,-1,27
1,<environment.Job instance at 0x7f3b69010aa0>,29,25,[5 7],30,-1,60,-1,35
1,<environment.Job instance at 0x7f3b67918370>,9,23,[ 2 10],10,-1,59,-1,36
1,<environment.Job instance at 0x7f3b67c7a050>,32,27,[12  5],33,-1,63,-1,36
1,<environment.Job instance at 0x7f3b67c918c0>,33,22,[14  4],34,-1,58,-1,36
1,<environment.Job instance at 0x7f3b67c919b0>,34,28,[ 2 11],35,-1,64,-1,36
1,<environment.Job instance at 0x7f3b67c7a6e0>,35,22,[11  3],36,-1,58,-1,36
1,<environment.Job instance at 0x7f3b68a96190>,37,15,[14  3],38,-1,60,-1,45
1,<environment.Job instance at 0x7f3b67c7a550>,31,24,[5 6],32,-1,74,-1,50
1,<environment.Job instance at 0x7f3b69008e60>,39,23,[ 4 10],40,-1,73,-1,50
1,<environment.Job instance at 0x7f3b68fef190>,41,14,[ 1 14],42,-1,64,-1,50
1,<environment.Job instance at 0x7f3b69010a00>,27,23,[8 5],28,-1,73,-1,50
1,<environment.Job instance at 0x7f3b67c97c80>,43,14,[11  4],44,-1,64,-1,50
1,<environment.Job instance at 0x7f3b67c97d70>,44,17,[ 1 14],45,-1,67,-1,50
1,<environment.Job instance at 0x7f3b67c97050>,45,18,[ 4 12],46,-1,68,-1,50
1,<environment.Job instance at 0x7f3b67dc8280>,47,21,[13  1],48,-1,71,-1,50
1,<environment.Job instance at 0x7f3b67dc85a0>,48,25,[5 4],49,-1,75,-1,50
1,<environment.Job instance at 0x7f3b67c9ce10>,50,18,[14  1],51,-1,69,-1,51
1,<environment.Job instance at 0x7f3b67c9c500>,52,16,[ 5 13],53,-1,78,-1,62
1,<environment.Job instance at 0x7f3b67c9c6e0>,53,17,[ 2 12],54,-1,79,-1,62
1,<environment.Job instance at 0x7f3b68a6de60>,54,25,[14  5],55,-1,87,-1,62
1,<environment.Job instance at 0x7f3b68a6d5a0>,55,17,[14  5],56,-1,79,-1,62
1,<environment.Job instance at 0x7f3b68a6d780>,56,13,[12  1],57,-1,75,-1,62
1,<environment.Job instance at 0x7f3b67ca0d70>,59,15,[ 2 12],60,-1,90,-1,75
1,<environment.Job instance at 0x7f3b67ca0050>,60,24,[3 7],61,-1,101,-1,77
1,<environment.Job instance at 0x7f3b679315f0>,62,13,[14  3],63,-1,90,-1,77
1,<environment.Job instance at 0x7f3b67ca0cd0>,64,22,[ 5 11],65,-1,112,-1,90
1,<environment.Job instance at 0x7f3b67c7e8c0>,67,26,[11  4],68,-1,129,-1,103
1,<environment.Job instance at 0x7f3b67c7e7d0>,68,19,[ 4 11],69,-1,122,-1,103
1,<environment.Job instance at 0x7f3b67c7cd20>,66,23,[9 3],67,-1,129,-1,106
1,<environment.Job instance at 0x7f3b67c77aa0>,71,27,[5 2],72,-1,133,-1,106
1,<environment.Job instance at 0x7f3b67c86d70>,73,21,[ 3 11],74,-1,127,-1,106
1,<environment.Job instance at 0x7f3b67a67e60>,75,12,[ 1 13],76,-1,131,-1,119
1,<environment.Job instance at 0x7f3b67c81dc0>,78,28,[ 1 13],79,-1,161,-1,133
1,<environment.Job instance at 0x7f3b6792eaf0>,3,19,[2 7],4,-1,24,-1,5
1,<environment.Job instance at 0x7f3b68a63be0>,5,18,[2 6],6,-1,24,-1,6
1,<environment.Job instance at 0x7f3b68a63cd0>,6,16,[5 6],7,-1,23,-1,7
1,<environment.Job instance at 0x7f3b68a63910>,15,19,[ 3 11],16,-1,42,-1,23
1,<environment.Job instance at 0x7f3b68a638c0>,12,22,[8 2],13,-1,45,-1,23
1,<environment.Job instance at 0x7f3b68a630f0>,17,13,[ 4 11],18,-1,36,-1,23
1,<environment.Job instance at 0x7f3b68a632d0>,19,17,[10  4],20,-1,40,-1,23
1,<environment.Job instance at 0x7f3b67ba10f0>,0,27,[ 3 10],1,-1,28,-1,1
1,<environment.Job instance at 0x7f3b67ba1410>,1,20,[ 3 11],2,-1,22,-1,2
1,<environment.Job instance at 0x7f3b67ba1190>,2,13,[12  4],3,-1,16,-1,3
1,<environment.Job instance at 0x7f3b67ba11e0>,4,12,[ 4 14],5,-1,17,-1,5
1,<environment.Job instance at 0x7f3b67dcb1e0>,8,13,[14  2],9,-1,22,-1,9
1,<environment.Job instance at 0x7f3b67dcb3c0>,9,14,[13  2],10,-1,24,-1,10
1,<environment.Job instance at 0x7f3b67b7ad70>,10,22,[ 4 12],11,-1,33,-1,11
1,<environment.Job instance at 0x7f3b67b959b0>,13,16,[ 2 11],14,-1,30,-1,14
1,<environment.Job instance at 0x7f3b67b95910>,15,19,[ 3 11],16,-1,35,-1,16
1,<environment.Job instance at 0x7f3b67ba8cd0>,16,28,[5 3],17,-1,51,-1,23
1,<environment.Job instance at 0x7f3b67ba8b40>,17,13,[ 4 11],18,-1,36,-1,23
1,<environment.Job instance at 0x7f3b67b96b40>,20,19,[13  3],21,-1,42,-1,23
1,<environment.Job instance at 0x7f3b67b8d1e0>,21,20,[ 2 13],22,-1,43,-1,23
1,<environment.Job instance at 0x7f3b67b8d3c0>,23,15,[ 3 13],24,-1,40,-1,25
1,<environment.Job instance at 0x7f3b67b8d640>,24,17,[11  4],25,-1,42,-1,25
1,<environment.Job instance at 0x7f3b67c9f8c0>,28,26,[13  5],29,-1,64,-1,38
1,<environment.Job instance at 0x7f3b67c9faa0>,30,12,[12  2],31,-1,50,-1,38
1,<environment.Job instance at 0x7f3b67c9fa50>,27,26,[4 9],28,-1,64,-1,38
1,<environment.Job instance at 0x7f3b67c81e60>,32,23,[14  2],33,-1,61,-1,38
1,<environment.Job instance at 0x7f3b67c81e10>,33,25,[5 3],34,-1,63,-1,38
1,<environment.Job instance at 0x7f3b67c86d20>,35,19,[ 4 14],36,-1,57,-1,38
1,<environment.Job instance at 0x7f3b67c86cd0>,36,13,[ 4 13],37,-1,51,-1,38
1,<environment.Job instance at 0x7f3b67c77870>,38,26,[10  5],39,-1,76,-1,50
1,<environment.Job instance at 0x7f3b67c7e870>,39,14,[14  1],40,-1,64,-1,50
1,<environment.Job instance at 0x7f3b67c7e7d0>,40,17,[13  2],41,-1,67,-1,50
1,<environment.Job instance at 0x7f3b67c77960>,41,23,[8 3],42,-1,73,-1,50
1,<environment.Job instance at 0x7f3b67ca0be0>,45,16,[13  2],46,-1,82,-1,66
1,<environment.Job instance at 0x7f3b67ca0fa0>,46,28,[12  2],47,-1,94,-1,66
1,<environment.Job instance at 0x7f3b67ca01e0>,47,12,[ 5 14],48,-1,78,-1,66
1,<environment.Job instance at 0x7f3b67ca0050>,48,14,[14  2],49,-1,80,-1,66
1,<environment.Job instance at 0x7f3b67ca0cd0>,44,28,[8 4],45,-1,99,-1,71
1,<environment.Job instance at 0x7f3b67c9c640>,51,23,[12  3],52,-1,95,-1,72
1,<environment.Job instance at 0x7f3b67c9ce10>,53,21,[12  2],54,-1,101,-1,80
1,<environment.Job instance at 0x7f3b67dc8910>,54,21,[13  1],55,-1,101,-1,80
1,<environment.Job instance at 0x7f3b67dc8f00>,55,14,[ 1 11],56,-1,94,-1,80
1,<environment.Job instance at 0x7f3b67c97be0>,57,15,[12  3],58,-1,95,-1,80
1,<environment.Job instance at 0x7f3b67c97c80>,58,16,[14  3],59,-1,96,-1,80
1,<environment.Job instance at 0x7f3b69008eb0>,61,16,[ 4 13],62,-1,113,-1,97
1,<environment.Job instance at 0x7f3b68a96280>,63,17,[ 4 11],64,-1,120,-1,103
1,<environment.Job instance at 0x7f3b67c91aa0>,64,24,[6 4],65,-1,138,-1,114
1,<environment.Job instance at 0x7f3b67c918c0>,65,24,[2 5],66,-1,138,-1,114
1,<environment.Job instance at 0x7f3b67c7a050>,66,23,[11  4],67,-1,137,-1,114
1,<environment.Job instance at 0x7f3b67c7a690>,67,13,[ 1 11],68,-1,127,-1,114
1,<environment.Job instance at 0x7f3b67c7ab40>,68,22,[ 1 11],69,-1,136,-1,114
1,<environment.Job instance at 0x7f3b69010af0>,69,21,[13  4],70,-1,135,-1,114
1,<environment.Job instance at 0x7f3b69010a00>,70,23,[14  2],71,-1,137,-1,114
1,<environment.Job instance at 0x7f3b69010aa0>,71,17,[ 3 14],72,-1,131,-1,114
1,<environment.Job instance at 0x7f3b67de89b0>,72,26,[14  5],73,-1,140,-1,114
1,<environment.Job instance at 0x7f3b67a737d0>,73,27,[ 3 13],74,-1,141,-1,114
1,<environment.Job instance at 0x7f3b681bbbe0>,75,28,[14  4],76,-1,142,-1,114
1,<environment.Job instance at 0x7f3b67a4a960>,76,25,[5 1],77,-1,140,-1,115
1,<environment.Job instance at 0x7f3b67928410>,78,22,[14  5],79,-1,138,-1,116
1,<environment.Job instance at 0x7f3b68492eb0>,79,16,[ 2 13],80,-1,132,-1,116
1,<environment.Job instance at 0x7f3b6848e0a0>,81,18,[ 2 13],82,-1,146,-1,128
1,<environment.Job instance at 0x7f3b68a87320>,82,13,[ 4 14],83,-1,141,-1,128
1,<environment.Job instance at 0x7f3b67c4ac80>,83,17,[ 3 11],84,-1,145,-1,128
1,<environment.Job instance at 0x7f3b68a877d0>,84,23,[12  2],85,-1,151,-1,128
1,<environment.Job instance at 0x7f3b68a63140>,85,17,[ 2 14],86,-1,145,-1,128
1,<environment.Job instance at 0x7f3b68a63f50>,86,26,[12  5],87,-1,154,-1,128
1,<environment.Job instance at 0x7f3b67925b90>,88,20,[ 3 13],89,-1,149,-1,129
1,<environment.Job instance at 0x7f3b6792ec80>,89,23,[ 2 13],90,-1,152,-1,129
1,<environment.Job instance at 0x7f3b6792e050>,90,26,[13  2],91,-1,155,-1,129
1,<environment.Job instance at 0x7f3b6792ecd0>,91,14,[ 3 12],92,-1,143,-1,129
1,<environment.Job instance at 0x7f3b68c285a0>,93,27,[2 7],94,-1,170,-1,143
1,<environment.Job instance at 0x7f3b68c28f50>,95,13,[14  1],96,-1,156,-1,143
1,<environment.Job instance at 0x7f3b68c28910>,94,26,[7 1],95,-1,174,-1,148
1,<environment.Job instance at 0x7f3b68b72640>,97,24,[14  4],98,-1,172,-1,148
1,<environment.Job instance at 0x7f3b68b72a50>,98,25,[12  5],99,-1,173,-1,148
1,<environment.Job instance at 0x7f3b68b725f0>,99,25,[3 6],100,-1,173,-1,148
1,<environment.Job instance at 0x7f3b68c28b40>,96,24,[7 2],97,-1,172,-1,148
1,<environment.Job instance at 0x7f3b68b72140>,101,20,[ 4 14],102,-1,168,-1,148
1,<environment.Job instance at 0x7f3b68b72870>,102,16,[13  1],103,-1,164,-1,148
1,<environment.Job instance at 0x7f3b67c9fcd0>,0,18,[1 7],1,-1,19,-1,1
1,<environment.Job instance at 0x7f3b68e70280>,3,21,[8 5],4,-1,26,-1,5
1,<environment.Job instance at 0x7f3b68e703c0>,5,28,[3 6],6,-1,34,-1,6
1,<environment.Job instance at 0x7f3b67b9baf0>,4,16,[13  1],5,-1,23,-1,7
1,<environment.Job instance at 0x7f3b68e706e0>,10,21,[9 1],11,-1,40,-1,19
1,<environment.Job instance at 0x7f3b67ac05a0>,2,23,[2 8],3,-1,26,-1,3
1,<environment.Job instance at 0x7f3b68c38320>,4,16,[13  1],5,-1,21,-1,5
1,<environment.Job instance at 0x7f3b68c38a50>,6,23,[ 5 11],7,-1,30,-1,7
1,<environment.Job instance at 0x7f3b68c38550>,8,17,[ 2 12],9,-1,26,-1,9
1,<environment.Job instance at 0x7f3b68c38b40>,1,28,[ 5 10],2,-1,53,-1,25
1,<environment.Job instance at 0x7f3b68c38500>,5,28,[3 6],6,-1,53,-1,25
1,<environment.Job instance at 0x7f3b68c388c0>,13,22,[ 1 13],14,-1,47,-1,25
1,<environment.Job instance at 0x7f3b68c38870>,15,21,[ 5 13],16,-1,46,-1,25
1,<environment.Job instance at 0x7f3b68c381e0>,16,23,[ 4 12],17,-1,48,-1,25
1,<environment.Job instance at 0x7f3b68b72eb0>,17,20,[ 1 13],18,-1,45,-1,25
1,<environment.Job instance at 0x7f3b68b72f50>,18,26,[1 8],19,-1,51,-1,25
1,<environment.Job instance at 0x7f3b68b724b0>,19,27,[14  4],20,-1,52,-1,25
1,<environment.Job instance at 0x7f3b68b72f00>,21,21,[ 1 11],22,-1,46,-1,25
1,<environment.Job instance at 0x7f3b68b723c0>,22,20,[11  2],23,-1,45,-1,25
1,<environment.Job instance at 0x7f3b68c380f0>,7,28,[2 8],8,-1,53,-1,25
1,<environment.Job instance at 0x7f3b68c389b0>,11,27,[5 8],12,-1,52,-1,25
1,<environment.Job instance at 0x7f3b68b72c80>,27,12,[ 2 13],28,-1,40,-1,28
1,<environment.Job instance at 0x7f3b68b72410>,28,26,[13  3],29,-1,55,-1,29
1,<environment.Job instance at 0x7f3b68b721e0>,29,18,[ 5 14],30,-1,48,-1,30
1,<environment.Job instance at 0x7f3b68b72550>,30,17,[12  1],31,-1,48,-1,31
1,<environment.Job instance at 0x7f3b68b72640>,31,22,[ 1 11],32,-1,54,-1,32
1,<environment.Job instance at 0x7f3b68c285a0>,32,14,[14  4],33,-1,47,-1,33
1,<environment.Job instance at 0x7f3b68c28e60>,33,28,[6 1],34,-1,69,-1,41
1,<environment.Job instance at 0x7f3b68c28dc0>,36,27,[7 3],37,-1,68,-1,41
1,<environment.Job instance at 0x7f3b6792ecd0>,37,26,[11  4],38,-1,67,-1,41
1,<environment.Job instance at 0x7f3b68b72140>,25,26,[9 3],26,-1,67,-1,41
1,<environment.Job instance at 0x7f3b6792e780>,41,12,[14  5],42,-1,69,-1,57
1,<environment.Job instance at 0x7f3b68a63190>,42,24,[11  3],43,-1,81,-1,57
1,<environment.Job instance at 0x7f3b68a63af0>,43,20,[14  4],44,-1,77,-1,57
1,<environment.Job instance at 0x7f3b6848e0a0>,44,16,[ 1 11],45,-1,73,-1,57
1,<environment.Job instance at 0x7f3b68492eb0>,45,19,[ 5 11],46,-1,76,-1,57
1,<environment.Job instance at 0x7f3b68a877d0>,46,22,[ 2 11],47,-1,79,-1,57
1,<environment.Job instance at 0x7f3b67b574b0>,49,23,[12  4],50,-1,81,-1,58
1,<environment.Job instance at 0x7f3b67b57050>,51,25,[13  1],52,-1,94,-1,69
1,<environment.Job instance at 0x7f3b67b577d0>,52,22,[11  2],53,-1,91,-1,69
1,<environment.Job instance at 0x7f3b679182d0>,54,28,[ 3 11],55,-1,99,-1,71
1,<environment.Job instance at 0x7f3b67918a00>,55,12,[ 5 12],56,-1,83,-1,71
1,<environment.Job instance at 0x7f3b67918d20>,56,17,[ 3 11],57,-1,88,-1,71
1,<environment.Job instance at 0x7f3b67918f00>,57,16,[ 1 14],58,-1,87,-1,71
1,<environment.Job instance at 0x7f3b67918730>,58,24,[7 4],59,-1,110,-1,86
1,<environment.Job instance at 0x7f3b67918140>,61,18,[ 4 12],62,-1,104,-1,86
1,<environment.Job instance at 0x7f3b67a4a730>,63,13,[ 2 13],64,-1,99,-1,86
1,<environment.Job instance at 0x7f3b681bbbe0>,59,27,[10  1],60,-1,125,-1,98
1,<environment.Job instance at 0x7f3b67a3fa00>,65,21,[ 2 12],66,-1,119,-1,98
1,<environment.Job instance at 0x7f3b67a73640>,66,24,[3 8],67,-1,122,-1,98
1,<environment.Job instance at 0x7f3b67a700a0>,67,16,[ 4 13],68,-1,114,-1,98
1,<environment.Job instance at 0x7f3b67a737d0>,68,25,[5 8],69,-1,123,-1,98
1,<environment.Job instance at 0x7f3b690108c0>,69,26,[1 9],70,-1,124,-1,98
1,<environment.Job instance at 0x7f3b69010b90>,70,27,[13  5],71,-1,125,-1,98
1,<environment.Job instance at 0x7f3b67c919b0>,72,28,[ 4 13],73,-1,126,-1,98
1,<environment.Job instance at 0x7f3b67c7a050>,73,19,[14  3],74,-1,117,-1,98
1,<environment.Job instance at 0x7f3b68a96910>,75,27,[4 5],76,-1,131,-1,104
1,<environment.Job instance at 0x7f3b68a96190>,76,26,[1 5],77,-1,130,-1,104
1,<environment.Job instance at 0x7f3b69008eb0>,77,26,[ 2 11],78,-1,130,-1,104
1,<environment.Job instance at 0x7f3b67c97050>,80,16,[14  3],81,-1,127,-1,111
1,<environment.Job instance at 0x7f3b67dc80f0>,83,16,[13  5],84,-1,133,-1,117
1,<environment.Job instance at 0x7f3b67c97d20>,84,26,[ 5 11],85,-1,143,-1,117
1,<environment.Job instance at 0x7f3b67c9cf00>,85,14,[ 5 13],86,-1,131,-1,117
1,<environment.Job instance at 0x7f3b67ca0d70>,88,13,[ 5 11],89,-1,145,-1,132
1,<environment.Job instance at 0x7f3b67ca00f0>,89,23,[3 6],90,-1,156,-1,133
1,<environment.Job instance at 0x7f3b67ca0050>,90,15,[14  4],91,-1,148,-1,133
1,<environment.Job instance at 0x7f3b67ca00a0>,91,19,[ 3 11],92,-1,152,-1,133
1,<environment.Job instance at 0x7f3b67ca0cd0>,92,18,[11  3],93,-1,151,-1,133
1,<environment.Job instance at 0x7f3b67ca0be0>,93,18,[14  4],94,-1,151,-1,133
1,<environment.Job instance at 0x7f3b67c7c910>,95,28,[7 5],96,-1,161,-1,133
1,<environment.Job instance at 0x7f3b67c7e8c0>,96,28,[2 9],97,-1,170,-1,142
1,<environment.Job instance at 0x7f3b67c77960>,98,12,[11  4],99,-1,154,-1,142
1,<environment.Job instance at 0x7f3b67c77aa0>,99,17,[ 2 11],100,-1,159,-1,142
1,<environment.Job instance at 0x7f3b67a67e60>,100,25,[2 8],101,-1,167,-1,142
1,<environment.Job instance at 0x7f3b67c86c30>,101,26,[ 3 11],102,-1,168,-1,142
1,<environment.Job instance at 0x7f3b67c81dc0>,105,23,[ 4 13],106,-1,165,-1,142
1,<environment.Job instance at 0x7f3b685ee230>,0,19,[5 5],1,-1,20,-1,1
1,<environment.Job instance at 0x7f3b67d978c0>,1,19,[ 1 10],2,-1,22,-1,3
1,<environment.Job instance at 0x7f3b67d974b0>,3,15,[ 5 10],4,-1,19,-1,4
1,<environment.Job instance at 0x7f3b67d97a50>,4,14,[12  4],5,-1,19,-1,5
1,<environment.Job instance at 0x7f3b685f85f0>,4,14,[12  4],5,-1,19,-1,5
1,<environment.Job instance at 0x7f3b685f8870>,5,23,[ 1 13],6,-1,29,-1,6
1,<environment.Job instance at 0x7f3b685f8e10>,7,14,[13  3],8,-1,22,-1,8
1,<environment.Job instance at 0x7f3b68e700f0>,9,24,[12  3],10,-1,34,-1,10
1,<environment.Job instance at 0x7f3b67ba1280>,10,14,[12  4],11,-1,25,-1,11
1,<environment.Job instance at 0x7f3b67ba1d70>,11,23,[5 2],12,-1,43,-1,20
1,<environment.Job instance at 0x7f3b67dbb730>,12,16,[12  4],13,-1,36,-1,20
1,<environment.Job instance at 0x7f3b67ba1640>,13,18,[13  5],14,-1,38,-1,20
1,<environment.Job instance at 0x7f3b67ba1d20>,14,23,[5 5],15,-1,43,-1,20
1,<environment.Job instance at 0x7f3b67ba1e10>,15,18,[13  2],16,-1,38,-1,20
1,<environment.Job instance at 0x7f3b685f8690>,2,25,[5 8],3,-1,46,-1,21
1,<environment.Job instance at 0x7f3b67ba3550>,18,20,[ 3 14],19,-1,41,-1,21
1,<environment.Job instance at 0x7f3b67dcba50>,19,20,[13  3],20,-1,41,-1,21
1,<environment.Job instance at 0x7f3b67dcb5a0>,20,27,[ 5 12],21,-1,48,-1,21
1,<environment.Job instance at 0x7f3b67b9a6e0>,16,27,[5 6],17,-1,48,-1,21
1,<environment.Job instance at 0x7f3b67b957d0>,22,14,[ 1 13],23,-1,37,-1,23
1,<environment.Job instance at 0x7f3b67b95910>,24,24,[12  4],25,-1,49,-1,25
1,<environment.Job instance at 0x7f3b67ba8be0>,25,13,[13  1],26,-1,39,-1,26
1,<environment.Job instance at 0x7f3b67ba8b40>,26,26,[2 7],27,-1,60,-1,34
1,<environment.Job instance at 0x7f3b67b96be0>,27,25,[11  1],28,-1,59,-1,34
1,<environment.Job instance at 0x7f3b67b96c30>,28,24,[ 3 14],29,-1,58,-1,34
1,<environment.Job instance at 0x7f3b67b8de60>,29,26,[12  5],30,-1,60,-1,34
1,<environment.Job instance at 0x7f3b67b8d370>,31,24,[11  1],32,-1,58,-1,34
1,<environment.Job instance at 0x7f3b67b8d320>,32,25,[14  3],33,-1,59,-1,34
1,<environment.Job instance at 0x7f3b67c9f820>,33,19,[11  3],34,-1,53,-1,34
1,<environment.Job instance at 0x7f3b67a67e60>,34,17,[12  2],35,-1,52,-1,35
1,<environment.Job instance at 0x7f3b67a67f00>,35,23,[ 5 14],36,-1,59,-1,36
1,<environment.Job instance at 0x7f3b67b9a460>,17,24,[9 5],18,-1,61,-1,37
1,<environment.Job instance at 0x7f3b67c9f7d0>,36,22,[ 4 11],37,-1,59,-1,37
1,<environment.Job instance at 0x7f3b67c7e7d0>,41,15,[ 2 13],42,-1,62,-1,47
1,<environment.Job instance at 0x7f3b67c86c80>,43,18,[ 3 13],44,-1,70,-1,52
1,<environment.Job instance at 0x7f3b67c7ca00>,45,25,[12  4],46,-1,77,-1,52
1,<environment.Job instance at 0x7f3b67ca0be0>,46,23,[8 3],47,-1,75,-1,52
1,<environment.Job instance at 0x7f3b67ca01e0>,49,15,[13  3],50,-1,67,-1,52
1,<environment.Job instance at 0x7f3b67ca0050>,50,17,[12  5],51,-1,69,-1,52
1,<environment.Job instance at 0x7f3b67ca0dc0>,51,28,[5 3],52,-1,90,-1,62
1,<environment.Job instance at 0x7f3b67c9c6e0>,52,27,[12  4],53,-1,89,-1,62
1,<environment.Job instance at 0x7f3b67c97be0>,54,20,[ 3 13],55,-1,82,-1,62
1,<environment.Job instance at 0x7f3b67c97d70>,55,15,[12  1],56,-1,77,-1,62
1,<environment.Job instance at 0x7f3b67c970a0>,56,25,[7 2],57,-1,93,-1,68
1,<environment.Job instance at 0x7f3b67c9c640>,53,24,[2 5],54,-1,92,-1,68
1,<environment.Job instance at 0x7f3b68a965a0>,58,16,[14  3],59,-1,84,-1,68
1,<environment.Job instance at 0x7f3b67a700a0>,59,16,[ 5 12],60,-1,84,-1,68
1,<environment.Job instance at 0x7f3b67c7a230>,61,27,[12  3],62,-1,95,-1,68
1,<environment.Job instance at 0x7f3b67de89b0>,63,21,[ 1 11],64,-1,89,-1,68
1,<environment.Job instance at 0x7f3b69010b90>,64,26,[11  5],65,-1,94,-1,68
1,<environment.Job instance at 0x7f3b67a4a960>,67,28,[14  5],68,-1,111,-1,83
1,<environment.Job instance at 0x7f3b67918820>,68,13,[13  5],69,-1,96,-1,83
1,<environment.Job instance at 0x7f3b67918730>,69,22,[ 2 14],70,-1,105,-1,83
1,<environment.Job instance at 0x7f3b681bbbe0>,66,28,[ 5 10],67,-1,124,-1,96
1,<environment.Job instance at 0x7f3b679183c0>,71,23,[12  5],72,-1,119,-1,96
1,<environment.Job instance at 0x7f3b67918d70>,72,16,[ 2 14],73,-1,112,-1,96
1,<environment.Job instance at 0x7f3b679189b0>,70,27,[4 5],71,-1,123,-1,96
1,<environment.Job instance at 0x7f3b67918910>,74,19,[14  5],75,-1,115,-1,96
1,<environment.Job instance at 0x7f3b67c3a7d0>,75,18,[ 5 12],76,-1,114,-1,96
1,<environment.Job instance at 0x7f3b67918cd0>,76,16,[ 2 11],77,-1,112,-1,96
1,<environment.Job instance at 0x7f3b67b577d0>,78,13,[ 4 13],79,-1,109,-1,96
1,<environment.Job instance at 0x7f3b67b57be0>,80,19,[ 4 13],81,-1,115,-1,96
1,<environment.Job instance at 0x7f3b68492eb0>,81,14,[ 5 13],82,-1,110,-1,96
1,<environment.Job instance at 0x7f3b6848e0a0>,82,13,[ 5 12],83,-1,109,-1,96
1,<environment.Job instance at 0x7f3b67928410>,79,27,[10  1],80,-1,126,-1,99
1,<environment.Job instance at 0x7f3b68a63a00>,84,25,[1 6],85,-1,137,-1,112
1,<environment.Job instance at 0x7f3b68a63190>,85,25,[ 5 13],86,-1,137,-1,112
1,<environment.Job instance at 0x7f3b67931b40>,86,16,[12  2],87,-1,128,-1,112
1,<environment.Job instance at 0x7f3b679315f0>,83,23,[10  5],84,-1,135,-1,112
1,<environment.Job instance at 0x7f3b68c28910>,88,14,[ 5 13],89,-1,126,-1,112
1,<environment.Job instance at 0x7f3b68c282d0>,90,27,[9 2],91,-1,139,-1,112
1,<environment.Job instance at 0x7f3b68b720a0>,91,21,[14  2],92,-1,133,-1,112
1,<environment.Job instance at 0x7f3b68b72550>,92,27,[11  3],93,-1,139,-1,112
1,<environment.Job instance at 0x7f3b68b72910>,93,17,[14  5],94,-1,129,-1,112
1,<environment.Job instance at 0x7f3b68b72410>,94,27,[10  4],95,-1,139,-1,112
1,<environment.Job instance at 0x7f3b68b728c0>,96,25,[ 1 13],97,-1,137,-1,112
1,<environment.Job instance at 0x7f3b68b72190>,97,27,[8 4],98,-1,139,-1,112
1,<environment.Job instance at 0x7f3b68b72370>,99,23,[ 5 12],100,-1,135,-1,112
1,<environment.Job instance at 0x7f3b68b72f50>,100,17,[12  2],101,-1,129,-1,112
1,<environment.Job instance at 0x7f3b68b724b0>,101,26,[ 2 12],102,-1,138,-1,112
1,<environment.Job instance at 0x7f3b68b72230>,104,20,[14  4],105,-1,145,-1,125
1,<environment.Job instance at 0x7f3b68c38b90>,106,18,[13  2],107,-1,145,-1,127
1,<environment.Job instance at 0x7f3b68c38d20>,107,18,[12  1],108,-1,145,-1,127
1,<environment.Job instance at 0x7f3b68c38af0>,108,19,[ 3 11],109,-1,146,-1,127
1,<environment.Job instance at 0x7f3b68c38be0>,110,13,[ 4 11],111,-1,141,-1,128
1,<environment.Job instance at 0x7f3b68c38f00>,111,26,[ 2 12],112,-1,154,-1,128
1,<environment.Job instance at 0x7f3b68c38f50>,112,24,[13  2],113,-1,152,-1,128
1,<environment.Job instance at 0x7f3b68c381e0>,105,23,[9 4],106,-1,168,-1,145
1,<environment.Job instance at 0x7f3b68c38050>,114,25,[ 3 14],115,-1,170,-1,145
1,<environment.Job instance at 0x7f3b68c38960>,113,23,[4 6],114,-1,168,-1,145
1,<environment.Job instance at 0x7f3b68c38320>,116,28,[11  3],117,-1,173,-1,145
1,<environment.Job instance at 0x7f3b68c38eb0>,117,26,[14  1],118,-1,171,-1,145
1,<environment.Job instance at 0x7f3b68b72b40>,102,28,[4 7],103,-1,174,-1,146
1,<environment.Job instance at 0x7f3b685ee320>,120,16,[13  3],121,-1,163,-1,147
1,<environment.Job instance at 0x7f3b67d97460>,121,28,[7 2],122,-1,175,-1,147
1,<environment.Job instance at 0x7f3b67d97550>,122,17,[11  4],123,-1,164,-1,147
1,<environment.Job instance at 0x7f3b67848fa0>,123,16,[ 2 12],124,-1,163,-1,147
1,<environment.Job instance at 0x7f3b678489b0>,124,27,[6 3],125,-1,174,-1,147
1,<environment.Job instance at 0x7f3b67848910>,126,17,[ 5 11],127,-1,164,-1,147
1,<environment.Job instance at 0x7f3b67cf18c0>,127,16,[11  5],128,-1,163,-1,147
1,<environment.Job instance at 0x7f3b67cf1690>,129,22,[14  3],130,-1,169,-1,147
1,<environment.Job instance at 0x7f3b6800fd70>,4,15,[13  2],5,-1,20,-1,5
1,<environment.Job instance at 0x7f3b67693460>,3,18,[9 2],4,-1,24,-1,6
1,<environment.Job instance at 0x7f3b67693820>,5,16,[12  3],6,-1,22,-1,6
1,<environment.Job instance at 0x7f3b7165e500>,0,12,[ 3 11],1,-1,13,-1,1
1,<environment.Job instance at 0x7f3b7165ec80>,1,25,[14  5],2,-1,27,-1,2
1,<environment.Job instance at 0x7f3b7165ecd0>,2,18,[11  4],3,-1,21,-1,3
1,<environment.Job instance at 0x7f3b685ee320>,4,15,[13  2],5,-1,20,-1,5
1,<environment.Job instance at 0x7f3b7165e640>,5,16,[12  3],6,-1,22,-1,6
1,<environment.Job instance at 0x7f3b7165e7d0>,9,22,[ 1 13],10,-1,32,-1,10
1,<environment.Job instance at 0x7f3b67ca0d70>,10,12,[11  4],11,-1,23,-1,11
1,<environment.Job instance at 0x7f3b67ca0fa0>,12,21,[ 4 12],13,-1,34,-1,13
1,<environment.Job instance at 0x7f3b67ca0be0>,14,26,[ 4 13],15,-1,41,-1,15
1,<environment.Job instance at 0x7f3b67a4a640>,8,28,[5 6],9,-1,50,-1,22
1,<environment.Job instance at 0x7f3b67ca0cd0>,16,26,[7 4],17,-1,48,-1,22
1,<environment.Job instance at 0x7f3b67c7cb40>,17,24,[3 7],18,-1,46,-1,22
1,<environment.Job instance at 0x7f3b67c77870>,18,17,[ 2 14],19,-1,39,-1,22
1,<environment.Job instance at 0x7f3b67c77aa0>,20,14,[ 3 13],21,-1,36,-1,22
1,<environment.Job instance at 0x7f3b67b8de60>,25,26,[12  1],26,-1,54,-1,28
1,<environment.Job instance at 0x7f3b67b7ab40>,30,27,[ 4 12],31,-1,77,-1,50
1,<environment.Job instance at 0x7f3b67b7a370>,31,28,[11  3],32,-1,78,-1,50
1,<environment.Job instance at 0x7f3b67ba8d20>,32,24,[ 3 12],33,-1,74,-1,50
1,<environment.Job instance at 0x7f3b67b9a4b0>,33,14,[ 3 12],34,-1,64,-1,50
1,<environment.Job instance at 0x7f3b67b15730>,34,13,[12  5],35,-1,63,-1,50
1,<environment.Job instance at 0x7f3b67ff5460>,35,13,[12  1],36,-1,63,-1,50
1,<environment.Job instance at 0x7f3b68f84a00>,36,18,[ 4 12],37,-1,68,-1,50
1,<environment.Job instance at 0x7f3b67687460>,37,12,[13  3],38,-1,62,-1,50
1,<environment.Job instance at 0x7f3b68f8c0a0>,38,28,[14  1],39,-1,78,-1,50
1,<environment.Job instance at 0x7f3b67ba3550>,41,18,[ 1 11],42,-1,68,-1,50
1,<environment.Job instance at 0x7f3b67ea8aa0>,44,24,[14  4],45,-1,88,-1,64
1,<environment.Job instance at 0x7f3b67ea84b0>,47,24,[11  1],48,-1,89,-1,65
1,<environment.Job instance at 0x7f3b679c7230>,49,24,[14  2],50,-1,100,-1,76
1,<environment.Job instance at 0x7f3b679c7a50>,50,23,[ 2 11],51,-1,99,-1,76
1,<environment.Job instance at 0x7f3b67ea82d0>,51,28,[ 1 11],52,-1,104,-1,76
1,<environment.Job instance at 0x7f3b67ea8280>,48,26,[2 7],49,-1,106,-1,80
1,<environment.Job instance at 0x7f3b68106fa0>,54,24,[14  5],55,-1,104,-1,80
1,<environment.Job instance at 0x7f3b681067d0>,56,16,[14  1],57,-1,96,-1,80
1,<environment.Job instance at 0x7f3b68106e60>,59,19,[ 4 14],60,-1,113,-1,94
1,<environment.Job instance at 0x7f3b68106af0>,58,25,[3 6],59,-1,120,-1,95
1,<environment.Job instance at 0x7f3b68131050>,61,24,[14  4],62,-1,119,-1,95
1,<environment.Job instance at 0x7f3b68106410>,60,28,[3 6],61,-1,123,-1,95
1,<environment.Job instance at 0x7f3b68131cd0>,64,27,[ 5 12],65,-1,122,-1,95
1,<environment.Job instance at 0x7f3b68106e10>,55,24,[8 3],56,-1,135,-1,111
1,<environment.Job instance at 0x7f3b68131c30>,66,16,[14  2],67,-1,127,-1,111
1,<environment.Job instance at 0x7f3b68131d20>,67,25,[ 4 14],68,-1,136,-1,111
1,<environment.Job instance at 0x7f3b681311e0>,68,18,[ 2 11],69,-1,129,-1,111
1,<environment.Job instance at 0x7f3b68131e60>,69,18,[ 1 13],70,-1,129,-1,111
1,<environment.Job instance at 0x7f3b68131af0>,63,25,[7 5],64,-1,136,-1,111
1,<environment.Job instance at 0x7f3b68131d70>,71,17,[13  3],72,-1,128,-1,111
1,<environment.Job instance at 0x7f3b681312d0>,72,27,[2 5],73,-1,138,-1,111
1,<environment.Job instance at 0x7f3b68131960>,73,19,[ 2 13],74,-1,130,-1,111
1,<environment.Job instance at 0x7f3b681320f0>,74,14,[14  5],75,-1,125,-1,111
1,<environment.Job instance at 0x7f3b681323c0>,75,26,[ 3 14],76,-1,137,-1,111
1,<environment.Job instance at 0x7f3b68132f00>,76,14,[13  5],77,-1,125,-1,111
1,<environment.Job instance at 0x7f3b681328c0>,77,15,[ 2 11],78,-1,126,-1,111
1,<environment.Job instance at 0x7f3b68132370>,79,24,[ 5 13],80,-1,135,-1,111
1,<environment.Job instance at 0x7f3b68132500>,80,22,[ 3 14],81,-1,133,-1,111
1,<environment.Job instance at 0x7f3b68132690>,81,17,[13  4],82,-1,128,-1,111
1,<environment.Job instance at 0x7f3b68132d20>,83,15,[ 1 13],84,-1,127,-1,112
1,<environment.Job instance at 0x7f3b68132eb0>,84,19,[14  1],85,-1,131,-1,112
1,<environment.Job instance at 0x7f3b67f76870>,86,15,[13  5],87,-1,139,-1,124
1,<environment.Job instance at 0x7f3b67f762d0>,87,15,[12  1],88,-1,139,-1,124
1,<environment.Job instance at 0x7f3b67f760f0>,88,17,[13  2],89,-1,141,-1,124
1,<environment.Job instance at 0x7f3b67f76820>,89,21,[11  3],90,-1,145,-1,124
1,<environment.Job instance at 0x7f3b67f769b0>,91,14,[ 1 13],92,-1,138,-1,124
1,<environment.Job instance at 0x7f3b682b52d0>,93,25,[11  4],94,-1,153,-1,128
1,<environment.Job instance at 0x7f3b67f76dc0>,90,23,[5 5],91,-1,165,-1,142
1,<environment.Job instance at 0x7f3b682b5b40>,95,25,[3 5],96,-1,167,-1,142
1,<environment.Job instance at 0x7f3b682b5e60>,96,19,[11  4],97,-1,161,-1,142
1,<environment.Job instance at 0x7f3b682b55f0>,97,19,[ 5 14],98,-1,161,-1,142
1,<environment.Job instance at 0x7f3b682b5140>,99,15,[14  3],100,-1,159,-1,144
1,<environment.Job instance at 0x7f3b682b5c30>,100,14,[ 1 13],101,-1,158,-1,144
1,<environment.Job instance at 0x7f3b682b5410>,101,25,[4 6],102,-1,173,-1,148
1,<environment.Job instance at 0x7f3b682b5f00>,102,25,[ 1 14],103,-1,173,-1,148
1,<environment.Job instance at 0x7f3b682b57d0>,103,27,[ 2 11],104,-1,175,-1,148
1,<environment.Job instance at 0x7f3b682b5500>,104,17,[ 5 11],105,-1,165,-1,148
1,<environment.Job instance at 0x7f3b682b5aa0>,105,21,[14  1],106,-1,169,-1,148
1,<environment.Job instance at 0x7f3b687c2820>,2,15,[8 2],3,-1,19,-1,4
1,<environment.Job instance at 0x7f3b7165ef00>,3,19,[5 8],4,-1,23,-1,4
1,<environment.Job instance at 0x7f3b68ca8640>,8,25,[9 4],9,-1,100,-1,75
1,<environment.Job instance at 0x7f3b68a60a00>,19,20,[5 8],20,-1,99,-1,79
1,<environment.Job instance at 0x7f3b685d8230>,9,26,[ 2 13],10,-1,105,-1,79
1,<environment.Job instance at 0x7f3b687c7d70>,21,17,[7 5],22,-1,96,-1,79
1,<environment.Job instance at 0x7f3b687c7050>,20,23,[6 3],21,-1,102,-1,79
1,<environment.Job instance at 0x7f3b68d118c0>,1,19,[ 3 13],2,-1,21,-1,2
1,<environment.Job instance at 0x7f3b68d116e0>,4,12,[12  2],5,-1,17,-1,5
1,<environment.Job instance at 0x7f3b68d11870>,6,26,[ 4 11],7,-1,33,-1,7
1,<environment.Job instance at 0x7f3b68d11d20>,7,13,[ 2 12],8,-1,21,-1,8
1,<environment.Job instance at 0x7f3b68d115f0>,9,26,[ 2 13],10,-1,36,-1,10
1,<environment.Job instance at 0x7f3b677b2d70>,10,17,[11  4],11,-1,28,-1,11
1,<environment.Job instance at 0x7f3b68d11730>,5,24,[5 8],6,-1,40,-1,16
1,<environment.Job instance at 0x7f3b677b29b0>,14,18,[ 5 12],15,-1,34,-1,16
1,<environment.Job instance at 0x7f3b677b2870>,8,25,[9 4],9,-1,43,-1,18
1,<environment.Job instance at 0x7f3b677b2aa0>,16,15,[ 3 12],17,-1,33,-1,18
1,<environment.Job instance at 0x7f3b685a8550>,20,23,[6 3],21,-1,55,-1,32
1,<environment.Job instance at 0x7f3b685a8a50>,22,23,[ 2 11],23,-1,55,-1,32
1,<environment.Job instance at 0x7f3b685a8320>,23,13,[14  4],24,-1,45,-1,32
1,<environment.Job instance at 0x7f3b685a82d0>,24,14,[13  2],25,-1,46,-1,32
1,<environment.Job instance at 0x7f3b685a8230>,25,22,[ 5 12],26,-1,54,-1,32
1,<environment.Job instance at 0x7f3b685a8730>,26,23,[ 2 12],27,-1,55,-1,32
1,<environment.Job instance at 0x7f3b685a8c30>,27,26,[6 3],28,-1,58,-1,32
1,<environment.Job instance at 0x7f3b685a89b0>,28,25,[ 2 14],29,-1,57,-1,32
1,<environment.Job instance at 0x7f3b68b77320>,30,18,[13  5],31,-1,50,-1,32
1,<environment.Job instance at 0x7f3b68b770a0>,33,13,[12  5],34,-1,62,-1,49
1,<environment.Job instance at 0x7f3b68b770f0>,34,22,[14  3],35,-1,71,-1,49
1,<environment.Job instance at 0x7f3b682b5aa0>,35,14,[ 2 11],36,-1,63,-1,49
1,<environment.Job instance at 0x7f3b68b776e0>,36,13,[ 5 11],37,-1,62,-1,49
1,<environment.Job instance at 0x7f3b682b5be0>,38,27,[4 5],39,-1,89,-1,62
1,<environment.Job instance at 0x7f3b682b5d70>,40,13,[ 3 13],41,-1,75,-1,62
1,<environment.Job instance at 0x7f3b682b5960>,43,17,[13  5],44,-1,95,-1,78
1,<environment.Job instance at 0x7f3b682b5870>,44,25,[11  3],45,-1,103,-1,78
1,<environment.Job instance at 0x7f3b682b5230>,45,16,[11  1],46,-1,94,-1,78
1,<environment.Job instance at 0x7f3b682b51e0>,47,13,[ 5 12],48,-1,91,-1,78
1,<environment.Job instance at 0x7f3b682b5280>,48,25,[1 6],49,-1,103,-1,78
1,<environment.Job instance at 0x7f3b67f76820>,49,21,[ 4 13],50,-1,99,-1,78
1,<environment.Job instance at 0x7f3b682b5f50>,50,19,[11  3],51,-1,97,-1,78
1,<environment.Job instance at 0x7f3b67f769b0>,51,14,[ 1 11],52,-1,92,-1,78
1,<environment.Job instance at 0x7f3b67f767d0>,52,25,[ 1 12],53,-1,103,-1,78
1,<environment.Job instance at 0x7f3b67f76690>,53,20,[12  4],54,-1,98,-1,78
1,<environment.Job instance at 0x7f3b67f762d0>,54,23,[5 1],55,-1,101,-1,78
1,<environment.Job instance at 0x7f3b68132d20>,56,23,[ 2 14],57,-1,102,-1,79
1,<environment.Job instance at 0x7f3b681325f0>,57,27,[ 3 13],58,-1,106,-1,79
1,<environment.Job instance at 0x7f3b681325a0>,58,12,[ 2 13],59,-1,91,-1,79
1,<environment.Job instance at 0x7f3b68132230>,59,19,[ 1 14],60,-1,98,-1,79
1,<environment.Job instance at 0x7f3b68132b40>,62,16,[13  5],63,-1,114,-1,98
1,<environment.Job instance at 0x7f3b681323c0>,65,12,[12  2],66,-1,124,-1,112
1,<environment.Job instance at 0x7f3b68131460>,67,24,[ 3 11],68,-1,144,-1,120
1,<environment.Job instance at 0x7f3b68131d70>,68,26,[6 5],69,-1,146,-1,120
1,<environment.Job instance at 0x7f3b68131b40>,70,27,[1 5],71,-1,161,-1,134
1,<environment.Job instance at 0x7f3b681310a0>,72,17,[12  2],73,-1,151,-1,134
1,<environment.Job instance at 0x7f3b68131230>,73,23,[6 1],74,-1,157,-1,134
1,<environment.Job instance at 0x7f3b68131190>,75,20,[ 1 14],76,-1,154,-1,134
1,<environment.Job instance at 0x7f3b68131b90>,76,19,[ 1 11],77,-1,153,-1,134
1,<environment.Job instance at 0x7f3b68131a50>,77,24,[5 8],78,-1,172,-1,148
1,<environment.Job instance at 0x7f3b68106af0>,78,27,[10  2],79,-1,175,-1,148
1,<environment.Job instance at 0x7f3b68131be0>,80,27,[ 3 12],81,-1,175,-1,148
1,<environment.Job instance at 0x7f3b68106690>,81,18,[ 3 12],82,-1,166,-1,148
1,<environment.Job instance at 0x7f3b68106e10>,82,13,[14  2],83,-1,161,-1,148
1,<environment.Job instance at 0x7f4cab1d2b90>,2,20,[7 4],3,-1,23,-1,3
1,<environment.Job instance at 0x7f4cab1d2dc0>,7,26,[9 3],8,-1,135,-1,109
1,<environment.Job instance at 0x7f4cab1d75a0>,19,23,[8 4],20,-1,132,-1,109
1,<environment.Job instance at 0x7f4cb481c780>,3,13,[12  4],4,-1,17,-1,4
1,<environment.Job instance at 0x7f4cab357320>,5,24,[ 2 14],6,-1,30,-1,6
1,<environment.Job instance at 0x7f4cab1caa50>,6,15,[ 2 14],7,-1,22,-1,7
1,<environment.Job instance at 0x7f4cab380190>,8,20,[ 4 13],9,-1,29,-1,9
1,<environment.Job instance at 0x7f4cab2f2e10>,9,16,[12  1],10,-1,26,-1,10
1,<environment.Job instance at 0x7f4cab1d29b0>,4,24,[7 2],5,-1,42,-1,18
1,<environment.Job instance at 0x7f4cab309280>,12,28,[ 1 14],13,-1,46,-1,18
1,<environment.Job instance at 0x7f4cab2fd2d0>,14,15,[14  4],15,-1,33,-1,18
1,<environment.Job instance at 0x7f4cab3f1320>,15,20,[ 3 12],16,-1,38,-1,18
1,<environment.Job instance at 0x7f4cb481c7d0>,1,24,[10  1],2,-1,47,-1,23
1,<environment.Job instance at 0x7f4cab2fd820>,17,19,[12  4],18,-1,42,-1,23
1,<environment.Job instance at 0x7f4cab2a5aa0>,18,18,[13  1],19,-1,41,-1,23
1,<environment.Job instance at 0x7f4cab296500>,19,23,[8 4],20,-1,46,-1,23
1,<environment.Job instance at 0x7f4cab296410>,20,17,[ 2 14],21,-1,40,-1,23
1,<environment.Job instance at 0x7f4cab2e1a00>,21,14,[ 4 11],22,-1,37,-1,23
1,<environment.Job instance at 0x7f4cab374460>,7,26,[9 3],8,-1,49,-1,23
1,<environment.Job instance at 0x7f4cab2fd5a0>,16,28,[5 1],17,-1,51,-1,23
1,<environment.Job instance at 0x7f4cab356960>,23,16,[12  2],24,-1,40,-1,24
1,<environment.Job instance at 0x7f4cab2e2d20>,27,17,[ 4 12],28,-1,50,-1,33
1,<environment.Job instance at 0x7f4cab2e2730>,28,17,[ 1 13],29,-1,50,-1,33
1,<environment.Job instance at 0x7f4cab277eb0>,29,24,[ 4 13],30,-1,57,-1,33
1,<environment.Job instance at 0x7f4cab277d70>,30,26,[11  4],31,-1,59,-1,33
1,<environment.Job instance at 0x7f4cab277410>,31,28,[ 2 10],32,-1,61,-1,33
1,<environment.Job instance at 0x7f4cab25ddc0>,25,24,[5 7],26,-1,57,-1,33
1,<environment.Job instance at 0x7f4cab2ee5a0>,33,28,[6 4],34,-1,64,-1,36
1,<environment.Job instance at 0x7f4cab2eee10>,34,24,[5 5],35,-1,60,-1,36
1,<environment.Job instance at 0x7f4cab37fd70>,37,14,[ 5 14],38,-1,52,-1,38
1,<environment.Job instance at 0x7f4cab2949b0>,38,24,[13  2],39,-1,63,-1,39
1,<environment.Job instance at 0x7f4cab37f050>,40,26,[ 1 14],41,-1,71,-1,45
1,<environment.Job instance at 0x7f4cab2942d0>,42,12,[ 5 12],43,-1,57,-1,45
1,<environment.Job instance at 0x7f4cab294410>,44,12,[11  3],45,-1,64,-1,52
1,<environment.Job instance at 0x7f4cab294a00>,45,12,[ 3 14],46,-1,64,-1,52
1,<environment.Job instance at 0x7f4cab294550>,47,14,[12  2],48,-1,71,-1,57
1,<environment.Job instance at 0x7f4cab294730>,48,14,[ 1 11],49,-1,71,-1,57
1,<environment.Job instance at 0x7f4cab294c30>,50,13,[ 4 12],51,-1,81,-1,68
1,<environment.Job instance at 0x7f4cab328550>,52,21,[14  2],53,-1,89,-1,68
1,<environment.Job instance at 0x7f4cab2cd190>,55,12,[ 2 12],56,-1,99,-1,87
1,<environment.Job instance at 0x7f4cab2e0e10>,57,16,[ 2 11],58,-1,104,-1,88
1,<environment.Job instance at 0x7f4cab2e0c30>,58,17,[ 3 13],59,-1,105,-1,88
1,<environment.Job instance at 0x7f4cab359190>,60,28,[2 6],61,-1,116,-1,88
1,<environment.Job instance at 0x7f4cab359050>,61,23,[13  5],62,-1,111,-1,88
1,<environment.Job instance at 0x7f4cab3594b0>,62,14,[ 4 11],63,-1,102,-1,88
1,<environment.Job instance at 0x7f4cab28f230>,64,24,[2 8],65,-1,112,-1,88
1,<environment.Job instance at 0x7f4cab28f370>,65,26,[5 5],66,-1,126,-1,100
1,<environment.Job instance at 0x7f4cab28f640>,66,17,[ 4 12],67,-1,117,-1,100
1,<environment.Job instance at 0x7f4cab28f910>,69,26,[1 7],70,-1,126,-1,100
1,<environment.Job instance at 0x7f4cab28faf0>,72,28,[11  1],73,-1,141,-1,113
1,<environment.Job instance at 0x7f4cab293b90>,79,14,[12  1],80,-1,172,-1,158
1,<environment.Job instance at 0x7f4cab293e10>,80,19,[12  3],81,-1,177,-1,158
1,<environment.Job instance at 0x7f4caa91b6e0>,0,26,[5 4],1,-1,27,-1,1
1,<environment.Job instance at 0x7f4caaa61370>,2,19,[2 5],3,-1,23,-1,4
1,<environment.Job instance at 0x7f4caa91bc30>,3,17,[13  1],4,-1,21,-1,4
1,<environment.Job instance at 0x7f4caaa5a820>,4,22,[3 8],5,-1,28,-1,6
1,<environment.Job instance at 0x7f4caaa5a140>,5,16,[11  3],6,-1,22,-1,6
1,<environment.Job instance at 0x7f4caaa05960>,11,14,[ 5 10],12,-1,28,-1,14
1,<environment.Job instance at 0x7f4cab294050>,0,26,[5 4],1,-1,27,-1,1
1,<environment.Job instance at 0x7f4cab2949b0>,1,23,[ 3 14],2,-1,25,-1,2
1,<environment.Job instance at 0x7f4cb4862140>,3,17,[13  1],4,-1,21,-1,4
1,<environment.Job instance at 0x7f4caa9f1c30>,5,16,[11  3],6,-1,22,-1,6
1,<environment.Job instance at 0x7f4caa9f1be0>,6,24,[13  4],7,-1,31,-1,7
1,<environment.Job instance at 0x7f4caaa43dc0>,7,18,[14  2],8,-1,26,-1,8
1,<environment.Job instance at 0x7f4caa9f1550>,9,17,[14  3],10,-1,27,-1,10
1,<environment.Job instance at 0x7f4caa9fbb40>,10,24,[ 4 11],11,-1,35,-1,11
1,<environment.Job instance at 0x7f4caa9fba00>,14,25,[14  5],15,-1,40,-1,15
1,<environment.Job instance at 0x7f4caa9fb730>,15,24,[3 7],16,-1,46,-1,22
1,<environment.Job instance at 0x7f4caaafd280>,17,17,[11  1],18,-1,39,-1,22
1,<environment.Job instance at 0x7f4caa9fd0f0>,18,27,[ 3 13],19,-1,49,-1,22
1,<environment.Job instance at 0x7f4caa9fd7d0>,21,19,[11  4],22,-1,46,-1,27
1,<environment.Job instance at 0x7f4caa9ce640>,22,24,[4 9],23,-1,59,-1,35
1,<environment.Job instance at 0x7f4caa9ce550>,23,25,[13  2],24,-1,60,-1,35
1,<environment.Job instance at 0x7f4caa9fd320>,24,23,[6 4],25,-1,58,-1,35
1,<environment.Job instance at 0x7f4caa98af50>,25,22,[12  2],26,-1,57,-1,35
1,<environment.Job instance at 0x7f4caa9fd0a0>,20,26,[3 9],21,-1,61,-1,35
1,<environment.Job instance at 0x7f4caa994820>,28,13,[ 3 11],29,-1,48,-1,35
1,<environment.Job instance at 0x7f4caa994370>,29,14,[14  1],30,-1,49,-1,35
1,<environment.Job instance at 0x7f4caa980050>,30,14,[12  1],31,-1,49,-1,35
1,<environment.Job instance at 0x7f4caa980140>,31,17,[12  4],32,-1,52,-1,35
1,<environment.Job instance at 0x7f4caa980b40>,34,16,[ 4 14],35,-1,57,-1,41
1,<environment.Job instance at 0x7f4caa990be0>,39,14,[14  2],40,-1,70,-1,56
1,<environment.Job instance at 0x7f4caa98dd70>,40,13,[12  2],41,-1,69,-1,56
1,<environment.Job instance at 0x7f4caa9c2190>,41,27,[3 6],42,-1,83,-1,56
1,<environment.Job instance at 0x7f4caa98d050>,45,13,[12  2],46,-1,83,-1,70
1,<environment.Job instance at 0x7f4caa99f550>,47,14,[11  1],48,-1,84,-1,70
1,<environment.Job instance at 0x7f4caa99fe60>,48,24,[12  2],49,-1,94,-1,70
1,<environment.Job instance at 0x7f4caa99f7d0>,49,20,[12  3],50,-1,90,-1,70
1,<environment.Job instance at 0x7f4caa99fe10>,51,15,[11  5],52,-1,89,-1,74
1,<environment.Job instance at 0x7f4caa99c280>,52,19,[14  4],53,-1,93,-1,74
1,<environment.Job instance at 0x7f4caa99ca50>,53,17,[ 3 12],54,-1,91,-1,74
1,<environment.Job instance at 0x7f4caa999f00>,55,19,[ 4 14],56,-1,104,-1,85
1,<environment.Job instance at 0x7f4caa999f50>,56,16,[ 5 12],57,-1,101,-1,85
1,<environment.Job instance at 0x7f4caa999e60>,57,21,[ 1 12],58,-1,106,-1,85
1,<environment.Job instance at 0x7f4caa999d70>,58,16,[ 1 14],59,-1,101,-1,85
1,<environment.Job instance at 0x7f4caaae1a50>,59,18,[ 1 14],60,-1,103,-1,85
1,<environment.Job instance at 0x7f4caa9a7a00>,60,23,[1 9],61,-1,117,-1,94
1,<environment.Job instance at 0x7f4caa9a7e60>,61,17,[14  5],62,-1,111,-1,94
1,<environment.Job instance at 0x7f4caa9a7320>,62,25,[4 8],63,-1,119,-1,94
1,<environment.Job instance at 0x7f4caa9a2a00>,63,25,[11  3],64,-1,119,-1,94
1,<environment.Job instance at 0x7f4caa9a21e0>,64,15,[14  2],65,-1,109,-1,94
1,<environment.Job instance at 0x7f4caa9a2b90>,65,18,[11  1],66,-1,112,-1,94
1,<environment.Job instance at 0x7f4caab22190>,67,17,[12  1],68,-1,111,-1,94
1,<environment.Job instance at 0x7f4caa9a23c0>,68,20,[12  2],69,-1,114,-1,94
1,<environment.Job instance at 0x7f4caa9d5f50>,71,13,[ 4 11],72,-1,116,-1,103
1,<environment.Job instance at 0x7f4caab1d500>,72,16,[14  3],73,-1,119,-1,103
1,<environment.Job instance at 0x7f4caa99f500>,46,27,[10  5],47,-1,147,-1,120
1,<environment.Job instance at 0x7f4caa9d50a0>,75,14,[ 1 13],76,-1,134,-1,120
1,<environment.Job instance at 0x7f4caab19dc0>,78,19,[13  1],79,-1,147,-1,128
1,<environment.Job instance at 0x7f4caaa3ab40>,79,20,[ 1 12],80,-1,148,-1,128
1,<environment.Job instance at 0x7f4caab2cd70>,81,24,[7 2],82,-1,165,-1,141
1,<environment.Job instance at 0x7f4caab2c730>,82,13,[ 5 11],83,-1,154,-1,141
1,<environment.Job instance at 0x7f4caab2bdc0>,83,13,[14  1],84,-1,154,-1,141
1,<environment.Job instance at 0x7f4caa9ace10>,84,12,[ 5 12],85,-1,153,-1,141
1,<environment.Job instance at 0x7f4caa9ac230>,87,27,[6 1],88,-1,181,-1,154
1,<environment.Job instance at 0x7f4caaa1e140>,88,27,[ 4 13],89,-1,181,-1,154
1,<environment.Job instance at 0x7f4caaa1ed20>,89,14,[12  3],90,-1,168,-1,154
1,<environment.Job instance at 0x7f4caaa1e910>,90,27,[11  1],91,-1,181,-1,154
1,<environment.Job instance at 0x7f4caaa1eb90>,91,24,[6 2],92,-1,178,-1,154
1,<environment.Job instance at 0x7f4cb498f960>,4,16,[ 4 10],5,-1,22,-1,6
1,<environment.Job instance at 0x7f4cb498f0a0>,6,27,[ 4 13],7,-1,54,-1,27
1,<environment.Job instance at 0x7f4caa7a5aa0>,5,20,[5 8],6,-1,47,-1,27
1,<environment.Job instance at 0x7f4caa7a58c0>,3,24,[7 5],4,-1,51,-1,27
1,<environment.Job instance at 0x7f4cb498f640>,16,21,[10  5],17,-1,48,-1,27
1,<environment.Job instance at 0x7f4cabaa61e0>,1,15,[13  3],2,-1,17,-1,2
1,<environment.Job instance at 0x7f4cab986960>,2,28,[11  2],3,-1,31,-1,3
1,<environment.Job instance at 0x7f4caaf05e60>,3,24,[7 5],4,-1,28,-1,4
1,<environment.Job instance at 0x7f4cab9b1410>,6,27,[ 4 13],7,-1,34,-1,7
1,<environment.Job instance at 0x7f4cab9b1780>,7,28,[ 1 14],8,-1,36,-1,8
1,<environment.Job instance at 0x7f4caba30280>,8,12,[13  4],9,-1,21,-1,9
1,<environment.Job instance at 0x7f4caba99320>,9,12,[ 5 12],10,-1,22,-1,10
1,<environment.Job instance at 0x7f4caba30fa0>,10,28,[7 4],11,-1,43,-1,15
1,<environment.Job instance at 0x7f4cab3e5370>,11,27,[4 6],12,-1,42,-1,15
1,<environment.Job instance at 0x7f4caa8ccf50>,15,27,[12  5],16,-1,43,-1,16
1,<environment.Job instance at 0x7f4cb451c9b0>,17,28,[11  5],18,-1,46,-1,18
1,<environment.Job instance at 0x7f4caacf85a0>,18,25,[14  5],19,-1,44,-1,19
1,<environment.Job instance at 0x7f4caacf8780>,19,26,[14  1],20,-1,46,-1,20
1,<environment.Job instance at 0x7f4cab9122d0>,20,17,[12  2],21,-1,38,-1,21
1,<environment.Job instance at 0x7f4caacf8550>,22,23,[5 8],23,-1,49,-1,26
1,<environment.Job instance at 0x7f4caafd80a0>,21,26,[6 2],22,-1,52,-1,26
1,<environment.Job instance at 0x7f4cab8a67d0>,25,21,[ 4 14],26,-1,47,-1,26
1,<environment.Job instance at 0x7f4cab8a6500>,26,28,[5 6],27,-1,55,-1,27
1,<environment.Job instance at 0x7f4cab65b5a0>,27,20,[ 2 11],28,-1,48,-1,28
1,<environment.Job instance at 0x7f4cab9af5f0>,28,13,[12  1],29,-1,42,-1,29
1,<environment.Job instance at 0x7f4cab67e410>,29,12,[14  3],30,-1,42,-1,30
1,<environment.Job instance at 0x7f4cab9a9690>,30,23,[ 4 11],31,-1,54,-1,31
1,<environment.Job instance at 0x7f4cab9af0a0>,31,14,[ 2 14],32,-1,46,-1,32
1,<environment.Job instance at 0x7f4caaf53e10>,32,27,[1 8],33,-1,67,-1,40
1,<environment.Job instance at 0x7f4cab99b460>,33,26,[7 4],34,-1,66,-1,40
1,<environment.Job instance at 0x7f4cab8b8320>,34,20,[14  3],35,-1,60,-1,40
1,<environment.Job instance at 0x7f4cab8b84b0>,35,25,[5 2],36,-1,65,-1,40
1,<environment.Job instance at 0x7f4caabd6730>,36,24,[6 3],37,-1,64,-1,40
1,<environment.Job instance at 0x7f4caabd6a50>,37,25,[ 2 14],38,-1,65,-1,40
1,<environment.Job instance at 0x7f4caaf8ab40>,40,28,[8 2],41,-1,82,-1,54
1,<environment.Job instance at 0x7f4cab0b6c30>,41,26,[14  3],42,-1,80,-1,54
1,<environment.Job instance at 0x7f4caabd6c80>,42,27,[12  1],43,-1,81,-1,54
1,<environment.Job instance at 0x7f4cab9c8410>,43,27,[ 3 11],44,-1,81,-1,54
1,<environment.Job instance at 0x7f4caabd6be0>,44,15,[ 3 13],45,-1,69,-1,54
1,<environment.Job instance at 0x7f4cab9c8050>,45,21,[ 5 12],46,-1,75,-1,54
1,<environment.Job instance at 0x7f4caac1fbe0>,47,23,[9 5],48,-1,77,-1,54
1,<environment.Job instance at 0x7f4caabb42d0>,51,25,[12  5],52,-1,80,-1,55
1,<environment.Job instance at 0x7f4caab4b960>,52,24,[6 4],53,-1,94,-1,70
1,<environment.Job instance at 0x7f4caab4be10>,53,19,[ 2 11],54,-1,89,-1,70
1,<environment.Job instance at 0x7f4caab4b820>,54,23,[13  3],55,-1,93,-1,70
1,<environment.Job instance at 0x7f4caaf0a5f0>,57,25,[4 9],58,-1,107,-1,82
1,<environment.Job instance at 0x7f4caabf4eb0>,59,28,[5 9],60,-1,110,-1,82
1,<environment.Job instance at 0x7f4caabf4c80>,60,24,[4 8],61,-1,106,-1,82
1,<environment.Job instance at 0x7f4caabf4690>,62,23,[10  5],63,-1,105,-1,82
1,<environment.Job instance at 0x7f4cabaafeb0>,63,24,[12  1],64,-1,106,-1,82
1,<environment.Job instance at 0x7f4cabaaf780>,64,17,[12  4],65,-1,99,-1,82
1,<environment.Job instance at 0x7f4caaf0ad20>,58,26,[6 1],59,-1,108,-1,82
1,<environment.Job instance at 0x7f4cabaaf870>,66,27,[13  3],67,-1,109,-1,82
1,<environment.Job instance at 0x7f4cabaaf6e0>,68,17,[ 1 11],69,-1,99,-1,82
1,<environment.Job instance at 0x7f4caabd82d0>,70,19,[12  4],71,-1,101,-1,82
1,<environment.Job instance at 0x7f4caabf7280>,71,14,[ 5 12],72,-1,96,-1,82
1,<environment.Job instance at 0x7f4cab05b910>,73,25,[8 3],74,-1,120,-1,95
1,<environment.Job instance at 0x7f4caab3bf00>,74,16,[ 2 11],75,-1,111,-1,95
1,<environment.Job instance at 0x7f4caab3b5f0>,75,28,[ 3 11],76,-1,123,-1,95
1,<environment.Job instance at 0x7f4caaa7c0a0>,76,15,[13  4],77,-1,110,-1,95
1,<environment.Job instance at 0x7f4caaa7c910>,77,24,[2 7],78,-1,119,-1,95
1,<environment.Job instance at 0x7f4caaa7c1e0>,78,16,[14  5],79,-1,111,-1,95
1,<environment.Job instance at 0x7f4caac20fa0>,80,27,[14  3],81,-1,122,-1,95
1,<environment.Job instance at 0x7f4caac20870>,81,18,[ 1 14],82,-1,113,-1,95
1,<environment.Job instance at 0x7f4caac20370>,83,15,[11  2],84,-1,110,-1,95
1,<environment.Job instance at 0x7f4caaa09a50>,84,13,[ 1 12],85,-1,108,-1,95
1,<environment.Job instance at 0x7f4caaa09140>,86,28,[5 7],87,-1,139,-1,111
1,<environment.Job instance at 0x7f4caaa094b0>,87,16,[ 4 11],88,-1,127,-1,111
1,<environment.Job instance at 0x7f4caaa09e10>,88,17,[13  3],89,-1,128,-1,111
1,<environment.Job instance at 0x7f4caaa09af0>,89,22,[ 3 11],90,-1,133,-1,111
1,<environment.Job instance at 0x7f4caaa090f0>,91,13,[ 5 12],92,-1,125,-1,112
1,<environment.Job instance at 0x7f4caaa0bfa0>,92,23,[ 5 11],93,-1,135,-1,112
1,<environment.Job instance at 0x7f4caaa0bf50>,93,27,[12  4],94,-1,139,-1,112
1,<environment.Job instance at 0x7f4caaf98c30>,94,13,[12  4],95,-1,125,-1,112
1,<environment.Job instance at 0x7f4caaf98af0>,95,23,[9 4],96,-1,145,-1,122
1,<environment.Job instance at 0x7f4caaf98d70>,96,13,[ 3 14],97,-1,135,-1,122
1,<environment.Job instance at 0x7f4caaa43a00>,97,24,[ 4 14],98,-1,146,-1,122
1,<environment.Job instance at 0x7f4caaa430f0>,99,24,[13  3],100,-1,146,-1,122
1,<environment.Job instance at 0x7f4cb4388be0>,100,27,[9 5],101,-1,156,-1,129
1,<environment.Job instance at 0x7f4caaa43d70>,101,22,[13  5],102,-1,151,-1,129
1,<environment.Job instance at 0x7f4caaa43af0>,102,14,[ 3 13],103,-1,143,-1,129
1,<environment.Job instance at 0x7f4caaa61d20>,103,26,[14  2],104,-1,155,-1,129
1,<environment.Job instance at 0x7f4caaa610a0>,104,13,[13  4],105,-1,142,-1,129
1,<environment.Job instance at 0x7f4caaa613c0>,106,23,[2 8],107,-1,163,-1,140
1,<environment.Job instance at 0x7f4caaf82960>,107,25,[11  1],108,-1,165,-1,140
1,<environment.Job instance at 0x7f4caaae70a0>,108,19,[13  3],109,-1,159,-1,140
1,<environment.Job instance at 0x7f4caaae75f0>,110,25,[13  4],111,-1,165,-1,140
1,<environment.Job instance at 0x7f4caac1bb40>,0,18,[11  2],1,-1,19,-1,1
1,<environment.Job instance at 0x7f4caac1b190>,1,20,[ 3 14],2,-1,22,-1,2
1,<environment.Job instance at 0x7f4caac1bd70>,2,24,[14  5],3,-1,27,-1,3
1,<environment.Job instance at 0x7f4caab74230>,3,24,[14  5],4,-1,28,-1,4
1,<environment.Job instance at 0x7f4caab74e60>,4,12,[ 4 11],5,-1,17,-1,5
1,<environment.Job instance at 0x7f4caab747d0>,5,22,[ 3 14],6,-1,28,-1,6
1,<environment.Job instance at 0x7f4caac1ba00>,6,14,[ 1 13],7,-1,21,-1,7
1,<environment.Job instance at 0x7f4caac226e0>,7,16,[13  5],8,-1,24,-1,8
1,<environment.Job instance at 0x7f4caab74640>,8,25,[5 3],9,-1,34,-1,9
1,<environment.Job instance at 0x7f4caac203c0>,10,22,[ 3 14],11,-1,33,-1,11
1,<environment.Job instance at 0x7f4caac20870>,12,14,[13  1],13,-1,27,-1,13
1,<environment.Job instance at 0x7f4caac200a0>,13,27,[ 4 14],14,-1,41,-1,14
1,<environment.Job instance at 0x7f4caaa7c2d0>,17,28,[13  5],18,-1,46,-1,18
1,<environment.Job instance at 0x7f4caabf70a0>,19,21,[ 3 14],20,-1,41,-1,20
1,<environment.Job instance at 0x7f4caabf75f0>,18,23,[6 4],19,-1,45,-1,22
1,<environment.Job instance at 0x7f4caabf7280>,21,27,[5 5],22,-1,49,-1,22
1,<environment.Job instance at 0x7f4cabaafeb0>,24,26,[12  3],25,-1,51,-1,25
1,<environment.Job instance at 0x7f4cabaaf500>,25,20,[14  4],26,-1,46,-1,26
1,<environment.Job instance at 0x7f4caabf4410>,26,15,[13  2],27,-1,42,-1,27
1,<environment.Job instance at 0x7f4caabf4a00>,27,24,[ 5 13],28,-1,52,-1,28
1,<environment.Job instance at 0x7f4caabf45a0>,28,25,[13  5],29,-1,54,-1,29
1,<environment.Job instance at 0x7f4caabf4eb0>,29,19,[ 2 13],30,-1,49,-1,30
1,<environment.Job instance at 0x7f4cabaaf550>,23,25,[5 5],24,-1,56,-1,31
1,<environment.Job instance at 0x7f4caaf0a230>,31,19,[14  2],32,-1,51,-1,32
1,<environment.Job instance at 0x7f4caab4ba50>,32,18,[14  4],33,-1,51,-1,33
1,<environment.Job instance at 0x7f4caab4baa0>,33,14,[14  2],34,-1,48,-1,34
1,<environment.Job instance at 0x7f4caabf4c80>,30,25,[8 3],31,-1,70,-1,45
1,<environment.Job instance at 0x7f4caabb4780>,38,27,[1 9],39,-1,72,-1,45
1,<environment.Job instance at 0x7f4caabb4550>,39,27,[14  4],40,-1,72,-1,45
1,<environment.Job instance at 0x7f4caac1f6e0>,41,26,[ 5 14],42,-1,71,-1,45
1,<environment.Job instance at 0x7f4cab9c84b0>,42,26,[ 2 13],43,-1,71,-1,45
1,<environment.Job instance at 0x7f4cab9c8a00>,44,25,[ 4 10],45,-1,73,-1,48
1,<environment.Job instance at 0x7f4cabd6d050>,45,26,[7 1],46,-1,74,-1,48
1,<environment.Job instance at 0x7f4caabd6b90>,47,17,[ 4 13],48,-1,65,-1,48
1,<environment.Job instance at 0x7f4caabd6be0>,50,27,[13  4],51,-1,85,-1,58
1,<environment.Job instance at 0x7f4caabd6960>,51,17,[13  4],52,-1,75,-1,58
1,<environment.Job instance at 0x7f4caabd60a0>,52,13,[14  2],53,-1,71,-1,58
1,<environment.Job instance at 0x7f4cab65b5a0>,54,24,[10  1],55,-1,86,-1,62
1,<environment.Job instance at 0x7f4cab9122d0>,58,26,[14  2],59,-1,101,-1,75
1,<environment.Job instance at 0x7f4cab8a67d0>,59,25,[13  4],60,-1,100,-1,75
1,<environment.Job instance at 0x7f4cab8a6d20>,60,27,[6 1],61,-1,103,-1,76
1,<environment.Job instance at 0x7f4caacf8f50>,61,26,[ 3 14],62,-1,102,-1,76
1,<environment.Job instance at 0x7f4caacf8230>,63,16,[12  2],64,-1,92,-1,76
1,<environment.Job instance at 0x7f4caacf81e0>,64,17,[ 4 11],65,-1,93,-1,76
1,<environment.Job instance at 0x7f4caae07140>,66,19,[ 4 12],67,-1,105,-1,86
1,<environment.Job instance at 0x7f4caba99320>,67,16,[ 1 13],68,-1,102,-1,86
1,<environment.Job instance at 0x7f4caac800a0>,68,18,[14  2],69,-1,104,-1,86
1,<environment.Job instance at 0x7f4cab9b1aa0>,72,17,[ 2 12],73,-1,109,-1,92
1,<environment.Job instance at 0x7f4caba21e10>,75,22,[ 5 13],76,-1,128,-1,106
1,<environment.Job instance at 0x7f4caace3780>,76,12,[ 3 11],77,-1,118,-1,106
1,<environment.Job instance at 0x7f4caace32d0>,77,27,[11  2],78,-1,133,-1,106
1,<environment.Job instance at 0x7f4caabf1730>,81,22,[ 4 12],82,-1,145,-1,123
1,<environment.Job instance at 0x7f4caa7e7be0>,84,27,[12  1],85,-1,163,-1,136
1,<environment.Job instance at 0x7f4caa7e78c0>,85,18,[14  5],86,-1,154,-1,136
1,<environment.Job instance at 0x7f4caa7efcd0>,86,13,[ 5 11],87,-1,149,-1,136
1,<environment.Job instance at 0x7f4caa7efd70>,87,27,[12  2],88,-1,163,-1,136
1,<environment.Job instance at 0x7f4caa7efb90>,89,27,[5 1],90,-1,177,-1,150
1,<environment.Job instance at 0x7f4caa7efe60>,90,28,[ 5 10],91,-1,178,-1,150
1,<environment.Job instance at 0x7f4caa7ef320>,91,27,[11  5],92,-1,177,-1,150
1,<environment.Job instance at 0x7f4caa7ef640>,92,23,[14  5],93,-1,173,-1,150
1,<environment.Job instance at 0x7f4caa7ef190>,93,16,[12  4],94,-1,166,-1,150
1,<environment.Job instance at 0x7f4caa7efeb0>,95,27,[12  4],96,-1,177,-1,150
1,<environment.Job instance at 0x7f4caa7ef140>,96,20,[ 5 12],97,-1,170,-1,150
1,<environment.Job instance at 0x7f4caa7efdc0>,97,28,[12  4],98,-1,178,-1,150
1,<environment.Job instance at 0x7f4caa7efd20>,98,16,[ 1 14],99,-1,166,-1,150
1,<environment.Job instance at 0x7f4cab518140>,1,18,[4 9],2,-1,20,-1,2
1,<environment.Job instance at 0x7f4caabaccd0>,4,27,[2 8],5,-1,32,-1,5
1,<environment.Job instance at 0x7f4caab90870>,6,16,[8 2],7,-1,23,-1,7
1,<environment.Job instance at 0x7f4caa7c2640>,7,14,[11  4],8,-1,22,-1,8
1,<environment.Job instance at 0x7f4caa9482d0>,8,14,[14  5],9,-1,23,-1,9
1,<environment.Job instance at 0x7f4caa948370>,10,18,[ 4 11],11,-1,33,-1,15
1,<environment.Job instance at 0x7f4caa948c80>,11,18,[ 3 12],12,-1,33,-1,15
1,<environment.Job instance at 0x7f4cb487aeb0>,3,23,[1 5],4,-1,43,-1,20
1,<environment.Job instance at 0x7f4caa948190>,13,24,[13  4],14,-1,44,-1,20
1,<environment.Job instance at 0x7f4caabece10>,14,19,[ 2 13],15,-1,39,-1,20
1,<environment.Job instance at 0x7f4caab851e0>,4,27,[2 8],5,-1,47,-1,20
1,<environment.Job instance at 0x7f4caabeccd0>,16,14,[13  4],17,-1,34,-1,20
1,<environment.Job instance at 0x7f4caabec140>,17,15,[13  3],18,-1,35,-1,20
1,<environment.Job instance at 0x7f4caabecf50>,18,12,[ 5 11],19,-1,32,-1,20
1,<environment.Job instance at 0x7f4caabec0a0>,19,25,[5 1],20,-1,45,-1,20
1,<environment.Job instance at 0x7f4caabeceb0>,21,14,[14  2],22,-1,36,-1,22
1,<environment.Job instance at 0x7f4caabec820>,24,15,[14  4],25,-1,47,-1,32
1,<environment.Job instance at 0x7f4caabec960>,22,25,[8 5],23,-1,57,-1,32
1,<environment.Job instance at 0x7f4cab1e2820>,26,25,[ 2 13],27,-1,57,-1,32
1,<environment.Job instance at 0x7f4cab1e2640>,27,15,[ 5 12],28,-1,47,-1,32
1,<environment.Job instance at 0x7f4cab1e2140>,28,26,[11  4],29,-1,58,-1,32
1,<environment.Job instance at 0x7f4cab1e25a0>,29,21,[12  2],30,-1,53,-1,32
1,<environment.Job instance at 0x7f4cab1e2550>,30,25,[6 2],31,-1,57,-1,32
1,<environment.Job instance at 0x7f4cab1e22d0>,31,23,[5 5],32,-1,55,-1,32
1,<environment.Job instance at 0x7f4cab1e2910>,33,17,[ 4 12],34,-1,51,-1,34
1,<environment.Job instance at 0x7f4cab1e2d70>,35,14,[ 5 13],36,-1,52,-1,38
1,<environment.Job instance at 0x7f4cab1e2eb0>,37,22,[ 4 13],38,-1,60,-1,38
1,<environment.Job instance at 0x7f4cab1bdaa0>,39,21,[ 4 14],40,-1,65,-1,44
1,<environment.Job instance at 0x7f4caa786410>,41,13,[12  5],42,-1,57,-1,44
1,<environment.Job instance at 0x7f4cab1bdb90>,40,23,[3 9],41,-1,81,-1,58
1,<environment.Job instance at 0x7f4cb498ca00>,43,23,[5 5],44,-1,81,-1,58
1,<environment.Job instance at 0x7f4caa781d20>,44,27,[14  2],45,-1,85,-1,58
1,<environment.Job instance at 0x7f4caa786a00>,45,28,[11  2],46,-1,86,-1,58
1,<environment.Job instance at 0x7f4caa786190>,46,18,[12  4],47,-1,76,-1,58
1,<environment.Job instance at 0x7f4caa7860f0>,42,23,[5 8],43,-1,81,-1,58
1,<environment.Job instance at 0x7f4caa7efc80>,51,15,[ 2 12],52,-1,85,-1,70
1,<environment.Job instance at 0x7f4caa7ef870>,52,24,[ 1 11],53,-1,94,-1,70
1,<environment.Job instance at 0x7f4caa7ef910>,55,25,[ 3 14],56,-1,99,-1,74
1,<environment.Job instance at 0x7f4caa7ef690>,57,13,[12  4],58,-1,87,-1,74
1,<environment.Job instance at 0x7f4caa7ef5a0>,54,27,[ 3 10],55,-1,117,-1,90
1,<environment.Job instance at 0x7f4caa7ef550>,61,18,[ 1 12],62,-1,108,-1,90
1,<environment.Job instance at 0x7f4caa7efb40>,58,28,[10  4],59,-1,119,-1,91
1,<environment.Job instance at 0x7f4caa7ef3c0>,63,16,[13  4],64,-1,107,-1,91
1,<environment.Job instance at 0x7f4caa7ef410>,64,12,[ 5 11],65,-1,103,-1,91
1,<environment.Job instance at 0x7f4caa7efbe0>,62,24,[6 3],63,-1,115,-1,91
1,<environment.Job instance at 0x7f4caa7e7870>,66,19,[ 2 11],67,-1,110,-1,91
1,<environment.Job instance at 0x7f4caa7e7730>,67,26,[6 3],68,-1,117,-1,91
1,<environment.Job instance at 0x7f4caa7e7a00>,68,23,[11  4],69,-1,114,-1,91
1,<environment.Job instance at 0x7f4caacf3500>,69,27,[13  2],70,-1,118,-1,91
1,<environment.Job instance at 0x7f4caace3780>,70,15,[11  4],71,-1,106,-1,91
1,<environment.Job instance at 0x7f4caace32d0>,72,26,[14  3],73,-1,117,-1,91
1,<environment.Job instance at 0x7f4caba09cd0>,73,17,[14  4],74,-1,108,-1,91
1,<environment.Job instance at 0x7f4cab986190>,75,17,[11  2],76,-1,121,-1,104
1,<environment.Job instance at 0x7f4cab9b1410>,76,12,[12  5],77,-1,116,-1,104
1,<environment.Job instance at 0x7f4cab9b1780>,77,22,[11  3],78,-1,126,-1,104
1,<environment.Job instance at 0x7f4caba30820>,80,23,[2 9],81,-1,144,-1,121
1,<environment.Job instance at 0x7f4cab8b7be0>,82,23,[8 3],83,-1,144,-1,121
1,<environment.Job instance at 0x7f4caac804b0>,83,13,[13  3],84,-1,134,-1,121
1,<environment.Job instance at 0x7f4caa8ccf50>,84,25,[ 1 14],85,-1,146,-1,121
1,<environment.Job instance at 0x7f4caacf81e0>,85,19,[13  1],86,-1,140,-1,121
1,<environment.Job instance at 0x7f4caa8cc870>,86,15,[12  3],87,-1,136,-1,121
1,<environment.Job instance at 0x7f4cabd3cc80>,87,24,[ 1 11],88,-1,145,-1,121
1,<environment.Job instance at 0x7f4caacf85a0>,88,27,[10  4],89,-1,148,-1,121
1,<environment.Job instance at 0x7f4caacf8230>,89,26,[5 5],90,-1,147,-1,121
1,<environment.Job instance at 0x7f4cba8b20a0>,91,19,[13  1],92,-1,140,-1,121
1,<environment.Job instance at 0x7f4cab8a62d0>,92,16,[11  1],93,-1,137,-1,121
1,<environment.Job instance at 0x7f4cab8a6500>,93,28,[ 4 11],94,-1,149,-1,121
1,<environment.Job instance at 0x7f4cab99b4b0>,95,24,[13  5],96,-1,159,-1,135
1,<environment.Job instance at 0x7f4cab8b84b0>,96,26,[12  1],97,-1,161,-1,135
1,<environment.Job instance at 0x7f4cab0b6c30>,99,17,[ 2 13],100,-1,152,-1,135
1,<environment.Job instance at 0x7f4cb44002d0>,101,26,[7 1],102,-1,178,-1,152
1,<environment.Job instance at 0x7f4caabd6dc0>,103,15,[14  1],104,-1,168,-1,153
1,<environment.Job instance at 0x7f4cab0409b0>,0,23,[8 4],1,-1,24,-1,1
1,<environment.Job instance at 0x7f4caac37820>,24,18,[ 3 13],25,-1,176,-1,158
1,<environment.Job instance at 0x7f4cabcfe5f0>,0,23,[8 4],1,-1,24,-1,1
1,<environment.Job instance at 0x7f4cab02b0a0>,2,21,[11  5],3,-1,24,-1,3
1,<environment.Job instance at 0x7f4caaa7c1e0>,3,18,[13  4],4,-1,22,-1,4
1,<environment.Job instance at 0x7f4caabf4fa0>,4,27,[8 5],5,-1,32,-1,5
1,<environment.Job instance at 0x7f4caabf4640>,5,12,[ 5 13],6,-1,18,-1,6
1,<environment.Job instance at 0x7f4caabf4c80>,7,20,[ 5 13],8,-1,28,-1,8
1,<environment.Job instance at 0x7f4cab99b4b0>,8,19,[ 2 14],9,-1,28,-1,9
1,<environment.Job instance at 0x7f4caaa7c0a0>,9,20,[13  2],10,-1,30,-1,10
1,<environment.Job instance at 0x7f4cab8b7be0>,10,16,[ 2 14],11,-1,27,-1,11
1,<environment.Job instance at 0x7f4cab1bd870>,12,16,[ 3 13],13,-1,29,-1,13
1,<environment.Job instance at 0x7f4cab1bdaa0>,14,22,[14  1],15,-1,37,-1,15
1,<environment.Job instance at 0x7f4cab798820>,11,26,[7 3],12,-1,43,-1,17
1,<environment.Job instance at 0x7f4cab99b460>,13,28,[ 5 10],14,-1,45,-1,17
1,<environment.Job instance at 0x7f4caabec8c0>,16,15,[ 1 12],17,-1,32,-1,17
1,<environment.Job instance at 0x7f4caabeceb0>,20,14,[13  5],21,-1,35,-1,21
1,<environment.Job instance at 0x7f4caabec550>,23,27,[12  4],24,-1,51,-1,24
1,<environment.Job instance at 0x7f4cab04baf0>,24,18,[ 3 13],25,-1,43,-1,25
1,<environment.Job instance at 0x7f4caac485a0>,25,27,[ 1 14],26,-1,53,-1,26
1,<environment.Job instance at 0x7f4caac37780>,26,21,[14  2],27,-1,48,-1,27
1,<environment.Job instance at 0x7f4cab149b90>,27,22,[11  1],28,-1,50,-1,28
1,<environment.Job instance at 0x7f4caa9d82d0>,28,26,[7 4],29,-1,55,-1,29
1,<environment.Job instance at 0x7f4caa7676e0>,29,12,[ 1 14],30,-1,42,-1,30
1,<environment.Job instance at 0x7f4cab630c80>,30,23,[ 4 14],31,-1,54,-1,31
1,<environment.Job instance at 0x7f4caa76e370>,31,14,[13  2],32,-1,46,-1,32
1,<environment.Job instance at 0x7f4cb4744dc0>,33,21,[11  2],34,-1,55,-1,34
1,<environment.Job instance at 0x7f4cab631d20>,34,18,[ 2 11],35,-1,53,-1,35
1,<environment.Job instance at 0x7f4cab161050>,35,17,[11  4],36,-1,53,-1,36
1,<environment.Job instance at 0x7f4caac79320>,36,14,[ 4 14],37,-1,51,-1,37
1,<environment.Job instance at 0x7f4cab07ed20>,37,28,[12  5],38,-1,66,-1,38
1,<environment.Job instance at 0x7f4cab07ed70>,38,13,[12  5],39,-1,52,-1,39
1,<environment.Job instance at 0x7f4cab040c80>,39,12,[11  5],40,-1,52,-1,40
1,<environment.Job instance at 0x7f4cab040eb0>,41,26,[5 3],42,-1,74,-1,48
1,<environment.Job instance at 0x7f4cab040280>,42,27,[13  5],43,-1,75,-1,48
1,<environment.Job instance at 0x7f4caac25b90>,43,28,[ 3 14],44,-1,76,-1,48
1,<environment.Job instance at 0x7f4caac25af0>,44,21,[ 4 11],45,-1,69,-1,48
1,<environment.Job instance at 0x7f4caac25dc0>,45,18,[ 3 12],46,-1,66,-1,48
1,<environment.Job instance at 0x7f4caac25cd0>,47,26,[14  5],48,-1,74,-1,48
1,<environment.Job instance at 0x7f4cab7bb8c0>,48,24,[4 6],49,-1,75,-1,51
1,<environment.Job instance at 0x7f4caac25910>,49,18,[13  1],50,-1,69,-1,51
1,<environment.Job instance at 0x7f4cabd1b8c0>,50,20,[12  3],51,-1,71,-1,51
1,<environment.Job instance at 0x7f4cab318e60>,51,17,[ 5 14],52,-1,69,-1,52
1,<environment.Job instance at 0x7f4caa9c2730>,52,24,[8 5],53,-1,89,-1,65
1,<environment.Job instance at 0x7f4cab638aa0>,55,16,[ 2 13],56,-1,81,-1,65
1,<environment.Job instance at 0x7f4caac5a690>,56,17,[12  3],57,-1,82,-1,65
1,<environment.Job instance at 0x7f4cabd6fa50>,57,14,[14  1],58,-1,79,-1,65
1,<environment.Job instance at 0x7f4caafa5eb0>,53,24,[5 1],54,-1,89,-1,65
1,<environment.Job instance at 0x7f4caabac1e0>,59,26,[3 6],60,-1,91,-1,65
1,<environment.Job instance at 0x7f4caaf153c0>,61,14,[11  5],62,-1,79,-1,65
1,<environment.Job instance at 0x7f4caaf21e10>,62,24,[ 4 12],63,-1,89,-1,65
1,<environment.Job instance at 0x7f4caaf07500>,63,23,[1 6],64,-1,88,-1,65
1,<environment.Job instance at 0x7f4cabbf0dc0>,64,25,[12  2],65,-1,90,-1,65
1,<environment.Job instance at 0x7f4caabac910>,58,25,[ 4 10],59,-1,92,-1,67
1,<environment.Job instance at 0x7f4cb4392730>,66,24,[13  1],67,-1,91,-1,67
1,<environment.Job instance at 0x7f4caa8dbb40>,67,13,[11  1],68,-1,81,-1,68
1,<environment.Job instance at 0x7f4cb43a3f00>,69,16,[13  1],70,-1,86,-1,70
1,<environment.Job instance at 0x7f4cab3ece10>,72,21,[11  4],73,-1,102,-1,81
1,<environment.Job instance at 0x7f4caac19d70>,73,13,[13  5],74,-1,94,-1,81
1,<environment.Job instance at 0x7f4cabd28910>,74,16,[ 5 13],75,-1,97,-1,81
1,<environment.Job instance at 0x7f4caac193c0>,75,27,[ 1 10],76,-1,108,-1,81
1,<environment.Job instance at 0x7f4caac19870>,77,12,[14  2],78,-1,93,-1,81
1,<environment.Job instance at 0x7f4cab474a50>,78,23,[5 5],79,-1,108,-1,85
1,<environment.Job instance at 0x7f4cab4745f0>,79,23,[ 3 13],80,-1,108,-1,85
1,<environment.Job instance at 0x7f4cab474320>,80,14,[ 4 12],81,-1,99,-1,85
1,<environment.Job instance at 0x7f4cab3dbf50>,83,13,[13  2],84,-1,108,-1,95
1,<environment.Job instance at 0x7f4cab3db910>,84,18,[13  5],85,-1,113,-1,95
1,<environment.Job instance at 0x7f4cab3db0a0>,85,26,[2 5],86,-1,127,-1,101
1,<environment.Job instance at 0x7f4cab3db050>,88,16,[11  2],89,-1,121,-1,105
1,<environment.Job instance at 0x7f4cab3db820>,89,28,[8 2],90,-1,133,-1,105
1,<environment.Job instance at 0x7f4cab1596e0>,91,24,[5 2],92,-1,129,-1,105
1,<environment.Job instance at 0x7f4caaf37d20>,93,17,[ 1 14],94,-1,123,-1,106
1,<environment.Job instance at 0x7f4cabccd820>,94,25,[ 2 11],95,-1,131,-1,106
1,<environment.Job instance at 0x7f4cab3c4690>,95,19,[11  3],96,-1,125,-1,106
1,<environment.Job instance at 0x7f4cab1590f0>,90,23,[4 9],91,-1,141,-1,118
1,<environment.Job instance at 0x7f4caaa89d70>,99,24,[6 2],100,-1,142,-1,118
1,<environment.Job instance at 0x7f4caaa89aa0>,100,13,[ 1 12],101,-1,131,-1,118
1,<environment.Job instance at 0x7f4caaa891e0>,101,16,[ 2 12],102,-1,134,-1,118
1,<environment.Job instance at 0x7f4caaa89d20>,102,27,[ 3 11],103,-1,145,-1,118
1,<environment.Job instance at 0x7f4caaa89af0>,103,21,[ 3 13],104,-1,139,-1,118
1,<environment.Job instance at 0x7f4caaa890a0>,105,21,[ 4 14],106,-1,140,-1,119
1,<environment.Job instance at 0x7f4caaa89a00>,106,13,[14  2],107,-1,132,-1,119
1,<environment.Job instance at 0x7f4caaa89460>,107,16,[ 4 14],108,-1,135,-1,119
1,<environment.Job instance at 0x7f4caaeeb410>,109,14,[13  3],110,-1,133,-1,119
1,<environment.Job instance at 0x7f4cb43817d0>,110,24,[3 9],111,-1,162,-1,138
1,<environment.Job instance at 0x7f4cab2f2f00>,112,17,[ 3 11],113,-1,155,-1,138
1,<environment.Job instance at 0x7f4cb434fa50>,115,25,[ 2 12],116,-1,173,-1,148
1,<environment.Job instance at 0x7f4cb434fdc0>,114,27,[1 9],115,-1,179,-1,152
1,<environment.Job instance at 0x7f4caab76230>,116,27,[1 6],117,-1,179,-1,152
1,<environment.Job instance at 0x7f4caab760a0>,119,17,[ 1 11],120,-1,169,-1,152
1,<environment.Job instance at 0x7f4caa9cad70>,120,13,[ 3 14],121,-1,165,-1,152
1,<environment.Job instance at 0x7f4caabb5f50>,0,19,[4 5],1,-1,20,-1,1
1,<environment.Job instance at 0x7f4caaad9f00>,6,22,[7 2],7,-1,29,-1,7
1,<environment.Job instance at 0x7f4cab643190>,7,28,[3 5],8,-1,36,-1,8
1,<environment.Job instance at 0x7f4cab643960>,8,23,[8 3],9,-1,32,-1,9
1,<environment.Job instance at 0x7f4cab6430f0>,10,25,[ 4 10],11,-1,36,-1,11
1,<environment.Job instance at 0x7f4cab643500>,11,13,[9 3],12,-1,25,-1,12
1,<environment.Job instance at 0x7f4cab6435f0>,12,14,[8 4],13,-1,27,-1,13
1,<environment.Job instance at 0x7f4cab643be0>,13,23,[1 5],14,-1,37,-1,14
1,<environment.Job instance at 0x7f4cab643a50>,16,16,[7 5],17,-1,34,-1,18
1,<environment.Job instance at 0x7f4cab63eb40>,17,16,[13  1],18,-1,40,-1,24
1,<environment.Job instance at 0x7f4cab642d70>,20,15,[9 1],21,-1,40,-1,25
1,<environment.Job instance at 0x7f4cab642230>,21,19,[14  4],22,-1,45,-1,26
1,<environment.Job instance at 0x7f4caaae8820>,24,14,[ 5 13],25,-1,40,-1,26
1,<environment.Job instance at 0x7f4cab643d70>,14,18,[ 1 12],15,-1,45,-1,27
1,<environment.Job instance at 0x7f4caaae8910>,26,20,[10  4],27,-1,47,-1,27
1,<environment.Job instance at 0x7f4caabf7a00>,27,23,[9 5],28,-1,51,-1,28
1,<environment.Job instance at 0x7f4cabd32c80>,1,14,[14  3],2,-1,16,-1,2
1,<environment.Job instance at 0x7f4caaab2320>,3,12,[ 5 12],4,-1,16,-1,4
1,<environment.Job instance at 0x7f4caadd99b0>,7,28,[3 5],8,-1,47,-1,19
1,<environment.Job instance at 0x7f4cabbee050>,10,25,[ 4 10],11,-1,51,-1,26
1,<environment.Job instance at 0x7f4cabbee2d0>,13,23,[1 5],14,-1,49,-1,26
1,<environment.Job instance at 0x7f4cabbee280>,14,18,[ 1 12],15,-1,44,-1,26
1,<environment.Job instance at 0x7f4caa9cad70>,15,15,[ 3 13],16,-1,41,-1,26
1,<environment.Job instance at 0x7f4cab66d6e0>,8,23,[8 3],9,-1,49,-1,26
1,<environment.Job instance at 0x7f4caaa89410>,17,16,[13  1],18,-1,42,-1,26
1,<environment.Job instance at 0x7f4caaa890a0>,19,14,[14  1],20,-1,40,-1,26
1,<environment.Job instance at 0x7f4caaa891e0>,21,19,[14  4],22,-1,50,-1,31
1,<environment.Job instance at 0x7f4caaa89370>,23,24,[9 1],24,-1,69,-1,45
1,<environment.Job instance at 0x7f4caaa89cd0>,24,14,[ 5 13],25,-1,59,-1,45
1,<environment.Job instance at 0x7f4cabccd820>,25,23,[ 3 10],26,-1,68,-1,45
1,<environment.Job instance at 0x7f4caaf37d20>,28,27,[ 5 12],29,-1,85,-1,58
1,<environment.Job instance at 0x7f4caaf37140>,30,27,[ 3 13],31,-1,85,-1,58
1,<environment.Job instance at 0x7f4caaa89140>,27,23,[9 5],28,-1,81,-1,58
1,<environment.Job instance at 0x7f4cab1590f0>,32,18,[11  3],33,-1,76,-1,58
1,<environment.Job instance at 0x7f4cab474e60>,33,27,[1 7],34,-1,85,-1,58
1,<environment.Job instance at 0x7f4cab474cd0>,35,18,[ 3 12],36,-1,76,-1,58
1,<environment.Job instance at 0x7f4caa8dbc80>,39,15,[ 4 13],40,-1,73,-1,58
1,<environment.Job instance at 0x7f4caaf07500>,42,17,[ 5 14],43,-1,88,-1,71
1,<environment.Job instance at 0x7f4cb43a3c30>,43,14,[13  1],44,-1,85,-1,71
1,<environment.Job instance at 0x7f4caaf15f00>,45,15,[ 5 14],46,-1,89,-1,74
1,<environment.Job instance at 0x7f4caafa5eb0>,47,18,[ 1 14],48,-1,92,-1,74
1,<environment.Job instance at 0x7f4cabbf0dc0>,48,16,[12  4],49,-1,90,-1,74
1,<environment.Job instance at 0x7f4cab3ec500>,41,25,[9 1],42,-1,114,-1,89
1,<environment.Job instance at 0x7f4caac5a9b0>,50,24,[ 3 12],51,-1,113,-1,89
1,<environment.Job instance at 0x7f4caa9c2aa0>,53,28,[14  2],54,-1,120,-1,92
1,<environment.Job instance at 0x7f4cab7bb8c0>,55,13,[ 5 12],56,-1,117,-1,104
1,<environment.Job instance at 0x7f4cab040eb0>,56,22,[ 5 14],57,-1,126,-1,104
1,<environment.Job instance at 0x7f4caa7615f0>,57,26,[8 5],58,-1,134,-1,108
1,<environment.Job instance at 0x7f4caabec230>,60,13,[13  5],61,-1,121,-1,108
1,<environment.Job instance at 0x7f4caabecc80>,61,14,[ 2 13],62,-1,122,-1,108
1,<environment.Job instance at 0x7f4caabecaf0>,62,23,[ 3 14],63,-1,131,-1,108
1,<environment.Job instance at 0x7f4caabec550>,63,16,[13  3],64,-1,124,-1,108
1,<environment.Job instance at 0x7f4caabece10>,65,15,[ 2 13],66,-1,135,-1,120
1,<environment.Job instance at 0x7f4caabeceb0>,66,18,[12  1],67,-1,138,-1,120
1,<environment.Job instance at 0x7f4caabec0a0>,68,28,[ 4 12],69,-1,148,-1,120
1,<environment.Job instance at 0x7f4cab798820>,71,24,[ 5 14],72,-1,162,-1,138
1,<environment.Job instance at 0x7f4caabec820>,72,27,[11  1],73,-1,165,-1,138
1,<environment.Job instance at 0x7f4cab02b0a0>,74,16,[ 1 14],75,-1,154,-1,138
1,<environment.Job instance at 0x7f4cab05b910>,75,18,[13  3],76,-1,156,-1,138
1,<environment.Job instance at 0x7f4cabd2e7d0>,79,13,[ 5 14],80,-1,165,-1,152
1,<environment.Job instance at 0x7f4cab1bcd70>,80,17,[ 5 13],81,-1,169,-1,152
1,<environment.Job instance at 0x7f4caae2eeb0>,81,27,[11  5],82,-1,179,-1,152
1,<environment.Job instance at 0x7f4caac04690>,2,17,[6 5],3,-1,20,-1,3
1,<environment.Job instance at 0x7f4caac041e0>,4,22,[8 3],5,-1,28,-1,6
1,<environment.Job instance at 0x7f4caac04dc0>,7,17,[11  3],8,-1,25,-1,8
1,<environment.Job instance at 0x7f4caac48640>,1,21,[12  1],2,-1,23,-1,2
1,<environment.Job instance at 0x7f4caac78dc0>,3,16,[11  3],4,-1,20,-1,4
1,<environment.Job instance at 0x7f4caadba460>,5,18,[11  2],6,-1,24,-1,6
1,<environment.Job instance at 0x7f4cabbe5e60>,6,16,[ 4 13],7,-1,23,-1,7
1,<environment.Job instance at 0x7f4caada7b90>,7,17,[11  3],8,-1,25,-1,8
1,<environment.Job instance at 0x7f4caac785a0>,8,23,[11  2],9,-1,32,-1,9
1,<environment.Job instance at 0x7f4caada7960>,10,20,[13  2],11,-1,31,-1,11
1,<environment.Job instance at 0x7f4caaa3afa0>,12,23,[ 3 13],13,-1,36,-1,13
1,<environment.Job instance at 0x7f4cab277fa0>,14,18,[14  4],15,-1,33,-1,15
1,<environment.Job instance at 0x7f4cab3180a0>,17,23,[9 2],18,-1,43,-1,20
1,<environment.Job instance at 0x7f4cab318050>,18,26,[11  2],19,-1,46,-1,20
1,<environment.Job instance at 0x7f4cabbf0320>,19,27,[14  4],20,-1,47,-1,20
1,<environment.Job instance at 0x7f4cab318460>,13,26,[3 8],14,-1,46,-1,20
1,<environment.Job instance at 0x7f4cb43a34b0>,21,26,[13  2],22,-1,48,-1,22
1,<environment.Job instance at 0x7f4cab66fbe0>,22,27,[11  3],23,-1,50,-1,23
1,<environment.Job instance at 0x7f4caa8dbb40>,23,16,[14  4],24,-1,40,-1,24
1,<environment.Job instance at 0x7f4cab4745f0>,24,27,[ 1 14],25,-1,52,-1,25
1,<environment.Job instance at 0x7f4cab474a50>,25,21,[ 3 11],26,-1,47,-1,26
1,<environment.Job instance at 0x7f4cab474b40>,26,20,[13  1],27,-1,47,-1,27
1,<environment.Job instance at 0x7f4caa990dc0>,28,22,[12  2],29,-1,51,-1,29
1,<environment.Job instance at 0x7f4cab474c80>,29,27,[7 4],30,-1,62,-1,35
1,<environment.Job instance at 0x7f4caadd9b90>,30,25,[9 5],31,-1,60,-1,35
1,<environment.Job instance at 0x7f4cab66d6e0>,33,26,[14  5],34,-1,61,-1,35
1,<environment.Job instance at 0x7f4caa9ca7d0>,34,12,[11  4],35,-1,47,-1,35
1,<environment.Job instance at 0x7f4caab513c0>,35,26,[14  3],36,-1,62,-1,36
1,<environment.Job instance at 0x7f4caab51640>,36,17,[ 5 11],37,-1,54,-1,37
1,<environment.Job instance at 0x7f4caab514b0>,37,26,[ 2 11],38,-1,64,-1,38
1,<environment.Job instance at 0x7f4cab346b40>,39,18,[14  4],40,-1,61,-1,43
1,<environment.Job instance at 0x7f4caac04c80>,43,24,[4 7],44,-1,99,-1,75
1,<environment.Job instance at 0x7f4caac04460>,45,21,[ 4 11],46,-1,96,-1,75
1,<environment.Job instance at 0x7f4caabb4780>,47,18,[13  3],48,-1,98,-1,80
1,<environment.Job instance at 0x7f4caabb4910>,48,23,[ 4 12],49,-1,103,-1,80
1,<environment.Job instance at 0x7f4caabb4960>,49,26,[ 4 14],50,-1,106,-1,80
1,<environment.Job instance at 0x7f4cab789280>,50,15,[ 1 14],51,-1,95,-1,80
1,<environment.Job instance at 0x7f4caabb4460>,51,14,[11  2],52,-1,94,-1,80
1,<environment.Job instance at 0x7f4caabb4050>,52,13,[13  4],53,-1,93,-1,80
1,<environment.Job instance at 0x7f4caaab7c80>,54,27,[ 4 13],55,-1,118,-1,91
1,<environment.Job instance at 0x7f4cb4a68820>,55,23,[ 4 12],56,-1,114,-1,91
1,<environment.Job instance at 0x7f4cb4394230>,56,15,[ 4 12],57,-1,106,-1,91
1,<environment.Job instance at 0x7f4caaab7be0>,58,23,[ 5 11],59,-1,117,-1,94
1,<environment.Job instance at 0x7f4cab83f370>,59,28,[13  3],60,-1,122,-1,94
1,<environment.Job instance at 0x7f4caaab7280>,60,27,[3 8],61,-1,135,-1,108
1,<environment.Job instance at 0x7f4cab83fc30>,61,23,[ 5 11],62,-1,131,-1,108
1,<environment.Job instance at 0x7f4caaf37460>,65,17,[ 2 14],66,-1,138,-1,121
1,<environment.Job instance at 0x7f4caaf37550>,66,22,[ 1 14],67,-1,143,-1,121
1,<environment.Job instance at 0x7f4caaf373c0>,67,12,[11  5],68,-1,133,-1,121
1,<environment.Job instance at 0x7f4caaa010a0>,68,17,[ 3 14],69,-1,138,-1,121
1,<environment.Job instance at 0x7f4cb434fb40>,70,27,[ 4 12],71,-1,148,-1,121
1,<environment.Job instance at 0x7f4cb498f870>,72,17,[ 4 13],73,-1,150,-1,133
1,<environment.Job instance at 0x7f4cb43864b0>,74,17,[ 4 11],75,-1,150,-1,133
1,<environment.Job instance at 0x7f4cab032690>,75,23,[ 1 11],76,-1,156,-1,133
1,<environment.Job instance at 0x7f4cab032870>,76,14,[11  1],77,-1,147,-1,133
1,<environment.Job instance at 0x7f4cab6370a0>,77,23,[ 2 11],78,-1,156,-1,133
1,<environment.Job instance at 0x7f4cab670dc0>,78,21,[ 1 11],79,-1,154,-1,133
1,<environment.Job instance at 0x7f4cabb2ce60>,79,23,[ 2 14],80,-1,156,-1,133
1,<environment.Job instance at 0x7f4cb4988a00>,80,28,[5 5],81,-1,161,-1,133
1,<environment.Job instance at 0x7f4cabb2c6e0>,81,21,[ 4 13],82,-1,154,-1,133
1,<environment.Job instance at 0x7f4caac5a9b0>,82,15,[13  2],83,-1,148,-1,133
1,<environment.Job instance at 0x7f4cab065b40>,83,23,[ 5 11],84,-1,156,-1,133
1,<environment.Job instance at 0x7f4cab065410>,84,26,[ 5 11],85,-1,159,-1,133
1,<environment.Job instance at 0x7f4cb43074b0>,86,18,[13  2],87,-1,151,-1,133
1,<environment.Job instance at 0x7f4cb498c5f0>,87,27,[12  5],88,-1,160,-1,133
1,<environment.Job instance at 0x7f4cb498ca50>,88,19,[11  4],89,-1,152,-1,133
1,<environment.Job instance at 0x7f4cab180a50>,89,22,[ 2 11],90,-1,155,-1,133
1,<environment.Job instance at 0x7f4cab44f3c0>,92,12,[ 4 14],93,-1,145,-1,133
1,<environment.Job instance at 0x7f4cab333550>,94,18,[14  1],95,-1,157,-1,139
1,<environment.Job instance at 0x7f4cab3339b0>,96,15,[12  1],97,-1,162,-1,147
1,<environment.Job instance at 0x7f4cab333e60>,97,13,[ 5 12],98,-1,160,-1,147
1,<environment.Job instance at 0x7f4cab333fa0>,98,28,[14  2],99,-1,175,-1,147
1,<environment.Job instance at 0x7f4caaee6230>,100,15,[ 5 11],101,-1,172,-1,157
1,<environment.Job instance at 0x7f4caaee61e0>,101,20,[ 3 11],102,-1,177,-1,157
1,<environment.Job instance at 0x7f4cab722690>,0,23,[5 5],1,-1,24,-1,1
1,<environment.Job instance at 0x7f4caa982e10>,0,23,[5 5],1,-1,24,-1,1
1,<environment.Job instance at 0x7f4caa982b90>,1,26,[14  4],2,-1,28,-1,2
1,<environment.Job instance at 0x7f4caa9be5a0>,2,25,[2 8],3,-1,28,-1,3
1,<environment.Job instance at 0x7f4caa9bed20>,4,25,[4 7],5,-1,30,-1,5
1,<environment.Job instance at 0x7f4caa9be730>,5,25,[11  5],6,-1,31,-1,6
1,<environment.Job instance at 0x7f4caa9becd0>,6,23,[14  2],7,-1,30,-1,7
1,<environment.Job instance at 0x7f4caa9bef00>,7,28,[ 4 11],8,-1,36,-1,8
1,<environment.Job instance at 0x7f4caa9855f0>,9,18,[11  1],10,-1,28,-1,10
1,<environment.Job instance at 0x7f4caa985d20>,11,24,[ 3 14],12,-1,36,-1,12
1,<environment.Job instance at 0x7f4caa9854b0>,13,27,[ 3 12],14,-1,41,-1,14
1,<environment.Job instance at 0x7f4caa9bc870>,15,25,[ 5 12],16,-1,41,-1,16
1,<environment.Job instance at 0x7f4caa982d20>,12,28,[5 4],13,-1,45,-1,17
1,<environment.Job instance at 0x7f4caaa2b6e0>,16,24,[7 4],17,-1,41,-1,17
1,<environment.Job instance at 0x7f4caaa18640>,20,16,[11  1],21,-1,37,-1,21
1,<environment.Job instance at 0x7f4caaa180f0>,21,16,[ 1 12],22,-1,38,-1,22
1,<environment.Job instance at 0x7f4caaa18cd0>,19,27,[4 5],20,-1,52,-1,25
1,<environment.Job instance at 0x7f4caaa3d3c0>,25,18,[ 1 12],26,-1,53,-1,35
1,<environment.Job instance at 0x7f4caaa173c0>,27,14,[12  5],28,-1,49,-1,35
1,<environment.Job instance at 0x7f4caaa18280>,23,25,[8 4],24,-1,60,-1,35
1,<environment.Job instance at 0x7f4caaa1b050>,30,25,[8 3],31,-1,60,-1,35
1,<environment.Job instance at 0x7f4caaa1ba00>,31,22,[13  5],32,-1,57,-1,35
1,<environment.Job instance at 0x7f4caaa1b8c0>,32,14,[14  4],33,-1,49,-1,35
1,<environment.Job instance at 0x7f4caaa1b820>,33,24,[5 1],34,-1,59,-1,35
1,<environment.Job instance at 0x7f4caaa1b960>,34,12,[ 4 13],35,-1,47,-1,35
1,<environment.Job instance at 0x7f4caaa3d640>,22,28,[10  5],23,-1,63,-1,35
1,<environment.Job instance at 0x7f4caaa35780>,37,18,[11  2],38,-1,70,-1,52
1,<environment.Job instance at 0x7f4caaa35be0>,39,13,[ 4 13],40,-1,65,-1,52
1,<environment.Job instance at 0x7f4caaa040f0>,40,17,[11  2],41,-1,69,-1,52
1,<environment.Job instance at 0x7f4caaa04f50>,42,25,[ 3 12],43,-1,82,-1,57
1,<environment.Job instance at 0x7f4caaa04e60>,43,13,[14  2],44,-1,70,-1,57
1,<environment.Job instance at 0x7f4caaa04c30>,44,12,[ 4 14],45,-1,69,-1,57
1,<environment.Job instance at 0x7f4caaa28500>,45,26,[14  4],46,-1,83,-1,57
1,<environment.Job instance at 0x7f4caad3b730>,46,23,[14  4],47,-1,80,-1,57
1,<environment.Job instance at 0x7f4caaa28f50>,47,26,[12  4],48,-1,83,-1,57
1,<environment.Job instance at 0x7f4caaa28690>,48,23,[ 2 12],49,-1,80,-1,57
1,<environment.Job instance at 0x7f4caaa35960>,41,27,[10  3],42,-1,100,-1,73
1,<environment.Job instance at 0x7f4caabe38c0>,51,13,[ 4 13],52,-1,86,-1,73
1,<environment.Job instance at 0x7f4caa7731e0>,53,24,[9 1],54,-1,115,-1,91
1,<environment.Job instance at 0x7f4caa984640>,54,14,[ 2 13],55,-1,105,-1,91
1,<environment.Job instance at 0x7f4caa9840f0>,56,14,[13  4],57,-1,105,-1,91
1,<environment.Job instance at 0x7f4cabca6d70>,57,12,[11  3],58,-1,103,-1,91
1,<environment.Job instance at 0x7f4caa9840a0>,59,18,[ 2 13],60,-1,109,-1,91
1,<environment.Job instance at 0x7f4caaa76140>,60,16,[11  4],61,-1,107,-1,91
1,<environment.Job instance at 0x7f4ccffeed20>,61,25,[ 2 12],62,-1,116,-1,91
1,<environment.Job instance at 0x7f4cabc71500>,63,26,[11  4],64,-1,133,-1,107
1,<environment.Job instance at 0x7f4caaedaa00>,64,26,[ 1 10],65,-1,133,-1,107
1,<environment.Job instance at 0x7f4caba2a230>,66,25,[5 3],67,-1,134,-1,109
1,<environment.Job instance at 0x7f4caba2a550>,69,28,[14  3],70,-1,137,-1,109
1,<environment.Job instance at 0x7f4caba2adc0>,71,23,[ 4 10],72,-1,147,-1,124
1,<environment.Job instance at 0x7f4cab721c30>,74,24,[ 4 12],75,-1,148,-1,124
1,<environment.Job instance at 0x7f4cab81e280>,75,15,[14  1],76,-1,139,-1,124
1,<environment.Job instance at 0x7f4caba2a320>,76,28,[14  2],77,-1,152,-1,124
1,<environment.Job instance at 0x7f4caba2a410>,72,28,[10  2],73,-1,164,-1,136
1,<environment.Job instance at 0x7f4caa999a00>,80,27,[ 2 12],81,-1,164,-1,137
1,<environment.Job instance at 0x7f4caa9991e0>,81,25,[ 3 13],82,-1,162,-1,137
1,<environment.Job instance at 0x7f4caa999dc0>,83,27,[9 5],84,-1,177,-1,150
1,<environment.Job instance at 0x7f4caa999c30>,84,25,[3 5],85,-1,175,-1,150
1,<environment.Job instance at 0x7f4cab54dd20>,85,23,[ 2 13],86,-1,173,-1,150
1,<environment.Job instance at 0x7f4cabc05780>,86,15,[11  2],87,-1,165,-1,150
1,<environment.Job instance at 0x7f4cab25d780>,88,27,[ 4 14],89,-1,177,-1,150
1,<environment.Job instance at 0x7f4cab733820>,89,28,[12  5],90,-1,178,-1,150
1,<environment.Job instance at 0x7f4cab733460>,90,28,[2 5],91,-1,181,-1,153
1,<environment.Job instance at 0x7f4cab80eeb0>,91,27,[13  3],92,-1,180,-1,153
1,<environment.Job instance at 0x7f4cab80edc0>,92,26,[ 2 14],93,-1,179,-1,153
1,<environment.Job instance at 0x7f4caa7764b0>,93,25,[11  2],94,-1,178,-1,153
1,<environment.Job instance at 0x7f4caa776b90>,94,16,[11  4],95,-1,169,-1,153
1,<environment.Job instance at 0x7f4caa776820>,95,13,[14  4],96,-1,166,-1,153
1,<environment.Job instance at 0x7f4cabd6fd70>,97,21,[12  2],98,-1,174,-1,153
1,<environment.Job instance at 0x7f4cabc1c3c0>,98,20,[ 1 11],99,-1,173,-1,153
1,<environment.Job instance at 0x7f4cabc1cb40>,99,14,[ 1 14],100,-1,167,-1,153
1,<environment.Job instance at 0x7f4cab666be0>,0,21,[8 3],1,-1,23,-1,2
1,<environment.Job instance at 0x7f4cabc9fb90>,1,18,[11  1],2,-1,20,-1,2
1,<environment.Job instance at 0x7f4cab7f6230>,4,17,[5 9],5,-1,23,-1,6
1,<environment.Job instance at 0x7f4cab7f66e0>,6,24,[5 6],7,-1,31,-1,7
1,<environment.Job instance at 0x7f4cab7f64b0>,7,15,[4 9],8,-1,23,-1,8
1,<environment.Job instance at 0x7f4cab7f6be0>,5,18,[6 1],6,-1,28,-1,10
1,<environment.Job instance at 0x7f4cab7f6910>,14,28,[5 7],15,-1,46,-1,18
1,<environment.Job instance at 0x7f4cab8f2460>,21,18,[6 5],22,-1,50,-1,32
1,<environment.Job instance at 0x7f4cab8f2fa0>,16,28,[ 2 14],17,-1,60,-1,32
1,<environment.Job instance at 0x7f4cab8f2e60>,22,17,[8 5],23,-1,49,-1,32
1,<environment.Job instance at 0x7f4caa9b8730>,1,18,[11  1],2,-1,20,-1,2
1,<environment.Job instance at 0x7f4caa9b8910>,2,12,[ 4 12],3,-1,15,-1,3
1,<environment.Job instance at 0x7f4caa9b8eb0>,3,27,[ 4 14],4,-1,31,-1,4
1,<environment.Job instance at 0x7f4caa9b8320>,8,22,[ 4 13],9,-1,31,-1,9
1,<environment.Job instance at 0x7f4caa9b8be0>,6,24,[5 6],7,-1,46,-1,22
1,<environment.Job instance at 0x7f4caa9a8960>,11,25,[14  1],12,-1,47,-1,22
1,<environment.Job instance at 0x7f4caa9a8c30>,9,24,[ 1 10],10,-1,46,-1,22
1,<environment.Job instance at 0x7f4caa9a8f00>,14,28,[5 7],15,-1,50,-1,22
1,<environment.Job instance at 0x7f4caa986f00>,15,28,[2 5],16,-1,50,-1,22
1,<environment.Job instance at 0x7f4caa986280>,16,28,[ 2 14],17,-1,50,-1,22
1,<environment.Job instance at 0x7f4caa9862d0>,18,28,[5 1],19,-1,50,-1,22
1,<environment.Job instance at 0x7f4caa986910>,19,28,[1 9],20,-1,62,-1,34
1,<environment.Job instance at 0x7f4caab1e190>,24,15,[ 5 12],25,-1,61,-1,46
1,<environment.Job instance at 0x7f4caab1e1e0>,26,23,[12  4],27,-1,79,-1,56
1,<environment.Job instance at 0x7f4cabc1cb40>,28,22,[ 3 14],29,-1,80,-1,58
1,<environment.Job instance at 0x7f4cabc1cd20>,30,28,[5 5],31,-1,97,-1,69
1,<environment.Job instance at 0x7f4caa776280>,32,26,[ 5 14],33,-1,95,-1,69
1,<environment.Job instance at 0x7f4cabc1c870>,31,24,[10  1],32,-1,107,-1,83
1,<environment.Job instance at 0x7f4caa999dc0>,35,16,[ 3 14],36,-1,99,-1,83
1,<environment.Job instance at 0x7f4caa999c30>,36,21,[12  4],37,-1,104,-1,83
1,<environment.Job instance at 0x7f4caa999a00>,38,15,[13  3],39,-1,100,-1,85
1,<environment.Job instance at 0x7f4caa9995f0>,40,26,[12  2],41,-1,111,-1,85
1,<environment.Job instance at 0x7f4caa999f00>,41,22,[13  3],42,-1,107,-1,85
1,<environment.Job instance at 0x7f4caba2ab90>,42,14,[14  4],43,-1,99,-1,85
1,<environment.Job instance at 0x7f4caba2a5f0>,43,26,[13  4],44,-1,111,-1,85
1,<environment.Job instance at 0x7f4caba2adc0>,45,23,[14  1],46,-1,118,-1,95
1,<environment.Job instance at 0x7f4caba2a140>,46,14,[ 1 12],47,-1,109,-1,95
1,<environment.Job instance at 0x7f4caba2a550>,47,17,[14  4],48,-1,112,-1,95
1,<environment.Job instance at 0x7f4ccffeed20>,49,13,[ 2 11],50,-1,112,-1,99
1,<environment.Job instance at 0x7f4caba2a640>,50,23,[11  4],51,-1,122,-1,99
1,<environment.Job instance at 0x7f4caa9bc870>,52,27,[ 3 13],53,-1,126,-1,99
1,<environment.Job instance at 0x7f4caba2a230>,53,18,[ 2 12],54,-1,117,-1,99
1,<environment.Job instance at 0x7f4caa980a50>,56,17,[14  2],57,-1,128,-1,111
1,<environment.Job instance at 0x7f4caa9bc780>,51,24,[8 2],52,-1,143,-1,119
1,<environment.Job instance at 0x7f4caa985d70>,58,22,[14  1],59,-1,141,-1,119
1,<environment.Job instance at 0x7f4cb43a73c0>,59,26,[11  3],60,-1,145,-1,119
1,<environment.Job instance at 0x7f4cabde5dc0>,60,18,[ 2 12],61,-1,137,-1,119
1,<environment.Job instance at 0x7f4cb498e370>,62,26,[ 1 10],63,-1,155,-1,129
1,<environment.Job instance at 0x7f4caad75cd0>,63,26,[12  5],64,-1,155,-1,129
1,<environment.Job instance at 0x7f4caba38af0>,57,23,[4 7],58,-1,152,-1,129
1,<environment.Job instance at 0x7f4caa7ec7d0>,65,18,[ 4 11],66,-1,147,-1,129
1,<environment.Job instance at 0x7f4caa7ecbe0>,66,25,[3 6],67,-1,154,-1,129
1,<environment.Job instance at 0x7f4cabdbb230>,67,19,[11  2],68,-1,148,-1,129
1,<environment.Job instance at 0x7f4cabdbb9b0>,68,25,[ 2 14],69,-1,154,-1,129
1,<environment.Job instance at 0x7f4caa6b2eb0>,69,12,[ 5 12],70,-1,141,-1,129
1,<environment.Job instance at 0x7f4caa9bedc0>,71,21,[ 2 14],72,-1,150,-1,129
1,<environment.Job instance at 0x7f4caa9bed20>,72,18,[13  5],73,-1,147,-1,129
1,<environment.Job instance at 0x7f4caa9be870>,73,20,[ 4 11],74,-1,149,-1,129
1,<environment.Job instance at 0x7f4caa9bebe0>,70,23,[9 3],71,-1,156,-1,133
1,<environment.Job instance at 0x7f4caa9be320>,79,15,[13  4],80,-1,161,-1,146
1,<environment.Job instance at 0x7f4caa984960>,80,26,[6 1],81,-1,179,-1,153
1,<environment.Job instance at 0x7f4caa9840f0>,81,12,[13  4],82,-1,165,-1,153
1,<environment.Job instance at 0x7f4caa984be0>,83,23,[5 7],84,-1,176,-1,153
1,<environment.Job instance at 0x7f4cb4707f50>,84,15,[ 4 11],85,-1,168,-1,153
1,<environment.Job instance at 0x7f4caba0c5f0>,85,27,[ 2 11],86,-1,180,-1,153
1,<environment.Job instance at 0x7f4cab7216e0>,2,21,[4 7],3,-1,25,-1,4
1,<environment.Job instance at 0x7f4cab721af0>,4,18,[5 5],5,-1,23,-1,5
1,<environment.Job instance at 0x7f4cab721320>,5,15,[ 1 10],6,-1,21,-1,6
1,<environment.Job instance at 0x7f4caa9b8140>,3,23,[5 1],4,-1,29,-1,6
1,<environment.Job instance at 0x7f4caa7da5f0>,7,18,[9 2],8,-1,27,-1,9
1,<environment.Job instance at 0x7f4caa7dad20>,8,18,[12  4],9,-1,27,-1,9
1,<environment.Job instance at 0x7f4caa7dac30>,9,17,[ 3 11],10,-1,47,-1,30
1,<environment.Job instance at 0x7f4caa7daa00>,17,18,[14  4],18,-1,48,-1,30
1,<environment.Job instance at 0x7f4caa7dabe0>,19,15,[ 2 12],20,-1,45,-1,30
1,<environment.Job instance at 0x7f4caa7da190>,21,28,[13  2],22,-1,58,-1,30
1,<environment.Job instance at 0x7f4caa7daaf0>,22,20,[10  2],23,-1,51,-1,31
1,<environment.Job instance at 0x7f4caa7da550>,20,17,[2 7],21,-1,48,-1,31
1,<environment.Job instance at 0x7f4caa7da640>,24,27,[3 6],25,-1,58,-1,31
1,<environment.Job instance at 0x7f4caa7da1e0>,18,12,[11  2],19,-1,44,-1,32
1,<environment.Job instance at 0x7f4caa7da5a0>,10,15,[ 5 11],11,-1,49,-1,34
1,<environment.Job instance at 0x7f4caaa17550>,0,24,[14  3],1,-1,25,-1,1
1,<environment.Job instance at 0x7f4caaa17820>,1,28,[10  3],2,-1,30,-1,2
1,<environment.Job instance at 0x7f4cab7ede10>,3,23,[5 1],4,-1,27,-1,4
1,<environment.Job instance at 0x7f4cab7ed2d0>,6,28,[ 5 13],7,-1,35,-1,7
1,<environment.Job instance at 0x7f4caaa2bcd0>,8,18,[12  4],9,-1,27,-1,9
1,<environment.Job instance at 0x7f4cab80fbe0>,9,17,[ 3 11],10,-1,27,-1,10
1,<environment.Job instance at 0x7f4cab80fe10>,10,15,[ 5 11],11,-1,26,-1,11
1,<environment.Job instance at 0x7f4caba40050>,11,28,[ 2 11],12,-1,40,-1,12
1,<environment.Job instance at 0x7f4cab195a00>,13,12,[11  3],14,-1,26,-1,14
1,<environment.Job instance at 0x7f4cab72ab40>,14,26,[ 4 12],15,-1,41,-1,15
1,<environment.Job instance at 0x7f4cab72af00>,15,12,[ 4 12],16,-1,28,-1,16
1,<environment.Job instance at 0x7f4cabd0d230>,16,24,[5 2],17,-1,41,-1,17
1,<environment.Job instance at 0x7f4cabd0dd20>,17,18,[14  4],18,-1,36,-1,18
1,<environment.Job instance at 0x7f4cabd0d8c0>,18,12,[11  2],19,-1,31,-1,19
1,<environment.Job instance at 0x7f4caba08730>,19,15,[ 2 12],20,-1,35,-1,20
1,<environment.Job instance at 0x7f4cab72ad70>,21,28,[13  2],22,-1,50,-1,22
1,<environment.Job instance at 0x7f4caba409b0>,12,23,[5 5],13,-1,46,-1,23
1,<environment.Job instance at 0x7f4caa9bf0a0>,24,27,[3 6],25,-1,52,-1,25
1,<environment.Job instance at 0x7f4caa9bf140>,27,28,[13  2],28,-1,68,-1,40
1,<environment.Job instance at 0x7f4cab8c3460>,29,28,[1 5],30,-1,70,-1,42
1,<environment.Job instance at 0x7f4caac61640>,30,14,[13  2],31,-1,56,-1,42
1,<environment.Job instance at 0x7f4cab069f50>,31,13,[11  3],32,-1,55,-1,42
1,<environment.Job instance at 0x7f4cab328230>,33,24,[ 3 12],34,-1,66,-1,42
1,<environment.Job instance at 0x7f4cabe36460>,34,20,[ 5 12],35,-1,62,-1,42
1,<environment.Job instance at 0x7f4cabb344b0>,38,27,[14  2],39,-1,82,-1,55
1,<environment.Job instance at 0x7f4cab37a7d0>,39,17,[ 5 12],40,-1,72,-1,55
1,<environment.Job instance at 0x7f4caba0c5f0>,41,24,[11  5],42,-1,79,-1,55
1,<environment.Job instance at 0x7f4caa9840f0>,45,16,[12  5],46,-1,103,-1,87
1,<environment.Job instance at 0x7f4caa984050>,47,25,[3 6],48,-1,113,-1,88
1,<environment.Job instance at 0x7f4caa9841e0>,48,23,[ 2 12],49,-1,111,-1,88
1,<environment.Job instance at 0x7f4caa9be320>,49,14,[14  4],50,-1,102,-1,88
1,<environment.Job instance at 0x7f4caa9be370>,50,17,[ 3 14],51,-1,105,-1,88
1,<environment.Job instance at 0x7f4caa984410>,43,23,[9 3],44,-1,111,-1,88
1,<environment.Job instance at 0x7f4caa9be870>,53,22,[13  1],54,-1,110,-1,88
1,<environment.Job instance at 0x7f4caa9bed20>,54,13,[ 1 13],55,-1,101,-1,88
1,<environment.Job instance at 0x7f4cab2720f0>,55,17,[14  3],56,-1,105,-1,88
1,<environment.Job instance at 0x7f4caba38af0>,57,23,[13  2],58,-1,111,-1,88
1,<environment.Job instance at 0x7f4caa8dbd70>,58,14,[12  4],59,-1,102,-1,88
1,<environment.Job instance at 0x7f4caa9854b0>,60,24,[14  1],61,-1,112,-1,88
1,<environment.Job instance at 0x7f4caa985690>,61,24,[ 4 14],62,-1,112,-1,88
1,<environment.Job instance at 0x7f4caa9bc820>,62,25,[14  2],63,-1,113,-1,88
1,<environment.Job instance at 0x7f4caa9853c0>,59,25,[ 2 10],60,-1,128,-1,103
1,<environment.Job instance at 0x7f4caba2a1e0>,66,28,[12  1],67,-1,131,-1,103
1,<environment.Job instance at 0x7f4caa9855a0>,64,28,[5 9],65,-1,132,-1,104
1,<environment.Job instance at 0x7f4caba2a0f0>,71,23,[7 5],72,-1,153,-1,130
1,<environment.Job instance at 0x7f4caa9995f0>,73,18,[11  4],74,-1,148,-1,130
1,<environment.Job instance at 0x7f4caa999a00>,74,23,[9 1],75,-1,155,-1,132
1,<environment.Job instance at 0x7f4caa999320>,75,22,[ 3 11],76,-1,154,-1,132
1,<environment.Job instance at 0x7f4caa999820>,76,23,[9 4],77,-1,155,-1,132
1,<environment.Job instance at 0x7f4caa999dc0>,77,13,[13  3],78,-1,145,-1,132
1,<environment.Job instance at 0x7f4caa776f00>,79,19,[14  1],80,-1,151,-1,132
1,<environment.Job instance at 0x7f4caa776280>,80,13,[ 3 14],81,-1,145,-1,132
1,<environment.Job instance at 0x7f4caa776c80>,81,21,[ 5 14],82,-1,153,-1,132
1,<environment.Job instance at 0x7f4cabc1cb40>,85,18,[13  2],86,-1,167,-1,149
1,<environment.Job instance at 0x7f4caab1e730>,87,17,[12  2],88,-1,170,-1,153
1,<environment.Job instance at 0x7f4caad4ae60>,0,22,[13  2],1,-1,23,-1,1
1,<environment.Job instance at 0x7f4cab367820>,1,23,[11  1],2,-1,25,-1,2
1,<environment.Job instance at 0x7f4cab379dc0>,2,19,[11  4],3,-1,22,-1,3
1,<environment.Job instance at 0x7f4cab06ac80>,4,19,[13  1],5,-1,24,-1,5
1,<environment.Job instance at 0x7f4cab06a370>,5,20,[ 5 11],6,-1,26,-1,6
1,<environment.Job instance at 0x7f4cab06abe0>,6,17,[ 3 14],7,-1,24,-1,7
1,<environment.Job instance at 0x7f4caaeec140>,7,13,[ 1 12],8,-1,21,-1,8
1,<environment.Job instance at 0x7f4cab06ad70>,8,18,[14  2],9,-1,27,-1,9
1,<environment.Job instance at 0x7f4cab06acd0>,10,25,[12  4],11,-1,36,-1,11
1,<environment.Job instance at 0x7f4cab042f50>,12,28,[1 5],13,-1,41,-1,13
1,<environment.Job instance at 0x7f4cab072690>,17,19,[12  2],18,-1,45,-1,26
1,<environment.Job instance at 0x7f4cab0725f0>,18,25,[3 5],19,-1,51,-1,26
1,<environment.Job instance at 0x7f4cab0725a0>,19,23,[5 2],20,-1,49,-1,26
1,<environment.Job instance at 0x7f4cab0583c0>,20,25,[11  4],21,-1,51,-1,26
1,<environment.Job instance at 0x7f4cab058c80>,21,23,[ 3 10],22,-1,49,-1,26
1,<environment.Job instance at 0x7f4cab067640>,15,25,[2 6],16,-1,51,-1,26
1,<environment.Job instance at 0x7f4cab058410>,23,21,[ 4 13],24,-1,47,-1,26
1,<environment.Job instance at 0x7f4cab058be0>,24,20,[12  2],25,-1,46,-1,26
1,<environment.Job instance at 0x7f4cab058280>,25,28,[ 5 12],26,-1,54,-1,26
1,<environment.Job instance at 0x7f4cab075410>,26,13,[ 3 12],27,-1,40,-1,27
1,<environment.Job instance at 0x7f4cab075460>,27,17,[ 4 12],28,-1,45,-1,28
1,<environment.Job instance at 0x7f4cab0681e0>,30,20,[ 5 12],31,-1,60,-1,40
1,<environment.Job instance at 0x7f4cab068e60>,31,23,[12  1],32,-1,63,-1,40
1,<environment.Job instance at 0x7f4cab068280>,32,19,[13  3],33,-1,59,-1,40
1,<environment.Job instance at 0x7f4cab05a780>,34,12,[12  4],35,-1,52,-1,40
1,<environment.Job instance at 0x7f4cab05a730>,35,19,[11  5],36,-1,59,-1,40
1,<environment.Job instance at 0x7f4cab045190>,37,24,[13  1],38,-1,64,-1,40
1,<environment.Job instance at 0x7f4cab045640>,39,15,[13  4],40,-1,55,-1,40
1,<environment.Job instance at 0x7f4cab045910>,40,27,[12  5],41,-1,80,-1,53
1,<environment.Job instance at 0x7f4cab045dc0>,41,17,[ 5 12],42,-1,70,-1,53
1,<environment.Job instance at 0x7f4caa621d20>,43,21,[12  2],44,-1,77,-1,56
1,<environment.Job instance at 0x7f4caa621690>,44,14,[11  1],45,-1,70,-1,56
1,<environment.Job instance at 0x7f4caa621dc0>,45,23,[ 3 13],46,-1,79,-1,56
1,<environment.Job instance at 0x7f4cab061aa0>,46,14,[13  4],47,-1,70,-1,56
1,<environment.Job instance at 0x7f4cab373320>,48,27,[ 1 10],49,-1,102,-1,75
1,<environment.Job instance at 0x7f4cab373f50>,49,14,[13  4],50,-1,89,-1,75
1,<environment.Job instance at 0x7f4cab07b230>,50,20,[ 5 12],51,-1,95,-1,75
1,<environment.Job instance at 0x7f4cab07b320>,52,26,[5 5],53,-1,103,-1,77
1,<environment.Job instance at 0x7f4cab07b280>,51,24,[9 4],52,-1,101,-1,77
1,<environment.Job instance at 0x7f4caad58230>,56,18,[12  1],57,-1,107,-1,89
1,<environment.Job instance at 0x7f4cab07bfa0>,57,14,[ 4 14],58,-1,103,-1,89
1,<environment.Job instance at 0x7f4caad58af0>,59,23,[9 1],60,-1,115,-1,92
1,<environment.Job instance at 0x7f4caad589b0>,60,12,[13  2],61,-1,104,-1,92
1,<environment.Job instance at 0x7f4caad58410>,61,15,[14  4],62,-1,107,-1,92
1,<environment.Job instance at 0x7f4cab1c3a00>,62,24,[5 3],63,-1,116,-1,92
1,<environment.Job instance at 0x7f4caad58460>,63,17,[14  4],64,-1,109,-1,92
1,<environment.Job instance at 0x7f4cab5f2460>,65,16,[12  2],66,-1,108,-1,92
1,<environment.Job instance at 0x7f4cab5f2b90>,66,13,[ 4 14],67,-1,105,-1,92
1,<environment.Job instance at 0x7f4cab1e0370>,69,13,[14  3],70,-1,122,-1,109
1,<environment.Job instance at 0x7f4cab376fa0>,71,28,[12  2],72,-1,137,-1,109
1,<environment.Job instance at 0x7f4caaee56e0>,72,24,[12  5],73,-1,133,-1,109
1,<environment.Job instance at 0x7f4cab1e9cd0>,74,12,[11  5],75,-1,131,-1,119
1,<environment.Job instance at 0x7f4cab3929b0>,77,14,[ 5 11],78,-1,146,-1,132
1,<environment.Job instance at 0x7f4cab392c30>,78,17,[ 3 14],79,-1,149,-1,132
1,<environment.Job instance at 0x7f4cab392780>,79,23,[7 5],80,-1,165,-1,142
1,<environment.Job instance at 0x7f4cab392e10>,81,23,[1 5],82,-1,165,-1,142
1,<environment.Job instance at 0x7f4cab377f50>,83,26,[ 1 11],84,-1,168,-1,142
1,<environment.Job instance at 0x7f4cab377d70>,84,12,[13  4],85,-1,154,-1,142
1,<environment.Job instance at 0x7f4caad598c0>,86,15,[ 1 11],87,-1,161,-1,146
1,<environment.Job instance at 0x7f4caa607050>,88,24,[13  4],89,-1,170,-1,146
1,<environment.Job instance at 0x7f4caad745a0>,90,19,[14  4],91,-1,165,-1,146
1,<environment.Job instance at 0x7f4caa629be0>,0,23,[2 7],1,-1,25,-1,2
1,<environment.Job instance at 0x7f4caa629870>,1,19,[14  5],2,-1,21,-1,2
1,<environment.Job instance at 0x7f4caa629320>,2,17,[10  5],3,-1,21,-1,4
1,<environment.Job instance at 0x7f4caa6296e0>,5,14,[8 3],6,-1,20,-1,6
1,<environment.Job instance at 0x7f4caa629960>,7,17,[9 4],8,-1,25,-1,8
1,<environment.Job instance at 0x7f4caa629910>,8,16,[10  4],9,-1,25,-1,9
1,<environment.Job instance at 0x7f4cab47a0a0>,16,20,[ 4 13],17,-1,56,-1,36
1,<environment.Job instance at 0x7f4cab47abe0>,18,26,[5 1],19,-1,62,-1,36
1,<environment.Job instance at 0x7f4cab36d7d0>,0,23,[2 7],1,-1,24,-1,1
1,<environment.Job instance at 0x7f4cab36d8c0>,1,19,[14  5],2,-1,21,-1,2
1,<environment.Job instance at 0x7f4cab36d140>,3,20,[ 4 13],4,-1,24,-1,4
1,<environment.Job instance at 0x7f4cab36d050>,4,28,[12  1],5,-1,33,-1,5
1,<environment.Job instance at 0x7f4cab36d870>,6,13,[14  2],7,-1,20,-1,7
1,<environment.Job instance at 0x7f4caacf90f0>,9,26,[11  5],10,-1,36,-1,10
1,<environment.Job instance at 0x7f4caace2500>,10,21,[13  3],11,-1,32,-1,11
1,<environment.Job instance at 0x7f4caace2fa0>,11,27,[13  4],12,-1,39,-1,12
1,<environment.Job instance at 0x7f4caa63b5f0>,14,14,[ 3 14],15,-1,29,-1,15
1,<environment.Job instance at 0x7f4caace98c0>,12,24,[8 1],13,-1,44,-1,20
1,<environment.Job instance at 0x7f4caa63bd70>,16,20,[ 4 13],17,-1,40,-1,20
1,<environment.Job instance at 0x7f4caa63b3c0>,17,12,[14  3],18,-1,32,-1,20
1,<environment.Job instance at 0x7f4caa63bcd0>,18,26,[5 1],19,-1,46,-1,20
1,<environment.Job instance at 0x7f4caaccf370>,19,21,[13  1],20,-1,41,-1,20
1,<environment.Job instance at 0x7f4caaccf320>,21,22,[13  4],22,-1,44,-1,22
1,<environment.Job instance at 0x7f4caacc80f0>,22,24,[1 8],23,-1,57,-1,33
1,<environment.Job instance at 0x7f4caaccba50>,29,26,[7 5],30,-1,74,-1,48
1,<environment.Job instance at 0x7f4caaccba00>,30,14,[ 5 12],31,-1,62,-1,48
1,<environment.Job instance at 0x7f4caacf06e0>,32,26,[ 3 10],33,-1,88,-1,62
1,<environment.Job instance at 0x7f4caad7e9b0>,33,27,[1 8],34,-1,89,-1,62
1,<environment.Job instance at 0x7f4caaecb190>,34,20,[13  5],35,-1,82,-1,62
1,<environment.Job instance at 0x7f4caaecb140>,35,23,[5 7],36,-1,85,-1,62
1,<environment.Job instance at 0x7f4cab5f2460>,37,15,[12  4],38,-1,77,-1,62
1,<environment.Job instance at 0x7f4caacf05f0>,38,25,[9 3],39,-1,89,-1,64
1,<environment.Job instance at 0x7f4caad58370>,41,12,[ 4 14],42,-1,87,-1,75
1,<environment.Job instance at 0x7f4caad589b0>,42,21,[ 4 14],43,-1,96,-1,75
1,<environment.Job instance at 0x7f4caad58af0>,43,14,[ 1 13],44,-1,89,-1,75
1,<environment.Job instance at 0x7f4cab1e4cd0>,44,16,[12  5],45,-1,91,-1,75
1,<environment.Job instance at 0x7f4cab47a5a0>,46,27,[11  5],47,-1,102,-1,75
1,<environment.Job instance at 0x7f4cab47a6e0>,47,18,[11  3],48,-1,93,-1,75
1,<environment.Job instance at 0x7f4caad58870>,45,28,[4 5],46,-1,106,-1,78
1,<environment.Job instance at 0x7f4cabd76410>,49,17,[ 2 13],50,-1,95,-1,78
1,<environment.Job instance at 0x7f4cabd76c80>,50,13,[11  4],51,-1,91,-1,78
1,<environment.Job instance at 0x7f4caa629190>,52,25,[14  5],53,-1,103,-1,78
1,<environment.Job instance at 0x7f4caa629f00>,55,22,[11  3],56,-1,112,-1,90
1,<environment.Job instance at 0x7f4caa629500>,53,24,[3 6],54,-1,119,-1,95
1,<environment.Job instance at 0x7f4caa629fa0>,57,23,[10  1],58,-1,126,-1,103
1,<environment.Job instance at 0x7f4cabd5d7d0>,60,16,[ 4 11],61,-1,119,-1,103
1,<environment.Job instance at 0x7f4cabd5dd70>,61,28,[ 4 13],62,-1,131,-1,103
1,<environment.Job instance at 0x7f4cabd5df00>,62,15,[ 5 14],63,-1,118,-1,103
1,<environment.Job instance at 0x7f4cabd5d3c0>,63,25,[13  4],64,-1,128,-1,103
1,<environment.Job instance at 0x7f4cabd5df50>,64,20,[13  5],65,-1,123,-1,103
1,<environment.Job instance at 0x7f4cabd5deb0>,66,16,[ 5 11],67,-1,123,-1,107
1,<environment.Job instance at 0x7f4cabd5ddc0>,65,25,[7 3],66,-1,132,-1,107
1,<environment.Job instance at 0x7f4cabd5d5a0>,68,21,[14  2],69,-1,128,-1,107
1,<environment.Job instance at 0x7f4cabd5da00>,69,13,[12  4],70,-1,120,-1,107
1,<environment.Job instance at 0x7f4cabd5dbe0>,70,26,[14  5],71,-1,133,-1,107
1,<environment.Job instance at 0x7f4cabd5d230>,72,19,[ 2 13],73,-1,126,-1,107
1,<environment.Job instance at 0x7f4cabd5d410>,73,24,[5 3],74,-1,139,-1,115
1,<environment.Job instance at 0x7f4cab47d320>,75,13,[11  1],76,-1,128,-1,115
1,<environment.Job instance at 0x7f4cab47da00>,79,17,[ 4 14],80,-1,149,-1,132
1,<environment.Job instance at 0x7f4cab47d3c0>,81,17,[12  4],82,-1,161,-1,144
1,<environment.Job instance at 0x7f4cab47d5f0>,82,14,[ 3 11],83,-1,158,-1,144
1,<environment.Job instance at 0x7f4cab47d6e0>,83,16,[ 4 13],84,-1,160,-1,144
1,<environment.Job instance at 0x7f4cab47dc80>,84,24,[ 1 11],85,-1,168,-1,144
1,<environment.Job instance at 0x7f4cab47d370>,85,17,[ 4 11],86,-1,161,-1,144
1,<environment.Job instance at 0x7f4cab47d410>,87,15,[ 2 12],88,-1,160,-1,145
1,<environment.Job instance at 0x7f4cab47de10>,88,22,[ 5 13],89,-1,167,-1,145
1,<environment.Job instance at 0x7f4cab47daf0>,89,16,[12  4],90,-1,161,-1,145
1,<environment.Job instance at 0x7f4cab47daa0>,90,26,[11  3],91,-1,171,-1,145
1,<environment.Job instance at 0x7f4cab47d7d0>,92,15,[13  2],93,-1,160,-1,145
1,<environment.Job instance at 0x7f4caaa3fc80>,5,28,[6 4],6,-1,34,-1,6
1,<environment.Job instance at 0x7f4caaa3feb0>,6,28,[8 5],7,-1,35,-1,7
1,<environment.Job instance at 0x7f4cab8af370>,22,18,[11  5],23,-1,128,-1,110
1,<environment.Job instance at 0x7f4cab8aff50>,24,17,[3 7],25,-1,127,-1,110
1,<environment.Job instance at 0x7f4caaa3f910>,21,28,[12  3],22,-1,138,-1,110
1,<environment.Job instance at 0x7f4caa5d6550>,0,24,[ 3 14],1,-1,25,-1,1
1,<environment.Job instance at 0x7f4caa63c460>,1,26,[ 4 11],2,-1,28,-1,2
1,<environment.Job instance at 0x7f4cab6336e0>,3,14,[ 5 14],4,-1,18,-1,4
1,<environment.Job instance at 0x7f4caa606a50>,4,12,[13  5],5,-1,17,-1,5
1,<environment.Job instance at 0x7f4caa6067d0>,5,28,[6 4],6,-1,34,-1,6
1,<environment.Job instance at 0x7f4caa6065f0>,6,28,[8 5],7,-1,35,-1,7
1,<environment.Job instance at 0x7f4caa606c80>,8,25,[11  2],9,-1,34,-1,9
1,<environment.Job instance at 0x7f4caa606be0>,9,20,[14  4],10,-1,30,-1,10
1,<environment.Job instance at 0x7f4caa63cf50>,11,15,[ 1 12],12,-1,27,-1,12
1,<environment.Job instance at 0x7f4caa606460>,12,15,[14  5],13,-1,28,-1,13
1,<environment.Job instance at 0x7f4caa606fa0>,15,16,[ 3 11],16,-1,32,-1,16
1,<environment.Job instance at 0x7f4caa606dc0>,17,14,[ 1 12],18,-1,32,-1,18
1,<environment.Job instance at 0x7f4caa606e60>,20,17,[ 2 12],21,-1,39,-1,22
1,<environment.Job instance at 0x7f4caa61e050>,21,28,[12  3],22,-1,50,-1,22
1,<environment.Job instance at 0x7f4caa61ee60>,22,18,[11  5],23,-1,41,-1,23
1,<environment.Job instance at 0x7f4caa61ed70>,26,26,[5 5],27,-1,55,-1,29
1,<environment.Job instance at 0x7f4caa61e960>,27,28,[3 7],28,-1,57,-1,29
1,<environment.Job instance at 0x7f4caa629f50>,30,12,[13  5],31,-1,53,-1,41
1,<environment.Job instance at 0x7f4cab1e4cd0>,33,26,[ 3 11],34,-1,75,-1,49
1,<environment.Job instance at 0x7f4caa629500>,34,18,[ 3 14],35,-1,67,-1,49
1,<environment.Job instance at 0x7f4caa629190>,35,15,[12  2],36,-1,64,-1,49
1,<environment.Job instance at 0x7f4cab5f2780>,36,24,[ 5 14],37,-1,73,-1,49
1,<environment.Job instance at 0x7f4cab5f2b90>,37,24,[ 1 13],38,-1,73,-1,49
1,<environment.Job instance at 0x7f4caacf0690>,38,14,[ 5 13],39,-1,63,-1,49
1,<environment.Job instance at 0x7f4caacf04b0>,39,19,[ 3 13],40,-1,68,-1,49
1,<environment.Job instance at 0x7f4caaccbaa0>,40,17,[ 2 14],41,-1,66,-1,49
1,<environment.Job instance at 0x7f4caaccbb40>,42,27,[12  1],43,-1,77,-1,50
1,<environment.Job instance at 0x7f4caacf1be0>,44,21,[13  3],45,-1,82,-1,61
1,<environment.Job instance at 0x7f4caa61e820>,29,23,[ 2 10],30,-1,88,-1,65
1,<environment.Job instance at 0x7f4caacc80f0>,46,27,[ 1 14],47,-1,92,-1,65
1,<environment.Job instance at 0x7f4caacd8320>,47,23,[8 5],48,-1,88,-1,65
1,<environment.Job instance at 0x7f4caacd8d20>,49,25,[5 7],50,-1,104,-1,79
1,<environment.Job instance at 0x7f4caa63bd70>,52,27,[12  5],53,-1,106,-1,79
1,<environment.Job instance at 0x7f4caa63b3c0>,53,22,[14  4],54,-1,101,-1,79
1,<environment.Job instance at 0x7f4caa63bc30>,54,28,[ 2 11],55,-1,107,-1,79
1,<environment.Job instance at 0x7f4caa63b5f0>,55,22,[11  3],56,-1,101,-1,79
1,<environment.Job instance at 0x7f4caace9960>,57,15,[14  3],58,-1,94,-1,79
1,<environment.Job instance at 0x7f4caaccf320>,51,24,[5 6],52,-1,103,-1,79
1,<environment.Job instance at 0x7f4cb471c690>,61,14,[ 1 14],62,-1,95,-1,81
1,<environment.Job instance at 0x7f4caacf9c80>,63,14,[11  4],64,-1,107,-1,93
1,<environment.Job instance at 0x7f4caacf9140>,64,17,[ 1 14],65,-1,110,-1,93
1,<environment.Job instance at 0x7f4cab8af230>,65,18,[ 4 12],66,-1,111,-1,93
1,<environment.Job instance at 0x7f4cab0e75f0>,67,21,[13  1],68,-1,116,-1,95
1,<environment.Job instance at 0x7f4caa96e3c0>,68,25,[5 4],69,-1,133,-1,108
1,<environment.Job instance at 0x7f4cab331e10>,70,18,[14  1],71,-1,126,-1,108
1,<environment.Job instance at 0x7f4cabd29e60>,72,16,[ 5 13],73,-1,125,-1,109
1,<environment.Job instance at 0x7f4cabc0ae10>,73,17,[ 2 12],74,-1,126,-1,109
1,<environment.Job instance at 0x7f4cab180be0>,74,25,[14  5],75,-1,134,-1,109
1,<environment.Job instance at 0x7f4cabc0ab90>,75,17,[14  5],76,-1,126,-1,109
1,<environment.Job instance at 0x7f4caaa3f690>,76,13,[12  1],77,-1,122,-1,109
1,<environment.Job instance at 0x7f4caace2500>,59,23,[ 4 10],60,-1,145,-1,122
1,<environment.Job instance at 0x7f4cab2c85a0>,79,15,[ 2 12],80,-1,137,-1,122
1,<environment.Job instance at 0x7f4caab2b9b0>,80,24,[3 7],81,-1,148,-1,124
1,<environment.Job instance at 0x7f4caab2b5a0>,82,13,[14  3],83,-1,137,-1,124
1,<environment.Job instance at 0x7f4caac8f410>,84,22,[ 5 11],85,-1,157,-1,135
1,<environment.Job instance at 0x7f4caa8d15f0>,87,26,[11  4],88,-1,176,-1,150
1,<environment.Job instance at 0x7f4caa809f50>,88,19,[ 4 11],89,-1,169,-1,150
1,<environment.Job instance at 0x7f4caa4be5a0>,86,23,[9 3],87,-1,174,-1,151
1,<environment.Job instance at 0x7f4caadeac30>,91,27,[5 2],92,-1,178,-1,151
1,<environment.Job instance at 0x7f4caa6a9320>,93,21,[ 3 11],94,-1,172,-1,151
1,<environment.Job instance at 0x7f4cab71c0a0>,95,12,[ 1 13],96,-1,163,-1,151
1,<environment.Job instance at 0x7f4cabcc7d70>,5,15,[10  4],6,-1,22,-1,7
1,<environment.Job instance at 0x7f4caaa5d4b0>,6,16,[10  5],7,-1,23,-1,7
1,<environment.Job instance at 0x7f4cabcc7370>,10,27,[ 3 10],11,-1,50,-1,23
1,<environment.Job instance at 0x7f4caa7f5500>,20,22,[ 4 12],21,-1,83,-1,61
1,<environment.Job instance at 0x7f4cabcc7960>,2,28,[ 4 10],3,-1,89,-1,61
1,<environment.Job instance at 0x7f4cab4864b0>,26,28,[5 3],27,-1,92,-1,64
1,<environment.Job instance at 0x7f4caa7f5460>,23,16,[ 2 11],24,-1,92,-1,76
1,<environment.Job instance at 0x7f4caa7de9b0>,29,17,[10  4],30,-1,96,-1,79
1,<environment.Job instance at 0x7f4caa7de780>,32,21,[10  4],33,-1,151,-1,130
1,<environment.Job instance at 0x7f4cabce8820>,36,12,[5 7],37,-1,143,-1,131
1,<environment.Job instance at 0x7f4caaa7e410>,37,26,[4 9],38,-1,157,-1,131
1,<environment.Job instance at 0x7f4cab823eb0>,0,17,[ 5 12],1,-1,18,-1,1
1,<environment.Job instance at 0x7f4cab804050>,1,22,[13  3],2,-1,24,-1,2
1,<environment.Job instance at 0x7f4cab8047d0>,2,28,[ 4 10],3,-1,31,-1,3
1,<environment.Job instance at 0x7f4cab804730>,3,14,[ 2 13],4,-1,18,-1,4
1,<environment.Job instance at 0x7f4cab8231e0>,9,24,[14  5],10,-1,34,-1,10
1,<environment.Job instance at 0x7f4caa54fc30>,11,20,[ 3 11],12,-1,32,-1,12
1,<environment.Job instance at 0x7f4cabb8fe10>,12,13,[12  4],13,-1,26,-1,13
1,<environment.Job instance at 0x7f4cab804d70>,8,24,[ 4 10],9,-1,43,-1,19
1,<environment.Job instance at 0x7f4cabd86b40>,14,12,[ 4 14],15,-1,31,-1,19
1,<environment.Job instance at 0x7f4cab8adf00>,10,27,[ 3 10],11,-1,46,-1,19
1,<environment.Job instance at 0x7f4cabd7dfa0>,18,13,[14  2],19,-1,32,-1,19
1,<environment.Job instance at 0x7f4caabb5e60>,19,14,[13  2],20,-1,35,-1,21
1,<environment.Job instance at 0x7f4cabdabaf0>,20,22,[ 4 12],21,-1,43,-1,21
1,<environment.Job instance at 0x7f4cab7653c0>,23,16,[ 2 11],24,-1,53,-1,37
1,<environment.Job instance at 0x7f4caaea9d70>,25,19,[ 3 11],26,-1,56,-1,37
1,<environment.Job instance at 0x7f4cab80dc80>,27,13,[ 4 11],28,-1,50,-1,37
1,<environment.Job instance at 0x7f4cab80dc30>,26,28,[5 3],27,-1,74,-1,46
1,<environment.Job instance at 0x7f4caae852d0>,30,19,[13  3],31,-1,65,-1,46
1,<environment.Job instance at 0x7f4caae85aa0>,31,20,[ 2 13],32,-1,66,-1,46
1,<environment.Job instance at 0x7f4caae8a6e0>,33,15,[ 3 13],34,-1,61,-1,46
1,<environment.Job instance at 0x7f4cab820af0>,34,17,[11  4],35,-1,63,-1,46
1,<environment.Job instance at 0x7f4cab8200a0>,37,26,[4 9],38,-1,81,-1,55
1,<environment.Job instance at 0x7f4caa459f50>,38,26,[13  5],39,-1,81,-1,55
1,<environment.Job instance at 0x7f4caa459c30>,40,12,[12  2],41,-1,67,-1,55
1,<environment.Job instance at 0x7f4caa4596e0>,42,23,[14  2],43,-1,78,-1,55
1,<environment.Job instance at 0x7f4caa459f00>,43,25,[5 3],44,-1,80,-1,55
1,<environment.Job instance at 0x7f4caa4591e0>,45,19,[ 4 14],46,-1,80,-1,61
1,<environment.Job instance at 0x7f4caa459190>,46,13,[ 4 13],47,-1,74,-1,61
1,<environment.Job instance at 0x7f4cab8101e0>,48,26,[10  5],49,-1,103,-1,77
1,<environment.Job instance at 0x7f4cab810230>,49,14,[14  1],50,-1,91,-1,77
1,<environment.Job instance at 0x7f4cab805550>,50,17,[13  2],51,-1,94,-1,77
1,<environment.Job instance at 0x7f4cab810f50>,51,23,[8 3],52,-1,100,-1,77
1,<environment.Job instance at 0x7f4cab801230>,55,16,[13  2],56,-1,109,-1,93
1,<environment.Job instance at 0x7f4cab801190>,56,28,[12  2],57,-1,121,-1,93
1,<environment.Job instance at 0x7f4cab801af0>,57,12,[ 5 14],58,-1,105,-1,93
1,<environment.Job instance at 0x7f4caa456460>,58,14,[14  2],59,-1,107,-1,93
1,<environment.Job instance at 0x7f4cab801640>,54,28,[8 4],55,-1,128,-1,100
1,<environment.Job instance at 0x7f4caac27280>,61,23,[12  3],62,-1,124,-1,101
1,<environment.Job instance at 0x7f4caa456730>,63,21,[12  2],64,-1,128,-1,107
1,<environment.Job instance at 0x7f4caa466780>,64,21,[13  1],65,-1,128,-1,107
1,<environment.Job instance at 0x7f4caa466fa0>,65,14,[ 1 11],66,-1,121,-1,107
1,<environment.Job instance at 0x7f4caa466e60>,67,15,[12  3],68,-1,122,-1,107
1,<environment.Job instance at 0x7f4caa466870>,68,16,[14  3],69,-1,123,-1,107
1,<environment.Job instance at 0x7f4caa466320>,71,16,[ 4 13],72,-1,140,-1,124
1,<environment.Job instance at 0x7f4cab81fc30>,73,17,[ 4 11],74,-1,150,-1,133
1,<environment.Job instance at 0x7f4cab81fd20>,74,24,[6 4],75,-1,165,-1,141
1,<environment.Job instance at 0x7f4cab81fb40>,75,24,[2 5],76,-1,165,-1,141
1,<environment.Job instance at 0x7f4cab81fb90>,76,23,[11  4],77,-1,164,-1,141
1,<environment.Job instance at 0x7f4caac38e10>,77,13,[ 1 11],78,-1,154,-1,141
1,<environment.Job instance at 0x7f4caac29140>,78,22,[ 1 11],79,-1,163,-1,141
1,<environment.Job instance at 0x7f4caac386e0>,79,21,[13  4],80,-1,162,-1,141
1,<environment.Job instance at 0x7f4caac38690>,80,23,[14  2],81,-1,164,-1,141
1,<environment.Job instance at 0x7f4caac02410>,81,17,[ 3 14],82,-1,158,-1,141
1,<environment.Job instance at 0x7f4caac025a0>,82,26,[14  5],83,-1,167,-1,141
1,<environment.Job instance at 0x7f4caac02460>,83,27,[ 3 13],84,-1,168,-1,141
1,<environment.Job instance at 0x7f4caa47ca00>,85,28,[14  4],86,-1,169,-1,141
1,<environment.Job instance at 0x7f4cabd8f730>,86,25,[5 1],87,-1,170,-1,145
1,<environment.Job instance at 0x7f4cab77e410>,88,22,[14  5],89,-1,168,-1,146
1,<environment.Job instance at 0x7f4caa4790f0>,89,16,[ 2 13],90,-1,162,-1,146
1,<environment.Job instance at 0x7f4caac01910>,91,18,[ 2 13],92,-1,173,-1,155
1,<environment.Job instance at 0x7f4caac16140>,92,13,[ 4 14],93,-1,168,-1,155
1,<environment.Job instance at 0x7f4caac161e0>,93,17,[ 3 11],94,-1,172,-1,155
1,<environment.Job instance at 0x7f4caac16550>,94,23,[12  2],95,-1,178,-1,155
1,<environment.Job instance at 0x7f4caac16eb0>,95,17,[ 2 14],96,-1,172,-1,155
1,<environment.Job instance at 0x7f4caac16fa0>,96,26,[12  5],97,-1,181,-1,155
1,<environment.Job instance at 0x7f4caac084b0>,98,20,[ 3 13],99,-1,176,-1,156
1,<environment.Job instance at 0x7f4caac08370>,99,23,[ 2 13],100,-1,179,-1,156
1,<environment.Job instance at 0x7f4caac05370>,100,26,[13  2],101,-1,182,-1,156
1,<environment.Job instance at 0x7f4caac05f00>,101,14,[ 3 12],102,-1,170,-1,156
1,<environment.Job instance at 0x7f4caa6fe960>,0,18,[1 7],1,-1,19,-1,1
1,<environment.Job instance at 0x7f4cabd7d730>,2,23,[2 8],3,-1,27,-1,4
1,<environment.Job instance at 0x7f4caa6fee10>,3,21,[8 5],4,-1,25,-1,4
1,<environment.Job instance at 0x7f4cabd7d8c0>,5,28,[3 6],6,-1,34,-1,6
1,<environment.Job instance at 0x7f4caab090a0>,2,23,[2 8],3,-1,26,-1,3
1,<environment.Job instance at 0x7f4caac05280>,4,16,[13  1],5,-1,21,-1,5
1,<environment.Job instance at 0x7f4caab090f0>,6,23,[ 5 11],7,-1,30,-1,7
1,<environment.Job instance at 0x7f4caac05460>,8,17,[ 2 12],9,-1,26,-1,9
1,<environment.Job instance at 0x7f4caa56aaf0>,1,28,[ 5 10],2,-1,53,-1,25
1,<environment.Job instance at 0x7f4caac054b0>,5,28,[3 6],6,-1,53,-1,25
1,<environment.Job instance at 0x7f4caac01a00>,13,22,[ 1 13],14,-1,47,-1,25
1,<environment.Job instance at 0x7f4cab24e730>,15,21,[ 5 13],16,-1,46,-1,25
1,<environment.Job instance at 0x7f4cab28a5f0>,16,23,[ 4 12],17,-1,48,-1,25
1,<environment.Job instance at 0x7f4caa47ca00>,17,20,[ 1 13],18,-1,45,-1,25
1,<environment.Job instance at 0x7f4caa47ccd0>,18,26,[1 8],19,-1,51,-1,25
1,<environment.Job instance at 0x7f4caaeb03c0>,19,27,[14  4],20,-1,52,-1,25
1,<environment.Job instance at 0x7f4caa54fc30>,21,21,[ 1 11],22,-1,46,-1,25
1,<environment.Job instance at 0x7f4caaf4b0f0>,22,20,[11  2],23,-1,45,-1,25
1,<environment.Job instance at 0x7f4caac16550>,7,28,[2 8],8,-1,53,-1,25
1,<environment.Job instance at 0x7f4cabd8f730>,11,27,[5 8],12,-1,52,-1,25
1,<environment.Job instance at 0x7f4cab7653c0>,27,12,[ 2 13],28,-1,40,-1,28
1,<environment.Job instance at 0x7f4cab765280>,28,26,[13  3],29,-1,55,-1,29
1,<environment.Job instance at 0x7f4caaea9aa0>,29,18,[ 5 14],30,-1,48,-1,30
1,<environment.Job instance at 0x7f4cabdb1f00>,30,17,[12  1],31,-1,48,-1,31
1,<environment.Job instance at 0x7f4caaea9f50>,31,22,[ 1 11],32,-1,54,-1,32
1,<environment.Job instance at 0x7f4caae8a6e0>,32,14,[14  4],33,-1,47,-1,33
1,<environment.Job instance at 0x7f4cab27c190>,33,28,[6 1],34,-1,69,-1,41
1,<environment.Job instance at 0x7f4cab27c7d0>,36,27,[7 3],37,-1,68,-1,41
1,<environment.Job instance at 0x7f4cab27cb40>,37,26,[11  4],38,-1,67,-1,41
1,<environment.Job instance at 0x7f4cab805550>,25,26,[9 3],26,-1,67,-1,41
1,<environment.Job instance at 0x7f4cabd7d7d0>,41,12,[14  5],42,-1,69,-1,57
1,<environment.Job instance at 0x7f4cab5eb050>,42,24,[11  3],43,-1,81,-1,57
1,<environment.Job instance at 0x7f4cab5eb140>,43,20,[14  4],44,-1,77,-1,57
1,<environment.Job instance at 0x7f4caac386e0>,44,16,[ 1 11],45,-1,73,-1,57
1,<environment.Job instance at 0x7f4caac38280>,45,19,[ 5 11],46,-1,76,-1,57
1,<environment.Job instance at 0x7f4caac38820>,46,22,[ 2 11],47,-1,79,-1,57
1,<environment.Job instance at 0x7f4cab612e10>,49,23,[12  4],50,-1,81,-1,58
1,<environment.Job instance at 0x7f4caab35050>,51,25,[13  1],52,-1,94,-1,69
1,<environment.Job instance at 0x7f4cabdbda50>,52,22,[11  2],53,-1,91,-1,69
1,<environment.Job instance at 0x7f4cab5e01e0>,54,28,[ 3 11],55,-1,99,-1,71
1,<environment.Job instance at 0x7f4cab157f00>,55,12,[ 5 12],56,-1,83,-1,71
1,<environment.Job instance at 0x7f4caa8c2550>,56,17,[ 3 11],57,-1,88,-1,71
1,<environment.Job instance at 0x7f4cabccce60>,57,16,[ 1 14],58,-1,87,-1,71
1,<environment.Job instance at 0x7f4cabb66780>,58,24,[7 4],59,-1,110,-1,86
1,<environment.Job instance at 0x7f4caa7b7f50>,61,18,[ 4 12],62,-1,104,-1,86
1,<environment.Job instance at 0x7f4caa8c7690>,63,13,[ 2 13],64,-1,99,-1,86
1,<environment.Job instance at 0x7f4caa514550>,59,27,[10  1],60,-1,125,-1,98
1,<environment.Job instance at 0x7f4caa8c7a50>,65,21,[ 2 12],66,-1,119,-1,98
1,<environment.Job instance at 0x7f4caa6c5140>,66,24,[3 8],67,-1,122,-1,98
1,<environment.Job instance at 0x7f4caa6c5960>,67,16,[ 4 13],68,-1,114,-1,98
1,<environment.Job instance at 0x7f4caaf6ea00>,68,25,[5 8],69,-1,123,-1,98
1,<environment.Job instance at 0x7f4caba9d5a0>,69,26,[1 9],70,-1,124,-1,98
1,<environment.Job instance at 0x7f4cab3285a0>,70,27,[13  5],71,-1,125,-1,98
1,<environment.Job instance at 0x7f4cab328190>,72,28,[ 4 13],73,-1,126,-1,98
1,<environment.Job instance at 0x7f4cab26e780>,73,19,[14  3],74,-1,117,-1,98
1,<environment.Job instance at 0x7f4caa8d8870>,75,27,[4 5],76,-1,131,-1,104
1,<environment.Job instance at 0x7f4cab26ec80>,76,26,[1 5],77,-1,130,-1,104
1,<environment.Job instance at 0x7f4caa8d8f50>,77,26,[ 2 11],78,-1,130,-1,104
1,<environment.Job instance at 0x7f4caac099b0>,80,16,[14  3],81,-1,127,-1,111
1,<environment.Job instance at 0x7f4caa6de820>,83,16,[13  5],84,-1,133,-1,117
1,<environment.Job instance at 0x7f4caa6deeb0>,84,26,[ 5 11],85,-1,143,-1,117
1,<environment.Job instance at 0x7f4caafc3190>,85,14,[ 5 13],86,-1,131,-1,117
1,<environment.Job instance at 0x7f4caa798410>,88,13,[ 5 11],89,-1,145,-1,132
1,<environment.Job instance at 0x7f4caab3daa0>,89,23,[3 6],90,-1,156,-1,133
1,<environment.Job instance at 0x7f4caab3deb0>,90,15,[14  4],91,-1,148,-1,133
1,<environment.Job instance at 0x7f4caab3dd20>,91,19,[ 3 11],92,-1,152,-1,133
1,<environment.Job instance at 0x7f4caab3d730>,92,18,[11  3],93,-1,151,-1,133
1,<environment.Job instance at 0x7f4caab3d690>,93,18,[14  4],94,-1,151,-1,133
1,<environment.Job instance at 0x7f4caab3d960>,95,28,[7 5],96,-1,161,-1,133
1,<environment.Job instance at 0x7f4caab306e0>,96,28,[2 9],97,-1,170,-1,142
1,<environment.Job instance at 0x7f4caab309b0>,98,12,[11  4],99,-1,154,-1,142
1,<environment.Job instance at 0x7f4caab304b0>,99,17,[ 2 11],100,-1,159,-1,142
1,<environment.Job instance at 0x7f4caab30140>,100,25,[2 8],101,-1,167,-1,142
1,<environment.Job instance at 0x7f4caab30500>,101,26,[ 3 11],102,-1,168,-1,142
1,<environment.Job instance at 0x7f4cab027e60>,105,23,[ 4 13],106,-1,165,-1,142
1,<environment.Job instance at 0x7f4cab786eb0>,108,14,[ 2 11],109,-1,171,-1,157
1,<environment.Job instance at 0x7f4caa7affa0>,109,28,[11  5],110,-1,185,-1,157
1,<environment.Job instance at 0x7f4caa856b40>,7,24,[9 5],8,-1,41,-1,17
1,<environment.Job instance at 0x7f4caa856c30>,6,27,[5 6],7,-1,51,-1,24
1,<environment.Job instance at 0x7f4caab3a1e0>,8,20,[ 3 14],9,-1,44,-1,24
1,<environment.Job instance at 0x7f4caa87a0a0>,16,26,[2 7],17,-1,52,-1,26
1,<environment.Job instance at 0x7f4caa856a00>,3,18,[13  5],4,-1,44,-1,26
1,<environment.Job instance at 0x7f4caac1e1e0>,0,14,[12  4],1,-1,15,-1,1
1,<environment.Job instance at 0x7f4caac1e5a0>,1,23,[5 2],2,-1,25,-1,2
1,<environment.Job instance at 0x7f4caac1e690>,2,16,[12  4],3,-1,19,-1,3
1,<environment.Job instance at 0x7f4cab810230>,3,18,[13  5],4,-1,22,-1,4
1,<environment.Job instance at 0x7f4cab810eb0>,4,23,[5 5],5,-1,28,-1,5
1,<environment.Job instance at 0x7f4cab810820>,5,18,[13  2],6,-1,24,-1,6
1,<environment.Job instance at 0x7f4caac29140>,6,27,[5 6],7,-1,34,-1,7
1,<environment.Job instance at 0x7f4caab264b0>,7,24,[9 5],8,-1,32,-1,8
1,<environment.Job instance at 0x7f4caab26410>,8,20,[ 3 14],9,-1,29,-1,9
1,<environment.Job instance at 0x7f4caab265f0>,9,20,[13  3],10,-1,30,-1,10
1,<environment.Job instance at 0x7f4caab265a0>,10,27,[ 5 12],11,-1,38,-1,11
1,<environment.Job instance at 0x7f4caac0e2d0>,12,14,[ 1 13],13,-1,27,-1,13
1,<environment.Job instance at 0x7f4caac0e730>,14,24,[12  4],15,-1,39,-1,15
1,<environment.Job instance at 0x7f4caac0e5a0>,15,13,[13  1],16,-1,29,-1,16
1,<environment.Job instance at 0x7f4caab26550>,17,25,[11  1],18,-1,43,-1,18
1,<environment.Job instance at 0x7f4caab2fa50>,18,24,[ 3 14],19,-1,43,-1,19
1,<environment.Job instance at 0x7f4caab2ff50>,19,26,[12  5],20,-1,46,-1,20
1,<environment.Job instance at 0x7f4caab0f410>,21,24,[11  1],22,-1,46,-1,22
1,<environment.Job instance at 0x7f4caab0f4b0>,22,25,[14  3],23,-1,48,-1,23
1,<environment.Job instance at 0x7f4caab0f320>,23,19,[11  3],24,-1,43,-1,24
1,<environment.Job instance at 0x7f4cab252550>,24,17,[12  2],25,-1,42,-1,25
1,<environment.Job instance at 0x7f4cab252be0>,25,23,[ 5 14],26,-1,49,-1,26
1,<environment.Job instance at 0x7f4caab2f7d0>,26,22,[ 4 11],27,-1,49,-1,27
1,<environment.Job instance at 0x7f4caac0e410>,16,26,[2 7],17,-1,55,-1,29
1,<environment.Job instance at 0x7f4caad80550>,31,15,[ 2 13],32,-1,47,-1,32
1,<environment.Job instance at 0x7f4caa6faaf0>,33,18,[ 3 13],34,-1,52,-1,34
1,<environment.Job instance at 0x7f4caa6fa8c0>,35,25,[12  4],36,-1,61,-1,36
1,<environment.Job instance at 0x7f4caa6cae60>,36,23,[8 3],37,-1,70,-1,47
1,<environment.Job instance at 0x7f4caa6ca820>,39,15,[13  3],40,-1,66,-1,51
1,<environment.Job instance at 0x7f4caa6f53c0>,40,17,[12  5],41,-1,68,-1,51
1,<environment.Job instance at 0x7f4caa78bb40>,41,28,[5 3],42,-1,79,-1,51
1,<environment.Job instance at 0x7f4cab786eb0>,42,27,[12  4],43,-1,78,-1,51
1,<environment.Job instance at 0x7f4caa6caf50>,43,24,[2 5],44,-1,75,-1,51
1,<environment.Job instance at 0x7f4cab027e60>,44,20,[ 3 13],45,-1,71,-1,51
1,<environment.Job instance at 0x7f4caa7affa0>,45,15,[12  1],46,-1,66,-1,51
1,<environment.Job instance at 0x7f4caa7afd70>,46,25,[7 2],47,-1,76,-1,51
1,<environment.Job instance at 0x7f4caa793a00>,48,16,[14  3],49,-1,67,-1,51
1,<environment.Job instance at 0x7f4caa793fa0>,49,16,[ 5 12],50,-1,67,-1,51
1,<environment.Job instance at 0x7f4caab30a00>,51,27,[12  3],52,-1,79,-1,52
1,<environment.Job instance at 0x7f4caab304b0>,53,21,[ 1 11],54,-1,84,-1,63
1,<environment.Job instance at 0x7f4caa798b90>,54,26,[11  5],55,-1,89,-1,63
1,<environment.Job instance at 0x7f4caab3d6e0>,57,28,[14  5],58,-1,98,-1,70
1,<environment.Job instance at 0x7f4caab3d690>,58,13,[13  5],59,-1,83,-1,70
1,<environment.Job instance at 0x7f4caab3d7d0>,59,22,[ 2 14],60,-1,92,-1,70
1,<environment.Job instance at 0x7f4caab3dfa0>,61,23,[12  5],62,-1,101,-1,78
1,<environment.Job instance at 0x7f4caab3d730>,62,16,[ 2 14],63,-1,94,-1,78
1,<environment.Job instance at 0x7f4caab3dd20>,60,27,[4 5],61,-1,106,-1,79
1,<environment.Job instance at 0x7f4caafc3730>,64,19,[14  5],65,-1,98,-1,79
1,<environment.Job instance at 0x7f4caafc3140>,65,18,[ 5 12],66,-1,97,-1,79
1,<environment.Job instance at 0x7f4caa6de820>,66,16,[ 2 11],67,-1,95,-1,79
1,<environment.Job instance at 0x7f4caab30370>,56,28,[ 5 10],57,-1,114,-1,86
1,<environment.Job instance at 0x7f4caa6de690>,68,13,[ 4 13],69,-1,99,-1,86
1,<environment.Job instance at 0x7f4caa8d8870>,70,19,[ 4 13],71,-1,105,-1,86
1,<environment.Job instance at 0x7f4caa8d8aa0>,71,14,[ 5 13],72,-1,100,-1,86
1,<environment.Job instance at 0x7f4caac098c0>,72,13,[ 5 12],73,-1,99,-1,86
1,<environment.Job instance at 0x7f4caa6def00>,69,27,[10  1],70,-1,121,-1,94
1,<environment.Job instance at 0x7f4caac09820>,74,25,[1 6],75,-1,119,-1,94
1,<environment.Job instance at 0x7f4cab26e640>,75,25,[ 5 13],76,-1,119,-1,94
1,<environment.Job instance at 0x7f4cab26e460>,76,16,[12  2],77,-1,110,-1,94
1,<environment.Job instance at 0x7f4caac09500>,73,23,[10  5],74,-1,117,-1,94
1,<environment.Job instance at 0x7f4caba9d780>,78,14,[ 5 13],79,-1,108,-1,94
1,<environment.Job instance at 0x7f4caaf6ea00>,80,27,[9 2],81,-1,121,-1,94
1,<environment.Job instance at 0x7f4caa6c54b0>,81,21,[14  2],82,-1,115,-1,94
1,<environment.Job instance at 0x7f4caa6c5140>,82,27,[11  3],83,-1,121,-1,94
1,<environment.Job instance at 0x7f4caa6c5960>,83,17,[14  5],84,-1,111,-1,94
1,<environment.Job instance at 0x7f4caa8c7780>,84,27,[10  4],85,-1,129,-1,102
1,<environment.Job instance at 0x7f4cabb66dc0>,86,25,[ 1 13],87,-1,127,-1,102
1,<environment.Job instance at 0x7f4caa514550>,87,27,[8 4],88,-1,129,-1,102
1,<environment.Job instance at 0x7f4cab1b5820>,89,23,[ 5 12],90,-1,125,-1,102
1,<environment.Job instance at 0x7f4caa7b7f50>,90,17,[12  2],91,-1,119,-1,102
1,<environment.Job instance at 0x7f4caa7b7550>,91,26,[ 2 12],92,-1,128,-1,102
1,<environment.Job instance at 0x7f4cabdbda50>,92,28,[4 7],93,-1,143,-1,115
1,<environment.Job instance at 0x7f4cab612e10>,94,20,[14  4],95,-1,135,-1,115
1,<environment.Job instance at 0x7f4cab784a50>,96,18,[13  2],97,-1,133,-1,115
1,<environment.Job instance at 0x7f4caab1b7d0>,97,18,[12  1],98,-1,133,-1,115
1,<environment.Job instance at 0x7f4caab355f0>,98,19,[ 3 11],99,-1,134,-1,115
1,<environment.Job instance at 0x7f4cab5eb050>,100,13,[ 4 11],101,-1,131,-1,118
1,<environment.Job instance at 0x7f4cab9b3eb0>,101,26,[ 2 12],102,-1,144,-1,118
1,<environment.Job instance at 0x7f4caac38820>,102,24,[13  2],103,-1,142,-1,118
1,<environment.Job instance at 0x7f4caac38e10>,103,23,[4 6],104,-1,141,-1,118
1,<environment.Job instance at 0x7f4caac38280>,104,25,[ 3 14],105,-1,143,-1,118
1,<environment.Job instance at 0x7f4caa8cfb90>,95,23,[9 4],96,-1,141,-1,118
1,<environment.Job instance at 0x7f4cabd7da50>,106,28,[11  3],107,-1,146,-1,118
1,<environment.Job instance at 0x7f4cabd7d230>,107,26,[14  1],108,-1,144,-1,118
1,<environment.Job instance at 0x7f4cab27cc80>,110,16,[13  3],111,-1,134,-1,118
1,<environment.Job instance at 0x7f4cabdb1f00>,111,28,[7 2],112,-1,146,-1,118
1,<environment.Job instance at 0x7f4caa5528c0>,112,17,[11  4],113,-1,135,-1,118
1,<environment.Job instance at 0x7f4cab27c820>,113,16,[ 2 12],114,-1,134,-1,118
1,<environment.Job instance at 0x7f4caae8a6e0>,114,27,[6 3],115,-1,145,-1,118
1,<environment.Job instance at 0x7f4caaea9730>,116,17,[ 5 11],117,-1,135,-1,118
1,<environment.Job instance at 0x7f4caaea9aa0>,117,16,[11  5],118,-1,134,-1,118
1,<environment.Job instance at 0x7f4caab805a0>,119,22,[14  3],120,-1,142,-1,120
1,<environment.Job instance at 0x7f4caae8abe0>,118,27,[7 3],119,-1,154,-1,127
1,<environment.Job instance at 0x7f4cabb8fe10>,122,17,[ 2 14],123,-1,144,-1,127
1,<environment.Job instance at 0x7f4cabb8fe60>,123,19,[ 1 12],124,-1,146,-1,127
1,<environment.Job instance at 0x7f4cab28a5f0>,125,17,[ 5 14],126,-1,151,-1,134
1,<environment.Job instance at 0x7f4cab24e730>,126,27,[12  5],127,-1,161,-1,134
1,<environment.Job instance at 0x7f4cab24e910>,127,16,[12  5],128,-1,150,-1,134
1,<environment.Job instance at 0x7f4cab80db40>,124,24,[8 3],125,-1,163,-1,139
1,<environment.Job instance at 0x7f4caac01a00>,129,17,[12  5],130,-1,156,-1,139
1,<environment.Job instance at 0x7f4cab77e410>,130,12,[12  4],131,-1,151,-1,139
1,<environment.Job instance at 0x7f4caa47ca00>,132,14,[ 1 11],133,-1,154,-1,140
1,<environment.Job instance at 0x7f4caac16190>,133,14,[ 1 11],134,-1,154,-1,140
1,<environment.Job instance at 0x7f4caac161e0>,134,24,[2 6],135,-1,179,-1,155
1,<environment.Job instance at 0x7f4caa47c910>,131,26,[2 8],132,-1,182,-1,156
1,<environment.Job instance at 0x7f4caac16eb0>,135,28,[4 9],136,-1,184,-1,156
1,<environment.Job instance at 0x7f4caac05e10>,138,17,[ 1 13],139,-1,173,-1,156
1,<environment.Job instance at 0x7f4caab3a3c0>,139,23,[3 7],140,-1,179,-1,156
1,<environment.Job instance at 0x7f4caab090a0>,140,12,[ 3 11],141,-1,168,-1,156
1,<environment.Job instance at 0x7f4caab09050>,141,25,[14  5],142,-1,181,-1,156
1,<environment.Job instance at 0x7f4caafc30a0>,1,22,[9 2],2,-1,25,-1,3
1,<environment.Job instance at 0x7f4caa7931e0>,2,19,[9 5],3,-1,22,-1,3
1,<environment.Job instance at 0x7f4caa514460>,7,16,[5 3],8,-1,24,-1,8
1,<environment.Job instance at 0x7f4caa7d01e0>,9,22,[2 6],10,-1,32,-1,10
1,<environment.Job instance at 0x7f4cab7653c0>,6,17,[2 7],7,-1,27,-1,10
1,<environment.Job instance at 0x7f4caa87a9b0>,0,14,[ 3 13],1,-1,15,-1,1
1,<environment.Job instance at 0x7f4caab090f0>,5,26,[12  1],6,-1,32,-1,6
1,<environment.Job instance at 0x7f4caaab4fa0>,10,27,[ 4 12],11,-1,51,-1,24
1,<environment.Job instance at 0x7f4cab28a5f0>,11,28,[11  3],12,-1,52,-1,24
1,<environment.Job instance at 0x7f4cab28aa50>,12,24,[ 3 12],13,-1,48,-1,24
1,<environment.Job instance at 0x7f4caac01a00>,13,14,[ 3 12],14,-1,38,-1,24
1,<environment.Job instance at 0x7f4caaf4b0f0>,14,13,[12  5],15,-1,37,-1,24
1,<environment.Job instance at 0x7f4cab80db40>,15,13,[12  1],16,-1,37,-1,24
1,<environment.Job instance at 0x7f4caaeb03c0>,16,18,[ 4 12],17,-1,42,-1,24
1,<environment.Job instance at 0x7f4cabb8fe10>,17,12,[13  3],18,-1,36,-1,24
1,<environment.Job instance at 0x7f4cab765280>,18,28,[14  1],19,-1,52,-1,24
1,<environment.Job instance at 0x7f4caaea9730>,21,18,[ 1 11],22,-1,42,-1,24
1,<environment.Job instance at 0x7f4caae8ad20>,24,24,[14  4],25,-1,49,-1,25
1,<environment.Job instance at 0x7f4cab9b3eb0>,27,24,[11  1],28,-1,61,-1,37
1,<environment.Job instance at 0x7f4cab27cb40>,28,26,[2 7],29,-1,64,-1,38
1,<environment.Job instance at 0x7f4cab27c820>,29,24,[14  2],30,-1,62,-1,38
1,<environment.Job instance at 0x7f4cab784a50>,30,23,[ 2 11],31,-1,61,-1,38
1,<environment.Job instance at 0x7f4cab612e10>,31,28,[ 1 11],32,-1,66,-1,38
1,<environment.Job instance at 0x7f4cab5e01e0>,34,24,[14  5],35,-1,76,-1,52
1,<environment.Job instance at 0x7f4cabccce60>,35,24,[8 3],36,-1,77,-1,53
1,<environment.Job instance at 0x7f4cabb66dc0>,36,16,[14  1],37,-1,69,-1,53
1,<environment.Job instance at 0x7f4caa7b7550>,38,25,[3 6],39,-1,91,-1,66
1,<environment.Job instance at 0x7f4caa7b70a0>,39,19,[ 4 14],40,-1,85,-1,66
1,<environment.Job instance at 0x7f4caa8e68c0>,40,28,[3 6],41,-1,94,-1,66
1,<environment.Job instance at 0x7f4caa8c7320>,41,24,[14  4],42,-1,90,-1,66
1,<environment.Job instance at 0x7f4caa6c5e10>,44,27,[ 5 12],45,-1,93,-1,66
1,<environment.Job instance at 0x7f4caba9d5a0>,46,16,[14  2],47,-1,85,-1,69
1,<environment.Job instance at 0x7f4caba9d2d0>,47,25,[ 4 14],48,-1,94,-1,69
1,<environment.Job instance at 0x7f4caa6c5140>,48,18,[ 2 11],49,-1,87,-1,69
1,<environment.Job instance at 0x7f4caa8e0230>,49,18,[ 1 13],50,-1,87,-1,69
1,<environment.Job instance at 0x7f4caa8c7780>,43,25,[7 5],44,-1,107,-1,82
1,<environment.Job instance at 0x7f4cab26ec80>,51,17,[13  3],52,-1,99,-1,82
1,<environment.Job instance at 0x7f4caac09500>,52,27,[2 5],53,-1,109,-1,82
1,<environment.Job instance at 0x7f4caac099b0>,53,19,[ 2 13],54,-1,101,-1,82
1,<environment.Job instance at 0x7f4caac09be0>,54,14,[14  5],55,-1,96,-1,82
1,<environment.Job instance at 0x7f4caa6de820>,55,26,[ 3 14],56,-1,108,-1,82
1,<environment.Job instance at 0x7f4caa6de910>,56,14,[13  5],57,-1,96,-1,82
1,<environment.Job instance at 0x7f4caa6de5a0>,57,15,[ 2 11],58,-1,97,-1,82
1,<environment.Job instance at 0x7f4caa798410>,59,24,[ 5 13],60,-1,106,-1,82
1,<environment.Job instance at 0x7f4caa798370>,60,22,[ 3 14],61,-1,104,-1,82
1,<environment.Job instance at 0x7f4caafc3910>,61,17,[13  4],62,-1,99,-1,82
1,<environment.Job instance at 0x7f4caab30f00>,63,15,[ 1 13],64,-1,97,-1,82
1,<environment.Job instance at 0x7f4caab30500>,64,19,[14  1],65,-1,101,-1,82
1,<environment.Job instance at 0x7f4caab306e0>,66,15,[13  5],67,-1,112,-1,97
1,<environment.Job instance at 0x7f4cab027e60>,67,15,[12  1],68,-1,112,-1,97
1,<environment.Job instance at 0x7f4caa793280>,68,17,[13  2],69,-1,114,-1,97
1,<environment.Job instance at 0x7f4caa6ca820>,69,21,[11  3],70,-1,118,-1,97
1,<environment.Job instance at 0x7f4caa793140>,70,23,[5 5],71,-1,120,-1,97
1,<environment.Job instance at 0x7f4caa6ca8c0>,71,14,[ 1 13],72,-1,111,-1,97
1,<environment.Job instance at 0x7f4caa6ca320>,73,25,[11  4],74,-1,122,-1,97
1,<environment.Job instance at 0x7f4caa6cad70>,75,25,[3 5],76,-1,122,-1,97
1,<environment.Job instance at 0x7f4caadbd410>,76,19,[11  4],77,-1,116,-1,97
1,<environment.Job instance at 0x7f4caadbda00>,77,19,[ 5 14],78,-1,116,-1,97
1,<environment.Job instance at 0x7f4caab002d0>,79,15,[14  3],80,-1,112,-1,97
1,<environment.Job instance at 0x7f4cab252f00>,80,14,[ 1 13],81,-1,111,-1,97
1,<environment.Job instance at 0x7f4cab252550>,81,25,[4 6],82,-1,122,-1,97
1,<environment.Job instance at 0x7f4caab00280>,82,25,[ 1 14],83,-1,122,-1,97
1,<environment.Job instance at 0x7f4caab2f2d0>,83,27,[ 2 11],84,-1,124,-1,97
1,<environment.Job instance at 0x7f4caab2f820>,84,17,[ 5 11],85,-1,114,-1,97
1,<environment.Job instance at 0x7f4caab26550>,85,21,[14  1],86,-1,118,-1,97
1,<environment.Job instance at 0x7f4caab260f0>,89,27,[13  1],90,-1,136,-1,109
1,<environment.Job instance at 0x7f4caab26410>,90,14,[11  3],91,-1,123,-1,109
1,<environment.Job instance at 0x7f4cab810280>,91,16,[13  4],92,-1,125,-1,109
1,<environment.Job instance at 0x7f4cab810230>,92,24,[12  4],93,-1,133,-1,109
1,<environment.Job instance at 0x7f4caac1e7d0>,94,15,[ 3 13],95,-1,127,-1,112
1,<environment.Job instance at 0x7f4cab5e4910>,97,12,[14  3],98,-1,136,-1,124
1,<environment.Job instance at 0x7f4caac1e690>,98,14,[11  3],99,-1,138,-1,124
1,<environment.Job instance at 0x7f4caaa8c1e0>,99,27,[ 1 13],100,-1,151,-1,124
1,<environment.Job instance at 0x7f4caaa8c280>,100,14,[ 5 12],101,-1,138,-1,124
1,<environment.Job instance at 0x7f4caac386e0>,104,14,[12  5],105,-1,169,-1,155
1,<environment.Job instance at 0x7f4caaf913c0>,1,16,[10  4],2,-1,19,-1,3
1,<environment.Job instance at 0x7f4cabb50910>,0,18,[13  5],1,-1,19,-1,1
1,<environment.Job instance at 0x7f4caad80b40>,3,13,[12  5],4,-1,17,-1,4
1,<environment.Job instance at 0x7f4caad80c30>,4,22,[14  3],5,-1,27,-1,5
1,<environment.Job instance at 0x7f4cab1ee320>,5,14,[ 2 11],6,-1,20,-1,6
1,<environment.Job instance at 0x7f4cabb505f0>,6,13,[ 5 11],7,-1,20,-1,7
1,<environment.Job instance at 0x7f4cab5da500>,8,27,[4 5],9,-1,36,-1,9
1,<environment.Job instance at 0x7f4caac1e140>,10,13,[ 3 13],11,-1,24,-1,11
1,<environment.Job instance at 0x7f4caab26550>,13,17,[13  5],14,-1,31,-1,14
1,<environment.Job instance at 0x7f4caab26280>,14,25,[11  3],15,-1,40,-1,15
1,<environment.Job instance at 0x7f4caab260f0>,15,16,[11  1],16,-1,32,-1,16
1,<environment.Job instance at 0x7f4caab265f0>,17,13,[ 5 12],18,-1,31,-1,18
1,<environment.Job instance at 0x7f4caab2f2d0>,18,25,[1 6],19,-1,45,-1,20
1,<environment.Job instance at 0x7f4cab252f00>,19,21,[ 4 13],20,-1,41,-1,20
1,<environment.Job instance at 0x7f4cab252be0>,20,19,[11  3],21,-1,40,-1,21
1,<environment.Job instance at 0x7f4caab002d0>,21,14,[ 1 11],22,-1,36,-1,22
1,<environment.Job instance at 0x7f4caab00280>,22,25,[ 1 12],23,-1,48,-1,23
1,<environment.Job instance at 0x7f4caa6de820>,23,20,[12  4],24,-1,44,-1,24
1,<environment.Job instance at 0x7f4caa6de230>,26,23,[ 2 14],27,-1,50,-1,27
1,<environment.Job instance at 0x7f4caa6de910>,27,27,[ 3 13],28,-1,55,-1,28
1,<environment.Job instance at 0x7f4caa8c7c30>,28,12,[ 2 13],29,-1,41,-1,29
1,<environment.Job instance at 0x7f4caa6de690>,24,23,[5 1],25,-1,53,-1,30
1,<environment.Job instance at 0x7f4cab784a50>,29,19,[ 1 14],30,-1,49,-1,30
1,<environment.Job instance at 0x7f4caab1b7d0>,32,16,[13  5],33,-1,49,-1,33
1,<environment.Job instance at 0x7f4caaea9730>,35,12,[12  2],36,-1,58,-1,46
1,<environment.Job instance at 0x7f4cab80dc30>,37,24,[ 3 11],38,-1,70,-1,46
1,<environment.Job instance at 0x7f4cab80db40>,38,26,[6 5],39,-1,86,-1,60
1,<environment.Job instance at 0x7f4cab77e1e0>,40,27,[1 5],41,-1,87,-1,60
1,<environment.Job instance at 0x7f4caaf330a0>,42,17,[12  2],43,-1,77,-1,60
1,<environment.Job instance at 0x7f4caac27140>,43,23,[6 1],44,-1,97,-1,74
1,<environment.Job instance at 0x7f4cab7f60a0>,45,20,[ 1 14],46,-1,94,-1,74
1,<environment.Job instance at 0x7f4caa5ce0a0>,46,19,[ 1 11],47,-1,93,-1,74
1,<environment.Job instance at 0x7f4caa5ce410>,48,27,[10  2],49,-1,115,-1,88
1,<environment.Job instance at 0x7f4caa5cefa0>,47,24,[5 8],48,-1,112,-1,88
1,<environment.Job instance at 0x7f4caa5ce500>,50,27,[ 3 12],51,-1,115,-1,88
1,<environment.Job instance at 0x7f4caa5ce5f0>,51,18,[ 3 12],52,-1,106,-1,88
1,<environment.Job instance at 0x7f4caa5ce960>,52,13,[14  2],53,-1,101,-1,88
1,<environment.Job instance at 0x7f4caaa7cbe0>,55,19,[ 1 14],56,-1,110,-1,91
1,<environment.Job instance at 0x7f4caaa7c870>,57,28,[14  1],58,-1,132,-1,104
1,<environment.Job instance at 0x7f4caaa7c050>,58,23,[1 6],59,-1,129,-1,106
1,<environment.Job instance at 0x7f4caaa7c280>,61,17,[11  2],62,-1,123,-1,106
1,<environment.Job instance at 0x7f4caaa7cd20>,59,27,[9 4],60,-1,148,-1,121
1,<environment.Job instance at 0x7f4caaa7c500>,65,23,[2 5],66,-1,156,-1,133
1,<environment.Job instance at 0x7f4caaa7cb90>,66,18,[13  4],67,-1,151,-1,133
1,<environment.Job instance at 0x7f4cab5730f0>,67,23,[2 8],68,-1,156,-1,133
1,<environment.Job instance at 0x7f4cab573280>,69,18,[13  2],70,-1,151,-1,133
1,<environment.Job instance at 0x7f4cab573050>,70,23,[5 6],71,-1,156,-1,133
1,<environment.Job instance at 0x7f4cab5731e0>,71,15,[14  5],72,-1,148,-1,133
1,<environment.Job instance at 0x7f4cab573140>,72,15,[12  2],73,-1,148,-1,133
1,<environment.Job instance at 0x7f4cab573b40>,73,24,[3 6],74,-1,157,-1,133
1,<environment.Job instance at 0x7f4cab5739b0>,75,28,[ 3 14],76,-1,161,-1,133
1,<environment.Job instance at 0x7f4cab5730a0>,76,22,[13  2],77,-1,155,-1,133
1,<environment.Job instance at 0x7f4cab1bf320>,77,12,[13  5],78,-1,145,-1,133
1,<environment.Job instance at 0x7f4cab1bf2d0>,79,17,[12  1],80,-1,151,-1,134
1,<environment.Job instance at 0x7f4cab1bfeb0>,81,22,[ 2 12],82,-1,158,-1,136
1,<environment.Job instance at 0x7f4cab1bfa00>,82,15,[ 4 13],83,-1,151,-1,136
1,<environment.Job instance at 0x7f4cab1bf640>,83,28,[7 2],84,-1,176,-1,148
1,<environment.Job instance at 0x7f4caad903c0>,84,24,[6 2],85,-1,172,-1,148
1,<environment.Job instance at 0x7f4cb4354b90>,1,23,[7 5],2,-1,25,-1,2
1,<environment.Job instance at 0x7f4cab7c2460>,2,15,[5 7],3,-1,18,-1,3
1,<environment.Job instance at 0x7f4caab79be0>,15,20,[2 5],16,-1,36,-1,16
1,<environment.Job instance at 0x7f4caab79d70>,14,25,[14  5],15,-1,41,-1,16
1,<environment.Job instance at 0x7f4cabdd9050>,1,23,[7 5],2,-1,25,-1,2
1,<environment.Job instance at 0x7f4cabdd9cd0>,3,17,[11  4],4,-1,21,-1,4
1,<environment.Job instance at 0x7f4caa96ceb0>,4,14,[12  3],5,-1,19,-1,5
1,<environment.Job instance at 0x7f4cabdd9780>,6,14,[ 4 14],7,-1,21,-1,7
1,<environment.Job instance at 0x7f4caa96c8c0>,7,25,[10  4],8,-1,41,-1,16
1,<environment.Job instance at 0x7f4caa96c5a0>,11,27,[11  4],12,-1,43,-1,16
1,<environment.Job instance at 0x7f4caa96c3c0>,14,25,[14  5],15,-1,43,-1,18
1,<environment.Job instance at 0x7f4caa96c7d0>,16,15,[ 3 14],17,-1,33,-1,18
1,<environment.Job instance at 0x7f4caa96c370>,17,15,[13  3],18,-1,33,-1,18
1,<environment.Job instance at 0x7f4cab2aa320>,18,26,[4 6],19,-1,54,-1,28
1,<environment.Job instance at 0x7f4cab2aaf00>,21,14,[ 5 13],22,-1,42,-1,28
1,<environment.Job instance at 0x7f4cab2aa5a0>,24,27,[ 4 11],25,-1,68,-1,41
1,<environment.Job instance at 0x7f4cab2aae10>,25,18,[12  2],26,-1,59,-1,41
1,<environment.Job instance at 0x7f4cab2aa640>,26,24,[ 2 13],27,-1,65,-1,41
1,<environment.Job instance at 0x7f4cab2aa0f0>,27,13,[ 1 11],28,-1,54,-1,41
1,<environment.Job instance at 0x7f4cab7b08c0>,32,15,[13  2],33,-1,68,-1,53
1,<environment.Job instance at 0x7f4cab7b0910>,34,16,[ 1 12],35,-1,75,-1,59
1,<environment.Job instance at 0x7f4cab7b0f50>,33,23,[ 1 10],34,-1,90,-1,67
1,<environment.Job instance at 0x7f4cab7b0dc0>,36,24,[ 1 10],37,-1,91,-1,67
1,<environment.Job instance at 0x7f4caa5a2aa0>,38,16,[12  1],39,-1,83,-1,67
1,<environment.Job instance at 0x7f4caa5a26e0>,40,15,[13  3],41,-1,82,-1,67
1,<environment.Job instance at 0x7f4caa5a22d0>,42,17,[ 5 13],43,-1,84,-1,67
1,<environment.Job instance at 0x7f4caa7435f0>,43,22,[14  1],44,-1,89,-1,67
1,<environment.Job instance at 0x7f4caa743140>,45,24,[14  5],46,-1,101,-1,77
1,<environment.Job instance at 0x7f4caa743730>,46,25,[ 3 14],47,-1,102,-1,77
1,<environment.Job instance at 0x7f4cab7b09b0>,35,24,[10  2],36,-1,104,-1,80
1,<environment.Job instance at 0x7f4caa743f00>,47,25,[6 2],48,-1,105,-1,80
1,<environment.Job instance at 0x7f4caa7430a0>,52,17,[14  4],53,-1,110,-1,93
1,<environment.Job instance at 0x7f4caad90190>,55,13,[ 5 14],56,-1,123,-1,110
1,<environment.Job instance at 0x7f4caad90050>,56,13,[14  5],57,-1,123,-1,110
1,<environment.Job instance at 0x7f4caad90b40>,57,15,[ 4 11],58,-1,125,-1,110
1,<environment.Job instance at 0x7f4caad90550>,58,13,[11  2],59,-1,123,-1,110
1,<environment.Job instance at 0x7f4caa743af0>,53,27,[2 7],54,-1,138,-1,111
1,<environment.Job instance at 0x7f4caad90730>,63,17,[ 5 13],64,-1,150,-1,133
1,<environment.Job instance at 0x7f4caad90cd0>,64,18,[ 1 13],65,-1,151,-1,133
1,<environment.Job instance at 0x7f4caad90fa0>,65,14,[12  3],66,-1,147,-1,133
1,<environment.Job instance at 0x7f4caad90e10>,66,28,[ 1 12],67,-1,161,-1,133
1,<environment.Job instance at 0x7f4cab1bf820>,67,24,[ 2 10],68,-1,171,-1,147
1,<environment.Job instance at 0x7f4cab1bf190>,70,25,[14  2],71,-1,172,-1,147
1,<environment.Job instance at 0x7fc14b7ebb90>,2,20,[7 4],3,-1,23,-1,3
1,<environment.Job instance at 0x7fc14b7ef5a0>,15,20,[ 3 12],16,-1,68,-1,48
1,<environment.Job instance at 0x7fc14b98c730>,3,13,[12  4],4,-1,17,-1,4
1,<environment.Job instance at 0x7fc14baa0910>,5,24,[ 2 14],6,-1,30,-1,6
1,<environment.Job instance at 0x7fc154e35870>,6,15,[ 2 14],7,-1,22,-1,7
1,<environment.Job instance at 0x7fc14b7ebcd0>,8,20,[ 4 13],9,-1,29,-1,9
1,<environment.Job instance at 0x7fc14b7e3aa0>,9,16,[12  1],10,-1,26,-1,10
1,<environment.Job instance at 0x7fc14b7eb910>,4,24,[7 2],5,-1,42,-1,18
1,<environment.Job instance at 0x7fc14b7e3c30>,12,28,[ 1 14],13,-1,46,-1,18
1,<environment.Job instance at 0x7fc14b7e3cd0>,14,15,[14  4],15,-1,33,-1,18
1,<environment.Job instance at 0x7fc14b87f0f0>,15,20,[ 3 12],16,-1,38,-1,18
1,<environment.Job instance at 0x7fc14b7f9550>,1,24,[10  1],2,-1,47,-1,23
1,<environment.Job instance at 0x7fc14b907550>,17,19,[12  4],18,-1,42,-1,23
1,<environment.Job instance at 0x7fc14b87e5a0>,18,18,[13  1],19,-1,41,-1,23
1,<environment.Job instance at 0x7fc14b98d820>,19,23,[8 4],20,-1,46,-1,23
1,<environment.Job instance at 0x7fc14b999370>,20,17,[ 2 14],21,-1,40,-1,23
1,<environment.Job instance at 0x7fc14b7e3050>,21,14,[ 4 11],22,-1,37,-1,23
1,<environment.Job instance at 0x7fc14b7e3b90>,7,26,[9 3],8,-1,49,-1,23
1,<environment.Job instance at 0x7fc14b8c1230>,16,28,[5 1],17,-1,51,-1,23
1,<environment.Job instance at 0x7fc14bcbbbe0>,23,16,[12  2],24,-1,40,-1,24
1,<environment.Job instance at 0x7fc14b910820>,27,17,[ 4 12],28,-1,50,-1,33
1,<environment.Job instance at 0x7fc14b9109b0>,28,17,[ 1 13],29,-1,50,-1,33
1,<environment.Job instance at 0x7fc14b9934b0>,29,24,[ 4 13],30,-1,57,-1,33
1,<environment.Job instance at 0x7fc14b90f320>,30,26,[11  4],31,-1,59,-1,33
1,<environment.Job instance at 0x7fc14b90f8c0>,31,28,[ 2 10],32,-1,61,-1,33
1,<environment.Job instance at 0x7fc14b993410>,25,24,[5 7],26,-1,57,-1,33
1,<environment.Job instance at 0x7fc14b916960>,33,28,[6 4],34,-1,64,-1,36
1,<environment.Job instance at 0x7fc14b916af0>,34,24,[5 5],35,-1,60,-1,36
1,<environment.Job instance at 0x7fc14b8f4640>,37,14,[ 5 14],38,-1,52,-1,38
1,<environment.Job instance at 0x7fc14b890e60>,38,24,[13  2],39,-1,63,-1,39
1,<environment.Job instance at 0x7fc14b890dc0>,40,26,[ 1 14],41,-1,71,-1,45
1,<environment.Job instance at 0x7fc14b8be4b0>,42,12,[ 5 12],43,-1,57,-1,45
1,<environment.Job instance at 0x7fc14b8f91e0>,44,12,[11  3],45,-1,64,-1,52
1,<environment.Job instance at 0x7fc14b8f9f00>,45,12,[ 3 14],46,-1,64,-1,52
1,<environment.Job instance at 0x7fc14b998370>,47,14,[12  2],48,-1,71,-1,57
1,<environment.Job instance at 0x7fc14b9980f0>,48,14,[ 1 11],49,-1,71,-1,57
1,<environment.Job instance at 0x7fc14b8ad370>,50,13,[ 4 12],51,-1,81,-1,68
1,<environment.Job instance at 0x7fc14b8ad410>,52,21,[14  2],53,-1,89,-1,68
1,<environment.Job instance at 0x7fc14b8ad5f0>,55,12,[ 2 12],56,-1,99,-1,87
1,<environment.Job instance at 0x7fc14b8ad190>,57,16,[ 2 11],58,-1,104,-1,88
1,<environment.Job instance at 0x7fc14b972050>,58,17,[ 3 13],59,-1,105,-1,88
1,<environment.Job instance at 0x7fc14b8dd140>,60,28,[2 6],61,-1,116,-1,88
1,<environment.Job instance at 0x7fc14b876fa0>,61,23,[13  5],62,-1,111,-1,88
1,<environment.Job instance at 0x7fc14b8ade10>,62,14,[ 4 11],63,-1,102,-1,88
1,<environment.Job instance at 0x7fc14b8f7eb0>,64,24,[2 8],65,-1,112,-1,88
1,<environment.Job instance at 0x7fc14b8f7190>,65,26,[5 5],66,-1,126,-1,100
1,<environment.Job instance at 0x7fc14b8f7dc0>,66,17,[ 4 12],67,-1,117,-1,100
1,<environment.Job instance at 0x7fc14b8fac80>,69,26,[1 7],70,-1,126,-1,100
1,<environment.Job instance at 0x7fc14b8accd0>,72,28,[11  1],73,-1,141,-1,113
1,<environment.Job instance at 0x7fc14b8a8f00>,79,14,[12  1],80,-1,172,-1,158
1,<environment.Job instance at 0x7fc14b8a81e0>,80,19,[12  3],81,-1,177,-1,158
1,<environment.Job instance at 0x7fc14af40550>,2,17,[4 7],3,-1,21,-1,4
1,<environment.Job instance at 0x7fc14af409b0>,5,24,[3 7],6,-1,30,-1,6
1,<environment.Job instance at 0x7fc14af404b0>,6,19,[3 8],7,-1,26,-1,7
1,<environment.Job instance at 0x7fc14b808a50>,3,13,[5 7],4,-1,22,-1,9
1,<environment.Job instance at 0x7fc14b016050>,0,24,[ 4 11],1,-1,25,-1,1
1,<environment.Job instance at 0x7fc14b143e10>,4,25,[14  5],5,-1,30,-1,5
1,<environment.Job instance at 0x7fc14b016690>,7,17,[11  1],8,-1,25,-1,8
1,<environment.Job instance at 0x7fc14af99a00>,8,27,[ 3 13],9,-1,36,-1,9
1,<environment.Job instance at 0x7fc14b047af0>,5,24,[3 7],6,-1,40,-1,16
1,<environment.Job instance at 0x7fc14b047820>,11,19,[11  4],12,-1,35,-1,16
1,<environment.Job instance at 0x7fc14af99f50>,12,24,[4 9],13,-1,40,-1,16
1,<environment.Job instance at 0x7fc14af99fa0>,13,25,[13  2],14,-1,41,-1,16
1,<environment.Job instance at 0x7fc14af9d9b0>,14,23,[6 4],15,-1,39,-1,16
1,<environment.Job instance at 0x7fc14af9da50>,15,22,[12  2],16,-1,38,-1,16
1,<environment.Job instance at 0x7fc14af998c0>,10,26,[3 9],11,-1,42,-1,16
1,<environment.Job instance at 0x7fc14afa6910>,18,13,[ 3 11],19,-1,32,-1,19
1,<environment.Job instance at 0x7fc14afa62d0>,19,14,[14  1],20,-1,34,-1,20
1,<environment.Job instance at 0x7fc14afa9050>,20,14,[12  1],21,-1,35,-1,21
1,<environment.Job instance at 0x7fc14afa9870>,21,17,[12  4],22,-1,39,-1,22
1,<environment.Job instance at 0x7fc14afa9aa0>,24,16,[ 4 14],25,-1,42,-1,26
1,<environment.Job instance at 0x7fc14afb4a50>,29,14,[14  2],30,-1,55,-1,41
1,<environment.Job instance at 0x7fc14afb42d0>,30,13,[12  2],31,-1,54,-1,41
1,<environment.Job instance at 0x7fc14afb8690>,31,27,[3 6],32,-1,68,-1,41
1,<environment.Job instance at 0x7fc14afbc230>,35,13,[12  2],36,-1,68,-1,55
1,<environment.Job instance at 0x7fc14afbcb90>,37,14,[11  1],38,-1,69,-1,55
1,<environment.Job instance at 0x7fc14afbcbe0>,38,24,[12  2],39,-1,79,-1,55
1,<environment.Job instance at 0x7fc14afbc9b0>,39,20,[12  3],40,-1,75,-1,55
1,<environment.Job instance at 0x7fc14b1f3140>,41,15,[11  5],42,-1,73,-1,58
1,<environment.Job instance at 0x7fc14afbceb0>,42,19,[14  4],43,-1,77,-1,58
1,<environment.Job instance at 0x7fc14afc9b40>,43,17,[ 3 12],44,-1,75,-1,58
1,<environment.Job instance at 0x7fc14afc07d0>,45,19,[ 4 14],46,-1,77,-1,58
1,<environment.Job instance at 0x7fc14afc0820>,46,16,[ 5 12],47,-1,74,-1,58
1,<environment.Job instance at 0x7fc14b18ac30>,47,21,[ 1 12],48,-1,79,-1,58
1,<environment.Job instance at 0x7fc14b163e10>,48,16,[ 1 14],49,-1,74,-1,58
1,<environment.Job instance at 0x7fc14b1969b0>,49,18,[ 1 14],50,-1,76,-1,58
1,<environment.Job instance at 0x7fc14affa320>,51,17,[14  5],52,-1,87,-1,70
1,<environment.Job instance at 0x7fc14afc0870>,50,23,[1 9],51,-1,94,-1,71
1,<environment.Job instance at 0x7fc14affa5f0>,53,25,[11  3],54,-1,96,-1,71
1,<environment.Job instance at 0x7fc14affa690>,54,15,[14  2],55,-1,86,-1,71
1,<environment.Job instance at 0x7fc14affae10>,55,18,[11  1],56,-1,89,-1,71
1,<environment.Job instance at 0x7fc14affa050>,57,17,[12  1],58,-1,88,-1,71
1,<environment.Job instance at 0x7fc14b13ad70>,58,20,[12  2],59,-1,91,-1,71
1,<environment.Job instance at 0x7fc14afbc280>,36,27,[10  5],37,-1,115,-1,88
1,<environment.Job instance at 0x7fc14afee8c0>,61,13,[ 4 11],62,-1,102,-1,89
1,<environment.Job instance at 0x7fc14afb1370>,62,16,[14  3],63,-1,105,-1,89
1,<environment.Job instance at 0x7fc14affa2d0>,52,25,[4 8],53,-1,116,-1,91
1,<environment.Job instance at 0x7fc14b029690>,65,14,[ 1 13],66,-1,106,-1,92
1,<environment.Job instance at 0x7fc14b2158c0>,68,19,[13  1],69,-1,123,-1,104
1,<environment.Job instance at 0x7fc14b135fa0>,69,20,[ 1 12],70,-1,124,-1,104
1,<environment.Job instance at 0x7fc14b013370>,71,24,[7 2],72,-1,144,-1,120
1,<environment.Job instance at 0x7fc14b013960>,72,13,[ 5 11],73,-1,133,-1,120
1,<environment.Job instance at 0x7fc14b013190>,73,13,[14  1],74,-1,133,-1,120
1,<environment.Job instance at 0x7fc14b013460>,74,12,[ 5 12],75,-1,132,-1,120
1,<environment.Job instance at 0x7fc14b139fa0>,77,27,[6 1],78,-1,160,-1,133
1,<environment.Job instance at 0x7fc14b013af0>,78,27,[ 4 13],79,-1,160,-1,133
1,<environment.Job instance at 0x7fc14b013870>,79,14,[12  3],80,-1,147,-1,133
1,<environment.Job instance at 0x7fc14afdb5f0>,80,27,[11  1],81,-1,160,-1,133
1,<environment.Job instance at 0x7fc14afdbaa0>,81,24,[6 2],82,-1,157,-1,133
1,<environment.Job instance at 0x7fc14afdb730>,85,27,[ 5 14],86,-1,173,-1,146
1,<environment.Job instance at 0x7fc14afdb690>,84,23,[1 8],85,-1,172,-1,149
1,<environment.Job instance at 0x7fc14b145f00>,87,27,[5 1],88,-1,176,-1,149
1,<environment.Job instance at 0x7fc14af5b500>,88,26,[ 2 13],89,-1,175,-1,149
1,<environment.Job instance at 0x7fc14af5e7d0>,89,28,[14  4],90,-1,177,-1,149
1,<environment.Job instance at 0x7fc14af5e780>,90,27,[3 9],91,-1,176,-1,149
1,<environment.Job instance at 0x7fc14b13b2d0>,91,20,[ 4 11],92,-1,169,-1,149
1,<environment.Job instance at 0x7fc14b035050>,92,15,[14  1],93,-1,164,-1,149
1,<environment.Job instance at 0x7fc14af66370>,94,27,[1 5],95,-1,176,-1,149
1,<environment.Job instance at 0x7fc14b035190>,95,26,[11  3],96,-1,175,-1,149
1,<environment.Job instance at 0x7fc14af69640>,96,25,[11  3],97,-1,174,-1,149
1,<environment.Job instance at 0x7fc14af6d320>,99,25,[ 3 13],100,-1,188,-1,163
1,<environment.Job instance at 0x7fc14af6d190>,100,19,[11  3],101,-1,182,-1,163
1,<environment.Job instance at 0x7fc14ae117d0>,3,17,[5 9],4,-1,21,-1,4
1,<environment.Job instance at 0x7fc14ae116e0>,6,28,[5 6],7,-1,35,-1,7
1,<environment.Job instance at 0x7fc154fa8be0>,8,13,[12  1],9,-1,24,-1,11
1,<environment.Job instance at 0x7fc14ae11500>,11,14,[ 2 14],12,-1,26,-1,12
1,<environment.Job instance at 0x7fc14ae11960>,12,27,[1 8],13,-1,40,-1,13
1,<environment.Job instance at 0x7fc14ae11cd0>,5,21,[ 4 14],6,-1,35,-1,14
1,<environment.Job instance at 0x7fc14ae115f0>,13,26,[7 4],14,-1,43,-1,17
1,<environment.Job instance at 0x7fc14ae11730>,7,20,[ 2 11],8,-1,37,-1,17
1,<environment.Job instance at 0x7fc14ae110a0>,16,24,[6 3],17,-1,42,-1,18
1,<environment.Job instance at 0x7fc14ae11c30>,18,14,[3 6],19,-1,33,-1,19
1,<environment.Job instance at 0x7fc14ae11550>,10,23,[ 4 11],11,-1,43,-1,20
1,<environment.Job instance at 0x7fc14ae11870>,15,25,[5 2],16,-1,46,-1,21
1,<environment.Job instance at 0x7fc14ae11140>,26,21,[ 5 10],27,-1,66,-1,45
1,<environment.Job instance at 0x7fc14ae95aa0>,27,23,[9 5],28,-1,68,-1,45
1,<environment.Job instance at 0x7fc14ae111e0>,23,27,[ 3 11],24,-1,72,-1,45
1,<environment.Job instance at 0x7fc14ae95a00>,25,21,[ 5 12],26,-1,66,-1,45
1,<environment.Job instance at 0x7fc14ae95730>,29,22,[2 5],30,-1,67,-1,45
1,<environment.Job instance at 0x7fc14ae95c30>,31,25,[12  5],32,-1,70,-1,45
1,<environment.Job instance at 0x7fc14ae95af0>,32,24,[6 4],33,-1,69,-1,45
1,<environment.Job instance at 0x7fc14ae11460>,14,20,[14  3],15,-1,66,-1,46
1,<environment.Job instance at 0x7fc14ae11aa0>,17,25,[ 2 14],18,-1,71,-1,46
1,<environment.Job instance at 0x7fc14ae95b90>,33,19,[ 2 11],34,-1,65,-1,46
1,<environment.Job instance at 0x7fc14ae95640>,34,23,[13  3],35,-1,69,-1,46
1,<environment.Job instance at 0x7fc14ae95a50>,28,16,[5 2],29,-1,62,-1,46
1,<environment.Job instance at 0x7fc14ae95d20>,35,13,[5 5],36,-1,59,-1,46
1,<environment.Job instance at 0x7fc14ae95280>,37,25,[4 9],38,-1,71,-1,46
1,<environment.Job instance at 0x7fc14ae95be0>,36,20,[7 1],37,-1,66,-1,46
1,<environment.Job instance at 0x7fc14ae953c0>,38,26,[6 1],39,-1,72,-1,46
1,<environment.Job instance at 0x7fc14ae95d70>,39,28,[5 9],40,-1,74,-1,46
1,<environment.Job instance at 0x7fc14ae95f50>,41,20,[5 5],42,-1,67,-1,47
1,<environment.Job instance at 0x7fc14ae955a0>,42,23,[10  5],43,-1,70,-1,47
1,<environment.Job instance at 0x7fc14ae95820>,44,17,[12  4],45,-1,64,-1,47
1,<environment.Job instance at 0x7fc14ae110f0>,22,27,[12  1],23,-1,78,-1,51
1,<environment.Job instance at 0x7fc14ae958c0>,30,12,[ 1 10],31,-1,63,-1,51
1,<environment.Job instance at 0x7fc14ae8bd70>,45,17,[7 4],46,-1,69,-1,52
1,<environment.Job instance at 0x7fc14ae95460>,40,24,[4 8],41,-1,80,-1,56
1,<environment.Job instance at 0x7fc14ae95410>,43,24,[12  1],44,-1,80,-1,56
1,<environment.Job instance at 0x7fc14ae8b280>,46,27,[13  3],47,-1,83,-1,56
1,<environment.Job instance at 0x7fc14ae8beb0>,52,18,[10  5],53,-1,75,-1,57
1,<environment.Job instance at 0x7fc14ae8b4b0>,48,17,[ 1 11],49,-1,74,-1,57
1,<environment.Job instance at 0x7fc14ae8bfa0>,53,25,[8 3],54,-1,82,-1,57
1,<environment.Job instance at 0x7fc14ae8bf50>,50,19,[12  4],51,-1,76,-1,57
1,<environment.Job instance at 0x7fc14ae8b0a0>,55,28,[ 3 11],56,-1,85,-1,57
1,<environment.Job instance at 0x7fc14ae8be10>,51,14,[ 5 12],52,-1,72,-1,58
1,<environment.Job instance at 0x7fc14ae8ba00>,56,15,[13  4],57,-1,73,-1,58
1,<environment.Job instance at 0x7fc14ae8b6e0>,54,16,[ 2 11],55,-1,74,-1,58
1,<environment.Job instance at 0x7fc14ae8b410>,60,27,[14  3],61,-1,90,-1,63
1,<environment.Job instance at 0x7fc14ae8b460>,59,16,[4 5],60,-1,80,-1,64
1,<environment.Job instance at 0x7fc14ae18fa0>,63,15,[11  2],64,-1,80,-1,65
1,<environment.Job instance at 0x7fc14ae8b500>,58,16,[14  5],59,-1,81,-1,65
1,<environment.Job instance at 0x7fc14ae8bb90>,64,13,[ 1 12],65,-1,78,-1,65
1,<environment.Job instance at 0x7fc14ae8b910>,61,18,[ 1 14],62,-1,83,-1,65
1,<environment.Job instance at 0x7fc14ae186e0>,66,28,[5 7],67,-1,95,-1,67
1,<environment.Job instance at 0x7fc14ae18280>,67,16,[ 4 11],68,-1,84,-1,68
1,<environment.Job instance at 0x7fc14ae181e0>,68,17,[13  3],69,-1,86,-1,69
1,<environment.Job instance at 0x7fc14ae18640>,69,22,[ 3 11],70,-1,92,-1,70
1,<environment.Job instance at 0x7fc14ae185a0>,70,20,[4 9],71,-1,91,-1,71
1,<environment.Job instance at 0x7fc14ae18960>,65,13,[5 6],66,-1,85,-1,72
1,<environment.Job instance at 0x7fc14ae187d0>,74,13,[12  4],75,-1,101,-1,88
1,<environment.Job instance at 0x7fc14ae185f0>,75,23,[9 4],76,-1,125,-1,102
1,<environment.Job instance at 0x7fc14ae18eb0>,80,27,[9 5],81,-1,130,-1,103
1,<environment.Job instance at 0x7fc14ae8b730>,57,24,[2 7],58,-1,127,-1,103
1,<environment.Job instance at 0x7fc14ae84a00>,85,21,[ 4 10],86,-1,124,-1,103
1,<environment.Job instance at 0x7fc14ae846e0>,86,23,[2 8],87,-1,126,-1,103
1,<environment.Job instance at 0x7fc14ae84b40>,87,25,[11  1],88,-1,164,-1,139
1,<environment.Job instance at 0x7fc14ae18cd0>,73,27,[12  4],74,-1,168,-1,141
1,<environment.Job instance at 0x7fc14b1635a0>,0,17,[12  2],1,-1,18,-1,1
1,<environment.Job instance at 0x7fc14b163a00>,1,26,[6 2],2,-1,28,-1,2
1,<environment.Job instance at 0x7fc14b163e10>,2,23,[5 8],3,-1,26,-1,3
1,<environment.Job instance at 0x7fc14b163550>,5,21,[ 4 14],6,-1,27,-1,6
1,<environment.Job instance at 0x7fc14c2e3e60>,7,20,[ 2 11],8,-1,28,-1,8
1,<environment.Job instance at 0x7fc14b3035f0>,8,13,[12  1],9,-1,22,-1,9
1,<environment.Job instance at 0x7fc14b185190>,9,12,[14  3],10,-1,22,-1,10
1,<environment.Job instance at 0x7fc14b185050>,10,23,[ 4 11],11,-1,34,-1,11
1,<environment.Job instance at 0x7fc14b1859b0>,11,14,[ 2 14],12,-1,26,-1,12
1,<environment.Job instance at 0x7fc14b163730>,14,20,[14  3],15,-1,35,-1,15
1,<environment.Job instance at 0x7fc14b3035a0>,6,28,[5 6],7,-1,49,-1,21
1,<environment.Job instance at 0x7fc14b1f38c0>,17,25,[ 2 14],18,-1,46,-1,21
1,<environment.Job instance at 0x7fc14b185460>,12,27,[1 8],13,-1,48,-1,21
1,<environment.Job instance at 0x7fc14b23fa50>,13,26,[7 4],14,-1,47,-1,21
1,<environment.Job instance at 0x7fc14b1f1820>,20,28,[8 2],21,-1,49,-1,21
1,<environment.Job instance at 0x7fc1549c1640>,15,25,[5 2],16,-1,46,-1,21
1,<environment.Job instance at 0x7fc14bbfd730>,16,24,[6 3],17,-1,45,-1,21
1,<environment.Job instance at 0x7fc14b1f1d20>,21,26,[14  3],22,-1,48,-1,22
1,<environment.Job instance at 0x7fc14b1f15a0>,22,27,[12  1],23,-1,50,-1,23
1,<environment.Job instance at 0x7fc14b078af0>,23,27,[ 3 11],24,-1,51,-1,24
1,<environment.Job instance at 0x7fc14b078500>,24,15,[ 3 13],25,-1,40,-1,25
1,<environment.Job instance at 0x7fc14bef0910>,25,21,[ 5 12],26,-1,47,-1,26
1,<environment.Job instance at 0x7fc14b17e960>,31,25,[12  5],32,-1,57,-1,32
1,<environment.Job instance at 0x7fc154d622d0>,32,24,[6 4],33,-1,57,-1,33
1,<environment.Job instance at 0x7fc154a08b90>,33,19,[ 2 11],34,-1,53,-1,34
1,<environment.Job instance at 0x7fc14be99d20>,34,23,[13  3],35,-1,58,-1,35
1,<environment.Job instance at 0x7fc14af98910>,38,26,[6 1],39,-1,71,-1,45
1,<environment.Job instance at 0x7fc14ae2e780>,40,24,[4 8],41,-1,73,-1,49
1,<environment.Job instance at 0x7fc14ae2e140>,42,23,[10  5],43,-1,72,-1,49
1,<environment.Job instance at 0x7fc1549dbb90>,43,24,[12  1],44,-1,73,-1,49
1,<environment.Job instance at 0x7fc14b29a7d0>,44,17,[12  4],45,-1,66,-1,49
1,<environment.Job instance at 0x7fc14b090aa0>,27,23,[9 5],28,-1,72,-1,49
1,<environment.Job instance at 0x7fc14b1029b0>,46,27,[13  3],47,-1,76,-1,49
1,<environment.Job instance at 0x7fc14b1919b0>,48,17,[ 1 11],49,-1,66,-1,49
1,<environment.Job instance at 0x7fc14ba345f0>,39,28,[5 9],40,-1,77,-1,49
1,<environment.Job instance at 0x7fc14be99050>,37,25,[4 9],38,-1,74,-1,49
1,<environment.Job instance at 0x7fc14b191460>,50,19,[12  4],51,-1,74,-1,55
1,<environment.Job instance at 0x7fc14b1434b0>,51,14,[ 5 12],52,-1,69,-1,55
1,<environment.Job instance at 0x7fc14b190b40>,54,16,[ 2 11],55,-1,77,-1,61
1,<environment.Job instance at 0x7fc14b190be0>,55,28,[ 3 11],56,-1,89,-1,61
1,<environment.Job instance at 0x7fc14b169320>,56,15,[13  4],57,-1,76,-1,61
1,<environment.Job instance at 0x7fc14b169050>,57,24,[2 7],58,-1,96,-1,72
1,<environment.Job instance at 0x7fc14b169370>,58,16,[14  5],59,-1,88,-1,72
1,<environment.Job instance at 0x7fc14b169f50>,60,27,[14  3],61,-1,99,-1,72
1,<environment.Job instance at 0x7fc14b169d20>,61,18,[ 1 14],62,-1,90,-1,72
1,<environment.Job instance at 0x7fc14b1690f0>,63,15,[11  2],64,-1,89,-1,74
1,<environment.Job instance at 0x7fc14b1694b0>,64,13,[ 1 12],65,-1,87,-1,74
1,<environment.Job instance at 0x7fc14b190c80>,53,25,[8 3],54,-1,113,-1,88
1,<environment.Job instance at 0x7fc14b09e8c0>,67,16,[ 4 11],68,-1,104,-1,88
1,<environment.Job instance at 0x7fc14b09e7d0>,68,17,[13  3],69,-1,105,-1,88
1,<environment.Job instance at 0x7fc14b09e820>,69,22,[ 3 11],70,-1,110,-1,88
1,<environment.Job instance at 0x7fc14b0f9f00>,71,13,[ 5 12],72,-1,101,-1,88
1,<environment.Job instance at 0x7fc14b0f92d0>,72,23,[ 5 11],73,-1,111,-1,88
1,<environment.Job instance at 0x7fc14b0f9460>,73,27,[12  4],74,-1,115,-1,88
1,<environment.Job instance at 0x7fc14b212f00>,74,13,[12  4],75,-1,101,-1,88
1,<environment.Job instance at 0x7fc14b212320>,75,23,[9 4],76,-1,111,-1,88
1,<environment.Job instance at 0x7fc14b2127d0>,76,13,[ 3 14],77,-1,101,-1,88
1,<environment.Job instance at 0x7fc14b212a50>,77,24,[ 4 14],78,-1,112,-1,88
1,<environment.Job instance at 0x7fc14b169640>,66,28,[5 7],67,-1,116,-1,88
1,<environment.Job instance at 0x7fc14b1063c0>,79,24,[13  3],80,-1,112,-1,88
1,<environment.Job instance at 0x7fc14b065190>,80,27,[9 5],81,-1,115,-1,88
1,<environment.Job instance at 0x7fc14c0c2b90>,81,22,[13  5],82,-1,110,-1,88
1,<environment.Job instance at 0x7fc14b134f50>,82,14,[ 3 13],83,-1,102,-1,88
1,<environment.Job instance at 0x7fc14b134370>,83,26,[14  2],84,-1,114,-1,88
1,<environment.Job instance at 0x7fc14b39f500>,84,13,[13  4],85,-1,101,-1,88
1,<environment.Job instance at 0x7fc14b0d4a50>,86,23,[2 8],87,-1,111,-1,88
1,<environment.Job instance at 0x7fc14b0d4910>,87,25,[11  1],88,-1,113,-1,88
1,<environment.Job instance at 0x7fc14b5b0870>,88,19,[13  3],89,-1,108,-1,89
1,<environment.Job instance at 0x7fc14b5b0b90>,90,25,[13  4],91,-1,120,-1,95
1,<environment.Job instance at 0x7fc14b5b0dc0>,93,18,[ 2 13],94,-1,126,-1,108
1,<environment.Job instance at 0x7fc14bd9abe0>,97,14,[12  2],98,-1,140,-1,126
1,<environment.Job instance at 0x7fc14b044460>,98,17,[12  4],99,-1,143,-1,126
1,<environment.Job instance at 0x7fc14b044aa0>,99,25,[6 4],100,-1,151,-1,126
1,<environment.Job instance at 0x7fc14b04da00>,102,18,[ 2 13],103,-1,144,-1,126
1,<environment.Job instance at 0x7fc14b02d190>,103,14,[14  2],104,-1,140,-1,126
1,<environment.Job instance at 0x7fc14b02daa0>,104,27,[ 1 12],105,-1,153,-1,126
1,<environment.Job instance at 0x7fc14b0bfd20>,105,15,[13  4],106,-1,141,-1,126
1,<environment.Job instance at 0x7fc14b0bf5f0>,106,24,[ 4 14],107,-1,150,-1,126
1,<environment.Job instance at 0x7fc14b0c9910>,108,16,[12  5],109,-1,145,-1,129
1,<environment.Job instance at 0x7fc14b0d0a50>,110,23,[3 9],111,-1,167,-1,144
1,<environment.Job instance at 0x7fc14b0d0d70>,111,19,[ 4 14],112,-1,163,-1,144
1,<environment.Job instance at 0x7fc14b1c9870>,114,17,[14  3],115,-1,172,-1,155
1,<environment.Job instance at 0x7fc14b1c9780>,113,26,[10  3],114,-1,189,-1,163
1,<environment.Job instance at 0x7fc14bc22370>,0,25,[8 3],1,-1,26,-1,1
1,<environment.Job instance at 0x7fc14b9521e0>,6,18,[6 3],7,-1,25,-1,7
1,<environment.Job instance at 0x7fc14b952050>,7,16,[9 4],8,-1,24,-1,8
1,<environment.Job instance at 0x7fc14b1f02d0>,0,25,[8 3],1,-1,26,-1,1
1,<environment.Job instance at 0x7fc14b1f06e0>,1,19,[14  2],2,-1,21,-1,2
1,<environment.Job instance at 0x7fc14bc970f0>,2,18,[14  4],3,-1,21,-1,3
1,<environment.Job instance at 0x7fc14bc97aa0>,3,14,[14  2],4,-1,18,-1,4
1,<environment.Job instance at 0x7fc14bfa3280>,9,27,[14  4],10,-1,37,-1,10
1,<environment.Job instance at 0x7fc14bfa36e0>,11,26,[ 5 14],12,-1,38,-1,12
1,<environment.Job instance at 0x7fc14bfce5a0>,12,26,[ 2 13],13,-1,39,-1,13
1,<environment.Job instance at 0x7fc14b488c80>,15,26,[7 1],16,-1,51,-1,25
1,<environment.Job instance at 0x7fc14b487820>,17,17,[ 4 13],18,-1,42,-1,25
1,<environment.Job instance at 0x7fc14bc974b0>,8,27,[1 9],9,-1,55,-1,28
1,<environment.Job instance at 0x7fc14b422500>,20,27,[13  4],21,-1,55,-1,28
1,<environment.Job instance at 0x7fc14b422a00>,21,17,[13  4],22,-1,45,-1,28
1,<environment.Job instance at 0x7fc14b486410>,22,13,[14  2],23,-1,41,-1,28
1,<environment.Job instance at 0x7fc14bfcefa0>,14,25,[ 4 10],15,-1,53,-1,28
1,<environment.Job instance at 0x7fc14b4860a0>,24,24,[10  1],25,-1,63,-1,39
1,<environment.Job instance at 0x7fc14b44efa0>,28,26,[14  2],29,-1,65,-1,39
1,<environment.Job instance at 0x7fc14b44e690>,29,25,[13  4],30,-1,64,-1,39
1,<environment.Job instance at 0x7fc14b1c92d0>,31,26,[ 3 14],32,-1,67,-1,41
1,<environment.Job instance at 0x7fc14b1c9c80>,33,16,[12  2],34,-1,57,-1,41
1,<environment.Job instance at 0x7fc14b1c9fa0>,34,17,[ 4 11],35,-1,58,-1,41
1,<environment.Job instance at 0x7fc14b44e050>,30,27,[6 1],31,-1,80,-1,53
1,<environment.Job instance at 0x7fc14b1c9550>,36,19,[ 4 12],37,-1,72,-1,53
1,<environment.Job instance at 0x7fc14b1c9be0>,37,16,[ 1 13],38,-1,69,-1,53
1,<environment.Job instance at 0x7fc14bd9abe0>,38,18,[14  2],39,-1,71,-1,53
1,<environment.Job instance at 0x7fc14b2127d0>,42,17,[ 2 12],43,-1,76,-1,59
1,<environment.Job instance at 0x7fc1549dbb90>,45,22,[ 5 13],46,-1,91,-1,69
1,<environment.Job instance at 0x7fc1549d1640>,46,12,[ 3 11],47,-1,81,-1,69
1,<environment.Job instance at 0x7fc14bfd9280>,47,27,[11  2],48,-1,96,-1,69
1,<environment.Job instance at 0x7fc14beee780>,51,22,[ 4 12],52,-1,105,-1,83
1,<environment.Job instance at 0x7fc14af98910>,54,27,[12  1],55,-1,115,-1,88
1,<environment.Job instance at 0x7fc14b17e960>,55,18,[14  5],56,-1,106,-1,88
1,<environment.Job instance at 0x7fc154a08960>,56,13,[ 5 11],57,-1,101,-1,88
1,<environment.Job instance at 0x7fc14bef0910>,57,27,[12  2],58,-1,115,-1,88
1,<environment.Job instance at 0x7fc14b310af0>,59,27,[5 1],60,-1,123,-1,96
1,<environment.Job instance at 0x7fc14b23fa50>,61,27,[11  5],62,-1,130,-1,103
1,<environment.Job instance at 0x7fc154c17c80>,62,23,[14  5],63,-1,126,-1,103
1,<environment.Job instance at 0x7fc14b1f13c0>,63,16,[12  4],64,-1,119,-1,103
1,<environment.Job instance at 0x7fc14b1f38c0>,65,27,[12  4],66,-1,131,-1,104
1,<environment.Job instance at 0x7fc14b1f1140>,66,20,[ 5 12],67,-1,124,-1,104
1,<environment.Job instance at 0x7fc14b1859b0>,67,28,[12  4],68,-1,132,-1,104
1,<environment.Job instance at 0x7fc14c2e3e60>,68,16,[ 1 14],69,-1,120,-1,104
1,<environment.Job instance at 0x7fc14b303050>,71,28,[13  3],72,-1,149,-1,121
1,<environment.Job instance at 0x7fc14b3035a0>,72,22,[ 3 11],73,-1,143,-1,121
1,<environment.Job instance at 0x7fc14b163730>,73,21,[ 2 13],74,-1,142,-1,121
1,<environment.Job instance at 0x7fc1549c1640>,60,28,[ 5 10],61,-1,154,-1,126
1,<environment.Job instance at 0x7fc14b952b90>,75,26,[13  3],76,-1,152,-1,126
1,<environment.Job instance at 0x7fc14b1639b0>,76,24,[8 2],77,-1,150,-1,126
1,<environment.Job instance at 0x7fc14b163280>,78,12,[11  1],79,-1,138,-1,126
1,<environment.Job instance at 0x7fc14bc22aa0>,79,17,[11  3],80,-1,143,-1,126
1,<environment.Job instance at 0x7fc14bc22870>,80,16,[12  1],81,-1,142,-1,126
1,<environment.Job instance at 0x7fc14bc22960>,81,15,[ 4 13],82,-1,141,-1,126
1,<environment.Job instance at 0x7fc14bc220a0>,82,28,[13  1],83,-1,154,-1,126
1,<environment.Job instance at 0x7fc14b2ee4b0>,83,24,[ 4 13],84,-1,150,-1,126
1,<environment.Job instance at 0x7fc14b2eee10>,84,18,[ 1 11],85,-1,144,-1,126
1,<environment.Job instance at 0x7fc14b2eec30>,86,14,[12  5],87,-1,154,-1,140
1,<environment.Job instance at 0x7fc14b2eeeb0>,87,21,[13  2],88,-1,161,-1,140
1,<environment.Job instance at 0x7fc14b2eea50>,89,28,[13  2],90,-1,168,-1,140
1,<environment.Job instance at 0x7fc14b2ee190>,91,24,[2 6],92,-1,186,-1,162
1,<environment.Job instance at 0x7fc14b2eef50>,92,13,[ 5 12],93,-1,175,-1,162
1,<environment.Job instance at 0x7fc14b2eee60>,93,20,[ 2 11],94,-1,182,-1,162
1,<environment.Job instance at 0x7fc14b2f7cd0>,95,14,[11  2],96,-1,176,-1,162
1,<environment.Job instance at 0x7fc14c2ab1e0>,0,23,[3 9],1,-1,25,-1,2
1,<environment.Job instance at 0x7fc154b80be0>,1,13,[12  5],2,-1,15,-1,2
1,<environment.Job instance at 0x7fc14c301cd0>,2,23,[5 8],3,-1,26,-1,3
1,<environment.Job instance at 0x7fc14bc44e10>,3,23,[5 5],4,-1,27,-1,4
1,<environment.Job instance at 0x7fc14bc440a0>,7,15,[4 7],8,-1,24,-1,9
1,<environment.Job instance at 0x7fc14bc44230>,9,17,[8 4],10,-1,27,-1,10
1,<environment.Job instance at 0x7fc14bc44730>,10,16,[1 7],11,-1,27,-1,11
1,<environment.Job instance at 0x7fc14bc44d70>,8,12,[1 7],9,-1,24,-1,12
1,<environment.Job instance at 0x7fc14bc44a50>,11,15,[ 2 12],12,-1,28,-1,13
1,<environment.Job instance at 0x7fc14bc44690>,13,21,[8 3],14,-1,35,-1,14
1,<environment.Job instance at 0x7fc14b1d6230>,14,27,[ 3 10],15,-1,42,-1,15
1,<environment.Job instance at 0x7fc14bc44410>,12,24,[ 1 11],13,-1,39,-1,15
1,<environment.Job instance at 0x7fc14bc344b0>,16,20,[3 6],17,-1,37,-1,17
1,<environment.Job instance at 0x7fc154fafc80>,0,23,[3 9],1,-1,24,-1,1
1,<environment.Job instance at 0x7fc14b8a9140>,1,13,[12  5],2,-1,15,-1,2
1,<environment.Job instance at 0x7fc14bc58a00>,2,23,[5 8],3,-1,26,-1,3
1,<environment.Job instance at 0x7fc14bc58690>,3,23,[5 5],4,-1,27,-1,4
1,<environment.Job instance at 0x7fc14bc589b0>,4,27,[14  2],5,-1,32,-1,5
1,<environment.Job instance at 0x7fc14bc58230>,5,28,[11  2],6,-1,34,-1,6
1,<environment.Job instance at 0x7fc14b92d050>,6,18,[12  4],7,-1,25,-1,7
1,<environment.Job instance at 0x7fc14ae0c370>,11,15,[ 2 12],12,-1,27,-1,12
1,<environment.Job instance at 0x7fc14ae0c140>,12,24,[ 1 11],13,-1,37,-1,13
1,<environment.Job instance at 0x7fc14ae0c960>,15,25,[ 3 14],16,-1,41,-1,16
1,<environment.Job instance at 0x7fc14ae0c190>,17,13,[12  4],18,-1,34,-1,21
1,<environment.Job instance at 0x7fc14ae0c410>,18,28,[10  4],19,-1,49,-1,21
1,<environment.Job instance at 0x7fc14ae0c640>,14,27,[ 3 10],15,-1,50,-1,23
1,<environment.Job instance at 0x7fc14ae0c500>,21,18,[ 1 12],22,-1,41,-1,23
1,<environment.Job instance at 0x7fc14ae0cf00>,22,24,[6 3],23,-1,47,-1,23
1,<environment.Job instance at 0x7fc14ae0c5f0>,23,16,[13  4],24,-1,40,-1,24
1,<environment.Job instance at 0x7fc14b79c140>,24,12,[ 5 11],25,-1,37,-1,25
1,<environment.Job instance at 0x7fc14ae0c230>,26,19,[ 2 11],27,-1,46,-1,27
1,<environment.Job instance at 0x7fc14b79c640>,27,26,[6 3],28,-1,62,-1,36
1,<environment.Job instance at 0x7fc14b79c460>,28,23,[11  4],29,-1,59,-1,36
1,<environment.Job instance at 0x7fc14adf3140>,29,27,[13  2],30,-1,63,-1,36
1,<environment.Job instance at 0x7fc14adf3320>,30,15,[11  4],31,-1,51,-1,36
1,<environment.Job instance at 0x7fc14adf3730>,32,26,[14  3],33,-1,62,-1,36
1,<environment.Job instance at 0x7fc14adf3fa0>,33,17,[14  4],34,-1,53,-1,36
1,<environment.Job instance at 0x7fc14adf35f0>,35,17,[11  2],36,-1,56,-1,39
1,<environment.Job instance at 0x7fc14adf3190>,36,12,[12  5],37,-1,51,-1,39
1,<environment.Job instance at 0x7fc14adf34b0>,37,22,[11  3],38,-1,61,-1,39
1,<environment.Job instance at 0x7fc14adf39b0>,40,23,[2 9],41,-1,80,-1,57
1,<environment.Job instance at 0x7fc14adf31e0>,42,23,[8 3],43,-1,80,-1,57
1,<environment.Job instance at 0x7fc14adf3500>,43,13,[13  3],44,-1,70,-1,57
1,<environment.Job instance at 0x7fc14adf3f00>,44,25,[ 1 14],45,-1,82,-1,57
1,<environment.Job instance at 0x7fc14adf3a50>,45,19,[13  1],46,-1,76,-1,57
1,<environment.Job instance at 0x7fc154e5d5a0>,46,15,[12  3],47,-1,72,-1,57
1,<environment.Job instance at 0x7fc154e5dc80>,47,24,[ 1 11],48,-1,81,-1,57
1,<environment.Job instance at 0x7fc154e5d640>,48,27,[10  4],49,-1,84,-1,57
1,<environment.Job instance at 0x7fc154e5d370>,49,26,[5 5],50,-1,83,-1,57
1,<environment.Job instance at 0x7fc154e5d870>,51,19,[13  1],52,-1,76,-1,57
1,<environment.Job instance at 0x7fc154e5d050>,52,16,[11  1],53,-1,73,-1,57
1,<environment.Job instance at 0x7fc154e5de60>,53,28,[ 4 11],54,-1,85,-1,57
1,<environment.Job instance at 0x7fc14b2f75f0>,55,24,[13  5],56,-1,91,-1,67
1,<environment.Job instance at 0x7fc14b2f76e0>,56,26,[12  1],57,-1,93,-1,67
1,<environment.Job instance at 0x7fc14b2f7d20>,59,17,[ 2 13],60,-1,88,-1,71
1,<environment.Job instance at 0x7fc14b2f7dc0>,61,26,[7 1],62,-1,109,-1,83
1,<environment.Job instance at 0x7fc14b2f7e10>,63,15,[14  1],64,-1,98,-1,83
1,<environment.Job instance at 0x7fc14b2f7a50>,65,17,[14  2],66,-1,100,-1,83
1,<environment.Job instance at 0x7fc14b2f7910>,66,20,[11  4],67,-1,103,-1,83
1,<environment.Job instance at 0x7fc14b2eef50>,70,14,[ 4 13],71,-1,114,-1,100
1,<environment.Job instance at 0x7fc14b2ee910>,71,23,[ 5 14],72,-1,123,-1,100
1,<environment.Job instance at 0x7fc14b2eea50>,72,23,[13  5],73,-1,123,-1,100
1,<environment.Job instance at 0x7fc14b2ee0a0>,73,22,[ 2 14],74,-1,122,-1,100
1,<environment.Job instance at 0x7fc14b2ee870>,74,17,[13  4],75,-1,117,-1,100
1,<environment.Job instance at 0x7fc14b2ee320>,69,23,[5 6],70,-1,124,-1,101
1,<environment.Job instance at 0x7fc14b2eed70>,76,23,[9 1],77,-1,124,-1,101
1,<environment.Job instance at 0x7fc14b2eee10>,77,24,[ 4 13],78,-1,125,-1,101
1,<environment.Job instance at 0x7fc14bc220a0>,78,28,[12  2],79,-1,129,-1,101
1,<environment.Job instance at 0x7fc14b952910>,82,14,[12  1],83,-1,127,-1,113
1,<environment.Job instance at 0x7fc14b42c190>,85,13,[ 5 11],86,-1,140,-1,127
1,<environment.Job instance at 0x7fc14b303050>,86,12,[ 3 14],87,-1,139,-1,127
1,<environment.Job instance at 0x7fc14c2e3a50>,88,13,[ 2 13],89,-1,155,-1,142
1,<environment.Job instance at 0x7fc14b185050>,89,14,[13  2],90,-1,156,-1,142
1,<environment.Job instance at 0x7fc14b185460>,90,18,[11  2],91,-1,160,-1,142
1,<environment.Job instance at 0x7fc154c17c80>,92,20,[ 2 12],93,-1,162,-1,142
1,<environment.Job instance at 0x7fc1549c1640>,93,20,[13  1],94,-1,162,-1,142
1,<environment.Job instance at 0x7fc14b1859b0>,91,25,[ 1 10],92,-1,181,-1,156
1,<environment.Job instance at 0x7fc14b310910>,96,26,[3 7],97,-1,183,-1,157
1,<environment.Job instance at 0x7fc14c332f50>,3,24,[5 1],4,-1,29,-1,5
1,<environment.Job instance at 0x7fc14b5eeaa0>,0,20,[12  3],1,-1,21,-1,1
1,<environment.Job instance at 0x7fc14b5ee8c0>,1,17,[ 5 14],2,-1,19,-1,2
1,<environment.Job instance at 0x7fc14b5ee820>,2,24,[8 5],3,-1,27,-1,3
1,<environment.Job instance at 0x7fc14bc49a50>,3,24,[5 1],4,-1,28,-1,4
1,<environment.Job instance at 0x7fc154d622d0>,5,16,[ 2 13],6,-1,22,-1,6
1,<environment.Job instance at 0x7fc14b2ee690>,6,17,[12  3],7,-1,24,-1,7
1,<environment.Job instance at 0x7fc14b2eed70>,7,14,[14  1],8,-1,22,-1,8
1,<environment.Job instance at 0x7fc14b2eea00>,8,25,[ 4 10],9,-1,34,-1,9
1,<environment.Job instance at 0x7fc14b2eefa0>,9,26,[3 6],10,-1,36,-1,10
1,<environment.Job instance at 0x7fc14b2eeaa0>,11,14,[11  5],12,-1,26,-1,12
1,<environment.Job instance at 0x7fc14b2ee320>,12,24,[ 4 12],13,-1,37,-1,13
1,<environment.Job instance at 0x7fc14b2ee1e0>,13,23,[1 6],14,-1,37,-1,14
1,<environment.Job instance at 0x7fc14b2ee190>,14,25,[12  2],15,-1,40,-1,15
1,<environment.Job instance at 0x7fc14b952910>,16,24,[13  1],17,-1,41,-1,17
1,<environment.Job instance at 0x7fc14b2f7e10>,17,13,[11  1],18,-1,31,-1,18
1,<environment.Job instance at 0x7fc14b2f7c80>,19,16,[13  1],20,-1,36,-1,20
1,<environment.Job instance at 0x7fc14b2f7a50>,22,21,[11  4],23,-1,44,-1,23
1,<environment.Job instance at 0x7fc14b2f70f0>,23,13,[13  5],24,-1,37,-1,24
1,<environment.Job instance at 0x7fc14b2f7aa0>,24,16,[ 5 13],25,-1,41,-1,25
1,<environment.Job instance at 0x7fc14b2f7d70>,27,12,[14  2],28,-1,40,-1,28
1,<environment.Job instance at 0x7fc14b2f75f0>,28,23,[5 5],29,-1,52,-1,29
1,<environment.Job instance at 0x7fc14b79c500>,29,23,[ 3 13],30,-1,53,-1,30
1,<environment.Job instance at 0x7fc14b79c140>,30,14,[ 4 12],31,-1,45,-1,31
1,<environment.Job instance at 0x7fc14b79c870>,33,13,[13  2],34,-1,52,-1,39
1,<environment.Job instance at 0x7fc14b8a9140>,34,18,[13  5],35,-1,57,-1,39
1,<environment.Job instance at 0x7fc14b79c460>,35,26,[2 5],36,-1,65,-1,39
1,<environment.Job instance at 0x7fc14b1d5230>,38,16,[11  2],39,-1,55,-1,39
1,<environment.Job instance at 0x7fc14b2f7690>,25,27,[ 1 10],26,-1,69,-1,42
1,<environment.Job instance at 0x7fc14bc58320>,40,23,[4 9],41,-1,65,-1,42
1,<environment.Job instance at 0x7fc14c332dc0>,41,24,[5 2],42,-1,66,-1,42
1,<environment.Job instance at 0x7fc14c3324b0>,43,17,[ 1 14],44,-1,61,-1,44
1,<environment.Job instance at 0x7fc14c332140>,44,25,[ 2 11],45,-1,70,-1,45
1,<environment.Job instance at 0x7fc14c3196e0>,45,19,[11  3],46,-1,65,-1,46
1,<environment.Job instance at 0x7fc14bc624b0>,39,28,[8 2],40,-1,79,-1,51
1,<environment.Job instance at 0x7fc14c319730>,49,24,[6 2],50,-1,75,-1,51
1,<environment.Job instance at 0x7fc14c3199b0>,50,13,[ 1 12],51,-1,64,-1,51
1,<environment.Job instance at 0x7fc14c319e60>,51,16,[ 2 12],52,-1,68,-1,52
1,<environment.Job instance at 0x7fc14b220500>,52,27,[ 3 11],53,-1,80,-1,53
1,<environment.Job instance at 0x7fc14b220690>,53,21,[ 3 13],54,-1,75,-1,54
1,<environment.Job instance at 0x7fc14c319be0>,55,21,[ 4 14],56,-1,77,-1,56
1,<environment.Job instance at 0x7fc14b220410>,56,13,[14  2],57,-1,70,-1,57
1,<environment.Job instance at 0x7fc14b2202d0>,57,16,[ 4 14],58,-1,74,-1,58
1,<environment.Job instance at 0x7fc14b2208c0>,59,14,[13  3],60,-1,74,-1,60
1,<environment.Job instance at 0x7fc14b220640>,62,17,[ 3 11],63,-1,80,-1,63
1,<environment.Job instance at 0x7fc14b220910>,60,24,[3 9],61,-1,97,-1,73
1,<environment.Job instance at 0x7fc14b2209b0>,64,27,[1 9],65,-1,100,-1,73
1,<environment.Job instance at 0x7fc14b220140>,65,25,[ 2 12],66,-1,98,-1,73
1,<environment.Job instance at 0x7fc14b220e10>,66,27,[1 6],67,-1,100,-1,73
1,<environment.Job instance at 0x7fc14b220aa0>,67,27,[8 5],68,-1,100,-1,73
1,<environment.Job instance at 0x7fc14b220be0>,69,17,[ 1 11],70,-1,91,-1,74
1,<environment.Job instance at 0x7fc14b222e10>,70,13,[ 3 14],71,-1,87,-1,74
1,<environment.Job instance at 0x7fc14b2220a0>,73,16,[11  2],74,-1,104,-1,88
1,<environment.Job instance at 0x7fc14b2228c0>,74,27,[5 2],75,-1,115,-1,88
1,<environment.Job instance at 0x7fc14b222820>,75,13,[13  5],76,-1,101,-1,88
1,<environment.Job instance at 0x7fc14b222eb0>,76,17,[13  3],77,-1,105,-1,88
1,<environment.Job instance at 0x7fc14b222780>,78,13,[14  3],79,-1,101,-1,88
1,<environment.Job instance at 0x7fc14b222690>,79,26,[ 2 12],80,-1,114,-1,88
1,<environment.Job instance at 0x7fc14b222140>,80,26,[4 5],81,-1,117,-1,91
1,<environment.Job instance at 0x7fc14b222050>,77,26,[10  5],78,-1,131,-1,105
1,<environment.Job instance at 0x7fc14b92e9b0>,82,24,[4 6],83,-1,129,-1,105
1,<environment.Job instance at 0x7fc14b92e280>,83,15,[ 2 13],84,-1,120,-1,105
1,<environment.Job instance at 0x7fc14b92e460>,84,18,[11  2],85,-1,123,-1,105
1,<environment.Job instance at 0x7fc14b92e5f0>,87,18,[14  1],88,-1,123,-1,105
1,<environment.Job instance at 0x7fc14b92ea50>,88,23,[ 1 11],89,-1,128,-1,105
1,<environment.Job instance at 0x7fc14b92e320>,89,19,[ 3 12],90,-1,124,-1,105
1,<environment.Job instance at 0x7fc14b92eaa0>,93,13,[ 3 11],94,-1,144,-1,131
1,<environment.Job instance at 0x7fc14b4e0be0>,95,25,[5 3],96,-1,162,-1,137
1,<environment.Job instance at 0x7fc14b4e0c30>,96,15,[11  2],97,-1,152,-1,137
1,<environment.Job instance at 0x7fc14b4e0370>,98,25,[7 2],99,-1,174,-1,149
1,<environment.Job instance at 0x7fc14b4e0550>,99,18,[ 5 12],100,-1,167,-1,149
1,<environment.Job instance at 0x7fc14b4e0190>,100,12,[ 3 12],101,-1,161,-1,149
1,<environment.Job instance at 0x7fc14b4e0730>,101,15,[11  5],102,-1,164,-1,149
1,<environment.Job instance at 0x7fc14b4e0e60>,103,16,[13  2],104,-1,166,-1,150
1,<environment.Job instance at 0x7fc14b4e0fa0>,104,12,[13  3],105,-1,162,-1,150
1,<environment.Job instance at 0x7fc14b4e01e0>,105,16,[11  5],106,-1,166,-1,150
1,<environment.Job instance at 0x7fc14b966c80>,109,26,[ 2 14],110,-1,191,-1,165
1,<environment.Job instance at 0x7fc14b966be0>,111,14,[14  3],112,-1,179,-1,165
1,<environment.Job instance at 0x7fc14b3a8be0>,0,13,[13  5],1,-1,14,-1,1
1,<environment.Job instance at 0x7fc14b3a8d70>,1,14,[ 2 13],2,-1,16,-1,2
1,<environment.Job instance at 0x7fc14b3a8b90>,2,23,[ 3 14],3,-1,26,-1,3
1,<environment.Job instance at 0x7fc14b3a8a50>,3,16,[13  3],4,-1,20,-1,4
1,<environment.Job instance at 0x7fc14b3a8820>,5,15,[ 2 13],6,-1,21,-1,6
1,<environment.Job instance at 0x7fc14b3a87d0>,6,18,[12  1],7,-1,25,-1,7
1,<environment.Job instance at 0x7fc14b3a8050>,8,28,[ 4 12],9,-1,37,-1,9
1,<environment.Job instance at 0x7fc14b3a85f0>,11,24,[ 5 14],12,-1,36,-1,12
1,<environment.Job instance at 0x7fc14b3a82d0>,12,27,[11  1],13,-1,40,-1,13
1,<environment.Job instance at 0x7fc14b932190>,14,16,[ 1 14],15,-1,31,-1,15
1,<environment.Job instance at 0x7fc14b9320f0>,15,18,[13  3],16,-1,34,-1,16
1,<environment.Job instance at 0x7fc14b9661e0>,19,13,[ 5 14],20,-1,35,-1,22
1,<environment.Job instance at 0x7fc14b966280>,20,17,[ 5 13],21,-1,39,-1,22
1,<environment.Job instance at 0x7fc14b9665a0>,21,27,[11  5],22,-1,49,-1,22
1,<environment.Job instance at 0x7fc14b966a50>,23,12,[11  1],24,-1,36,-1,24
1,<environment.Job instance at 0x7fc14b966910>,25,14,[ 5 13],26,-1,40,-1,26
1,<environment.Job instance at 0x7fc14b92ec30>,26,13,[ 2 14],27,-1,40,-1,27
1,<environment.Job instance at 0x7fc14b966960>,28,28,[1 7],29,-1,64,-1,36
1,<environment.Job instance at 0x7fc14b92ed20>,29,24,[5 1],30,-1,60,-1,36
1,<environment.Job instance at 0x7fc14b92ebe0>,30,15,[ 3 13],31,-1,51,-1,36
1,<environment.Job instance at 0x7fc14b92ee10>,31,12,[ 3 14],32,-1,48,-1,36
1,<environment.Job instance at 0x7fc14b92ea50>,32,27,[6 5],33,-1,66,-1,39
1,<environment.Job instance at 0x7fc14b92e410>,35,17,[14  4],36,-1,56,-1,39
1,<environment.Job instance at 0x7fc14b92e320>,38,16,[ 1 13],39,-1,67,-1,51
1,<environment.Job instance at 0x7fc14b92e500>,39,25,[4 7],40,-1,78,-1,53
1,<environment.Job instance at 0x7fc14bc58d70>,40,18,[ 2 11],41,-1,71,-1,53
1,<environment.Job instance at 0x7fc14bc58a50>,41,12,[13  5],42,-1,65,-1,53
1,<environment.Job instance at 0x7fc14bc58d20>,42,22,[14  4],43,-1,75,-1,53
1,<environment.Job instance at 0x7fc14bc581e0>,43,27,[5 3],44,-1,80,-1,53
1,<environment.Job instance at 0x7fc14b79c870>,44,25,[ 3 11],45,-1,78,-1,53
1,<environment.Job instance at 0x7fc14b79ce10>,45,24,[8 3],46,-1,77,-1,53
1,<environment.Job instance at 0x7fc14b952b90>,46,13,[13  1],47,-1,66,-1,53
1,<environment.Job instance at 0x7fc14b79c4b0>,47,26,[ 3 13],48,-1,79,-1,53
1,<environment.Job instance at 0x7fc14b79c500>,49,25,[12  5],50,-1,78,-1,53
1,<environment.Job instance at 0x7fc14b2f7d20>,50,27,[5 9],51,-1,90,-1,63
1,<environment.Job instance at 0x7fc14b2f7aa0>,52,26,[ 2 11],53,-1,89,-1,63
1,<environment.Job instance at 0x7fc14b2f75f0>,55,27,[14  4],56,-1,95,-1,68
1,<environment.Job instance at 0x7fc14b2f71e0>,56,18,[11  4],57,-1,86,-1,68
1,<environment.Job instance at 0x7fc14b2f7eb0>,57,24,[11  2],58,-1,92,-1,68
1,<environment.Job instance at 0x7fc14b2f7780>,58,12,[12  3],59,-1,80,-1,68
1,<environment.Job instance at 0x7fc14b2f70f0>,60,13,[11  3],61,-1,81,-1,68
1,<environment.Job instance at 0x7fc14b2f7dc0>,61,22,[ 4 12],62,-1,90,-1,68
1,<environment.Job instance at 0x7fc14b2ee910>,62,20,[13  3],63,-1,88,-1,68
1,<environment.Job instance at 0x7fc14b2eeeb0>,63,24,[14  1],64,-1,92,-1,68
1,<environment.Job instance at 0x7fc14b2eef50>,65,14,[ 1 13],66,-1,89,-1,75
1,<environment.Job instance at 0x7fc14b2ee2d0>,66,17,[ 3 12],67,-1,92,-1,75
1,<environment.Job instance at 0x7fc14b2ee730>,67,26,[11  2],68,-1,101,-1,75
1,<environment.Job instance at 0x7fc14beee780>,69,24,[11  1],70,-1,105,-1,81
1,<environment.Job instance at 0x7fc14bd9abe0>,70,23,[13  2],71,-1,104,-1,81
1,<environment.Job instance at 0x7fc14b2eef00>,71,18,[13  5],72,-1,99,-1,81
1,<environment.Job instance at 0x7fc14b2ee690>,73,28,[5 9],74,-1,121,-1,93
1,<environment.Job instance at 0x7fc14c362640>,75,14,[11  2],76,-1,107,-1,93
1,<environment.Job instance at 0x7fc14b5637d0>,76,15,[12  2],77,-1,108,-1,93
1,<environment.Job instance at 0x7fc14bc386e0>,78,19,[14  2],79,-1,124,-1,105
1,<environment.Job instance at 0x7fc14b17e190>,79,20,[ 5 12],80,-1,125,-1,105
1,<environment.Job instance at 0x7fc14b837f00>,80,18,[14  1],81,-1,123,-1,105
1,<environment.Job instance at 0x7fc14c0df910>,81,19,[ 2 14],82,-1,124,-1,105
1,<environment.Job instance at 0x7fc14b5f9eb0>,82,24,[ 2 14],83,-1,129,-1,105
1,<environment.Job instance at 0x7fc14b5f97d0>,83,28,[12  4],84,-1,133,-1,105
1,<environment.Job instance at 0x7fc14bf88d20>,85,23,[3 6],86,-1,128,-1,105
1,<environment.Job instance at 0x7fc14bf88e60>,86,25,[14  5],87,-1,130,-1,105
1,<environment.Job instance at 0x7fc14b4569b0>,90,18,[ 2 14],91,-1,138,-1,120
1,<environment.Job instance at 0x7fc14c2e75f0>,91,28,[4 5],92,-1,150,-1,122
1,<environment.Job instance at 0x7fc14b6637d0>,93,21,[13  5],94,-1,144,-1,123
1,<environment.Job instance at 0x7fc14b8a9140>,95,13,[13  4],96,-1,151,-1,138
1,<environment.Job instance at 0x7fc14b970f50>,97,16,[ 5 14],98,-1,158,-1,142
1,<environment.Job instance at 0x7fc14bc96320>,1,22,[6 4],2,-1,25,-1,3
1,<environment.Job instance at 0x7fc14b01acd0>,4,17,[ 4 11],5,-1,22,-1,5
1,<environment.Job instance at 0x7fc14b7c4410>,0,27,[ 4 12],1,-1,28,-1,1
1,<environment.Job instance at 0x7fc14b235fa0>,2,17,[ 4 13],3,-1,20,-1,3
1,<environment.Job instance at 0x7fc14b29e5f0>,4,17,[ 4 11],5,-1,22,-1,5
1,<environment.Job instance at 0x7fc14bbc7960>,5,23,[ 1 11],6,-1,29,-1,6
1,<environment.Job instance at 0x7fc170758a00>,6,14,[11  1],7,-1,21,-1,7
1,<environment.Job instance at 0x7fc14c29b050>,7,23,[ 2 11],8,-1,31,-1,8
1,<environment.Job instance at 0x7fc14b230a50>,8,21,[ 1 11],9,-1,30,-1,9
1,<environment.Job instance at 0x7fc154c17c80>,9,23,[ 2 14],10,-1,33,-1,10
1,<environment.Job instance at 0x7fc14c29b730>,11,21,[ 4 13],12,-1,33,-1,12
1,<environment.Job instance at 0x7fc14b2f7eb0>,12,15,[13  2],13,-1,28,-1,13
1,<environment.Job instance at 0x7fc14b2f71e0>,13,23,[ 5 11],14,-1,37,-1,14
1,<environment.Job instance at 0x7fc14b2f75f0>,14,26,[ 5 11],15,-1,41,-1,15
1,<environment.Job instance at 0x7fc14b2f7fa0>,16,18,[13  2],17,-1,35,-1,17
1,<environment.Job instance at 0x7fc14b2f7820>,17,27,[12  5],18,-1,45,-1,18
1,<environment.Job instance at 0x7fc14b5c1d70>,10,28,[5 5],11,-1,47,-1,19
1,<environment.Job instance at 0x7fc14b2f79b0>,18,19,[11  4],19,-1,38,-1,19
1,<environment.Job instance at 0x7fc14b2f7aa0>,19,22,[ 2 11],20,-1,42,-1,20
1,<environment.Job instance at 0x7fc14b2f7af0>,22,12,[ 4 14],23,-1,35,-1,23
1,<environment.Job instance at 0x7fc14b2f70a0>,24,18,[14  1],25,-1,43,-1,25
1,<environment.Job instance at 0x7fc14c02d0a0>,26,15,[12  1],27,-1,42,-1,27
1,<environment.Job instance at 0x7fc14b79c460>,27,13,[ 5 12],28,-1,41,-1,28
1,<environment.Job instance at 0x7fc14b01a410>,28,28,[14  2],29,-1,57,-1,29
1,<environment.Job instance at 0x7fc14b23a320>,30,15,[ 5 11],31,-1,46,-1,31
1,<environment.Job instance at 0x7fc14b444be0>,31,20,[ 3 11],32,-1,52,-1,32
1,<environment.Job instance at 0x7fc14b7caf00>,32,28,[9 4],33,-1,66,-1,38
1,<environment.Job instance at 0x7fc14b02db90>,34,27,[ 3 13],35,-1,65,-1,38
1,<environment.Job instance at 0x7fc14b5f2910>,35,23,[6 2],36,-1,61,-1,38
1,<environment.Job instance at 0x7fc14b5f2550>,36,22,[ 1 13],37,-1,60,-1,38
1,<environment.Job instance at 0x7fc14b5f2be0>,37,13,[14  2],38,-1,51,-1,38
1,<environment.Job instance at 0x7fc14b169e60>,39,24,[ 3 13],40,-1,64,-1,40
1,<environment.Job instance at 0x7fc14b3a8500>,41,28,[11  3],42,-1,70,-1,42
1,<environment.Job instance at 0x7fc14b3a8a00>,42,24,[1 5],43,-1,75,-1,51
1,<environment.Job instance at 0x7fc14b3a8190>,46,19,[ 5 13],47,-1,75,-1,56
1,<environment.Job instance at 0x7fc14b3a8230>,45,24,[7 4],46,-1,80,-1,56
1,<environment.Job instance at 0x7fc14b3a8be0>,53,28,[9 1],54,-1,127,-1,99
1,<environment.Job instance at 0x7fc1549a8cd0>,56,18,[ 3 12],57,-1,117,-1,99
1,<environment.Job instance at 0x7fc14c309f50>,57,27,[ 5 11],58,-1,126,-1,99
1,<environment.Job instance at 0x7fc14c309dc0>,58,18,[14  5],59,-1,117,-1,99
1,<environment.Job instance at 0x7fc14b10cc80>,60,19,[ 1 12],61,-1,119,-1,100
1,<environment.Job instance at 0x7fc14bc96e60>,54,23,[ 2 10],55,-1,123,-1,100
1,<environment.Job instance at 0x7fc14b1d00a0>,62,27,[10  5],63,-1,143,-1,116
1,<environment.Job instance at 0x7fc14ae846e0>,65,27,[11  3],66,-1,143,-1,116
1,<environment.Job instance at 0x7fc14c166b40>,66,24,[13  2],67,-1,140,-1,116
1,<environment.Job instance at 0x7fc14bc20690>,64,28,[5 5],65,-1,144,-1,116
1,<environment.Job instance at 0x7fc14bed9aa0>,69,16,[ 3 14],70,-1,132,-1,116
1,<environment.Job instance at 0x7fc14b449e60>,70,24,[14  4],71,-1,140,-1,116
1,<environment.Job instance at 0x7fc14b7b3af0>,71,13,[14  5],72,-1,129,-1,116
1,<environment.Job instance at 0x7fc14c03d0f0>,74,23,[6 1],75,-1,156,-1,133
1,<environment.Job instance at 0x7fc14bbe0b40>,75,23,[ 5 12],76,-1,156,-1,133
1,<environment.Job instance at 0x7fc14b7b35f0>,72,27,[8 4],73,-1,160,-1,133
1,<environment.Job instance at 0x7fc14bda2af0>,77,17,[ 3 13],78,-1,150,-1,133
1,<environment.Job instance at 0x7fc14bda2280>,78,25,[12  2],79,-1,158,-1,133
1,<environment.Job instance at 0x7fc14b16d0f0>,79,17,[ 1 14],80,-1,150,-1,133
1,<environment.Job instance at 0x7fc14b16daa0>,80,25,[12  3],81,-1,158,-1,133
1,<environment.Job instance at 0x7fc14b16dd20>,81,27,[ 4 11],82,-1,160,-1,133
1,<environment.Job instance at 0x7fc14b92bfa0>,82,23,[12  4],83,-1,156,-1,133
1,<environment.Job instance at 0x7fc14b92b3c0>,83,27,[7 5],84,-1,160,-1,133
1,<environment.Job instance at 0x7fc14b8f4820>,85,25,[ 3 11],86,-1,158,-1,133
1,<environment.Job instance at 0x7fc14b8f4780>,86,21,[ 4 11],87,-1,154,-1,133
1,<environment.Job instance at 0x7fc14b8f4140>,88,25,[ 1 12],89,-1,172,-1,147
1,<environment.Job instance at 0x7fc14b8f4230>,89,16,[ 5 13],90,-1,163,-1,147
1,<environment.Job instance at 0x7fc14bda27d0>,76,24,[5 9],77,-1,174,-1,150
1,<environment.Job instance at 0x7fc14b8f42d0>,91,26,[14  4],92,-1,176,-1,150
1,<environment.Job instance at 0x7fc14b8f4e10>,92,25,[2 8],93,-1,175,-1,150
1,<environment.Job instance at 0x7fc14b8f4b90>,87,28,[2 8],88,-1,178,-1,150
1,<environment.Job instance at 0x7fc14afb8370>,94,25,[4 7],95,-1,175,-1,150
1,<environment.Job instance at 0x7fc14afb84b0>,95,25,[11  5],96,-1,175,-1,150
1,<environment.Job instance at 0x7fc14afb8280>,96,23,[14  2],97,-1,173,-1,150
1,<environment.Job instance at 0x7fc14afb8230>,97,28,[ 4 11],98,-1,178,-1,150
1,<environment.Job instance at 0x7fc14b8f4e60>,90,23,[5 5],91,-1,173,-1,150
1,<environment.Job instance at 0x7fc14afb88c0>,99,18,[11  1],100,-1,168,-1,150
1,<environment.Job instance at 0x7fc14b04de60>,101,24,[ 3 14],102,-1,174,-1,150
1,<environment.Job instance at 0x7fc14afb8550>,102,28,[5 4],103,-1,191,-1,163
1,<environment.Job instance at 0x7fc14afb8910>,103,27,[ 3 12],104,-1,190,-1,163
1,<environment.Job instance at 0x7fc14bc95af0>,105,25,[ 5 12],106,-1,188,-1,163
1,<environment.Job instance at 0x7fc14b090b90>,106,24,[7 4],107,-1,187,-1,163
1,<environment.Job instance at 0x7fc14ac4a640>,3,27,[9 5],4,-1,31,-1,4
1,<environment.Job instance at 0x7fc14ac4a690>,4,25,[3 5],5,-1,30,-1,5
1,<environment.Job instance at 0x7fc14ac4a9b0>,7,14,[ 3 10],8,-1,24,-1,10
1,<environment.Job instance at 0x7fc14aca0c80>,10,28,[2 5],11,-1,39,-1,11
1,<environment.Job instance at 0x7fc14bb40230>,0,27,[ 2 12],1,-1,28,-1,1
1,<environment.Job instance at 0x7fc14b45c0a0>,1,25,[ 3 13],2,-1,27,-1,2
1,<environment.Job instance at 0x7fc14b45caa0>,3,27,[9 5],4,-1,31,-1,4
1,<environment.Job instance at 0x7fc14b45c370>,4,25,[3 5],5,-1,30,-1,5
1,<environment.Job instance at 0x7fc14b45ceb0>,5,23,[ 2 13],6,-1,29,-1,6
1,<environment.Job instance at 0x7fc14be2deb0>,6,15,[11  2],7,-1,22,-1,7
1,<environment.Job instance at 0x7fc14aa6f190>,8,27,[ 4 14],9,-1,36,-1,9
1,<environment.Job instance at 0x7fc14b47c4b0>,9,28,[12  5],10,-1,38,-1,10
1,<environment.Job instance at 0x7fc14b47cbe0>,10,28,[2 5],11,-1,39,-1,11
1,<environment.Job instance at 0x7fc14b47cb40>,11,27,[13  3],12,-1,39,-1,12
1,<environment.Job instance at 0x7fc14b47c280>,12,26,[ 2 14],13,-1,39,-1,13
1,<environment.Job instance at 0x7fc14b47ca00>,13,25,[11  2],14,-1,39,-1,14
1,<environment.Job instance at 0x7fc14b47c460>,14,16,[11  4],15,-1,31,-1,15
1,<environment.Job instance at 0x7fc14b47c3c0>,15,13,[14  4],16,-1,29,-1,16
1,<environment.Job instance at 0x7fc14b47eeb0>,17,21,[12  2],18,-1,39,-1,18
1,<environment.Job instance at 0x7fc14b47e3c0>,18,20,[ 1 11],19,-1,39,-1,19
1,<environment.Job instance at 0x7fc14b47dd20>,19,14,[ 1 14],20,-1,34,-1,20
1,<environment.Job instance at 0x7fc14aa6f050>,21,15,[12  3],22,-1,37,-1,22
1,<environment.Job instance at 0x7fc14b465870>,23,22,[14  3],24,-1,46,-1,24
1,<environment.Job instance at 0x7fc14b469e10>,25,16,[11  4],26,-1,42,-1,26
1,<environment.Job instance at 0x7fc14b469730>,26,20,[ 5 13],27,-1,47,-1,27
1,<environment.Job instance at 0x7fc14b4693c0>,27,20,[11  5],28,-1,48,-1,28
1,<environment.Job instance at 0x7fc14c27a0f0>,28,23,[7 4],29,-1,52,-1,29
1,<environment.Job instance at 0x7fc14c27aa00>,29,22,[13  3],30,-1,52,-1,30
1,<environment.Job instance at 0x7fc14c27a3c0>,30,14,[14  2],31,-1,45,-1,31
1,<environment.Job instance at 0x7fc14c23b690>,31,19,[13  5],32,-1,51,-1,32
1,<environment.Job instance at 0x7fc14c23b2d0>,32,16,[13  3],33,-1,49,-1,33
1,<environment.Job instance at 0x7fc14b465910>,34,17,[ 1 13],35,-1,52,-1,35
1,<environment.Job instance at 0x7fc14c23beb0>,35,23,[ 3 11],36,-1,59,-1,36
1,<environment.Job instance at 0x7fc14c23bf00>,36,26,[11  1],37,-1,63,-1,37
1,<environment.Job instance at 0x7fc14c26b5a0>,39,25,[ 4 11],40,-1,65,-1,40
1,<environment.Job instance at 0x7fc14c26bf50>,41,26,[13  2],42,-1,74,-1,48
1,<environment.Job instance at 0x7fc14c260be0>,42,20,[ 2 13],43,-1,68,-1,48
1,<environment.Job instance at 0x7fc14c23be60>,37,25,[ 1 10],38,-1,76,-1,51
1,<environment.Job instance at 0x7fc14c2600f0>,45,28,[ 1 13],46,-1,79,-1,51
1,<environment.Job instance at 0x7fc14c242b40>,48,14,[11  4],49,-1,65,-1,51
1,<environment.Job instance at 0x7fc14c242b90>,49,28,[7 1],50,-1,79,-1,51
1,<environment.Job instance at 0x7fc14b7b46e0>,50,21,[11  4],51,-1,72,-1,51
1,<environment.Job instance at 0x7fc14bdfc460>,54,27,[7 1],55,-1,107,-1,80
1,<environment.Job instance at 0x7fc14b79e370>,56,28,[ 3 11],57,-1,108,-1,80
1,<environment.Job instance at 0x7fc14b55bc80>,57,12,[ 5 14],58,-1,92,-1,80
1,<environment.Job instance at 0x7fc14c24bf50>,58,26,[14  5],59,-1,106,-1,80
1,<environment.Job instance at 0x7fc14b1e2190>,59,20,[ 3 13],60,-1,100,-1,80
1,<environment.Job instance at 0x7fc14bb4cbe0>,60,23,[7 2],61,-1,103,-1,80
1,<environment.Job instance at 0x7fc14b8a4730>,62,26,[11  3],63,-1,106,-1,80
1,<environment.Job instance at 0x7fc14b8a45f0>,64,22,[13  5],65,-1,102,-1,80
1,<environment.Job instance at 0x7fc14bf10f00>,66,18,[13  1],67,-1,100,-1,82
1,<environment.Job instance at 0x7fc14b47bb90>,67,17,[ 2 13],68,-1,99,-1,82
1,<environment.Job instance at 0x7fc14b160280>,63,25,[7 5],64,-1,122,-1,97
1,<environment.Job instance at 0x7fc14b47b5a0>,69,24,[ 3 14],70,-1,121,-1,97
1,<environment.Job instance at 0x7fc14bf10af0>,68,26,[7 2],69,-1,123,-1,97
1,<environment.Job instance at 0x7fc14b47be10>,71,26,[5 5],72,-1,123,-1,97
1,<environment.Job instance at 0x7fc14b47baa0>,72,15,[ 5 14],73,-1,112,-1,97
1,<environment.Job instance at 0x7fc14b47b5f0>,73,27,[ 5 14],74,-1,124,-1,97
1,<environment.Job instance at 0x7fc14b47b460>,74,21,[13  3],75,-1,118,-1,97
1,<environment.Job instance at 0x7fc14b47bd20>,75,28,[10  4],76,-1,125,-1,97
1,<environment.Job instance at 0x7fc14b47b0a0>,76,25,[8 2],77,-1,122,-1,97
1,<environment.Job instance at 0x7fc14b47bc80>,79,13,[ 3 14],80,-1,110,-1,97
1,<environment.Job instance at 0x7fc14b7a05f0>,81,18,[11  1],82,-1,121,-1,103
1,<environment.Job instance at 0x7fc14b7a08c0>,82,12,[ 4 12],83,-1,115,-1,103
1,<environment.Job instance at 0x7fc14b7a0550>,83,27,[ 4 14],84,-1,130,-1,103
1,<environment.Job instance at 0x7fc14c272500>,86,24,[5 6],87,-1,133,-1,109
1,<environment.Job instance at 0x7fc1549998c0>,88,22,[ 4 13],89,-1,143,-1,121
1,<environment.Job instance at 0x7fc154999500>,89,24,[ 1 10],90,-1,160,-1,136
1,<environment.Job instance at 0x7fc14c30a140>,91,25,[14  1],92,-1,161,-1,136
1,<environment.Job instance at 0x7fc14c341c30>,94,28,[5 7],95,-1,176,-1,148
1,<environment.Job instance at 0x7fc14c3416e0>,95,28,[2 5],96,-1,176,-1,148
1,<environment.Job instance at 0x7fc14c341d70>,96,28,[ 2 14],97,-1,176,-1,148
1,<environment.Job instance at 0x7fc14b478c80>,98,28,[5 1],99,-1,177,-1,149
1,<environment.Job instance at 0x7fc14b478f00>,99,28,[1 9],100,-1,189,-1,161
1,<environment.Job instance at 0x7fc14b02da50>,0,17,[ 2 14],1,-1,18,-1,1
1,<environment.Job instance at 0x7fc14bf1ce60>,1,13,[13  4],2,-1,15,-1,2
1,<environment.Job instance at 0x7fc14b02dd20>,2,25,[12  2],3,-1,28,-1,3
1,<environment.Job instance at 0x7fc154eda550>,3,28,[4 9],4,-1,32,-1,4
1,<environment.Job instance at 0x7fc14b7b5780>,4,17,[14  1],5,-1,22,-1,5
1,<environment.Job instance at 0x7fc14b7b5d70>,5,19,[11  4],6,-1,25,-1,6
1,<environment.Job instance at 0x7fc14b7b5a00>,6,23,[ 1 13],7,-1,30,-1,7
1,<environment.Job instance at 0x7fc14b7b5af0>,7,25,[ 4 14],8,-1,33,-1,8
1,<environment.Job instance at 0x7fc14b7b5c80>,8,12,[12  3],9,-1,21,-1,9
1,<environment.Job instance at 0x7fc14bc710f0>,9,13,[13  5],10,-1,23,-1,10
1,<environment.Job instance at 0x7fc14b7b5960>,10,24,[9 1],11,-1,35,-1,11
1,<environment.Job instance at 0x7fc15bf9f1e0>,11,16,[ 3 14],12,-1,28,-1,12
1,<environment.Job instance at 0x7fc14c44ffa0>,15,18,[13  4],16,-1,34,-1,16
1,<environment.Job instance at 0x7fc14bf36a50>,16,24,[12  2],17,-1,41,-1,17
1,<environment.Job instance at 0x7fc14bf36a00>,17,12,[ 2 12],18,-1,30,-1,18
1,<environment.Job instance at 0x7fc14bf36eb0>,19,25,[5 1],20,-1,54,-1,29
1,<environment.Job instance at 0x7fc14bb5a320>,23,17,[ 3 12],24,-1,46,-1,29
1,<environment.Job instance at 0x7fc14c30a140>,25,16,[12  1],26,-1,45,-1,29
1,<environment.Job instance at 0x7fc14c341d70>,26,14,[ 4 13],27,-1,43,-1,29
1,<environment.Job instance at 0x7fc14c341be0>,27,21,[12  4],28,-1,50,-1,29
1,<environment.Job instance at 0x7fc14c341c30>,28,13,[ 4 12],29,-1,42,-1,29
1,<environment.Job instance at 0x7fc14b1ff050>,29,15,[14  5],30,-1,45,-1,30
1,<environment.Job instance at 0x7fc14b7a06e0>,32,23,[ 3 11],33,-1,58,-1,35
1,<environment.Job instance at 0x7fc14b7a0550>,33,24,[ 4 14],34,-1,59,-1,35
1,<environment.Job instance at 0x7fc14b47b320>,35,13,[ 4 13],36,-1,57,-1,44
1,<environment.Job instance at 0x7fc14b47b0a0>,36,25,[13  2],37,-1,69,-1,44
1,<environment.Job instance at 0x7fc14b47b460>,37,14,[ 1 11],38,-1,58,-1,44
1,<environment.Job instance at 0x7fc14b7a05f0>,34,23,[9 5],35,-1,83,-1,60
1,<environment.Job instance at 0x7fc14b47b550>,38,24,[7 4],39,-1,84,-1,60
1,<environment.Job instance at 0x7fc14b47be10>,41,26,[12  5],42,-1,86,-1,60
1,<environment.Job instance at 0x7fc14b47ba50>,42,28,[13  1],43,-1,88,-1,60
1,<environment.Job instance at 0x7fc14b47b690>,43,22,[ 5 14],44,-1,82,-1,60
1,<environment.Job instance at 0x7fc14b47bdc0>,44,20,[ 4 12],45,-1,80,-1,60
1,<environment.Job instance at 0x7fc14b160370>,45,24,[10  4],46,-1,84,-1,60
1,<environment.Job instance at 0x7fc14b20cc80>,46,18,[14  3],47,-1,78,-1,60
1,<environment.Job instance at 0x7fc14c24b550>,48,25,[6 2],49,-1,97,-1,72
1,<environment.Job instance at 0x7fc154b80f00>,55,15,[ 4 11],56,-1,101,-1,86
1,<environment.Job instance at 0x7fc14b7d1640>,56,26,[6 2],57,-1,124,-1,98
1,<environment.Job instance at 0x7fc14b7d1c80>,57,23,[8 1],58,-1,121,-1,98
1,<environment.Job instance at 0x7fc14b069d70>,62,25,[3 8],63,-1,141,-1,116
1,<environment.Job instance at 0x7fc14ace42d0>,63,17,[14  5],64,-1,133,-1,116
1,<environment.Job instance at 0x7fc14b7dfc80>,64,15,[ 3 13],65,-1,131,-1,116
1,<environment.Job instance at 0x7fc14b469410>,65,21,[11  5],66,-1,137,-1,116
1,<environment.Job instance at 0x7fc14b4697d0>,66,28,[4 9],67,-1,144,-1,116
1,<environment.Job instance at 0x7fc14b469e10>,67,23,[12  5],68,-1,139,-1,116
1,<environment.Job instance at 0x7fc14b469370>,68,23,[ 2 14],69,-1,139,-1,116
1,<environment.Job instance at 0x7fc14ae4db40>,59,26,[10  2],60,-1,142,-1,116
1,<environment.Job instance at 0x7fc14c250550>,70,24,[14  3],71,-1,140,-1,116
1,<environment.Job instance at 0x7fc14ac2c870>,71,28,[10  3],72,-1,144,-1,116
1,<environment.Job instance at 0x7fc14b29edc0>,73,23,[5 1],74,-1,139,-1,116
1,<environment.Job instance at 0x7fc14c2ea690>,76,28,[ 5 13],77,-1,158,-1,130
1,<environment.Job instance at 0x7fc14c36ab40>,78,18,[12  4],79,-1,150,-1,132
1,<environment.Job instance at 0x7fc14b933190>,79,17,[ 3 11],80,-1,149,-1,132
1,<environment.Job instance at 0x7fc14b933b40>,80,15,[ 5 11],81,-1,147,-1,132
1,<environment.Job instance at 0x7fc14afbc460>,81,28,[ 2 11],82,-1,160,-1,132
1,<environment.Job instance at 0x7fc14c272500>,82,23,[5 5],83,-1,168,-1,145
1,<environment.Job instance at 0x7fc14c272d20>,83,12,[11  3],84,-1,157,-1,145
1,<environment.Job instance at 0x7fc14c2720a0>,84,26,[ 4 12],85,-1,171,-1,145
1,<environment.Job instance at 0x7fc14c272730>,85,12,[ 4 12],86,-1,157,-1,145
1,<environment.Job instance at 0x7fc14bdda3c0>,86,24,[5 2],87,-1,169,-1,145
1,<environment.Job instance at 0x7fc14bd94820>,87,18,[14  4],88,-1,163,-1,145
1,<environment.Job instance at 0x7fc14ae0e320>,88,12,[11  2],89,-1,157,-1,145
1,<environment.Job instance at 0x7fc14ae0ecd0>,89,15,[ 2 12],90,-1,160,-1,145
1,<environment.Job instance at 0x7fc14bd29fa0>,91,28,[13  2],92,-1,173,-1,145
1,<environment.Job instance at 0x7fc14b23bf50>,94,27,[3 6],95,-1,189,-1,162
1,<environment.Job instance at 0x7fc14c242a50>,97,28,[13  2],98,-1,190,-1,162
1,<environment.Job instance at 0x7fc14bf1b190>,15,18,[14  4],16,-1,130,-1,112
1,<environment.Job instance at 0x7fc14bf108c0>,20,26,[ 5 13],21,-1,138,-1,112
1,<environment.Job instance at 0x7fc14bf10780>,23,24,[10  3],24,-1,145,-1,121
1,<environment.Job instance at 0x7fc14bf1baf0>,9,21,[ 4 10],10,-1,142,-1,121
1,<environment.Job instance at 0x7fc14bf10a00>,25,25,[11  1],26,-1,155,-1,130
1,<environment.Job instance at 0x7fc14bf10640>,26,25,[6 4],27,-1,155,-1,130
1,<environment.Job instance at 0x7fc14bf10230>,27,26,[2 9],28,-1,156,-1,130
1,<environment.Job instance at 0x7fc14bf10690>,22,23,[7 2],23,-1,153,-1,130
1,<environment.Job instance at 0x7fc14bf10eb0>,28,26,[5 5],29,-1,172,-1,146
1,<environment.Job instance at 0x7fc14bf10280>,31,22,[12  5],32,-1,169,-1,147
1,<environment.Job instance at 0x7fc14bf10cd0>,29,21,[13  1],30,-1,168,-1,147
1,<environment.Job instance at 0x7fc14bf10870>,30,15,[8 4],31,-1,164,-1,149
1,<environment.Job instance at 0x7fc14bf10410>,34,23,[10  4],35,-1,172,-1,149
1,<environment.Job instance at 0x7fc14bf10140>,19,16,[9 4],20,-1,165,-1,149
1,<environment.Job instance at 0x7fc14bf10050>,35,25,[6 5],36,-1,174,-1,149
1,<environment.Job instance at 0x7fc14bf1f910>,36,19,[ 3 12],37,-1,168,-1,149
1,<environment.Job instance at 0x7fc14bf1f8c0>,37,25,[ 2 10],38,-1,174,-1,149
1,<environment.Job instance at 0x7fc14bf1fe60>,39,21,[8 2],40,-1,173,-1,152
1,<environment.Job instance at 0x7fc14aa8d550>,0,14,[11  1],1,-1,15,-1,1
1,<environment.Job instance at 0x7fc14aa8d500>,1,21,[14  1],2,-1,23,-1,2
1,<environment.Job instance at 0x7fc14bf2f0a0>,2,24,[5 5],3,-1,27,-1,3
1,<environment.Job instance at 0x7fc14bf2f780>,3,15,[ 4 11],4,-1,19,-1,4
1,<environment.Job instance at 0x7fc14b47dd20>,4,22,[14  4],5,-1,27,-1,5
1,<environment.Job instance at 0x7fc14b47dfa0>,6,23,[12  1],7,-1,30,-1,7
1,<environment.Job instance at 0x7fc14b47d6e0>,7,28,[3 8],8,-1,36,-1,8
1,<environment.Job instance at 0x7fc14bf2f870>,8,16,[ 4 14],9,-1,25,-1,9
1,<environment.Job instance at 0x7fc14b47e410>,10,16,[ 2 12],11,-1,27,-1,11
1,<environment.Job instance at 0x7fc14b47ebe0>,11,17,[13  4],12,-1,29,-1,12
1,<environment.Job instance at 0x7fc14b47e320>,14,13,[ 2 12],15,-1,28,-1,15
1,<environment.Job instance at 0x7fc14b11ff50>,15,18,[14  4],16,-1,34,-1,16
1,<environment.Job instance at 0x7fc14b45c7d0>,18,25,[12  5],19,-1,44,-1,19
1,<environment.Job instance at 0x7fc14b45c5a0>,20,26,[ 5 13],21,-1,54,-1,28
1,<environment.Job instance at 0x7fc14b45c0a0>,21,16,[ 2 12],22,-1,44,-1,28
1,<environment.Job instance at 0x7fc14b485e60>,22,23,[7 2],23,-1,51,-1,28
1,<environment.Job instance at 0x7fc14b45cfa0>,23,24,[10  3],24,-1,52,-1,28
1,<environment.Job instance at 0x7fc14b47c320>,25,25,[11  1],26,-1,53,-1,28
1,<environment.Job instance at 0x7fc14b45c190>,24,25,[1 9],25,-1,56,-1,31
1,<environment.Job instance at 0x7fc14b47caf0>,27,26,[2 9],28,-1,57,-1,31
1,<environment.Job instance at 0x7fc14b47cbe0>,28,26,[5 5],29,-1,57,-1,31
1,<environment.Job instance at 0x7fc14b47c640>,29,21,[13  1],30,-1,52,-1,31
1,<environment.Job instance at 0x7fc14b47c370>,26,25,[6 4],27,-1,56,-1,31
1,<environment.Job instance at 0x7fc14c0e6460>,31,22,[12  5],32,-1,54,-1,32
1,<environment.Job instance at 0x7fc14aa90280>,34,23,[10  4],35,-1,78,-1,55
1,<environment.Job instance at 0x7fc14b484140>,36,19,[ 3 12],37,-1,74,-1,55
1,<environment.Job instance at 0x7fc14b484050>,35,25,[6 5],36,-1,80,-1,55
1,<environment.Job instance at 0x7fc14bca0c30>,38,21,[13  4],39,-1,76,-1,55
1,<environment.Job instance at 0x7fc14c242b40>,40,21,[ 4 14],41,-1,76,-1,55
1,<environment.Job instance at 0x7fc14bca00f0>,41,23,[ 2 11],42,-1,78,-1,55
1,<environment.Job instance at 0x7fc14c242f50>,42,24,[13  5],43,-1,79,-1,55
1,<environment.Job instance at 0x7fc14c242870>,43,27,[ 3 13],44,-1,82,-1,55
1,<environment.Job instance at 0x7fc14c242640>,44,12,[ 2 13],45,-1,67,-1,55
1,<environment.Job instance at 0x7fc14c242b90>,45,26,[6 1],46,-1,81,-1,55
1,<environment.Job instance at 0x7fc14c39a410>,47,21,[ 2 13],48,-1,76,-1,55
1,<environment.Job instance at 0x7fc14b33f460>,48,22,[12  4],49,-1,77,-1,55
1,<environment.Job instance at 0x7fc14b484eb0>,37,25,[ 2 10],38,-1,83,-1,58
1,<environment.Job instance at 0x7fc14b2fc5f0>,50,15,[11  4],51,-1,73,-1,58
1,<environment.Job instance at 0x7fc14ae0e320>,51,13,[ 2 14],52,-1,71,-1,58
1,<environment.Job instance at 0x7fc14c272550>,53,26,[14  1],54,-1,84,-1,58
1,<environment.Job instance at 0x7fc14c272780>,54,16,[ 2 14],55,-1,74,-1,58
1,<environment.Job instance at 0x7fc14c272e10>,56,13,[11  1],57,-1,80,-1,67
1,<environment.Job instance at 0x7fc14b6640a0>,58,16,[13  3],59,-1,88,-1,72
1,<environment.Job instance at 0x7fc14b933b40>,60,22,[13  2],61,-1,104,-1,82
1,<environment.Job instance at 0x7fc14b127af0>,61,23,[11  1],62,-1,105,-1,82
1,<environment.Job instance at 0x7fc14ac2c870>,62,19,[11  4],63,-1,101,-1,82
1,<environment.Job instance at 0x7fc14b29edc0>,64,19,[13  1],65,-1,103,-1,84
1,<environment.Job instance at 0x7fc14b29ecd0>,65,20,[ 5 11],66,-1,104,-1,84
1,<environment.Job instance at 0x7fc14b1135a0>,66,17,[ 3 14],67,-1,101,-1,84
1,<environment.Job instance at 0x7fc14b4697d0>,67,13,[ 1 12],68,-1,97,-1,84
1,<environment.Job instance at 0x7fc14b469e10>,68,18,[14  2],69,-1,102,-1,84
1,<environment.Job instance at 0x7fc14b4693c0>,70,25,[12  4],71,-1,109,-1,84
1,<environment.Job instance at 0x7fc154b80f00>,72,28,[1 5],73,-1,128,-1,100
1,<environment.Job instance at 0x7fc14b32c780>,75,25,[2 6],76,-1,141,-1,116
1,<environment.Job instance at 0x7fc14c23b2d0>,77,19,[12  2],78,-1,135,-1,116
1,<environment.Job instance at 0x7fc14c23b690>,78,25,[3 5],79,-1,142,-1,117
1,<environment.Job instance at 0x7fc14c23b5f0>,79,23,[5 2],80,-1,140,-1,117
1,<environment.Job instance at 0x7fc14b20cc80>,80,25,[11  4],81,-1,142,-1,117
1,<environment.Job instance at 0x7fc14c23be60>,81,23,[ 3 10],82,-1,140,-1,117
1,<environment.Job instance at 0x7fc14c24b550>,83,21,[ 4 13],84,-1,138,-1,117
1,<environment.Job instance at 0x7fc14c24b500>,84,20,[12  2],85,-1,137,-1,117
1,<environment.Job instance at 0x7fc14b47ba50>,85,28,[ 5 12],86,-1,145,-1,117
1,<environment.Job instance at 0x7fc14b47be10>,86,13,[ 3 12],87,-1,130,-1,117
1,<environment.Job instance at 0x7fc14b47b910>,87,17,[ 4 12],88,-1,134,-1,117
1,<environment.Job instance at 0x7fc14b47b550>,90,20,[ 5 12],91,-1,148,-1,128
1,<environment.Job instance at 0x7fc14b47b460>,91,23,[12  1],92,-1,151,-1,128
1,<environment.Job instance at 0x7fc14b47b190>,92,19,[13  3],93,-1,147,-1,128
1,<environment.Job instance at 0x7fc14b47b0a0>,94,12,[12  4],95,-1,143,-1,131
1,<environment.Job instance at 0x7fc14b7a05f0>,95,19,[11  5],96,-1,150,-1,131
1,<environment.Job instance at 0x7fc14b7a06e0>,97,24,[13  1],98,-1,167,-1,143
1,<environment.Job instance at 0x7fc14b7a03c0>,99,15,[13  4],100,-1,163,-1,148
1,<environment.Job instance at 0x7fc14c341be0>,100,27,[12  5],101,-1,175,-1,148
1,<environment.Job instance at 0x7fc14c341d70>,101,17,[ 5 12],102,-1,165,-1,148
1,<environment.Job instance at 0x7fc14bb5abe0>,103,21,[12  2],104,-1,169,-1,148
1,<environment.Job instance at 0x7fc14bb5a780>,104,14,[11  1],105,-1,162,-1,148
1,<environment.Job instance at 0x7fc14bf36af0>,105,23,[ 3 13],106,-1,171,-1,148
1,<environment.Job instance at 0x7fc14bf36eb0>,106,14,[13  4],107,-1,162,-1,148
1,<environment.Job instance at 0x7fc14bf36a50>,109,14,[13  4],110,-1,178,-1,164
1,<environment.Job instance at 0x7fc154db8870>,110,20,[ 5 12],111,-1,184,-1,164
1,<environment.Job instance at 0x7fc14b4f5050>,0,18,[1 6],1,-1,19,-1,1
1,<environment.Job instance at 0x7fc14bf9c050>,8,17,[14  4],9,-1,42,-1,25
1,<environment.Job instance at 0x7fc14bf9c690>,15,25,[ 4 12],16,-1,50,-1,25
1,<environment.Job instance at 0x7fc14bf9cf50>,14,23,[ 1 13],15,-1,52,-1,29
1,<environment.Job instance at 0x7fc14bf9c1e0>,16,23,[ 1 10],17,-1,52,-1,29
1,<environment.Job instance at 0x7fc14bf9cdc0>,24,28,[4 5],25,-1,124,-1,96
1,<environment.Job instance at 0x7fc14bf9c320>,3,20,[11  1],4,-1,116,-1,96
1,<environment.Job instance at 0x7fc14c3582d0>,26,24,[ 4 13],27,-1,121,-1,97
1,<environment.Job instance at 0x7fc14c358370>,27,20,[12  4],28,-1,117,-1,97
1,<environment.Job instance at 0x7fc14bf9ccd0>,21,19,[ 3 11],22,-1,116,-1,97
1,<environment.Job instance at 0x7fc14c358c30>,29,26,[3 5],30,-1,123,-1,97
1,<environment.Job instance at 0x7fc14c358be0>,25,19,[8 5],26,-1,116,-1,97
1,<environment.Job instance at 0x7fc14c358c80>,30,15,[ 4 12],31,-1,112,-1,97
1,<environment.Job instance at 0x7fc14c358d20>,31,21,[5 2],32,-1,121,-1,100
1,<environment.Job instance at 0x7fc14c358fa0>,28,20,[ 5 10],29,-1,121,-1,101
1,<environment.Job instance at 0x7fc14c358a00>,36,23,[5 5],37,-1,130,-1,107
1,<environment.Job instance at 0x7fc14c358960>,38,19,[ 2 11],39,-1,127,-1,108
1,<environment.Job instance at 0x7fc14c358f50>,40,27,[10  1],41,-1,135,-1,108
1,<environment.Job instance at 0x7fc14bf9c8c0>,13,17,[14  3],14,-1,125,-1,108
1,<environment.Job instance at 0x7fc14c358af0>,41,12,[1 9],42,-1,120,-1,108
1,<environment.Job instance at 0x7fc14b2ebcd0>,1,14,[ 5 14],2,-1,16,-1,2
1,<environment.Job instance at 0x7fc14b2eb1e0>,2,16,[13  3],3,-1,19,-1,3
1,<environment.Job instance at 0x7fc14b2ebaf0>,3,20,[11  1],4,-1,24,-1,4
1,<environment.Job instance at 0x7fc14b2eb640>,5,12,[ 2 14],6,-1,18,-1,6
1,<environment.Job instance at 0x7fc14b2d8190>,8,17,[14  4],9,-1,26,-1,9
1,<environment.Job instance at 0x7fc14b316140>,9,12,[ 1 13],10,-1,22,-1,10
1,<environment.Job instance at 0x7fc14b3169b0>,11,25,[9 1],12,-1,37,-1,12
1,<environment.Job instance at 0x7fc14b316410>,12,19,[ 2 14],13,-1,32,-1,13
1,<environment.Job instance at 0x7fc14b316cd0>,13,17,[14  3],14,-1,31,-1,14
1,<environment.Job instance at 0x7fc14b2f89b0>,14,23,[ 1 13],15,-1,38,-1,15
1,<environment.Job instance at 0x7fc14b2f82d0>,15,25,[ 4 12],16,-1,41,-1,16
1,<environment.Job instance at 0x7fc14b316a00>,17,14,[ 1 11],18,-1,32,-1,18
1,<environment.Job instance at 0x7fc14b8bf960>,7,27,[3 7],8,-1,46,-1,19
1,<environment.Job instance at 0x7fc14b2f88c0>,16,23,[ 1 10],17,-1,42,-1,19
1,<environment.Job instance at 0x7fc14b3065a0>,18,13,[ 2 11],19,-1,32,-1,19
1,<environment.Job instance at 0x7fc14b306cd0>,19,20,[ 1 11],20,-1,40,-1,20
1,<environment.Job instance at 0x7fc14b2f8b40>,20,14,[14  1],21,-1,35,-1,21
1,<environment.Job instance at 0x7fc14b302280>,21,19,[ 3 11],22,-1,41,-1,22
1,<environment.Job instance at 0x7fc14b302140>,22,17,[ 5 13],23,-1,40,-1,23
1,<environment.Job instance at 0x7fc14b302c80>,23,15,[14  4],24,-1,39,-1,24
1,<environment.Job instance at 0x7fc14b302be0>,24,28,[4 5],25,-1,55,-1,27
1,<environment.Job instance at 0x7fc14b302370>,26,24,[ 4 13],27,-1,51,-1,27
1,<environment.Job instance at 0x7fc14b30ad20>,27,20,[12  4],28,-1,48,-1,28
1,<environment.Job instance at 0x7fc14b30ad70>,30,15,[ 4 12],31,-1,46,-1,31
1,<environment.Job instance at 0x7fc14b30a3c0>,29,26,[3 5],30,-1,60,-1,34
1,<environment.Job instance at 0x7fc14b8c3d70>,35,28,[ 4 11],36,-1,64,-1,36
1,<environment.Job instance at 0x7fc14b2e0460>,38,19,[ 2 11],39,-1,64,-1,45
1,<environment.Job instance at 0x7fc14afdf320>,39,12,[14  5],40,-1,57,-1,45
1,<environment.Job instance at 0x7fc14b2e0f50>,36,23,[5 5],37,-1,68,-1,45
1,<environment.Job instance at 0x7fc14b301a00>,42,18,[ 5 12],43,-1,63,-1,45
1,<environment.Job instance at 0x7fc14b8ddaf0>,43,25,[11  3],44,-1,70,-1,45
1,<environment.Job instance at 0x7fc14b3013c0>,44,16,[ 4 12],45,-1,61,-1,45
1,<environment.Job instance at 0x7fc14b301b90>,45,20,[ 5 11],46,-1,66,-1,46
1,<environment.Job instance at 0x7fc14b301460>,46,23,[12  5],47,-1,70,-1,47
1,<environment.Job instance at 0x7fc14b313280>,47,26,[12  3],48,-1,74,-1,48
1,<environment.Job instance at 0x7fc14b313820>,49,26,[ 3 13],50,-1,81,-1,55
1,<environment.Job instance at 0x7fc14b317870>,50,23,[2 7],51,-1,78,-1,55
1,<environment.Job instance at 0x7fc14b317a50>,51,19,[14  5],52,-1,74,-1,55
1,<environment.Job instance at 0x7fc14b62cb90>,53,20,[ 4 13],54,-1,75,-1,55
1,<environment.Job instance at 0x7fc14b2d9140>,54,28,[12  1],55,-1,83,-1,55
1,<environment.Job instance at 0x7fc14b8d6410>,40,27,[10  1],41,-1,91,-1,64
1,<environment.Job instance at 0x7fc14b2d97d0>,56,13,[14  2],57,-1,77,-1,64
1,<environment.Job instance at 0x7fc14affa960>,59,26,[11  5],60,-1,93,-1,67
1,<environment.Job instance at 0x7fc14b61dc30>,60,21,[13  3],61,-1,88,-1,67
1,<environment.Job instance at 0x7fc14b61deb0>,61,27,[13  4],62,-1,94,-1,67
1,<environment.Job instance at 0x7fc14b651410>,62,24,[8 1],63,-1,102,-1,78
1,<environment.Job instance at 0x7fc14b6519b0>,64,14,[ 3 14],65,-1,92,-1,78
1,<environment.Job instance at 0x7fc14b2ad7d0>,66,20,[ 4 13],67,-1,98,-1,78
1,<environment.Job instance at 0x7fc14b657690>,67,12,[14  3],68,-1,90,-1,78
1,<environment.Job instance at 0x7fc14b657500>,68,26,[5 1],69,-1,104,-1,78
1,<environment.Job instance at 0x7fc14b3d9e10>,69,21,[13  1],70,-1,99,-1,78
1,<environment.Job instance at 0x7fc14b3c3e60>,71,22,[13  4],72,-1,100,-1,78
1,<environment.Job instance at 0x7fc14b3c3f50>,72,24,[1 8],73,-1,116,-1,92
1,<environment.Job instance at 0x7fc14b016640>,79,26,[7 5],80,-1,162,-1,136
1,<environment.Job instance at 0x7fc14b016280>,80,14,[ 5 12],81,-1,150,-1,136
1,<environment.Job instance at 0x7fc14bec1820>,82,26,[ 3 10],83,-1,162,-1,136
1,<environment.Job instance at 0x7fc14bec1f50>,83,27,[1 8],84,-1,163,-1,136
1,<environment.Job instance at 0x7fc14b61f050>,84,20,[13  5],85,-1,156,-1,136
1,<environment.Job instance at 0x7fc14b61f870>,85,23,[5 7],86,-1,159,-1,136
1,<environment.Job instance at 0x7fc14b008a50>,87,15,[12  4],88,-1,151,-1,136
1,<environment.Job instance at 0x7fc14b008780>,88,25,[9 3],89,-1,190,-1,165
1,<environment.Job instance at 0x7fc14b0087d0>,91,12,[ 4 14],92,-1,177,-1,165
1,<environment.Job instance at 0x7fc14bed5500>,92,21,[ 4 14],93,-1,186,-1,165
1,<environment.Job instance at 0x7fc14b0080a0>,93,14,[ 1 13],94,-1,179,-1,165
1,<environment.Job instance at 0x7fc14bed35a0>,94,16,[12  5],95,-1,181,-1,165
1,<environment.Job instance at 0x7fc14beca730>,95,28,[4 5],96,-1,193,-1,165
1,<environment.Job instance at 0x7fc14b40e730>,96,27,[11  5],97,-1,192,-1,165
1,<environment.Job instance at 0x7fc14afdea00>,97,18,[11  3],98,-1,183,-1,165
1,<environment.Job instance at 0x7fc14afde780>,99,17,[ 2 13],100,-1,182,-1,165
1,<environment.Job instance at 0x7fc14b3f1a50>,100,13,[11  4],101,-1,178,-1,165
1,<environment.Job instance at 0x7fc14b3f1960>,102,25,[14  5],103,-1,191,-1,166
1,<environment.Job instance at 0x7fc14b3cb050>,4,16,[4 9],5,-1,21,-1,5
1,<environment.Job instance at 0x7fc14b000e10>,0,25,[ 1 11],1,-1,26,-1,1
1,<environment.Job instance at 0x7fc14b0006e0>,1,14,[12  4],2,-1,16,-1,2
1,<environment.Job instance at 0x7fc14b000a00>,5,12,[ 3 14],6,-1,18,-1,6
1,<environment.Job instance at 0x7fc14b0005a0>,6,24,[11  4],7,-1,31,-1,7
1,<environment.Job instance at 0x7fc14b000aa0>,9,13,[12  1],10,-1,23,-1,10
1,<environment.Job instance at 0x7fc14b000960>,12,18,[13  5],13,-1,33,-1,15
1,<environment.Job instance at 0x7fc14b005be0>,13,25,[11  5],14,-1,40,-1,15
1,<environment.Job instance at 0x7fc14c2e3500>,14,17,[12  3],15,-1,32,-1,15
1,<environment.Job instance at 0x7fc14b000460>,11,26,[9 5],12,-1,41,-1,15
1,<environment.Job instance at 0x7fc14bfb40a0>,20,18,[14  5],21,-1,63,-1,45
1,<environment.Job instance at 0x7fc14b3b40f0>,19,24,[8 1],20,-1,70,-1,46
1,<environment.Job instance at 0x7fc14c1a5370>,22,28,[5 5],23,-1,74,-1,46
1,<environment.Job instance at 0x7fc14b350500>,24,28,[14  1],25,-1,74,-1,46
1,<environment.Job instance at 0x7fc14b044dc0>,25,24,[13  1],26,-1,70,-1,46
1,<environment.Job instance at 0x7fc14b2ad280>,27,26,[8 3],28,-1,85,-1,59
1,<environment.Job instance at 0x7fc14b2ad6e0>,28,24,[13  4],29,-1,83,-1,59
1,<environment.Job instance at 0x7fc14ac06190>,31,19,[ 5 14],32,-1,80,-1,61
1,<environment.Job instance at 0x7fc14ae115f0>,32,18,[14  4],33,-1,79,-1,61
1,<environment.Job instance at 0x7fc14bed2c80>,33,17,[ 5 14],34,-1,78,-1,61
1,<environment.Job instance at 0x7fc14bfe13c0>,34,13,[ 2 11],35,-1,74,-1,61
1,<environment.Job instance at 0x7fc14aedfaf0>,35,24,[6 4],36,-1,96,-1,72
1,<environment.Job instance at 0x7fc14bb9f690>,36,24,[ 2 13],37,-1,96,-1,72
1,<environment.Job instance at 0x7fc14b33e5f0>,39,24,[8 2],40,-1,100,-1,76
1,<environment.Job instance at 0x7fc14b33e320>,40,24,[ 3 14],41,-1,100,-1,76
1,<environment.Job instance at 0x7fc14b33ef00>,41,26,[ 4 11],42,-1,102,-1,76
1,<environment.Job instance at 0x7fc14adfdf50>,43,14,[ 5 14],44,-1,90,-1,76
1,<environment.Job instance at 0x7fc14bb968c0>,44,12,[13  5],45,-1,88,-1,76
1,<environment.Job instance at 0x7fc14adf2050>,45,28,[6 4],46,-1,116,-1,88
1,<environment.Job instance at 0x7fc14b67f0a0>,48,25,[11  2],49,-1,113,-1,88
1,<environment.Job instance at 0x7fc14b67f410>,49,20,[14  4],50,-1,108,-1,88
1,<environment.Job instance at 0x7fc14bbfce60>,51,15,[ 1 12],52,-1,103,-1,88
1,<environment.Job instance at 0x7fc14aaa5460>,52,15,[14  5],53,-1,103,-1,88
1,<environment.Job instance at 0x7fc14c210d20>,46,28,[8 5],47,-1,121,-1,93
1,<environment.Job instance at 0x7fc14aaa5190>,55,16,[ 3 11],56,-1,109,-1,93
1,<environment.Job instance at 0x7fc14b8ddaf0>,57,14,[ 1 12],58,-1,107,-1,93
1,<environment.Job instance at 0x7fc14b8dd8c0>,60,17,[ 2 12],61,-1,120,-1,103
1,<environment.Job instance at 0x7fc14c188410>,61,28,[12  3],62,-1,131,-1,103
1,<environment.Job instance at 0x7fc14c188370>,62,18,[11  5],63,-1,121,-1,103
1,<environment.Job instance at 0x7fc14aabd550>,66,26,[5 5],67,-1,148,-1,122
1,<environment.Job instance at 0x7fc14aabddc0>,67,28,[3 7],68,-1,162,-1,134
1,<environment.Job instance at 0x7fc14ba0ca50>,70,12,[13  5],71,-1,147,-1,135
1,<environment.Job instance at 0x7fc14ba0c6e0>,69,23,[ 2 10],70,-1,177,-1,154
1,<environment.Job instance at 0x7fc14b9f1e60>,73,26,[ 3 11],74,-1,180,-1,154
1,<environment.Job instance at 0x7fc14bee2320>,74,18,[ 3 14],75,-1,172,-1,154
1,<environment.Job instance at 0x7fc14bee2f00>,75,15,[12  2],76,-1,169,-1,154
1,<environment.Job instance at 0x7fc14b662c80>,76,24,[ 5 14],77,-1,178,-1,154
1,<environment.Job instance at 0x7fc14b6620a0>,77,24,[ 1 13],78,-1,178,-1,154
1,<environment.Job instance at 0x7fc14b142500>,78,14,[ 5 13],79,-1,168,-1,154
1,<environment.Job instance at 0x7fc14b1420f0>,79,19,[ 3 13],80,-1,173,-1,154
1,<environment.Job instance at 0x7fc14ae98d20>,80,17,[ 2 14],81,-1,171,-1,154
1,<environment.Job instance at 0x7fc14aeec910>,82,27,[12  1],83,-1,181,-1,154
1,<environment.Job instance at 0x7fc14aeec6e0>,84,21,[13  3],85,-1,176,-1,155
1,<environment.Job instance at 0x7fc14c19d820>,86,27,[ 1 14],87,-1,194,-1,167
1,<environment.Job instance at 0x7fc14bc7ed70>,0,22,[5 4],1,-1,23,-1,1
1,<environment.Job instance at 0x7fc14b646460>,1,16,[ 1 11],2,-1,18,-1,2
1,<environment.Job instance at 0x7fc14b646140>,2,19,[14  3],3,-1,22,-1,3
1,<environment.Job instance at 0x7fc14b646960>,3,25,[1 9],4,-1,29,-1,4
1,<environment.Job instance at 0x7fc14b646690>,4,21,[ 4 12],5,-1,26,-1,5
1,<environment.Job instance at 0x7fc14abea640>,5,27,[9 3],6,-1,33,-1,6
1,<environment.Job instance at 0x7fc14abea7d0>,6,24,[14  4],7,-1,31,-1,7
1,<environment.Job instance at 0x7fc14bd02f00>,7,28,[6 2],8,-1,36,-1,8
1,<environment.Job instance at 0x7fc14abea9b0>,8,12,[ 4 12],9,-1,21,-1,9
1,<environment.Job instance at 0x7fc14bef0370>,9,25,[2 7],10,-1,35,-1,10
1,<environment.Job instance at 0x7fc14bef0320>,10,26,[14  2],11,-1,37,-1,11
1,<environment.Job instance at 0x7fc14b3b79b0>,11,23,[13  4],12,-1,35,-1,12
1,<environment.Job instance at 0x7fc14b3b7910>,12,28,[6 1],13,-1,41,-1,13
1,<environment.Job instance at 0x7fc14c027460>,16,16,[ 4 12],17,-1,33,-1,17
1,<environment.Job instance at 0x7fc14c027f00>,17,15,[12  4],18,-1,33,-1,18
1,<environment.Job instance at 0x7fc14c027730>,19,28,[11  1],20,-1,48,-1,20
1,<environment.Job instance at 0x7fc14b47d9b0>,21,26,[13  2],22,-1,48,-1,22
1,<environment.Job instance at 0x7fc14b179b40>,22,21,[ 3 11],23,-1,44,-1,23
1,<environment.Job instance at 0x7fc14c3935a0>,25,25,[6 4],26,-1,60,-1,35
1,<environment.Job instance at 0x7fc14c393410>,26,21,[14  5],27,-1,56,-1,35
1,<environment.Job instance at 0x7fc14c393140>,27,26,[ 5 13],28,-1,61,-1,35
1,<environment.Job instance at 0x7fc14b3c1370>,29,27,[ 4 13],30,-1,62,-1,35
1,<environment.Job instance at 0x7fc14bec8870>,30,17,[ 5 12],31,-1,52,-1,35
1,<environment.Job instance at 0x7fc14bec8190>,31,22,[13  3],32,-1,57,-1,35
1,<environment.Job instance at 0x7fc154ed9eb0>,32,28,[ 4 10],33,-1,63,-1,35
1,<environment.Job instance at 0x7fc154ed9370>,33,14,[ 2 13],34,-1,49,-1,35
1,<environment.Job instance at 0x7fc14ae98d20>,39,24,[14  5],40,-1,92,-1,68
1,<environment.Job instance at 0x7fc14ac2d370>,38,24,[ 4 10],39,-1,100,-1,76
1,<environment.Job instance at 0x7fc14b1421e0>,41,20,[ 3 11],42,-1,96,-1,76
1,<environment.Job instance at 0x7fc14b142500>,42,13,[12  4],43,-1,89,-1,76
1,<environment.Job instance at 0x7fc14b6620a0>,44,12,[ 4 14],45,-1,88,-1,76
1,<environment.Job instance at 0x7fc14ac2d460>,40,27,[ 3 10],41,-1,103,-1,76
1,<environment.Job instance at 0x7fc14aabdd70>,48,13,[14  2],49,-1,96,-1,83
1,<environment.Job instance at 0x7fc14bec6320>,49,14,[13  2],50,-1,97,-1,83
1,<environment.Job instance at 0x7fc14bec68c0>,50,22,[ 4 12],51,-1,105,-1,83
1,<environment.Job instance at 0x7fc14b8ddd20>,53,16,[ 2 11],54,-1,115,-1,99
1,<environment.Job instance at 0x7fc14bbfcc30>,55,19,[ 3 11],56,-1,118,-1,99
1,<environment.Job instance at 0x7fc14bbfcb90>,56,28,[5 3],57,-1,127,-1,99
1,<environment.Job instance at 0x7fc14b23ab40>,57,13,[ 4 11],58,-1,112,-1,99
1,<environment.Job instance at 0x7fc14bb965f0>,60,19,[13  3],61,-1,124,-1,105
1,<environment.Job instance at 0x7fc14bb968c0>,61,20,[ 2 13],62,-1,125,-1,105
1,<environment.Job instance at 0x7fc14b3c8500>,63,15,[ 3 13],64,-1,120,-1,105
1,<environment.Job instance at 0x7fc14aedfaf0>,64,17,[11  4],65,-1,122,-1,105
1,<environment.Job instance at 0x7fc14ae115f0>,67,26,[4 9],68,-1,146,-1,120
1,<environment.Job instance at 0x7fc14b32c1e0>,68,26,[13  5],69,-1,146,-1,120
1,<environment.Job instance at 0x7fc154cd0690>,70,12,[12  2],71,-1,133,-1,121
1,<environment.Job instance at 0x7fc14b3510a0>,72,23,[14  2],73,-1,146,-1,123
1,<environment.Job instance at 0x7fc15496b2d0>,73,25,[5 3],74,-1,158,-1,133
1,<environment.Job instance at 0x7fc14b3b40f0>,75,19,[ 4 14],76,-1,152,-1,133
1,<environment.Job instance at 0x7fc14abd6820>,76,13,[ 4 13],77,-1,146,-1,133
1,<environment.Job instance at 0x7fc14be78320>,78,26,[10  5],79,-1,175,-1,149
1,<environment.Job instance at 0x7fc14bf70640>,79,14,[14  1],80,-1,163,-1,149
1,<environment.Job instance at 0x7fc14bf706e0>,80,17,[13  2],81,-1,166,-1,149
1,<environment.Job instance at 0x7fc14b0007d0>,81,23,[8 3],82,-1,172,-1,149
1,<environment.Job instance at 0x7fc14b000460>,84,28,[8 4],85,-1,195,-1,167
1,<environment.Job instance at 0x7fc14b0003c0>,85,16,[13  2],86,-1,183,-1,167
1,<environment.Job instance at 0x7fc14b000af0>,86,28,[12  2],87,-1,195,-1,167
1,<environment.Job instance at 0x7fc14b000410>,87,12,[ 5 14],88,-1,179,-1,167
1,<environment.Job instance at 0x7fc14b000500>,88,14,[14  2],89,-1,181,-1,167
1,<environment.Job instance at 0x7fc14b0001e0>,91,23,[12  3],92,-1,192,-1,169
1,<environment.Job instance at 0x7fc14bec0fa0>,2,17,[10  2],3,-1,21,-1,4
1,<environment.Job instance at 0x7fc14bed0b90>,3,22,[7 5],4,-1,28,-1,6
1,<environment.Job instance at 0x7fc14b333d20>,0,17,[13  1],1,-1,18,-1,1
1,<environment.Job instance at 0x7fc14b333960>,1,12,[11  4],2,-1,14,-1,2
1,<environment.Job instance at 0x7fc14b333a50>,4,18,[14  3],5,-1,23,-1,5
1,<environment.Job instance at 0x7fc14b333af0>,5,25,[ 3 12],6,-1,31,-1,6
1,<environment.Job instance at 0x7fc14b333870>,6,21,[ 3 11],7,-1,28,-1,7
1,<environment.Job instance at 0x7fc14b3337d0>,7,17,[ 3 14],8,-1,25,-1,8
1,<environment.Job instance at 0x7fc14b3336e0>,8,26,[ 5 13],9,-1,35,-1,9
1,<environment.Job instance at 0x7fc14b9a38c0>,10,25,[2 6],11,-1,36,-1,11
1,<environment.Job instance at 0x7fc14c32b1e0>,11,24,[3 5],12,-1,36,-1,12
1,<environment.Job instance at 0x7fc14b35e320>,13,16,[12  1],14,-1,30,-1,14
1,<environment.Job instance at 0x7fc14b333eb0>,15,18,[ 4 11],16,-1,34,-1,16
1,<environment.Job instance at 0x7fc14bb8deb0>,18,15,[ 4 13],19,-1,35,-1,20
1,<environment.Job instance at 0x7fc14c221410>,19,26,[ 1 10],20,-1,46,-1,20
1,<environment.Job instance at 0x7fc14c1fce10>,22,23,[2 8],23,-1,58,-1,35
1,<environment.Job instance at 0x7fc14c1fc780>,24,16,[13  1],25,-1,51,-1,35
1,<environment.Job instance at 0x7fc14c1fcc30>,25,28,[3 6],26,-1,63,-1,35
1,<environment.Job instance at 0x7fc14abc2dc0>,26,23,[ 5 11],27,-1,58,-1,35
1,<environment.Job instance at 0x7fc14b3a3d70>,27,28,[2 8],28,-1,63,-1,35
1,<environment.Job instance at 0x7fc14b3ae140>,28,17,[ 2 12],29,-1,52,-1,35
1,<environment.Job instance at 0x7fc14b14ae10>,33,22,[ 1 13],34,-1,72,-1,50
1,<environment.Job instance at 0x7fc14aa926e0>,35,21,[ 5 13],36,-1,83,-1,62
1,<environment.Job instance at 0x7fc14aa92e10>,36,23,[ 4 12],37,-1,85,-1,62
1,<environment.Job instance at 0x7fc14c3284b0>,37,20,[ 1 13],38,-1,82,-1,62
1,<environment.Job instance at 0x7fc14c32c550>,38,26,[1 8],39,-1,88,-1,62
1,<environment.Job instance at 0x7fc14c267a50>,39,27,[14  4],40,-1,89,-1,62
1,<environment.Job instance at 0x7fc14c261be0>,41,21,[ 1 11],42,-1,83,-1,62
1,<environment.Job instance at 0x7fc14c274cd0>,42,20,[11  2],43,-1,82,-1,62
1,<environment.Job instance at 0x7fc14b8c8eb0>,31,27,[5 8],32,-1,89,-1,62
1,<environment.Job instance at 0x7fc14c221550>,21,28,[ 5 10],22,-1,90,-1,62
1,<environment.Job instance at 0x7fc14bce0910>,47,12,[ 2 13],48,-1,74,-1,62
1,<environment.Job instance at 0x7fc14bce0140>,48,26,[13  3],49,-1,88,-1,62
1,<environment.Job instance at 0x7fc14bce0e60>,49,18,[ 5 14],50,-1,80,-1,62
1,<environment.Job instance at 0x7fc14bc7a5f0>,50,17,[12  1],51,-1,79,-1,62
1,<environment.Job instance at 0x7fc14bba7460>,51,22,[ 1 11],52,-1,84,-1,62
1,<environment.Job instance at 0x7fc14bc7a780>,52,14,[14  4],53,-1,76,-1,62
1,<environment.Job instance at 0x7fc14bc88050>,53,28,[6 1],54,-1,91,-1,63
1,<environment.Job instance at 0x7fc14bc88640>,56,27,[7 3],57,-1,105,-1,78
1,<environment.Job instance at 0x7fc14bba8d20>,57,26,[11  4],58,-1,104,-1,78
1,<environment.Job instance at 0x7fc14bc76640>,45,26,[9 3],46,-1,111,-1,85
1,<environment.Job instance at 0x7fc14bba85f0>,61,12,[14  5],62,-1,97,-1,85
1,<environment.Job instance at 0x7fc14ac2f5f0>,62,24,[11  3],63,-1,109,-1,85
1,<environment.Job instance at 0x7fc14c347640>,63,20,[14  4],64,-1,105,-1,85
1,<environment.Job instance at 0x7fc14bc8a960>,64,16,[ 1 11],65,-1,101,-1,85
1,<environment.Job instance at 0x7fc14bc8aa50>,65,19,[ 5 11],66,-1,104,-1,85
1,<environment.Job instance at 0x7fc14bc9d230>,66,22,[ 2 11],67,-1,107,-1,85
1,<environment.Job instance at 0x7fc14bc9dd20>,69,23,[12  4],70,-1,117,-1,94
1,<environment.Job instance at 0x7fc14bc9d0f0>,71,25,[13  1],72,-1,119,-1,94
1,<environment.Job instance at 0x7fc14bc9d640>,72,22,[11  2],73,-1,116,-1,94
1,<environment.Job instance at 0x7fc14bc9ccd0>,74,28,[ 3 11],75,-1,125,-1,97
1,<environment.Job instance at 0x7fc14bc9cd70>,75,12,[ 5 12],76,-1,109,-1,97
1,<environment.Job instance at 0x7fc14bc86af0>,76,17,[ 3 11],77,-1,114,-1,97
1,<environment.Job instance at 0x7fc14bc868c0>,77,16,[ 1 14],78,-1,113,-1,97
1,<environment.Job instance at 0x7fc14bc869b0>,78,24,[7 4],79,-1,132,-1,108
1,<environment.Job instance at 0x7fc14c20b780>,81,18,[ 4 12],82,-1,127,-1,109
1,<environment.Job instance at 0x7fc14c20b140>,83,13,[ 2 13],84,-1,125,-1,112
1,<environment.Job instance at 0x7fc14c20b370>,79,27,[10  1],80,-1,150,-1,123
1,<environment.Job instance at 0x7fc14bb75320>,85,21,[ 2 12],86,-1,144,-1,123
1,<environment.Job instance at 0x7fc14bb75910>,87,16,[ 4 13],88,-1,139,-1,123
1,<environment.Job instance at 0x7fc14bb75190>,86,24,[3 8],87,-1,149,-1,125
1,<environment.Job instance at 0x7fc14c20be60>,90,27,[13  5],91,-1,152,-1,125
1,<environment.Job instance at 0x7fc14ade5730>,92,28,[ 4 13],93,-1,153,-1,125
1,<environment.Job instance at 0x7fc14ade5640>,93,19,[14  3],94,-1,144,-1,125
1,<environment.Job instance at 0x7fc14ae075a0>,88,25,[5 8],89,-1,164,-1,139
1,<environment.Job instance at 0x7fc14adf0370>,95,27,[4 5],96,-1,166,-1,139
1,<environment.Job instance at 0x7fc14bc947d0>,96,26,[1 5],97,-1,165,-1,139
1,<environment.Job instance at 0x7fc14bc946e0>,97,26,[ 2 11],98,-1,165,-1,139
1,<environment.Job instance at 0x7fc14ae074b0>,89,26,[1 9],90,-1,165,-1,139
1,<environment.Job instance at 0x7fc14adf45a0>,100,16,[14  3],101,-1,155,-1,139
1,<environment.Job instance at 0x7fc14adf4550>,103,16,[13  5],104,-1,157,-1,141
1,<environment.Job instance at 0x7fc14adf4640>,104,26,[ 5 11],105,-1,167,-1,141
1,<environment.Job instance at 0x7fc14c2018c0>,105,14,[ 5 13],106,-1,155,-1,141
1,<environment.Job instance at 0x7fc14c201dc0>,108,13,[ 5 11],109,-1,168,-1,155
1,<environment.Job instance at 0x7fc14c201b90>,109,23,[3 6],110,-1,180,-1,157
1,<environment.Job instance at 0x7fc14c201820>,110,15,[14  4],111,-1,172,-1,157
1,<environment.Job instance at 0x7fc14c203780>,111,19,[ 3 11],112,-1,176,-1,157
1,<environment.Job instance at 0x7fc14c2036e0>,112,18,[11  3],113,-1,175,-1,157
1,<environment.Job instance at 0x7fc14c203b90>,113,18,[14  4],114,-1,175,-1,157
1,<environment.Job instance at 0x7fc14afbeaf0>,0,19,[5 5],1,-1,20,-1,1
1,<environment.Job instance at 0x7fc14afbe3c0>,1,19,[ 1 10],2,-1,22,-1,3
1,<environment.Job instance at 0x7fc14afbe140>,3,15,[ 5 10],4,-1,19,-1,4
1,<environment.Job instance at 0x7fc14afbe050>,4,14,[12  4],5,-1,19,-1,5
1,<environment.Job instance at 0x7fc14b1cb370>,4,14,[12  4],5,-1,19,-1,5
1,<environment.Job instance at 0x7fc14b3765f0>,5,23,[ 1 13],6,-1,29,-1,6
1,<environment.Job instance at 0x7fc14b376550>,7,14,[13  3],8,-1,22,-1,8
1,<environment.Job instance at 0x7fc14b396230>,9,24,[12  3],10,-1,34,-1,10
1,<environment.Job instance at 0x7fc14adfeb90>,10,14,[12  4],11,-1,25,-1,11
1,<environment.Job instance at 0x7fc14adfebe0>,11,23,[5 2],12,-1,43,-1,20
1,<environment.Job instance at 0x7fc14adfe140>,12,16,[12  4],13,-1,36,-1,20
1,<environment.Job instance at 0x7fc14adda4b0>,13,18,[13  5],14,-1,38,-1,20
1,<environment.Job instance at 0x7fc14adda690>,14,23,[5 5],15,-1,43,-1,20
1,<environment.Job instance at 0x7fc14adda6e0>,15,18,[13  2],16,-1,38,-1,20
1,<environment.Job instance at 0x7fc14b1cb280>,2,25,[5 8],3,-1,46,-1,21
1,<environment.Job instance at 0x7fc14adf8820>,18,20,[ 3 14],19,-1,41,-1,21
1,<environment.Job instance at 0x7fc14ae0d960>,19,20,[13  3],20,-1,41,-1,21
1,<environment.Job instance at 0x7fc14ae0d8c0>,20,27,[ 5 12],21,-1,48,-1,21
1,<environment.Job instance at 0x7fc14adf88c0>,16,27,[5 6],17,-1,48,-1,21
1,<environment.Job instance at 0x7fc14adffaf0>,22,14,[ 1 13],23,-1,37,-1,23
1,<environment.Job instance at 0x7fc14adfbc80>,24,24,[12  4],25,-1,49,-1,25
1,<environment.Job instance at 0x7fc14adfbd20>,25,13,[13  1],26,-1,39,-1,26
1,<environment.Job instance at 0x7fc14adfb0a0>,26,26,[2 7],27,-1,60,-1,34
1,<environment.Job instance at 0x7fc14adfb190>,27,25,[11  1],28,-1,59,-1,34
1,<environment.Job instance at 0x7fc14ae12320>,28,24,[ 3 14],29,-1,58,-1,34
1,<environment.Job instance at 0x7fc14ae12280>,29,26,[12  5],30,-1,60,-1,34
1,<environment.Job instance at 0x7fc14ae12fa0>,31,24,[11  1],32,-1,58,-1,34
1,<environment.Job instance at 0x7fc14adf4550>,32,25,[14  3],33,-1,59,-1,34
1,<environment.Job instance at 0x7fc14adf4780>,33,19,[11  3],34,-1,53,-1,34
1,<environment.Job instance at 0x7fc14adf45f0>,34,17,[12  2],35,-1,52,-1,35
1,<environment.Job instance at 0x7fc14bc94780>,35,23,[ 5 14],36,-1,59,-1,36
1,<environment.Job instance at 0x7fc14adf8a50>,17,24,[9 5],18,-1,61,-1,37
1,<environment.Job instance at 0x7fc14bc94a00>,36,22,[ 4 11],37,-1,59,-1,37
1,<environment.Job instance at 0x7fc14ade5780>,41,15,[ 2 13],42,-1,62,-1,47
1,<environment.Job instance at 0x7fc14ae075f0>,43,18,[ 3 13],44,-1,70,-1,52
1,<environment.Job instance at 0x7fc14ade5730>,45,25,[12  4],46,-1,77,-1,52
1,<environment.Job instance at 0x7fc14bc86be0>,46,23,[8 3],47,-1,75,-1,52
1,<environment.Job instance at 0x7fc14bc9cd70>,49,15,[13  3],50,-1,67,-1,52
1,<environment.Job instance at 0x7fc14bc9cd20>,50,17,[12  5],51,-1,69,-1,52
1,<environment.Job instance at 0x7fc14bc9ce60>,51,28,[5 3],52,-1,90,-1,62
1,<environment.Job instance at 0x7fc14bc9dd20>,52,27,[12  4],53,-1,89,-1,62
1,<environment.Job instance at 0x7fc14c347640>,54,20,[ 3 13],55,-1,82,-1,62
1,<environment.Job instance at 0x7fc14bc9d230>,55,15,[12  1],56,-1,77,-1,62
1,<environment.Job instance at 0x7fc14bc9d2d0>,56,25,[7 2],57,-1,93,-1,68
1,<environment.Job instance at 0x7fc14bc9d190>,53,24,[2 5],54,-1,92,-1,68
1,<environment.Job instance at 0x7fc14bc8a960>,58,16,[14  3],59,-1,84,-1,68
1,<environment.Job instance at 0x7fc14bc9daf0>,59,16,[ 5 12],60,-1,84,-1,68
1,<environment.Job instance at 0x7fc14bba8960>,61,27,[12  3],62,-1,95,-1,68
1,<environment.Job instance at 0x7fc14bba8dc0>,63,21,[ 1 11],64,-1,89,-1,68
1,<environment.Job instance at 0x7fc14bba8aa0>,64,26,[11  5],65,-1,94,-1,68
1,<environment.Job instance at 0x7fc14bc88050>,67,28,[14  5],68,-1,111,-1,83
1,<environment.Job instance at 0x7fc14bc88460>,68,13,[13  5],69,-1,96,-1,83
1,<environment.Job instance at 0x7fc14c328140>,69,22,[ 2 14],70,-1,105,-1,83
1,<environment.Job instance at 0x7fc14bc88190>,66,28,[ 5 10],67,-1,124,-1,96
1,<environment.Job instance at 0x7fc14bb72140>,71,23,[12  5],72,-1,119,-1,96
1,<environment.Job instance at 0x7fc14b98e4b0>,72,16,[ 2 14],73,-1,112,-1,96
1,<environment.Job instance at 0x7fc14c240d20>,70,27,[4 5],71,-1,123,-1,96
1,<environment.Job instance at 0x7fc14aa92d20>,74,19,[14  5],75,-1,115,-1,96
1,<environment.Job instance at 0x7fc14aa92e10>,75,18,[ 5 12],76,-1,114,-1,96
1,<environment.Job instance at 0x7fc14b35e320>,76,16,[ 2 11],77,-1,112,-1,96
1,<environment.Job instance at 0x7fc14bf8e5a0>,78,13,[ 4 13],79,-1,109,-1,96
1,<environment.Job instance at 0x7fc14bfbd0f0>,80,19,[ 4 13],81,-1,115,-1,96
1,<environment.Job instance at 0x7fc14b9a41e0>,81,14,[ 5 13],82,-1,110,-1,96
1,<environment.Job instance at 0x7fc14b9a4dc0>,82,13,[ 5 12],83,-1,109,-1,96
1,<environment.Job instance at 0x7fc14c2619b0>,79,27,[10  1],80,-1,126,-1,99
1,<environment.Job instance at 0x7fc14b9a4e60>,84,25,[1 6],85,-1,137,-1,112
1,<environment.Job instance at 0x7fc14c350500>,85,25,[ 5 13],86,-1,137,-1,112
1,<environment.Job instance at 0x7fc14c350dc0>,86,16,[12  2],87,-1,128,-1,112
1,<environment.Job instance at 0x7fc14c3501e0>,83,23,[10  5],84,-1,135,-1,112
1,<environment.Job instance at 0x7fc14c350460>,88,14,[ 5 13],89,-1,126,-1,112
1,<environment.Job instance at 0x7fc14c350f00>,90,27,[9 2],91,-1,139,-1,112
1,<environment.Job instance at 0x7fc14c350e60>,91,21,[14  2],92,-1,133,-1,112
1,<environment.Job instance at 0x7fc14c350f50>,92,27,[11  3],93,-1,139,-1,112
1,<environment.Job instance at 0x7fc14c350c80>,93,17,[14  5],94,-1,129,-1,112
1,<environment.Job instance at 0x7fc14c350820>,94,27,[10  4],95,-1,139,-1,112
1,<environment.Job instance at 0x7fc14c350410>,96,25,[ 1 13],97,-1,137,-1,112
1,<environment.Job instance at 0x7fc14c3508c0>,97,27,[8 4],98,-1,139,-1,112
1,<environment.Job instance at 0x7fc14c350eb0>,99,23,[ 5 12],100,-1,135,-1,112
1,<environment.Job instance at 0x7fc14c350140>,100,17,[12  2],101,-1,129,-1,112
1,<environment.Job instance at 0x7fc14c350550>,101,26,[ 2 12],102,-1,138,-1,112
1,<environment.Job instance at 0x7fc14bb81500>,104,20,[14  4],105,-1,145,-1,125
1,<environment.Job instance at 0x7fc14bb81b40>,106,18,[13  2],107,-1,145,-1,127
1,<environment.Job instance at 0x7fc14bb81410>,107,18,[12  1],108,-1,145,-1,127
1,<environment.Job instance at 0x7fc14bb816e0>,108,19,[ 3 11],109,-1,146,-1,127
1,<environment.Job instance at 0x7fc14bb81e60>,110,13,[ 4 11],111,-1,141,-1,128
1,<environment.Job instance at 0x7fc14bb81e10>,111,26,[ 2 12],112,-1,154,-1,128
1,<environment.Job instance at 0x7fc14bb810f0>,112,24,[13  2],113,-1,152,-1,128
1,<environment.Job instance at 0x7fc14bb81190>,105,23,[9 4],106,-1,168,-1,145
1,<environment.Job instance at 0x7fc14c201dc0>,114,25,[ 3 14],115,-1,170,-1,145
1,<environment.Job instance at 0x7fc14bb81a50>,113,23,[4 6],114,-1,168,-1,145
1,<environment.Job instance at 0x7fc14c201e10>,116,28,[11  3],117,-1,173,-1,145
1,<environment.Job instance at 0x7fc14c201d20>,117,26,[14  1],118,-1,171,-1,145
1,<environment.Job instance at 0x7fc14c350b40>,102,28,[4 7],103,-1,174,-1,146
1,<environment.Job instance at 0x7fc14c201370>,120,16,[13  3],121,-1,163,-1,147
1,<environment.Job instance at 0x7fc14c201320>,121,28,[7 2],122,-1,175,-1,147
1,<environment.Job instance at 0x7fc14c201b40>,122,17,[11  4],123,-1,164,-1,147
1,<environment.Job instance at 0x7fc14b14a4b0>,123,16,[ 2 12],124,-1,163,-1,147
1,<environment.Job instance at 0x7fc14b14a7d0>,124,27,[6 3],125,-1,174,-1,147
1,<environment.Job instance at 0x7fc14b14a500>,126,17,[ 5 11],127,-1,164,-1,147
1,<environment.Job instance at 0x7fc14b14a0f0>,127,16,[11  5],128,-1,163,-1,147
1,<environment.Job instance at 0x7fc14b14a320>,129,22,[14  3],130,-1,169,-1,147
1,<environment.Job instance at 0x7fc14b14a3c0>,128,27,[7 3],129,-1,191,-1,164
1,<environment.Job instance at 0x7fc14b14a190>,132,17,[ 2 14],133,-1,181,-1,164
1,<environment.Job instance at 0x7fc14b14a140>,133,19,[ 1 12],134,-1,183,-1,164
1,<environment.Job instance at 0x7fc14bba8500>,1,22,[9 2],2,-1,25,-1,3
1,<environment.Job instance at 0x7fc14bc868c0>,2,19,[9 5],3,-1,22,-1,3
1,<environment.Job instance at 0x7fc14c350190>,7,16,[5 3],8,-1,24,-1,8
1,<environment.Job instance at 0x7fc14b1cb5a0>,9,22,[2 6],10,-1,32,-1,10
1,<environment.Job instance at 0x7fc14bb819b0>,6,17,[2 7],7,-1,27,-1,10
1,<environment.Job instance at 0x7fc14b1cb690>,12,24,[ 3 12],13,-1,46,-1,22
1,<environment.Job instance at 0x7fc14b82e7d0>,18,28,[14  1],19,-1,90,-1,62
1,<environment.Job instance at 0x7fc14b1cb2d0>,11,28,[11  3],12,-1,90,-1,62
1,<environment.Job instance at 0x7fc14b82e9b0>,21,18,[ 1 11],22,-1,80,-1,62
1,<environment.Job instance at 0x7fc14b82ee60>,28,26,[2 7],29,-1,88,-1,62
1,<environment.Job instance at 0x7fc14aa708c0>,0,14,[ 3 13],1,-1,15,-1,1
1,<environment.Job instance at 0x7fc14aa70280>,5,26,[12  1],6,-1,32,-1,6
1,<environment.Job instance at 0x7fc14aa700f0>,10,27,[ 4 12],11,-1,51,-1,24
1,<environment.Job instance at 0x7fc14aa70690>,11,28,[11  3],12,-1,52,-1,24
1,<environment.Job instance at 0x7fc14aa70af0>,12,24,[ 3 12],13,-1,48,-1,24
1,<environment.Job instance at 0x7fc14aa703c0>,13,14,[ 3 12],14,-1,38,-1,24
1,<environment.Job instance at 0x7fc14aa70730>,14,13,[12  5],15,-1,37,-1,24
1,<environment.Job instance at 0x7fc14aa701e0>,15,13,[12  1],16,-1,37,-1,24
1,<environment.Job instance at 0x7fc14c201b40>,16,18,[ 4 12],17,-1,42,-1,24
1,<environment.Job instance at 0x7fc14c201370>,17,12,[13  3],18,-1,36,-1,24
1,<environment.Job instance at 0x7fc14c201870>,18,28,[14  1],19,-1,52,-1,24
1,<environment.Job instance at 0x7fc14c201e10>,21,18,[ 1 11],22,-1,42,-1,24
1,<environment.Job instance at 0x7fc14c201820>,24,24,[14  4],25,-1,49,-1,25
1,<environment.Job instance at 0x7fc14bb81a50>,27,24,[11  1],28,-1,61,-1,37
1,<environment.Job instance at 0x7fc14bb81910>,28,26,[2 7],29,-1,64,-1,38
1,<environment.Job instance at 0x7fc14bb81dc0>,29,24,[14  2],30,-1,62,-1,38
1,<environment.Job instance at 0x7fc14bb817d0>,30,23,[ 2 11],31,-1,61,-1,38
1,<environment.Job instance at 0x7fc14bb81b90>,31,28,[ 1 11],32,-1,66,-1,38
1,<environment.Job instance at 0x7fc14c350b40>,34,24,[14  5],35,-1,76,-1,52
1,<environment.Job instance at 0x7fc14c350230>,35,24,[8 3],36,-1,77,-1,53
1,<environment.Job instance at 0x7fc14c350870>,36,16,[14  1],37,-1,69,-1,53
1,<environment.Job instance at 0x7fc14c350960>,38,25,[3 6],39,-1,91,-1,66
1,<environment.Job instance at 0x7fc14c350820>,39,19,[ 4 14],40,-1,85,-1,66
1,<environment.Job instance at 0x7fc14c3500a0>,40,28,[3 6],41,-1,94,-1,66
1,<environment.Job instance at 0x7fc14c3504b0>,41,24,[14  4],42,-1,90,-1,66
1,<environment.Job instance at 0x7fc14c350f00>,44,27,[ 5 12],45,-1,93,-1,66
1,<environment.Job instance at 0x7fc14c350460>,46,16,[14  2],47,-1,85,-1,69
1,<environment.Job instance at 0x7fc14c350780>,47,25,[ 4 14],48,-1,94,-1,69
1,<environment.Job instance at 0x7fc14c350dc0>,48,18,[ 2 11],49,-1,87,-1,69
1,<environment.Job instance at 0x7fc14bfbd0f0>,49,18,[ 1 13],50,-1,87,-1,69
1,<environment.Job instance at 0x7fc14c350e60>,43,25,[7 5],44,-1,107,-1,82
1,<environment.Job instance at 0x7fc14c350410>,51,17,[13  3],52,-1,99,-1,82
1,<environment.Job instance at 0x7fc14c2619b0>,52,27,[2 5],53,-1,109,-1,82
1,<environment.Job instance at 0x7fc14bfb9640>,53,19,[ 2 13],54,-1,101,-1,82
1,<environment.Job instance at 0x7fc14b35e280>,54,14,[14  5],55,-1,96,-1,82
1,<environment.Job instance at 0x7fc14ac42c30>,55,26,[ 3 14],56,-1,108,-1,82
1,<environment.Job instance at 0x7fc14c334af0>,56,14,[13  5],57,-1,96,-1,82
1,<environment.Job instance at 0x7fc14afbecd0>,57,15,[ 2 11],58,-1,97,-1,82
1,<environment.Job instance at 0x7fc14b9a4af0>,59,24,[ 5 13],60,-1,106,-1,82
1,<environment.Job instance at 0x7fc14bb72140>,60,22,[ 3 14],61,-1,104,-1,82
1,<environment.Job instance at 0x7fc14b3b1f50>,61,17,[13  4],62,-1,99,-1,82
1,<environment.Job instance at 0x7fc14c328140>,63,15,[ 1 13],64,-1,97,-1,82
1,<environment.Job instance at 0x7fc14c3284b0>,64,19,[14  1],65,-1,101,-1,82
1,<environment.Job instance at 0x7fc14bc88050>,66,15,[13  5],67,-1,112,-1,97
1,<environment.Job instance at 0x7fc14bc88870>,67,15,[12  1],68,-1,112,-1,97
1,<environment.Job instance at 0x7fc14c347640>,68,17,[13  2],69,-1,114,-1,97
1,<environment.Job instance at 0x7fc14bc8a960>,69,21,[11  3],70,-1,118,-1,97
1,<environment.Job instance at 0x7fc14bc8aa50>,70,23,[5 5],71,-1,120,-1,97
1,<environment.Job instance at 0x7fc14bc9dc30>,71,14,[ 1 13],72,-1,111,-1,97
1,<environment.Job instance at 0x7fc14bc9ddc0>,73,25,[11  4],74,-1,122,-1,97
1,<environment.Job instance at 0x7fc14bc9daf0>,75,25,[3 5],76,-1,122,-1,97
1,<environment.Job instance at 0x7fc14bc9ce10>,76,19,[11  4],77,-1,116,-1,97
1,<environment.Job instance at 0x7fc14bc9ccd0>,77,19,[ 5 14],78,-1,116,-1,97
1,<environment.Job instance at 0x7fc14bc86a50>,79,15,[14  3],80,-1,112,-1,97
1,<environment.Job instance at 0x7fc14bc864b0>,80,14,[ 1 13],81,-1,111,-1,97
1,<environment.Job instance at 0x7fc14bc86af0>,81,25,[4 6],82,-1,122,-1,97
1,<environment.Job instance at 0x7fc14ae075a0>,82,25,[ 1 14],83,-1,122,-1,97
1,<environment.Job instance at 0x7fc14ade5640>,83,27,[ 2 11],84,-1,124,-1,97
1,<environment.Job instance at 0x7fc14ade56e0>,84,17,[ 5 11],85,-1,114,-1,97
1,<environment.Job instance at 0x7fc14addb2d0>,85,21,[14  1],86,-1,118,-1,97
1,<environment.Job instance at 0x7fc14adf45f0>,89,27,[13  1],90,-1,136,-1,109
1,<environment.Job instance at 0x7fc14adf4820>,90,14,[11  3],91,-1,123,-1,109
1,<environment.Job instance at 0x7fc14adf4780>,91,16,[13  4],92,-1,125,-1,109
1,<environment.Job instance at 0x7fc14adf4460>,92,24,[12  4],93,-1,133,-1,109
1,<environment.Job instance at 0x7fc14ae123c0>,94,15,[ 3 13],95,-1,127,-1,112
1,<environment.Job instance at 0x7fc14adfbd20>,97,12,[14  3],98,-1,136,-1,124
1,<environment.Job instance at 0x7fc14adfbb40>,98,14,[11  3],99,-1,138,-1,124
1,<environment.Job instance at 0x7fc14adfbc80>,99,27,[ 1 13],100,-1,151,-1,124
1,<environment.Job instance at 0x7fc14adffb40>,100,14,[ 5 12],101,-1,138,-1,124
1,<environment.Job instance at 0x7fc14adfb320>,104,14,[12  5],105,-1,169,-1,155
1,<environment.Job instance at 0x7fc14b0117d0>,1,21,[10  4],2,-1,24,-1,3
1,<environment.Job instance at 0x7fc14b011370>,13,20,[12  4],14,-1,59,-1,39
1,<environment.Job instance at 0x7fc14b011fa0>,11,14,[ 1 11],12,-1,53,-1,39
1,<environment.Job instance at 0x7fc14b0110a0>,15,18,[9 3],16,-1,57,-1,39
1,<environment.Job instance at 0x7fc14b011be0>,10,19,[11  3],11,-1,58,-1,39
1,<environment.Job instance at 0x7fc14b011780>,6,17,[10  2],7,-1,56,-1,39
1,<environment.Job instance at 0x7fc14b764640>,0,13,[ 3 13],1,-1,14,-1,1
1,<environment.Job instance at 0x7fc14b764230>,3,17,[13  5],4,-1,21,-1,4
1,<environment.Job instance at 0x7fc14b82e320>,4,25,[11  3],5,-1,30,-1,5
1,<environment.Job instance at 0x7fc14b82e410>,5,16,[11  1],6,-1,22,-1,6
1,<environment.Job instance at 0x7fc14b7645a0>,7,13,[ 5 12],8,-1,21,-1,8
1,<environment.Job instance at 0x7fc14bc94a00>,8,25,[1 6],9,-1,34,-1,9
1,<environment.Job instance at 0x7fc14bc946e0>,9,21,[ 4 13],10,-1,31,-1,10
1,<environment.Job instance at 0x7fc14bc94d70>,10,19,[11  3],11,-1,30,-1,11
1,<environment.Job instance at 0x7fc14b82b320>,11,14,[ 1 11],12,-1,26,-1,12
1,<environment.Job instance at 0x7fc14b1cb280>,12,25,[ 1 12],13,-1,38,-1,13
1,<environment.Job instance at 0x7fc14b1cb550>,13,20,[12  4],14,-1,34,-1,14
1,<environment.Job instance at 0x7fc14b1cb6e0>,14,23,[5 1],15,-1,38,-1,15
1,<environment.Job instance at 0x7fc14b1cb5f0>,16,23,[ 2 14],17,-1,40,-1,17
1,<environment.Job instance at 0x7fc14b14a4b0>,17,27,[ 3 13],18,-1,45,-1,18
1,<environment.Job instance at 0x7fc14b14ae10>,18,12,[ 2 13],19,-1,31,-1,19
1,<environment.Job instance at 0x7fc14b14af50>,19,19,[ 1 14],20,-1,39,-1,20
1,<environment.Job instance at 0x7fc14b14a690>,22,16,[13  5],23,-1,39,-1,23
1,<environment.Job instance at 0x7fc14b14a410>,25,12,[12  2],26,-1,47,-1,35
1,<environment.Job instance at 0x7fc14b14a190>,27,24,[ 3 11],28,-1,59,-1,35
1,<environment.Job instance at 0x7fc14b14aeb0>,28,26,[6 5],29,-1,75,-1,49
1,<environment.Job instance at 0x7fc14b14a9b0>,30,27,[1 5],31,-1,76,-1,49
1,<environment.Job instance at 0x7fc14b14a280>,32,17,[12  2],33,-1,66,-1,49
1,<environment.Job instance at 0x7fc14b14a050>,33,23,[6 1],34,-1,86,-1,63
1,<environment.Job instance at 0x7fc14b14a2d0>,35,20,[ 1 14],36,-1,83,-1,63
1,<environment.Job instance at 0x7fc14bc7a690>,36,19,[ 1 11],37,-1,82,-1,63
1,<environment.Job instance at 0x7fc14bc7a140>,37,24,[5 8],38,-1,101,-1,77
1,<environment.Job instance at 0x7fc14b376730>,40,27,[ 3 12],41,-1,104,-1,77
1,<environment.Job instance at 0x7fc14b376820>,41,18,[ 3 12],42,-1,95,-1,77
1,<environment.Job instance at 0x7fc14b396230>,42,13,[14  2],43,-1,90,-1,77
1,<environment.Job instance at 0x7fc14b14ab40>,38,27,[10  2],39,-1,107,-1,80
1,<environment.Job instance at 0x7fc14adfec30>,45,19,[ 1 14],46,-1,99,-1,80
1,<environment.Job instance at 0x7fc14adda5f0>,47,28,[14  1],48,-1,121,-1,93
1,<environment.Job instance at 0x7fc14adda4b0>,48,23,[1 6],49,-1,118,-1,95
1,<environment.Job instance at 0x7fc14ae0d910>,49,27,[9 4],50,-1,137,-1,110
1,<environment.Job instance at 0x7fc14adf8a00>,51,17,[11  2],52,-1,127,-1,110
1,<environment.Job instance at 0x7fc14adfb320>,55,23,[2 5],56,-1,146,-1,123
1,<environment.Job instance at 0x7fc14adfbbe0>,56,18,[13  4],57,-1,141,-1,123
1,<environment.Job instance at 0x7fc14adfbd20>,57,23,[2 8],58,-1,146,-1,123
1,<environment.Job instance at 0x7fc14ae12280>,59,18,[13  2],60,-1,141,-1,123
1,<environment.Job instance at 0x7fc14ae12410>,60,23,[5 6],61,-1,146,-1,123
1,<environment.Job instance at 0x7fc14ae12320>,61,15,[14  5],62,-1,138,-1,123
1,<environment.Job instance at 0x7fc14ae123c0>,62,15,[12  2],63,-1,138,-1,123
1,<environment.Job instance at 0x7fc14adf4780>,63,24,[3 6],64,-1,147,-1,123
1,<environment.Job instance at 0x7fc14adf44b0>,65,28,[ 3 14],66,-1,151,-1,123
1,<environment.Job instance at 0x7fc14adf45f0>,66,22,[13  2],67,-1,145,-1,123
1,<environment.Job instance at 0x7fc14adf0320>,67,12,[13  5],68,-1,135,-1,123
1,<environment.Job instance at 0x7fc14ade56e0>,69,17,[12  1],70,-1,140,-1,123
1,<environment.Job instance at 0x7fc14ae074b0>,71,22,[ 2 12],72,-1,145,-1,123
1,<environment.Job instance at 0x7fc14ade5550>,72,15,[ 4 13],73,-1,138,-1,123
1,<environment.Job instance at 0x7fc14bc869b0>,73,28,[7 2],74,-1,163,-1,135
1,<environment.Job instance at 0x7fc14bc86a50>,74,24,[6 2],75,-1,159,-1,135
1,<environment.Job instance at 0x7fc14bc9ce10>,78,25,[8 2],79,-1,179,-1,154
1,<environment.Job instance at 0x7fc14bc9d190>,79,16,[13  4],80,-1,170,-1,154
1,<environment.Job instance at 0x7fc14c347640>,80,26,[12  2],81,-1,180,-1,154
1,<environment.Job instance at 0x7fc14bc9d1e0>,81,26,[ 1 14],82,-1,180,-1,154
1,<environment.Job instance at 0x7fc14bc9d0f0>,82,28,[ 4 12],83,-1,182,-1,154
1,<environment.Job instance at 0x7fc14bc8a960>,83,24,[8 1],84,-1,178,-1,154
1,<environment.Job instance at 0x7fc14bc8aa00>,84,28,[13  4],85,-1,182,-1,154
1,<environment.Job instance at 0x7fc14b3b1f50>,87,20,[12  3],88,-1,188,-1,168
1,<environment.Job instance at 0x7fc14c240d20>,88,13,[ 2 12],89,-1,181,-1,168
1,<environment.Job instance at 0x7fc14ad40e10>,3,19,[5 7],4,-1,23,-1,4
1,<environment.Job instance at 0x7fc14ad40c30>,6,24,[ 2 13],7,-1,38,-1,14
1,<environment.Job instance at 0x7fc14b558780>,13,23,[ 1 10],14,-1,37,-1,14
1,<environment.Job instance at 0x7fc14ac2cb40>,5,18,[12  2],6,-1,32,-1,14
1,<environment.Job instance at 0x7fc14b73dfa0>,16,24,[ 1 10],17,-1,42,-1,18
1,<environment.Job instance at 0x7fc14c201b40>,1,14,[ 5 13],2,-1,16,-1,2
1,<environment.Job instance at 0x7fc14c201e10>,4,27,[ 4 11],5,-1,32,-1,5
1,<environment.Job instance at 0x7fc14ac42c30>,5,18,[12  2],6,-1,24,-1,6
1,<environment.Job instance at 0x7fc14c201820>,6,24,[ 2 13],7,-1,31,-1,7
1,<environment.Job instance at 0x7fc14c3284b0>,7,13,[ 1 11],8,-1,21,-1,8
1,<environment.Job instance at 0x7fc14b376780>,12,15,[13  2],13,-1,28,-1,13
1,<environment.Job instance at 0x7fc14b3766e0>,13,23,[ 1 10],14,-1,37,-1,14
1,<environment.Job instance at 0x7fc14b1cb230>,14,16,[ 1 12],15,-1,31,-1,15
1,<environment.Job instance at 0x7fc14b73db40>,16,24,[ 1 10],17,-1,41,-1,17
1,<environment.Job instance at 0x7fc14ac2c460>,18,16,[12  1],19,-1,35,-1,19
1,<environment.Job instance at 0x7fc14ad40f50>,15,24,[10  2],16,-1,52,-1,28
1,<environment.Job instance at 0x7fc14b74f0a0>,20,15,[13  3],21,-1,43,-1,28
1,<environment.Job instance at 0x7fc14b1cb550>,22,17,[ 5 13],23,-1,45,-1,28
1,<environment.Job instance at 0x7fc14bd5da00>,23,22,[14  1],24,-1,50,-1,28
1,<environment.Job instance at 0x7fc14bd5d320>,25,24,[14  5],26,-1,63,-1,39
1,<environment.Job instance at 0x7fc14bd5ddc0>,26,25,[ 3 14],27,-1,64,-1,39
1,<environment.Job instance at 0x7fc14bd5d0f0>,27,25,[6 2],28,-1,64,-1,39
1,<environment.Job instance at 0x7fc14bd18730>,32,17,[14  4],33,-1,70,-1,53
1,<environment.Job instance at 0x7fc14bd18b40>,33,27,[2 7],34,-1,89,-1,62
1,<environment.Job instance at 0x7fc14bd18370>,35,13,[ 5 14],36,-1,75,-1,62
1,<environment.Job instance at 0x7fc14bd180f0>,36,13,[14  5],37,-1,75,-1,62
1,<environment.Job instance at 0x7fc14bd18af0>,37,15,[ 4 11],38,-1,77,-1,62
1,<environment.Job instance at 0x7fc14bd18c80>,38,13,[11  2],39,-1,75,-1,62
1,<environment.Job instance at 0x7fc14ae0c4b0>,43,17,[ 5 13],44,-1,86,-1,69
1,<environment.Job instance at 0x7fc14ae0cc30>,44,18,[ 1 13],45,-1,87,-1,69
1,<environment.Job instance at 0x7fc14ae0ccd0>,45,14,[12  3],46,-1,83,-1,69
1,<environment.Job instance at 0x7fc14ae0c5f0>,46,28,[ 1 12],47,-1,97,-1,69
1,<environment.Job instance at 0x7fc14ae0c9b0>,47,24,[ 2 10],48,-1,104,-1,80
1,<environment.Job instance at 0x7fc14ae0c7d0>,50,25,[14  2],51,-1,111,-1,86
1,<environment.Job instance at 0x7fc14ae0cf50>,52,17,[14  3],53,-1,111,-1,94
1,<environment.Job instance at 0x7fc14ae0cf00>,57,22,[13  1],58,-1,141,-1,119
1,<environment.Job instance at 0x7fc14ae0c690>,56,26,[8 3],57,-1,151,-1,125
1,<environment.Job instance at 0x7fc14c2185f0>,59,16,[ 5 11],60,-1,141,-1,125
1,<environment.Job instance at 0x7fc14c218b90>,62,22,[ 3 14],63,-1,160,-1,138
1,<environment.Job instance at 0x7fc14c218a50>,66,14,[13  2],67,-1,167,-1,153
1,<environment.Job instance at 0x7fc14befb9b0>,0,25,[ 5 12],1,-1,26,-1,1
1,<environment.Job instance at 0x7fc14befb550>,1,16,[ 5 11],2,-1,18,-1,2
1,<environment.Job instance at 0x7fc14befb140>,3,28,[9 1],4,-1,32,-1,4
1,<environment.Job instance at 0x7fc14befb230>,4,16,[12  1],5,-1,21,-1,5
1,<environment.Job instance at 0x7fc14aadfe60>,5,17,[11  5],6,-1,23,-1,6
1,<environment.Job instance at 0x7fc14befbdc0>,8,17,[ 3 14],9,-1,26,-1,9
1,<environment.Job instance at 0x7fc14aadff00>,10,19,[14  5],11,-1,30,-1,11
1,<environment.Job instance at 0x7fc14bca7a50>,11,18,[ 3 12],12,-1,30,-1,12
1,<environment.Job instance at 0x7fc14aadf0a0>,13,23,[ 3 11],14,-1,37,-1,14
1,<environment.Job instance at 0x7fc14aadfaf0>,7,24,[5 2],8,-1,44,-1,20
1,<environment.Job instance at 0x7fc14b67e500>,16,21,[14  4],17,-1,41,-1,20
1,<environment.Job instance at 0x7fc14b67efa0>,18,26,[10  1],19,-1,46,-1,20
1,<environment.Job instance at 0x7fc14bca7fa0>,14,26,[8 3],15,-1,46,-1,20
1,<environment.Job instance at 0x7fc14b67e190>,20,20,[11  5],21,-1,41,-1,21
1,<environment.Job instance at 0x7fc14b8a15a0>,21,12,[ 4 13],22,-1,34,-1,22
1,<environment.Job instance at 0x7fc14b8a1640>,22,28,[ 5 13],23,-1,51,-1,23
1,<environment.Job instance at 0x7fc14b67ed20>,24,13,[ 3 11],25,-1,38,-1,25
1,<environment.Job instance at 0x7fc14b8a19b0>,27,23,[ 1 11],28,-1,55,-1,32
1,<environment.Job instance at 0x7fc14b8a1b90>,29,18,[ 1 11],30,-1,54,-1,36
1,<environment.Job instance at 0x7fc14b8a1cd0>,30,22,[ 4 13],31,-1,58,-1,36
1,<environment.Job instance at 0x7fc14b8a1730>,31,24,[11  1],32,-1,60,-1,36
1,<environment.Job instance at 0x7fc14b8a1870>,33,18,[12  4],34,-1,63,-1,45
1,<environment.Job instance at 0x7fc14afeea50>,34,13,[12  5],35,-1,58,-1,45
1,<environment.Job instance at 0x7fc14afee050>,36,19,[ 1 12],37,-1,74,-1,55
1,<environment.Job instance at 0x7fc14afee0a0>,37,26,[8 2],38,-1,81,-1,55
1,<environment.Job instance at 0x7fc14b3e30a0>,40,25,[5 5],41,-1,92,-1,67
1,<environment.Job instance at 0x7fc14b3e3c80>,41,17,[ 1 14],42,-1,84,-1,67
1,<environment.Job instance at 0x7fc14b3e3550>,43,17,[ 3 14],44,-1,84,-1,67
1,<environment.Job instance at 0x7fc14b3e3f00>,45,16,[11  5],46,-1,85,-1,69
1,<environment.Job instance at 0x7fc14b3e3f50>,46,28,[ 2 12],47,-1,97,-1,69
1,<environment.Job instance at 0x7fc14b3e3dc0>,47,17,[ 4 14],48,-1,86,-1,69
1,<environment.Job instance at 0x7fc14b3e3e60>,49,23,[13  5],50,-1,106,-1,83
1,<environment.Job instance at 0x7fc14b3e3910>,50,25,[ 4 14],51,-1,108,-1,83
1,<environment.Job instance at 0x7fc14b3e3c30>,51,26,[ 1 12],52,-1,109,-1,83
1,<environment.Job instance at 0x7fc14b27a820>,53,18,[14  3],54,-1,104,-1,86
1,<environment.Job instance at 0x7fc14b27a5f0>,55,12,[13  4],56,-1,98,-1,86
1,<environment.Job instance at 0x7fc14acd1cd0>,57,23,[4 5],58,-1,121,-1,98
1,<environment.Job instance at 0x7fc14acd1c30>,59,12,[13  3],60,-1,110,-1,98
1,<environment.Job instance at 0x7fc14b27a140>,54,23,[1 9],55,-1,133,-1,110
1,<environment.Job instance at 0x7fc14acd1af0>,61,24,[ 5 14],62,-1,134,-1,110
1,<environment.Job instance at 0x7fc14acd11e0>,62,12,[14  2],63,-1,122,-1,110
1,<environment.Job instance at 0x7fc14acd1140>,63,21,[ 5 12],64,-1,131,-1,110
1,<environment.Job instance at 0x7fc14acd1550>,64,15,[ 5 11],65,-1,125,-1,110
1,<environment.Job instance at 0x7fc14b27a640>,56,28,[ 3 10],57,-1,138,-1,110
1,<environment.Job instance at 0x7fc14acd17d0>,66,15,[ 5 12],67,-1,125,-1,110
1,<environment.Job instance at 0x7fc14acd12d0>,60,26,[7 5],61,-1,136,-1,110
1,<environment.Job instance at 0x7fc14bd1a2d0>,68,22,[ 3 13],69,-1,132,-1,110
1,<environment.Job instance at 0x7fc14bd1a4b0>,70,24,[ 4 12],71,-1,134,-1,110
1,<environment.Job instance at 0x7fc14bd1acd0>,71,18,[ 5 14],72,-1,128,-1,110
1,<environment.Job instance at 0x7fc14bd1a320>,74,26,[ 5 10],75,-1,150,-1,124
1,<environment.Job instance at 0x7fc14bd1a640>,75,18,[12  1],76,-1,142,-1,124
1,<environment.Job instance at 0x7fc14bd1a3c0>,76,15,[11  2],77,-1,139,-1,124
1,<environment.Job instance at 0x7fc14b403050>,77,25,[4 6],78,-1,149,-1,124
1,<environment.Job instance at 0x7fc14b403aa0>,80,23,[ 2 14],81,-1,147,-1,124
1,<environment.Job instance at 0x7fc14b403230>,83,18,[12  5],84,-1,155,-1,137
1,<environment.Job instance at 0x7fc14b403dc0>,85,15,[13  3],86,-1,152,-1,137
1,<environment.Job instance at 0x7fc14b403370>,86,24,[ 4 14],87,-1,161,-1,137
1,<environment.Job instance at 0x7fc14b403fa0>,87,17,[13  5],88,-1,154,-1,137
1,<environment.Job instance at 0x7fc14c218c80>,88,22,[ 3 14],89,-1,159,-1,137
1,<environment.Job instance at 0x7fc14c218fa0>,89,13,[11  2],90,-1,150,-1,137
1,<environment.Job instance at 0x7fc14c218a50>,92,24,[ 4 11],93,-1,177,-1,153
1,<environment.Job instance at 0x7fc14c218230>,93,28,[ 1 13],94,-1,181,-1,153
1,<environment.Job instance at 0x7fc14c218cd0>,94,18,[11  5],95,-1,171,-1,153
1,<environment.Job instance at 0x7fc14c218be0>,97,24,[14  3],98,-1,178,-1,154
1,<environment.Job instance at 0x7fc14c218320>,99,22,[13  5],100,-1,188,-1,166
1,<environment.Job instance at 0x7fc14c218a00>,100,23,[14  2],101,-1,189,-1,166
1,<environment.Job instance at 0x7fd3ea4bcb90>,2,20,[7 4],3,-1,23,-1,3
1,<environment.Job instance at 0x7fd3ea4b4050>,3,13,[12  4],4,-1,17,-1,4
1,<environment.Job instance at 0x7fd3ea641320>,5,24,[ 2 14],6,-1,30,-1,6
1,<environment.Job instance at 0x7fd3ea4b4a00>,6,15,[ 2 14],7,-1,22,-1,7
1,<environment.Job instance at 0x7fd3ea4b46e0>,8,20,[ 4 13],9,-1,29,-1,9
1,<environment.Job instance at 0x7fd3f3b06870>,9,16,[12  1],10,-1,26,-1,10
1,<environment.Job instance at 0x7fd3ea4b4d20>,4,24,[7 2],5,-1,42,-1,18
1,<environment.Job instance at 0x7fd3ea4bc960>,12,28,[ 1 14],13,-1,46,-1,18
1,<environment.Job instance at 0x7fd3ea5f3690>,14,15,[14  4],15,-1,33,-1,18
1,<environment.Job instance at 0x7fd3ea580f00>,15,20,[ 3 12],16,-1,38,-1,18
1,<environment.Job instance at 0x7fd3ea4cc280>,1,24,[10  1],2,-1,47,-1,23
1,<environment.Job instance at 0x7fd3ea5f35f0>,17,19,[12  4],18,-1,42,-1,23
1,<environment.Job instance at 0x7fd3ea5e1690>,18,18,[13  1],19,-1,41,-1,23
1,<environment.Job instance at 0x7fd3ea5e16e0>,19,23,[8 4],20,-1,46,-1,23
1,<environment.Job instance at 0x7fd3ea6db320>,20,17,[ 2 14],21,-1,40,-1,23
1,<environment.Job instance at 0x7fd3ea643a00>,21,14,[ 4 11],22,-1,37,-1,23
1,<environment.Job instance at 0x7fd3ea4b4410>,7,26,[9 3],8,-1,49,-1,23
1,<environment.Job instance at 0x7fd3ea5ae410>,16,28,[5 1],17,-1,51,-1,23
1,<environment.Job instance at 0x7fd3ea5c83c0>,23,16,[12  2],24,-1,40,-1,24
1,<environment.Job instance at 0x7fd3ea57e4b0>,27,17,[ 4 12],28,-1,50,-1,33
1,<environment.Job instance at 0x7fd3ea57e0f0>,28,17,[ 1 13],29,-1,50,-1,33
1,<environment.Job instance at 0x7fd3ea57e910>,29,24,[ 4 13],30,-1,57,-1,33
1,<environment.Job instance at 0x7fd3ea57e9b0>,30,26,[11  4],31,-1,59,-1,33
1,<environment.Job instance at 0x7fd3ea57e550>,31,28,[ 2 10],32,-1,61,-1,33
1,<environment.Job instance at 0x7fd3ea6692d0>,25,24,[5 7],26,-1,57,-1,33
1,<environment.Job instance at 0x7fd3ea57e410>,33,28,[6 4],34,-1,64,-1,36
1,<environment.Job instance at 0x7fd3ea57ec30>,34,24,[5 5],35,-1,60,-1,36
1,<environment.Job instance at 0x7fd3ea57e230>,37,14,[ 5 14],38,-1,52,-1,38
1,<environment.Job instance at 0x7fd3ea664230>,38,24,[13  2],39,-1,63,-1,39
1,<environment.Job instance at 0x7fd3ea6640f0>,40,26,[ 1 14],41,-1,71,-1,45
1,<environment.Job instance at 0x7fd3ea664190>,42,12,[ 5 12],43,-1,57,-1,45
1,<environment.Job instance at 0x7fd3ea5b9b40>,44,12,[11  3],45,-1,64,-1,52
1,<environment.Job instance at 0x7fd3ea561dc0>,45,12,[ 3 14],46,-1,64,-1,52
1,<environment.Job instance at 0x7fd3ea561960>,47,14,[12  2],48,-1,71,-1,57
1,<environment.Job instance at 0x7fd3ea5b71e0>,48,14,[ 1 11],49,-1,71,-1,57
1,<environment.Job instance at 0x7fd3ea547be0>,50,13,[ 4 12],51,-1,81,-1,68
1,<environment.Job instance at 0x7fd3ea57d7d0>,52,21,[14  2],53,-1,89,-1,68
1,<environment.Job instance at 0x7fd3ea57d5a0>,55,12,[ 2 12],56,-1,99,-1,87
1,<environment.Job instance at 0x7fd3ea57d870>,57,16,[ 2 11],58,-1,104,-1,88
1,<environment.Job instance at 0x7fd3ea57d6e0>,58,17,[ 3 13],59,-1,105,-1,88
1,<environment.Job instance at 0x7fd3ea57da50>,60,28,[2 6],61,-1,116,-1,88
1,<environment.Job instance at 0x7fd3ea57dd70>,61,23,[13  5],62,-1,111,-1,88
1,<environment.Job instance at 0x7fd3ea5e7a00>,62,14,[ 4 11],63,-1,102,-1,88
1,<environment.Job instance at 0x7fd3ea612af0>,64,24,[2 8],65,-1,112,-1,88
1,<environment.Job instance at 0x7fd3ea612230>,65,26,[5 5],66,-1,126,-1,100
1,<environment.Job instance at 0x7fd3ea579f00>,66,17,[ 4 12],67,-1,117,-1,100
1,<environment.Job instance at 0x7fd3ea5795a0>,69,26,[1 7],70,-1,126,-1,100
1,<environment.Job instance at 0x7fd3ea579500>,72,28,[11  1],73,-1,141,-1,113
1,<environment.Job instance at 0x7fd3ea5e0780>,79,14,[12  1],80,-1,172,-1,158
1,<environment.Job instance at 0x7fd3ea5e0550>,80,19,[12  3],81,-1,177,-1,158
1,<environment.Job instance at 0x7fd3e9c110f0>,0,26,[3 9],1,-1,27,-1,1
1,<environment.Job instance at 0x7fd3e9c0fa00>,13,15,[9 5],14,-1,93,-1,78
1,<environment.Job instance at 0x7fd3e9c10e10>,17,19,[3 8],18,-1,108,-1,89
1,<environment.Job instance at 0x7fd3e9c0fbe0>,15,21,[5 9],16,-1,151,-1,130
1,<environment.Job instance at 0x7fd3e9c103c0>,23,15,[6 1],24,-1,145,-1,130
1,<environment.Job instance at 0x7fd3e9c10140>,24,18,[5 4],25,-1,148,-1,130
1,<environment.Job instance at 0x7fd3e9c104b0>,25,13,[12  2],26,-1,144,-1,131
1,<environment.Job instance at 0x7fd3e9c10320>,26,27,[10  5],27,-1,158,-1,131
1,<environment.Job instance at 0x7fd3e9c10d70>,16,18,[7 1],17,-1,151,-1,133
1,<environment.Job instance at 0x7fd3e9c06050>,28,24,[12  2],29,-1,157,-1,133
1,<environment.Job instance at 0x7fd3e9c06a50>,29,20,[12  3],30,-1,153,-1,133
1,<environment.Job instance at 0x7fd3e9d8feb0>,30,20,[ 2 10],31,-1,153,-1,133
1,<environment.Job instance at 0x7fd3e9e9d500>,31,15,[11  5],32,-1,148,-1,133
1,<environment.Job instance at 0x7fd3e9cf2c80>,32,19,[14  4],33,-1,152,-1,133
1,<environment.Job instance at 0x7fd3e9cf27d0>,33,17,[ 3 12],34,-1,151,-1,134
1,<environment.Job instance at 0x7fd3e9cf25a0>,34,13,[2 5],35,-1,147,-1,134
1,<environment.Job instance at 0x7fd3e9cf2640>,35,19,[ 4 14],36,-1,153,-1,134
1,<environment.Job instance at 0x7fd3e9cf2550>,36,16,[ 5 12],37,-1,150,-1,134
1,<environment.Job instance at 0x7fd3e9cf22d0>,37,21,[ 1 12],38,-1,155,-1,134
1,<environment.Job instance at 0x7fd3e9cf2280>,38,16,[ 1 14],39,-1,150,-1,134
1,<environment.Job instance at 0x7fd3e9e3b820>,39,18,[ 1 14],40,-1,152,-1,134
1,<environment.Job instance at 0x7fd3e9e3ca00>,40,23,[1 9],41,-1,157,-1,134
1,<environment.Job instance at 0x7fd3e9d47460>,41,17,[14  5],42,-1,153,-1,136
1,<environment.Job instance at 0x7fd3e9d64e10>,42,25,[4 8],43,-1,161,-1,136
1,<environment.Job instance at 0x7fd3e9d64af0>,43,25,[11  3],44,-1,161,-1,136
1,<environment.Job instance at 0x7fd3e9d648c0>,44,15,[14  2],45,-1,151,-1,136
1,<environment.Job instance at 0x7fd3e9d64370>,45,18,[11  1],46,-1,154,-1,136
1,<environment.Job instance at 0x7fd3e9d64690>,46,15,[8 5],47,-1,151,-1,136
1,<environment.Job instance at 0x7fd3e9d646e0>,47,17,[12  1],48,-1,153,-1,136
1,<environment.Job instance at 0x7fd3e9d644b0>,48,20,[12  2],49,-1,156,-1,136
1,<environment.Job instance at 0x7fd3e9d64550>,49,12,[4 8],50,-1,148,-1,136
1,<environment.Job instance at 0x7fd3e9d643c0>,50,19,[4 7],51,-1,155,-1,136
1,<environment.Job instance at 0x7fd3e9c06eb0>,27,14,[11  1],28,-1,150,-1,136
1,<environment.Job instance at 0x7fd3e9d647d0>,52,16,[14  3],53,-1,154,-1,138
1,<environment.Job instance at 0x7fd3e9d9f7d0>,54,22,[ 4 10],55,-1,160,-1,138
1,<environment.Job instance at 0x7fd3e9d64780>,51,13,[ 4 11],52,-1,151,-1,138
1,<environment.Job instance at 0x7fd3e9cef050>,56,13,[4 8],57,-1,151,-1,138
1,<environment.Job instance at 0x7fd3e9c0faa0>,12,20,[7 5],13,-1,158,-1,138
1,<environment.Job instance at 0x7fd3e9cef8c0>,57,16,[8 4],58,-1,156,-1,140
1,<environment.Job instance at 0x7fd3e9cefd70>,59,20,[ 1 12],60,-1,160,-1,140
1,<environment.Job instance at 0x7fd3e9d64500>,53,19,[ 5 10],54,-1,159,-1,140
1,<environment.Job instance at 0x7fd3e9a8f7d0>,63,13,[14  1],64,-1,165,-1,152
1,<environment.Job instance at 0x7fd3e9cefbe0>,58,19,[13  1],59,-1,174,-1,155
1,<environment.Job instance at 0x7fd3e9c0f5a0>,11,17,[12  4],12,-1,172,-1,155
1,<environment.Job instance at 0x7fd3e9a8fb40>,65,13,[9 2],66,-1,168,-1,155
1,<environment.Job instance at 0x7fd3ea4d8730>,0,26,[3 9],1,-1,27,-1,1
1,<environment.Job instance at 0x7fd3ea4d8690>,1,19,[11  4],2,-1,21,-1,2
1,<environment.Job instance at 0x7fd3ea4d83c0>,2,24,[4 9],3,-1,27,-1,3
1,<environment.Job instance at 0x7fd3ea4d8460>,3,25,[13  2],4,-1,29,-1,4
1,<environment.Job instance at 0x7fd3ea4d8230>,4,23,[6 4],5,-1,28,-1,5
1,<environment.Job instance at 0x7fd3ea4d8320>,5,22,[12  2],6,-1,28,-1,6
1,<environment.Job instance at 0x7fd3e9bb9640>,8,13,[ 3 11],9,-1,22,-1,9
1,<environment.Job instance at 0x7fd3ea4d8050>,9,14,[14  1],10,-1,24,-1,10
1,<environment.Job instance at 0x7fd3e9d7d730>,10,14,[12  1],11,-1,25,-1,11
1,<environment.Job instance at 0x7fd3e9d7daa0>,11,17,[12  4],12,-1,29,-1,12
1,<environment.Job instance at 0x7fd3e9d64be0>,14,16,[ 4 14],15,-1,31,-1,15
1,<environment.Job instance at 0x7fd3e9ce7460>,19,14,[14  2],20,-1,38,-1,24
1,<environment.Job instance at 0x7fd3e9ce75a0>,20,13,[12  2],21,-1,37,-1,24
1,<environment.Job instance at 0x7fd3e9c6d4b0>,21,27,[3 6],22,-1,51,-1,24
1,<environment.Job instance at 0x7fd3e9ce9640>,25,13,[12  2],26,-1,39,-1,26
1,<environment.Job instance at 0x7fd3e9ce9f00>,27,14,[11  1],28,-1,52,-1,38
1,<environment.Job instance at 0x7fd3e9ce9e10>,28,24,[12  2],29,-1,62,-1,38
1,<environment.Job instance at 0x7fd3e9c760f0>,29,20,[12  3],30,-1,58,-1,38
1,<environment.Job instance at 0x7fd3e9c76e10>,31,15,[11  5],32,-1,54,-1,39
1,<environment.Job instance at 0x7fd3e9c764b0>,32,19,[14  4],33,-1,58,-1,39
1,<environment.Job instance at 0x7fd3e9c76f50>,33,17,[ 3 12],34,-1,56,-1,39
1,<environment.Job instance at 0x7fd3e9c81730>,35,19,[ 4 14],36,-1,58,-1,39
1,<environment.Job instance at 0x7fd3e9c7cc30>,36,16,[ 5 12],37,-1,55,-1,39
1,<environment.Job instance at 0x7fd3e9c7ccd0>,37,21,[ 1 12],38,-1,60,-1,39
1,<environment.Job instance at 0x7fd3e9c7cbe0>,38,16,[ 1 14],39,-1,55,-1,39
1,<environment.Job instance at 0x7fd3e9c8c8c0>,39,18,[ 1 14],40,-1,58,-1,40
1,<environment.Job instance at 0x7fd3e9c79dc0>,40,23,[1 9],41,-1,75,-1,52
1,<environment.Job instance at 0x7fd3e9c8c870>,41,17,[14  5],42,-1,69,-1,52
1,<environment.Job instance at 0x7fd3e9c79c80>,42,25,[4 8],43,-1,77,-1,52
1,<environment.Job instance at 0x7fd3e9c79e60>,43,25,[11  3],44,-1,77,-1,52
1,<environment.Job instance at 0x7fd3e9cc3370>,44,15,[14  2],45,-1,67,-1,52
1,<environment.Job instance at 0x7fd3e9cc3190>,45,18,[11  1],46,-1,70,-1,52
1,<environment.Job instance at 0x7fd3e9c85730>,47,17,[12  1],48,-1,69,-1,52
1,<environment.Job instance at 0x7fd3e9c857d0>,48,20,[12  2],49,-1,72,-1,52
1,<environment.Job instance at 0x7fd3e9ce9d70>,26,27,[10  5],27,-1,80,-1,53
1,<environment.Job instance at 0x7fd3e9c90280>,51,13,[ 4 11],52,-1,66,-1,53
1,<environment.Job instance at 0x7fd3e9c90f00>,52,16,[14  3],53,-1,69,-1,53
1,<environment.Job instance at 0x7fd3e9c90e10>,55,14,[ 1 13],56,-1,81,-1,67
1,<environment.Job instance at 0x7fd3e9c88320>,58,19,[13  1],59,-1,101,-1,82
1,<environment.Job instance at 0x7fd3e9c88cd0>,59,20,[ 1 12],60,-1,102,-1,82
1,<environment.Job instance at 0x7fd3e9c88140>,61,24,[7 2],62,-1,120,-1,96
1,<environment.Job instance at 0x7fd3e9c880f0>,62,13,[ 5 11],63,-1,109,-1,96
1,<environment.Job instance at 0x7fd3e9f08aa0>,63,13,[14  1],64,-1,109,-1,96
1,<environment.Job instance at 0x7fd3e9cbb500>,64,12,[ 5 12],65,-1,108,-1,96
1,<environment.Job instance at 0x7fd3e9c94dc0>,67,27,[6 1],68,-1,138,-1,111
1,<environment.Job instance at 0x7fd3e9d0bfa0>,68,27,[ 4 13],69,-1,138,-1,111
1,<environment.Job instance at 0x7fd3e9e16a00>,69,14,[12  3],70,-1,125,-1,111
1,<environment.Job instance at 0x7fd3e9cf2730>,70,27,[11  1],71,-1,138,-1,111
1,<environment.Job instance at 0x7fd3e9ce5500>,71,24,[6 2],72,-1,135,-1,111
1,<environment.Job instance at 0x7fd3e9ccbb90>,75,27,[ 5 14],76,-1,151,-1,124
1,<environment.Job instance at 0x7fd3e9cc8050>,74,23,[1 8],75,-1,150,-1,127
1,<environment.Job instance at 0x7fd3e9d1b820>,77,27,[5 1],78,-1,154,-1,127
1,<environment.Job instance at 0x7fd3e9e05230>,78,26,[ 2 13],79,-1,153,-1,127
1,<environment.Job instance at 0x7fd3e9ed28c0>,79,28,[14  4],80,-1,155,-1,127
1,<environment.Job instance at 0x7fd3e9e69af0>,80,27,[3 9],81,-1,154,-1,127
1,<environment.Job instance at 0x7fd3e9c9b1e0>,81,20,[ 4 11],82,-1,147,-1,127
1,<environment.Job instance at 0x7fd3e9c9ba00>,82,15,[14  1],83,-1,142,-1,127
1,<environment.Job instance at 0x7fd3e9ddff00>,84,27,[1 5],85,-1,154,-1,127
1,<environment.Job instance at 0x7fd3e9c9b320>,85,26,[11  3],86,-1,153,-1,127
1,<environment.Job instance at 0x7fd3e9c318c0>,86,25,[11  3],87,-1,152,-1,127
1,<environment.Job instance at 0x7fd3e9d1e0f0>,89,25,[ 3 13],90,-1,166,-1,141
1,<environment.Job instance at 0x7fd3e9c359b0>,90,19,[11  3],91,-1,160,-1,141
1,<environment.Job instance at 0x7fd3e9ce3460>,92,13,[14  2],93,-1,167,-1,154
1,<environment.Job instance at 0x7fd3e9ce3960>,93,13,[ 5 11],94,-1,167,-1,154
1,<environment.Job instance at 0x7fd3e9ce35f0>,94,18,[ 3 14],95,-1,172,-1,154
1,<environment.Job instance at 0x7fd3f3c765f0>,0,28,[8 2],1,-1,29,-1,1
1,<environment.Job instance at 0x7fd3f3c6fd20>,7,23,[9 5],8,-1,31,-1,8
1,<environment.Job instance at 0x7fd3f3c6f7d0>,9,22,[2 5],10,-1,34,-1,12
1,<environment.Job instance at 0x7fd3f3c6f460>,12,24,[6 4],13,-1,37,-1,13
1,<environment.Job instance at 0x7fd3f3c6f0f0>,13,19,[ 2 11],14,-1,33,-1,14
1,<environment.Job instance at 0x7fd40f2ec5f0>,19,28,[5 9],20,-1,58,-1,30
1,<environment.Job instance at 0x7fd3f3c76910>,3,27,[ 3 11],4,-1,57,-1,30
1,<environment.Job instance at 0x7fd3f3c6fbe0>,17,25,[4 9],18,-1,55,-1,30
1,<environment.Job instance at 0x7fd3f3c6e2d0>,21,20,[5 5],22,-1,50,-1,30
1,<environment.Job instance at 0x7fd3f3c728c0>,26,27,[13  3],27,-1,95,-1,68
1,<environment.Job instance at 0x7fd3f3c72370>,28,17,[ 1 11],29,-1,85,-1,68
1,<environment.Job instance at 0x7fd3f3c72d70>,23,24,[12  1],24,-1,93,-1,69
1,<environment.Job instance at 0x7fd3f3c76280>,4,15,[ 3 13],5,-1,84,-1,69
1,<environment.Job instance at 0x7fd3f3c725f0>,30,19,[12  4],31,-1,89,-1,70
1,<environment.Job instance at 0x7fd3f3c74280>,31,14,[ 5 12],32,-1,85,-1,71
1,<environment.Job instance at 0x7fd40f2ec0f0>,22,23,[10  5],23,-1,94,-1,71
1,<environment.Job instance at 0x7fd3f3c746e0>,32,18,[10  5],33,-1,89,-1,71
1,<environment.Job instance at 0x7fd3f3c74f00>,34,16,[ 2 11],35,-1,87,-1,71
1,<environment.Job instance at 0x7fd3f3c747d0>,33,25,[8 3],34,-1,96,-1,71
1,<environment.Job instance at 0x7fd3f3c74050>,35,28,[ 3 11],36,-1,100,-1,72
1,<environment.Job instance at 0x7fd3f3c78140>,37,24,[2 7],38,-1,96,-1,72
1,<environment.Job instance at 0x7fd3f3c78280>,38,16,[14  5],39,-1,88,-1,72
1,<environment.Job instance at 0x7fd3f3c72550>,27,19,[3 8],28,-1,91,-1,72
1,<environment.Job instance at 0x7fd3ea323fa0>,0,28,[8 2],1,-1,29,-1,1
1,<environment.Job instance at 0x7fd3ead8b320>,1,26,[14  3],2,-1,28,-1,2
1,<environment.Job instance at 0x7fd3ea73b870>,2,27,[12  1],3,-1,30,-1,3
1,<environment.Job instance at 0x7fd3e9d31af0>,3,27,[ 3 11],4,-1,31,-1,4
1,<environment.Job instance at 0x7fd3ead8b0f0>,4,15,[ 3 13],5,-1,20,-1,5
1,<environment.Job instance at 0x7fd3e9d314b0>,5,21,[ 5 12],6,-1,27,-1,6
1,<environment.Job instance at 0x7fd3ea946d70>,7,23,[9 5],8,-1,31,-1,8
1,<environment.Job instance at 0x7fd3ea06daa0>,11,25,[12  5],12,-1,37,-1,12
1,<environment.Job instance at 0x7fd3eae37e10>,13,19,[ 2 11],14,-1,33,-1,14
1,<environment.Job instance at 0x7fd3eae86aa0>,14,23,[13  3],15,-1,38,-1,15
1,<environment.Job instance at 0x7fd3e9b43370>,12,24,[6 4],13,-1,49,-1,25
1,<environment.Job instance at 0x7fd3ea134550>,18,26,[6 1],19,-1,51,-1,25
1,<environment.Job instance at 0x7fd3eae860f0>,17,25,[4 9],18,-1,53,-1,28
1,<environment.Job instance at 0x7fd3f5ab38c0>,22,23,[10  5],23,-1,51,-1,28
1,<environment.Job instance at 0x7fd3f3a42500>,23,24,[12  1],24,-1,52,-1,28
1,<environment.Job instance at 0x7fd3ea903820>,24,17,[12  4],25,-1,45,-1,28
1,<environment.Job instance at 0x7fd3e9d697d0>,19,28,[5 9],20,-1,56,-1,28
1,<environment.Job instance at 0x7fd3ea2c4c80>,26,27,[13  3],27,-1,55,-1,28
1,<environment.Job instance at 0x7fd3e9d47320>,20,24,[4 8],21,-1,52,-1,28
1,<environment.Job instance at 0x7fd3eb001fa0>,28,17,[ 1 11],29,-1,46,-1,29
1,<environment.Job instance at 0x7fd3eab57c80>,30,19,[12  4],31,-1,57,-1,38
1,<environment.Job instance at 0x7fd3eaa8b8c0>,31,14,[ 5 12],32,-1,52,-1,38
1,<environment.Job instance at 0x7fd3e9fd0b90>,34,16,[ 2 11],35,-1,56,-1,40
1,<environment.Job instance at 0x7fd3e9ee8b90>,35,28,[ 3 11],36,-1,68,-1,40
1,<environment.Job instance at 0x7fd3e9ee86e0>,36,15,[13  4],37,-1,55,-1,40
1,<environment.Job instance at 0x7fd3e9ee8370>,37,24,[2 7],38,-1,79,-1,55
1,<environment.Job instance at 0x7fd3e9f6ed20>,38,16,[14  5],39,-1,71,-1,55
1,<environment.Job instance at 0x7fd3e9ee87d0>,33,25,[8 3],34,-1,80,-1,55
1,<environment.Job instance at 0x7fd3e9f6ed70>,40,27,[14  3],41,-1,82,-1,55
1,<environment.Job instance at 0x7fd3ea1f7e60>,41,18,[ 1 14],42,-1,73,-1,55
1,<environment.Job instance at 0x7fd3e9dbb0f0>,43,15,[11  2],44,-1,70,-1,55
1,<environment.Job instance at 0x7fd3e9dbbf50>,44,13,[ 1 12],45,-1,68,-1,55
1,<environment.Job instance at 0x7fd3e9d5e140>,47,16,[ 4 11],48,-1,74,-1,58
1,<environment.Job instance at 0x7fd3e9d5edc0>,48,17,[13  3],49,-1,75,-1,58
1,<environment.Job instance at 0x7fd3e9d5ea00>,49,22,[ 3 11],50,-1,80,-1,58
1,<environment.Job instance at 0x7fd3e9d53050>,46,28,[5 7],47,-1,99,-1,71
1,<environment.Job instance at 0x7fd3e9d5ec30>,51,13,[ 5 12],52,-1,84,-1,71
1,<environment.Job instance at 0x7fd3e9f08410>,52,23,[ 5 11],53,-1,94,-1,71
1,<environment.Job instance at 0x7fd3e9f086e0>,53,27,[12  4],54,-1,98,-1,71
1,<environment.Job instance at 0x7fd3e9f08af0>,54,13,[12  4],55,-1,84,-1,71
1,<environment.Job instance at 0x7fd3e9e68190>,55,23,[9 4],56,-1,94,-1,71
1,<environment.Job instance at 0x7fd3e9e60b90>,56,13,[ 3 14],57,-1,84,-1,71
1,<environment.Job instance at 0x7fd3e9e60e10>,57,24,[ 4 14],58,-1,95,-1,71
1,<environment.Job instance at 0x7fd3e9f108c0>,59,24,[13  3],60,-1,95,-1,71
1,<environment.Job instance at 0x7fd3e9f107d0>,60,27,[9 5],61,-1,98,-1,71
1,<environment.Job instance at 0x7fd3e9edf820>,61,22,[13  5],62,-1,93,-1,71
1,<environment.Job instance at 0x7fd3e9edfdc0>,62,14,[ 3 13],63,-1,85,-1,71
1,<environment.Job instance at 0x7fd3e9edf140>,63,26,[14  2],64,-1,97,-1,71
1,<environment.Job instance at 0x7fd3e9edf230>,64,13,[13  4],65,-1,84,-1,71
1,<environment.Job instance at 0x7fd3e9d39960>,66,23,[2 8],67,-1,94,-1,71
1,<environment.Job instance at 0x7fd3e9d39410>,67,25,[11  1],68,-1,96,-1,71
1,<environment.Job instance at 0x7fd3e9edffa0>,68,19,[13  3],69,-1,90,-1,71
1,<environment.Job instance at 0x7fd3e9d3e0f0>,70,25,[13  4],71,-1,96,-1,71
1,<environment.Job instance at 0x7fd3e9fe5370>,73,18,[ 2 13],74,-1,102,-1,84
1,<environment.Job instance at 0x7fd3e9fe58c0>,77,14,[12  2],78,-1,110,-1,96
1,<environment.Job instance at 0x7fd3e9fe5960>,78,17,[12  4],79,-1,113,-1,96
1,<environment.Job instance at 0x7fd3e9e9d730>,79,25,[6 4],80,-1,121,-1,96
1,<environment.Job instance at 0x7fd3e9e9d0a0>,82,18,[ 2 13],83,-1,118,-1,100
1,<environment.Job instance at 0x7fd3e9e9deb0>,83,14,[14  2],84,-1,114,-1,100
1,<environment.Job instance at 0x7fd3e9e9dc80>,84,27,[ 1 12],85,-1,127,-1,100
1,<environment.Job instance at 0x7fd3e9e9dfa0>,85,15,[13  4],86,-1,115,-1,100
1,<environment.Job instance at 0x7fd3e9e9db90>,86,24,[ 4 14],87,-1,124,-1,100
1,<environment.Job instance at 0x7fd3e9d9f910>,88,16,[12  5],89,-1,130,-1,114
1,<environment.Job instance at 0x7fd3e9e06af0>,90,23,[3 9],91,-1,152,-1,129
1,<environment.Job instance at 0x7fd3e9e068c0>,91,19,[ 4 14],92,-1,148,-1,129
1,<environment.Job instance at 0x7fd3ea326050>,94,17,[14  3],95,-1,147,-1,130
1,<environment.Job instance at 0x7fd3eacb75a0>,93,26,[10  3],94,-1,174,-1,148
1,<environment.Job instance at 0x7fd3e9d8f230>,98,22,[ 4 12],99,-1,170,-1,148
1,<environment.Job instance at 0x7fd3e9d8f4b0>,99,25,[8 2],100,-1,192,-1,167
1,<environment.Job instance at 0x7fd3e9e64640>,101,27,[6 4],102,-1,194,-1,167
1,<environment.Job instance at 0x7fd3e9ad9eb0>,0,27,[6 1],1,-1,28,-1,1
1,<environment.Job instance at 0x7fd3e9ad9a00>,2,18,[2 5],3,-1,22,-1,4
1,<environment.Job instance at 0x7fd3ead7fc30>,3,16,[12  2],4,-1,20,-1,4
1,<environment.Job instance at 0x7fd3e9ad92d0>,5,19,[5 7],6,-1,25,-1,6
1,<environment.Job instance at 0x7fd3e9ad9d70>,15,22,[ 5 13],16,-1,40,-1,18
1,<environment.Job instance at 0x7fd3e9ad9230>,6,19,[ 4 12],7,-1,37,-1,18
1,<environment.Job instance at 0x7fd3e9ad9870>,13,14,[10  3],14,-1,33,-1,19
1,<environment.Job instance at 0x7fd3e9ac3320>,19,14,[ 3 10],20,-1,34,-1,20
1,<environment.Job instance at 0x7fd3e9ac3690>,18,21,[5 6],19,-1,59,-1,38
1,<environment.Job instance at 0x7fd3e9ad4d20>,23,18,[4 9],24,-1,61,-1,43
1,<environment.Job instance at 0x7fd3e9c0af00>,0,27,[6 1],1,-1,28,-1,1
1,<environment.Job instance at 0x7fd3ea297c30>,1,26,[ 3 14],2,-1,28,-1,2
1,<environment.Job instance at 0x7fd3e9ea12d0>,3,16,[12  2],4,-1,20,-1,4
1,<environment.Job instance at 0x7fd3e9ea1280>,4,17,[ 4 11],5,-1,22,-1,5
1,<environment.Job instance at 0x7fd3e9ea17d0>,6,19,[ 4 12],7,-1,26,-1,7
1,<environment.Job instance at 0x7fd3e9ea1140>,7,16,[ 1 13],8,-1,24,-1,8
1,<environment.Job instance at 0x7fd3e9ea1eb0>,8,18,[14  2],9,-1,27,-1,9
1,<environment.Job instance at 0x7fd3ea0f4dc0>,12,17,[ 2 12],13,-1,30,-1,13
1,<environment.Job instance at 0x7fd3ea121e10>,15,22,[ 5 13],16,-1,38,-1,16
1,<environment.Job instance at 0x7fd3ea1218c0>,16,12,[ 3 11],17,-1,29,-1,17
1,<environment.Job instance at 0x7fd3ead99280>,17,27,[11  2],18,-1,45,-1,18
1,<environment.Job instance at 0x7fd3ead996e0>,21,22,[ 4 12],22,-1,47,-1,25
1,<environment.Job instance at 0x7fd3e9f06280>,24,27,[12  1],25,-1,63,-1,36
1,<environment.Job instance at 0x7fd3e9e62190>,25,18,[14  5],26,-1,54,-1,36
1,<environment.Job instance at 0x7fd3e9f06370>,26,13,[ 5 11],27,-1,49,-1,36
1,<environment.Job instance at 0x7fd3e9f06af0>,27,27,[12  2],28,-1,63,-1,36
1,<environment.Job instance at 0x7fd3e9e64410>,29,27,[5 1],30,-1,77,-1,50
1,<environment.Job instance at 0x7fd3e9e64690>,30,28,[ 5 10],31,-1,78,-1,50
1,<environment.Job instance at 0x7fd3e9e64be0>,31,27,[11  5],32,-1,77,-1,50
1,<environment.Job instance at 0x7fd3e9e64870>,32,23,[14  5],33,-1,73,-1,50
1,<environment.Job instance at 0x7fd3e9e64910>,33,16,[12  4],34,-1,66,-1,50
1,<environment.Job instance at 0x7fd3e9e642d0>,35,27,[12  4],36,-1,77,-1,50
1,<environment.Job instance at 0x7fd3e9e64cd0>,36,20,[ 5 12],37,-1,70,-1,50
1,<environment.Job instance at 0x7fd3ea326050>,37,28,[12  4],38,-1,78,-1,50
1,<environment.Job instance at 0x7fd3e9e9dc30>,38,16,[ 1 14],39,-1,66,-1,50
1,<environment.Job instance at 0x7fd3e9e9dc80>,41,28,[13  3],42,-1,79,-1,51
1,<environment.Job instance at 0x7fd3e9e9db90>,42,22,[ 3 11],43,-1,73,-1,51
1,<environment.Job instance at 0x7fd3e9e9d9b0>,43,21,[ 2 13],44,-1,72,-1,51
1,<environment.Job instance at 0x7fd3e9e9ddc0>,45,26,[13  3],46,-1,90,-1,64
1,<environment.Job instance at 0x7fd3e9e9d6e0>,46,24,[8 2],47,-1,89,-1,65
1,<environment.Job instance at 0x7fd3e9e9d690>,48,12,[11  1],49,-1,77,-1,65
1,<environment.Job instance at 0x7fd3e9fe58c0>,49,17,[11  3],50,-1,82,-1,65
1,<environment.Job instance at 0x7fd3e9fe50a0>,50,16,[12  1],51,-1,81,-1,65
1,<environment.Job instance at 0x7fd3e9fe5d20>,51,15,[ 4 13],52,-1,80,-1,65
1,<environment.Job instance at 0x7fd3e9fe53c0>,52,28,[13  1],53,-1,93,-1,65
1,<environment.Job instance at 0x7fd3e9fe5050>,53,24,[ 4 13],54,-1,89,-1,65
1,<environment.Job instance at 0x7fd3e9edf6e0>,54,18,[ 1 11],55,-1,83,-1,65
1,<environment.Job instance at 0x7fd3e9edf2d0>,56,14,[12  5],57,-1,80,-1,66
1,<environment.Job instance at 0x7fd3e9edf410>,57,21,[13  2],58,-1,87,-1,66
1,<environment.Job instance at 0x7fd3e9edfdc0>,59,28,[13  2],60,-1,110,-1,82
1,<environment.Job instance at 0x7fd3e9e60e10>,62,13,[ 5 12],63,-1,95,-1,82
1,<environment.Job instance at 0x7fd3e9e68eb0>,63,20,[ 2 11],64,-1,102,-1,82
1,<environment.Job instance at 0x7fd3e9e60320>,61,24,[2 6],62,-1,120,-1,96
1,<environment.Job instance at 0x7fd3e9f08550>,65,14,[11  2],66,-1,110,-1,96
1,<environment.Job instance at 0x7fd3e9f086e0>,67,25,[3 7],68,-1,121,-1,96
1,<environment.Job instance at 0x7fd3e9f6e5f0>,70,25,[ 5 14],71,-1,125,-1,100
1,<environment.Job instance at 0x7fd3e9fd0b90>,71,17,[ 1 13],72,-1,117,-1,100
1,<environment.Job instance at 0x7fd3e9fd0690>,72,16,[ 1 13],73,-1,116,-1,100
1,<environment.Job instance at 0x7fd3e9ee8370>,73,28,[2 7],74,-1,139,-1,111
1,<environment.Job instance at 0x7fd3e9ee8f00>,75,25,[3 9],76,-1,136,-1,111
1,<environment.Job instance at 0x7fd3ea612780>,77,13,[ 1 13],78,-1,124,-1,111
1,<environment.Job instance at 0x7fd3eafb4a00>,79,12,[ 4 11],80,-1,123,-1,111
1,<environment.Job instance at 0x7fd3eb001c80>,78,28,[3 6],79,-1,157,-1,129
1,<environment.Job instance at 0x7fd3e9d697d0>,82,22,[ 5 12],83,-1,151,-1,129
1,<environment.Job instance at 0x7fd3e9d47320>,83,17,[13  5],84,-1,146,-1,129
1,<environment.Job instance at 0x7fd3ea2c4c80>,85,13,[12  4],86,-1,142,-1,129
1,<environment.Job instance at 0x7fd3eae866e0>,90,14,[ 4 13],91,-1,168,-1,154
1,<environment.Job instance at 0x7fd3eae860f0>,91,23,[ 5 12],92,-1,177,-1,154
1,<environment.Job instance at 0x7fd3f39f4eb0>,93,27,[ 5 10],94,-1,200,-1,173
1,<environment.Job instance at 0x7fd3ea5771e0>,94,13,[13  5],95,-1,186,-1,173
1,<environment.Job instance at 0x7fd3e9c9bbe0>,96,18,[ 4 14],97,-1,191,-1,173
1,<environment.Job instance at 0x7fd3eab29c80>,0,23,[2 9],1,-1,25,-1,2
1,<environment.Job instance at 0x7fd3ea32e7d0>,2,23,[8 3],3,-1,26,-1,3
1,<environment.Job instance at 0x7fd3ea3340a0>,8,27,[10  4],9,-1,39,-1,12
1,<environment.Job instance at 0x7fd3ea3363c0>,13,28,[ 4 11],14,-1,43,-1,15
1,<environment.Job instance at 0x7fd3ea550af0>,0,23,[2 9],1,-1,24,-1,1
1,<environment.Job instance at 0x7fd3ea547b40>,2,23,[8 3],3,-1,26,-1,3
1,<environment.Job instance at 0x7fd3eacfef00>,3,13,[13  3],4,-1,17,-1,4
1,<environment.Job instance at 0x7fd3eacfeaa0>,4,25,[ 1 14],5,-1,30,-1,5
1,<environment.Job instance at 0x7fd3ea542280>,5,19,[13  1],6,-1,25,-1,6
1,<environment.Job instance at 0x7fd3ea542320>,6,15,[12  3],7,-1,22,-1,7
1,<environment.Job instance at 0x7fd3ea542e60>,7,24,[ 1 11],8,-1,32,-1,8
1,<environment.Job instance at 0x7fd3ea542dc0>,8,27,[10  4],9,-1,36,-1,9
1,<environment.Job instance at 0x7fd3ea542410>,9,26,[5 5],10,-1,36,-1,10
1,<environment.Job instance at 0x7fd3ea5422d0>,11,19,[13  1],12,-1,31,-1,12
1,<environment.Job instance at 0x7fd3ea542140>,12,16,[11  1],13,-1,29,-1,13
1,<environment.Job instance at 0x7fd3ea542460>,13,28,[ 4 11],14,-1,42,-1,14
1,<environment.Job instance at 0x7fd3eaa6b500>,15,24,[13  5],16,-1,40,-1,16
1,<environment.Job instance at 0x7fd3eb005870>,16,26,[12  1],17,-1,43,-1,17
1,<environment.Job instance at 0x7fd3ea592d20>,19,17,[ 2 13],20,-1,37,-1,20
1,<environment.Job instance at 0x7fd3ea592d70>,21,26,[7 1],22,-1,51,-1,25
1,<environment.Job instance at 0x7fd3ea54faa0>,23,15,[14  1],24,-1,40,-1,25
1,<environment.Job instance at 0x7fd3ea66cdc0>,25,17,[14  2],26,-1,43,-1,26
1,<environment.Job instance at 0x7fd3ea5802d0>,26,20,[11  4],27,-1,47,-1,27
1,<environment.Job instance at 0x7fd3ea580960>,29,23,[5 6],30,-1,61,-1,38
1,<environment.Job instance at 0x7fd3ea5c5140>,30,14,[ 4 13],31,-1,52,-1,38
1,<environment.Job instance at 0x7fd3ea5c52d0>,31,23,[ 5 14],32,-1,61,-1,38
1,<environment.Job instance at 0x7fd3ea5c5230>,32,23,[13  5],33,-1,61,-1,38
1,<environment.Job instance at 0x7fd3ea5c5e10>,33,22,[ 2 14],34,-1,60,-1,38
1,<environment.Job instance at 0x7fd3f3c805a0>,34,17,[13  4],35,-1,55,-1,38
1,<environment.Job instance at 0x7fd3f3c801e0>,37,24,[ 4 13],38,-1,62,-1,38
1,<environment.Job instance at 0x7fd3ea7a7a50>,38,28,[12  2],39,-1,67,-1,39
1,<environment.Job instance at 0x7fd3f3c80410>,36,23,[9 1],37,-1,76,-1,53
1,<environment.Job instance at 0x7fd3ea5cb0f0>,42,14,[12  1],43,-1,67,-1,53
1,<environment.Job instance at 0x7fd3ea3a4730>,44,25,[10  1],45,-1,90,-1,65
1,<environment.Job instance at 0x7fd3ea3a4140>,45,13,[ 5 11],46,-1,78,-1,65
1,<environment.Job instance at 0x7fd3ea0f2eb0>,46,12,[ 3 14],47,-1,77,-1,65
1,<environment.Job instance at 0x7fd3ea645690>,48,13,[ 2 13],49,-1,78,-1,65
1,<environment.Job instance at 0x7fd3ea762e60>,49,14,[13  2],50,-1,79,-1,65
1,<environment.Job instance at 0x7fd3eb096dc0>,50,18,[11  2],51,-1,83,-1,65
1,<environment.Job instance at 0x7fd3f3b30820>,52,20,[ 2 12],53,-1,90,-1,70
1,<environment.Job instance at 0x7fd3eabc1a50>,53,20,[13  1],54,-1,90,-1,70
1,<environment.Job instance at 0x7fd3ea139f50>,51,25,[ 1 10],52,-1,104,-1,79
1,<environment.Job instance at 0x7fd3e9c5e320>,56,26,[3 7],57,-1,105,-1,79
1,<environment.Job instance at 0x7fd3e9fc0910>,60,25,[12  2],61,-1,104,-1,79
1,<environment.Job instance at 0x7fd3e9fc08c0>,61,22,[11  3],62,-1,101,-1,79
1,<environment.Job instance at 0x7fd3e9fc00a0>,62,24,[12  5],63,-1,103,-1,79
1,<environment.Job instance at 0x7fd3e9fc0500>,65,28,[12  2],66,-1,120,-1,92
1,<environment.Job instance at 0x7fd3e9fc01e0>,66,21,[ 4 12],67,-1,113,-1,92
1,<environment.Job instance at 0x7fd3e9ad9730>,67,26,[ 4 12],68,-1,118,-1,92
1,<environment.Job instance at 0x7fd3e9ac3a00>,69,13,[11  2],70,-1,110,-1,97
1,<environment.Job instance at 0x7fd3ea5771e0>,70,13,[ 5 13],71,-1,110,-1,97
1,<environment.Job instance at 0x7fd3f39f4eb0>,73,23,[ 4 13],74,-1,131,-1,108
1,<environment.Job instance at 0x7fd3ead8b0f0>,74,13,[ 5 14],75,-1,121,-1,108
1,<environment.Job instance at 0x7fd3ead95af0>,76,22,[13  1],77,-1,138,-1,116
1,<environment.Job instance at 0x7fd3ea134af0>,78,27,[ 1 13],79,-1,143,-1,116
1,<environment.Job instance at 0x7fd3eabfcc80>,79,17,[ 5 12],80,-1,133,-1,116
1,<environment.Job instance at 0x7fd3e9fd7a00>,63,26,[ 5 10],64,-1,148,-1,122
1,<environment.Job instance at 0x7fd3eae86aa0>,82,21,[11  5],83,-1,143,-1,122
1,<environment.Job instance at 0x7fd3eae86a00>,83,18,[13  4],84,-1,140,-1,122
1,<environment.Job instance at 0x7fd3e9d47320>,80,23,[8 4],81,-1,155,-1,132
1,<environment.Job instance at 0x7fd3f36a8910>,85,12,[ 5 13],86,-1,144,-1,132
1,<environment.Job instance at 0x7fd3f3a42500>,84,27,[8 5],85,-1,159,-1,132
1,<environment.Job instance at 0x7fd3eafb4af0>,87,20,[ 5 13],88,-1,152,-1,132
1,<environment.Job instance at 0x7fd3eb001fa0>,88,19,[ 2 14],89,-1,151,-1,132
1,<environment.Job instance at 0x7fd3eab57c80>,89,20,[13  2],90,-1,152,-1,132
1,<environment.Job instance at 0x7fd3ea2c4c80>,90,16,[ 2 14],91,-1,148,-1,132
1,<environment.Job instance at 0x7fd3e9ee8370>,91,26,[7 3],92,-1,158,-1,132
1,<environment.Job instance at 0x7fd3ea11caf0>,92,16,[ 3 13],93,-1,148,-1,132
1,<environment.Job instance at 0x7fd3e9ee8500>,93,28,[ 5 10],94,-1,160,-1,132
1,<environment.Job instance at 0x7fd3e9ee8f00>,94,22,[14  1],95,-1,154,-1,132
1,<environment.Job instance at 0x7fd3e9f6e460>,96,15,[ 1 12],97,-1,147,-1,132
1,<environment.Job instance at 0x7fd3e9f08eb0>,100,14,[13  5],101,-1,166,-1,152
1,<environment.Job instance at 0x7fd3e9f108c0>,103,27,[12  4],104,-1,196,-1,169
1,<environment.Job instance at 0x7fd3e9f107d0>,104,18,[ 3 13],105,-1,187,-1,169
1,<environment.Job instance at 0x7fd3e9e68190>,105,27,[ 1 14],106,-1,196,-1,169
1,<environment.Job instance at 0x7fd3e9edf140>,106,21,[14  2],107,-1,190,-1,169
1,<environment.Job instance at 0x7fd3e9edf410>,107,22,[11  1],108,-1,191,-1,169
1,<environment.Job instance at 0x7fd3ea2b4410>,14,27,[1 9],15,-1,60,-1,33
1,<environment.Job instance at 0x7fd3e9f55870>,7,16,[ 4 14],8,-1,52,-1,36
1,<environment.Job instance at 0x7fd3ea2b4b90>,16,27,[1 6],17,-1,63,-1,36
1,<environment.Job instance at 0x7fd3e9f55aa0>,12,17,[ 3 11],13,-1,58,-1,41
1,<environment.Job instance at 0x7fd3ea2b4a00>,17,27,[8 5],18,-1,69,-1,42
1,<environment.Job instance at 0x7fd3ea2b4050>,15,25,[ 2 12],16,-1,76,-1,51
1,<environment.Job instance at 0x7fd3ea2b4820>,20,13,[ 3 14],21,-1,64,-1,51
1,<environment.Job instance at 0x7fd3ea2ae8c0>,24,27,[5 2],25,-1,82,-1,55
1,<environment.Job instance at 0x7fd3ea2ae1e0>,25,13,[13  5],26,-1,70,-1,57
1,<environment.Job instance at 0x7fd3ea2b4870>,23,16,[11  2],24,-1,73,-1,57
1,<environment.Job instance at 0x7fd3ea2ae9b0>,26,17,[13  3],27,-1,94,-1,77
1,<environment.Job instance at 0x7fd3ea2b44b0>,19,17,[ 1 11],20,-1,97,-1,80
1,<environment.Job instance at 0x7fd3ea2ae370>,31,21,[2 9],32,-1,101,-1,80
1,<environment.Job instance at 0x7fd3ea91d690>,0,13,[ 1 12],1,-1,14,-1,1
1,<environment.Job instance at 0x7fd3ea93aeb0>,1,16,[ 2 12],2,-1,18,-1,2
1,<environment.Job instance at 0x7fd3ea91daf0>,2,27,[ 3 11],3,-1,30,-1,3
1,<environment.Job instance at 0x7fd3e9e98690>,3,21,[ 3 13],4,-1,25,-1,4
1,<environment.Job instance at 0x7fd3e9e98500>,5,21,[ 4 14],6,-1,27,-1,6
1,<environment.Job instance at 0x7fd3e9ee86e0>,6,13,[14  2],7,-1,20,-1,7
1,<environment.Job instance at 0x7fd3e9ee8500>,7,16,[ 4 14],8,-1,24,-1,8
1,<environment.Job instance at 0x7fd3e9ac3a00>,9,14,[13  3],10,-1,24,-1,10
1,<environment.Job instance at 0x7fd3e9fc00a0>,12,17,[ 3 11],13,-1,30,-1,13
1,<environment.Job instance at 0x7fd3e9fc0dc0>,15,25,[ 2 12],16,-1,41,-1,16
1,<environment.Job instance at 0x7fd3e9ee8f00>,10,24,[3 9],11,-1,43,-1,19
1,<environment.Job instance at 0x7fd3e9fc07d0>,17,27,[8 5],18,-1,46,-1,19
1,<environment.Job instance at 0x7fd3e9fc0820>,14,27,[1 9],15,-1,46,-1,19
1,<environment.Job instance at 0x7fd3e9fc00f0>,16,27,[1 6],17,-1,46,-1,19
1,<environment.Job instance at 0x7fd3ea9e1af0>,19,17,[ 1 11],20,-1,37,-1,20
1,<environment.Job instance at 0x7fd3eb005870>,20,13,[ 3 14],21,-1,34,-1,21
1,<environment.Job instance at 0x7fd3ea2b4d20>,23,16,[11  2],24,-1,40,-1,24
1,<environment.Job instance at 0x7fd3e9f0e140>,25,13,[13  5],26,-1,39,-1,26
1,<environment.Job instance at 0x7fd3e9eea370>,26,17,[13  3],27,-1,44,-1,27
1,<environment.Job instance at 0x7fd3eafe63c0>,24,27,[5 2],25,-1,60,-1,33
1,<environment.Job instance at 0x7fd3e9eea910>,28,13,[14  3],29,-1,46,-1,33
1,<environment.Job instance at 0x7fd3e9f55320>,29,26,[ 2 12],30,-1,59,-1,33
1,<environment.Job instance at 0x7fd3e9f555a0>,30,26,[4 5],31,-1,59,-1,33
1,<environment.Job instance at 0x7fd3eafe6640>,27,26,[10  5],28,-1,59,-1,33
1,<environment.Job instance at 0x7fd3e9f55820>,32,24,[4 6],33,-1,57,-1,33
1,<environment.Job instance at 0x7fd3e9f3bf50>,33,15,[ 2 13],34,-1,49,-1,34
1,<environment.Job instance at 0x7fd3e9f3beb0>,34,18,[11  2],35,-1,53,-1,35
1,<environment.Job instance at 0x7fd3e9f3bb40>,37,18,[14  1],38,-1,56,-1,38
1,<environment.Job instance at 0x7fd3eb000c80>,38,23,[ 1 11],39,-1,62,-1,39
1,<environment.Job instance at 0x7fd3eb000730>,39,19,[ 3 12],40,-1,59,-1,40
1,<environment.Job instance at 0x7fd3ea6a5320>,43,13,[ 3 11],44,-1,71,-1,58
1,<environment.Job instance at 0x7fd3ea14c5a0>,45,25,[5 3],46,-1,95,-1,70
1,<environment.Job instance at 0x7fd3ea14c910>,46,15,[11  2],47,-1,85,-1,70
1,<environment.Job instance at 0x7fd3eaca4e60>,48,25,[7 2],49,-1,99,-1,74
1,<environment.Job instance at 0x7fd3e9cf25a0>,49,18,[ 5 12],50,-1,92,-1,74
1,<environment.Job instance at 0x7fd3e9e8f370>,50,12,[ 3 12],51,-1,86,-1,74
1,<environment.Job instance at 0x7fd3ea48d140>,51,15,[11  5],52,-1,89,-1,74
1,<environment.Job instance at 0x7fd3ea0b5be0>,53,16,[13  2],54,-1,90,-1,74
1,<environment.Job instance at 0x7fd3ea043690>,54,12,[13  3],55,-1,86,-1,74
1,<environment.Job instance at 0x7fd3eb057f50>,55,16,[11  5],56,-1,90,-1,74
1,<environment.Job instance at 0x7fd3eafb34b0>,59,26,[ 2 14],60,-1,113,-1,87
1,<environment.Job instance at 0x7fd3eb032a00>,61,14,[14  3],62,-1,101,-1,87
1,<environment.Job instance at 0x7fd3e9a60fa0>,63,12,[ 5 12],64,-1,110,-1,98
1,<environment.Job instance at 0x7fd3f3639550>,67,28,[3 5],68,-1,142,-1,114
1,<environment.Job instance at 0x7fd3eaffde60>,68,23,[8 3],69,-1,137,-1,114
1,<environment.Job instance at 0x7fd3ea136140>,70,25,[ 4 10],71,-1,144,-1,119
1,<environment.Job instance at 0x7fd3ea432aa0>,73,23,[1 5],74,-1,155,-1,132
1,<environment.Job instance at 0x7fd3f363c280>,74,18,[ 1 12],75,-1,150,-1,132
1,<environment.Job instance at 0x7fd3ea432e10>,75,15,[ 3 13],76,-1,147,-1,132
1,<environment.Job instance at 0x7fd3f363cbe0>,77,16,[13  1],78,-1,148,-1,132
1,<environment.Job instance at 0x7fd3f363cc30>,79,14,[14  1],80,-1,157,-1,143
1,<environment.Job instance at 0x7fd3e9e9c960>,81,19,[14  4],82,-1,165,-1,146
1,<environment.Job instance at 0x7fd3e9e9c280>,84,14,[ 5 13],85,-1,176,-1,162
1,<environment.Job instance at 0x7fd3e9e9c550>,85,23,[ 3 10],86,-1,197,-1,174
1,<environment.Job instance at 0x7fd3e9efa190>,0,13,[11  3],1,-1,14,-1,1
1,<environment.Job instance at 0x7fd3e9efae10>,1,22,[ 4 12],2,-1,24,-1,2
1,<environment.Job instance at 0x7fd3e9efa460>,2,20,[13  3],3,-1,23,-1,3
1,<environment.Job instance at 0x7fd3ea618cd0>,3,24,[14  1],4,-1,28,-1,4
1,<environment.Job instance at 0x7fd3e9f65410>,5,14,[ 1 13],6,-1,20,-1,6
1,<environment.Job instance at 0x7fd3e9f65370>,6,17,[ 3 12],7,-1,24,-1,7
1,<environment.Job instance at 0x7fd3e9f65c30>,7,26,[11  2],8,-1,34,-1,8
1,<environment.Job instance at 0x7fd3ea35ef50>,9,24,[11  1],10,-1,34,-1,10
1,<environment.Job instance at 0x7fd3ea2d5320>,10,23,[13  2],11,-1,34,-1,11
1,<environment.Job instance at 0x7fd3ea5f8dc0>,11,18,[13  5],12,-1,30,-1,12
1,<environment.Job instance at 0x7fd3e9f65730>,15,14,[11  2],16,-1,30,-1,16
1,<environment.Job instance at 0x7fd3ea8f2370>,16,15,[12  2],17,-1,32,-1,17
1,<environment.Job instance at 0x7fd3ea8f2e10>,18,19,[14  2],19,-1,38,-1,19
1,<environment.Job instance at 0x7fd3ea8f2910>,19,20,[ 5 12],20,-1,40,-1,20
1,<environment.Job instance at 0x7fd3ea8f2140>,20,18,[14  1],21,-1,39,-1,21
1,<environment.Job instance at 0x7fd3ea3429b0>,21,19,[ 2 14],22,-1,41,-1,22
1,<environment.Job instance at 0x7fd3ea32ae60>,13,28,[5 9],14,-1,51,-1,23
1,<environment.Job instance at 0x7fd3e9e70820>,22,24,[ 2 14],23,-1,47,-1,23
1,<environment.Job instance at 0x7fd3e9cfe4b0>,23,28,[12  4],24,-1,52,-1,24
1,<environment.Job instance at 0x7fd3e9cfed70>,26,25,[14  5],27,-1,52,-1,27
1,<environment.Job instance at 0x7fd3ea740cd0>,25,23,[3 6],26,-1,53,-1,30
1,<environment.Job instance at 0x7fd3e9e8acd0>,30,18,[ 2 14],31,-1,49,-1,31
1,<environment.Job instance at 0x7fd3e9e8a730>,31,28,[4 5],32,-1,64,-1,36
1,<environment.Job instance at 0x7fd3e9e8a410>,33,21,[13  5],34,-1,57,-1,36
1,<environment.Job instance at 0x7fd3e9e8afa0>,34,23,[10  5],35,-1,69,-1,46
1,<environment.Job instance at 0x7fd3ea70ca50>,35,13,[13  4],36,-1,59,-1,46
1,<environment.Job instance at 0x7fd3ea082690>,37,16,[ 5 14],38,-1,62,-1,46
1,<environment.Job instance at 0x7fd3f363ce10>,41,21,[12  1],42,-1,77,-1,56
1,<environment.Job instance at 0x7fd3f363c460>,43,16,[11  3],44,-1,72,-1,56
1,<environment.Job instance at 0x7fd3f3639550>,45,18,[11  2],46,-1,79,-1,61
1,<environment.Job instance at 0x7fd3f36393c0>,46,16,[ 4 13],47,-1,77,-1,61
1,<environment.Job instance at 0x7fd3ea27f780>,47,17,[11  3],48,-1,78,-1,61
1,<environment.Job instance at 0x7fd3eb057f50>,48,23,[11  2],49,-1,84,-1,61
1,<environment.Job instance at 0x7fd3f366bd70>,50,20,[13  2],51,-1,81,-1,61
1,<environment.Job instance at 0x7fd3ea043f50>,52,23,[ 3 13],53,-1,93,-1,70
1,<environment.Job instance at 0x7fd3ea043f00>,53,26,[3 8],54,-1,96,-1,70
1,<environment.Job instance at 0x7fd3ea5e7f50>,54,18,[14  4],55,-1,88,-1,70
1,<environment.Job instance at 0x7fd3ea6a5320>,57,23,[9 2],58,-1,108,-1,85
1,<environment.Job instance at 0x7fd3ea2aee60>,58,26,[11  2],59,-1,111,-1,85
1,<environment.Job instance at 0x7fd3ea5b7820>,59,27,[14  4],60,-1,112,-1,85
1,<environment.Job instance at 0x7fd3eb096dc0>,61,26,[13  2],62,-1,111,-1,85
1,<environment.Job instance at 0x7fd3ea14c690>,62,27,[11  3],63,-1,112,-1,85
1,<environment.Job instance at 0x7fd3ea9e1af0>,63,16,[14  4],64,-1,101,-1,85
1,<environment.Job instance at 0x7fd3e9fc0640>,64,27,[ 1 14],65,-1,112,-1,85
1,<environment.Job instance at 0x7fd3e9fc0410>,65,21,[ 3 11],66,-1,106,-1,85
1,<environment.Job instance at 0x7fd3e9fc0eb0>,66,20,[13  1],67,-1,105,-1,85
1,<environment.Job instance at 0x7fd3e9fc0dc0>,68,22,[12  2],69,-1,115,-1,93
1,<environment.Job instance at 0x7fd3e9fc0820>,69,27,[7 4],70,-1,135,-1,108
1,<environment.Job instance at 0x7fd3f5ab38c0>,70,25,[9 5],71,-1,133,-1,108
1,<environment.Job instance at 0x7fd3e9fc0500>,73,26,[14  5],74,-1,134,-1,108
1,<environment.Job instance at 0x7fd3ea908f00>,74,12,[11  4],75,-1,120,-1,108
1,<environment.Job instance at 0x7fd3e9e98500>,75,26,[14  3],76,-1,134,-1,108
1,<environment.Job instance at 0x7fd3ea3360a0>,76,17,[ 5 11],77,-1,125,-1,108
1,<environment.Job instance at 0x7fd3e9ee8f00>,77,26,[ 2 11],78,-1,134,-1,108
1,<environment.Job instance at 0x7fd3ea93a3c0>,79,18,[14  4],80,-1,126,-1,108
1,<environment.Job instance at 0x7fd3eaed3c80>,83,24,[4 7],84,-1,164,-1,140
1,<environment.Job instance at 0x7fd3ea2c3230>,85,21,[ 4 11],86,-1,161,-1,140
1,<environment.Job instance at 0x7fd3ea2180a0>,87,18,[13  3],88,-1,158,-1,140
1,<environment.Job instance at 0x7fd3ea4bc730>,88,23,[ 4 12],89,-1,163,-1,140
1,<environment.Job instance at 0x7fd3ea4580a0>,89,26,[ 4 14],90,-1,166,-1,140
1,<environment.Job instance at 0x7fd3ea3cb820>,90,15,[ 1 14],91,-1,155,-1,140
1,<environment.Job instance at 0x7fd3ea347c30>,91,14,[11  2],92,-1,154,-1,140
1,<environment.Job instance at 0x7fd3ea347a50>,92,13,[13  4],93,-1,153,-1,140
1,<environment.Job instance at 0x7fd3ea5fa870>,94,27,[ 4 13],95,-1,181,-1,154
1,<environment.Job instance at 0x7fd3ea360820>,95,23,[ 4 12],96,-1,177,-1,154
1,<environment.Job instance at 0x7fd3e9a2e780>,96,15,[ 4 12],97,-1,169,-1,154
1,<environment.Job instance at 0x7fd3ea492690>,98,23,[ 5 11],99,-1,177,-1,154
1,<environment.Job instance at 0x7fd3e9a43050>,99,28,[13  3],100,-1,182,-1,154
1,<environment.Job instance at 0x7fd3ea32e870>,100,27,[3 8],101,-1,196,-1,169
1,<environment.Job instance at 0x7fd3ea32eb90>,101,23,[ 5 11],102,-1,192,-1,169
1,<environment.Job instance at 0x7fd3ea6115a0>,8,25,[12  2],9,-1,41,-1,16
1,<environment.Job instance at 0x7fd3ea720230>,7,17,[ 3 13],8,-1,33,-1,16
1,<environment.Job instance at 0x7fd3ea8980f0>,13,27,[7 5],14,-1,46,-1,19
1,<environment.Job instance at 0x7fd3ea898c80>,12,23,[12  4],13,-1,42,-1,19
1,<environment.Job instance at 0x7fd3ea898b90>,11,27,[ 4 11],12,-1,46,-1,19
1,<environment.Job instance at 0x7fd3ea8986e0>,15,25,[ 3 11],16,-1,44,-1,19
1,<environment.Job instance at 0x7fd3ea720550>,2,27,[8 4],3,-1,46,-1,19
1,<environment.Job instance at 0x7fd3e9e0f640>,0,24,[14  4],1,-1,25,-1,1
1,<environment.Job instance at 0x7fd3e9e0f0a0>,1,13,[14  5],2,-1,15,-1,2
1,<environment.Job instance at 0x7fd3ea48d140>,2,27,[8 4],3,-1,30,-1,3
1,<environment.Job instance at 0x7fd3e9e95460>,4,23,[6 1],5,-1,28,-1,5
1,<environment.Job instance at 0x7fd3e9e96af0>,5,23,[ 5 12],6,-1,29,-1,6
1,<environment.Job instance at 0x7fd3e9cf57d0>,6,24,[5 9],7,-1,31,-1,7
1,<environment.Job instance at 0x7fd3ea485230>,7,17,[ 3 13],8,-1,25,-1,8
1,<environment.Job instance at 0x7fd3e9cafeb0>,8,25,[12  2],9,-1,34,-1,9
1,<environment.Job instance at 0x7fd3e9cafe60>,9,17,[ 1 14],10,-1,27,-1,10
1,<environment.Job instance at 0x7fd3e9f39280>,10,25,[12  3],11,-1,36,-1,11
1,<environment.Job instance at 0x7fd3e9e14c30>,11,27,[ 4 11],12,-1,39,-1,12
1,<environment.Job instance at 0x7fd3e9e969b0>,12,23,[12  4],13,-1,36,-1,13
1,<environment.Job instance at 0x7fd3e9caf730>,13,27,[7 5],14,-1,41,-1,14
1,<environment.Job instance at 0x7fd3ea0f41e0>,15,25,[ 3 11],16,-1,41,-1,16
1,<environment.Job instance at 0x7fd3ea9cbcd0>,16,21,[ 4 11],17,-1,38,-1,17
1,<environment.Job instance at 0x7fd3f5ab38c0>,18,25,[ 1 12],19,-1,44,-1,19
1,<environment.Job instance at 0x7fd3e9fc08c0>,17,28,[2 8],18,-1,48,-1,20
1,<environment.Job instance at 0x7fd3e9fc00f0>,19,16,[ 5 13],20,-1,36,-1,20
1,<environment.Job instance at 0x7fd3e9fc0820>,20,23,[5 5],21,-1,44,-1,21
1,<environment.Job instance at 0x7fd3e9fc0320>,21,26,[14  4],22,-1,48,-1,22
1,<environment.Job instance at 0x7fd3e9fc0910>,22,25,[2 8],23,-1,48,-1,23
1,<environment.Job instance at 0x7fd3eb096dc0>,24,25,[4 7],25,-1,50,-1,25
1,<environment.Job instance at 0x7fd3e9fc04b0>,25,25,[11  5],26,-1,51,-1,26
1,<environment.Job instance at 0x7fd3eb096730>,26,23,[14  2],27,-1,50,-1,27
1,<environment.Job instance at 0x7fd3ea5b7820>,27,28,[ 4 11],28,-1,56,-1,28
1,<environment.Job instance at 0x7fd3ea144320>,29,18,[11  1],30,-1,48,-1,30
1,<environment.Job instance at 0x7fd3ea043f00>,31,24,[ 3 14],32,-1,56,-1,32
1,<environment.Job instance at 0x7fd3eb032370>,33,27,[ 3 12],34,-1,61,-1,34
1,<environment.Job instance at 0x7fd3eb0326e0>,35,25,[ 5 12],36,-1,61,-1,36
1,<environment.Job instance at 0x7fd3ea08ef50>,32,28,[5 4],33,-1,65,-1,37
1,<environment.Job instance at 0x7fd3ea0a75a0>,36,24,[7 4],37,-1,61,-1,37
1,<environment.Job instance at 0x7fd3f363cc30>,40,16,[11  1],41,-1,57,-1,41
1,<environment.Job instance at 0x7fd3f363c460>,41,16,[ 1 12],42,-1,58,-1,42
1,<environment.Job instance at 0x7fd3ea740cd0>,39,27,[4 5],40,-1,72,-1,45
1,<environment.Job instance at 0x7fd3ea2d50a0>,45,18,[ 1 12],46,-1,73,-1,55
1,<environment.Job instance at 0x7fd3ea5f8dc0>,47,14,[12  5],48,-1,69,-1,55
1,<environment.Job instance at 0x7fd3e9cfea50>,43,25,[8 4],44,-1,80,-1,55
1,<environment.Job instance at 0x7fd3e9efac30>,50,25,[8 3],51,-1,80,-1,55
1,<environment.Job instance at 0x7fd3e9efae10>,51,22,[13  5],52,-1,77,-1,55
1,<environment.Job instance at 0x7fd3e9efaaa0>,52,14,[14  4],53,-1,69,-1,55
1,<environment.Job instance at 0x7fd3eb01d8c0>,53,24,[5 1],54,-1,79,-1,55
1,<environment.Job instance at 0x7fd3eb01d2d0>,54,12,[ 4 13],55,-1,67,-1,55
1,<environment.Job instance at 0x7fd3e9cfe140>,42,28,[10  5],43,-1,83,-1,55
1,<environment.Job instance at 0x7fd3eb01de10>,57,18,[11  2],58,-1,90,-1,72
1,<environment.Job instance at 0x7fd3ea611b90>,59,13,[ 4 13],60,-1,85,-1,72
1,<environment.Job instance at 0x7fd3ea720aa0>,60,17,[11  2],61,-1,89,-1,72
1,<environment.Job instance at 0x7fd3ea720320>,62,25,[ 3 12],63,-1,102,-1,77
1,<environment.Job instance at 0x7fd3ea611640>,63,13,[14  2],64,-1,90,-1,77
1,<environment.Job instance at 0x7fd3eacb2eb0>,64,12,[ 4 14],65,-1,89,-1,77
1,<environment.Job instance at 0x7fd3eacb2b90>,65,26,[14  4],66,-1,103,-1,77
1,<environment.Job instance at 0x7fd3eacb2c30>,66,23,[14  4],67,-1,100,-1,77
1,<environment.Job instance at 0x7fd3eacb2e10>,67,26,[12  4],68,-1,103,-1,77
1,<environment.Job instance at 0x7fd3eaacd320>,68,23,[ 2 12],69,-1,100,-1,77
1,<environment.Job instance at 0x7fd3ea7207d0>,61,27,[10  3],62,-1,120,-1,93
1,<environment.Job instance at 0x7fd3eaacd5f0>,71,13,[ 4 13],72,-1,106,-1,93
1,<environment.Job instance at 0x7fd3eaacd0a0>,73,24,[9 1],74,-1,135,-1,111
1,<environment.Job instance at 0x7fd3eaacd500>,74,14,[ 2 13],75,-1,125,-1,111
1,<environment.Job instance at 0x7fd3f3a3b690>,76,14,[13  4],77,-1,125,-1,111
1,<environment.Job instance at 0x7fd3ea520190>,77,12,[11  3],78,-1,123,-1,111
1,<environment.Job instance at 0x7fd3ea5208c0>,79,18,[ 2 13],80,-1,129,-1,111
1,<environment.Job instance at 0x7fd3ea520730>,80,16,[11  4],81,-1,127,-1,111
1,<environment.Job instance at 0x7fd3ea520aa0>,81,25,[ 2 12],82,-1,136,-1,111
1,<environment.Job instance at 0x7fd3ea520a50>,83,26,[11  4],84,-1,153,-1,127
1,<environment.Job instance at 0x7fd3ea520140>,84,26,[ 1 10],85,-1,153,-1,127
1,<environment.Job instance at 0x7fd3ea520780>,86,25,[5 3],87,-1,154,-1,129
1,<environment.Job instance at 0x7fd3ea5202d0>,89,28,[14  3],90,-1,157,-1,129
1,<environment.Job instance at 0x7fd3ea520a00>,91,23,[ 4 10],92,-1,167,-1,144
1,<environment.Job instance at 0x7fd3ea520b40>,94,24,[ 4 12],95,-1,168,-1,144
1,<environment.Job instance at 0x7fd3ea520eb0>,95,15,[14  1],96,-1,159,-1,144
1,<environment.Job instance at 0x7fd3ea520820>,96,28,[14  2],97,-1,172,-1,144
1,<environment.Job instance at 0x7fd3ea520230>,92,28,[10  2],93,-1,184,-1,156
1,<environment.Job instance at 0x7fd3e9ddfc30>,100,27,[ 2 12],101,-1,184,-1,157
1,<environment.Job instance at 0x7fd3e9ddfa00>,101,25,[ 3 13],102,-1,182,-1,157
1,<environment.Job instance at 0x7fd3e9ddfaf0>,103,27,[9 5],104,-1,197,-1,170
1,<environment.Job instance at 0x7fd3e9ddf8c0>,104,25,[3 5],105,-1,195,-1,170
1,<environment.Job instance at 0x7fd3e9ddf320>,105,23,[ 2 13],106,-1,193,-1,170
1,<environment.Job instance at 0x7fd3e9ddfa50>,106,15,[11  2],107,-1,185,-1,170
1,<environment.Job instance at 0x7fd3e9ddf820>,108,27,[ 4 14],109,-1,197,-1,170
1,<environment.Job instance at 0x7fd3e9ddf730>,109,28,[12  5],110,-1,198,-1,170
1,<environment.Job instance at 0x7fd3e9ddfe10>,110,28,[2 5],111,-1,201,-1,173
1,<environment.Job instance at 0x7fd3ea8735f0>,111,27,[13  3],112,-1,200,-1,173
1,<environment.Job instance at 0x7fd3ea873190>,112,26,[ 2 14],113,-1,199,-1,173
1,<environment.Job instance at 0x7fd3ea873fa0>,113,25,[11  2],114,-1,198,-1,173
1,<environment.Job instance at 0x7fd3ea873500>,114,16,[11  4],115,-1,189,-1,173
1,<environment.Job instance at 0x7fd3ea873e10>,115,13,[14  4],116,-1,186,-1,173
1,<environment.Job instance at 0x7fd3ea873d70>,117,21,[12  2],118,-1,194,-1,173
1,<environment.Job instance at 0x7fd3ea873a00>,118,20,[ 1 11],119,-1,193,-1,173
1,<environment.Job instance at 0x7fd3ea873730>,119,14,[ 1 14],120,-1,187,-1,173
1,<environment.Job instance at 0x7fd3e9832b90>,0,21,[8 3],1,-1,23,-1,2
1,<environment.Job instance at 0x7fd3e99620a0>,5,18,[6 1],6,-1,24,-1,6
1,<environment.Job instance at 0x7fd3e9832e60>,3,27,[ 4 14],4,-1,34,-1,7
1,<environment.Job instance at 0x7fd3e9832730>,2,12,[ 4 12],3,-1,19,-1,7
1,<environment.Job instance at 0x7fd3e9832c30>,1,18,[11  1],2,-1,26,-1,8
1,<environment.Job instance at 0x7fd3e9962fa0>,7,15,[4 9],8,-1,53,-1,38
1,<environment.Job instance at 0x7fd3e9832a00>,4,17,[5 9],5,-1,55,-1,38
1,<environment.Job instance at 0x7fd3e9962d70>,6,24,[5 6],7,-1,92,-1,68
1,<environment.Job instance at 0x7fd3ea3b89b0>,1,18,[11  1],2,-1,20,-1,2
1,<environment.Job instance at 0x7fd3ea3b8140>,2,12,[ 4 12],3,-1,15,-1,3
1,<environment.Job instance at 0x7fd3ea3b8320>,3,27,[ 4 14],4,-1,31,-1,4
1,<environment.Job instance at 0x7fd3ea3b8f50>,8,22,[ 4 13],9,-1,31,-1,9
1,<environment.Job instance at 0x7fd3ea3b8af0>,6,24,[5 6],7,-1,46,-1,22
1,<environment.Job instance at 0x7fd3ea3b8eb0>,11,25,[14  1],12,-1,47,-1,22
1,<environment.Job instance at 0x7fd3ea3b83c0>,9,24,[ 1 10],10,-1,46,-1,22
1,<environment.Job instance at 0x7fd3ea8738c0>,14,28,[5 7],15,-1,50,-1,22
1,<environment.Job instance at 0x7fd3ea873c80>,15,28,[2 5],16,-1,50,-1,22
1,<environment.Job instance at 0x7fd3ea873410>,16,28,[ 2 14],17,-1,50,-1,22
1,<environment.Job instance at 0x7fd3ea873230>,18,28,[5 1],19,-1,50,-1,22
1,<environment.Job instance at 0x7fd3ea873dc0>,19,28,[1 9],20,-1,62,-1,34
1,<environment.Job instance at 0x7fd3ea873a00>,24,15,[ 5 12],25,-1,61,-1,46
1,<environment.Job instance at 0x7fd3ea873e10>,26,23,[12  4],27,-1,79,-1,56
1,<environment.Job instance at 0x7fd3ea8735f0>,28,22,[ 3 14],29,-1,80,-1,58
1,<environment.Job instance at 0x7fd3ea873fa0>,30,28,[5 5],31,-1,97,-1,69
1,<environment.Job instance at 0x7fd3ea520eb0>,32,26,[ 5 14],33,-1,95,-1,69
1,<environment.Job instance at 0x7fd3ea520460>,31,24,[10  1],32,-1,107,-1,83
1,<environment.Job instance at 0x7fd3ea520be0>,35,16,[ 3 14],36,-1,99,-1,83
1,<environment.Job instance at 0x7fd3ea5202d0>,36,21,[12  4],37,-1,104,-1,83
1,<environment.Job instance at 0x7fd3ea520050>,38,15,[13  3],39,-1,100,-1,85
1,<environment.Job instance at 0x7fd3ea520c30>,40,26,[12  2],41,-1,111,-1,85
1,<environment.Job instance at 0x7fd3ea520640>,41,22,[13  3],42,-1,107,-1,85
1,<environment.Job instance at 0x7fd3ea520140>,42,14,[14  4],43,-1,99,-1,85
1,<environment.Job instance at 0x7fd3ea520a50>,43,26,[13  4],44,-1,111,-1,85
1,<environment.Job instance at 0x7fd3ea520aa0>,45,23,[14  1],46,-1,118,-1,95
1,<environment.Job instance at 0x7fd3ea520190>,46,14,[ 1 12],47,-1,109,-1,95
1,<environment.Job instance at 0x7fd3ea5205a0>,47,17,[14  4],48,-1,112,-1,95
1,<environment.Job instance at 0x7fd3ea094a00>,49,13,[ 2 11],50,-1,112,-1,99
1,<environment.Job instance at 0x7fd3e9fe0eb0>,50,23,[11  4],51,-1,122,-1,99
1,<environment.Job instance at 0x7fd3ea878c30>,52,27,[ 3 13],53,-1,126,-1,99
1,<environment.Job instance at 0x7fd3f3a3b910>,53,18,[ 2 12],54,-1,117,-1,99
1,<environment.Job instance at 0x7fd3ea503280>,56,17,[14  2],57,-1,128,-1,111
1,<environment.Job instance at 0x7fd3e9cf57d0>,51,24,[8 2],52,-1,143,-1,119
1,<environment.Job instance at 0x7fd3ea525370>,58,22,[14  1],59,-1,141,-1,119
1,<environment.Job instance at 0x7fd3e9d32370>,59,26,[11  3],60,-1,145,-1,119
1,<environment.Job instance at 0x7fd3e9d327d0>,60,18,[ 2 12],61,-1,137,-1,119
1,<environment.Job instance at 0x7fd3ea2429b0>,62,26,[ 1 10],63,-1,155,-1,129
1,<environment.Job instance at 0x7fd3ea242cd0>,63,26,[12  5],64,-1,155,-1,129
1,<environment.Job instance at 0x7fd3ea0684b0>,57,23,[4 7],58,-1,152,-1,129
1,<environment.Job instance at 0x7fd3ea242f50>,65,18,[ 4 11],66,-1,147,-1,129
1,<environment.Job instance at 0x7fd3ea242eb0>,66,25,[3 6],67,-1,154,-1,129
1,<environment.Job instance at 0x7fd3ea242c30>,67,19,[11  2],68,-1,148,-1,129
1,<environment.Job instance at 0x7fd3ea2367d0>,68,25,[ 2 14],69,-1,154,-1,129
1,<environment.Job instance at 0x7fd3ea236550>,69,12,[ 5 12],70,-1,141,-1,129
1,<environment.Job instance at 0x7fd3ea25e370>,71,21,[ 2 14],72,-1,150,-1,129
1,<environment.Job instance at 0x7fd3ea25e280>,72,18,[13  5],73,-1,147,-1,129
1,<environment.Job instance at 0x7fd3ea25eb90>,73,20,[ 4 11],74,-1,149,-1,129
1,<environment.Job instance at 0x7fd3ea2428c0>,70,23,[9 3],71,-1,156,-1,133
1,<environment.Job instance at 0x7fd3e99dfa50>,79,15,[13  4],80,-1,161,-1,146
1,<environment.Job instance at 0x7fd3e99df3c0>,80,26,[6 1],81,-1,179,-1,153
1,<environment.Job instance at 0x7fd3ea237280>,81,12,[13  4],82,-1,165,-1,153
1,<environment.Job instance at 0x7fd3ea2378c0>,83,23,[5 7],84,-1,176,-1,153
1,<environment.Job instance at 0x7fd3ea237190>,84,15,[ 4 11],85,-1,168,-1,153
1,<environment.Job instance at 0x7fd3ea237aa0>,85,27,[ 2 11],86,-1,180,-1,153
1,<environment.Job instance at 0x7fd3e99c45f0>,87,25,[ 5 10],88,-1,193,-1,168
1,<environment.Job instance at 0x7fd3e9d61640>,90,17,[ 2 14],91,-1,185,-1,168
1,<environment.Job instance at 0x7fd3e99cb140>,91,13,[13  4],92,-1,181,-1,168
1,<environment.Job instance at 0x7fd3e99cbf50>,92,25,[12  2],93,-1,193,-1,168
1,<environment.Job instance at 0x7fd3e99cb190>,94,17,[14  1],95,-1,192,-1,175
1,<environment.Job instance at 0x7fd3e99ce5a0>,95,19,[11  4],96,-1,194,-1,175
1,<environment.Job instance at 0x7fd3e99ce550>,96,23,[ 1 13],97,-1,198,-1,175
1,<environment.Job instance at 0x7fd3e99ce730>,97,25,[ 4 14],98,-1,200,-1,175
1,<environment.Job instance at 0x7fd3e99ce6e0>,98,12,[12  3],99,-1,187,-1,175
1,<environment.Job instance at 0x7fd3e99c24b0>,99,13,[13  5],100,-1,188,-1,175
1,<environment.Job instance at 0x7fd3e9b000f0>,0,17,[2 7],1,-1,18,-1,1
1,<environment.Job instance at 0x7fd3e9b003c0>,2,20,[10  2],3,-1,24,-1,4
1,<environment.Job instance at 0x7fd3e9b00cd0>,4,27,[3 6],5,-1,32,-1,5
1,<environment.Job instance at 0x7fd3e9b00320>,5,18,[1 7],6,-1,24,-1,6
1,<environment.Job instance at 0x7fd3e9b00a50>,6,22,[ 4 10],7,-1,29,-1,7
1,<environment.Job instance at 0x7fd3e9b007d0>,3,15,[ 4 10],4,-1,23,-1,8
1,<environment.Job instance at 0x7fd3e9b00be0>,8,17,[4 5],9,-1,26,-1,9
1,<environment.Job instance at 0x7fd3e9be8050>,9,28,[1 5],10,-1,38,-1,10
1,<environment.Job instance at 0x7fd3ea060640>,1,28,[13  2],2,-1,30,-1,2
1,<environment.Job instance at 0x7fd3ea0600f0>,4,27,[3 6],5,-1,32,-1,5
1,<environment.Job instance at 0x7fd3ea2383c0>,7,28,[13  2],8,-1,36,-1,8
1,<environment.Job instance at 0x7fd3ea238be0>,9,28,[1 5],10,-1,38,-1,10
1,<environment.Job instance at 0x7fd3ea90b870>,10,14,[13  2],11,-1,25,-1,11
1,<environment.Job instance at 0x7fd3ea90bcd0>,11,13,[11  3],12,-1,25,-1,12
1,<environment.Job instance at 0x7fd3e9c3b6e0>,13,24,[ 3 12],14,-1,38,-1,14
1,<environment.Job instance at 0x7fd3eaadcf50>,14,20,[ 5 12],15,-1,35,-1,15
1,<environment.Job instance at 0x7fd3ea23bcd0>,18,27,[14  2],19,-1,60,-1,33
1,<environment.Job instance at 0x7fd3ea23ba00>,19,17,[ 5 12],20,-1,50,-1,33
1,<environment.Job instance at 0x7fd3ea23b5f0>,21,24,[11  5],22,-1,59,-1,35
1,<environment.Job instance at 0x7fd3ea23baa0>,23,23,[9 3],24,-1,70,-1,47
1,<environment.Job instance at 0x7fd3e9d26820>,25,16,[12  5],26,-1,63,-1,47
1,<environment.Job instance at 0x7fd3e9c41140>,27,25,[3 6],28,-1,73,-1,48
1,<environment.Job instance at 0x7fd3e9c411e0>,28,23,[ 2 12],29,-1,71,-1,48
1,<environment.Job instance at 0x7fd3ea4680f0>,29,14,[14  4],30,-1,62,-1,48
1,<environment.Job instance at 0x7fd3ea468230>,30,17,[ 3 14],31,-1,65,-1,48
1,<environment.Job instance at 0x7fd3ea8755a0>,33,22,[13  1],34,-1,81,-1,59
1,<environment.Job instance at 0x7fd3ea875b40>,34,13,[ 1 13],35,-1,72,-1,59
1,<environment.Job instance at 0x7fd3e9c370a0>,35,17,[14  3],36,-1,76,-1,59
1,<environment.Job instance at 0x7fd3ea335be0>,37,23,[13  2],38,-1,82,-1,59
1,<environment.Job instance at 0x7fd3ea335960>,38,14,[12  4],39,-1,73,-1,59
1,<environment.Job instance at 0x7fd3ea25fdc0>,40,24,[14  1],41,-1,83,-1,59
1,<environment.Job instance at 0x7fd3ea25f190>,41,24,[ 4 14],42,-1,83,-1,59
1,<environment.Job instance at 0x7fd3ea25feb0>,42,25,[14  2],43,-1,84,-1,59
1,<environment.Job instance at 0x7fd3ea335d20>,39,25,[ 2 10],40,-1,96,-1,71
1,<environment.Job instance at 0x7fd3ea9289b0>,44,28,[5 9],45,-1,99,-1,71
1,<environment.Job instance at 0x7fd3e9d67230>,46,28,[12  1],47,-1,99,-1,71
1,<environment.Job instance at 0x7fd3e99d4b90>,51,23,[7 5],52,-1,113,-1,90
1,<environment.Job instance at 0x7fd3e99d4c30>,53,18,[11  4],54,-1,108,-1,90
1,<environment.Job instance at 0x7fd3e99d7050>,55,22,[ 3 11],56,-1,112,-1,90
1,<environment.Job instance at 0x7fd3e99d7dc0>,57,13,[13  3],58,-1,115,-1,102
1,<environment.Job instance at 0x7fd3e99d7b40>,54,23,[9 1],55,-1,130,-1,107
1,<environment.Job instance at 0x7fd3ea438370>,59,19,[14  1],60,-1,126,-1,107
1,<environment.Job instance at 0x7fd3e99c2640>,60,13,[ 3 14],61,-1,120,-1,107
1,<environment.Job instance at 0x7fd3e99c25f0>,61,21,[ 5 14],62,-1,128,-1,107
1,<environment.Job instance at 0x7fd3e99d70a0>,56,23,[9 4],57,-1,131,-1,108
1,<environment.Job instance at 0x7fd3e99ce730>,65,18,[13  2],66,-1,126,-1,108
1,<environment.Job instance at 0x7fd3e99cbcd0>,67,17,[12  2],68,-1,137,-1,120
1,<environment.Job instance at 0x7fd3e99cbaa0>,68,24,[4 8],69,-1,169,-1,145
1,<environment.Job instance at 0x7fd3e99c4f50>,73,17,[14  5],74,-1,164,-1,147
1,<environment.Job instance at 0x7fd3ea237370>,74,12,[11  5],75,-1,159,-1,147
1,<environment.Job instance at 0x7fd3ea2371e0>,76,12,[11  1],77,-1,159,-1,147
1,<environment.Job instance at 0x7fd3e99df4b0>,79,12,[ 1 13],80,-1,179,-1,167
1,<environment.Job instance at 0x7fd3e99df3c0>,80,14,[11  1],81,-1,181,-1,167
1,<environment.Job instance at 0x7fd3e99e6500>,81,21,[14  1],82,-1,188,-1,167
1,<environment.Job instance at 0x7fd3e99e6460>,82,24,[5 5],83,-1,192,-1,168
1,<environment.Job instance at 0x7fd3ea25ea00>,83,15,[ 4 11],84,-1,183,-1,168
1,<environment.Job instance at 0x7fd3ea25e8c0>,84,22,[14  4],85,-1,190,-1,168
1,<environment.Job instance at 0x7fd3ea236550>,86,23,[12  1],87,-1,192,-1,169
1,<environment.Job instance at 0x7fd3f3a43a00>,0,27,[12  5],1,-1,28,-1,1
1,<environment.Job instance at 0x7fd3f3a43690>,1,17,[ 5 12],2,-1,19,-1,2
1,<environment.Job instance at 0x7fd3f3a437d0>,3,21,[12  2],4,-1,25,-1,4
1,<environment.Job instance at 0x7fd3f3a43410>,4,14,[11  1],5,-1,19,-1,5
1,<environment.Job instance at 0x7fd3f3a43b40>,5,23,[ 3 13],6,-1,29,-1,6
1,<environment.Job instance at 0x7fd3f3a435a0>,6,14,[13  4],7,-1,21,-1,7
1,<environment.Job instance at 0x7fd3eaad4140>,9,14,[13  4],10,-1,24,-1,10
1,<environment.Job instance at 0x7fd3f3a43640>,10,20,[ 5 12],11,-1,31,-1,11
1,<environment.Job instance at 0x7fd3f3a43fa0>,12,26,[5 5],13,-1,39,-1,13
1,<environment.Job instance at 0x7fd3ea283e60>,16,18,[12  1],17,-1,35,-1,17
1,<environment.Job instance at 0x7fd3ea283eb0>,17,14,[ 4 14],18,-1,32,-1,18
1,<environment.Job instance at 0x7fd3f3a43d70>,11,24,[9 4],12,-1,49,-1,25
1,<environment.Job instance at 0x7fd3ea283d70>,19,23,[9 1],20,-1,48,-1,25
1,<environment.Job instance at 0x7fd3ea283960>,20,12,[13  2],21,-1,37,-1,25
1,<environment.Job instance at 0x7fd3ea283c80>,21,15,[14  4],22,-1,40,-1,25
1,<environment.Job instance at 0x7fd3ea283730>,22,24,[5 3],23,-1,49,-1,25
1,<environment.Job instance at 0x7fd3ea283aa0>,23,17,[14  4],24,-1,42,-1,25
1,<environment.Job instance at 0x7fd3ea283a50>,25,16,[12  2],26,-1,42,-1,26
1,<environment.Job instance at 0x7fd3ea283190>,26,13,[ 4 14],27,-1,40,-1,27
1,<environment.Job instance at 0x7fd3f3a43f00>,8,27,[ 1 10],9,-1,63,-1,36
1,<environment.Job instance at 0x7fd3ea7d9230>,29,13,[14  3],30,-1,49,-1,36
1,<environment.Job instance at 0x7fd3ea283b40>,31,28,[12  2],32,-1,64,-1,36
1,<environment.Job instance at 0x7fd3f3a3b820>,32,24,[12  5],33,-1,60,-1,36
1,<environment.Job instance at 0x7fd3e9e95460>,34,12,[11  5],35,-1,49,-1,37
1,<environment.Job instance at 0x7fd3e9c65b40>,37,14,[ 5 11],38,-1,66,-1,52
1,<environment.Job instance at 0x7fd3e9be8d20>,38,17,[ 3 14],39,-1,69,-1,52
1,<environment.Job instance at 0x7fd3ea525370>,39,23,[7 5],40,-1,87,-1,64
1,<environment.Job instance at 0x7fd3ea242e10>,41,23,[1 5],42,-1,87,-1,64
1,<environment.Job instance at 0x7fd3ea2429b0>,43,26,[ 1 11],44,-1,90,-1,64
1,<environment.Job instance at 0x7fd3ea242f50>,44,12,[13  4],45,-1,76,-1,64
1,<environment.Job instance at 0x7fd3ea2369b0>,46,15,[ 1 11],47,-1,79,-1,64
1,<environment.Job instance at 0x7fd3ea25eb90>,48,24,[13  4],49,-1,94,-1,70
1,<environment.Job instance at 0x7fd3ea25e370>,50,19,[14  4],51,-1,98,-1,79
1,<environment.Job instance at 0x7fd3e99e6d20>,52,24,[9 5],53,-1,103,-1,79
1,<environment.Job instance at 0x7fd3ea25eaa0>,53,24,[10  3],54,-1,103,-1,79
1,<environment.Job instance at 0x7fd3e99df3c0>,54,13,[13  4],55,-1,92,-1,79
1,<environment.Job instance at 0x7fd3e99df320>,55,24,[ 1 10],56,-1,110,-1,86
1,<environment.Job instance at 0x7fd3ea237aa0>,59,15,[14  5],60,-1,101,-1,86
1,<environment.Job instance at 0x7fd3ea2372d0>,60,13,[11  1],61,-1,99,-1,86
1,<environment.Job instance at 0x7fd3ea237a00>,61,17,[14  5],62,-1,103,-1,86
1,<environment.Job instance at 0x7fd3e99c4280>,62,14,[13  2],63,-1,100,-1,86
1,<environment.Job instance at 0x7fd3e9d61cd0>,63,16,[ 5 13],64,-1,102,-1,86
1,<environment.Job instance at 0x7fd3e99cbbe0>,64,28,[14  3],65,-1,114,-1,86
1,<environment.Job instance at 0x7fd3e99cb0a0>,65,16,[14  2],66,-1,102,-1,86
1,<environment.Job instance at 0x7fd3e99cb140>,66,13,[ 3 13],67,-1,99,-1,86
1,<environment.Job instance at 0x7fd3e99cb190>,67,28,[ 1 11],68,-1,114,-1,86
1,<environment.Job instance at 0x7fd3e99ce640>,68,24,[5 5],69,-1,115,-1,91
1,<environment.Job instance at 0x7fd3e99ce550>,69,18,[13  5],70,-1,109,-1,91
1,<environment.Job instance at 0x7fd3ea2374b0>,58,27,[8 2],59,-1,125,-1,98
1,<environment.Job instance at 0x7fd3e99ce500>,71,14,[ 5 14],72,-1,112,-1,98
1,<environment.Job instance at 0x7fd3e99c2460>,72,16,[13  3],73,-1,114,-1,98
1,<environment.Job instance at 0x7fd3ea438c30>,73,20,[11  1],74,-1,118,-1,98
1,<environment.Job instance at 0x7fd3e99d7dc0>,75,12,[ 2 14],76,-1,110,-1,98
1,<environment.Job instance at 0x7fd3e99d7640>,77,27,[3 7],78,-1,131,-1,104
1,<environment.Job instance at 0x7fd3e9a60820>,78,17,[14  4],79,-1,121,-1,104
1,<environment.Job instance at 0x7fd3e99d7050>,79,12,[ 1 13],80,-1,116,-1,104
1,<environment.Job instance at 0x7fd3e9d67230>,81,25,[9 1],82,-1,139,-1,114
1,<environment.Job instance at 0x7fd3e99d4b90>,82,19,[ 2 14],83,-1,133,-1,114
1,<environment.Job instance at 0x7fd3eac19640>,83,17,[14  3],84,-1,131,-1,114
1,<environment.Job instance at 0x7fd3e9a58960>,84,23,[ 1 13],85,-1,137,-1,114
1,<environment.Job instance at 0x7fd3ea87ba50>,85,25,[ 4 12],86,-1,139,-1,114
1,<environment.Job instance at 0x7fd3ea25f190>,87,14,[ 1 11],88,-1,128,-1,114
1,<environment.Job instance at 0x7fd3ea25fe10>,88,13,[ 2 11],89,-1,127,-1,114
1,<environment.Job instance at 0x7fd3ea25ff50>,89,20,[ 1 11],90,-1,134,-1,114
1,<environment.Job instance at 0x7fd3ea25fb40>,90,14,[14  1],91,-1,128,-1,114
1,<environment.Job instance at 0x7fd3ea335320>,91,19,[ 3 11],92,-1,133,-1,114
1,<environment.Job instance at 0x7fd3ea335d20>,92,17,[ 5 13],93,-1,131,-1,114
1,<environment.Job instance at 0x7fd3ea5041e0>,93,15,[14  4],94,-1,129,-1,114
1,<environment.Job instance at 0x7fd3ea504cd0>,94,28,[4 5],95,-1,146,-1,118
1,<environment.Job instance at 0x7fd3e9c370a0>,96,24,[ 4 13],97,-1,143,-1,119
1,<environment.Job instance at 0x7fd3ea911460>,97,20,[12  4],98,-1,139,-1,119
1,<environment.Job instance at 0x7fd3ea5045a0>,99,26,[3 5],100,-1,163,-1,137
1,<environment.Job instance at 0x7fd3ea504500>,100,15,[ 4 12],101,-1,152,-1,137
1,<environment.Job instance at 0x7fd3ea25fdc0>,86,23,[ 1 10],87,-1,182,-1,159
1,<environment.Job instance at 0x7fd3ea468230>,105,28,[ 4 11],106,-1,187,-1,159
1,<environment.Job instance at 0x7fd3ea4681e0>,106,23,[5 5],107,-1,182,-1,159
1,<environment.Job instance at 0x7fd3ea23b690>,108,19,[ 2 11],109,-1,180,-1,161
1,<environment.Job instance at 0x7fd3ea23b5f0>,109,12,[14  5],110,-1,173,-1,161
1,<environment.Job instance at 0x7fd3ea23b050>,110,27,[10  1],111,-1,190,-1,163
1,<environment.Job instance at 0x7fd3e9d25a00>,112,18,[ 5 12],113,-1,181,-1,163
1,<environment.Job instance at 0x7fd3e9cecb90>,113,25,[11  3],114,-1,188,-1,163
1,<environment.Job instance at 0x7fd3e99faf50>,114,16,[ 4 12],115,-1,179,-1,163
1,<environment.Job instance at 0x7fd3e9c3b6e0>,115,20,[ 5 11],116,-1,183,-1,163
1,<environment.Job instance at 0x7fd3ea90b9b0>,116,23,[12  5],117,-1,186,-1,163
1,<environment.Job instance at 0x7fd3ea90b870>,117,26,[12  3],118,-1,189,-1,163
1,<environment.Job instance at 0x7fd3ea238690>,119,26,[ 3 13],120,-1,189,-1,163
1,<environment.Job instance at 0x7fd3ea238be0>,120,23,[2 7],121,-1,202,-1,179
1,<environment.Job instance at 0x7fd3ea238e10>,121,19,[14  5],122,-1,198,-1,179
1,<environment.Job instance at 0x7fd3ea8e5230>,0,16,[ 4 11],1,-1,17,-1,1
1,<environment.Job instance at 0x7fd3ea8e5280>,1,28,[ 4 13],2,-1,30,-1,2
1,<environment.Job instance at 0x7fd3ea8e59b0>,2,15,[ 5 14],3,-1,18,-1,3
1,<environment.Job instance at 0x7fd3ea8e5140>,3,25,[13  4],4,-1,29,-1,4
1,<environment.Job instance at 0x7fd3ea8e5870>,4,20,[13  5],5,-1,25,-1,5
1,<environment.Job instance at 0x7fd3ea8e5500>,5,25,[7 3],6,-1,31,-1,6
1,<environment.Job instance at 0x7fd3ea8dff50>,6,16,[ 5 11],7,-1,23,-1,7
1,<environment.Job instance at 0x7fd3ea8ff0a0>,8,21,[14  2],9,-1,30,-1,9
1,<environment.Job instance at 0x7fd3ea8ffa50>,9,13,[12  4],10,-1,23,-1,10
1,<environment.Job instance at 0x7fd3ea8e5a00>,10,26,[14  5],11,-1,37,-1,11
1,<environment.Job instance at 0x7fd3e98ec9b0>,12,19,[ 2 13],13,-1,32,-1,13
1,<environment.Job instance at 0x7fd3e98eca00>,15,13,[11  1],16,-1,29,-1,16
1,<environment.Job instance at 0x7fd3e98ec7d0>,13,24,[5 3],14,-1,46,-1,22
1,<environment.Job instance at 0x7fd3e9915be0>,19,17,[ 4 14],20,-1,39,-1,22
1,<environment.Job instance at 0x7fd3e9915b40>,21,17,[12  4],22,-1,39,-1,22
1,<environment.Job instance at 0x7fd3e98f6fa0>,22,14,[ 3 11],23,-1,37,-1,23
1,<environment.Job instance at 0x7fd3e98f6af0>,23,16,[ 4 13],24,-1,40,-1,24
1,<environment.Job instance at 0x7fd3e98f6190>,24,24,[ 1 11],25,-1,49,-1,25
1,<environment.Job instance at 0x7fd3e98f6c80>,25,17,[ 4 11],26,-1,43,-1,26
1,<environment.Job instance at 0x7fd3e99016e0>,27,15,[ 2 12],28,-1,43,-1,28
1,<environment.Job instance at 0x7fd3e9925d20>,28,22,[ 5 13],29,-1,51,-1,29
1,<environment.Job instance at 0x7fd3e99259b0>,29,16,[12  4],30,-1,46,-1,30
1,<environment.Job instance at 0x7fd3e9925c80>,30,26,[11  3],31,-1,57,-1,31
1,<environment.Job instance at 0x7fd3e99257d0>,32,15,[13  2],33,-1,49,-1,34
1,<environment.Job instance at 0x7fd3e98fb3c0>,33,23,[4 9],34,-1,57,-1,34
1,<environment.Job instance at 0x7fd3e98fbc80>,34,25,[7 5],35,-1,62,-1,37
1,<environment.Job instance at 0x7fd3e98fbe60>,36,28,[ 3 13],37,-1,65,-1,37
1,<environment.Job instance at 0x7fd3e98fbcd0>,35,23,[5 4],36,-1,60,-1,37
1,<environment.Job instance at 0x7fd3e9ddc230>,39,19,[ 1 13],40,-1,59,-1,40
1,<environment.Job instance at 0x7fd3e9916d20>,41,28,[4 5],42,-1,80,-1,52
1,<environment.Job instance at 0x7fd3e9916fa0>,42,26,[1 7],43,-1,78,-1,52
1,<environment.Job instance at 0x7fd3ea5a85a0>,43,21,[13  3],44,-1,73,-1,52
1,<environment.Job instance at 0x7fd3e9ea7910>,44,23,[6 2],45,-1,75,-1,52
1,<environment.Job instance at 0x7fd3e98ea960>,47,27,[ 3 13],48,-1,79,-1,52
1,<environment.Job instance at 0x7fd3e98eaeb0>,48,22,[13  1],49,-1,74,-1,52
1,<environment.Job instance at 0x7fd3e98ea3c0>,49,26,[ 4 12],50,-1,78,-1,52
1,<environment.Job instance at 0x7fd3e9903e10>,51,25,[ 5 12],52,-1,77,-1,52
1,<environment.Job instance at 0x7fd3e9903dc0>,52,28,[12  4],53,-1,81,-1,53
1,<environment.Job instance at 0x7fd3e9902f50>,53,18,[13  5],54,-1,72,-1,54
1,<environment.Job instance at 0x7fd3ea7f85f0>,55,24,[8 3],56,-1,89,-1,65
1,<environment.Job instance at 0x7fd3e9ad2f50>,56,25,[ 1 14],57,-1,90,-1,65
1,<environment.Job instance at 0x7fd3ea7f08c0>,57,23,[9 5],58,-1,88,-1,65
1,<environment.Job instance at 0x7fd3ea7f00f0>,59,22,[ 3 12],60,-1,87,-1,65
1,<environment.Job instance at 0x7fd3ea7f0730>,60,25,[ 1 11],61,-1,90,-1,65
1,<environment.Job instance at 0x7fd3ea7d8370>,61,14,[12  4],62,-1,79,-1,65
1,<environment.Job instance at 0x7fd3ea952b40>,65,12,[ 3 14],66,-1,80,-1,68
1,<environment.Job instance at 0x7fd3ea95e5a0>,66,24,[11  4],67,-1,92,-1,68
1,<environment.Job instance at 0x7fd3ea7e1550>,69,13,[12  1],70,-1,97,-1,84
1,<environment.Job instance at 0x7fd3ea952960>,71,26,[9 5],72,-1,127,-1,101
1,<environment.Job instance at 0x7fd3ea8c6780>,72,18,[13  5],73,-1,119,-1,101
1,<environment.Job instance at 0x7fd3ea8c6230>,73,25,[11  5],74,-1,126,-1,101
1,<environment.Job instance at 0x7fd3ea8c6f00>,74,17,[12  3],75,-1,118,-1,101
1,<environment.Job instance at 0x7fd3e9b14050>,79,24,[8 1],80,-1,155,-1,131
1,<environment.Job instance at 0x7fd3ea568be0>,80,18,[14  5],81,-1,149,-1,131
1,<environment.Job instance at 0x7fd3ea8c6d20>,82,28,[5 5],83,-1,165,-1,137
1,<environment.Job instance at 0x7fd3ea8c6e60>,84,28,[14  1],85,-1,165,-1,137
1,<environment.Job instance at 0x7fd3ea549410>,85,24,[13  1],86,-1,161,-1,137
1,<environment.Job instance at 0x7fd3ea151690>,87,26,[8 3],88,-1,185,-1,159
1,<environment.Job instance at 0x7fd3ea8d2140>,88,24,[13  4],89,-1,183,-1,159
1,<environment.Job instance at 0x7fd3ea8d21e0>,91,19,[ 5 14],92,-1,178,-1,159
1,<environment.Job instance at 0x7fd3ea14eaa0>,92,18,[14  4],93,-1,177,-1,159
1,<environment.Job instance at 0x7fd3ea14ea50>,93,17,[ 5 14],94,-1,176,-1,159
1,<environment.Job instance at 0x7fd3ea8d0050>,94,13,[ 2 11],95,-1,172,-1,159
1,<environment.Job instance at 0x7fd3ea8d0230>,95,24,[6 4],96,-1,196,-1,172
1,<environment.Job instance at 0x7fd3ea8d05f0>,96,24,[ 2 13],97,-1,196,-1,172
1,<environment.Job instance at 0x7fd3ea1cba50>,0,24,[3 7],1,-1,25,-1,1
1,<environment.Job instance at 0x7fd3ea1e8280>,6,23,[9 3],7,-1,31,-1,8
1,<environment.Job instance at 0x7fd3ea1e8140>,8,19,[ 4 11],9,-1,28,-1,9
1,<environment.Job instance at 0x7fd3ea1e8fa0>,9,16,[7 2],10,-1,26,-1,10
1,<environment.Job instance at 0x7fd3ea1e8d70>,11,27,[5 2],12,-1,39,-1,12
1,<environment.Job instance at 0x7fd3ea1e86e0>,13,21,[ 3 11],14,-1,35,-1,14
1,<environment.Job instance at 0x7fd3ea1e85a0>,14,18,[2 7],15,-1,33,-1,15
1,<environment.Job instance at 0x7fd3ea1e8910>,15,12,[ 1 13],16,-1,28,-1,16
1,<environment.Job instance at 0x7fd3ea1e87d0>,16,15,[8 5],17,-1,32,-1,17
1,<environment.Job instance at 0x7fd3ea1e80f0>,17,22,[9 3],18,-1,40,-1,18
1,<environment.Job instance at 0x7fd3ea1cbd20>,7,26,[11  4],8,-1,45,-1,19
1,<environment.Job instance at 0x7fd3ea1d1230>,25,19,[12  3],26,-1,51,-1,32
1,<environment.Job instance at 0x7fd3ea1d1eb0>,24,22,[7 3],25,-1,54,-1,32
1,<environment.Job instance at 0x7fd3ea1d1140>,27,18,[ 1 13],28,-1,50,-1,32
1,<environment.Job instance at 0x7fd3ea1d16e0>,28,14,[5 5],29,-1,46,-1,32
1,<environment.Job instance at 0x7fd3ea1d1500>,26,14,[12  4],27,-1,46,-1,32
1,<environment.Job instance at 0x7fd3ea1d12d0>,21,15,[13  5],22,-1,49,-1,34
1,<environment.Job instance at 0x7fd3ea1d1c30>,18,28,[ 1 13],19,-1,65,-1,37
1,<environment.Job instance at 0x7fd3ea1d1fa0>,20,13,[1 8],21,-1,50,-1,37
1,<environment.Job instance at 0x7fd3ea1bb5a0>,32,19,[ 2 13],33,-1,56,-1,37
1,<environment.Job instance at 0x7fd3ea1d1e60>,33,28,[ 5 10],34,-1,66,-1,38
1,<environment.Job instance at 0x7fd3ea1d1b90>,29,26,[ 2 12],30,-1,64,-1,38
1,<environment.Job instance at 0x7fd3ea1bb6e0>,36,27,[11  4],37,-1,68,-1,41
1,<environment.Job instance at 0x7fd3ea1bbeb0>,37,13,[14  2],38,-1,54,-1,41
1,<environment.Job instance at 0x7fd3ea1bb140>,38,19,[6 2],39,-1,60,-1,41
1,<environment.Job instance at 0x7fd3ea1bba00>,35,26,[9 1],36,-1,67,-1,41
1,<environment.Job instance at 0x7fd3ea1bbd20>,34,19,[13  2],35,-1,60,-1,41
1,<environment.Job instance at 0x7fd3ea1bbb90>,39,21,[ 1 13],40,-1,63,-1,42
1,<environment.Job instance at 0x7fd3ea1bb3c0>,41,21,[4 6],42,-1,63,-1,42
1,<environment.Job instance at 0x7fd3ea1bbe60>,42,16,[ 1 12],43,-1,59,-1,43
1,<environment.Job instance at 0x7fd3ea1bbf50>,43,16,[12  5],44,-1,60,-1,44
1,<environment.Job instance at 0x7fd3ea1bb230>,44,25,[10  1],45,-1,70,-1,45
1,<environment.Job instance at 0x7fd3ea1bb550>,45,23,[4 9],46,-1,69,-1,46
1,<environment.Job instance at 0x7fd3ea1bb730>,46,24,[ 2 12],47,-1,71,-1,47
1,<environment.Job instance at 0x7fd3ea1bb1e0>,47,15,[10  3],48,-1,63,-1,48
1,<environment.Job instance at 0x7fd3ea131f00>,49,21,[7 4],50,-1,72,-1,51
1,<environment.Job instance at 0x7fd3ea1311e0>,50,22,[5 4],51,-1,74,-1,52
1,<environment.Job instance at 0x7fd3ea131230>,51,16,[ 1 11],52,-1,69,-1,53
1,<environment.Job instance at 0x7fd3ea1319b0>,52,19,[14  3],53,-1,73,-1,54
1,<environment.Job instance at 0x7fd3ea131f50>,54,21,[ 4 12],55,-1,76,-1,55
1,<environment.Job instance at 0x7fd3ea131280>,53,25,[1 9],54,-1,81,-1,56
1,<environment.Job instance at 0x7fd3ea131050>,55,27,[9 3],56,-1,84,-1,57
1,<environment.Job instance at 0x7fd3ea131dc0>,57,28,[6 2],58,-1,87,-1,59
1,<environment.Job instance at 0x7fd3ea131870>,59,25,[2 7],60,-1,85,-1,60
1,<environment.Job instance at 0x7fd3ea1316e0>,58,12,[ 4 12],59,-1,72,-1,60
1,<environment.Job instance at 0x7fd3ea166550>,0,24,[3 7],1,-1,25,-1,1
1,<environment.Job instance at 0x7fd3ea14eaa0>,2,13,[14  3],3,-1,16,-1,3
1,<environment.Job instance at 0x7fd3e9ad2f50>,4,22,[ 5 11],5,-1,27,-1,5
1,<environment.Job instance at 0x7fd3f3690500>,7,26,[11  4],8,-1,34,-1,8
1,<environment.Job instance at 0x7fd3e9780a50>,8,19,[ 4 11],9,-1,28,-1,9
1,<environment.Job instance at 0x7fd3ea950c80>,11,27,[5 2],12,-1,43,-1,16
1,<environment.Job instance at 0x7fd3eac49050>,13,21,[ 3 11],14,-1,37,-1,16
1,<environment.Job instance at 0x7fd3eb0ad960>,15,12,[ 1 13],16,-1,28,-1,16
1,<environment.Job instance at 0x7fd3ea166410>,6,23,[9 3],7,-1,44,-1,21
1,<environment.Job instance at 0x7fd3ea7f8410>,18,28,[ 1 13],19,-1,49,-1,21
1,<environment.Job instance at 0x7fd3ea5b0320>,21,15,[13  5],22,-1,47,-1,32
1,<environment.Job instance at 0x7fd3ea75c370>,23,14,[11  1],24,-1,49,-1,35
1,<environment.Job instance at 0x7fd3ea75c0a0>,25,19,[12  3],26,-1,54,-1,35
1,<environment.Job instance at 0x7fd3ea912a00>,26,14,[12  4],27,-1,49,-1,35
1,<environment.Job instance at 0x7fd3e98e6f50>,27,18,[ 1 13],28,-1,53,-1,35
1,<environment.Job instance at 0x7fd3ea938280>,29,26,[ 2 12],30,-1,61,-1,35
1,<environment.Job instance at 0x7fd3ea355910>,32,19,[ 2 13],33,-1,68,-1,49
1,<environment.Job instance at 0x7fd3e9ea7a00>,34,19,[13  2],35,-1,82,-1,63
1,<environment.Job instance at 0x7fd3eb03caf0>,33,28,[ 5 10],34,-1,95,-1,67
1,<environment.Job instance at 0x7fd3e9ea7a50>,36,27,[11  4],37,-1,94,-1,67
1,<environment.Job instance at 0x7fd3e9afc7d0>,37,13,[14  2],38,-1,80,-1,67
1,<environment.Job instance at 0x7fd3eac37dc0>,39,21,[ 1 13],40,-1,88,-1,67
1,<environment.Job instance at 0x7fd3eac36fa0>,35,26,[9 1],36,-1,104,-1,78
1,<environment.Job instance at 0x7fd3f3c78640>,42,16,[ 1 12],43,-1,94,-1,78
1,<environment.Job instance at 0x7fd3eacf38c0>,43,16,[12  5],44,-1,94,-1,78
1,<environment.Job instance at 0x7fd3eacf36e0>,44,25,[10  1],45,-1,103,-1,78
1,<environment.Job instance at 0x7fd3e9b149b0>,46,24,[ 2 12],47,-1,102,-1,78
1,<environment.Job instance at 0x7fd3e9b14e60>,45,23,[4 9],46,-1,104,-1,81
1,<environment.Job instance at 0x7fd3eac2b1e0>,51,16,[ 1 11],52,-1,109,-1,93
1,<environment.Job instance at 0x7fd3e9d78870>,52,19,[14  3],53,-1,112,-1,93
1,<environment.Job instance at 0x7fd3ea209870>,54,21,[ 4 12],55,-1,115,-1,94
1,<environment.Job instance at 0x7fd3e9d78c30>,53,25,[1 9],54,-1,120,-1,95
1,<environment.Job instance at 0x7fd3ea209aa0>,56,24,[14  4],57,-1,119,-1,95
1,<environment.Job instance at 0x7fd3ea2093c0>,57,28,[6 2],58,-1,123,-1,95
1,<environment.Job instance at 0x7fd3ea209f50>,58,12,[ 4 12],59,-1,107,-1,95
1,<environment.Job instance at 0x7fd3ea209780>,59,25,[2 7],60,-1,120,-1,95
1,<environment.Job instance at 0x7fd3ea209c80>,60,26,[14  2],61,-1,121,-1,95
1,<environment.Job instance at 0x7fd3ea209d20>,61,23,[13  4],62,-1,118,-1,95
1,<environment.Job instance at 0x7fd3ea209910>,62,28,[6 1],63,-1,123,-1,95
1,<environment.Job instance at 0x7fd3ea209cd0>,55,27,[9 3],56,-1,137,-1,110
1,<environment.Job instance at 0x7fd3eac3d3c0>,66,16,[ 4 12],67,-1,126,-1,110
1,<environment.Job instance at 0x7fd3eac3d780>,67,15,[12  4],68,-1,125,-1,110
1,<environment.Job instance at 0x7fd3e9d59690>,69,28,[11  1],70,-1,139,-1,111
1,<environment.Job instance at 0x7fd3e9d599b0>,71,26,[13  2],72,-1,144,-1,118
1,<environment.Job instance at 0x7fd3e9d59d20>,72,21,[ 3 11],73,-1,139,-1,118
1,<environment.Job instance at 0x7fd3eaa65730>,75,25,[6 4],76,-1,163,-1,138
1,<environment.Job instance at 0x7fd3eac39f50>,76,21,[14  5],77,-1,159,-1,138
1,<environment.Job instance at 0x7fd3eac39b90>,77,26,[ 5 13],78,-1,164,-1,138
1,<environment.Job instance at 0x7fd3f365c550>,79,27,[ 4 13],80,-1,165,-1,138
1,<environment.Job instance at 0x7fd3f365c5a0>,80,17,[ 5 12],81,-1,155,-1,138
1,<environment.Job instance at 0x7fd3f3b2eb40>,81,22,[13  3],82,-1,160,-1,138
1,<environment.Job instance at 0x7fd3f3b2ef50>,83,14,[ 2 13],84,-1,152,-1,138
1,<environment.Job instance at 0x7fd3f3b2eaf0>,82,28,[ 4 10],83,-1,183,-1,155
1,<environment.Job instance at 0x7fd3f3c79640>,89,24,[14  5],90,-1,194,-1,170
1,<environment.Job instance at 0x7fd3ea775c80>,88,24,[ 4 10],89,-1,199,-1,175
1,<environment.Job instance at 0x7fd3e97ab870>,91,20,[ 3 11],92,-1,195,-1,175
1,<environment.Job instance at 0x7fd3e97ab190>,92,13,[12  4],93,-1,188,-1,175
1,<environment.Job instance at 0x7fd3ea0ba9b0>,90,27,[ 3 10],91,-1,203,-1,176
1,<environment.Job instance at 0x7fd3ead95b90>,94,12,[ 4 14],95,-1,188,-1,176
1,<environment.Job instance at 0x7fd3ea5c8fa0>,2,20,[3 9],3,-1,24,-1,4
1,<environment.Job instance at 0x7fd3ea5c8460>,4,26,[7 1],5,-1,31,-1,5
1,<environment.Job instance at 0x7fd3ea5c8e60>,6,24,[7 2],7,-1,31,-1,7
1,<environment.Job instance at 0x7fd3ea5c8320>,12,16,[13  1],13,-1,32,-1,16
1,<environment.Job instance at 0x7fd3ea5c81e0>,13,16,[8 2],14,-1,32,-1,16
1,<environment.Job instance at 0x7fd3ea5c8dc0>,10,23,[ 3 10],11,-1,39,-1,16
1,<environment.Job instance at 0x7fd3ea5c8d20>,15,28,[5 8],16,-1,44,-1,16
1,<environment.Job instance at 0x7fd3ea5c85a0>,14,25,[1 8],15,-1,42,-1,17
1,<environment.Job instance at 0x7fd3e98206e0>,18,18,[ 5 12],19,-1,37,-1,19
1,<environment.Job instance at 0x7fd3e98208c0>,21,27,[1 7],22,-1,55,-1,28
1,<environment.Job instance at 0x7fd3ea5c8960>,5,13,[14  1],6,-1,41,-1,28
1,<environment.Job instance at 0x7fd3e98204b0>,19,17,[13  3],20,-1,45,-1,28
1,<environment.Job instance at 0x7fd3e9820500>,24,20,[6 3],25,-1,48,-1,28
1,<environment.Job instance at 0x7fd3e9820dc0>,23,13,[12  4],24,-1,41,-1,28
1,<environment.Job instance at 0x7fd3e98200f0>,26,12,[5 2],27,-1,40,-1,28
1,<environment.Job instance at 0x7fd3e9820550>,20,19,[ 3 14],21,-1,47,-1,28
1,<environment.Job instance at 0x7fd3e9820fa0>,25,18,[8 1],26,-1,46,-1,28
1,<environment.Job instance at 0x7fd3e9820190>,22,13,[6 4],23,-1,41,-1,28
1,<environment.Job instance at 0x7fd3e9820d20>,29,26,[ 3 10],30,-1,58,-1,32
1,<environment.Job instance at 0x7fd3e9820640>,17,13,[14  5],18,-1,64,-1,51
1,<environment.Job instance at 0x7fd3e98205a0>,32,28,[13  1],33,-1,79,-1,51
1,<environment.Job instance at 0x7fd3e9820730>,27,16,[ 5 12],28,-1,68,-1,52
1,<environment.Job instance at 0x7fd3ea1f07d0>,37,18,[11  2],38,-1,72,-1,54
1,<environment.Job instance at 0x7fd3ea1f0fa0>,35,19,[7 2],36,-1,73,-1,54
1,<environment.Job instance at 0x7fd3e9b0e2d0>,41,12,[11  4],42,-1,66,-1,54
1,<environment.Job instance at 0x7fd3ea8cb280>,42,17,[10  2],43,-1,71,-1,54
1,<environment.Job instance at 0x7fd3ea8cbcd0>,43,22,[7 5],44,-1,76,-1,54
1,<environment.Job instance at 0x7fd3ea8cb320>,44,18,[14  3],45,-1,72,-1,54
1,<environment.Job instance at 0x7fd3ea54d780>,46,21,[ 3 11],47,-1,75,-1,54
1,<environment.Job instance at 0x7fd3ea438d70>,0,26,[13  2],1,-1,27,-1,1
1,<environment.Job instance at 0x7fd3ea438690>,1,14,[ 3 12],2,-1,16,-1,2
1,<environment.Job instance at 0x7fd3f3631f00>,4,26,[7 1],5,-1,31,-1,5
1,<environment.Job instance at 0x7fd3f3a03be0>,5,13,[14  1],6,-1,19,-1,6
1,<environment.Job instance at 0x7fd3f3631820>,6,24,[7 2],7,-1,31,-1,7
1,<environment.Job instance at 0x7fd3eaf174b0>,7,24,[14  4],8,-1,32,-1,8
1,<environment.Job instance at 0x7fd3e9799dc0>,8,25,[12  5],9,-1,34,-1,9
1,<environment.Job instance at 0x7fd3f36328c0>,9,25,[3 6],10,-1,35,-1,10
1,<environment.Job instance at 0x7fd3e9799640>,11,20,[ 4 14],12,-1,32,-1,12
1,<environment.Job instance at 0x7fd3e97c8a00>,12,16,[13  1],13,-1,29,-1,13
1,<environment.Job instance at 0x7fd3e97c8870>,16,16,[ 4 12],17,-1,33,-1,17
1,<environment.Job instance at 0x7fd3e97c8af0>,17,13,[14  5],18,-1,31,-1,18
1,<environment.Job instance at 0x7fd3e97ab870>,18,18,[ 5 12],19,-1,37,-1,19
1,<environment.Job instance at 0x7fd3ea0bacd0>,19,17,[13  3],20,-1,37,-1,20
1,<environment.Job instance at 0x7fd3ea0ba190>,20,19,[ 3 14],21,-1,40,-1,21
1,<environment.Job instance at 0x7fd3f3631d70>,3,27,[2 7],4,-1,50,-1,23
1,<environment.Job instance at 0x7fd3e97990a0>,10,23,[ 3 10],11,-1,46,-1,23
1,<environment.Job instance at 0x7fd3ead95280>,14,25,[1 8],15,-1,48,-1,23
1,<environment.Job instance at 0x7fd3e97a7190>,15,28,[5 8],16,-1,51,-1,23
1,<environment.Job instance at 0x7fd3ea0baeb0>,21,27,[1 7],22,-1,50,-1,23
1,<environment.Job instance at 0x7fd3ea775370>,23,13,[12  4],24,-1,37,-1,24
1,<environment.Job instance at 0x7fd3ea775c80>,27,16,[ 5 12],28,-1,44,-1,28
1,<environment.Job instance at 0x7fd3eaa65be0>,29,26,[ 3 10],30,-1,56,-1,30
1,<environment.Job instance at 0x7fd3e9d59550>,32,28,[13  1],33,-1,61,-1,33
1,<environment.Job instance at 0x7fd3e9d59230>,34,28,[12  1],35,-1,64,-1,36
1,<environment.Job instance at 0x7fd3eb03caf0>,37,18,[11  2],38,-1,69,-1,51
1,<environment.Job instance at 0x7fd3e9ab3a00>,40,17,[13  1],41,-1,70,-1,53
1,<environment.Job instance at 0x7fd3ea764320>,41,12,[11  4],42,-1,65,-1,53
1,<environment.Job instance at 0x7fd3eac5e550>,44,18,[14  3],45,-1,80,-1,62
1,<environment.Job instance at 0x7fd3ea75c8c0>,45,25,[ 3 12],46,-1,87,-1,62
1,<environment.Job instance at 0x7fd3ea75cb90>,46,21,[ 3 11],47,-1,83,-1,62
1,<environment.Job instance at 0x7fd3e9ab6dc0>,47,17,[ 3 14],48,-1,79,-1,62
1,<environment.Job instance at 0x7fd3ea7f8410>,48,26,[ 5 13],49,-1,88,-1,62
1,<environment.Job instance at 0x7fd3eaae8730>,50,25,[2 6],51,-1,91,-1,66
1,<environment.Job instance at 0x7fd3e9ab6c30>,51,24,[3 5],52,-1,90,-1,66
1,<environment.Job instance at 0x7fd3eafd3af0>,53,16,[12  1],54,-1,82,-1,66
1,<environment.Job instance at 0x7fd3e9e6ea00>,55,18,[ 4 11],56,-1,92,-1,74
1,<environment.Job instance at 0x7fd3ea4c4c30>,58,15,[ 4 13],59,-1,103,-1,88
1,<environment.Job instance at 0x7fd3e9e85780>,59,26,[ 1 10],60,-1,120,-1,94
1,<environment.Job instance at 0x7fd3ea14e460>,62,23,[2 8],63,-1,126,-1,103
1,<environment.Job instance at 0x7fd3eacf36e0>,64,16,[13  1],65,-1,119,-1,103
1,<environment.Job instance at 0x7fd3ea2299b0>,66,23,[ 5 11],67,-1,134,-1,111
1,<environment.Job instance at 0x7fd3eacf38c0>,65,28,[3 6],66,-1,139,-1,111
1,<environment.Job instance at 0x7fd3ea54d140>,68,17,[ 2 12],69,-1,128,-1,111
1,<environment.Job instance at 0x7fd3ea14ea00>,61,28,[ 5 10],62,-1,157,-1,129
1,<environment.Job instance at 0x7fd3e9820aa0>,67,28,[2 8],68,-1,158,-1,130
1,<environment.Job instance at 0x7fd3ea166550>,73,22,[ 1 13],74,-1,152,-1,130
1,<environment.Job instance at 0x7fd3ea54d1e0>,71,27,[5 8],72,-1,158,-1,131
1,<environment.Job instance at 0x7fd3ea1665a0>,75,21,[ 5 13],76,-1,152,-1,131
1,<environment.Job instance at 0x7fd3ea5c8550>,76,23,[ 4 12],77,-1,154,-1,131
1,<environment.Job instance at 0x7fd3ea5c8eb0>,77,20,[ 1 13],78,-1,151,-1,131
1,<environment.Job instance at 0x7fd3eaecd500>,78,26,[1 8],79,-1,157,-1,131
1,<environment.Job instance at 0x7fd3eaecda00>,79,27,[14  4],80,-1,158,-1,131
1,<environment.Job instance at 0x7fd3e9d5c870>,81,21,[ 1 11],82,-1,153,-1,132
1,<environment.Job instance at 0x7fd3eabdcbe0>,82,20,[11  2],83,-1,152,-1,132
1,<environment.Job instance at 0x7fd3ea9028c0>,87,12,[ 2 13],88,-1,157,-1,145
1,<environment.Job instance at 0x7fd3ea42a410>,88,26,[13  3],89,-1,171,-1,145
1,<environment.Job instance at 0x7fd3e9c1b910>,89,18,[ 5 14],90,-1,163,-1,145
1,<environment.Job instance at 0x7fd3e9c1bfa0>,90,17,[12  1],91,-1,162,-1,145
1,<environment.Job instance at 0x7fd3e9c1b140>,91,22,[ 1 11],92,-1,167,-1,145
1,<environment.Job instance at 0x7fd3e9c1b7d0>,92,14,[14  4],93,-1,159,-1,145
1,<environment.Job instance at 0x7fd3ea652370>,93,28,[6 1],94,-1,190,-1,162
1,<environment.Job instance at 0x7fd3ea0eb910>,97,26,[11  4],98,-1,192,-1,166
1,<environment.Job instance at 0x7fd3ea1001e0>,8,19,[8 2],9,-1,28,-1,9
1,<environment.Job instance at 0x7fd3ea0295f0>,10,18,[ 3 11],11,-1,32,-1,14
1,<environment.Job instance at 0x7fd3ea0295a0>,11,24,[14  5],12,-1,39,-1,15
1,<environment.Job instance at 0x7fd3ea0298c0>,9,16,[ 1 10],10,-1,31,-1,15
1,<environment.Job instance at 0x7fd3ea029d70>,13,18,[14  3],14,-1,37,-1,19
1,<environment.Job instance at 0x7fd3ea029a50>,14,20,[14  1],15,-1,39,-1,19
1,<environment.Job instance at 0x7fd3ea029960>,15,14,[ 1 11],16,-1,34,-1,20
1,<environment.Job instance at 0x7fd3ea01c190>,18,19,[11  1],19,-1,40,-1,21
1,<environment.Job instance at 0x7fd3ea01ca50>,22,21,[5 5],23,-1,47,-1,26
1,<environment.Job instance at 0x7fd3ea01c1e0>,23,16,[ 1 13],24,-1,42,-1,26
1,<environment.Job instance at 0x7fd3ea01c050>,20,13,[ 2 11],21,-1,39,-1,26
1,<environment.Job instance at 0x7fd3ea01c870>,21,13,[7 3],22,-1,42,-1,29
1,<environment.Job instance at 0x7fd3ea0fedc0>,3,13,[11  1],4,-1,43,-1,30
1,<environment.Job instance at 0x7fd3ea01c9b0>,24,12,[6 2],25,-1,42,-1,30
1,<environment.Job instance at 0x7fd3e9b11b40>,26,24,[13  4],27,-1,54,-1,30
1,<environment.Job instance at 0x7fd3ea0fecd0>,6,18,[ 4 10],7,-1,48,-1,30
1,<environment.Job instance at 0x7fd3eabc1f50>,27,21,[ 1 12],28,-1,51,-1,30
1,<environment.Job instance at 0x7fd3ea0feaa0>,4,20,[13  2],5,-1,50,-1,30
1,<environment.Job instance at 0x7fd3ea387960>,29,13,[10  1],30,-1,43,-1,30
1,<environment.Job instance at 0x7fd3ea387190>,30,19,[5 5],31,-1,51,-1,32
1,<environment.Job instance at 0x7fd3eaefb780>,25,14,[6 3],26,-1,46,-1,32
1,<environment.Job instance at 0x7fd3ea387280>,31,19,[ 1 10],32,-1,51,-1,32
1,<environment.Job instance at 0x7fd3ea387870>,34,14,[12  4],35,-1,49,-1,35
1,<environment.Job instance at 0x7fd3ea387e60>,33,15,[ 5 10],34,-1,51,-1,36
1,<environment.Job instance at 0x7fd3eb012d20>,35,23,[ 1 13],36,-1,59,-1,36
1,<environment.Job instance at 0x7fd3ea387140>,28,25,[4 8],29,-1,63,-1,38
1,<environment.Job instance at 0x7fd3ea611320>,36,17,[8 5],37,-1,55,-1,38
1,<environment.Job instance at 0x7fd3f36e5730>,42,16,[12  4],43,-1,63,-1,47
1,<environment.Job instance at 0x7fd3f36dafa0>,45,18,[13  2],46,-1,65,-1,47
1,<environment.Job instance at 0x7fd3f36daeb0>,43,18,[13  5],44,-1,65,-1,47
1,<environment.Job instance at 0x7fd3f36e5500>,37,14,[13  3],38,-1,62,-1,48
1,<environment.Job instance at 0x7fd3f36da280>,50,27,[ 5 12],51,-1,198,-1,171
1,<environment.Job instance at 0x7fd3f36da370>,57,25,[11  1],58,-1,196,-1,171
1,<environment.Job instance at 0x7fd3f36dab40>,58,24,[ 3 14],59,-1,198,-1,174
1,<environment.Job instance at 0x7fd3f36da550>,56,26,[2 7],57,-1,201,-1,175
1,<environment.Job instance at 0x7fd3f36dae10>,48,20,[ 3 14],49,-1,196,-1,176
1,<environment.Job instance at 0x7fd3f36da6e0>,59,26,[12  5],60,-1,203,-1,177
1,<environment.Job instance at 0x7fd3eb00a690>,2,25,[ 3 12],3,-1,28,-1,3
1,<environment.Job instance at 0x7fd3e9ad7af0>,3,13,[11  1],4,-1,17,-1,4
1,<environment.Job instance at 0x7fd3eab816e0>,4,20,[13  2],5,-1,25,-1,5
1,<environment.Job instance at 0x7fd3ea76a410>,5,13,[ 2 14],6,-1,19,-1,6
1,<environment.Job instance at 0x7fd3e9ad7a00>,7,20,[ 1 11],8,-1,28,-1,8
1,<environment.Job instance at 0x7fd3ea76a280>,10,18,[ 3 11],11,-1,29,-1,11
1,<environment.Job instance at 0x7fd3ea77e4b0>,11,24,[14  5],12,-1,36,-1,12
1,<environment.Job instance at 0x7fd3ea76a3c0>,13,18,[14  3],14,-1,32,-1,14
1,<environment.Job instance at 0x7fd3ea77eaa0>,14,20,[14  1],15,-1,35,-1,15
1,<environment.Job instance at 0x7fd3ea38b5f0>,15,14,[ 1 11],16,-1,30,-1,16
1,<environment.Job instance at 0x7fd3ea5f7aa0>,16,12,[ 1 11],17,-1,29,-1,17
1,<environment.Job instance at 0x7fd3eab4fc30>,17,12,[ 5 12],18,-1,30,-1,18
1,<environment.Job instance at 0x7fd3e988faa0>,18,19,[11  1],19,-1,38,-1,19
1,<environment.Job instance at 0x7fd3ea5bb190>,19,24,[5 3],20,-1,44,-1,20
1,<environment.Job instance at 0x7fd3ea57f500>,20,13,[ 2 11],21,-1,34,-1,21
1,<environment.Job instance at 0x7fd3e9dcab90>,23,16,[ 1 13],24,-1,40,-1,24
1,<environment.Job instance at 0x7fd3eacd1550>,26,24,[13  4],27,-1,57,-1,33
1,<environment.Job instance at 0x7fd3e9db11e0>,27,21,[ 1 12],28,-1,54,-1,33
1,<environment.Job instance at 0x7fd3e9ad8500>,28,25,[4 8],29,-1,58,-1,33
1,<environment.Job instance at 0x7fd3e9ab5aa0>,32,25,[5 8],33,-1,62,-1,37
1,<environment.Job instance at 0x7fd3e9ab5690>,34,14,[12  4],35,-1,51,-1,37
1,<environment.Job instance at 0x7fd3ea6770a0>,35,23,[ 1 13],36,-1,60,-1,37
1,<environment.Job instance at 0x7fd3e9dafe60>,37,14,[13  3],38,-1,60,-1,46
1,<environment.Job instance at 0x7fd3eab859b0>,39,24,[12  3],40,-1,75,-1,51
1,<environment.Job instance at 0x7fd3e9ea8d70>,40,14,[12  4],41,-1,65,-1,51
1,<environment.Job instance at 0x7fd3ea64e730>,41,23,[5 2],42,-1,84,-1,61
1,<environment.Job instance at 0x7fd3ea64e820>,42,16,[12  4],43,-1,77,-1,61
1,<environment.Job instance at 0x7fd3eb014b90>,43,18,[13  5],44,-1,79,-1,61
1,<environment.Job instance at 0x7fd3eb014b40>,44,23,[5 5],45,-1,84,-1,61
1,<environment.Job instance at 0x7fd3eb014370>,45,18,[13  2],46,-1,79,-1,61
1,<environment.Job instance at 0x7fd3eb014f50>,46,27,[5 6],47,-1,88,-1,61
1,<environment.Job instance at 0x7fd3eb0140a0>,48,20,[ 3 14],49,-1,81,-1,61
1,<environment.Job instance at 0x7fd3eb014be0>,49,20,[13  3],50,-1,81,-1,61
1,<environment.Job instance at 0x7fd3ea5e3730>,50,27,[ 5 12],51,-1,88,-1,61
1,<environment.Job instance at 0x7fd3eb0140f0>,47,24,[9 5],48,-1,88,-1,64
1,<environment.Job instance at 0x7fd3eb014870>,52,14,[ 1 13],53,-1,78,-1,64
1,<environment.Job instance at 0x7fd3ea7678c0>,54,24,[12  4],55,-1,88,-1,64
1,<environment.Job instance at 0x7fd3ea767230>,55,13,[13  1],56,-1,77,-1,64
1,<environment.Job instance at 0x7fd3ea767960>,56,26,[2 7],57,-1,100,-1,74
1,<environment.Job instance at 0x7fd3ea767910>,57,25,[11  1],58,-1,99,-1,74
1,<environment.Job instance at 0x7fd3ea4d70a0>,58,24,[ 3 14],59,-1,98,-1,74
1,<environment.Job instance at 0x7fd3ea4e5c80>,59,26,[12  5],60,-1,100,-1,74
1,<environment.Job instance at 0x7fd3ea4e57d0>,61,24,[11  1],62,-1,98,-1,74
1,<environment.Job instance at 0x7fd3ea75bd20>,62,25,[14  3],63,-1,99,-1,74
1,<environment.Job instance at 0x7fd3ea75b230>,63,19,[11  3],64,-1,93,-1,74
1,<environment.Job instance at 0x7fd3ea75be10>,64,17,[12  2],65,-1,91,-1,74
1,<environment.Job instance at 0x7fd3ea75b190>,65,23,[ 5 14],66,-1,97,-1,74
1,<environment.Job instance at 0x7fd3ea4b72d0>,66,22,[ 4 11],67,-1,96,-1,74
1,<environment.Job instance at 0x7fd3ea7780f0>,71,15,[ 2 13],72,-1,97,-1,82
1,<environment.Job instance at 0x7fd3ea778410>,73,18,[ 3 13],74,-1,105,-1,87
1,<environment.Job instance at 0x7fd3ea778f50>,75,25,[12  4],76,-1,124,-1,99
1,<environment.Job instance at 0x7fd3ea778320>,76,23,[8 3],77,-1,138,-1,115
1,<environment.Job instance at 0x7fd3ea778a50>,79,15,[13  3],80,-1,130,-1,115
1,<environment.Job instance at 0x7fd3ea778780>,80,17,[12  5],81,-1,132,-1,115
1,<environment.Job instance at 0x7fd3ea7783c0>,81,28,[5 3],82,-1,149,-1,121
1,<environment.Job instance at 0x7fd3ea778050>,82,27,[12  4],83,-1,148,-1,121
1,<environment.Job instance at 0x7fd3ea4c8fa0>,83,24,[2 5],84,-1,145,-1,121
1,<environment.Job instance at 0x7fd3ea778820>,84,20,[ 3 13],85,-1,141,-1,121
1,<environment.Job instance at 0x7fd3ea4c1d20>,85,15,[12  1],86,-1,136,-1,121
1,<environment.Job instance at 0x7fd3ea4c1b40>,86,25,[7 2],87,-1,156,-1,131
1,<environment.Job instance at 0x7fd3ea4c1960>,88,16,[14  3],89,-1,147,-1,131
1,<environment.Job instance at 0x7fd3ea4cd820>,89,16,[ 5 12],90,-1,147,-1,131
1,<environment.Job instance at 0x7fd3ea4cd500>,91,27,[12  3],92,-1,159,-1,132
1,<environment.Job instance at 0x7fd3ea74ffa0>,93,21,[ 1 11],94,-1,154,-1,133
1,<environment.Job instance at 0x7fd3ea74f230>,94,26,[11  5],95,-1,159,-1,133
1,<environment.Job instance at 0x7fd3ea74f820>,96,28,[ 5 10],97,-1,176,-1,148
1,<environment.Job instance at 0x7fd3ea74fe60>,97,28,[14  5],98,-1,176,-1,148
1,<environment.Job instance at 0x7fd3ea74f0a0>,98,13,[13  5],99,-1,161,-1,148
1,<environment.Job instance at 0x7fd3ea74f140>,99,22,[ 2 14],100,-1,170,-1,148
1,<environment.Job instance at 0x7fd3ea74f780>,100,27,[4 5],101,-1,175,-1,148
1,<environment.Job instance at 0x7fd3ea4bf870>,101,23,[12  5],102,-1,171,-1,148
1,<environment.Job instance at 0x7fd3ea4bf280>,102,16,[ 2 14],103,-1,164,-1,148
1,<environment.Job instance at 0x7fd3ea4cc870>,104,19,[14  5],105,-1,167,-1,148
1,<environment.Job instance at 0x7fd3ea4ccaa0>,105,18,[ 5 12],106,-1,166,-1,148
1,<environment.Job instance at 0x7fd3ea4cc7d0>,106,16,[ 2 11],107,-1,164,-1,148
1,<environment.Job instance at 0x7fd3e9ade910>,108,13,[ 4 13],109,-1,162,-1,149
1,<environment.Job instance at 0x7fd3e9adedc0>,109,27,[10  1],110,-1,192,-1,165
1,<environment.Job instance at 0x7fd3e9adeb40>,110,19,[ 4 13],111,-1,184,-1,165
1,<environment.Job instance at 0x7fd3e9ade410>,111,14,[ 5 13],112,-1,179,-1,165
1,<environment.Job instance at 0x7fd3e9adef00>,112,13,[ 5 12],113,-1,178,-1,165
1,<environment.Job instance at 0x7fd3e9ade500>,113,23,[10  5],114,-1,188,-1,165
1,<environment.Job instance at 0x7fd3e9adebe0>,115,25,[ 5 13],116,-1,190,-1,165
1,<environment.Job instance at 0x7fd3e9ade0f0>,116,16,[12  2],117,-1,181,-1,165
1,<environment.Job instance at 0x7fd3e9adee60>,114,25,[1 6],115,-1,191,-1,166
1,<environment.Job instance at 0x7fd3ea75f5f0>,118,14,[ 5 13],119,-1,180,-1,166
1,<environment.Job instance at 0x7fd3eb05e3c0>,3,18,[9 2],4,-1,23,-1,5
1,<environment.Job instance at 0x7fd3eb05ec30>,4,15,[13  2],5,-1,20,-1,5
1,<environment.Job instance at 0x7fd3ea4c9b40>,0,12,[ 3 11],1,-1,13,-1,1
1,<environment.Job instance at 0x7fd3ea4c9c80>,1,25,[14  5],2,-1,27,-1,2
1,<environment.Job instance at 0x7fd3ea4c5d70>,2,18,[11  4],3,-1,21,-1,3
1,<environment.Job instance at 0x7fd3ea4c90f0>,4,15,[13  2],5,-1,20,-1,5
1,<environment.Job instance at 0x7fd3ea4cd780>,5,16,[12  3],6,-1,22,-1,6
1,<environment.Job instance at 0x7fd3ea66fe60>,9,22,[ 1 13],10,-1,32,-1,10
1,<environment.Job instance at 0x7fd3ea5afd20>,10,12,[11  4],11,-1,23,-1,11
1,<environment.Job instance at 0x7fd3e9dca5f0>,12,21,[ 4 12],13,-1,34,-1,13
1,<environment.Job instance at 0x7fd3e9acaf00>,14,26,[ 4 13],15,-1,41,-1,15
1,<environment.Job instance at 0x7fd3ea5a3370>,8,28,[5 6],9,-1,50,-1,22
1,<environment.Job instance at 0x7fd3ea75bc80>,16,26,[7 4],17,-1,48,-1,22
1,<environment.Job instance at 0x7fd3ea75bb90>,17,24,[3 7],18,-1,46,-1,22
1,<environment.Job instance at 0x7fd3ea75b140>,18,17,[ 2 14],19,-1,39,-1,22
1,<environment.Job instance at 0x7fd3ea64ea50>,20,14,[ 3 13],21,-1,36,-1,22
1,<environment.Job instance at 0x7fd3ea7671e0>,25,26,[12  1],26,-1,54,-1,28
1,<environment.Job instance at 0x7fd3ea4b7280>,30,27,[ 4 12],31,-1,77,-1,50
1,<environment.Job instance at 0x7fd3ea4b7870>,31,28,[11  3],32,-1,78,-1,50
1,<environment.Job instance at 0x7fd3ea4b7640>,32,24,[ 3 12],33,-1,74,-1,50
1,<environment.Job instance at 0x7fd3ea4b7fa0>,33,14,[ 3 12],34,-1,64,-1,50
1,<environment.Job instance at 0x7fd3e9dd1a50>,34,13,[12  5],35,-1,63,-1,50
1,<environment.Job instance at 0x7fd3e9dd17d0>,35,13,[12  1],36,-1,63,-1,50
1,<environment.Job instance at 0x7fd3e9dd1b40>,36,18,[ 4 12],37,-1,68,-1,50
1,<environment.Job instance at 0x7fd3e9dd1460>,37,12,[13  3],38,-1,62,-1,50
1,<environment.Job instance at 0x7fd3e9dd12d0>,38,28,[14  1],39,-1,78,-1,50
1,<environment.Job instance at 0x7fd3eb05e410>,41,18,[ 1 11],42,-1,68,-1,50
1,<environment.Job instance at 0x7fd3ead11c30>,44,24,[14  4],45,-1,88,-1,64
1,<environment.Job instance at 0x7fd3e9ade2d0>,47,24,[11  1],48,-1,89,-1,65
1,<environment.Job instance at 0x7fd3e9adec30>,49,24,[14  2],50,-1,100,-1,76
1,<environment.Job instance at 0x7fd3e9adeb40>,50,23,[ 2 11],51,-1,99,-1,76
1,<environment.Job instance at 0x7fd3e9adecd0>,51,28,[ 1 11],52,-1,104,-1,76
1,<environment.Job instance at 0x7fd3e9adebe0>,48,26,[2 7],49,-1,106,-1,80
1,<environment.Job instance at 0x7fd3e9ade3c0>,54,24,[14  5],55,-1,104,-1,80
1,<environment.Job instance at 0x7fd3e9ade910>,56,16,[14  1],57,-1,96,-1,80
1,<environment.Job instance at 0x7fd3f3c801e0>,59,19,[ 4 14],60,-1,113,-1,94
1,<environment.Job instance at 0x7fd3eafe6a00>,58,25,[3 6],59,-1,120,-1,95
1,<environment.Job instance at 0x7fd3eab08af0>,61,24,[14  4],62,-1,119,-1,95
1,<environment.Job instance at 0x7fd3ea4c3550>,60,28,[3 6],61,-1,123,-1,95
1,<environment.Job instance at 0x7fd3ea484550>,64,27,[ 5 12],65,-1,122,-1,95
1,<environment.Job instance at 0x7fd3e9ade640>,55,24,[8 3],56,-1,135,-1,111
1,<environment.Job instance at 0x7fd3e9daf910>,66,16,[14  2],67,-1,127,-1,111
1,<environment.Job instance at 0x7fd3eae11690>,67,25,[ 4 14],68,-1,136,-1,111
1,<environment.Job instance at 0x7fd3ea470d70>,68,18,[ 2 11],69,-1,129,-1,111
1,<environment.Job instance at 0x7fd3ea46c870>,69,18,[ 1 13],70,-1,129,-1,111
1,<environment.Job instance at 0x7fd3ea4c36e0>,63,25,[7 5],64,-1,136,-1,111
1,<environment.Job instance at 0x7fd3eab4fd20>,71,17,[13  3],72,-1,128,-1,111
1,<environment.Job instance at 0x7fd3e9ebe460>,72,27,[2 5],73,-1,138,-1,111
1,<environment.Job instance at 0x7fd3ea48b320>,73,19,[ 2 13],74,-1,130,-1,111
1,<environment.Job instance at 0x7fd3ea48baf0>,74,14,[14  5],75,-1,125,-1,111
1,<environment.Job instance at 0x7fd3ea48b280>,75,26,[ 3 14],76,-1,137,-1,111
1,<environment.Job instance at 0x7fd3ea335c30>,76,14,[13  5],77,-1,125,-1,111
1,<environment.Job instance at 0x7fd3e9e29dc0>,77,15,[ 2 11],78,-1,126,-1,111
1,<environment.Job instance at 0x7fd3e9e062d0>,79,24,[ 5 13],80,-1,135,-1,111
1,<environment.Job instance at 0x7fd3e9ee5230>,80,22,[ 3 14],81,-1,133,-1,111
1,<environment.Job instance at 0x7fd3e9ee50f0>,81,17,[13  4],82,-1,128,-1,111
1,<environment.Job instance at 0x7fd3e9ee5280>,83,15,[ 1 13],84,-1,127,-1,112
1,<environment.Job instance at 0x7fd3f36db7d0>,84,19,[14  1],85,-1,131,-1,112
1,<environment.Job instance at 0x7fd3ea493be0>,86,15,[13  5],87,-1,139,-1,124
1,<environment.Job instance at 0x7fd3ea493b40>,87,15,[12  1],88,-1,139,-1,124
1,<environment.Job instance at 0x7fd3ea493b90>,88,17,[13  2],89,-1,141,-1,124
1,<environment.Job instance at 0x7fd3ea10b640>,89,21,[11  3],90,-1,145,-1,124
1,<environment.Job instance at 0x7fd3ea10bdc0>,91,14,[ 1 13],92,-1,138,-1,124
1,<environment.Job instance at 0x7fd3e9f63af0>,93,25,[11  4],94,-1,153,-1,128
1,<environment.Job instance at 0x7fd3ea10b410>,90,23,[5 5],91,-1,165,-1,142
1,<environment.Job instance at 0x7fd3ea336e10>,95,25,[3 5],96,-1,167,-1,142
1,<environment.Job instance at 0x7fd3e9f63d70>,96,19,[11  4],97,-1,161,-1,142
1,<environment.Job instance at 0x7fd3ea336410>,97,19,[ 5 14],98,-1,161,-1,142
1,<environment.Job instance at 0x7fd3ea336140>,99,15,[14  3],100,-1,159,-1,144
1,<environment.Job instance at 0x7fd3ea0319b0>,100,14,[ 1 13],101,-1,158,-1,144
1,<environment.Job instance at 0x7fd3ea031960>,101,25,[4 6],102,-1,173,-1,148
1,<environment.Job instance at 0x7fd3ea031870>,102,25,[ 1 14],103,-1,173,-1,148
1,<environment.Job instance at 0x7fd3ea0310a0>,103,27,[ 2 11],104,-1,175,-1,148
1,<environment.Job instance at 0x7fd3ea0316e0>,104,17,[ 5 11],105,-1,165,-1,148
1,<environment.Job instance at 0x7fd3ea031690>,105,21,[14  1],106,-1,169,-1,148
1,<environment.Job instance at 0x7fd3ea0317d0>,109,27,[13  1],110,-1,187,-1,160
1,<environment.Job instance at 0x7fd3ea03cd70>,110,14,[11  3],111,-1,174,-1,160
1,<environment.Job instance at 0x7fd3ea03cb90>,111,16,[13  4],112,-1,176,-1,160
1,<environment.Job instance at 0x7fd3ea03ccd0>,112,24,[12  4],113,-1,184,-1,160
1,<environment.Job instance at 0x7fd3e9fae6e0>,114,15,[ 3 13],115,-1,190,-1,175
1,<environment.Job instance at 0x7fd3ea03c0f0>,117,12,[14  3],118,-1,189,-1,177
1,<environment.Job instance at 0x7fd3ea5047d0>,118,14,[11  3],119,-1,191,-1,177
1,<environment.Job instance at 0x7fd3ea504690>,119,27,[ 1 13],120,-1,204,-1,177
1,<environment.Job instance at 0x7fd3ea504870>,120,14,[ 5 12],121,-1,191,-1,177
1,<environment.Job instance at 0x7fd3e9dc6b90>,1,16,[10  4],2,-1,19,-1,3
1,<environment.Job instance at 0x7fd3ea0629b0>,0,18,[13  5],1,-1,19,-1,1
1,<environment.Job instance at 0x7fd3ea0624b0>,3,13,[12  5],4,-1,17,-1,4
1,<environment.Job instance at 0x7fd3ea062820>,4,22,[14  3],5,-1,27,-1,5
1,<environment.Job instance at 0x7fd3ea4d7dc0>,5,14,[ 2 11],6,-1,20,-1,6
1,<environment.Job instance at 0x7fd3ea4bf1e0>,6,13,[ 5 11],7,-1,20,-1,7
1,<environment.Job instance at 0x7fd3ea4bf4b0>,8,27,[4 5],9,-1,36,-1,9
1,<environment.Job instance at 0x7fd3ea4bf910>,10,13,[ 3 13],11,-1,24,-1,11
1,<environment.Job instance at 0x7fd3ea061460>,13,17,[13  5],14,-1,31,-1,14
1,<environment.Job instance at 0x7fd3ea030140>,14,25,[11  3],15,-1,40,-1,15
1,<environment.Job instance at 0x7fd3ea030be0>,15,16,[11  1],16,-1,32,-1,16
1,<environment.Job instance at 0x7fd3ea061780>,17,13,[ 5 12],18,-1,31,-1,18
1,<environment.Job instance at 0x7fd3ea030d70>,18,25,[1 6],19,-1,45,-1,20
1,<environment.Job instance at 0x7fd3ea030050>,19,21,[ 4 13],20,-1,41,-1,20
1,<environment.Job instance at 0x7fd3ea0300f0>,20,19,[11  3],21,-1,40,-1,21
1,<environment.Job instance at 0x7fd3ea340820>,21,14,[ 1 11],22,-1,36,-1,22
1,<environment.Job instance at 0x7fd3ea340550>,22,25,[ 1 12],23,-1,48,-1,23
1,<environment.Job instance at 0x7fd3ea3405f0>,23,20,[12  4],24,-1,44,-1,24
1,<environment.Job instance at 0x7fd3ea067eb0>,26,23,[ 2 14],27,-1,50,-1,27
1,<environment.Job instance at 0x7fd3ea02c5f0>,27,27,[ 3 13],28,-1,55,-1,28
1,<environment.Job instance at 0x7fd3ea02ceb0>,28,12,[ 2 13],29,-1,41,-1,29
1,<environment.Job instance at 0x7fd3ea0676e0>,24,23,[5 1],25,-1,53,-1,30
1,<environment.Job instance at 0x7fd3e9e21230>,29,19,[ 1 14],30,-1,49,-1,30
1,<environment.Job instance at 0x7fd3eb0375a0>,32,16,[13  5],33,-1,49,-1,33
1,<environment.Job instance at 0x7fd3ea9d8fa0>,35,12,[12  2],36,-1,58,-1,46
1,<environment.Job instance at 0x7fd3e9e04370>,37,24,[ 3 11],38,-1,70,-1,46
1,<environment.Job instance at 0x7fd3e9e04cd0>,38,26,[6 5],39,-1,86,-1,60
1,<environment.Job instance at 0x7fd3e9e048c0>,40,27,[1 5],41,-1,87,-1,60
1,<environment.Job instance at 0x7fd3ea32a230>,42,17,[12  2],43,-1,77,-1,60
1,<environment.Job instance at 0x7fd3ea32aa00>,43,23,[6 1],44,-1,97,-1,74
1,<environment.Job instance at 0x7fd3e9fe3370>,45,20,[ 1 14],46,-1,94,-1,74
1,<environment.Job instance at 0x7fd3ea32a460>,46,19,[ 1 11],47,-1,93,-1,74
1,<environment.Job instance at 0x7fd3ea496f00>,48,27,[10  2],49,-1,115,-1,88
1,<environment.Job instance at 0x7fd3ea4962d0>,47,24,[5 8],48,-1,112,-1,88
1,<environment.Job instance at 0x7fd3ea496b90>,50,27,[ 3 12],51,-1,115,-1,88
1,<environment.Job instance at 0x7fd3ea496960>,51,18,[ 3 12],52,-1,106,-1,88
1,<environment.Job instance at 0x7fd3ea504870>,52,13,[14  2],53,-1,101,-1,88
1,<environment.Job instance at 0x7fd3ea504780>,55,19,[ 1 14],56,-1,110,-1,91
1,<environment.Job instance at 0x7fd3ea03c6e0>,57,28,[14  1],58,-1,132,-1,104
1,<environment.Job instance at 0x7fd3ea03cb40>,58,23,[1 6],59,-1,129,-1,106
1,<environment.Job instance at 0x7fd3ea03c2d0>,61,17,[11  2],62,-1,123,-1,106
1,<environment.Job instance at 0x7fd3ea03c780>,59,27,[9 4],60,-1,148,-1,121
1,<environment.Job instance at 0x7fd3ea031820>,65,23,[2 5],66,-1,156,-1,133
1,<environment.Job instance at 0x7fd3ea031dc0>,66,18,[13  4],67,-1,151,-1,133
1,<environment.Job instance at 0x7fd3ea031e60>,67,23,[2 8],68,-1,156,-1,133
1,<environment.Job instance at 0x7fd3ea031e10>,69,18,[13  2],70,-1,151,-1,133
1,<environment.Job instance at 0x7fd3ea031140>,70,23,[5 6],71,-1,156,-1,133
1,<environment.Job instance at 0x7fd3ea031640>,71,15,[14  5],72,-1,148,-1,133
1,<environment.Job instance at 0x7fd3ea031370>,72,15,[12  2],73,-1,148,-1,133
1,<environment.Job instance at 0x7fd3ea3368c0>,73,24,[3 6],74,-1,157,-1,133
1,<environment.Job instance at 0x7fd3ea5564b0>,75,28,[ 3 14],76,-1,161,-1,133
1,<environment.Job instance at 0x7fd3e9f63fa0>,76,22,[13  2],77,-1,155,-1,133
1,<environment.Job instance at 0x7fd3e9f63280>,77,12,[13  5],78,-1,145,-1,133
1,<environment.Job instance at 0x7fd3ea10b5a0>,79,17,[12  1],80,-1,151,-1,134
1,<environment.Job instance at 0x7fd3ea10b960>,81,22,[ 2 12],82,-1,158,-1,136
1,<environment.Job instance at 0x7fd3ea10b410>,82,15,[ 4 13],83,-1,151,-1,136
1,<environment.Job instance at 0x7fd3ea4935f0>,83,28,[7 2],84,-1,176,-1,148
1,<environment.Job instance at 0x7fd3f36dbaf0>,84,24,[6 2],85,-1,172,-1,148
1,<environment.Job instance at 0x7fd3ea335c30>,89,16,[13  4],90,-1,185,-1,169
1,<environment.Job instance at 0x7fd3e9e29dc0>,90,26,[12  2],91,-1,195,-1,169
1,<environment.Job instance at 0x7fd3e9e062d0>,91,26,[ 1 14],92,-1,195,-1,169
1,<environment.Job instance at 0x7fd3e9e060f0>,92,28,[ 4 12],93,-1,197,-1,169
1,<environment.Job instance at 0x7fd3eac86190>,88,25,[8 2],89,-1,204,-1,179
1,<environment.Job instance at 0x7fd3e9ee58c0>,94,28,[13  4],95,-1,207,-1,179
1,<environment.Job instance at 0x7fd3e9ee5eb0>,93,24,[8 1],94,-1,203,-1,179
1,<environment.Job instance at 0x7fd3ea470d70>,97,20,[12  3],98,-1,199,-1,179
1,<environment.Job instance at 0x7fd3eae11690>,98,13,[ 2 12],99,-1,192,-1,179
1,<environment.Job instance at 0x7fd3e98ac7d0>,3,19,[5 7],4,-1,23,-1,4
1,<environment.Job instance at 0x7fd3ea883a00>,5,18,[12  2],6,-1,31,-1,13
1,<environment.Job instance at 0x7fd3e98ac5f0>,9,16,[7 4],10,-1,31,-1,15
1,<environment.Job instance at 0x7fd3e98acbe0>,10,12,[5 2],11,-1,27,-1,15
1,<environment.Job instance at 0x7fd3e9e957d0>,13,23,[ 1 10],14,-1,38,-1,15
1,<environment.Job instance at 0x7fd3e9e95fa0>,15,24,[10  2],16,-1,40,-1,16
1,<environment.Job instance at 0x7fd3e9e95e60>,14,16,[ 1 12],15,-1,33,-1,17
1,<environment.Job instance at 0x7fd3e9e95640>,16,24,[ 1 10],17,-1,42,-1,18
1,<environment.Job instance at 0x7fd3e9e954b0>,19,16,[10  3],20,-1,36,-1,20
1,<environment.Job instance at 0x7fd3e9e95c30>,22,17,[ 5 13],23,-1,46,-1,29
1,<environment.Job instance at 0x7fd3eaf86af0>,1,14,[ 5 13],2,-1,16,-1,2
1,<environment.Job instance at 0x7fd3eaf86960>,4,27,[ 4 11],5,-1,32,-1,5
1,<environment.Job instance at 0x7fd3ea8ae910>,5,18,[12  2],6,-1,24,-1,6
1,<environment.Job instance at 0x7fd3ea8aeeb0>,6,24,[ 2 13],7,-1,31,-1,7
1,<environment.Job instance at 0x7fd3e9e2ec30>,7,13,[ 1 11],8,-1,21,-1,8
1,<environment.Job instance at 0x7fd3ea4c9b40>,12,15,[13  2],13,-1,28,-1,13
1,<environment.Job instance at 0x7fd3ea4c90f0>,13,23,[ 1 10],14,-1,37,-1,14
1,<environment.Job instance at 0x7fd3ea4cd730>,14,16,[ 1 12],15,-1,31,-1,15
1,<environment.Job instance at 0x7fd3eaccb2d0>,16,24,[ 1 10],17,-1,41,-1,17
1,<environment.Job instance at 0x7fd3e9ad8500>,18,16,[12  1],19,-1,35,-1,19
1,<environment.Job instance at 0x7fd3ea4cd780>,15,24,[10  2],16,-1,52,-1,28
1,<environment.Job instance at 0x7fd3eab816e0>,20,15,[13  3],21,-1,43,-1,28
1,<environment.Job instance at 0x7fd3ea75b8c0>,22,17,[ 5 13],23,-1,45,-1,28
1,<environment.Job instance at 0x7fd3ea75bdc0>,23,22,[14  1],24,-1,50,-1,28
1,<environment.Job instance at 0x7fd3e9acadc0>,25,24,[14  5],26,-1,63,-1,39
1,<environment.Job instance at 0x7fd3ea75b230>,26,25,[ 3 14],27,-1,64,-1,39
1,<environment.Job instance at 0x7fd3ea64ea50>,27,25,[6 2],28,-1,64,-1,39
1,<environment.Job instance at 0x7fd3ea66b370>,32,17,[14  4],33,-1,70,-1,53
1,<environment.Job instance at 0x7fd3ea66bb40>,33,27,[2 7],34,-1,89,-1,62
1,<environment.Job instance at 0x7fd3ea4b7870>,35,13,[ 5 14],36,-1,75,-1,62
1,<environment.Job instance at 0x7fd3ea4b7190>,36,13,[14  5],37,-1,75,-1,62
1,<environment.Job instance at 0x7fd3ea4b73c0>,37,15,[ 4 11],38,-1,77,-1,62
1,<environment.Job instance at 0x7fd3e9dd17d0>,38,13,[11  2],39,-1,75,-1,62
1,<environment.Job instance at 0x7fd3ead11c30>,43,17,[ 5 13],44,-1,86,-1,69
1,<environment.Job instance at 0x7fd3ead11e10>,44,18,[ 1 13],45,-1,87,-1,69
1,<environment.Job instance at 0x7fd3ead11af0>,45,14,[12  3],46,-1,83,-1,69
1,<environment.Job instance at 0x7fd3e9dd1b40>,46,28,[ 1 12],47,-1,97,-1,69
1,<environment.Job instance at 0x7fd3e9ade2d0>,47,24,[ 2 10],48,-1,104,-1,80
1,<environment.Job instance at 0x7fd3e9adee10>,50,25,[14  2],51,-1,111,-1,86
1,<environment.Job instance at 0x7fd3e9ade1e0>,52,17,[14  3],53,-1,111,-1,94
1,<environment.Job instance at 0x7fd3eab08af0>,57,22,[13  1],58,-1,141,-1,119
1,<environment.Job instance at 0x7fd3eafe6a00>,56,26,[8 3],57,-1,151,-1,125
1,<environment.Job instance at 0x7fd3ea4c36e0>,59,16,[ 5 11],60,-1,141,-1,125
1,<environment.Job instance at 0x7fd3ea484960>,62,22,[ 3 14],63,-1,160,-1,138
1,<environment.Job instance at 0x7fd3e9dafe60>,66,14,[13  2],67,-1,167,-1,153
1,<environment.Job instance at 0x7fd3e9ee5280>,68,18,[ 4 11],69,-1,190,-1,172
1,<environment.Job instance at 0x7fd3ea6c2b40>,2,19,[8 1],3,-1,23,-1,4
1,<environment.Job instance at 0x7fd3e9d500a0>,4,26,[8 3],5,-1,31,-1,5
1,<environment.Job instance at 0x7fd3e9d50410>,5,20,[9 5],6,-1,26,-1,6
1,<environment.Job instance at 0x7fd3e9d50a50>,7,12,[1 5],8,-1,20,-1,8
1,<environment.Job instance at 0x7fd3ea0a85f0>,8,26,[10  1],9,-1,35,-1,9
1,<environment.Job instance at 0x7fd3e9c85e10>,9,16,[9 5],10,-1,26,-1,10
1,<environment.Job instance at 0x7fd3ea0ebcd0>,10,20,[11  5],11,-1,31,-1,11
1,<environment.Job instance at 0x7fd3e97b4780>,20,22,[ 4 13],21,-1,55,-1,33
1,<environment.Job instance at 0x7fd3e97b4cd0>,19,18,[ 1 11],20,-1,51,-1,33
1,<environment.Job instance at 0x7fd3eae6c320>,22,12,[3 8],23,-1,45,-1,33
1,<environment.Job instance at 0x7fd3eae6c820>,23,18,[12  4],24,-1,51,-1,33
1,<environment.Job instance at 0x7fd3ea5adbe0>,27,26,[8 2],28,-1,101,-1,75
1,<environment.Job instance at 0x7fd3ea5adf00>,28,12,[9 2],29,-1,87,-1,75
1,<environment.Job instance at 0x7fd3ea4125f0>,30,25,[5 5],31,-1,100,-1,75
1,<environment.Job instance at 0x7fd3e9e95190>,0,19,[14  5],1,-1,20,-1,1
1,<environment.Job instance at 0x7fd3ea32a960>,1,18,[ 3 12],2,-1,20,-1,2
1,<environment.Job instance at 0x7fd3e9e95140>,3,23,[ 3 11],4,-1,27,-1,4
1,<environment.Job instance at 0x7fd3ea4935f0>,6,21,[14  4],7,-1,28,-1,7
1,<environment.Job instance at 0x7fd3e9f20910>,10,20,[11  5],11,-1,31,-1,11
1,<environment.Job instance at 0x7fd3e9ee50f0>,11,12,[ 4 13],12,-1,24,-1,12
1,<environment.Job instance at 0x7fd3eac86190>,12,28,[ 5 13],13,-1,41,-1,13
1,<environment.Job instance at 0x7fd3ea4c3f50>,14,13,[ 3 11],15,-1,33,-1,20
1,<environment.Job instance at 0x7fd3ea493b90>,4,26,[8 3],5,-1,48,-1,22
1,<environment.Job instance at 0x7fd3ea4b7190>,17,23,[ 1 11],18,-1,45,-1,22
1,<environment.Job instance at 0x7fd3e9dafe60>,8,26,[10  1],9,-1,48,-1,22
1,<environment.Job instance at 0x7fd3ea4b7870>,19,18,[ 1 11],20,-1,40,-1,22
1,<environment.Job instance at 0x7fd3ea4b7fa0>,20,22,[ 4 13],21,-1,44,-1,22
1,<environment.Job instance at 0x7fd3ea9d15a0>,21,24,[11  1],22,-1,46,-1,22
1,<environment.Job instance at 0x7fd3ea4cd370>,23,18,[12  4],24,-1,54,-1,36
1,<environment.Job instance at 0x7fd3ea7678c0>,24,13,[12  5],25,-1,49,-1,36
1,<environment.Job instance at 0x7fd3e9d1e050>,26,19,[ 1 12],27,-1,57,-1,38
1,<environment.Job instance at 0x7fd3ea19f8c0>,27,26,[8 2],28,-1,64,-1,38
1,<environment.Job instance at 0x7fd3ea47ee10>,30,25,[5 5],31,-1,75,-1,50
1,<environment.Job instance at 0x7fd3ea8ab7d0>,31,17,[ 1 14],32,-1,67,-1,50
1,<environment.Job instance at 0x7fd3ea501190>,33,17,[ 3 14],34,-1,67,-1,50
1,<environment.Job instance at 0x7fd3ea9d8a00>,35,16,[11  5],36,-1,66,-1,50
1,<environment.Job instance at 0x7fd3ea26f820>,36,28,[ 2 12],37,-1,78,-1,50
1,<environment.Job instance at 0x7fd3ea26fd20>,37,17,[ 4 14],38,-1,67,-1,50
1,<environment.Job instance at 0x7fd3ea26fb40>,39,23,[13  5],40,-1,85,-1,62
1,<environment.Job instance at 0x7fd3ea26fcd0>,40,25,[ 4 14],41,-1,87,-1,62
1,<environment.Job instance at 0x7fd3ea26f370>,41,26,[ 1 12],42,-1,88,-1,62
1,<environment.Job instance at 0x7fd3ea26f640>,43,18,[14  3],44,-1,82,-1,64
1,<environment.Job instance at 0x7fd3ea26f6e0>,44,23,[1 9],45,-1,87,-1,64
1,<environment.Job instance at 0x7fd3ea26fdc0>,45,12,[13  4],46,-1,76,-1,64
1,<environment.Job instance at 0x7fd3ea26f870>,46,28,[ 3 10],47,-1,104,-1,76
1,<environment.Job instance at 0x7fd3e9e85c30>,47,23,[4 5],48,-1,99,-1,76
1,<environment.Job instance at 0x7fd3e9e85d20>,49,12,[13  3],50,-1,88,-1,76
1,<environment.Job instance at 0x7fd3e9e854b0>,50,26,[7 5],51,-1,103,-1,77
1,<environment.Job instance at 0x7fd3e9e85780>,51,24,[ 5 14],52,-1,101,-1,77
1,<environment.Job instance at 0x7fd3eaedfb40>,52,12,[14  2],53,-1,89,-1,77
1,<environment.Job instance at 0x7fd3eaedf0f0>,53,21,[ 5 12],54,-1,98,-1,77
1,<environment.Job instance at 0x7fd3eaedf8c0>,54,15,[ 5 11],55,-1,92,-1,77
1,<environment.Job instance at 0x7fd3eaedf280>,56,15,[ 5 12],57,-1,92,-1,77
1,<environment.Job instance at 0x7fd3eaedf320>,58,22,[ 3 13],59,-1,110,-1,88
1,<environment.Job instance at 0x7fd3eaedfa50>,60,24,[ 4 12],61,-1,114,-1,90
1,<environment.Job instance at 0x7fd3eaedf0a0>,61,18,[ 5 14],62,-1,108,-1,90
1,<environment.Job instance at 0x7fd3ea605d20>,65,18,[12  1],66,-1,120,-1,102
1,<environment.Job instance at 0x7fd3ea605eb0>,66,15,[11  2],67,-1,117,-1,102
1,<environment.Job instance at 0x7fd3ea605d70>,70,23,[ 2 14],71,-1,154,-1,131
1,<environment.Job instance at 0x7fd3eaedfeb0>,64,26,[ 5 10],65,-1,159,-1,133
1,<environment.Job instance at 0x7fd3ea605e10>,73,18,[12  5],74,-1,151,-1,133
1,<environment.Job instance at 0x7fd3ea605640>,67,25,[4 6],68,-1,158,-1,133
1,<environment.Job instance at 0x7fd3ea605780>,75,15,[13  3],76,-1,148,-1,133
1,<environment.Job instance at 0x7fd3ea605a50>,76,24,[ 4 14],77,-1,157,-1,133
1,<environment.Job instance at 0x7fd3ea605370>,77,17,[13  5],78,-1,150,-1,133
1,<environment.Job instance at 0x7fd3ea605820>,78,22,[ 3 14],79,-1,155,-1,133
1,<environment.Job instance at 0x7fd3ea6055a0>,79,13,[11  2],80,-1,146,-1,133
1,<environment.Job instance at 0x7fd3ea605690>,82,24,[ 4 11],83,-1,157,-1,133
1,<environment.Job instance at 0x7fd3ea605cd0>,83,28,[ 1 13],84,-1,161,-1,133
1,<environment.Job instance at 0x7fd3e9c35cd0>,84,18,[11  5],85,-1,151,-1,133
1,<environment.Job instance at 0x7fd3e9c35140>,87,24,[14  3],88,-1,170,-1,146
1,<environment.Job instance at 0x7fd3e99014b0>,89,22,[13  5],90,-1,171,-1,149
1,<environment.Job instance at 0x7fd3e9901cd0>,90,23,[14  2],91,-1,172,-1,149
1,<environment.Job instance at 0x7fd3e99015f0>,93,20,[ 1 11],94,-1,183,-1,163
1,<environment.Job instance at 0x7fd3e9901aa0>,95,23,[3 7],96,-1,188,-1,165
1,<environment.Job instance at 0x7fd3e99013c0>,96,24,[5 5],97,-1,189,-1,165
1,<environment.Job instance at 0x7fd3e99010f0>,98,28,[5 5],99,-1,194,-1,166
1,<environment.Job instance at 0x7fd3e9901320>,99,16,[14  3],100,-1,182,-1,166
1,<environment.Job instance at 0x7fd3ea8d6f50>,1,18,[4 9],2,-1,21,-1,3
1,<environment.Job instance at 0x7fd3e9d62af0>,2,20,[14  2],3,-1,23,-1,3
1,<environment.Job instance at 0x7fd3e9d299b0>,6,23,[5 6],7,-1,30,-1,7
1,<environment.Job instance at 0x7fd3ea50b780>,8,15,[ 2 10],9,-1,24,-1,9
1,<environment.Job instance at 0x7fd3e9d89be0>,5,13,[12  1],6,-1,22,-1,9
1,<environment.Job instance at 0x7fd3ea770870>,20,18,[13  5],21,-1,79,-1,61
1,<environment.Job instance at 0x7fd3eaac0050>,21,20,[ 3 12],22,-1,81,-1,61
1,<environment.Job instance at 0x7fd3ea770820>,19,28,[14  2],20,-1,98,-1,70
1,<environment.Job instance at 0x7fd3f3659960>,23,17,[4 8],24,-1,87,-1,70
1,<environment.Job instance at 0x7fd3eaac0fa0>,22,26,[2 7],23,-1,96,-1,70
1,<environment.Job instance at 0x7fd3eada34b0>,25,14,[ 2 12],26,-1,84,-1,70
1,<environment.Job instance at 0x7fd3e9784a00>,14,13,[ 2 12],15,-1,83,-1,70
1,<environment.Job instance at 0x7fd3eac93cd0>,28,23,[ 2 11],29,-1,93,-1,70
1,<environment.Job instance at 0x7fd3eac935a0>,30,16,[9 2],31,-1,88,-1,72
1,<environment.Job instance at 0x7fd3eac93aa0>,29,13,[1 9],30,-1,85,-1,72
1,<environment.Job instance at 0x7fd3f36d7aa0>,33,16,[7 5],34,-1,93,-1,77
1,<environment.Job instance at 0x7fd3f36d7460>,34,28,[6 5],35,-1,105,-1,77
1,<environment.Job instance at 0x7fd3f36d7870>,32,12,[13  1],33,-1,89,-1,77
1,<environment.Job instance at 0x7fd3ea520be0>,36,26,[ 3 11],37,-1,108,-1,82
1,<environment.Job instance at 0x7fd3f366a640>,24,20,[7 1],25,-1,102,-1,82
1,<environment.Job instance at 0x7fd3eabeab40>,39,27,[5 7],40,-1,116,-1,89
1,<environment.Job instance at 0x7fd3eabeaa50>,38,25,[9 2],39,-1,114,-1,89
1,<environment.Job instance at 0x7fd3eabdd690>,41,13,[10  5],42,-1,102,-1,89
1,<environment.Job instance at 0x7fd3eabf1b40>,37,20,[5 1],38,-1,110,-1,90
1,<environment.Job instance at 0x7fd3eabda5a0>,43,24,[6 5],44,-1,115,-1,91
1,<environment.Job instance at 0x7fd3eabda460>,45,16,[7 5],46,-1,107,-1,91
1,<environment.Job instance at 0x7fd3eabdaf50>,42,26,[5 9],43,-1,117,-1,91
1,<environment.Job instance at 0x7fd3eb012960>,47,17,[1 7],48,-1,108,-1,91
1,<environment.Job instance at 0x7fd3eb012fa0>,49,23,[1 6],50,-1,114,-1,91
1,<environment.Job instance at 0x7fd3eabdaa00>,44,13,[7 4],45,-1,104,-1,91
1,<environment.Job instance at 0x7fd3eb0120a0>,50,24,[1 7],51,-1,115,-1,91
1,<environment.Job instance at 0x7fd3ea4fdd20>,51,26,[5 9],52,-1,139,-1,113
1,<environment.Job instance at 0x7fd3eb012b40>,48,23,[9 4],49,-1,136,-1,113
1,<environment.Job instance at 0x7fd3e9fb49b0>,56,17,[5 7],57,-1,132,-1,115
1,<environment.Job instance at 0x7fd3eac03aa0>,53,17,[8 3],54,-1,132,-1,115
1,<environment.Job instance at 0x7fd3e9fb9870>,55,25,[ 5 13],56,-1,144,-1,119
1,<environment.Job instance at 0x7fd3e9fab0a0>,60,19,[8 5],61,-1,140,-1,121
1,<environment.Job instance at 0x7fd3e9fab8c0>,61,24,[ 4 11],62,-1,145,-1,121
1,<environment.Job instance at 0x7fd3e9fab230>,62,12,[ 2 12],63,-1,133,-1,121
1,<environment.Job instance at 0x7fd3e9d29960>,7,23,[14  1],8,-1,144,-1,121
1,<environment.Job instance at 0x7fd3e9faba00>,65,19,[2 5],66,-1,142,-1,123
1,<environment.Job instance at 0x7fd3e9fabaf0>,66,21,[ 3 10],67,-1,147,-1,126
1,<environment.Job instance at 0x7fd3e9fab960>,67,14,[ 4 11],68,-1,140,-1,126
1,<environment.Job instance at 0x7fd3ea866500>,0,18,[ 2 12],1,-1,19,-1,1
1,<environment.Job instance at 0x7fd3ea866640>,2,20,[14  2],3,-1,23,-1,3
1,<environment.Job instance at 0x7fd3ea866e10>,3,22,[ 1 12],4,-1,26,-1,4
1,<environment.Job instance at 0x7fd3ea866d20>,5,13,[12  1],6,-1,19,-1,6
1,<environment.Job instance at 0x7fd3ea8665a0>,7,23,[14  1],8,-1,31,-1,8
1,<environment.Job instance at 0x7fd3e9c90320>,9,14,[11  4],10,-1,24,-1,10
1,<environment.Job instance at 0x7fd3e9c901e0>,10,24,[ 4 13],11,-1,35,-1,11
1,<environment.Job instance at 0x7fd3e9c90410>,13,15,[ 2 11],14,-1,29,-1,14
1,<environment.Job instance at 0x7fd3e9c861e0>,14,13,[ 2 12],15,-1,28,-1,15
1,<environment.Job instance at 0x7fd3ea866dc0>,6,23,[5 6],7,-1,41,-1,18
1,<environment.Job instance at 0x7fd3e9c86b40>,16,25,[1 6],17,-1,43,-1,18
1,<environment.Job instance at 0x7fd3e9c86c80>,15,26,[5 5],16,-1,44,-1,18
1,<environment.Job instance at 0x7fd3e9c86910>,18,19,[14  1],19,-1,38,-1,19
1,<environment.Job instance at 0x7fd3e9c86410>,19,28,[14  2],20,-1,48,-1,20
1,<environment.Job instance at 0x7fd3e9c860a0>,20,18,[13  5],21,-1,39,-1,21
1,<environment.Job instance at 0x7fd3e9c863c0>,21,20,[ 3 12],22,-1,42,-1,22
1,<environment.Job instance at 0x7fd3e9c86d20>,22,26,[2 7],23,-1,49,-1,23
1,<environment.Job instance at 0x7fd3e9c86960>,25,14,[ 2 12],26,-1,40,-1,26
1,<environment.Job instance at 0x7fd3e9c50500>,26,17,[14  1],27,-1,44,-1,27
1,<environment.Job instance at 0x7fd3e9c501e0>,28,23,[ 2 11],29,-1,52,-1,29
1,<environment.Job instance at 0x7fd3e9c50f00>,32,12,[13  1],33,-1,53,-1,41
1,<environment.Job instance at 0x7fd3ea438730>,34,28,[6 5],35,-1,82,-1,54
1,<environment.Job instance at 0x7fd3ea438190>,36,26,[ 3 11],37,-1,80,-1,54
1,<environment.Job instance at 0x7fd3ea438f00>,38,25,[9 2],39,-1,89,-1,64
1,<environment.Job instance at 0x7fd3ea438b40>,40,26,[ 4 14],41,-1,90,-1,64
1,<environment.Job instance at 0x7fd3ea4380f0>,42,26,[5 9],43,-1,93,-1,67
1,<environment.Job instance at 0x7fd3ea4387d0>,39,27,[5 7],40,-1,94,-1,67
1,<environment.Job instance at 0x7fd3ea438c80>,43,24,[6 5],44,-1,101,-1,77
1,<environment.Job instance at 0x7fd3ea4381e0>,46,26,[ 4 13],47,-1,103,-1,77
1,<environment.Job instance at 0x7fd3e9f116e0>,49,23,[1 6],50,-1,105,-1,82
1,<environment.Job instance at 0x7fd3e9f11230>,50,24,[1 7],51,-1,114,-1,90
1,<environment.Job instance at 0x7fd3e9f114b0>,51,26,[5 9],52,-1,116,-1,90
1,<environment.Job instance at 0x7fd3e9f11dc0>,52,27,[14  5],53,-1,117,-1,90
1,<environment.Job instance at 0x7fd3eb064eb0>,54,26,[8 1],55,-1,124,-1,98
1,<environment.Job instance at 0x7fd3eb064140>,55,25,[ 5 13],56,-1,123,-1,98
1,<environment.Job instance at 0x7fd3e9f11780>,48,23,[9 4],49,-1,129,-1,106
1,<environment.Job instance at 0x7fd3eb064910>,58,13,[ 5 12],59,-1,119,-1,106
1,<environment.Job instance at 0x7fd3eb0641e0>,61,24,[ 4 11],62,-1,139,-1,115
1,<environment.Job instance at 0x7fd3eb064320>,62,12,[ 2 12],63,-1,127,-1,115
1,<environment.Job instance at 0x7fd3eb064a50>,63,21,[14  1],64,-1,136,-1,115
1,<environment.Job instance at 0x7fd3e9901230>,67,14,[ 4 11],68,-1,135,-1,121
1,<environment.Job instance at 0x7fd3e99016e0>,70,16,[13  5],71,-1,146,-1,130
1,<environment.Job instance at 0x7fd3e9901aa0>,73,22,[ 3 11],74,-1,169,-1,147
1,<environment.Job instance at 0x7fd3e9901410>,74,25,[8 1],75,-1,175,-1,150
1,<environment.Job instance at 0x7fd3e99015f0>,75,28,[ 2 14],76,-1,178,-1,150
1,<environment.Job instance at 0x7fd3e9901dc0>,76,12,[11  2],77,-1,162,-1,150
1,<environment.Job instance at 0x7fd3e99014b0>,77,26,[11  1],78,-1,176,-1,150
1,<environment.Job instance at 0x7fd3e9c35b40>,80,26,[ 2 14],81,-1,176,-1,150
1,<environment.Job instance at 0x7fd3e9c35fa0>,81,16,[ 4 13],82,-1,166,-1,150
1,<environment.Job instance at 0x7fd3e9c35050>,83,26,[11  1],84,-1,186,-1,160
1,<environment.Job instance at 0x7fd3ea605690>,85,27,[ 4 12],86,-1,192,-1,165
1,<environment.Job instance at 0x7fd3ea6056e0>,86,13,[14  3],87,-1,178,-1,165
1,<environment.Job instance at 0x7fd3ea6055f0>,87,28,[6 2],88,-1,205,-1,177
1,<environment.Job instance at 0x7fd3ea6055a0>,88,25,[7 4],89,-1,202,-1,177
1,<environment.Job instance at 0x7fd3ea605820>,89,28,[3 5],90,-1,205,-1,177
1,<environment.Job instance at 0x7fd3ea605c80>,90,15,[13  4],91,-1,192,-1,177
1,<environment.Job instance at 0x7fd3ea6058c0>,91,26,[4 6],92,-1,203,-1,177
1,<environment.Job instance at 0x7fd3ea605e10>,93,24,[ 4 12],94,-1,201,-1,177
1,<environment.Job instance at 0x7f7f3560ab90>,2,20,[7 4],3,-1,23,-1,3
1,<environment.Job instance at 0x7f7f3560abe0>,4,24,[7 2],5,-1,30,-1,6
1,<environment.Job instance at 0x7f7f3560a960>,3,13,[12  4],4,-1,17,-1,4
1,<environment.Job instance at 0x7f7f35656f50>,5,24,[ 2 14],6,-1,30,-1,6
1,<environment.Job instance at 0x7f7f35602910>,6,15,[ 2 14],7,-1,22,-1,7
1,<environment.Job instance at 0x7f7f35602c30>,8,20,[ 4 13],9,-1,29,-1,9
1,<environment.Job instance at 0x7f7f356027d0>,9,16,[12  1],10,-1,26,-1,10
1,<environment.Job instance at 0x7f7f35602e60>,4,24,[7 2],5,-1,42,-1,18
1,<environment.Job instance at 0x7f7f3572a050>,12,28,[ 1 14],13,-1,46,-1,18
1,<environment.Job instance at 0x7f7f35adabe0>,14,15,[14  4],15,-1,33,-1,18
1,<environment.Job instance at 0x7f7f35602050>,15,20,[ 3 12],16,-1,38,-1,18
1,<environment.Job instance at 0x7f7f3565e050>,1,24,[10  1],2,-1,47,-1,23
1,<environment.Job instance at 0x7f7f35735d70>,17,19,[12  4],18,-1,42,-1,23
1,<environment.Job instance at 0x7f7f356cef00>,18,18,[13  1],19,-1,41,-1,23
1,<environment.Job instance at 0x7f7f357352d0>,19,23,[8 4],20,-1,46,-1,23
1,<environment.Job instance at 0x7f7f3572f960>,20,17,[ 2 14],21,-1,40,-1,23
1,<environment.Job instance at 0x7f7f3578f2d0>,21,14,[ 4 11],22,-1,37,-1,23
1,<environment.Job instance at 0x7f7f35602a50>,7,26,[9 3],8,-1,49,-1,23
1,<environment.Job instance at 0x7f7f35602d20>,16,28,[5 1],17,-1,51,-1,23
1,<environment.Job instance at 0x7f7f357910a0>,23,16,[12  2],24,-1,40,-1,24
1,<environment.Job instance at 0x7f7f35700d20>,27,17,[ 4 12],28,-1,50,-1,33
1,<environment.Job instance at 0x7f7f357607d0>,28,17,[ 1 13],29,-1,50,-1,33
1,<environment.Job instance at 0x7f7f356af410>,29,24,[ 4 13],30,-1,57,-1,33
1,<environment.Job instance at 0x7f7f356aff50>,30,26,[11  4],31,-1,59,-1,33
1,<environment.Job instance at 0x7f7f35726d70>,31,28,[ 2 10],32,-1,61,-1,33
1,<environment.Job instance at 0x7f7f35713a50>,25,24,[5 7],26,-1,57,-1,33
1,<environment.Job instance at 0x7f7f35726690>,33,28,[6 4],34,-1,64,-1,36
1,<environment.Job instance at 0x7f7f357260a0>,34,24,[5 5],35,-1,60,-1,36
1,<environment.Job instance at 0x7f7f35726550>,37,14,[ 5 14],38,-1,52,-1,38
1,<environment.Job instance at 0x7f7f357b2370>,38,24,[13  2],39,-1,63,-1,39
1,<environment.Job instance at 0x7f7f358bfaf0>,40,26,[ 1 14],41,-1,71,-1,45
1,<environment.Job instance at 0x7f7f356cce10>,42,12,[ 5 12],43,-1,57,-1,45
1,<environment.Job instance at 0x7f7f356cc690>,44,12,[11  3],45,-1,64,-1,52
1,<environment.Job instance at 0x7f7f356cca00>,45,12,[ 3 14],46,-1,64,-1,52
1,<environment.Job instance at 0x7f7f356cc230>,47,14,[12  2],48,-1,71,-1,57
1,<environment.Job instance at 0x7f7f356ccc30>,48,14,[ 1 11],49,-1,71,-1,57
1,<environment.Job instance at 0x7f7f356cceb0>,50,13,[ 4 12],51,-1,81,-1,68
1,<environment.Job instance at 0x7f7f357b4280>,52,21,[14  2],53,-1,89,-1,68
1,<environment.Job instance at 0x7f7f357b7910>,55,12,[ 2 12],56,-1,99,-1,87
1,<environment.Job instance at 0x7f7f357b7730>,57,16,[ 2 11],58,-1,104,-1,88
1,<environment.Job instance at 0x7f7f357050a0>,58,17,[ 3 13],59,-1,105,-1,88
1,<environment.Job instance at 0x7f7f357184b0>,60,28,[2 6],61,-1,116,-1,88
1,<environment.Job instance at 0x7f7f35718b90>,61,23,[13  5],62,-1,111,-1,88
1,<environment.Job instance at 0x7f7f35718af0>,62,14,[ 4 11],63,-1,102,-1,88
1,<environment.Job instance at 0x7f7f357abb40>,64,24,[2 8],65,-1,112,-1,88
1,<environment.Job instance at 0x7f7f356c7230>,65,26,[5 5],66,-1,126,-1,100
1,<environment.Job instance at 0x7f7f356c71e0>,66,17,[ 4 12],67,-1,117,-1,100
1,<environment.Job instance at 0x7f7f356c79b0>,69,26,[1 7],70,-1,126,-1,100
1,<environment.Job instance at 0x7f7f356c76e0>,72,28,[11  1],73,-1,141,-1,113
1,<environment.Job instance at 0x7f7f356b94b0>,79,14,[12  1],80,-1,172,-1,158
1,<environment.Job instance at 0x7f7f356b9460>,80,19,[12  3],81,-1,177,-1,158
1,<environment.Job instance at 0x7f7f34d57c30>,3,15,[9 5],4,-1,20,-1,5
1,<environment.Job instance at 0x7f7f34d574b0>,5,21,[5 9],6,-1,27,-1,6
1,<environment.Job instance at 0x7f7f34d57550>,7,19,[3 8],8,-1,27,-1,8
1,<environment.Job instance at 0x7f7f34d5c1e0>,11,27,[3 6],12,-1,39,-1,12
1,<environment.Job instance at 0x7f7f34d5ca00>,12,22,[2 8],13,-1,38,-1,16
1,<environment.Job instance at 0x7f7f34e41320>,31,17,[14  5],32,-1,184,-1,167
1,<environment.Job instance at 0x7f7f34ee6820>,18,24,[12  2],19,-1,191,-1,167
1,<environment.Job instance at 0x7f7f34f8b910>,25,19,[ 4 14],26,-1,186,-1,167
1,<environment.Job instance at 0x7f7f34e414b0>,33,25,[11  3],34,-1,201,-1,176
1,<environment.Job instance at 0x7f7f34e83550>,36,15,[8 5],37,-1,191,-1,176
1,<environment.Job instance at 0x7f7f34e96af0>,22,19,[14  4],23,-1,197,-1,178
1,<environment.Job instance at 0x7f7f34ea2690>,40,19,[4 7],41,-1,201,-1,182
1,<environment.Job instance at 0x7f7f35628640>,0,14,[12  1],1,-1,15,-1,1
1,<environment.Job instance at 0x7f7f356285a0>,1,17,[12  4],2,-1,19,-1,2
1,<environment.Job instance at 0x7f7f35628280>,4,16,[ 4 14],5,-1,21,-1,5
1,<environment.Job instance at 0x7f7f3561cd20>,9,14,[14  2],10,-1,24,-1,10
1,<environment.Job instance at 0x7f7f3561cb90>,10,13,[12  2],11,-1,24,-1,11
1,<environment.Job instance at 0x7f7f3561cc80>,11,27,[3 6],12,-1,50,-1,23
1,<environment.Job instance at 0x7f7f3561cb40>,15,13,[12  2],16,-1,40,-1,27
1,<environment.Job instance at 0x7f7f3561ca00>,17,14,[11  1],18,-1,41,-1,27
1,<environment.Job instance at 0x7f7f3561c960>,18,24,[12  2],19,-1,51,-1,27
1,<environment.Job instance at 0x7f7f3561c640>,19,20,[12  3],20,-1,47,-1,27
1,<environment.Job instance at 0x7f7f3561c780>,21,15,[11  5],22,-1,42,-1,27
1,<environment.Job instance at 0x7f7f3561c6e0>,22,19,[14  4],23,-1,46,-1,27
1,<environment.Job instance at 0x7f7f3561c4b0>,23,17,[ 3 12],24,-1,44,-1,27
1,<environment.Job instance at 0x7f7f3561c140>,25,19,[ 4 14],26,-1,46,-1,27
1,<environment.Job instance at 0x7f7f3561c0a0>,26,16,[ 5 12],27,-1,43,-1,27
1,<environment.Job instance at 0x7f7f3561c500>,27,21,[ 1 12],28,-1,49,-1,28
1,<environment.Job instance at 0x7f7f356cc050>,28,16,[ 1 14],29,-1,45,-1,29
1,<environment.Job instance at 0x7f7f356cc230>,29,18,[ 1 14],30,-1,48,-1,30
1,<environment.Job instance at 0x7f7f356cc0f0>,30,23,[1 9],31,-1,60,-1,37
1,<environment.Job instance at 0x7f7f356cc7d0>,31,17,[14  5],32,-1,54,-1,37
1,<environment.Job instance at 0x7f7f356cc4b0>,32,25,[4 8],33,-1,62,-1,37
1,<environment.Job instance at 0x7f7f356cc190>,33,25,[11  3],34,-1,62,-1,37
1,<environment.Job instance at 0x7f7f356cc5f0>,34,15,[14  2],35,-1,52,-1,37
1,<environment.Job instance at 0x7f7f356cc410>,35,18,[11  1],36,-1,55,-1,37
1,<environment.Job instance at 0x7f7f356cc910>,37,17,[12  1],38,-1,55,-1,38
1,<environment.Job instance at 0x7f7f3ec8a2d0>,38,20,[12  2],39,-1,59,-1,39
1,<environment.Job instance at 0x7f7f34f374b0>,41,13,[ 4 11],42,-1,67,-1,54
1,<environment.Job instance at 0x7f7f34e0a5f0>,42,16,[14  3],43,-1,70,-1,54
1,<environment.Job instance at 0x7f7f3561caa0>,16,27,[10  5],17,-1,82,-1,55
1,<environment.Job instance at 0x7f7f34f35eb0>,45,14,[ 1 13],46,-1,69,-1,55
1,<environment.Job instance at 0x7f7f34db9640>,48,19,[13  1],49,-1,74,-1,55
1,<environment.Job instance at 0x7f7f34dff500>,49,20,[ 1 12],50,-1,75,-1,55
1,<environment.Job instance at 0x7f7f34db9c80>,51,24,[7 2],52,-1,94,-1,70
1,<environment.Job instance at 0x7f7f34db99b0>,52,13,[ 5 11],53,-1,83,-1,70
1,<environment.Job instance at 0x7f7f34dbc370>,53,13,[14  1],54,-1,83,-1,70
1,<environment.Job instance at 0x7f7f34dbc730>,54,12,[ 5 12],55,-1,82,-1,70
1,<environment.Job instance at 0x7f7f34e69820>,57,27,[6 1],58,-1,110,-1,83
1,<environment.Job instance at 0x7f7f34e37410>,58,27,[ 4 13],59,-1,110,-1,83
1,<environment.Job instance at 0x7f7f34e37460>,59,14,[12  3],60,-1,97,-1,83
1,<environment.Job instance at 0x7f7f34e37c30>,60,27,[11  1],61,-1,110,-1,83
1,<environment.Job instance at 0x7f7f34e37c80>,61,24,[6 2],62,-1,107,-1,83
1,<environment.Job instance at 0x7f7f34e37e60>,64,23,[1 8],65,-1,119,-1,96
1,<environment.Job instance at 0x7f7f34dc9910>,65,27,[ 5 14],66,-1,123,-1,96
1,<environment.Job instance at 0x7f7f34dc9280>,67,27,[5 1],68,-1,125,-1,98
1,<environment.Job instance at 0x7f7f34dd0c30>,68,26,[ 2 13],69,-1,124,-1,98
1,<environment.Job instance at 0x7f7f34dd0be0>,69,28,[14  4],70,-1,126,-1,98
1,<environment.Job instance at 0x7f7f34dc5320>,70,27,[3 9],71,-1,125,-1,98
1,<environment.Job instance at 0x7f7f34dc5410>,71,20,[ 4 11],72,-1,118,-1,98
1,<environment.Job instance at 0x7f7f34dcc0f0>,72,15,[14  1],73,-1,113,-1,98
1,<environment.Job instance at 0x7f7f34dcc050>,74,27,[1 5],75,-1,137,-1,110
1,<environment.Job instance at 0x7f7f34ec5c30>,75,26,[11  3],76,-1,136,-1,110
1,<environment.Job instance at 0x7f7f34dccf00>,76,25,[11  3],77,-1,135,-1,110
1,<environment.Job instance at 0x7f7f34ddb640>,79,25,[ 3 13],80,-1,139,-1,114
1,<environment.Job instance at 0x7f7f34ddbaf0>,80,19,[11  3],81,-1,133,-1,114
1,<environment.Job instance at 0x7f7f34dd71e0>,82,13,[14  2],83,-1,139,-1,126
1,<environment.Job instance at 0x7f7f34dd70f0>,83,13,[ 5 11],84,-1,139,-1,126
1,<environment.Job instance at 0x7f7f34dd7d70>,84,18,[ 3 14],85,-1,144,-1,126
1,<environment.Job instance at 0x7f7f34ddee10>,90,20,[11  2],91,-1,180,-1,160
1,<environment.Job instance at 0x7f7f34dde050>,91,26,[2 8],92,-1,205,-1,179
1,<environment.Job instance at 0x7f7f34de2d70>,94,15,[11  2],95,-1,195,-1,180
1,<environment.Job instance at 0x7f7f34d5fdc0>,2,23,[10  5],3,-1,27,-1,4
1,<environment.Job instance at 0x7f7f34d5f0a0>,3,24,[12  1],4,-1,28,-1,4
1,<environment.Job instance at 0x7f7f34cb4a50>,7,19,[3 8],8,-1,28,-1,9
1,<environment.Job instance at 0x7f7f3eb46410>,0,24,[4 8],1,-1,25,-1,1
1,<environment.Job instance at 0x7f7f35411280>,2,23,[10  5],3,-1,26,-1,3
1,<environment.Job instance at 0x7f7f35da6d70>,3,24,[12  1],4,-1,28,-1,4
1,<environment.Job instance at 0x7f7f35de4820>,4,17,[12  4],5,-1,22,-1,5
1,<environment.Job instance at 0x7f7f35de4140>,6,27,[13  3],7,-1,34,-1,7
1,<environment.Job instance at 0x7f7f35133d20>,8,17,[ 1 11],9,-1,26,-1,9
1,<environment.Job instance at 0x7f7f35ef7870>,10,19,[12  4],11,-1,30,-1,11
1,<environment.Job instance at 0x7f7f3522d410>,11,14,[ 5 12],12,-1,26,-1,12
1,<environment.Job instance at 0x7f7f3546c7d0>,14,16,[ 2 11],15,-1,31,-1,15
1,<environment.Job instance at 0x7f7f35a9e370>,15,28,[ 3 11],16,-1,44,-1,16
1,<environment.Job instance at 0x7f7f3e829be0>,16,15,[13  4],17,-1,32,-1,17
1,<environment.Job instance at 0x7f7f35c1b050>,18,16,[14  5],19,-1,38,-1,22
1,<environment.Job instance at 0x7f7f35da6500>,13,25,[8 3],14,-1,47,-1,22
1,<environment.Job instance at 0x7f7f3ec7d050>,20,27,[14  3],21,-1,49,-1,22
1,<environment.Job instance at 0x7f7f35ee1050>,21,18,[ 1 14],22,-1,40,-1,22
1,<environment.Job instance at 0x7f7f35c9bd70>,17,24,[2 7],18,-1,46,-1,22
1,<environment.Job instance at 0x7f7f35ef1d70>,23,15,[11  2],24,-1,39,-1,24
1,<environment.Job instance at 0x7f7f35060230>,24,13,[ 1 12],25,-1,38,-1,25
1,<environment.Job instance at 0x7f7f3e7eb3c0>,26,28,[5 7],27,-1,63,-1,35
1,<environment.Job instance at 0x7f7f34fb3500>,27,16,[ 4 11],28,-1,51,-1,35
1,<environment.Job instance at 0x7f7f35e19b90>,28,17,[13  3],29,-1,52,-1,35
1,<environment.Job instance at 0x7f7f35e19dc0>,29,22,[ 3 11],30,-1,57,-1,35
1,<environment.Job instance at 0x7f7f3e77f4b0>,31,13,[ 5 12],32,-1,48,-1,35
1,<environment.Job instance at 0x7f7f3e77faf0>,32,23,[ 5 11],33,-1,58,-1,35
1,<environment.Job instance at 0x7f7f35d6c280>,33,27,[12  4],34,-1,62,-1,35
1,<environment.Job instance at 0x7f7f34f1b9b0>,34,13,[12  4],35,-1,48,-1,35
1,<environment.Job instance at 0x7f7f34f1b230>,35,23,[9 4],36,-1,60,-1,37
1,<environment.Job instance at 0x7f7f34f1b280>,36,13,[ 3 14],37,-1,50,-1,37
1,<environment.Job instance at 0x7f7f34f60960>,37,24,[ 4 14],38,-1,62,-1,38
1,<environment.Job instance at 0x7f7f34f60e10>,39,24,[13  3],40,-1,64,-1,40
1,<environment.Job instance at 0x7f7f34ff0690>,40,27,[9 5],41,-1,75,-1,48
1,<environment.Job instance at 0x7f7f34f60730>,41,22,[13  5],42,-1,70,-1,48
1,<environment.Job instance at 0x7f7f34ff0500>,42,14,[ 3 13],43,-1,62,-1,48
1,<environment.Job instance at 0x7f7f34ef7c80>,43,26,[14  2],44,-1,74,-1,48
1,<environment.Job instance at 0x7f7f34ef79b0>,44,13,[13  4],45,-1,61,-1,48
1,<environment.Job instance at 0x7f7f34f23460>,46,23,[2 8],47,-1,71,-1,48
1,<environment.Job instance at 0x7f7f34f23320>,47,25,[11  1],48,-1,73,-1,48
1,<environment.Job instance at 0x7f7f34f23b40>,48,19,[13  3],49,-1,68,-1,49
1,<environment.Job instance at 0x7f7f34f233c0>,50,25,[13  4],51,-1,76,-1,51
1,<environment.Job instance at 0x7f7f34e96410>,53,18,[ 2 13],54,-1,72,-1,54
1,<environment.Job instance at 0x7f7f35012730>,57,14,[12  2],58,-1,86,-1,72
1,<environment.Job instance at 0x7f7f350128c0>,58,17,[12  4],59,-1,89,-1,72
1,<environment.Job instance at 0x7f7f35012be0>,59,25,[6 4],60,-1,97,-1,72
1,<environment.Job instance at 0x7f7f34e8b230>,62,18,[ 2 13],63,-1,90,-1,72
1,<environment.Job instance at 0x7f7f34e8be10>,63,14,[14  2],64,-1,86,-1,72
1,<environment.Job instance at 0x7f7f34f2b550>,64,27,[ 1 12],65,-1,99,-1,72
1,<environment.Job instance at 0x7f7f34f2be60>,65,15,[13  4],66,-1,87,-1,72
1,<environment.Job instance at 0x7f7f34e7ea50>,66,24,[ 4 14],67,-1,96,-1,72
1,<environment.Job instance at 0x7f7f34e7e5a0>,68,16,[12  5],69,-1,88,-1,72
1,<environment.Job instance at 0x7f7f34e7e0a0>,70,23,[3 9],71,-1,110,-1,87
1,<environment.Job instance at 0x7f7f34e7e320>,71,19,[ 4 14],72,-1,106,-1,87
1,<environment.Job instance at 0x7f7f34e67140>,74,17,[14  3],75,-1,105,-1,88
1,<environment.Job instance at 0x7f7f3505eb40>,78,22,[ 4 12],79,-1,129,-1,107
1,<environment.Job instance at 0x7f7f3505e0a0>,79,25,[8 2],80,-1,146,-1,121
1,<environment.Job instance at 0x7f7f3505fb90>,81,27,[6 4],82,-1,148,-1,121
1,<environment.Job instance at 0x7f7f34e67320>,73,26,[10  3],74,-1,147,-1,121
1,<environment.Job instance at 0x7f7f3505c780>,85,12,[12  2],86,-1,147,-1,135
1,<environment.Job instance at 0x7f7f3505cd20>,86,12,[14  2],87,-1,147,-1,135
1,<environment.Job instance at 0x7f7f352a4910>,88,13,[14  5],89,-1,152,-1,139
1,<environment.Job instance at 0x7f7f352a4820>,89,25,[13  3],90,-1,164,-1,139
1,<environment.Job instance at 0x7f7f3523ba00>,90,14,[ 1 14],91,-1,153,-1,139
1,<environment.Job instance at 0x7f7f35244af0>,92,12,[ 2 13],93,-1,151,-1,139
1,<environment.Job instance at 0x7f7f352442d0>,93,22,[13  3],94,-1,161,-1,139
1,<environment.Job instance at 0x7f7f3528d1e0>,98,18,[11  4],99,-1,194,-1,176
1,<environment.Job instance at 0x7f7f3528d050>,100,18,[11  2],101,-1,206,-1,188
1,<environment.Job instance at 0x7f7f352f4e60>,101,20,[ 3 14],102,-1,208,-1,188
1,<environment.Job instance at 0x7f7f352f4c30>,102,24,[14  5],103,-1,212,-1,188
1,<environment.Job instance at 0x7f7f34f30aa0>,103,24,[14  5],104,-1,212,-1,188
1,<environment.Job instance at 0x7f7f352f4050>,104,12,[ 4 11],105,-1,200,-1,188
1,<environment.Job instance at 0x7f7f352f4af0>,105,22,[ 3 14],106,-1,210,-1,188
1,<environment.Job instance at 0x7f7f34f38230>,106,14,[ 1 13],107,-1,202,-1,188
1,<environment.Job instance at 0x7f7f3512e3c0>,107,16,[13  5],108,-1,204,-1,188
1,<environment.Job instance at 0x7f7f352f4320>,4,18,[ 1 10],5,-1,23,-1,5
1,<environment.Job instance at 0x7f7f35dcbbe0>,0,28,[ 5 10],1,-1,29,-1,1
1,<environment.Job instance at 0x7f7f35dcb230>,1,27,[11  5],2,-1,29,-1,2
1,<environment.Job instance at 0x7f7f35dcbc30>,2,23,[14  5],3,-1,26,-1,3
1,<environment.Job instance at 0x7f7f35dcb050>,3,16,[12  4],4,-1,20,-1,4
1,<environment.Job instance at 0x7f7f35dcba50>,5,27,[12  4],6,-1,33,-1,6
1,<environment.Job instance at 0x7f7f35dad690>,6,20,[ 5 12],7,-1,27,-1,7
1,<environment.Job instance at 0x7f7f35dad6e0>,7,28,[12  4],8,-1,36,-1,8
1,<environment.Job instance at 0x7f7f35dad730>,8,16,[ 1 14],9,-1,25,-1,9
1,<environment.Job instance at 0x7f7f34d14280>,11,28,[13  3],12,-1,40,-1,12
1,<environment.Job instance at 0x7f7f34d14f50>,12,22,[ 3 11],13,-1,35,-1,13
1,<environment.Job instance at 0x7f7f34d14550>,13,21,[ 2 13],14,-1,35,-1,14
1,<environment.Job instance at 0x7f7f35df8410>,15,26,[13  3],16,-1,42,-1,16
1,<environment.Job instance at 0x7f7f34d14730>,18,12,[11  1],19,-1,31,-1,19
1,<environment.Job instance at 0x7f7f34d145f0>,19,17,[11  3],20,-1,37,-1,20
1,<environment.Job instance at 0x7f7f34d14eb0>,20,16,[12  1],21,-1,37,-1,21
1,<environment.Job instance at 0x7f7f34d142d0>,21,15,[ 4 13],22,-1,37,-1,22
1,<environment.Job instance at 0x7f7f34d14780>,16,24,[8 2],17,-1,47,-1,23
1,<environment.Job instance at 0x7f7f34d14d20>,22,28,[13  1],23,-1,51,-1,23
1,<environment.Job instance at 0x7f7f34d14cd0>,23,24,[ 4 13],24,-1,48,-1,24
1,<environment.Job instance at 0x7f7f34d14dc0>,24,18,[ 1 11],25,-1,43,-1,25
1,<environment.Job instance at 0x7f7f36188050>,26,14,[12  5],27,-1,41,-1,27
1,<environment.Job instance at 0x7f7f352522d0>,27,21,[13  2],28,-1,49,-1,28
1,<environment.Job instance at 0x7f7f34f38230>,29,28,[13  2],30,-1,58,-1,30
1,<environment.Job instance at 0x7f7f35252960>,31,24,[2 6],32,-1,61,-1,37
1,<environment.Job instance at 0x7f7f3512ee10>,32,13,[ 5 12],33,-1,50,-1,37
1,<environment.Job instance at 0x7f7f3528d6e0>,33,20,[ 2 11],34,-1,57,-1,37
1,<environment.Job instance at 0x7f7f3528d1e0>,35,14,[11  2],36,-1,51,-1,37
1,<environment.Job instance at 0x7f7f3505ee10>,40,25,[ 5 14],41,-1,76,-1,51
1,<environment.Job instance at 0x7f7f3505e690>,41,17,[ 1 13],42,-1,68,-1,51
1,<environment.Job instance at 0x7f7f3505fb90>,42,16,[ 1 13],43,-1,67,-1,51
1,<environment.Job instance at 0x7f7f3505f6e0>,43,28,[2 7],44,-1,79,-1,51
1,<environment.Job instance at 0x7f7f3505f0f0>,45,25,[3 9],46,-1,76,-1,51
1,<environment.Job instance at 0x7f7f352a45a0>,37,25,[3 7],38,-1,76,-1,51
1,<environment.Job instance at 0x7f7f35012a50>,47,13,[ 1 13],48,-1,64,-1,51
1,<environment.Job instance at 0x7f7f34ff0690>,48,28,[3 6],49,-1,79,-1,51
1,<environment.Job instance at 0x7f7f3e77fe10>,49,12,[ 4 11],50,-1,63,-1,51
1,<environment.Job instance at 0x7f7f35d6c0f0>,52,22,[ 5 12],53,-1,85,-1,63
1,<environment.Job instance at 0x7f7f35060230>,53,17,[13  5],54,-1,80,-1,63
1,<environment.Job instance at 0x7f7f35ef1d70>,55,13,[12  4],56,-1,76,-1,63
1,<environment.Job instance at 0x7f7f34d08820>,60,14,[ 4 13],61,-1,104,-1,90
1,<environment.Job instance at 0x7f7f35241f00>,61,23,[ 5 12],62,-1,113,-1,90
1,<environment.Job instance at 0x7f7f36173410>,64,13,[13  5],65,-1,115,-1,102
1,<environment.Job instance at 0x7f7f3546f7d0>,63,27,[ 5 10],64,-1,132,-1,105
1,<environment.Job instance at 0x7f7f35de4140>,66,18,[ 4 14],67,-1,123,-1,105
1,<environment.Job instance at 0x7f7f3edc04b0>,69,17,[12  2],70,-1,136,-1,119
1,<environment.Job instance at 0x7f7f35da6d70>,73,23,[1 5],74,-1,156,-1,133
1,<environment.Job instance at 0x7f7f35961050>,74,27,[2 8],75,-1,160,-1,133
1,<environment.Job instance at 0x7f7f35a7f780>,77,14,[11  4],78,-1,151,-1,137
1,<environment.Job instance at 0x7f7f35a510a0>,78,14,[14  5],79,-1,151,-1,137
1,<environment.Job instance at 0x7f7f352f40f0>,80,18,[ 4 11],81,-1,169,-1,151
1,<environment.Job instance at 0x7f7f352f4640>,81,18,[ 3 12],82,-1,169,-1,151
1,<environment.Job instance at 0x7f7f352f4c30>,83,24,[13  4],84,-1,175,-1,151
1,<environment.Job instance at 0x7f7f352f4e60>,84,19,[ 2 13],85,-1,170,-1,151
1,<environment.Job instance at 0x7f7f352f4aa0>,86,14,[13  4],87,-1,181,-1,167
1,<environment.Job instance at 0x7f7f352f4a50>,87,15,[13  3],88,-1,182,-1,167
1,<environment.Job instance at 0x7f7f3edce910>,88,12,[ 5 11],89,-1,179,-1,167
1,<environment.Job instance at 0x7f7f3edcea00>,89,25,[5 1],90,-1,192,-1,167
1,<environment.Job instance at 0x7f7f35b22aa0>,91,14,[14  2],92,-1,186,-1,172
1,<environment.Job instance at 0x7f7f35ed9050>,92,25,[8 5],93,-1,204,-1,179
1,<environment.Job instance at 0x7f7f3edce7d0>,94,15,[14  4],95,-1,194,-1,179
1,<environment.Job instance at 0x7f7f35950690>,96,25,[ 2 13],97,-1,213,-1,188
1,<environment.Job instance at 0x7f7f35d35a00>,97,15,[ 5 12],98,-1,203,-1,188
1,<environment.Job instance at 0x7f7f360445f0>,98,26,[11  4],99,-1,214,-1,188
1,<environment.Job instance at 0x7f7f35172050>,99,21,[12  2],100,-1,209,-1,188
1,<environment.Job instance at 0x7f7f3568b9b0>,100,25,[6 2],101,-1,213,-1,188
1,<environment.Job instance at 0x7f7f3568b1e0>,101,23,[5 5],102,-1,211,-1,188
1,<environment.Job instance at 0x7f7f35aaef50>,103,17,[ 4 12],104,-1,205,-1,188
1,<environment.Job instance at 0x7f7f3542a3c0>,11,25,[ 1 10],12,-1,48,-1,23
1,<environment.Job instance at 0x7f7f3542ab90>,13,20,[13  1],14,-1,44,-1,24
1,<environment.Job instance at 0x7f7f35428a50>,10,18,[11  2],11,-1,42,-1,24
1,<environment.Job instance at 0x7f7f3542a8c0>,17,17,[8 3],18,-1,41,-1,24
1,<environment.Job instance at 0x7f7f3542a460>,18,22,[2 8],19,-1,46,-1,24
1,<environment.Job instance at 0x7f7f35402320>,21,22,[11  3],22,-1,58,-1,36
1,<environment.Job instance at 0x7f7f35402050>,19,18,[2 7],20,-1,54,-1,36
1,<environment.Job instance at 0x7f7f35402550>,22,24,[12  5],23,-1,60,-1,36
1,<environment.Job instance at 0x7f7f35402f00>,24,16,[1 6],25,-1,52,-1,36
1,<environment.Job instance at 0x7f7f35402fa0>,23,26,[ 5 10],24,-1,65,-1,39
1,<environment.Job instance at 0x7f7f35400050>,25,28,[12  2],26,-1,67,-1,39
1,<environment.Job instance at 0x7f7f35400190>,26,21,[ 4 12],27,-1,60,-1,39
1,<environment.Job instance at 0x7f7f3542ad70>,12,20,[ 2 12],13,-1,69,-1,49
1,<environment.Job instance at 0x7f7f35042eb0>,29,13,[11  2],30,-1,62,-1,49
1,<environment.Job instance at 0x7f7f34ff21e0>,31,15,[6 3],32,-1,64,-1,49
1,<environment.Job instance at 0x7f7f3542aa50>,16,26,[3 7],17,-1,78,-1,52
1,<environment.Job instance at 0x7f7f34fe7730>,32,16,[9 3],33,-1,69,-1,53
1,<environment.Job instance at 0x7f7f35c1b460>,2,14,[12  1],3,-1,17,-1,3
1,<environment.Job instance at 0x7f7f354965a0>,5,13,[ 5 11],6,-1,19,-1,6
1,<environment.Job instance at 0x7f7f35496e60>,6,12,[ 3 14],7,-1,19,-1,7
1,<environment.Job instance at 0x7f7f35496550>,8,13,[ 2 13],9,-1,22,-1,9
1,<environment.Job instance at 0x7f7f35496190>,9,14,[13  2],10,-1,24,-1,10
1,<environment.Job instance at 0x7f7f35496690>,10,18,[11  2],11,-1,29,-1,11
1,<environment.Job instance at 0x7f7f3571ad70>,12,20,[ 2 12],13,-1,33,-1,13
1,<environment.Job instance at 0x7f7f356c61e0>,13,20,[13  1],14,-1,34,-1,14
1,<environment.Job instance at 0x7f7f357bd460>,4,25,[10  1],5,-1,40,-1,15
1,<environment.Job instance at 0x7f7f355f89b0>,16,26,[3 7],17,-1,57,-1,31
1,<environment.Job instance at 0x7f7f35669a50>,20,25,[12  2],21,-1,56,-1,31
1,<environment.Job instance at 0x7f7f355f8410>,21,22,[11  3],22,-1,53,-1,31
1,<environment.Job instance at 0x7f7f356c0c30>,22,24,[12  5],23,-1,55,-1,31
1,<environment.Job instance at 0x7f7f35496280>,11,25,[ 1 10],12,-1,61,-1,36
1,<environment.Job instance at 0x7f7f356c0780>,25,28,[12  2],26,-1,64,-1,36
1,<environment.Job instance at 0x7f7f356c0640>,26,21,[ 4 12],27,-1,57,-1,36
1,<environment.Job instance at 0x7f7f356c0550>,27,26,[ 4 12],28,-1,62,-1,36
1,<environment.Job instance at 0x7f7f356c05f0>,23,26,[ 5 10],24,-1,62,-1,36
1,<environment.Job instance at 0x7f7f35752eb0>,29,13,[11  2],30,-1,49,-1,36
1,<environment.Job instance at 0x7f7f35752460>,30,13,[ 5 13],31,-1,49,-1,36
1,<environment.Job instance at 0x7f7f35752a50>,33,23,[ 4 13],34,-1,59,-1,36
1,<environment.Job instance at 0x7f7f35752e10>,34,13,[ 5 14],35,-1,49,-1,36
1,<environment.Job instance at 0x7f7f35891f00>,36,22,[13  1],37,-1,70,-1,48
1,<environment.Job instance at 0x7f7f35a38410>,38,27,[ 1 13],39,-1,77,-1,50
1,<environment.Job instance at 0x7f7f35891cd0>,39,17,[ 5 12],40,-1,67,-1,50
1,<environment.Job instance at 0x7f7f3585e500>,40,23,[8 4],41,-1,73,-1,50
1,<environment.Job instance at 0x7f7f35a44910>,42,21,[11  5],43,-1,71,-1,50
1,<environment.Job instance at 0x7f7f35a44500>,43,18,[13  4],44,-1,68,-1,50
1,<environment.Job instance at 0x7f7f354666e0>,45,12,[ 5 13],46,-1,62,-1,50
1,<environment.Job instance at 0x7f7f35466870>,44,27,[8 5],45,-1,90,-1,63
1,<environment.Job instance at 0x7f7f35466eb0>,47,20,[ 5 13],48,-1,83,-1,63
1,<environment.Job instance at 0x7f7f354667d0>,48,19,[ 2 14],49,-1,82,-1,63
1,<environment.Job instance at 0x7f7f35466a50>,49,20,[13  2],50,-1,83,-1,63
1,<environment.Job instance at 0x7f7f357135f0>,50,16,[ 2 14],51,-1,79,-1,63
1,<environment.Job instance at 0x7f7f35713280>,51,26,[7 3],52,-1,89,-1,63
1,<environment.Job instance at 0x7f7f35713b90>,52,16,[ 3 13],53,-1,79,-1,63
1,<environment.Job instance at 0x7f7f3534a4b0>,54,22,[14  1],55,-1,85,-1,63
1,<environment.Job instance at 0x7f7f3534a140>,56,15,[ 1 12],57,-1,80,-1,65
1,<environment.Job instance at 0x7f7f3505ce60>,60,14,[13  5],61,-1,91,-1,77
1,<environment.Job instance at 0x7f7f35713500>,53,28,[ 5 10],54,-1,112,-1,84
1,<environment.Job instance at 0x7f7f358c2c30>,63,27,[12  4],64,-1,111,-1,84
1,<environment.Job instance at 0x7f7f3e8292d0>,64,18,[ 3 13],65,-1,102,-1,84
1,<environment.Job instance at 0x7f7f361068c0>,65,27,[ 1 14],66,-1,111,-1,84
1,<environment.Job instance at 0x7f7f3565e190>,66,21,[14  2],67,-1,105,-1,84
1,<environment.Job instance at 0x7f7f3589ee60>,67,22,[11  1],68,-1,106,-1,84
1,<environment.Job instance at 0x7f7f35716f50>,68,26,[7 4],69,-1,110,-1,84
1,<environment.Job instance at 0x7f7f35c2e3c0>,69,12,[ 1 14],70,-1,96,-1,84
1,<environment.Job instance at 0x7f7f35c2e0a0>,70,23,[ 4 14],71,-1,107,-1,84
1,<environment.Job instance at 0x7f7f35e004b0>,71,14,[13  2],72,-1,98,-1,84
1,<environment.Job instance at 0x7f7f3566e370>,73,21,[11  2],74,-1,105,-1,84
1,<environment.Job instance at 0x7f7f35172050>,74,18,[ 2 11],75,-1,102,-1,84
1,<environment.Job instance at 0x7f7f3568ba50>,75,17,[11  4],76,-1,101,-1,84
1,<environment.Job instance at 0x7f7f3568b9b0>,76,14,[ 4 14],77,-1,98,-1,84
1,<environment.Job instance at 0x7f7f359508c0>,77,28,[12  5],78,-1,112,-1,84
1,<environment.Job instance at 0x7f7f35a98f00>,78,13,[12  5],79,-1,97,-1,84
1,<environment.Job instance at 0x7f7f35ed9050>,79,12,[11  5],80,-1,96,-1,84
1,<environment.Job instance at 0x7f7f36044a00>,81,26,[5 3],82,-1,117,-1,91
1,<environment.Job instance at 0x7f7f35b22aa0>,82,27,[13  5],83,-1,118,-1,91
1,<environment.Job instance at 0x7f7f35b22910>,83,28,[ 3 14],84,-1,119,-1,91
1,<environment.Job instance at 0x7f7f3edceb40>,84,21,[ 4 11],85,-1,112,-1,91
1,<environment.Job instance at 0x7f7f3edcea00>,85,18,[ 3 12],86,-1,109,-1,91
1,<environment.Job instance at 0x7f7f3edce5f0>,87,26,[14  5],88,-1,117,-1,91
1,<environment.Job instance at 0x7f7f35a51e10>,88,24,[4 6],89,-1,125,-1,101
1,<environment.Job instance at 0x7f7f35a510a0>,89,18,[13  1],90,-1,119,-1,101
1,<environment.Job instance at 0x7f7f352f4a50>,90,20,[12  3],91,-1,121,-1,101
1,<environment.Job instance at 0x7f7f352f4370>,91,17,[ 5 14],92,-1,118,-1,101
1,<environment.Job instance at 0x7f7f352f4af0>,92,24,[8 5],93,-1,128,-1,104
1,<environment.Job instance at 0x7f7f352f4640>,93,24,[5 1],94,-1,129,-1,105
1,<environment.Job instance at 0x7f7f352f4410>,95,16,[ 2 13],96,-1,121,-1,105
1,<environment.Job instance at 0x7f7f352f4050>,96,17,[12  3],97,-1,122,-1,105
1,<environment.Job instance at 0x7f7f351a36e0>,97,14,[14  1],98,-1,119,-1,105
1,<environment.Job instance at 0x7f7f35110140>,99,26,[3 6],100,-1,147,-1,121
1,<environment.Job instance at 0x7f7f35cb8c30>,101,14,[11  5],102,-1,135,-1,121
1,<environment.Job instance at 0x7f7f35961aa0>,102,24,[ 4 12],103,-1,145,-1,121
1,<environment.Job instance at 0x7f7f3eb46410>,104,25,[12  2],105,-1,146,-1,121
1,<environment.Job instance at 0x7f7f3edc0140>,103,23,[1 6],104,-1,145,-1,122
1,<environment.Job instance at 0x7f7f35da6230>,106,24,[13  1],107,-1,146,-1,122
1,<environment.Job instance at 0x7f7f35da6d70>,107,13,[11  1],108,-1,135,-1,122
1,<environment.Job instance at 0x7f7f35a7f320>,98,25,[ 4 10],99,-1,163,-1,138
1,<environment.Job instance at 0x7f7f35efa050>,109,16,[13  1],110,-1,154,-1,138
1,<environment.Job instance at 0x7f7f35de4140>,112,21,[11  4],113,-1,163,-1,142
1,<environment.Job instance at 0x7f7f34d08820>,113,13,[13  5],114,-1,155,-1,142
1,<environment.Job instance at 0x7f7f35c9bd70>,114,16,[ 5 13],115,-1,158,-1,142
1,<environment.Job instance at 0x7f7f35133d20>,115,27,[ 1 10],116,-1,177,-1,150
1,<environment.Job instance at 0x7f7f3e7eb3c0>,117,12,[14  2],118,-1,163,-1,151
1,<environment.Job instance at 0x7f7f3e7ebc30>,118,23,[5 5],119,-1,179,-1,156
1,<environment.Job instance at 0x7f7f3e7ebb40>,119,23,[ 3 13],120,-1,179,-1,156
1,<environment.Job instance at 0x7f7f34fb3c30>,120,14,[ 4 12],121,-1,170,-1,156
1,<environment.Job instance at 0x7f7f34ff0870>,123,13,[13  2],124,-1,182,-1,169
1,<environment.Job instance at 0x7f7f34ff0500>,124,18,[13  5],125,-1,187,-1,169
1,<environment.Job instance at 0x7f7f350128c0>,125,26,[2 5],126,-1,198,-1,172
1,<environment.Job instance at 0x7f7f3505fb90>,128,16,[11  2],129,-1,188,-1,172
1,<environment.Job instance at 0x7f7f352fd4b0>,5,16,[11  5],6,-1,22,-1,6
1,<environment.Job instance at 0x7f7f352fd640>,8,16,[6 5],9,-1,25,-1,9
1,<environment.Job instance at 0x7f7f352fda50>,10,19,[4 5],11,-1,30,-1,11
1,<environment.Job instance at 0x7f7f35318690>,17,28,[3 5],18,-1,54,-1,26
1,<environment.Job instance at 0x7f7f35318780>,18,23,[8 3],19,-1,49,-1,26
1,<environment.Job instance at 0x7f7f3edc04b0>,0,12,[ 3 12],1,-1,13,-1,1
1,<environment.Job instance at 0x7f7f35961aa0>,1,15,[11  5],2,-1,17,-1,2
1,<environment.Job instance at 0x7f7f3589ee60>,3,16,[13  2],4,-1,20,-1,4
1,<environment.Job instance at 0x7f7f356690a0>,4,12,[13  3],5,-1,17,-1,5
1,<environment.Job instance at 0x7f7f355f8550>,5,16,[11  5],6,-1,22,-1,6
1,<environment.Job instance at 0x7f7f355f89b0>,9,26,[ 2 14],10,-1,36,-1,10
1,<environment.Job instance at 0x7f7f35428b40>,11,14,[14  3],12,-1,26,-1,12
1,<environment.Job instance at 0x7f7f356c6140>,13,12,[ 5 12],14,-1,26,-1,14
1,<environment.Job instance at 0x7f7f3615e820>,17,28,[3 5],18,-1,48,-1,20
1,<environment.Job instance at 0x7f7f352fd780>,18,23,[8 3],19,-1,43,-1,20
1,<environment.Job instance at 0x7f7f352fdeb0>,20,25,[ 4 10],21,-1,57,-1,32
1,<environment.Job instance at 0x7f7f35a7c0a0>,23,23,[1 5],24,-1,61,-1,38
1,<environment.Job instance at 0x7f7f35a7cb90>,24,18,[ 1 12],25,-1,56,-1,38
1,<environment.Job instance at 0x7f7f35a7cdc0>,25,15,[ 3 13],26,-1,53,-1,38
1,<environment.Job instance at 0x7f7f35a7cb40>,27,16,[13  1],28,-1,54,-1,38
1,<environment.Job instance at 0x7f7f35a7cc30>,29,14,[14  1],30,-1,59,-1,45
1,<environment.Job instance at 0x7f7f35a7c690>,31,19,[14  4],32,-1,73,-1,54
1,<environment.Job instance at 0x7f7f35a7c280>,34,14,[ 5 13],35,-1,82,-1,68
1,<environment.Job instance at 0x7f7f35a7c500>,33,24,[9 1],34,-1,98,-1,74
1,<environment.Job instance at 0x7f7f35a7c370>,35,23,[ 3 10],36,-1,97,-1,74
1,<environment.Job instance at 0x7f7f35a7c820>,37,23,[9 5],38,-1,97,-1,74
1,<environment.Job instance at 0x7f7f35a7caf0>,38,27,[ 5 12],39,-1,101,-1,74
1,<environment.Job instance at 0x7f7f35a7cd70>,40,27,[ 3 13],41,-1,101,-1,74
1,<environment.Job instance at 0x7f7f361319b0>,42,18,[11  3],43,-1,92,-1,74
1,<environment.Job instance at 0x7f7f36131910>,43,27,[1 7],44,-1,101,-1,74
1,<environment.Job instance at 0x7f7f36131960>,45,18,[ 3 12],46,-1,102,-1,84
1,<environment.Job instance at 0x7f7f361310a0>,49,15,[ 4 13],50,-1,102,-1,87
1,<environment.Job instance at 0x7f7f36131af0>,51,25,[9 1],52,-1,125,-1,100
1,<environment.Job instance at 0x7f7f36131b90>,52,17,[ 5 14],53,-1,117,-1,100
1,<environment.Job instance at 0x7f7f36131280>,53,14,[13  1],54,-1,114,-1,100
1,<environment.Job instance at 0x7f7f36131820>,55,15,[ 5 14],56,-1,115,-1,100
1,<environment.Job instance at 0x7f7f36131a50>,57,18,[ 1 14],58,-1,118,-1,100
1,<environment.Job instance at 0x7f7f36131c80>,58,16,[12  4],59,-1,116,-1,100
1,<environment.Job instance at 0x7f7f36131f00>,60,24,[ 3 12],61,-1,141,-1,117
1,<environment.Job instance at 0x7f7f35335960>,63,28,[14  2],64,-1,159,-1,131
1,<environment.Job instance at 0x7f7f35335190>,65,13,[ 5 12],66,-1,151,-1,138
1,<environment.Job instance at 0x7f7f35335a50>,66,22,[ 5 14],67,-1,160,-1,138
1,<environment.Job instance at 0x7f7f35335b90>,67,26,[8 5],68,-1,176,-1,150
1,<environment.Job instance at 0x7f7f35335550>,70,13,[13  5],71,-1,163,-1,150
1,<environment.Job instance at 0x7f7f35335690>,71,14,[ 2 13],72,-1,164,-1,150
1,<environment.Job instance at 0x7f7f353357d0>,72,23,[ 3 14],73,-1,173,-1,150
1,<environment.Job instance at 0x7f7f35335d20>,73,16,[13  3],74,-1,166,-1,150
1,<environment.Job instance at 0x7f7f35335eb0>,75,15,[ 2 13],76,-1,165,-1,150
1,<environment.Job instance at 0x7f7f35335cd0>,76,18,[12  1],77,-1,168,-1,150
1,<environment.Job instance at 0x7f7f35335fa0>,78,28,[ 4 12],79,-1,192,-1,164
1,<environment.Job instance at 0x7f7f35335820>,81,24,[ 5 14],82,-1,192,-1,168
1,<environment.Job instance at 0x7f7f35335f00>,82,27,[11  1],83,-1,195,-1,168
1,<environment.Job instance at 0x7f7f3509a280>,84,16,[ 1 14],85,-1,196,-1,180
1,<environment.Job instance at 0x7f7f3509a320>,85,18,[13  3],86,-1,198,-1,180
1,<environment.Job instance at 0x7f7f35db04b0>,0,18,[5 5],1,-1,19,-1,1
1,<environment.Job instance at 0x7f7f354eee60>,11,16,[8 3],12,-1,28,-1,12
1,<environment.Job instance at 0x7f7f354eca50>,8,22,[12  2],9,-1,35,-1,13
1,<environment.Job instance at 0x7f7f354ee280>,12,16,[4 6],13,-1,29,-1,13
1,<environment.Job instance at 0x7f7f353112d0>,1,26,[13  2],2,-1,28,-1,2
1,<environment.Job instance at 0x7f7f35311f00>,2,27,[11  3],3,-1,30,-1,3
1,<environment.Job instance at 0x7f7f35311410>,3,16,[14  4],4,-1,20,-1,4
1,<environment.Job instance at 0x7f7f35311af0>,4,27,[ 1 14],5,-1,32,-1,5
1,<environment.Job instance at 0x7f7f35311c80>,5,21,[ 3 11],6,-1,27,-1,6
1,<environment.Job instance at 0x7f7f35311f50>,6,20,[13  1],7,-1,27,-1,7
1,<environment.Job instance at 0x7f7f35311190>,8,22,[12  2],9,-1,31,-1,9
1,<environment.Job instance at 0x7f7f35336910>,13,26,[14  5],14,-1,40,-1,14
1,<environment.Job instance at 0x7f7f35336eb0>,14,12,[11  4],15,-1,27,-1,15
1,<environment.Job instance at 0x7f7f35336c80>,15,26,[14  3],16,-1,42,-1,16
1,<environment.Job instance at 0x7f7f35336460>,16,17,[ 5 11],17,-1,34,-1,17
1,<environment.Job instance at 0x7f7f35336aa0>,17,26,[ 2 11],18,-1,44,-1,18
1,<environment.Job instance at 0x7f7f35311e60>,9,27,[7 4],10,-1,46,-1,19
1,<environment.Job instance at 0x7f7f35336cd0>,19,18,[14  4],20,-1,38,-1,20
1,<environment.Job instance at 0x7f7f35311320>,10,25,[9 5],11,-1,60,-1,35
1,<environment.Job instance at 0x7f7f353362d0>,23,24,[4 7],24,-1,59,-1,35
1,<environment.Job instance at 0x7f7f34fe0c80>,25,21,[ 4 11],26,-1,56,-1,35
1,<environment.Job instance at 0x7f7f34fe0aa0>,27,18,[13  3],28,-1,55,-1,37
1,<environment.Job instance at 0x7f7f34fe0640>,28,23,[ 4 12],29,-1,60,-1,37
1,<environment.Job instance at 0x7f7f34fe05a0>,29,26,[ 4 14],30,-1,63,-1,37
1,<environment.Job instance at 0x7f7f34fe0d70>,30,15,[ 1 14],31,-1,52,-1,37
1,<environment.Job instance at 0x7f7f34fe06e0>,31,14,[11  2],32,-1,51,-1,37
1,<environment.Job instance at 0x7f7f34fe07d0>,32,13,[13  4],33,-1,50,-1,37
1,<environment.Job instance at 0x7f7f34fe0320>,34,27,[ 4 13],35,-1,76,-1,49
1,<environment.Job instance at 0x7f7f34fe0dc0>,35,23,[ 4 12],36,-1,72,-1,49
1,<environment.Job instance at 0x7f7f34fe0870>,36,15,[ 4 12],37,-1,64,-1,49
1,<environment.Job instance at 0x7f7f35a759b0>,38,23,[ 5 11],39,-1,74,-1,51
1,<environment.Job instance at 0x7f7f35a75f00>,39,28,[13  3],40,-1,79,-1,51
1,<environment.Job instance at 0x7f7f35a754b0>,40,27,[3 8],41,-1,92,-1,65
1,<environment.Job instance at 0x7f7f35a75af0>,41,23,[ 5 11],42,-1,88,-1,65
1,<environment.Job instance at 0x7f7f35a750a0>,45,17,[ 2 14],46,-1,95,-1,78
1,<environment.Job instance at 0x7f7f35a75550>,46,22,[ 1 14],47,-1,100,-1,78
1,<environment.Job instance at 0x7f7f35a750f0>,47,12,[11  5],48,-1,90,-1,78
1,<environment.Job instance at 0x7f7f35a75050>,48,17,[ 3 14],49,-1,95,-1,78
1,<environment.Job instance at 0x7f7f36144690>,50,27,[ 4 12],51,-1,108,-1,81
1,<environment.Job instance at 0x7f7f36144a00>,52,17,[ 4 13],53,-1,98,-1,81
1,<environment.Job instance at 0x7f7f36144aa0>,54,17,[ 4 11],55,-1,98,-1,81
1,<environment.Job instance at 0x7f7f36144e60>,55,23,[ 1 11],56,-1,104,-1,81
1,<environment.Job instance at 0x7f7f36144050>,56,14,[11  1],57,-1,95,-1,81
1,<environment.Job instance at 0x7f7f36144d20>,57,23,[ 2 11],58,-1,104,-1,81
1,<environment.Job instance at 0x7f7f36144730>,58,21,[ 1 11],59,-1,102,-1,81
1,<environment.Job instance at 0x7f7f361445a0>,59,23,[ 2 14],60,-1,104,-1,81
1,<environment.Job instance at 0x7f7f36144a50>,60,28,[5 5],61,-1,109,-1,81
1,<environment.Job instance at 0x7f7f361449b0>,61,21,[ 4 13],62,-1,102,-1,81
1,<environment.Job instance at 0x7f7f361440f0>,62,15,[13  2],63,-1,96,-1,81
1,<environment.Job instance at 0x7f7f36144c80>,63,23,[ 5 11],64,-1,104,-1,81
1,<environment.Job instance at 0x7f7f361444b0>,64,26,[ 5 11],65,-1,107,-1,81
1,<environment.Job instance at 0x7f7f3509a870>,66,18,[13  2],67,-1,99,-1,81
1,<environment.Job instance at 0x7f7f36144910>,67,27,[12  5],68,-1,108,-1,81
1,<environment.Job instance at 0x7f7f3509a1e0>,68,19,[11  4],69,-1,100,-1,81
1,<environment.Job instance at 0x7f7f3509ac30>,69,22,[ 2 11],70,-1,103,-1,81
1,<environment.Job instance at 0x7f7f3509a690>,72,12,[ 4 14],73,-1,111,-1,99
1,<environment.Job instance at 0x7f7f3509a640>,74,18,[14  1],75,-1,117,-1,99
1,<environment.Job instance at 0x7f7f3509a320>,76,15,[12  1],77,-1,114,-1,99
1,<environment.Job instance at 0x7f7f353295a0>,77,13,[ 5 12],78,-1,112,-1,99
1,<environment.Job instance at 0x7f7f35602640>,78,28,[14  2],79,-1,127,-1,99
1,<environment.Job instance at 0x7f7f3509a140>,80,15,[ 5 11],81,-1,121,-1,106
1,<environment.Job instance at 0x7f7f356690a0>,81,20,[ 3 11],82,-1,126,-1,106
1,<environment.Job instance at 0x7f7f355f84b0>,84,27,[ 3 13],85,-1,144,-1,117
1,<environment.Job instance at 0x7f7f34e11870>,85,23,[6 2],86,-1,143,-1,120
1,<environment.Job instance at 0x7f7f35139d20>,86,22,[ 1 13],87,-1,142,-1,120
1,<environment.Job instance at 0x7f7f35961550>,87,13,[14  2],88,-1,133,-1,120
1,<environment.Job instance at 0x7f7f356694b0>,82,28,[9 4],83,-1,158,-1,130
1,<environment.Job instance at 0x7f7f35a7cf50>,89,24,[ 3 13],90,-1,154,-1,130
1,<environment.Job instance at 0x7f7f35a7c140>,91,28,[11  3],92,-1,158,-1,130
1,<environment.Job instance at 0x7f7f35a7c820>,92,24,[1 5],93,-1,154,-1,130
1,<environment.Job instance at 0x7f7f35a7c690>,96,19,[ 5 13],97,-1,152,-1,133
1,<environment.Job instance at 0x7f7f35a7c370>,95,24,[7 4],96,-1,169,-1,145
1,<environment.Job instance at 0x7f7f35a7c320>,103,28,[9 1],104,-1,212,-1,184
1,<environment.Job instance at 0x7f7f35a7c3c0>,104,23,[ 2 10],105,-1,212,-1,189
1,<environment.Job instance at 0x7f7f36044190>,106,18,[ 3 12],107,-1,207,-1,189
1,<environment.Job instance at 0x7f7f35a7c0f0>,107,27,[ 5 11],108,-1,216,-1,189
1,<environment.Job instance at 0x7f7f35a7cf00>,108,18,[14  5],109,-1,207,-1,189
1,<environment.Job instance at 0x7f7f358be050>,110,19,[ 1 12],111,-1,208,-1,189
1,<environment.Job instance at 0x7f7f35a6e370>,0,17,[10  3],1,-1,19,-1,2
1,<environment.Job instance at 0x7f7f4678f190>,2,18,[9 2],3,-1,21,-1,3
1,<environment.Job instance at 0x7f7f34f60d70>,3,24,[9 1],4,-1,28,-1,4
1,<environment.Job instance at 0x7f7f34f60af0>,5,16,[4 8],6,-1,22,-1,6
1,<environment.Job instance at 0x7f7f34f60b90>,7,12,[11  3],8,-1,27,-1,15
1,<environment.Job instance at 0x7f7f34f60eb0>,13,26,[11  4],14,-1,41,-1,15
1,<environment.Job instance at 0x7f7f34f60be0>,11,25,[ 2 12],12,-1,41,-1,16
1,<environment.Job instance at 0x7f7f34f60e60>,14,26,[ 1 10],15,-1,42,-1,16
1,<environment.Job instance at 0x7f7f34f60d20>,16,25,[5 3],17,-1,44,-1,19
1,<environment.Job instance at 0x7f7f34f606e0>,12,21,[9 3],13,-1,41,-1,20
1,<environment.Job instance at 0x7f7f34f60640>,15,17,[4 6],16,-1,37,-1,20
1,<environment.Job instance at 0x7f7f34f60cd0>,17,21,[3 7],18,-1,42,-1,21
1,<environment.Job instance at 0x7f7f34f60690>,19,28,[14  3],20,-1,49,-1,21
1,<environment.Job instance at 0x7f7f34f60190>,18,15,[ 3 10],19,-1,36,-1,21
1,<environment.Job instance at 0x7f7f34f60c80>,20,20,[1 9],21,-1,42,-1,22
1,<environment.Job instance at 0x7f7f34f60820>,21,23,[ 4 10],22,-1,47,-1,24
1,<environment.Job instance at 0x7f7f35da6e10>,23,14,[5 5],24,-1,40,-1,26
1,<environment.Job instance at 0x7f7f34f60370>,9,18,[ 2 13],10,-1,46,-1,28
1,<environment.Job instance at 0x7f7f35da6a50>,24,24,[ 4 12],25,-1,52,-1,28
1,<environment.Job instance at 0x7f7f35da6500>,28,19,[5 8],29,-1,48,-1,29
1,<environment.Job instance at 0x7f7f34e694b0>,1,13,[ 4 13],2,-1,15,-1,2
1,<environment.Job instance at 0x7f7f35b48c30>,4,14,[ 2 13],5,-1,19,-1,5
1,<environment.Job instance at 0x7f7f3615e320>,6,14,[13  4],7,-1,21,-1,7
1,<environment.Job instance at 0x7f7f34e69f00>,7,12,[11  3],8,-1,20,-1,8
1,<environment.Job instance at 0x7f7f3506c2d0>,9,18,[ 2 13],10,-1,28,-1,10
1,<environment.Job instance at 0x7f7f358c7f00>,10,16,[11  4],11,-1,27,-1,11
1,<environment.Job instance at 0x7f7f35e44960>,11,25,[ 2 12],12,-1,37,-1,12
1,<environment.Job instance at 0x7f7f350d2320>,13,26,[11  4],14,-1,40,-1,14
1,<environment.Job instance at 0x7f7f34de2e10>,3,24,[9 1],4,-1,42,-1,18
1,<environment.Job instance at 0x7f7f358be050>,16,25,[5 3],17,-1,43,-1,18
1,<environment.Job instance at 0x7f7f35a7cb90>,19,28,[14  3],20,-1,48,-1,20
1,<environment.Job instance at 0x7f7f35a7c9b0>,21,23,[ 4 10],22,-1,58,-1,35
1,<environment.Job instance at 0x7f7f35a7c0a0>,24,24,[ 4 12],25,-1,59,-1,35
1,<environment.Job instance at 0x7f7f35a7ca50>,25,15,[14  1],26,-1,50,-1,35
1,<environment.Job instance at 0x7f7f35a7cc30>,26,28,[14  2],27,-1,63,-1,35
1,<environment.Job instance at 0x7f7f35e3be10>,14,26,[ 1 10],15,-1,61,-1,35
1,<environment.Job instance at 0x7f7f35a7c820>,30,27,[ 2 12],31,-1,62,-1,35
1,<environment.Job instance at 0x7f7f35a7c140>,31,25,[ 3 13],32,-1,60,-1,35
1,<environment.Job instance at 0x7f7f35961550>,35,23,[ 2 13],36,-1,71,-1,48
1,<environment.Job instance at 0x7f7f35961050>,36,15,[11  2],37,-1,63,-1,48
1,<environment.Job instance at 0x7f7f353295a0>,34,25,[3 5],35,-1,74,-1,49
1,<environment.Job instance at 0x7f7f3509a280>,38,27,[ 4 14],39,-1,76,-1,49
1,<environment.Job instance at 0x7f7f3509a9b0>,39,28,[12  5],40,-1,77,-1,49
1,<environment.Job instance at 0x7f7f3509a780>,40,28,[2 5],41,-1,77,-1,49
1,<environment.Job instance at 0x7f7f3509a7d0>,41,27,[13  3],42,-1,76,-1,49
1,<environment.Job instance at 0x7f7f3509a370>,42,26,[ 2 14],43,-1,75,-1,49
1,<environment.Job instance at 0x7f7f3509a910>,43,25,[11  2],44,-1,74,-1,49
1,<environment.Job instance at 0x7f7f3509aa50>,44,16,[11  4],45,-1,65,-1,49
1,<environment.Job instance at 0x7f7f3509ac30>,45,13,[14  4],46,-1,62,-1,49
1,<environment.Job instance at 0x7f7f35a7c7d0>,22,28,[10  2],23,-1,81,-1,53
1,<environment.Job instance at 0x7f7f3509a0f0>,47,21,[12  2],48,-1,74,-1,53
1,<environment.Job instance at 0x7f7f36144d70>,48,20,[ 1 11],49,-1,73,-1,53
1,<environment.Job instance at 0x7f7f361440f0>,49,14,[ 1 14],50,-1,67,-1,53
1,<environment.Job instance at 0x7f7f35a7cf50>,33,27,[9 5],34,-1,80,-1,53
1,<environment.Job instance at 0x7f7f36144960>,51,15,[12  3],52,-1,68,-1,53
1,<environment.Job instance at 0x7f7f36144f50>,53,22,[14  3],54,-1,76,-1,54
1,<environment.Job instance at 0x7f7f36144dc0>,55,16,[11  4],56,-1,86,-1,70
1,<environment.Job instance at 0x7f7f36144050>,56,20,[ 5 13],57,-1,90,-1,70
1,<environment.Job instance at 0x7f7f36144190>,57,20,[11  5],58,-1,90,-1,70
1,<environment.Job instance at 0x7f7f36144e60>,58,23,[7 4],59,-1,93,-1,70
1,<environment.Job instance at 0x7f7f36144aa0>,59,22,[13  3],60,-1,92,-1,70
1,<environment.Job instance at 0x7f7f36144410>,60,14,[14  2],61,-1,84,-1,70
1,<environment.Job instance at 0x7f7f36144a00>,61,19,[13  5],62,-1,89,-1,70
1,<environment.Job instance at 0x7f7f36144820>,62,16,[13  3],63,-1,86,-1,70
1,<environment.Job instance at 0x7f7f36144500>,64,17,[ 1 13],65,-1,87,-1,70
1,<environment.Job instance at 0x7f7f35a758c0>,65,23,[ 3 11],66,-1,93,-1,70
1,<environment.Job instance at 0x7f7f35a755a0>,66,26,[11  1],67,-1,96,-1,70
1,<environment.Job instance at 0x7f7f35a750f0>,67,25,[ 1 10],68,-1,107,-1,82
1,<environment.Job instance at 0x7f7f35a75d70>,69,25,[ 4 11],70,-1,108,-1,83
1,<environment.Job instance at 0x7f7f35a75320>,71,26,[13  2],72,-1,110,-1,84
1,<environment.Job instance at 0x7f7f35a75410>,72,20,[ 2 13],73,-1,104,-1,84
1,<environment.Job instance at 0x7f7f35a754b0>,75,28,[ 1 13],76,-1,132,-1,104
1,<environment.Job instance at 0x7f7f35336d70>,78,14,[11  4],79,-1,133,-1,119
1,<environment.Job instance at 0x7f7f35336190>,79,28,[7 1],80,-1,159,-1,131
1,<environment.Job instance at 0x7f7f35336b90>,80,21,[11  4],81,-1,152,-1,131
1,<environment.Job instance at 0x7f7f35336dc0>,84,27,[7 1],85,-1,177,-1,150
1,<environment.Job instance at 0x7f7f353363c0>,86,28,[ 3 11],87,-1,179,-1,151
1,<environment.Job instance at 0x7f7f35336fa0>,87,12,[ 5 14],88,-1,163,-1,151
1,<environment.Job instance at 0x7f7f35336f50>,88,26,[14  5],89,-1,177,-1,151
1,<environment.Job instance at 0x7f7f35336140>,89,20,[ 3 13],90,-1,171,-1,151
1,<environment.Job instance at 0x7f7f34f60dc0>,92,26,[11  3],93,-1,186,-1,160
1,<environment.Job instance at 0x7f7f355ca870>,90,23,[7 2],91,-1,195,-1,172
1,<environment.Job instance at 0x7f7f34feb410>,94,22,[13  5],95,-1,194,-1,172
1,<environment.Job instance at 0x7f7f34f60b40>,93,25,[7 5],94,-1,197,-1,172
1,<environment.Job instance at 0x7f7f35a98f50>,96,18,[13  1],97,-1,190,-1,172
1,<environment.Job instance at 0x7f7f353115f0>,97,17,[ 2 13],98,-1,189,-1,172
1,<environment.Job instance at 0x7f7f35311190>,98,26,[7 2],99,-1,198,-1,172
1,<environment.Job instance at 0x7f7f35311780>,99,24,[ 3 14],100,-1,196,-1,172
1,<environment.Job instance at 0x7f7f35311fa0>,101,26,[5 5],102,-1,200,-1,174
1,<environment.Job instance at 0x7f7f35311960>,102,15,[ 5 14],103,-1,189,-1,174
1,<environment.Job instance at 0x7f7f35311690>,103,27,[ 5 14],104,-1,201,-1,174
1,<environment.Job instance at 0x7f7f353110f0>,104,21,[13  3],105,-1,195,-1,174
1,<environment.Job instance at 0x7f7f35311e60>,105,28,[10  4],106,-1,202,-1,174
1,<environment.Job instance at 0x7f7f353114b0>,106,25,[8 2],107,-1,199,-1,174
1,<environment.Job instance at 0x7f7f355e3fa0>,109,13,[ 3 14],110,-1,198,-1,185
1,<environment.Job instance at 0x7f7f34a781e0>,0,26,[6 1],1,-1,27,-1,1
1,<environment.Job instance at 0x7f7f34a78e10>,3,23,[5 7],4,-1,27,-1,4
1,<environment.Job instance at 0x7f7f34a78b90>,6,16,[8 1],7,-1,24,-1,8
1,<environment.Job instance at 0x7f7f34a78aa0>,8,17,[4 8],9,-1,26,-1,9
1,<environment.Job instance at 0x7f7f34a78500>,9,18,[5 5],10,-1,28,-1,10
1,<environment.Job instance at 0x7f7f34a783c0>,13,28,[4 9],14,-1,68,-1,40
1,<environment.Job instance at 0x7f7f349a7b40>,19,13,[13  5],20,-1,53,-1,40
1,<environment.Job instance at 0x7f7f349a7be0>,17,25,[ 4 14],18,-1,66,-1,41
1,<environment.Job instance at 0x7f7f349a7f00>,15,19,[11  4],16,-1,70,-1,51
1,<environment.Job instance at 0x7f7f349a7320>,23,15,[3 7],24,-1,72,-1,57
1,<environment.Job instance at 0x7f7f349a7d70>,20,24,[9 1],21,-1,82,-1,58
1,<environment.Job instance at 0x7f7f349a71e0>,24,15,[10  3],25,-1,74,-1,59
1,<environment.Job instance at 0x7f7f349a7640>,21,16,[ 3 14],22,-1,75,-1,59
1,<environment.Job instance at 0x7f7f349a7e60>,28,19,[9 2],29,-1,78,-1,59
1,<environment.Job instance at 0x7f7f349a74b0>,29,25,[5 1],30,-1,84,-1,59
1,<environment.Job instance at 0x7f7f349a7410>,30,20,[2 5],31,-1,79,-1,59
1,<environment.Job instance at 0x7f7f349a7c30>,26,24,[12  2],27,-1,83,-1,59
1,<environment.Job instance at 0x7f7f349a75f0>,25,18,[13  4],26,-1,77,-1,59
1,<environment.Job instance at 0x7f7f349a7140>,31,21,[1 7],32,-1,80,-1,59
1,<environment.Job instance at 0x7f7f349a7550>,33,17,[ 3 12],34,-1,76,-1,59
1,<environment.Job instance at 0x7f7f349a7460>,37,21,[12  4],38,-1,98,-1,77
1,<environment.Job instance at 0x7f7f34a785a0>,5,27,[ 2 11],6,-1,108,-1,81
1,<environment.Job instance at 0x7f7f3498d500>,39,15,[14  5],40,-1,99,-1,84
1,<environment.Job instance at 0x7f7f349a70a0>,32,17,[10  3],33,-1,101,-1,84
1,<environment.Job instance at 0x7f7f3498d730>,40,22,[3 9],41,-1,106,-1,84
1,<environment.Job instance at 0x7f7f34a78960>,12,25,[12  2],13,-1,109,-1,84
1,<environment.Job instance at 0x7f7f34a78eb0>,11,13,[13  4],12,-1,97,-1,84
1,<environment.Job instance at 0x7f7f3498d780>,41,12,[1 7],42,-1,96,-1,84
1,<environment.Job instance at 0x7f7f3498d690>,42,23,[ 3 11],43,-1,107,-1,84
1,<environment.Job instance at 0x7f7f3498dc30>,43,24,[ 4 14],44,-1,108,-1,84
1,<environment.Job instance at 0x7f7f3498d870>,44,23,[9 5],45,-1,107,-1,84
1,<environment.Job instance at 0x7f7f3498d320>,45,13,[ 4 13],46,-1,97,-1,84
1,<environment.Job instance at 0x7f7f3498d0a0>,46,25,[13  2],47,-1,109,-1,84
1,<environment.Job instance at 0x7f7f3498d4b0>,47,14,[ 1 11],48,-1,98,-1,84
1,<environment.Job instance at 0x7f7f3498d5f0>,48,24,[7 4],49,-1,108,-1,84
1,<environment.Job instance at 0x7f7f349a77d0>,18,12,[12  3],19,-1,96,-1,84
1,<environment.Job instance at 0x7f7f3498d370>,49,14,[9 1],50,-1,98,-1,84
1,<environment.Job instance at 0x7f7f3498df00>,51,26,[12  5],52,-1,110,-1,84
1,<environment.Job instance at 0x7f7f3498de60>,52,28,[13  1],53,-1,112,-1,84
1,<environment.Job instance at 0x7f7f3498df50>,53,22,[ 5 14],54,-1,108,-1,86
1,<environment.Job instance at 0x7f7f3498ddc0>,54,20,[ 4 12],55,-1,106,-1,86
1,<environment.Job instance at 0x7f7f3498d640>,55,24,[10  4],56,-1,110,-1,86
1,<environment.Job instance at 0x7f7f3498dd20>,56,18,[14  3],57,-1,104,-1,86
1,<environment.Job instance at 0x7f7f3498dbe0>,58,25,[6 2],59,-1,111,-1,86
1,<environment.Job instance at 0x7f7f349a7b90>,34,16,[9 2],35,-1,103,-1,87
1,<environment.Job instance at 0x7f7f3498d7d0>,59,20,[ 4 10],60,-1,107,-1,87
1,<environment.Job instance at 0x7f7f3498dcd0>,57,12,[7 5],58,-1,99,-1,87
1,<environment.Job instance at 0x7f7f3498db90>,60,21,[4 7],61,-1,108,-1,87
1,<environment.Job instance at 0x7f7f3497a280>,65,15,[ 4 11],66,-1,102,-1,87
1,<environment.Job instance at 0x7f7f3497a870>,66,26,[6 2],67,-1,113,-1,87
1,<environment.Job instance at 0x7f7f3497a0f0>,67,23,[8 1],68,-1,110,-1,87
1,<environment.Job instance at 0x7f7f3497a960>,63,13,[6 3],64,-1,100,-1,87
1,<environment.Job instance at 0x7f7f3497a050>,69,26,[10  2],70,-1,115,-1,89
1,<environment.Job instance at 0x7f7f3497a550>,64,13,[1 7],65,-1,102,-1,89
1,<environment.Job instance at 0x7f7f3497a910>,70,17,[8 3],71,-1,106,-1,89
1,<environment.Job instance at 0x7f7f3497a9b0>,68,18,[4 5],69,-1,107,-1,89
1,<environment.Job instance at 0x7f7f3497a230>,73,17,[14  5],74,-1,114,-1,97
1,<environment.Job instance at 0x7f7f3497ac80>,75,21,[11  5],76,-1,118,-1,97
1,<environment.Job instance at 0x7f7f349a7af0>,27,12,[ 2 12],28,-1,109,-1,97
1,<environment.Job instance at 0x7f7f348d6230>,77,23,[12  5],78,-1,121,-1,98
1,<environment.Job instance at 0x7f7f3497afa0>,76,28,[4 9],77,-1,127,-1,99
1,<environment.Job instance at 0x7f7f3497a500>,72,25,[3 8],73,-1,125,-1,100
1,<environment.Job instance at 0x7f7f3497a5a0>,78,23,[ 2 14],79,-1,128,-1,105
1,<environment.Job instance at 0x7f7f348d6140>,80,24,[14  3],81,-1,129,-1,105
1,<environment.Job instance at 0x7f7f349a7500>,35,16,[12  1],36,-1,121,-1,105
1,<environment.Job instance at 0x7f7f348d6320>,83,23,[5 1],84,-1,128,-1,105
1,<environment.Job instance at 0x7f7f348d64b0>,82,21,[4 7],83,-1,126,-1,105
1,<environment.Job instance at 0x7f7f352025a0>,84,18,[5 5],85,-1,124,-1,106
1,<environment.Job instance at 0x7f7f35202c30>,85,15,[ 1 10],86,-1,121,-1,106
1,<environment.Job instance at 0x7f7f3626aa00>,86,28,[ 5 13],87,-1,134,-1,106
1,<environment.Job instance at 0x7f7f3626ad70>,87,18,[9 2],88,-1,124,-1,106
1,<environment.Job instance at 0x7f7f3498d2d0>,38,13,[ 4 12],39,-1,122,-1,109
1,<environment.Job instance at 0x7f7f3626a1e0>,88,18,[12  4],89,-1,129,-1,111
1,<environment.Job instance at 0x7f7f3626a5a0>,89,17,[ 3 11],90,-1,128,-1,111
1,<environment.Job instance at 0x7f7f3626a870>,90,15,[ 5 11],91,-1,127,-1,112
1,<environment.Job instance at 0x7f7f3626ae60>,91,28,[ 2 11],92,-1,140,-1,112
1,<environment.Job instance at 0x7f7f35de7a00>,92,23,[5 5],93,-1,139,-1,116
1,<environment.Job instance at 0x7f7f348d6370>,81,28,[10  3],82,-1,145,-1,117
1,<environment.Job instance at 0x7f7f34940e10>,93,12,[11  3],94,-1,132,-1,120
1,<environment.Job instance at 0x7f7f34940280>,98,12,[11  2],99,-1,132,-1,120
1,<environment.Job instance at 0x7f7f34a78af0>,14,17,[14  1],15,-1,138,-1,121
1,<environment.Job instance at 0x7f7f351858c0>,99,15,[ 2 12],100,-1,136,-1,121
1,<environment.Job instance at 0x7f7f35b14a00>,101,28,[13  2],102,-1,149,-1,121
1,<environment.Job instance at 0x7f7f35b14960>,96,24,[5 2],97,-1,145,-1,121
1,<environment.Job instance at 0x7f7f3497a190>,74,15,[ 3 13],75,-1,136,-1,121
1,<environment.Job instance at 0x7f7f35550870>,102,20,[10  2],103,-1,141,-1,121
1,<environment.Job instance at 0x7f7f34ef8b90>,103,15,[ 4 10],104,-1,136,-1,121
1,<environment.Job instance at 0x7f7f34c9e410>,97,18,[14  4],98,-1,139,-1,121
1,<environment.Job instance at 0x7f7f35bfd780>,104,27,[3 6],105,-1,149,-1,122
1,<environment.Job instance at 0x7f7f35fa5410>,105,18,[1 7],106,-1,140,-1,122
1,<environment.Job instance at 0x7f7f35e04550>,110,14,[13  2],111,-1,142,-1,128
1,<environment.Job instance at 0x7f7f3e8238c0>,111,13,[11  3],112,-1,143,-1,130
1,<environment.Job instance at 0x7f7f34ddb0a0>,108,17,[4 5],109,-1,147,-1,130
1,<environment.Job instance at 0x7f7f34a78c80>,0,26,[6 1],1,-1,27,-1,1
1,<environment.Job instance at 0x7f7f34a78780>,1,12,[13  4],2,-1,14,-1,2
1,<environment.Job instance at 0x7f7f35fcc0f0>,3,23,[5 7],4,-1,27,-1,4
1,<environment.Job instance at 0x7f7f35fccaf0>,4,15,[ 4 11],5,-1,20,-1,5
1,<environment.Job instance at 0x7f7f34a78550>,5,27,[ 2 11],6,-1,33,-1,6
1,<environment.Job instance at 0x7f7f358647d0>,10,17,[ 2 14],11,-1,28,-1,11
1,<environment.Job instance at 0x7f7f3626a780>,11,13,[13  4],12,-1,25,-1,12
1,<environment.Job instance at 0x7f7f349cd5a0>,12,25,[12  2],13,-1,38,-1,13
1,<environment.Job instance at 0x7f7f35cf09b0>,14,17,[14  1],15,-1,32,-1,15
1,<environment.Job instance at 0x7f7f35710190>,15,19,[11  4],16,-1,35,-1,16
1,<environment.Job instance at 0x7f7f35710b90>,16,23,[ 1 13],17,-1,40,-1,17
1,<environment.Job instance at 0x7f7f35710f00>,17,25,[ 4 14],18,-1,43,-1,18
1,<environment.Job instance at 0x7f7f3591f190>,18,12,[12  3],19,-1,31,-1,19
1,<environment.Job instance at 0x7f7f34dc9280>,19,13,[13  5],20,-1,33,-1,20
1,<environment.Job instance at 0x7f7f358640a0>,7,25,[ 5 10],8,-1,48,-1,23
1,<environment.Job instance at 0x7f7f357109b0>,21,16,[ 3 14],22,-1,39,-1,23
1,<environment.Job instance at 0x7f7f351a1a00>,13,28,[4 9],14,-1,51,-1,23
1,<environment.Job instance at 0x7f7f35c0d460>,20,24,[9 1],21,-1,47,-1,23
1,<environment.Job instance at 0x7f7f35743140>,25,18,[13  4],26,-1,44,-1,26
1,<environment.Job instance at 0x7f7f35731960>,26,24,[12  2],27,-1,51,-1,27
1,<environment.Job instance at 0x7f7f3572d0a0>,27,12,[ 2 12],28,-1,40,-1,28
1,<environment.Job instance at 0x7f7f35731a00>,29,25,[5 1],30,-1,64,-1,39
1,<environment.Job instance at 0x7f7f3572d820>,33,17,[ 3 12],34,-1,56,-1,39
1,<environment.Job instance at 0x7f7f360b9870>,35,16,[12  1],36,-1,55,-1,39
1,<environment.Job instance at 0x7f7f360b98c0>,36,14,[ 4 13],37,-1,53,-1,39
1,<environment.Job instance at 0x7f7f360b9f00>,37,21,[12  4],38,-1,60,-1,39
1,<environment.Job instance at 0x7f7f360b9960>,38,13,[ 4 12],39,-1,52,-1,39
1,<environment.Job instance at 0x7f7f360b9c30>,39,15,[14  5],40,-1,55,-1,40
1,<environment.Job instance at 0x7f7f360ac1e0>,42,23,[ 3 11],43,-1,77,-1,54
1,<environment.Job instance at 0x7f7f360acd70>,43,24,[ 4 14],44,-1,78,-1,54
1,<environment.Job instance at 0x7f7f360ac280>,44,23,[9 5],45,-1,77,-1,54
1,<environment.Job instance at 0x7f7f360d3870>,45,13,[ 4 13],46,-1,67,-1,54
1,<environment.Job instance at 0x7f7f360d37d0>,46,25,[13  2],47,-1,79,-1,54
1,<environment.Job instance at 0x7f7f360d36e0>,47,14,[ 1 11],48,-1,68,-1,54
1,<environment.Job instance at 0x7f7f360d2280>,48,24,[7 4],49,-1,78,-1,54
1,<environment.Job instance at 0x7f7f360d2af0>,51,26,[12  5],52,-1,80,-1,54
1,<environment.Job instance at 0x7f7f360d2be0>,52,28,[13  1],53,-1,82,-1,54
1,<environment.Job instance at 0x7f7f360d2140>,53,22,[ 5 14],54,-1,76,-1,54
1,<environment.Job instance at 0x7f7f35742f50>,54,20,[ 4 12],55,-1,75,-1,55
1,<environment.Job instance at 0x7f7f35742230>,56,18,[14  3],57,-1,76,-1,58
1,<environment.Job instance at 0x7f7f360a51e0>,58,25,[6 2],59,-1,93,-1,68
1,<environment.Job instance at 0x7f7f360ccbe0>,55,24,[10  4],56,-1,108,-1,84
1,<environment.Job instance at 0x7f7f360c8870>,65,15,[ 4 11],66,-1,103,-1,88
1,<environment.Job instance at 0x7f7f360b0410>,66,26,[6 2],67,-1,122,-1,96
1,<environment.Job instance at 0x7f7f3619e050>,67,23,[8 1],68,-1,119,-1,96
1,<environment.Job instance at 0x7f7f357348c0>,72,25,[3 8],73,-1,151,-1,126
1,<environment.Job instance at 0x7f7f36178c80>,73,17,[14  5],74,-1,143,-1,126
1,<environment.Job instance at 0x7f7f34e67a00>,74,15,[ 3 13],75,-1,141,-1,126
1,<environment.Job instance at 0x7f7f35cee140>,75,21,[11  5],76,-1,147,-1,126
1,<environment.Job instance at 0x7f7f34e674b0>,76,28,[4 9],77,-1,154,-1,126
1,<environment.Job instance at 0x7f7f3573c8c0>,77,23,[12  5],78,-1,149,-1,126
1,<environment.Job instance at 0x7f7f3573ceb0>,78,23,[ 2 14],79,-1,149,-1,126
1,<environment.Job instance at 0x7f7f360b0c30>,69,26,[10  2],70,-1,152,-1,126
1,<environment.Job instance at 0x7f7f3573c280>,80,24,[14  3],81,-1,150,-1,126
1,<environment.Job instance at 0x7f7f3573c7d0>,81,28,[10  3],82,-1,154,-1,126
1,<environment.Job instance at 0x7f7f3573c2d0>,83,23,[5 1],84,-1,154,-1,131
1,<environment.Job instance at 0x7f7f3573c730>,86,28,[ 5 13],87,-1,169,-1,141
1,<environment.Job instance at 0x7f7f34b29f50>,88,18,[12  4],89,-1,164,-1,146
1,<environment.Job instance at 0x7f7f34b29320>,89,17,[ 3 11],90,-1,163,-1,146
1,<environment.Job instance at 0x7f7f3573c690>,90,15,[ 5 11],91,-1,161,-1,146
1,<environment.Job instance at 0x7f7f3573c320>,91,28,[ 2 11],92,-1,174,-1,146
1,<environment.Job instance at 0x7f7f35729190>,92,23,[5 5],93,-1,179,-1,156
1,<environment.Job instance at 0x7f7f35729960>,93,12,[11  3],94,-1,168,-1,156
1,<environment.Job instance at 0x7f7f35729280>,94,26,[ 4 12],95,-1,182,-1,156
1,<environment.Job instance at 0x7f7f35729be0>,95,12,[ 4 12],96,-1,168,-1,156
1,<environment.Job instance at 0x7f7f35729460>,96,24,[5 2],97,-1,180,-1,156
1,<environment.Job instance at 0x7f7f35729370>,97,18,[14  4],98,-1,174,-1,156
1,<environment.Job instance at 0x7f7f35729a50>,98,12,[11  2],99,-1,168,-1,156
1,<environment.Job instance at 0x7f7f35172b90>,99,15,[ 2 12],100,-1,171,-1,156
1,<environment.Job instance at 0x7f7f351720f0>,101,28,[13  2],102,-1,184,-1,156
1,<environment.Job instance at 0x7f7f34b18550>,104,27,[3 6],105,-1,215,-1,188
1,<environment.Job instance at 0x7f7f35419d70>,107,28,[13  2],108,-1,217,-1,189
1,<environment.Job instance at 0x7f7f35be7550>,3,16,[1 9],4,-1,21,-1,5
1,<environment.Job instance at 0x7f7f35be7640>,7,12,[ 5 10],8,-1,22,-1,10
1,<environment.Job instance at 0x7f7f35be7f00>,9,16,[9 4],10,-1,26,-1,10
1,<environment.Job instance at 0x7f7f35be7e60>,6,12,[9 1],7,-1,22,-1,10
1,<environment.Job instance at 0x7f7f35012870>,11,16,[ 2 12],12,-1,28,-1,12
1,<environment.Job instance at 0x7f7f350128c0>,12,23,[7 2],13,-1,37,-1,14
1,<environment.Job instance at 0x7f7f35012be0>,16,25,[6 4],17,-1,47,-1,22
1,<environment.Job instance at 0x7f7f35012230>,18,26,[5 5],19,-1,48,-1,22
1,<environment.Job instance at 0x7f7f35012690>,19,21,[13  1],20,-1,48,-1,27
1,<environment.Job instance at 0x7f7f350124b0>,21,22,[12  5],22,-1,49,-1,27
1,<environment.Job instance at 0x7f7f35be7b40>,5,18,[14  4],6,-1,52,-1,34
1,<environment.Job instance at 0x7f7f35012550>,23,17,[2 7],24,-1,51,-1,34
1,<environment.Job instance at 0x7f7f35012c80>,24,23,[10  4],25,-1,58,-1,35
1,<environment.Job instance at 0x7f7f35012730>,20,15,[8 4],21,-1,50,-1,35
1,<environment.Job instance at 0x7f7f35012aa0>,26,19,[ 3 12],27,-1,54,-1,35
1,<environment.Job instance at 0x7f7f35012050>,25,25,[6 5],26,-1,60,-1,35
1,<environment.Job instance at 0x7f7f35012c30>,22,15,[2 8],23,-1,50,-1,35
1,<environment.Job instance at 0x7f7f35012320>,27,25,[ 2 10],28,-1,60,-1,35
1,<environment.Job instance at 0x7f7f35be7fa0>,8,25,[12  5],9,-1,60,-1,35
1,<environment.Job instance at 0x7f7f3561a500>,0,16,[ 2 12],1,-1,17,-1,1
1,<environment.Job instance at 0x7f7f3ec54320>,1,17,[13  4],2,-1,19,-1,2
1,<environment.Job instance at 0x7f7f351a7e10>,4,13,[ 2 12],5,-1,18,-1,5
1,<environment.Job instance at 0x7f7f5a43a960>,5,18,[14  4],6,-1,24,-1,6
1,<environment.Job instance at 0x7f7f3edc4910>,8,25,[12  5],9,-1,34,-1,9
1,<environment.Job instance at 0x7f7f3573c190>,10,26,[ 5 13],11,-1,37,-1,11
1,<environment.Job instance at 0x7f7f3573c6e0>,11,16,[ 2 12],12,-1,28,-1,12
1,<environment.Job instance at 0x7f7f3573c2d0>,12,23,[7 2],13,-1,43,-1,20
1,<environment.Job instance at 0x7f7f3573cc30>,15,25,[11  1],16,-1,45,-1,20
1,<environment.Job instance at 0x7f7f3573cf00>,16,25,[6 4],17,-1,45,-1,20
1,<environment.Job instance at 0x7f7f3573c730>,17,26,[2 9],18,-1,46,-1,20
1,<environment.Job instance at 0x7f7f3573cc80>,18,26,[5 5],19,-1,46,-1,20
1,<environment.Job instance at 0x7f7f3573cbe0>,19,21,[13  1],20,-1,41,-1,20
1,<environment.Job instance at 0x7f7f3573c0a0>,13,24,[10  3],14,-1,44,-1,20
1,<environment.Job instance at 0x7f7f3573c4b0>,14,25,[1 9],15,-1,45,-1,20
1,<environment.Job instance at 0x7f7f3591f190>,21,22,[12  5],22,-1,44,-1,22
1,<environment.Job instance at 0x7f7f3573ca00>,24,23,[10  4],25,-1,48,-1,25
1,<environment.Job instance at 0x7f7f35934550>,26,19,[ 3 12],27,-1,46,-1,27
1,<environment.Job instance at 0x7f7f359345a0>,25,25,[6 5],26,-1,57,-1,32
1,<environment.Job instance at 0x7f7f35934640>,28,21,[13  4],29,-1,53,-1,32
1,<environment.Job instance at 0x7f7f35934820>,27,25,[ 2 10],28,-1,57,-1,32
1,<environment.Job instance at 0x7f7f35934500>,30,21,[ 4 14],31,-1,53,-1,32
1,<environment.Job instance at 0x7f7f359347d0>,31,23,[ 2 11],32,-1,55,-1,32
1,<environment.Job instance at 0x7f7f35934d70>,32,24,[13  5],33,-1,57,-1,33
1,<environment.Job instance at 0x7f7f35709c80>,33,27,[ 3 13],34,-1,61,-1,34
1,<environment.Job instance at 0x7f7f35709140>,34,12,[ 2 13],35,-1,47,-1,35
1,<environment.Job instance at 0x7f7f357132d0>,37,21,[ 2 13],38,-1,61,-1,40
1,<environment.Job instance at 0x7f7f35713690>,38,22,[12  4],39,-1,62,-1,40
1,<environment.Job instance at 0x7f7f35bd40f0>,35,26,[6 1],36,-1,66,-1,40
1,<environment.Job instance at 0x7f7f35713fa0>,40,15,[11  4],41,-1,56,-1,41
1,<environment.Job instance at 0x7f7f35713f50>,41,13,[ 2 14],42,-1,55,-1,42
1,<environment.Job instance at 0x7f7f35713140>,43,26,[14  1],44,-1,73,-1,47
1,<environment.Job instance at 0x7f7f357135f0>,44,16,[ 2 14],45,-1,63,-1,47
1,<environment.Job instance at 0x7f7f35095fa0>,46,13,[11  1],47,-1,65,-1,52
1,<environment.Job instance at 0x7f7f35b3d410>,48,16,[13  3],49,-1,77,-1,61
1,<environment.Job instance at 0x7f7f35c0ca50>,50,22,[13  2],51,-1,89,-1,67
1,<environment.Job instance at 0x7f7f35185c30>,51,23,[11  1],52,-1,90,-1,67
1,<environment.Job instance at 0x7f7f3eca8b90>,52,19,[11  4],53,-1,86,-1,67
1,<environment.Job instance at 0x7f7f351723c0>,54,19,[13  1],55,-1,92,-1,73
1,<environment.Job instance at 0x7f7f35172be0>,55,20,[ 5 11],56,-1,93,-1,73
1,<environment.Job instance at 0x7f7f34be0640>,56,17,[ 3 14],57,-1,90,-1,73
1,<environment.Job instance at 0x7f7f35de7e60>,57,13,[ 1 12],58,-1,86,-1,73
1,<environment.Job instance at 0x7f7f35656fa0>,58,18,[14  2],59,-1,91,-1,73
1,<environment.Job instance at 0x7f7f351e1aa0>,60,25,[12  4],61,-1,98,-1,73
1,<environment.Job instance at 0x7f7f35729be0>,62,28,[1 5],63,-1,111,-1,83
1,<environment.Job instance at 0x7f7f357292d0>,65,25,[2 6],66,-1,126,-1,101
1,<environment.Job instance at 0x7f7f34c23140>,67,19,[12  2],68,-1,120,-1,101
1,<environment.Job instance at 0x7f7f34d878c0>,68,25,[3 5],69,-1,133,-1,108
1,<environment.Job instance at 0x7f7f357295a0>,69,23,[5 2],70,-1,131,-1,108
1,<environment.Job instance at 0x7f7f35c72d70>,70,25,[11  4],71,-1,133,-1,108
1,<environment.Job instance at 0x7f7f35729870>,71,23,[ 3 10],72,-1,131,-1,108
1,<environment.Job instance at 0x7f7f34abb500>,73,21,[ 4 13],74,-1,129,-1,108
1,<environment.Job instance at 0x7f7f35da6870>,74,20,[12  2],75,-1,128,-1,108
1,<environment.Job instance at 0x7f7f355f8550>,75,28,[ 5 12],76,-1,136,-1,108
1,<environment.Job instance at 0x7f7f35044870>,76,13,[ 3 12],77,-1,121,-1,108
1,<environment.Job instance at 0x7f7f358a4af0>,77,17,[ 4 12],78,-1,125,-1,108
1,<environment.Job instance at 0x7f7f353d8500>,80,20,[ 5 12],81,-1,133,-1,113
1,<environment.Job instance at 0x7f7f354730f0>,81,23,[12  1],82,-1,136,-1,113
1,<environment.Job instance at 0x7f7f3506c640>,82,19,[13  3],83,-1,132,-1,113
1,<environment.Job instance at 0x7f7f35ceff50>,84,12,[12  4],85,-1,134,-1,122
1,<environment.Job instance at 0x7f7f35ce95a0>,85,19,[11  5],86,-1,141,-1,122
1,<environment.Job instance at 0x7f7f35ce9910>,87,24,[13  1],88,-1,151,-1,127
1,<environment.Job instance at 0x7f7f360ccf00>,89,15,[13  4],90,-1,142,-1,127
1,<environment.Job instance at 0x7f7f360ccf50>,90,27,[12  5],91,-1,154,-1,127
1,<environment.Job instance at 0x7f7f360cc410>,91,17,[ 5 12],92,-1,144,-1,127
1,<environment.Job instance at 0x7f7f35731a00>,93,21,[12  2],94,-1,160,-1,139
1,<environment.Job instance at 0x7f7f35731820>,94,14,[11  1],95,-1,153,-1,139
1,<environment.Job instance at 0x7f7f357318c0>,95,23,[ 3 13],96,-1,162,-1,139
1,<environment.Job instance at 0x7f7f35731af0>,96,14,[13  4],97,-1,153,-1,139
1,<environment.Job instance at 0x7f7f34b29c80>,98,27,[ 1 10],99,-1,167,-1,140
1,<environment.Job instance at 0x7f7f34b29f50>,99,14,[13  4],100,-1,154,-1,140
1,<environment.Job instance at 0x7f7f360d2be0>,100,20,[ 5 12],101,-1,160,-1,140
1,<environment.Job instance at 0x7f7f360d2af0>,101,24,[9 4],102,-1,179,-1,155
1,<environment.Job instance at 0x7f7f360d2370>,102,26,[5 5],103,-1,181,-1,155
1,<environment.Job instance at 0x7f7f360d2d20>,106,18,[12  1],107,-1,176,-1,158
1,<environment.Job instance at 0x7f7f360d2320>,107,14,[ 4 14],108,-1,172,-1,158
1,<environment.Job instance at 0x7f7f35b4f780>,109,23,[9 1],110,-1,190,-1,167
1,<environment.Job instance at 0x7f7f34d934b0>,110,12,[13  2],111,-1,179,-1,167
1,<environment.Job instance at 0x7f7f34d93d20>,111,15,[14  4],112,-1,182,-1,167
1,<environment.Job instance at 0x7f7f34d93aa0>,112,24,[5 3],113,-1,191,-1,167
1,<environment.Job instance at 0x7f7f36182140>,113,17,[14  4],114,-1,184,-1,167
1,<environment.Job instance at 0x7f7f34d93fa0>,115,16,[12  2],116,-1,183,-1,167
1,<environment.Job instance at 0x7f7f35b2b4b0>,116,13,[ 4 14],117,-1,180,-1,167
1,<environment.Job instance at 0x7f7f35b3dcd0>,2,20,[3 6],3,-1,23,-1,3
1,<environment.Job instance at 0x7f7f357436e0>,6,23,[5 5],7,-1,30,-1,7
1,<environment.Job instance at 0x7f7f357430a0>,7,20,[5 3],8,-1,29,-1,9
1,<environment.Job instance at 0x7f7f36178230>,0,15,[ 4 12],1,-1,16,-1,1
1,<environment.Job instance at 0x7f7f35945f50>,5,28,[ 4 11],6,-1,34,-1,6
1,<environment.Job instance at 0x7f7f34b2da50>,8,19,[ 2 11],9,-1,28,-1,9
1,<environment.Job instance at 0x7f7f35d0b4b0>,9,12,[14  5],10,-1,22,-1,10
1,<environment.Job instance at 0x7f7f360a5c80>,12,18,[ 5 12],13,-1,31,-1,13
1,<environment.Job instance at 0x7f7f360a5230>,13,25,[11  3],14,-1,39,-1,14
1,<environment.Job instance at 0x7f7f360a51e0>,14,16,[ 4 12],15,-1,31,-1,15
1,<environment.Job instance at 0x7f7f360a5820>,15,20,[ 5 11],16,-1,36,-1,16
1,<environment.Job instance at 0x7f7f360a5690>,16,23,[12  5],17,-1,40,-1,17
1,<environment.Job instance at 0x7f7f360a59b0>,17,26,[12  3],18,-1,44,-1,18
1,<environment.Job instance at 0x7f7f34b2d0a0>,6,23,[5 5],7,-1,46,-1,23
1,<environment.Job instance at 0x7f7f35d06050>,19,26,[ 3 13],20,-1,49,-1,23
1,<environment.Job instance at 0x7f7f35d06fa0>,20,23,[2 7],21,-1,46,-1,23
1,<environment.Job instance at 0x7f7f360a56e0>,21,19,[14  5],22,-1,42,-1,23
1,<environment.Job instance at 0x7f7f35743a00>,23,20,[ 4 13],24,-1,44,-1,24
1,<environment.Job instance at 0x7f7f35743aa0>,24,28,[12  1],25,-1,53,-1,25
1,<environment.Job instance at 0x7f7f35743140>,26,13,[14  2],27,-1,40,-1,27
1,<environment.Job instance at 0x7f7f35d0baf0>,10,27,[10  1],11,-1,66,-1,39
1,<environment.Job instance at 0x7f7f3592a7d0>,29,26,[11  5],30,-1,65,-1,39
1,<environment.Job instance at 0x7f7f3592a690>,30,21,[13  3],31,-1,60,-1,39
1,<environment.Job instance at 0x7f7f3592a230>,31,27,[13  4],32,-1,66,-1,39
1,<environment.Job instance at 0x7f7f3592a370>,32,24,[8 1],33,-1,63,-1,39
1,<environment.Job instance at 0x7f7f3624edc0>,34,14,[ 3 14],35,-1,53,-1,39
1,<environment.Job instance at 0x7f7f3624ee60>,36,20,[ 4 13],37,-1,59,-1,39
1,<environment.Job instance at 0x7f7f35710190>,37,12,[14  3],38,-1,51,-1,39
1,<environment.Job instance at 0x7f7f35710a50>,39,21,[13  1],40,-1,61,-1,40
1,<environment.Job instance at 0x7f7f35710f00>,38,26,[5 1],39,-1,70,-1,44
1,<environment.Job instance at 0x7f7f34dc1870>,41,22,[13  4],42,-1,66,-1,44
1,<environment.Job instance at 0x7f7f36182140>,42,24,[1 8],43,-1,79,-1,55
1,<environment.Job instance at 0x7f7f360d2eb0>,49,26,[7 5],50,-1,109,-1,83
1,<environment.Job instance at 0x7f7f360d2f50>,50,14,[ 5 12],51,-1,97,-1,83
1,<environment.Job instance at 0x7f7f360d2140>,52,26,[ 3 10],53,-1,109,-1,83
1,<environment.Job instance at 0x7f7f360d2c30>,53,27,[1 8],54,-1,110,-1,83
1,<environment.Job instance at 0x7f7f360d2aa0>,54,20,[13  5],55,-1,103,-1,83
1,<environment.Job instance at 0x7f7f34b29320>,55,23,[5 7],56,-1,106,-1,83
1,<environment.Job instance at 0x7f7f35731820>,57,15,[12  4],58,-1,98,-1,83
1,<environment.Job instance at 0x7f7f35731a00>,58,25,[9 3],59,-1,137,-1,112
1,<environment.Job instance at 0x7f7f357318c0>,61,12,[ 4 14],62,-1,124,-1,112
1,<environment.Job instance at 0x7f7f360ccf50>,62,21,[ 4 14],63,-1,133,-1,112
1,<environment.Job instance at 0x7f7f35ceff50>,63,14,[ 1 13],64,-1,126,-1,112
1,<environment.Job instance at 0x7f7f360cc230>,64,16,[12  5],65,-1,128,-1,112
1,<environment.Job instance at 0x7f7f360cc9b0>,65,28,[4 5],66,-1,140,-1,112
1,<environment.Job instance at 0x7f7f35ce9870>,66,27,[11  5],67,-1,139,-1,112
1,<environment.Job instance at 0x7f7f35ce9780>,67,18,[11  3],68,-1,130,-1,112
1,<environment.Job instance at 0x7f7f3544c230>,69,17,[ 2 13],70,-1,129,-1,112
1,<environment.Job instance at 0x7f7f35987370>,70,13,[11  4],71,-1,125,-1,112
1,<environment.Job instance at 0x7f7f355f8550>,72,25,[14  5],73,-1,138,-1,113
1,<environment.Job instance at 0x7f7f34d878c0>,75,22,[11  3],76,-1,150,-1,128
1,<environment.Job instance at 0x7f7f3506c640>,73,24,[3 6],74,-1,154,-1,130
1,<environment.Job instance at 0x7f7f354282d0>,77,23,[10  1],78,-1,164,-1,141
1,<environment.Job instance at 0x7f7f35729640>,80,16,[ 4 11],81,-1,157,-1,141
1,<environment.Job instance at 0x7f7f35729140>,81,28,[ 4 13],82,-1,169,-1,141
1,<environment.Job instance at 0x7f7f35729410>,82,15,[ 5 14],83,-1,156,-1,141
1,<environment.Job instance at 0x7f7f350b2a00>,83,25,[13  4],84,-1,166,-1,141
1,<environment.Job instance at 0x7f7f35729460>,84,20,[13  5],85,-1,161,-1,141
1,<environment.Job instance at 0x7f7f35de7e60>,85,25,[7 3],86,-1,166,-1,141
1,<environment.Job instance at 0x7f7f34be0640>,86,16,[ 5 11],87,-1,157,-1,141
1,<environment.Job instance at 0x7f7f3eca8b90>,88,21,[14  2],89,-1,162,-1,141
1,<environment.Job instance at 0x7f7f3e7877d0>,89,13,[12  4],90,-1,154,-1,141
1,<environment.Job instance at 0x7f7f35185f00>,90,26,[14  5],91,-1,167,-1,141
1,<environment.Job instance at 0x7f7f35f5caf0>,92,19,[ 2 13],93,-1,162,-1,143
1,<environment.Job instance at 0x7f7f35c0caa0>,93,24,[5 3],94,-1,167,-1,143
1,<environment.Job instance at 0x7f7f35b3d0f0>,95,13,[11  1],96,-1,156,-1,143
1,<environment.Job instance at 0x7f7f357133c0>,99,17,[ 4 14],100,-1,183,-1,166
1,<environment.Job instance at 0x7f7f357135f0>,101,17,[12  4],102,-1,186,-1,169
1,<environment.Job instance at 0x7f7f35713280>,102,14,[ 3 11],103,-1,183,-1,169
1,<environment.Job instance at 0x7f7f35bd40f0>,103,16,[ 4 13],104,-1,185,-1,169
1,<environment.Job instance at 0x7f7f35713690>,104,24,[ 1 11],105,-1,193,-1,169
1,<environment.Job instance at 0x7f7f35713c30>,105,17,[ 4 11],106,-1,186,-1,169
1,<environment.Job instance at 0x7f7f35709280>,107,15,[ 2 12],108,-1,193,-1,178
1,<environment.Job instance at 0x7f7f35709b90>,108,22,[ 5 13],109,-1,200,-1,178
1,<environment.Job instance at 0x7f7f35709140>,109,16,[12  4],110,-1,194,-1,178
1,<environment.Job instance at 0x7f7f359347d0>,110,26,[11  3],111,-1,204,-1,178
1,<environment.Job instance at 0x7f7f35b3d730>,8,20,[10  5],9,-1,29,-1,9
1,<environment.Job instance at 0x7f7f35b3dc80>,9,20,[8 1],10,-1,31,-1,11
1,<environment.Job instance at 0x7f7f35b3d3c0>,12,18,[11  5],13,-1,37,-1,19
1,<environment.Job instance at 0x7f7f3615d5f0>,17,28,[3 7],18,-1,47,-1,19
1,<environment.Job instance at 0x7f7f3615dbe0>,18,21,[10  1],19,-1,40,-1,19
1,<environment.Job instance at 0x7f7f3625d460>,19,23,[ 2 10],20,-1,43,-1,20
1,<environment.Job instance at 0x7f7f3592a230>,1,15,[ 1 12],2,-1,17,-1,2
1,<environment.Job instance at 0x7f7f3592ac80>,2,15,[14  5],3,-1,18,-1,3
1,<environment.Job instance at 0x7f7f35c0c4b0>,5,16,[ 3 11],6,-1,22,-1,6
1,<environment.Job instance at 0x7f7f35d06a50>,7,14,[ 1 12],8,-1,22,-1,8
1,<environment.Job instance at 0x7f7f34eed140>,10,17,[ 2 12],11,-1,28,-1,11
1,<environment.Job instance at 0x7f7f354a7a00>,11,28,[12  3],12,-1,40,-1,12
1,<environment.Job instance at 0x7f7f35750f50>,12,18,[11  5],13,-1,31,-1,13
1,<environment.Job instance at 0x7f7f354a5dc0>,17,28,[3 7],18,-1,59,-1,31
1,<environment.Job instance at 0x7f7f35e53f50>,16,26,[5 5],17,-1,57,-1,31
1,<environment.Job instance at 0x7f7f351fa960>,20,12,[13  5],21,-1,43,-1,31
1,<environment.Job instance at 0x7f7f355cd910>,23,26,[ 3 11],24,-1,57,-1,31
1,<environment.Job instance at 0x7f7f355d6370>,24,18,[ 3 14],25,-1,49,-1,31
1,<environment.Job instance at 0x7f7f355d60a0>,25,15,[12  2],26,-1,46,-1,31
1,<environment.Job instance at 0x7f7f355d6140>,26,24,[ 5 14],27,-1,55,-1,31
1,<environment.Job instance at 0x7f7f355d6fa0>,27,24,[ 1 13],28,-1,55,-1,31
1,<environment.Job instance at 0x7f7f355d6af0>,28,14,[ 5 13],29,-1,45,-1,31
1,<environment.Job instance at 0x7f7f355d60f0>,29,19,[ 3 13],30,-1,50,-1,31
1,<environment.Job instance at 0x7f7f355d6f50>,30,17,[ 2 14],31,-1,48,-1,31
1,<environment.Job instance at 0x7f7f35e77780>,32,27,[12  1],33,-1,70,-1,43
1,<environment.Job instance at 0x7f7f354a5460>,19,23,[ 2 10],20,-1,79,-1,56
1,<environment.Job instance at 0x7f7f35e777d0>,34,21,[13  3],35,-1,77,-1,56
1,<environment.Job instance at 0x7f7f355da1e0>,36,27,[ 1 14],37,-1,83,-1,56
1,<environment.Job instance at 0x7f7f355da2d0>,37,23,[8 5],38,-1,93,-1,70
1,<environment.Job instance at 0x7f7f355da230>,39,25,[5 7],40,-1,95,-1,70
1,<environment.Job instance at 0x7f7f3520e050>,41,24,[5 6],42,-1,94,-1,70
1,<environment.Job instance at 0x7f7f350e3e10>,42,27,[12  5],43,-1,97,-1,70
1,<environment.Job instance at 0x7f7f350e3410>,43,22,[14  4],44,-1,92,-1,70
1,<environment.Job instance at 0x7f7f350f4960>,44,28,[ 2 11],45,-1,98,-1,70
1,<environment.Job instance at 0x7f7f350f4aa0>,45,22,[11  3],46,-1,92,-1,70
1,<environment.Job instance at 0x7f7f355ef6e0>,47,15,[14  3],48,-1,85,-1,70
1,<environment.Job instance at 0x7f7f355bea00>,51,14,[ 1 14],52,-1,87,-1,73
1,<environment.Job instance at 0x7f7f355be2d0>,53,14,[11  4],54,-1,99,-1,85
1,<environment.Job instance at 0x7f7f355f00a0>,54,17,[ 1 14],55,-1,102,-1,85
1,<environment.Job instance at 0x7f7f355f08c0>,55,18,[ 4 12],56,-1,103,-1,85
1,<environment.Job instance at 0x7f7f355f0910>,57,21,[13  1],58,-1,107,-1,86
1,<environment.Job instance at 0x7f7f350d5d70>,58,25,[5 4],59,-1,124,-1,99
1,<environment.Job instance at 0x7f7f350d1460>,60,18,[14  1],61,-1,117,-1,99
1,<environment.Job instance at 0x7f7f350d1f00>,62,16,[ 5 13],63,-1,119,-1,103
1,<environment.Job instance at 0x7f7f350d13c0>,63,17,[ 2 12],64,-1,120,-1,103
1,<environment.Job instance at 0x7f7f350d1dc0>,64,25,[14  5],65,-1,128,-1,103
1,<environment.Job instance at 0x7f7f350d1f50>,65,17,[14  5],66,-1,120,-1,103
1,<environment.Job instance at 0x7f7f354aa730>,66,13,[12  1],67,-1,116,-1,103
1,<environment.Job instance at 0x7f7f355ef370>,49,23,[ 4 10],50,-1,136,-1,113
1,<environment.Job instance at 0x7f7f350ef3c0>,69,15,[ 2 12],70,-1,128,-1,113
1,<environment.Job instance at 0x7f7f350ef820>,70,24,[3 7],71,-1,142,-1,118
1,<environment.Job instance at 0x7f7f35b9c960>,72,13,[14  3],73,-1,131,-1,118
1,<environment.Job instance at 0x7f7f350effa0>,74,22,[ 5 11],75,-1,148,-1,126
1,<environment.Job instance at 0x7f7f350f6410>,76,23,[9 3],77,-1,165,-1,142
1,<environment.Job instance at 0x7f7f350f6fa0>,77,26,[11  4],78,-1,168,-1,142
1,<environment.Job instance at 0x7f7f350f6a50>,78,19,[ 4 11],79,-1,161,-1,142
1,<environment.Job instance at 0x7f7f350bc190>,81,27,[5 2],82,-1,171,-1,144
1,<environment.Job instance at 0x7f7f35bcc190>,83,21,[ 3 11],84,-1,165,-1,144
1,<environment.Job instance at 0x7f7f3549acd0>,85,12,[ 1 13],86,-1,170,-1,158
1,<environment.Job instance at 0x7f7f3549a960>,88,28,[ 1 13],89,-1,201,-1,173
1,<environment.Job instance at 0x7f7f3549af00>,91,15,[13  5],92,-1,189,-1,174
1,<environment.Job instance at 0x7f7f355c7730>,93,14,[11  1],94,-1,201,-1,187
1,<environment.Job instance at 0x7f7f35144780>,95,19,[12  3],96,-1,206,-1,187
1,<environment.Job instance at 0x7f7f34ef6910>,96,14,[12  4],97,-1,201,-1,187
1,<environment.Job instance at 0x7f7f353eb870>,97,18,[ 1 13],98,-1,205,-1,187
1,<environment.Job instance at 0x7f7f35bbfd20>,99,26,[ 2 12],100,-1,213,-1,187
1,<environment.Job instance at 0x7f7f34a43eb0>,1,16,[5 7],2,-1,18,-1,2
1,<environment.Job instance at 0x7f7f35569e10>,0,12,[12  2],1,-1,13,-1,1
1,<environment.Job instance at 0x7f7f35569960>,2,23,[14  2],3,-1,26,-1,3
1,<environment.Job instance at 0x7f7f34a42230>,3,25,[5 3],4,-1,29,-1,4
1,<environment.Job instance at 0x7f7f34a42140>,5,19,[ 4 14],6,-1,25,-1,6
1,<environment.Job instance at 0x7f7f34a49aa0>,6,13,[ 4 13],7,-1,20,-1,7
1,<environment.Job instance at 0x7f7f34a49c80>,9,14,[14  1],10,-1,24,-1,10
1,<environment.Job instance at 0x7f7f34a4b230>,10,17,[13  2],11,-1,28,-1,11
1,<environment.Job instance at 0x7f7f34a42fa0>,8,26,[10  5],9,-1,44,-1,18
1,<environment.Job instance at 0x7f7f34a6bf50>,14,28,[8 4],15,-1,46,-1,18
1,<environment.Job instance at 0x7f7f34a3a9b0>,15,16,[13  2],16,-1,34,-1,18
1,<environment.Job instance at 0x7f7f34a3a910>,16,28,[12  2],17,-1,46,-1,18
1,<environment.Job instance at 0x7f7f34a3aa00>,17,12,[ 5 14],18,-1,30,-1,18
1,<environment.Job instance at 0x7f7f34a4b370>,11,23,[8 3],12,-1,41,-1,18
1,<environment.Job instance at 0x7f7f34a3a870>,18,14,[14  2],19,-1,33,-1,19
1,<environment.Job instance at 0x7f7f34a5db90>,21,23,[12  3],22,-1,45,-1,22
1,<environment.Job instance at 0x7f7f34a5d0f0>,23,21,[12  2],24,-1,45,-1,24
1,<environment.Job instance at 0x7f7f35126b40>,24,21,[13  1],25,-1,46,-1,25
1,<environment.Job instance at 0x7f7f361e1b90>,25,14,[ 1 11],26,-1,40,-1,26
1,<environment.Job instance at 0x7f7f35e791e0>,27,15,[12  3],28,-1,47,-1,32
1,<environment.Job instance at 0x7f7f361b0780>,28,16,[14  3],29,-1,48,-1,32
1,<environment.Job instance at 0x7f7f34ef69b0>,31,16,[ 4 13],32,-1,62,-1,46
1,<environment.Job instance at 0x7f7f35d0bf50>,33,17,[ 4 11],34,-1,70,-1,53
1,<environment.Job instance at 0x7f7f35d0b4b0>,34,24,[6 4],35,-1,85,-1,61
1,<environment.Job instance at 0x7f7f3eca8b90>,35,24,[2 5],36,-1,85,-1,61
1,<environment.Job instance at 0x7f7f35d06730>,36,23,[11  4],37,-1,84,-1,61
1,<environment.Job instance at 0x7f7f35d06fa0>,37,13,[ 1 11],38,-1,74,-1,61
1,<environment.Job instance at 0x7f7f3592a7d0>,38,22,[ 1 11],39,-1,83,-1,61
1,<environment.Job instance at 0x7f7f3592a370>,39,21,[13  4],40,-1,82,-1,61
1,<environment.Job instance at 0x7f7f3592a230>,40,23,[14  2],41,-1,84,-1,61
1,<environment.Job instance at 0x7f7f35c0ca50>,41,17,[ 3 14],42,-1,78,-1,61
1,<environment.Job instance at 0x7f7f3592ac80>,42,26,[14  5],43,-1,87,-1,61
1,<environment.Job instance at 0x7f7f34a62a50>,43,27,[ 3 13],44,-1,88,-1,61
1,<environment.Job instance at 0x7f7f34a43370>,45,28,[14  4],46,-1,89,-1,61
1,<environment.Job instance at 0x7f7f34a62730>,46,25,[5 1],47,-1,93,-1,68
1,<environment.Job instance at 0x7f7f361c50f0>,48,22,[14  5],49,-1,90,-1,68
1,<environment.Job instance at 0x7f7f361c5640>,49,16,[ 2 13],50,-1,84,-1,68
1,<environment.Job instance at 0x7f7f361c53c0>,51,18,[ 2 13],52,-1,86,-1,68
1,<environment.Job instance at 0x7f7f361c51e0>,52,13,[ 4 14],53,-1,81,-1,68
1,<environment.Job instance at 0x7f7f361c50a0>,53,17,[ 3 11],54,-1,85,-1,68
1,<environment.Job instance at 0x7f7f361c5b90>,54,23,[12  2],55,-1,91,-1,68
1,<environment.Job instance at 0x7f7f361c54b0>,55,17,[ 2 14],56,-1,85,-1,68
1,<environment.Job instance at 0x7f7f361c5690>,56,26,[12  5],57,-1,94,-1,68
1,<environment.Job instance at 0x7f7f361c52d0>,58,20,[ 3 13],59,-1,88,-1,68
1,<environment.Job instance at 0x7f7f361c5d70>,59,23,[ 2 13],60,-1,91,-1,68
1,<environment.Job instance at 0x7f7f361c5eb0>,60,26,[13  2],61,-1,94,-1,68
1,<environment.Job instance at 0x7f7f361c5280>,61,14,[ 3 12],62,-1,82,-1,68
1,<environment.Job instance at 0x7f7f351fea50>,64,26,[7 1],65,-1,101,-1,75
1,<environment.Job instance at 0x7f7f351fe5f0>,65,13,[14  1],66,-1,88,-1,75
1,<environment.Job instance at 0x7f7f351fe0f0>,66,24,[7 2],67,-1,99,-1,75
1,<environment.Job instance at 0x7f7f351fe140>,67,24,[14  4],68,-1,99,-1,75
1,<environment.Job instance at 0x7f7f351fe190>,68,25,[12  5],69,-1,100,-1,75
1,<environment.Job instance at 0x7f7f351fee10>,69,25,[3 6],70,-1,100,-1,75
1,<environment.Job instance at 0x7f7f351fe320>,70,23,[ 3 10],71,-1,98,-1,75
1,<environment.Job instance at 0x7f7f351fe230>,71,20,[ 4 14],72,-1,95,-1,75
1,<environment.Job instance at 0x7f7f351fe820>,72,16,[13  1],73,-1,91,-1,75
1,<environment.Job instance at 0x7f7f351fe500>,63,27,[2 7],64,-1,102,-1,75
1,<environment.Job instance at 0x7f7f351fe870>,74,25,[1 8],75,-1,100,-1,75
1,<environment.Job instance at 0x7f7f351fef50>,76,16,[ 4 12],77,-1,93,-1,77
1,<environment.Job instance at 0x7f7f351fed70>,77,13,[14  5],78,-1,91,-1,78
1,<environment.Job instance at 0x7f7f351fecd0>,78,18,[ 5 12],79,-1,97,-1,79
1,<environment.Job instance at 0x7f7f351fec30>,79,17,[13  3],80,-1,97,-1,80
1,<environment.Job instance at 0x7f7f351fe640>,80,19,[ 3 14],81,-1,100,-1,81
1,<environment.Job instance at 0x7f7f351fefa0>,75,28,[5 8],76,-1,120,-1,92
1,<environment.Job instance at 0x7f7f35e3f690>,83,13,[12  4],84,-1,105,-1,92
1,<environment.Job instance at 0x7f7f351fe6e0>,81,27,[1 7],82,-1,119,-1,92
1,<environment.Job instance at 0x7f7f35e3fe60>,87,16,[ 5 12],88,-1,108,-1,92
1,<environment.Job instance at 0x7f7f35e3f8c0>,89,26,[ 3 10],90,-1,130,-1,104
1,<environment.Job instance at 0x7f7f35e3f0a0>,92,28,[13  1],93,-1,140,-1,112
1,<environment.Job instance at 0x7f7f35e3f410>,94,28,[12  1],95,-1,140,-1,112
1,<environment.Job instance at 0x7f7f361c0640>,97,18,[11  2],98,-1,146,-1,128
1,<environment.Job instance at 0x7f7f361c0320>,100,17,[13  1],101,-1,150,-1,133
1,<environment.Job instance at 0x7f7f361c0280>,101,12,[11  4],102,-1,145,-1,133
1,<environment.Job instance at 0x7f7f361c0c80>,104,18,[14  3],105,-1,165,-1,147
1,<environment.Job instance at 0x7f7f361c0230>,105,25,[ 3 12],106,-1,172,-1,147
1,<environment.Job instance at 0x7f7f361c0910>,106,21,[ 3 11],107,-1,168,-1,147
1,<environment.Job instance at 0x7f7f361c0c30>,107,17,[ 3 14],108,-1,164,-1,147
1,<environment.Job instance at 0x7f7f361c0730>,108,26,[ 5 13],109,-1,173,-1,147
1,<environment.Job instance at 0x7f7f361e00a0>,110,25,[2 6],111,-1,190,-1,165
1,<environment.Job instance at 0x7f7f361e05a0>,111,24,[3 5],112,-1,189,-1,165
1,<environment.Job instance at 0x7f7f361e0500>,113,16,[12  1],114,-1,182,-1,166
1,<environment.Job instance at 0x7f7f361e0910>,115,18,[ 4 11],116,-1,195,-1,177
1,<environment.Job instance at 0x7f7f34a62960>,1,14,[3 8],2,-1,17,-1,3
1,<environment.Job instance at 0x7f7f35542be0>,4,18,[8 5],5,-1,23,-1,5
1,<environment.Job instance at 0x7f7f35542dc0>,5,27,[4 5],6,-1,33,-1,6
1,<environment.Job instance at 0x7f7f3625d230>,6,26,[1 5],7,-1,33,-1,7
1,<environment.Job instance at 0x7f7f354bddc0>,12,19,[9 1],13,-1,38,-1,19
1,<environment.Job instance at 0x7f7f35569370>,2,28,[ 4 13],3,-1,56,-1,28
1,<environment.Job instance at 0x7f7f354bdcd0>,18,13,[ 5 11],19,-1,50,-1,37
1,<environment.Job instance at 0x7f7f354bdb90>,16,18,[5 7],17,-1,56,-1,38
1,<environment.Job instance at 0x7f7f3625d140>,7,26,[ 2 11],8,-1,78,-1,52
1,<environment.Job instance at 0x7f7f354bd640>,22,18,[11  3],23,-1,70,-1,52
1,<environment.Job instance at 0x7f7f357849b0>,26,28,[2 9],27,-1,80,-1,52
1,<environment.Job instance at 0x7f7f354bd730>,23,18,[14  4],24,-1,70,-1,52
1,<environment.Job instance at 0x7f7f35784320>,28,12,[11  4],29,-1,64,-1,52
1,<environment.Job instance at 0x7f7f35784dc0>,29,17,[ 2 11],30,-1,69,-1,52
1,<environment.Job instance at 0x7f7f357842d0>,30,25,[2 8],31,-1,77,-1,52
1,<environment.Job instance at 0x7f7f35784910>,31,26,[ 3 11],32,-1,78,-1,52
1,<environment.Job instance at 0x7f7f35784c80>,32,22,[6 1],33,-1,74,-1,52
1,<environment.Job instance at 0x7f7f357845a0>,27,15,[10  2],28,-1,67,-1,52
1,<environment.Job instance at 0x7f7f34a4d460>,0,27,[13  5],1,-1,28,-1,1
1,<environment.Job instance at 0x7f7f34a4df50>,2,28,[ 4 13],3,-1,31,-1,3
1,<environment.Job instance at 0x7f7f34a4dfa0>,3,19,[14  3],4,-1,23,-1,4
1,<environment.Job instance at 0x7f7f34a626e0>,7,26,[ 2 11],8,-1,34,-1,8
1,<environment.Job instance at 0x7f7f35c0c4b0>,10,16,[14  3],11,-1,27,-1,11
1,<environment.Job instance at 0x7f7f34a4d5a0>,5,27,[4 5],6,-1,43,-1,16
1,<environment.Job instance at 0x7f7f34f769b0>,6,26,[1 5],7,-1,42,-1,16
1,<environment.Job instance at 0x7f7f3eca8b90>,13,16,[13  5],14,-1,32,-1,16
1,<environment.Job instance at 0x7f7f3592ac80>,14,26,[ 5 11],15,-1,42,-1,16
1,<environment.Job instance at 0x7f7f3592a960>,15,14,[ 5 13],16,-1,30,-1,16
1,<environment.Job instance at 0x7f7f35d0bf50>,18,13,[ 5 11],19,-1,32,-1,19
1,<environment.Job instance at 0x7f7f35d0bb40>,20,15,[14  4],21,-1,38,-1,23
1,<environment.Job instance at 0x7f7f34a5dbe0>,21,19,[ 3 11],22,-1,42,-1,23
1,<environment.Job instance at 0x7f7f34a5d0f0>,22,18,[11  3],23,-1,41,-1,23
1,<environment.Job instance at 0x7f7f34a5dd20>,19,23,[3 6],20,-1,46,-1,23
1,<environment.Job instance at 0x7f7f34a5db90>,23,18,[14  4],24,-1,42,-1,24
1,<environment.Job instance at 0x7f7f34a5d050>,25,28,[7 5],26,-1,67,-1,39
1,<environment.Job instance at 0x7f7f34a3aa00>,28,12,[11  4],29,-1,51,-1,39
1,<environment.Job instance at 0x7f7f34a6beb0>,29,17,[ 2 11],30,-1,56,-1,39
1,<environment.Job instance at 0x7f7f34a490a0>,31,26,[ 3 11],32,-1,65,-1,39
1,<environment.Job instance at 0x7f7f34a3a960>,26,28,[2 9],27,-1,72,-1,44
1,<environment.Job instance at 0x7f7f34a6be10>,30,25,[2 8],31,-1,69,-1,44
1,<environment.Job instance at 0x7f7f34a42280>,35,23,[ 4 13],36,-1,67,-1,44
1,<environment.Job instance at 0x7f7f35569e10>,38,14,[ 2 11],39,-1,68,-1,54
1,<environment.Job instance at 0x7f7f3e7a4410>,39,28,[11  5],40,-1,82,-1,54
1,<environment.Job instance at 0x7f7f357843c0>,42,13,[ 3 11],43,-1,75,-1,62
1,<environment.Job instance at 0x7f7f354725a0>,44,21,[ 4 14],45,-1,87,-1,66
1,<environment.Job instance at 0x7f7f35472d20>,46,18,[12  5],47,-1,92,-1,74
1,<environment.Job instance at 0x7f7f35784d20>,41,24,[5 9],42,-1,101,-1,77
1,<environment.Job instance at 0x7f7f35472690>,48,15,[12  5],49,-1,92,-1,77
1,<environment.Job instance at 0x7f7f34a3b640>,49,28,[13  5],50,-1,105,-1,77
1,<environment.Job instance at 0x7f7f352fa4b0>,52,25,[ 3 12],53,-1,108,-1,83
1,<environment.Job instance at 0x7f7f35a412d0>,53,13,[11  1],54,-1,96,-1,83
1,<environment.Job instance at 0x7f7f35185f00>,54,20,[13  2],55,-1,103,-1,83
1,<environment.Job instance at 0x7f7f35952d20>,55,13,[ 2 14],56,-1,96,-1,83
1,<environment.Job instance at 0x7f7f34d9a870>,57,20,[ 1 11],58,-1,110,-1,90
1,<environment.Job instance at 0x7f7f34a4b190>,60,18,[ 3 11],61,-1,108,-1,90
1,<environment.Job instance at 0x7f7f35992550>,61,24,[14  5],62,-1,114,-1,90
1,<environment.Job instance at 0x7f7f34aee6e0>,63,18,[14  3],64,-1,122,-1,104
1,<environment.Job instance at 0x7f7f36219e60>,64,20,[14  1],65,-1,124,-1,104
1,<environment.Job instance at 0x7f7f34d91460>,65,14,[ 1 11],66,-1,118,-1,104
1,<environment.Job instance at 0x7f7f34a4b2d0>,66,12,[ 1 11],67,-1,116,-1,104
1,<environment.Job instance at 0x7f7f35743500>,67,12,[ 5 12],68,-1,116,-1,104
1,<environment.Job instance at 0x7f7f35743a50>,68,19,[11  1],69,-1,123,-1,104
1,<environment.Job instance at 0x7f7f357fce60>,69,24,[5 3],70,-1,128,-1,104
1,<environment.Job instance at 0x7f7f35428d20>,70,13,[ 2 11],71,-1,117,-1,104
1,<environment.Job instance at 0x7f7f34f8acd0>,73,16,[ 1 13],74,-1,120,-1,104
1,<environment.Job instance at 0x7f7f35efa820>,76,24,[13  4],77,-1,141,-1,117
1,<environment.Job instance at 0x7f7f35efa960>,77,21,[ 1 12],78,-1,138,-1,117
1,<environment.Job instance at 0x7f7f3e792b40>,78,25,[4 8],79,-1,145,-1,120
1,<environment.Job instance at 0x7f7f3e792820>,82,25,[5 8],83,-1,161,-1,136
1,<environment.Job instance at 0x7f7f3e792230>,84,14,[12  4],85,-1,151,-1,137
1,<environment.Job instance at 0x7f7f3e792c80>,85,23,[ 1 13],86,-1,160,-1,137
1,<environment.Job instance at 0x7f7f3eb91c80>,87,14,[13  3],88,-1,158,-1,144
1,<environment.Job instance at 0x7f7f35a120a0>,89,24,[12  3],90,-1,176,-1,152
1,<environment.Job instance at 0x7f7f35a12230>,90,14,[12  4],91,-1,166,-1,152
1,<environment.Job instance at 0x7f7f34a0fb90>,91,23,[5 2],92,-1,184,-1,161
1,<environment.Job instance at 0x7f7f34a0fe10>,92,16,[12  4],93,-1,177,-1,161
1,<environment.Job instance at 0x7f7f34afd2d0>,93,18,[13  5],94,-1,179,-1,161
1,<environment.Job instance at 0x7f7f34afdd70>,94,23,[5 5],95,-1,184,-1,161
1,<environment.Job instance at 0x7f7f35793aa0>,95,18,[13  2],96,-1,179,-1,161
1,<environment.Job instance at 0x7f7f35793a50>,96,27,[5 6],97,-1,188,-1,161
1,<environment.Job instance at 0x7f7f35793280>,97,24,[9 5],98,-1,185,-1,161
1,<environment.Job instance at 0x7f7f35793820>,98,20,[ 3 14],99,-1,181,-1,161
1,<environment.Job instance at 0x7f7f34f48230>,99,20,[13  3],100,-1,181,-1,161
1,<environment.Job instance at 0x7f7f357930a0>,100,27,[ 5 12],101,-1,188,-1,161
1,<environment.Job instance at 0x7f7f355e99b0>,102,14,[ 1 13],103,-1,175,-1,161
1,<environment.Job instance at 0x7f7f355e90a0>,104,24,[12  4],105,-1,189,-1,165
1,<environment.Job instance at 0x7f7f355e9b90>,105,13,[13  1],106,-1,178,-1,165
1,<environment.Job instance at 0x7f7f351720a0>,106,26,[2 7],107,-1,204,-1,178
1,<environment.Job instance at 0x7f7f355e9190>,107,25,[11  1],108,-1,203,-1,178
1,<environment.Job instance at 0x7f7f3e73f460>,108,24,[ 3 14],109,-1,202,-1,178
1,<environment.Job instance at 0x7f7f3e73f640>,109,26,[12  5],110,-1,204,-1,178
1,<environment.Job instance at 0x7f7f35a1d0a0>,111,24,[11  1],112,-1,202,-1,178
1,<environment.Job instance at 0x7f7f35a1da00>,112,25,[14  3],113,-1,203,-1,178
1,<environment.Job instance at 0x7f7f354a6a00>,113,19,[11  3],114,-1,197,-1,178
1,<environment.Job instance at 0x7f7f354a60a0>,114,17,[12  2],115,-1,195,-1,178
1,<environment.Job instance at 0x7f7f34f6abe0>,115,23,[ 5 14],116,-1,201,-1,178
1,<environment.Job instance at 0x7f7f36107050>,116,22,[ 4 11],117,-1,200,-1,178
1,<environment.Job instance at 0x7f7f3e828190>,3,23,[4 6],4,-1,28,-1,5
1,<environment.Job instance at 0x7f7f3e8283c0>,5,16,[1 8],6,-1,22,-1,6
1,<environment.Job instance at 0x7f7f3e8281e0>,10,16,[13  3],11,-1,55,-1,39
1,<environment.Job instance at 0x7f7f3e8288c0>,4,25,[ 3 14],5,-1,67,-1,42
1,<environment.Job instance at 0x7f7f34d25910>,18,27,[7 3],19,-1,69,-1,42
1,<environment.Job instance at 0x7f7f34d25410>,17,16,[11  5],18,-1,58,-1,42
1,<environment.Job instance at 0x7f7f34d251e0>,24,24,[8 3],25,-1,193,-1,169
1,<environment.Job instance at 0x7f7f34d25870>,26,27,[12  5],27,-1,196,-1,169
1,<environment.Job instance at 0x7f7f348f87d0>,32,14,[ 1 11],33,-1,183,-1,169
1,<environment.Job instance at 0x7f7f353d3280>,0,13,[ 4 11],1,-1,14,-1,1
1,<environment.Job instance at 0x7f7f353d3dc0>,1,26,[ 2 12],2,-1,28,-1,2
1,<environment.Job instance at 0x7f7f353c9410>,2,24,[13  2],3,-1,27,-1,3
1,<environment.Job instance at 0x7f7f353c9c30>,3,23,[4 6],4,-1,27,-1,4
1,<environment.Job instance at 0x7f7f353c9b90>,4,25,[ 3 14],5,-1,30,-1,5
1,<environment.Job instance at 0x7f7f35251910>,6,28,[11  3],7,-1,35,-1,7
1,<environment.Job instance at 0x7f7f352515f0>,7,26,[14  1],8,-1,34,-1,8
1,<environment.Job instance at 0x7f7f34bfb9b0>,10,16,[13  3],11,-1,27,-1,11
1,<environment.Job instance at 0x7f7f34c75690>,12,17,[11  4],13,-1,30,-1,13
1,<environment.Job instance at 0x7f7f34de2910>,13,16,[ 2 12],14,-1,30,-1,14
1,<environment.Job instance at 0x7f7f34c33a50>,16,17,[ 5 11],17,-1,34,-1,17
1,<environment.Job instance at 0x7f7f353bd280>,17,16,[11  5],18,-1,34,-1,18
1,<environment.Job instance at 0x7f7f353bd7d0>,19,22,[14  3],20,-1,42,-1,20
1,<environment.Job instance at 0x7f7f34c75a00>,11,28,[7 2],12,-1,58,-1,30
1,<environment.Job instance at 0x7f7f34dd8c80>,14,27,[6 3],15,-1,57,-1,30
1,<environment.Job instance at 0x7f7f353bd5f0>,22,17,[ 2 14],23,-1,47,-1,30
1,<environment.Job instance at 0x7f7f353bdc30>,23,19,[ 1 12],24,-1,49,-1,30
1,<environment.Job instance at 0x7f7f353bdc80>,24,24,[8 3],25,-1,54,-1,30
1,<environment.Job instance at 0x7f7f353bd550>,25,17,[ 5 14],26,-1,47,-1,30
1,<environment.Job instance at 0x7f7f353bd370>,26,27,[12  5],27,-1,57,-1,30
1,<environment.Job instance at 0x7f7f349a5730>,27,16,[12  5],28,-1,46,-1,30
1,<environment.Job instance at 0x7f7f3523bcd0>,29,17,[12  5],30,-1,47,-1,30
1,<environment.Job instance at 0x7f7f353bdf50>,18,27,[7 3],19,-1,57,-1,30
1,<environment.Job instance at 0x7f7f3523b870>,30,12,[12  4],31,-1,43,-1,31
1,<environment.Job instance at 0x7f7f3523b5a0>,31,26,[2 8],32,-1,58,-1,32
1,<environment.Job instance at 0x7f7f3523b0f0>,32,14,[ 1 11],33,-1,47,-1,33
1,<environment.Job instance at 0x7f7f3523b280>,33,14,[ 1 11],34,-1,48,-1,34
1,<environment.Job instance at 0x7f7f349a4d20>,34,24,[2 6],35,-1,59,-1,35
1,<environment.Job instance at 0x7f7f349a48c0>,35,28,[4 9],36,-1,70,-1,42
1,<environment.Job instance at 0x7f7f34c42e10>,38,17,[ 1 13],39,-1,59,-1,42
1,<environment.Job instance at 0x7f7f34df7e10>,39,23,[3 7],40,-1,65,-1,42
1,<environment.Job instance at 0x7f7f349a6730>,40,12,[ 3 11],41,-1,54,-1,42
1,<environment.Job instance at 0x7f7f34eec3c0>,41,25,[14  5],42,-1,67,-1,42
1,<environment.Job instance at 0x7f7f34999190>,37,28,[10  3],38,-1,70,-1,42
1,<environment.Job instance at 0x7f7f3499a280>,42,18,[11  4],43,-1,61,-1,43
1,<environment.Job instance at 0x7f7f356b58c0>,44,15,[13  2],45,-1,60,-1,45
1,<environment.Job instance at 0x7f7f34ee1190>,45,16,[12  3],46,-1,62,-1,46
1,<environment.Job instance at 0x7f7f356b2190>,48,28,[5 6],49,-1,80,-1,52
1,<environment.Job instance at 0x7f7f36035820>,49,22,[ 1 13],50,-1,74,-1,52
1,<environment.Job instance at 0x7f7f36035230>,50,12,[11  4],51,-1,64,-1,52
1,<environment.Job instance at 0x7f7f360358c0>,52,21,[ 4 12],53,-1,77,-1,56
1,<environment.Job instance at 0x7f7f36046c80>,54,26,[ 4 13],55,-1,82,-1,56
1,<environment.Job instance at 0x7f7f353d28c0>,57,24,[3 7],58,-1,96,-1,72
1,<environment.Job instance at 0x7f7f360291e0>,58,17,[ 2 14],59,-1,89,-1,72
1,<environment.Job instance at 0x7f7f353c1dc0>,60,14,[ 3 13],61,-1,86,-1,72
1,<environment.Job instance at 0x7f7f353d2dc0>,56,26,[7 4],57,-1,110,-1,84
1,<environment.Job instance at 0x7f7f3602d3c0>,65,26,[12  1],66,-1,110,-1,84
1,<environment.Job instance at 0x7f7f353c7c80>,70,27,[ 4 12],71,-1,121,-1,94
1,<environment.Job instance at 0x7f7f353c72d0>,71,28,[11  3],72,-1,122,-1,94
1,<environment.Job instance at 0x7f7f34e3a0f0>,72,24,[ 3 12],73,-1,118,-1,94
1,<environment.Job instance at 0x7f7f34e3ae10>,73,14,[ 3 12],74,-1,108,-1,94
1,<environment.Job instance at 0x7f7f34e3a870>,74,13,[12  5],75,-1,107,-1,94
1,<environment.Job instance at 0x7f7f34e3a140>,75,13,[12  1],76,-1,107,-1,94
1,<environment.Job instance at 0x7f7f34e3aeb0>,76,18,[ 4 12],77,-1,112,-1,94
1,<environment.Job instance at 0x7f7f34e66e10>,77,12,[13  3],78,-1,106,-1,94
1,<environment.Job instance at 0x7f7f34e66c30>,78,28,[14  1],79,-1,122,-1,94
1,<environment.Job instance at 0x7f7f34e6b5a0>,81,18,[ 1 11],82,-1,120,-1,102
1,<environment.Job instance at 0x7f7f36033960>,84,24,[14  4],85,-1,142,-1,118
1,<environment.Job instance at 0x7f7f34e4c140>,87,24,[11  1],88,-1,152,-1,128
1,<environment.Job instance at 0x7f7f34e4c640>,88,26,[2 7],89,-1,156,-1,130
1,<environment.Job instance at 0x7f7f34e73c80>,89,24,[14  2],90,-1,154,-1,130
1,<environment.Job instance at 0x7f7f34e73f50>,90,23,[ 2 11],91,-1,153,-1,130
1,<environment.Job instance at 0x7f7f34e73be0>,91,28,[ 1 11],92,-1,158,-1,130
1,<environment.Job instance at 0x7f7f36025820>,94,24,[14  5],95,-1,169,-1,145
1,<environment.Job instance at 0x7f7f36025dc0>,95,24,[8 3],96,-1,169,-1,145
1,<environment.Job instance at 0x7f7f34e3d780>,96,16,[14  1],97,-1,161,-1,145
1,<environment.Job instance at 0x7f7f34e3d820>,98,25,[3 6],99,-1,185,-1,160
1,<environment.Job instance at 0x7f7f34e552d0>,99,19,[ 4 14],100,-1,179,-1,160
1,<environment.Job instance at 0x7f7f34e55910>,100,28,[3 6],101,-1,188,-1,160
1,<environment.Job instance at 0x7f7f34e55aa0>,101,24,[14  4],102,-1,184,-1,160
1,<environment.Job instance at 0x7f7f35951fa0>,103,25,[7 5],104,-1,185,-1,160
1,<environment.Job instance at 0x7f7f34e6f190>,104,27,[ 5 12],105,-1,187,-1,160
1,<environment.Job instance at 0x7f7f34e591e0>,106,16,[14  2],107,-1,176,-1,160
1,<environment.Job instance at 0x7f7f34e6f3c0>,107,25,[ 4 14],108,-1,185,-1,160
1,<environment.Job instance at 0x7f7f34e59fa0>,108,18,[ 2 11],109,-1,178,-1,160
1,<environment.Job instance at 0x7f7f34e59870>,109,18,[ 1 13],110,-1,178,-1,160
1,<environment.Job instance at 0x7f7f35972140>,111,17,[13  3],112,-1,190,-1,173
1,<environment.Job instance at 0x7f7f35972b40>,112,27,[2 5],113,-1,200,-1,173
1,<environment.Job instance at 0x7f7f35972cd0>,113,19,[ 2 13],114,-1,192,-1,173
1,<environment.Job instance at 0x7f7f35972d20>,114,14,[14  5],115,-1,187,-1,173
1,<environment.Job instance at 0x7f7f34e450f0>,115,26,[ 3 14],116,-1,199,-1,173
1,<environment.Job instance at 0x7f7f34e450a0>,116,14,[13  5],117,-1,187,-1,173
1,<environment.Job instance at 0x7f7f34e45eb0>,117,15,[ 2 11],118,-1,188,-1,173
1,<environment.Job instance at 0x7f7f3525fd70>,119,24,[ 5 13],120,-1,200,-1,176
1,<environment.Job instance at 0x7f7f3598d0f0>,2,15,[8 2],3,-1,19,-1,4
1,<environment.Job instance at 0x7f7f34e45e10>,3,19,[5 8],4,-1,23,-1,4
1,<environment.Job instance at 0x7f7f36029050>,8,25,[9 4],9,-1,177,-1,152
1,<environment.Job instance at 0x7f7f35d60af0>,1,19,[ 3 13],2,-1,21,-1,2
1,<environment.Job instance at 0x7f7f35d60820>,4,12,[12  2],5,-1,17,-1,5
1,<environment.Job instance at 0x7f7f35d607d0>,6,26,[ 4 11],7,-1,33,-1,7
1,<environment.Job instance at 0x7f7f3598ddc0>,7,13,[ 2 12],8,-1,21,-1,8
1,<environment.Job instance at 0x7f7f3598d190>,9,26,[ 2 13],10,-1,36,-1,10
1,<environment.Job instance at 0x7f7f3598dd20>,10,17,[11  4],11,-1,28,-1,11
1,<environment.Job instance at 0x7f7f35d60d20>,5,24,[5 8],6,-1,40,-1,16
1,<environment.Job instance at 0x7f7f35990e60>,14,18,[ 5 12],15,-1,34,-1,16
1,<environment.Job instance at 0x7f7f3598d140>,8,25,[9 4],9,-1,43,-1,18
1,<environment.Job instance at 0x7f7f35972dc0>,16,15,[ 3 12],17,-1,33,-1,18
1,<environment.Job instance at 0x7f7f35972c80>,20,23,[6 3],21,-1,55,-1,32
1,<environment.Job instance at 0x7f7f360337d0>,22,23,[ 2 11],23,-1,55,-1,32
1,<environment.Job instance at 0x7f7f360470a0>,23,13,[14  4],24,-1,45,-1,32
1,<environment.Job instance at 0x7f7f36033960>,24,14,[13  2],25,-1,46,-1,32
1,<environment.Job instance at 0x7f7f36033870>,25,22,[ 5 12],26,-1,54,-1,32
1,<environment.Job instance at 0x7f7f36033a00>,26,23,[ 2 12],27,-1,55,-1,32
1,<environment.Job instance at 0x7f7f356b2be0>,27,26,[6 3],28,-1,58,-1,32
1,<environment.Job instance at 0x7f7f358cb230>,28,25,[ 2 14],29,-1,57,-1,32
1,<environment.Job instance at 0x7f7f34df7e10>,30,18,[13  5],31,-1,50,-1,32
1,<environment.Job instance at 0x7f7f349a5730>,33,13,[12  5],34,-1,62,-1,49
1,<environment.Job instance at 0x7f7f352515a0>,34,22,[14  3],35,-1,71,-1,49
1,<environment.Job instance at 0x7f7f349a55a0>,35,14,[ 2 11],36,-1,63,-1,49
1,<environment.Job instance at 0x7f7f35251910>,36,13,[ 5 11],37,-1,62,-1,49
1,<environment.Job instance at 0x7f7f34eec3c0>,38,27,[4 5],39,-1,89,-1,62
1,<environment.Job instance at 0x7f7f36035230>,40,13,[ 3 13],41,-1,75,-1,62
1,<environment.Job instance at 0x7f7f349a40f0>,43,17,[13  5],44,-1,95,-1,78
1,<environment.Job instance at 0x7f7f349a4a50>,44,25,[11  3],45,-1,103,-1,78
1,<environment.Job instance at 0x7f7f35276410>,45,16,[11  1],46,-1,94,-1,78
1,<environment.Job instance at 0x7f7f35de1730>,47,13,[ 5 12],48,-1,91,-1,78
1,<environment.Job instance at 0x7f7f353c1dc0>,48,25,[1 6],49,-1,103,-1,78
1,<environment.Job instance at 0x7f7f34ee1910>,49,21,[ 4 13],50,-1,99,-1,78
1,<environment.Job instance at 0x7f7f34ee1230>,50,19,[11  3],51,-1,97,-1,78
1,<environment.Job instance at 0x7f7f34ee1050>,51,14,[ 1 11],52,-1,92,-1,78
1,<environment.Job instance at 0x7f7f34ee16e0>,52,25,[ 1 12],53,-1,103,-1,78
1,<environment.Job instance at 0x7f7f34ee1fa0>,53,20,[12  4],54,-1,98,-1,78
1,<environment.Job instance at 0x7f7f34ee1820>,54,23,[5 1],55,-1,101,-1,78
1,<environment.Job instance at 0x7f7f36029820>,56,23,[ 2 14],57,-1,102,-1,79
1,<environment.Job instance at 0x7f7f36029c80>,57,27,[ 3 13],58,-1,106,-1,79
1,<environment.Job instance at 0x7f7f36029e10>,58,12,[ 2 13],59,-1,91,-1,79
1,<environment.Job instance at 0x7f7f36029d20>,59,19,[ 1 14],60,-1,98,-1,79
1,<environment.Job instance at 0x7f7f361d3320>,62,16,[13  5],63,-1,114,-1,98
1,<environment.Job instance at 0x7f7f34cd14b0>,65,12,[12  2],66,-1,124,-1,112
1,<environment.Job instance at 0x7f7f34bfbe10>,67,24,[ 3 11],68,-1,144,-1,120
1,<environment.Job instance at 0x7f7f34bfb2d0>,68,26,[6 5],69,-1,146,-1,120
1,<environment.Job instance at 0x7f7f3566baf0>,70,27,[1 5],71,-1,161,-1,134
1,<environment.Job instance at 0x7f7f36208780>,72,17,[12  2],73,-1,151,-1,134
1,<environment.Job instance at 0x7f7f352a3230>,73,23,[6 1],74,-1,157,-1,134
1,<environment.Job instance at 0x7f7f362200a0>,75,20,[ 1 14],76,-1,154,-1,134
1,<environment.Job instance at 0x7f7f361f6e10>,76,19,[ 1 11],77,-1,153,-1,134
1,<environment.Job instance at 0x7f7f34c32f00>,77,24,[5 8],78,-1,172,-1,148
1,<environment.Job instance at 0x7f7f34d6eb90>,78,27,[10  2],79,-1,175,-1,148
1,<environment.Job instance at 0x7f7f34d6e7d0>,80,27,[ 3 12],81,-1,175,-1,148
1,<environment.Job instance at 0x7f7f34ce46e0>,81,18,[ 3 12],82,-1,166,-1,148
1,<environment.Job instance at 0x7f7f34ce4cd0>,82,13,[14  2],83,-1,161,-1,148
1,<environment.Job instance at 0x7f7f35dd16e0>,85,19,[ 1 14],86,-1,183,-1,164
1,<environment.Job instance at 0x7f7f3528b500>,87,28,[14  1],88,-1,192,-1,164
1,<environment.Job instance at 0x7f7f3528bf50>,88,23,[1 6],89,-1,202,-1,179
1,<environment.Job instance at 0x7f7f3528bc80>,89,27,[9 4],90,-1,208,-1,181
1,<environment.Job instance at 0x7f7f3528b1e0>,91,17,[11  2],92,-1,198,-1,181
1,<environment.Job instance at 0x7f7f34c42500>,1,23,[7 5],2,-1,25,-1,2
1,<environment.Job instance at 0x7f7f34e172d0>,12,14,[4 7],13,-1,27,-1,13
1,<environment.Job instance at 0x7f7f34e170a0>,13,17,[1 6],14,-1,31,-1,14
1,<environment.Job instance at 0x7f7f34c644b0>,1,23,[7 5],2,-1,25,-1,2
1,<environment.Job instance at 0x7f7f3499a960>,3,17,[11  4],4,-1,21,-1,4
1,<environment.Job instance at 0x7f7f3499a190>,4,14,[12  3],5,-1,19,-1,5
1,<environment.Job instance at 0x7f7f34c95780>,6,14,[ 4 14],7,-1,21,-1,7
1,<environment.Job instance at 0x7f7f34e6bd20>,7,25,[10  4],8,-1,41,-1,16
1,<environment.Job instance at 0x7f7f34e6b500>,11,27,[11  4],12,-1,43,-1,16
1,<environment.Job instance at 0x7f7f34e73f50>,14,25,[14  5],15,-1,43,-1,18
1,<environment.Job instance at 0x7f7f34e3d780>,16,15,[ 3 14],17,-1,33,-1,18
1,<environment.Job instance at 0x7f7f34e3d5a0>,17,15,[13  3],18,-1,33,-1,18
1,<environment.Job instance at 0x7f7f34e3d550>,18,26,[4 6],19,-1,54,-1,28
1,<environment.Job instance at 0x7f7f34e6f370>,21,14,[ 5 13],22,-1,42,-1,28
1,<environment.Job instance at 0x7f7f34e6f3c0>,24,27,[ 4 11],25,-1,68,-1,41
1,<environment.Job instance at 0x7f7f34e6ff00>,25,18,[12  2],26,-1,59,-1,41
1,<environment.Job instance at 0x7f7f34e6f820>,26,24,[ 2 13],27,-1,65,-1,41
1,<environment.Job instance at 0x7f7f352b3780>,27,13,[ 1 11],28,-1,54,-1,41
1,<environment.Job instance at 0x7f7f34e535f0>,32,15,[13  2],33,-1,68,-1,53
1,<environment.Job instance at 0x7f7f34e45dc0>,34,16,[ 1 12],35,-1,75,-1,59
1,<environment.Job instance at 0x7f7f34e451e0>,33,23,[ 1 10],34,-1,90,-1,67
1,<environment.Job instance at 0x7f7f34e45eb0>,36,24,[ 1 10],37,-1,91,-1,67
1,<environment.Job instance at 0x7f7f34e55910>,38,16,[12  1],39,-1,83,-1,67
1,<environment.Job instance at 0x7f7f34e555a0>,40,15,[13  3],41,-1,82,-1,67
1,<environment.Job instance at 0x7f7f352afaa0>,42,17,[ 5 13],43,-1,84,-1,67
1,<environment.Job instance at 0x7f7f352af280>,43,22,[14  1],44,-1,89,-1,67
1,<environment.Job instance at 0x7f7f3529e410>,45,24,[14  5],46,-1,101,-1,77
1,<environment.Job instance at 0x7f7f3529e0f0>,46,25,[ 3 14],47,-1,102,-1,77
1,<environment.Job instance at 0x7f7f34e45140>,35,24,[10  2],36,-1,104,-1,80
1,<environment.Job instance at 0x7f7f3529ee60>,47,25,[6 2],48,-1,105,-1,80
1,<environment.Job instance at 0x7f7f35656aa0>,52,17,[14  4],53,-1,110,-1,93
1,<environment.Job instance at 0x7f7f35287960>,55,13,[ 5 14],56,-1,123,-1,110
1,<environment.Job instance at 0x7f7f352877d0>,56,13,[14  5],57,-1,123,-1,110
1,<environment.Job instance at 0x7f7f35ddd280>,57,15,[ 4 11],58,-1,125,-1,110
1,<environment.Job instance at 0x7f7f35ddd3c0>,58,13,[11  2],59,-1,123,-1,110
1,<environment.Job instance at 0x7f7f35656fa0>,53,27,[2 7],54,-1,138,-1,111
1,<environment.Job instance at 0x7f7f34cd4cd0>,63,17,[ 5 13],64,-1,150,-1,133
1,<environment.Job instance at 0x7f7f34cd4f50>,64,18,[ 1 13],65,-1,151,-1,133
1,<environment.Job instance at 0x7f7f34e59320>,65,14,[12  3],66,-1,147,-1,133
1,<environment.Job instance at 0x7f7f34e59a50>,66,28,[ 1 12],67,-1,161,-1,133
1,<environment.Job instance at 0x7f7f34e597d0>,67,24,[ 2 10],68,-1,171,-1,147
1,<environment.Job instance at 0x7f7f34e59e60>,70,25,[14  2],71,-1,172,-1,147
1,<environment.Job instance at 0x7f7f34e591e0>,72,17,[14  3],73,-1,180,-1,163
1,<environment.Job instance at 0x7f7f34e59f50>,77,22,[13  1],78,-1,204,-1,182
1,<environment.Job instance at 0x7f7f35e1f780>,8,17,[ 3 14],9,-1,176,-1,159
1,<environment.Job instance at 0x7f7f3e79ce10>,18,26,[10  1],19,-1,185,-1,159
1,<environment.Job instance at 0x7f7f3e79c690>,17,12,[1 5],18,-1,179,-1,167
1,<environment.Job instance at 0x7f7f3e79ccd0>,20,20,[11  5],21,-1,189,-1,169
1,<environment.Job instance at 0x7f7f3e79c7d0>,19,16,[9 5],20,-1,186,-1,170
1,<environment.Job instance at 0x7f7f35e1f910>,11,18,[ 3 12],12,-1,192,-1,174
1,<environment.Job instance at 0x7f7f35e1fe10>,10,19,[14  5],11,-1,195,-1,176
1,<environment.Job instance at 0x7f7f3e79c8c0>,21,12,[ 4 13],22,-1,188,-1,176
1,<environment.Job instance at 0x7f7f3e79cf50>,27,23,[ 1 11],28,-1,199,-1,176
1,<environment.Job instance at 0x7f7f35e1f190>,14,26,[8 3],15,-1,202,-1,176
1,<environment.Job instance at 0x7f7f3e79c410>,28,18,[ 2 10],29,-1,194,-1,176
1,<environment.Job instance at 0x7f7f3e79cb90>,25,21,[3 5],26,-1,197,-1,176
1,<environment.Job instance at 0x7f7f3e79c9b0>,30,22,[ 4 13],31,-1,198,-1,176
1,<environment.Job instance at 0x7f7f3e79c2d0>,24,13,[ 3 11],25,-1,189,-1,176
1,<environment.Job instance at 0x7f7f3e79c1e0>,31,24,[11  1],32,-1,200,-1,176
1,<environment.Job instance at 0x7f7f3e79c460>,33,18,[12  4],34,-1,194,-1,176
1,<environment.Job instance at 0x7f7f3e79c4b0>,32,12,[3 8],33,-1,188,-1,176
1,<environment.Job instance at 0x7f7f3e79caa0>,29,18,[ 1 11],30,-1,195,-1,177
1,<environment.Job instance at 0x7f7f35d38640>,36,19,[ 1 12],37,-1,197,-1,178
1,<environment.Job instance at 0x7f7f35d38460>,35,19,[5 1],36,-1,198,-1,179
1,<environment.Job instance at 0x7f7f35d38870>,40,25,[5 5],41,-1,204,-1,179
1,<environment.Job instance at 0x7f7f35d381e0>,42,17,[7 4],43,-1,196,-1,179
1,<environment.Job instance at 0x7f7f353a1280>,0,25,[ 5 12],1,-1,26,-1,1
1,<environment.Job instance at 0x7f7f353a15a0>,1,16,[ 5 11],2,-1,18,-1,2
1,<environment.Job instance at 0x7f7f353a1640>,3,28,[9 1],4,-1,32,-1,4
1,<environment.Job instance at 0x7f7f35f05960>,4,16,[12  1],5,-1,21,-1,5
1,<environment.Job instance at 0x7f7f34e1ceb0>,5,17,[11  5],6,-1,23,-1,6
1,<environment.Job instance at 0x7f7f34e269b0>,8,17,[ 3 14],9,-1,26,-1,9
1,<environment.Job instance at 0x7f7f34e17640>,10,19,[14  5],11,-1,30,-1,11
1,<environment.Job instance at 0x7f7f36211870>,11,18,[ 3 12],12,-1,30,-1,12
1,<environment.Job instance at 0x7f7f34e17050>,13,23,[ 3 11],14,-1,37,-1,14
1,<environment.Job instance at 0x7f7f34e01050>,7,24,[5 2],8,-1,44,-1,20
1,<environment.Job instance at 0x7f7f35d60b40>,16,21,[14  4],17,-1,41,-1,20
1,<environment.Job instance at 0x7f7f35d608c0>,18,26,[10  1],19,-1,46,-1,20
1,<environment.Job instance at 0x7f7f35d60be0>,14,26,[8 3],15,-1,46,-1,20
1,<environment.Job instance at 0x7f7f3598d190>,20,20,[11  5],21,-1,41,-1,21
1,<environment.Job instance at 0x7f7f359902d0>,21,12,[ 4 13],22,-1,34,-1,22
1,<environment.Job instance at 0x7f7f35d60730>,22,28,[ 5 13],23,-1,51,-1,23
1,<environment.Job instance at 0x7f7f35990e60>,24,13,[ 3 11],25,-1,38,-1,25
1,<environment.Job instance at 0x7f7f35959960>,27,23,[ 1 11],28,-1,55,-1,32
1,<environment.Job instance at 0x7f7f35977140>,29,18,[ 1 11],30,-1,54,-1,36
1,<environment.Job instance at 0x7f7f3525aeb0>,30,22,[ 4 13],31,-1,58,-1,36
1,<environment.Job instance at 0x7f7f35972c80>,31,24,[11  1],32,-1,60,-1,36
1,<environment.Job instance at 0x7f7f360470a0>,33,18,[12  4],34,-1,63,-1,45
1,<environment.Job instance at 0x7f7f36033c80>,34,13,[12  5],35,-1,58,-1,45
1,<environment.Job instance at 0x7f7f3526a280>,36,19,[ 1 12],37,-1,74,-1,55
1,<environment.Job instance at 0x7f7f358b3b40>,37,26,[8 2],38,-1,81,-1,55
1,<environment.Job instance at 0x7f7f35251690>,40,25,[5 5],41,-1,92,-1,67
1,<environment.Job instance at 0x7f7f349a5730>,41,17,[ 1 14],42,-1,84,-1,67
1,<environment.Job instance at 0x7f7f36035230>,43,17,[ 3 14],44,-1,84,-1,67
1,<environment.Job instance at 0x7f7f349a6690>,45,16,[11  5],46,-1,85,-1,69
1,<environment.Job instance at 0x7f7f34eec1e0>,46,28,[ 2 12],47,-1,97,-1,69
1,<environment.Job instance at 0x7f7f36035910>,47,17,[ 4 14],48,-1,86,-1,69
1,<environment.Job instance at 0x7f7f349a4140>,49,23,[13  5],50,-1,106,-1,83
1,<environment.Job instance at 0x7f7f349a4cd0>,50,25,[ 4 14],51,-1,108,-1,83
1,<environment.Job instance at 0x7f7f353c1a50>,51,26,[ 1 12],52,-1,109,-1,83
1,<environment.Job instance at 0x7f7f349a48c0>,53,18,[14  3],54,-1,104,-1,86
1,<environment.Job instance at 0x7f7f34ee12d0>,55,12,[13  4],56,-1,98,-1,86
1,<environment.Job instance at 0x7f7f35de1730>,57,23,[4 5],58,-1,121,-1,98
1,<environment.Job instance at 0x7f7f34ee1820>,59,12,[13  3],60,-1,110,-1,98
1,<environment.Job instance at 0x7f7f34ee1fa0>,54,23,[1 9],55,-1,133,-1,110
1,<environment.Job instance at 0x7f7f35702cd0>,61,24,[ 5 14],62,-1,134,-1,110
1,<environment.Job instance at 0x7f7f34d63370>,62,12,[14  2],63,-1,122,-1,110
1,<environment.Job instance at 0x7f7f3615d870>,63,21,[ 5 12],64,-1,131,-1,110
1,<environment.Job instance at 0x7f7f3566bfa0>,64,15,[ 5 11],65,-1,125,-1,110
1,<environment.Job instance at 0x7f7f34ee15a0>,56,28,[ 3 10],57,-1,138,-1,110
1,<environment.Job instance at 0x7f7f3566baf0>,66,15,[ 5 12],67,-1,125,-1,110
1,<environment.Job instance at 0x7f7f361d3320>,60,26,[7 5],61,-1,136,-1,110
1,<environment.Job instance at 0x7f7f36208960>,68,22,[ 3 13],69,-1,132,-1,110
1,<environment.Job instance at 0x7f7f34d6e5f0>,70,24,[ 4 12],71,-1,134,-1,110
1,<environment.Job instance at 0x7f7f34d6ecd0>,71,18,[ 5 14],72,-1,128,-1,110
1,<environment.Job instance at 0x7f7f34ce46e0>,74,26,[ 5 10],75,-1,150,-1,124
1,<environment.Job instance at 0x7f7f34ce4960>,75,18,[12  1],76,-1,142,-1,124
1,<environment.Job instance at 0x7f7f35291320>,76,15,[11  2],77,-1,139,-1,124
1,<environment.Job instance at 0x7f7f35291e10>,77,25,[4 6],78,-1,149,-1,124
1,<environment.Job instance at 0x7f7f34cb8d70>,80,23,[ 2 14],81,-1,147,-1,124
1,<environment.Job instance at 0x7f7f35951eb0>,83,18,[12  5],84,-1,155,-1,137
1,<environment.Job instance at 0x7f7f34e59c80>,85,15,[13  3],86,-1,152,-1,137
1,<environment.Job instance at 0x7f7f34e596e0>,86,24,[ 4 14],87,-1,161,-1,137
1,<environment.Job instance at 0x7f7f34e59140>,87,17,[13  5],88,-1,154,-1,137
1,<environment.Job instance at 0x7f7f34e59eb0>,88,22,[ 3 14],89,-1,159,-1,137
1,<environment.Job instance at 0x7f7f34e59f50>,89,13,[11  2],90,-1,150,-1,137
1,<environment.Job instance at 0x7f7f34e59e60>,92,24,[ 4 11],93,-1,177,-1,153
1,<environment.Job instance at 0x7f7f34e598c0>,93,28,[ 1 13],94,-1,181,-1,153
1,<environment.Job instance at 0x7f7f34cd4f50>,94,18,[11  5],95,-1,171,-1,153
1,<environment.Job instance at 0x7f7f34cd46e0>,97,24,[14  3],98,-1,178,-1,154
1,<environment.Job instance at 0x7f7f35dddf50>,99,22,[13  5],100,-1,188,-1,166
1,<environment.Job instance at 0x7f7f352872d0>,100,23,[14  2],101,-1,189,-1,166
1,<environment.Job instance at 0x7f7f356fc9b0>,103,20,[ 1 11],104,-1,192,-1,172
1,<environment.Job instance at 0x7f7f350966e0>,1,18,[4 9],2,-1,21,-1,3
1,<environment.Job instance at 0x7f7f3576d8c0>,2,20,[14  2],3,-1,23,-1,3
1,<environment.Job instance at 0x7f7f34844050>,6,23,[5 6],7,-1,30,-1,7
1,<environment.Job instance at 0x7f7f348448c0>,8,15,[ 2 10],9,-1,24,-1,9
1,<environment.Job instance at 0x7f7f358f1d20>,15,26,[5 5],16,-1,43,-1,17
1,<environment.Job instance at 0x7f7f3593de10>,0,18,[ 2 12],1,-1,19,-1,1
1,<environment.Job instance at 0x7f7f3593d140>,2,20,[14  2],3,-1,23,-1,3
1,<environment.Job instance at 0x7f7f3593d640>,3,22,[ 1 12],4,-1,26,-1,4
1,<environment.Job instance at 0x7f7f3593d7d0>,5,13,[12  1],6,-1,19,-1,6
1,<environment.Job instance at 0x7f7f3593deb0>,7,23,[14  1],8,-1,31,-1,8
1,<environment.Job instance at 0x7f7f3593d230>,9,14,[11  4],10,-1,24,-1,10
1,<environment.Job instance at 0x7f7f351ce550>,10,24,[ 4 13],11,-1,35,-1,11
1,<environment.Job instance at 0x7f7f351ce280>,13,15,[ 2 11],14,-1,29,-1,14
1,<environment.Job instance at 0x7f7f351ced70>,14,13,[ 2 12],15,-1,28,-1,15
1,<environment.Job instance at 0x7f7f3593d5f0>,6,23,[5 6],7,-1,41,-1,18
1,<environment.Job instance at 0x7f7f351ceaa0>,16,25,[1 6],17,-1,43,-1,18
1,<environment.Job instance at 0x7f7f351ce2d0>,15,26,[5 5],16,-1,44,-1,18
1,<environment.Job instance at 0x7f7f351ce5a0>,18,19,[14  1],19,-1,38,-1,19
1,<environment.Job instance at 0x7f7f351cefa0>,19,28,[14  2],20,-1,48,-1,20
1,<environment.Job instance at 0x7f7f35984640>,20,18,[13  5],21,-1,39,-1,21
1,<environment.Job instance at 0x7f7f359629b0>,21,20,[ 3 12],22,-1,42,-1,22
1,<environment.Job instance at 0x7f7f351cebe0>,22,26,[2 7],23,-1,49,-1,23
1,<environment.Job instance at 0x7f7f351ceb40>,25,14,[ 2 12],26,-1,40,-1,26
1,<environment.Job instance at 0x7f7f356b9960>,26,17,[14  1],27,-1,44,-1,27
1,<environment.Job instance at 0x7f7f356b99b0>,28,23,[ 2 11],29,-1,52,-1,29
1,<environment.Job instance at 0x7f7f34e73c80>,32,12,[13  1],33,-1,53,-1,41
1,<environment.Job instance at 0x7f7f36217dc0>,34,28,[6 5],35,-1,82,-1,54
1,<environment.Job instance at 0x7f7f352b3780>,36,26,[ 3 11],37,-1,80,-1,54
1,<environment.Job instance at 0x7f7f34e451e0>,38,25,[9 2],39,-1,89,-1,64
1,<environment.Job instance at 0x7f7f34e450f0>,40,26,[ 4 14],41,-1,90,-1,64
1,<environment.Job instance at 0x7f7f35ddda50>,42,26,[5 9],43,-1,93,-1,67
1,<environment.Job instance at 0x7f7f34e450a0>,39,27,[5 7],40,-1,94,-1,67
1,<environment.Job instance at 0x7f7f34e55aa0>,43,24,[6 5],44,-1,101,-1,77
1,<environment.Job instance at 0x7f7f35951eb0>,46,26,[ 4 13],47,-1,103,-1,77
1,<environment.Job instance at 0x7f7f3499bc30>,49,23,[1 6],50,-1,105,-1,82
1,<environment.Job instance at 0x7f7f34d6e5f0>,50,24,[1 7],51,-1,114,-1,90
1,<environment.Job instance at 0x7f7f34d63370>,51,26,[5 9],52,-1,116,-1,90
1,<environment.Job instance at 0x7f7f3566bfa0>,52,27,[14  5],53,-1,117,-1,90
1,<environment.Job instance at 0x7f7f34bfb2d0>,54,26,[8 1],55,-1,124,-1,98
1,<environment.Job instance at 0x7f7f34bfbf00>,55,25,[ 5 13],56,-1,123,-1,98
1,<environment.Job instance at 0x7f7f362082d0>,48,23,[9 4],49,-1,129,-1,106
1,<environment.Job instance at 0x7f7f349a48c0>,58,13,[ 5 12],59,-1,119,-1,106
1,<environment.Job instance at 0x7f7f358cb230>,61,24,[ 4 11],62,-1,139,-1,115
1,<environment.Job instance at 0x7f7f36035820>,62,12,[ 2 12],63,-1,127,-1,115
1,<environment.Job instance at 0x7f7f36211cd0>,63,21,[14  1],64,-1,136,-1,115
1,<environment.Job instance at 0x7f7f34e1ceb0>,67,14,[ 4 11],68,-1,135,-1,121
1,<environment.Job instance at 0x7f7f34b4dbe0>,70,16,[13  5],71,-1,146,-1,130
1,<environment.Job instance at 0x7f7f34845cd0>,73,22,[ 3 11],74,-1,169,-1,147
1,<environment.Job instance at 0x7f7f35291f00>,74,25,[8 1],75,-1,175,-1,150
1,<environment.Job instance at 0x7f7f35291320>,75,28,[ 2 14],76,-1,178,-1,150
1,<environment.Job instance at 0x7f7f35291190>,76,12,[11  2],77,-1,162,-1,150
1,<environment.Job instance at 0x7f7f35291eb0>,77,26,[11  1],78,-1,176,-1,150
1,<environment.Job instance at 0x7f7f35291e60>,80,26,[ 2 14],81,-1,176,-1,150
1,<environment.Job instance at 0x7f7f35291d20>,81,16,[ 4 13],82,-1,166,-1,150
1,<environment.Job instance at 0x7f7f352910a0>,83,26,[11  1],84,-1,186,-1,160
1,<environment.Job instance at 0x7f7f36220370>,85,27,[ 4 12],86,-1,192,-1,165
1,<environment.Job instance at 0x7f7f36220190>,86,13,[14  3],87,-1,178,-1,165
1,<environment.Job instance at 0x7f7f362202d0>,87,28,[6 2],88,-1,205,-1,177
1,<environment.Job instance at 0x7f7f36220320>,88,25,[7 4],89,-1,202,-1,177
1,<environment.Job instance at 0x7f7f36220910>,89,28,[3 5],90,-1,205,-1,177
1,<environment.Job instance at 0x7f7f36220780>,90,15,[13  4],91,-1,192,-1,177
1,<environment.Job instance at 0x7f7f362203c0>,91,26,[4 6],92,-1,203,-1,177
1,<environment.Job instance at 0x7f7f36220460>,93,24,[ 4 12],94,-1,201,-1,177
1,<environment.Job instance at 0x7f7f362200a0>,84,25,[9 4],85,-1,208,-1,183
1,<environment.Job instance at 0x7f7f35a6de10>,95,16,[14  1],96,-1,199,-1,183
1,<environment.Job instance at 0x7f7f35a6dc30>,96,12,[11  2],97,-1,195,-1,183
1,<environment.Job instance at 0x7f7f35a6dbe0>,97,20,[ 2 11],98,-1,203,-1,183
1,<environment.Job instance at 0x7f7f34ac7c30>,4,19,[4 6],5,-1,24,-1,5
1,<environment.Job instance at 0x7f7f35f68c80>,0,20,[14  5],1,-1,21,-1,1
1,<environment.Job instance at 0x7f7f35f68fa0>,1,20,[12  2],2,-1,22,-1,2
1,<environment.Job instance at 0x7f7f34c35140>,5,20,[ 1 14],6,-1,26,-1,6
1,<environment.Job instance at 0x7f7f3e828910>,6,28,[ 2 12],7,-1,35,-1,7
1,<environment.Job instance at 0x7f7f3e828c30>,7,17,[ 5 14],8,-1,25,-1,8
1,<environment.Job instance at 0x7f7f3e828f00>,8,22,[ 2 13],9,-1,31,-1,9
1,<environment.Job instance at 0x7f7f3e828140>,9,15,[ 3 12],10,-1,25,-1,10
1,<environment.Job instance at 0x7f7f3e8287d0>,11,20,[13  1],12,-1,32,-1,12
1,<environment.Job instance at 0x7f7f3e828b90>,12,25,[14  4],13,-1,38,-1,13
1,<environment.Job instance at 0x7f7f3e828190>,13,27,[13  3],14,-1,41,-1,14
1,<environment.Job instance at 0x7f7f3e828cd0>,14,21,[ 1 11],15,-1,36,-1,15
1,<environment.Job instance at 0x7f7f3e828500>,10,25,[1 7],11,-1,41,-1,16
1,<environment.Job instance at 0x7f7f3e828320>,15,14,[ 4 13],16,-1,30,-1,16
1,<environment.Job instance at 0x7f7f3563fdc0>,20,26,[ 5 14],21,-1,47,-1,21
1,<environment.Job instance at 0x7f7f3563f5f0>,21,24,[12  2],22,-1,46,-1,22
1,<environment.Job instance at 0x7f7f3563fd20>,23,20,[14  3],24,-1,44,-1,24
1,<environment.Job instance at 0x7f7f3563f410>,24,14,[13  2],25,-1,39,-1,25
1,<environment.Job instance at 0x7f7f3563fa50>,25,25,[ 1 14],26,-1,51,-1,26
1,<environment.Job instance at 0x7f7f3563fb40>,18,25,[7 3],19,-1,60,-1,35
1,<environment.Job instance at 0x7f7f3563f140>,22,28,[8 4],23,-1,63,-1,35
1,<environment.Job instance at 0x7f7f358180a0>,29,19,[13  5],30,-1,54,-1,35
1,<environment.Job instance at 0x7f7f35818320>,30,12,[14  2],31,-1,47,-1,35
1,<environment.Job instance at 0x7f7f35818870>,33,12,[13  2],34,-1,47,-1,35
1,<environment.Job instance at 0x7f7f3563f0f0>,27,23,[5 1],28,-1,58,-1,35
1,<environment.Job instance at 0x7f7f35818d20>,35,16,[13  3],36,-1,52,-1,36
1,<environment.Job instance at 0x7f7f35818910>,37,24,[11  1],38,-1,62,-1,38
1,<environment.Job instance at 0x7f7f34ed1fa0>,38,15,[ 5 11],39,-1,54,-1,39
1,<environment.Job instance at 0x7f7f34ed13c0>,42,26,[3 6],43,-1,90,-1,64
1,<environment.Job instance at 0x7f7f34ed1280>,43,15,[11  5],44,-1,79,-1,64
1,<environment.Job instance at 0x7f7f34ed1690>,46,21,[13  5],47,-1,85,-1,64
1,<environment.Job instance at 0x7f7f34ed1960>,47,15,[13  1],48,-1,79,-1,64
1,<environment.Job instance at 0x7f7f34ed1f00>,48,18,[12  3],49,-1,82,-1,64
1,<environment.Job instance at 0x7f7f35f5f140>,49,24,[ 2 14],50,-1,88,-1,64
1,<environment.Job instance at 0x7f7f35f5ff50>,50,12,[ 4 11],51,-1,76,-1,64
1,<environment.Job instance at 0x7f7f35f5f050>,52,22,[13  3],53,-1,98,-1,76
1,<environment.Job instance at 0x7f7f35f5f910>,53,25,[6 1],54,-1,101,-1,76
1,<environment.Job instance at 0x7f7f35f5f3c0>,55,25,[4 8],56,-1,104,-1,79
1,<environment.Job instance at 0x7f7f3edc48c0>,59,27,[4 8],60,-1,131,-1,104
1,<environment.Job instance at 0x7f7f3edc4e10>,61,27,[8 4],62,-1,142,-1,115
1,<environment.Job instance at 0x7f7f3622f910>,64,23,[10  3],65,-1,138,-1,115
1,<environment.Job instance at 0x7f7f3622f2d0>,65,21,[14  4],66,-1,136,-1,115
1,<environment.Job instance at 0x7f7f3622fd20>,67,16,[13  3],68,-1,131,-1,115
1,<environment.Job instance at 0x7f7f3622f960>,68,26,[5 2],69,-1,141,-1,115
1,<environment.Job instance at 0x7f7f3622fb40>,69,27,[13  3],70,-1,142,-1,115
1,<environment.Job instance at 0x7f7f3622f0f0>,70,12,[ 3 11],71,-1,127,-1,115
1,<environment.Job instance at 0x7f7f3622fe60>,71,28,[9 3],72,-1,143,-1,115
1,<environment.Job instance at 0x7f7f3622fc80>,72,28,[ 3 14],73,-1,143,-1,115
1,<environment.Job instance at 0x7f7f3622fb90>,73,24,[11  1],74,-1,139,-1,115
1,<environment.Job instance at 0x7f7f3622fbe0>,74,23,[14  4],75,-1,138,-1,115
1,<environment.Job instance at 0x7f7f3622feb0>,75,25,[12  4],76,-1,140,-1,115
1,<environment.Job instance at 0x7f7f3622f9b0>,76,16,[11  3],77,-1,131,-1,115
1,<environment.Job instance at 0x7f7f3622f8c0>,77,14,[ 1 12],78,-1,129,-1,115
1,<environment.Job instance at 0x7f7f35a6d820>,78,18,[11  1],79,-1,133,-1,115
1,<environment.Job instance at 0x7f7f35a6d6e0>,79,15,[14  3],80,-1,130,-1,115
1,<environment.Job instance at 0x7f7f35a6d730>,80,21,[11  1],81,-1,136,-1,115
1,<environment.Job instance at 0x7f7f35a6da50>,81,12,[13  1],82,-1,127,-1,115
1,<environment.Job instance at 0x7f7f35a6d780>,82,22,[ 4 14],83,-1,137,-1,115
1,<environment.Job instance at 0x7f7f36220960>,84,22,[ 4 11],85,-1,137,-1,115
1,<environment.Job instance at 0x7f7f36220910>,88,18,[13  2],89,-1,145,-1,127
1,<environment.Job instance at 0x7f7f36220320>,89,18,[ 5 14],90,-1,145,-1,127
1,<environment.Job instance at 0x7f7f36220190>,91,24,[14  5],92,-1,157,-1,133
1,<environment.Job instance at 0x7f7f36220af0>,92,13,[14  2],93,-1,146,-1,133
1,<environment.Job instance at 0x7f7f362200a0>,93,16,[ 5 13],94,-1,149,-1,133
1,<environment.Job instance at 0x7f7f352919b0>,94,25,[ 1 14],95,-1,158,-1,133
1,<environment.Job instance at 0x7f7f35291fa0>,95,16,[13  2],96,-1,149,-1,133
1,<environment.Job instance at 0x7f7f35291af0>,97,22,[11  3],98,-1,155,-1,133
1,<environment.Job instance at 0x7f7f35291320>,99,24,[5 3],100,-1,172,-1,148
1,<environment.Job instance at 0x7f7f35291190>,100,15,[ 5 12],101,-1,163,-1,148
1,<environment.Job instance at 0x7f7f360a1d70>,101,23,[1 5],102,-1,171,-1,148
1,<environment.Job instance at 0x7f7f35291d20>,96,27,[9 4],97,-1,175,-1,148
1,<environment.Job instance at 0x7f7f34d76b40>,104,26,[14  2],105,-1,174,-1,148
1,<environment.Job instance at 0x7f7f35291230>,98,25,[ 5 10],99,-1,181,-1,156
1,<environment.Job instance at 0x7f7f358cb230>,107,22,[ 3 14],108,-1,178,-1,156
1,<environment.Job instance at 0x7f7f36211cd0>,108,28,[12  5],109,-1,184,-1,156
1,<environment.Job instance at 0x7f7c69a15af0>,9,17,[8 1],10,-1,27,-1,10
1,<environment.Job instance at 0x7f7c603c3820>,4,24,[ 3 11],5,-1,34,-1,10
1,<environment.Job instance at 0x7f7c603c98c0>,0,24,[2 8],1,-1,25,-1,1
1,<environment.Job instance at 0x7f7c603c9b40>,2,26,[10  1],3,-1,29,-1,3
1,<environment.Job instance at 0x7f7c603c9d20>,3,15,[13  4],4,-1,19,-1,4
1,<environment.Job instance at 0x7f7c603c9c30>,4,24,[ 3 11],5,-1,29,-1,5
1,<environment.Job instance at 0x7f7c603c9e10>,6,19,[ 1 13],7,-1,26,-1,7
1,<environment.Job instance at 0x7f7c603c9eb0>,8,24,[ 2 12],9,-1,33,-1,9
1,<environment.Job instance at 0x7f7c603c3640>,10,14,[ 1 14],11,-1,25,-1,11
1,<environment.Job instance at 0x7f7c603cd460>,13,27,[3 8],14,-1,41,-1,14
1,<environment.Job instance at 0x7f7c603cd410>,14,14,[14  3],15,-1,29,-1,15
1,<environment.Job instance at 0x7f7c603cd500>,15,24,[ 2 13],16,-1,40,-1,16
1,<environment.Job instance at 0x7f7c603cd5a0>,16,19,[ 3 12],17,-1,36,-1,17
1,<environment.Job instance at 0x7f7c603cd3c0>,17,18,[ 5 13],18,-1,36,-1,18
1,<environment.Job instance at 0x7f7c603cd870>,19,21,[14  4],20,-1,41,-1,20
1,<environment.Job instance at 0x7f7c603cd7d0>,21,22,[14  2],22,-1,46,-1,24
1,<environment.Job instance at 0x7f7c603cd730>,22,25,[ 4 12],23,-1,49,-1,24
1,<environment.Job instance at 0x7f7c603cdc30>,24,20,[ 3 12],25,-1,49,-1,29
1,<environment.Job instance at 0x7f7c603cdb90>,25,16,[11  3],26,-1,45,-1,29
1,<environment.Job instance at 0x7f7c603cd9b0>,27,25,[14  4],28,-1,54,-1,29
1,<environment.Job instance at 0x7f7c603cdf00>,29,24,[5 1],30,-1,65,-1,41
1,<environment.Job instance at 0x7f7c5febd320>,3,22,[9 5],4,-1,27,-1,5
1,<environment.Job instance at 0x7f7c5febd280>,5,15,[6 2],6,-1,21,-1,6
1,<environment.Job instance at 0x7f7c5febd1e0>,6,13,[10  1],7,-1,20,-1,7
1,<environment.Job instance at 0x7f7c5ff5ec80>,7,22,[6 5],8,-1,30,-1,8
1,<environment.Job instance at 0x7f7c603c9a50>,4,20,[ 5 14],5,-1,53,-1,33
1,<environment.Job instance at 0x7f7c5febd190>,12,24,[ 3 10],13,-1,58,-1,34
1,<environment.Job instance at 0x7f7c5ffce730>,13,24,[9 2],14,-1,58,-1,34
1,<environment.Job instance at 0x7f7c5ffd7eb0>,18,25,[ 2 12],19,-1,60,-1,35
1,<environment.Job instance at 0x7f7c5ffd7190>,16,12,[6 1],17,-1,48,-1,36
1,<environment.Job instance at 0x7f7c5fefb320>,20,22,[5 6],21,-1,60,-1,38
1,<environment.Job instance at 0x7f7c5fefbc80>,21,13,[7 2],22,-1,51,-1,38
1,<environment.Job instance at 0x7f7c5ff26b40>,9,15,[11  3],10,-1,53,-1,38
1,<environment.Job instance at 0x7f7c5fe868c0>,22,18,[5 5],23,-1,58,-1,40
1,<environment.Job instance at 0x7f7c5fe866e0>,23,27,[8 2],24,-1,67,-1,40
1,<environment.Job instance at 0x7f7c5fefb870>,19,26,[5 4],20,-1,66,-1,40
1,<environment.Job instance at 0x7f7c5fe86280>,25,19,[8 3],26,-1,59,-1,40
1,<environment.Job instance at 0x7f7c5fe86a50>,26,18,[ 2 10],27,-1,58,-1,40
1,<environment.Job instance at 0x7f7c5fe862d0>,24,14,[9 1],25,-1,56,-1,42
1,<environment.Job instance at 0x7f7c5fe86460>,27,19,[14  1],28,-1,62,-1,43
1,<environment.Job instance at 0x7f7c5fe86230>,28,13,[1 5],29,-1,56,-1,43
1,<environment.Job instance at 0x7f7c5fe86320>,30,19,[8 4],31,-1,63,-1,44
1,<environment.Job instance at 0x7f7c5fe86410>,29,15,[4 7],30,-1,59,-1,44
1,<environment.Job instance at 0x7f7c5fe861e0>,32,24,[10  3],33,-1,68,-1,44
1,<environment.Job instance at 0x7f7c5fe865a0>,31,17,[2 7],32,-1,62,-1,45
1,<environment.Job instance at 0x7f7c5fe82140>,34,21,[ 1 12],35,-1,66,-1,45
1,<environment.Job instance at 0x7f7c5fe82280>,35,18,[ 5 12],36,-1,63,-1,45
1,<environment.Job instance at 0x7f7c603d0780>,0,13,[12  1],1,-1,14,-1,1
1,<environment.Job instance at 0x7f7c603d0500>,1,24,[ 1 11],2,-1,26,-1,2
1,<environment.Job instance at 0x7f7c603d06e0>,2,27,[9 1],3,-1,30,-1,3
1,<environment.Job instance at 0x7f7c603d04b0>,4,20,[ 5 14],5,-1,25,-1,5
1,<environment.Job instance at 0x7f7c603d0230>,8,22,[14  3],9,-1,31,-1,9
1,<environment.Job instance at 0x7f7c603c9eb0>,9,15,[11  3],10,-1,25,-1,10
1,<environment.Job instance at 0x7f7c603c9820>,10,23,[5 7],11,-1,44,-1,21
1,<environment.Job instance at 0x7f7c603c9f50>,14,20,[11  1],15,-1,41,-1,21
1,<environment.Job instance at 0x7f7c603c9d70>,15,15,[ 1 11],16,-1,36,-1,21
1,<environment.Job instance at 0x7f7c603c9d20>,12,24,[ 3 10],13,-1,45,-1,21
1,<environment.Job instance at 0x7f7c603c9960>,18,25,[ 2 12],19,-1,46,-1,21
1,<environment.Job instance at 0x7f7c603c9dc0>,13,24,[9 2],14,-1,50,-1,26
1,<environment.Job instance at 0x7f7c603c9be0>,19,26,[5 4],20,-1,52,-1,26
1,<environment.Job instance at 0x7f7c5fe82cd0>,23,27,[8 2],24,-1,66,-1,39
1,<environment.Job instance at 0x7f7c5ffafc80>,27,19,[14  1],28,-1,58,-1,39
1,<environment.Job instance at 0x7f7c5fa62d70>,4,19,[11  3],5,-1,24,-1,5
1,<environment.Job instance at 0x7f7c5fa62640>,5,19,[11  4],6,-1,25,-1,6
1,<environment.Job instance at 0x7f7c5fa620f0>,7,17,[5 6],8,-1,25,-1,8
1,<environment.Job instance at 0x7f7c5fb2c8c0>,14,20,[5 7],15,-1,46,-1,26
1,<environment.Job instance at 0x7f7c5fb2c690>,17,21,[1 6],18,-1,58,-1,37
1,<environment.Job instance at 0x7f7c5fe82cd0>,0,22,[ 2 14],1,-1,23,-1,1
1,<environment.Job instance at 0x7f7c5fe826e0>,1,18,[13  3],2,-1,20,-1,2
1,<environment.Job instance at 0x7f7c5fe82730>,3,22,[ 4 11],4,-1,26,-1,4
1,<environment.Job instance at 0x7f7c5f9f6a50>,4,19,[11  3],5,-1,24,-1,5
1,<environment.Job instance at 0x7f7c5fde1fa0>,5,19,[11  4],6,-1,25,-1,6
1,<environment.Job instance at 0x7f7c5fde1dc0>,6,27,[ 3 13],7,-1,34,-1,7
1,<environment.Job instance at 0x7f7c5facbaa0>,8,17,[11  4],9,-1,26,-1,9
1,<environment.Job instance at 0x7f7c5facba00>,9,22,[ 1 14],10,-1,32,-1,10
1,<environment.Job instance at 0x7f7c5fb24550>,12,20,[ 5 13],13,-1,33,-1,13
1,<environment.Job instance at 0x7f7c5fb293c0>,13,21,[ 1 13],14,-1,35,-1,14
1,<environment.Job instance at 0x7f7c5fb24640>,11,25,[7 4],12,-1,40,-1,15
1,<environment.Job instance at 0x7f7c5fa62c30>,15,18,[ 3 13],16,-1,34,-1,16
1,<environment.Job instance at 0x7f7c5fa028c0>,16,26,[ 4 14],17,-1,43,-1,17
1,<environment.Job instance at 0x7f7c5fb29c30>,18,12,[12  1],19,-1,31,-1,19
1,<environment.Job instance at 0x7f7c5fb2b280>,21,18,[ 3 12],22,-1,40,-1,22
1,<environment.Job instance at 0x7f7c5fb2b820>,22,21,[ 2 13],23,-1,44,-1,23
1,<environment.Job instance at 0x7f7c5fb2bd70>,24,24,[5 6],25,-1,49,-1,25
1,<environment.Job instance at 0x7f7c5fb2b0f0>,25,18,[11  5],26,-1,44,-1,26
1,<environment.Job instance at 0x7f7c5fb2baa0>,26,14,[14  1],27,-1,41,-1,27
1,<environment.Job instance at 0x7f7c5fa2fc80>,27,22,[12  1],28,-1,50,-1,28
1,<environment.Job instance at 0x7f7c601aae10>,31,27,[4 8],32,-1,68,-1,41
1,<environment.Job instance at 0x7f7c5fac0870>,32,27,[5 4],33,-1,68,-1,41
1,<environment.Job instance at 0x7f7c5fac0f00>,33,18,[13  4],34,-1,59,-1,41
1,<environment.Job instance at 0x7f7c5fa156e0>,36,14,[ 3 14],37,-1,55,-1,41
1,<environment.Job instance at 0x7f7c5fa15320>,37,21,[ 3 12],38,-1,62,-1,41
1,<environment.Job instance at 0x7f7c5fb1ed20>,38,26,[ 1 11],39,-1,67,-1,41
1,<environment.Job instance at 0x7f7c5fb1e7d0>,39,28,[3 6],40,-1,69,-1,41
1,<environment.Job instance at 0x7f7c5fb1e550>,40,21,[ 3 12],41,-1,62,-1,41
1,<environment.Job instance at 0x7f7c5fc7a140>,41,17,[ 2 11],42,-1,59,-1,42
1,<environment.Job instance at 0x7f7c5fc7afa0>,43,14,[11  1],44,-1,58,-1,44
1,<environment.Job instance at 0x7f7c5fc7aeb0>,44,26,[ 3 12],45,-1,71,-1,45
1,<environment.Job instance at 0x7f7c5fd42190>,6,16,[ 1 11],7,-1,27,-1,11
1,<environment.Job instance at 0x7f7c5fd60cd0>,16,23,[11  2],17,-1,56,-1,33
1,<environment.Job instance at 0x7f7c5fd60690>,17,13,[4 5],18,-1,46,-1,33
1,<environment.Job instance at 0x7f7c5fd42140>,8,25,[4 6],9,-1,65,-1,40
1,<environment.Job instance at 0x7f7c5fd609b0>,14,28,[ 3 13],15,-1,74,-1,46
1,<environment.Job instance at 0x7f7c5fd605a0>,20,18,[11  1],21,-1,64,-1,46
1,<environment.Job instance at 0x7f7c5fd605f0>,18,22,[ 2 10],19,-1,68,-1,46
1,<environment.Job instance at 0x7f7c5fd6b640>,24,21,[9 1],25,-1,67,-1,46
1,<environment.Job instance at 0x7f7c5fc7af00>,2,24,[12  2],3,-1,27,-1,3
1,<environment.Job instance at 0x7f7c5fb1ed20>,3,26,[ 3 11],4,-1,30,-1,4
1,<environment.Job instance at 0x7f7c5fb1e7d0>,4,25,[ 5 11],5,-1,30,-1,5
1,<environment.Job instance at 0x7f7c5fa34a50>,6,16,[ 1 11],7,-1,23,-1,7
1,<environment.Job instance at 0x7f7c601aab90>,11,12,[12  4],12,-1,24,-1,12
1,<environment.Job instance at 0x7f7c5fb2aaf0>,12,21,[12  4],13,-1,34,-1,13
1,<environment.Job instance at 0x7f7c5fa156e0>,13,14,[12  3],14,-1,28,-1,14
1,<environment.Job instance at 0x7f7c5fb2ac30>,14,28,[ 3 13],15,-1,43,-1,15
1,<environment.Job instance at 0x7f7c5fac0870>,8,25,[4 6],9,-1,41,-1,16
1,<environment.Job instance at 0x7f7c5fb2a870>,15,22,[ 3 12],16,-1,38,-1,16
1,<environment.Job instance at 0x7f7c5fa2f690>,16,23,[11  2],17,-1,40,-1,17
1,<environment.Job instance at 0x7f7c5fa2fe10>,19,15,[12  2],20,-1,35,-1,20
1,<environment.Job instance at 0x7f7c5fb2b730>,20,18,[11  1],21,-1,39,-1,21
1,<environment.Job instance at 0x7f7c5fac0f00>,9,26,[4 9],10,-1,57,-1,31
1,<environment.Job instance at 0x7f7c5fb29320>,25,14,[11  3],26,-1,45,-1,31
1,<environment.Job instance at 0x7f7c5fb29780>,26,19,[ 5 14],27,-1,50,-1,31
1,<environment.Job instance at 0x7f7c5fb29f00>,28,27,[9 4],29,-1,58,-1,31
1,<environment.Job instance at 0x7f7c5fb293c0>,29,25,[ 3 11],30,-1,56,-1,31
1,<environment.Job instance at 0x7f7c5fb24640>,30,27,[13  4],31,-1,58,-1,31
1,<environment.Job instance at 0x7f7c5fb24500>,33,23,[ 2 14],34,-1,68,-1,45
1,<environment.Job instance at 0x7f7c5facba00>,34,12,[ 2 11],35,-1,57,-1,45
1,<environment.Job instance at 0x7f7c5f9dffa0>,36,24,[8 2],37,-1,70,-1,46
1,<environment.Job instance at 0x7f7c5fe25820>,38,28,[ 4 13],39,-1,74,-1,46
1,<environment.Job instance at 0x7f7c5fb26190>,39,26,[3 6],40,-1,72,-1,46
1,<environment.Job instance at 0x7f7c5fe82c30>,40,12,[11  1],41,-1,58,-1,46
1,<environment.Job instance at 0x7f7c5fe826e0>,41,12,[ 5 11],42,-1,58,-1,46
1,<environment.Job instance at 0x7f7c5fe82730>,42,15,[ 3 11],43,-1,61,-1,46
1,<environment.Job instance at 0x7f7c5faf4fa0>,44,24,[ 1 11],45,-1,70,-1,46
1,<environment.Job instance at 0x7f7c60f63550>,0,23,[5 8],1,-1,24,-1,1
1,<environment.Job instance at 0x7f7c6070caa0>,3,23,[10  3],4,-1,28,-1,5
1,<environment.Job instance at 0x7f7c601ae1e0>,7,27,[5 3],8,-1,35,-1,8
1,<environment.Job instance at 0x7f7c601aed70>,8,17,[10  2],9,-1,26,-1,9
1,<environment.Job instance at 0x7f7c604811e0>,12,25,[13  2],13,-1,38,-1,13
1,<environment.Job instance at 0x7f7c5fd741e0>,0,23,[5 8],1,-1,24,-1,1
1,<environment.Job instance at 0x7f7c5facb730>,1,21,[ 4 11],2,-1,23,-1,2
1,<environment.Job instance at 0x7f7c5facba00>,2,20,[ 3 12],3,-1,23,-1,3
1,<environment.Job instance at 0x7f7c5facbc30>,3,23,[10  3],4,-1,27,-1,4
1,<environment.Job instance at 0x7f7c6048a9b0>,4,28,[3 8],5,-1,33,-1,5
1,<environment.Job instance at 0x7f7c5fb293c0>,5,24,[12  1],6,-1,30,-1,6
1,<environment.Job instance at 0x7f7c5fb29a50>,6,14,[11  2],7,-1,21,-1,7
1,<environment.Job instance at 0x7f7c5fb29280>,7,27,[5 3],8,-1,35,-1,8
1,<environment.Job instance at 0x7f7c5fb29c30>,9,17,[ 5 11],10,-1,27,-1,10
1,<environment.Job instance at 0x7f7c601edaa0>,10,13,[11  1],11,-1,24,-1,11
1,<environment.Job instance at 0x7f7c5fb29320>,11,27,[14  2],12,-1,39,-1,12
1,<environment.Job instance at 0x7f7c5fb2be60>,12,25,[13  2],13,-1,38,-1,13
1,<environment.Job instance at 0x7f7c5fb2b0f0>,13,21,[ 4 12],14,-1,35,-1,14
1,<environment.Job instance at 0x7f7c5fb2baa0>,15,18,[ 5 11],16,-1,34,-1,16
1,<environment.Job instance at 0x7f7c5fb2a870>,17,12,[11  1],18,-1,30,-1,18
1,<environment.Job instance at 0x7f7c5fb2b820>,18,13,[ 5 13],19,-1,32,-1,19
1,<environment.Job instance at 0x7f7c5fd930f0>,24,28,[4 8],25,-1,60,-1,32
1,<environment.Job instance at 0x7f7c60877140>,25,23,[14  3],26,-1,55,-1,32
1,<environment.Job instance at 0x7f7c5fb265a0>,26,23,[3 8],27,-1,55,-1,32
1,<environment.Job instance at 0x7f7c604813c0>,28,28,[11  1],29,-1,60,-1,32
1,<environment.Job instance at 0x7f7c5fc7af00>,29,17,[ 3 11],30,-1,49,-1,32
1,<environment.Job instance at 0x7f7c607fe050>,31,27,[7 2],32,-1,71,-1,44
1,<environment.Job instance at 0x7f7c5fc7a4b0>,32,16,[14  3],33,-1,60,-1,44
1,<environment.Job instance at 0x7f7c5fc7aa00>,33,12,[11  4],34,-1,56,-1,44
1,<environment.Job instance at 0x7f7c60713b90>,34,15,[14  3],35,-1,59,-1,44
1,<environment.Job instance at 0x7f7c60713320>,35,28,[6 4],36,-1,72,-1,44
1,<environment.Job instance at 0x7f7c607130a0>,36,13,[ 5 13],37,-1,57,-1,44
1,<environment.Job instance at 0x7f7c60713fa0>,40,24,[11  3],41,-1,68,-1,44
1,<environment.Job instance at 0x7f7c60713d20>,41,22,[ 5 14],42,-1,66,-1,44
1,<environment.Job instance at 0x7f7c60713eb0>,42,24,[14  3],43,-1,68,-1,44
1,<environment.Job instance at 0x7f7c6073d4b0>,0,17,[2 6],1,-1,18,-1,1
1,<environment.Job instance at 0x7f7c6073d730>,2,17,[8 5],3,-1,21,-1,4
1,<environment.Job instance at 0x7f7c6073d050>,4,19,[10  4],5,-1,24,-1,5
1,<environment.Job instance at 0x7f7c6073d230>,3,24,[ 5 11],4,-1,29,-1,5
1,<environment.Job instance at 0x7f7c6073d190>,1,16,[ 2 13],2,-1,18,-1,2
1,<environment.Job instance at 0x7f7c6073d3c0>,3,24,[ 5 11],4,-1,28,-1,4
1,<environment.Job instance at 0x7f7c6073d820>,5,13,[11  1],6,-1,19,-1,6
1,<environment.Job instance at 0x7f7c6064f8c0>,6,12,[ 3 12],7,-1,19,-1,7
1,<environment.Job instance at 0x7f7c6064f410>,9,15,[ 5 13],10,-1,25,-1,10
1,<environment.Job instance at 0x7f7c6064f640>,11,24,[5 1],12,-1,36,-1,12
1,<environment.Job instance at 0x7f7c6064f5f0>,12,23,[ 1 13],13,-1,36,-1,13
1,<environment.Job instance at 0x7f7c6064ff00>,13,12,[12  2],14,-1,26,-1,14
1,<environment.Job instance at 0x7f7c6064f5a0>,16,19,[ 3 14],17,-1,37,-1,18
1,<environment.Job instance at 0x7f7c6064f500>,17,26,[ 1 14],18,-1,44,-1,18
1,<environment.Job instance at 0x7f7c6064f460>,7,25,[8 3],8,-1,45,-1,20
1,<environment.Job instance at 0x7f7c605bc4b0>,19,16,[12  3],20,-1,36,-1,20
1,<environment.Job instance at 0x7f7c605bccd0>,20,27,[13  4],21,-1,48,-1,21
1,<environment.Job instance at 0x7f7c605bcc30>,24,23,[8 5],25,-1,53,-1,30
1,<environment.Job instance at 0x7f7c605bcaf0>,28,27,[ 3 13],29,-1,57,-1,30
1,<environment.Job instance at 0x7f7c605bc1e0>,29,20,[14  3],30,-1,50,-1,30
1,<environment.Job instance at 0x7f7c605bc690>,30,22,[12  1],31,-1,53,-1,31
1,<environment.Job instance at 0x7f7c605bcf50>,31,12,[ 2 14],32,-1,45,-1,33
1,<environment.Job instance at 0x7f7c605bcd20>,32,13,[14  5],33,-1,46,-1,33
1,<environment.Job instance at 0x7f7c60641e10>,33,28,[5 7],34,-1,73,-1,45
1,<environment.Job instance at 0x7f7c60641460>,35,16,[12  2],36,-1,61,-1,45
1,<environment.Job instance at 0x7f7c60641820>,36,28,[14  3],37,-1,73,-1,45
1,<environment.Job instance at 0x7f7c60641870>,37,24,[ 4 11],38,-1,69,-1,45
1,<environment.Job instance at 0x7f7c60641c30>,38,25,[11  1],39,-1,70,-1,45
1,<environment.Job instance at 0x7f7c5f7620a0>,3,22,[10  2],4,-1,40,-1,18
1,<environment.Job instance at 0x7f7c5f7629b0>,9,16,[ 4 13],10,-1,34,-1,18
1,<environment.Job instance at 0x7f7c5f7623c0>,12,25,[11  1],13,-1,45,-1,20
1,<environment.Job instance at 0x7f7c5f7628c0>,11,25,[10  5],12,-1,45,-1,20
1,<environment.Job instance at 0x7f7c5f762f50>,13,26,[4 8],14,-1,46,-1,20
1,<environment.Job instance at 0x7f7c5f7625a0>,15,19,[11  2],16,-1,40,-1,21
1,<environment.Job instance at 0x7f7c5f762370>,16,12,[14  5],17,-1,33,-1,21
1,<environment.Job instance at 0x7f7c5f762500>,14,17,[12  2],15,-1,38,-1,21
1,<environment.Job instance at 0x7f7c5f762f00>,18,18,[ 4 12],19,-1,41,-1,23
1,<environment.Job instance at 0x7f7c5f7624b0>,17,24,[ 1 11],18,-1,52,-1,28
1,<environment.Job instance at 0x7f7c5f74a050>,20,14,[7 2],21,-1,42,-1,28
1,<environment.Job instance at 0x7f7c5f74a0f0>,21,19,[8 2],22,-1,49,-1,30
1,<environment.Job instance at 0x7f7c5f762320>,22,22,[ 3 14],23,-1,52,-1,30
1,<environment.Job instance at 0x7f7c5f74a230>,23,28,[14  4],24,-1,58,-1,30
1,<environment.Job instance at 0x7f7c5f74a190>,24,16,[8 3],25,-1,52,-1,36
1,<environment.Job instance at 0x7f7c5f74a2d0>,25,25,[ 3 13],26,-1,61,-1,36
1,<environment.Job instance at 0x7f7c5f74a370>,26,22,[9 4],27,-1,59,-1,37
1,<environment.Job instance at 0x7f7c5f762960>,5,24,[8 2],6,-1,61,-1,37
1,<environment.Job instance at 0x7f7c5f7621e0>,10,26,[4 7],11,-1,63,-1,37
1,<environment.Job instance at 0x7f7c5f762af0>,19,18,[ 3 10],20,-1,55,-1,37
1,<environment.Job instance at 0x7f7c5f74a690>,30,28,[1 7],31,-1,65,-1,37
1,<environment.Job instance at 0x7f7c5f74a410>,27,24,[ 2 13],28,-1,61,-1,37
1,<environment.Job instance at 0x7f7c5f74a550>,29,16,[ 5 13],30,-1,55,-1,39
1,<environment.Job instance at 0x7f7c5f74a730>,32,13,[ 4 10],33,-1,61,-1,48
1,<environment.Job instance at 0x7f7c5f74a9b0>,36,18,[13  2],37,-1,67,-1,49
1,<environment.Job instance at 0x7f7c5f74ab40>,37,19,[ 5 13],38,-1,68,-1,49
1,<environment.Job instance at 0x7f7c5f74abe0>,38,28,[3 5],39,-1,77,-1,49
1,<environment.Job instance at 0x7f7c5f74a5f0>,31,22,[4 8],32,-1,71,-1,49
1,<environment.Job instance at 0x7f7c5f74a910>,35,13,[2 5],36,-1,62,-1,49
1,<environment.Job instance at 0x7f7c5f74ae60>,41,26,[5 3],42,-1,75,-1,49
1,<environment.Job instance at 0x7f7c5f74af00>,42,18,[11  4],43,-1,67,-1,49
1,<environment.Job instance at 0x7f7c5f74aaf0>,43,15,[ 3 11],44,-1,64,-1,49
1,<environment.Job instance at 0x7f7c5f74adc0>,44,20,[7 3],45,-1,69,-1,49
1,<environment.Job instance at 0x7f7c5f74afa0>,45,27,[2 8],46,-1,76,-1,49
1,<environment.Job instance at 0x7f7c5f772050>,46,12,[ 3 11],47,-1,61,-1,49
1,<environment.Job instance at 0x7f7c5f772280>,47,17,[6 3],48,-1,66,-1,49
1,<environment.Job instance at 0x7f7c5f772370>,48,20,[12  2],49,-1,69,-1,49
1,<environment.Job instance at 0x7f7c60641eb0>,0,23,[11  3],1,-1,24,-1,1
1,<environment.Job instance at 0x7f7c60641af0>,2,20,[14  4],3,-1,23,-1,3
1,<environment.Job instance at 0x7f7c60641410>,4,16,[ 2 11],5,-1,21,-1,5
1,<environment.Job instance at 0x7f7c60641e10>,9,16,[ 4 13],10,-1,26,-1,10
1,<environment.Job instance at 0x7f7c605bcf50>,10,26,[4 7],11,-1,43,-1,17
1,<environment.Job instance at 0x7f7c605bcb90>,12,25,[11  1],13,-1,42,-1,17
1,<environment.Job instance at 0x7f7c60641d70>,5,24,[8 2],6,-1,50,-1,26
1,<environment.Job instance at 0x7f7c605bc690>,14,17,[12  2],15,-1,43,-1,26
1,<environment.Job instance at 0x7f7c605bcf00>,15,19,[11  2],16,-1,45,-1,26
1,<environment.Job instance at 0x7f7c605bcbe0>,16,12,[14  5],17,-1,38,-1,26
1,<environment.Job instance at 0x7f7c605bc640>,17,24,[ 1 11],18,-1,50,-1,26
1,<environment.Job instance at 0x7f7c605bc190>,18,18,[ 4 12],19,-1,44,-1,26
1,<environment.Job instance at 0x7f7c605bcd20>,13,26,[4 8],14,-1,52,-1,26
1,<environment.Job instance at 0x7f7c605bc0f0>,22,22,[ 3 14],23,-1,48,-1,26
1,<environment.Job instance at 0x7f7c605bccd0>,23,28,[14  4],24,-1,54,-1,26
1,<environment.Job instance at 0x7f7c60641640>,11,25,[10  5],12,-1,51,-1,26
1,<environment.Job instance at 0x7f7c605bcd70>,25,25,[ 3 13],26,-1,51,-1,26
1,<environment.Job instance at 0x7f7c6064f5f0>,27,24,[ 2 13],28,-1,52,-1,28
1,<environment.Job instance at 0x7f7c6064f730>,28,21,[ 2 14],29,-1,50,-1,29
1,<environment.Job instance at 0x7f7c6064fcd0>,29,16,[ 5 13],30,-1,46,-1,30
1,<environment.Job instance at 0x7f7c6064fb40>,30,28,[1 7],31,-1,72,-1,44
1,<environment.Job instance at 0x7f7c6064f960>,34,24,[12  1],35,-1,68,-1,44
1,<environment.Job instance at 0x7f7c6064fa50>,36,18,[13  2],37,-1,62,-1,44
1,<environment.Job instance at 0x7f7c6064fc30>,37,19,[ 5 13],38,-1,63,-1,44
1,<environment.Job instance at 0x7f7c60688500>,38,28,[3 5],39,-1,72,-1,44
1,<environment.Job instance at 0x7f7c5f772a00>,0,17,[2 8],1,-1,18,-1,1
1,<environment.Job instance at 0x7f7c5fe1e910>,6,15,[5 7],7,-1,22,-1,7
1,<environment.Job instance at 0x7f7c5fe1e730>,12,26,[13  4],13,-1,62,-1,36
1,<environment.Job instance at 0x7f7c6064f8c0>,1,27,[ 4 12],2,-1,29,-1,2
1,<environment.Job instance at 0x7f7c6064f960>,2,23,[5 7],3,-1,26,-1,3
1,<environment.Job instance at 0x7f7c6064fe10>,3,13,[11  3],4,-1,17,-1,4
1,<environment.Job instance at 0x7f7c6064f280>,4,25,[13  3],5,-1,30,-1,5
1,<environment.Job instance at 0x7f7c6064f820>,5,17,[ 2 14],6,-1,23,-1,6
1,<environment.Job instance at 0x7f7c6064fd20>,7,20,[12  3],8,-1,28,-1,8
1,<environment.Job instance at 0x7f7c6064f640>,8,16,[ 5 14],9,-1,25,-1,9
1,<environment.Job instance at 0x7f7c6064fcd0>,9,13,[12  5],10,-1,23,-1,10
1,<environment.Job instance at 0x7f7c601edaa0>,11,27,[12  2],12,-1,39,-1,12
1,<environment.Job instance at 0x7f7c60641a00>,12,26,[13  4],13,-1,39,-1,13
1,<environment.Job instance at 0x7f7c606415a0>,15,24,[ 4 10],16,-1,46,-1,22
1,<environment.Job instance at 0x7f7c60641c30>,19,20,[11  1],20,-1,42,-1,22
1,<environment.Job instance at 0x7f7c60641af0>,20,12,[ 1 14],21,-1,34,-1,22
1,<environment.Job instance at 0x7f7c606414b0>,21,18,[ 5 12],22,-1,40,-1,22
1,<environment.Job instance at 0x7f7c6097e690>,23,24,[6 1],24,-1,54,-1,30
1,<environment.Job instance at 0x7f7c60641140>,25,21,[12  1],26,-1,56,-1,35
1,<environment.Job instance at 0x7f7c6037bcd0>,26,16,[ 4 11],27,-1,51,-1,35
1,<environment.Job instance at 0x7f7c5fdfa870>,29,27,[11  5],30,-1,70,-1,43
1,<environment.Job instance at 0x7f7c5f808320>,0,17,[2 6],1,-1,19,-1,2
1,<environment.Job instance at 0x7f7c5f808730>,3,12,[ 1 10],4,-1,16,-1,4
1,<environment.Job instance at 0x7f7c5f808690>,5,14,[9 5],6,-1,20,-1,6
1,<environment.Job instance at 0x7f7c5f808b40>,8,17,[2 8],9,-1,31,-1,14
1,<environment.Job instance at 0x7f7c5fdfab40>,1,16,[ 1 11],2,-1,18,-1,2
1,<environment.Job instance at 0x7f7c5fdfa5a0>,2,26,[12  3],3,-1,29,-1,3
1,<environment.Job instance at 0x7f7c5f8080a0>,4,17,[ 4 13],5,-1,22,-1,5
1,<environment.Job instance at 0x7f7c60a7b370>,6,28,[1 9],7,-1,46,-1,18
1,<environment.Job instance at 0x7f7c60a7b730>,9,26,[3 5],10,-1,44,-1,18
1,<environment.Job instance at 0x7f7c5fd28820>,11,13,[ 2 13],12,-1,31,-1,18
1,<environment.Job instance at 0x7f7c5fd28be0>,12,18,[12  5],13,-1,36,-1,18
1,<environment.Job instance at 0x7f7c5fd28e10>,13,26,[13  3],14,-1,44,-1,18
1,<environment.Job instance at 0x7f7c5fd28230>,14,13,[14  1],15,-1,31,-1,18
1,<environment.Job instance at 0x7f7c5fd28dc0>,15,16,[ 3 11],16,-1,34,-1,18
1,<environment.Job instance at 0x7f7c5fd28fa0>,16,22,[14  2],17,-1,40,-1,18
1,<environment.Job instance at 0x7f7c5fd28cd0>,17,14,[12  4],18,-1,32,-1,18
1,<environment.Job instance at 0x7f7c5fd28d70>,18,14,[11  1],19,-1,33,-1,19
1,<environment.Job instance at 0x7f7c5fd28b40>,19,28,[6 2],20,-1,48,-1,20
1,<environment.Job instance at 0x7f7c5f808460>,7,26,[7 3],8,-1,46,-1,20
1,<environment.Job instance at 0x7f7c5fd28af0>,20,20,[12  3],21,-1,41,-1,21
1,<environment.Job instance at 0x7f7c5fd28960>,21,21,[13  4],22,-1,43,-1,22
1,<environment.Job instance at 0x7f7c5fd28370>,23,16,[11  1],24,-1,40,-1,24
1,<environment.Job instance at 0x7f7c60059cd0>,25,14,[11  5],26,-1,40,-1,26
1,<environment.Job instance at 0x7f7c600591e0>,26,13,[ 1 11],27,-1,40,-1,27
1,<environment.Job instance at 0x7f7c60059230>,22,23,[2 8],23,-1,53,-1,30
1,<environment.Job instance at 0x7f7c600593c0>,28,25,[6 1],29,-1,55,-1,30
1,<environment.Job instance at 0x7f7c60059d20>,29,15,[ 3 12],30,-1,45,-1,30
1,<environment.Job instance at 0x7f7c60059c30>,30,18,[13  2],31,-1,49,-1,31
1,<environment.Job instance at 0x7f7c60059050>,32,12,[14  3],33,-1,45,-1,33
1,<environment.Job instance at 0x7f7c60059410>,33,28,[11  3],34,-1,62,-1,34
1,<environment.Job instance at 0x7f7c60059c80>,35,28,[ 4 12],36,-1,64,-1,36
1,<environment.Job instance at 0x7f7c60059780>,36,20,[11  3],37,-1,57,-1,37
1,<environment.Job instance at 0x7f7c60059190>,37,15,[ 5 13],38,-1,53,-1,38
1,<environment.Job instance at 0x7f7c60059dc0>,40,24,[12  5],41,-1,70,-1,46
1,<environment.Job instance at 0x7f7c60f4b870>,41,19,[ 2 14],42,-1,65,-1,46
1,<environment.Job instance at 0x7f7c60f4baf0>,42,22,[12  1],43,-1,68,-1,46
1,<environment.Job instance at 0x7f7c60f4b140>,43,13,[ 3 11],44,-1,59,-1,46
1,<environment.Job instance at 0x7f7c69a45b40>,1,16,[1 8],2,-1,19,-1,3
1,<environment.Job instance at 0x7f7c5f996af0>,5,14,[5 8],6,-1,20,-1,6
1,<environment.Job instance at 0x7f7c5f996b40>,6,28,[5 2],7,-1,35,-1,7
1,<environment.Job instance at 0x7f7c5f996690>,8,26,[8 3],9,-1,35,-1,9
1,<environment.Job instance at 0x7f7c5f996410>,9,19,[6 4],10,-1,29,-1,10
1,<environment.Job instance at 0x7f7c5f996a50>,10,22,[5 6],11,-1,33,-1,11
1,<environment.Job instance at 0x7f7c60059280>,0,12,[ 2 12],1,-1,13,-1,1
1,<environment.Job instance at 0x7f7c60059050>,2,27,[ 2 11],3,-1,30,-1,3
1,<environment.Job instance at 0x7f7c60059b90>,3,27,[ 3 14],4,-1,31,-1,4
1,<environment.Job instance at 0x7f7c60059a00>,6,28,[5 2],7,-1,35,-1,7
1,<environment.Job instance at 0x7f7c600592d0>,7,28,[13  5],8,-1,36,-1,8
1,<environment.Job instance at 0x7f7c5fd28d70>,11,14,[ 3 11],12,-1,26,-1,12
1,<environment.Job instance at 0x7f7c5fd28050>,12,27,[ 3 14],13,-1,40,-1,13
1,<environment.Job instance at 0x7f7c5fd28cd0>,13,15,[14  1],14,-1,29,-1,14
1,<environment.Job instance at 0x7f7c5fd28fa0>,14,27,[ 5 11],15,-1,42,-1,15
1,<environment.Job instance at 0x7f7c600599b0>,8,26,[8 3],9,-1,43,-1,17
1,<environment.Job instance at 0x7f7c5fd281e0>,16,25,[ 1 13],17,-1,42,-1,17
1,<environment.Job instance at 0x7f7c5fd28820>,17,26,[10  3],18,-1,44,-1,18
1,<environment.Job instance at 0x7f7c605ca0a0>,20,21,[13  1],21,-1,42,-1,21
1,<environment.Job instance at 0x7f7c5fd28d20>,21,18,[ 2 12],22,-1,40,-1,22
1,<environment.Job instance at 0x7f7c5fd28af0>,22,14,[ 2 11],23,-1,37,-1,23
1,<environment.Job instance at 0x7f7c69a45dc0>,24,12,[ 4 13],25,-1,43,-1,31
1,<environment.Job instance at 0x7f7c5f6b8730>,26,14,[ 3 12],27,-1,46,-1,32
1,<environment.Job instance at 0x7f7c5f6b8820>,27,23,[13  3],28,-1,55,-1,32
1,<environment.Job instance at 0x7f7c5f6b85f0>,28,16,[13  5],29,-1,48,-1,32
1,<environment.Job instance at 0x7f7c5f6b80f0>,32,23,[9 3],33,-1,70,-1,47
1,<environment.Job instance at 0x7f7c5f6b8f00>,33,24,[ 4 11],34,-1,71,-1,47
1,<environment.Job instance at 0x7f7c5f6b8d70>,34,14,[13  1],35,-1,61,-1,47
1,<environment.Job instance at 0x7f7c5f6b8190>,35,14,[11  1],36,-1,61,-1,47
1,<environment.Job instance at 0x7f7c5f6b8050>,36,12,[12  5],37,-1,59,-1,47
1,<environment.Job instance at 0x7f7c5f6b8d20>,31,23,[8 4],32,-1,70,-1,47
1,<environment.Job instance at 0x7f7c5f6b8780>,38,14,[ 1 13],39,-1,61,-1,47
1,<environment.Job instance at 0x7f7c5f99b960>,0,21,[9 1],1,-1,23,-1,2
1,<environment.Job instance at 0x7f7c60059af0>,1,18,[5 8],2,-1,21,-1,3
1,<environment.Job instance at 0x7f7c5fba69b0>,6,15,[9 2],7,-1,23,-1,8
1,<environment.Job instance at 0x7f7c60688690>,8,17,[7 3],9,-1,26,-1,9
1,<environment.Job instance at 0x7f7c60688640>,9,18,[11  5],10,-1,28,-1,10
1,<environment.Job instance at 0x7f7c5f89c190>,10,28,[7 2],11,-1,39,-1,11
1,<environment.Job instance at 0x7f7c60430500>,7,21,[3 9],8,-1,33,-1,12
1,<environment.Job instance at 0x7f7c5f6b85a0>,2,19,[ 2 14],3,-1,22,-1,3
1,<environment.Job instance at 0x7f7c5fd749b0>,4,24,[14  2],5,-1,29,-1,5
1,<environment.Job instance at 0x7f7c5f6b8f00>,9,18,[11  5],10,-1,38,-1,20
1,<environment.Job instance at 0x7f7c5f6b8c80>,11,20,[14  4],12,-1,40,-1,20
1,<environment.Job instance at 0x7f7c5f6b8d20>,12,21,[13  5],13,-1,41,-1,20
1,<environment.Job instance at 0x7f7c5f6b8cd0>,10,28,[7 2],11,-1,50,-1,22
1,<environment.Job instance at 0x7f7c5f6b8e60>,14,14,[ 1 12],15,-1,36,-1,22
1,<environment.Job instance at 0x7f7c5f6b85f0>,15,15,[14  3],16,-1,37,-1,22
1,<environment.Job instance at 0x7f7c5f996730>,17,23,[ 2 13],18,-1,45,-1,22
1,<environment.Job instance at 0x7f7c5f6b8b90>,18,25,[1 6],19,-1,57,-1,32
1,<environment.Job instance at 0x7f7c5f6b8730>,19,22,[12  5],20,-1,54,-1,32
1,<environment.Job instance at 0x7f7c60059f00>,22,24,[2 5],23,-1,61,-1,37
1,<environment.Job instance at 0x7f7c60059230>,20,23,[7 1],21,-1,60,-1,37
1,<environment.Job instance at 0x7f7c60059d20>,24,12,[ 2 13],25,-1,49,-1,37
1,<environment.Job instance at 0x7f7c600591e0>,25,27,[4 9],26,-1,64,-1,37
1,<environment.Job instance at 0x7f7c60059aa0>,28,14,[ 5 14],29,-1,51,-1,37
1,<environment.Job instance at 0x7f7c60416230>,0,28,[9 5],1,-1,29,-1,1
1,<environment.Job instance at 0x7f7c60239280>,3,27,[ 5 13],4,-1,68,-1,41
1,<environment.Job instance at 0x7f7c5fd28af0>,0,28,[9 5],1,-1,29,-1,1
1,<environment.Job instance at 0x7f7c5fd28370>,1,12,[ 5 12],2,-1,14,-1,2
1,<environment.Job instance at 0x7f7c5fd28320>,2,26,[9 3],3,-1,29,-1,3
1,<environment.Job instance at 0x7f7c5f9f28c0>,3,27,[ 5 13],4,-1,31,-1,4
1,<environment.Job instance at 0x7f7c605237d0>,4,28,[ 4 14],5,-1,33,-1,5
1,<environment.Job instance at 0x7f7c5fd281e0>,6,13,[12  1],7,-1,20,-1,7
1,<environment.Job instance at 0x7f7c604bb230>,11,14,[ 4 13],12,-1,26,-1,12
1,<environment.Job instance at 0x7f7c607f12d0>,12,12,[14  3],13,-1,25,-1,13
1,<environment.Job instance at 0x7f7c607f1190>,13,18,[ 5 11],14,-1,32,-1,14
1,<environment.Job instance at 0x7f7c607f1460>,14,21,[ 1 12],15,-1,36,-1,15
1,<environment.Job instance at 0x7f7c5f9ecbe0>,16,18,[ 1 12],17,-1,35,-1,17
1,<environment.Job instance at 0x7f7c5f7f6f00>,8,24,[3 9],9,-1,47,-1,23
1,<environment.Job instance at 0x7f7c60803a00>,19,28,[ 3 10],20,-1,51,-1,23
1,<environment.Job instance at 0x7f7c60803410>,21,28,[11  4],22,-1,51,-1,23
1,<environment.Job instance at 0x7f7c607f1d70>,15,25,[4 9],16,-1,48,-1,23
1,<environment.Job instance at 0x7f7c607dc230>,23,19,[11  2],24,-1,43,-1,24
1,<environment.Job instance at 0x7f7c607f8550>,24,18,[12  3],25,-1,43,-1,25
1,<environment.Job instance at 0x7f7c607f8460>,26,19,[ 1 12],27,-1,46,-1,27
1,<environment.Job instance at 0x7f7c607dc8c0>,25,28,[5 5],26,-1,63,-1,35
1,<environment.Job instance at 0x7f7c608169b0>,27,24,[10  2],28,-1,59,-1,35
1,<environment.Job instance at 0x7f7c607f85a0>,28,24,[8 1],29,-1,59,-1,35
1,<environment.Job instance at 0x7f7c60816370>,31,28,[ 1 12],32,-1,63,-1,35
1,<environment.Job instance at 0x7f7c60816410>,32,15,[13  1],33,-1,50,-1,35
1,<environment.Job instance at 0x7f7c5fd55a50>,33,20,[ 5 12],34,-1,55,-1,35
1,<environment.Job instance at 0x7f7c607e6af0>,35,12,[ 4 13],36,-1,48,-1,36
1,<environment.Job instance at 0x7f7c608164b0>,29,27,[ 5 10],30,-1,64,-1,37
1,<environment.Job instance at 0x7f7c607e6aa0>,36,24,[5 3],37,-1,61,-1,37
1,<environment.Job instance at 0x7f7c5ff86230>,39,21,[14  3],40,-1,68,-1,47
1,<environment.Job instance at 0x7f7c5fc441e0>,1,17,[2 7],2,-1,20,-1,3
1,<environment.Job instance at 0x7f7c5fc568c0>,6,15,[ 5 11],7,-1,22,-1,7
1,<environment.Job instance at 0x7f7c5f7daf50>,0,26,[14  4],1,-1,27,-1,1
1,<environment.Job instance at 0x7f7c5f9ec370>,3,18,[14  1],4,-1,22,-1,4
1,<environment.Job instance at 0x7f7c60f63780>,4,24,[9 2],5,-1,29,-1,5
1,<environment.Job instance at 0x7f7c60f63f50>,6,15,[ 5 11],7,-1,22,-1,7
1,<environment.Job instance at 0x7f7c60f63fa0>,7,27,[ 2 13],8,-1,35,-1,8
1,<environment.Job instance at 0x7f7c5f7ed8c0>,9,16,[ 3 12],10,-1,26,-1,10
1,<environment.Job instance at 0x7f7c5fcad230>,10,12,[ 3 12],11,-1,23,-1,11
1,<environment.Job instance at 0x7f7c5fcadeb0>,11,13,[ 3 12],12,-1,25,-1,12
1,<environment.Job instance at 0x7f7c5fcadf50>,13,25,[11  2],14,-1,39,-1,14
1,<environment.Job instance at 0x7f7c5f7ed690>,14,23,[ 1 14],15,-1,38,-1,15
1,<environment.Job instance at 0x7f7c5fcad5a0>,16,12,[ 3 12],17,-1,29,-1,17
1,<environment.Job instance at 0x7f7c60f63730>,8,27,[5 1],9,-1,45,-1,18
1,<environment.Job instance at 0x7f7c5fcada00>,12,24,[ 4 10],13,-1,43,-1,19
1,<environment.Job instance at 0x7f7c5f79f690>,20,14,[ 2 11],21,-1,35,-1,21
1,<environment.Job instance at 0x7f7c5fde9be0>,22,22,[ 5 14],23,-1,45,-1,23
1,<environment.Job instance at 0x7f7c60abed70>,23,17,[12  4],24,-1,41,-1,24
1,<environment.Job instance at 0x7f7c60abe460>,24,26,[ 1 10],25,-1,58,-1,32
1,<environment.Job instance at 0x7f7c5fde3a00>,29,12,[ 1 11],30,-1,56,-1,44
1,<environment.Job instance at 0x7f7c5fde39b0>,30,28,[3 6],31,-1,77,-1,49
1,<environment.Job instance at 0x7f7c60145460>,0,21,[5 4],1,-1,22,-1,1
1,<environment.Job instance at 0x7f7c60145730>,1,15,[10  1],2,-1,18,-1,3
1,<environment.Job instance at 0x7f7c60145140>,3,23,[6 5],4,-1,27,-1,4
1,<environment.Job instance at 0x7f7c60f544b0>,2,20,[4 5],3,-1,24,-1,4
1,<environment.Job instance at 0x7f7c606fab40>,4,17,[ 2 13],5,-1,22,-1,5
1,<environment.Job instance at 0x7f7c60145500>,5,20,[ 1 11],6,-1,26,-1,6
1,<environment.Job instance at 0x7f7c60145820>,8,12,[ 3 14],9,-1,21,-1,9
1,<environment.Job instance at 0x7f7c5f7ed320>,3,23,[6 5],4,-1,40,-1,17
1,<environment.Job instance at 0x7f7c601557d0>,11,24,[14  4],12,-1,41,-1,17
1,<environment.Job instance at 0x7f7c601555f0>,12,26,[12  3],13,-1,43,-1,17
1,<environment.Job instance at 0x7f7c60155140>,13,16,[ 5 14],14,-1,33,-1,17
1,<environment.Job instance at 0x7f7c60155d20>,14,23,[8 4],15,-1,40,-1,17
1,<environment.Job instance at 0x7f7c5fe4a960>,15,12,[ 4 13],16,-1,29,-1,17
1,<environment.Job instance at 0x7f7c601559b0>,16,25,[13  1],17,-1,42,-1,17
1,<environment.Job instance at 0x7f7c5f7ed8c0>,6,27,[4 6],7,-1,44,-1,17
1,<environment.Job instance at 0x7f7c60145a00>,7,26,[8 5],8,-1,43,-1,17
1,<environment.Job instance at 0x7f7c60155960>,19,22,[14  4],20,-1,42,-1,20
1,<environment.Job instance at 0x7f7c606fe9b0>,20,14,[ 1 13],21,-1,35,-1,21
1,<environment.Job instance at 0x7f7c606fe2d0>,23,16,[11  3],24,-1,40,-1,24
1,<environment.Job instance at 0x7f7c60c292d0>,24,18,[ 5 12],25,-1,43,-1,25
1,<environment.Job instance at 0x7f7c60c29410>,25,24,[ 2 12],26,-1,50,-1,26
1,<environment.Job instance at 0x7f7c60c29c80>,26,24,[ 1 13],27,-1,51,-1,27
1,<environment.Job instance at 0x7f7c606fe5a0>,28,23,[4 5],29,-1,53,-1,30
1,<environment.Job instance at 0x7f7c5f9a0d70>,29,25,[1 9],30,-1,55,-1,30
1,<environment.Job instance at 0x7f7c606fe6e0>,21,28,[ 2 10],22,-1,58,-1,30
1,<environment.Job instance at 0x7f7c609f90a0>,33,24,[14  5],34,-1,59,-1,35
1,<environment.Job instance at 0x7f7c5f9a0410>,34,18,[14  1],35,-1,53,-1,35
1,<environment.Job instance at 0x7f7c5f74a190>,35,14,[13  5],36,-1,50,-1,36
1,<environment.Job instance at 0x7f7c5f74acd0>,36,21,[ 1 14],37,-1,58,-1,37
1,<environment.Job instance at 0x7f7c5f74a6e0>,38,22,[12  2],39,-1,65,-1,43
1,<environment.Job instance at 0x7f7c5f74a8c0>,39,26,[ 2 10],40,-1,74,-1,48
1,<environment.Job instance at 0x7f7c5ff57d20>,40,14,[12  5],41,-1,62,-1,48
1,<environment.Job instance at 0x7f7c5ff577d0>,41,14,[14  2],42,-1,62,-1,48
1,<environment.Job instance at 0x7f7c5ff57be0>,42,24,[4 5],43,-1,72,-1,48
1,<environment.Job instance at 0x7f7c5ff570a0>,43,24,[9 5],44,-1,72,-1,48
1,<environment.Job instance at 0x7f7c5ff57730>,44,18,[11  3],45,-1,66,-1,48
1,<environment.Job instance at 0x7f7c5ff57460>,45,23,[13  5],46,-1,71,-1,48
1,<environment.Job instance at 0x7f7c5ff57cd0>,48,28,[12  3],49,-1,77,-1,49
1,<environment.Job instance at 0x7f7c5ff57f50>,0,23,[8 4],1,-1,24,-1,1
1,<environment.Job instance at 0x7f7c60751960>,10,25,[13  4],11,-1,38,-1,13
1,<environment.Job instance at 0x7f7c5ff579b0>,0,23,[8 4],1,-1,24,-1,1
1,<environment.Job instance at 0x7f7c5ff57a50>,1,13,[12  4],2,-1,15,-1,2
1,<environment.Job instance at 0x7f7c5ff577d0>,2,27,[9 3],3,-1,30,-1,3
1,<environment.Job instance at 0x7f7c5ff57690>,4,18,[ 5 12],5,-1,23,-1,5
1,<environment.Job instance at 0x7f7c5f74a910>,5,28,[ 2 13],6,-1,34,-1,6
1,<environment.Job instance at 0x7f7c5f74a6e0>,6,26,[ 3 14],7,-1,33,-1,7
1,<environment.Job instance at 0x7f7c5f74acd0>,7,15,[11  5],8,-1,23,-1,8
1,<environment.Job instance at 0x7f7c60b58550>,9,15,[ 3 13],10,-1,25,-1,10
1,<environment.Job instance at 0x7f7c609f90a0>,10,25,[13  4],11,-1,36,-1,11
1,<environment.Job instance at 0x7f7c5f7e6dc0>,11,17,[13  1],12,-1,29,-1,12
1,<environment.Job instance at 0x7f7c5ff57d20>,13,25,[12  1],14,-1,39,-1,14
1,<environment.Job instance at 0x7f7c5f9a0460>,14,28,[14  4],15,-1,43,-1,15
1,<environment.Job instance at 0x7f7c5f9a0140>,15,16,[ 1 13],16,-1,32,-1,16
1,<environment.Job instance at 0x7f7c60c29820>,16,26,[ 3 11],17,-1,43,-1,17
1,<environment.Job instance at 0x7f7c60c29c80>,19,26,[12  4],20,-1,46,-1,20
1,<environment.Job instance at 0x7f7c606fe870>,20,16,[11  4],21,-1,37,-1,21
1,<environment.Job instance at 0x7f7c60f4e410>,23,20,[12  4],24,-1,44,-1,24
1,<environment.Job instance at 0x7f7c606fe0a0>,24,26,[1 6],25,-1,64,-1,38
1,<environment.Job instance at 0x7f7c606fe9b0>,26,27,[12  2],27,-1,65,-1,38
1,<environment.Job instance at 0x7f7c601553c0>,27,15,[14  2],28,-1,53,-1,38
1,<environment.Job instance at 0x7f7c60155960>,28,15,[13  3],29,-1,53,-1,38
1,<environment.Job instance at 0x7f7c601555f0>,31,14,[ 2 11],32,-1,52,-1,38
1,<environment.Job instance at 0x7f7c60155230>,32,25,[14  3],33,-1,63,-1,38
1,<environment.Job instance at 0x7f7c60155820>,33,23,[14  5],34,-1,61,-1,38
1,<environment.Job instance at 0x7f7c6979fb90>,34,27,[12  3],35,-1,65,-1,38
1,<environment.Job instance at 0x7f7c6979fbe0>,35,22,[11  3],36,-1,60,-1,38
1,<environment.Job instance at 0x7f7c602394b0>,36,28,[ 1 13],37,-1,66,-1,38
1,<environment.Job instance at 0x7f7c606fab40>,37,25,[12  4],38,-1,63,-1,38
1,<environment.Job instance at 0x7f7c606fe820>,25,23,[5 5],26,-1,61,-1,38
1,<environment.Job instance at 0x7f7c5f7ed8c0>,38,17,[ 2 13],39,-1,56,-1,39
1,<environment.Job instance at 0x7f7c60145820>,39,15,[ 2 14],40,-1,55,-1,40
1,<environment.Job instance at 0x7f7c602ad640>,41,16,[ 2 13],42,-1,58,-1,42
1,<environment.Job instance at 0x7f7c606f72d0>,43,15,[12  3],44,-1,59,-1,44
1,<environment.Job instance at 0x7f7c60751500>,44,19,[ 2 13],45,-1,64,-1,45
1,<environment.Job instance at 0x7f7c5f828190>,1,20,[3 7],2,-1,22,-1,2
1,<environment.Job instance at 0x7f7c5f828e10>,4,23,[2 6],5,-1,28,-1,5
1,<environment.Job instance at 0x7f7c5f8284b0>,11,22,[8 1],12,-1,37,-1,15
1,<environment.Job instance at 0x7f7c5f828960>,7,14,[ 2 11],8,-1,30,-1,16
1,<environment.Job instance at 0x7f7c5f828640>,12,24,[14  4],13,-1,48,-1,24
1,<environment.Job instance at 0x7f7c5f828780>,9,26,[5 9],10,-1,50,-1,24
1,<environment.Job instance at 0x7f7c5f83eaa0>,18,16,[11  5],19,-1,42,-1,26
1,<environment.Job instance at 0x7f7c5f83ebe0>,19,18,[13  2],20,-1,44,-1,26
1,<environment.Job instance at 0x7f7c5f83e820>,20,13,[3 5],21,-1,39,-1,26
1,<environment.Job instance at 0x7f7c5f83e4b0>,21,23,[14  1],22,-1,49,-1,26
1,<environment.Job instance at 0x7f7c5f83ec30>,22,17,[ 1 14],23,-1,43,-1,26
1,<environment.Job instance at 0x7f7c5f83e280>,23,16,[12  2],24,-1,42,-1,26
1,<environment.Job instance at 0x7f7c5f83ea50>,24,19,[ 4 11],25,-1,45,-1,26
1,<environment.Job instance at 0x7f7c5f83eb90>,25,24,[9 5],26,-1,50,-1,26
1,<environment.Job instance at 0x7f7c5f83e5f0>,26,16,[13  3],27,-1,43,-1,27
1,<environment.Job instance at 0x7f7c5fc20f50>,27,24,[14  3],28,-1,52,-1,28
1,<environment.Job instance at 0x7f7c5fc20460>,28,19,[ 1 14],29,-1,48,-1,29
1,<environment.Job instance at 0x7f7c5fc20aa0>,29,23,[14  3],30,-1,53,-1,30
1,<environment.Job instance at 0x7f7c5fc20320>,30,28,[ 4 11],31,-1,59,-1,31
1,<environment.Job instance at 0x7f7c5f828050>,15,15,[4 9],16,-1,47,-1,32
1,<environment.Job instance at 0x7f7c5fc20c30>,31,27,[5 5],32,-1,60,-1,33
1,<environment.Job instance at 0x7f7c5f837500>,3,18,[12  3],4,-1,22,-1,4
1,<environment.Job instance at 0x7f7c60398a00>,4,23,[2 6],5,-1,28,-1,5
1,<environment.Job instance at 0x7f7c5f837280>,6,27,[ 2 13],7,-1,34,-1,7
1,<environment.Job instance at 0x7f7c5fd3c190>,7,14,[ 2 11],8,-1,22,-1,8
1,<environment.Job instance at 0x7f7c5fd3cf00>,8,16,[ 1 12],9,-1,25,-1,9
1,<environment.Job instance at 0x7f7c5fd3cf50>,12,24,[14  4],13,-1,43,-1,19
1,<environment.Job instance at 0x7f7c601fb2d0>,16,16,[ 3 11],17,-1,35,-1,19
1,<environment.Job instance at 0x7f7c601fbeb0>,18,16,[11  5],19,-1,35,-1,19
1,<environment.Job instance at 0x7f7c5fd3c640>,9,26,[5 9],10,-1,48,-1,22
1,<environment.Job instance at 0x7f7c601fb550>,19,18,[13  2],20,-1,40,-1,22
1,<environment.Job instance at 0x7f7c601fbc30>,21,23,[14  1],22,-1,45,-1,22
1,<environment.Job instance at 0x7f7c601fb910>,22,17,[ 1 14],23,-1,48,-1,31
1,<environment.Job instance at 0x7f7c601fbd20>,23,16,[12  2],24,-1,47,-1,31
1,<environment.Job instance at 0x7f7c601fb190>,24,19,[ 4 11],25,-1,50,-1,31
1,<environment.Job instance at 0x7f7c601fb320>,26,16,[13  3],27,-1,59,-1,43
1,<environment.Job instance at 0x7f7c601fbdc0>,27,24,[14  3],28,-1,67,-1,43
1,<environment.Job instance at 0x7f7c601fbe10>,28,19,[ 1 14],29,-1,62,-1,43
1,<environment.Job instance at 0x7f7c601fbaf0>,29,23,[14  3],30,-1,66,-1,43
1,<environment.Job instance at 0x7f7c601fb280>,30,28,[ 4 11],31,-1,71,-1,43
1,<environment.Job instance at 0x7f7c5fee2870>,6,16,[9 4],7,-1,24,-1,8
1,<environment.Job instance at 0x7f7c5fe29550>,9,25,[3 9],10,-1,35,-1,10
1,<environment.Job instance at 0x7f7c5fe299b0>,10,16,[ 3 10],11,-1,27,-1,11
1,<environment.Job instance at 0x7f7c5fe29910>,11,18,[5 5],12,-1,30,-1,12
1,<environment.Job instance at 0x7f7c5fe29d20>,12,16,[5 5],13,-1,29,-1,13
1,<environment.Job instance at 0x7f7c5fee2960>,0,17,[14  2],1,-1,18,-1,1
1,<environment.Job instance at 0x7f7c5fee2cd0>,1,26,[10  4],2,-1,28,-1,2
1,<environment.Job instance at 0x7f7c5fee2190>,2,23,[5 5],3,-1,26,-1,3
1,<environment.Job instance at 0x7f7c5fada280>,3,13,[ 1 14],4,-1,17,-1,4
1,<environment.Job instance at 0x7f7c6044f280>,4,12,[ 3 11],5,-1,17,-1,5
1,<environment.Job instance at 0x7f7c6044f1e0>,7,19,[ 5 13],8,-1,27,-1,8
1,<environment.Job instance at 0x7f7c5fee2d70>,9,25,[3 9],10,-1,45,-1,20
1,<environment.Job instance at 0x7f7c60b210a0>,13,17,[ 3 13],14,-1,37,-1,20
1,<environment.Job instance at 0x7f7c60b217d0>,14,28,[3 9],15,-1,48,-1,20
1,<environment.Job instance at 0x7f7c60b21690>,15,28,[ 3 10],16,-1,48,-1,20
1,<environment.Job instance at 0x7f7c60b21aa0>,19,20,[12  4],20,-1,54,-1,34
1,<environment.Job instance at 0x7f7c60b21be0>,20,28,[8 2],21,-1,62,-1,34
1,<environment.Job instance at 0x7f7c60b21f50>,21,16,[12  4],22,-1,50,-1,34
1,<environment.Job instance at 0x7f7c60b21820>,22,16,[ 2 13],23,-1,50,-1,34
1,<environment.Job instance at 0x7f7c5f71e8c0>,23,23,[5 8],24,-1,57,-1,34
1,<environment.Job instance at 0x7f7c5f71e7d0>,25,24,[9 3],26,-1,63,-1,39
1,<environment.Job instance at 0x7f7c5f71ea00>,27,23,[5 4],28,-1,62,-1,39
1,<environment.Job instance at 0x7f7c5f71ec80>,28,23,[11  4],29,-1,62,-1,39
1,<environment.Job instance at 0x7f7c5f71e4b0>,30,21,[ 5 13],31,-1,60,-1,39
1,<environment.Job instance at 0x7f7c5f71eaa0>,31,22,[11  1],32,-1,61,-1,39
1,<environment.Job instance at 0x7f7c5f71e3c0>,32,17,[11  2],33,-1,56,-1,39
1,<environment.Job instance at 0x7f7c5ff16690>,12,27,[5 6],13,-1,46,-1,19
1,<environment.Job instance at 0x7f7c5ff16730>,14,17,[10  4],15,-1,36,-1,19
1,<environment.Job instance at 0x7f7c5ff16370>,9,28,[1 8],10,-1,49,-1,21
1,<environment.Job instance at 0x7f7c5ff16550>,16,27,[12  3],17,-1,48,-1,21
1,<environment.Job instance at 0x7f7c5ff168c0>,17,17,[13  2],18,-1,38,-1,21
1,<environment.Job instance at 0x7f7c5ff16960>,19,20,[1 7],20,-1,41,-1,21
1,<environment.Job instance at 0x7f7c5ff160a0>,4,22,[ 1 12],5,-1,43,-1,21
1,<environment.Job instance at 0x7f7c5ff16a00>,18,14,[2 7],19,-1,36,-1,22
1,<environment.Job instance at 0x7f7c5ff167d0>,15,16,[12  2],16,-1,47,-1,31
1,<environment.Job instance at 0x7f7c5ff16c30>,22,24,[7 3],23,-1,55,-1,31
1,<environment.Job instance at 0x7f7c5ff16140>,6,27,[3 5],7,-1,58,-1,31
1,<environment.Job instance at 0x7f7c5ff16c80>,21,20,[9 4],22,-1,51,-1,31
1,<environment.Job instance at 0x7f7c5ff16eb0>,26,20,[ 4 11],27,-1,52,-1,32
1,<environment.Job instance at 0x7f7c5ff18050>,27,21,[5 9],28,-1,53,-1,32
1,<environment.Job instance at 0x7f7c5ff16e60>,23,12,[13  5],24,-1,44,-1,32
1,<environment.Job instance at 0x7f7c5ff164b0>,11,26,[7 2],12,-1,58,-1,32
1,<environment.Job instance at 0x7f7c5ff16f50>,25,23,[ 1 10],26,-1,55,-1,32
1,<environment.Job instance at 0x7f7c5f955aa0>,0,12,[11  2],1,-1,13,-1,1
1,<environment.Job instance at 0x7f7c5f955a00>,2,16,[ 3 13],3,-1,19,-1,3
1,<environment.Job instance at 0x7f7c5f955960>,4,22,[ 1 12],5,-1,27,-1,5
1,<environment.Job instance at 0x7f7c5f71e0a0>,5,24,[12  5],6,-1,30,-1,6
1,<environment.Job instance at 0x7f7c5f71e230>,6,27,[3 5],7,-1,34,-1,7
1,<environment.Job instance at 0x7f7c5f71e5f0>,11,26,[7 2],12,-1,44,-1,18
1,<environment.Job instance at 0x7f7c5f71e190>,13,28,[ 2 12],14,-1,46,-1,18
1,<environment.Job instance at 0x7f7c5f71eaa0>,9,28,[1 8],10,-1,47,-1,19
1,<environment.Job instance at 0x7f7c5f71e1e0>,15,16,[12  2],16,-1,35,-1,19
1,<environment.Job instance at 0x7f7c5f71ea00>,16,27,[12  3],17,-1,46,-1,19
1,<environment.Job instance at 0x7f7c5f71e550>,17,17,[13  2],18,-1,36,-1,19
1,<environment.Job instance at 0x7f7c5f71ec80>,12,27,[5 6],13,-1,46,-1,19
1,<environment.Job instance at 0x7f7c60b21be0>,23,12,[13  5],24,-1,44,-1,32
1,<environment.Job instance at 0x7f7c60b21aa0>,24,21,[ 1 13],25,-1,53,-1,32
1,<environment.Job instance at 0x7f7c60b21dc0>,22,24,[7 3],23,-1,56,-1,32
1,<environment.Job instance at 0x7f7c60b21eb0>,26,20,[ 4 11],27,-1,52,-1,32
1,<environment.Job instance at 0x7f7c60b21b40>,25,23,[ 1 10],26,-1,62,-1,39
1,<environment.Job instance at 0x7f7c60b212d0>,30,23,[ 3 11],31,-1,62,-1,39
1,<environment.Job instance at 0x7f7c60b21a50>,33,26,[ 4 14],34,-1,65,-1,39
1,<environment.Job instance at 0x7f7c5fee2cd0>,34,25,[2 7],35,-1,64,-1,39
1,<environment.Job instance at 0x7f7c60b21320>,28,23,[3 7],29,-1,62,-1,39
1,<environment.Job instance at 0x7f7c604d46e0>,7,26,[12  5],8,-1,34,-1,8
1,<environment.Job instance at 0x7f7c5f95f8c0>,9,16,[14  1],10,-1,29,-1,13
1,<environment.Job instance at 0x7f7c5fba55f0>,13,19,[ 4 10],14,-1,33,-1,14
1,<environment.Job instance at 0x7f7c5fba5820>,14,18,[10  1],15,-1,33,-1,15
1,<environment.Job instance at 0x7f7c6044faf0>,0,25,[ 4 14],1,-1,26,-1,1
1,<environment.Job instance at 0x7f7c6044f410>,2,20,[14  3],3,-1,23,-1,3
1,<environment.Job instance at 0x7f7c5fada280>,3,25,[14  5],4,-1,29,-1,4
1,<environment.Job instance at 0x7f7c6044fcd0>,5,14,[14  1],6,-1,20,-1,6
1,<environment.Job instance at 0x7f7c5f71e190>,7,26,[12  5],8,-1,34,-1,8
1,<environment.Job instance at 0x7f7c5f71ec80>,9,16,[14  1],10,-1,26,-1,10
1,<environment.Job instance at 0x7f7c5f71e8c0>,11,24,[ 3 12],12,-1,36,-1,12
1,<environment.Job instance at 0x7f7c5f71e3c0>,12,23,[4 7],13,-1,41,-1,18
1,<environment.Job instance at 0x7f7c5f71e820>,15,26,[12  4],16,-1,44,-1,18
1,<environment.Job instance at 0x7f7c5f71e7d0>,4,26,[10  2],5,-1,54,-1,28
1,<environment.Job instance at 0x7f7c5f71ee10>,8,28,[8 3],9,-1,56,-1,28
1,<environment.Job instance at 0x7f7c60de1370>,19,17,[ 3 12],20,-1,45,-1,28
1,<environment.Job instance at 0x7f7c60de1050>,20,13,[14  5],21,-1,41,-1,28
1,<environment.Job instance at 0x7f7c604d4e60>,21,21,[ 5 14],22,-1,49,-1,28
1,<environment.Job instance at 0x7f7c604d4cd0>,22,21,[ 4 11],23,-1,49,-1,28
1,<environment.Job instance at 0x7f7c5fef4cd0>,23,25,[2 7],24,-1,53,-1,28
1,<environment.Job instance at 0x7f7c5fef49b0>,24,23,[14  4],25,-1,51,-1,28
1,<environment.Job instance at 0x7f7c5fef48c0>,25,12,[ 3 11],26,-1,40,-1,28
1,<environment.Job instance at 0x7f7c695650f0>,28,18,[12  1],29,-1,60,-1,42
1,<environment.Job instance at 0x7f7c69565eb0>,30,24,[12  2],31,-1,67,-1,43
1,<environment.Job instance at 0x7f7c606fe3c0>,7,18,[2 7],8,-1,27,-1,9
1,<environment.Job instance at 0x7f7c609f2230>,9,18,[3 8],10,-1,28,-1,10
1,<environment.Job instance at 0x7f7c60c08780>,8,25,[5 3],9,-1,35,-1,10
1,<environment.Job instance at 0x7f7c5f8261e0>,10,24,[5 7],11,-1,36,-1,12
1,<environment.Job instance at 0x7f7c609f2500>,13,27,[ 2 10],14,-1,41,-1,14
1,<environment.Job instance at 0x7f7c5f8d3dc0>,0,23,[13  2],1,-1,24,-1,1
1,<environment.Job instance at 0x7f7c60d49a00>,1,21,[12  3],2,-1,23,-1,2
1,<environment.Job instance at 0x7f7c60d49c30>,2,17,[14  1],3,-1,20,-1,3
1,<environment.Job instance at 0x7f7c60d490f0>,3,15,[ 1 12],4,-1,19,-1,4
1,<environment.Job instance at 0x7f7c607f8b90>,6,20,[ 1 12],7,-1,27,-1,7
1,<environment.Job instance at 0x7f7c607f86e0>,8,25,[5 3],9,-1,34,-1,9
1,<environment.Job instance at 0x7f7c5fc9a1e0>,10,24,[5 7],11,-1,48,-1,24
1,<environment.Job instance at 0x7f7c607de7d0>,13,27,[ 2 10],14,-1,51,-1,24
1,<environment.Job instance at 0x7f7c607defa0>,14,16,[ 1 12],15,-1,40,-1,24
1,<environment.Job instance at 0x7f7c607de460>,15,15,[13  4],16,-1,39,-1,24
1,<environment.Job instance at 0x7f7c607ded70>,16,20,[ 1 13],17,-1,44,-1,24
1,<environment.Job instance at 0x7f7c5fd05e60>,18,28,[ 2 14],19,-1,52,-1,24
1,<environment.Job instance at 0x7f7c5fd05550>,19,28,[11  1],20,-1,52,-1,24
1,<environment.Job instance at 0x7f7c603c90a0>,21,28,[8 2],22,-1,53,-1,25
1,<environment.Job instance at 0x7f7c603c90f0>,22,21,[ 1 11],23,-1,46,-1,25
1,<environment.Job instance at 0x7f7c603c9550>,24,21,[14  2],25,-1,46,-1,25
1,<environment.Job instance at 0x7f7c5ffe9960>,26,21,[14  4],27,-1,59,-1,38
1,<environment.Job instance at 0x7f7c5ffe9870>,27,20,[11  1],28,-1,58,-1,38
1,<environment.Job instance at 0x7f7c60b6e820>,28,22,[ 5 12],29,-1,60,-1,38
1,<environment.Job instance at 0x7f7c695bf5a0>,29,17,[13  1],30,-1,55,-1,38
1,<environment.Job instance at 0x7f7c603c0f00>,30,27,[ 2 13],31,-1,65,-1,38
1,<environment.Job instance at 0x7f7c695bfb90>,31,17,[11  4],32,-1,55,-1,38
1,<environment.Job instance at 0x7f7c695bfd70>,32,27,[ 4 13],33,-1,65,-1,38
1,<environment.Job instance at 0x7f7c695bf320>,33,15,[14  1],34,-1,53,-1,38
1,<environment.Job instance at 0x7f3a7c033eb0>,0,24,[2 8],1,-1,25,-1,1
1,<environment.Job instance at 0x7f3a7c037190>,2,26,[10  1],3,-1,29,-1,3
1,<environment.Job instance at 0x7f3a7c037370>,3,15,[13  4],4,-1,19,-1,4
1,<environment.Job instance at 0x7f3a7c037280>,4,24,[ 3 11],5,-1,29,-1,5
1,<environment.Job instance at 0x7f3a7c037460>,6,19,[ 1 13],7,-1,26,-1,7
1,<environment.Job instance at 0x7f3a7c02d5f0>,8,24,[ 2 12],9,-1,33,-1,9
1,<environment.Job instance at 0x7f3a7c037820>,10,14,[ 1 14],11,-1,25,-1,11
1,<environment.Job instance at 0x7f3a7c037a50>,13,27,[3 8],14,-1,41,-1,14
1,<environment.Job instance at 0x7f3a7c037a00>,14,14,[14  3],15,-1,29,-1,15
1,<environment.Job instance at 0x7f3a7c037af0>,15,24,[ 2 13],16,-1,40,-1,16
1,<environment.Job instance at 0x7f3a7c037b90>,16,19,[ 3 12],17,-1,36,-1,17
1,<environment.Job instance at 0x7f3a7c0379b0>,17,18,[ 5 13],18,-1,36,-1,18
1,<environment.Job instance at 0x7f3a7c037e60>,19,21,[14  4],20,-1,41,-1,20
1,<environment.Job instance at 0x7f3a7c037dc0>,21,22,[14  2],22,-1,46,-1,24
1,<environment.Job instance at 0x7f3a7c037fa0>,22,25,[ 4 12],23,-1,49,-1,24
1,<environment.Job instance at 0x7f3a7c03a1e0>,24,20,[ 3 12],25,-1,49,-1,29
1,<environment.Job instance at 0x7f3a7c037d20>,25,16,[11  3],26,-1,45,-1,29
1,<environment.Job instance at 0x7f3a7c03a0a0>,27,25,[14  4],28,-1,54,-1,29
1,<environment.Job instance at 0x7f3a7c03a640>,29,24,[5 1],30,-1,65,-1,41
1,<environment.Job instance at 0x7f3a7c03a5f0>,32,14,[14  3],33,-1,65,-1,51
1,<environment.Job instance at 0x7f3a7c03a7d0>,35,23,[11  2],36,-1,79,-1,56
1,<environment.Job instance at 0x7f3a7c03a870>,36,27,[10  1],37,-1,83,-1,56
1,<environment.Job instance at 0x7f3a7c03a9b0>,38,16,[ 1 13],39,-1,72,-1,56
1,<environment.Job instance at 0x7f3a7c03cc30>,0,23,[5 7],1,-1,24,-1,1
1,<environment.Job instance at 0x7f3a7bb21fa0>,1,14,[ 2 10],2,-1,17,-1,3
1,<environment.Job instance at 0x7f3a7bb26a50>,3,24,[9 2],4,-1,28,-1,4
1,<environment.Job instance at 0x7f3a7bb260a0>,5,15,[ 1 11],6,-1,21,-1,6
1,<environment.Job instance at 0x7f3a7bb263c0>,9,26,[5 4],10,-1,36,-1,10
1,<environment.Job instance at 0x7f3a7c0370a0>,2,24,[ 3 10],3,-1,34,-1,10
1,<environment.Job instance at 0x7f3a7bb26960>,12,18,[5 5],13,-1,31,-1,13
1,<environment.Job instance at 0x7f3a7bb26730>,13,27,[8 2],14,-1,41,-1,14
1,<environment.Job instance at 0x7f3a7bb268c0>,14,14,[9 1],15,-1,30,-1,16
1,<environment.Job instance at 0x7f3a7bc065f0>,15,19,[8 3],16,-1,35,-1,16
1,<environment.Job instance at 0x7f3a7bb26870>,16,18,[ 2 10],17,-1,35,-1,17
1,<environment.Job instance at 0x7f3a7bc1b230>,19,15,[4 7],20,-1,35,-1,20
1,<environment.Job instance at 0x7f3a7bc1f640>,20,19,[8 4],21,-1,40,-1,21
1,<environment.Job instance at 0x7f3a7bc985a0>,21,17,[2 7],22,-1,39,-1,22
1,<environment.Job instance at 0x7f3a7c03c190>,0,23,[5 7],1,-1,24,-1,1
1,<environment.Job instance at 0x7f3a7c03c2d0>,3,24,[9 2],4,-1,28,-1,4
1,<environment.Job instance at 0x7f3a7c037f00>,4,20,[11  1],5,-1,25,-1,5
1,<environment.Job instance at 0x7f3a7c037dc0>,5,15,[ 1 11],6,-1,21,-1,6
1,<environment.Job instance at 0x7f3a7c03c050>,8,25,[ 2 12],9,-1,34,-1,9
1,<environment.Job instance at 0x7f3a7c037be0>,9,26,[5 4],10,-1,36,-1,10
1,<environment.Job instance at 0x7f3a7c03c230>,2,24,[ 3 10],3,-1,43,-1,19
1,<environment.Job instance at 0x7f3a7c037690>,13,27,[8 2],14,-1,46,-1,19
1,<environment.Job instance at 0x7f3a7c037870>,17,19,[14  1],18,-1,38,-1,19
1,<environment.Job instance at 0x7f3a7c0370f0>,22,24,[10  3],23,-1,71,-1,47
1,<environment.Job instance at 0x7f3a7c037190>,23,17,[ 4 14],24,-1,64,-1,47
1,<environment.Job instance at 0x7f3a7c0375f0>,24,21,[ 1 12],25,-1,68,-1,47
1,<environment.Job instance at 0x7f3a7c033e60>,25,18,[ 5 12],26,-1,65,-1,47
1,<environment.Job instance at 0x7f3a7c033eb0>,26,12,[ 3 14],27,-1,59,-1,47
1,<environment.Job instance at 0x7f3a7c03a2d0>,28,25,[11  5],29,-1,72,-1,47
1,<environment.Job instance at 0x7f3a7c03a500>,29,18,[ 4 11],30,-1,65,-1,47
1,<environment.Job instance at 0x7f3a7c03aeb0>,31,14,[12  2],32,-1,70,-1,56
1,<environment.Job instance at 0x7f3a7c03adc0>,32,25,[ 2 14],33,-1,81,-1,56
1,<environment.Job instance at 0x7f3a7c03abe0>,33,25,[7 2],34,-1,81,-1,56
1,<environment.Job instance at 0x7f3a7c03ab40>,34,16,[ 5 14],35,-1,72,-1,56
1,<environment.Job instance at 0x7f3a7c03acd0>,35,24,[ 2 11],36,-1,80,-1,56
1,<environment.Job instance at 0x7f3a7c03a910>,36,12,[ 4 14],37,-1,68,-1,56
1,<environment.Job instance at 0x7f3a7c03a870>,37,27,[5 8],38,-1,83,-1,56
1,<environment.Job instance at 0x7f3a7c03a690>,40,22,[ 2 14],41,-1,78,-1,56
1,<environment.Job instance at 0x7f3a7c03a410>,41,18,[13  3],42,-1,74,-1,56
1,<environment.Job instance at 0x7f3a7b7ce640>,0,15,[9 2],1,-1,17,-1,2
1,<environment.Job instance at 0x7f3a7b7cef50>,3,16,[1 8],4,-1,20,-1,4
1,<environment.Job instance at 0x7f3a7b7ceeb0>,4,24,[5 6],5,-1,29,-1,5
1,<environment.Job instance at 0x7f3a7b7ce4b0>,8,19,[1 9],9,-1,28,-1,9
1,<environment.Job instance at 0x7f3a7b7ce2d0>,9,19,[4 7],10,-1,29,-1,10
1,<environment.Job instance at 0x7f3a7b7ce8c0>,10,21,[4 6],11,-1,32,-1,11
1,<environment.Job instance at 0x7f3a7b7ce820>,12,27,[5 4],13,-1,40,-1,13
1,<environment.Job instance at 0x7f3a7b7c4b40>,1,18,[ 3 12],2,-1,20,-1,2
1,<environment.Job instance at 0x7f3a7b7c4dc0>,2,21,[ 2 13],3,-1,24,-1,3
1,<environment.Job instance at 0x7f3a7b7d8a00>,5,18,[11  5],6,-1,24,-1,6
1,<environment.Job instance at 0x7f3a7b7c40f0>,6,14,[14  1],7,-1,21,-1,7
1,<environment.Job instance at 0x7f3a7b7c41e0>,7,22,[12  1],8,-1,30,-1,8
1,<environment.Job instance at 0x7f3a7b7c4870>,4,24,[5 6],5,-1,40,-1,16
1,<environment.Job instance at 0x7f3a7b7c4140>,12,27,[5 4],13,-1,43,-1,16
1,<environment.Job instance at 0x7f3a7b7c42d0>,13,18,[13  4],14,-1,34,-1,16
1,<environment.Job instance at 0x7f3a7b7c4c80>,16,14,[ 3 14],17,-1,31,-1,17
1,<environment.Job instance at 0x7f3a7b7bd0f0>,17,21,[ 3 12],18,-1,39,-1,18
1,<environment.Job instance at 0x7f3a7b7bd230>,18,26,[ 1 11],19,-1,45,-1,19
1,<environment.Job instance at 0x7f3a7b7bdfa0>,19,28,[3 6],20,-1,48,-1,20
1,<environment.Job instance at 0x7f3a7b7c4eb0>,11,27,[4 8],12,-1,47,-1,20
1,<environment.Job instance at 0x7f3a7b7bd1e0>,20,21,[ 3 12],21,-1,42,-1,21
1,<environment.Job instance at 0x7f3a7b7bdf50>,21,17,[ 2 11],22,-1,39,-1,22
1,<environment.Job instance at 0x7f3a7b7bdcd0>,23,14,[11  1],24,-1,38,-1,24
1,<environment.Job instance at 0x7f3a7b7bdbe0>,24,26,[ 3 12],25,-1,51,-1,25
1,<environment.Job instance at 0x7f3a7b7bd730>,26,16,[14  1],27,-1,43,-1,27
1,<environment.Job instance at 0x7f3a7b7bda50>,25,24,[4 7],26,-1,63,-1,39
1,<environment.Job instance at 0x7f3a7b7bdaf0>,28,28,[7 2],29,-1,67,-1,39
1,<environment.Job instance at 0x7f3a7b9480a0>,29,28,[7 1],30,-1,67,-1,39
1,<environment.Job instance at 0x7f3a7b7bd780>,27,25,[5 4],28,-1,64,-1,39
1,<environment.Job instance at 0x7f3a7b948d70>,32,24,[12  2],33,-1,63,-1,39
1,<environment.Job instance at 0x7f3a7b948c80>,33,26,[ 3 11],34,-1,65,-1,39
1,<environment.Job instance at 0x7f3a7b948fa0>,34,25,[ 5 11],35,-1,64,-1,39
1,<environment.Job instance at 0x7f3a7b948640>,36,16,[ 1 11],37,-1,55,-1,39
1,<environment.Job instance at 0x7f3a7b948d20>,41,12,[12  4],42,-1,68,-1,56
1,<environment.Job instance at 0x7f3a7b9487d0>,42,21,[12  4],43,-1,77,-1,56
1,<environment.Job instance at 0x7f3a7b948a00>,43,14,[12  3],44,-1,70,-1,56
1,<environment.Job instance at 0x7f3a7b948730>,44,28,[ 3 13],45,-1,84,-1,56
1,<environment.Job instance at 0x7f3a7b948550>,45,22,[ 3 12],46,-1,78,-1,56
1,<environment.Job instance at 0x7f3a7b7b49b0>,46,23,[11  2],47,-1,79,-1,56
1,<environment.Job instance at 0x7f3a7b7b75a0>,1,13,[ 4 10],2,-1,16,-1,3
1,<environment.Job instance at 0x7f3a7b622370>,6,24,[8 2],7,-1,31,-1,7
1,<environment.Job instance at 0x7f3a7b6224b0>,7,22,[1 7],8,-1,30,-1,8
1,<environment.Job instance at 0x7f3a7b6226e0>,15,25,[8 2],16,-1,57,-1,32
1,<environment.Job instance at 0x7f3a7b622a50>,18,17,[10  5],19,-1,49,-1,32
1,<environment.Job instance at 0x7f3a7b622af0>,19,16,[ 3 12],20,-1,48,-1,32
1,<environment.Job instance at 0x7f3a7b622870>,14,24,[ 1 11],15,-1,58,-1,34
1,<environment.Job instance at 0x7f3a7b622b90>,20,23,[5 8],21,-1,57,-1,34
1,<environment.Job instance at 0x7f3a7b622e10>,23,23,[10  3],24,-1,57,-1,34
1,<environment.Job instance at 0x7f3a7b622e60>,24,28,[3 8],25,-1,62,-1,34
1,<environment.Job instance at 0x7f3a7b7b4780>,0,27,[13  4],1,-1,28,-1,1
1,<environment.Job instance at 0x7f3a7b7b48c0>,3,23,[ 2 14],4,-1,27,-1,4
1,<environment.Job instance at 0x7f3a7b7b4dc0>,4,12,[ 2 11],5,-1,17,-1,5
1,<environment.Job instance at 0x7f3a7b7b4a00>,8,28,[ 4 13],9,-1,37,-1,9
1,<environment.Job instance at 0x7f3a7b7b4fa0>,10,12,[11  1],11,-1,23,-1,11
1,<environment.Job instance at 0x7f3a7b948190>,11,12,[ 5 11],12,-1,24,-1,12
1,<environment.Job instance at 0x7f3a7b9481e0>,12,15,[ 3 11],13,-1,28,-1,13
1,<environment.Job instance at 0x7f3a7b7b49b0>,6,24,[8 2],7,-1,39,-1,15
1,<environment.Job instance at 0x7f3a7b948730>,14,24,[ 1 11],15,-1,39,-1,15
1,<environment.Job instance at 0x7f3a7b948550>,9,26,[3 6],10,-1,41,-1,15
1,<environment.Job instance at 0x7f3a7b948230>,13,24,[ 1 10],14,-1,39,-1,15
1,<environment.Job instance at 0x7f3a7b9487d0>,16,14,[14  4],17,-1,31,-1,17
1,<environment.Job instance at 0x7f3a7b948cd0>,19,16,[ 3 12],20,-1,36,-1,20
1,<environment.Job instance at 0x7f3a7b9480a0>,21,21,[ 4 11],22,-1,43,-1,22
1,<environment.Job instance at 0x7f3a7b948780>,22,20,[ 3 12],23,-1,43,-1,23
1,<environment.Job instance at 0x7f3a7b948640>,15,25,[8 2],16,-1,54,-1,29
1,<environment.Job instance at 0x7f3a7b948500>,24,28,[3 8],25,-1,57,-1,29
1,<environment.Job instance at 0x7f3a7b948410>,25,24,[12  1],26,-1,53,-1,29
1,<environment.Job instance at 0x7f3a7b7c4c80>,26,14,[11  2],27,-1,43,-1,29
1,<environment.Job instance at 0x7f3a7b7c40a0>,27,27,[5 3],28,-1,56,-1,29
1,<environment.Job instance at 0x7f3a7b948c80>,17,25,[5 4],18,-1,54,-1,29
1,<environment.Job instance at 0x7f3a7b948e10>,20,23,[5 8],21,-1,52,-1,29
1,<environment.Job instance at 0x7f3a7b948be0>,23,23,[10  3],24,-1,52,-1,29
1,<environment.Job instance at 0x7f3a7b7c42d0>,29,17,[ 5 11],30,-1,47,-1,30
1,<environment.Job instance at 0x7f3a7b7c4460>,30,13,[11  1],31,-1,44,-1,31
1,<environment.Job instance at 0x7f3a7b7c4370>,31,27,[14  2],32,-1,59,-1,32
1,<environment.Job instance at 0x7f3a7b7c4f00>,32,25,[13  2],33,-1,58,-1,33
1,<environment.Job instance at 0x7f3a7b7c4280>,33,21,[ 4 12],34,-1,55,-1,34
1,<environment.Job instance at 0x7f3a7b7c4910>,35,18,[ 5 11],36,-1,54,-1,36
1,<environment.Job instance at 0x7f3a7b7c4410>,37,12,[11  1],38,-1,50,-1,38
1,<environment.Job instance at 0x7f3a7b7c49b0>,38,13,[ 5 13],39,-1,52,-1,39
1,<environment.Job instance at 0x7f3a7c5f25f0>,3,18,[8 5],4,-1,23,-1,5
1,<environment.Job instance at 0x7f3a7b6227d0>,0,24,[11  3],1,-1,25,-1,1
1,<environment.Job instance at 0x7f3a7b948410>,1,22,[ 5 14],2,-1,24,-1,2
1,<environment.Job instance at 0x7f3a7b948910>,2,24,[14  3],3,-1,27,-1,3
1,<environment.Job instance at 0x7f3a7b948370>,4,28,[6 3],5,-1,33,-1,5
1,<environment.Job instance at 0x7f3a7b948cd0>,5,15,[11  2],6,-1,21,-1,6
1,<environment.Job instance at 0x7f3a7b948eb0>,6,24,[ 5 14],7,-1,31,-1,7
1,<environment.Job instance at 0x7f3a7b948f50>,7,28,[11  1],8,-1,36,-1,8
1,<environment.Job instance at 0x7f3a7b948c80>,8,15,[ 5 11],9,-1,24,-1,9
1,<environment.Job instance at 0x7f3a7b622f00>,11,16,[ 2 13],12,-1,28,-1,12
1,<environment.Job instance at 0x7f3a7b948320>,13,24,[ 5 11],14,-1,38,-1,14
1,<environment.Job instance at 0x7f3a7bb218c0>,15,13,[11  1],16,-1,29,-1,16
1,<environment.Job instance at 0x7f3a7c5f2140>,16,12,[ 3 12],17,-1,29,-1,17
1,<environment.Job instance at 0x7f3a7b948a00>,17,25,[8 3],18,-1,47,-1,22
1,<environment.Job instance at 0x7f3a7c5f2910>,19,15,[ 5 13],20,-1,37,-1,22
1,<environment.Job instance at 0x7f3a7c3330f0>,22,23,[ 1 13],23,-1,46,-1,23
1,<environment.Job instance at 0x7f3a7c086320>,23,12,[12  2],24,-1,36,-1,24
1,<environment.Job instance at 0x7f3a7c333dc0>,21,24,[5 1],22,-1,55,-1,31
1,<environment.Job instance at 0x7f3a7c086230>,26,19,[ 3 14],27,-1,50,-1,31
1,<environment.Job instance at 0x7f3a7c086780>,27,26,[ 1 14],28,-1,57,-1,31
1,<environment.Job instance at 0x7f3a7c086460>,29,16,[12  3],30,-1,55,-1,39
1,<environment.Job instance at 0x7f3a7c086eb0>,30,27,[13  4],31,-1,66,-1,39
1,<environment.Job instance at 0x7f3a7be71b40>,34,23,[8 5],35,-1,62,-1,39
1,<environment.Job instance at 0x7f3a7be71550>,38,27,[ 3 13],39,-1,76,-1,49
1,<environment.Job instance at 0x7f3a7be71a50>,39,20,[14  3],40,-1,69,-1,49
1,<environment.Job instance at 0x7f3a7be71c30>,40,22,[12  1],41,-1,71,-1,49
1,<environment.Job instance at 0x7f3a7be71640>,41,12,[ 2 14],42,-1,61,-1,49
1,<environment.Job instance at 0x7f3a7be71e10>,42,13,[14  5],43,-1,62,-1,49
1,<environment.Job instance at 0x7f3a7be71190>,43,28,[5 7],44,-1,79,-1,51
1,<environment.Job instance at 0x7f3a7be71910>,44,28,[10  1],45,-1,79,-1,51
1,<environment.Job instance at 0x7f3a7be71a00>,45,16,[12  2],46,-1,67,-1,51
1,<environment.Job instance at 0x7f3a7be71500>,46,28,[14  3],47,-1,79,-1,51
1,<environment.Job instance at 0x7f3a7be714b0>,47,24,[ 4 11],48,-1,75,-1,51
1,<environment.Job instance at 0x7f3a7be71410>,48,25,[11  1],49,-1,76,-1,51
1,<environment.Job instance at 0x7f3a7be71dc0>,50,26,[5 5],51,-1,77,-1,51
1,<environment.Job instance at 0x7f3a7be7a460>,1,15,[4 8],2,-1,18,-1,3
1,<environment.Job instance at 0x7f3a7b3ab960>,2,20,[14  4],3,-1,23,-1,3
1,<environment.Job instance at 0x7f3a7b3f1d20>,3,22,[10  2],4,-1,32,-1,10
1,<environment.Job instance at 0x7f3a7c39ce10>,8,22,[9 3],9,-1,37,-1,15
1,<environment.Job instance at 0x7f3a7c6fd8c0>,5,24,[8 2],6,-1,40,-1,16
1,<environment.Job instance at 0x7f3a7c6960a0>,12,25,[11  1],13,-1,41,-1,16
1,<environment.Job instance at 0x7f3a7c39ce60>,10,26,[4 7],11,-1,42,-1,16
1,<environment.Job instance at 0x7f3a7c6969b0>,14,17,[12  2],15,-1,39,-1,22
1,<environment.Job instance at 0x7f3a7be71370>,0,23,[11  3],1,-1,24,-1,1
1,<environment.Job instance at 0x7f3a7be71910>,2,20,[14  4],3,-1,23,-1,3
1,<environment.Job instance at 0x7f3a7be71c30>,4,16,[ 2 11],5,-1,21,-1,5
1,<environment.Job instance at 0x7f3a7be71230>,9,16,[ 4 13],10,-1,26,-1,10
1,<environment.Job instance at 0x7f3a7be718c0>,10,26,[4 7],11,-1,43,-1,17
1,<environment.Job instance at 0x7f3a7be71320>,12,25,[11  1],13,-1,42,-1,17
1,<environment.Job instance at 0x7f3a7be712d0>,5,24,[8 2],6,-1,50,-1,26
1,<environment.Job instance at 0x7f3a7c086aa0>,14,17,[12  2],15,-1,43,-1,26
1,<environment.Job instance at 0x7f3a7c086460>,15,19,[11  2],16,-1,45,-1,26
1,<environment.Job instance at 0x7f3a7c086fa0>,16,12,[14  5],17,-1,38,-1,26
1,<environment.Job instance at 0x7f3a7c086af0>,17,24,[ 1 11],18,-1,50,-1,26
1,<environment.Job instance at 0x7f3a7bb218c0>,18,18,[ 4 12],19,-1,44,-1,26
1,<environment.Job instance at 0x7f3a7c086280>,13,26,[4 8],14,-1,52,-1,26
1,<environment.Job instance at 0x7f3a7ca6caf0>,22,22,[ 3 14],23,-1,48,-1,26
1,<environment.Job instance at 0x7f3a7bc41f00>,23,28,[14  4],24,-1,54,-1,26
1,<environment.Job instance at 0x7f3a7be71e10>,11,25,[10  5],12,-1,51,-1,26
1,<environment.Job instance at 0x7f3a7c230eb0>,25,25,[ 3 13],26,-1,51,-1,26
1,<environment.Job instance at 0x7f3a7c66d820>,27,24,[ 2 13],28,-1,52,-1,28
1,<environment.Job instance at 0x7f3a7cc9bbe0>,28,21,[ 2 14],29,-1,50,-1,29
1,<environment.Job instance at 0x7f3a7bc69640>,29,16,[ 5 13],30,-1,46,-1,30
1,<environment.Job instance at 0x7f3a7c59f320>,30,28,[1 7],31,-1,72,-1,44
1,<environment.Job instance at 0x7f3a7cb90dc0>,34,24,[12  1],35,-1,68,-1,44
1,<environment.Job instance at 0x7f3a7c6e5690>,36,18,[13  2],37,-1,62,-1,44
1,<environment.Job instance at 0x7f3a7bcb7320>,37,19,[ 5 13],38,-1,63,-1,44
1,<environment.Job instance at 0x7f3a7bcb7870>,38,28,[3 5],39,-1,72,-1,44
1,<environment.Job instance at 0x7f3a7c4690f0>,41,26,[5 3],42,-1,80,-1,54
1,<environment.Job instance at 0x7f3a7c4690a0>,42,18,[11  4],43,-1,72,-1,54
1,<environment.Job instance at 0x7f3a7c469960>,43,15,[ 3 11],44,-1,69,-1,54
1,<environment.Job instance at 0x7f3a7c469870>,46,12,[ 3 11],47,-1,66,-1,54
1,<environment.Job instance at 0x7f3a7c45b3c0>,3,14,[4 9],4,-1,18,-1,4
1,<environment.Job instance at 0x7f3a7c45b4b0>,5,24,[ 4 10],6,-1,30,-1,6
1,<environment.Job instance at 0x7f3a7c45b9b0>,6,18,[8 1],7,-1,26,-1,8
1,<environment.Job instance at 0x7f3a7be71500>,7,13,[7 5],8,-1,22,-1,9
1,<environment.Job instance at 0x7f3a7c3b3d20>,13,24,[6 1],14,-1,38,-1,14
1,<environment.Job instance at 0x7f3a7cb0aeb0>,1,27,[12  2],2,-1,29,-1,2
1,<environment.Job instance at 0x7f3a7cb0a230>,2,26,[13  4],3,-1,29,-1,3
1,<environment.Job instance at 0x7f3a7cb0a8c0>,5,24,[ 4 10],6,-1,42,-1,18
1,<environment.Job instance at 0x7f3a7c469960>,9,20,[11  1],10,-1,38,-1,18
1,<environment.Job instance at 0x7f3a7c4690f0>,10,12,[ 1 14],11,-1,30,-1,18
1,<environment.Job instance at 0x7f3a7bcb7280>,11,18,[ 5 12],12,-1,36,-1,18
1,<environment.Job instance at 0x7f3a7c469410>,13,24,[6 1],14,-1,42,-1,18
1,<environment.Job instance at 0x7f3a7c6e5050>,15,21,[12  1],16,-1,39,-1,18
1,<environment.Job instance at 0x7f3a7c6e5b90>,16,16,[ 4 11],17,-1,34,-1,18
1,<environment.Job instance at 0x7f3a7caaaf00>,17,26,[7 4],18,-1,44,-1,18
1,<environment.Job instance at 0x7f3a7b4da3c0>,19,27,[11  5],20,-1,47,-1,20
1,<environment.Job instance at 0x7f3a7ca6caf0>,21,25,[9 2],22,-1,56,-1,31
1,<environment.Job instance at 0x7f3a7b7c69b0>,22,18,[ 4 14],23,-1,49,-1,31
1,<environment.Job instance at 0x7f3a7bb218c0>,24,21,[14  5],25,-1,52,-1,31
1,<environment.Job instance at 0x7f3a7c2300f0>,26,27,[3 8],27,-1,70,-1,43
1,<environment.Job instance at 0x7f3a7c086d20>,27,20,[ 3 13],28,-1,63,-1,43
1,<environment.Job instance at 0x7f3a7c0860f0>,28,15,[ 2 12],29,-1,58,-1,43
1,<environment.Job instance at 0x7f3a7c086690>,29,24,[ 3 14],30,-1,67,-1,43
1,<environment.Job instance at 0x7f3a7c0862d0>,30,17,[ 2 14],31,-1,60,-1,43
1,<environment.Job instance at 0x7f3a7be71320>,35,22,[ 1 14],36,-1,77,-1,55
1,<environment.Job instance at 0x7f3a7be710f0>,37,28,[3 6],38,-1,85,-1,57
1,<environment.Job instance at 0x7f3a7be71a50>,38,18,[ 1 12],39,-1,75,-1,57
1,<environment.Job instance at 0x7f3a7be71b40>,39,13,[14  4],40,-1,70,-1,57
1,<environment.Job instance at 0x7f3a7be712d0>,41,16,[ 1 11],42,-1,73,-1,57
1,<environment.Job instance at 0x7f3a7be71c30>,42,26,[12  3],43,-1,83,-1,57
1,<environment.Job instance at 0x7f3a7c09cbe0>,4,20,[2 8],5,-1,25,-1,5
1,<environment.Job instance at 0x7f3a7ca1e280>,5,14,[11  5],6,-1,20,-1,6
1,<environment.Job instance at 0x7f3a7b5b0b40>,6,13,[ 1 11],7,-1,20,-1,7
1,<environment.Job instance at 0x7f3a7c5a61e0>,7,21,[5 9],8,-1,29,-1,8
1,<environment.Job instance at 0x7f3a7cb527d0>,8,25,[6 1],9,-1,34,-1,9
1,<environment.Job instance at 0x7f3a7cb0a3c0>,3,16,[11  1],4,-1,26,-1,10
1,<environment.Job instance at 0x7f3a7cb529b0>,9,15,[ 3 12],10,-1,26,-1,11
1,<environment.Job instance at 0x7f3a7cb52960>,11,27,[5 7],12,-1,39,-1,12
1,<environment.Job instance at 0x7f3a7c292b40>,0,20,[12  3],1,-1,21,-1,1
1,<environment.Job instance at 0x7f3a7c292be0>,1,21,[13  4],2,-1,23,-1,2
1,<environment.Job instance at 0x7f3a7c2927d0>,2,23,[2 8],3,-1,26,-1,3
1,<environment.Job instance at 0x7f3a7c292230>,3,16,[11  1],4,-1,20,-1,4
1,<environment.Job instance at 0x7f3a7be71190>,5,14,[11  5],6,-1,20,-1,6
1,<environment.Job instance at 0x7f3a7be712d0>,6,13,[ 1 11],7,-1,20,-1,7
1,<environment.Job instance at 0x7f3a7c292410>,8,25,[6 1],9,-1,34,-1,9
1,<environment.Job instance at 0x7f3a7be710f0>,9,15,[ 3 12],10,-1,25,-1,10
1,<environment.Job instance at 0x7f3a7be718c0>,10,18,[13  2],11,-1,29,-1,11
1,<environment.Job instance at 0x7f3a7be71320>,11,27,[5 7],12,-1,39,-1,12
1,<environment.Job instance at 0x7f3a7be71e10>,12,12,[14  3],13,-1,25,-1,13
1,<environment.Job instance at 0x7f3a7be71af0>,13,28,[11  3],14,-1,42,-1,14
1,<environment.Job instance at 0x7f3a7c086eb0>,15,28,[ 4 12],16,-1,44,-1,16
1,<environment.Job instance at 0x7f3a7c086f50>,16,20,[11  3],17,-1,37,-1,17
1,<environment.Job instance at 0x7f3a7c086280>,17,15,[ 5 13],18,-1,33,-1,18
1,<environment.Job instance at 0x7f3a7be71b40>,20,24,[12  5],21,-1,45,-1,21
1,<environment.Job instance at 0x7f3a7c086780>,21,19,[ 2 14],22,-1,41,-1,22
1,<environment.Job instance at 0x7f3a7c39caf0>,22,22,[12  1],23,-1,45,-1,23
1,<environment.Job instance at 0x7f3a7c6fdcd0>,23,13,[ 3 11],24,-1,37,-1,24
1,<environment.Job instance at 0x7f3a7bc41a50>,25,17,[ 1 14],26,-1,43,-1,26
1,<environment.Job instance at 0x7f3a7c086f00>,26,14,[ 3 14],27,-1,41,-1,27
1,<environment.Job instance at 0x7f3a7c66d820>,27,24,[ 3 11],28,-1,52,-1,28
1,<environment.Job instance at 0x7f3a7caaaf00>,29,25,[12  3],30,-1,55,-1,30
1,<environment.Job instance at 0x7f3a7c661550>,30,12,[ 2 12],31,-1,43,-1,31
1,<environment.Job instance at 0x7f3a7bcb7280>,32,27,[ 2 11],33,-1,60,-1,33
1,<environment.Job instance at 0x7f3a7c469410>,33,27,[ 3 14],34,-1,61,-1,34
1,<environment.Job instance at 0x7f3a7bcb7c80>,36,28,[5 2],37,-1,69,-1,41
1,<environment.Job instance at 0x7f3a7c469e60>,37,28,[13  5],38,-1,69,-1,41
1,<environment.Job instance at 0x7f3a7cb0a0f0>,41,14,[ 3 11],42,-1,61,-1,47
1,<environment.Job instance at 0x7f3a7cb0af00>,42,27,[ 3 14],43,-1,74,-1,47
1,<environment.Job instance at 0x7f3a7cb0a640>,43,15,[14  1],44,-1,62,-1,47
1,<environment.Job instance at 0x7f3a7ca1e190>,44,27,[ 5 11],45,-1,74,-1,47
1,<environment.Job instance at 0x7f3a7c469cd0>,38,26,[8 3],39,-1,73,-1,47
1,<environment.Job instance at 0x7f3a7be37190>,46,25,[ 1 13],47,-1,72,-1,47
1,<environment.Job instance at 0x7f3a7c2fc370>,47,26,[10  3],48,-1,78,-1,52
1,<environment.Job instance at 0x7f3a7b800320>,0,14,[8 1],1,-1,16,-1,2
1,<environment.Job instance at 0x7f3a7b800a50>,1,23,[8 4],2,-1,25,-1,2
1,<environment.Job instance at 0x7f3a7b8005f0>,11,28,[ 4 14],12,-1,52,-1,24
1,<environment.Job instance at 0x7f3a7be6ccd0>,17,28,[7 5],18,-1,59,-1,31
1,<environment.Job instance at 0x7f3a7b800be0>,10,27,[ 4 10],11,-1,62,-1,35
1,<environment.Job instance at 0x7f3a7be6c190>,16,28,[4 9],17,-1,63,-1,35
1,<environment.Job instance at 0x7f3a7be6cb40>,18,18,[14  2],19,-1,53,-1,35
1,<environment.Job instance at 0x7f3a7be6cc30>,22,19,[ 2 14],23,-1,54,-1,35
1,<environment.Job instance at 0x7f3a7be6cf50>,21,18,[5 8],22,-1,53,-1,35
1,<environment.Job instance at 0x7f3a7b800cd0>,13,27,[11  1],14,-1,62,-1,35
1,<environment.Job instance at 0x7f3a7be6cbe0>,20,21,[9 1],21,-1,56,-1,35
1,<environment.Job instance at 0x7f3a7be6cd70>,23,17,[6 1],24,-1,52,-1,35
1,<environment.Job instance at 0x7f3a7be6cb90>,24,24,[14  2],25,-1,60,-1,36
1,<environment.Job instance at 0x7f3a7c751050>,27,21,[3 9],28,-1,57,-1,36
1,<environment.Job instance at 0x7f3a7c7512d0>,29,18,[11  5],30,-1,54,-1,36
1,<environment.Job instance at 0x7f3a7c751a50>,30,28,[7 2],31,-1,64,-1,36
1,<environment.Job instance at 0x7f3a7c751280>,26,15,[9 2],27,-1,51,-1,36
1,<environment.Job instance at 0x7f3a7c7517d0>,3,24,[ 4 11],4,-1,28,-1,4
1,<environment.Job instance at 0x7f3a7b34ef50>,4,14,[13  1],5,-1,19,-1,5
1,<environment.Job instance at 0x7f3a7b34e8c0>,5,14,[11  1],6,-1,20,-1,6
1,<environment.Job instance at 0x7f3a7c36a820>,6,12,[12  5],7,-1,19,-1,7
1,<environment.Job instance at 0x7f3a7b34e9b0>,8,14,[ 1 13],9,-1,23,-1,9
1,<environment.Job instance at 0x7f3a7b339550>,11,28,[ 4 14],12,-1,40,-1,12
1,<environment.Job instance at 0x7f3a7b800410>,1,23,[8 4],2,-1,38,-1,15
1,<environment.Job instance at 0x7f3a7b339370>,13,27,[11  1],14,-1,42,-1,15
1,<environment.Job instance at 0x7f3a7c7519b0>,2,23,[9 3],3,-1,38,-1,15
1,<environment.Job instance at 0x7f3a7b3399b0>,16,28,[4 9],17,-1,59,-1,31
1,<environment.Job instance at 0x7f3a7b339cd0>,18,18,[14  2],19,-1,49,-1,31
1,<environment.Job instance at 0x7f3a7b339f00>,19,18,[12  2],20,-1,49,-1,31
1,<environment.Job instance at 0x7f3a7b3392d0>,17,28,[7 5],18,-1,59,-1,31
1,<environment.Job instance at 0x7f3a7b339050>,22,19,[ 2 14],23,-1,50,-1,31
1,<environment.Job instance at 0x7f3a7b6b0230>,10,27,[ 4 10],11,-1,58,-1,31
1,<environment.Job instance at 0x7f3a7b339eb0>,24,24,[14  2],25,-1,55,-1,31
1,<environment.Job instance at 0x7f3a7b3390f0>,29,18,[11  5],30,-1,61,-1,43
1,<environment.Job instance at 0x7f3a7b339b90>,30,28,[7 2],31,-1,74,-1,46
1,<environment.Job instance at 0x7f3a7b339730>,31,20,[14  4],32,-1,66,-1,46
1,<environment.Job instance at 0x7f3a7b339780>,32,21,[13  5],33,-1,67,-1,46
1,<environment.Job instance at 0x7f3a7b752d20>,34,14,[ 1 12],35,-1,60,-1,46
1,<environment.Job instance at 0x7f3a7b752cd0>,35,15,[14  3],36,-1,61,-1,46
1,<environment.Job instance at 0x7f3a7b752550>,37,23,[ 2 13],38,-1,80,-1,57
1,<environment.Job instance at 0x7f3a7b752730>,38,25,[1 6],39,-1,82,-1,57
1,<environment.Job instance at 0x7f3a7b752960>,39,22,[12  5],40,-1,79,-1,57
1,<environment.Job instance at 0x7f3a7c7ff9b0>,1,22,[4 9],2,-1,24,-1,2
1,<environment.Job instance at 0x7f3a7c7ff0a0>,4,13,[ 5 10],5,-1,19,-1,6
1,<environment.Job instance at 0x7f3a7b752aa0>,0,15,[ 5 14],1,-1,16,-1,1
1,<environment.Job instance at 0x7f3a7b752190>,2,19,[ 5 13],3,-1,22,-1,3
1,<environment.Job instance at 0x7f3a7b752a00>,6,12,[13  4],7,-1,19,-1,7
1,<environment.Job instance at 0x7f3a7b7520a0>,7,12,[14  4],8,-1,20,-1,8
1,<environment.Job instance at 0x7f3a7b7529b0>,8,12,[ 1 13],9,-1,21,-1,9
1,<environment.Job instance at 0x7f3a7b752cd0>,11,12,[ 5 12],12,-1,24,-1,12
1,<environment.Job instance at 0x7f3a7b752730>,10,28,[9 5],11,-1,49,-1,21
1,<environment.Job instance at 0x7f3a7b752c30>,13,27,[ 5 13],14,-1,48,-1,21
1,<environment.Job instance at 0x7f3a7c36a820>,14,28,[ 4 14],15,-1,49,-1,21
1,<environment.Job instance at 0x7f3a7b752dc0>,12,26,[9 3],13,-1,47,-1,21
1,<environment.Job instance at 0x7f3a7b752be0>,16,13,[12  1],17,-1,34,-1,21
1,<environment.Job instance at 0x7f3a7c751cd0>,18,24,[3 9],19,-1,48,-1,24
1,<environment.Job instance at 0x7f3a7c292f00>,21,14,[ 4 13],22,-1,38,-1,24
1,<environment.Job instance at 0x7f3a7c292410>,22,12,[14  3],23,-1,36,-1,24
1,<environment.Job instance at 0x7f3a7c7ff640>,23,18,[ 5 11],24,-1,42,-1,24
1,<environment.Job instance at 0x7f3a7c3685a0>,24,21,[ 1 12],25,-1,46,-1,25
1,<environment.Job instance at 0x7f3a7c368820>,26,18,[ 1 12],27,-1,45,-1,27
1,<environment.Job instance at 0x7f3a7c7ff460>,25,25,[4 9],26,-1,62,-1,37
1,<environment.Job instance at 0x7f3a7c3689b0>,29,28,[ 3 10],30,-1,65,-1,37
1,<environment.Job instance at 0x7f3a7bceb410>,31,28,[11  4],32,-1,65,-1,37
1,<environment.Job instance at 0x7f3a7bcebe60>,33,19,[11  2],34,-1,56,-1,37
1,<environment.Job instance at 0x7f3a7bcebd70>,34,18,[12  3],35,-1,55,-1,37
1,<environment.Job instance at 0x7f3a7bceb050>,35,28,[5 5],36,-1,70,-1,42
1,<environment.Job instance at 0x7f3a7bceb9b0>,36,19,[ 1 12],37,-1,61,-1,42
1,<environment.Job instance at 0x7f3a7bceb320>,38,24,[8 1],39,-1,73,-1,49
1,<environment.Job instance at 0x7f3a7bceb0f0>,37,24,[10  2],38,-1,73,-1,49
1,<environment.Job instance at 0x7f3a7bceb1e0>,41,28,[ 1 12],42,-1,77,-1,49
1,<environment.Job instance at 0x7f3a7bcebc30>,42,15,[13  1],43,-1,64,-1,49
1,<environment.Job instance at 0x7f3a7bceb550>,43,20,[ 5 12],44,-1,69,-1,49
1,<environment.Job instance at 0x7f3a7bceb5f0>,39,27,[ 5 10],40,-1,82,-1,55
1,<environment.Job instance at 0x7f3a7bcebb90>,45,12,[ 4 13],46,-1,67,-1,55
1,<environment.Job instance at 0x7f3a7bceb690>,46,24,[5 3],47,-1,79,-1,55
1,<environment.Job instance at 0x7f3a7c2f3b90>,49,21,[14  3],50,-1,76,-1,55
1,<environment.Job instance at 0x7f3a7cc9ff50>,1,17,[2 7],2,-1,20,-1,3
1,<environment.Job instance at 0x7f3a7c2f30f0>,0,26,[14  4],1,-1,27,-1,1
1,<environment.Job instance at 0x7f3a7c2f3050>,3,18,[14  1],4,-1,22,-1,4
1,<environment.Job instance at 0x7f3a7c2f3dc0>,4,24,[9 2],5,-1,29,-1,5
1,<environment.Job instance at 0x7f3a7bcebc80>,6,15,[ 5 11],7,-1,22,-1,7
1,<environment.Job instance at 0x7f3a7bceb3c0>,7,27,[ 2 13],8,-1,35,-1,8
1,<environment.Job instance at 0x7f3a7c2f3b90>,9,16,[ 3 12],10,-1,26,-1,10
1,<environment.Job instance at 0x7f3a7bceb730>,10,12,[ 3 12],11,-1,23,-1,11
1,<environment.Job instance at 0x7f3a7bceb230>,11,13,[ 3 12],12,-1,25,-1,12
1,<environment.Job instance at 0x7f3a7bceb5f0>,13,25,[11  2],14,-1,39,-1,14
1,<environment.Job instance at 0x7f3a7bceb320>,14,23,[ 1 14],15,-1,38,-1,15
1,<environment.Job instance at 0x7f3a7bcebd70>,16,12,[ 3 12],17,-1,29,-1,17
1,<environment.Job instance at 0x7f3a7bceb910>,8,27,[5 1],9,-1,45,-1,18
1,<environment.Job instance at 0x7f3a7bceb190>,12,24,[ 4 10],13,-1,43,-1,19
1,<environment.Job instance at 0x7f3a7bceb500>,20,14,[ 2 11],21,-1,35,-1,21
1,<environment.Job instance at 0x7f3a7bceb640>,22,22,[ 5 14],23,-1,45,-1,23
1,<environment.Job instance at 0x7f3a7bcebf50>,23,17,[12  4],24,-1,41,-1,24
1,<environment.Job instance at 0x7f3a7bceb5a0>,24,26,[ 1 10],25,-1,58,-1,32
1,<environment.Job instance at 0x7f3a7c7ffd20>,29,12,[ 1 11],30,-1,56,-1,44
1,<environment.Job instance at 0x7f3a7c7ffeb0>,30,28,[3 6],31,-1,77,-1,49
1,<environment.Job instance at 0x7f3a7b752050>,34,13,[12  5],35,-1,70,-1,57
1,<environment.Job instance at 0x7f3a7c9a9140>,4,23,[8 4],5,-1,31,-1,8
1,<environment.Job instance at 0x7f3a7c9a9820>,6,25,[13  1],7,-1,35,-1,10
1,<environment.Job instance at 0x7f3a7c9a9dc0>,3,16,[ 5 14],4,-1,26,-1,10
1,<environment.Job instance at 0x7f3a7c0756e0>,8,13,[1 8],9,-1,23,-1,10
1,<environment.Job instance at 0x7f3a7c075e10>,12,22,[7 5],13,-1,35,-1,13
1,<environment.Job instance at 0x7f3a7c075500>,13,16,[11  3],14,-1,31,-1,15
1,<environment.Job instance at 0x7f3a7b8006e0>,1,24,[14  4],2,-1,26,-1,2
1,<environment.Job instance at 0x7f3a7c7ffd20>,2,26,[12  3],3,-1,29,-1,3
1,<environment.Job instance at 0x7f3a7c7ffeb0>,3,16,[ 5 14],4,-1,20,-1,4
1,<environment.Job instance at 0x7f3a7c292b40>,4,23,[8 4],5,-1,28,-1,5
1,<environment.Job instance at 0x7f3a7c3685a0>,5,12,[ 4 13],6,-1,18,-1,6
1,<environment.Job instance at 0x7f3a7c368aa0>,6,25,[13  1],7,-1,32,-1,7
1,<environment.Job instance at 0x7f3a7c9a96e0>,9,22,[14  4],10,-1,32,-1,10
1,<environment.Job instance at 0x7f3a7c7ff460>,10,14,[ 1 13],11,-1,25,-1,11
1,<environment.Job instance at 0x7f3a7c423af0>,11,28,[ 2 10],12,-1,42,-1,14
1,<environment.Job instance at 0x7f3a7c423320>,13,16,[11  3],14,-1,30,-1,14
1,<environment.Job instance at 0x7f3a7c423a50>,14,18,[ 5 12],15,-1,33,-1,15
1,<environment.Job instance at 0x7f3a7c423280>,15,24,[ 2 12],16,-1,40,-1,16
1,<environment.Job instance at 0x7f3a7c6bdf00>,16,24,[ 1 13],17,-1,41,-1,17
1,<environment.Job instance at 0x7f3a7c423140>,18,23,[4 5],19,-1,44,-1,21
1,<environment.Job instance at 0x7f3a7c6bdaa0>,19,25,[1 9],20,-1,52,-1,27
1,<environment.Job instance at 0x7f3a7c6bdbe0>,23,24,[14  5],24,-1,51,-1,27
1,<environment.Job instance at 0x7f3a7c6bd370>,24,18,[14  1],25,-1,45,-1,27
1,<environment.Job instance at 0x7f3a7c6bd550>,25,14,[13  5],26,-1,41,-1,27
1,<environment.Job instance at 0x7f3a7c6bdaf0>,26,21,[ 1 14],27,-1,48,-1,27
1,<environment.Job instance at 0x7f3a7c6bd0a0>,28,22,[12  2],29,-1,51,-1,29
1,<environment.Job instance at 0x7f3a7c6bd4b0>,30,14,[12  5],31,-1,48,-1,34
1,<environment.Job instance at 0x7f3a7c6bd960>,31,14,[14  2],32,-1,48,-1,34
1,<environment.Job instance at 0x7f3a7c6bdb40>,32,24,[4 5],33,-1,64,-1,40
1,<environment.Job instance at 0x7f3a7c6bd1e0>,33,24,[9 5],34,-1,64,-1,40
1,<environment.Job instance at 0x7f3a7c6bdeb0>,34,18,[11  3],35,-1,58,-1,40
1,<environment.Job instance at 0x7f3a7c6bd820>,35,23,[13  5],36,-1,63,-1,40
1,<environment.Job instance at 0x7f3a7c0211e0>,38,28,[12  3],39,-1,68,-1,40
1,<environment.Job instance at 0x7f3a7c021c80>,39,25,[3 6],40,-1,65,-1,40
1,<environment.Job instance at 0x7f3a7c6bda00>,29,26,[ 2 10],30,-1,66,-1,40
1,<environment.Job instance at 0x7f3a7c0213c0>,41,13,[12  4],42,-1,59,-1,46
1,<environment.Job instance at 0x7f3a7c021960>,42,27,[9 3],43,-1,82,-1,55
1,<environment.Job instance at 0x7f3a7c0219b0>,40,23,[8 4],41,-1,78,-1,55
1,<environment.Job instance at 0x7f3a7c0210f0>,44,18,[ 5 12],45,-1,73,-1,55
1,<environment.Job instance at 0x7f3a7c021f50>,45,28,[ 2 13],46,-1,83,-1,55
1,<environment.Job instance at 0x7f3a7c0214b0>,46,26,[ 3 14],47,-1,81,-1,55
1,<environment.Job instance at 0x7f3a7c021190>,47,15,[11  5],48,-1,70,-1,55
1,<environment.Job instance at 0x7f3a7c021370>,49,15,[ 3 13],50,-1,70,-1,55
1,<environment.Job instance at 0x7f3a85409910>,50,25,[13  4],51,-1,80,-1,55
1,<environment.Job instance at 0x7f3a854095f0>,51,17,[13  1],52,-1,72,-1,55
1,<environment.Job instance at 0x7f3a7b3729b0>,1,18,[5 7],2,-1,20,-1,2
1,<environment.Job instance at 0x7f3a7bae1eb0>,0,16,[11  4],1,-1,17,-1,1
1,<environment.Job instance at 0x7f3a7bae1cd0>,3,20,[12  4],4,-1,24,-1,4
1,<environment.Job instance at 0x7f3a7bae1870>,4,26,[1 6],5,-1,31,-1,5
1,<environment.Job instance at 0x7f3a7bae1820>,6,27,[12  2],7,-1,34,-1,7
1,<environment.Job instance at 0x7f3a7bbf6f00>,7,15,[14  2],8,-1,23,-1,8
1,<environment.Job instance at 0x7f3a7c3403c0>,8,15,[13  3],9,-1,24,-1,9
1,<environment.Job instance at 0x7f3a7c3407d0>,11,14,[ 2 11],12,-1,26,-1,12
1,<environment.Job instance at 0x7f3a7c340b90>,12,25,[14  3],13,-1,38,-1,13
1,<environment.Job instance at 0x7f3a7c340c80>,13,23,[14  5],14,-1,37,-1,14
1,<environment.Job instance at 0x7f3a7c785af0>,14,27,[12  3],15,-1,42,-1,15
1,<environment.Job instance at 0x7f3a7c7855f0>,15,22,[11  3],16,-1,38,-1,16
1,<environment.Job instance at 0x7f3a7c785f00>,16,28,[ 1 13],17,-1,45,-1,17
1,<environment.Job instance at 0x7f3a7bae1d70>,5,23,[5 5],6,-1,41,-1,18
1,<environment.Job instance at 0x7f3a7c785a00>,17,25,[12  4],18,-1,43,-1,18
1,<environment.Job instance at 0x7f3a7c785d20>,18,17,[ 2 13],19,-1,36,-1,19
1,<environment.Job instance at 0x7f3a7c785d70>,19,15,[ 2 14],20,-1,35,-1,20
1,<environment.Job instance at 0x7f3a7c785500>,21,16,[ 2 13],22,-1,38,-1,22
1,<environment.Job instance at 0x7f3a85214f00>,23,15,[12  3],24,-1,39,-1,24
1,<environment.Job instance at 0x7f3a85214910>,24,19,[ 2 13],25,-1,44,-1,25
1,<environment.Job instance at 0x7f3a7b8151e0>,27,18,[ 1 13],28,-1,46,-1,28
1,<environment.Job instance at 0x7f3a7b8155a0>,28,12,[ 5 14],29,-1,41,-1,29
1,<environment.Job instance at 0x7f3a7b8158c0>,29,13,[14  1],30,-1,43,-1,30
1,<environment.Job instance at 0x7f3a7b815be0>,33,18,[12  3],34,-1,55,-1,37
1,<environment.Job instance at 0x7f3a7b815780>,34,23,[2 6],35,-1,65,-1,42
1,<environment.Job instance at 0x7f3a7b815dc0>,36,27,[ 2 13],37,-1,69,-1,42
1,<environment.Job instance at 0x7f3a7b815140>,37,14,[ 2 11],38,-1,56,-1,42
1,<environment.Job instance at 0x7f3a7b815870>,38,16,[ 1 12],39,-1,58,-1,42
1,<environment.Job instance at 0x7f3a7b815c30>,42,24,[14  4],43,-1,75,-1,51
1,<environment.Job instance at 0x7f3a7b2b9280>,46,16,[ 3 11],47,-1,67,-1,51
1,<environment.Job instance at 0x7f3a7b67a690>,1,27,[5 5],2,-1,29,-1,2
1,<environment.Job instance at 0x7f3a7b2b9230>,0,28,[ 4 11],1,-1,29,-1,1
1,<environment.Job instance at 0x7f3a7b2b9e60>,1,27,[5 5],2,-1,29,-1,2
1,<environment.Job instance at 0x7f3a7b2b9fa0>,2,24,[5 2],3,-1,27,-1,3
1,<environment.Job instance at 0x7f3a7b2b9d20>,3,14,[ 4 12],4,-1,18,-1,4
1,<environment.Job instance at 0x7f3a7b2b95f0>,4,27,[5 1],5,-1,32,-1,5
1,<environment.Job instance at 0x7f3a7b2b9780>,5,27,[ 2 11],6,-1,33,-1,6
1,<environment.Job instance at 0x7f3a7b2b9a00>,6,28,[12  4],7,-1,35,-1,7
1,<environment.Job instance at 0x7f3a7b2b9730>,8,14,[14  2],9,-1,23,-1,9
1,<environment.Job instance at 0x7f3a7b815460>,9,27,[5 1],10,-1,37,-1,10
1,<environment.Job instance at 0x7f3a7b815410>,10,23,[12  5],11,-1,34,-1,11
1,<environment.Job instance at 0x7f3a7b815730>,11,23,[3 9],12,-1,35,-1,12
1,<environment.Job instance at 0x7f3a7b8156e0>,13,12,[14  4],14,-1,26,-1,14
1,<environment.Job instance at 0x7f3a7b815640>,16,17,[ 3 14],17,-1,34,-1,17
1,<environment.Job instance at 0x7f3a7b8155f0>,19,17,[ 2 13],20,-1,37,-1,20
1,<environment.Job instance at 0x7f3a7b8153c0>,20,17,[14  2],21,-1,38,-1,21
1,<environment.Job instance at 0x7f3a7b815f00>,22,23,[5 5],23,-1,49,-1,26
1,<environment.Job instance at 0x7f3a7b815be0>,23,13,[ 1 14],24,-1,39,-1,26
1,<environment.Job instance at 0x7f3a7b815dc0>,24,12,[ 3 11],25,-1,38,-1,26
1,<environment.Job instance at 0x7f3a7b2b9460>,15,26,[7 5],16,-1,52,-1,26
1,<environment.Job instance at 0x7f3a7b815aa0>,21,26,[10  4],22,-1,52,-1,26
1,<environment.Job instance at 0x7f3a7b8151e0>,27,19,[ 5 13],28,-1,47,-1,28
1,<environment.Job instance at 0x7f3a85214280>,29,25,[3 9],30,-1,65,-1,40
1,<environment.Job instance at 0x7f3a7bbf6f00>,33,17,[ 3 13],34,-1,70,-1,53
1,<environment.Job instance at 0x7f3a7b9c5eb0>,4,18,[8 3],5,-1,24,-1,6
1,<environment.Job instance at 0x7f3a7bb49780>,8,17,[7 4],9,-1,26,-1,9
1,<environment.Job instance at 0x7f3a7c7855f0>,0,18,[ 4 13],1,-1,19,-1,1
1,<environment.Job instance at 0x7f3a7c785d70>,1,18,[13  1],2,-1,20,-1,2
1,<environment.Job instance at 0x7f3a7c785730>,5,28,[3 8],6,-1,34,-1,6
1,<environment.Job instance at 0x7f3a7c785fa0>,6,18,[ 1 14],7,-1,25,-1,7
1,<environment.Job instance at 0x7f3a7c785a00>,9,16,[12  2],10,-1,26,-1,10
1,<environment.Job instance at 0x7f3a7c3407d0>,10,12,[11  2],11,-1,23,-1,11
1,<environment.Job instance at 0x7f3a7c340140>,12,16,[ 3 13],13,-1,29,-1,13
1,<environment.Job instance at 0x7f3a7c3403c0>,14,22,[ 1 12],15,-1,39,-1,17
1,<environment.Job instance at 0x7f3a852141e0>,15,24,[12  5],16,-1,41,-1,17
1,<environment.Job instance at 0x7f3a85214690>,16,27,[3 5],17,-1,50,-1,23
1,<environment.Job instance at 0x7f3a7b2b9730>,19,28,[1 8],20,-1,65,-1,37
1,<environment.Job instance at 0x7f3a7b2b95f0>,21,26,[7 2],22,-1,68,-1,42
1,<environment.Job instance at 0x7f3a7b2b9690>,23,28,[ 2 12],24,-1,70,-1,42
1,<environment.Job instance at 0x7f3a7b2b9230>,25,16,[12  2],26,-1,58,-1,42
1,<environment.Job instance at 0x7f3a7b8151e0>,26,27,[12  3],27,-1,69,-1,42
1,<environment.Job instance at 0x7f3a7b815a50>,27,17,[13  2],28,-1,59,-1,42
1,<environment.Job instance at 0x7f3a7b2b9d20>,22,27,[5 6],23,-1,81,-1,54
1,<environment.Job instance at 0x7f3a7b8154b0>,32,24,[7 3],33,-1,83,-1,59
1,<environment.Job instance at 0x7f3a7b8155f0>,33,12,[13  5],34,-1,71,-1,59
1,<environment.Job instance at 0x7f3a7b815cd0>,34,21,[ 1 13],35,-1,80,-1,59
1,<environment.Job instance at 0x7f3a7b815640>,36,20,[ 4 11],37,-1,79,-1,59
1,<environment.Job instance at 0x7f3a7c6d1870>,0,25,[ 4 14],1,-1,26,-1,1
1,<environment.Job instance at 0x7f3a7b5e9320>,2,20,[14  3],3,-1,23,-1,3
1,<environment.Job instance at 0x7f3a7b5e90a0>,3,25,[14  5],4,-1,29,-1,4
1,<environment.Job instance at 0x7f3a7c6d1960>,5,14,[14  1],6,-1,20,-1,6
1,<environment.Job instance at 0x7f3a7c64f9b0>,7,26,[12  5],8,-1,34,-1,8
1,<environment.Job instance at 0x7f3a7cabce10>,9,16,[14  1],10,-1,26,-1,10
1,<environment.Job instance at 0x7f3a7bb04140>,11,24,[ 3 12],12,-1,36,-1,12
1,<environment.Job instance at 0x7f3a7caf6230>,12,23,[4 7],13,-1,41,-1,18
1,<environment.Job instance at 0x7f3a7cae4c30>,15,26,[12  4],16,-1,44,-1,18
1,<environment.Job instance at 0x7f3a7b5e95a0>,4,26,[10  2],5,-1,54,-1,28
1,<environment.Job instance at 0x7f3a7cabcb90>,8,28,[8 3],9,-1,56,-1,28
1,<environment.Job instance at 0x7f3a7b3cd6e0>,19,17,[ 3 12],20,-1,45,-1,28
1,<environment.Job instance at 0x7f3a7ba4f6e0>,20,13,[14  5],21,-1,41,-1,28
1,<environment.Job instance at 0x7f3a7ba4f870>,21,21,[ 5 14],22,-1,49,-1,28
1,<environment.Job instance at 0x7f3a7cc4ac80>,22,21,[ 4 11],23,-1,49,-1,28
1,<environment.Job instance at 0x7f3a7cc4a960>,23,25,[2 7],24,-1,53,-1,28
1,<environment.Job instance at 0x7f3a7cc4a820>,24,23,[14  4],25,-1,51,-1,28
1,<environment.Job instance at 0x7f3a7cc4ac30>,25,12,[ 3 11],26,-1,40,-1,28
1,<environment.Job instance at 0x7f3a7b3abaf0>,28,18,[12  1],29,-1,60,-1,42
1,<environment.Job instance at 0x7f3a853d4500>,30,24,[12  2],31,-1,67,-1,43
1,<environment.Job instance at 0x7f3a7c78c960>,0,24,[5 7],1,-1,25,-1,1
1,<environment.Job instance at 0x7f3a7c23e3c0>,3,27,[ 2 10],4,-1,31,-1,4
1,<environment.Job instance at 0x7f3a7c9230a0>,9,28,[11  1],10,-1,42,-1,14
1,<environment.Job instance at 0x7f3a7b535230>,8,28,[ 2 14],9,-1,43,-1,15
1,<environment.Job instance at 0x7f3a7c923e10>,7,17,[ 1 10],8,-1,32,-1,15
1,<environment.Job instance at 0x7f3a7c923410>,13,21,[9 1],14,-1,36,-1,15
1,<environment.Job instance at 0x7f3a7c9237d0>,12,21,[ 1 11],13,-1,37,-1,16
1,<environment.Job instance at 0x7f3a7b5fc690>,0,24,[5 7],1,-1,25,-1,1
1,<environment.Job instance at 0x7f3a7bc1f960>,4,16,[ 1 12],5,-1,21,-1,5
1,<environment.Job instance at 0x7f3a7bc1faf0>,5,15,[13  4],6,-1,21,-1,6
1,<environment.Job instance at 0x7f3a7bc1f870>,6,20,[ 1 13],7,-1,27,-1,7
1,<environment.Job instance at 0x7f3a7bc1f460>,8,28,[ 2 14],9,-1,37,-1,9
1,<environment.Job instance at 0x7f3a7b3abaf0>,9,28,[11  1],10,-1,38,-1,10
1,<environment.Job instance at 0x7f3a7c6d1870>,12,21,[ 1 11],13,-1,34,-1,13
1,<environment.Job instance at 0x7f3a7b5fc500>,3,27,[ 2 10],4,-1,43,-1,16
1,<environment.Job instance at 0x7f3a7bf15280>,14,21,[14  2],15,-1,37,-1,16
1,<environment.Job instance at 0x7f3a85229c80>,16,21,[14  4],17,-1,38,-1,17
1,<environment.Job instance at 0x7f3a7c998c30>,17,20,[11  1],18,-1,38,-1,18
1,<environment.Job instance at 0x7f3a7c816be0>,18,22,[ 5 12],19,-1,41,-1,19
1,<environment.Job instance at 0x7f3a7c6589b0>,19,17,[13  1],20,-1,37,-1,20
1,<environment.Job instance at 0x7f3a7c658500>,20,27,[ 2 13],21,-1,48,-1,21
1,<environment.Job instance at 0x7f3a7c6584b0>,21,17,[11  4],22,-1,39,-1,22
1,<environment.Job instance at 0x7f3a8525c0a0>,22,27,[ 4 13],23,-1,50,-1,23
1,<environment.Job instance at 0x7f3a7c658870>,23,15,[14  1],24,-1,39,-1,24
1,<environment.Job instance at 0x7f3a7b982690>,26,25,[7 3],27,-1,58,-1,33
1,<environment.Job instance at 0x7f3a7bb1d550>,11,28,[8 2],12,-1,61,-1,33
1,<environment.Job instance at 0x7f3a7c6cfb40>,28,19,[ 3 13],29,-1,52,-1,33
1,<environment.Job instance at 0x7f3a7c5a30a0>,31,25,[5 5],32,-1,71,-1,46
1,<environment.Job instance at 0x7f3a7c095870>,34,15,[12  4],35,-1,62,-1,47
1,<environment.Job instance at 0x7f3a7b982f00>,32,26,[2 9],33,-1,74,-1,48
1,<environment.Job instance at 0x7f3a7ca8ae10>,36,27,[ 1 11],37,-1,75,-1,48
1,<environment.Job instance at 0x7f3a7cc0e870>,37,18,[ 2 12],38,-1,66,-1,48
1,<environment.Job instance at 0x7f3a7cc0e320>,38,22,[ 2 11],39,-1,70,-1,48
1,<environment.Job instance at 0x7f3a7bcb9be0>,39,23,[14  4],40,-1,71,-1,48
1,<environment.Job instance at 0x7f3a85218370>,40,22,[13  2],41,-1,70,-1,48
1,<environment.Job instance at 0x7f3a7c6365f0>,41,12,[ 1 12],42,-1,60,-1,48
1,<environment.Job instance at 0x7f3a7cb31b90>,35,27,[10  3],36,-1,75,-1,48
1,<environment.Job instance at 0x7f3a7c66dc30>,43,26,[5 5],44,-1,74,-1,48
1,<environment.Job instance at 0x7f3a7c0969b0>,44,16,[11  2],45,-1,64,-1,48
1,<environment.Job instance at 0x7f3a7c0153c0>,45,26,[5 8],46,-1,74,-1,48
1,<environment.Job instance at 0x7f3a7b72c8c0>,46,18,[ 5 14],47,-1,66,-1,48
1,<environment.Job instance at 0x7f3a7c6d8960>,1,24,[5 1],2,-1,26,-1,2
1,<environment.Job instance at 0x7f3a7ba9bb90>,7,16,[ 2 10],8,-1,25,-1,9
1,<environment.Job instance at 0x7f3a7b5fc640>,8,21,[ 3 14],9,-1,42,-1,21
1,<environment.Job instance at 0x7f3a7ba9be60>,10,18,[5 9],11,-1,39,-1,21
1,<environment.Job instance at 0x7f3a7ba9bd20>,11,17,[2 5],12,-1,40,-1,23
1,<environment.Job instance at 0x7f3a7b31f550>,15,20,[7 5],16,-1,43,-1,23
1,<environment.Job instance at 0x7f3a7b31fc80>,14,25,[9 4],15,-1,48,-1,23
1,<environment.Job instance at 0x7f3a7b31f640>,16,14,[11  4],17,-1,37,-1,23
1,<environment.Job instance at 0x7f3a7b31faf0>,19,19,[ 5 14],20,-1,43,-1,24
1,<environment.Job instance at 0x7f3a7b31ff50>,20,12,[10  1],21,-1,37,-1,25
1,<environment.Job instance at 0x7f3a7b31f2d0>,23,18,[14  4],24,-1,43,-1,25
1,<environment.Job instance at 0x7f3a7b72c8c0>,1,24,[5 1],2,-1,26,-1,2
1,<environment.Job instance at 0x7f3a7b5a54b0>,2,13,[ 5 12],3,-1,16,-1,3
1,<environment.Job instance at 0x7f3a7c8248c0>,3,15,[14  1],4,-1,19,-1,4
1,<environment.Job instance at 0x7f3a7c8245a0>,4,23,[1 8],5,-1,28,-1,5
1,<environment.Job instance at 0x7f3a7c015320>,5,28,[ 2 10],6,-1,34,-1,6
1,<environment.Job instance at 0x7f3a7bd88f50>,8,21,[ 3 14],9,-1,30,-1,9
1,<environment.Job instance at 0x7f3a7c61ac80>,9,21,[ 2 12],10,-1,31,-1,10
1,<environment.Job instance at 0x7f3a7b5fda50>,12,21,[13  5],13,-1,34,-1,13
1,<environment.Job instance at 0x7f3a7c5a30a0>,16,14,[11  4],17,-1,31,-1,17
1,<environment.Job instance at 0x7f3a7cc0e230>,18,28,[ 1 13],19,-1,57,-1,29
1,<environment.Job instance at 0x7f3a7b9827d0>,19,19,[ 5 14],20,-1,48,-1,29
1,<environment.Job instance at 0x7f3a7ca8ae10>,14,25,[9 4],15,-1,61,-1,36
1,<environment.Job instance at 0x7f3a7c816be0>,22,20,[ 4 14],23,-1,56,-1,36
1,<environment.Job instance at 0x7f3a8525c0a0>,23,18,[14  4],24,-1,54,-1,36
1,<environment.Job instance at 0x7f3a7b9823c0>,24,18,[ 3 11],25,-1,54,-1,36
1,<environment.Job instance at 0x7f3a7c658870>,26,26,[ 2 11],27,-1,62,-1,36
1,<environment.Job instance at 0x7f3a7c6584b0>,27,13,[13  4],28,-1,49,-1,36
1,<environment.Job instance at 0x7f3a7c9982d0>,30,13,[12  4],31,-1,61,-1,48
1,<environment.Job instance at 0x7f3a7c6ffcd0>,31,17,[ 5 13],32,-1,65,-1,48
1,<environment.Job instance at 0x7f3a7bf15280>,32,16,[ 5 14],33,-1,64,-1,48
1,<environment.Job instance at 0x7f3a7ba65820>,33,25,[5 8],34,-1,82,-1,57
1,<environment.Job instance at 0x7f3a7be7ff00>,35,17,[ 2 14],36,-1,74,-1,57
1,<environment.Job instance at 0x7f3a7c6d1960>,36,18,[11  3],37,-1,75,-1,57
1,<environment.Job instance at 0x7f3a7b798cd0>,0,18,[7 5],1,-1,19,-1,1
1,<environment.Job instance at 0x7f3a7c7571e0>,5,16,[3 9],6,-1,22,-1,6
1,<environment.Job instance at 0x7f3a7c757730>,17,19,[14  1],18,-1,57,-1,38
1,<environment.Job instance at 0x7f3a7c7576e0>,13,21,[9 1],14,-1,60,-1,39
1,<environment.Job instance at 0x7f3a7c757050>,14,18,[13  3],15,-1,57,-1,39
1,<environment.Job instance at 0x7f3a7c757af0>,15,28,[9 4],16,-1,67,-1,39
1,<environment.Job instance at 0x7f3a7c757230>,18,17,[8 4],19,-1,56,-1,39
1,<environment.Job instance at 0x7f3a7c2a7190>,24,26,[6 1],25,-1,71,-1,45
1,<environment.Job instance at 0x7f3a7c2a7be0>,27,20,[3 6],28,-1,65,-1,45
1,<environment.Job instance at 0x7f3a7c6d1960>,2,18,[14  4],3,-1,21,-1,3
1,<environment.Job instance at 0x7f3a7b5a5230>,6,16,[13  1],7,-1,23,-1,7
1,<environment.Job instance at 0x7f3a7c66d9b0>,7,28,[ 4 12],8,-1,36,-1,8
1,<environment.Job instance at 0x7f3a7c2a7a00>,8,15,[12  2],9,-1,24,-1,9
1,<environment.Job instance at 0x7f3a7c757410>,10,26,[6 4],11,-1,43,-1,17
1,<environment.Job instance at 0x7f3a7c9e43c0>,12,15,[ 3 13],13,-1,32,-1,17
1,<environment.Job instance at 0x7f3a7b798780>,14,18,[13  3],15,-1,37,-1,19
1,<environment.Job instance at 0x7f3a7bf70aa0>,15,28,[9 4],16,-1,57,-1,29
1,<environment.Job instance at 0x7f3a7bf70c30>,16,13,[ 5 11],17,-1,42,-1,29
1,<environment.Job instance at 0x7f3a7bf703c0>,17,19,[14  1],18,-1,48,-1,29
1,<environment.Job instance at 0x7f3a7cbee410>,24,26,[6 1],25,-1,74,-1,48
1,<environment.Job instance at 0x7f3a7cbee960>,25,21,[ 5 14],26,-1,69,-1,48
1,<environment.Job instance at 0x7f3a7cbeeaa0>,26,25,[14  4],27,-1,73,-1,48
1,<environment.Job instance at 0x7f3a7cbeeeb0>,28,15,[ 3 11],29,-1,63,-1,48
1,<environment.Job instance at 0x7f3a7bf700a0>,22,25,[7 5],23,-1,73,-1,48
1,<environment.Job instance at 0x7f3a7cbeecd0>,30,27,[ 4 11],31,-1,75,-1,48
1,<environment.Job instance at 0x7f3a7cbee640>,33,27,[ 2 11],34,-1,75,-1,48
1,<environment.Job instance at 0x7f3a7c03c280>,34,20,[14  2],35,-1,68,-1,48
1,<environment.Job instance at 0x7f3a7c03c2d0>,35,26,[14  1],36,-1,74,-1,48
1,<environment.Job instance at 0x7f3a7c03c050>,37,25,[13  1],38,-1,80,-1,55
1,<environment.Job instance at 0x7f3a7b2eccd0>,5,16,[13  3],6,-1,32,-1,16
1,<environment.Job instance at 0x7f3a7c03c230>,0,24,[ 1 12],1,-1,25,-1,1
1,<environment.Job instance at 0x7f3a7c03c050>,1,28,[3 6],2,-1,30,-1,2
1,<environment.Job instance at 0x7f3a7c03c910>,2,14,[ 4 12],3,-1,17,-1,3
1,<environment.Job instance at 0x7f3a7c03c550>,3,28,[ 2 13],4,-1,32,-1,4
1,<environment.Job instance at 0x7f3a7c03c190>,4,25,[10  5],5,-1,30,-1,5
1,<environment.Job instance at 0x7f3a7c03c4b0>,5,16,[13  3],6,-1,22,-1,6
1,<environment.Job instance at 0x7f3a7c757410>,9,26,[ 2 14],10,-1,36,-1,10
1,<environment.Job instance at 0x7f3a7cbeae60>,11,15,[14  4],12,-1,27,-1,12
1,<environment.Job instance at 0x7f3a7c2a7a00>,12,13,[13  5],13,-1,26,-1,13
1,<environment.Job instance at 0x7f3a7cc7b910>,13,19,[12  2],14,-1,33,-1,14
1,<environment.Job instance at 0x7f3a7cc7e050>,17,27,[ 1 13],18,-1,45,-1,18
1,<environment.Job instance at 0x7f3a7cbf9280>,18,26,[8 2],19,-1,45,-1,19
1,<environment.Job instance at 0x7f3a7bc1f460>,8,28,[4 6],9,-1,60,-1,32
1,<environment.Job instance at 0x7f3a7cc9e690>,21,26,[11  1],22,-1,58,-1,32
1,<environment.Job instance at 0x7f3a7cbf9410>,19,26,[5 7],20,-1,58,-1,32
1,<environment.Job instance at 0x7f3a7bc85050>,14,24,[2 5],15,-1,56,-1,32
1,<environment.Job instance at 0x7f3a7bfe7730>,27,18,[ 1 12],28,-1,51,-1,33
1,<environment.Job instance at 0x7f3a7bfe7410>,28,15,[ 3 11],29,-1,48,-1,33
1,<environment.Job instance at 0x7f3a7b51bcd0>,29,24,[ 1 11],30,-1,57,-1,33
1,<environment.Job instance at 0x7f3a7c41f2d0>,31,16,[ 2 13],32,-1,60,-1,44
1,<environment.Job instance at 0x7f3a7c41fcd0>,32,21,[ 4 13],33,-1,65,-1,44
1,<environment.Job instance at 0x7f3a7b51b3c0>,30,23,[6 3],31,-1,82,-1,59
1,<environment.Job instance at 0x7f3a7c41f640>,35,27,[13  3],36,-1,86,-1,59
1,<environment.Job instance at 0x7fc5970f6a00>,0,24,[2 8],1,-1,25,-1,1
1,<environment.Job instance at 0x7fc5970f6be0>,2,26,[10  1],3,-1,29,-1,3
1,<environment.Job instance at 0x7fc5970f6dc0>,3,15,[13  4],4,-1,19,-1,4
1,<environment.Job instance at 0x7fc5970f6cd0>,4,24,[ 3 11],5,-1,29,-1,5
1,<environment.Job instance at 0x7fc5970f6eb0>,6,19,[ 1 13],7,-1,26,-1,7
1,<environment.Job instance at 0x7fc5970eb960>,8,24,[ 2 12],9,-1,33,-1,9
1,<environment.Job instance at 0x7fc5970f92d0>,10,14,[ 1 14],11,-1,25,-1,11
1,<environment.Job instance at 0x7fc5970f9500>,13,27,[3 8],14,-1,41,-1,14
1,<environment.Job instance at 0x7fc5970f94b0>,14,14,[14  3],15,-1,29,-1,15
1,<environment.Job instance at 0x7fc5970f95a0>,15,24,[ 2 13],16,-1,40,-1,16
1,<environment.Job instance at 0x7fc5970f9640>,16,19,[ 3 12],17,-1,36,-1,17
1,<environment.Job instance at 0x7fc5970f9460>,17,18,[ 5 13],18,-1,36,-1,18
1,<environment.Job instance at 0x7fc5970f9910>,19,21,[14  4],20,-1,41,-1,20
1,<environment.Job instance at 0x7fc5970f9870>,21,22,[14  2],22,-1,46,-1,24
1,<environment.Job instance at 0x7fc5970f97d0>,22,25,[ 4 12],23,-1,49,-1,24
1,<environment.Job instance at 0x7fc5970f9cd0>,24,20,[ 3 12],25,-1,49,-1,29
1,<environment.Job instance at 0x7fc5970f9c30>,25,16,[11  3],26,-1,45,-1,29
1,<environment.Job instance at 0x7fc5970f9a50>,27,25,[14  4],28,-1,54,-1,29
1,<environment.Job instance at 0x7fc5970f9e60>,29,24,[5 1],30,-1,65,-1,41
1,<environment.Job instance at 0x7fc5970fc050>,32,14,[14  3],33,-1,65,-1,51
1,<environment.Job instance at 0x7fc5970fc280>,35,23,[11  2],36,-1,79,-1,56
1,<environment.Job instance at 0x7fc5970fc320>,36,27,[10  1],37,-1,83,-1,56
1,<environment.Job instance at 0x7fc5970fc460>,38,16,[ 1 13],39,-1,72,-1,56
1,<environment.Job instance at 0x7fc5970fc820>,41,26,[13  2],42,-1,90,-1,64
1,<environment.Job instance at 0x7fc5970fc6e0>,42,18,[ 1 13],43,-1,82,-1,64
1,<environment.Job instance at 0x7fc596830a00>,0,22,[5 6],1,-1,23,-1,1
1,<environment.Job instance at 0x7fc59688f6e0>,2,18,[5 5],3,-1,21,-1,3
1,<environment.Job instance at 0x7fc59688fc30>,3,27,[8 2],4,-1,31,-1,4
1,<environment.Job instance at 0x7fc59688fa50>,4,14,[9 1],5,-1,20,-1,6
1,<environment.Job instance at 0x7fc5970f6af0>,5,19,[8 3],6,-1,25,-1,6
1,<environment.Job instance at 0x7fc59688fa00>,6,18,[ 2 10],7,-1,27,-1,9
1,<environment.Job instance at 0x7fc59682e6e0>,9,15,[4 7],10,-1,25,-1,10
1,<environment.Job instance at 0x7fc59682e1e0>,10,19,[8 4],11,-1,30,-1,11
1,<environment.Job instance at 0x7fc59682e0a0>,11,17,[2 7],12,-1,29,-1,12
1,<environment.Job instance at 0x7fc59688f410>,7,19,[14  1],8,-1,35,-1,16
1,<environment.Job instance at 0x7fc59682e8c0>,18,25,[11  5],19,-1,54,-1,29
1,<environment.Job instance at 0x7fc5968324b0>,23,25,[7 2],24,-1,54,-1,29
1,<environment.Job instance at 0x7fc596832190>,27,27,[5 8],28,-1,68,-1,41
1,<environment.Job instance at 0x7fc5968320f0>,28,20,[10  4],29,-1,61,-1,41
1,<environment.Job instance at 0x7fc5967770a0>,3,27,[8 2],4,-1,42,-1,15
1,<environment.Job instance at 0x7fc5970fc780>,7,19,[14  1],8,-1,34,-1,15
1,<environment.Job instance at 0x7fc5970fc550>,13,17,[ 4 14],14,-1,40,-1,23
1,<environment.Job instance at 0x7fc5970fc4b0>,14,21,[ 1 12],15,-1,44,-1,23
1,<environment.Job instance at 0x7fc5970fc230>,15,18,[ 5 12],16,-1,41,-1,23
1,<environment.Job instance at 0x7fc5970fc0a0>,16,12,[ 3 14],17,-1,35,-1,23
1,<environment.Job instance at 0x7fc5970fc370>,18,25,[11  5],19,-1,53,-1,28
1,<environment.Job instance at 0x7fc5970f9780>,19,18,[ 4 11],20,-1,46,-1,28
1,<environment.Job instance at 0x7fc5970f9e60>,21,14,[12  2],22,-1,52,-1,38
1,<environment.Job instance at 0x7fc5970f9eb0>,22,25,[ 2 14],23,-1,63,-1,38
1,<environment.Job instance at 0x7fc5970f9f00>,23,25,[7 2],24,-1,63,-1,38
1,<environment.Job instance at 0x7fc5970f9d70>,24,16,[ 5 14],25,-1,54,-1,38
1,<environment.Job instance at 0x7fc5970f9b40>,25,24,[ 2 11],26,-1,62,-1,38
1,<environment.Job instance at 0x7fc5970f9c80>,26,12,[ 4 14],27,-1,50,-1,38
1,<environment.Job instance at 0x7fc5970f97d0>,27,27,[5 8],28,-1,65,-1,38
1,<environment.Job instance at 0x7fc5970fc5f0>,12,24,[10  3],13,-1,62,-1,38
1,<environment.Job instance at 0x7fc5970f98c0>,30,22,[ 2 14],31,-1,60,-1,38
1,<environment.Job instance at 0x7fc5970f9870>,31,18,[13  3],32,-1,56,-1,38
1,<environment.Job instance at 0x7fc5970f9690>,33,22,[ 4 11],34,-1,60,-1,38
1,<environment.Job instance at 0x7fc5970f95f0>,34,19,[11  3],35,-1,57,-1,38
1,<environment.Job instance at 0x7fc5970f9550>,35,19,[11  4],36,-1,57,-1,38
1,<environment.Job instance at 0x7fc5970f9410>,36,27,[ 3 13],37,-1,65,-1,38
1,<environment.Job instance at 0x7fc5970f90f0>,38,17,[11  4],39,-1,62,-1,45
1,<environment.Job instance at 0x7fc5970f91e0>,39,22,[ 1 14],40,-1,67,-1,45
1,<environment.Job instance at 0x7fc5970f6fa0>,42,20,[ 5 13],43,-1,70,-1,50
1,<environment.Job instance at 0x7fc5970f6eb0>,43,21,[ 1 13],44,-1,71,-1,50
1,<environment.Job instance at 0x7fc5970f6f50>,41,25,[7 4],42,-1,87,-1,62
1,<environment.Job instance at 0x7fc5970f6f00>,45,18,[ 3 13],46,-1,80,-1,62
1,<environment.Job instance at 0x7fc5970f6d20>,46,26,[ 4 14],47,-1,88,-1,62
1,<environment.Job instance at 0x7fc5968e1370>,48,12,[12  1],49,-1,74,-1,62
1,<environment.Job instance at 0x7fc5969097d0>,51,18,[ 3 12],52,-1,82,-1,64
1,<environment.Job instance at 0x7fc596909690>,52,21,[ 2 13],53,-1,85,-1,64
1,<environment.Job instance at 0x7fc5a67cb0a0>,2,18,[10  5],3,-1,22,-1,4
1,<environment.Job instance at 0x7fc5a075e050>,5,24,[4 7],6,-1,30,-1,6
1,<environment.Job instance at 0x7fc5a075ef00>,8,28,[7 2],9,-1,70,-1,42
1,<environment.Job instance at 0x7fc5a075e460>,14,25,[ 5 11],15,-1,68,-1,43
1,<environment.Job instance at 0x7fc5a075e500>,16,16,[ 1 11],17,-1,59,-1,43
1,<environment.Job instance at 0x7fc5a075eb90>,18,25,[4 6],19,-1,72,-1,47
1,<environment.Job instance at 0x7fc5a075ee60>,12,24,[12  2],13,-1,74,-1,50
1,<environment.Job instance at 0x7fc5a075ed20>,22,21,[12  4],23,-1,71,-1,50
1,<environment.Job instance at 0x7fc5a075eeb0>,17,16,[6 2],18,-1,66,-1,50
1,<environment.Job instance at 0x7fc596712780>,24,28,[ 3 13],25,-1,79,-1,51
1,<environment.Job instance at 0x7fc596712050>,23,14,[12  3],24,-1,67,-1,53
1,<environment.Job instance at 0x7fc5967123c0>,25,22,[ 3 12],26,-1,75,-1,53
1,<environment.Job instance at 0x7fc596712230>,29,15,[12  2],30,-1,69,-1,54
1,<environment.Job instance at 0x7fc596712190>,28,22,[ 2 10],29,-1,76,-1,54
1,<environment.Job instance at 0x7fc596712af0>,30,18,[11  1],31,-1,73,-1,55
1,<environment.Job instance at 0x7fc5a075ee10>,15,13,[2 6],16,-1,68,-1,55
1,<environment.Job instance at 0x7fc5967126e0>,31,18,[ 4 10],32,-1,74,-1,56
1,<environment.Job instance at 0x7fc596712f50>,34,21,[9 1],35,-1,77,-1,56
1,<environment.Job instance at 0x7fc596712280>,35,14,[11  3],36,-1,70,-1,56
1,<environment.Job instance at 0x7fc5967120f0>,36,19,[ 5 14],37,-1,75,-1,56
1,<environment.Job instance at 0x7fc596712370>,38,27,[9 4],39,-1,84,-1,57
1,<environment.Job instance at 0x7fc5a075e8c0>,7,25,[5 4],8,-1,83,-1,58
1,<environment.Job instance at 0x7fc5a08a8690>,0,21,[ 3 12],1,-1,22,-1,1
1,<environment.Job instance at 0x7fc5a08a83c0>,1,17,[ 2 11],2,-1,19,-1,2
1,<environment.Job instance at 0x7fc5966e75f0>,3,14,[11  1],4,-1,18,-1,4
1,<environment.Job instance at 0x7fc5966e7d20>,4,26,[ 3 12],5,-1,31,-1,5
1,<environment.Job instance at 0x7fc5966e78c0>,5,24,[4 7],6,-1,30,-1,6
1,<environment.Job instance at 0x7fc5966e7c80>,6,16,[14  1],7,-1,23,-1,7
1,<environment.Job instance at 0x7fc5966e7be0>,7,25,[5 4],8,-1,33,-1,8
1,<environment.Job instance at 0x7fc59677d730>,12,24,[12  2],13,-1,37,-1,13
1,<environment.Job instance at 0x7fc59677d690>,13,26,[ 3 11],14,-1,40,-1,14
1,<environment.Job instance at 0x7fc59677df50>,14,25,[ 5 11],15,-1,40,-1,15
1,<environment.Job instance at 0x7fc59677d460>,16,16,[ 1 11],17,-1,33,-1,17
1,<environment.Job instance at 0x7fc5966e7b40>,8,28,[7 2],9,-1,49,-1,21
1,<environment.Job instance at 0x7fc59677d050>,18,25,[4 6],19,-1,46,-1,21
1,<environment.Job instance at 0x7fc59677de10>,19,26,[4 9],20,-1,47,-1,21
1,<environment.Job instance at 0x7fc5966e7af0>,9,28,[7 1],10,-1,49,-1,21
1,<environment.Job instance at 0x7fc59677db90>,21,12,[12  4],22,-1,34,-1,22
1,<environment.Job instance at 0x7fc59677dd20>,22,21,[12  4],23,-1,44,-1,23
1,<environment.Job instance at 0x7fc59677d500>,23,14,[12  3],24,-1,38,-1,24
1,<environment.Job instance at 0x7fc59677d870>,24,28,[ 3 13],25,-1,53,-1,25
1,<environment.Job instance at 0x7fc59677d4b0>,25,22,[ 3 12],26,-1,48,-1,26
1,<environment.Job instance at 0x7fc59676de60>,26,23,[11  2],27,-1,50,-1,27
1,<environment.Job instance at 0x7fc59677d140>,29,15,[12  2],30,-1,45,-1,30
1,<environment.Job instance at 0x7fc59676da50>,30,18,[11  1],31,-1,49,-1,31
1,<environment.Job instance at 0x7fc59676db90>,35,14,[11  3],36,-1,55,-1,41
1,<environment.Job instance at 0x7fc59676d6e0>,36,19,[ 5 14],37,-1,60,-1,41
1,<environment.Job instance at 0x7fc59676dc30>,38,27,[9 4],39,-1,78,-1,51
1,<environment.Job instance at 0x7fc59676dd70>,39,25,[ 3 11],40,-1,76,-1,51
1,<environment.Job instance at 0x7fc59676de10>,40,27,[13  4],41,-1,78,-1,51
1,<environment.Job instance at 0x7fc59676d190>,43,23,[ 2 14],44,-1,79,-1,56
1,<environment.Job instance at 0x7fc59676d780>,44,12,[ 2 11],45,-1,68,-1,56
1,<environment.Job instance at 0x7fc59671daa0>,46,24,[8 2],47,-1,88,-1,64
1,<environment.Job instance at 0x7fc59671d550>,48,28,[ 4 13],49,-1,92,-1,64
1,<environment.Job instance at 0x7fc59671d3c0>,49,26,[3 6],50,-1,90,-1,64
1,<environment.Job instance at 0x7fc59671d500>,50,12,[11  1],51,-1,76,-1,64
1,<environment.Job instance at 0x7fc59671df00>,51,12,[ 5 11],52,-1,76,-1,64
1,<environment.Job instance at 0x7fc59671df50>,52,15,[ 3 11],53,-1,79,-1,64
1,<environment.Job instance at 0x7fc59671d5f0>,53,24,[ 1 10],54,-1,88,-1,64
1,<environment.Job instance at 0x7fc59671d870>,54,24,[ 1 11],55,-1,88,-1,64
1,<environment.Job instance at 0x7fc59671daf0>,55,25,[8 2],56,-1,89,-1,64
1,<environment.Job instance at 0x7fc59671d370>,56,14,[14  4],57,-1,78,-1,64
1,<environment.Job instance at 0x7fc59671d960>,57,25,[5 4],58,-1,89,-1,64
1,<environment.Job instance at 0x7fc59671d7d0>,59,16,[ 3 12],60,-1,80,-1,64
1,<environment.Job instance at 0x7fc5974d0b40>,0,13,[11  1],1,-1,14,-1,1
1,<environment.Job instance at 0x7fc5974d0140>,1,27,[14  2],2,-1,29,-1,2
1,<environment.Job instance at 0x7fc596d74d70>,2,25,[13  2],3,-1,28,-1,3
1,<environment.Job instance at 0x7fc596d744b0>,3,21,[ 4 12],4,-1,25,-1,4
1,<environment.Job instance at 0x7fc5971b2280>,5,18,[ 5 11],6,-1,24,-1,6
1,<environment.Job instance at 0x7fc5975af1e0>,7,12,[11  1],8,-1,20,-1,8
1,<environment.Job instance at 0x7fc5975afc80>,8,13,[ 5 13],9,-1,22,-1,9
1,<environment.Job instance at 0x7fc5975af5f0>,14,28,[4 8],15,-1,50,-1,22
1,<environment.Job instance at 0x7fc5975af3c0>,15,23,[14  3],16,-1,45,-1,22
1,<environment.Job instance at 0x7fc5975af320>,16,23,[3 8],17,-1,45,-1,22
1,<environment.Job instance at 0x7fc5975af820>,18,28,[11  1],19,-1,50,-1,22
1,<environment.Job instance at 0x7fc5975afcd0>,19,17,[ 3 11],20,-1,39,-1,22
1,<environment.Job instance at 0x7fc5975af370>,21,27,[7 2],22,-1,61,-1,34
1,<environment.Job instance at 0x7fc5975afc30>,22,16,[14  3],23,-1,50,-1,34
1,<environment.Job instance at 0x7fc5975af8c0>,23,12,[11  4],24,-1,46,-1,34
1,<environment.Job instance at 0x7fc5975aff00>,24,15,[14  3],25,-1,49,-1,34
1,<environment.Job instance at 0x7fc5975af230>,25,28,[6 4],26,-1,62,-1,34
1,<environment.Job instance at 0x7fc5975afe60>,26,13,[ 5 13],27,-1,47,-1,34
1,<environment.Job instance at 0x7fc596afe1e0>,30,24,[11  3],31,-1,58,-1,34
1,<environment.Job instance at 0x7fc596afe5a0>,31,22,[ 5 14],32,-1,56,-1,34
1,<environment.Job instance at 0x7fc596afe500>,32,24,[14  3],33,-1,58,-1,34
1,<environment.Job instance at 0x7fc596afe410>,34,28,[6 3],35,-1,67,-1,39
1,<environment.Job instance at 0x7fc596afe460>,35,15,[11  2],36,-1,54,-1,39
1,<environment.Job instance at 0x7fc596afed20>,36,24,[ 5 14],37,-1,63,-1,39
1,<environment.Job instance at 0x7fc596afe0a0>,37,28,[11  1],38,-1,67,-1,39
1,<environment.Job instance at 0x7fc596afea50>,38,15,[ 5 11],39,-1,54,-1,39
1,<environment.Job instance at 0x7fc596afec30>,41,16,[ 2 13],42,-1,64,-1,48
1,<environment.Job instance at 0x7fc596afe050>,43,24,[ 5 11],44,-1,72,-1,48
1,<environment.Job instance at 0x7fc596afe9b0>,45,13,[11  1],46,-1,71,-1,58
1,<environment.Job instance at 0x7fc596afed70>,46,12,[ 3 12],47,-1,70,-1,58
1,<environment.Job instance at 0x7fc596e37a50>,11,22,[ 1 10],12,-1,34,-1,12
1,<environment.Job instance at 0x7fc596e37e10>,8,25,[11  1],9,-1,38,-1,13
1,<environment.Job instance at 0x7fc596e37050>,7,24,[ 4 11],8,-1,54,-1,30
1,<environment.Job instance at 0x7fc596e52af0>,13,24,[2 7],14,-1,57,-1,33
1,<environment.Job instance at 0x7fc597620730>,0,22,[12  1],1,-1,57,-1,35
1,<environment.Job instance at 0x7fc596e371e0>,4,28,[10  1],5,-1,63,-1,35
1,<environment.Job instance at 0x7fc5976a70a0>,0,22,[12  1],1,-1,23,-1,1
1,<environment.Job instance at 0x7fc5976a7960>,1,12,[ 2 14],2,-1,14,-1,2
1,<environment.Job instance at 0x7fc5976a7140>,2,13,[14  5],3,-1,16,-1,3
1,<environment.Job instance at 0x7fc5976a74b0>,3,28,[5 7],4,-1,32,-1,4
1,<environment.Job instance at 0x7fc5976a7910>,4,28,[10  1],5,-1,33,-1,5
1,<environment.Job instance at 0x7fc5976a7500>,5,16,[12  2],6,-1,22,-1,6
1,<environment.Job instance at 0x7fc5976a7780>,6,28,[14  3],7,-1,35,-1,7
1,<environment.Job instance at 0x7fc5976a7050>,7,24,[ 4 11],8,-1,32,-1,8
1,<environment.Job instance at 0x7fc5976a7be0>,8,25,[11  1],9,-1,34,-1,9
1,<environment.Job instance at 0x7fc5976a7410>,10,26,[5 5],11,-1,37,-1,11
1,<environment.Job instance at 0x7fc596afe910>,14,25,[11  5],15,-1,40,-1,15
1,<environment.Job instance at 0x7fc596afe230>,15,25,[5 3],16,-1,41,-1,16
1,<environment.Job instance at 0x7fc596afe690>,18,18,[12  1],19,-1,37,-1,19
1,<environment.Job instance at 0x7fc596afe050>,19,15,[ 1 13],20,-1,35,-1,20
1,<environment.Job instance at 0x7fc596afe550>,20,23,[11  3],21,-1,44,-1,21
1,<environment.Job instance at 0x7fc596afe140>,22,20,[14  4],23,-1,43,-1,23
1,<environment.Job instance at 0x7fc596afecd0>,17,26,[7 1],18,-1,52,-1,26
1,<environment.Job instance at 0x7fc596afe410>,24,16,[ 2 11],25,-1,42,-1,26
1,<environment.Job instance at 0x7fc5976a75a0>,13,24,[2 7],14,-1,58,-1,34
1,<environment.Job instance at 0x7fc596afe6e0>,25,24,[8 2],26,-1,58,-1,34
1,<environment.Job instance at 0x7fc596afea50>,29,16,[ 4 13],30,-1,50,-1,34
1,<environment.Job instance at 0x7fc596afea00>,30,26,[4 7],31,-1,74,-1,48
1,<environment.Job instance at 0x7fc5975afe60>,32,25,[11  1],33,-1,73,-1,48
1,<environment.Job instance at 0x7fc5975af6e0>,33,26,[4 8],34,-1,74,-1,48
1,<environment.Job instance at 0x7fc5975af230>,34,17,[12  2],35,-1,65,-1,48
1,<environment.Job instance at 0x7fc5975af8c0>,35,19,[11  2],36,-1,67,-1,48
1,<environment.Job instance at 0x7fc5975afcd0>,36,12,[14  5],37,-1,60,-1,48
1,<environment.Job instance at 0x7fc5975afa50>,37,24,[ 1 11],38,-1,72,-1,48
1,<environment.Job instance at 0x7fc5975af960>,38,18,[ 4 12],39,-1,66,-1,48
1,<environment.Job instance at 0x7fc5975af2d0>,42,22,[ 3 14],43,-1,71,-1,49
1,<environment.Job instance at 0x7fc5975afeb0>,43,28,[14  4],44,-1,77,-1,49
1,<environment.Job instance at 0x7fc5975afaf0>,31,25,[10  5],32,-1,74,-1,49
1,<environment.Job instance at 0x7fc5975af280>,45,25,[ 3 13],46,-1,74,-1,49
1,<environment.Job instance at 0x7fc5975afd20>,47,24,[ 2 13],48,-1,73,-1,49
1,<environment.Job instance at 0x7fc5975affa0>,48,21,[ 2 14],49,-1,70,-1,49
1,<environment.Job instance at 0x7fc5975aff00>,49,16,[ 5 13],50,-1,66,-1,50
1,<environment.Job instance at 0x7fc596d744b0>,50,28,[1 7],51,-1,91,-1,63
1,<environment.Job instance at 0x7fc596d74370>,54,24,[12  1],55,-1,87,-1,63
1,<environment.Job instance at 0x7fc59754af50>,0,17,[2 8],1,-1,18,-1,1
1,<environment.Job instance at 0x7fc59754a730>,2,23,[5 7],3,-1,26,-1,3
1,<environment.Job instance at 0x7fc5976a7e60>,1,27,[ 4 12],2,-1,29,-1,2
1,<environment.Job instance at 0x7fc5976a7050>,2,23,[5 7],3,-1,26,-1,3
1,<environment.Job instance at 0x7fc5976a7690>,3,13,[11  3],4,-1,17,-1,4
1,<environment.Job instance at 0x7fc5976a7500>,4,25,[13  3],5,-1,30,-1,5
1,<environment.Job instance at 0x7fc5976a70f0>,5,17,[ 2 14],6,-1,23,-1,6
1,<environment.Job instance at 0x7fc5976a7140>,7,20,[12  3],8,-1,28,-1,8
1,<environment.Job instance at 0x7fc5976a7730>,8,16,[ 5 14],9,-1,25,-1,9
1,<environment.Job instance at 0x7fc5976a7960>,9,13,[12  5],10,-1,23,-1,10
1,<environment.Job instance at 0x7fc5976a7910>,11,27,[12  2],12,-1,39,-1,12
1,<environment.Job instance at 0x7fc596e255f0>,12,26,[13  4],13,-1,39,-1,13
1,<environment.Job instance at 0x7fc596e25460>,15,24,[ 4 10],16,-1,46,-1,22
1,<environment.Job instance at 0x7fc59754a5f0>,19,20,[11  1],20,-1,42,-1,22
1,<environment.Job instance at 0x7fc596ad0fa0>,20,12,[ 1 14],21,-1,34,-1,22
1,<environment.Job instance at 0x7fc596ad0e60>,21,18,[ 5 12],22,-1,40,-1,22
1,<environment.Job instance at 0x7fc596ad0280>,23,24,[6 1],24,-1,54,-1,30
1,<environment.Job instance at 0x7fc596ad0870>,25,21,[12  1],26,-1,56,-1,35
1,<environment.Job instance at 0x7fc596ad0e10>,26,16,[ 4 11],27,-1,51,-1,35
1,<environment.Job instance at 0x7fc596ad0dc0>,29,27,[11  5],30,-1,70,-1,43
1,<environment.Job instance at 0x7fc596ad0960>,27,26,[7 4],28,-1,76,-1,50
1,<environment.Job instance at 0x7fc596ad0140>,31,25,[9 2],32,-1,75,-1,50
1,<environment.Job instance at 0x7fc596b727d0>,32,18,[ 4 14],33,-1,68,-1,50
1,<environment.Job instance at 0x7fc596b72fa0>,34,21,[14  5],35,-1,71,-1,50
1,<environment.Job instance at 0x7fc596b72b90>,36,27,[3 8],37,-1,84,-1,57
1,<environment.Job instance at 0x7fc596b72b40>,37,20,[ 3 13],38,-1,77,-1,57
1,<environment.Job instance at 0x7fc596b72c30>,38,15,[ 2 12],39,-1,72,-1,57
1,<environment.Job instance at 0x7fc596b72910>,39,24,[ 3 14],40,-1,81,-1,57
1,<environment.Job instance at 0x7fc596b729b0>,40,17,[ 2 14],41,-1,74,-1,57
1,<environment.Job instance at 0x7fc596d08500>,4,20,[2 8],5,-1,25,-1,5
1,<environment.Job instance at 0x7fc596d08640>,5,14,[11  5],6,-1,20,-1,6
1,<environment.Job instance at 0x7fc596d08690>,6,13,[ 1 11],7,-1,20,-1,7
1,<environment.Job instance at 0x7fc596d08730>,7,21,[5 9],8,-1,29,-1,8
1,<environment.Job instance at 0x7fc596d087d0>,8,25,[6 1],9,-1,34,-1,9
1,<environment.Job instance at 0x7fc596d74690>,3,16,[11  1],4,-1,26,-1,10
1,<environment.Job instance at 0x7fc596b71a00>,0,20,[12  3],1,-1,21,-1,1
1,<environment.Job instance at 0x7fc596b71960>,1,21,[13  4],2,-1,23,-1,2
1,<environment.Job instance at 0x7fc596b714b0>,2,23,[2 8],3,-1,26,-1,3
1,<environment.Job instance at 0x7fc596b71190>,3,16,[11  1],4,-1,20,-1,4
1,<environment.Job instance at 0x7fc596b71320>,5,14,[11  5],6,-1,20,-1,6
1,<environment.Job instance at 0x7fc596b71c80>,6,13,[ 1 11],7,-1,20,-1,7
1,<environment.Job instance at 0x7fc596b71aa0>,8,25,[6 1],9,-1,34,-1,9
1,<environment.Job instance at 0x7fc596b71050>,9,15,[ 3 12],10,-1,25,-1,10
1,<environment.Job instance at 0x7fc596b710f0>,10,18,[13  2],11,-1,29,-1,11
1,<environment.Job instance at 0x7fc596b715a0>,11,27,[5 7],12,-1,39,-1,12
1,<environment.Job instance at 0x7fc596b72a50>,12,12,[14  3],13,-1,25,-1,13
1,<environment.Job instance at 0x7fc596b726e0>,13,28,[11  3],14,-1,42,-1,14
1,<environment.Job instance at 0x7fc596b72aa0>,15,28,[ 4 12],16,-1,44,-1,16
1,<environment.Job instance at 0x7fc596b72370>,16,20,[11  3],17,-1,37,-1,17
1,<environment.Job instance at 0x7fc596b72a00>,17,15,[ 5 13],18,-1,33,-1,18
1,<environment.Job instance at 0x7fc596b715f0>,20,24,[12  5],21,-1,45,-1,21
1,<environment.Job instance at 0x7fc596b72910>,21,19,[ 2 14],22,-1,41,-1,22
1,<environment.Job instance at 0x7fc596b72c30>,22,22,[12  1],23,-1,45,-1,23
1,<environment.Job instance at 0x7fc596b72b40>,23,13,[ 3 11],24,-1,37,-1,24
1,<environment.Job instance at 0x7fc596b72500>,25,17,[ 1 14],26,-1,43,-1,26
1,<environment.Job instance at 0x7fc596b72fa0>,26,14,[ 3 14],27,-1,41,-1,27
1,<environment.Job instance at 0x7fc596b72320>,27,24,[ 3 11],28,-1,52,-1,28
1,<environment.Job instance at 0x7fc596b724b0>,29,25,[12  3],30,-1,55,-1,30
1,<environment.Job instance at 0x7fc596b72c80>,30,12,[ 2 12],31,-1,43,-1,31
1,<environment.Job instance at 0x7fc596b722d0>,32,27,[ 2 11],33,-1,60,-1,33
1,<environment.Job instance at 0x7fc596ad0dc0>,33,27,[ 3 14],34,-1,61,-1,34
1,<environment.Job instance at 0x7fc596ad0910>,36,28,[5 2],37,-1,69,-1,41
1,<environment.Job instance at 0x7fc596ad0d20>,37,28,[13  5],38,-1,69,-1,41
1,<environment.Job instance at 0x7fc596ad0fa0>,41,14,[ 3 11],42,-1,61,-1,47
1,<environment.Job instance at 0x7fc59754a320>,42,27,[ 3 14],43,-1,74,-1,47
1,<environment.Job instance at 0x7fc59754a5f0>,43,15,[14  1],44,-1,62,-1,47
1,<environment.Job instance at 0x7fc596ad0e60>,44,27,[ 5 11],45,-1,74,-1,47
1,<environment.Job instance at 0x7fc596ad04b0>,38,26,[8 3],39,-1,73,-1,47
1,<environment.Job instance at 0x7fc597545500>,46,25,[ 1 13],47,-1,72,-1,47
1,<environment.Job instance at 0x7fc596e255f0>,47,26,[10  3],48,-1,78,-1,52
1,<environment.Job instance at 0x7fc596ee7910>,50,21,[13  1],51,-1,82,-1,61
1,<environment.Job instance at 0x7fc596e25730>,51,18,[ 2 12],52,-1,79,-1,61
1,<environment.Job instance at 0x7fc596cde3c0>,52,14,[ 2 11],53,-1,75,-1,61
1,<environment.Job instance at 0x7fc5976a71e0>,54,12,[ 4 13],55,-1,73,-1,61
1,<environment.Job instance at 0x7fc5976a75a0>,56,14,[ 3 12],57,-1,79,-1,65
1,<environment.Job instance at 0x7fc5976a7730>,57,23,[13  3],58,-1,88,-1,65
1,<environment.Job instance at 0x7fc5976a7140>,58,16,[13  5],59,-1,81,-1,65
1,<environment.Job instance at 0x7fc596d0da00>,0,27,[ 4 10],1,-1,30,-1,3
1,<environment.Job instance at 0x7fc596cc91e0>,4,17,[2 5],5,-1,22,-1,5
1,<environment.Job instance at 0x7fc596b71e10>,1,28,[ 4 14],2,-1,34,-1,6
1,<environment.Job instance at 0x7fc596cde280>,0,27,[ 4 10],1,-1,28,-1,1
1,<environment.Job instance at 0x7fc596ee7910>,1,28,[ 4 14],2,-1,30,-1,2
1,<environment.Job instance at 0x7fc596d03140>,3,27,[11  1],4,-1,31,-1,4
1,<environment.Job instance at 0x7fc596ad0aa0>,8,18,[14  2],9,-1,27,-1,9
1,<environment.Job instance at 0x7fc596ad0910>,9,18,[12  2],10,-1,28,-1,10
1,<environment.Job instance at 0x7fc5975458c0>,6,28,[4 9],7,-1,45,-1,17
1,<environment.Job instance at 0x7fc596ad06e0>,12,19,[ 2 14],13,-1,36,-1,17
1,<environment.Job instance at 0x7fc596ad0280>,7,28,[7 5],8,-1,45,-1,17
1,<environment.Job instance at 0x7fc596ad0960>,14,24,[14  2],15,-1,41,-1,17
1,<environment.Job instance at 0x7fc596b72fa0>,19,18,[11  5],20,-1,47,-1,29
1,<environment.Job instance at 0x7fc596b725f0>,20,28,[7 2],21,-1,57,-1,29
1,<environment.Job instance at 0x7fc596b72b90>,21,20,[14  4],22,-1,49,-1,29
1,<environment.Job instance at 0x7fc596b72c30>,22,21,[13  5],23,-1,50,-1,29
1,<environment.Job instance at 0x7fc596b72730>,24,14,[ 1 12],25,-1,43,-1,29
1,<environment.Job instance at 0x7fc596b72280>,25,15,[14  3],26,-1,44,-1,29
1,<environment.Job instance at 0x7fc596b72a00>,27,23,[ 2 13],28,-1,59,-1,36
1,<environment.Job instance at 0x7fc596b72370>,28,25,[1 6],29,-1,61,-1,36
1,<environment.Job instance at 0x7fc596b72500>,29,22,[12  5],30,-1,58,-1,36
1,<environment.Job instance at 0x7fc596b726e0>,30,23,[7 1],31,-1,59,-1,36
1,<environment.Job instance at 0x7fc596b72aa0>,32,24,[2 5],33,-1,60,-1,36
1,<environment.Job instance at 0x7fc596b71d70>,34,12,[ 2 13],35,-1,58,-1,46
1,<environment.Job instance at 0x7fc596b710f0>,35,27,[4 9],36,-1,80,-1,53
1,<environment.Job instance at 0x7fc596b711e0>,37,24,[10  2],38,-1,85,-1,61
1,<environment.Job instance at 0x7fc596b71320>,38,14,[ 5 14],39,-1,75,-1,61
1,<environment.Job instance at 0x7fc596b30f00>,42,25,[11  2],43,-1,93,-1,68
1,<environment.Job instance at 0x7fc597024eb0>,43,15,[ 3 12],44,-1,83,-1,68
1,<environment.Job instance at 0x7fc596b71640>,44,17,[ 3 12],45,-1,85,-1,68
1,<environment.Job instance at 0x7fc597526c80>,45,22,[14  5],46,-1,90,-1,68
1,<environment.Job instance at 0x7fc597c6caf0>,0,20,[6 5],1,-1,21,-1,1
1,<environment.Job instance at 0x7fc597c6ce60>,5,25,[4 9],6,-1,47,-1,22
1,<environment.Job instance at 0x7fc597143690>,11,28,[11  4],12,-1,50,-1,22
1,<environment.Job instance at 0x7fc597143cd0>,9,28,[ 3 10],10,-1,51,-1,23
1,<environment.Job instance at 0x7fc5971439b0>,13,19,[11  2],14,-1,42,-1,23
1,<environment.Job instance at 0x7fc5971432d0>,14,18,[12  3],15,-1,41,-1,23
1,<environment.Job instance at 0x7fc5971430f0>,12,14,[9 5],13,-1,37,-1,23
1,<environment.Job instance at 0x7fc597143b90>,15,28,[5 5],16,-1,54,-1,26
1,<environment.Job instance at 0x7fc597143190>,17,24,[10  2],18,-1,50,-1,26
1,<environment.Job instance at 0x7fc597c6c640>,7,14,[7 5],8,-1,40,-1,26
1,<environment.Job instance at 0x7fc597143410>,20,12,[8 2],21,-1,41,-1,29
1,<environment.Job instance at 0x7fc597143820>,19,27,[ 5 10],20,-1,56,-1,29
1,<environment.Job instance at 0x7fc597143fa0>,16,19,[ 1 12],17,-1,48,-1,29
1,<environment.Job instance at 0x7fc597143af0>,21,28,[ 1 12],22,-1,57,-1,29
1,<environment.Job instance at 0x7fc597143aa0>,23,20,[ 5 12],24,-1,49,-1,29
1,<environment.Job instance at 0x7fc597143f50>,18,24,[8 1],19,-1,53,-1,29
1,<environment.Job instance at 0x7fc597143a00>,25,12,[ 4 13],26,-1,41,-1,29
1,<environment.Job instance at 0x7fc597143460>,26,24,[5 3],27,-1,54,-1,30
1,<environment.Job instance at 0x7fc5976ba9b0>,1,14,[ 4 13],2,-1,16,-1,2
1,<environment.Job instance at 0x7fc5968a15f0>,2,12,[14  3],3,-1,15,-1,3
1,<environment.Job instance at 0x7fc5968a1140>,3,18,[ 5 11],4,-1,22,-1,4
1,<environment.Job instance at 0x7fc5968a1cd0>,4,21,[ 1 12],5,-1,26,-1,5
1,<environment.Job instance at 0x7fc5968a1960>,5,25,[4 9],6,-1,31,-1,6
1,<environment.Job instance at 0x7fc5968a1410>,6,18,[ 1 12],7,-1,25,-1,7
1,<environment.Job instance at 0x7fc5976bac30>,11,28,[11  4],12,-1,40,-1,12
1,<environment.Job instance at 0x7fc597526820>,13,19,[11  2],14,-1,33,-1,14
1,<environment.Job instance at 0x7fc596b72aa0>,14,18,[12  3],15,-1,33,-1,15
1,<environment.Job instance at 0x7fc5968a1190>,9,28,[ 3 10],10,-1,49,-1,21
1,<environment.Job instance at 0x7fc596b726e0>,16,19,[ 1 12],17,-1,40,-1,21
1,<environment.Job instance at 0x7fc596b72500>,18,24,[8 1],19,-1,45,-1,21
1,<environment.Job instance at 0x7fc596b728c0>,19,27,[ 5 10],20,-1,48,-1,21
1,<environment.Job instance at 0x7fc596b72370>,15,28,[5 5],16,-1,49,-1,21
1,<environment.Job instance at 0x7fc596b72b40>,21,28,[ 1 12],22,-1,50,-1,22
1,<environment.Job instance at 0x7fc596b72b90>,22,15,[13  1],23,-1,38,-1,23
1,<environment.Job instance at 0x7fc596b729b0>,23,20,[ 5 12],24,-1,44,-1,24
1,<environment.Job instance at 0x7fc596b72c80>,25,12,[ 4 13],26,-1,38,-1,26
1,<environment.Job instance at 0x7fc596b72820>,26,24,[5 3],27,-1,57,-1,33
1,<environment.Job instance at 0x7fc596b72d70>,29,21,[14  3],30,-1,54,-1,33
1,<environment.Job instance at 0x7fc5971437d0>,32,20,[11  3],33,-1,54,-1,34
1,<environment.Job instance at 0x7fc5976fc0a0>,35,17,[ 3 13],36,-1,65,-1,48
1,<environment.Job instance at 0x7fc5975a0320>,36,15,[13  4],37,-1,63,-1,48
1,<environment.Job instance at 0x7fc596b72dc0>,17,24,[10  2],18,-1,84,-1,60
1,<environment.Job instance at 0x7fc5975a0d70>,37,25,[9 1],38,-1,85,-1,60
1,<environment.Job instance at 0x7fc5975a0730>,40,26,[14  4],41,-1,86,-1,60
1,<environment.Job instance at 0x7fc5975a09b0>,43,18,[14  1],44,-1,78,-1,60
1,<environment.Job instance at 0x7fc5975a0910>,38,23,[3 8],39,-1,84,-1,61
1,<environment.Job instance at 0x7fc5975a0410>,46,15,[ 5 11],47,-1,76,-1,61
1,<environment.Job instance at 0x7fc5975a07d0>,47,27,[ 2 13],48,-1,88,-1,61
1,<environment.Job instance at 0x7fc5967770f0>,0,28,[3 6],1,-1,29,-1,1
1,<environment.Job instance at 0x7fc596777140>,3,21,[10  4],4,-1,26,-1,5
1,<environment.Job instance at 0x7fc597c5e140>,5,13,[ 5 10],6,-1,19,-1,6
1,<environment.Job instance at 0x7fc596777be0>,4,13,[12  5],5,-1,19,-1,6
1,<environment.Job instance at 0x7fc597c5e190>,7,22,[ 3 10],8,-1,30,-1,8
1,<environment.Job instance at 0x7fc597c5ebe0>,9,19,[ 4 10],10,-1,29,-1,10
1,<environment.Job instance at 0x7fc597c5efa0>,11,24,[ 4 10],12,-1,36,-1,12
1,<environment.Job instance at 0x7fc5970cdaf0>,0,28,[3 6],1,-1,29,-1,1
1,<environment.Job instance at 0x7fc5970cdd70>,4,13,[12  5],5,-1,18,-1,5
1,<environment.Job instance at 0x7fc59707e050>,12,24,[ 2 14],13,-1,52,-1,28
1,<environment.Job instance at 0x7fc59779ab90>,13,16,[12  2],14,-1,44,-1,28
1,<environment.Job instance at 0x7fc59779afa0>,14,15,[ 5 12],15,-1,43,-1,28
1,<environment.Job instance at 0x7fc59779a410>,15,28,[ 2 11],16,-1,56,-1,28
1,<environment.Job instance at 0x7fc597153c80>,16,28,[13  3],17,-1,56,-1,28
1,<environment.Job instance at 0x7fc597153050>,18,23,[13  5],19,-1,51,-1,28
1,<environment.Job instance at 0x7fc597153b40>,19,19,[ 3 13],20,-1,47,-1,28
1,<environment.Job instance at 0x7fc59707ef00>,11,24,[ 4 10],12,-1,52,-1,28
1,<environment.Job instance at 0x7fc59728bf00>,23,23,[6 5],24,-1,51,-1,28
1,<environment.Job instance at 0x7fc59728b910>,24,17,[ 2 13],25,-1,45,-1,28
1,<environment.Job instance at 0x7fc59728bb40>,25,20,[ 1 11],26,-1,48,-1,28
1,<environment.Job instance at 0x7fc59728b140>,26,27,[4 6],27,-1,55,-1,28
1,<environment.Job instance at 0x7fc59728b9b0>,27,26,[8 5],28,-1,54,-1,28
1,<environment.Job instance at 0x7fc59728b370>,28,12,[ 3 14],29,-1,41,-1,29
1,<environment.Job instance at 0x7fc59728b0a0>,31,24,[14  4],32,-1,56,-1,32
1,<environment.Job instance at 0x7fc59728bc80>,32,26,[12  3],33,-1,59,-1,33
1,<environment.Job instance at 0x7fc59728b1e0>,33,16,[ 5 14],34,-1,50,-1,34
1,<environment.Job instance at 0x7fc59728b5a0>,35,12,[ 4 13],36,-1,53,-1,41
1,<environment.Job instance at 0x7fc59728b690>,36,25,[13  1],37,-1,66,-1,41
1,<environment.Job instance at 0x7fc59728b190>,34,23,[8 4],35,-1,67,-1,44
1,<environment.Job instance at 0x7fc59728bdc0>,39,22,[14  4],40,-1,66,-1,44
1,<environment.Job instance at 0x7fc59728bfa0>,40,14,[ 1 13],41,-1,58,-1,44
1,<environment.Job instance at 0x7fc59728b5f0>,41,28,[ 2 10],42,-1,82,-1,54
1,<environment.Job instance at 0x7fc5973d6d70>,43,16,[11  3],44,-1,70,-1,54
1,<environment.Job instance at 0x7fc5973d6c30>,44,18,[ 5 12],45,-1,72,-1,54
1,<environment.Job instance at 0x7fc5973d6f00>,45,24,[ 2 12],46,-1,78,-1,54
1,<environment.Job instance at 0x7fc5973d67d0>,46,24,[ 1 13],47,-1,78,-1,54
1,<environment.Job instance at 0x7fc597b025a0>,48,23,[4 5],49,-1,80,-1,57
1,<environment.Job instance at 0x7fc597b020f0>,49,25,[1 9],50,-1,92,-1,67
1,<environment.Job instance at 0x7fc5969072d0>,0,23,[8 4],1,-1,24,-1,1
1,<environment.Job instance at 0x7fc596fb6370>,11,17,[13  1],12,-1,32,-1,15
1,<environment.Job instance at 0x7fc597134fa0>,13,25,[12  1],14,-1,40,-1,15
1,<environment.Job instance at 0x7fc597703c30>,14,28,[14  4],15,-1,43,-1,15
1,<environment.Job instance at 0x7fc5970cdb90>,8,12,[1 7],9,-1,28,-1,16
1,<environment.Job instance at 0x7fc596f25e60>,1,13,[12  4],2,-1,42,-1,29
1,<environment.Job instance at 0x7fc596b270f0>,15,16,[ 1 13],16,-1,47,-1,31
1,<environment.Job instance at 0x7fc597b02d70>,0,23,[8 4],1,-1,24,-1,1
1,<environment.Job instance at 0x7fc597b02c30>,1,13,[12  4],2,-1,15,-1,2
1,<environment.Job instance at 0x7fc597b02b90>,2,27,[9 3],3,-1,30,-1,3
1,<environment.Job instance at 0x7fc597b02a00>,4,18,[ 5 12],5,-1,23,-1,5
1,<environment.Job instance at 0x7fc5973d6d20>,5,28,[ 2 13],6,-1,34,-1,6
1,<environment.Job instance at 0x7fc5973d6f00>,6,26,[ 3 14],7,-1,33,-1,7
1,<environment.Job instance at 0x7fc5973d6d70>,7,15,[11  5],8,-1,23,-1,8
1,<environment.Job instance at 0x7fc5973d6910>,9,15,[ 3 13],10,-1,25,-1,10
1,<environment.Job instance at 0x7fc597c5ee10>,10,25,[13  4],11,-1,36,-1,11
1,<environment.Job instance at 0x7fc5966c9f50>,11,17,[13  1],12,-1,29,-1,12
1,<environment.Job instance at 0x7fc597c5eb90>,13,25,[12  1],14,-1,39,-1,14
1,<environment.Job instance at 0x7fc5970cd7d0>,14,28,[14  4],15,-1,43,-1,15
1,<environment.Job instance at 0x7fc5970cd410>,15,16,[ 1 13],16,-1,32,-1,16
1,<environment.Job instance at 0x7fc5970cdb40>,16,26,[ 3 11],17,-1,43,-1,17
1,<environment.Job instance at 0x7fc5970cdfa0>,19,26,[12  4],20,-1,46,-1,20
1,<environment.Job instance at 0x7fc5970cdd70>,20,16,[11  4],21,-1,37,-1,21
1,<environment.Job instance at 0x7fc597295a50>,23,20,[12  4],24,-1,44,-1,24
1,<environment.Job instance at 0x7fc5970cd8c0>,24,26,[1 6],25,-1,64,-1,38
1,<environment.Job instance at 0x7fc5967a0fa0>,26,27,[12  2],27,-1,65,-1,38
1,<environment.Job instance at 0x7fc5967a04b0>,27,15,[14  2],28,-1,53,-1,38
1,<environment.Job instance at 0x7fc5967a0370>,28,15,[13  3],29,-1,53,-1,38
1,<environment.Job instance at 0x7fc5a0220910>,31,14,[ 2 11],32,-1,52,-1,38
1,<environment.Job instance at 0x7fc596c6af50>,32,25,[14  3],33,-1,63,-1,38
1,<environment.Job instance at 0x7fc596c6a0a0>,33,23,[14  5],34,-1,61,-1,38
1,<environment.Job instance at 0x7fc596c6a230>,34,27,[12  3],35,-1,65,-1,38
1,<environment.Job instance at 0x7fc596c6a780>,35,22,[11  3],36,-1,60,-1,38
1,<environment.Job instance at 0x7fc596fa9be0>,36,28,[ 1 13],37,-1,66,-1,38
1,<environment.Job instance at 0x7fc596fa9550>,37,25,[12  4],38,-1,63,-1,38
1,<environment.Job instance at 0x7fc597295730>,25,23,[5 5],26,-1,61,-1,38
1,<environment.Job instance at 0x7fc597257a00>,38,17,[ 2 13],39,-1,56,-1,39
1,<environment.Job instance at 0x7fc5a08aa410>,39,15,[ 2 14],40,-1,55,-1,40
1,<environment.Job instance at 0x7fc596fa96e0>,41,16,[ 2 13],42,-1,58,-1,42
1,<environment.Job instance at 0x7fc5a077b910>,43,15,[12  3],44,-1,59,-1,44
1,<environment.Job instance at 0x7fc596e36fa0>,44,19,[ 2 13],45,-1,64,-1,45
1,<environment.Job instance at 0x7fc596e36690>,47,18,[ 1 13],48,-1,76,-1,58
1,<environment.Job instance at 0x7fc596e36eb0>,48,12,[ 5 14],49,-1,70,-1,58
1,<environment.Job instance at 0x7fc596e36280>,49,13,[14  1],50,-1,71,-1,58
1,<environment.Job instance at 0x7fc597134280>,4,19,[ 4 11],5,-1,25,-1,6
1,<environment.Job instance at 0x7fc5971347d0>,5,24,[9 5],6,-1,30,-1,6
1,<environment.Job instance at 0x7fc597216050>,15,27,[ 2 11],16,-1,62,-1,35
1,<environment.Job instance at 0x7fc5972162d0>,16,28,[12  4],17,-1,63,-1,35
1,<environment.Job instance at 0x7fc596b1d960>,1,23,[14  1],2,-1,25,-1,2
1,<environment.Job instance at 0x7fc596b2fe60>,2,17,[ 1 14],3,-1,20,-1,3
1,<environment.Job instance at 0x7fc596b1d820>,3,16,[12  2],4,-1,20,-1,4
1,<environment.Job instance at 0x7fc596cb4c80>,4,19,[ 4 11],5,-1,24,-1,5
1,<environment.Job instance at 0x7fc596b1d1e0>,5,24,[9 5],6,-1,30,-1,6
1,<environment.Job instance at 0x7fc596cd19b0>,6,16,[13  3],7,-1,23,-1,7
1,<environment.Job instance at 0x7fc596cd1d20>,7,24,[14  3],8,-1,32,-1,8
1,<environment.Job instance at 0x7fc596ccb2d0>,8,19,[ 1 14],9,-1,28,-1,9
1,<environment.Job instance at 0x7fc596ccb320>,9,23,[14  3],10,-1,33,-1,10
1,<environment.Job instance at 0x7fc596ccb500>,10,28,[ 4 11],11,-1,39,-1,11
1,<environment.Job instance at 0x7fc596ccbaa0>,11,27,[5 5],12,-1,39,-1,12
1,<environment.Job instance at 0x7fc596ccb960>,12,24,[5 2],13,-1,37,-1,13
1,<environment.Job instance at 0x7fc596ccbb40>,13,14,[ 4 12],14,-1,28,-1,14
1,<environment.Job instance at 0x7fc596ca4230>,14,27,[5 1],15,-1,42,-1,15
1,<environment.Job instance at 0x7fc596ca4280>,15,27,[ 2 11],16,-1,43,-1,16
1,<environment.Job instance at 0x7fc596ca4460>,16,28,[12  4],17,-1,45,-1,17
1,<environment.Job instance at 0x7fc596cb4410>,18,14,[14  2],19,-1,33,-1,19
1,<environment.Job instance at 0x7fc596ca4820>,19,27,[5 1],20,-1,47,-1,20
1,<environment.Job instance at 0x7fc59691e7d0>,20,23,[12  5],21,-1,44,-1,21
1,<environment.Job instance at 0x7fc59691e8c0>,21,23,[3 9],22,-1,45,-1,22
1,<environment.Job instance at 0x7fc596ca4af0>,23,12,[14  4],24,-1,36,-1,24
1,<environment.Job instance at 0x7fc59692b9b0>,26,17,[ 3 14],27,-1,44,-1,27
1,<environment.Job instance at 0x7fc59692b870>,29,17,[ 2 13],30,-1,47,-1,30
1,<environment.Job instance at 0x7fc59691f7d0>,30,17,[14  2],31,-1,48,-1,31
1,<environment.Job instance at 0x7fc59692b4b0>,32,23,[5 5],33,-1,59,-1,36
1,<environment.Job instance at 0x7fc59691f5a0>,33,13,[ 1 14],34,-1,49,-1,36
1,<environment.Job instance at 0x7fc59691f550>,34,12,[ 3 11],35,-1,48,-1,36
1,<environment.Job instance at 0x7fc59691ef00>,25,26,[7 5],26,-1,62,-1,36
1,<environment.Job instance at 0x7fc59691fb40>,31,26,[10  4],32,-1,62,-1,36
1,<environment.Job instance at 0x7fc596953e10>,37,19,[ 5 13],38,-1,57,-1,38
1,<environment.Job instance at 0x7fc596953c30>,39,25,[3 9],40,-1,75,-1,50
1,<environment.Job instance at 0x7fc5969398c0>,43,17,[ 3 13],44,-1,80,-1,63
1,<environment.Job instance at 0x7fc597ad3e60>,2,14,[9 1],3,-1,18,-1,4
1,<environment.Job instance at 0x7fc597ad35f0>,4,18,[8 3],5,-1,24,-1,6
1,<environment.Job instance at 0x7fc597ad3690>,8,17,[7 4],9,-1,26,-1,9
1,<environment.Job instance at 0x7fc597ad3f00>,15,24,[12  5],16,-1,58,-1,34
1,<environment.Job instance at 0x7fc597ad3cd0>,5,28,[3 8],6,-1,62,-1,34
1,<environment.Job instance at 0x7fc59783a550>,19,28,[1 8],20,-1,65,-1,37
1,<environment.Job instance at 0x7fc597ad3be0>,18,16,[3 6],19,-1,53,-1,37
1,<environment.Job instance at 0x7fc59783a690>,24,17,[10  4],25,-1,54,-1,37
1,<environment.Job instance at 0x7fc597661370>,0,18,[ 4 13],1,-1,19,-1,1
1,<environment.Job instance at 0x7fc5978241e0>,1,18,[13  1],2,-1,20,-1,2
1,<environment.Job instance at 0x7fc597865fa0>,5,28,[3 8],6,-1,34,-1,6
1,<environment.Job instance at 0x7fc597865d70>,6,18,[ 1 14],7,-1,25,-1,7
1,<environment.Job instance at 0x7fc596b2a370>,9,16,[12  2],10,-1,26,-1,10
1,<environment.Job instance at 0x7fc596b218c0>,10,12,[11  2],11,-1,23,-1,11
1,<environment.Job instance at 0x7fc596b214b0>,12,16,[ 3 13],13,-1,29,-1,13
1,<environment.Job instance at 0x7fc596d396e0>,14,22,[ 1 12],15,-1,39,-1,17
1,<environment.Job instance at 0x7fc5976498c0>,15,24,[12  5],16,-1,41,-1,17
1,<environment.Job instance at 0x7fc597649370>,16,27,[3 5],17,-1,50,-1,23
1,<environment.Job instance at 0x7fc59670baa0>,19,28,[1 8],20,-1,65,-1,37
1,<environment.Job instance at 0x7fc596c00cd0>,21,26,[7 2],22,-1,68,-1,42
1,<environment.Job instance at 0x7fc597d0c6e0>,23,28,[ 2 12],24,-1,70,-1,42
1,<environment.Job instance at 0x7fc596910d20>,25,16,[12  2],26,-1,58,-1,42
1,<environment.Job instance at 0x7fc596b45a00>,26,27,[12  3],27,-1,69,-1,42
1,<environment.Job instance at 0x7fc596b45a50>,27,17,[13  2],28,-1,59,-1,42
1,<environment.Job instance at 0x7fc597cd7c30>,22,27,[5 6],23,-1,81,-1,54
1,<environment.Job instance at 0x7fc59764bb90>,32,24,[7 3],33,-1,83,-1,59
1,<environment.Job instance at 0x7fc59764b960>,33,12,[13  5],34,-1,71,-1,59
1,<environment.Job instance at 0x7fc59764b460>,34,21,[ 1 13],35,-1,80,-1,59
1,<environment.Job instance at 0x7fc5a0623910>,36,20,[ 4 11],37,-1,79,-1,59
1,<environment.Job instance at 0x7fc59751cb90>,0,18,[10  5],1,-1,19,-1,1
1,<environment.Job instance at 0x7fc596c75a50>,2,23,[4 7],3,-1,26,-1,3
1,<environment.Job instance at 0x7fc596c752d0>,3,19,[ 4 10],4,-1,24,-1,5
1,<environment.Job instance at 0x7fc596b1d820>,4,18,[10  1],5,-1,23,-1,5
1,<environment.Job instance at 0x7fc596c75820>,6,15,[9 4],7,-1,23,-1,8
1,<environment.Job instance at 0x7fc597632780>,1,24,[ 3 12],2,-1,26,-1,2
1,<environment.Job instance at 0x7fc59668c140>,2,23,[4 7],3,-1,26,-1,3
1,<environment.Job instance at 0x7fc597632820>,5,26,[12  4],6,-1,32,-1,6
1,<environment.Job instance at 0x7fc597686140>,9,17,[ 3 12],10,-1,27,-1,10
1,<environment.Job instance at 0x7fc5976865a0>,10,13,[14  5],11,-1,24,-1,11
1,<environment.Job instance at 0x7fc596c0a230>,11,21,[ 5 14],12,-1,33,-1,12
1,<environment.Job instance at 0x7fc596cb20a0>,12,21,[ 4 11],13,-1,34,-1,13
1,<environment.Job instance at 0x7fc596c0ae60>,14,23,[14  4],15,-1,42,-1,19
1,<environment.Job instance at 0x7fc596c0af50>,15,12,[ 3 11],16,-1,31,-1,19
1,<environment.Job instance at 0x7fc5966e4370>,18,18,[12  1],19,-1,41,-1,23
1,<environment.Job instance at 0x7fc597686e60>,13,25,[2 7],14,-1,48,-1,23
1,<environment.Job instance at 0x7fc5968e5fa0>,20,24,[12  2],21,-1,47,-1,23
1,<environment.Job instance at 0x7fc597cd7dc0>,22,25,[8 3],23,-1,59,-1,34
1,<environment.Job instance at 0x7fc596c00cd0>,23,15,[11  1],24,-1,49,-1,34
1,<environment.Job instance at 0x7fc596914730>,25,27,[7 4],26,-1,62,-1,35
1,<environment.Job instance at 0x7fc5974e0f00>,28,26,[9 5],29,-1,74,-1,48
1,<environment.Job instance at 0x7fc596c0b820>,30,28,[9 3],31,-1,78,-1,50
1,<environment.Job instance at 0x7fc596b77dc0>,31,27,[5 1],32,-1,77,-1,50
1,<environment.Job instance at 0x7fc5969951e0>,34,27,[6 4],35,-1,93,-1,66
1,<environment.Job instance at 0x7fc5a08af370>,35,25,[6 1],36,-1,91,-1,66
1,<environment.Job instance at 0x7fc597cd45f0>,36,23,[5 5],37,-1,89,-1,66
1,<environment.Job instance at 0x7fc597cd4230>,37,28,[14  5],38,-1,94,-1,66
1,<environment.Job instance at 0x7fc5a08afc80>,38,12,[13  5],39,-1,78,-1,66
1,<environment.Job instance at 0x7fc59751c0f0>,40,23,[13  2],41,-1,89,-1,66
1,<environment.Job instance at 0x7fc59751c5f0>,41,21,[12  3],42,-1,87,-1,66
1,<environment.Job instance at 0x7fc597079dc0>,42,17,[14  1],43,-1,83,-1,66
1,<environment.Job instance at 0x7fc597079230>,43,15,[ 1 12],44,-1,81,-1,66
1,<environment.Job instance at 0x7fc596db0910>,8,19,[ 3 13],9,-1,31,-1,12
1,<environment.Job instance at 0x7fc596db05f0>,2,27,[ 4 13],3,-1,40,-1,13
1,<environment.Job instance at 0x7fc596db09b0>,12,26,[2 9],13,-1,41,-1,15
1,<environment.Job instance at 0x7fc596db0a50>,9,15,[7 1],10,-1,30,-1,15
1,<environment.Job instance at 0x7fc596db0c80>,14,15,[12  4],15,-1,30,-1,15
1,<environment.Job instance at 0x7fc596db0dc0>,11,25,[5 5],12,-1,40,-1,15
1,<environment.Job instance at 0x7fc597cdf9b0>,0,27,[ 2 13],1,-1,28,-1,1
1,<environment.Job instance at 0x7fc597cdf050>,1,17,[11  4],2,-1,19,-1,2
1,<environment.Job instance at 0x7fc597cdf820>,2,27,[ 4 13],3,-1,30,-1,3
1,<environment.Job instance at 0x7fc597cdfd20>,3,15,[14  1],4,-1,19,-1,4
1,<environment.Job instance at 0x7fc597cdfc30>,8,19,[ 3 13],9,-1,28,-1,9
1,<environment.Job instance at 0x7fc597cdf6e0>,7,26,[ 4 10],8,-1,46,-1,20
1,<environment.Job instance at 0x7fc597cdf690>,12,26,[2 9],13,-1,46,-1,20
1,<environment.Job instance at 0x7fc597cdfe60>,14,15,[12  4],15,-1,35,-1,20
1,<environment.Job instance at 0x7fc597cdfdc0>,11,25,[5 5],12,-1,45,-1,20
1,<environment.Job instance at 0x7fc597887dc0>,16,27,[ 1 11],17,-1,47,-1,20
1,<environment.Job instance at 0x7fc5976a6e60>,17,18,[ 2 12],18,-1,38,-1,20
1,<environment.Job instance at 0x7fc5976a63c0>,18,22,[ 2 11],19,-1,42,-1,20
1,<environment.Job instance at 0x7fc5976a6be0>,19,23,[14  4],20,-1,43,-1,20
1,<environment.Job instance at 0x7fc597079b90>,20,22,[13  2],21,-1,43,-1,21
1,<environment.Job instance at 0x7fc597079550>,21,12,[ 1 12],22,-1,34,-1,22
1,<environment.Job instance at 0x7fc597cdf190>,6,25,[7 3],7,-1,49,-1,24
1,<environment.Job instance at 0x7fc597079dc0>,23,26,[5 5],24,-1,50,-1,24
1,<environment.Job instance at 0x7fc597887d70>,15,27,[10  3],16,-1,51,-1,24
1,<environment.Job instance at 0x7fc596ab03c0>,24,16,[11  2],25,-1,41,-1,25
1,<environment.Job instance at 0x7fc5a08b0410>,26,18,[ 5 14],27,-1,45,-1,27
1,<environment.Job instance at 0x7fc596c0b820>,29,20,[ 1 11],30,-1,50,-1,30
1,<environment.Job instance at 0x7fc5a08af5a0>,30,27,[11  5],31,-1,58,-1,31
1,<environment.Job instance at 0x7fc596b77dc0>,31,14,[ 5 14],32,-1,46,-1,32
1,<environment.Job instance at 0x7fc5a08af7d0>,28,27,[ 2 10],29,-1,64,-1,37
1,<environment.Job instance at 0x7fc596c00cd0>,35,24,[ 5 13],36,-1,63,-1,39
1,<environment.Job instance at 0x7fc597695050>,36,15,[ 5 14],37,-1,54,-1,39
1,<environment.Job instance at 0x7fc597cd7c30>,37,22,[ 4 11],38,-1,61,-1,39
1,<environment.Job instance at 0x7fc597d0cd20>,38,13,[ 5 13],39,-1,52,-1,39
1,<environment.Job instance at 0x7fc596914730>,33,25,[9 2],34,-1,71,-1,46
1,<environment.Job instance at 0x7fc597cd45f0>,25,26,[5 8],26,-1,80,-1,54
1,<environment.Job instance at 0x7fc59769ac30>,42,13,[ 5 12],43,-1,67,-1,54
1,<environment.Job instance at 0x7fc59769ae10>,43,15,[14  1],44,-1,69,-1,54
1,<environment.Job instance at 0x7fc5968e5a50>,44,23,[1 8],45,-1,77,-1,54
1,<environment.Job instance at 0x7fc596cb20a0>,45,28,[ 2 10],46,-1,82,-1,54
1,<environment.Job instance at 0x7fc5a0623910>,41,24,[5 1],42,-1,78,-1,54
1,<environment.Job instance at 0x7fc596c0af50>,48,21,[ 3 14],49,-1,75,-1,54
1,<environment.Job instance at 0x7fc596c0ae60>,49,21,[ 2 12],50,-1,75,-1,54
1,<environment.Job instance at 0x7fc5976865a0>,52,21,[13  5],53,-1,75,-1,54
1,<environment.Job instance at 0x7fc596db4f00>,54,25,[9 4],55,-1,94,-1,69
1,<environment.Job instance at 0x7fc596db49b0>,56,14,[11  4],57,-1,83,-1,69
1,<environment.Job instance at 0x7fc596db42d0>,58,28,[ 1 13],59,-1,97,-1,69
1,<environment.Job instance at 0x7fc596db4550>,59,19,[ 5 14],60,-1,88,-1,69
1,<environment.Job instance at 0x7fc597569780>,10,15,[14  4],11,-1,58,-1,43
1,<environment.Job instance at 0x7fc597569690>,14,23,[ 4 10],15,-1,67,-1,44
1,<environment.Job instance at 0x7fc59754ae10>,21,26,[5 7],22,-1,89,-1,63
1,<environment.Job instance at 0x7fc597569af0>,0,13,[12  4],1,-1,14,-1,1
1,<environment.Job instance at 0x7fc597559410>,1,17,[ 5 13],2,-1,19,-1,2
1,<environment.Job instance at 0x7fc5975678c0>,2,16,[ 5 14],3,-1,19,-1,3
1,<environment.Job instance at 0x7fc597559870>,3,25,[5 8],4,-1,29,-1,4
1,<environment.Job instance at 0x7fc59753f280>,5,17,[ 2 14],6,-1,23,-1,6
1,<environment.Job instance at 0x7fc59753f730>,6,18,[11  3],7,-1,25,-1,7
1,<environment.Job instance at 0x7fc59753f230>,10,15,[14  4],11,-1,26,-1,11
1,<environment.Job instance at 0x7fc5968c7cd0>,11,24,[11  3],12,-1,36,-1,12
1,<environment.Job instance at 0x7fc5968c7500>,12,15,[ 5 12],13,-1,28,-1,13
1,<environment.Job instance at 0x7fc5968c75f0>,13,26,[ 1 12],14,-1,40,-1,14
1,<environment.Job instance at 0x7fc5968c75a0>,16,27,[ 3 12],17,-1,44,-1,17
1,<environment.Job instance at 0x7fc5968c7b40>,18,28,[12  4],19,-1,47,-1,19
1,<environment.Job instance at 0x7fc5968c7410>,15,25,[1 8],16,-1,45,-1,20
1,<environment.Job instance at 0x7fc5968c7d20>,20,28,[11  4],21,-1,49,-1,21
1,<environment.Job instance at 0x7fc5968c7be0>,21,26,[5 7],22,-1,48,-1,22
1,<environment.Job instance at 0x7fc5968c7e10>,14,23,[ 4 10],15,-1,45,-1,22
1,<environment.Job instance at 0x7fc5968c7050>,22,24,[13  1],23,-1,47,-1,23
1,<environment.Job instance at 0x7fc5968c7dc0>,23,12,[14  5],24,-1,36,-1,24
1,<environment.Job instance at 0x7fc5968c7820>,26,17,[ 1 14],27,-1,44,-1,27
1,<environment.Job instance at 0x7fc5968c77d0>,27,18,[14  3],28,-1,46,-1,28
1,<environment.Job instance at 0x7fc59755b500>,28,25,[11  3],29,-1,54,-1,29
1,<environment.Job instance at 0x7fc59755b780>,29,17,[14  4],30,-1,47,-1,30
1,<environment.Job instance at 0x7fc5968c74b0>,25,26,[6 3],26,-1,59,-1,33
1,<environment.Job instance at 0x7fc59755b730>,32,18,[14  4],33,-1,51,-1,33
1,<environment.Job instance at 0x7fc59755ba00>,36,16,[13  1],37,-1,53,-1,37
1,<environment.Job instance at 0x7fc59755baa0>,37,28,[ 4 12],38,-1,66,-1,38
1,<environment.Job instance at 0x7fc59755b3c0>,38,15,[12  2],39,-1,54,-1,39
1,<environment.Job instance at 0x7fc59755b4b0>,40,26,[6 4],41,-1,77,-1,51
1,<environment.Job instance at 0x7fc596dc60f0>,42,15,[ 3 13],43,-1,66,-1,51
1,<environment.Job instance at 0x7fc596dc6910>,44,18,[13  3],45,-1,78,-1,60
1,<environment.Job instance at 0x7fc596dc65a0>,45,28,[9 4],46,-1,88,-1,60
1,<environment.Job instance at 0x7fc596dc6780>,46,13,[ 5 11],47,-1,73,-1,60
1,<environment.Job instance at 0x7fc596dc62d0>,47,19,[14  1],48,-1,79,-1,60
1,<environment.Job instance at 0x7fc5964f00f0>,11,24,[9 2],12,-1,36,-1,12
1,<environment.Job instance at 0x7fc5964f09b0>,12,13,[11  4],13,-1,27,-1,14
1,<environment.Job instance at 0x7fc5964f0cd0>,14,20,[13  4],15,-1,49,-1,29
1,<environment.Job instance at 0x7fc5964f0050>,16,20,[12  5],17,-1,49,-1,29
1,<environment.Job instance at 0x7fc5964f0820>,17,16,[7 4],18,-1,48,-1,32
1,<environment.Job instance at 0x7fc5964f05a0>,18,12,[8 4],19,-1,44,-1,32
1,<environment.Job instance at 0x7fc5964f0d20>,19,22,[ 3 11],20,-1,54,-1,32
1,<environment.Job instance at 0x7fc5964f0dc0>,20,24,[ 1 12],21,-1,56,-1,32
1,<environment.Job instance at 0x7fc596961280>,21,28,[3 6],22,-1,60,-1,32
1,<environment.Job instance at 0x7fc596961550>,22,14,[ 4 12],23,-1,46,-1,32
1,<environment.Job instance at 0x7fc596961870>,23,28,[ 2 13],24,-1,63,-1,35
1,<environment.Job instance at 0x7fc5969612d0>,24,25,[10  5],25,-1,60,-1,35
1,<environment.Job instance at 0x7fc5969617d0>,25,16,[13  3],26,-1,51,-1,35
1,<environment.Job instance at 0x7fc5969611e0>,26,12,[8 4],27,-1,47,-1,35
1,<environment.Job instance at 0x7fc5969618c0>,27,16,[1 8],28,-1,51,-1,35
1,<environment.Job instance at 0x7fc5964f07d0>,15,22,[5 6],16,-1,57,-1,35
1,<environment.Job instance at 0x7fc597569d20>,0,14,[14  4],1,-1,15,-1,1
1,<environment.Job instance at 0x7fc59754a3c0>,1,22,[ 4 12],2,-1,24,-1,2
1,<environment.Job instance at 0x7fc597559410>,2,24,[12  4],3,-1,27,-1,3
1,<environment.Job instance at 0x7fc5969616e0>,4,16,[ 3 12],5,-1,21,-1,5
1,<environment.Job instance at 0x7fc59714aa00>,8,15,[ 3 13],9,-1,24,-1,9
1,<environment.Job instance at 0x7fc597518b90>,9,15,[ 5 11],10,-1,25,-1,10
1,<environment.Job instance at 0x7fc5975184b0>,11,24,[9 2],12,-1,36,-1,12
1,<environment.Job instance at 0x7fc5975189b0>,12,13,[11  4],13,-1,26,-1,13
1,<environment.Job instance at 0x7fc5975182d0>,13,17,[ 3 12],14,-1,31,-1,14
1,<environment.Job instance at 0x7fc596b8e960>,14,20,[13  4],15,-1,35,-1,15
1,<environment.Job instance at 0x7fc597518190>,16,20,[12  5],17,-1,37,-1,17
1,<environment.Job instance at 0x7fc5a08b0410>,7,23,[2 6],8,-1,41,-1,18
1,<environment.Job instance at 0x7fc596b8e050>,19,22,[ 3 11],20,-1,42,-1,20
1,<environment.Job instance at 0x7fc596b8e370>,20,24,[ 1 12],21,-1,45,-1,21
1,<environment.Job instance at 0x7fc596b8ecd0>,21,28,[3 6],22,-1,50,-1,22
1,<environment.Job instance at 0x7fc596b8e2d0>,22,14,[ 4 12],23,-1,37,-1,23
1,<environment.Job instance at 0x7fc596b8e280>,23,28,[ 2 13],24,-1,52,-1,24
1,<environment.Job instance at 0x7fc596b8eb90>,25,16,[13  3],26,-1,42,-1,26
1,<environment.Job instance at 0x7fc596b8e780>,28,28,[4 6],29,-1,59,-1,31
1,<environment.Job instance at 0x7fc596b8e6e0>,29,26,[ 2 14],30,-1,57,-1,31
1,<environment.Job instance at 0x7fc596b8e910>,24,25,[10  5],25,-1,57,-1,32
1,<environment.Job instance at 0x7fc596fa9fa0>,31,15,[14  4],32,-1,47,-1,32
1,<environment.Job instance at 0x7fc596fa9af0>,32,13,[13  5],33,-1,46,-1,33
1,<environment.Job instance at 0x7fc596fa99b0>,33,19,[12  2],34,-1,53,-1,34
1,<environment.Job instance at 0x7fc596fa9550>,37,27,[ 1 13],38,-1,65,-1,38
1,<environment.Job instance at 0x7fc596fa9730>,38,26,[8 2],39,-1,70,-1,44
1,<environment.Job instance at 0x7fc596fa9820>,34,24,[2 5],35,-1,77,-1,53
1,<environment.Job instance at 0x7fc596fa9aa0>,41,26,[11  1],42,-1,79,-1,53
1,<environment.Job instance at 0x7fc596fa9f50>,39,26,[5 7],40,-1,79,-1,53
1,<environment.Job instance at 0x7fc596fa9910>,47,18,[ 1 12],48,-1,83,-1,65
1,<environment.Job instance at 0x7fc596fa96e0>,48,15,[ 3 11],49,-1,80,-1,65
1,<environment.Job instance at 0x7fc596fa9be0>,49,24,[ 1 11],50,-1,89,-1,65
1,<environment.Job instance at 0x7fc5969feb40>,51,16,[ 2 13],52,-1,85,-1,69
1,<environment.Job instance at 0x7fc5969fe730>,52,21,[ 4 13],53,-1,90,-1,69
1,<environment.Job instance at 0x7fc596a688c0>,0,16,[13  5],1,-1,17,-1,1
1,<environment.Job instance at 0x7fc5969fe230>,3,17,[11  4],4,-1,21,-1,4
1,<environment.Job instance at 0x7fc5969fe1e0>,4,28,[13  5],5,-1,33,-1,5
1,<environment.Job instance at 0x7fc5969fef50>,7,17,[ 5 11],8,-1,25,-1,8
1,<environment.Job instance at 0x7fc5969fee10>,9,19,[ 5 12],10,-1,29,-1,10
1,<environment.Job instance at 0x7fc5969fedc0>,11,24,[14  3],12,-1,36,-1,12
1,<environment.Job instance at 0x7fc596fa9370>,12,23,[ 1 14],13,-1,36,-1,13
1,<environment.Job instance at 0x7fc596fa9230>,13,24,[12  2],14,-1,38,-1,14
1,<environment.Job instance at 0x7fc5969fec30>,5,27,[6 1],6,-1,42,-1,15
1,<environment.Job instance at 0x7fc596fa9460>,14,28,[3 6],15,-1,43,-1,15
1,<environment.Job instance at 0x7fc596fa9cd0>,15,21,[ 2 14],16,-1,37,-1,16
1,<environment.Job instance at 0x7fc596fa9280>,16,15,[13  5],17,-1,32,-1,17
1,<environment.Job instance at 0x7fc596fa9f50>,20,12,[ 1 12],21,-1,33,-1,21
1,<environment.Job instance at 0x7fc596fa9870>,21,21,[ 2 12],22,-1,43,-1,22
1,<environment.Job instance at 0x7fc596fa9e10>,22,15,[13  4],23,-1,38,-1,23
1,<environment.Job instance at 0x7fc596fa9d70>,23,28,[3 8],24,-1,57,-1,29
1,<environment.Job instance at 0x7fc596fa9730>,25,28,[9 3],26,-1,57,-1,29
1,<environment.Job instance at 0x7fc596fa9dc0>,26,14,[11  3],27,-1,43,-1,29
1,<environment.Job instance at 0x7fc596fa95f0>,24,24,[9 3],25,-1,53,-1,29
1,<environment.Job instance at 0x7fc596fa9b90>,30,16,[ 5 12],31,-1,51,-1,35
1,<environment.Job instance at 0x7fc596fa9c80>,31,24,[13  4],32,-1,59,-1,35
1,<environment.Job instance at 0x7fc596fa98c0>,29,26,[3 8],30,-1,61,-1,35
1,<environment.Job instance at 0x7fc596b8e730>,33,25,[14  2],34,-1,60,-1,35
1,<environment.Job instance at 0x7fc596b8e780>,34,27,[4 5],35,-1,62,-1,35
1,<environment.Job instance at 0x7fc596fa9b40>,19,25,[ 3 10],20,-1,60,-1,35
1,<environment.Job instance at 0x7fc596b8e280>,35,23,[12  2],36,-1,59,-1,36
1,<environment.Job instance at 0x7fc596b8efa0>,38,14,[13  1],39,-1,53,-1,39
1,<environment.Job instance at 0x7fc596b8e050>,39,18,[ 2 13],40,-1,58,-1,40
1,<environment.Job instance at 0x7fc596b8e690>,40,17,[ 4 11],41,-1,58,-1,41
1,<environment.Job instance at 0x7fc596fa92d0>,32,27,[8 2],33,-1,70,-1,43
1,<environment.Job instance at 0x7fc596b8e8c0>,42,14,[ 3 11],43,-1,57,-1,43
1,<environment.Job instance at 0x7fc596b8ea00>,43,17,[ 5 13],44,-1,61,-1,44
1,<environment.Job instance at 0x7fc596b8ed20>,44,22,[13  3],45,-1,67,-1,45
1,<environment.Job instance at 0x7fc596b8e5f0>,45,13,[ 3 13],46,-1,59,-1,46
1,<environment.Job instance at 0x7fc596b8e0f0>,46,14,[12  1],47,-1,61,-1,47
1,<environment.Job instance at 0x7fc5a08b0410>,48,17,[ 3 13],49,-1,66,-1,49
1,<environment.Job instance at 0x7fc597518910>,50,20,[11  2],51,-1,71,-1,51
1,<environment.Job instance at 0x7fc597518370>,51,19,[ 2 12],52,-1,71,-1,52
1,<environment.Job instance at 0x7fc597518190>,52,18,[ 3 11],53,-1,71,-1,53
1,<environment.Job instance at 0x7fc5975180f0>,53,14,[ 4 12],54,-1,68,-1,54
1,<environment.Job instance at 0x7fc597518b90>,49,28,[3 7],50,-1,83,-1,55
1,<environment.Job instance at 0x7fc59714aa00>,54,19,[ 5 11],55,-1,74,-1,55
1,<environment.Job instance at 0x7fc597695b90>,55,14,[ 5 13],56,-1,70,-1,56
1,<environment.Job instance at 0x7fc59754a3c0>,57,21,[13  5],58,-1,79,-1,58
1,<environment.Job instance at 0x7fc5964f06e0>,58,17,[11  1],59,-1,76,-1,59
1,<environment.Job instance at 0x7fc5969616e0>,59,23,[ 1 14],60,-1,83,-1,60
1,<environment.Job instance at 0x7fc597591c80>,61,14,[ 5 14],62,-1,76,-1,62
1,<environment.Job instance at 0x7fc596749910>,62,15,[ 2 14],63,-1,78,-1,63
1,<environment.Job instance at 0x7fc5978a4870>,64,14,[13  5],65,-1,79,-1,65
1,<environment.Job instance at 0x7fc5978a4fa0>,66,22,[ 4 11],67,-1,89,-1,67
1,<environment.Job instance at 0x7fc5977ab910>,4,22,[11  2],5,-1,30,-1,8
1,<environment.Job instance at 0x7fc5977ab0a0>,7,16,[1 6],8,-1,24,-1,8
1,<environment.Job instance at 0x7fc597695b90>,0,28,[ 5 11],1,-1,29,-1,1
1,<environment.Job instance at 0x7fc596fc4f50>,1,17,[ 5 12],2,-1,19,-1,2
1,<environment.Job instance at 0x7fc5978fddc0>,4,22,[11  2],5,-1,27,-1,5
1,<environment.Job instance at 0x7fc5978fd960>,8,21,[ 1 12],9,-1,30,-1,9
1,<environment.Job instance at 0x7fc5978fd780>,9,12,[ 3 11],10,-1,22,-1,10
1,<environment.Job instance at 0x7fc5978fda00>,11,28,[12  1],12,-1,40,-1,12
1,<environment.Job instance at 0x7fc5978fd5f0>,12,25,[14  3],13,-1,38,-1,13
1,<environment.Job instance at 0x7fc5978fd820>,13,25,[12  4],14,-1,39,-1,14
1,<environment.Job instance at 0x7fc5978fdcd0>,14,19,[14  1],15,-1,34,-1,15
1,<environment.Job instance at 0x7fc5978fd050>,15,21,[11  5],16,-1,37,-1,16
1,<environment.Job instance at 0x7fc5977ab280>,6,24,[7 1],7,-1,41,-1,17
1,<environment.Job instance at 0x7fc5978fdaa0>,10,24,[6 1],11,-1,41,-1,17
1,<environment.Job instance at 0x7fc597628410>,16,13,[11  4],17,-1,30,-1,17
1,<environment.Job instance at 0x7fc597628230>,20,12,[ 3 14],21,-1,33,-1,21
1,<environment.Job instance at 0x7fc597628a50>,17,25,[8 5],18,-1,47,-1,22
1,<environment.Job instance at 0x7fc597628dc0>,21,15,[ 4 13],22,-1,37,-1,22
1,<environment.Job instance at 0x7fc597628500>,23,13,[11  4],24,-1,37,-1,24
1,<environment.Job instance at 0x7fc597628960>,29,19,[ 4 11],30,-1,55,-1,36
1,<environment.Job instance at 0x7fc597628820>,30,28,[ 3 11],31,-1,64,-1,36
1,<environment.Job instance at 0x7fc5976287d0>,31,26,[4 8],32,-1,64,-1,38
1,<environment.Job instance at 0x7fc5976289b0>,32,23,[4 6],33,-1,61,-1,38
1,<environment.Job instance at 0x7fc5976283c0>,34,21,[14  4],35,-1,59,-1,38
1,<environment.Job instance at 0x7fc597628c30>,35,20,[12  5],36,-1,58,-1,38
1,<environment.Job instance at 0x7fc5976282d0>,36,14,[11  3],37,-1,52,-1,38
1,<environment.Job instance at 0x7fc597628280>,37,28,[ 2 14],38,-1,66,-1,38
1,<environment.Job instance at 0x7fc5976281e0>,39,23,[5 3],40,-1,89,-1,66
1,<environment.Job instance at 0x7fc59710b1e0>,41,25,[13  1],42,-1,91,-1,66
1,<environment.Job instance at 0x7fc59710b820>,43,17,[13  2],44,-1,83,-1,66
1,<environment.Job instance at 0x7fc59710b230>,44,27,[3 9],45,-1,93,-1,66
1,<environment.Job instance at 0x7fc59710b8c0>,45,23,[13  4],46,-1,89,-1,66
1,<environment.Job instance at 0x7fc59710b460>,47,26,[1 9],48,-1,92,-1,66
1,<environment.Job instance at 0x7fc59710b870>,48,25,[5 4],49,-1,91,-1,66
1,<environment.Job instance at 0x7fc59710b690>,50,21,[13  4],51,-1,87,-1,66
1,<environment.Job instance at 0x7fc59710b0a0>,52,12,[13  4],53,-1,78,-1,66
1,<environment.Job instance at 0x7fc596d4bc80>,3,18,[ 4 11],4,-1,23,-1,5
1,<environment.Job instance at 0x7fc5978a4fa0>,4,28,[7 4],5,-1,34,-1,6
1,<environment.Job instance at 0x7fc596d4bf50>,7,20,[8 1],8,-1,29,-1,9
1,<environment.Job instance at 0x7fc596d9fe60>,0,13,[12  1],1,-1,14,-1,1
1,<environment.Job instance at 0x7fc596d9fd70>,1,28,[ 5 11],2,-1,30,-1,2
1,<environment.Job instance at 0x7fc596d9fa00>,3,18,[ 4 11],4,-1,22,-1,4
1,<environment.Job instance at 0x7fc596dc4230>,4,28,[7 4],5,-1,33,-1,5
1,<environment.Job instance at 0x7fc596dc4640>,5,19,[14  5],6,-1,25,-1,6
1,<environment.Job instance at 0x7fc596dc4fa0>,6,24,[11  2],7,-1,31,-1,7
1,<environment.Job instance at 0x7fc596dc46e0>,8,13,[14  2],9,-1,22,-1,9
1,<environment.Job instance at 0x7fc596dc4500>,9,13,[ 4 14],10,-1,23,-1,10
1,<environment.Job instance at 0x7fc59710b0f0>,13,26,[13  5],14,-1,40,-1,14
1,<environment.Job instance at 0x7fc59710b690>,14,17,[ 4 14],15,-1,32,-1,15
1,<environment.Job instance at 0x7fc59710b460>,15,15,[11  2],16,-1,31,-1,16
1,<environment.Job instance at 0x7fc59710b500>,16,16,[ 4 14],17,-1,33,-1,17
1,<environment.Job instance at 0x7fc59710b8c0>,17,25,[ 4 11],18,-1,43,-1,18
1,<environment.Job instance at 0x7fc59710b230>,18,20,[ 1 14],19,-1,39,-1,19
1,<environment.Job instance at 0x7fc59710b820>,19,20,[ 2 11],20,-1,40,-1,20
1,<environment.Job instance at 0x7fc59710bdc0>,20,15,[ 1 13],21,-1,36,-1,21
1,<environment.Job instance at 0x7fc59710b1e0>,21,16,[ 3 12],22,-1,38,-1,22
1,<environment.Job instance at 0x7fc596dc4320>,10,24,[8 2],11,-1,52,-1,28
1,<environment.Job instance at 0x7fc597628460>,26,24,[ 5 14],27,-1,52,-1,28
1,<environment.Job instance at 0x7fc59710bc80>,23,23,[5 6],24,-1,51,-1,28
1,<environment.Job instance at 0x7fc59710bd70>,24,24,[5 6],25,-1,52,-1,28
1,<environment.Job instance at 0x7fc597628320>,28,26,[ 5 13],29,-1,55,-1,29
1,<environment.Job instance at 0x7fc5976282d0>,29,13,[12  2],30,-1,43,-1,30
1,<environment.Job instance at 0x7fc597628cd0>,30,24,[ 5 13],31,-1,55,-1,31
1,<environment.Job instance at 0x7fc597628e10>,31,23,[ 5 12],32,-1,55,-1,32
1,<environment.Job instance at 0x7fc597628550>,32,15,[14  2],33,-1,48,-1,33
1,<environment.Job instance at 0x7fc5976285a0>,33,25,[ 2 12],34,-1,59,-1,34
1,<environment.Job instance at 0x7fc597628730>,35,24,[14  2],36,-1,60,-1,36
1,<environment.Job instance at 0x7fc597628050>,36,15,[ 5 12],37,-1,52,-1,37
1,<environment.Job instance at 0x7fc597628500>,39,19,[ 4 13],40,-1,62,-1,43
1,<environment.Job instance at 0x7fc597628780>,40,21,[ 5 13],41,-1,64,-1,43
1,<environment.Job instance at 0x7fc5976280f0>,38,27,[2 9],39,-1,70,-1,43
1,<environment.Job instance at 0x7fc597628910>,42,24,[7 1],43,-1,67,-1,43
1,<environment.Job instance at 0x7fc597628aa0>,43,23,[6 3],44,-1,79,-1,56
1,<environment.Job instance at 0x7fc597628410>,46,16,[14  5],47,-1,72,-1,56
1,<environment.Job instance at 0x7fc5978fd140>,47,18,[ 4 11],48,-1,74,-1,56
1,<environment.Job instance at 0x7fc5978fd870>,49,13,[12  3],50,-1,69,-1,56
1,<environment.Job instance at 0x7fc5978fda00>,50,25,[10  2],51,-1,81,-1,56
1,<environment.Job instance at 0x7fc5978fdaa0>,51,28,[ 5 14],52,-1,84,-1,56
1,<environment.Job instance at 0x7fc5978fd960>,53,17,[12  5],54,-1,73,-1,56
1,<environment.Job instance at 0x7fc5978fd820>,48,25,[2 5],49,-1,84,-1,59
1,<environment.Job instance at 0x7fc5978fdb40>,55,27,[13  3],56,-1,86,-1,59
1,<environment.Job instance at 0x7f106b4558c0>,9,17,[8 1],10,-1,27,-1,10
1,<environment.Job instance at 0x7f1061e0bb40>,4,24,[ 3 11],5,-1,34,-1,10
1,<environment.Job instance at 0x7f1061e0f280>,14,14,[14  3],15,-1,29,-1,15
1,<environment.Job instance at 0x7f1061e0f140>,12,22,[4 6],13,-1,38,-1,16
1,<environment.Job instance at 0x7f1061e15e60>,0,24,[2 8],1,-1,25,-1,1
1,<environment.Job instance at 0x7f1061e18190>,2,26,[10  1],3,-1,29,-1,3
1,<environment.Job instance at 0x7f1061e18370>,3,15,[13  4],4,-1,19,-1,4
1,<environment.Job instance at 0x7f1061e18280>,4,24,[ 3 11],5,-1,29,-1,5
1,<environment.Job instance at 0x7f1061e18460>,6,19,[ 1 13],7,-1,26,-1,7
1,<environment.Job instance at 0x7f1061e0b960>,8,24,[ 2 12],9,-1,33,-1,9
1,<environment.Job instance at 0x7f1061e18820>,10,14,[ 1 14],11,-1,25,-1,11
1,<environment.Job instance at 0x7f1061e18a50>,13,27,[3 8],14,-1,41,-1,14
1,<environment.Job instance at 0x7f1061e18a00>,14,14,[14  3],15,-1,29,-1,15
1,<environment.Job instance at 0x7f1061e18af0>,15,24,[ 2 13],16,-1,40,-1,16
1,<environment.Job instance at 0x7f1061e18b90>,16,19,[ 3 12],17,-1,36,-1,17
1,<environment.Job instance at 0x7f1061e189b0>,17,18,[ 5 13],18,-1,36,-1,18
1,<environment.Job instance at 0x7f1061e18e60>,19,21,[14  4],20,-1,41,-1,20
1,<environment.Job instance at 0x7f1061e18dc0>,21,22,[14  2],22,-1,46,-1,24
1,<environment.Job instance at 0x7f1061e18fa0>,22,25,[ 4 12],23,-1,49,-1,24
1,<environment.Job instance at 0x7f1061e1b1e0>,24,20,[ 3 12],25,-1,49,-1,29
1,<environment.Job instance at 0x7f1061e18d20>,25,16,[11  3],26,-1,45,-1,29
1,<environment.Job instance at 0x7f1061e1b0a0>,27,25,[14  4],28,-1,54,-1,29
1,<environment.Job instance at 0x7f1061e1b640>,29,24,[5 1],30,-1,65,-1,41
1,<environment.Job instance at 0x7f1061e1b5f0>,32,14,[14  3],33,-1,65,-1,51
1,<environment.Job instance at 0x7f1061e1b7d0>,35,23,[11  2],36,-1,79,-1,56
1,<environment.Job instance at 0x7f1061e1b870>,36,27,[10  1],37,-1,83,-1,56
1,<environment.Job instance at 0x7f1061e1b9b0>,38,16,[ 1 13],39,-1,72,-1,56
1,<environment.Job instance at 0x7f1061e1bd70>,41,26,[13  2],42,-1,90,-1,64
1,<environment.Job instance at 0x7f1061e1bc30>,42,18,[ 1 13],43,-1,82,-1,64
1,<environment.Job instance at 0x7f1061e1bfa0>,45,28,[12  4],46,-1,106,-1,78
1,<environment.Job instance at 0x7f1061e1bf00>,46,17,[ 5 12],47,-1,95,-1,78
1,<environment.Job instance at 0x7f1061e1e0a0>,48,25,[11  4],49,-1,103,-1,78
1,<environment.Job instance at 0x7f1061554dc0>,0,19,[8 4],1,-1,20,-1,1
1,<environment.Job instance at 0x7f1061554410>,1,17,[2 7],2,-1,19,-1,2
1,<environment.Job instance at 0x7f1061554050>,12,25,[ 2 14],13,-1,62,-1,37
1,<environment.Job instance at 0x7f1061e18050>,8,25,[11  5],9,-1,63,-1,38
1,<environment.Job instance at 0x7f1061552050>,16,12,[ 4 14],17,-1,51,-1,39
1,<environment.Job instance at 0x7f1061552640>,18,20,[10  4],19,-1,62,-1,42
1,<environment.Job instance at 0x7f1061552500>,17,27,[5 8],18,-1,71,-1,44
1,<environment.Job instance at 0x7f10615545f0>,13,25,[7 2],14,-1,69,-1,44
1,<environment.Job instance at 0x7f1061552460>,20,22,[ 2 14],21,-1,66,-1,44
1,<environment.Job instance at 0x7f1061552a50>,23,22,[ 4 11],24,-1,66,-1,44
1,<environment.Job instance at 0x7f1061552be0>,24,19,[11  3],25,-1,63,-1,44
1,<environment.Job instance at 0x7f1061552f00>,25,19,[11  4],26,-1,63,-1,44
1,<environment.Job instance at 0x7f1061553910>,26,27,[ 3 13],27,-1,72,-1,45
1,<environment.Job instance at 0x7f1061553cd0>,28,17,[11  4],29,-1,64,-1,47
1,<environment.Job instance at 0x7f1061553d70>,29,22,[ 1 14],30,-1,69,-1,47
1,<environment.Job instance at 0x7f1061553730>,30,15,[2 6],31,-1,62,-1,47
1,<environment.Job instance at 0x7f1061554af0>,4,21,[ 1 12],5,-1,68,-1,47
1,<environment.Job instance at 0x7f10615533c0>,31,25,[7 4],32,-1,72,-1,47
1,<environment.Job instance at 0x7f1061553a50>,27,17,[5 6],28,-1,64,-1,47
1,<environment.Job instance at 0x7f10615525a0>,19,14,[6 1],20,-1,89,-1,75
1,<environment.Job instance at 0x7f1061e18550>,3,17,[ 4 14],4,-1,21,-1,4
1,<environment.Job instance at 0x7f1061e18460>,4,21,[ 1 12],5,-1,26,-1,5
1,<environment.Job instance at 0x7f1061e183c0>,5,18,[ 5 12],6,-1,24,-1,6
1,<environment.Job instance at 0x7f1061e18280>,6,12,[ 3 14],7,-1,19,-1,7
1,<environment.Job instance at 0x7f1061e182d0>,8,25,[11  5],9,-1,34,-1,9
1,<environment.Job instance at 0x7f1061e18320>,9,18,[ 4 11],10,-1,28,-1,10
1,<environment.Job instance at 0x7f106b49b910>,11,14,[12  2],12,-1,26,-1,12
1,<environment.Job instance at 0x7f1061e180f0>,12,25,[ 2 14],13,-1,38,-1,13
1,<environment.Job instance at 0x7f1061e18a00>,14,16,[ 5 14],15,-1,31,-1,15
1,<environment.Job instance at 0x7f106162a6e0>,15,24,[ 2 11],16,-1,40,-1,16
1,<environment.Job instance at 0x7f106162acd0>,16,12,[ 4 14],17,-1,29,-1,17
1,<environment.Job instance at 0x7f106166b7d0>,13,25,[7 2],14,-1,44,-1,19
1,<environment.Job instance at 0x7f106162aeb0>,17,27,[5 8],18,-1,46,-1,19
1,<environment.Job instance at 0x7f10616c0be0>,20,22,[ 2 14],21,-1,43,-1,21
1,<environment.Job instance at 0x7f10616306e0>,21,18,[13  3],22,-1,40,-1,22
1,<environment.Job instance at 0x7f10616c09b0>,23,22,[ 4 11],24,-1,46,-1,24
1,<environment.Job instance at 0x7f10616286e0>,24,19,[11  3],25,-1,44,-1,25
1,<environment.Job instance at 0x7f10615b9eb0>,25,19,[11  4],26,-1,45,-1,26
1,<environment.Job instance at 0x7f10615b94b0>,26,27,[ 3 13],27,-1,54,-1,27
1,<environment.Job instance at 0x7f1061628280>,28,17,[11  4],29,-1,51,-1,34
1,<environment.Job instance at 0x7f106160b640>,29,22,[ 1 14],30,-1,56,-1,34
1,<environment.Job instance at 0x7f1061e18690>,2,24,[10  3],3,-1,60,-1,36
1,<environment.Job instance at 0x7f10615b9910>,31,25,[7 4],32,-1,61,-1,36
1,<environment.Job instance at 0x7f10615c49b0>,32,20,[ 5 13],33,-1,56,-1,36
1,<environment.Job instance at 0x7f10615c4960>,33,21,[ 1 13],34,-1,57,-1,36
1,<environment.Job instance at 0x7f10615c4910>,35,18,[ 3 13],36,-1,54,-1,36
1,<environment.Job instance at 0x7f106162c640>,36,26,[ 4 14],37,-1,63,-1,37
1,<environment.Job instance at 0x7f106162c5a0>,38,12,[12  1],39,-1,51,-1,39
1,<environment.Job instance at 0x7f10615c7730>,41,18,[ 3 12],42,-1,66,-1,48
1,<environment.Job instance at 0x7f10615c77d0>,42,21,[ 2 13],43,-1,69,-1,48
1,<environment.Job instance at 0x7f10615bfc30>,45,18,[11  5],46,-1,66,-1,48
1,<environment.Job instance at 0x7f10615bf1e0>,46,14,[14  1],47,-1,62,-1,48
1,<environment.Job instance at 0x7f10615cfb40>,47,22,[12  1],48,-1,70,-1,48
1,<environment.Job instance at 0x7f10615bfcd0>,44,24,[5 6],45,-1,75,-1,51
1,<environment.Job instance at 0x7f10615bc640>,51,27,[4 8],52,-1,91,-1,64
1,<environment.Job instance at 0x7f10615bceb0>,52,27,[5 4],53,-1,91,-1,64
1,<environment.Job instance at 0x7f10615d2d70>,53,18,[13  4],54,-1,82,-1,64
1,<environment.Job instance at 0x7f10615d20a0>,56,14,[ 3 14],57,-1,80,-1,66
1,<environment.Job instance at 0x7f1061724140>,57,21,[ 3 12],58,-1,87,-1,66
1,<environment.Job instance at 0x7f10615d21e0>,58,26,[ 1 11],59,-1,92,-1,66
1,<environment.Job instance at 0x7f10615d2e60>,59,28,[3 6],60,-1,94,-1,66
1,<environment.Job instance at 0x7f10615d7690>,60,21,[ 3 12],61,-1,87,-1,66
1,<environment.Job instance at 0x7f10615d7dc0>,61,17,[ 2 11],62,-1,83,-1,66
1,<environment.Job instance at 0x7f10615cb2d0>,63,14,[11  1],64,-1,80,-1,66
1,<environment.Job instance at 0x7f10615cbbe0>,64,26,[ 3 12],65,-1,92,-1,66
1,<environment.Job instance at 0x7f106b5c51e0>,0,15,[8 3],1,-1,17,-1,2
1,<environment.Job instance at 0x7f106b5c5b90>,1,12,[12  4],2,-1,14,-1,2
1,<environment.Job instance at 0x7f106b5c5550>,1,12,[12  4],2,-1,14,-1,2
1,<environment.Job instance at 0x7f10613fdc30>,2,21,[12  4],3,-1,24,-1,3
1,<environment.Job instance at 0x7f10613fdcd0>,3,14,[12  3],4,-1,18,-1,4
1,<environment.Job instance at 0x7f10613fdf00>,4,28,[ 3 13],5,-1,33,-1,5
1,<environment.Job instance at 0x7f10613fd8c0>,5,22,[ 3 12],6,-1,28,-1,6
1,<environment.Job instance at 0x7f10613fdaf0>,6,23,[11  2],7,-1,30,-1,7
1,<environment.Job instance at 0x7f106b5c5a50>,9,15,[12  2],10,-1,25,-1,10
1,<environment.Job instance at 0x7f10613fa8c0>,10,18,[11  1],11,-1,29,-1,11
1,<environment.Job instance at 0x7f10613fa4b0>,15,14,[11  3],16,-1,30,-1,16
1,<environment.Job instance at 0x7f10613faeb0>,16,19,[ 5 14],17,-1,36,-1,17
1,<environment.Job instance at 0x7f10613fa910>,18,27,[9 4],19,-1,59,-1,32
1,<environment.Job instance at 0x7f10613faaf0>,19,25,[ 3 11],20,-1,57,-1,32
1,<environment.Job instance at 0x7f10613faa50>,20,27,[13  4],21,-1,59,-1,32
1,<environment.Job instance at 0x7f10613fae60>,23,23,[ 2 14],24,-1,62,-1,39
1,<environment.Job instance at 0x7f10613fa820>,24,12,[ 2 11],25,-1,51,-1,39
1,<environment.Job instance at 0x7f10613fa3c0>,26,24,[8 2],27,-1,74,-1,50
1,<environment.Job instance at 0x7f1061476aa0>,28,28,[ 4 13],29,-1,78,-1,50
1,<environment.Job instance at 0x7f1061476c30>,30,12,[11  1],31,-1,64,-1,52
1,<environment.Job instance at 0x7f1061476d20>,31,12,[ 5 11],32,-1,64,-1,52
1,<environment.Job instance at 0x7f10614764b0>,32,15,[ 3 11],33,-1,67,-1,52
1,<environment.Job instance at 0x7f1061476280>,33,24,[ 1 10],34,-1,76,-1,52
1,<environment.Job instance at 0x7f1061476e60>,34,24,[ 1 11],35,-1,76,-1,52
1,<environment.Job instance at 0x7f10614768c0>,29,26,[3 6],30,-1,78,-1,52
1,<environment.Job instance at 0x7f1061476500>,36,14,[14  4],37,-1,66,-1,52
1,<environment.Job instance at 0x7f1061476fa0>,37,25,[5 4],38,-1,77,-1,52
1,<environment.Job instance at 0x7f10614767d0>,39,16,[ 3 12],40,-1,68,-1,52
1,<environment.Job instance at 0x7f1061476e10>,40,23,[5 8],41,-1,89,-1,66
1,<environment.Job instance at 0x7f1061476690>,41,21,[ 4 11],42,-1,87,-1,66
1,<environment.Job instance at 0x7f1061473500>,42,20,[ 3 12],43,-1,86,-1,66
1,<environment.Job instance at 0x7f1061476820>,35,25,[8 2],36,-1,96,-1,71
1,<environment.Job instance at 0x7f10614739b0>,45,24,[12  1],46,-1,95,-1,71
1,<environment.Job instance at 0x7f1061473780>,46,14,[11  2],47,-1,85,-1,71
1,<environment.Job instance at 0x7f1061473af0>,47,27,[5 3],48,-1,98,-1,71
1,<environment.Job instance at 0x7f1061473cd0>,43,23,[10  3],44,-1,94,-1,71
1,<environment.Job instance at 0x7f1061473410>,49,17,[ 5 11],50,-1,88,-1,71
1,<environment.Job instance at 0x7f1061473a00>,50,13,[11  1],51,-1,84,-1,71
1,<environment.Job instance at 0x7f10614730f0>,51,27,[14  2],52,-1,98,-1,71
1,<environment.Job instance at 0x7f10614737d0>,52,25,[13  2],53,-1,96,-1,71
1,<environment.Job instance at 0x7f1061473050>,53,21,[ 4 12],54,-1,92,-1,71
1,<environment.Job instance at 0x7f106146e9b0>,55,18,[ 5 11],56,-1,89,-1,71
1,<environment.Job instance at 0x7f10615ab5f0>,3,18,[8 5],4,-1,23,-1,5
1,<environment.Job instance at 0x7f1061902c30>,0,24,[11  3],1,-1,25,-1,1
1,<environment.Job instance at 0x7f1061902780>,1,22,[ 5 14],2,-1,24,-1,2
1,<environment.Job instance at 0x7f1061902550>,2,24,[14  3],3,-1,27,-1,3
1,<environment.Job instance at 0x7f1061902d20>,4,28,[6 3],5,-1,33,-1,5
1,<environment.Job instance at 0x7f1061902640>,5,15,[11  2],6,-1,21,-1,6
1,<environment.Job instance at 0x7f1061902500>,6,24,[ 5 14],7,-1,31,-1,7
1,<environment.Job instance at 0x7f1061459960>,7,28,[11  1],8,-1,36,-1,8
1,<environment.Job instance at 0x7f1061459910>,8,15,[ 5 11],9,-1,24,-1,9
1,<environment.Job instance at 0x7f106b47f8c0>,11,16,[ 2 13],12,-1,28,-1,12
1,<environment.Job instance at 0x7f1061459c30>,13,24,[ 5 11],14,-1,38,-1,14
1,<environment.Job instance at 0x7f1061459b90>,15,13,[11  1],16,-1,29,-1,16
1,<environment.Job instance at 0x7f1061417460>,16,12,[ 3 12],17,-1,29,-1,17
1,<environment.Job instance at 0x7f1061417c30>,17,25,[8 3],18,-1,47,-1,22
1,<environment.Job instance at 0x7f1061417be0>,19,15,[ 5 13],20,-1,37,-1,22
1,<environment.Job instance at 0x7f1061417a50>,22,23,[ 1 13],23,-1,46,-1,23
1,<environment.Job instance at 0x7f1061417a00>,23,12,[12  2],24,-1,36,-1,24
1,<environment.Job instance at 0x7f1061417550>,21,24,[5 1],22,-1,55,-1,31
1,<environment.Job instance at 0x7f1061417820>,26,19,[ 3 14],27,-1,50,-1,31
1,<environment.Job instance at 0x7f10614179b0>,27,26,[ 1 14],28,-1,57,-1,31
1,<environment.Job instance at 0x7f1061417410>,29,16,[12  3],30,-1,55,-1,39
1,<environment.Job instance at 0x7f1061417780>,30,27,[13  4],31,-1,66,-1,39
1,<environment.Job instance at 0x7f106b5bd050>,34,23,[8 5],35,-1,62,-1,39
1,<environment.Job instance at 0x7f106b5bd4b0>,38,27,[ 3 13],39,-1,76,-1,49
1,<environment.Job instance at 0x7f1061555460>,39,20,[14  3],40,-1,69,-1,49
1,<environment.Job instance at 0x7f10615553c0>,40,22,[12  1],41,-1,71,-1,49
1,<environment.Job instance at 0x7f1061555230>,41,12,[ 2 14],42,-1,61,-1,49
1,<environment.Job instance at 0x7f1061555320>,42,13,[14  5],43,-1,62,-1,49
1,<environment.Job instance at 0x7f1061555190>,43,28,[5 7],44,-1,79,-1,51
1,<environment.Job instance at 0x7f10615558c0>,44,28,[10  1],45,-1,79,-1,51
1,<environment.Job instance at 0x7f1061555b90>,45,16,[12  2],46,-1,67,-1,51
1,<environment.Job instance at 0x7f1061555d70>,46,28,[14  3],47,-1,79,-1,51
1,<environment.Job instance at 0x7f1061555cd0>,47,24,[ 4 11],48,-1,75,-1,51
1,<environment.Job instance at 0x7f1061555c30>,48,25,[11  1],49,-1,76,-1,51
1,<environment.Job instance at 0x7f10618410f0>,50,26,[5 5],51,-1,77,-1,51
1,<environment.Job instance at 0x7f1061422cd0>,1,19,[8 2],2,-1,21,-1,2
1,<environment.Job instance at 0x7f1061c91230>,4,16,[8 3],5,-1,22,-1,6
1,<environment.Job instance at 0x7f1062939f00>,6,22,[9 4],7,-1,29,-1,7
1,<environment.Job instance at 0x7f1061902e10>,5,25,[ 3 13],6,-1,32,-1,7
1,<environment.Job instance at 0x7f1061434fa0>,2,22,[ 3 14],3,-1,25,-1,3
1,<environment.Job instance at 0x7f1061434e10>,3,28,[14  4],4,-1,32,-1,4
1,<environment.Job instance at 0x7f106293a870>,5,25,[ 3 13],6,-1,31,-1,6
1,<environment.Job instance at 0x7f10614346e0>,7,24,[ 2 13],8,-1,32,-1,8
1,<environment.Job instance at 0x7f1061434cd0>,8,21,[ 2 14],9,-1,30,-1,9
1,<environment.Job instance at 0x7f10618415a0>,9,16,[ 5 13],10,-1,26,-1,10
1,<environment.Job instance at 0x7f1061841e60>,10,28,[1 7],11,-1,43,-1,15
1,<environment.Job instance at 0x7f1061841a00>,14,24,[12  1],15,-1,39,-1,15
1,<environment.Job instance at 0x7f10618410a0>,16,18,[13  2],17,-1,39,-1,21
1,<environment.Job instance at 0x7f1061841dc0>,17,19,[ 5 13],18,-1,40,-1,21
1,<environment.Job instance at 0x7f1061841140>,18,28,[3 5],19,-1,49,-1,21
1,<environment.Job instance at 0x7f1061841370>,21,26,[5 3],22,-1,54,-1,28
1,<environment.Job instance at 0x7f1061841820>,22,18,[11  4],23,-1,46,-1,28
1,<environment.Job instance at 0x7f1061841500>,23,15,[ 3 11],24,-1,43,-1,28
1,<environment.Job instance at 0x7f1061555d70>,25,27,[2 8],26,-1,55,-1,28
1,<environment.Job instance at 0x7f10615556e0>,26,12,[ 3 11],27,-1,40,-1,28
1,<environment.Job instance at 0x7f1061555140>,28,20,[12  2],29,-1,49,-1,29
1,<environment.Job instance at 0x7f1061555280>,29,24,[ 5 11],30,-1,54,-1,30
1,<environment.Job instance at 0x7f1061555460>,31,27,[ 4 12],32,-1,67,-1,40
1,<environment.Job instance at 0x7f10615551e0>,32,23,[5 7],33,-1,67,-1,44
1,<environment.Job instance at 0x7f106b5bdeb0>,33,13,[11  3],34,-1,57,-1,44
1,<environment.Job instance at 0x7f106b5bd690>,34,25,[13  3],35,-1,69,-1,44
1,<environment.Job instance at 0x7f106b5bdbe0>,35,17,[ 2 14],36,-1,61,-1,44
1,<environment.Job instance at 0x7f106b5bdfa0>,37,20,[12  3],38,-1,64,-1,44
1,<environment.Job instance at 0x7f106b5bdf50>,38,16,[ 5 14],39,-1,60,-1,44
1,<environment.Job instance at 0x7f106b5bd3c0>,39,13,[12  5],40,-1,57,-1,44
1,<environment.Job instance at 0x7f1061417b40>,41,27,[12  2],42,-1,83,-1,56
1,<environment.Job instance at 0x7f10614174b0>,42,26,[13  4],43,-1,82,-1,56
1,<environment.Job instance at 0x7f106295da00>,0,17,[2 6],1,-1,18,-1,1
1,<environment.Job instance at 0x7f10618a91e0>,5,14,[9 5],6,-1,21,-1,7
1,<environment.Job instance at 0x7f10618a99b0>,7,26,[7 3],8,-1,34,-1,8
1,<environment.Job instance at 0x7f10618a96e0>,8,17,[2 8],9,-1,26,-1,9
1,<environment.Job instance at 0x7f1061459d70>,1,16,[ 1 11],2,-1,18,-1,2
1,<environment.Job instance at 0x7f1061459eb0>,2,26,[12  3],3,-1,29,-1,3
1,<environment.Job instance at 0x7f1061459b90>,4,17,[ 4 13],5,-1,22,-1,5
1,<environment.Job instance at 0x7f106b5bdbe0>,6,28,[1 9],7,-1,46,-1,18
1,<environment.Job instance at 0x7f106b5bd0f0>,9,26,[3 5],10,-1,44,-1,18
1,<environment.Job instance at 0x7f106b5bd4b0>,11,13,[ 2 13],12,-1,31,-1,18
1,<environment.Job instance at 0x7f106b5bd3c0>,12,18,[12  5],13,-1,36,-1,18
1,<environment.Job instance at 0x7f106b5bd2d0>,13,26,[13  3],14,-1,44,-1,18
1,<environment.Job instance at 0x7f1061841820>,14,13,[14  1],15,-1,31,-1,18
1,<environment.Job instance at 0x7f1061841370>,15,16,[ 3 11],16,-1,34,-1,18
1,<environment.Job instance at 0x7f10618414b0>,16,22,[14  2],17,-1,40,-1,18
1,<environment.Job instance at 0x7f1061841230>,17,14,[12  4],18,-1,32,-1,18
1,<environment.Job instance at 0x7f10618410a0>,18,14,[11  1],19,-1,33,-1,19
1,<environment.Job instance at 0x7f1061841dc0>,19,28,[6 2],20,-1,48,-1,20
1,<environment.Job instance at 0x7f10614591e0>,7,26,[7 3],8,-1,46,-1,20
1,<environment.Job instance at 0x7f1061841a00>,20,20,[12  3],21,-1,41,-1,21
1,<environment.Job instance at 0x7f1061841cd0>,21,21,[13  4],22,-1,43,-1,22
1,<environment.Job instance at 0x7f10618418c0>,23,16,[11  1],24,-1,40,-1,24
1,<environment.Job instance at 0x7f106293a870>,25,14,[11  5],26,-1,40,-1,26
1,<environment.Job instance at 0x7f1061841730>,26,13,[ 1 11],27,-1,40,-1,27
1,<environment.Job instance at 0x7f1061841aa0>,22,23,[2 8],23,-1,53,-1,30
1,<environment.Job instance at 0x7f10618417d0>,28,25,[6 1],29,-1,55,-1,30
1,<environment.Job instance at 0x7f1061434910>,29,15,[ 3 12],30,-1,45,-1,30
1,<environment.Job instance at 0x7f1061434780>,30,18,[13  2],31,-1,49,-1,31
1,<environment.Job instance at 0x7f1061434370>,32,12,[14  3],33,-1,45,-1,33
1,<environment.Job instance at 0x7f1061434fa0>,33,28,[11  3],34,-1,62,-1,34
1,<environment.Job instance at 0x7f10618a9910>,35,28,[ 4 12],36,-1,64,-1,36
1,<environment.Job instance at 0x7f10614340f0>,36,20,[11  3],37,-1,57,-1,37
1,<environment.Job instance at 0x7f1061434690>,37,15,[ 5 13],38,-1,53,-1,38
1,<environment.Job instance at 0x7f106295d690>,40,24,[12  5],41,-1,70,-1,46
1,<environment.Job instance at 0x7f106295d140>,41,19,[ 2 14],42,-1,65,-1,46
1,<environment.Job instance at 0x7f10617e6460>,42,22,[12  1],43,-1,68,-1,46
1,<environment.Job instance at 0x7f10617d2eb0>,43,13,[ 3 11],44,-1,59,-1,46
1,<environment.Job instance at 0x7f10614347d0>,31,27,[5 7],32,-1,77,-1,50
1,<environment.Job instance at 0x7f10617d20a0>,45,17,[ 1 14],46,-1,67,-1,50
1,<environment.Job instance at 0x7f10617d2190>,46,14,[ 3 14],47,-1,64,-1,50
1,<environment.Job instance at 0x7f10617d2b90>,47,24,[ 3 11],48,-1,74,-1,50
1,<environment.Job instance at 0x7f10617d2230>,49,25,[12  3],50,-1,75,-1,50
1,<environment.Job instance at 0x7f10617d25a0>,50,12,[ 2 12],51,-1,63,-1,51
1,<environment.Job instance at 0x7f10617d2d70>,52,27,[ 2 11],53,-1,80,-1,53
1,<environment.Job instance at 0x7f10617d2d20>,53,27,[ 3 14],54,-1,81,-1,54
1,<environment.Job instance at 0x7f10617d2820>,56,28,[5 2],57,-1,97,-1,69
1,<environment.Job instance at 0x7f10617d2780>,57,28,[13  5],58,-1,97,-1,69
1,<environment.Job instance at 0x7f10617d2c30>,58,26,[8 3],59,-1,100,-1,74
1,<environment.Job instance at 0x7f106186d050>,61,14,[ 3 11],62,-1,88,-1,74
1,<environment.Job instance at 0x7f106186db40>,62,27,[ 3 14],63,-1,101,-1,74
1,<environment.Job instance at 0x7f106186d820>,63,15,[14  1],64,-1,89,-1,74
1,<environment.Job instance at 0x7f106186da50>,64,27,[ 5 11],65,-1,101,-1,74
1,<environment.Job instance at 0x7f106186d690>,66,25,[ 1 13],67,-1,99,-1,74
1,<environment.Job instance at 0x7f10617f6280>,1,23,[8 4],2,-1,25,-1,2
1,<environment.Job instance at 0x7f106208e1e0>,2,23,[9 3],3,-1,26,-1,3
1,<environment.Job instance at 0x7f106186d960>,3,24,[ 4 11],4,-1,28,-1,4
1,<environment.Job instance at 0x7f106186d0a0>,4,14,[13  1],5,-1,19,-1,5
1,<environment.Job instance at 0x7f106186d870>,5,14,[11  1],6,-1,20,-1,6
1,<environment.Job instance at 0x7f106186d6e0>,6,12,[12  5],7,-1,19,-1,7
1,<environment.Job instance at 0x7f106186d640>,8,14,[ 1 13],9,-1,23,-1,9
1,<environment.Job instance at 0x7f106186dcd0>,11,28,[ 4 14],12,-1,40,-1,12
1,<environment.Job instance at 0x7f106186d460>,1,23,[8 4],2,-1,38,-1,15
1,<environment.Job instance at 0x7f106186deb0>,13,27,[11  1],14,-1,42,-1,15
1,<environment.Job instance at 0x7f10617f6d70>,2,23,[9 3],3,-1,38,-1,15
1,<environment.Job instance at 0x7f10617d2c30>,16,28,[4 9],17,-1,59,-1,31
1,<environment.Job instance at 0x7f10617d2cd0>,18,18,[14  2],19,-1,49,-1,31
1,<environment.Job instance at 0x7f10617d2be0>,19,18,[12  2],20,-1,49,-1,31
1,<environment.Job instance at 0x7f10617d2d20>,17,28,[7 5],18,-1,59,-1,31
1,<environment.Job instance at 0x7f10617d23c0>,22,19,[ 2 14],23,-1,50,-1,31
1,<environment.Job instance at 0x7f106186d3c0>,10,27,[ 4 10],11,-1,58,-1,31
1,<environment.Job instance at 0x7f10617d2230>,24,24,[14  2],25,-1,55,-1,31
1,<environment.Job instance at 0x7f10617d2f00>,29,18,[11  5],30,-1,61,-1,43
1,<environment.Job instance at 0x7f10617d2eb0>,30,28,[7 2],31,-1,74,-1,46
1,<environment.Job instance at 0x7f106b4548c0>,31,20,[14  4],32,-1,66,-1,46
1,<environment.Job instance at 0x7f10617d2280>,32,21,[13  5],33,-1,67,-1,46
1,<environment.Job instance at 0x7f106183e730>,34,14,[ 1 12],35,-1,60,-1,46
1,<environment.Job instance at 0x7f1061845b40>,35,15,[14  3],36,-1,61,-1,46
1,<environment.Job instance at 0x7f10614346e0>,37,23,[ 2 13],38,-1,80,-1,57
1,<environment.Job instance at 0x7f1061434d20>,38,25,[1 6],39,-1,82,-1,57
1,<environment.Job instance at 0x7f1061434fa0>,39,22,[12  5],40,-1,79,-1,57
1,<environment.Job instance at 0x7f1061434370>,40,23,[7 1],41,-1,84,-1,61
1,<environment.Job instance at 0x7f1061434780>,42,24,[2 5],43,-1,85,-1,61
1,<environment.Job instance at 0x7f1061434230>,44,12,[ 2 13],45,-1,73,-1,61
1,<environment.Job instance at 0x7f1061434f00>,45,27,[4 9],46,-1,101,-1,74
1,<environment.Job instance at 0x7f1061841aa0>,47,24,[10  2],48,-1,101,-1,77
1,<environment.Job instance at 0x7f1061841e60>,48,14,[ 5 14],49,-1,91,-1,77
1,<environment.Job instance at 0x7f10617fadc0>,0,20,[6 5],1,-1,21,-1,1
1,<environment.Job instance at 0x7f1061a6caf0>,9,28,[ 3 10],10,-1,38,-1,10
1,<environment.Job instance at 0x7f1061a6c410>,11,28,[11  4],12,-1,40,-1,12
1,<environment.Job instance at 0x7f1061a6c4b0>,5,25,[4 9],6,-1,44,-1,19
1,<environment.Job instance at 0x7f1061a6cd70>,14,18,[12  3],15,-1,38,-1,20
1,<environment.Job instance at 0x7f1061a6c320>,7,14,[7 5],8,-1,34,-1,20
1,<environment.Job instance at 0x7f10618a5eb0>,3,18,[ 5 11],4,-1,38,-1,20
1,<environment.Job instance at 0x7f1061a6c640>,17,24,[10  2],18,-1,47,-1,23
1,<environment.Job instance at 0x7f1061a6c690>,18,24,[8 1],19,-1,47,-1,23
1,<environment.Job instance at 0x7f1061a6c9b0>,19,27,[ 5 10],20,-1,50,-1,23
1,<environment.Job instance at 0x7f1061a6ce10>,26,24,[5 3],27,-1,79,-1,55
1,<environment.Job instance at 0x7f1061a6ca50>,27,19,[5 7],28,-1,74,-1,55
1,<environment.Job instance at 0x7f1062092cd0>,29,21,[14  3],30,-1,85,-1,64
1,<environment.Job instance at 0x7f1061a6ccd0>,24,16,[5 5],25,-1,83,-1,67
1,<environment.Job instance at 0x7f1062092eb0>,32,20,[11  3],33,-1,87,-1,67
1,<environment.Job instance at 0x7f10620923c0>,31,17,[7 4],32,-1,84,-1,67
1,<environment.Job instance at 0x7f10620921e0>,34,12,[8 2],35,-1,79,-1,67
1,<environment.Job instance at 0x7f1062092f50>,35,17,[ 3 13],36,-1,84,-1,67
1,<environment.Job instance at 0x7f1062092dc0>,33,12,[4 8],34,-1,80,-1,68
1,<environment.Job instance at 0x7f1062092910>,36,15,[13  4],37,-1,83,-1,68
1,<environment.Job instance at 0x7f1062092c30>,38,23,[3 8],39,-1,91,-1,68
1,<environment.Job instance at 0x7f10620929b0>,37,25,[9 1],38,-1,93,-1,68
1,<environment.Job instance at 0x7f1062092be0>,40,26,[14  4],41,-1,94,-1,68
1,<environment.Job instance at 0x7f1061459e10>,1,14,[ 4 13],2,-1,16,-1,2
1,<environment.Job instance at 0x7f106b5bd9b0>,2,12,[14  3],3,-1,15,-1,3
1,<environment.Job instance at 0x7f106b5bdfa0>,3,18,[ 5 11],4,-1,22,-1,4
1,<environment.Job instance at 0x7f106b5bd050>,4,21,[ 1 12],5,-1,26,-1,5
1,<environment.Job instance at 0x7f106b5bd690>,5,25,[4 9],6,-1,31,-1,6
1,<environment.Job instance at 0x7f106b5bd1e0>,6,18,[ 1 12],7,-1,25,-1,7
1,<environment.Job instance at 0x7f10614347d0>,11,28,[11  4],12,-1,40,-1,12
1,<environment.Job instance at 0x7f1061434690>,13,19,[11  2],14,-1,33,-1,14
1,<environment.Job instance at 0x7f10614345f0>,14,18,[12  3],15,-1,33,-1,15
1,<environment.Job instance at 0x7f1061459eb0>,9,28,[ 3 10],10,-1,49,-1,21
1,<environment.Job instance at 0x7f106b4548c0>,16,19,[ 1 12],17,-1,40,-1,21
1,<environment.Job instance at 0x7f10614343c0>,18,24,[8 1],19,-1,45,-1,21
1,<environment.Job instance at 0x7f10617d2280>,19,27,[ 5 10],20,-1,48,-1,21
1,<environment.Job instance at 0x7f10614340f0>,15,28,[5 5],16,-1,49,-1,21
1,<environment.Job instance at 0x7f10617d2640>,21,28,[ 1 12],22,-1,50,-1,22
1,<environment.Job instance at 0x7f10617d2730>,22,15,[13  1],23,-1,38,-1,23
1,<environment.Job instance at 0x7f10617d2b90>,23,20,[ 5 12],24,-1,44,-1,24
1,<environment.Job instance at 0x7f10617d25f0>,25,12,[ 4 13],26,-1,38,-1,26
1,<environment.Job instance at 0x7f10617d25a0>,26,24,[5 3],27,-1,57,-1,33
1,<environment.Job instance at 0x7f10617d2960>,29,21,[14  3],30,-1,54,-1,33
1,<environment.Job instance at 0x7f10617e6460>,32,20,[11  3],33,-1,54,-1,34
1,<environment.Job instance at 0x7f1061a6c050>,35,17,[ 3 13],36,-1,65,-1,48
1,<environment.Job instance at 0x7f1061a6cdc0>,36,15,[13  4],37,-1,63,-1,48
1,<environment.Job instance at 0x7f1061434460>,17,24,[10  2],18,-1,84,-1,60
1,<environment.Job instance at 0x7f1062092a00>,37,25,[9 1],38,-1,85,-1,60
1,<environment.Job instance at 0x7f10617fac80>,40,26,[14  4],41,-1,86,-1,60
1,<environment.Job instance at 0x7f10617facd0>,43,18,[14  1],44,-1,78,-1,60
1,<environment.Job instance at 0x7f106222cbe0>,38,23,[3 8],39,-1,84,-1,61
1,<environment.Job instance at 0x7f10618a5140>,46,15,[ 5 11],47,-1,76,-1,61
1,<environment.Job instance at 0x7f106207a780>,47,27,[ 2 13],48,-1,88,-1,61
1,<environment.Job instance at 0x7f106207a8c0>,48,27,[5 1],49,-1,99,-1,72
1,<environment.Job instance at 0x7f106207a7d0>,49,16,[ 3 12],50,-1,88,-1,72
1,<environment.Job instance at 0x7f106207ac30>,50,12,[ 3 12],51,-1,84,-1,72
1,<environment.Job instance at 0x7f106207ac80>,51,13,[ 3 12],52,-1,85,-1,72
1,<environment.Job instance at 0x7f106207a190>,52,24,[ 4 10],53,-1,97,-1,73
1,<environment.Job instance at 0x7f106207aa00>,53,25,[11  2],54,-1,98,-1,73
1,<environment.Job instance at 0x7f106207aaf0>,54,23,[ 1 14],55,-1,96,-1,73
1,<environment.Job instance at 0x7f10617fa640>,44,24,[9 2],45,-1,97,-1,73
1,<environment.Job instance at 0x7f106207a5f0>,56,12,[ 3 12],57,-1,85,-1,73
1,<environment.Job instance at 0x7f1061486820>,1,24,[ 4 10],2,-1,26,-1,2
1,<environment.Job instance at 0x7f1061486230>,2,24,[ 2 14],3,-1,27,-1,3
1,<environment.Job instance at 0x7f1061486a00>,3,16,[12  2],4,-1,20,-1,4
1,<environment.Job instance at 0x7f1061486b40>,4,15,[ 5 12],5,-1,20,-1,5
1,<environment.Job instance at 0x7f1061486fa0>,5,28,[ 2 11],6,-1,34,-1,6
1,<environment.Job instance at 0x7f1061486910>,6,28,[13  3],7,-1,35,-1,7
1,<environment.Job instance at 0x7f1061486e60>,8,23,[13  5],9,-1,32,-1,9
1,<environment.Job instance at 0x7f106207a820>,9,19,[ 3 13],10,-1,29,-1,10
1,<environment.Job instance at 0x7f106207a230>,14,17,[ 2 13],15,-1,32,-1,15
1,<environment.Job instance at 0x7f106207a8c0>,15,20,[ 1 11],16,-1,36,-1,16
1,<environment.Job instance at 0x7f106207a0a0>,18,12,[ 3 14],19,-1,31,-1,19
1,<environment.Job instance at 0x7f106207ac80>,13,23,[6 5],14,-1,52,-1,29
1,<environment.Job instance at 0x7f106b4548c0>,21,24,[14  4],22,-1,53,-1,29
1,<environment.Job instance at 0x7f1061a6cdc0>,22,26,[12  3],23,-1,55,-1,29
1,<environment.Job instance at 0x7f1061a6cf50>,23,16,[ 5 14],24,-1,45,-1,29
1,<environment.Job instance at 0x7f106b5bdf50>,24,23,[8 4],25,-1,52,-1,29
1,<environment.Job instance at 0x7f106b5bd4b0>,25,12,[ 4 13],26,-1,41,-1,29
1,<environment.Job instance at 0x7f106b5bd690>,26,25,[13  1],27,-1,54,-1,29
1,<environment.Job instance at 0x7f106207a780>,16,27,[4 6],17,-1,56,-1,29
1,<environment.Job instance at 0x7f106207a190>,17,26,[8 5],18,-1,55,-1,29
1,<environment.Job instance at 0x7f10612eec80>,29,22,[14  4],30,-1,52,-1,30
1,<environment.Job instance at 0x7f10612ee870>,30,14,[ 1 13],31,-1,45,-1,31
1,<environment.Job instance at 0x7f10612ee140>,33,16,[11  3],34,-1,50,-1,34
1,<environment.Job instance at 0x7f106120dcd0>,34,18,[ 5 12],35,-1,53,-1,35
1,<environment.Job instance at 0x7f106120de60>,35,24,[ 2 12],36,-1,60,-1,36
1,<environment.Job instance at 0x7f106120d640>,36,24,[ 1 13],37,-1,61,-1,37
1,<environment.Job instance at 0x7f10612ee730>,31,28,[ 2 10],32,-1,70,-1,42
1,<environment.Job instance at 0x7f106120deb0>,39,25,[1 9],40,-1,67,-1,42
1,<environment.Job instance at 0x7f10612ee8c0>,38,23,[4 5],39,-1,65,-1,42
1,<environment.Job instance at 0x7f106120df50>,43,24,[14  5],44,-1,70,-1,46
1,<environment.Job instance at 0x7f106120daf0>,44,18,[14  1],45,-1,64,-1,46
1,<environment.Job instance at 0x7f106120d780>,45,14,[13  5],46,-1,60,-1,46
1,<environment.Job instance at 0x7f106120df00>,46,21,[ 1 14],47,-1,68,-1,47
1,<environment.Job instance at 0x7f106120d140>,48,22,[12  2],49,-1,77,-1,55
1,<environment.Job instance at 0x7f106120d0f0>,49,26,[ 2 10],50,-1,85,-1,59
1,<environment.Job instance at 0x7f106120daa0>,50,14,[12  5],51,-1,73,-1,59
1,<environment.Job instance at 0x7f106120dd70>,51,14,[14  2],52,-1,73,-1,59
1,<environment.Job instance at 0x7f106120d2d0>,52,24,[4 5],53,-1,83,-1,59
1,<environment.Job instance at 0x7f106120ddc0>,53,24,[9 5],54,-1,83,-1,59
1,<environment.Job instance at 0x7f1061196960>,54,18,[11  3],55,-1,77,-1,59
1,<environment.Job instance at 0x7f1061196410>,55,23,[13  5],56,-1,82,-1,59
1,<environment.Job instance at 0x7f1061196cd0>,58,28,[12  3],59,-1,87,-1,59
1,<environment.Job instance at 0x7f1061196320>,60,23,[8 4],61,-1,90,-1,67
1,<environment.Job instance at 0x7f10611962d0>,61,13,[12  4],62,-1,80,-1,67
1,<environment.Job instance at 0x7f10611f5780>,62,27,[9 3],63,-1,94,-1,67
1,<environment.Job instance at 0x7f10611f56e0>,64,18,[ 5 12],65,-1,85,-1,67
1,<environment.Job instance at 0x7f10611f5dc0>,65,28,[ 2 13],66,-1,95,-1,67
1,<environment.Job instance at 0x7f10611f5960>,66,26,[ 3 14],67,-1,93,-1,67
1,<environment.Job instance at 0x7f1061196e60>,59,25,[3 6],60,-1,97,-1,72
1,<environment.Job instance at 0x7f10611f50f0>,67,15,[11  5],68,-1,87,-1,72
1,<environment.Job instance at 0x7f10611f5b90>,69,15,[ 3 13],70,-1,87,-1,72
1,<environment.Job instance at 0x7f10611f5370>,70,25,[13  4],71,-1,97,-1,72
1,<environment.Job instance at 0x7f10611f5500>,71,17,[13  1],72,-1,89,-1,72
1,<environment.Job instance at 0x7f1061a2e370>,1,18,[5 7],2,-1,20,-1,2
1,<environment.Job instance at 0x7f106120dc30>,0,16,[11  4],1,-1,17,-1,1
1,<environment.Job instance at 0x7f106120d410>,3,20,[12  4],4,-1,24,-1,4
1,<environment.Job instance at 0x7f106120d320>,4,26,[1 6],5,-1,31,-1,5
1,<environment.Job instance at 0x7f106120d280>,6,27,[12  2],7,-1,34,-1,7
1,<environment.Job instance at 0x7f106120de60>,7,15,[14  2],8,-1,23,-1,8
1,<environment.Job instance at 0x7f106120dcd0>,8,15,[13  3],9,-1,24,-1,9
1,<environment.Job instance at 0x7f106120d5f0>,11,14,[ 2 11],12,-1,26,-1,12
1,<environment.Job instance at 0x7f10612eee60>,12,25,[14  3],13,-1,38,-1,13
1,<environment.Job instance at 0x7f10612ee730>,13,23,[14  5],14,-1,37,-1,14
1,<environment.Job instance at 0x7f10612ee870>,14,27,[12  3],15,-1,42,-1,15
1,<environment.Job instance at 0x7f106120d190>,15,22,[11  3],16,-1,38,-1,16
1,<environment.Job instance at 0x7f10612ee640>,16,28,[ 1 13],17,-1,45,-1,17
1,<environment.Job instance at 0x7f106120dfa0>,5,23,[5 5],6,-1,41,-1,18
1,<environment.Job instance at 0x7f10612eec30>,17,25,[12  4],18,-1,43,-1,18
1,<environment.Job instance at 0x7f106222cbe0>,18,17,[ 2 13],19,-1,36,-1,19
1,<environment.Job instance at 0x7f106b4548c0>,19,15,[ 2 14],20,-1,35,-1,20
1,<environment.Job instance at 0x7f1061c77e60>,21,16,[ 2 13],22,-1,38,-1,22
1,<environment.Job instance at 0x7f1061a2edc0>,23,15,[12  3],24,-1,39,-1,24
1,<environment.Job instance at 0x7f1061a2e410>,24,19,[ 2 13],25,-1,44,-1,25
1,<environment.Job instance at 0x7f1061a2e3c0>,27,18,[ 1 13],28,-1,46,-1,28
1,<environment.Job instance at 0x7f1062905cd0>,28,12,[ 5 14],29,-1,41,-1,29
1,<environment.Job instance at 0x7f1062905550>,29,13,[14  1],30,-1,43,-1,30
1,<environment.Job instance at 0x7f1062905d70>,33,18,[12  3],34,-1,55,-1,37
1,<environment.Job instance at 0x7f1062905410>,34,23,[2 6],35,-1,65,-1,42
1,<environment.Job instance at 0x7f10629058c0>,36,27,[ 2 13],37,-1,69,-1,42
1,<environment.Job instance at 0x7f1062905050>,37,14,[ 2 11],38,-1,56,-1,42
1,<environment.Job instance at 0x7f10629050f0>,38,16,[ 1 12],39,-1,58,-1,42
1,<environment.Job instance at 0x7f1061dbea50>,42,24,[14  4],43,-1,75,-1,51
1,<environment.Job instance at 0x7f1061dbe820>,46,16,[ 3 11],47,-1,67,-1,51
1,<environment.Job instance at 0x7f1062905eb0>,39,26,[5 9],40,-1,86,-1,60
1,<environment.Job instance at 0x7f1061dbeaf0>,48,16,[11  5],49,-1,76,-1,60
1,<environment.Job instance at 0x7f1061dbec30>,49,18,[13  2],50,-1,78,-1,60
1,<environment.Job instance at 0x7f1061dbe280>,51,23,[14  1],52,-1,83,-1,60
1,<environment.Job instance at 0x7f1061dbeb40>,52,17,[ 1 14],53,-1,77,-1,60
1,<environment.Job instance at 0x7f1061dbe0f0>,53,16,[12  2],54,-1,76,-1,60
1,<environment.Job instance at 0x7f1061dbec80>,54,19,[ 4 11],55,-1,79,-1,60
1,<environment.Job instance at 0x7f1062425550>,55,24,[9 5],56,-1,89,-1,65
1,<environment.Job instance at 0x7f10624252d0>,56,16,[13  3],57,-1,81,-1,65
1,<environment.Job instance at 0x7f1062425e10>,57,24,[14  3],58,-1,89,-1,65
1,<environment.Job instance at 0x7f1062425640>,58,19,[ 1 14],59,-1,84,-1,65
1,<environment.Job instance at 0x7f1062425780>,59,23,[14  3],60,-1,88,-1,65
1,<environment.Job instance at 0x7f1062425c30>,60,28,[ 4 11],61,-1,93,-1,65
1,<environment.Job instance at 0x7f1062425460>,61,27,[5 5],62,-1,92,-1,65
1,<environment.Job instance at 0x7f1062425c80>,62,24,[5 2],63,-1,89,-1,65
1,<environment.Job instance at 0x7f1062425320>,63,14,[ 4 12],64,-1,79,-1,65
1,<environment.Job instance at 0x7f10624254b0>,64,27,[5 1],65,-1,92,-1,65
1,<environment.Job instance at 0x7f10624256e0>,65,27,[ 2 11],66,-1,93,-1,66
1,<environment.Job instance at 0x7f1062425820>,66,28,[12  4],67,-1,95,-1,67
1,<environment.Job instance at 0x7f10624255a0>,68,14,[14  2],69,-1,91,-1,77
1,<environment.Job instance at 0x7f1062425be0>,0,17,[14  2],1,-1,18,-1,1
1,<environment.Job instance at 0x7f1062425a50>,1,26,[10  4],2,-1,28,-1,2
1,<environment.Job instance at 0x7f10624250a0>,2,23,[5 5],3,-1,26,-1,3
1,<environment.Job instance at 0x7f1062425f50>,3,13,[ 1 14],4,-1,17,-1,4
1,<environment.Job instance at 0x7f1062425820>,4,12,[ 3 11],5,-1,17,-1,5
1,<environment.Job instance at 0x7f1062425410>,7,19,[ 5 13],8,-1,27,-1,8
1,<environment.Job instance at 0x7f10624250f0>,9,25,[3 9],10,-1,45,-1,20
1,<environment.Job instance at 0x7f1062425370>,13,17,[ 3 13],14,-1,37,-1,20
1,<environment.Job instance at 0x7f1062425140>,14,28,[3 9],15,-1,48,-1,20
1,<environment.Job instance at 0x7f10624252d0>,15,28,[ 3 10],16,-1,48,-1,20
1,<environment.Job instance at 0x7f1061dbe0f0>,19,20,[12  4],20,-1,54,-1,34
1,<environment.Job instance at 0x7f1061dbee60>,20,28,[8 2],21,-1,62,-1,34
1,<environment.Job instance at 0x7f1061dbe500>,21,16,[12  4],22,-1,50,-1,34
1,<environment.Job instance at 0x7f1061dbe640>,22,16,[ 2 13],23,-1,50,-1,34
1,<environment.Job instance at 0x7f1061dbed70>,23,23,[5 8],24,-1,57,-1,34
1,<environment.Job instance at 0x7f1061dbe730>,25,24,[9 3],26,-1,63,-1,39
1,<environment.Job instance at 0x7f1061dbe460>,27,23,[5 4],28,-1,62,-1,39
1,<environment.Job instance at 0x7f1061dbe320>,28,23,[11  4],29,-1,62,-1,39
1,<environment.Job instance at 0x7f1062905aa0>,30,21,[ 5 13],31,-1,60,-1,39
1,<environment.Job instance at 0x7f1062905f50>,31,22,[11  1],32,-1,61,-1,39
1,<environment.Job instance at 0x7f1062905780>,32,17,[11  2],33,-1,56,-1,39
1,<environment.Job instance at 0x7f1062905a50>,36,28,[13  4],37,-1,83,-1,55
1,<environment.Job instance at 0x7f1062905c80>,35,28,[10  3],36,-1,83,-1,55
1,<environment.Job instance at 0x7f1062905500>,38,25,[5 7],39,-1,80,-1,55
1,<environment.Job instance at 0x7f1062905690>,39,23,[13  3],40,-1,78,-1,55
1,<environment.Job instance at 0x7f1061bebeb0>,40,18,[ 4 13],41,-1,73,-1,55
1,<environment.Job instance at 0x7f1062905b40>,41,18,[13  1],42,-1,73,-1,55
1,<environment.Job instance at 0x7f1061a2eaa0>,45,28,[3 8],46,-1,97,-1,69
1,<environment.Job instance at 0x7f1061a2e550>,46,18,[ 1 14],47,-1,87,-1,69
1,<environment.Job instance at 0x7f10616a76e0>,1,20,[7 4],2,-1,23,-1,3
1,<environment.Job instance at 0x7f10616a7d70>,4,25,[2 7],5,-1,30,-1,5
1,<environment.Job instance at 0x7f10616a7320>,5,18,[1 6],6,-1,24,-1,6
1,<environment.Job instance at 0x7f10616a7500>,7,17,[5 7],8,-1,25,-1,8
1,<environment.Job instance at 0x7f10616a7c30>,8,17,[5 5],9,-1,26,-1,9
1,<environment.Job instance at 0x7f10616a7140>,9,17,[4 6],10,-1,27,-1,10
1,<environment.Job instance at 0x7f10616a75f0>,10,13,[3 8],11,-1,24,-1,11
1,<environment.Job instance at 0x7f10623f3690>,12,17,[1 8],13,-1,30,-1,13
1,<environment.Job instance at 0x7f10623f3f50>,14,17,[1 9],15,-1,32,-1,15
1,<environment.Job instance at 0x7f10624251e0>,0,23,[ 3 11],1,-1,24,-1,1
1,<environment.Job instance at 0x7f1062425eb0>,3,26,[ 4 14],4,-1,30,-1,4
1,<environment.Job instance at 0x7f1062425f50>,4,25,[2 7],5,-1,50,-1,25
1,<environment.Job instance at 0x7f10616a7fa0>,11,16,[14  4],12,-1,41,-1,25
1,<environment.Job instance at 0x7f10616a7640>,13,18,[14  3],14,-1,43,-1,25
1,<environment.Job instance at 0x7f1062298190>,15,22,[ 5 12],16,-1,60,-1,38
1,<environment.Job instance at 0x7f1062298370>,17,18,[ 1 12],18,-1,56,-1,38
1,<environment.Job instance at 0x7f1062298eb0>,18,16,[14  2],19,-1,54,-1,38
1,<environment.Job instance at 0x7f10622987d0>,19,26,[6 2],20,-1,77,-1,51
1,<environment.Job instance at 0x7f1062298730>,20,25,[ 4 14],21,-1,76,-1,51
1,<environment.Job instance at 0x7f1062298550>,22,20,[14  3],23,-1,71,-1,51
1,<environment.Job instance at 0x7f10622989b0>,23,25,[14  5],24,-1,76,-1,51
1,<environment.Job instance at 0x7f106166fb90>,25,14,[14  1],26,-1,69,-1,55
1,<environment.Job instance at 0x7f1062298fa0>,24,26,[10  2],25,-1,93,-1,67
1,<environment.Job instance at 0x7f106166f820>,27,26,[12  5],28,-1,93,-1,67
1,<environment.Job instance at 0x7f106166f730>,28,28,[8 3],29,-1,95,-1,67
1,<environment.Job instance at 0x7f106166fd70>,29,16,[14  1],30,-1,83,-1,67
1,<environment.Job instance at 0x7f106166ff50>,31,24,[ 3 12],32,-1,91,-1,67
1,<environment.Job instance at 0x7f106166faa0>,32,23,[4 7],33,-1,90,-1,67
1,<environment.Job instance at 0x7f106166f3c0>,35,26,[12  4],36,-1,98,-1,72
1,<environment.Job instance at 0x7f10628838c0>,0,24,[5 7],1,-1,25,-1,1
1,<environment.Job instance at 0x7f1062883870>,2,15,[4 8],3,-1,18,-1,3
1,<environment.Job instance at 0x7f10628834b0>,9,28,[11  1],10,-1,40,-1,12
1,<environment.Job instance at 0x7f1062a1e910>,12,21,[ 1 11],13,-1,36,-1,15
1,<environment.Job instance at 0x7f1062a1e730>,14,21,[14  2],15,-1,39,-1,18
1,<environment.Job instance at 0x7f1062a1ebe0>,15,16,[1 7],16,-1,34,-1,18
1,<environment.Job instance at 0x7f1062298820>,0,24,[5 7],1,-1,25,-1,1
1,<environment.Job instance at 0x7f1062298aa0>,4,16,[ 1 12],5,-1,21,-1,5
1,<environment.Job instance at 0x7f10628836e0>,5,15,[13  4],6,-1,21,-1,6
1,<environment.Job instance at 0x7f1062883cd0>,6,20,[ 1 13],7,-1,27,-1,7
1,<environment.Job instance at 0x7f1062883c80>,8,28,[ 2 14],9,-1,37,-1,9
1,<environment.Job instance at 0x7f1062136b40>,9,28,[11  1],10,-1,38,-1,10
1,<environment.Job instance at 0x7f1062136f50>,12,21,[ 1 11],13,-1,34,-1,13
1,<environment.Job instance at 0x7f1062298500>,3,27,[ 2 10],4,-1,43,-1,16
1,<environment.Job instance at 0x7f1062136320>,14,21,[14  2],15,-1,37,-1,16
1,<environment.Job instance at 0x7f1062136550>,16,21,[14  4],17,-1,38,-1,17
1,<environment.Job instance at 0x7f10621361e0>,17,20,[11  1],18,-1,38,-1,18
1,<environment.Job instance at 0x7f10621369b0>,18,22,[ 5 12],19,-1,41,-1,19
1,<environment.Job instance at 0x7f1062136c80>,19,17,[13  1],20,-1,37,-1,20
1,<environment.Job instance at 0x7f1062136960>,20,27,[ 2 13],21,-1,48,-1,21
1,<environment.Job instance at 0x7f1062136910>,21,17,[11  4],22,-1,39,-1,22
1,<environment.Job instance at 0x7f10621366e0>,22,27,[ 4 13],23,-1,50,-1,23
1,<environment.Job instance at 0x7f1062136be0>,23,15,[14  1],24,-1,39,-1,24
1,<environment.Job instance at 0x7f106223e320>,26,25,[7 3],27,-1,58,-1,33
1,<environment.Job instance at 0x7f1062136a00>,11,28,[8 2],12,-1,61,-1,33
1,<environment.Job instance at 0x7f106223eb40>,28,19,[ 3 13],29,-1,52,-1,33
1,<environment.Job instance at 0x7f106223e820>,31,25,[5 5],32,-1,71,-1,46
1,<environment.Job instance at 0x7f106223e870>,34,15,[12  4],35,-1,62,-1,47
1,<environment.Job instance at 0x7f106223e5f0>,32,26,[2 9],33,-1,74,-1,48
1,<environment.Job instance at 0x7f106223edc0>,36,27,[ 1 11],37,-1,75,-1,48
1,<environment.Job instance at 0x7f106223e4b0>,37,18,[ 2 12],38,-1,66,-1,48
1,<environment.Job instance at 0x7f106223e1e0>,38,22,[ 2 11],39,-1,70,-1,48
1,<environment.Job instance at 0x7f106223e0f0>,39,23,[14  4],40,-1,71,-1,48
1,<environment.Job instance at 0x7f106223e3c0>,40,22,[13  2],41,-1,70,-1,48
1,<environment.Job instance at 0x7f106223ef50>,41,12,[ 1 12],42,-1,60,-1,48
1,<environment.Job instance at 0x7f106223e7d0>,35,27,[10  3],36,-1,75,-1,48
1,<environment.Job instance at 0x7f106223ea50>,43,26,[5 5],44,-1,74,-1,48
1,<environment.Job instance at 0x7f1061ee26e0>,44,16,[11  2],45,-1,64,-1,48
1,<environment.Job instance at 0x7f1061ee2cd0>,45,26,[5 8],46,-1,74,-1,48
1,<environment.Job instance at 0x7f1061ee2af0>,46,18,[ 5 14],47,-1,66,-1,48
1,<environment.Job instance at 0x7f106223ec30>,27,26,[ 4 10],28,-1,91,-1,65
1,<environment.Job instance at 0x7f1061ee2550>,49,20,[ 1 11],50,-1,85,-1,65
1,<environment.Job instance at 0x7f1061ee29b0>,50,27,[11  5],51,-1,92,-1,65
1,<environment.Job instance at 0x7f1061ee23c0>,51,14,[ 5 14],52,-1,79,-1,65
1,<environment.Job instance at 0x7f1061ee2910>,48,27,[ 2 10],49,-1,92,-1,65
1,<environment.Job instance at 0x7f1061ee2960>,53,25,[9 2],54,-1,91,-1,66
1,<environment.Job instance at 0x7f1061ee25a0>,55,24,[ 5 13],56,-1,90,-1,66
1,<environment.Job instance at 0x7f106196e3c0>,56,15,[ 5 14],57,-1,81,-1,66
1,<environment.Job instance at 0x7f106196e9b0>,57,22,[ 4 11],58,-1,88,-1,66
1,<environment.Job instance at 0x7f106196e640>,58,13,[ 5 13],59,-1,79,-1,66
1,<environment.Job instance at 0x7f106196eb90>,62,13,[ 5 12],63,-1,79,-1,66
1,<environment.Job instance at 0x7f106196e0f0>,63,15,[14  1],64,-1,81,-1,66
1,<environment.Job instance at 0x7f106146ea50>,0,12,[10  1],1,-1,14,-1,2
1,<environment.Job instance at 0x7f1061c5db90>,13,25,[5 8],14,-1,81,-1,56
1,<environment.Job instance at 0x7f1061c5d3c0>,19,13,[10  4],20,-1,86,-1,73
1,<environment.Job instance at 0x7f1061c5d230>,22,15,[ 5 12],23,-1,88,-1,73
1,<environment.Job instance at 0x7f1061c5dd70>,23,26,[ 1 12],24,-1,99,-1,73
1,<environment.Job instance at 0x7f1061c5da00>,20,15,[14  4],21,-1,88,-1,73
1,<environment.Job instance at 0x7f1061c5deb0>,16,18,[11  3],17,-1,95,-1,77
1,<environment.Job instance at 0x7f1061c5dbe0>,24,23,[ 4 10],25,-1,100,-1,77
1,<environment.Job instance at 0x7f1061c5daf0>,27,13,[3 9],28,-1,90,-1,77
1,<environment.Job instance at 0x7f1061c5de60>,26,27,[ 3 12],27,-1,104,-1,77
1,<environment.Job instance at 0x7f1061c5d550>,28,28,[12  4],29,-1,107,-1,79
1,<environment.Job instance at 0x7f1061c5db40>,29,21,[8 3],30,-1,100,-1,79
1,<environment.Job instance at 0x7f1061c5d320>,25,25,[1 8],26,-1,104,-1,79
1,<environment.Job instance at 0x7f106177af50>,11,17,[ 5 13],12,-1,96,-1,79
1,<environment.Job instance at 0x7f1061c5d190>,30,28,[11  4],31,-1,107,-1,79
1,<environment.Job instance at 0x7f1061c5d0f0>,31,26,[5 7],32,-1,105,-1,79
1,<environment.Job instance at 0x7f106224ab40>,2,20,[ 4 14],3,-1,23,-1,3
1,<environment.Job instance at 0x7f106146e960>,3,18,[14  4],4,-1,22,-1,4
1,<environment.Job instance at 0x7f106146eaa0>,4,18,[ 3 11],5,-1,23,-1,5
1,<environment.Job instance at 0x7f106146e8c0>,6,26,[ 2 11],7,-1,33,-1,7
1,<environment.Job instance at 0x7f10623c8870>,7,13,[13  4],8,-1,21,-1,8
1,<environment.Job instance at 0x7f1062298460>,10,13,[12  4],11,-1,24,-1,11
1,<environment.Job instance at 0x7f10623c80f0>,11,17,[ 5 13],12,-1,29,-1,12
1,<environment.Job instance at 0x7f10623c88c0>,12,16,[ 5 14],13,-1,29,-1,13
1,<environment.Job instance at 0x7f106b47d4b0>,15,17,[ 2 14],16,-1,33,-1,16
1,<environment.Job instance at 0x7f10623e7e10>,16,18,[11  3],17,-1,35,-1,17
1,<environment.Job instance at 0x7f10623c8c30>,13,25,[5 8],14,-1,44,-1,19
1,<environment.Job instance at 0x7f10623e7c80>,20,15,[14  4],21,-1,41,-1,26
1,<environment.Job instance at 0x7f10623e7370>,21,24,[11  3],22,-1,50,-1,26
1,<environment.Job instance at 0x7f10623e7a50>,22,15,[ 5 12],23,-1,41,-1,26
1,<environment.Job instance at 0x7f10623e71e0>,23,26,[ 1 12],24,-1,52,-1,26
1,<environment.Job instance at 0x7f10623e77d0>,24,23,[ 4 10],25,-1,54,-1,31
1,<environment.Job instance at 0x7f10623e7730>,25,25,[1 8],26,-1,56,-1,31
1,<environment.Job instance at 0x7f10623e74b0>,26,27,[ 3 12],27,-1,58,-1,31
1,<environment.Job instance at 0x7f10623e7640>,28,28,[12  4],29,-1,59,-1,31
1,<environment.Job instance at 0x7f10623e7eb0>,30,28,[11  4],31,-1,59,-1,31
1,<environment.Job instance at 0x7f10623e7b90>,32,24,[13  1],33,-1,62,-1,38
1,<environment.Job instance at 0x7f1061e5ef50>,33,12,[14  5],34,-1,50,-1,38
1,<environment.Job instance at 0x7f10623e7d70>,31,26,[5 7],32,-1,69,-1,43
1,<environment.Job instance at 0x7f1061e5eb90>,35,26,[6 3],36,-1,69,-1,43
1,<environment.Job instance at 0x7f1061e5e6e0>,36,17,[ 1 14],37,-1,60,-1,43
1,<environment.Job instance at 0x7f1061e5ed20>,37,18,[14  3],38,-1,61,-1,43
1,<environment.Job instance at 0x7f1061e5e140>,38,25,[11  3],39,-1,68,-1,43
1,<environment.Job instance at 0x7f1061e5e8c0>,39,17,[14  4],40,-1,60,-1,43
1,<environment.Job instance at 0x7f1061e5ef00>,42,18,[14  4],43,-1,61,-1,43
1,<environment.Job instance at 0x7f1061e5e3c0>,46,16,[13  1],47,-1,73,-1,57
1,<environment.Job instance at 0x7f10621e1320>,47,28,[ 4 12],48,-1,85,-1,57
1,<environment.Job instance at 0x7f10621e1910>,48,15,[12  2],49,-1,72,-1,57
1,<environment.Job instance at 0x7f10621e1d70>,50,26,[6 4],51,-1,96,-1,70
1,<environment.Job instance at 0x7f10621e13c0>,52,15,[ 3 13],53,-1,85,-1,70
1,<environment.Job instance at 0x7f1061e5ecd0>,0,14,[14  4],1,-1,15,-1,1
1,<environment.Job instance at 0x7f1061e5eeb0>,1,22,[ 4 12],2,-1,24,-1,2
1,<environment.Job instance at 0x7f1061e5e140>,2,24,[12  4],3,-1,27,-1,3
1,<environment.Job instance at 0x7f1061c5df50>,4,16,[ 3 12],5,-1,21,-1,5
1,<environment.Job instance at 0x7f10623a4d70>,8,15,[ 3 13],9,-1,24,-1,9
1,<environment.Job instance at 0x7f1061c5dfa0>,9,15,[ 5 11],10,-1,25,-1,10
1,<environment.Job instance at 0x7f10616acc80>,11,24,[9 2],12,-1,36,-1,12
1,<environment.Job instance at 0x7f10617a1190>,12,13,[11  4],13,-1,26,-1,13
1,<environment.Job instance at 0x7f10617a16e0>,13,17,[ 3 12],14,-1,31,-1,14
1,<environment.Job instance at 0x7f1061782c80>,14,20,[13  4],15,-1,35,-1,15
1,<environment.Job instance at 0x7f10617a1690>,16,20,[12  5],17,-1,37,-1,17
1,<environment.Job instance at 0x7f10623a4d20>,7,23,[2 6],8,-1,41,-1,18
1,<environment.Job instance at 0x7f1061782b40>,19,22,[ 3 11],20,-1,42,-1,20
1,<environment.Job instance at 0x7f10617824b0>,20,24,[ 1 12],21,-1,45,-1,21
1,<environment.Job instance at 0x7f10617826e0>,21,28,[3 6],22,-1,50,-1,22
1,<environment.Job instance at 0x7f1061782460>,22,14,[ 4 12],23,-1,37,-1,23
1,<environment.Job instance at 0x7f10617820a0>,23,28,[ 2 13],24,-1,52,-1,24
1,<environment.Job instance at 0x7f10617821e0>,25,16,[13  3],26,-1,42,-1,26
1,<environment.Job instance at 0x7f1061782410>,28,28,[4 6],29,-1,59,-1,31
1,<environment.Job instance at 0x7f1061782640>,29,26,[ 2 14],30,-1,57,-1,31
1,<environment.Job instance at 0x7f1061782910>,24,25,[10  5],25,-1,57,-1,32
1,<environment.Job instance at 0x7f1061782550>,31,15,[14  4],32,-1,47,-1,32
1,<environment.Job instance at 0x7f106122eb40>,32,13,[13  5],33,-1,46,-1,33
1,<environment.Job instance at 0x7f106122ec30>,33,19,[12  2],34,-1,53,-1,34
1,<environment.Job instance at 0x7f106122e690>,37,27,[ 1 13],38,-1,65,-1,38
1,<environment.Job instance at 0x7f106122e9b0>,38,26,[8 2],39,-1,70,-1,44
1,<environment.Job instance at 0x7f106122edc0>,34,24,[2 5],35,-1,77,-1,53
1,<environment.Job instance at 0x7f106122e2d0>,41,26,[11  1],42,-1,79,-1,53
1,<environment.Job instance at 0x7f106122e050>,39,26,[5 7],40,-1,79,-1,53
1,<environment.Job instance at 0x7f106122eb90>,47,18,[ 1 12],48,-1,83,-1,65
1,<environment.Job instance at 0x7f106122e190>,48,15,[ 3 11],49,-1,80,-1,65
1,<environment.Job instance at 0x7f106122e410>,49,24,[ 1 11],50,-1,89,-1,65
1,<environment.Job instance at 0x7f106121d8c0>,51,16,[ 2 13],52,-1,85,-1,69
1,<environment.Job instance at 0x7f106121deb0>,52,21,[ 4 13],53,-1,90,-1,69
1,<environment.Job instance at 0x7f1061b24820>,6,15,[13  5],7,-1,36,-1,21
1,<environment.Job instance at 0x7f106231a460>,12,15,[13  4],13,-1,36,-1,21
1,<environment.Job instance at 0x7f106255b5f0>,14,24,[9 3],15,-1,46,-1,22
1,<environment.Job instance at 0x7f106231a370>,11,21,[ 2 12],12,-1,43,-1,22
1,<environment.Job instance at 0x7f106254ca00>,16,14,[11  3],17,-1,36,-1,22
1,<environment.Job instance at 0x7f106254c6e0>,15,28,[9 3],16,-1,52,-1,24
1,<environment.Job instance at 0x7f106254caa0>,17,22,[5 7],18,-1,47,-1,25
1,<environment.Job instance at 0x7f106254c820>,19,26,[3 8],20,-1,51,-1,25
1,<environment.Job instance at 0x7f10617710f0>,22,27,[8 2],23,-1,87,-1,60
1,<environment.Job instance at 0x7f1062425a50>,1,24,[14  3],2,-1,26,-1,2
1,<environment.Job instance at 0x7f10624254b0>,2,23,[ 1 14],3,-1,26,-1,3
1,<environment.Job instance at 0x7f10624255f0>,3,24,[12  2],4,-1,28,-1,4
1,<environment.Job instance at 0x7f1062425c80>,4,28,[3 6],5,-1,33,-1,5
1,<environment.Job instance at 0x7f1062425320>,5,21,[ 2 14],6,-1,27,-1,6
1,<environment.Job instance at 0x7f106122e190>,6,15,[13  5],7,-1,22,-1,7
1,<environment.Job instance at 0x7f106122eaf0>,10,12,[ 1 12],11,-1,23,-1,11
1,<environment.Job instance at 0x7f106122e2d0>,11,21,[ 2 12],12,-1,33,-1,12
1,<environment.Job instance at 0x7f106122ef50>,12,15,[13  4],13,-1,28,-1,13
1,<environment.Job instance at 0x7f1062425640>,9,25,[ 3 10],10,-1,40,-1,15
1,<environment.Job instance at 0x7f106122e050>,13,28,[3 8],14,-1,43,-1,15
1,<environment.Job instance at 0x7f106122e7d0>,14,24,[9 3],15,-1,39,-1,15
1,<environment.Job instance at 0x7f106122e0a0>,16,14,[11  3],17,-1,31,-1,17
1,<environment.Job instance at 0x7f106122e280>,20,16,[ 5 12],21,-1,37,-1,21
1,<environment.Job instance at 0x7f106122eb40>,21,24,[13  4],22,-1,46,-1,22
1,<environment.Job instance at 0x7f106122e460>,15,28,[9 3],16,-1,56,-1,28
1,<environment.Job instance at 0x7f106122e780>,23,25,[14  2],24,-1,53,-1,28
1,<environment.Job instance at 0x7f1061782550>,24,27,[4 5],25,-1,55,-1,28
1,<environment.Job instance at 0x7f10617828c0>,25,23,[12  2],26,-1,51,-1,28
1,<environment.Job instance at 0x7f106122edc0>,19,26,[3 8],20,-1,54,-1,28
1,<environment.Job instance at 0x7f1061782640>,22,27,[8 2],23,-1,55,-1,28
1,<environment.Job instance at 0x7f1061782690>,28,14,[13  1],29,-1,43,-1,29
1,<environment.Job instance at 0x7f1061782b90>,29,18,[ 2 13],30,-1,48,-1,30
1,<environment.Job instance at 0x7f10617820a0>,30,17,[ 4 11],31,-1,48,-1,31
1,<environment.Job instance at 0x7f1061782d70>,32,14,[ 3 11],33,-1,47,-1,33
1,<environment.Job instance at 0x7f10617820f0>,33,17,[ 5 13],34,-1,51,-1,34
1,<environment.Job instance at 0x7f1061782e60>,34,22,[13  3],35,-1,57,-1,35
1,<environment.Job instance at 0x7f1061782960>,35,13,[ 3 13],36,-1,49,-1,36
1,<environment.Job instance at 0x7f10617823c0>,36,14,[12  1],37,-1,51,-1,37
1,<environment.Job instance at 0x7f1061782c80>,38,17,[ 3 13],39,-1,56,-1,39
1,<environment.Job instance at 0x7f106254c5a0>,40,20,[11  2],41,-1,66,-1,46
1,<environment.Job instance at 0x7f10616acc80>,41,19,[ 2 12],42,-1,65,-1,46
1,<environment.Job instance at 0x7f10617715a0>,42,18,[ 3 11],43,-1,64,-1,46
1,<environment.Job instance at 0x7f10616ac780>,43,14,[ 4 12],44,-1,60,-1,46
1,<environment.Job instance at 0x7f10622555a0>,44,19,[ 5 11],45,-1,65,-1,46
1,<environment.Job instance at 0x7f1062260e60>,45,14,[ 5 13],46,-1,60,-1,46
1,<environment.Job instance at 0x7f1062255d20>,47,21,[13  5],48,-1,69,-1,48
1,<environment.Job instance at 0x7f10617532d0>,48,17,[11  1],49,-1,66,-1,49
1,<environment.Job instance at 0x7f1061753a00>,49,23,[ 1 14],50,-1,73,-1,50
1,<environment.Job instance at 0x7f106284df50>,51,14,[ 5 14],52,-1,66,-1,52
1,<environment.Job instance at 0x7f1061262780>,52,15,[ 2 14],53,-1,68,-1,53
1,<environment.Job instance at 0x7f1061262dc0>,54,14,[13  5],55,-1,69,-1,55
1,<environment.Job instance at 0x7f1061262230>,55,26,[1 9],56,-1,82,-1,56
1,<environment.Job instance at 0x7f106284d780>,56,22,[ 4 11],57,-1,79,-1,57
1,<environment.Job instance at 0x7f1062550be0>,39,28,[3 7],40,-1,89,-1,61
1,<environment.Job instance at 0x7f10614747d0>,59,24,[ 3 14],60,-1,85,-1,61
1,<environment.Job instance at 0x7f1061474960>,60,28,[ 5 11],61,-1,89,-1,61
1,<environment.Job instance at 0x7f1061474370>,61,17,[ 5 12],62,-1,79,-1,62
1,<environment.Job instance at 0x7f106226d370>,58,24,[10  5],59,-1,87,-1,63
1,<environment.Job instance at 0x7f1061474c30>,64,22,[11  2],65,-1,87,-1,65
1,<environment.Job instance at 0x7f10614745a0>,66,24,[7 1],67,-1,103,-1,79
1,<environment.Job instance at 0x7f1061474b90>,68,21,[ 1 12],69,-1,100,-1,79
1,<environment.Job instance at 0x7f1061474a00>,69,12,[ 3 11],70,-1,91,-1,79
1,<environment.Job instance at 0x7f1061c79c80>,2,14,[8 5],3,-1,18,-1,4
1,<environment.Job instance at 0x7f10625869b0>,4,19,[6 4],5,-1,24,-1,5
1,<environment.Job instance at 0x7f1062586d70>,5,16,[1 6],6,-1,22,-1,6
1,<environment.Job instance at 0x7f1062586f00>,6,14,[1 8],7,-1,21,-1,7
1,<environment.Job instance at 0x7f10622df870>,7,22,[7 2],8,-1,30,-1,8
1,<environment.Job instance at 0x7f106258d410>,8,15,[10  1],9,-1,24,-1,9
1,<environment.Job instance at 0x7f10624253c0>,3,13,[11  4],4,-1,24,-1,11
1,<environment.Job instance at 0x7f106258d190>,14,21,[14  4],15,-1,40,-1,19
1,<environment.Job instance at 0x7f106258d320>,13,16,[3 7],14,-1,35,-1,19
1,<environment.Job instance at 0x7f1061c815f0>,19,23,[5 3],20,-1,44,-1,21
1,<environment.Job instance at 0x7f10614749b0>,0,12,[ 3 14],1,-1,13,-1,1
1,<environment.Job instance at 0x7f1061474140>,1,15,[ 4 13],2,-1,17,-1,2
1,<environment.Job instance at 0x7f1061474730>,3,13,[11  4],4,-1,17,-1,4
1,<environment.Job instance at 0x7f1061474410>,9,19,[ 4 11],10,-1,29,-1,10
1,<environment.Job instance at 0x7f1061474c30>,10,28,[ 3 11],11,-1,39,-1,11
1,<environment.Job instance at 0x7f1061474370>,11,26,[4 8],12,-1,48,-1,22
1,<environment.Job instance at 0x7f1061474230>,14,21,[14  4],15,-1,43,-1,22
1,<environment.Job instance at 0x7f1061474b90>,15,20,[12  5],16,-1,42,-1,22
1,<environment.Job instance at 0x7f1061474960>,16,14,[11  3],17,-1,36,-1,22
1,<environment.Job instance at 0x7f106226d820>,17,28,[ 2 14],18,-1,50,-1,22
1,<environment.Job instance at 0x7f10614747d0>,12,23,[4 6],13,-1,45,-1,22
1,<environment.Job instance at 0x7f1061262230>,19,23,[5 3],20,-1,45,-1,22
1,<environment.Job instance at 0x7f1061262640>,21,25,[13  1],22,-1,47,-1,22
1,<environment.Job instance at 0x7f106284d460>,23,17,[13  2],24,-1,41,-1,24
1,<environment.Job instance at 0x7f1062260e60>,25,23,[13  4],26,-1,61,-1,38
1,<environment.Job instance at 0x7f10622605f0>,24,27,[3 9],25,-1,65,-1,38
1,<environment.Job instance at 0x7f106254c5a0>,27,26,[1 9],28,-1,64,-1,38
1,<environment.Job instance at 0x7f10623d7190>,28,25,[5 4],29,-1,63,-1,38
1,<environment.Job instance at 0x7f10616ac320>,30,21,[13  4],31,-1,59,-1,38
1,<environment.Job instance at 0x7f1061782c80>,32,12,[13  4],33,-1,50,-1,38
1,<environment.Job instance at 0x7f10617823c0>,34,19,[12  3],35,-1,57,-1,38
1,<environment.Job instance at 0x7f1061782280>,35,17,[ 5 11],36,-1,55,-1,38
1,<environment.Job instance at 0x7f10617824b0>,39,18,[14  2],40,-1,74,-1,56
1,<environment.Job instance at 0x7f1061782b40>,40,15,[14  3],41,-1,71,-1,56
1,<environment.Job instance at 0x7f1061782730>,42,17,[12  2],43,-1,85,-1,68
1,<environment.Job instance at 0x7f1061782dc0>,43,20,[ 5 12],44,-1,88,-1,68
1,<environment.Job instance at 0x7f1061782640>,44,28,[ 5 11],45,-1,96,-1,68
1,<environment.Job instance at 0x7f106122e780>,46,23,[ 5 11],47,-1,91,-1,68
1,<environment.Job instance at 0x7f1061782af0>,36,28,[ 1 10],37,-1,100,-1,72
1,<environment.Job instance at 0x7f106122edc0>,48,28,[14  5],49,-1,100,-1,72
1,<environment.Job instance at 0x7f1061d2b5a0>,10,21,[ 5 13],11,-1,39,-1,18
1,<environment.Job instance at 0x7f106265ccd0>,13,23,[6 3],14,-1,65,-1,42
1,<environment.Job instance at 0x7f106265ca00>,18,25,[2 5],19,-1,67,-1,42
1,<environment.Job instance at 0x7f1061ff9c80>,21,28,[ 5 14],22,-1,86,-1,58
1,<environment.Job instance at 0x7f1062425c80>,0,24,[ 5 13],1,-1,25,-1,1
1,<environment.Job instance at 0x7f10624254b0>,1,23,[ 5 12],2,-1,25,-1,2
1,<environment.Job instance at 0x7f1062425550>,2,15,[14  2],3,-1,18,-1,3
1,<environment.Job instance at 0x7f10624255f0>,3,25,[ 2 12],4,-1,29,-1,4
1,<environment.Job instance at 0x7f1062425b90>,5,24,[14  2],6,-1,30,-1,6
1,<environment.Job instance at 0x7f10611da6e0>,6,15,[ 5 12],7,-1,22,-1,7
1,<environment.Job instance at 0x7f10617715a0>,9,19,[ 4 13],10,-1,29,-1,10
1,<environment.Job instance at 0x7f106122ea50>,10,21,[ 5 13],11,-1,32,-1,11
1,<environment.Job instance at 0x7f106122ef50>,12,24,[7 1],13,-1,48,-1,24
1,<environment.Job instance at 0x7f106122e230>,16,16,[14  5],17,-1,40,-1,24
1,<environment.Job instance at 0x7f106122e640>,17,18,[ 4 11],18,-1,42,-1,24
1,<environment.Job instance at 0x7f106122e0a0>,18,25,[2 5],19,-1,49,-1,24
1,<environment.Job instance at 0x7f106122e370>,19,13,[12  3],20,-1,37,-1,24
1,<environment.Job instance at 0x7f106122ea00>,20,25,[10  2],21,-1,49,-1,24
1,<environment.Job instance at 0x7f106255bf50>,21,28,[ 5 14],22,-1,52,-1,24
1,<environment.Job instance at 0x7f106122eb90>,13,23,[6 3],14,-1,47,-1,24
1,<environment.Job instance at 0x7f106122e690>,23,17,[12  5],24,-1,41,-1,24
1,<environment.Job instance at 0x7f10616ac780>,25,27,[13  3],26,-1,53,-1,26
1,<environment.Job instance at 0x7f10611dad20>,8,27,[2 9],9,-1,54,-1,27
1,<environment.Job instance at 0x7f1061753960>,29,21,[11  1],30,-1,58,-1,37
1,<environment.Job instance at 0x7f1061262cd0>,31,18,[11  1],32,-1,55,-1,37
1,<environment.Job instance at 0x7f10626120f0>,33,15,[ 2 13],34,-1,56,-1,41
1,<environment.Job instance at 0x7f1061df4dc0>,35,15,[ 2 13],36,-1,56,-1,41
1,<environment.Job instance at 0x7f1062168140>,36,17,[13  4],37,-1,58,-1,41
1,<environment.Job instance at 0x7f1062867910>,37,28,[ 1 12],38,-1,69,-1,41
1,<environment.Job instance at 0x7f1062873500>,39,20,[ 4 14],40,-1,75,-1,55
1,<environment.Job instance at 0x7f1061e472d0>,40,18,[14  1],41,-1,73,-1,55
1,<environment.Job instance at 0x7f1061a67690>,42,24,[ 2 12],43,-1,83,-1,59
1,<environment.Job instance at 0x7f1061a675f0>,46,24,[3 7],47,-1,92,-1,68
1,<environment.Job instance at 0x7f1061a67460>,47,15,[ 3 14],48,-1,83,-1,68
1,<environment.Job instance at 0x7f1061a67f50>,48,25,[3 6],49,-1,93,-1,68
1,<environment.Job instance at 0x7f1061a676e0>,50,16,[ 5 12],51,-1,84,-1,68
1,<environment.Job instance at 0x7f106241c5a0>,51,22,[13  4],52,-1,90,-1,68
1,<environment.Job instance at 0x7f106241c0f0>,52,17,[13  5],53,-1,85,-1,68
1,<environment.Job instance at 0x7f106241c280>,53,17,[14  5],54,-1,85,-1,68
1,<environment.Job instance at 0x7f106241c550>,54,17,[ 1 13],55,-1,85,-1,68
1,<environment.Job instance at 0x7f106241c3c0>,55,16,[ 1 11],56,-1,84,-1,68
1,<environment.Job instance at 0x7f106241c640>,57,16,[14  4],58,-1,85,-1,69
1,<environment.Job instance at 0x7f1061191190>,2,16,[8 2],3,-1,20,-1,4
1,<environment.Job instance at 0x7f1061191a50>,4,14,[4 7],5,-1,19,-1,5
1,<environment.Job instance at 0x7f10611912d0>,5,28,[8 4],6,-1,34,-1,6
1,<environment.Job instance at 0x7f1061191280>,8,15,[ 5 11],9,-1,24,-1,9
1,<environment.Job instance at 0x7f1061191d20>,9,13,[14  4],10,-1,28,-1,15
1,<environment.Job instance at 0x7f1061191d70>,10,15,[13  5],11,-1,36,-1,21
1,<environment.Job instance at 0x7f1061191870>,14,19,[13  4],15,-1,40,-1,21
1,<environment.Job instance at 0x7f1062425dc0>,3,19,[ 4 11],4,-1,43,-1,24
1,<environment.Job instance at 0x7f1061191c30>,16,16,[ 5 13],17,-1,45,-1,29
1,<environment.Job instance at 0x7f1061a886e0>,17,25,[ 4 11],18,-1,55,-1,30
1,<environment.Job instance at 0x7f1061a880f0>,15,15,[1 7],16,-1,45,-1,30
1,<environment.Job instance at 0x7f1061a883c0>,18,21,[1 6],19,-1,51,-1,30
1,<environment.Job instance at 0x7f1061a88320>,20,26,[ 1 11],21,-1,57,-1,31
1,<environment.Job instance at 0x7f1061a88a00>,21,23,[ 3 13],22,-1,54,-1,31
1,<environment.Job instance at 0x7f1061a88f50>,22,26,[4 9],23,-1,57,-1,31
1,<environment.Job instance at 0x7f1061a88230>,19,15,[7 1],20,-1,46,-1,31
1,<environment.Job instance at 0x7f1061a880a0>,23,20,[11  5],24,-1,57,-1,37
1,<environment.Job instance at 0x7f1061a88d70>,24,16,[4 9],25,-1,53,-1,37
1,<environment.Job instance at 0x7f1061a885a0>,25,18,[12  1],26,-1,55,-1,37
1,<environment.Job instance at 0x7f1061191dc0>,11,19,[2 5],12,-1,58,-1,39
1,<environment.Job instance at 0x7f1061a88910>,29,23,[6 1],30,-1,78,-1,55
1,<environment.Job instance at 0x7f1061a88e10>,28,20,[7 5],29,-1,75,-1,55
1,<environment.Job instance at 0x7f1061a88c30>,27,15,[6 4],28,-1,70,-1,55
1,<environment.Job instance at 0x7f1061a88820>,33,27,[10  1],34,-1,82,-1,55
1,<environment.Job instance at 0x7f1061a88690>,34,17,[1 6],35,-1,72,-1,55
1,<environment.Job instance at 0x7f1061a88be0>,35,13,[11  4],36,-1,68,-1,55
1,<environment.Job instance at 0x7f1061fc07d0>,38,24,[ 1 10],39,-1,93,-1,69
1,<environment.Job instance at 0x7f1061fc0550>,40,28,[14  4],41,-1,97,-1,69
1,<environment.Job instance at 0x7f1061a88780>,30,27,[2 7],31,-1,97,-1,70
1,<environment.Job instance at 0x7f106241c500>,0,14,[14  5],1,-1,15,-1,1
1,<environment.Job instance at 0x7f1061df4dc0>,1,14,[ 3 12],2,-1,16,-1,2
1,<environment.Job instance at 0x7f1061262780>,3,19,[ 4 11],4,-1,23,-1,4
1,<environment.Job instance at 0x7f10616ac780>,6,17,[13  5],7,-1,24,-1,7
1,<environment.Job instance at 0x7f10624255f0>,7,17,[ 4 13],8,-1,25,-1,8
1,<environment.Job instance at 0x7f1062425730>,8,15,[ 5 11],9,-1,24,-1,9
1,<environment.Job instance at 0x7f1062425c30>,9,13,[14  4],10,-1,23,-1,10
1,<environment.Job instance at 0x7f1062425cd0>,10,15,[13  5],11,-1,26,-1,11
1,<environment.Job instance at 0x7f10611e50a0>,12,28,[13  3],13,-1,41,-1,13
1,<environment.Job instance at 0x7f1061191b40>,13,25,[ 1 14],14,-1,39,-1,14
1,<environment.Job instance at 0x7f10624ba870>,14,19,[13  4],15,-1,34,-1,15
1,<environment.Job instance at 0x7f1061191cd0>,16,16,[ 5 13],17,-1,33,-1,17
1,<environment.Job instance at 0x7f10628f4be0>,17,25,[ 4 11],18,-1,43,-1,18
1,<environment.Job instance at 0x7f10616ac320>,5,28,[8 4],6,-1,47,-1,19
1,<environment.Job instance at 0x7f10625816e0>,20,26,[ 1 11],21,-1,47,-1,21
1,<environment.Job instance at 0x7f1062581dc0>,21,23,[ 3 13],22,-1,45,-1,22
1,<environment.Job instance at 0x7f10628f44b0>,23,20,[11  5],24,-1,44,-1,24
1,<environment.Job instance at 0x7f1062581370>,25,18,[12  1],26,-1,44,-1,26
1,<environment.Job instance at 0x7f1062581a50>,29,23,[6 1],30,-1,58,-1,35
1,<environment.Job instance at 0x7f10625815a0>,32,16,[ 2 14],33,-1,51,-1,35
1,<environment.Job instance at 0x7f1062581af0>,30,27,[2 7],31,-1,72,-1,45
1,<environment.Job instance at 0x7f10625810f0>,35,13,[11  4],36,-1,58,-1,45
1,<environment.Job instance at 0x7f10620e6a50>,36,13,[ 4 14],37,-1,58,-1,45
1,<environment.Job instance at 0x7f10625812d0>,22,26,[4 9],23,-1,81,-1,55
1,<environment.Job instance at 0x7f10620e6280>,40,28,[14  4],41,-1,83,-1,55
1,<environment.Job instance at 0x7f10620e6190>,41,23,[1 5],42,-1,78,-1,55
1,<environment.Job instance at 0x7f10620e6550>,42,24,[ 5 13],43,-1,79,-1,55
1,<environment.Job instance at 0x7f10620e6460>,38,24,[ 1 10],39,-1,79,-1,55
1,<environment.Job instance at 0x7f1062155550>,44,23,[4 8],45,-1,78,-1,55
1,<environment.Job instance at 0x7f1062581410>,33,27,[10  1],34,-1,87,-1,60
1,<environment.Job instance at 0x7f1062155f50>,48,21,[13  1],49,-1,81,-1,60
1,<environment.Job instance at 0x7f1062155b90>,49,12,[ 5 12],50,-1,72,-1,60
1,<environment.Job instance at 0x7f1062155eb0>,50,26,[ 2 13],51,-1,86,-1,60
1,<environment.Job instance at 0x7f1061f8f690>,52,19,[ 4 13],53,-1,86,-1,67
1,<environment.Job instance at 0x7f1061f8faf0>,53,21,[ 4 14],54,-1,88,-1,67
1,<environment.Job instance at 0x7f1061f8f0f0>,54,17,[ 4 12],55,-1,84,-1,67
1,<environment.Job instance at 0x7f1061f8f820>,55,26,[6 5],56,-1,93,-1,67
1,<environment.Job instance at 0x7f1061f8fe10>,56,14,[12  1],57,-1,81,-1,67
1,<environment.Job instance at 0x7f1061f8fd20>,57,22,[13  2],58,-1,89,-1,67
1,<environment.Job instance at 0x7f1061f8fa50>,58,20,[14  5],59,-1,87,-1,67
1,<environment.Job instance at 0x7f1061f8fa00>,59,16,[ 4 14],60,-1,83,-1,67
1,<environment.Job instance at 0x7f1061f8ff50>,60,13,[ 4 12],61,-1,80,-1,67
1,<environment.Job instance at 0x7f1061f8f870>,61,24,[10  5],62,-1,91,-1,67
1,<environment.Job instance at 0x7f1061f8f960>,62,26,[ 2 14],63,-1,93,-1,67
1,<environment.Job instance at 0x7f1062155050>,47,26,[2 8],48,-1,93,-1,67
1,<environment.Job instance at 0x7f10623e7be0>,66,20,[ 3 11],67,-1,95,-1,75
1,<environment.Job instance at 0x7f10623e7870>,67,14,[ 2 12],68,-1,89,-1,75
1,<environment.Job instance at 0x7f10623e7eb0>,68,15,[12  3],69,-1,90,-1,75
1,<environment.Job instance at 0x7f10623e7050>,69,18,[14  2],70,-1,93,-1,75
1,<environment.Job instance at 0x7f10623e77d0>,70,15,[12  5],71,-1,90,-1,75
1,<environment.Job instance at 0x7f1062869140>,0,13,[9 3],1,-1,15,-1,2
1,<environment.Job instance at 0x7f106211aeb0>,2,28,[8 4],3,-1,31,-1,3
1,<environment.Job instance at 0x7f106241c280>,1,23,[ 1 13],2,-1,38,-1,15
1,<environment.Job instance at 0x7f1061908690>,12,16,[ 3 11],13,-1,31,-1,15
1,<environment.Job instance at 0x7f10619082d0>,9,23,[ 4 10],10,-1,38,-1,15
1,<environment.Job instance at 0x7f1061908190>,6,13,[10  1],7,-1,28,-1,15
1,<environment.Job instance at 0x7f1061908870>,17,15,[ 4 10],18,-1,33,-1,18
1,<environment.Job instance at 0x7f106b1d6dc0>,1,23,[ 1 13],2,-1,25,-1,2
1,<environment.Job instance at 0x7f106b1d6c80>,3,27,[ 3 12],4,-1,31,-1,4
1,<environment.Job instance at 0x7f10623e7780>,4,14,[ 2 14],5,-1,19,-1,5
1,<environment.Job instance at 0x7f10623e7690>,5,15,[11  1],6,-1,21,-1,6
1,<environment.Job instance at 0x7f10623e7eb0>,2,28,[8 4],3,-1,42,-1,14
1,<environment.Job instance at 0x7f1061f8f960>,11,24,[1 6],12,-1,38,-1,14
1,<environment.Job instance at 0x7f1061f8f870>,12,16,[ 3 11],13,-1,30,-1,14
1,<environment.Job instance at 0x7f10623e7f50>,9,23,[ 4 10],10,-1,37,-1,14
1,<environment.Job instance at 0x7f1061f8fd20>,14,23,[14  4],15,-1,38,-1,15
1,<environment.Job instance at 0x7f1061f8f0a0>,15,16,[14  4],16,-1,32,-1,16
1,<environment.Job instance at 0x7f1061f8f410>,18,24,[ 4 11],19,-1,52,-1,28
1,<environment.Job instance at 0x7f1061f8fc80>,19,28,[1 7],20,-1,57,-1,29
1,<environment.Job instance at 0x7f1061f8f320>,16,26,[ 1 10],17,-1,55,-1,29
1,<environment.Job instance at 0x7f1061f8fe60>,21,18,[13  2],22,-1,47,-1,29
1,<environment.Job instance at 0x7f1062155eb0>,22,24,[14  4],23,-1,53,-1,29
1,<environment.Job instance at 0x7f1062155690>,23,25,[2 8],24,-1,54,-1,29
1,<environment.Job instance at 0x7f10621550f0>,26,27,[13  4],27,-1,68,-1,41
1,<environment.Job instance at 0x7f1062155aa0>,28,25,[ 1 12],29,-1,69,-1,44
1,<environment.Job instance at 0x7f10620e6fa0>,30,27,[ 2 13],31,-1,82,-1,55
1,<environment.Job instance at 0x7f10620e6550>,31,20,[14  5],32,-1,75,-1,55
1,<environment.Job instance at 0x7f10620e6c30>,32,25,[ 3 12],33,-1,80,-1,55
1,<environment.Job instance at 0x7f10620e63c0>,33,14,[13  1],34,-1,69,-1,55
1,<environment.Job instance at 0x7f10620e6050>,34,15,[12  1],35,-1,70,-1,55
1,<environment.Job instance at 0x7f10620e6190>,35,13,[ 2 12],36,-1,68,-1,55
1,<environment.Job instance at 0x7f10620e6820>,36,12,[14  2],37,-1,67,-1,55
1,<environment.Job instance at 0x7f10625810f0>,37,28,[7 1],38,-1,87,-1,59
1,<environment.Job instance at 0x7f1062581fa0>,38,18,[ 3 13],39,-1,77,-1,59
1,<environment.Job instance at 0x7f1062581050>,40,17,[13  4],41,-1,76,-1,59
1,<environment.Job instance at 0x7f1062581550>,41,27,[6 2],42,-1,86,-1,59
1,<environment.Job instance at 0x7f1062581730>,44,16,[ 2 11],45,-1,84,-1,68
1,<environment.Job instance at 0x7f1062581a00>,45,27,[ 5 12],46,-1,95,-1,68
1,<environment.Job instance at 0x7f10625811e0>,46,17,[ 4 13],47,-1,85,-1,68
1,<environment.Job instance at 0x7f10625812d0>,47,28,[9 4],48,-1,102,-1,74
1,<environment.Job instance at 0x7f1062581780>,48,25,[ 1 12],49,-1,99,-1,74
1,<environment.Job instance at 0x7f10625816e0>,49,28,[2 9],50,-1,102,-1,74
1,<environment.Job instance at 0x7f10628f44b0>,51,14,[14  3],52,-1,88,-1,74
1,<environment.Job instance at 0x7f10611e50a0>,52,15,[ 3 11],53,-1,89,-1,74
1,<environment.Job instance at 0x7f10624ba870>,53,20,[ 4 12],54,-1,94,-1,74
1,<environment.Job instance at 0x7f10628f45a0>,54,28,[ 5 14],55,-1,102,-1,74
1,<environment.Job instance at 0x7f10628f4960>,55,17,[ 3 14],56,-1,91,-1,74
1,<environment.Job instance at 0x7f35f6850b40>,4,24,[ 3 11],5,-1,37,-1,13
1,<environment.Job instance at 0x7f35f68541e0>,12,22,[4 6],13,-1,35,-1,13
1,<environment.Job instance at 0x7f35f6854140>,13,27,[3 8],14,-1,42,-1,15
1,<environment.Job instance at 0x7f35f685c6e0>,0,24,[2 8],1,-1,25,-1,1
1,<environment.Job instance at 0x7f35f685c8c0>,2,26,[10  1],3,-1,29,-1,3
1,<environment.Job instance at 0x7f35f685caa0>,3,15,[13  4],4,-1,19,-1,4
1,<environment.Job instance at 0x7f35f685c9b0>,4,24,[ 3 11],5,-1,29,-1,5
1,<environment.Job instance at 0x7f35f685cb90>,6,19,[ 1 13],7,-1,26,-1,7
1,<environment.Job instance at 0x7f35f6850960>,8,24,[ 2 12],9,-1,33,-1,9
1,<environment.Job instance at 0x7f35f685cf50>,10,14,[ 1 14],11,-1,25,-1,11
1,<environment.Job instance at 0x7f35f685ceb0>,13,27,[3 8],14,-1,41,-1,14
1,<environment.Job instance at 0x7f35f68610a0>,14,14,[14  3],15,-1,29,-1,15
1,<environment.Job instance at 0x7f35f6861280>,15,24,[ 2 13],16,-1,40,-1,16
1,<environment.Job instance at 0x7f35f6861320>,16,19,[ 3 12],17,-1,36,-1,17
1,<environment.Job instance at 0x7f35f68610f0>,17,18,[ 5 13],18,-1,36,-1,18
1,<environment.Job instance at 0x7f35f68615f0>,19,21,[14  4],20,-1,41,-1,20
1,<environment.Job instance at 0x7f35f6861550>,21,22,[14  2],22,-1,46,-1,24
1,<environment.Job instance at 0x7f35f68614b0>,22,25,[ 4 12],23,-1,49,-1,24
1,<environment.Job instance at 0x7f35f68619b0>,24,20,[ 3 12],25,-1,49,-1,29
1,<environment.Job instance at 0x7f35f6861910>,25,16,[11  3],26,-1,45,-1,29
1,<environment.Job instance at 0x7f35f6861730>,27,25,[14  4],28,-1,54,-1,29
1,<environment.Job instance at 0x7f35f6861d70>,29,24,[5 1],30,-1,65,-1,41
1,<environment.Job instance at 0x7f35f6861d20>,32,14,[14  3],33,-1,65,-1,51
1,<environment.Job instance at 0x7f35f6861f00>,35,23,[11  2],36,-1,79,-1,56
1,<environment.Job instance at 0x7f35f6861e60>,36,27,[10  1],37,-1,83,-1,56
1,<environment.Job instance at 0x7f35f6862140>,38,16,[ 1 13],39,-1,72,-1,56
1,<environment.Job instance at 0x7f35f684b460>,41,26,[13  2],42,-1,90,-1,64
1,<environment.Job instance at 0x7f35f69d9af0>,42,18,[ 1 13],43,-1,82,-1,64
1,<environment.Job instance at 0x7f35f6987730>,45,28,[12  4],46,-1,106,-1,78
1,<environment.Job instance at 0x7f35f6974230>,46,17,[ 5 12],47,-1,95,-1,78
1,<environment.Job instance at 0x7f35f6848b90>,48,25,[11  4],49,-1,103,-1,78
1,<environment.Job instance at 0x7f35f6912370>,0,22,[5 5],1,-1,23,-1,1
1,<environment.Job instance at 0x7f35f5f9b4b0>,10,22,[ 2 14],11,-1,49,-1,27
1,<environment.Job instance at 0x7f35f5f9b9b0>,11,18,[13  3],12,-1,45,-1,27
1,<environment.Job instance at 0x7f35f5f90e10>,14,19,[11  3],15,-1,49,-1,30
1,<environment.Job instance at 0x7f35f5f90050>,15,19,[11  4],16,-1,50,-1,31
1,<environment.Job instance at 0x7f35f5f9b230>,8,20,[10  4],9,-1,51,-1,31
1,<environment.Job instance at 0x7f35f5f9bd70>,13,22,[ 4 11],14,-1,53,-1,31
1,<environment.Job instance at 0x7f35f5f905f0>,18,17,[11  4],19,-1,48,-1,31
1,<environment.Job instance at 0x7f35f5f904b0>,19,22,[ 1 14],20,-1,53,-1,31
1,<environment.Job instance at 0x7f35f5f905a0>,16,27,[ 3 13],17,-1,58,-1,31
1,<environment.Job instance at 0x7f35f5f9be10>,12,12,[10  1],13,-1,43,-1,31
1,<environment.Job instance at 0x7f35f5f950a0>,21,25,[7 4],22,-1,59,-1,34
1,<environment.Job instance at 0x7f35f5f95c30>,24,20,[5 7],25,-1,54,-1,34
1,<environment.Job instance at 0x7f35f5f9bf50>,3,25,[7 2],4,-1,81,-1,56
1,<environment.Job instance at 0x7f35f6120d20>,29,14,[9 1],30,-1,70,-1,56
1,<environment.Job instance at 0x7f35f5f95e10>,23,21,[ 1 13],24,-1,78,-1,57
1,<environment.Job instance at 0x7f35f5f9b5f0>,5,24,[ 2 11],6,-1,84,-1,60
1,<environment.Job instance at 0x7f35f5f95f50>,22,20,[ 5 13],23,-1,81,-1,61
1,<environment.Job instance at 0x7f35f60d0aa0>,32,21,[ 2 13],33,-1,83,-1,62
1,<environment.Job instance at 0x7f35f624db90>,33,16,[1 8],34,-1,78,-1,62
1,<environment.Job instance at 0x7f35f61c5870>,34,24,[5 6],35,-1,86,-1,62
1,<environment.Job instance at 0x7f35f61c5c80>,35,18,[11  5],36,-1,80,-1,62
1,<environment.Job instance at 0x7f35f60fbd20>,36,14,[14  1],37,-1,78,-1,64
1,<environment.Job instance at 0x7f35f60fb190>,38,19,[1 9],39,-1,83,-1,64
1,<environment.Job instance at 0x7f35f5f95820>,25,18,[ 3 13],26,-1,82,-1,64
1,<environment.Job instance at 0x7f35f60fb9b0>,39,19,[4 7],40,-1,83,-1,64
1,<environment.Job instance at 0x7f35f60fb910>,40,21,[4 6],41,-1,85,-1,64
1,<environment.Job instance at 0x7f35f60fb4b0>,42,27,[5 4],43,-1,91,-1,64
1,<environment.Job instance at 0x7f35f613c5f0>,45,16,[5 2],46,-1,80,-1,64
1,<environment.Job instance at 0x7f35f60edf00>,49,28,[3 6],50,-1,110,-1,82
1,<environment.Job instance at 0x7f35f60edaf0>,51,17,[ 2 11],52,-1,99,-1,82
1,<environment.Job instance at 0x7f35f60edd20>,52,18,[10  5],53,-1,102,-1,84
1,<environment.Job instance at 0x7f35f6861a50>,1,14,[12  2],2,-1,16,-1,2
1,<environment.Job instance at 0x7f35f6861960>,2,25,[ 2 14],3,-1,28,-1,3
1,<environment.Job instance at 0x7f35f6861730>,3,25,[7 2],4,-1,29,-1,4
1,<environment.Job instance at 0x7f35f6861780>,4,16,[ 5 14],5,-1,21,-1,5
1,<environment.Job instance at 0x7f35f68616e0>,5,24,[ 2 11],6,-1,30,-1,6
1,<environment.Job instance at 0x7f35f6861640>,6,12,[ 4 14],7,-1,19,-1,7
1,<environment.Job instance at 0x7f35f68613c0>,7,27,[5 8],8,-1,35,-1,8
1,<environment.Job instance at 0x7f35f68610a0>,10,22,[ 2 14],11,-1,33,-1,11
1,<environment.Job instance at 0x7f35f6861140>,11,18,[13  3],12,-1,30,-1,12
1,<environment.Job instance at 0x7f35f6861190>,13,22,[ 4 11],14,-1,36,-1,14
1,<environment.Job instance at 0x7f35ffee00f0>,14,19,[11  3],15,-1,34,-1,15
1,<environment.Job instance at 0x7f35f60400a0>,15,19,[11  4],16,-1,35,-1,16
1,<environment.Job instance at 0x7f35f617af50>,16,27,[ 3 13],17,-1,44,-1,17
1,<environment.Job instance at 0x7f35f6053eb0>,18,17,[11  4],19,-1,36,-1,19
1,<environment.Job instance at 0x7f35f6071cd0>,19,22,[ 1 14],20,-1,42,-1,20
1,<environment.Job instance at 0x7f35f6071b90>,22,20,[ 5 13],23,-1,43,-1,23
1,<environment.Job instance at 0x7f35f6071fa0>,23,21,[ 1 13],24,-1,45,-1,24
1,<environment.Job instance at 0x7f35f6072be0>,25,18,[ 3 13],26,-1,47,-1,29
1,<environment.Job instance at 0x7f35f61a2820>,26,26,[ 4 14],27,-1,55,-1,29
1,<environment.Job instance at 0x7f35f6072780>,28,12,[12  1],29,-1,41,-1,29
1,<environment.Job instance at 0x7f35f60532d0>,21,25,[7 4],22,-1,54,-1,29
1,<environment.Job instance at 0x7f35f6079780>,31,18,[ 3 12],32,-1,59,-1,41
1,<environment.Job instance at 0x7f35f6079730>,32,21,[ 2 13],33,-1,62,-1,41
1,<environment.Job instance at 0x7f35f60026e0>,34,24,[5 6],35,-1,74,-1,50
1,<environment.Job instance at 0x7f35f60025f0>,35,18,[11  5],36,-1,68,-1,50
1,<environment.Job instance at 0x7f35f6005460>,36,14,[14  1],37,-1,64,-1,50
1,<environment.Job instance at 0x7f35f6005500>,37,22,[12  1],38,-1,72,-1,50
1,<environment.Job instance at 0x7f35f600a370>,41,27,[4 8],42,-1,94,-1,67
1,<environment.Job instance at 0x7f35f600af50>,42,27,[5 4],43,-1,94,-1,67
1,<environment.Job instance at 0x7f35f60754b0>,43,18,[13  4],44,-1,85,-1,67
1,<environment.Job instance at 0x7f35f60755a0>,46,14,[ 3 14],47,-1,81,-1,67
1,<environment.Job instance at 0x7f35f6075c30>,47,21,[ 3 12],48,-1,88,-1,67
1,<environment.Job instance at 0x7f35f60752d0>,48,26,[ 1 11],49,-1,93,-1,67
1,<environment.Job instance at 0x7f35f6011730>,49,28,[3 6],50,-1,95,-1,67
1,<environment.Job instance at 0x7f35f6011910>,50,21,[ 3 12],51,-1,88,-1,67
1,<environment.Job instance at 0x7f35f6011960>,51,17,[ 2 11],52,-1,84,-1,67
1,<environment.Job instance at 0x7f35f6014460>,53,14,[11  1],54,-1,81,-1,67
1,<environment.Job instance at 0x7f35f60142d0>,54,26,[ 3 12],55,-1,93,-1,67
1,<environment.Job instance at 0x7f35f60181e0>,55,24,[4 7],56,-1,91,-1,67
1,<environment.Job instance at 0x7f35f60143c0>,56,16,[14  1],57,-1,83,-1,67
1,<environment.Job instance at 0x7f35f6018d70>,57,25,[5 4],58,-1,92,-1,67
1,<environment.Job instance at 0x7f35f6018690>,59,28,[7 1],60,-1,97,-1,69
1,<environment.Job instance at 0x7f35f6018c30>,58,28,[7 2],59,-1,97,-1,69
1,<environment.Job instance at 0x7f35f6024910>,62,24,[12  2],63,-1,93,-1,69
1,<environment.Job instance at 0x7f35f600df00>,63,26,[ 3 11],64,-1,95,-1,69
1,<environment.Job instance at 0x7f35f600de60>,64,25,[ 5 11],65,-1,94,-1,69
1,<environment.Job instance at 0x7f35f600d050>,66,16,[ 1 11],67,-1,85,-1,69
1,<environment.Job instance at 0x7f35f600df50>,68,25,[4 6],69,-1,109,-1,84
1,<environment.Job instance at 0x7f35f6089640>,69,26,[4 9],70,-1,110,-1,84
1,<environment.Job instance at 0x7f35f601b550>,71,12,[12  4],72,-1,96,-1,84
1,<environment.Job instance at 0x7f35f604af50>,72,21,[12  4],73,-1,105,-1,84
1,<environment.Job instance at 0x7f35f604a9b0>,73,14,[12  3],74,-1,98,-1,84
1,<environment.Job instance at 0x7f35f601b2d0>,74,28,[ 3 13],75,-1,112,-1,84
1,<environment.Job instance at 0x7f35f60855a0>,75,22,[ 3 12],76,-1,106,-1,84
1,<environment.Job instance at 0x7f35f6021460>,76,23,[11  2],77,-1,107,-1,84
1,<environment.Job instance at 0x7f35f5dfe370>,1,13,[ 4 10],2,-1,16,-1,3
1,<environment.Job instance at 0x7f35f5ee2690>,6,24,[8 2],7,-1,31,-1,7
1,<environment.Job instance at 0x7f35f5ee2550>,7,22,[1 7],8,-1,30,-1,8
1,<environment.Job instance at 0x7f35f5ee2c30>,16,14,[14  4],17,-1,36,-1,22
1,<environment.Job instance at 0x7f35f5ee2910>,18,17,[10  5],19,-1,43,-1,26
1,<environment.Job instance at 0x7f35f5ee2f50>,19,16,[ 3 12],20,-1,42,-1,26
1,<environment.Job instance at 0x7f35f5ee2320>,20,23,[5 8],21,-1,49,-1,26
1,<environment.Job instance at 0x7f35f5ee28c0>,21,21,[ 4 11],22,-1,47,-1,26
1,<environment.Job instance at 0x7f35f5ee2730>,8,28,[ 4 13],9,-1,54,-1,26
1,<environment.Job instance at 0x7f35f5ee21e0>,22,20,[ 3 12],23,-1,49,-1,29
1,<environment.Job instance at 0x7f35f5ee2e10>,17,25,[5 4],18,-1,55,-1,30
1,<environment.Job instance at 0x7f35f5ee27d0>,23,23,[10  3],24,-1,53,-1,30
1,<environment.Job instance at 0x7f35f5ee29b0>,10,12,[11  1],11,-1,42,-1,30
1,<environment.Job instance at 0x7f360000d0a0>,24,28,[3 8],25,-1,60,-1,32
1,<environment.Job instance at 0x7f360000d4b0>,27,27,[5 3],28,-1,60,-1,33
1,<environment.Job instance at 0x7f360000d320>,29,17,[ 5 11],30,-1,50,-1,33
1,<environment.Job instance at 0x7f360000d0f0>,28,17,[10  2],29,-1,50,-1,33
1,<environment.Job instance at 0x7f360000de60>,25,24,[12  1],26,-1,57,-1,33
1,<environment.Job instance at 0x7f360000d3c0>,31,27,[14  2],32,-1,60,-1,33
1,<environment.Job instance at 0x7f35ffec2eb0>,32,25,[13  2],33,-1,58,-1,33
1,<environment.Job instance at 0x7f35ffec2d20>,35,18,[ 5 11],36,-1,55,-1,37
1,<environment.Job instance at 0x7f35ffec2d70>,37,12,[11  1],38,-1,58,-1,46
1,<environment.Job instance at 0x7f35ffec27d0>,39,17,[2 8],40,-1,63,-1,46
1,<environment.Job instance at 0x7f35ffec2910>,40,12,[5 9],41,-1,58,-1,46
1,<environment.Job instance at 0x7f35ffec2f50>,41,14,[2 9],42,-1,60,-1,46
1,<environment.Job instance at 0x7f35ffec22d0>,36,17,[10  4],37,-1,63,-1,46
1,<environment.Job instance at 0x7f35ffec24b0>,42,20,[5 7],43,-1,66,-1,46
1,<environment.Job instance at 0x7f35ffec2c80>,44,28,[4 8],45,-1,74,-1,46
1,<environment.Job instance at 0x7f35ffec2050>,45,23,[14  3],46,-1,84,-1,61
1,<environment.Job instance at 0x7f35ffec2500>,46,23,[3 8],47,-1,84,-1,61
1,<environment.Job instance at 0x7f360000d190>,0,27,[13  4],1,-1,28,-1,1
1,<environment.Job instance at 0x7f35ffec2820>,3,23,[ 2 14],4,-1,27,-1,4
1,<environment.Job instance at 0x7f35f5dfea00>,4,12,[ 2 11],5,-1,17,-1,5
1,<environment.Job instance at 0x7f35f5e80640>,8,28,[ 4 13],9,-1,37,-1,9
1,<environment.Job instance at 0x7f35f5e80f00>,10,12,[11  1],11,-1,23,-1,11
1,<environment.Job instance at 0x7f35f5e80820>,11,12,[ 5 11],12,-1,24,-1,12
1,<environment.Job instance at 0x7f35f5e80fa0>,12,15,[ 3 11],13,-1,28,-1,13
1,<environment.Job instance at 0x7f35f5e80b90>,6,24,[8 2],7,-1,39,-1,15
1,<environment.Job instance at 0x7f35f5e80a50>,14,24,[ 1 11],15,-1,39,-1,15
1,<environment.Job instance at 0x7f35f5e805a0>,9,26,[3 6],10,-1,41,-1,15
1,<environment.Job instance at 0x7f35f5e803c0>,13,24,[ 1 10],14,-1,39,-1,15
1,<environment.Job instance at 0x7f35f5e80e10>,16,14,[14  4],17,-1,31,-1,17
1,<environment.Job instance at 0x7f35f5e85b90>,19,16,[ 3 12],20,-1,36,-1,20
1,<environment.Job instance at 0x7f35f5e85f50>,21,21,[ 4 11],22,-1,43,-1,22
1,<environment.Job instance at 0x7f35f5e85b40>,22,20,[ 3 12],23,-1,43,-1,23
1,<environment.Job instance at 0x7f35f5e805f0>,15,25,[8 2],16,-1,54,-1,29
1,<environment.Job instance at 0x7f35f5e857d0>,24,28,[3 8],25,-1,57,-1,29
1,<environment.Job instance at 0x7f35f5e85a00>,25,24,[12  1],26,-1,53,-1,29
1,<environment.Job instance at 0x7f35f5e85960>,26,14,[11  2],27,-1,43,-1,29
1,<environment.Job instance at 0x7f35f5e45c30>,27,27,[5 3],28,-1,56,-1,29
1,<environment.Job instance at 0x7f35f5e85500>,17,25,[5 4],18,-1,54,-1,29
1,<environment.Job instance at 0x7f35f5e85e60>,20,23,[5 8],21,-1,52,-1,29
1,<environment.Job instance at 0x7f35f5e85aa0>,23,23,[10  3],24,-1,52,-1,29
1,<environment.Job instance at 0x7f35f5e45820>,29,17,[ 5 11],30,-1,47,-1,30
1,<environment.Job instance at 0x7f35f5e459b0>,30,13,[11  1],31,-1,44,-1,31
1,<environment.Job instance at 0x7f35f5e45a50>,31,27,[14  2],32,-1,59,-1,32
1,<environment.Job instance at 0x7f35f5e45af0>,32,25,[13  2],33,-1,58,-1,33
1,<environment.Job instance at 0x7f35f5e45d20>,33,21,[ 4 12],34,-1,55,-1,34
1,<environment.Job instance at 0x7f35f5e45b40>,35,18,[ 5 11],36,-1,54,-1,36
1,<environment.Job instance at 0x7f35f5e450f0>,37,12,[11  1],38,-1,50,-1,38
1,<environment.Job instance at 0x7f35f5e45e10>,38,13,[ 5 13],39,-1,52,-1,39
1,<environment.Job instance at 0x7f35f5e433c0>,45,23,[14  3],46,-1,86,-1,63
1,<environment.Job instance at 0x7f35f5e43fa0>,46,23,[3 8],47,-1,89,-1,66
1,<environment.Job instance at 0x7f35f5e43dc0>,44,28,[4 8],45,-1,94,-1,66
1,<environment.Job instance at 0x7f35f5e43f00>,48,28,[11  1],49,-1,94,-1,66
1,<environment.Job instance at 0x7f35f5e43050>,49,17,[ 3 11],50,-1,83,-1,66
1,<environment.Job instance at 0x7f35f5e43550>,51,27,[7 2],52,-1,107,-1,80
1,<environment.Job instance at 0x7f35f5e43320>,52,16,[14  3],53,-1,96,-1,80
1,<environment.Job instance at 0x7f35f5e40370>,53,12,[11  4],54,-1,92,-1,80
1,<environment.Job instance at 0x7f35f5e40820>,54,15,[14  3],55,-1,95,-1,80
1,<environment.Job instance at 0x7f35f5e404b0>,55,28,[6 4],56,-1,108,-1,80
1,<environment.Job instance at 0x7f35f5e40af0>,56,13,[ 5 13],57,-1,93,-1,80
1,<environment.Job instance at 0x7f35f5e40640>,60,24,[11  3],61,-1,104,-1,80
1,<environment.Job instance at 0x7f35f5e40460>,61,22,[ 5 14],62,-1,102,-1,80
1,<environment.Job instance at 0x7f35f5e40f50>,62,24,[14  3],63,-1,104,-1,80
1,<environment.Job instance at 0x7f35f5e402d0>,64,28,[6 3],65,-1,108,-1,80
1,<environment.Job instance at 0x7f35f5e40230>,65,15,[11  2],66,-1,95,-1,80
1,<environment.Job instance at 0x7f35f5e40d70>,66,24,[ 5 14],67,-1,104,-1,80
1,<environment.Job instance at 0x7f35f5e40910>,67,28,[11  1],68,-1,108,-1,80
1,<environment.Job instance at 0x7f35f5ebba00>,68,15,[ 5 11],69,-1,95,-1,80
1,<environment.Job instance at 0x7f35f5ebba50>,71,16,[ 2 13],72,-1,96,-1,80
1,<environment.Job instance at 0x7f35f6346e60>,4,23,[8 5],5,-1,28,-1,5
1,<environment.Job instance at 0x7f35f6346b90>,5,20,[5 5],6,-1,26,-1,6
1,<environment.Job instance at 0x7f35f6346640>,6,18,[4 9],7,-1,25,-1,7
1,<environment.Job instance at 0x7f35f63468c0>,7,20,[3 7],8,-1,28,-1,8
1,<environment.Job instance at 0x7f35f5ebb960>,0,27,[13  4],1,-1,28,-1,1
1,<environment.Job instance at 0x7f35f5ebb2d0>,8,27,[ 3 13],9,-1,36,-1,9
1,<environment.Job instance at 0x7f35f635f3c0>,9,20,[14  3],10,-1,30,-1,10
1,<environment.Job instance at 0x7f35f635fcd0>,10,22,[12  1],11,-1,33,-1,11
1,<environment.Job instance at 0x7f35f635ff00>,11,12,[ 2 14],12,-1,24,-1,12
1,<environment.Job instance at 0x7f35f62534b0>,12,13,[14  5],13,-1,26,-1,13
1,<environment.Job instance at 0x7f35f62533c0>,15,16,[12  2],16,-1,33,-1,17
1,<environment.Job instance at 0x7f35f6253910>,16,28,[14  3],17,-1,45,-1,17
1,<environment.Job instance at 0x7f35f6253780>,17,24,[ 4 11],18,-1,42,-1,18
1,<environment.Job instance at 0x7f35f62671e0>,18,25,[11  1],19,-1,44,-1,19
1,<environment.Job instance at 0x7f35f6253d20>,20,26,[5 5],21,-1,50,-1,24
1,<environment.Job instance at 0x7f35f5ebbe60>,4,23,[8 5],5,-1,48,-1,25
1,<environment.Job instance at 0x7f35f635fd70>,14,28,[10  1],15,-1,53,-1,25
1,<environment.Job instance at 0x7f35f6267dc0>,24,25,[11  5],25,-1,50,-1,25
1,<environment.Job instance at 0x7f35f62672d0>,25,25,[5 3],26,-1,60,-1,35
1,<environment.Job instance at 0x7f35f6267e10>,27,26,[7 1],28,-1,61,-1,35
1,<environment.Job instance at 0x7f35f6267730>,28,18,[12  1],29,-1,53,-1,35
1,<environment.Job instance at 0x7f35f62675f0>,29,15,[ 1 13],30,-1,50,-1,35
1,<environment.Job instance at 0x7f35f6267410>,30,23,[11  3],31,-1,58,-1,35
1,<environment.Job instance at 0x7f35f6267a00>,23,24,[2 7],24,-1,59,-1,35
1,<environment.Job instance at 0x7f35f6267550>,32,20,[14  4],33,-1,55,-1,35
1,<environment.Job instance at 0x7f35f6253a00>,13,28,[5 7],14,-1,63,-1,35
1,<environment.Job instance at 0x7f35f6267870>,34,16,[ 2 11],35,-1,51,-1,35
1,<environment.Job instance at 0x7f35f6267a50>,35,24,[8 2],36,-1,65,-1,41
1,<environment.Job instance at 0x7f360000a730>,39,16,[ 4 13],40,-1,57,-1,41
1,<environment.Job instance at 0x7f360000aa50>,41,25,[10  5],42,-1,80,-1,55
1,<environment.Job instance at 0x7f360000ab90>,42,25,[11  1],43,-1,80,-1,55
1,<environment.Job instance at 0x7f360000a140>,43,26,[4 8],44,-1,81,-1,55
1,<environment.Job instance at 0x7f360000ad20>,44,17,[12  2],45,-1,72,-1,55
1,<environment.Job instance at 0x7f360000a4b0>,45,19,[11  2],46,-1,74,-1,55
1,<environment.Job instance at 0x7f360000ac30>,46,12,[14  5],47,-1,67,-1,55
1,<environment.Job instance at 0x7f360000a820>,47,24,[ 1 11],48,-1,79,-1,55
1,<environment.Job instance at 0x7f35ffec2e10>,48,18,[ 4 12],49,-1,73,-1,55
1,<environment.Job instance at 0x7f360000a910>,40,26,[4 7],41,-1,81,-1,55
1,<environment.Job instance at 0x7f35ffec26e0>,52,22,[ 3 14],53,-1,77,-1,55
1,<environment.Job instance at 0x7f35ffec2fa0>,53,28,[14  4],54,-1,83,-1,55
1,<environment.Job instance at 0x7f35f5e7c140>,55,25,[ 3 13],56,-1,81,-1,56
1,<environment.Job instance at 0x7f35f5e7ce60>,57,24,[ 2 13],58,-1,94,-1,70
1,<environment.Job instance at 0x7f35f5e7c050>,58,21,[ 2 14],59,-1,91,-1,70
1,<environment.Job instance at 0x7f35f5e7c640>,59,16,[ 5 13],60,-1,86,-1,70
1,<environment.Job instance at 0x7f35f5e7c230>,60,28,[1 7],61,-1,98,-1,70
1,<environment.Job instance at 0x7f35f5e7c910>,64,24,[12  1],65,-1,113,-1,89
1,<environment.Job instance at 0x7f35f5f95780>,0,17,[5 4],1,-1,18,-1,1
1,<environment.Job instance at 0x7f35f6cd5cd0>,5,24,[ 4 10],6,-1,30,-1,6
1,<environment.Job instance at 0x7f35f6cd5b40>,6,18,[8 1],7,-1,25,-1,7
1,<environment.Job instance at 0x7f35f62a9690>,8,13,[1 7],9,-1,22,-1,9
1,<environment.Job instance at 0x7f35f5ebbeb0>,3,14,[4 9],4,-1,23,-1,9
1,<environment.Job instance at 0x7f35f6cd5aa0>,11,18,[ 5 12],12,-1,30,-1,12
1,<environment.Job instance at 0x7f35f5f3eaa0>,1,27,[12  2],2,-1,29,-1,2
1,<environment.Job instance at 0x7f35f5f3eb40>,2,26,[13  4],3,-1,29,-1,3
1,<environment.Job instance at 0x7f35f5f3e550>,5,24,[ 4 10],6,-1,42,-1,18
1,<environment.Job instance at 0x7f35f5f3e7d0>,9,20,[11  1],10,-1,38,-1,18
1,<environment.Job instance at 0x7f35f5f3efa0>,10,12,[ 1 14],11,-1,30,-1,18
1,<environment.Job instance at 0x7f35f5f3e8c0>,11,18,[ 5 12],12,-1,36,-1,18
1,<environment.Job instance at 0x7f35f5f3e140>,13,24,[6 1],14,-1,42,-1,18
1,<environment.Job instance at 0x7f3600003e10>,15,21,[12  1],16,-1,39,-1,18
1,<environment.Job instance at 0x7f3600003140>,16,16,[ 4 11],17,-1,34,-1,18
1,<environment.Job instance at 0x7f3600003af0>,17,26,[7 4],18,-1,44,-1,18
1,<environment.Job instance at 0x7f35f5e7c230>,19,27,[11  5],20,-1,47,-1,20
1,<environment.Job instance at 0x7f35f5e7c640>,21,25,[9 2],22,-1,56,-1,31
1,<environment.Job instance at 0x7f35f5e7c5f0>,22,18,[ 4 14],23,-1,49,-1,31
1,<environment.Job instance at 0x7f35f5e7c050>,24,21,[14  5],25,-1,52,-1,31
1,<environment.Job instance at 0x7f35f5e7c460>,26,27,[3 8],27,-1,70,-1,43
1,<environment.Job instance at 0x7f35f5e7c2d0>,27,20,[ 3 13],28,-1,63,-1,43
1,<environment.Job instance at 0x7f35f5e7c550>,28,15,[ 2 12],29,-1,58,-1,43
1,<environment.Job instance at 0x7f35ffec23c0>,29,24,[ 3 14],30,-1,67,-1,43
1,<environment.Job instance at 0x7f35ffec2f00>,30,17,[ 2 14],31,-1,60,-1,43
1,<environment.Job instance at 0x7f360000ac30>,35,22,[ 1 14],36,-1,77,-1,55
1,<environment.Job instance at 0x7f360000a550>,37,28,[3 6],38,-1,85,-1,57
1,<environment.Job instance at 0x7f360000a140>,38,18,[ 1 12],39,-1,75,-1,57
1,<environment.Job instance at 0x7f360000ab90>,39,13,[14  4],40,-1,70,-1,57
1,<environment.Job instance at 0x7f360000a910>,41,16,[ 1 11],42,-1,73,-1,57
1,<environment.Job instance at 0x7f360000a730>,42,26,[12  3],43,-1,83,-1,57
1,<environment.Job instance at 0x7f360000ae10>,44,17,[ 4 13],45,-1,84,-1,67
1,<environment.Job instance at 0x7f35f6267a50>,46,28,[1 9],47,-1,112,-1,84
1,<environment.Job instance at 0x7f35f69ab5a0>,1,16,[1 8],2,-1,19,-1,3
1,<environment.Job instance at 0x7f35f69ab460>,5,14,[5 8],6,-1,20,-1,6
1,<environment.Job instance at 0x7f35f69ab910>,6,28,[5 2],7,-1,35,-1,7
1,<environment.Job instance at 0x7f35f69abb90>,8,26,[8 3],9,-1,35,-1,9
1,<environment.Job instance at 0x7f35f69ab870>,9,19,[6 4],10,-1,29,-1,10
1,<environment.Job instance at 0x7f35f69ab410>,10,22,[5 6],11,-1,33,-1,11
1,<environment.Job instance at 0x7f35f6cd5a50>,0,12,[ 2 12],1,-1,13,-1,1
1,<environment.Job instance at 0x7f35f6253f00>,2,27,[ 2 11],3,-1,30,-1,3
1,<environment.Job instance at 0x7f35f6253eb0>,3,27,[ 3 14],4,-1,31,-1,4
1,<environment.Job instance at 0x7f35f620e460>,6,28,[5 2],7,-1,35,-1,7
1,<environment.Job instance at 0x7f35f6267780>,7,28,[13  5],8,-1,36,-1,8
1,<environment.Job instance at 0x7f35f62678c0>,11,14,[ 3 11],12,-1,26,-1,12
1,<environment.Job instance at 0x7f35f62674b0>,12,27,[ 3 14],13,-1,40,-1,13
1,<environment.Job instance at 0x7f35f6267e10>,13,15,[14  1],14,-1,29,-1,14
1,<environment.Job instance at 0x7f35f6267730>,14,27,[ 5 11],15,-1,42,-1,15
1,<environment.Job instance at 0x7f35f6267320>,8,26,[8 3],9,-1,43,-1,17
1,<environment.Job instance at 0x7f35f6267190>,16,25,[ 1 13],17,-1,42,-1,17
1,<environment.Job instance at 0x7f35f6267870>,17,26,[10  3],18,-1,44,-1,18
1,<environment.Job instance at 0x7f35f62670f0>,20,21,[13  1],21,-1,42,-1,21
1,<environment.Job instance at 0x7f35f62677d0>,21,18,[ 2 12],22,-1,40,-1,22
1,<environment.Job instance at 0x7f35f6267f50>,22,14,[ 2 11],23,-1,37,-1,23
1,<environment.Job instance at 0x7f35f6267b40>,24,12,[ 4 13],25,-1,43,-1,31
1,<environment.Job instance at 0x7f35f62bda50>,26,14,[ 3 12],27,-1,46,-1,32
1,<environment.Job instance at 0x7f35f7376870>,27,23,[13  3],28,-1,55,-1,32
1,<environment.Job instance at 0x7f35f7376be0>,28,16,[13  5],29,-1,48,-1,32
1,<environment.Job instance at 0x7f35f62b1500>,32,23,[9 3],33,-1,70,-1,47
1,<environment.Job instance at 0x7f35f62b1f00>,33,24,[ 4 11],34,-1,71,-1,47
1,<environment.Job instance at 0x7f35f62b15a0>,34,14,[13  1],35,-1,61,-1,47
1,<environment.Job instance at 0x7f35f62b1550>,35,14,[11  1],36,-1,61,-1,47
1,<environment.Job instance at 0x7f35f62b1960>,36,12,[12  5],37,-1,59,-1,47
1,<environment.Job instance at 0x7f35f62b1820>,31,23,[8 4],32,-1,70,-1,47
1,<environment.Job instance at 0x7f35f62b14b0>,38,14,[ 1 13],39,-1,61,-1,47
1,<environment.Job instance at 0x7f35f629e410>,41,28,[ 4 14],42,-1,85,-1,57
1,<environment.Job instance at 0x7f35f629ef00>,43,27,[11  1],44,-1,86,-1,59
1,<environment.Job instance at 0x7f35f62b12d0>,40,27,[ 4 10],41,-1,98,-1,71
1,<environment.Job instance at 0x7f35f629e870>,46,28,[4 9],47,-1,103,-1,75
1,<environment.Job instance at 0x7f35f629e8c0>,47,28,[7 5],48,-1,103,-1,75
1,<environment.Job instance at 0x7f35f629e550>,48,18,[14  2],49,-1,93,-1,75
1,<environment.Job instance at 0x7f35f629e5a0>,49,18,[12  2],50,-1,93,-1,75
1,<environment.Job instance at 0x7f35f629ea50>,52,19,[ 2 14],53,-1,104,-1,85
1,<environment.Job instance at 0x7f35f62b2730>,54,24,[14  2],55,-1,109,-1,85
1,<environment.Job instance at 0x7f35f69bf8c0>,1,22,[4 9],2,-1,24,-1,2
1,<environment.Job instance at 0x7f35f6f262d0>,9,15,[2 6],10,-1,25,-1,10
1,<environment.Job instance at 0x7f35f6445f00>,0,15,[ 5 14],1,-1,16,-1,1
1,<environment.Job instance at 0x7f35f6297320>,2,19,[ 5 13],3,-1,22,-1,3
1,<environment.Job instance at 0x7f35f6297b90>,6,12,[13  4],7,-1,19,-1,7
1,<environment.Job instance at 0x7f35f62312d0>,7,12,[14  4],8,-1,20,-1,8
1,<environment.Job instance at 0x7f35f62310f0>,8,12,[ 1 13],9,-1,21,-1,9
1,<environment.Job instance at 0x7f35f6231fa0>,11,12,[ 5 12],12,-1,24,-1,12
1,<environment.Job instance at 0x7f35f6297a50>,10,28,[9 5],11,-1,49,-1,21
1,<environment.Job instance at 0x7f35f62310a0>,13,27,[ 5 13],14,-1,48,-1,21
1,<environment.Job instance at 0x7f35f6231910>,14,28,[ 4 14],15,-1,49,-1,21
1,<environment.Job instance at 0x7f35f6231370>,12,26,[9 3],13,-1,47,-1,21
1,<environment.Job instance at 0x7f35f6231550>,16,13,[12  1],17,-1,34,-1,21
1,<environment.Job instance at 0x7f35f6231780>,18,24,[3 9],19,-1,48,-1,24
1,<environment.Job instance at 0x7f35f62b29b0>,21,14,[ 4 13],22,-1,38,-1,24
1,<environment.Job instance at 0x7f35f62b2140>,22,12,[14  3],23,-1,36,-1,24
1,<environment.Job instance at 0x7f35f62b25f0>,23,18,[ 5 11],24,-1,42,-1,24
1,<environment.Job instance at 0x7f35f62b2af0>,24,21,[ 1 12],25,-1,46,-1,25
1,<environment.Job instance at 0x7f35f62b2b90>,26,18,[ 1 12],27,-1,45,-1,27
1,<environment.Job instance at 0x7f35f62b2280>,25,25,[4 9],26,-1,62,-1,37
1,<environment.Job instance at 0x7f35f62b2fa0>,29,28,[ 3 10],30,-1,65,-1,37
1,<environment.Job instance at 0x7f35f629ea50>,31,28,[11  4],32,-1,65,-1,37
1,<environment.Job instance at 0x7f35f629ebe0>,33,19,[11  2],34,-1,56,-1,37
1,<environment.Job instance at 0x7f35f629e5a0>,34,18,[12  3],35,-1,55,-1,37
1,<environment.Job instance at 0x7f35f629e550>,35,28,[5 5],36,-1,70,-1,42
1,<environment.Job instance at 0x7f35f629e8c0>,36,19,[ 1 12],37,-1,61,-1,42
1,<environment.Job instance at 0x7f35f629ee10>,38,24,[8 1],39,-1,73,-1,49
1,<environment.Job instance at 0x7f35f629e690>,37,24,[10  2],38,-1,73,-1,49
1,<environment.Job instance at 0x7f35f629e230>,41,28,[ 1 12],42,-1,77,-1,49
1,<environment.Job instance at 0x7f35f629e050>,42,15,[13  1],43,-1,64,-1,49
1,<environment.Job instance at 0x7f35f629e9b0>,43,20,[ 5 12],44,-1,69,-1,49
1,<environment.Job instance at 0x7f35f629ef00>,39,27,[ 5 10],40,-1,82,-1,55
1,<environment.Job instance at 0x7f35f62b14b0>,45,12,[ 4 13],46,-1,67,-1,55
1,<environment.Job instance at 0x7f35f62b1c30>,46,24,[5 3],47,-1,79,-1,55
1,<environment.Job instance at 0x7f35f62b1730>,49,21,[14  3],50,-1,76,-1,55
1,<environment.Job instance at 0x7f35f62b16e0>,52,20,[11  3],53,-1,81,-1,61
1,<environment.Job instance at 0x7f35f62b8e10>,55,17,[ 3 13],56,-1,92,-1,75
1,<environment.Job instance at 0x7f35f62396e0>,56,15,[13  4],57,-1,90,-1,75
1,<environment.Job instance at 0x7f35f6346190>,58,23,[3 8],59,-1,104,-1,81
1,<environment.Job instance at 0x7f35f62670a0>,60,26,[14  4],61,-1,107,-1,81
1,<environment.Job instance at 0x7f35f69abf50>,57,25,[9 1],58,-1,112,-1,87
1,<environment.Job instance at 0x7f35f62679b0>,63,18,[14  1],64,-1,105,-1,87
1,<environment.Job instance at 0x7f35f6959d70>,0,28,[3 6],1,-1,29,-1,1
1,<environment.Job instance at 0x7f35f6959500>,3,21,[10  4],4,-1,25,-1,4
1,<environment.Job instance at 0x7f35f6959640>,7,22,[ 3 10],8,-1,30,-1,8
1,<environment.Job instance at 0x7f35f6959b40>,9,19,[ 4 10],10,-1,29,-1,10
1,<environment.Job instance at 0x7f35f69593c0>,10,12,[1 5],11,-1,23,-1,11
1,<environment.Job instance at 0x7f35f69596e0>,11,24,[ 4 10],12,-1,36,-1,12
1,<environment.Job instance at 0x7f35f6f47190>,0,28,[3 6],1,-1,29,-1,1
1,<environment.Job instance at 0x7f35f6f26f00>,4,13,[12  5],5,-1,18,-1,5
1,<environment.Job instance at 0x7f35f62b1500>,12,24,[ 2 14],13,-1,52,-1,28
1,<environment.Job instance at 0x7f35f62b13c0>,13,16,[12  2],14,-1,44,-1,28
1,<environment.Job instance at 0x7f35f62b1410>,14,15,[ 5 12],15,-1,43,-1,28
1,<environment.Job instance at 0x7f35f62b1460>,15,28,[ 2 11],16,-1,56,-1,28
1,<environment.Job instance at 0x7f35f62b1c80>,16,28,[13  3],17,-1,56,-1,28
1,<environment.Job instance at 0x7f35f62b1370>,18,23,[13  5],19,-1,51,-1,28
1,<environment.Job instance at 0x7f35f629e050>,19,19,[ 3 13],20,-1,47,-1,28
1,<environment.Job instance at 0x7f35f62b16e0>,11,24,[ 4 10],12,-1,52,-1,28
1,<environment.Job instance at 0x7f35f629e910>,23,23,[6 5],24,-1,51,-1,28
1,<environment.Job instance at 0x7f35f629e7d0>,24,17,[ 2 13],25,-1,45,-1,28
1,<environment.Job instance at 0x7f35f629e500>,25,20,[ 1 11],26,-1,48,-1,28
1,<environment.Job instance at 0x7f35f629eaf0>,26,27,[4 6],27,-1,55,-1,28
1,<environment.Job instance at 0x7f35f629e320>,27,26,[8 5],28,-1,54,-1,28
1,<environment.Job instance at 0x7f35f629e4b0>,28,12,[ 3 14],29,-1,41,-1,29
1,<environment.Job instance at 0x7f35f62b2b90>,31,24,[14  4],32,-1,56,-1,32
1,<environment.Job instance at 0x7f35f62b25a0>,32,26,[12  3],33,-1,59,-1,33
1,<environment.Job instance at 0x7f35f62b2280>,33,16,[ 5 14],34,-1,50,-1,34
1,<environment.Job instance at 0x7f35f62b2500>,35,12,[ 4 13],36,-1,53,-1,41
1,<environment.Job instance at 0x7f35f62b26e0>,36,25,[13  1],37,-1,66,-1,41
1,<environment.Job instance at 0x7f35f62b2af0>,34,23,[8 4],35,-1,67,-1,44
1,<environment.Job instance at 0x7f35f62b29b0>,39,22,[14  4],40,-1,66,-1,44
1,<environment.Job instance at 0x7f35f62b2140>,40,14,[ 1 13],41,-1,58,-1,44
1,<environment.Job instance at 0x7f35f62975f0>,41,28,[ 2 10],42,-1,82,-1,54
1,<environment.Job instance at 0x7f35f62979b0>,43,16,[11  3],44,-1,70,-1,54
1,<environment.Job instance at 0x7f35f6445f50>,44,18,[ 5 12],45,-1,72,-1,54
1,<environment.Job instance at 0x7f35f62975a0>,45,24,[ 2 12],46,-1,78,-1,54
1,<environment.Job instance at 0x7f35f6297aa0>,46,24,[ 1 13],47,-1,78,-1,54
1,<environment.Job instance at 0x7f35f6a99f00>,48,23,[4 5],49,-1,80,-1,57
1,<environment.Job instance at 0x7f35f6cf4910>,49,25,[1 9],50,-1,92,-1,67
1,<environment.Job instance at 0x7f35f6959870>,53,24,[14  5],54,-1,94,-1,70
1,<environment.Job instance at 0x7f35f6385c80>,54,18,[14  1],55,-1,88,-1,70
1,<environment.Job instance at 0x7f35f63854b0>,55,14,[13  5],56,-1,84,-1,70
1,<environment.Job instance at 0x7f35f6385410>,56,21,[ 1 14],57,-1,91,-1,70
1,<environment.Job instance at 0x7f35f6072f50>,58,22,[12  2],59,-1,102,-1,80
1,<environment.Job instance at 0x7f35f60728c0>,60,14,[12  5],61,-1,94,-1,80
1,<environment.Job instance at 0x7f35f6072c30>,61,14,[14  2],62,-1,94,-1,80
1,<environment.Job instance at 0x7f35f6072e60>,62,24,[4 5],63,-1,108,-1,84
1,<environment.Job instance at 0x7f35f638c4b0>,1,18,[5 7],2,-1,20,-1,2
1,<environment.Job instance at 0x7f35f72e9140>,4,26,[1 6],5,-1,32,-1,6
1,<environment.Job instance at 0x7f35f72e9460>,10,19,[5 6],11,-1,30,-1,11
1,<environment.Job instance at 0x7f35f72e9d20>,16,28,[ 1 13],17,-1,52,-1,24
1,<environment.Job instance at 0x7f35f72e9f50>,15,22,[11  3],16,-1,52,-1,30
1,<environment.Job instance at 0x7f35f6f47c80>,5,23,[5 5],6,-1,53,-1,30
1,<environment.Job instance at 0x7f35f72e93c0>,6,27,[12  2],7,-1,62,-1,35
1,<environment.Job instance at 0x7f35f72e9a00>,12,25,[14  3],13,-1,60,-1,35
1,<environment.Job instance at 0x7f35f6b6dd70>,17,25,[12  4],18,-1,60,-1,35
1,<environment.Job instance at 0x7f35f6b6d4b0>,20,14,[1 7],21,-1,49,-1,35
1,<environment.Job instance at 0x7f35f6b6df00>,23,15,[12  3],24,-1,50,-1,35
1,<environment.Job instance at 0x7f35f6b6d5f0>,19,15,[ 2 14],20,-1,60,-1,45
1,<environment.Job instance at 0x7f35f6b6db40>,24,19,[ 2 13],25,-1,64,-1,45
1,<environment.Job instance at 0x7f35f6b6d640>,27,18,[ 1 13],28,-1,63,-1,45
1,<environment.Job instance at 0x7f35f6b6ddc0>,28,12,[ 5 14],29,-1,58,-1,46
1,<environment.Job instance at 0x7f35f6b6d6e0>,21,16,[ 2 13],22,-1,62,-1,46
1,<environment.Job instance at 0x7f35f6261eb0>,30,18,[5 2],31,-1,66,-1,48
1,<environment.Job instance at 0x7f35f6261b90>,32,14,[8 3],33,-1,62,-1,48
1,<environment.Job instance at 0x7f35f62615a0>,33,18,[12  3],34,-1,67,-1,49
1,<environment.Job instance at 0x7f35f6261a50>,29,13,[14  1],30,-1,62,-1,49
1,<environment.Job instance at 0x7f35f6261230>,31,20,[3 7],32,-1,69,-1,49
1,<environment.Job instance at 0x7f35f6261a00>,36,27,[ 2 13],37,-1,76,-1,49
1,<environment.Job instance at 0x7f35f62610f0>,35,21,[2 8],36,-1,70,-1,49
1,<environment.Job instance at 0x7f35f62614b0>,39,26,[5 9],40,-1,78,-1,52
1,<environment.Job instance at 0x7f35f6261280>,38,16,[ 1 12],39,-1,83,-1,67
1,<environment.Job instance at 0x7f35f62613c0>,34,23,[2 6],35,-1,90,-1,67
1,<environment.Job instance at 0x7f35f6261c80>,37,14,[ 2 11],38,-1,81,-1,67
1,<environment.Job instance at 0x7f35f61ff050>,41,22,[8 1],42,-1,90,-1,68
1,<environment.Job instance at 0x7f35f6b6d730>,18,17,[ 2 13],19,-1,85,-1,68
1,<environment.Job instance at 0x7f35f61fff50>,42,24,[14  4],43,-1,92,-1,68
1,<environment.Job instance at 0x7f35f61ff5f0>,46,16,[ 3 11],47,-1,86,-1,70
1,<environment.Job instance at 0x7f35f61ffaa0>,43,20,[8 2],44,-1,90,-1,70
1,<environment.Job instance at 0x7f35f61ffbe0>,48,16,[11  5],49,-1,86,-1,70
1,<environment.Job instance at 0x7f35f61ff9b0>,44,15,[5 8],45,-1,85,-1,70
1,<environment.Job instance at 0x7f35f61ffcd0>,49,18,[13  2],50,-1,91,-1,73
1,<environment.Job instance at 0x7f35f61d00f0>,51,23,[14  1],52,-1,96,-1,73
1,<environment.Job instance at 0x7f35f61d01e0>,52,17,[ 1 14],53,-1,94,-1,77
1,<environment.Job instance at 0x7f35f61ffb40>,47,12,[9 1],48,-1,89,-1,77
1,<environment.Job instance at 0x7f35f61d09b0>,53,16,[12  2],54,-1,93,-1,77
1,<environment.Job instance at 0x7f35f61d06e0>,54,19,[ 4 11],55,-1,97,-1,78
1,<environment.Job instance at 0x7f35f61d0b90>,55,24,[9 5],56,-1,104,-1,80
1,<environment.Job instance at 0x7f35f61d0c30>,57,24,[14  3],58,-1,105,-1,81
1,<environment.Job instance at 0x7f35f61ff140>,45,15,[4 9],46,-1,96,-1,81
1,<environment.Job instance at 0x7f35f61d0fa0>,61,27,[5 5],62,-1,108,-1,81
1,<environment.Job instance at 0x7f35f629ee10>,0,16,[11  4],1,-1,17,-1,1
1,<environment.Job instance at 0x7f35f6f47190>,3,20,[12  4],4,-1,24,-1,4
1,<environment.Job instance at 0x7f35f694bb40>,4,26,[1 6],5,-1,31,-1,5
1,<environment.Job instance at 0x7f35f6c6ffa0>,6,27,[12  2],7,-1,34,-1,7
1,<environment.Job instance at 0x7f35f6f47410>,7,15,[14  2],8,-1,23,-1,8
1,<environment.Job instance at 0x7f35f694bd20>,8,15,[13  3],9,-1,24,-1,9
1,<environment.Job instance at 0x7f35f739ad70>,11,14,[ 2 11],12,-1,26,-1,12
1,<environment.Job instance at 0x7f35f739a140>,12,25,[14  3],13,-1,38,-1,13
1,<environment.Job instance at 0x7f35f739ae10>,13,23,[14  5],14,-1,37,-1,14
1,<environment.Job instance at 0x7f35f6899550>,14,27,[12  3],15,-1,42,-1,15
1,<environment.Job instance at 0x7f35f6e2e370>,15,22,[11  3],16,-1,38,-1,16
1,<environment.Job instance at 0x7f35f6db25f0>,16,28,[ 1 13],17,-1,45,-1,17
1,<environment.Job instance at 0x7f35f629e9b0>,5,23,[5 5],6,-1,41,-1,18
1,<environment.Job instance at 0x7f35f66f33c0>,17,25,[12  4],18,-1,43,-1,18
1,<environment.Job instance at 0x7f35f5fc1af0>,18,17,[ 2 13],19,-1,36,-1,19
1,<environment.Job instance at 0x7f35f6899b40>,19,15,[ 2 14],20,-1,35,-1,20
1,<environment.Job instance at 0x7f35f6e690f0>,21,16,[ 2 13],22,-1,38,-1,22
1,<environment.Job instance at 0x7f35f6cead20>,23,15,[12  3],24,-1,39,-1,24
1,<environment.Job instance at 0x7f35f6cea2d0>,24,19,[ 2 13],25,-1,44,-1,25
1,<environment.Job instance at 0x7f35f6cea780>,27,18,[ 1 13],28,-1,46,-1,28
1,<environment.Job instance at 0x7f35f6cead70>,28,12,[ 5 14],29,-1,41,-1,29
1,<environment.Job instance at 0x7f35f66437d0>,29,13,[14  1],30,-1,43,-1,30
1,<environment.Job instance at 0x7f35f7096280>,33,18,[12  3],34,-1,55,-1,37
1,<environment.Job instance at 0x7f35f64bf230>,34,23,[2 6],35,-1,65,-1,42
1,<environment.Job instance at 0x7f35f5e66780>,36,27,[ 2 13],37,-1,69,-1,42
1,<environment.Job instance at 0x7f35f64bf140>,37,14,[ 2 11],38,-1,56,-1,42
1,<environment.Job instance at 0x7f35f64bf500>,38,16,[ 1 12],39,-1,58,-1,42
1,<environment.Job instance at 0x7f35f5e1af00>,42,24,[14  4],43,-1,75,-1,51
1,<environment.Job instance at 0x7f35f5e1ae60>,46,16,[ 3 11],47,-1,67,-1,51
1,<environment.Job instance at 0x7f35f5e1afa0>,39,26,[5 9],40,-1,86,-1,60
1,<environment.Job instance at 0x7f35f5e1aa00>,48,16,[11  5],49,-1,76,-1,60
1,<environment.Job instance at 0x7f35f5e1ad70>,49,18,[13  2],50,-1,78,-1,60
1,<environment.Job instance at 0x7f35f5c24b40>,51,23,[14  1],52,-1,83,-1,60
1,<environment.Job instance at 0x7f35f5c24af0>,52,17,[ 1 14],53,-1,77,-1,60
1,<environment.Job instance at 0x7f35f64fb050>,53,16,[12  2],54,-1,76,-1,60
1,<environment.Job instance at 0x7f35f5d18c80>,54,19,[ 4 11],55,-1,79,-1,60
1,<environment.Job instance at 0x7f35f675b640>,55,24,[9 5],56,-1,89,-1,65
1,<environment.Job instance at 0x7f35f68ea6e0>,56,16,[13  3],57,-1,81,-1,65
1,<environment.Job instance at 0x7f35f5e1af50>,57,24,[14  3],58,-1,89,-1,65
1,<environment.Job instance at 0x7f35f6a6f2d0>,58,19,[ 1 14],59,-1,84,-1,65
1,<environment.Job instance at 0x7f35f63af7d0>,59,23,[14  3],60,-1,88,-1,65
1,<environment.Job instance at 0x7f35f687f280>,60,28,[ 4 11],61,-1,93,-1,65
1,<environment.Job instance at 0x7f35ffe359b0>,61,27,[5 5],62,-1,92,-1,65
1,<environment.Job instance at 0x7f35f634c7d0>,62,24,[5 2],63,-1,89,-1,65
1,<environment.Job instance at 0x7f35f634c870>,63,14,[ 4 12],64,-1,79,-1,65
1,<environment.Job instance at 0x7f35f634cbe0>,64,27,[5 1],65,-1,92,-1,65
1,<environment.Job instance at 0x7f35f7030370>,65,27,[ 2 11],66,-1,93,-1,66
1,<environment.Job instance at 0x7f35f699caa0>,66,28,[12  4],67,-1,95,-1,67
1,<environment.Job instance at 0x7f35f6606280>,68,14,[14  2],69,-1,91,-1,77
1,<environment.Job instance at 0x7f35f699cd20>,69,27,[5 1],70,-1,112,-1,85
1,<environment.Job instance at 0x7f35f699c500>,70,23,[12  5],71,-1,108,-1,85
1,<environment.Job instance at 0x7f35ffbe5cd0>,0,16,[ 3 10],1,-1,18,-1,2
1,<environment.Job instance at 0x7f360000d820>,2,16,[5 5],3,-1,19,-1,3
1,<environment.Job instance at 0x7f35f6505640>,1,18,[5 5],2,-1,21,-1,3
1,<environment.Job instance at 0x7f360000df00>,6,18,[1 5],7,-1,26,-1,8
1,<environment.Job instance at 0x7f360000d7d0>,7,18,[9 5],8,-1,26,-1,8
1,<environment.Job instance at 0x7f360000de60>,8,19,[4 5],9,-1,29,-1,10
1,<environment.Job instance at 0x7f360000daa0>,9,20,[12  4],10,-1,30,-1,10
1,<environment.Job instance at 0x7f35f7454320>,3,17,[ 3 13],4,-1,21,-1,4
1,<environment.Job instance at 0x7f35f6ceae60>,4,28,[3 9],5,-1,45,-1,17
1,<environment.Job instance at 0x7f35f6cead20>,9,20,[12  4],10,-1,37,-1,17
1,<environment.Job instance at 0x7f35f6cff7d0>,10,28,[8 2],11,-1,45,-1,17
1,<environment.Job instance at 0x7f35f7494500>,11,16,[12  4],12,-1,33,-1,17
1,<environment.Job instance at 0x7f35f674cfa0>,12,16,[ 2 13],13,-1,33,-1,17
1,<environment.Job instance at 0x7f35f7283730>,13,23,[5 8],14,-1,40,-1,17
1,<environment.Job instance at 0x7f35f6cea2d0>,5,28,[ 3 10],6,-1,45,-1,17
1,<environment.Job instance at 0x7f35ffdcb780>,15,24,[9 3],16,-1,41,-1,17
1,<environment.Job instance at 0x7f35f5a620f0>,18,23,[11  4],19,-1,42,-1,19
1,<environment.Job instance at 0x7f35f5a62c80>,17,23,[5 4],18,-1,43,-1,20
1,<environment.Job instance at 0x7f35f6f52910>,20,21,[ 5 13],21,-1,42,-1,21
1,<environment.Job instance at 0x7f35f66fcfa0>,21,22,[11  1],22,-1,44,-1,22
1,<environment.Job instance at 0x7f35f66fcb90>,22,17,[11  2],23,-1,40,-1,23
1,<environment.Job instance at 0x7f35f66f52d0>,26,28,[13  4],27,-1,58,-1,30
1,<environment.Job instance at 0x7f35f73ed280>,25,28,[10  3],26,-1,74,-1,46
1,<environment.Job instance at 0x7f35f66d9190>,29,23,[13  3],30,-1,69,-1,46
1,<environment.Job instance at 0x7f35f66ef5a0>,30,18,[ 4 13],31,-1,64,-1,46
1,<environment.Job instance at 0x7f35f64d8aa0>,31,18,[13  1],32,-1,64,-1,46
1,<environment.Job instance at 0x7f35f66d98c0>,28,25,[5 7],29,-1,71,-1,46
1,<environment.Job instance at 0x7f35f6118820>,35,28,[3 8],36,-1,74,-1,46
1,<environment.Job instance at 0x7f35f6118dc0>,36,18,[ 1 14],37,-1,64,-1,46
1,<environment.Job instance at 0x7f35f64bf3c0>,39,16,[12  2],40,-1,74,-1,58
1,<environment.Job instance at 0x7f35f64bff00>,40,12,[11  2],41,-1,70,-1,58
1,<environment.Job instance at 0x7f35f64bf820>,42,16,[ 3 13],43,-1,78,-1,62
1,<environment.Job instance at 0x7f35f64bfb40>,44,22,[ 1 12],45,-1,94,-1,72
1,<environment.Job instance at 0x7f35f64bfe10>,45,24,[12  5],46,-1,96,-1,72
1,<environment.Job instance at 0x7f35f662f190>,46,27,[3 5],47,-1,99,-1,72
1,<environment.Job instance at 0x7f35f601b500>,7,26,[12  5],8,-1,34,-1,8
1,<environment.Job instance at 0x7f35ffc25280>,0,25,[ 4 14],1,-1,26,-1,1
1,<environment.Job instance at 0x7f35f6778640>,2,20,[14  3],3,-1,23,-1,3
1,<environment.Job instance at 0x7f35f6778820>,3,25,[14  5],4,-1,29,-1,4
1,<environment.Job instance at 0x7f35f67785a0>,5,14,[14  1],6,-1,20,-1,6
1,<environment.Job instance at 0x7f35f5cfe640>,7,26,[12  5],8,-1,34,-1,8
1,<environment.Job instance at 0x7f35f6636730>,9,16,[14  1],10,-1,26,-1,10
1,<environment.Job instance at 0x7f35f6636780>,11,24,[ 3 12],12,-1,36,-1,12
1,<environment.Job instance at 0x7f35f5e05c30>,12,23,[4 7],13,-1,41,-1,18
1,<environment.Job instance at 0x7f35f5e055f0>,15,26,[12  4],16,-1,44,-1,18
1,<environment.Job instance at 0x7f35f61100f0>,4,26,[10  2],5,-1,54,-1,28
1,<environment.Job instance at 0x7f35f6f70b40>,8,28,[8 3],9,-1,56,-1,28
1,<environment.Job instance at 0x7f35f6e612d0>,19,17,[ 3 12],20,-1,45,-1,28
1,<environment.Job instance at 0x7f35f6718410>,20,13,[14  5],21,-1,41,-1,28
1,<environment.Job instance at 0x7f35f6718be0>,21,21,[ 5 14],22,-1,49,-1,28
1,<environment.Job instance at 0x7f35f66c3910>,22,21,[ 4 11],23,-1,49,-1,28
1,<environment.Job instance at 0x7f35f66c3140>,23,25,[2 7],24,-1,53,-1,28
1,<environment.Job instance at 0x7f35f662ff50>,24,23,[14  4],25,-1,51,-1,28
1,<environment.Job instance at 0x7f35f662f190>,25,12,[ 3 11],26,-1,40,-1,28
1,<environment.Job instance at 0x7f35f64bfdc0>,28,18,[12  1],29,-1,60,-1,42
1,<environment.Job instance at 0x7f35f73ed280>,30,24,[12  2],31,-1,67,-1,43
1,<environment.Job instance at 0x7f35f64bf870>,32,25,[8 3],33,-1,86,-1,61
1,<environment.Job instance at 0x7f35f64bf3c0>,33,15,[11  1],34,-1,76,-1,61
1,<environment.Job instance at 0x7f35f7283730>,35,27,[7 4],36,-1,88,-1,61
1,<environment.Job instance at 0x7f35f6cff7d0>,38,26,[9 5],39,-1,99,-1,73
1,<environment.Job instance at 0x7f35ffdcb410>,40,28,[9 3],41,-1,117,-1,89
1,<environment.Job instance at 0x7f35f5e66780>,41,27,[5 1],42,-1,116,-1,89
1,<environment.Job instance at 0x7f35f6cffe10>,0,17,[2 6],1,-1,18,-1,1
1,<environment.Job instance at 0x7f35f6cff870>,1,25,[5 5],2,-1,27,-1,2
1,<environment.Job instance at 0x7f35f6cff780>,3,22,[5 3],4,-1,27,-1,5
1,<environment.Job instance at 0x7f35f6cffa50>,4,15,[12  4],5,-1,20,-1,5
1,<environment.Job instance at 0x7f35f6e6b910>,13,26,[5 5],14,-1,67,-1,41
1,<environment.Job instance at 0x7f35f72bd3c0>,1,25,[5 5],2,-1,27,-1,2
1,<environment.Job instance at 0x7f35f72bd410>,2,26,[2 9],3,-1,29,-1,3
1,<environment.Job instance at 0x7f35f62525a0>,4,15,[12  4],5,-1,20,-1,5
1,<environment.Job instance at 0x7f35f5e707d0>,6,27,[ 1 11],7,-1,34,-1,7
1,<environment.Job instance at 0x7f35f72dc230>,7,18,[ 2 12],8,-1,26,-1,8
1,<environment.Job instance at 0x7f35f72dc4b0>,8,22,[ 2 11],9,-1,31,-1,9
1,<environment.Job instance at 0x7f35f72dc1e0>,9,23,[14  4],10,-1,33,-1,10
1,<environment.Job instance at 0x7f35f72dc5f0>,10,22,[13  2],11,-1,33,-1,11
1,<environment.Job instance at 0x7f35f72df320>,11,12,[ 1 12],12,-1,24,-1,12
1,<environment.Job instance at 0x7f35f72dcaf0>,13,26,[5 5],14,-1,40,-1,14
1,<environment.Job instance at 0x7f35f72dfa00>,14,16,[11  2],15,-1,31,-1,15
1,<environment.Job instance at 0x7f35f72df2d0>,16,18,[ 5 14],17,-1,35,-1,17
1,<environment.Job instance at 0x7f35f72dcb40>,5,27,[10  3],6,-1,45,-1,18
1,<environment.Job instance at 0x7f35f72df690>,15,26,[5 8],16,-1,44,-1,18
1,<environment.Job instance at 0x7f35f72dfb90>,19,20,[ 1 11],20,-1,40,-1,20
1,<environment.Job instance at 0x7f35f72cbe10>,20,27,[11  5],21,-1,48,-1,21
1,<environment.Job instance at 0x7f35f72cb960>,21,14,[ 5 14],22,-1,36,-1,22
1,<environment.Job instance at 0x7f35f72a32d0>,23,25,[9 2],24,-1,51,-1,26
1,<environment.Job instance at 0x7f35f72a3f50>,25,24,[ 5 13],26,-1,50,-1,26
1,<environment.Job instance at 0x7f35f72cb460>,26,15,[ 5 14],27,-1,42,-1,27
1,<environment.Job instance at 0x7f35f72a55f0>,27,22,[ 4 11],28,-1,50,-1,28
1,<environment.Job instance at 0x7f35f72a56e0>,28,13,[ 5 13],29,-1,42,-1,29
1,<environment.Job instance at 0x7f35f72cc140>,32,13,[ 5 12],33,-1,48,-1,35
1,<environment.Job instance at 0x7f35f72cc6e0>,33,15,[14  1],34,-1,50,-1,35
1,<environment.Job instance at 0x7f35f72cce10>,31,24,[5 1],32,-1,62,-1,38
1,<environment.Job instance at 0x7f35f72cb1e0>,18,27,[ 2 10],19,-1,73,-1,46
1,<environment.Job instance at 0x7f35f68ec410>,34,23,[1 8],35,-1,69,-1,46
1,<environment.Job instance at 0x7f35f68ec640>,38,21,[ 3 14],39,-1,67,-1,46
1,<environment.Job instance at 0x7f35f68ec320>,39,21,[ 2 12],40,-1,67,-1,46
1,<environment.Job instance at 0x7f35f68ecf50>,35,28,[ 2 10],36,-1,74,-1,46
1,<environment.Job instance at 0x7f35f72dbaa0>,42,21,[13  5],43,-1,67,-1,46
1,<environment.Job instance at 0x7f35f6bc15a0>,46,14,[11  4],47,-1,75,-1,61
1,<environment.Job instance at 0x7f35f72db8c0>,44,25,[9 4],45,-1,86,-1,61
1,<environment.Job instance at 0x7f35f6bac050>,48,28,[ 1 13],49,-1,89,-1,61
1,<environment.Job instance at 0x7f35f6bacbe0>,49,19,[ 5 14],50,-1,80,-1,61
1,<environment.Job instance at 0x7f35f6bac0a0>,52,20,[ 4 14],53,-1,81,-1,61
1,<environment.Job instance at 0x7f35f6bacaa0>,53,18,[14  4],54,-1,79,-1,61
1,<environment.Job instance at 0x7f35f6bb60a0>,54,18,[ 3 11],55,-1,79,-1,61
1,<environment.Job instance at 0x7f35f6bb6c80>,56,26,[ 2 11],57,-1,99,-1,73
1,<environment.Job instance at 0x7f35f6bb66e0>,57,13,[13  4],58,-1,86,-1,73
1,<environment.Job instance at 0x7f35f6bc9730>,60,13,[12  4],61,-1,91,-1,78
1,<environment.Job instance at 0x7f35f6bc90f0>,61,17,[ 5 13],62,-1,95,-1,78
1,<environment.Job instance at 0x7f35f6bc91e0>,62,16,[ 5 14],63,-1,94,-1,78
1,<environment.Job instance at 0x7f35f6fb6aa0>,0,18,[7 5],1,-1,19,-1,1
1,<environment.Job instance at 0x7f35f6fb6cd0>,5,16,[3 9],6,-1,22,-1,6
1,<environment.Job instance at 0x7f35f6b01c80>,2,18,[14  4],3,-1,21,-1,3
1,<environment.Job instance at 0x7f35f6b130f0>,6,16,[13  1],7,-1,23,-1,7
1,<environment.Job instance at 0x7f35f6b13b90>,7,28,[ 4 12],8,-1,36,-1,8
1,<environment.Job instance at 0x7f35f67845a0>,8,15,[12  2],9,-1,24,-1,9
1,<environment.Job instance at 0x7f35f6b13a50>,10,26,[6 4],11,-1,43,-1,17
1,<environment.Job instance at 0x7f35f5e4be10>,12,15,[ 3 13],13,-1,32,-1,17
1,<environment.Job instance at 0x7f35f5e4bc30>,14,18,[13  3],15,-1,37,-1,19
1,<environment.Job instance at 0x7f35f5e8a0a0>,15,28,[9 4],16,-1,57,-1,29
1,<environment.Job instance at 0x7f35f5e8a5f0>,16,13,[ 5 11],17,-1,42,-1,29
1,<environment.Job instance at 0x7f35ffed07d0>,17,19,[14  1],18,-1,48,-1,29
1,<environment.Job instance at 0x7f35f5e1bbe0>,24,26,[6 1],25,-1,74,-1,48
1,<environment.Job instance at 0x7f35f5e1b690>,25,21,[ 5 14],26,-1,69,-1,48
1,<environment.Job instance at 0x7f35f73af370>,26,25,[14  4],27,-1,73,-1,48
1,<environment.Job instance at 0x7f35f7129500>,28,15,[ 3 11],29,-1,63,-1,48
1,<environment.Job instance at 0x7f35f62475a0>,22,25,[7 5],23,-1,73,-1,48
1,<environment.Job instance at 0x7f35f5b9faf0>,30,27,[ 4 11],31,-1,75,-1,48
1,<environment.Job instance at 0x7f35f6fd0c30>,33,27,[ 2 11],34,-1,75,-1,48
1,<environment.Job instance at 0x7f35f6fd0f00>,34,20,[14  2],35,-1,68,-1,48
1,<environment.Job instance at 0x7f35f6fd0370>,35,26,[14  1],36,-1,74,-1,48
1,<environment.Job instance at 0x7f35f6fc8050>,37,25,[13  1],38,-1,80,-1,55
1,<environment.Job instance at 0x7f35f5ea3cd0>,40,14,[14  4],41,-1,74,-1,60
1,<environment.Job instance at 0x7f35f5e1f230>,41,22,[ 4 12],42,-1,82,-1,60
1,<environment.Job instance at 0x7f35f5e1f280>,42,24,[12  4],43,-1,84,-1,60
1,<environment.Job instance at 0x7f35f5e1ff00>,44,16,[ 3 12],45,-1,85,-1,69
1,<environment.Job instance at 0x7f35f5fb0870>,47,23,[2 6],48,-1,107,-1,84
1,<environment.Job instance at 0x7f35f5fb01e0>,48,15,[ 3 13],49,-1,99,-1,84
1,<environment.Job instance at 0x7f35f5fb0820>,49,15,[ 5 11],50,-1,99,-1,84
1,<environment.Job instance at 0x7f35f5aefaa0>,51,24,[9 2],52,-1,109,-1,85
1,<environment.Job instance at 0x7f35f6246e60>,52,13,[11  4],53,-1,98,-1,85
1,<environment.Job instance at 0x7f35f62462d0>,53,17,[ 3 12],54,-1,102,-1,85
1,<environment.Job instance at 0x7f35f5e707d0>,54,20,[13  4],55,-1,105,-1,85
1,<environment.Job instance at 0x7f35f5e70b90>,56,20,[12  5],57,-1,107,-1,87
1,<environment.Job instance at 0x7f35f71a5cd0>,0,23,[6 3],1,-1,24,-1,1
1,<environment.Job instance at 0x7f35f5c3a960>,3,18,[7 4],4,-1,23,-1,5
1,<environment.Job instance at 0x7f3600003730>,7,20,[5 7],8,-1,28,-1,8
1,<environment.Job instance at 0x7f35f5aefcd0>,0,23,[6 3],1,-1,24,-1,1
1,<environment.Job instance at 0x7f35f5aef2d0>,1,16,[ 2 13],2,-1,18,-1,2
1,<environment.Job instance at 0x7f35f5e1ff00>,2,21,[ 4 13],3,-1,24,-1,3
1,<environment.Job instance at 0x7f35f5e1f230>,5,27,[13  3],6,-1,33,-1,6
1,<environment.Job instance at 0x7f35f6fd0d20>,8,23,[14  1],9,-1,32,-1,9
1,<environment.Job instance at 0x7f35f6fd05a0>,9,27,[11  2],10,-1,37,-1,10
1,<environment.Job instance at 0x7f35f6fd0fa0>,12,22,[ 3 14],13,-1,35,-1,13
1,<environment.Job instance at 0x7f35f6fd0eb0>,13,15,[13  2],14,-1,29,-1,14
1,<environment.Job instance at 0x7f35f73af370>,14,16,[11  3],15,-1,31,-1,15
1,<environment.Job instance at 0x7f35f6fd0b40>,6,24,[3 9],7,-1,43,-1,19
1,<environment.Job instance at 0x7f35f5e1bbe0>,18,23,[13  2],19,-1,42,-1,19
1,<environment.Job instance at 0x7f35f5e1b140>,19,16,[ 3 14],20,-1,36,-1,20
1,<environment.Job instance at 0x7f35f6d84500>,20,16,[13  5],21,-1,37,-1,21
1,<environment.Job instance at 0x7f35f60ada00>,17,23,[9 3],18,-1,45,-1,22
1,<environment.Job instance at 0x7f35f6699140>,23,17,[11  4],24,-1,41,-1,24
1,<environment.Job instance at 0x7f35f676f460>,24,28,[13  5],25,-1,53,-1,25
1,<environment.Job instance at 0x7f35f729d280>,25,27,[6 1],26,-1,62,-1,35
1,<environment.Job instance at 0x7f35f5eb8410>,27,17,[ 5 11],28,-1,52,-1,35
1,<environment.Job instance at 0x7f35f71a5af0>,29,19,[ 5 12],30,-1,54,-1,35
1,<environment.Job instance at 0x7f35f71bb230>,31,24,[14  3],32,-1,60,-1,36
1,<environment.Job instance at 0x7f35f62020f0>,32,23,[ 1 14],33,-1,59,-1,36
1,<environment.Job instance at 0x7f35f6202c80>,33,24,[12  2],34,-1,60,-1,36
1,<environment.Job instance at 0x7f35f6202af0>,34,28,[3 6],35,-1,75,-1,47
1,<environment.Job instance at 0x7f35f62024b0>,35,21,[ 2 14],36,-1,68,-1,47
1,<environment.Job instance at 0x7f35f6202730>,36,15,[13  5],37,-1,62,-1,47
1,<environment.Job instance at 0x7f35f6202cd0>,40,12,[ 1 12],41,-1,62,-1,50
1,<environment.Job instance at 0x7f35f6202230>,41,21,[ 2 12],42,-1,71,-1,50
1,<environment.Job instance at 0x7f35f6202050>,42,15,[13  4],43,-1,65,-1,50
1,<environment.Job instance at 0x7f35f6202e10>,39,25,[ 3 10],40,-1,86,-1,61
1,<environment.Job instance at 0x7f35f62020a0>,43,28,[3 8],44,-1,89,-1,61
1,<environment.Job instance at 0x7f35f6202a00>,46,14,[11  3],47,-1,75,-1,61
1,<environment.Job instance at 0x7f35f6202dc0>,44,24,[9 3],45,-1,86,-1,62
1,<environment.Job instance at 0x7f35f60705a0>,49,26,[3 8],50,-1,88,-1,62
1,<environment.Job instance at 0x7f35f60700f0>,50,16,[ 5 12],51,-1,78,-1,62
1,<environment.Job instance at 0x7f35f6070be0>,51,24,[13  4],52,-1,86,-1,62
1,<environment.Job instance at 0x7f35f6070af0>,52,27,[8 2],53,-1,89,-1,62
1,<environment.Job instance at 0x7f35f6070190>,53,25,[14  2],54,-1,87,-1,62
1,<environment.Job instance at 0x7f35f6070a50>,54,27,[4 5],55,-1,89,-1,62
1,<environment.Job instance at 0x7f35f6070280>,55,23,[12  2],56,-1,85,-1,62
1,<environment.Job instance at 0x7f35f6202500>,45,28,[9 3],46,-1,90,-1,62
1,<environment.Job instance at 0x7f35f6070d20>,58,14,[13  1],59,-1,76,-1,62
1,<environment.Job instance at 0x7f35f6070780>,59,18,[ 2 13],60,-1,80,-1,62
1,<environment.Job instance at 0x7f35f682ee60>,60,17,[ 4 11],61,-1,79,-1,62
1,<environment.Job instance at 0x7f35f682e5a0>,62,14,[ 3 11],63,-1,89,-1,75
1,<environment.Job instance at 0x7f35f682ea00>,63,17,[ 5 13],64,-1,92,-1,75
1,<environment.Job instance at 0x7f35f682e050>,64,22,[13  3],65,-1,97,-1,75
1,<environment.Job instance at 0x7f35f682ecd0>,65,13,[ 3 13],66,-1,88,-1,75
1,<environment.Job instance at 0x7f35f682ed70>,66,14,[12  1],67,-1,89,-1,75
1,<environment.Job instance at 0x7f35f682ebe0>,68,17,[ 3 13],69,-1,92,-1,75
1,<environment.Job instance at 0x7f35f682e960>,69,28,[3 7],70,-1,103,-1,75
1,<environment.Job instance at 0x7f35f682e6e0>,70,20,[11  2],71,-1,95,-1,75
1,<environment.Job instance at 0x7f35f682e410>,71,19,[ 2 12],72,-1,94,-1,75
1,<environment.Job instance at 0x7f35f682eb90>,72,18,[ 3 11],73,-1,93,-1,75
1,<environment.Job instance at 0x7f35f682e140>,73,14,[ 4 12],74,-1,89,-1,75
1,<environment.Job instance at 0x7f35f682e0a0>,74,19,[ 5 11],75,-1,94,-1,75
1,<environment.Job instance at 0x7f35f6e6b910>,75,14,[ 5 13],76,-1,90,-1,76
1,<environment.Job instance at 0x7f35f6e6beb0>,77,21,[13  5],78,-1,99,-1,78
1,<environment.Job instance at 0x7f35f6e6b1e0>,78,17,[11  1],79,-1,96,-1,79
1,<environment.Job instance at 0x7f35f6e6bf00>,79,23,[ 1 14],80,-1,103,-1,80
1,<environment.Job instance at 0x7f35f6e6b690>,81,14,[ 5 14],82,-1,96,-1,82
1,<environment.Job instance at 0x7f35f6e6b6e0>,82,15,[ 2 14],83,-1,98,-1,83
1,<environment.Job instance at 0x7f35f6e6bcd0>,84,14,[13  5],85,-1,99,-1,85
1,<environment.Job instance at 0x7f35f6e6bd20>,86,22,[ 4 11],87,-1,109,-1,87
1,<environment.Job instance at 0x7f35f5ecdfa0>,4,22,[11  2],5,-1,30,-1,8
1,<environment.Job instance at 0x7f35f6e6b550>,0,28,[ 5 11],1,-1,29,-1,1
1,<environment.Job instance at 0x7f35f6e6b500>,1,17,[ 5 12],2,-1,19,-1,2
1,<environment.Job instance at 0x7f35f6e6bf00>,4,22,[11  2],5,-1,27,-1,5
1,<environment.Job instance at 0x7f35f6e6b730>,8,21,[ 1 12],9,-1,30,-1,9
1,<environment.Job instance at 0x7f35f6e6b230>,9,12,[ 3 11],10,-1,22,-1,10
1,<environment.Job instance at 0x7f35f6e6b960>,11,28,[12  1],12,-1,40,-1,12
1,<environment.Job instance at 0x7f35f682e370>,12,25,[14  3],13,-1,38,-1,13
1,<environment.Job instance at 0x7f35f682e960>,13,25,[12  4],14,-1,39,-1,14
1,<environment.Job instance at 0x7f35f682ebe0>,14,19,[14  1],15,-1,34,-1,15
1,<environment.Job instance at 0x7f35f682e730>,15,21,[11  5],16,-1,37,-1,16
1,<environment.Job instance at 0x7f35f6c38b40>,6,24,[7 1],7,-1,41,-1,17
1,<environment.Job instance at 0x7f35f682e7d0>,10,24,[6 1],11,-1,41,-1,17
1,<environment.Job instance at 0x7f35f682ed70>,16,13,[11  4],17,-1,30,-1,17
1,<environment.Job instance at 0x7f35f682e320>,20,12,[ 3 14],21,-1,33,-1,21
1,<environment.Job instance at 0x7f35f682ed20>,17,25,[8 5],18,-1,47,-1,22
1,<environment.Job instance at 0x7f35f682eeb0>,21,15,[ 4 13],22,-1,37,-1,22
1,<environment.Job instance at 0x7f35f682e5a0>,23,13,[11  4],24,-1,37,-1,24
1,<environment.Job instance at 0x7f35f60709b0>,29,19,[ 4 11],30,-1,55,-1,36
1,<environment.Job instance at 0x7f35f6070190>,30,28,[ 3 11],31,-1,64,-1,36
1,<environment.Job instance at 0x7f35f6070af0>,31,26,[4 8],32,-1,64,-1,38
1,<environment.Job instance at 0x7f35f6070be0>,32,23,[4 6],33,-1,61,-1,38
1,<environment.Job instance at 0x7f35f6070c30>,34,21,[14  4],35,-1,59,-1,38
1,<environment.Job instance at 0x7f35f6070b40>,35,20,[12  5],36,-1,58,-1,38
1,<environment.Job instance at 0x7f35f62023c0>,36,14,[11  3],37,-1,52,-1,38
1,<environment.Job instance at 0x7f35f60705a0>,37,28,[ 2 14],38,-1,66,-1,38
1,<environment.Job instance at 0x7f35f6202f00>,39,23,[5 3],40,-1,89,-1,66
1,<environment.Job instance at 0x7f35f6202230>,41,25,[13  1],42,-1,91,-1,66
1,<environment.Job instance at 0x7f35f62022d0>,43,17,[13  2],44,-1,83,-1,66
1,<environment.Job instance at 0x7f35f6202910>,44,27,[3 9],45,-1,93,-1,66
1,<environment.Job instance at 0x7f35f6202280>,45,23,[13  4],46,-1,89,-1,66
1,<environment.Job instance at 0x7f35f62025f0>,47,26,[1 9],48,-1,92,-1,66
1,<environment.Job instance at 0x7f35f6202960>,48,25,[5 4],49,-1,91,-1,66
1,<environment.Job instance at 0x7f35f71bbbe0>,50,21,[13  4],51,-1,87,-1,66
1,<environment.Job instance at 0x7f35f676f460>,52,12,[13  4],53,-1,78,-1,66
1,<environment.Job instance at 0x7f35f6d78aa0>,54,19,[12  3],55,-1,98,-1,79
1,<environment.Job instance at 0x7f35f60c78c0>,55,17,[ 5 11],56,-1,96,-1,79
1,<environment.Job instance at 0x7f35f6c8eeb0>,3,23,[5 6],4,-1,27,-1,4
1,<environment.Job instance at 0x7f35f6c8e0f0>,4,24,[5 6],5,-1,29,-1,5
1,<environment.Job instance at 0x7f35f6c8e1e0>,7,16,[8 4],8,-1,25,-1,9
1,<environment.Job instance at 0x7f35f6d78aa0>,0,15,[ 1 13],1,-1,16,-1,1
1,<environment.Job instance at 0x7f35f60705a0>,1,16,[ 3 12],2,-1,18,-1,2
1,<environment.Job instance at 0x7f35f6070870>,3,23,[5 6],4,-1,27,-1,4
1,<environment.Job instance at 0x7f35f6070b90>,4,24,[5 6],5,-1,29,-1,5
1,<environment.Job instance at 0x7f35f6070190>,6,24,[ 5 14],7,-1,31,-1,7
1,<environment.Job instance at 0x7f35ffed07d0>,8,26,[ 5 13],9,-1,35,-1,9
1,<environment.Job instance at 0x7f35f6070d20>,9,13,[12  2],10,-1,23,-1,10
1,<environment.Job instance at 0x7f35f6070d70>,10,24,[ 5 13],11,-1,35,-1,11
1,<environment.Job instance at 0x7f35f6070a50>,11,23,[ 5 12],12,-1,35,-1,12
1,<environment.Job instance at 0x7f35f682ee60>,12,15,[14  2],13,-1,28,-1,13
1,<environment.Job instance at 0x7f35f682e500>,13,25,[ 2 12],14,-1,39,-1,14
1,<environment.Job instance at 0x7f35f60705f0>,15,24,[14  2],16,-1,40,-1,16
1,<environment.Job instance at 0x7f35f682ecd0>,16,15,[ 5 12],17,-1,32,-1,17
1,<environment.Job instance at 0x7f35f682e460>,19,19,[ 4 13],20,-1,39,-1,20
1,<environment.Job instance at 0x7f35f682e050>,20,21,[ 5 13],21,-1,42,-1,21
1,<environment.Job instance at 0x7f35f682eaa0>,18,27,[2 9],19,-1,52,-1,25
1,<environment.Job instance at 0x7f35f682e960>,23,23,[6 3],24,-1,48,-1,25
1,<environment.Job instance at 0x7f35f682ea50>,22,24,[7 1],23,-1,49,-1,25
1,<environment.Job instance at 0x7f35f6772dc0>,26,16,[14  5],27,-1,43,-1,27
1,<environment.Job instance at 0x7f35f682e370>,27,18,[ 4 11],28,-1,46,-1,28
1,<environment.Job instance at 0x7f35f682e7d0>,29,13,[12  3],30,-1,47,-1,34
1,<environment.Job instance at 0x7f35f6c8e050>,30,25,[10  2],31,-1,59,-1,34
1,<environment.Job instance at 0x7f35f6c8ebe0>,31,28,[ 5 14],32,-1,62,-1,34
1,<environment.Job instance at 0x7f35f6c8e410>,28,25,[2 5],29,-1,59,-1,34
1,<environment.Job instance at 0x7f35f6c8ef50>,33,17,[12  5],34,-1,51,-1,34
1,<environment.Job instance at 0x7f35f69371e0>,35,27,[13  3],36,-1,66,-1,39
1,<environment.Job instance at 0x7f35f6930050>,39,21,[11  1],40,-1,83,-1,62
1,<environment.Job instance at 0x7f35f6930500>,41,18,[11  1],42,-1,80,-1,62
1,<environment.Job instance at 0x7f35f6930f00>,43,15,[ 2 13],44,-1,88,-1,73
1,<environment.Job instance at 0x7f35f6930b90>,45,15,[ 2 13],46,-1,88,-1,73
1,<environment.Job instance at 0x7f35f6930870>,46,17,[13  4],47,-1,90,-1,73
1,<environment.Job instance at 0x7f35f6930b40>,47,28,[ 1 12],48,-1,101,-1,73
1,<environment.Job instance at 0x7f35f6930230>,49,20,[ 4 14],50,-1,94,-1,74
1,<environment.Job instance at 0x7f35f6930550>,50,18,[14  1],51,-1,92,-1,74
1,<environment.Job instance at 0x7f35f69304b0>,52,24,[ 2 12],53,-1,98,-1,74
1,<environment.Job instance at 0x7f35f69302d0>,56,24,[3 7],57,-1,111,-1,87
1,<environment.Job instance at 0x7f35f69309b0>,57,15,[ 3 14],58,-1,102,-1,87
1,<environment.Job instance at 0x7f35f69306e0>,58,25,[3 6],59,-1,112,-1,87
1,<environment.Job instance at 0x7f35f5ee5e60>,60,16,[ 5 12],61,-1,103,-1,87
1,<environment.Job instance at 0x7f35f5ee5b90>,61,22,[13  4],62,-1,109,-1,87
1,<environment.Job instance at 0x7f35f5ee5c80>,62,17,[13  5],63,-1,104,-1,87
1,<environment.Job instance at 0x7f35f5ee5c30>,63,17,[14  5],64,-1,104,-1,87
1,<environment.Job instance at 0x7f35f5ee5960>,64,17,[ 1 13],65,-1,104,-1,87
1,<environment.Job instance at 0x7f35f5ee5be0>,65,16,[ 1 11],66,-1,103,-1,87
1,<environment.Job instance at 0x7f35f5ee55a0>,67,16,[14  4],68,-1,104,-1,88
1,<environment.Job instance at 0x7f35f5f902d0>,2,16,[8 2],3,-1,20,-1,4
1,<environment.Job instance at 0x7f35f5f905f0>,5,28,[8 4],6,-1,34,-1,6
1,<environment.Job instance at 0x7f35f5f90b40>,8,15,[ 5 11],9,-1,24,-1,9
1,<environment.Job instance at 0x7f35f5ba75a0>,13,25,[ 1 14],14,-1,41,-1,16
1,<environment.Job instance at 0x7f35f5f90be0>,6,17,[13  5],7,-1,34,-1,17
1,<environment.Job instance at 0x7f35f5ba7050>,16,16,[ 5 13],17,-1,33,-1,17
1,<environment.Job instance at 0x7f35f5ba7e10>,15,15,[1 7],16,-1,32,-1,17
1,<environment.Job instance at 0x7f35f5f90550>,10,15,[13  5],11,-1,32,-1,17
1,<environment.Job instance at 0x7f35f5f906e0>,9,13,[14  4],10,-1,30,-1,17
1,<environment.Job instance at 0x7f35f5ba7c30>,17,25,[ 4 11],18,-1,45,-1,20
1,<environment.Job instance at 0x7f35f5ba7870>,14,19,[13  4],15,-1,40,-1,21
1,<environment.Job instance at 0x7f35f5ba7cd0>,20,26,[ 1 11],21,-1,47,-1,21
1,<environment.Job instance at 0x7f35f5ba7be0>,23,20,[11  5],24,-1,46,-1,26
1,<environment.Job instance at 0x7f35f682e460>,0,14,[14  5],1,-1,15,-1,1
1,<environment.Job instance at 0x7f35f682eaa0>,1,14,[ 3 12],2,-1,16,-1,2
1,<environment.Job instance at 0x7f35f682e730>,3,19,[ 4 11],4,-1,23,-1,4
1,<environment.Job instance at 0x7f35f682e410>,6,17,[13  5],7,-1,24,-1,7
1,<environment.Job instance at 0x7f35f5f908c0>,7,17,[ 4 13],8,-1,25,-1,8
1,<environment.Job instance at 0x7f35f5f90690>,8,15,[ 5 11],9,-1,24,-1,9
1,<environment.Job instance at 0x7f35f5f90640>,9,13,[14  4],10,-1,23,-1,10
1,<environment.Job instance at 0x7f35f682ec30>,10,15,[13  5],11,-1,26,-1,11
1,<environment.Job instance at 0x7f35f7347cd0>,12,28,[13  3],13,-1,41,-1,13
1,<environment.Job instance at 0x7f35f7347be0>,13,25,[ 1 14],14,-1,39,-1,14
1,<environment.Job instance at 0x7f35f7347780>,14,19,[13  4],15,-1,34,-1,15
1,<environment.Job instance at 0x7f35f5f90d70>,16,16,[ 5 13],17,-1,33,-1,17
1,<environment.Job instance at 0x7f35f7347a50>,17,25,[ 4 11],18,-1,43,-1,18
1,<environment.Job instance at 0x7f35f682e5a0>,5,28,[8 4],6,-1,47,-1,19
1,<environment.Job instance at 0x7f35f73478c0>,20,26,[ 1 11],21,-1,47,-1,21
1,<environment.Job instance at 0x7f35f7347d20>,21,23,[ 3 13],22,-1,45,-1,22
1,<environment.Job instance at 0x7f35f73477d0>,23,20,[11  5],24,-1,44,-1,24
1,<environment.Job instance at 0x7f35f714b960>,25,18,[12  1],26,-1,44,-1,26
1,<environment.Job instance at 0x7f35f714b190>,29,23,[6 1],30,-1,58,-1,35
1,<environment.Job instance at 0x7f35f714be60>,32,16,[ 2 14],33,-1,51,-1,35
1,<environment.Job instance at 0x7f35f714b910>,30,27,[2 7],31,-1,72,-1,45
1,<environment.Job instance at 0x7f35f714b2d0>,35,13,[11  4],36,-1,58,-1,45
1,<environment.Job instance at 0x7f35f714bd70>,36,13,[ 4 14],37,-1,58,-1,45
1,<environment.Job instance at 0x7f35f714b820>,22,26,[4 9],23,-1,81,-1,55
1,<environment.Job instance at 0x7f35f714b230>,40,28,[14  4],41,-1,83,-1,55
1,<environment.Job instance at 0x7f35f714b780>,41,23,[1 5],42,-1,78,-1,55
1,<environment.Job instance at 0x7f35f714b7d0>,42,24,[ 5 13],43,-1,79,-1,55
1,<environment.Job instance at 0x7f35f714bc80>,38,24,[ 1 10],39,-1,79,-1,55
1,<environment.Job instance at 0x7f35f6874910>,44,23,[4 8],45,-1,78,-1,55
1,<environment.Job instance at 0x7f35f714bb90>,33,27,[10  1],34,-1,87,-1,60
1,<environment.Job instance at 0x7f35f6874a00>,48,21,[13  1],49,-1,81,-1,60
1,<environment.Job instance at 0x7f35f6874370>,49,12,[ 5 12],50,-1,72,-1,60
1,<environment.Job instance at 0x7f35f6874fa0>,50,26,[ 2 13],51,-1,86,-1,60
1,<environment.Job instance at 0x7f35f68740f0>,52,19,[ 4 13],53,-1,86,-1,67
1,<environment.Job instance at 0x7f35f6874f00>,53,21,[ 4 14],54,-1,88,-1,67
1,<environment.Job instance at 0x7f35f6874820>,54,17,[ 4 12],55,-1,84,-1,67
1,<environment.Job instance at 0x7f35f6874e10>,55,26,[6 5],56,-1,93,-1,67
1,<environment.Job instance at 0x7f35f6874960>,56,14,[12  1],57,-1,81,-1,67
1,<environment.Job instance at 0x7f35f5f7e410>,57,22,[13  2],58,-1,89,-1,67
1,<environment.Job instance at 0x7f35f5f7e140>,58,20,[14  5],59,-1,87,-1,67
1,<environment.Job instance at 0x7f35f5f7eb40>,59,16,[ 4 14],60,-1,83,-1,67
1,<environment.Job instance at 0x7f35f5f7e870>,60,13,[ 4 12],61,-1,80,-1,67
1,<environment.Job instance at 0x7f35f5f7ec80>,61,24,[10  5],62,-1,91,-1,67
1,<environment.Job instance at 0x7f35f5f7edc0>,62,26,[ 2 14],63,-1,93,-1,67
1,<environment.Job instance at 0x7f35f68748c0>,47,26,[2 8],48,-1,93,-1,67
1,<environment.Job instance at 0x7f35f5f7ef00>,66,20,[ 3 11],67,-1,95,-1,75
1,<environment.Job instance at 0x7f35f5f7e0a0>,67,14,[ 2 12],68,-1,89,-1,75
1,<environment.Job instance at 0x7f35f5f7e6e0>,68,15,[12  3],69,-1,90,-1,75
1,<environment.Job instance at 0x7f35f6684e10>,69,18,[14  2],70,-1,93,-1,75
1,<environment.Job instance at 0x7f35f6684370>,70,15,[12  5],71,-1,90,-1,75
1,<environment.Job instance at 0x7f35f5c43960>,1,24,[1 6],2,-1,26,-1,2
1,<environment.Job instance at 0x7f35f6b65e60>,3,16,[2 8],4,-1,21,-1,5
1,<environment.Job instance at 0x7f35f682eb90>,4,23,[14  4],5,-1,28,-1,5
1,<environment.Job instance at 0x7f35f6b65780>,7,15,[ 4 10],8,-1,25,-1,10
1,<environment.Job instance at 0x7f35f73e1aa0>,10,18,[ 2 10],11,-1,29,-1,11
1,<environment.Job instance at 0x7f35f6684dc0>,1,24,[1 6],2,-1,26,-1,2
1,<environment.Job instance at 0x7f35f6684cd0>,2,16,[ 3 11],3,-1,19,-1,3
1,<environment.Job instance at 0x7f35f6684a50>,4,23,[14  4],5,-1,28,-1,5
1,<environment.Job instance at 0x7f35f66847d0>,5,16,[14  4],6,-1,22,-1,6
1,<environment.Job instance at 0x7f35f6684b40>,8,24,[ 4 11],9,-1,33,-1,9
1,<environment.Job instance at 0x7f35f66845f0>,9,28,[1 7],10,-1,38,-1,10
1,<environment.Job instance at 0x7f35f6684eb0>,11,18,[13  2],12,-1,30,-1,12
1,<environment.Job instance at 0x7f35f6684050>,12,24,[14  4],13,-1,37,-1,13
1,<environment.Job instance at 0x7f35f6684870>,6,26,[ 1 10],7,-1,42,-1,16
1,<environment.Job instance at 0x7f35f6684aa0>,13,25,[2 8],14,-1,41,-1,16
1,<environment.Job instance at 0x7f35f5f7edc0>,16,27,[13  4],17,-1,44,-1,17
1,<environment.Job instance at 0x7f35f5f7e870>,18,25,[ 1 12],19,-1,44,-1,19
1,<environment.Job instance at 0x7f35f5f7e690>,20,27,[ 2 13],21,-1,57,-1,30
1,<environment.Job instance at 0x7f35f5f7e280>,21,20,[14  5],22,-1,50,-1,30
1,<environment.Job instance at 0x7f35f5f7eb40>,22,25,[ 3 12],23,-1,55,-1,30
1,<environment.Job instance at 0x7f35f5f7e460>,23,14,[13  1],24,-1,44,-1,30
1,<environment.Job instance at 0x7f35f5f7e410>,24,15,[12  1],25,-1,45,-1,30
1,<environment.Job instance at 0x7f35f5f7e140>,25,13,[ 2 12],26,-1,43,-1,30
1,<environment.Job instance at 0x7f35f6874e10>,26,12,[14  2],27,-1,42,-1,30
1,<environment.Job instance at 0x7f35f6874820>,27,28,[7 1],28,-1,59,-1,31
1,<environment.Job instance at 0x7f35f6874c80>,28,18,[ 3 13],29,-1,49,-1,31
1,<environment.Job instance at 0x7f35f6874f00>,30,17,[13  4],31,-1,48,-1,31
1,<environment.Job instance at 0x7f35f68747d0>,31,27,[6 2],32,-1,70,-1,43
1,<environment.Job instance at 0x7f35f6874a00>,34,16,[ 2 11],35,-1,62,-1,46
1,<environment.Job instance at 0x7f35f6874c30>,35,27,[ 5 12],36,-1,73,-1,46
1,<environment.Job instance at 0x7f35f6874d20>,36,17,[ 4 13],37,-1,63,-1,46
1,<environment.Job instance at 0x7f35f6874190>,37,28,[9 4],38,-1,87,-1,59
1,<environment.Job instance at 0x7f35f6874910>,38,25,[ 1 12],39,-1,84,-1,59
1,<environment.Job instance at 0x7f35f714b780>,39,28,[2 9],40,-1,87,-1,59
1,<environment.Job instance at 0x7f35f714bf00>,41,14,[14  3],42,-1,73,-1,59
1,<environment.Job instance at 0x7f35f714bc80>,42,15,[ 3 11],43,-1,74,-1,59
1,<environment.Job instance at 0x7f35f714b9b0>,43,20,[ 4 12],44,-1,79,-1,59
1,<environment.Job instance at 0x7f35f714beb0>,44,28,[ 5 14],45,-1,87,-1,59
1,<environment.Job instance at 0x7f35f714b460>,45,17,[ 3 14],46,-1,76,-1,59
1,<environment.Job instance at 0x7f35f714b910>,46,27,[ 3 10],47,-1,86,-1,59
1,<environment.Job instance at 0x7f35f6b73af0>,0,18,[9 3],1,-1,20,-1,2
1,<environment.Job instance at 0x7f35f6b8c780>,2,24,[8 5],3,-1,27,-1,3
1,<environment.Job instance at 0x7f35f6b731e0>,1,17,[9 4],2,-1,20,-1,3
1,<environment.Job instance at 0x7f35f6b8cd70>,6,17,[4 8],7,-1,25,-1,8
1,<environment.Job instance at 0x7f35f6b8cd20>,8,16,[8 4],9,-1,25,-1,9
1,<environment.Job instance at 0x7f35f6b8ca50>,16,15,[ 4 12],17,-1,35,-1,20
1,<environment.Job instance at 0x7f35f6b8c140>,11,21,[9 3],12,-1,48,-1,27
1,<environment.Job instance at 0x7f35f6b8cf00>,7,14,[5 6],8,-1,42,-1,28
1,<environment.Job instance at 0x7f35f6b8ccd0>,17,13,[7 1],18,-1,47,-1,34
1,<environment.Job instance at 0x7f35f6b8ca00>,5,22,[13  5],6,-1,56,-1,34
1,<environment.Job instance at 0x7f35f6b8c190>,10,26,[ 3 14],11,-1,67,-1,41
1,<environment.Job instance at 0x7f35f6b93280>,24,24,[7 4],25,-1,65,-1,41
1,<environment.Job instance at 0x7f35f714b730>,3,14,[14  1],4,-1,18,-1,4
1,<environment.Job instance at 0x7f35f714bd20>,5,22,[13  5],6,-1,28,-1,6
1,<environment.Job instance at 0x7f35f714bdc0>,2,24,[8 5],3,-1,43,-1,19
1,<environment.Job instance at 0x7f35f714b910>,9,17,[ 5 13],10,-1,36,-1,19
1,<environment.Job instance at 0x7f35f714be10>,10,26,[ 3 14],11,-1,45,-1,19
1,<environment.Job instance at 0x7f35f714b190>,4,24,[8 5],5,-1,43,-1,19
1,<environment.Job instance at 0x7f35f714b9b0>,13,26,[4 8],14,-1,50,-1,24
1,<environment.Job instance at 0x7f35f714b410>,16,15,[ 4 12],17,-1,39,-1,24
1,<environment.Job instance at 0x7f35f714b230>,18,20,[ 4 13],19,-1,44,-1,24
1,<environment.Job instance at 0x7f35f714beb0>,12,26,[ 1 10],13,-1,59,-1,33
1,<environment.Job instance at 0x7f35f6874c30>,19,25,[4 8],20,-1,58,-1,33
1,<environment.Job instance at 0x7f35f6874910>,21,18,[14  3],22,-1,51,-1,33
1,<environment.Job instance at 0x7f35f68744b0>,23,15,[ 5 11],24,-1,48,-1,33
1,<environment.Job instance at 0x7f35f6874780>,24,24,[7 4],25,-1,69,-1,45
1,<environment.Job instance at 0x7f35f6874af0>,26,27,[13  2],27,-1,72,-1,45
1,<environment.Job instance at 0x7f35f6874eb0>,29,27,[5 7],30,-1,84,-1,57
1,<environment.Job instance at 0x7f35f5f7e140>,31,24,[ 4 12],32,-1,81,-1,57
1,<environment.Job instance at 0x7f35f5f7e460>,32,12,[14  4],33,-1,69,-1,57
1,<environment.Job instance at 0x7f35f5f7e230>,33,28,[5 5],34,-1,85,-1,57
1,<environment.Job instance at 0x7f35f5f7ee10>,34,18,[12  3],35,-1,75,-1,57
1,<environment.Job instance at 0x7f35f5f7e280>,36,21,[ 4 14],37,-1,78,-1,57
1,<environment.Job instance at 0x7f35f6b93690>,38,25,[1 7],39,-1,90,-1,65
1,<environment.Job instance at 0x7f35f73d6780>,40,25,[ 2 11],41,-1,95,-1,70
1,<environment.Job instance at 0x7f35f6b73960>,42,28,[9 3],43,-1,110,-1,82
1,<environment.Job instance at 0x7f35f6b73910>,43,21,[12  3],44,-1,103,-1,82
1,<environment.Job instance at 0x7f35f5f7ef00>,44,28,[11  3],45,-1,110,-1,82
1,<environment.Job instance at 0x7f35f6815f00>,46,20,[ 4 11],47,-1,102,-1,82
1,<environment.Job instance at 0x7f35f6815d70>,47,27,[ 3 13],48,-1,109,-1,82
1,<environment.Job instance at 0x7f35f68151e0>,48,22,[ 2 11],49,-1,104,-1,82
1,<environment.Job instance at 0x7f35f6815550>,49,24,[ 2 13],50,-1,106,-1,82
1,<environment.Job instance at 0x7f35f73d6690>,41,26,[1 9],42,-1,112,-1,86
1,<environment.Job instance at 0x7f35f61897d0>,10,23,[6 4],11,-1,50,-1,27
1,<environment.Job instance at 0x7f35f6189af0>,9,16,[9 4],10,-1,46,-1,30
1,<environment.Job instance at 0x7f35f6277d70>,5,14,[ 3 13],6,-1,44,-1,30
1,<environment.Job instance at 0x7f35f6189b90>,14,18,[ 5 13],15,-1,48,-1,30
1,<environment.Job instance at 0x7f35f6189dc0>,13,13,[ 2 10],14,-1,43,-1,30
1,<environment.Job instance at 0x7f35f6189c30>,15,14,[12  2],16,-1,44,-1,30
1,<environment.Job instance at 0x7f35f6189c80>,11,17,[5 5],12,-1,47,-1,30
1,<environment.Job instance at 0x7f35f6189eb0>,18,21,[14  5],19,-1,51,-1,30
1,<environment.Job instance at 0x7f35f6189f50>,17,28,[1 5],18,-1,60,-1,32
1,<environment.Job instance at 0x7f35f61aa0f0>,20,18,[ 1 10],21,-1,50,-1,32
1,<environment.Job instance at 0x7f35f6189d20>,12,20,[ 1 11],13,-1,52,-1,32
1,<environment.Job instance at 0x7f35f61aa190>,21,12,[12  3],22,-1,45,-1,33
1,<environment.Job instance at 0x7f35f61aa370>,23,20,[3 9],24,-1,55,-1,35
1,<environment.Job instance at 0x7f35f61aa4b0>,24,25,[4 5],25,-1,60,-1,35
1,<environment.Job instance at 0x7f35f61aa1e0>,19,25,[8 1],20,-1,61,-1,36
1,<environment.Job instance at 0x7f35f61aa2d0>,22,21,[7 4],23,-1,57,-1,36
1,<environment.Job instance at 0x7f35f6189870>,8,28,[14  2],9,-1,64,-1,36
1,<environment.Job instance at 0x7f35f61aa690>,27,28,[13  4],28,-1,64,-1,36
1,<environment.Job instance at 0x7f35f6958b90>,0,19,[ 5 14],1,-1,20,-1,1
1,<environment.Job instance at 0x7f35f6958af0>,2,26,[ 1 13],3,-1,29,-1,3
1,<environment.Job instance at 0x7f35f6958d20>,5,14,[ 3 13],6,-1,20,-1,6
1,<environment.Job instance at 0x7f35f6958730>,6,16,[ 5 13],7,-1,23,-1,7
1,<environment.Job instance at 0x7f35f6958690>,8,28,[14  2],9,-1,37,-1,9
1,<environment.Job instance at 0x7f35f69580a0>,12,20,[ 1 11],13,-1,35,-1,15
1,<environment.Job instance at 0x7f35f69589b0>,14,18,[ 5 13],15,-1,33,-1,15
1,<environment.Job instance at 0x7f35f69585f0>,10,23,[6 4],11,-1,38,-1,15
1,<environment.Job instance at 0x7f35f658f730>,15,14,[12  2],16,-1,30,-1,16
1,<environment.Job instance at 0x7f35f658ff00>,17,28,[1 5],18,-1,46,-1,18
1,<environment.Job instance at 0x7f35f658f460>,18,21,[14  5],19,-1,40,-1,19
1,<environment.Job instance at 0x7f35f658f410>,21,12,[12  3],22,-1,34,-1,22
1,<environment.Job instance at 0x7f35f658fa00>,19,25,[8 1],20,-1,53,-1,28
1,<environment.Job instance at 0x7f35f658f960>,24,25,[4 5],25,-1,53,-1,28
1,<environment.Job instance at 0x7f35f658f140>,27,28,[13  4],28,-1,56,-1,28
1,<environment.Job instance at 0x7f35f658f910>,28,20,[13  2],29,-1,49,-1,29
1,<environment.Job instance at 0x7f35f6815af0>,29,14,[12  3],30,-1,44,-1,30
1,<environment.Job instance at 0x7f35f6815b40>,30,17,[ 5 13],31,-1,48,-1,31
1,<environment.Job instance at 0x7f35f658f2d0>,25,25,[10  3],26,-1,69,-1,44
1,<environment.Job instance at 0x7f35f658f0a0>,31,13,[11  3],32,-1,57,-1,44
1,<environment.Job instance at 0x7f35f68157d0>,32,18,[13  4],33,-1,62,-1,44
1,<environment.Job instance at 0x7f35f6815d70>,34,12,[ 3 12],35,-1,56,-1,44
1,<environment.Job instance at 0x7f35f68153c0>,35,16,[ 2 11],36,-1,60,-1,44
1,<environment.Job instance at 0x7f35f6815320>,36,27,[14  4],37,-1,71,-1,44
1,<environment.Job instance at 0x7f35f6815690>,37,25,[ 2 14],38,-1,69,-1,44
1,<environment.Job instance at 0x7f35f6b93690>,40,20,[ 3 11],41,-1,64,-1,44
1,<environment.Job instance at 0x7f35f5f7ef00>,43,15,[ 2 14],44,-1,63,-1,48
1,<environment.Job instance at 0x7f35f5f7e910>,44,23,[ 3 14],45,-1,71,-1,48
1,<environment.Job instance at 0x7f35f5f7e7d0>,45,21,[ 5 13],46,-1,69,-1,48
1,<environment.Job instance at 0x7f35f5f7e280>,46,16,[ 3 14],47,-1,64,-1,48
1,<environment.Job instance at 0x7f35f5f7ee10>,47,17,[11  5],48,-1,65,-1,48
1,<environment.Job instance at 0x7f35f5f7e640>,48,14,[11  3],49,-1,63,-1,49
1,<environment.Job instance at 0x7f35f5f7ef50>,50,13,[14  1],51,-1,70,-1,57
1,<environment.Job instance at 0x7f35f6874550>,53,16,[ 2 12],54,-1,80,-1,64
1,<environment.Job instance at 0x7f35f6874960>,54,18,[ 3 11],55,-1,82,-1,64
1,<environment.Job instance at 0x7f35f6874fa0>,56,15,[ 1 14],57,-1,91,-1,76
1,<environment.Job instance at 0x7f35f6874910>,57,24,[5 2],58,-1,105,-1,81
1,<environment.Job instance at 0x7f35f6874370>,58,23,[ 2 13],59,-1,104,-1,81
1,<environment.Job instance at 0x7f35f6874780>,59,13,[14  1],60,-1,94,-1,81
1,<environment.Job instance at 0x7f35f6874e60>,60,22,[ 1 11],61,-1,103,-1,81
1,<environment.Job instance at 0x7f35f68744b0>,62,13,[ 3 12],63,-1,94,-1,81
1,<environment.Job instance at 0x7f35f714b230>,63,14,[ 2 11],64,-1,95,-1,81
1,<environment.Job instance at 0x7fc9dd885b40>,4,24,[ 3 11],5,-1,52,-1,28
1,<environment.Job instance at 0x7fc9dd8891e0>,12,22,[4 6],13,-1,51,-1,29
1,<environment.Job instance at 0x7fc9dd892c80>,0,24,[2 8],1,-1,25,-1,1
1,<environment.Job instance at 0x7fc9dd892eb0>,2,26,[10  1],3,-1,29,-1,3
1,<environment.Job instance at 0x7fc9dd892fa0>,3,15,[13  4],4,-1,19,-1,4
1,<environment.Job instance at 0x7fc9dd8940a0>,4,24,[ 3 11],5,-1,29,-1,5
1,<environment.Job instance at 0x7fc9dd8941e0>,6,19,[ 1 13],7,-1,26,-1,7
1,<environment.Job instance at 0x7fc9dd885960>,8,24,[ 2 12],9,-1,33,-1,9
1,<environment.Job instance at 0x7fc9dd8945a0>,10,14,[ 1 14],11,-1,25,-1,11
1,<environment.Job instance at 0x7fc9dd8947d0>,13,27,[3 8],14,-1,41,-1,14
1,<environment.Job instance at 0x7fc9dd894780>,14,14,[14  3],15,-1,29,-1,15
1,<environment.Job instance at 0x7fc9dd894870>,15,24,[ 2 13],16,-1,40,-1,16
1,<environment.Job instance at 0x7fc9dd894910>,16,19,[ 3 12],17,-1,36,-1,17
1,<environment.Job instance at 0x7fc9dd894730>,17,18,[ 5 13],18,-1,36,-1,18
1,<environment.Job instance at 0x7fc9dd894be0>,19,21,[14  4],20,-1,41,-1,20
1,<environment.Job instance at 0x7fc9dd894b40>,21,22,[14  2],22,-1,46,-1,24
1,<environment.Job instance at 0x7fc9dd894aa0>,22,25,[ 4 12],23,-1,49,-1,24
1,<environment.Job instance at 0x7fc9e6f15370>,24,20,[ 3 12],25,-1,49,-1,29
1,<environment.Job instance at 0x7fc9dd880050>,25,16,[11  3],26,-1,45,-1,29
1,<environment.Job instance at 0x7fc9dd8b6d70>,27,25,[14  4],28,-1,54,-1,29
1,<environment.Job instance at 0x7fc9dd9e4dc0>,29,24,[5 1],30,-1,65,-1,41
1,<environment.Job instance at 0x7fc9dd87db90>,32,14,[14  3],33,-1,65,-1,51
1,<environment.Job instance at 0x7fc9dd87d910>,35,23,[11  2],36,-1,79,-1,56
1,<environment.Job instance at 0x7fc9dd87da50>,36,27,[10  1],37,-1,83,-1,56
1,<environment.Job instance at 0x7fc9dd87d190>,38,16,[ 1 13],39,-1,72,-1,56
1,<environment.Job instance at 0x7fc9dd9ce910>,41,26,[13  2],42,-1,90,-1,64
1,<environment.Job instance at 0x7fc9dda2f3c0>,42,18,[ 1 13],43,-1,82,-1,64
1,<environment.Job instance at 0x7fc9dd91a2d0>,45,28,[12  4],46,-1,106,-1,78
1,<environment.Job instance at 0x7fc9dd90bb40>,46,17,[ 5 12],47,-1,95,-1,78
1,<environment.Job instance at 0x7fc9dd9b9280>,48,25,[11  4],49,-1,103,-1,78
1,<environment.Job instance at 0x7fc9dd9b90f0>,49,23,[2 6],50,-1,115,-1,92
1,<environment.Job instance at 0x7fc9dda26640>,50,13,[12  1],51,-1,105,-1,92
1,<environment.Job instance at 0x7fc9dda0a870>,51,24,[ 1 11],52,-1,116,-1,92
1,<environment.Job instance at 0x7fc9dd9a5410>,52,27,[9 1],53,-1,119,-1,92
1,<environment.Job instance at 0x7fc9dd9aa280>,54,20,[ 5 14],55,-1,113,-1,93
1,<environment.Job instance at 0x7fc9dcfd2230>,4,19,[11  3],5,-1,33,-1,14
1,<environment.Job instance at 0x7fc9dcfcf280>,7,17,[5 6],8,-1,33,-1,16
1,<environment.Job instance at 0x7fc9dcfcfe60>,14,20,[5 7],15,-1,36,-1,16
1,<environment.Job instance at 0x7fc9dd0a73c0>,0,22,[ 2 14],1,-1,23,-1,1
1,<environment.Job instance at 0x7fc9dd0a7230>,1,18,[13  3],2,-1,20,-1,2
1,<environment.Job instance at 0x7fc9dd0a7af0>,3,22,[ 4 11],4,-1,26,-1,4
1,<environment.Job instance at 0x7fc9dd0a7c80>,4,19,[11  3],5,-1,24,-1,5
1,<environment.Job instance at 0x7fc9dd07e0a0>,5,19,[11  4],6,-1,25,-1,6
1,<environment.Job instance at 0x7fc9dd0ae2d0>,6,27,[ 3 13],7,-1,34,-1,7
1,<environment.Job instance at 0x7fc9dd0aed70>,8,17,[11  4],9,-1,26,-1,9
1,<environment.Job instance at 0x7fc9dd0a5c80>,9,22,[ 1 14],10,-1,32,-1,10
1,<environment.Job instance at 0x7fc9dd0aecd0>,12,20,[ 5 13],13,-1,33,-1,13
1,<environment.Job instance at 0x7fc9dd03e910>,13,21,[ 1 13],14,-1,35,-1,14
1,<environment.Job instance at 0x7fc9dd0a55a0>,11,25,[7 4],12,-1,40,-1,15
1,<environment.Job instance at 0x7fc9dd036af0>,15,18,[ 3 13],16,-1,34,-1,16
1,<environment.Job instance at 0x7fc9dd036d20>,16,26,[ 4 14],17,-1,43,-1,17
1,<environment.Job instance at 0x7fc9dd03e820>,18,12,[12  1],19,-1,31,-1,19
1,<environment.Job instance at 0x7fc9dd03a960>,21,18,[ 3 12],22,-1,40,-1,22
1,<environment.Job instance at 0x7fc9dd0aa2d0>,22,21,[ 2 13],23,-1,44,-1,23
1,<environment.Job instance at 0x7fc9dd0aa3c0>,24,24,[5 6],25,-1,49,-1,25
1,<environment.Job instance at 0x7fc9dd0aaa50>,25,18,[11  5],26,-1,44,-1,26
1,<environment.Job instance at 0x7fc9dd049a00>,26,14,[14  1],27,-1,41,-1,27
1,<environment.Job instance at 0x7fc9dd0aa370>,27,22,[12  1],28,-1,50,-1,28
1,<environment.Job instance at 0x7fc9dd04c370>,31,27,[4 8],32,-1,68,-1,41
1,<environment.Job instance at 0x7fc9dd04c5a0>,32,27,[5 4],33,-1,68,-1,41
1,<environment.Job instance at 0x7fc9dd04cd70>,33,18,[13  4],34,-1,59,-1,41
1,<environment.Job instance at 0x7fc9dd045500>,36,14,[ 3 14],37,-1,55,-1,41
1,<environment.Job instance at 0x7fc9dd045f50>,37,21,[ 3 12],38,-1,62,-1,41
1,<environment.Job instance at 0x7fc9dd0454b0>,38,26,[ 1 11],39,-1,67,-1,41
1,<environment.Job instance at 0x7fc9dd045dc0>,39,28,[3 6],40,-1,69,-1,41
1,<environment.Job instance at 0x7fc9dd045eb0>,40,21,[ 3 12],41,-1,62,-1,41
1,<environment.Job instance at 0x7fc9dd045460>,41,17,[ 2 11],42,-1,59,-1,42
1,<environment.Job instance at 0x7fc9dd050be0>,43,14,[11  1],44,-1,58,-1,44
1,<environment.Job instance at 0x7fc9dd050f50>,44,26,[ 3 12],45,-1,71,-1,45
1,<environment.Job instance at 0x7fc9dd042550>,45,24,[4 7],46,-1,80,-1,56
1,<environment.Job instance at 0x7fc9dd0425f0>,46,16,[14  1],47,-1,72,-1,56
1,<environment.Job instance at 0x7fc9dd042640>,47,25,[5 4],48,-1,81,-1,56
1,<environment.Job instance at 0x7fc9dd050b40>,48,28,[7 2],49,-1,84,-1,56
1,<environment.Job instance at 0x7fc9dd1cc690>,49,28,[7 1],50,-1,84,-1,56
1,<environment.Job instance at 0x7fc9dd056960>,52,24,[12  2],53,-1,80,-1,56
1,<environment.Job instance at 0x7fc9dd293730>,53,26,[ 3 11],54,-1,82,-1,56
1,<environment.Job instance at 0x7fc9dd293cd0>,54,25,[ 5 11],55,-1,81,-1,56
1,<environment.Job instance at 0x7fc9dd13a460>,56,16,[ 1 11],57,-1,73,-1,57
1,<environment.Job instance at 0x7fc9dd082fa0>,58,25,[4 6],59,-1,102,-1,77
1,<environment.Job instance at 0x7fc9dd1de9b0>,61,12,[12  4],62,-1,98,-1,86
1,<environment.Job instance at 0x7fc9dd06faf0>,62,21,[12  4],63,-1,107,-1,86
1,<environment.Job instance at 0x7fc9dd089460>,63,14,[12  3],64,-1,100,-1,86
1,<environment.Job instance at 0x7fc9dd0894b0>,64,28,[ 3 13],65,-1,114,-1,86
1,<environment.Job instance at 0x7fc9dcff5640>,65,22,[ 3 12],66,-1,108,-1,86
1,<environment.Job instance at 0x7fc9dcff5690>,66,23,[11  2],67,-1,109,-1,86
1,<environment.Job instance at 0x7fc9dd1d02d0>,59,26,[4 9],60,-1,116,-1,90
1,<environment.Job instance at 0x7fc9dd05cd70>,69,15,[12  2],70,-1,105,-1,90
1,<environment.Job instance at 0x7fc9dcffa050>,70,18,[11  1],71,-1,108,-1,90
1,<environment.Job instance at 0x7fc9dce390a0>,0,23,[5 8],1,-1,24,-1,1
1,<environment.Job instance at 0x7fc9e7048e60>,11,27,[14  2],12,-1,58,-1,31
1,<environment.Job instance at 0x7fc9dce39140>,12,25,[13  2],13,-1,56,-1,31
1,<environment.Job instance at 0x7fc9dce39050>,7,27,[5 3],8,-1,58,-1,31
1,<environment.Job instance at 0x7fc9dce39fa0>,10,13,[11  1],11,-1,45,-1,32
1,<environment.Job instance at 0x7fc9dce39dc0>,0,23,[5 8],1,-1,24,-1,1
1,<environment.Job instance at 0x7fc9dce39320>,1,21,[ 4 11],2,-1,23,-1,2
1,<environment.Job instance at 0x7fc9dce39550>,2,20,[ 3 12],3,-1,23,-1,3
1,<environment.Job instance at 0x7fc9dce39460>,3,23,[10  3],4,-1,27,-1,4
1,<environment.Job instance at 0x7fc9dce830a0>,4,28,[3 8],5,-1,33,-1,5
1,<environment.Job instance at 0x7fc9dce83730>,5,24,[12  1],6,-1,30,-1,6
1,<environment.Job instance at 0x7fc9dce835a0>,6,14,[11  2],7,-1,21,-1,7
1,<environment.Job instance at 0x7fc9dce83e10>,7,27,[5 3],8,-1,35,-1,8
1,<environment.Job instance at 0x7fc9dce85140>,9,17,[ 5 11],10,-1,27,-1,10
1,<environment.Job instance at 0x7fc9dce85be0>,10,13,[11  1],11,-1,24,-1,11
1,<environment.Job instance at 0x7fc9dce85280>,11,27,[14  2],12,-1,39,-1,12
1,<environment.Job instance at 0x7fc9dce850f0>,12,25,[13  2],13,-1,38,-1,13
1,<environment.Job instance at 0x7fc9dce857d0>,13,21,[ 4 12],14,-1,35,-1,14
1,<environment.Job instance at 0x7fc9dce85b90>,15,18,[ 5 11],16,-1,34,-1,16
1,<environment.Job instance at 0x7fc9dce85fa0>,17,12,[11  1],18,-1,30,-1,18
1,<environment.Job instance at 0x7fc9dce83460>,18,13,[ 5 13],19,-1,32,-1,19
1,<environment.Job instance at 0x7fc9dceb8050>,24,28,[4 8],25,-1,60,-1,32
1,<environment.Job instance at 0x7fc9dceb8140>,25,23,[14  3],26,-1,55,-1,32
1,<environment.Job instance at 0x7fc9dceb8fa0>,26,23,[3 8],27,-1,55,-1,32
1,<environment.Job instance at 0x7fc9dceb85a0>,28,28,[11  1],29,-1,60,-1,32
1,<environment.Job instance at 0x7fc9dceb8be0>,29,17,[ 3 11],30,-1,49,-1,32
1,<environment.Job instance at 0x7fc9dceb8f50>,31,27,[7 2],32,-1,71,-1,44
1,<environment.Job instance at 0x7fc9dceb80a0>,32,16,[14  3],33,-1,60,-1,44
1,<environment.Job instance at 0x7fc9dceb8370>,33,12,[11  4],34,-1,56,-1,44
1,<environment.Job instance at 0x7fc9dceb8cd0>,34,15,[14  3],35,-1,59,-1,44
1,<environment.Job instance at 0x7fc9dcebcdc0>,35,28,[6 4],36,-1,72,-1,44
1,<environment.Job instance at 0x7fc9dcebc500>,36,13,[ 5 13],37,-1,57,-1,44
1,<environment.Job instance at 0x7fc9dcebcf00>,40,24,[11  3],41,-1,68,-1,44
1,<environment.Job instance at 0x7fc9dcebc870>,41,22,[ 5 14],42,-1,66,-1,44
1,<environment.Job instance at 0x7fc9dcebc7d0>,42,24,[14  3],43,-1,68,-1,44
1,<environment.Job instance at 0x7fc9dcecfa50>,44,28,[6 3],45,-1,86,-1,58
1,<environment.Job instance at 0x7fc9dcebceb0>,45,15,[11  2],46,-1,73,-1,58
1,<environment.Job instance at 0x7fc9dcecfd20>,46,24,[ 5 14],47,-1,82,-1,58
1,<environment.Job instance at 0x7fc9dcecfc30>,47,28,[11  1],48,-1,86,-1,58
1,<environment.Job instance at 0x7fc9dcecf6e0>,48,15,[ 5 11],49,-1,73,-1,58
1,<environment.Job instance at 0x7fc9dce7a460>,51,16,[ 2 13],52,-1,74,-1,58
1,<environment.Job instance at 0x7fc9dce7acd0>,53,24,[ 5 11],54,-1,82,-1,58
1,<environment.Job instance at 0x7fc9dce7af00>,55,13,[11  1],56,-1,86,-1,73
1,<environment.Job instance at 0x7fc9dce7afa0>,56,12,[ 3 12],57,-1,85,-1,73
1,<environment.Job instance at 0x7fc9dce7a960>,57,25,[8 3],58,-1,101,-1,76
1,<environment.Job instance at 0x7fc9dce7a7d0>,59,15,[ 5 13],60,-1,91,-1,76
1,<environment.Job instance at 0x7fc9dce7a640>,62,23,[ 1 13],63,-1,111,-1,88
1,<environment.Job instance at 0x7fc9dce7a1e0>,63,12,[12  2],64,-1,100,-1,88
1,<environment.Job instance at 0x7fc9dce7a5a0>,61,24,[5 1],62,-1,118,-1,94
1,<environment.Job instance at 0x7fc9dce77870>,66,19,[ 3 14],67,-1,113,-1,94
1,<environment.Job instance at 0x7fc9dce77aa0>,67,26,[ 1 14],68,-1,120,-1,94
1,<environment.Job instance at 0x7fc9dd4174b0>,3,22,[10  2],4,-1,31,-1,9
1,<environment.Job instance at 0x7fc9dd381d20>,10,26,[4 7],11,-1,37,-1,11
1,<environment.Job instance at 0x7fc9dce77460>,0,23,[11  3],1,-1,24,-1,1
1,<environment.Job instance at 0x7fc9dce777d0>,2,20,[14  4],3,-1,23,-1,3
1,<environment.Job instance at 0x7fc9dce77730>,4,16,[ 2 11],5,-1,21,-1,5
1,<environment.Job instance at 0x7fc9dce7afa0>,9,16,[ 4 13],10,-1,26,-1,10
1,<environment.Job instance at 0x7fc9dce7a5f0>,10,26,[4 7],11,-1,43,-1,17
1,<environment.Job instance at 0x7fc9dce7a7d0>,12,25,[11  1],13,-1,42,-1,17
1,<environment.Job instance at 0x7fc9dce7a5a0>,5,24,[8 2],6,-1,50,-1,26
1,<environment.Job instance at 0x7fc9dce7ac80>,14,17,[12  2],15,-1,43,-1,26
1,<environment.Job instance at 0x7fc9dce7acd0>,15,19,[11  2],16,-1,45,-1,26
1,<environment.Job instance at 0x7fc9dce7a550>,16,12,[14  5],17,-1,38,-1,26
1,<environment.Job instance at 0x7fc9dce7a460>,17,24,[ 1 11],18,-1,50,-1,26
1,<environment.Job instance at 0x7fc9dce7af00>,18,18,[ 4 12],19,-1,44,-1,26
1,<environment.Job instance at 0x7fc9dce7a690>,13,26,[4 8],14,-1,52,-1,26
1,<environment.Job instance at 0x7fc9dd414460>,22,22,[ 3 14],23,-1,48,-1,26
1,<environment.Job instance at 0x7fc9dce9aaf0>,23,28,[14  4],24,-1,54,-1,26
1,<environment.Job instance at 0x7fc9dce7a960>,11,25,[10  5],12,-1,51,-1,26
1,<environment.Job instance at 0x7fc9dce830a0>,25,25,[ 3 13],26,-1,51,-1,26
1,<environment.Job instance at 0x7fc9dd2c1870>,27,24,[ 2 13],28,-1,52,-1,28
1,<environment.Job instance at 0x7fc9dd399410>,28,21,[ 2 14],29,-1,50,-1,29
1,<environment.Job instance at 0x7fc9dd399190>,29,16,[ 5 13],30,-1,46,-1,30
1,<environment.Job instance at 0x7fc9dd399be0>,30,28,[1 7],31,-1,72,-1,44
1,<environment.Job instance at 0x7fc9dd399500>,34,24,[12  1],35,-1,68,-1,44
1,<environment.Job instance at 0x7fc9e703fdc0>,36,18,[13  2],37,-1,62,-1,44
1,<environment.Job instance at 0x7fc9e703f9b0>,37,19,[ 5 13],38,-1,63,-1,44
1,<environment.Job instance at 0x7fc9e703f1e0>,38,28,[3 5],39,-1,72,-1,44
1,<environment.Job instance at 0x7fc9dce9bdc0>,41,26,[5 3],42,-1,80,-1,54
1,<environment.Job instance at 0x7fc9dce9b640>,42,18,[11  4],43,-1,72,-1,54
1,<environment.Job instance at 0x7fc9dce9b8c0>,43,15,[ 3 11],44,-1,69,-1,54
1,<environment.Job instance at 0x7fc9dce9b050>,46,12,[ 3 11],47,-1,66,-1,54
1,<environment.Job instance at 0x7fc9dce9b5f0>,45,27,[2 8],46,-1,93,-1,66
1,<environment.Job instance at 0x7fc9dce9b190>,48,20,[12  2],49,-1,86,-1,66
1,<environment.Job instance at 0x7fc9dce9bb40>,49,24,[ 5 11],50,-1,90,-1,66
1,<environment.Job instance at 0x7fc9dce9bf50>,51,27,[ 4 12],52,-1,93,-1,66
1,<environment.Job instance at 0x7fc9dce9b4b0>,53,13,[11  3],54,-1,83,-1,70
1,<environment.Job instance at 0x7fc9dce9b2d0>,54,25,[13  3],55,-1,95,-1,70
1,<environment.Job instance at 0x7fc9dce9b6e0>,55,17,[ 2 14],56,-1,87,-1,70
1,<environment.Job instance at 0x7fc9dce9b820>,52,23,[5 7],53,-1,102,-1,79
1,<environment.Job instance at 0x7fc9dce9b870>,57,20,[12  3],58,-1,99,-1,79
1,<environment.Job instance at 0x7fc9dce9b500>,58,16,[ 5 14],59,-1,95,-1,79
1,<environment.Job instance at 0x7fc9dd37eb90>,59,13,[12  5],60,-1,92,-1,79
1,<environment.Job instance at 0x7fc9dd37ed20>,61,27,[12  2],62,-1,106,-1,79
1,<environment.Job instance at 0x7fc9dd37e2d0>,62,26,[13  4],63,-1,105,-1,79
1,<environment.Job instance at 0x7fc9dd514d20>,0,17,[2 6],1,-1,18,-1,1
1,<environment.Job instance at 0x7fc9dd233910>,5,14,[9 5],6,-1,21,-1,7
1,<environment.Job instance at 0x7fc9dd2335a0>,7,26,[7 3],8,-1,34,-1,8
1,<environment.Job instance at 0x7fc9dd2334b0>,8,17,[2 8],9,-1,26,-1,9
1,<environment.Job instance at 0x7fc9dd6785f0>,9,26,[3 5],10,-1,36,-1,10
1,<environment.Job instance at 0x7fc9dd678640>,10,16,[ 1 10],11,-1,27,-1,11
1,<environment.Job instance at 0x7fc9dd690690>,17,14,[12  4],18,-1,43,-1,29
1,<environment.Job instance at 0x7fc9dce77960>,6,28,[1 9],7,-1,57,-1,29
1,<environment.Job instance at 0x7fc9dd690050>,21,21,[13  4],22,-1,62,-1,41
1,<environment.Job instance at 0x7fc9dd690280>,20,20,[12  3],21,-1,64,-1,44
1,<environment.Job instance at 0x7fc9dd6a2af0>,23,16,[11  1],24,-1,60,-1,44
1,<environment.Job instance at 0x7fc9dd6a2a50>,24,20,[2 8],25,-1,64,-1,44
1,<environment.Job instance at 0x7fc9dd6a2d20>,27,21,[5 9],28,-1,65,-1,44
1,<environment.Job instance at 0x7fc9dd2b7280>,29,15,[ 3 12],30,-1,73,-1,58
1,<environment.Job instance at 0x7fc9dd690190>,16,22,[14  2],17,-1,80,-1,58
1,<environment.Job instance at 0x7fc9dd233aa0>,4,17,[ 4 13],5,-1,107,-1,90
1,<environment.Job instance at 0x7fc9dd69f320>,35,28,[ 4 12],36,-1,118,-1,90
1,<environment.Job instance at 0x7fc9dd69f4b0>,36,20,[11  3],37,-1,111,-1,91
1,<environment.Job instance at 0x7fc9dd2bbd20>,33,28,[11  3],34,-1,119,-1,91
1,<environment.Job instance at 0x7fc9dd6a2dc0>,32,12,[14  3],33,-1,103,-1,91
1,<environment.Job instance at 0x7fc9dd108d20>,1,16,[ 1 11],2,-1,18,-1,2
1,<environment.Job instance at 0x7fc9dd108af0>,2,26,[12  3],3,-1,29,-1,3
1,<environment.Job instance at 0x7fc9dd108e60>,4,17,[ 4 13],5,-1,22,-1,5
1,<environment.Job instance at 0x7fc9dceaf500>,6,28,[1 9],7,-1,46,-1,18
1,<environment.Job instance at 0x7fc9dceaff50>,9,26,[3 5],10,-1,44,-1,18
1,<environment.Job instance at 0x7fc9dceafe10>,11,13,[ 2 13],12,-1,31,-1,18
1,<environment.Job instance at 0x7fc9dceaf6e0>,12,18,[12  5],13,-1,36,-1,18
1,<environment.Job instance at 0x7fc9dceafdc0>,13,26,[13  3],14,-1,44,-1,18
1,<environment.Job instance at 0x7fc9dceafb40>,14,13,[14  1],15,-1,31,-1,18
1,<environment.Job instance at 0x7fc9dceaf0f0>,15,16,[ 3 11],16,-1,34,-1,18
1,<environment.Job instance at 0x7fc9dceafc80>,16,22,[14  2],17,-1,40,-1,18
1,<environment.Job instance at 0x7fc9dceaf1e0>,17,14,[12  4],18,-1,32,-1,18
1,<environment.Job instance at 0x7fc9dcf77140>,18,14,[11  1],19,-1,33,-1,19
1,<environment.Job instance at 0x7fc9e70ad3c0>,19,28,[6 2],20,-1,48,-1,20
1,<environment.Job instance at 0x7fc9dd108410>,7,26,[7 3],8,-1,46,-1,20
1,<environment.Job instance at 0x7fc9dcfd4690>,20,20,[12  3],21,-1,41,-1,21
1,<environment.Job instance at 0x7fc9dd37e7d0>,21,21,[13  4],22,-1,43,-1,22
1,<environment.Job instance at 0x7fc9dcfd46e0>,23,16,[11  1],24,-1,40,-1,24
1,<environment.Job instance at 0x7fc9dd37ea50>,25,14,[11  5],26,-1,40,-1,26
1,<environment.Job instance at 0x7fc9dd37e460>,26,13,[ 1 11],27,-1,40,-1,27
1,<environment.Job instance at 0x7fc9dd37e230>,22,23,[2 8],23,-1,53,-1,30
1,<environment.Job instance at 0x7fc9dd37e320>,28,25,[6 1],29,-1,55,-1,30
1,<environment.Job instance at 0x7fc9dd37e1e0>,29,15,[ 3 12],30,-1,45,-1,30
1,<environment.Job instance at 0x7fc9dd37e5a0>,30,18,[13  2],31,-1,49,-1,31
1,<environment.Job instance at 0x7fc9dd37e730>,32,12,[14  3],33,-1,45,-1,33
1,<environment.Job instance at 0x7fc9dce9b500>,33,28,[11  3],34,-1,62,-1,34
1,<environment.Job instance at 0x7fc9dce9bc30>,35,28,[ 4 12],36,-1,64,-1,36
1,<environment.Job instance at 0x7fc9dce9b820>,36,20,[11  3],37,-1,57,-1,37
1,<environment.Job instance at 0x7fc9dce9bf50>,37,15,[ 5 13],38,-1,53,-1,38
1,<environment.Job instance at 0x7fc9dce9b190>,40,24,[12  5],41,-1,70,-1,46
1,<environment.Job instance at 0x7fc9dce9b230>,41,19,[ 2 14],42,-1,65,-1,46
1,<environment.Job instance at 0x7fc9dce9bb40>,42,22,[12  1],43,-1,68,-1,46
1,<environment.Job instance at 0x7fc9dce9b0f0>,43,13,[ 3 11],44,-1,59,-1,46
1,<environment.Job instance at 0x7fc9dd37e0a0>,31,27,[5 7],32,-1,77,-1,50
1,<environment.Job instance at 0x7fc9dce9b0a0>,45,17,[ 1 14],46,-1,67,-1,50
1,<environment.Job instance at 0x7fc9dce9b320>,46,14,[ 3 14],47,-1,64,-1,50
1,<environment.Job instance at 0x7fc9dce9b5a0>,47,24,[ 3 11],48,-1,74,-1,50
1,<environment.Job instance at 0x7fc9dce9beb0>,49,25,[12  3],50,-1,75,-1,50
1,<environment.Job instance at 0x7fc9dce9b140>,50,12,[ 2 12],51,-1,63,-1,51
1,<environment.Job instance at 0x7fc9e703f690>,52,27,[ 2 11],53,-1,80,-1,53
1,<environment.Job instance at 0x7fc9e703faf0>,53,27,[ 3 14],54,-1,81,-1,54
1,<environment.Job instance at 0x7fc9dd3ae320>,56,28,[5 2],57,-1,97,-1,69
1,<environment.Job instance at 0x7fc9dd414460>,57,28,[13  5],58,-1,97,-1,69
1,<environment.Job instance at 0x7fc9dd3aab90>,58,26,[8 3],59,-1,100,-1,74
1,<environment.Job instance at 0x7fc9dce913c0>,61,14,[ 3 11],62,-1,88,-1,74
1,<environment.Job instance at 0x7fc9dce83730>,62,27,[ 3 14],63,-1,101,-1,74
1,<environment.Job instance at 0x7fc9dce830a0>,63,15,[14  1],64,-1,89,-1,74
1,<environment.Job instance at 0x7fc9dce83140>,64,27,[ 5 11],65,-1,101,-1,74
1,<environment.Job instance at 0x7fc9dce7a870>,66,25,[ 1 13],67,-1,99,-1,74
1,<environment.Job instance at 0x7fc9dce7a550>,67,26,[10  3],68,-1,109,-1,83
1,<environment.Job instance at 0x7fc9dce7af50>,70,21,[13  1],71,-1,109,-1,88
1,<environment.Job instance at 0x7fc9dce7a7d0>,71,18,[ 2 12],72,-1,106,-1,88
1,<environment.Job instance at 0x7fc9dce7a280>,72,14,[ 2 11],73,-1,102,-1,88
1,<environment.Job instance at 0x7fc9dce7afa0>,74,12,[ 4 13],75,-1,108,-1,96
1,<environment.Job instance at 0x7fc9dd321320>,0,21,[9 1],1,-1,23,-1,2
1,<environment.Job instance at 0x7fc9dd321870>,1,18,[5 8],2,-1,20,-1,2
1,<environment.Job instance at 0x7fc9dd5ecd20>,6,15,[9 2],7,-1,23,-1,8
1,<environment.Job instance at 0x7fc9dd5ec370>,8,17,[7 3],9,-1,26,-1,9
1,<environment.Job instance at 0x7fc9dd5ec3c0>,9,18,[11  5],10,-1,28,-1,10
1,<environment.Job instance at 0x7fc9dd5ecf50>,10,28,[7 2],11,-1,39,-1,11
1,<environment.Job instance at 0x7fc9dd321eb0>,7,21,[3 9],8,-1,33,-1,12
1,<environment.Job instance at 0x7fc9dce7a1e0>,2,19,[ 2 14],3,-1,22,-1,3
1,<environment.Job instance at 0x7fc9dd2bb410>,4,24,[14  2],5,-1,29,-1,5
1,<environment.Job instance at 0x7fc9dce7ac30>,9,18,[11  5],10,-1,38,-1,20
1,<environment.Job instance at 0x7fc9e70ad3c0>,11,20,[14  4],12,-1,40,-1,20
1,<environment.Job instance at 0x7fc9dcf77140>,12,21,[13  5],13,-1,41,-1,20
1,<environment.Job instance at 0x7fc9dd3aab90>,10,28,[7 2],11,-1,50,-1,22
1,<environment.Job instance at 0x7fc9dce7a820>,14,14,[ 1 12],15,-1,36,-1,22
1,<environment.Job instance at 0x7fc9dce7a5a0>,15,15,[14  3],16,-1,37,-1,22
1,<environment.Job instance at 0x7fc9dd3213c0>,17,23,[ 2 13],18,-1,45,-1,22
1,<environment.Job instance at 0x7fc9dd2bdc30>,18,25,[1 6],19,-1,57,-1,32
1,<environment.Job instance at 0x7fc9dd2bdeb0>,19,22,[12  5],20,-1,54,-1,32
1,<environment.Job instance at 0x7fc9dd2bddc0>,22,24,[2 5],23,-1,61,-1,37
1,<environment.Job instance at 0x7fc9dd2bd780>,20,23,[7 1],21,-1,60,-1,37
1,<environment.Job instance at 0x7fc9dd2bd2d0>,24,12,[ 2 13],25,-1,49,-1,37
1,<environment.Job instance at 0x7fc9dd2bd820>,25,27,[4 9],26,-1,64,-1,37
1,<environment.Job instance at 0x7fc9dd5d0fa0>,28,14,[ 5 14],29,-1,51,-1,37
1,<environment.Job instance at 0x7fc9dd2bd9b0>,27,24,[10  2],28,-1,76,-1,52
1,<environment.Job instance at 0x7fc9dd5d0e10>,32,25,[11  2],33,-1,77,-1,52
1,<environment.Job instance at 0x7fc9dd5d0a50>,33,15,[ 3 12],34,-1,67,-1,52
1,<environment.Job instance at 0x7fc9dd5d09b0>,34,17,[ 3 12],35,-1,69,-1,52
1,<environment.Job instance at 0x7fc9dd5d0e60>,35,22,[14  5],36,-1,74,-1,52
1,<environment.Job instance at 0x7fc9dd5d0f50>,38,23,[14  4],39,-1,87,-1,64
1,<environment.Job instance at 0x7fc9dd2346e0>,40,15,[ 5 14],41,-1,87,-1,72
1,<environment.Job instance at 0x7fc9dd2340f0>,42,19,[ 5 13],43,-1,99,-1,80
1,<environment.Job instance at 0x7fc9dd5d0d70>,37,23,[9 5],38,-1,103,-1,80
1,<environment.Job instance at 0x7fc9dd234910>,46,12,[13  4],47,-1,92,-1,80
1,<environment.Job instance at 0x7fc9dd234f00>,47,12,[14  4],48,-1,92,-1,80
1,<environment.Job instance at 0x7fc9dd234730>,48,12,[ 1 13],49,-1,92,-1,80
1,<environment.Job instance at 0x7fc9dd26d4b0>,51,12,[ 5 12],52,-1,105,-1,93
1,<environment.Job instance at 0x7fc9dd26d460>,52,26,[9 3],53,-1,123,-1,97
1,<environment.Job instance at 0x7fc9dd26d5a0>,53,27,[ 5 13],54,-1,124,-1,97
1,<environment.Job instance at 0x7fc9dd26d140>,54,28,[ 4 14],55,-1,125,-1,97
1,<environment.Job instance at 0x7fc9dd234aa0>,50,28,[9 5],51,-1,125,-1,97
1,<environment.Job instance at 0x7fc9dd26d050>,56,13,[12  1],57,-1,110,-1,97
1,<environment.Job instance at 0x7fc9dd2febe0>,1,17,[2 7],2,-1,20,-1,3
1,<environment.Job instance at 0x7fc9dd324500>,2,14,[4 9],3,-1,21,-1,7
1,<environment.Job instance at 0x7fc9dd6d4fa0>,9,16,[ 3 12],10,-1,31,-1,15
1,<environment.Job instance at 0x7fc9dd6d49b0>,12,24,[ 4 10],13,-1,40,-1,16
1,<environment.Job instance at 0x7fc9dd6d4e10>,4,24,[9 2],5,-1,40,-1,16
1,<environment.Job instance at 0x7fc9dd6d4910>,10,12,[ 3 12],11,-1,31,-1,19
1,<environment.Job instance at 0x7fc9dd6d4500>,7,27,[ 2 13],8,-1,48,-1,21
1,<environment.Job instance at 0x7fc9dd6d4dc0>,17,17,[4 5],18,-1,38,-1,21
1,<environment.Job instance at 0x7fc9dd6d4460>,15,16,[5 5],16,-1,38,-1,22
1,<environment.Job instance at 0x7fc9dd6d4410>,19,13,[3 9],20,-1,35,-1,22
1,<environment.Job instance at 0x7fc9dd6d4c30>,20,14,[ 2 11],21,-1,36,-1,22
1,<environment.Job instance at 0x7fc9dd6bf050>,21,16,[6 5],22,-1,38,-1,22
1,<environment.Job instance at 0x7fc9dd6d48c0>,18,13,[8 5],19,-1,35,-1,22
1,<environment.Job instance at 0x7fc9dd6bf230>,23,17,[12  4],24,-1,41,-1,24
1,<environment.Job instance at 0x7fc9dd6bf320>,24,26,[ 1 10],25,-1,51,-1,25
1,<environment.Job instance at 0x7fc9dd6bf0f0>,26,15,[8 2],27,-1,44,-1,29
1,<environment.Job instance at 0x7fc9dd6bf6e0>,31,13,[6 1],32,-1,66,-1,53
1,<environment.Job instance at 0x7fc9dd6bf730>,32,13,[1 8],33,-1,66,-1,53
1,<environment.Job instance at 0x7fc9dd6bf8c0>,33,21,[10  4],34,-1,74,-1,53
1,<environment.Job instance at 0x7fc9dd6bf960>,34,13,[12  5],35,-1,66,-1,53
1,<environment.Job instance at 0x7fc9dd6bfa00>,35,13,[ 5 10],36,-1,66,-1,53
1,<environment.Job instance at 0x7fc9dd6d4c80>,14,23,[ 1 14],15,-1,76,-1,53
1,<environment.Job instance at 0x7fc9dd6bf780>,30,28,[3 6],31,-1,81,-1,53
1,<environment.Job instance at 0x7fc9dd6bfb40>,37,22,[ 3 10],38,-1,75,-1,53
1,<environment.Job instance at 0x7fc9dd6bfbe0>,38,14,[6 5],39,-1,67,-1,53
1,<environment.Job instance at 0x7fc9dd6bfc80>,39,19,[ 4 10],40,-1,72,-1,53
1,<environment.Job instance at 0x7fc9dd6bfaa0>,36,15,[6 1],37,-1,68,-1,53
1,<environment.Job instance at 0x7fc9dd6bfeb0>,43,16,[12  2],44,-1,69,-1,53
1,<environment.Job instance at 0x7fc9dd3101e0>,0,26,[14  4],1,-1,27,-1,1
1,<environment.Job instance at 0x7fc9dd310690>,3,18,[14  1],4,-1,22,-1,4
1,<environment.Job instance at 0x7fc9dd310960>,4,24,[9 2],5,-1,29,-1,5
1,<environment.Job instance at 0x7fc9dd310820>,6,15,[ 5 11],7,-1,22,-1,7
1,<environment.Job instance at 0x7fc9dd3100f0>,7,27,[ 2 13],8,-1,35,-1,8
1,<environment.Job instance at 0x7fc9dd310fa0>,9,16,[ 3 12],10,-1,26,-1,10
1,<environment.Job instance at 0x7fc9de3b0370>,10,12,[ 3 12],11,-1,23,-1,11
1,<environment.Job instance at 0x7fc9de3b0e10>,11,13,[ 3 12],12,-1,25,-1,12
1,<environment.Job instance at 0x7fc9de3b04b0>,13,25,[11  2],14,-1,39,-1,14
1,<environment.Job instance at 0x7fc9de3b0c30>,14,23,[ 1 14],15,-1,38,-1,15
1,<environment.Job instance at 0x7fc9de3b0640>,16,12,[ 3 12],17,-1,29,-1,17
1,<environment.Job instance at 0x7fc9de3b0780>,8,27,[5 1],9,-1,45,-1,18
1,<environment.Job instance at 0x7fc9de3b0550>,12,24,[ 4 10],13,-1,43,-1,19
1,<environment.Job instance at 0x7fc9de3b0a00>,20,14,[ 2 11],21,-1,35,-1,21
1,<environment.Job instance at 0x7fc9de3b0d20>,22,22,[ 5 14],23,-1,45,-1,23
1,<environment.Job instance at 0x7fc9de3b0b90>,23,17,[12  4],24,-1,41,-1,24
1,<environment.Job instance at 0x7fc9de3b0410>,24,26,[ 1 10],25,-1,58,-1,32
1,<environment.Job instance at 0x7fc9dd26d6e0>,29,12,[ 1 11],30,-1,56,-1,44
1,<environment.Job instance at 0x7fc9dd26dbe0>,30,28,[3 6],31,-1,77,-1,49
1,<environment.Job instance at 0x7fc9dd26dfa0>,34,13,[12  5],35,-1,70,-1,57
1,<environment.Job instance at 0x7fc9dd26d460>,41,24,[ 4 10],42,-1,108,-1,84
1,<environment.Job instance at 0x7fc9dd234aa0>,42,24,[ 2 14],43,-1,108,-1,84
1,<environment.Job instance at 0x7fc9dd234730>,43,16,[12  2],44,-1,100,-1,84
1,<environment.Job instance at 0x7fc9dd234870>,44,15,[ 5 12],45,-1,99,-1,84
1,<environment.Job instance at 0x7fc9dd234910>,45,28,[ 2 11],46,-1,112,-1,84
1,<environment.Job instance at 0x7fc9dd2348c0>,46,28,[13  3],47,-1,112,-1,84
1,<environment.Job instance at 0x7fc9dd234b90>,48,23,[13  5],49,-1,107,-1,84
1,<environment.Job instance at 0x7fc9dd234e10>,49,19,[ 3 13],50,-1,103,-1,84
1,<environment.Job instance at 0x7fc9dd5d0d70>,53,23,[6 5],54,-1,119,-1,96
1,<environment.Job instance at 0x7fc9dd5d0460>,54,17,[ 2 13],55,-1,113,-1,96
1,<environment.Job instance at 0x7fc9dd5d0e60>,55,20,[ 1 11],56,-1,116,-1,96
1,<environment.Job instance at 0x7fc9dcebb960>,0,23,[8 4],1,-1,24,-1,1
1,<environment.Job instance at 0x7fc9ddd48a50>,0,23,[8 4],1,-1,24,-1,1
1,<environment.Job instance at 0x7fc9ddaf4c30>,1,13,[12  4],2,-1,15,-1,2
1,<environment.Job instance at 0x7fc9ddd487d0>,2,27,[9 3],3,-1,30,-1,3
1,<environment.Job instance at 0x7fc9dd6bfdc0>,4,18,[ 5 12],5,-1,23,-1,5
1,<environment.Job instance at 0x7fc9dd6d40a0>,5,28,[ 2 13],6,-1,34,-1,6
1,<environment.Job instance at 0x7fc9dd6bf5a0>,6,26,[ 3 14],7,-1,33,-1,7
1,<environment.Job instance at 0x7fc9ddd43230>,7,15,[11  5],8,-1,23,-1,8
1,<environment.Job instance at 0x7fc9dd414460>,9,15,[ 3 13],10,-1,25,-1,10
1,<environment.Job instance at 0x7fc9dd2bb910>,10,25,[13  4],11,-1,36,-1,11
1,<environment.Job instance at 0x7fc9de3ab730>,11,17,[13  1],12,-1,29,-1,12
1,<environment.Job instance at 0x7fc9dd6d45f0>,13,25,[12  1],14,-1,39,-1,14
1,<environment.Job instance at 0x7fc9dd2bd820>,14,28,[14  4],15,-1,43,-1,15
1,<environment.Job instance at 0x7fc9dd2bdb40>,15,16,[ 1 13],16,-1,32,-1,16
1,<environment.Job instance at 0x7fc9dd2bd2d0>,16,26,[ 3 11],17,-1,43,-1,17
1,<environment.Job instance at 0x7fc9dd2bdaa0>,19,26,[12  4],20,-1,46,-1,20
1,<environment.Job instance at 0x7fc9dd2bda50>,20,16,[11  4],21,-1,37,-1,21
1,<environment.Job instance at 0x7fc9dd2bd5f0>,23,20,[12  4],24,-1,44,-1,24
1,<environment.Job instance at 0x7fc9dd2346e0>,24,26,[1 6],25,-1,64,-1,38
1,<environment.Job instance at 0x7fc9dd2348c0>,26,27,[12  2],27,-1,65,-1,38
1,<environment.Job instance at 0x7fc9dd2340f0>,27,15,[14  2],28,-1,53,-1,38
1,<environment.Job instance at 0x7fc9dd234b40>,28,15,[13  3],29,-1,53,-1,38
1,<environment.Job instance at 0x7fc9dd234e60>,31,14,[ 2 11],32,-1,52,-1,38
1,<environment.Job instance at 0x7fc9dd26d460>,32,25,[14  3],33,-1,63,-1,38
1,<environment.Job instance at 0x7fc9dd26d4b0>,33,23,[14  5],34,-1,61,-1,38
1,<environment.Job instance at 0x7fc9dd26d320>,34,27,[12  3],35,-1,65,-1,38
1,<environment.Job instance at 0x7fc9dd26d5f0>,35,22,[11  3],36,-1,60,-1,38
1,<environment.Job instance at 0x7fc9dd26d690>,36,28,[ 1 13],37,-1,66,-1,38
1,<environment.Job instance at 0x7fc9dd26d550>,37,25,[12  4],38,-1,63,-1,38
1,<environment.Job instance at 0x7fc9dd234c80>,25,23,[5 5],26,-1,61,-1,38
1,<environment.Job instance at 0x7fc9dd26ddc0>,38,17,[ 2 13],39,-1,56,-1,39
1,<environment.Job instance at 0x7fc9dd26dbe0>,39,15,[ 2 14],40,-1,55,-1,40
1,<environment.Job instance at 0x7fc9dd26db40>,41,16,[ 2 13],42,-1,58,-1,42
1,<environment.Job instance at 0x7fc9dd26d870>,43,15,[12  3],44,-1,59,-1,44
1,<environment.Job instance at 0x7fc9dd26d6e0>,44,19,[ 2 13],45,-1,64,-1,45
1,<environment.Job instance at 0x7fc9dd310820>,47,18,[ 1 13],48,-1,76,-1,58
1,<environment.Job instance at 0x7fc9dd3109b0>,48,12,[ 5 14],49,-1,70,-1,58
1,<environment.Job instance at 0x7fc9dd310280>,49,13,[14  1],50,-1,71,-1,58
1,<environment.Job instance at 0x7fc9de3b0b40>,53,18,[12  3],54,-1,90,-1,72
1,<environment.Job instance at 0x7fc9dd3108c0>,54,23,[2 6],55,-1,99,-1,76
1,<environment.Job instance at 0x7fc9de3b0f50>,56,27,[ 2 13],57,-1,103,-1,76
1,<environment.Job instance at 0x7fc9de3b0eb0>,57,14,[ 2 11],58,-1,90,-1,76
1,<environment.Job instance at 0x7fc9de3b0500>,58,16,[ 1 12],59,-1,92,-1,76
1,<environment.Job instance at 0x7fc9de3b0be0>,59,26,[5 9],60,-1,111,-1,85
1,<environment.Job instance at 0x7fc9de3b0910>,62,24,[14  4],63,-1,109,-1,85
1,<environment.Job instance at 0x7fc9de3b0e10>,66,16,[ 3 11],67,-1,102,-1,86
1,<environment.Job instance at 0x7fc9dd1a3410>,68,16,[11  5],69,-1,102,-1,86
1,<environment.Job instance at 0x7fc9dda25b90>,69,18,[13  2],70,-1,104,-1,86
1,<environment.Job instance at 0x7fc9dd098fa0>,71,23,[14  1],72,-1,121,-1,98
1,<environment.Job instance at 0x7fc9dcebb0a0>,72,17,[ 1 14],73,-1,115,-1,98
1,<environment.Job instance at 0x7fc9dd098370>,73,16,[12  2],74,-1,114,-1,98
1,<environment.Job instance at 0x7fc9dcebb4b0>,74,19,[ 4 11],75,-1,117,-1,98
1,<environment.Job instance at 0x7fc9dda800f0>,6,16,[9 4],7,-1,24,-1,8
1,<environment.Job instance at 0x7fc9de49ce10>,8,14,[ 2 10],9,-1,23,-1,9
1,<environment.Job instance at 0x7fc9de49c2d0>,9,25,[3 9],10,-1,35,-1,10
1,<environment.Job instance at 0x7fc9de49c960>,10,16,[ 3 10],11,-1,27,-1,11
1,<environment.Job instance at 0x7fc9de49c910>,11,18,[5 5],12,-1,30,-1,12
1,<environment.Job instance at 0x7fc9de49cc80>,12,16,[5 5],13,-1,29,-1,13
1,<environment.Job instance at 0x7fc9dd126870>,0,17,[14  2],1,-1,18,-1,1
1,<environment.Job instance at 0x7fc9dd126690>,1,26,[10  4],2,-1,28,-1,2
1,<environment.Job instance at 0x7fc9dd126eb0>,2,23,[5 5],3,-1,26,-1,3
1,<environment.Job instance at 0x7fc9dd126b90>,3,13,[ 1 14],4,-1,17,-1,4
1,<environment.Job instance at 0x7fc9ddd432d0>,4,12,[ 3 11],5,-1,17,-1,5
1,<environment.Job instance at 0x7fc9ddd487d0>,7,19,[ 5 13],8,-1,27,-1,8
1,<environment.Job instance at 0x7fc9ddd48780>,9,25,[3 9],10,-1,45,-1,20
1,<environment.Job instance at 0x7fc9dcf65320>,13,17,[ 3 13],14,-1,37,-1,20
1,<environment.Job instance at 0x7fc9dd5e67d0>,14,28,[3 9],15,-1,48,-1,20
1,<environment.Job instance at 0x7fc9dd5e6730>,15,28,[ 3 10],16,-1,48,-1,20
1,<environment.Job instance at 0x7fc9dd5bafa0>,19,20,[12  4],20,-1,54,-1,34
1,<environment.Job instance at 0x7fc9dd6d7410>,20,28,[8 2],21,-1,62,-1,34
1,<environment.Job instance at 0x7fc9dd6d7f00>,21,16,[12  4],22,-1,50,-1,34
1,<environment.Job instance at 0x7fc9dd715a00>,22,16,[ 2 13],23,-1,50,-1,34
1,<environment.Job instance at 0x7fc9dd715d20>,23,23,[5 8],24,-1,57,-1,34
1,<environment.Job instance at 0x7fc9dd317c80>,25,24,[9 3],26,-1,63,-1,39
1,<environment.Job instance at 0x7fc9dd3173c0>,27,23,[5 4],28,-1,62,-1,39
1,<environment.Job instance at 0x7fc9dd2c4f50>,28,23,[11  4],29,-1,62,-1,39
1,<environment.Job instance at 0x7fc9ddef9820>,30,21,[ 5 13],31,-1,60,-1,39
1,<environment.Job instance at 0x7fc9dd02db40>,31,22,[11  1],32,-1,61,-1,39
1,<environment.Job instance at 0x7fc9dd02d6e0>,32,17,[11  2],33,-1,56,-1,39
1,<environment.Job instance at 0x7fc9dd9d00f0>,36,28,[13  4],37,-1,83,-1,55
1,<environment.Job instance at 0x7fc9dd9d02d0>,35,28,[10  3],36,-1,83,-1,55
1,<environment.Job instance at 0x7fc9dd9d0f50>,38,25,[5 7],39,-1,80,-1,55
1,<environment.Job instance at 0x7fc9dcfc6460>,39,23,[13  3],40,-1,78,-1,55
1,<environment.Job instance at 0x7fc9dd8ed730>,40,18,[ 4 13],41,-1,73,-1,55
1,<environment.Job instance at 0x7fc9dd804190>,41,18,[13  1],42,-1,73,-1,55
1,<environment.Job instance at 0x7fc9dd804e10>,45,28,[3 8],46,-1,97,-1,69
1,<environment.Job instance at 0x7fc9dd804550>,46,18,[ 1 14],47,-1,87,-1,69
1,<environment.Job instance at 0x7fc9de03a280>,49,16,[12  2],50,-1,97,-1,81
1,<environment.Job instance at 0x7fc9dd804640>,50,12,[11  2],51,-1,93,-1,81
1,<environment.Job instance at 0x7fc9dd7c77d0>,52,16,[ 3 13],53,-1,104,-1,88
1,<environment.Job instance at 0x7fc9dddbed70>,54,22,[ 1 12],55,-1,117,-1,95
1,<environment.Job instance at 0x7fc9de1f3910>,55,24,[12  5],56,-1,119,-1,95
1,<environment.Job instance at 0x7fc9dd228fa0>,7,26,[12  5],8,-1,34,-1,8
1,<environment.Job instance at 0x7fc9dd28e500>,0,25,[ 4 14],1,-1,26,-1,1
1,<environment.Job instance at 0x7fc9ddd30500>,2,20,[14  3],3,-1,23,-1,3
1,<environment.Job instance at 0x7fc9de1f3910>,3,25,[14  5],4,-1,29,-1,4
1,<environment.Job instance at 0x7fc9dd7155f0>,5,14,[14  1],6,-1,20,-1,6
1,<environment.Job instance at 0x7fc9dd715a00>,7,26,[12  5],8,-1,34,-1,8
1,<environment.Job instance at 0x7fc9e70ad3c0>,9,16,[14  1],10,-1,26,-1,10
1,<environment.Job instance at 0x7fc9e6a41190>,11,24,[ 3 12],12,-1,36,-1,12
1,<environment.Job instance at 0x7fc9dd67bb90>,12,23,[4 7],13,-1,41,-1,18
1,<environment.Job instance at 0x7fc9ddd43280>,15,26,[12  4],16,-1,44,-1,18
1,<environment.Job instance at 0x7fc9dd715d20>,4,26,[10  2],5,-1,54,-1,28
1,<environment.Job instance at 0x7fc9dcf65af0>,8,28,[8 3],9,-1,56,-1,28
1,<environment.Job instance at 0x7fc9ddc44500>,19,17,[ 3 12],20,-1,45,-1,28
1,<environment.Job instance at 0x7fc9ddc44d70>,20,13,[14  5],21,-1,41,-1,28
1,<environment.Job instance at 0x7fc9ddd4bc30>,21,21,[ 5 14],22,-1,49,-1,28
1,<environment.Job instance at 0x7fc9dda123c0>,22,21,[ 4 11],23,-1,49,-1,28
1,<environment.Job instance at 0x7fc9ddd4bf50>,23,25,[2 7],24,-1,53,-1,28
1,<environment.Job instance at 0x7fc9ddd4bfa0>,24,23,[14  4],25,-1,51,-1,28
1,<environment.Job instance at 0x7fc9ddd3d3c0>,25,12,[ 3 11],26,-1,40,-1,28
1,<environment.Job instance at 0x7fc9ddd48960>,28,18,[12  1],29,-1,60,-1,42
1,<environment.Job instance at 0x7fc9ddd484b0>,30,24,[12  2],31,-1,67,-1,43
1,<environment.Job instance at 0x7fc9dd616e10>,32,25,[8 3],33,-1,86,-1,61
1,<environment.Job instance at 0x7fc9dde8aaf0>,33,15,[11  1],34,-1,76,-1,61
1,<environment.Job instance at 0x7fc9dde663c0>,35,27,[7 4],36,-1,88,-1,61
1,<environment.Job instance at 0x7fc9de2c4190>,38,26,[9 5],39,-1,99,-1,73
1,<environment.Job instance at 0x7fc9dde711e0>,40,28,[9 3],41,-1,117,-1,89
1,<environment.Job instance at 0x7fc9dde71a50>,41,27,[5 1],42,-1,116,-1,89
1,<environment.Job instance at 0x7fc9dde73dc0>,44,27,[6 4],45,-1,122,-1,95
1,<environment.Job instance at 0x7fc9de3b9190>,45,25,[6 1],46,-1,120,-1,95
1,<environment.Job instance at 0x7fc9e6a84fa0>,46,23,[5 5],47,-1,118,-1,95
1,<environment.Job instance at 0x7fc9dcf87d20>,47,28,[14  5],48,-1,123,-1,95
1,<environment.Job instance at 0x7fc9dcf87c80>,48,12,[13  5],49,-1,107,-1,95
1,<environment.Job instance at 0x7fc9dd6bfaf0>,50,23,[13  2],51,-1,118,-1,95
1,<environment.Job instance at 0x7fc9dd6bf870>,51,21,[12  3],52,-1,116,-1,95
1,<environment.Job instance at 0x7fc9dd6bfaa0>,52,17,[14  1],53,-1,112,-1,95
1,<environment.Job instance at 0x7fc9dd1f3a00>,53,15,[ 1 12],54,-1,110,-1,95
1,<environment.Job instance at 0x7fc9dcdd0cd0>,2,18,[10  2],3,-1,22,-1,4
1,<environment.Job instance at 0x7fc9dcdd0370>,4,16,[11  2],5,-1,21,-1,5
1,<environment.Job instance at 0x7fc9dcdd0f50>,5,26,[5 8],6,-1,32,-1,6
1,<environment.Job instance at 0x7fc9dcdd05a0>,7,17,[2 6],8,-1,25,-1,8
1,<environment.Job instance at 0x7fc9dd73d0f0>,3,26,[5 5],4,-1,35,-1,9
1,<environment.Job instance at 0x7fc9dd6b7730>,0,22,[13  2],1,-1,23,-1,1
1,<environment.Job instance at 0x7fc9dd6b73c0>,1,12,[ 1 12],2,-1,14,-1,2
1,<environment.Job instance at 0x7fc9ddc5b780>,3,26,[5 5],4,-1,30,-1,4
1,<environment.Job instance at 0x7fc9dd5e6640>,4,16,[11  2],5,-1,21,-1,5
1,<environment.Job instance at 0x7fc9dd5e6460>,5,26,[5 8],6,-1,32,-1,6
1,<environment.Job instance at 0x7fc9dd5e6690>,6,18,[ 5 14],7,-1,25,-1,7
1,<environment.Job instance at 0x7fc9de28d050>,9,20,[ 1 11],10,-1,30,-1,10
1,<environment.Job instance at 0x7fc9dd6b75f0>,10,27,[11  5],11,-1,38,-1,11
1,<environment.Job instance at 0x7fc9de28d730>,11,14,[ 5 14],12,-1,26,-1,12
1,<environment.Job instance at 0x7fc9dde962d0>,15,24,[ 5 13],16,-1,40,-1,16
1,<environment.Job instance at 0x7fc9dcd708c0>,16,15,[ 5 14],17,-1,32,-1,17
1,<environment.Job instance at 0x7fc9dde96230>,17,22,[ 4 11],18,-1,40,-1,18
1,<environment.Job instance at 0x7fc9dd7b4d20>,18,13,[ 5 13],19,-1,32,-1,19
1,<environment.Job instance at 0x7fc9ddfa5230>,13,25,[9 2],14,-1,46,-1,21
1,<environment.Job instance at 0x7fc9dcaa3fa0>,22,13,[ 5 12],23,-1,36,-1,23
1,<environment.Job instance at 0x7fc9dd93bfa0>,23,15,[14  1],24,-1,39,-1,24
1,<environment.Job instance at 0x7fc9dcaa30a0>,21,24,[5 1],22,-1,49,-1,25
1,<environment.Job instance at 0x7fc9de28d6e0>,8,27,[ 2 10],9,-1,63,-1,36
1,<environment.Job instance at 0x7fc9ddaa45a0>,25,28,[ 2 10],26,-1,64,-1,36
1,<environment.Job instance at 0x7fc9dd6bf870>,28,21,[ 3 14],29,-1,57,-1,36
1,<environment.Job instance at 0x7fc9e6a84fa0>,29,21,[ 2 12],30,-1,57,-1,36
1,<environment.Job instance at 0x7fc9dd93b370>,24,23,[1 8],25,-1,59,-1,36
1,<environment.Job instance at 0x7fc9dd6bfdc0>,32,21,[13  5],33,-1,57,-1,36
1,<environment.Job instance at 0x7fc9dcf874b0>,34,25,[9 4],35,-1,61,-1,36
1,<environment.Job instance at 0x7fc9e6ad1be0>,36,14,[11  4],37,-1,51,-1,37
1,<environment.Job instance at 0x7fc9dd2adcd0>,38,28,[ 1 13],39,-1,67,-1,39
1,<environment.Job instance at 0x7fc9dd67bb90>,39,19,[ 5 14],40,-1,59,-1,40
1,<environment.Job instance at 0x7fc9de2c41e0>,42,20,[ 4 14],43,-1,71,-1,51
1,<environment.Job instance at 0x7fca025e0dc0>,43,18,[14  4],44,-1,69,-1,51
1,<environment.Job instance at 0x7fc9ddd30500>,44,18,[ 3 11],45,-1,69,-1,51
1,<environment.Job instance at 0x7fc9dd7159b0>,46,26,[ 2 11],47,-1,89,-1,63
1,<environment.Job instance at 0x7fc9de1f3c80>,47,13,[13  4],48,-1,76,-1,63
1,<environment.Job instance at 0x7fc9de056dc0>,50,13,[12  4],51,-1,81,-1,68
1,<environment.Job instance at 0x7fc9dd28e2d0>,51,17,[ 5 13],52,-1,85,-1,68
1,<environment.Job instance at 0x7fc9de1e3370>,52,16,[ 5 14],53,-1,84,-1,68
1,<environment.Job instance at 0x7fc9ddf592d0>,53,25,[5 8],54,-1,105,-1,80
1,<environment.Job instance at 0x7fc9ddf59c30>,55,17,[ 2 14],56,-1,97,-1,80
1,<environment.Job instance at 0x7fc9ddf59d20>,56,18,[11  3],57,-1,98,-1,80
1,<environment.Job instance at 0x7fc9ddf597d0>,60,15,[14  4],61,-1,107,-1,92
1,<environment.Job instance at 0x7fc9ddf59f00>,61,24,[11  3],62,-1,116,-1,92
1,<environment.Job instance at 0x7fc9ddf596e0>,62,15,[ 5 12],63,-1,107,-1,92
1,<environment.Job instance at 0x7fc9ddf59500>,63,26,[ 1 12],64,-1,118,-1,92
1,<environment.Job instance at 0x7fc9dd8f1f50>,64,23,[ 4 10],65,-1,121,-1,98
1,<environment.Job instance at 0x7fc9dd8f1460>,65,25,[1 8],66,-1,123,-1,98
1,<environment.Job instance at 0x7fc9dd8f10a0>,66,27,[ 3 12],67,-1,125,-1,98
1,<environment.Job instance at 0x7fc9dd8f1140>,68,28,[12  4],69,-1,126,-1,98
1,<environment.Job instance at 0x7fc9dd5170a0>,0,14,[10  2],1,-1,16,-1,2
1,<environment.Job instance at 0x7fc9dd517cd0>,1,22,[5 5],2,-1,24,-1,2
1,<environment.Job instance at 0x7fc9dd517b40>,2,25,[7 5],3,-1,28,-1,3
1,<environment.Job instance at 0x7fc9dd517d20>,4,26,[6 1],5,-1,31,-1,5
1,<environment.Job instance at 0x7fc9dd5175a0>,8,15,[ 3 11],9,-1,24,-1,9
1,<environment.Job instance at 0x7fc9dce75500>,11,12,[ 1 10],12,-1,25,-1,13
1,<environment.Job instance at 0x7fc9dd517730>,12,21,[6 4],13,-1,34,-1,13
1,<environment.Job instance at 0x7fc9dce758c0>,14,20,[14  2],15,-1,48,-1,28
1,<environment.Job instance at 0x7fc9dce754b0>,17,25,[13  1],18,-1,53,-1,28
1,<environment.Job instance at 0x7fc9ddb64320>,22,24,[12  4],23,-1,52,-1,28
1,<environment.Job instance at 0x7fc9dce75320>,20,14,[14  4],21,-1,42,-1,28
1,<environment.Job instance at 0x7fc9dce75d20>,18,22,[5 8],19,-1,50,-1,28
1,<environment.Job instance at 0x7fc9dd1635f0>,25,14,[1 7],26,-1,42,-1,28
1,<environment.Job instance at 0x7fc9dd7af0f0>,23,14,[4 5],24,-1,42,-1,28
1,<environment.Job instance at 0x7fc9ddbd48c0>,27,23,[2 6],28,-1,52,-1,29
1,<environment.Job instance at 0x7fc9dce75410>,15,26,[14  1],16,-1,55,-1,29
1,<environment.Job instance at 0x7fc9ddbe8320>,28,15,[ 3 13],29,-1,44,-1,29
1,<environment.Job instance at 0x7fc9dce75730>,10,27,[ 4 11],11,-1,58,-1,31
1,<environment.Job instance at 0x7fc9ddd8bfa0>,29,15,[ 5 11],30,-1,46,-1,31
1,<environment.Job instance at 0x7fc9ddfe3820>,31,24,[9 2],32,-1,56,-1,32
1,<environment.Job instance at 0x7fc9de2cf0a0>,32,13,[11  4],33,-1,46,-1,33
1,<environment.Job instance at 0x7fc9de3fb730>,33,17,[ 3 12],34,-1,51,-1,34
1,<environment.Job instance at 0x7fc9dd419550>,30,22,[6 5],31,-1,62,-1,40
1,<environment.Job instance at 0x7fc9dd550d70>,40,24,[ 1 12],41,-1,85,-1,61
1,<environment.Job instance at 0x7fc9ddb45af0>,5,21,[ 5 14],6,-1,27,-1,6
1,<environment.Job instance at 0x7fc9ddb0ea50>,6,25,[14  4],7,-1,32,-1,7
1,<environment.Job instance at 0x7fc9ddb0e3c0>,8,15,[ 3 11],9,-1,24,-1,9
1,<environment.Job instance at 0x7fc9dce9f280>,2,25,[7 5],3,-1,40,-1,15
1,<environment.Job instance at 0x7fc9ddf266e0>,10,27,[ 4 11],11,-1,42,-1,15
1,<environment.Job instance at 0x7fc9de2372d0>,4,26,[6 1],5,-1,41,-1,15
1,<environment.Job instance at 0x7fc9ddf26780>,13,27,[ 2 11],14,-1,42,-1,15
1,<environment.Job instance at 0x7fc9ddf3ed20>,14,20,[14  2],15,-1,35,-1,15
1,<environment.Job instance at 0x7fc9ddf34050>,15,26,[14  1],16,-1,42,-1,16
1,<environment.Job instance at 0x7fc9ddf3e820>,17,25,[13  1],18,-1,43,-1,18
1,<environment.Job instance at 0x7fc9ddf23140>,20,14,[14  4],21,-1,38,-1,24
1,<environment.Job instance at 0x7fc9ddf23230>,21,22,[ 4 12],22,-1,46,-1,24
1,<environment.Job instance at 0x7fc9dd8b50a0>,22,24,[12  4],23,-1,48,-1,24
1,<environment.Job instance at 0x7fc9de21c780>,24,16,[ 3 12],25,-1,43,-1,27
1,<environment.Job instance at 0x7fc9ddf183c0>,27,23,[2 6],28,-1,64,-1,41
1,<environment.Job instance at 0x7fc9ddf182d0>,28,15,[ 3 13],29,-1,56,-1,41
1,<environment.Job instance at 0x7fc9ddf18a00>,29,15,[ 5 11],30,-1,56,-1,41
1,<environment.Job instance at 0x7fc9ddf207d0>,31,24,[9 2],32,-1,65,-1,41
1,<environment.Job instance at 0x7fc9ddf20780>,32,13,[11  4],33,-1,54,-1,41
1,<environment.Job instance at 0x7fc9ddf20820>,33,17,[ 3 12],34,-1,58,-1,41
1,<environment.Job instance at 0x7fc9de0795a0>,34,20,[13  4],35,-1,61,-1,41
1,<environment.Job instance at 0x7fc9dd834a50>,36,20,[12  5],37,-1,61,-1,41
1,<environment.Job instance at 0x7fc9dd85fc30>,39,22,[ 3 11],40,-1,72,-1,50
1,<environment.Job instance at 0x7fc9dd85f320>,40,24,[ 1 12],41,-1,74,-1,50
1,<environment.Job instance at 0x7fc9dd85fbe0>,41,28,[3 6],42,-1,83,-1,55
1,<environment.Job instance at 0x7fc9dd85fd20>,42,14,[ 4 12],43,-1,69,-1,55
1,<environment.Job instance at 0x7fc9dd85f5f0>,43,28,[ 2 13],44,-1,83,-1,55
1,<environment.Job instance at 0x7fc9dd845190>,45,16,[13  3],46,-1,71,-1,55
1,<environment.Job instance at 0x7fc9dd85ffa0>,44,25,[10  5],45,-1,87,-1,62
1,<environment.Job instance at 0x7fc9dd845910>,48,28,[4 6],49,-1,97,-1,69
1,<environment.Job instance at 0x7fc9dd845820>,49,26,[ 2 14],50,-1,95,-1,69
1,<environment.Job instance at 0x7fc9dd86b460>,51,15,[14  4],52,-1,84,-1,69
1,<environment.Job instance at 0x7fc9dd86b500>,52,13,[13  5],53,-1,82,-1,69
1,<environment.Job instance at 0x7fc9dd83a870>,53,19,[12  2],54,-1,88,-1,69
1,<environment.Job instance at 0x7fc9dd83a820>,54,24,[2 5],55,-1,93,-1,69
1,<environment.Job instance at 0x7fc9dd854fa0>,57,27,[ 1 13],58,-1,111,-1,84
1,<environment.Job instance at 0x7fc9dd854cd0>,58,26,[8 2],59,-1,113,-1,87
1,<environment.Job instance at 0x7fc9dd854dc0>,59,26,[5 7],60,-1,113,-1,87
1,<environment.Job instance at 0x7fc9ddf4cd20>,61,26,[11  1],62,-1,113,-1,87
1,<environment.Job instance at 0x7fc9de22e5a0>,14,24,[9 3],15,-1,63,-1,39
1,<environment.Job instance at 0x7fc9ddbe70f0>,6,15,[13  5],7,-1,54,-1,39
1,<environment.Job instance at 0x7fc9de22ebe0>,13,28,[3 8],14,-1,67,-1,39
1,<environment.Job instance at 0x7fc9de22ee10>,15,28,[9 3],16,-1,67,-1,39
1,<environment.Job instance at 0x7fc9de22e870>,18,22,[ 1 10],19,-1,68,-1,46
1,<environment.Job instance at 0x7fc9dddca500>,20,16,[ 5 12],21,-1,62,-1,46
1,<environment.Job instance at 0x7fc9dddca640>,21,24,[13  4],22,-1,70,-1,46
1,<environment.Job instance at 0x7fc9dddcad70>,22,27,[8 2],23,-1,73,-1,46
1,<environment.Job instance at 0x7fc9de2b4500>,1,24,[14  3],2,-1,26,-1,2
1,<environment.Job instance at 0x7fc9ddb454b0>,2,23,[ 1 14],3,-1,26,-1,3
1,<environment.Job instance at 0x7fc9ddca19b0>,3,24,[12  2],4,-1,28,-1,4
1,<environment.Job instance at 0x7fc9ddca1730>,4,28,[3 6],5,-1,33,-1,5
1,<environment.Job instance at 0x7fc9ddb45f00>,5,21,[ 2 14],6,-1,27,-1,6
1,<environment.Job instance at 0x7fc9dcf81280>,6,15,[13  5],7,-1,22,-1,7
1,<environment.Job instance at 0x7fc9dd6f6140>,10,12,[ 1 12],11,-1,23,-1,11
1,<environment.Job instance at 0x7fc9de07ee60>,11,21,[ 2 12],12,-1,33,-1,12
1,<environment.Job instance at 0x7fc9de07e370>,12,15,[13  4],13,-1,28,-1,13
1,<environment.Job instance at 0x7fc9dd6f6be0>,9,25,[ 3 10],10,-1,40,-1,15
1,<environment.Job instance at 0x7fc9dcf819b0>,13,28,[3 8],14,-1,43,-1,15
1,<environment.Job instance at 0x7fc9de07ecd0>,14,24,[9 3],15,-1,39,-1,15
1,<environment.Job instance at 0x7fc9dd8da230>,16,14,[11  3],17,-1,31,-1,17
1,<environment.Job instance at 0x7fc9ddb0ee10>,20,16,[ 5 12],21,-1,37,-1,21
1,<environment.Job instance at 0x7fc9ddb0e5a0>,21,24,[13  4],22,-1,46,-1,22
1,<environment.Job instance at 0x7fc9de07eb40>,15,28,[9 3],16,-1,56,-1,28
1,<environment.Job instance at 0x7fc9dceae6e0>,23,25,[14  2],24,-1,53,-1,28
1,<environment.Job instance at 0x7fc9dcc5ef50>,24,27,[4 5],25,-1,55,-1,28
1,<environment.Job instance at 0x7fc9dd8a4d20>,25,23,[12  2],26,-1,51,-1,28
1,<environment.Job instance at 0x7fc9ddb0ec80>,19,26,[3 8],20,-1,54,-1,28
1,<environment.Job instance at 0x7fc9ddb0e140>,22,27,[8 2],23,-1,55,-1,28
1,<environment.Job instance at 0x7fc9ddb21230>,28,14,[13  1],29,-1,43,-1,29
1,<environment.Job instance at 0x7fc9dce8eb90>,29,18,[ 2 13],30,-1,48,-1,30
1,<environment.Job instance at 0x7fc9de2b8780>,30,17,[ 4 11],31,-1,48,-1,31
1,<environment.Job instance at 0x7fc9de2b8320>,32,14,[ 3 11],33,-1,47,-1,33
1,<environment.Job instance at 0x7fc9dcfa7c80>,33,17,[ 5 13],34,-1,51,-1,34
1,<environment.Job instance at 0x7fc9dcfa7870>,34,22,[13  3],35,-1,57,-1,35
1,<environment.Job instance at 0x7fc9dcfa7190>,35,13,[ 3 13],36,-1,49,-1,36
1,<environment.Job instance at 0x7fc9dd4a03c0>,36,14,[12  1],37,-1,51,-1,37
1,<environment.Job instance at 0x7fc9de2b8640>,38,17,[ 3 13],39,-1,56,-1,39
1,<environment.Job instance at 0x7fc9dd4a0f50>,40,20,[11  2],41,-1,66,-1,46
1,<environment.Job instance at 0x7fc9dd4a0e10>,41,19,[ 2 12],42,-1,65,-1,46
1,<environment.Job instance at 0x7fc9dd705eb0>,42,18,[ 3 11],43,-1,64,-1,46
1,<environment.Job instance at 0x7fc9dd705190>,43,14,[ 4 12],44,-1,60,-1,46
1,<environment.Job instance at 0x7fc9dd705460>,44,19,[ 5 11],45,-1,65,-1,46
1,<environment.Job instance at 0x7fc9dd705aa0>,45,14,[ 5 13],46,-1,60,-1,46
1,<environment.Job instance at 0x7fc9dd705dc0>,47,21,[13  5],48,-1,69,-1,48
1,<environment.Job instance at 0x7fc9dd705550>,48,17,[11  1],49,-1,66,-1,49
1,<environment.Job instance at 0x7fc9dd705af0>,49,23,[ 1 14],50,-1,73,-1,50
1,<environment.Job instance at 0x7fc9dd7055f0>,51,14,[ 5 14],52,-1,66,-1,52
1,<environment.Job instance at 0x7fc9de0f50f0>,52,15,[ 2 14],53,-1,68,-1,53
1,<environment.Job instance at 0x7fc9de0f5460>,54,14,[13  5],55,-1,69,-1,55
1,<environment.Job instance at 0x7fc9de0f55f0>,55,26,[1 9],56,-1,82,-1,56
1,<environment.Job instance at 0x7fc9de0f5500>,56,22,[ 4 11],57,-1,79,-1,57
1,<environment.Job instance at 0x7fc9dd4a0a00>,39,28,[3 7],40,-1,89,-1,61
1,<environment.Job instance at 0x7fc9de0f51e0>,59,24,[ 3 14],60,-1,85,-1,61
1,<environment.Job instance at 0x7fc9de0f5eb0>,60,28,[ 5 11],61,-1,89,-1,61
1,<environment.Job instance at 0x7fc9dd4c9be0>,61,17,[ 5 12],62,-1,79,-1,62
1,<environment.Job instance at 0x7fc9dd8ae960>,58,24,[10  5],59,-1,87,-1,63
1,<environment.Job instance at 0x7fc9ddecb960>,64,22,[11  2],65,-1,87,-1,65
1,<environment.Job instance at 0x7fc9ddecb140>,66,24,[7 1],67,-1,103,-1,79
1,<environment.Job instance at 0x7fc9ddecb050>,68,21,[ 1 12],69,-1,100,-1,79
1,<environment.Job instance at 0x7fc9ddecb190>,69,12,[ 3 11],70,-1,91,-1,79
1,<environment.Job instance at 0x7fc9dd260050>,70,24,[6 1],71,-1,113,-1,89
1,<environment.Job instance at 0x7fc9e6e0b1e0>,71,28,[12  1],72,-1,117,-1,89
1,<environment.Job instance at 0x7fc9e6e0b2d0>,72,25,[14  3],73,-1,114,-1,89
1,<environment.Job instance at 0x7fc9dd260190>,73,25,[12  4],74,-1,114,-1,89
1,<environment.Job instance at 0x7fc9ddb39d70>,74,19,[14  1],75,-1,108,-1,89
1,<environment.Job instance at 0x7fc9ddb395f0>,75,21,[11  5],76,-1,110,-1,89
1,<environment.Job instance at 0x7fc9dd89dd20>,76,13,[11  4],77,-1,102,-1,89
1,<environment.Job instance at 0x7fc9de37ed20>,80,12,[ 3 14],81,-1,107,-1,95
1,<environment.Job instance at 0x7fc9de37efa0>,81,15,[ 4 13],82,-1,110,-1,95
1,<environment.Job instance at 0x7fc9dd3f49b0>,2,19,[2 6],3,-1,23,-1,4
1,<environment.Job instance at 0x7fc9ddec2730>,3,17,[13  2],4,-1,21,-1,4
1,<environment.Job instance at 0x7fc9dd3f4730>,8,25,[5 4],9,-1,34,-1,9
1,<environment.Job instance at 0x7fc9e6a71a00>,11,18,[3 9],12,-1,31,-1,13
1,<environment.Job instance at 0x7fc9dcda6cd0>,12,12,[13  4],13,-1,25,-1,13
1,<environment.Job instance at 0x7fc9dce982d0>,14,19,[12  3],15,-1,34,-1,15
1,<environment.Job instance at 0x7fc9dd8929b0>,13,16,[1 7],14,-1,32,-1,16
1,<environment.Job instance at 0x7fc9dce98cd0>,15,17,[ 5 11],16,-1,33,-1,16
1,<environment.Job instance at 0x7fc9dce98960>,17,17,[5 7],18,-1,74,-1,57
1,<environment.Job instance at 0x7fc9ddadf3c0>,24,28,[ 5 11],25,-1,85,-1,57
1,<environment.Job instance at 0x7fc9ddadff00>,25,16,[10  3],26,-1,73,-1,57
1,<environment.Job instance at 0x7fc9dde9f320>,26,23,[ 5 11],27,-1,80,-1,57
1,<environment.Job instance at 0x7fc9e6a75aa0>,27,24,[10  2],28,-1,81,-1,57
1,<environment.Job instance at 0x7fc9dd9c9820>,7,26,[1 9],8,-1,83,-1,57
1,<environment.Job instance at 0x7fc9ddbd8050>,28,28,[14  5],29,-1,85,-1,57
1,<environment.Job instance at 0x7fc9ddadf500>,21,15,[8 2],22,-1,87,-1,72
1,<environment.Job instance at 0x7fc9dd5558c0>,31,28,[ 5 11],32,-1,100,-1,72
1,<environment.Job instance at 0x7fc9dd746730>,30,13,[12  1],31,-1,94,-1,81
1,<environment.Job instance at 0x7fc9de062640>,34,28,[7 4],35,-1,110,-1,82
1,<environment.Job instance at 0x7fc9dded4320>,35,19,[14  5],36,-1,102,-1,83
1,<environment.Job instance at 0x7fc9ddbd86e0>,29,17,[9 4],30,-1,100,-1,83
1,<environment.Job instance at 0x7fc9dd2fbe10>,36,24,[11  2],37,-1,110,-1,86
1,<environment.Job instance at 0x7fc9ddf4f190>,38,13,[14  2],39,-1,99,-1,86
1,<environment.Job instance at 0x7fc9dd555780>,32,20,[5 3],33,-1,106,-1,86
1,<environment.Job instance at 0x7fc9ddf4f910>,39,13,[ 4 14],40,-1,99,-1,86
1,<environment.Job instance at 0x7fc9dd403d20>,41,16,[4 6],42,-1,102,-1,86
1,<environment.Job instance at 0x7fc9ddf4f280>,40,24,[8 2],41,-1,110,-1,86
1,<environment.Job instance at 0x7fc9dd884cd0>,43,26,[13  5],44,-1,112,-1,86
1,<environment.Job instance at 0x7fc9ddf25550>,42,15,[5 1],43,-1,102,-1,87
1,<environment.Job instance at 0x7fc9dd884050>,45,15,[11  2],46,-1,102,-1,87
1,<environment.Job instance at 0x7fc9dd884190>,44,17,[ 4 14],45,-1,104,-1,87
1,<environment.Job instance at 0x7fc9dd884820>,46,16,[ 4 14],47,-1,103,-1,87
1,<environment.Job instance at 0x7fc9dd8842d0>,48,20,[ 1 14],49,-1,107,-1,87
1,<environment.Job instance at 0x7fc9dd884960>,49,20,[ 2 11],50,-1,107,-1,87
1,<environment.Job instance at 0x7fc9dd884dc0>,50,15,[ 1 13],51,-1,102,-1,87
1,<environment.Job instance at 0x7fc9dd884d20>,51,16,[ 3 12],52,-1,103,-1,87
1,<environment.Job instance at 0x7fc9dd8841e0>,52,15,[3 7],53,-1,102,-1,87
1,<environment.Job instance at 0x7fc9ddca1050>,33,18,[ 4 11],34,-1,106,-1,88
1,<environment.Job instance at 0x7fc9dd884780>,53,23,[5 6],54,-1,112,-1,89
1,<environment.Job instance at 0x7fc9dd8840a0>,55,19,[2 5],56,-1,108,-1,89
1,<environment.Job instance at 0x7fc9ddb92730>,56,24,[ 5 14],57,-1,113,-1,89
1,<environment.Job instance at 0x7fc9dd884500>,47,25,[ 4 11],48,-1,114,-1,89
1,<environment.Job instance at 0x7fc9dd884fa0>,54,24,[5 6],55,-1,113,-1,89
1,<environment.Job instance at 0x7fc9dd547b90>,1,25,[13  1],2,-1,27,-1,2
1,<environment.Job instance at 0x7fc9dce98910>,3,17,[13  2],4,-1,21,-1,4
1,<environment.Job instance at 0x7fc9dd547050>,5,23,[13  4],6,-1,29,-1,6
1,<environment.Job instance at 0x7fc9de2298c0>,8,25,[5 4],9,-1,34,-1,9
1,<environment.Job instance at 0x7fc9de2290a0>,10,21,[13  4],11,-1,32,-1,11
1,<environment.Job instance at 0x7fc9dd547550>,4,27,[3 9],5,-1,41,-1,14
1,<environment.Job instance at 0x7fc9dce87b90>,12,12,[13  4],13,-1,26,-1,14
1,<environment.Job instance at 0x7fc9de2299b0>,7,26,[1 9],8,-1,40,-1,14
1,<environment.Job instance at 0x7fc9e6e0b500>,14,19,[12  3],15,-1,34,-1,15
1,<environment.Job instance at 0x7fc9de4e9280>,15,17,[ 5 11],16,-1,33,-1,16
1,<environment.Job instance at 0x7fc9ddecbf00>,19,18,[14  2],20,-1,48,-1,30
1,<environment.Job instance at 0x7fc9ddecb050>,20,15,[14  3],21,-1,45,-1,30
1,<environment.Job instance at 0x7fc9dd4c9cd0>,22,17,[12  2],23,-1,47,-1,30
1,<environment.Job instance at 0x7fc9dd4c9be0>,23,20,[ 5 12],24,-1,50,-1,30
1,<environment.Job instance at 0x7fc9dd4c9d20>,24,28,[ 5 11],25,-1,58,-1,30
1,<environment.Job instance at 0x7fc9ddecb550>,16,28,[ 1 10],17,-1,75,-1,47
1,<environment.Job instance at 0x7fc9de0f51e0>,26,23,[ 5 11],27,-1,70,-1,47
1,<environment.Job instance at 0x7fc9de0f5190>,27,24,[10  2],28,-1,71,-1,47
1,<environment.Job instance at 0x7fc9de0f5500>,28,28,[14  5],29,-1,75,-1,47
1,<environment.Job instance at 0x7fc9dd23cf00>,30,13,[12  1],31,-1,60,-1,47
1,<environment.Job instance at 0x7fc9de175550>,31,28,[ 5 11],32,-1,75,-1,47
1,<environment.Job instance at 0x7fc9dcc5ef50>,33,18,[ 4 11],34,-1,65,-1,47
1,<environment.Job instance at 0x7fc9dd6f9190>,34,28,[7 4],35,-1,75,-1,47
1,<environment.Job instance at 0x7fc9ddfc8e10>,35,19,[14  5],36,-1,66,-1,47
1,<environment.Job instance at 0x7fc9dd6f6140>,36,24,[11  2],37,-1,71,-1,47
1,<environment.Job instance at 0x7fc9dd9c9b90>,38,13,[14  2],39,-1,60,-1,47
1,<environment.Job instance at 0x7fc9de3cae60>,39,13,[ 4 14],40,-1,60,-1,47
1,<environment.Job instance at 0x7fc9dd3f40f0>,40,24,[8 2],41,-1,71,-1,47
1,<environment.Job instance at 0x7fc9dd260230>,43,26,[13  5],44,-1,73,-1,47
1,<environment.Job instance at 0x7fc9dd260190>,44,17,[ 4 14],45,-1,64,-1,47
1,<environment.Job instance at 0x7fc9dd8adaf0>,45,15,[11  2],46,-1,62,-1,47
1,<environment.Job instance at 0x7fc9dd8af690>,46,16,[ 4 14],47,-1,63,-1,47
1,<environment.Job instance at 0x7fc9ddbe8460>,47,25,[ 4 11],48,-1,73,-1,48
1,<environment.Job instance at 0x7fc9dcd14870>,48,20,[ 1 14],49,-1,69,-1,49
1,<environment.Job instance at 0x7fc9dd4279b0>,49,20,[ 2 11],50,-1,70,-1,50
1,<environment.Job instance at 0x7fc9dd427f00>,50,15,[ 1 13],51,-1,66,-1,51
1,<environment.Job instance at 0x7fc9dd427870>,51,16,[ 3 12],52,-1,68,-1,52
1,<environment.Job instance at 0x7fc9ddbe8500>,53,23,[5 6],54,-1,85,-1,62
1,<environment.Job instance at 0x7fc9dd4270a0>,54,24,[5 6],55,-1,86,-1,62
1,<environment.Job instance at 0x7fc9dd427780>,56,24,[ 5 14],57,-1,86,-1,62
1,<environment.Job instance at 0x7fc9dd427730>,58,26,[ 5 13],59,-1,88,-1,62
1,<environment.Job instance at 0x7fc9dd427460>,59,13,[12  2],60,-1,75,-1,62
1,<environment.Job instance at 0x7fc9dd427af0>,60,24,[ 5 13],61,-1,86,-1,62
1,<environment.Job instance at 0x7fc9ddf1a3c0>,61,23,[ 5 12],62,-1,85,-1,62
1,<environment.Job instance at 0x7fc9ddf1a320>,62,15,[14  2],63,-1,78,-1,63
1,<environment.Job instance at 0x7fc9de3239b0>,63,25,[ 2 12],64,-1,89,-1,64
1,<environment.Job instance at 0x7fc9de323a00>,65,24,[14  2],66,-1,101,-1,77
1,<environment.Job instance at 0x7fc9de323af0>,66,15,[ 5 12],67,-1,92,-1,77
1,<environment.Job instance at 0x7fc9de323460>,68,27,[2 9],69,-1,105,-1,78
1,<environment.Job instance at 0x7fc9de323d20>,69,19,[ 4 13],70,-1,97,-1,78
1,<environment.Job instance at 0x7fc9de3230a0>,70,21,[ 5 13],71,-1,99,-1,78
1,<environment.Job instance at 0x7fc9de3232d0>,72,24,[7 1],73,-1,115,-1,91
1,<environment.Job instance at 0x7fc9de323c80>,73,23,[6 3],74,-1,114,-1,91
1,<environment.Job instance at 0x7fc9de323280>,76,16,[14  5],77,-1,108,-1,92
1,<environment.Job instance at 0x7fc9de323f00>,77,18,[ 4 11],78,-1,110,-1,92
1,<environment.Job instance at 0x7fc9de323f50>,78,25,[2 5],79,-1,118,-1,93
1,<environment.Job instance at 0x7fc9de323be0>,79,13,[12  3],80,-1,106,-1,93
1,<environment.Job instance at 0x7fc9dd2fed20>,1,18,[1 9],2,-1,20,-1,2
1,<environment.Job instance at 0x7fc9dd0656e0>,4,19,[7 3],5,-1,24,-1,5
1,<environment.Job instance at 0x7fc9dd065780>,6,24,[3 7],7,-1,31,-1,7
1,<environment.Job instance at 0x7fc9dd2fe690>,0,18,[14  1],1,-1,19,-1,1
1,<environment.Job instance at 0x7fc9e6aa4820>,2,24,[ 2 12],3,-1,27,-1,3
1,<environment.Job instance at 0x7fc9e6aa4730>,7,15,[ 3 14],8,-1,23,-1,8
1,<environment.Job instance at 0x7fc9e6aa4140>,10,16,[ 5 12],11,-1,27,-1,11
1,<environment.Job instance at 0x7fc9e6aa48c0>,11,22,[13  4],12,-1,34,-1,12
1,<environment.Job instance at 0x7fc9de323f50>,12,17,[13  5],13,-1,30,-1,13
1,<environment.Job instance at 0x7fc9de323f00>,13,17,[14  5],14,-1,31,-1,14
1,<environment.Job instance at 0x7fc9de323280>,14,17,[ 1 13],15,-1,32,-1,15
1,<environment.Job instance at 0x7fc9de323730>,15,16,[ 1 11],16,-1,32,-1,16
1,<environment.Job instance at 0x7fc9e6aa47d0>,17,16,[14  4],18,-1,38,-1,22
1,<environment.Job instance at 0x7fc9de323fa0>,19,23,[2 5],20,-1,45,-1,22
1,<environment.Job instance at 0x7fc9dd2fe780>,6,24,[3 7],7,-1,46,-1,22
1,<environment.Job instance at 0x7fc9e6aa40f0>,8,25,[3 6],9,-1,47,-1,22
1,<environment.Job instance at 0x7fc9de323c80>,22,14,[11  5],23,-1,37,-1,23
1,<environment.Job instance at 0x7fc9de323870>,23,18,[ 4 12],24,-1,42,-1,24
1,<environment.Job instance at 0x7fc9de323af0>,24,24,[ 3 11],25,-1,49,-1,25
1,<environment.Job instance at 0x7fc9de323550>,25,15,[ 3 13],26,-1,41,-1,26
1,<environment.Job instance at 0x7fc9de323a00>,27,13,[13  2],28,-1,41,-1,28
1,<environment.Job instance at 0x7fc9de3239b0>,28,27,[13  3],29,-1,56,-1,29
1,<environment.Job instance at 0x7fc9dd427140>,31,27,[12  3],32,-1,61,-1,34
1,<environment.Job instance at 0x7fc9dd4276e0>,33,26,[ 4 11],34,-1,63,-1,37
1,<environment.Job instance at 0x7fc9dd4273c0>,35,23,[1 6],36,-1,60,-1,37
1,<environment.Job instance at 0x7fc9dd427be0>,36,24,[ 5 12],37,-1,61,-1,37
1,<environment.Job instance at 0x7fc9dd4279b0>,38,24,[7 2],39,-1,74,-1,50
1,<environment.Job instance at 0x7fc9dcd14870>,40,14,[14  5],41,-1,64,-1,50
1,<environment.Job instance at 0x7fc9dd8adaf0>,41,14,[ 3 12],42,-1,64,-1,50
1,<environment.Job instance at 0x7fc9dd427690>,43,19,[ 4 11],44,-1,69,-1,50
1,<environment.Job instance at 0x7fc9ddbe8550>,46,17,[13  5],47,-1,67,-1,50
1,<environment.Job instance at 0x7fc9dd3f40f0>,47,17,[ 4 13],48,-1,67,-1,50
1,<environment.Job instance at 0x7fc9dd9c9b90>,48,15,[ 5 11],49,-1,65,-1,50
1,<environment.Job instance at 0x7fc9de3cae60>,49,13,[14  4],50,-1,63,-1,50
1,<environment.Job instance at 0x7fc9ddca1230>,50,15,[13  5],51,-1,66,-1,51
1,<environment.Job instance at 0x7fc9ddbe8320>,45,28,[8 4],46,-1,93,-1,65
1,<environment.Job instance at 0x7fc9dd6f6140>,52,28,[13  3],53,-1,93,-1,65
1,<environment.Job instance at 0x7fc9dd6f9190>,53,25,[ 1 14],54,-1,90,-1,65
1,<environment.Job instance at 0x7fc9de175550>,54,19,[13  4],55,-1,84,-1,65
1,<environment.Job instance at 0x7fc9ddfc8aa0>,56,16,[ 5 13],57,-1,81,-1,65
1,<environment.Job instance at 0x7fc9dd8ae960>,57,25,[ 4 11],58,-1,90,-1,65
1,<environment.Job instance at 0x7fc9de0f5fa0>,60,26,[ 1 11],61,-1,106,-1,80
1,<environment.Job instance at 0x7fc9de0f5910>,61,23,[ 3 13],62,-1,103,-1,80
1,<environment.Job instance at 0x7fc9de0f5e10>,63,20,[11  5],64,-1,100,-1,80
1,<environment.Job instance at 0x7fc9de0f50f0>,62,26,[4 9],63,-1,107,-1,81
1,<environment.Job instance at 0x7fc9dd4c9cd0>,65,18,[12  1],66,-1,99,-1,81
1,<environment.Job instance at 0x7fc9dd05e6e0>,3,14,[10  5],4,-1,19,-1,5
1,<environment.Job instance at 0x7fc9dd8037d0>,4,16,[10  2],5,-1,21,-1,5
1,<environment.Job instance at 0x7fc9e6aa47d0>,0,13,[ 4 12],1,-1,14,-1,1
1,<environment.Job instance at 0x7fc9e6aa4140>,1,24,[10  5],2,-1,26,-1,2
1,<environment.Job instance at 0x7fc9e6aa4c30>,2,26,[ 2 14],3,-1,29,-1,3
1,<environment.Job instance at 0x7fc9e6aa4f50>,6,20,[ 3 11],7,-1,27,-1,7
1,<environment.Job instance at 0x7fc9e6aa44b0>,7,14,[ 2 12],8,-1,22,-1,8
1,<environment.Job instance at 0x7fc9e6aa4cd0>,8,15,[12  3],9,-1,24,-1,9
1,<environment.Job instance at 0x7fc9e6aa4910>,9,18,[14  2],10,-1,28,-1,10
1,<environment.Job instance at 0x7fc9dcf3ef00>,10,15,[12  5],11,-1,26,-1,11
1,<environment.Job instance at 0x7fc9dcf3e690>,13,23,[5 9],14,-1,41,-1,18
1,<environment.Job instance at 0x7fc9dd803550>,16,24,[ 2 13],17,-1,42,-1,18
1,<environment.Job instance at 0x7fc9dd803be0>,17,12,[13  4],18,-1,30,-1,18
1,<environment.Job instance at 0x7fc9dd803af0>,18,13,[ 1 11],19,-1,32,-1,19
1,<environment.Job instance at 0x7fc9dcb41be0>,19,25,[ 5 11],20,-1,45,-1,20
1,<environment.Job instance at 0x7fc9dd803b90>,21,23,[ 1 13],22,-1,45,-1,22
1,<environment.Job instance at 0x7fc9dcb41d70>,22,28,[8 4],23,-1,58,-1,30
1,<environment.Job instance at 0x7fc9dcb41320>,23,27,[ 3 12],24,-1,57,-1,30
1,<environment.Job instance at 0x7fc9dcb41dc0>,24,14,[ 2 14],25,-1,44,-1,30
1,<environment.Job instance at 0x7fc9dcb5ecd0>,25,15,[11  1],26,-1,45,-1,30
1,<environment.Job instance at 0x7fc9dcb5e230>,29,23,[ 4 10],30,-1,70,-1,47
1,<environment.Job instance at 0x7fc9dcb5e5a0>,31,24,[1 6],32,-1,71,-1,47
1,<environment.Job instance at 0x7fc9dcb5ef00>,32,16,[ 3 11],33,-1,63,-1,47
1,<environment.Job instance at 0x7fc9dcb5ee60>,34,23,[14  4],35,-1,70,-1,47
1,<environment.Job instance at 0x7fc9dcb5ee10>,35,16,[14  4],36,-1,63,-1,47
1,<environment.Job instance at 0x7fc9dcb5ed20>,36,26,[ 1 10],37,-1,88,-1,62
1,<environment.Job instance at 0x7fc9dcb5e6e0>,38,24,[ 4 11],39,-1,86,-1,62
1,<environment.Job instance at 0x7fc9dcb5e500>,39,28,[1 7],40,-1,90,-1,62
1,<environment.Job instance at 0x7fc9dcb72460>,41,18,[13  2],42,-1,80,-1,62
1,<environment.Job instance at 0x7fc9dcb72b90>,42,24,[14  4],43,-1,86,-1,62
1,<environment.Job instance at 0x7fc9dcb726e0>,43,25,[2 8],44,-1,102,-1,77
1,<environment.Job instance at 0x7fc9dcb72a00>,46,27,[13  4],47,-1,104,-1,77
1,<environment.Job instance at 0x7fc9dcb72820>,48,25,[ 1 12],49,-1,111,-1,86
1,<environment.Job instance at 0x7fc9dcb729b0>,50,27,[ 2 13],51,-1,119,-1,92
1,<environment.Job instance at 0x7fc9dcb727d0>,51,20,[14  5],52,-1,112,-1,92
1,<environment.Job instance at 0x7fc9dcb72af0>,52,25,[ 3 12],53,-1,117,-1,92
1,<environment.Job instance at 0x7fc9dcb38910>,53,14,[13  1],54,-1,106,-1,92
1,<environment.Job instance at 0x7fc9dcb387d0>,54,15,[12  1],55,-1,107,-1,92
1,<environment.Job instance at 0x7fc9dcb38e60>,55,13,[ 2 12],56,-1,105,-1,92
1,<environment.Job instance at 0x7fc9dcb38a00>,56,12,[14  2],57,-1,104,-1,92
1,<environment.Job instance at 0x7fc9ddf599b0>,13,21,[13  1],14,-1,58,-1,37
1,<environment.Job instance at 0x7fc9ddf59c30>,11,28,[10  2],12,-1,68,-1,40
1,<environment.Job instance at 0x7fc9de481640>,16,27,[11  3],17,-1,67,-1,40
1,<environment.Job instance at 0x7fc9de481e10>,17,19,[8 4],18,-1,59,-1,40
1,<environment.Job instance at 0x7fc9de4810a0>,19,20,[3 9],20,-1,78,-1,58
1,<environment.Job instance at 0x7fc9de481a50>,20,18,[9 3],21,-1,76,-1,58
1,<environment.Job instance at 0x7fc9dd3888c0>,22,24,[8 5],23,-1,83,-1,59
1,<environment.Job instance at 0x7fc9dd388f50>,24,24,[8 5],25,-1,83,-1,59
1,<environment.Job instance at 0x7fc9dd388910>,26,17,[4 8],27,-1,78,-1,61
1,<environment.Job instance at 0x7fc9ddf59820>,10,17,[ 5 13],11,-1,89,-1,72
1,<environment.Job instance at 0x7fc9dd388a50>,21,17,[9 4],22,-1,89,-1,72
1,<environment.Job instance at 0x7fc9ddd12d20>,30,26,[ 3 14],31,-1,98,-1,72
1,<environment.Job instance at 0x7fc9ddd12e10>,31,21,[9 3],32,-1,94,-1,73
1,<environment.Job instance at 0x7fc9ddd12410>,32,26,[ 1 10],33,-1,99,-1,73
1,<environment.Job instance at 0x7fc9ddd12050>,34,13,[10  1],35,-1,86,-1,73
1,<environment.Job instance at 0x7fc9ddd12be0>,35,21,[8 5],36,-1,94,-1,73
1,<environment.Job instance at 0x7fc9dcb5a230>,1,17,[13  4],2,-1,19,-1,2
1,<environment.Job instance at 0x7fc9dcb5acd0>,2,27,[7 4],3,-1,30,-1,3
1,<environment.Job instance at 0x7fc9dcb5a190>,3,14,[ 5 12],4,-1,18,-1,4
1,<environment.Job instance at 0x7fc9dcb5a4b0>,4,23,[13  4],5,-1,28,-1,5
1,<environment.Job instance at 0x7fc9dcb38820>,6,15,[14  3],7,-1,22,-1,7
1,<environment.Job instance at 0x7fc9dcb38500>,10,17,[ 5 13],11,-1,28,-1,11
1,<environment.Job instance at 0x7fc9dcb38c30>,7,25,[ 3 10],8,-1,38,-1,13
1,<environment.Job instance at 0x7fc9dcb38dc0>,13,21,[13  1],14,-1,35,-1,14
1,<environment.Job instance at 0x7fc9dcb38a00>,16,27,[11  3],17,-1,44,-1,17
1,<environment.Job instance at 0x7fc9dcb72780>,22,24,[8 5],23,-1,51,-1,27
1,<environment.Job instance at 0x7fc9dcb72c80>,23,14,[14  1],24,-1,41,-1,27
1,<environment.Job instance at 0x7fc9dcb72af0>,24,24,[8 5],25,-1,51,-1,27
1,<environment.Job instance at 0x7fc9dcb72820>,25,22,[13  5],26,-1,49,-1,27
1,<environment.Job instance at 0x7fc9dcb381e0>,11,28,[10  2],12,-1,60,-1,32
1,<environment.Job instance at 0x7fc9dcb380f0>,12,24,[9 3],13,-1,56,-1,32
1,<environment.Job instance at 0x7fc9dcb72870>,29,17,[ 5 13],30,-1,49,-1,32
1,<environment.Job instance at 0x7fc9dcb72550>,30,26,[ 3 14],31,-1,58,-1,32
1,<environment.Job instance at 0x7fc9dcb72a50>,32,26,[ 1 10],33,-1,73,-1,47
1,<environment.Job instance at 0x7fc9dcb5ed20>,33,26,[4 8],34,-1,73,-1,47
1,<environment.Job instance at 0x7fc9dcb5efa0>,36,15,[ 4 12],37,-1,76,-1,61
1,<environment.Job instance at 0x7fc9dcb5e460>,38,20,[ 4 13],39,-1,94,-1,74
1,<environment.Job instance at 0x7fc9dcb5e550>,39,25,[4 8],40,-1,99,-1,74
1,<environment.Job instance at 0x7fc9dcb5e1e0>,41,18,[14  3],42,-1,92,-1,74
1,<environment.Job instance at 0x7fc9dcb5e320>,43,15,[ 5 11],44,-1,89,-1,74
1,<environment.Job instance at 0x7fc9dcb5ec30>,44,24,[7 4],45,-1,111,-1,87
1,<environment.Job instance at 0x7fc9dcb5eb40>,46,27,[13  2],47,-1,114,-1,87
1,<environment.Job instance at 0x7fc9dcf102d0>,3,19,[ 2 10],4,-1,24,-1,5
1,<environment.Job instance at 0x7fc9dcb5a3c0>,4,28,[6 2],5,-1,34,-1,6
1,<environment.Job instance at 0x7fc9dcf10e10>,6,14,[9 3],7,-1,22,-1,8
1,<environment.Job instance at 0x7fc9dcf10af0>,8,24,[7 2],9,-1,33,-1,9
1,<environment.Job instance at 0x7fc9dcf10820>,9,23,[3 8],10,-1,33,-1,10
1,<environment.Job instance at 0x7fc9dcf10aa0>,10,19,[ 5 14],11,-1,71,-1,52
1,<environment.Job instance at 0x7fc9dcf2cf50>,20,23,[6 4],21,-1,75,-1,52
1,<environment.Job instance at 0x7fc9dcf2cd70>,21,17,[5 5],22,-1,73,-1,56
1,<environment.Job instance at 0x7fc9dcf2ceb0>,22,20,[ 1 11],23,-1,76,-1,56
1,<environment.Job instance at 0x7fc9dcf2c5a0>,19,16,[9 4],20,-1,72,-1,56
1,<environment.Job instance at 0x7fc9dcf2c3c0>,25,14,[12  2],26,-1,79,-1,65
1,<environment.Job instance at 0x7fc9dcf0ed70>,15,14,[ 3 13],16,-1,79,-1,65
1,<environment.Job instance at 0x7fc9dcf2c370>,24,18,[ 5 13],25,-1,84,-1,66
1,<environment.Job instance at 0x7fc9dcf2c910>,18,28,[14  2],19,-1,95,-1,67
1,<environment.Job instance at 0x7fc9dd075730>,30,18,[ 1 10],31,-1,87,-1,69
1,<environment.Job instance at 0x7fc9dd096e10>,29,25,[8 1],30,-1,94,-1,69
1,<environment.Job instance at 0x7fc9dd09faa0>,32,21,[7 4],33,-1,90,-1,69
1,<environment.Job instance at 0x7fc9dd595280>,34,25,[4 5],35,-1,94,-1,69
1,<environment.Job instance at 0x7fc9dd595870>,35,25,[10  3],36,-1,94,-1,69
1,<environment.Job instance at 0x7fc9dd07a370>,36,16,[9 5],37,-1,85,-1,69
1,<environment.Job instance at 0x7fc9dcc9b870>,0,16,[ 3 14],1,-1,17,-1,1
1,<environment.Job instance at 0x7fc9dcc9b280>,1,17,[12  1],2,-1,19,-1,2
1,<environment.Job instance at 0x7fc9dcc1fa50>,5,22,[ 1 12],6,-1,28,-1,6
1,<environment.Job instance at 0x7fc9dcc9b050>,7,14,[11  2],8,-1,22,-1,8
1,<environment.Job instance at 0x7fc9dcc9b320>,10,19,[ 5 14],11,-1,30,-1,11
1,<environment.Job instance at 0x7fc9dcc9be10>,4,28,[6 2],5,-1,45,-1,17
1,<environment.Job instance at 0x7fc9dcb34cd0>,12,26,[ 1 13],13,-1,43,-1,17
1,<environment.Job instance at 0x7fc9dcc9b500>,8,24,[7 2],9,-1,41,-1,17
1,<environment.Job instance at 0x7fc9dcb34320>,15,14,[ 3 13],16,-1,31,-1,17
1,<environment.Job instance at 0x7fc9dcf34460>,16,16,[ 5 13],17,-1,33,-1,17
1,<environment.Job instance at 0x7fc9dcb34d70>,18,28,[14  2],19,-1,51,-1,23
1,<environment.Job instance at 0x7fc9dcc9b2d0>,9,23,[3 8],10,-1,46,-1,23
1,<environment.Job instance at 0x7fc9dcd1ebe0>,20,23,[6 4],21,-1,46,-1,23
1,<environment.Job instance at 0x7fc9ddf590a0>,22,20,[ 1 11],23,-1,43,-1,23
1,<environment.Job instance at 0x7fc9ddd12960>,24,18,[ 5 13],25,-1,48,-1,30
1,<environment.Job instance at 0x7fc9e6aa4410>,25,14,[12  2],26,-1,44,-1,30
1,<environment.Job instance at 0x7fc9e6aa48c0>,27,28,[1 5],28,-1,71,-1,43
1,<environment.Job instance at 0x7fc9e6aa40f0>,28,21,[14  5],29,-1,64,-1,43
1,<environment.Job instance at 0x7fc9e6aa4730>,29,25,[8 1],30,-1,68,-1,43
1,<environment.Job instance at 0x7fc9dd047c80>,31,12,[12  3],32,-1,55,-1,43
1,<environment.Job instance at 0x7fc9dcb5eb40>,34,25,[4 5],35,-1,82,-1,57
1,<environment.Job instance at 0x7fc9dcb5e190>,35,25,[10  3],36,-1,82,-1,57
1,<environment.Job instance at 0x7fc9dcb5ea00>,37,28,[13  4],38,-1,85,-1,57
1,<environment.Job instance at 0x7fc9dcb5ecd0>,38,20,[13  2],39,-1,77,-1,57
1,<environment.Job instance at 0x7fc9dcb5e550>,39,14,[12  3],40,-1,71,-1,57
1,<environment.Job instance at 0x7fc9dcb5e230>,40,17,[ 5 13],41,-1,74,-1,57
1,<environment.Job instance at 0x7fc9dcb5e460>,41,13,[11  3],42,-1,70,-1,57
1,<environment.Job instance at 0x7fc9dcb5eeb0>,42,18,[13  4],43,-1,75,-1,57
1,<environment.Job instance at 0x7fc9dcb5eaf0>,44,12,[ 3 12],45,-1,69,-1,57
1,<environment.Job instance at 0x7fc9dcb5e500>,45,16,[ 2 11],46,-1,73,-1,57
1,<environment.Job instance at 0x7fc9dcb5e280>,46,27,[14  4],47,-1,84,-1,57
1,<environment.Job instance at 0x7fc9dcb5ee60>,47,25,[ 2 14],48,-1,82,-1,57
1,<environment.Job instance at 0x7fc9dcb72c30>,50,20,[ 3 11],51,-1,77,-1,57
1,<environment.Job instance at 0x7fc9dcb728c0>,53,15,[ 2 14],54,-1,85,-1,70
1,<environment.Job instance at 0x7fc9dcb72820>,54,23,[ 3 14],55,-1,93,-1,70
1,<environment.Job instance at 0x7fc9dcb72af0>,55,21,[ 5 13],56,-1,91,-1,70
1,<environment.Job instance at 0x7fc9dcb72c80>,56,16,[ 3 14],57,-1,86,-1,70
1,<environment.Job instance at 0x7fc9dcb729b0>,57,17,[11  5],58,-1,87,-1,70
1,<environment.Job instance at 0x7fc9dcb72730>,58,14,[11  3],59,-1,84,-1,70
1,<environment.Job instance at 0x7fc9dcb38730>,60,13,[14  1],61,-1,97,-1,84
1,<environment.Job instance at 0x7fc9dcb38a00>,63,16,[ 2 12],64,-1,105,-1,89
1,<environment.Job instance at 0x7fc9dcb387d0>,64,18,[ 3 11],65,-1,107,-1,89
1,<environment.Job instance at 0x7fc9de2c9fa0>,3,22,[10  4],4,-1,31,-1,9
1,<environment.Job instance at 0x7fc9de2c9d70>,9,17,[3 5],10,-1,27,-1,10
1,<environment.Job instance at 0x7fc9de2c9190>,12,23,[8 1],13,-1,36,-1,13
1,<environment.Job instance at 0x7fc9de2c9b90>,11,15,[7 1],12,-1,29,-1,14
1,<environment.Job instance at 0x7fc9de2c9640>,14,24,[4 7],15,-1,39,-1,15
1,<environment.Job instance at 0x7fc9de2c93c0>,17,17,[ 2 10],18,-1,42,-1,25
1,<environment.Job instance at 0x7fc9dcf0ecd0>,0,27,[ 2 12],1,-1,28,-1,1
1,<environment.Job instance at 0x7fc9dcb38410>,2,12,[11  1],3,-1,15,-1,3
1,<environment.Job instance at 0x7fc9dcf0e910>,5,19,[ 3 11],6,-1,25,-1,6
1,<environment.Job instance at 0x7fc9dcb38e10>,6,25,[ 1 14],7,-1,32,-1,7
1,<environment.Job instance at 0x7fc9dcb38cd0>,8,26,[14  4],9,-1,35,-1,9
1,<environment.Job instance at 0x7fc9dcb387d0>,10,23,[ 1 11],11,-1,34,-1,11
1,<environment.Job instance at 0x7fc9dcb38b90>,7,24,[8 2],8,-1,50,-1,26
1,<environment.Job instance at 0x7fc9dcb38140>,14,24,[4 7],15,-1,50,-1,26
1,<environment.Job instance at 0x7fc9dcb72730>,15,22,[ 4 14],16,-1,48,-1,26
1,<environment.Job instance at 0x7fc9dcb72c80>,16,21,[13  5],17,-1,47,-1,26
1,<environment.Job instance at 0x7fc9dcb38730>,12,23,[8 1],13,-1,49,-1,26
1,<environment.Job instance at 0x7fc9dcb72550>,21,27,[ 3 13],22,-1,56,-1,29
1,<environment.Job instance at 0x7fc9dcb72c30>,22,27,[4 8],23,-1,56,-1,29
1,<environment.Job instance at 0x7fc9dcb72a50>,23,17,[ 2 12],24,-1,46,-1,29
1,<environment.Job instance at 0x7fc9dcb72640>,25,15,[12  3],26,-1,44,-1,29
1,<environment.Job instance at 0x7fc9dcb5e3c0>,31,28,[1 7],32,-1,82,-1,54
1,<environment.Job instance at 0x7fc9dcb5ecd0>,33,14,[ 1 13],34,-1,68,-1,54
1,<environment.Job instance at 0x7fc9dcb5e5a0>,30,27,[10  3],31,-1,85,-1,58
1,<environment.Job instance at 0x7fc9dcb5ec30>,35,13,[13  5],36,-1,71,-1,58
1,<environment.Job instance at 0x7fc9e711b460>,36,21,[12  1],37,-1,79,-1,58
1,<environment.Job instance at 0x7fc9dcb5e370>,38,24,[ 2 12],39,-1,82,-1,58
1,<environment.Job instance at 0x7fc9dcb5eb40>,39,23,[3 9],40,-1,91,-1,68
1,<environment.Job instance at 0x7fc9dcc9b9b0>,40,17,[ 5 14],41,-1,85,-1,68
1,<environment.Job instance at 0x7fc9dcc9b4b0>,42,23,[ 5 13],43,-1,91,-1,68
1,<environment.Job instance at 0x7fc9dcc9bb40>,43,15,[ 3 13],44,-1,83,-1,68
1,<environment.Job instance at 0x7fc9dcb5ea00>,34,23,[3 9],35,-1,91,-1,68
1,<environment.Job instance at 0x7fc9dcc9bd70>,45,26,[5 8],46,-1,94,-1,68
1,<environment.Job instance at 0x7fc9dcf389b0>,46,26,[ 4 13],47,-1,94,-1,68
1,<environment.Job instance at 0x7fc9dcc9b230>,47,26,[5 1],48,-1,94,-1,68
1,<environment.Job instance at 0x7fc9dd27b730>,50,14,[12  2],51,-1,86,-1,72
1,<environment.Job instance at 0x7fc9dd4d5280>,52,27,[ 5 14],53,-1,110,-1,83
1,<environment.Job instance at 0x7fc9dd4d54b0>,53,23,[11  1],54,-1,106,-1,83
1,<environment.Job instance at 0x7fc9dd618370>,0,28,[5 4],1,-1,29,-1,1
1,<environment.Job instance at 0x7fc9dd6180f0>,1,19,[5 4],2,-1,21,-1,2
1,<environment.Job instance at 0x7fc9dd632b90>,0,28,[5 4],1,-1,29,-1,1
1,<environment.Job instance at 0x7fc9dd6327d0>,2,22,[12  5],3,-1,25,-1,3
1,<environment.Job instance at 0x7fc9dd610320>,3,26,[ 3 14],4,-1,30,-1,4
1,<environment.Job instance at 0x7fc9dd610af0>,4,23,[13  3],5,-1,28,-1,5
1,<environment.Job instance at 0x7fc9dd6100f0>,5,14,[12  3],6,-1,20,-1,6
1,<environment.Job instance at 0x7fc9dd610190>,6,18,[14  4],7,-1,25,-1,7
1,<environment.Job instance at 0x7fc9dd610140>,7,25,[10  4],8,-1,33,-1,8
1,<environment.Job instance at 0x7fc9dd6102d0>,8,22,[ 3 13],9,-1,31,-1,9
1,<environment.Job instance at 0x7fc9dd610280>,9,24,[1 7],10,-1,34,-1,10
1,<environment.Job instance at 0x7fc9dd610c80>,10,18,[12  4],11,-1,29,-1,11
1,<environment.Job instance at 0x7fc9dd610cd0>,11,19,[12  4],12,-1,31,-1,12
1,<environment.Job instance at 0x7fc9dd7ff1e0>,13,25,[7 1],14,-1,39,-1,14
1,<environment.Job instance at 0x7fc9dd7ff280>,14,21,[14  2],15,-1,36,-1,15
1,<environment.Job instance at 0x7fc9dd7ffa50>,15,23,[6 3],16,-1,39,-1,16
1,<environment.Job instance at 0x7fc9dd7ff820>,18,18,[13  4],19,-1,37,-1,19
1,<environment.Job instance at 0x7fc9dd7ffcd0>,22,19,[ 5 13],23,-1,42,-1,23
1,<environment.Job instance at 0x7fc9dd7ffe60>,25,15,[14  5],26,-1,44,-1,29
1,<environment.Job instance at 0x7fc9dd7ffa00>,26,21,[14  5],27,-1,50,-1,29
1,<environment.Job instance at 0x7fc9dd7ffc30>,27,26,[11  1],28,-1,55,-1,29
1,<environment.Job instance at 0x7fc9dd632fa0>,17,23,[10  3],18,-1,58,-1,35
1,<environment.Job instance at 0x7fc9ddbf75f0>,32,26,[5 9],33,-1,61,-1,35
1,<environment.Job instance at 0x7fc9ddbf7820>,33,18,[12  2],34,-1,53,-1,35
1,<environment.Job instance at 0x7fc9ddbf73c0>,34,28,[ 1 13],35,-1,63,-1,35
1,<environment.Job instance at 0x7fc9dd7ffaf0>,20,27,[9 5],21,-1,62,-1,35
1,<environment.Job instance at 0x7fc9dd7ffb40>,23,28,[7 5],24,-1,63,-1,35
1,<environment.Job instance at 0x7fc9ddbf7cd0>,38,25,[ 2 14],39,-1,68,-1,43
1,<environment.Job instance at 0x7fc9dd4d5cd0>,40,18,[ 1 13],41,-1,67,-1,49
1,<environment.Job instance at 0x7fc9dd27b820>,41,25,[3 6],42,-1,87,-1,62
1,<environment.Job instance at 0x7fc9de2c95f0>,43,18,[11  3],44,-1,80,-1,62
1,<environment.Job instance at 0x7fc9de2c9910>,44,24,[7 3],45,-1,86,-1,62
1,<environment.Job instance at 0x7fc9dcc9b640>,46,12,[ 2 12],47,-1,74,-1,62
1,<environment.Job instance at 0x7fc9dcc9b870>,49,18,[ 5 13],50,-1,81,-1,63
1,<environment.Job instance at 0x7fc9dcc9b9b0>,50,13,[14  4],51,-1,76,-1,63
1,<environment.Job instance at 0x7fc9dd072c30>,52,16,[ 2 13],53,-1,79,-1,63
1,<environment.Job instance at 0x7fc9dcc9b320>,53,24,[7 1],54,-1,103,-1,79
1,<environment.Job instance at 0x7fc9dcb5ec30>,57,14,[13  5],58,-1,98,-1,84
1,<environment.Job instance at 0x7fc9dcb5e730>,58,27,[ 4 13],59,-1,111,-1,84
1,<environment.Job instance at 0x7fc9dcb5eb90>,60,18,[ 2 13],61,-1,102,-1,84
1,<environment.Job instance at 0x7fc9dcb5ee60>,62,17,[11  1],63,-1,113,-1,96
1,<environment.Job instance at 0x7fc9dcb5e320>,63,13,[12  1],64,-1,109,-1,96
1,<environment.Job instance at 0x7f96aed59b40>,4,24,[ 3 11],5,-1,33,-1,9
1,<environment.Job instance at 0x7f96aed5e280>,13,27,[3 8],14,-1,41,-1,14
1,<environment.Job instance at 0x7f96aed693c0>,0,24,[2 8],1,-1,25,-1,1
1,<environment.Job instance at 0x7f96aed695a0>,2,26,[10  1],3,-1,29,-1,3
1,<environment.Job instance at 0x7f96aed69780>,3,15,[13  4],4,-1,19,-1,4
1,<environment.Job instance at 0x7f96aed69690>,4,24,[ 3 11],5,-1,29,-1,5
1,<environment.Job instance at 0x7f96aed69870>,6,19,[ 1 13],7,-1,26,-1,7
1,<environment.Job instance at 0x7f96aed59960>,8,24,[ 2 12],9,-1,33,-1,9
1,<environment.Job instance at 0x7f96aed69c30>,10,14,[ 1 14],11,-1,25,-1,11
1,<environment.Job instance at 0x7f96aed69e60>,13,27,[3 8],14,-1,41,-1,14
1,<environment.Job instance at 0x7f96aed54050>,14,14,[14  3],15,-1,29,-1,15
1,<environment.Job instance at 0x7f96b83d94b0>,15,24,[ 2 13],16,-1,40,-1,16
1,<environment.Job instance at 0x7f96aeda28c0>,16,19,[ 3 12],17,-1,36,-1,17
1,<environment.Job instance at 0x7f96aeda5f50>,17,18,[ 5 13],18,-1,36,-1,18
1,<environment.Job instance at 0x7f96aedadcd0>,19,21,[14  4],20,-1,41,-1,20
1,<environment.Job instance at 0x7f96aef03280>,21,22,[14  2],22,-1,46,-1,24
1,<environment.Job instance at 0x7f96aef03140>,22,25,[ 4 12],23,-1,49,-1,24
1,<environment.Job instance at 0x7f96aed51c30>,24,20,[ 3 12],25,-1,49,-1,29
1,<environment.Job instance at 0x7f96aed518c0>,25,16,[11  3],26,-1,45,-1,29
1,<environment.Job instance at 0x7f96aed51e60>,27,25,[14  4],28,-1,54,-1,29
1,<environment.Job instance at 0x7f96aee905f0>,29,24,[5 1],30,-1,65,-1,41
1,<environment.Job instance at 0x7f96aed51190>,32,14,[14  3],33,-1,65,-1,51
1,<environment.Job instance at 0x7f96aee7d1e0>,35,23,[11  2],36,-1,79,-1,56
1,<environment.Job instance at 0x7f96aede4c30>,36,27,[10  1],37,-1,83,-1,56
1,<environment.Job instance at 0x7f96aee8de60>,38,16,[ 1 13],39,-1,72,-1,56
1,<environment.Job instance at 0x7f96aee65960>,41,26,[13  2],42,-1,90,-1,64
1,<environment.Job instance at 0x7f96aee650f0>,42,18,[ 1 13],43,-1,82,-1,64
1,<environment.Job instance at 0x7f96aeede230>,45,28,[12  4],46,-1,106,-1,78
1,<environment.Job instance at 0x7f96aef01fa0>,46,17,[ 5 12],47,-1,95,-1,78
1,<environment.Job instance at 0x7f96aef01460>,48,25,[11  4],49,-1,103,-1,78
1,<environment.Job instance at 0x7f96aedfe410>,49,23,[2 6],50,-1,115,-1,92
1,<environment.Job instance at 0x7f96aedfedc0>,50,13,[12  1],51,-1,105,-1,92
1,<environment.Job instance at 0x7f96aedfe2d0>,51,24,[ 1 11],52,-1,116,-1,92
1,<environment.Job instance at 0x7f96aedfee60>,52,27,[9 1],53,-1,119,-1,92
1,<environment.Job instance at 0x7f96aef064b0>,54,20,[ 5 14],55,-1,113,-1,93
1,<environment.Job instance at 0x7f96ae4a60f0>,1,25,[7 4],2,-1,27,-1,2
1,<environment.Job instance at 0x7f96ae4a5af0>,15,18,[11  5],16,-1,34,-1,16
1,<environment.Job instance at 0x7f96ae4a5cd0>,16,14,[14  1],17,-1,117,-1,103
1,<environment.Job instance at 0x7f96ae49b500>,14,24,[5 6],15,-1,130,-1,106
1,<environment.Job instance at 0x7f96ae623820>,22,27,[5 4],23,-1,136,-1,109
1,<environment.Job instance at 0x7f96ae6441e0>,21,27,[4 8],22,-1,136,-1,109
1,<environment.Job instance at 0x7f96ae674e60>,1,25,[7 4],2,-1,27,-1,2
1,<environment.Job instance at 0x7f96ae572d70>,2,20,[ 5 13],3,-1,23,-1,3
1,<environment.Job instance at 0x7f96ae5c1280>,3,21,[ 1 13],4,-1,25,-1,4
1,<environment.Job instance at 0x7f96ae50e2d0>,5,18,[ 3 13],6,-1,24,-1,6
1,<environment.Job instance at 0x7f96ae50e3c0>,6,26,[ 4 14],7,-1,33,-1,7
1,<environment.Job instance at 0x7f96ae572f50>,8,12,[12  1],9,-1,21,-1,9
1,<environment.Job instance at 0x7f96ae606320>,11,18,[ 3 12],12,-1,30,-1,12
1,<environment.Job instance at 0x7f96ae511e60>,12,21,[ 2 13],13,-1,34,-1,13
1,<environment.Job instance at 0x7f96ae516a50>,15,18,[11  5],16,-1,34,-1,16
1,<environment.Job instance at 0x7f96ae511140>,14,24,[5 6],15,-1,40,-1,16
1,<environment.Job instance at 0x7f96ae516cd0>,16,14,[14  1],17,-1,31,-1,17
1,<environment.Job instance at 0x7f96ae5829b0>,17,22,[12  1],18,-1,40,-1,18
1,<environment.Job instance at 0x7f96ae5820f0>,21,27,[4 8],22,-1,52,-1,25
1,<environment.Job instance at 0x7f96ae51c550>,22,27,[5 4],23,-1,52,-1,25
1,<environment.Job instance at 0x7f96ae51c460>,23,18,[13  4],24,-1,43,-1,25
1,<environment.Job instance at 0x7f96ae51c5f0>,26,14,[ 3 14],27,-1,51,-1,37
1,<environment.Job instance at 0x7f96ae521be0>,27,21,[ 3 12],28,-1,58,-1,37
1,<environment.Job instance at 0x7f96ae5210a0>,28,26,[ 1 11],29,-1,63,-1,37
1,<environment.Job instance at 0x7f96ae586c30>,30,21,[ 3 12],31,-1,58,-1,37
1,<environment.Job instance at 0x7f96ae586410>,31,17,[ 2 11],32,-1,54,-1,37
1,<environment.Job instance at 0x7f96ae5245a0>,33,14,[11  1],34,-1,55,-1,41
1,<environment.Job instance at 0x7f96ae524370>,34,26,[ 3 12],35,-1,67,-1,41
1,<environment.Job instance at 0x7f96ae67ba50>,35,24,[4 7],36,-1,76,-1,52
1,<environment.Job instance at 0x7f96ae524a50>,36,16,[14  1],37,-1,68,-1,52
1,<environment.Job instance at 0x7f96ae59ef00>,37,25,[5 4],38,-1,77,-1,52
1,<environment.Job instance at 0x7f96ae59efa0>,38,28,[7 2],39,-1,80,-1,52
1,<environment.Job instance at 0x7f96ae59b910>,39,28,[7 1],40,-1,80,-1,52
1,<environment.Job instance at 0x7f96ae5867d0>,29,28,[3 6],30,-1,80,-1,52
1,<environment.Job instance at 0x7f96ae699dc0>,42,24,[12  2],43,-1,76,-1,52
1,<environment.Job instance at 0x7f96ae528230>,43,26,[ 3 11],44,-1,78,-1,52
1,<environment.Job instance at 0x7f96ae6fbdc0>,44,25,[ 5 11],45,-1,77,-1,52
1,<environment.Job instance at 0x7f96ae54cd20>,46,16,[ 1 11],47,-1,68,-1,52
1,<environment.Job instance at 0x7f96ae57a140>,48,25,[4 6],49,-1,78,-1,53
1,<environment.Job instance at 0x7f96ae57adc0>,49,26,[4 9],50,-1,93,-1,67
1,<environment.Job instance at 0x7f96ae5604b0>,51,12,[12  4],52,-1,79,-1,67
1,<environment.Job instance at 0x7f96ae560e60>,52,21,[12  4],53,-1,88,-1,67
1,<environment.Job instance at 0x7f96ae560eb0>,53,14,[12  3],54,-1,81,-1,67
1,<environment.Job instance at 0x7f96ae5605f0>,54,28,[ 3 13],55,-1,95,-1,67
1,<environment.Job instance at 0x7f96ae560780>,55,22,[ 3 12],56,-1,89,-1,67
1,<environment.Job instance at 0x7f96ae560960>,56,23,[11  2],57,-1,90,-1,67
1,<environment.Job instance at 0x7f96ae5c4050>,59,15,[12  2],60,-1,82,-1,67
1,<environment.Job instance at 0x7f96ae5c4b90>,60,18,[11  1],61,-1,85,-1,67
1,<environment.Job instance at 0x7f96ae556500>,65,14,[11  3],66,-1,100,-1,86
1,<environment.Job instance at 0x7f96ae55d4b0>,66,19,[ 5 14],67,-1,105,-1,86
1,<environment.Job instance at 0x7f96ae55d0a0>,69,25,[ 3 11],70,-1,124,-1,99
1,<environment.Job instance at 0x7f96ae530640>,70,27,[13  4],71,-1,126,-1,99
1,<environment.Job instance at 0x7f96ae6abf00>,68,27,[9 4],69,-1,130,-1,103
1,<environment.Job instance at 0x7f96ae5697d0>,73,23,[ 2 14],74,-1,126,-1,103
1,<environment.Job instance at 0x7f96ae569d70>,74,12,[ 2 11],75,-1,115,-1,103
1,<environment.Job instance at 0x7f96ae3e1500>,2,20,[5 7],3,-1,23,-1,3
1,<environment.Job instance at 0x7f96ae3e10f0>,3,15,[5 9],4,-1,19,-1,4
1,<environment.Job instance at 0x7f96ae3e1c30>,4,28,[4 8],5,-1,33,-1,5
1,<environment.Job instance at 0x7f96ae3e1730>,6,23,[3 8],7,-1,30,-1,7
1,<environment.Job instance at 0x7f96ae3e15f0>,7,15,[5 6],8,-1,23,-1,8
1,<environment.Job instance at 0x7f96ae3e1e60>,9,17,[ 3 11],10,-1,28,-1,11
1,<environment.Job instance at 0x7f96ae3e1d70>,11,27,[7 2],12,-1,39,-1,12
1,<environment.Job instance at 0x7f96ae3e1780>,13,12,[11  4],14,-1,26,-1,14
1,<environment.Job instance at 0x7f96ae382140>,15,28,[6 4],16,-1,44,-1,16
1,<environment.Job instance at 0x7f96ae3824b0>,20,24,[11  3],21,-1,52,-1,28
1,<environment.Job instance at 0x7f96ae3825a0>,22,24,[14  3],23,-1,59,-1,35
1,<environment.Job instance at 0x7f96ae3820f0>,19,20,[6 2],20,-1,58,-1,38
1,<environment.Job instance at 0x7f96ae382be0>,27,28,[11  1],28,-1,66,-1,38
1,<environment.Job instance at 0x7f96ae3e1960>,12,16,[14  3],13,-1,54,-1,38
1,<environment.Job instance at 0x7f96ae382c30>,26,24,[ 5 14],27,-1,62,-1,38
1,<environment.Job instance at 0x7f96ae382690>,28,15,[ 5 11],29,-1,54,-1,39
1,<environment.Job instance at 0x7f96ae382a00>,29,21,[6 4],30,-1,60,-1,39
1,<environment.Job instance at 0x7f96ae382f50>,16,13,[ 5 13],17,-1,52,-1,39
1,<environment.Job instance at 0x7f96ae382dc0>,30,17,[2 6],31,-1,56,-1,39
1,<environment.Job instance at 0x7f96ae382500>,32,17,[8 5],33,-1,56,-1,39
1,<environment.Job instance at 0x7f96ae382280>,34,19,[10  4],35,-1,58,-1,39
1,<environment.Job instance at 0x7f96b83cba00>,37,25,[8 3],38,-1,66,-1,41
1,<environment.Job instance at 0x7f96ae382af0>,25,15,[11  2],26,-1,56,-1,41
1,<environment.Job instance at 0x7f96b83cb280>,38,17,[1 7],39,-1,58,-1,41
1,<environment.Job instance at 0x7f96b83a2640>,5,23,[14  3],6,-1,29,-1,6
1,<environment.Job instance at 0x7f96b83a2910>,4,28,[4 8],5,-1,41,-1,13
1,<environment.Job instance at 0x7f96ae35b460>,8,28,[11  1],9,-1,41,-1,13
1,<environment.Job instance at 0x7f96ae35b5f0>,9,17,[ 3 11],10,-1,30,-1,13
1,<environment.Job instance at 0x7f96ae35b640>,6,23,[3 8],7,-1,36,-1,13
1,<environment.Job instance at 0x7f96ae3a2fa0>,11,27,[7 2],12,-1,40,-1,13
1,<environment.Job instance at 0x7f96ae3a2d20>,12,16,[14  3],13,-1,29,-1,13
1,<environment.Job instance at 0x7f96ae3a2be0>,13,12,[11  4],14,-1,26,-1,14
1,<environment.Job instance at 0x7f96ae3dcd20>,14,15,[14  3],15,-1,30,-1,15
1,<environment.Job instance at 0x7f96ae3a2eb0>,16,13,[ 5 13],17,-1,30,-1,17
1,<environment.Job instance at 0x7f96ae3dc640>,15,28,[6 4],16,-1,55,-1,27
1,<environment.Job instance at 0x7f96ae3dcd70>,20,24,[11  3],21,-1,51,-1,27
1,<environment.Job instance at 0x7f96ae3dc7d0>,21,22,[ 5 14],22,-1,49,-1,27
1,<environment.Job instance at 0x7f96ae3dc370>,22,24,[14  3],23,-1,51,-1,27
1,<environment.Job instance at 0x7f96ae3dc1e0>,24,28,[6 3],25,-1,55,-1,27
1,<environment.Job instance at 0x7f96ae3dc4b0>,25,15,[11  2],26,-1,42,-1,27
1,<environment.Job instance at 0x7f96ae3dce60>,26,24,[ 5 14],27,-1,51,-1,27
1,<environment.Job instance at 0x7f96ae3dc960>,27,28,[11  1],28,-1,56,-1,28
1,<environment.Job instance at 0x7f96ae3dc050>,28,15,[ 5 11],29,-1,44,-1,29
1,<environment.Job instance at 0x7f96ae3dcb40>,31,16,[ 2 13],32,-1,48,-1,32
1,<environment.Job instance at 0x7f96ae3dcaf0>,33,24,[ 5 11],34,-1,66,-1,42
1,<environment.Job instance at 0x7f96ae3dcaa0>,35,13,[11  1],36,-1,55,-1,42
1,<environment.Job instance at 0x7f96ae38c190>,36,12,[ 3 12],37,-1,54,-1,42
1,<environment.Job instance at 0x7f96ae38c0a0>,37,25,[8 3],38,-1,71,-1,46
1,<environment.Job instance at 0x7f96ae38c7d0>,39,15,[ 5 13],40,-1,61,-1,46
1,<environment.Job instance at 0x7f96ae38cb40>,41,24,[5 1],42,-1,81,-1,57
1,<environment.Job instance at 0x7f96ae38c730>,42,23,[ 1 13],43,-1,80,-1,57
1,<environment.Job instance at 0x7f96ae38cbe0>,43,12,[12  2],44,-1,69,-1,57
1,<environment.Job instance at 0x7f96ae38cc80>,46,19,[ 3 14],47,-1,76,-1,57
1,<environment.Job instance at 0x7f96ae38c820>,47,26,[ 1 14],48,-1,83,-1,57
1,<environment.Job instance at 0x7f96ae38caa0>,49,16,[12  3],50,-1,86,-1,70
1,<environment.Job instance at 0x7f96ae38ccd0>,50,27,[13  4],51,-1,97,-1,70
1,<environment.Job instance at 0x7f96ae3d5140>,54,23,[8 5],55,-1,121,-1,98
1,<environment.Job instance at 0x7f96ae3d54b0>,58,27,[ 3 13],59,-1,126,-1,99
1,<environment.Job instance at 0x7f96ae3d5460>,59,20,[14  3],60,-1,119,-1,99
1,<environment.Job instance at 0x7f96ae3d5370>,60,22,[12  1],61,-1,121,-1,99
1,<environment.Job instance at 0x7f96ae3d56e0>,61,12,[ 2 14],62,-1,111,-1,99
1,<environment.Job instance at 0x7f96ae3d5af0>,62,13,[14  5],63,-1,112,-1,99
1,<environment.Job instance at 0x7f96ae44a190>,1,22,[4 8],2,-1,24,-1,2
1,<environment.Job instance at 0x7f96ae4fc870>,3,16,[2 8],4,-1,21,-1,5
1,<environment.Job instance at 0x7f96ae3c3aa0>,4,24,[12  1],5,-1,29,-1,5
1,<environment.Job instance at 0x7f96ae371c80>,15,27,[2 8],16,-1,43,-1,16
1,<environment.Job instance at 0x7f96ae3715f0>,17,17,[6 3],18,-1,39,-1,22
1,<environment.Job instance at 0x7f96ae371550>,18,20,[12  2],19,-1,50,-1,30
1,<environment.Job instance at 0x7f96ae371be0>,14,20,[7 3],15,-1,61,-1,41
1,<environment.Job instance at 0x7f96ae3710f0>,21,27,[ 4 12],22,-1,68,-1,41
1,<environment.Job instance at 0x7f96ae371fa0>,20,17,[2 8],21,-1,58,-1,41
1,<environment.Job instance at 0x7f96ae349500>,0,28,[1 7],1,-1,29,-1,1
1,<environment.Job instance at 0x7f96ae34f820>,4,24,[12  1],5,-1,29,-1,5
1,<environment.Job instance at 0x7f96ae34fe60>,6,18,[13  2],7,-1,25,-1,7
1,<environment.Job instance at 0x7f96ae34f8c0>,7,19,[ 5 13],8,-1,27,-1,8
1,<environment.Job instance at 0x7f96ae34f140>,8,28,[3 5],9,-1,47,-1,19
1,<environment.Job instance at 0x7f96ae34f1e0>,11,26,[5 3],12,-1,45,-1,19
1,<environment.Job instance at 0x7f96ae35b5f0>,12,18,[11  4],13,-1,37,-1,19
1,<environment.Job instance at 0x7f96ae35b6e0>,13,15,[ 3 11],14,-1,34,-1,19
1,<environment.Job instance at 0x7f96aed79910>,16,12,[ 3 11],17,-1,31,-1,19
1,<environment.Job instance at 0x7f96ae35b640>,15,27,[2 8],16,-1,51,-1,24
1,<environment.Job instance at 0x7f96ae772460>,18,20,[12  2],19,-1,44,-1,24
1,<environment.Job instance at 0x7f96ae371230>,19,24,[ 5 11],20,-1,48,-1,24
1,<environment.Job instance at 0x7f96ae894640>,21,27,[ 4 12],22,-1,51,-1,24
1,<environment.Job instance at 0x7f96ae894f50>,22,23,[5 7],23,-1,47,-1,24
1,<environment.Job instance at 0x7f96ae894fa0>,23,13,[11  3],24,-1,37,-1,24
1,<environment.Job instance at 0x7f96ae894b40>,24,25,[13  3],25,-1,50,-1,25
1,<environment.Job instance at 0x7f96ae894af0>,25,17,[ 2 14],26,-1,43,-1,26
1,<environment.Job instance at 0x7f96ae8945f0>,27,20,[12  3],28,-1,48,-1,28
1,<environment.Job instance at 0x7f96ae8f6140>,28,16,[ 5 14],29,-1,45,-1,29
1,<environment.Job instance at 0x7f96ae8f6dc0>,29,13,[12  5],30,-1,43,-1,30
1,<environment.Job instance at 0x7f96ae8f6e10>,31,27,[12  2],32,-1,59,-1,32
1,<environment.Job instance at 0x7f96ae8f6e60>,32,26,[13  4],33,-1,59,-1,33
1,<environment.Job instance at 0x7f96ae8f6fa0>,35,24,[ 4 10],36,-1,82,-1,58
1,<environment.Job instance at 0x7f96ae8919b0>,39,20,[11  1],40,-1,83,-1,63
1,<environment.Job instance at 0x7f96ae891460>,40,12,[ 1 14],41,-1,75,-1,63
1,<environment.Job instance at 0x7f96ae891d20>,41,18,[ 5 12],42,-1,81,-1,63
1,<environment.Job instance at 0x7f96ae891050>,43,24,[6 1],44,-1,95,-1,71
1,<environment.Job instance at 0x7f96ae88ac30>,45,21,[12  1],46,-1,92,-1,71
1,<environment.Job instance at 0x7f96ae8f9280>,46,16,[ 4 11],47,-1,87,-1,71
1,<environment.Job instance at 0x7f96ae8f9be0>,47,26,[7 4],48,-1,102,-1,76
1,<environment.Job instance at 0x7f96ae8f9fa0>,49,27,[11  5],50,-1,103,-1,76
1,<environment.Job instance at 0x7f96ae88cc30>,52,18,[ 4 14],53,-1,106,-1,88
1,<environment.Job instance at 0x7f96ae8f9370>,51,25,[9 2],52,-1,119,-1,94
1,<environment.Job instance at 0x7f96ae88ce10>,54,21,[14  5],55,-1,115,-1,94
1,<environment.Job instance at 0x7f96ae88c5f0>,57,20,[ 3 13],58,-1,114,-1,94
1,<environment.Job instance at 0x7f96ae902f50>,58,15,[ 2 12],59,-1,109,-1,94
1,<environment.Job instance at 0x7f96ae902780>,59,24,[ 3 14],60,-1,118,-1,94
1,<environment.Job instance at 0x7f96ae5196e0>,60,17,[ 2 14],61,-1,111,-1,94
1,<environment.Job instance at 0x7f96ae88ceb0>,56,27,[3 8],57,-1,129,-1,102
1,<environment.Job instance at 0x7f96ae57da00>,65,22,[ 1 14],66,-1,129,-1,107
1,<environment.Job instance at 0x7f96af1dcc30>,13,27,[ 3 14],14,-1,62,-1,35
1,<environment.Job instance at 0x7f96af1dcaf0>,14,12,[3 5],15,-1,50,-1,38
1,<environment.Job instance at 0x7f96af1dc910>,12,27,[ 2 11],13,-1,71,-1,44
1,<environment.Job instance at 0x7f96af1dccd0>,17,28,[13  5],18,-1,72,-1,44
1,<environment.Job instance at 0x7f96af1dcb90>,18,26,[8 3],19,-1,70,-1,44
1,<environment.Job instance at 0x7f96af1dc9b0>,16,28,[5 2],17,-1,72,-1,44
1,<environment.Job instance at 0x7f96af1dc550>,20,22,[5 6],21,-1,66,-1,44
1,<environment.Job instance at 0x7f96ae793820>,0,24,[12  5],1,-1,25,-1,1
1,<environment.Job instance at 0x7f96ae4ef140>,1,19,[ 2 14],2,-1,21,-1,2
1,<environment.Job instance at 0x7f96ae4ef9b0>,2,22,[12  1],3,-1,25,-1,3
1,<environment.Job instance at 0x7f96ae4ef8c0>,3,13,[ 3 11],4,-1,17,-1,4
1,<environment.Job instance at 0x7f96ae579b40>,5,17,[ 1 14],6,-1,23,-1,6
1,<environment.Job instance at 0x7f96ae5795a0>,6,14,[ 3 14],7,-1,21,-1,7
1,<environment.Job instance at 0x7f96ae4ef910>,7,24,[ 3 11],8,-1,32,-1,8
1,<environment.Job instance at 0x7f96ae905e60>,9,25,[12  3],10,-1,35,-1,10
1,<environment.Job instance at 0x7f96ae905dc0>,10,12,[ 2 12],11,-1,23,-1,11
1,<environment.Job instance at 0x7f96aed7f190>,12,27,[ 2 11],13,-1,40,-1,13
1,<environment.Job instance at 0x7f96aed7f690>,13,27,[ 3 14],14,-1,41,-1,14
1,<environment.Job instance at 0x7f96aeca0d70>,17,28,[13  5],18,-1,46,-1,18
1,<environment.Job instance at 0x7f96aeca0dc0>,16,28,[5 2],17,-1,54,-1,26
1,<environment.Job instance at 0x7f96aeca00a0>,18,26,[8 3],19,-1,52,-1,26
1,<environment.Job instance at 0x7f96ae530e10>,21,14,[ 3 11],22,-1,40,-1,26
1,<environment.Job instance at 0x7f96ae5305a0>,22,27,[ 3 14],23,-1,53,-1,26
1,<environment.Job instance at 0x7f96ae530dc0>,23,15,[14  1],24,-1,41,-1,26
1,<environment.Job instance at 0x7f96ae5304b0>,24,27,[ 5 11],25,-1,53,-1,26
1,<environment.Job instance at 0x7f96ae530d20>,26,25,[ 1 13],27,-1,52,-1,27
1,<environment.Job instance at 0x7f96ae530fa0>,30,21,[13  1],31,-1,52,-1,31
1,<environment.Job instance at 0x7f96ae530690>,31,18,[ 2 12],32,-1,50,-1,32
1,<environment.Job instance at 0x7f96ae5307d0>,32,14,[ 2 11],33,-1,47,-1,33
1,<environment.Job instance at 0x7f96ae530f00>,34,12,[ 4 13],35,-1,52,-1,40
1,<environment.Job instance at 0x7f96ae57d280>,36,14,[ 3 12],37,-1,56,-1,42
1,<environment.Job instance at 0x7f96ae57d9b0>,37,23,[13  3],38,-1,65,-1,42
1,<environment.Job instance at 0x7f96ae57d050>,38,16,[13  5],39,-1,58,-1,42
1,<environment.Job instance at 0x7f96ae5309b0>,27,26,[10  3],28,-1,71,-1,45
1,<environment.Job instance at 0x7f96ae519370>,43,24,[ 4 11],44,-1,81,-1,57
1,<environment.Job instance at 0x7f96ae88c5f0>,44,14,[13  1],45,-1,71,-1,57
1,<environment.Job instance at 0x7f96ae88cfa0>,45,14,[11  1],46,-1,71,-1,57
1,<environment.Job instance at 0x7f96ae88c0a0>,46,12,[12  5],47,-1,69,-1,57
1,<environment.Job instance at 0x7f96ae902780>,41,23,[8 4],42,-1,82,-1,59
1,<environment.Job instance at 0x7f96ae88c5a0>,48,14,[ 1 13],49,-1,73,-1,59
1,<environment.Job instance at 0x7f96b8443f00>,42,23,[9 3],43,-1,82,-1,59
1,<environment.Job instance at 0x7f96ae8f9fa0>,51,28,[ 4 14],52,-1,87,-1,59
1,<environment.Job instance at 0x7f96ae8f9690>,53,27,[11  1],54,-1,97,-1,70
1,<environment.Job instance at 0x7f96ae8f9b40>,50,27,[ 4 10],51,-1,111,-1,84
1,<environment.Job instance at 0x7f96ae88a9b0>,56,28,[4 9],57,-1,112,-1,84
1,<environment.Job instance at 0x7f96ae8919b0>,57,28,[7 5],58,-1,112,-1,84
1,<environment.Job instance at 0x7f96ae88ac30>,58,18,[14  2],59,-1,102,-1,84
1,<environment.Job instance at 0x7f96ae891c30>,59,18,[12  2],60,-1,102,-1,84
1,<environment.Job instance at 0x7f96ae891690>,62,19,[ 2 14],63,-1,106,-1,87
1,<environment.Job instance at 0x7f96ae891d20>,64,24,[14  2],65,-1,111,-1,87
1,<environment.Job instance at 0x7f96aebd8910>,0,28,[9 5],1,-1,29,-1,1
1,<environment.Job instance at 0x7f96ae721a00>,8,24,[3 9],9,-1,102,-1,78
1,<environment.Job instance at 0x7f96ae88cf00>,0,28,[9 5],1,-1,29,-1,1
1,<environment.Job instance at 0x7f96ae88c500>,1,12,[ 5 12],2,-1,14,-1,2
1,<environment.Job instance at 0x7f96ae88c5f0>,2,26,[9 3],3,-1,29,-1,3
1,<environment.Job instance at 0x7f96ae88cfa0>,3,27,[ 5 13],4,-1,31,-1,4
1,<environment.Job instance at 0x7f96ae519370>,4,28,[ 4 14],5,-1,33,-1,5
1,<environment.Job instance at 0x7f96ae519730>,6,13,[12  1],7,-1,20,-1,7
1,<environment.Job instance at 0x7f96ae530fa0>,11,14,[ 4 13],12,-1,26,-1,12
1,<environment.Job instance at 0x7f96ae530aa0>,12,12,[14  3],13,-1,25,-1,13
1,<environment.Job instance at 0x7f96ae530460>,13,18,[ 5 11],14,-1,32,-1,14
1,<environment.Job instance at 0x7f96ae530500>,14,21,[ 1 12],15,-1,36,-1,15
1,<environment.Job instance at 0x7f96ae530320>,16,18,[ 1 12],17,-1,35,-1,17
1,<environment.Job instance at 0x7f96ae88ceb0>,8,24,[3 9],9,-1,47,-1,23
1,<environment.Job instance at 0x7f96ae530820>,19,28,[ 3 10],20,-1,51,-1,23
1,<environment.Job instance at 0x7f96ae530640>,21,28,[11  4],22,-1,51,-1,23
1,<environment.Job instance at 0x7f96ae530eb0>,15,25,[4 9],16,-1,48,-1,23
1,<environment.Job instance at 0x7f96aeca0140>,23,19,[11  2],24,-1,43,-1,24
1,<environment.Job instance at 0x7f96aeca0d70>,24,18,[12  3],25,-1,43,-1,25
1,<environment.Job instance at 0x7f96aeca05a0>,26,19,[ 1 12],27,-1,46,-1,27
1,<environment.Job instance at 0x7f96ae579b40>,25,28,[5 5],26,-1,63,-1,35
1,<environment.Job instance at 0x7f96ae579960>,27,24,[10  2],28,-1,59,-1,35
1,<environment.Job instance at 0x7f96ae579e60>,28,24,[8 1],29,-1,59,-1,35
1,<environment.Job instance at 0x7f96ae4ef550>,31,28,[ 1 12],32,-1,63,-1,35
1,<environment.Job instance at 0x7f96ae4ef910>,32,15,[13  1],33,-1,50,-1,35
1,<environment.Job instance at 0x7f96ae7c3050>,33,20,[ 5 12],34,-1,55,-1,35
1,<environment.Job instance at 0x7f96ae3c3a50>,35,12,[ 4 13],36,-1,48,-1,36
1,<environment.Job instance at 0x7f96ae4ef0a0>,29,27,[ 5 10],30,-1,64,-1,37
1,<environment.Job instance at 0x7f96ae7d8460>,36,24,[5 3],37,-1,61,-1,37
1,<environment.Job instance at 0x7f96aebd8e10>,39,21,[14  3],40,-1,68,-1,47
1,<environment.Job instance at 0x7f96aebd8410>,42,20,[11  3],43,-1,71,-1,51
1,<environment.Job instance at 0x7f96ae7eb640>,45,17,[ 3 13],46,-1,80,-1,63
1,<environment.Job instance at 0x7f96ae7ebf00>,46,15,[13  4],47,-1,78,-1,63
1,<environment.Job instance at 0x7f96ae7ebe10>,47,25,[9 1],48,-1,90,-1,65
1,<environment.Job instance at 0x7f96ae7eb320>,48,23,[3 8],49,-1,88,-1,65
1,<environment.Job instance at 0x7f96ae727c80>,50,26,[14  4],51,-1,91,-1,65
1,<environment.Job instance at 0x7f96ae7273c0>,53,18,[14  1],54,-1,95,-1,77
1,<environment.Job instance at 0x7f96ae727320>,54,24,[9 2],55,-1,113,-1,89
1,<environment.Job instance at 0x7f96ae727d20>,56,15,[ 5 11],57,-1,104,-1,89
1,<environment.Job instance at 0x7f96ae727780>,57,27,[ 2 13],58,-1,116,-1,89
1,<environment.Job instance at 0x7f96ae7277d0>,58,27,[5 1],59,-1,116,-1,89
1,<environment.Job instance at 0x7f96ae727370>,59,16,[ 3 12],60,-1,105,-1,89
1,<environment.Job instance at 0x7f96ae727a00>,60,12,[ 3 12],61,-1,101,-1,89
1,<environment.Job instance at 0x7f96ae727dc0>,61,13,[ 3 12],62,-1,102,-1,89
1,<environment.Job instance at 0x7f96ae7271e0>,63,25,[11  2],64,-1,114,-1,89
1,<environment.Job instance at 0x7f96ae7279b0>,64,23,[ 1 14],65,-1,112,-1,89
1,<environment.Job instance at 0x7f96ae727fa0>,66,12,[ 3 12],67,-1,106,-1,94
1,<environment.Job instance at 0x7f96ae7270f0>,62,24,[ 4 10],63,-1,125,-1,101
1,<environment.Job instance at 0x7f96ae45ec30>,4,23,[8 4],5,-1,33,-1,10
1,<environment.Job instance at 0x7f96ae47b410>,13,16,[11  3],14,-1,32,-1,16
1,<environment.Job instance at 0x7f96ae47b500>,12,22,[7 5],13,-1,38,-1,16
1,<environment.Job instance at 0x7f96ae579c80>,1,24,[14  4],2,-1,26,-1,2
1,<environment.Job instance at 0x7f96aeca0550>,2,26,[12  3],3,-1,29,-1,3
1,<environment.Job instance at 0x7f96aeca0d70>,3,16,[ 5 14],4,-1,20,-1,4
1,<environment.Job instance at 0x7f96aeca00a0>,4,23,[8 4],5,-1,28,-1,5
1,<environment.Job instance at 0x7f96ae519730>,5,12,[ 4 13],6,-1,18,-1,6
1,<environment.Job instance at 0x7f96ae519c30>,6,25,[13  1],7,-1,32,-1,7
1,<environment.Job instance at 0x7f96ae519d20>,9,22,[14  4],10,-1,32,-1,10
1,<environment.Job instance at 0x7f96aebd8f00>,10,14,[ 1 13],11,-1,25,-1,11
1,<environment.Job instance at 0x7f96aebd8e10>,11,28,[ 2 10],12,-1,42,-1,14
1,<environment.Job instance at 0x7f96aecefaa0>,13,16,[11  3],14,-1,30,-1,14
1,<environment.Job instance at 0x7f96aebd8410>,14,18,[ 5 12],15,-1,33,-1,15
1,<environment.Job instance at 0x7f96af1dc5a0>,15,24,[ 2 12],16,-1,40,-1,16
1,<environment.Job instance at 0x7f96ae530a00>,16,24,[ 1 13],17,-1,41,-1,17
1,<environment.Job instance at 0x7f96aeca2640>,18,23,[4 5],19,-1,44,-1,21
1,<environment.Job instance at 0x7f96ae5305a0>,19,25,[1 9],20,-1,52,-1,27
1,<environment.Job instance at 0x7f96ae530d20>,23,24,[14  5],24,-1,51,-1,27
1,<environment.Job instance at 0x7f96ae530820>,24,18,[14  1],25,-1,45,-1,27
1,<environment.Job instance at 0x7f96ae530460>,25,14,[13  5],26,-1,41,-1,27
1,<environment.Job instance at 0x7f96ae530fa0>,26,21,[ 1 14],27,-1,48,-1,27
1,<environment.Job instance at 0x7f96aed7cf00>,28,22,[12  2],29,-1,51,-1,29
1,<environment.Job instance at 0x7f96ae5307d0>,30,14,[12  5],31,-1,48,-1,34
1,<environment.Job instance at 0x7f96ae5301e0>,31,14,[14  2],32,-1,48,-1,34
1,<environment.Job instance at 0x7f96aebe8af0>,32,24,[4 5],33,-1,64,-1,40
1,<environment.Job instance at 0x7f96af89e4b0>,33,24,[9 5],34,-1,64,-1,40
1,<environment.Job instance at 0x7f96af5331e0>,34,18,[11  3],35,-1,58,-1,40
1,<environment.Job instance at 0x7f96aeb85780>,35,23,[13  5],36,-1,63,-1,40
1,<environment.Job instance at 0x7f96aeb78460>,38,28,[12  3],39,-1,68,-1,40
1,<environment.Job instance at 0x7f96aeb78230>,39,25,[3 6],40,-1,65,-1,40
1,<environment.Job instance at 0x7f96ae530870>,29,26,[ 2 10],30,-1,66,-1,40
1,<environment.Job instance at 0x7f96aeb780f0>,41,13,[12  4],42,-1,59,-1,46
1,<environment.Job instance at 0x7f96aeb78f50>,42,27,[9 3],43,-1,82,-1,55
1,<environment.Job instance at 0x7f96ae6ab5a0>,40,23,[8 4],41,-1,78,-1,55
1,<environment.Job instance at 0x7f96ae8e8280>,44,18,[ 5 12],45,-1,73,-1,55
1,<environment.Job instance at 0x7f96ae4653c0>,45,28,[ 2 13],46,-1,83,-1,55
1,<environment.Job instance at 0x7f96af1065f0>,46,26,[ 3 14],47,-1,81,-1,55
1,<environment.Job instance at 0x7f96ae4658c0>,47,15,[11  5],48,-1,70,-1,55
1,<environment.Job instance at 0x7f96aec4af50>,49,15,[ 3 13],50,-1,70,-1,55
1,<environment.Job instance at 0x7f96aed0c9b0>,50,25,[13  4],51,-1,80,-1,55
1,<environment.Job instance at 0x7f96ae735410>,51,17,[13  1],52,-1,72,-1,55
1,<environment.Job instance at 0x7f96af5a8cd0>,53,25,[12  1],54,-1,88,-1,63
1,<environment.Job instance at 0x7f96aebdf460>,54,28,[14  4],55,-1,91,-1,63
1,<environment.Job instance at 0x7f96af355e60>,55,16,[ 1 13],56,-1,79,-1,63
1,<environment.Job instance at 0x7f96ae75a730>,56,26,[ 3 11],57,-1,89,-1,63
1,<environment.Job instance at 0x7f96ae9291e0>,59,26,[12  4],60,-1,101,-1,75
1,<environment.Job instance at 0x7f96aecb90a0>,60,16,[11  4],61,-1,91,-1,75
1,<environment.Job instance at 0x7f96af29c640>,63,20,[12  4],64,-1,112,-1,92
1,<environment.Job instance at 0x7f96af8b87d0>,64,26,[1 6],65,-1,118,-1,92
1,<environment.Job instance at 0x7f96ae9d6370>,65,23,[5 5],66,-1,130,-1,107
1,<environment.Job instance at 0x7f96af2ded70>,66,27,[12  2],67,-1,134,-1,107
1,<environment.Job instance at 0x7f96af2de8c0>,67,15,[14  2],68,-1,122,-1,107
1,<environment.Job instance at 0x7f96af2bf5f0>,68,15,[13  3],69,-1,122,-1,107
1,<environment.Job instance at 0x7f96aecc6cd0>,71,14,[ 2 11],72,-1,121,-1,107
1,<environment.Job instance at 0x7f96b7f2d320>,72,25,[14  3],73,-1,132,-1,107
1,<environment.Job instance at 0x7f96aecc6eb0>,73,23,[14  5],74,-1,130,-1,107
1,<environment.Job instance at 0x7f96b7f2d6e0>,74,27,[12  3],75,-1,134,-1,107
1,<environment.Job instance at 0x7f96aed01320>,75,22,[11  3],76,-1,129,-1,107
1,<environment.Job instance at 0x7f96aed01b90>,76,28,[ 1 13],77,-1,135,-1,107
1,<environment.Job instance at 0x7f96aed01f50>,77,25,[12  4],78,-1,132,-1,107
1,<environment.Job instance at 0x7f96ae602820>,78,17,[ 2 13],79,-1,124,-1,107
1,<environment.Job instance at 0x7f96aed01aa0>,79,15,[ 2 14],80,-1,122,-1,107
1,<environment.Job instance at 0x7f96ae2db050>,81,16,[ 2 13],82,-1,123,-1,107
1,<environment.Job instance at 0x7f96aece9370>,83,15,[12  3],84,-1,124,-1,109
1,<environment.Job instance at 0x7f96aece9730>,84,19,[ 2 13],85,-1,128,-1,109
1,<environment.Job instance at 0x7f96af2ded70>,1,23,[14  1],2,-1,25,-1,2
1,<environment.Job instance at 0x7f96aec260a0>,2,17,[ 1 14],3,-1,20,-1,3
1,<environment.Job instance at 0x7f96af355730>,3,16,[12  2],4,-1,20,-1,4
1,<environment.Job instance at 0x7f96ae79cf50>,4,19,[ 4 11],5,-1,24,-1,5
1,<environment.Job instance at 0x7f96af355e60>,5,24,[9 5],6,-1,30,-1,6
1,<environment.Job instance at 0x7f96aed0c9b0>,6,16,[13  3],7,-1,23,-1,7
1,<environment.Job instance at 0x7f96af1066e0>,7,24,[14  3],8,-1,32,-1,8
1,<environment.Job instance at 0x7f96aecefaa0>,8,19,[ 1 14],9,-1,28,-1,9
1,<environment.Job instance at 0x7f96af5280f0>,9,23,[14  3],10,-1,33,-1,10
1,<environment.Job instance at 0x7f96af796a50>,10,28,[ 4 11],11,-1,39,-1,11
1,<environment.Job instance at 0x7f96af796fa0>,11,27,[5 5],12,-1,39,-1,12
1,<environment.Job instance at 0x7f96ae902eb0>,12,24,[5 2],13,-1,37,-1,13
1,<environment.Job instance at 0x7f96af79acd0>,13,14,[ 4 12],14,-1,28,-1,14
1,<environment.Job instance at 0x7f96af79a7d0>,14,27,[5 1],15,-1,42,-1,15
1,<environment.Job instance at 0x7f96af79a730>,15,27,[ 2 11],16,-1,43,-1,16
1,<environment.Job instance at 0x7f96af796370>,16,28,[12  4],17,-1,45,-1,17
1,<environment.Job instance at 0x7f96af8bf050>,18,14,[14  2],19,-1,33,-1,19
1,<environment.Job instance at 0x7f96af8bfa00>,19,27,[5 1],20,-1,47,-1,20
1,<environment.Job instance at 0x7f96af8bf370>,20,23,[12  5],21,-1,44,-1,21
1,<environment.Job instance at 0x7f96af8bfd70>,21,23,[3 9],22,-1,45,-1,22
1,<environment.Job instance at 0x7f96af8bf3c0>,23,12,[14  4],24,-1,36,-1,24
1,<environment.Job instance at 0x7f96af8bf140>,26,17,[ 3 14],27,-1,44,-1,27
1,<environment.Job instance at 0x7f96af8bf960>,29,17,[ 2 13],30,-1,47,-1,30
1,<environment.Job instance at 0x7f96af8bf730>,30,17,[14  2],31,-1,48,-1,31
1,<environment.Job instance at 0x7f96af8bf1e0>,32,23,[5 5],33,-1,59,-1,36
1,<environment.Job instance at 0x7f96af8bf0f0>,33,13,[ 1 14],34,-1,49,-1,36
1,<environment.Job instance at 0x7f96af8bf640>,34,12,[ 3 11],35,-1,48,-1,36
1,<environment.Job instance at 0x7f96af79a1e0>,25,26,[7 5],26,-1,62,-1,36
1,<environment.Job instance at 0x7f96af8bf6e0>,31,26,[10  4],32,-1,62,-1,36
1,<environment.Job instance at 0x7f96af8bfaf0>,37,19,[ 5 13],38,-1,57,-1,38
1,<environment.Job instance at 0x7f96b8175d20>,39,25,[3 9],40,-1,75,-1,50
1,<environment.Job instance at 0x7f96af59b3c0>,43,17,[ 3 13],44,-1,80,-1,63
1,<environment.Job instance at 0x7f96af59b550>,45,28,[ 3 10],46,-1,105,-1,77
1,<environment.Job instance at 0x7f96af59b190>,44,28,[3 9],45,-1,105,-1,77
1,<environment.Job instance at 0x7f96af59b0f0>,49,20,[12  4],50,-1,100,-1,80
1,<environment.Job instance at 0x7f96af59b460>,50,28,[8 2],51,-1,108,-1,80
1,<environment.Job instance at 0x7f96af59beb0>,51,16,[12  4],52,-1,96,-1,80
1,<environment.Job instance at 0x7f96af59b0a0>,52,16,[ 2 13],53,-1,96,-1,80
1,<environment.Job instance at 0x7f96af59b320>,53,23,[5 8],54,-1,116,-1,93
1,<environment.Job instance at 0x7f96b851d780>,55,24,[9 3],56,-1,117,-1,93
1,<environment.Job instance at 0x7f96b851d870>,57,23,[5 4],58,-1,116,-1,93
1,<environment.Job instance at 0x7f96b851d4b0>,58,23,[11  4],59,-1,116,-1,93
1,<environment.Job instance at 0x7f96b851db90>,60,21,[ 5 13],61,-1,114,-1,93
1,<environment.Job instance at 0x7f96b851d7d0>,61,22,[11  1],62,-1,115,-1,93
1,<environment.Job instance at 0x7f96b851dd20>,62,17,[11  2],63,-1,110,-1,93
1,<environment.Job instance at 0x7f96b851dbe0>,66,28,[13  4],67,-1,134,-1,106
1,<environment.Job instance at 0x7f96ae96a0f0>,1,20,[7 4],2,-1,23,-1,3
1,<environment.Job instance at 0x7f96ae96afa0>,4,25,[2 7],5,-1,30,-1,5
1,<environment.Job instance at 0x7f96ae96a640>,5,18,[1 6],6,-1,24,-1,6
1,<environment.Job instance at 0x7f96ae96aaa0>,7,17,[5 7],8,-1,25,-1,8
1,<environment.Job instance at 0x7f96af8482d0>,8,17,[5 5],9,-1,26,-1,9
1,<environment.Job instance at 0x7f96af848550>,9,17,[4 6],10,-1,27,-1,10
1,<environment.Job instance at 0x7f96af848870>,10,13,[3 8],11,-1,24,-1,11
1,<environment.Job instance at 0x7f96af848e10>,12,17,[1 8],13,-1,30,-1,13
1,<environment.Job instance at 0x7f96af848f50>,14,17,[1 9],15,-1,32,-1,15
1,<environment.Job instance at 0x7f96af396e10>,0,23,[ 3 11],1,-1,24,-1,1
1,<environment.Job instance at 0x7f96ae3d0870>,3,26,[ 4 14],4,-1,30,-1,4
1,<environment.Job instance at 0x7f96ae3d0460>,4,25,[2 7],5,-1,50,-1,25
1,<environment.Job instance at 0x7f96ae3d0be0>,11,16,[14  4],12,-1,41,-1,25
1,<environment.Job instance at 0x7f96ae3ccd70>,13,18,[14  3],14,-1,43,-1,25
1,<environment.Job instance at 0x7f96af1ec820>,15,22,[ 5 12],16,-1,60,-1,38
1,<environment.Job instance at 0x7f96ae3f15f0>,17,18,[ 1 12],18,-1,56,-1,38
1,<environment.Job instance at 0x7f96ae3f1dc0>,18,16,[14  2],19,-1,54,-1,38
1,<environment.Job instance at 0x7f96ae3f1690>,19,26,[6 2],20,-1,77,-1,51
1,<environment.Job instance at 0x7f96ae3f14b0>,20,25,[ 4 14],21,-1,76,-1,51
1,<environment.Job instance at 0x7f96ae3fcfa0>,22,20,[14  3],23,-1,71,-1,51
1,<environment.Job instance at 0x7f96ae3fc370>,23,25,[14  5],24,-1,76,-1,51
1,<environment.Job instance at 0x7f96ae56c820>,25,14,[14  1],26,-1,69,-1,55
1,<environment.Job instance at 0x7f96ae56c730>,24,26,[10  2],25,-1,93,-1,67
1,<environment.Job instance at 0x7f96ae56c280>,27,26,[12  5],28,-1,93,-1,67
1,<environment.Job instance at 0x7f96af1fdc80>,28,28,[8 3],29,-1,95,-1,67
1,<environment.Job instance at 0x7f96af1fdf50>,29,16,[14  1],30,-1,83,-1,67
1,<environment.Job instance at 0x7f96af1fdd70>,31,24,[ 3 12],32,-1,91,-1,67
1,<environment.Job instance at 0x7f96af1fd140>,32,23,[4 7],33,-1,90,-1,67
1,<environment.Job instance at 0x7f96ae5608c0>,35,26,[12  4],36,-1,98,-1,72
1,<environment.Job instance at 0x7f96ae56e3c0>,39,17,[ 3 12],40,-1,106,-1,89
1,<environment.Job instance at 0x7f96ae56ef50>,40,13,[14  5],41,-1,102,-1,89
1,<environment.Job instance at 0x7f96ae560a50>,41,21,[ 5 14],42,-1,110,-1,89
1,<environment.Job instance at 0x7f96ae3d24b0>,42,21,[ 4 11],43,-1,110,-1,89
1,<environment.Job instance at 0x7f96ae3d2be0>,43,25,[2 7],44,-1,114,-1,89
1,<environment.Job instance at 0x7f96ae3d23c0>,44,23,[14  4],45,-1,112,-1,89
1,<environment.Job instance at 0x7f96ae3d2910>,45,12,[ 3 11],46,-1,101,-1,89
1,<environment.Job instance at 0x7f96ae564500>,48,18,[12  1],49,-1,107,-1,89
1,<environment.Job instance at 0x7f96ae3e59b0>,50,24,[12  2],51,-1,123,-1,99
1,<environment.Job instance at 0x7f96af26b460>,53,15,[11  1],54,-1,118,-1,103
1,<environment.Job instance at 0x7f96b7f75870>,0,17,[2 6],1,-1,18,-1,1
1,<environment.Job instance at 0x7f96b7f755a0>,1,25,[5 5],2,-1,27,-1,2
1,<environment.Job instance at 0x7f96b7f75aa0>,3,22,[5 3],4,-1,27,-1,5
1,<environment.Job instance at 0x7f96aeabf550>,4,15,[12  4],5,-1,20,-1,5
1,<environment.Job instance at 0x7f96b85d4b40>,1,25,[5 5],2,-1,27,-1,2
1,<environment.Job instance at 0x7f96af337820>,2,26,[2 9],3,-1,29,-1,3
1,<environment.Job instance at 0x7f96b7f28910>,4,15,[12  4],5,-1,20,-1,5
1,<environment.Job instance at 0x7f96b7f281e0>,6,27,[ 1 11],7,-1,34,-1,7
1,<environment.Job instance at 0x7f96c0f083c0>,7,18,[ 2 12],8,-1,26,-1,8
1,<environment.Job instance at 0x7f96af899190>,8,22,[ 2 11],9,-1,31,-1,9
1,<environment.Job instance at 0x7f96af7f3190>,9,23,[14  4],10,-1,33,-1,10
1,<environment.Job instance at 0x7f96af7f32d0>,10,22,[13  2],11,-1,33,-1,11
1,<environment.Job instance at 0x7f96ae37b910>,11,12,[ 1 12],12,-1,24,-1,12
1,<environment.Job instance at 0x7f96af392780>,13,26,[5 5],14,-1,40,-1,14
1,<environment.Job instance at 0x7f96aee68cd0>,14,16,[11  2],15,-1,31,-1,15
1,<environment.Job instance at 0x7f96af8b5b40>,16,18,[ 5 14],17,-1,35,-1,17
1,<environment.Job instance at 0x7f96b7f2da00>,5,27,[10  3],6,-1,45,-1,18
1,<environment.Job instance at 0x7f96af7f3af0>,15,26,[5 8],16,-1,44,-1,18
1,<environment.Job instance at 0x7f96aee851e0>,19,20,[ 1 11],20,-1,40,-1,20
1,<environment.Job instance at 0x7f96af7cd9b0>,20,27,[11  5],21,-1,48,-1,21
1,<environment.Job instance at 0x7f96af0cb870>,21,14,[ 5 14],22,-1,36,-1,22
1,<environment.Job instance at 0x7f96af0cb9b0>,23,25,[9 2],24,-1,51,-1,26
1,<environment.Job instance at 0x7f96af0cba00>,25,24,[ 5 13],26,-1,50,-1,26
1,<environment.Job instance at 0x7f96af0cb2d0>,26,15,[ 5 14],27,-1,42,-1,27
1,<environment.Job instance at 0x7f96af0cb230>,27,22,[ 4 11],28,-1,50,-1,28
1,<environment.Job instance at 0x7f96af0cb4b0>,28,13,[ 5 13],29,-1,42,-1,29
1,<environment.Job instance at 0x7f96ae5502d0>,32,13,[ 5 12],33,-1,48,-1,35
1,<environment.Job instance at 0x7f96ae3eeb90>,33,15,[14  1],34,-1,50,-1,35
1,<environment.Job instance at 0x7f96ae3ee0a0>,31,24,[5 1],32,-1,62,-1,38
1,<environment.Job instance at 0x7f96af370dc0>,18,27,[ 2 10],19,-1,73,-1,46
1,<environment.Job instance at 0x7f96ae3eebe0>,34,23,[1 8],35,-1,69,-1,46
1,<environment.Job instance at 0x7f96ae3ee050>,38,21,[ 3 14],39,-1,67,-1,46
1,<environment.Job instance at 0x7f96ae3ee640>,39,21,[ 2 12],40,-1,67,-1,46
1,<environment.Job instance at 0x7f96ae3ee780>,35,28,[ 2 10],36,-1,74,-1,46
1,<environment.Job instance at 0x7f96b8299eb0>,42,21,[13  5],43,-1,67,-1,46
1,<environment.Job instance at 0x7f96ae3e5eb0>,46,14,[11  4],47,-1,75,-1,61
1,<environment.Job instance at 0x7f96af6d7a00>,44,25,[9 4],45,-1,86,-1,61
1,<environment.Job instance at 0x7f96ae564500>,48,28,[ 1 13],49,-1,89,-1,61
1,<environment.Job instance at 0x7f96ae5645a0>,49,19,[ 5 14],50,-1,80,-1,61
1,<environment.Job instance at 0x7f96ae3d23c0>,52,20,[ 4 14],53,-1,81,-1,61
1,<environment.Job instance at 0x7f96ae3d2550>,53,18,[14  4],54,-1,79,-1,61
1,<environment.Job instance at 0x7f96ae3d24b0>,54,18,[ 3 11],55,-1,79,-1,61
1,<environment.Job instance at 0x7f96ae56efa0>,56,26,[ 2 11],57,-1,99,-1,73
1,<environment.Job instance at 0x7f96ae56edc0>,57,13,[13  4],58,-1,86,-1,73
1,<environment.Job instance at 0x7f96ae5609b0>,60,13,[12  4],61,-1,91,-1,78
1,<environment.Job instance at 0x7f96ae560780>,61,17,[ 5 13],62,-1,95,-1,78
1,<environment.Job instance at 0x7f96ae5608c0>,62,16,[ 5 14],63,-1,94,-1,78
1,<environment.Job instance at 0x7f96af1fdf00>,63,25,[5 8],64,-1,120,-1,95
1,<environment.Job instance at 0x7f96af1fd910>,65,17,[ 2 14],66,-1,112,-1,95
1,<environment.Job instance at 0x7f96af1fdc80>,66,18,[11  3],67,-1,113,-1,95
1,<environment.Job instance at 0x7f96ae56cf00>,70,15,[14  4],71,-1,122,-1,107
1,<environment.Job instance at 0x7f96ae3fc3c0>,71,24,[11  3],72,-1,131,-1,107
1,<environment.Job instance at 0x7f96ae3fcfa0>,72,15,[ 5 12],73,-1,122,-1,107
1,<environment.Job instance at 0x7f96ae3f15f0>,73,26,[ 1 12],74,-1,133,-1,107
1,<environment.Job instance at 0x7f96ae813410>,0,14,[10  2],1,-1,16,-1,2
1,<environment.Job instance at 0x7f96ae813870>,2,25,[7 5],3,-1,28,-1,3
1,<environment.Job instance at 0x7f96ae8137d0>,3,14,[4 9],4,-1,18,-1,4
1,<environment.Job instance at 0x7f96af7f7be0>,1,22,[5 5],2,-1,26,-1,4
1,<environment.Job instance at 0x7f96ae813a50>,4,26,[6 1],5,-1,31,-1,5
1,<environment.Job instance at 0x7f96ae813d20>,10,27,[ 4 11],11,-1,42,-1,15
1,<environment.Job instance at 0x7f96aea9e140>,5,21,[ 5 14],6,-1,27,-1,6
1,<environment.Job instance at 0x7f96af6b3960>,6,25,[14  4],7,-1,32,-1,7
1,<environment.Job instance at 0x7f96aea9ee10>,8,15,[ 3 11],9,-1,24,-1,9
1,<environment.Job instance at 0x7f96aea9e370>,2,25,[7 5],3,-1,40,-1,15
1,<environment.Job instance at 0x7f96b7f753c0>,10,27,[ 4 11],11,-1,42,-1,15
1,<environment.Job instance at 0x7f96aea9e280>,4,26,[6 1],5,-1,41,-1,15
1,<environment.Job instance at 0x7f96aea92780>,13,27,[ 2 11],14,-1,42,-1,15
1,<environment.Job instance at 0x7f96aea928c0>,14,20,[14  2],15,-1,35,-1,15
1,<environment.Job instance at 0x7f96ae3d00f0>,15,26,[14  1],16,-1,42,-1,16
1,<environment.Job instance at 0x7f96ae3de870>,17,25,[13  1],18,-1,43,-1,18
1,<environment.Job instance at 0x7f96ae3d0be0>,20,14,[14  4],21,-1,38,-1,24
1,<environment.Job instance at 0x7f96aeaa1af0>,21,22,[ 4 12],22,-1,46,-1,24
1,<environment.Job instance at 0x7f96aeaa1be0>,22,24,[12  4],23,-1,48,-1,24
1,<environment.Job instance at 0x7f96ae3ccd70>,24,16,[ 3 12],25,-1,43,-1,27
1,<environment.Job instance at 0x7f96ae3f1500>,27,23,[2 6],28,-1,64,-1,41
1,<environment.Job instance at 0x7f96ae3f1d20>,28,15,[ 3 13],29,-1,56,-1,41
1,<environment.Job instance at 0x7f96ae3fcfa0>,29,15,[ 5 11],30,-1,56,-1,41
1,<environment.Job instance at 0x7f96ae3f1690>,31,24,[9 2],32,-1,65,-1,41
1,<environment.Job instance at 0x7f96ae56ca50>,32,13,[11  4],33,-1,54,-1,41
1,<environment.Job instance at 0x7f96ae56c0a0>,33,17,[ 3 12],34,-1,58,-1,41
1,<environment.Job instance at 0x7f96ae56c9b0>,34,20,[13  4],35,-1,61,-1,41
1,<environment.Job instance at 0x7f96af1fd910>,36,20,[12  5],37,-1,61,-1,41
1,<environment.Job instance at 0x7f96af1fdf00>,39,22,[ 3 11],40,-1,72,-1,50
1,<environment.Job instance at 0x7f96ae5609b0>,40,24,[ 1 12],41,-1,74,-1,50
1,<environment.Job instance at 0x7f96ae5602d0>,41,28,[3 6],42,-1,83,-1,55
1,<environment.Job instance at 0x7f96ae560050>,42,14,[ 4 12],43,-1,69,-1,55
1,<environment.Job instance at 0x7f96ae56e3c0>,43,28,[ 2 13],44,-1,83,-1,55
1,<environment.Job instance at 0x7f96ae56e460>,45,16,[13  3],46,-1,71,-1,55
1,<environment.Job instance at 0x7f96ae56e320>,44,25,[10  5],45,-1,87,-1,62
1,<environment.Job instance at 0x7f96ae3d23c0>,48,28,[4 6],49,-1,97,-1,69
1,<environment.Job instance at 0x7f96ae3d2550>,49,26,[ 2 14],50,-1,95,-1,69
1,<environment.Job instance at 0x7f96ae564dc0>,51,15,[14  4],52,-1,84,-1,69
1,<environment.Job instance at 0x7f96ae564f50>,52,13,[13  5],53,-1,82,-1,69
1,<environment.Job instance at 0x7f96ae3e5eb0>,53,19,[12  2],54,-1,88,-1,69
1,<environment.Job instance at 0x7f96af0c4140>,54,24,[2 5],55,-1,93,-1,69
1,<environment.Job instance at 0x7f96af26b460>,57,27,[ 1 13],58,-1,111,-1,84
1,<environment.Job instance at 0x7f96af27cb90>,58,26,[8 2],59,-1,113,-1,87
1,<environment.Job instance at 0x7f96af6d7280>,59,26,[5 7],60,-1,113,-1,87
1,<environment.Job instance at 0x7f96af6d7f00>,61,26,[11  1],62,-1,113,-1,87
1,<environment.Job instance at 0x7f96ae9e3640>,5,28,[9 3],6,-1,47,-1,19
1,<environment.Job instance at 0x7f96aeaedb90>,0,12,[ 1 12],1,-1,13,-1,1
1,<environment.Job instance at 0x7f96aeaedf50>,1,21,[ 2 12],2,-1,23,-1,2
1,<environment.Job instance at 0x7f96ae610460>,2,15,[13  4],3,-1,18,-1,3
1,<environment.Job instance at 0x7f96aeaedb40>,3,28,[3 8],4,-1,32,-1,4
1,<environment.Job instance at 0x7f96aeb04460>,4,24,[9 3],5,-1,29,-1,5
1,<environment.Job instance at 0x7f96aeb04c80>,5,28,[9 3],6,-1,34,-1,6
1,<environment.Job instance at 0x7f96aeb04be0>,6,14,[11  3],7,-1,21,-1,7
1,<environment.Job instance at 0x7f96aeb04eb0>,9,26,[3 8],10,-1,36,-1,10
1,<environment.Job instance at 0x7f96aeaf5960>,10,16,[ 5 12],11,-1,27,-1,11
1,<environment.Job instance at 0x7f96af7af3c0>,11,24,[13  4],12,-1,36,-1,12
1,<environment.Job instance at 0x7f96af7afc80>,12,27,[8 2],13,-1,40,-1,13
1,<environment.Job instance at 0x7f96af7afbe0>,13,25,[14  2],14,-1,39,-1,14
1,<environment.Job instance at 0x7f96af7af280>,14,27,[4 5],15,-1,42,-1,15
1,<environment.Job instance at 0x7f96af7afaa0>,15,23,[12  2],16,-1,39,-1,16
1,<environment.Job instance at 0x7f96af7e7c30>,18,14,[13  1],19,-1,33,-1,19
1,<environment.Job instance at 0x7f96af7d06e0>,19,18,[ 2 13],20,-1,38,-1,20
1,<environment.Job instance at 0x7f96af7d0aa0>,20,17,[ 4 11],21,-1,38,-1,21
1,<environment.Job instance at 0x7f96af7d05a0>,22,14,[ 3 11],23,-1,37,-1,23
1,<environment.Job instance at 0x7f96af7d9370>,23,17,[ 5 13],24,-1,41,-1,24
1,<environment.Job instance at 0x7f96af7d92d0>,24,22,[13  3],25,-1,47,-1,25
1,<environment.Job instance at 0x7f96af7d9aa0>,25,13,[ 3 13],26,-1,39,-1,26
1,<environment.Job instance at 0x7f96aeb065a0>,26,14,[12  1],27,-1,41,-1,27
1,<environment.Job instance at 0x7f96aeb062d0>,28,17,[ 3 13],29,-1,46,-1,29
1,<environment.Job instance at 0x7f96af7aaeb0>,29,28,[3 7],30,-1,58,-1,30
1,<environment.Job instance at 0x7f96af7d9410>,30,20,[11  2],31,-1,51,-1,31
1,<environment.Job instance at 0x7f96af7aac80>,31,19,[ 2 12],32,-1,51,-1,32
1,<environment.Job instance at 0x7f96af7ab820>,32,18,[ 3 11],33,-1,51,-1,33
1,<environment.Job instance at 0x7f96af7ab780>,33,14,[ 4 12],34,-1,48,-1,34
1,<environment.Job instance at 0x7f96af7abbe0>,34,19,[ 5 11],35,-1,54,-1,35
1,<environment.Job instance at 0x7f96af7ab6e0>,35,14,[ 5 13],36,-1,50,-1,36
1,<environment.Job instance at 0x7f96af7da690>,37,21,[13  5],38,-1,59,-1,38
1,<environment.Job instance at 0x7f96af7daaa0>,38,17,[11  1],39,-1,56,-1,39
1,<environment.Job instance at 0x7f96af7dadc0>,39,23,[ 1 14],40,-1,63,-1,40
1,<environment.Job instance at 0x7f96aeb41460>,41,14,[ 5 14],42,-1,56,-1,42
1,<environment.Job instance at 0x7f96ae617280>,42,15,[ 2 14],43,-1,58,-1,43
1,<environment.Job instance at 0x7f96af52b230>,44,14,[13  5],45,-1,59,-1,45
1,<environment.Job instance at 0x7f96af51bb40>,46,22,[ 4 11],47,-1,69,-1,47
1,<environment.Job instance at 0x7f96af502230>,49,24,[ 3 14],50,-1,74,-1,50
1,<environment.Job instance at 0x7f96af7d7460>,50,28,[ 5 11],51,-1,79,-1,51
1,<environment.Job instance at 0x7f96af4f28c0>,51,17,[ 5 12],52,-1,69,-1,52
1,<environment.Job instance at 0x7f96af7d7550>,45,26,[1 9],46,-1,81,-1,55
1,<environment.Job instance at 0x7f96af50a050>,54,22,[11  2],55,-1,77,-1,55
1,<environment.Job instance at 0x7f96ae9c3690>,48,24,[10  5],49,-1,87,-1,63
1,<environment.Job instance at 0x7f96aeaecb90>,56,24,[7 1],57,-1,87,-1,63
1,<environment.Job instance at 0x7f96aeaece10>,58,21,[ 1 12],59,-1,84,-1,63
1,<environment.Job instance at 0x7f96aeaecaf0>,59,12,[ 3 11],60,-1,75,-1,63
1,<environment.Job instance at 0x7f96af172af0>,60,24,[6 1],61,-1,97,-1,73
1,<environment.Job instance at 0x7f96af172280>,61,28,[12  1],62,-1,101,-1,73
1,<environment.Job instance at 0x7f96af7c6eb0>,62,25,[14  3],63,-1,98,-1,73
1,<environment.Job instance at 0x7f96af7c6d70>,63,25,[12  4],64,-1,98,-1,73
1,<environment.Job instance at 0x7f96af7c69b0>,64,19,[14  1],65,-1,92,-1,73
1,<environment.Job instance at 0x7f96af7c6f00>,65,21,[11  5],66,-1,94,-1,73
1,<environment.Job instance at 0x7f96af52fd20>,66,13,[11  4],67,-1,86,-1,73
1,<environment.Job instance at 0x7f96af52fd70>,67,25,[8 5],68,-1,98,-1,73
1,<environment.Job instance at 0x7f96af52f280>,70,12,[ 3 14],71,-1,87,-1,75
1,<environment.Job instance at 0x7f96aeadc8c0>,71,15,[ 4 13],72,-1,90,-1,75
1,<environment.Job instance at 0x7f96aeee5460>,73,13,[11  4],74,-1,88,-1,75
1,<environment.Job instance at 0x7f96af7bc7d0>,79,19,[ 4 11],80,-1,124,-1,105
1,<environment.Job instance at 0x7f96af7bcf00>,80,28,[ 3 11],81,-1,133,-1,105
1,<environment.Job instance at 0x7f96af7bc8c0>,81,26,[4 8],82,-1,133,-1,107
1,<environment.Job instance at 0x7f96af7b42d0>,82,23,[4 6],83,-1,130,-1,107
1,<environment.Job instance at 0x7f96af7b4c80>,84,21,[14  4],85,-1,128,-1,107
1,<environment.Job instance at 0x7f96af7b4410>,85,20,[12  5],86,-1,127,-1,107
1,<environment.Job instance at 0x7f96af0773c0>,86,14,[11  3],87,-1,121,-1,107
1,<environment.Job instance at 0x7f96aeb1fd70>,87,28,[ 2 14],88,-1,135,-1,107
1,<environment.Job instance at 0x7f96af1768c0>,5,16,[10  3],6,-1,23,-1,7
1,<environment.Job instance at 0x7f96ae6243c0>,7,24,[10  2],8,-1,32,-1,8
1,<environment.Job instance at 0x7f96ae624500>,9,17,[9 4],10,-1,29,-1,12
1,<environment.Job instance at 0x7f96af176140>,6,23,[ 5 11],7,-1,54,-1,31
1,<environment.Job instance at 0x7f96ae624a00>,15,19,[14  5],16,-1,50,-1,31
1,<environment.Job instance at 0x7f96ae624780>,14,28,[7 4],15,-1,59,-1,31
1,<environment.Job instance at 0x7f96ae624550>,18,13,[14  2],19,-1,46,-1,33
1,<environment.Job instance at 0x7f96ae624af0>,16,24,[11  2],17,-1,57,-1,33
1,<environment.Job instance at 0x7f96af176690>,3,20,[ 5 12],4,-1,55,-1,35
1,<environment.Job instance at 0x7f96ae624b90>,20,24,[8 2],21,-1,59,-1,35
1,<environment.Job instance at 0x7f96ae6241e0>,11,28,[ 5 11],12,-1,63,-1,35
1,<environment.Job instance at 0x7f96af084c30>,0,15,[14  3],1,-1,16,-1,1
1,<environment.Job instance at 0x7f96af0845f0>,2,17,[12  2],3,-1,20,-1,3
1,<environment.Job instance at 0x7f96af090410>,3,20,[ 5 12],4,-1,24,-1,4
1,<environment.Job instance at 0x7f96af090fa0>,4,28,[ 5 11],5,-1,33,-1,5
1,<environment.Job instance at 0x7f96af090500>,6,23,[ 5 11],7,-1,30,-1,7
1,<environment.Job instance at 0x7f96aeeee730>,8,28,[14  5],9,-1,37,-1,9
1,<environment.Job instance at 0x7f96af51bb40>,10,13,[12  1],11,-1,24,-1,11
1,<environment.Job instance at 0x7f96af084140>,11,28,[ 5 11],12,-1,40,-1,12
1,<environment.Job instance at 0x7f96ae624820>,13,18,[ 4 11],14,-1,32,-1,14
1,<environment.Job instance at 0x7f96aee13280>,15,19,[14  5],16,-1,35,-1,16
1,<environment.Job instance at 0x7f96af090f50>,7,24,[10  2],8,-1,41,-1,17
1,<environment.Job instance at 0x7f96ae610230>,14,28,[7 4],15,-1,45,-1,17
1,<environment.Job instance at 0x7f96aeb80050>,16,24,[11  2],17,-1,41,-1,17
1,<environment.Job instance at 0x7f96aeb80c30>,18,13,[14  2],19,-1,32,-1,19
1,<environment.Job instance at 0x7f96af51dbe0>,19,13,[ 4 14],20,-1,33,-1,20
1,<environment.Job instance at 0x7f96af176460>,23,26,[13  5],24,-1,59,-1,33
1,<environment.Job instance at 0x7f96af176f00>,24,17,[ 4 14],25,-1,50,-1,33
1,<environment.Job instance at 0x7f96aeb1fc30>,25,15,[11  2],26,-1,48,-1,33
1,<environment.Job instance at 0x7f96aeb1f690>,26,16,[ 4 14],27,-1,49,-1,33
1,<environment.Job instance at 0x7f96aeb1fa00>,27,25,[ 4 11],28,-1,58,-1,33
1,<environment.Job instance at 0x7f96aeb1f9b0>,28,20,[ 1 14],29,-1,53,-1,33
1,<environment.Job instance at 0x7f96aeb1fbe0>,29,20,[ 2 11],30,-1,53,-1,33
1,<environment.Job instance at 0x7f96aeb1fd70>,30,15,[ 1 13],31,-1,48,-1,33
1,<environment.Job instance at 0x7f96aeb1fd20>,31,16,[ 3 12],32,-1,49,-1,33
1,<environment.Job instance at 0x7f96af1765f0>,20,24,[8 2],21,-1,57,-1,33
1,<environment.Job instance at 0x7f96aeee5fa0>,33,23,[5 6],34,-1,71,-1,48
1,<environment.Job instance at 0x7f96aeee5640>,36,24,[ 5 14],37,-1,72,-1,48
1,<environment.Job instance at 0x7f96aeee5b40>,34,24,[5 6],35,-1,72,-1,48
1,<environment.Job instance at 0x7f96aeee5f50>,38,26,[ 5 13],39,-1,74,-1,48
1,<environment.Job instance at 0x7f96aeee52d0>,39,13,[12  2],40,-1,61,-1,48
1,<environment.Job instance at 0x7f96aeee5d20>,40,24,[ 5 13],41,-1,72,-1,48
1,<environment.Job instance at 0x7f96aeee5f00>,41,23,[ 5 12],42,-1,71,-1,48
1,<environment.Job instance at 0x7f96aeee5230>,42,15,[14  2],43,-1,63,-1,48
1,<environment.Job instance at 0x7f96aeee5c80>,43,25,[ 2 12],44,-1,73,-1,48
1,<environment.Job instance at 0x7f96aeee5be0>,45,24,[14  2],46,-1,72,-1,48
1,<environment.Job instance at 0x7f96aeee5410>,46,15,[ 5 12],47,-1,63,-1,48
1,<environment.Job instance at 0x7f96af198280>,48,27,[2 9],49,-1,76,-1,49
1,<environment.Job instance at 0x7f96af198140>,49,19,[ 4 13],50,-1,69,-1,50
1,<environment.Job instance at 0x7f96af1986e0>,50,21,[ 5 13],51,-1,72,-1,51
1,<environment.Job instance at 0x7f96af198960>,53,23,[6 3],54,-1,100,-1,77
1,<environment.Job instance at 0x7f96af198230>,52,24,[7 1],53,-1,101,-1,77
1,<environment.Job instance at 0x7f96af198f50>,56,16,[14  5],57,-1,93,-1,77
1,<environment.Job instance at 0x7f96af198e60>,57,18,[ 4 11],58,-1,95,-1,77
1,<environment.Job instance at 0x7f96af198b40>,58,25,[2 5],59,-1,102,-1,77
1,<environment.Job instance at 0x7f96af1982d0>,59,13,[12  3],60,-1,90,-1,77
1,<environment.Job instance at 0x7f96af1987d0>,60,25,[10  2],61,-1,102,-1,77
1,<environment.Job instance at 0x7f96af198190>,61,28,[ 5 14],62,-1,105,-1,77
1,<environment.Job instance at 0x7f96af1989b0>,63,17,[12  5],64,-1,94,-1,77
1,<environment.Job instance at 0x7f96af198dc0>,65,27,[13  3],66,-1,104,-1,77
1,<environment.Job instance at 0x7f96af172f50>,69,21,[11  1],70,-1,126,-1,105
1,<environment.Job instance at 0x7f96af172a50>,71,18,[11  1],72,-1,123,-1,105
1,<environment.Job instance at 0x7f96af1727d0>,73,15,[ 2 13],74,-1,120,-1,105
1,<environment.Job instance at 0x7f96af172dc0>,75,15,[ 2 13],76,-1,120,-1,105
1,<environment.Job instance at 0x7f96af1721e0>,76,17,[13  4],77,-1,122,-1,105
1,<environment.Job instance at 0x7f96af1724b0>,77,28,[ 1 12],78,-1,133,-1,105
1,<environment.Job instance at 0x7f96af172cd0>,79,20,[ 4 14],80,-1,128,-1,108
1,<environment.Job instance at 0x7f96af172870>,80,18,[14  1],81,-1,126,-1,108
1,<environment.Job instance at 0x7f96af08ac30>,0,19,[5 8],1,-1,20,-1,1
1,<environment.Job instance at 0x7f96aeb93e60>,2,19,[8 1],3,-1,23,-1,4
1,<environment.Job instance at 0x7f96af087870>,3,26,[ 4 11],4,-1,30,-1,4
1,<environment.Job instance at 0x7f96aeb93b40>,5,23,[1 6],6,-1,29,-1,6
1,<environment.Job instance at 0x7f96aeb93af0>,8,24,[7 2],9,-1,34,-1,10
1,<environment.Job instance at 0x7f96aeb93b90>,9,15,[9 4],10,-1,27,-1,12
1,<environment.Job instance at 0x7f96af2debe0>,15,28,[8 4],16,-1,45,-1,17
1,<environment.Job instance at 0x7f96af2deb90>,16,17,[13  5],17,-1,34,-1,17
1,<environment.Job instance at 0x7f96aefb3730>,17,17,[ 4 13],18,-1,46,-1,29
1,<environment.Job instance at 0x7f96af077190>,1,27,[12  3],2,-1,29,-1,2
1,<environment.Job instance at 0x7f96af077dc0>,3,26,[ 4 11],4,-1,30,-1,4
1,<environment.Job instance at 0x7f96af077e60>,5,23,[1 6],6,-1,29,-1,6
1,<environment.Job instance at 0x7f96af077870>,6,24,[ 5 12],7,-1,31,-1,7
1,<environment.Job instance at 0x7f96af077fa0>,10,14,[14  5],11,-1,25,-1,11
1,<environment.Job instance at 0x7f96af06c410>,11,14,[ 3 12],12,-1,26,-1,12
1,<environment.Job instance at 0x7f96af06c6e0>,13,19,[ 4 11],14,-1,39,-1,20
1,<environment.Job instance at 0x7f96af077460>,8,24,[7 2],9,-1,44,-1,20
1,<environment.Job instance at 0x7f96af06cb40>,16,17,[13  5],17,-1,37,-1,20
1,<environment.Job instance at 0x7f96af06ca50>,17,17,[ 4 13],18,-1,37,-1,20
1,<environment.Job instance at 0x7f96af06ca00>,18,15,[ 5 11],19,-1,35,-1,20
1,<environment.Job instance at 0x7f96af06c4b0>,19,13,[14  4],20,-1,33,-1,20
1,<environment.Job instance at 0x7f96af06c690>,20,15,[13  5],21,-1,36,-1,21
1,<environment.Job instance at 0x7f96af06ce60>,15,28,[8 4],16,-1,50,-1,22
1,<environment.Job instance at 0x7f96aeb1fc30>,22,28,[13  3],23,-1,51,-1,23
1,<environment.Job instance at 0x7f96aeb1fb90>,23,25,[ 1 14],24,-1,49,-1,24
1,<environment.Job instance at 0x7f96aeb1ff50>,24,19,[13  4],25,-1,44,-1,25
1,<environment.Job instance at 0x7f96aeb1f690>,26,16,[ 5 13],27,-1,43,-1,27
1,<environment.Job instance at 0x7f96af51d2d0>,27,25,[ 4 11],28,-1,53,-1,28
1,<environment.Job instance at 0x7f96af51b2d0>,30,26,[ 1 11],31,-1,59,-1,33
1,<environment.Job instance at 0x7f96af51bb40>,31,23,[ 3 13],32,-1,56,-1,33
1,<environment.Job instance at 0x7f96af88dbe0>,33,20,[11  5],34,-1,54,-1,34
1,<environment.Job instance at 0x7f96af090fa0>,35,18,[12  1],36,-1,54,-1,36
1,<environment.Job instance at 0x7f96af090f50>,32,26,[4 9],33,-1,74,-1,48
1,<environment.Job instance at 0x7f96af084140>,39,23,[6 1],40,-1,71,-1,48
1,<environment.Job instance at 0x7f96aeb93820>,40,27,[2 7],41,-1,75,-1,48
1,<environment.Job instance at 0x7f96aeb93910>,42,16,[ 2 14],43,-1,64,-1,48
1,<environment.Job instance at 0x7f96af1cb5f0>,45,13,[11  4],46,-1,64,-1,51
1,<environment.Job instance at 0x7f96af1cbcd0>,46,13,[ 4 14],47,-1,64,-1,51
1,<environment.Job instance at 0x7f96b82e7500>,48,24,[ 1 10],49,-1,92,-1,68
1,<environment.Job instance at 0x7f96b82e7050>,50,28,[14  4],51,-1,96,-1,68
1,<environment.Job instance at 0x7f96b82e72d0>,51,23,[1 5],52,-1,91,-1,68
1,<environment.Job instance at 0x7f96af323370>,52,24,[ 5 13],53,-1,92,-1,68
1,<environment.Job instance at 0x7f96aeb934b0>,43,27,[10  1],44,-1,103,-1,76
1,<environment.Job instance at 0x7f96af323af0>,54,23,[4 8],55,-1,104,-1,81
1,<environment.Job instance at 0x7f96aee360a0>,57,26,[2 8],58,-1,107,-1,81
1,<environment.Job instance at 0x7f96aee36f00>,58,21,[13  1],59,-1,102,-1,81
1,<environment.Job instance at 0x7f96aee36370>,59,12,[ 5 12],60,-1,93,-1,81
1,<environment.Job instance at 0x7f96aee36dc0>,60,26,[ 2 13],61,-1,107,-1,81
1,<environment.Job instance at 0x7f96aee361e0>,62,19,[ 4 13],63,-1,100,-1,81
1,<environment.Job instance at 0x7f96aee36c30>,63,21,[ 4 14],64,-1,102,-1,81
1,<environment.Job instance at 0x7f96aee36640>,64,17,[ 4 12],65,-1,98,-1,81
1,<environment.Job instance at 0x7f96aee366e0>,65,26,[6 5],66,-1,117,-1,91
1,<environment.Job instance at 0x7f96aee36460>,66,14,[12  1],67,-1,105,-1,91
1,<environment.Job instance at 0x7f96aee36780>,67,22,[13  2],68,-1,113,-1,91
1,<environment.Job instance at 0x7f96aee36820>,68,20,[14  5],69,-1,111,-1,91
1,<environment.Job instance at 0x7f96aee36910>,69,16,[ 4 14],70,-1,107,-1,91
1,<environment.Job instance at 0x7f96aee36e60>,70,13,[ 4 12],71,-1,104,-1,91
1,<environment.Job instance at 0x7f96aee363c0>,71,24,[10  5],72,-1,115,-1,91
1,<environment.Job instance at 0x7f96aee36190>,72,26,[ 2 14],73,-1,117,-1,91
1,<environment.Job instance at 0x7f96aeff87d0>,76,20,[ 3 11],77,-1,126,-1,106
1,<environment.Job instance at 0x7f96aeff8870>,77,14,[ 2 12],78,-1,120,-1,106
1,<environment.Job instance at 0x7f96aeff86e0>,78,15,[12  3],79,-1,121,-1,106
1,<environment.Job instance at 0x7f96aeff8cd0>,79,18,[14  2],80,-1,124,-1,106
1,<environment.Job instance at 0x7f96aeff8eb0>,80,15,[12  5],81,-1,121,-1,106
1,<environment.Job instance at 0x7f96aee66190>,0,18,[ 2 10],1,-1,20,-1,2
1,<environment.Job instance at 0x7f96aee61cd0>,1,18,[13  2],2,-1,20,-1,2
1,<environment.Job instance at 0x7f96aee126e0>,1,18,[13  2],2,-1,20,-1,2
1,<environment.Job instance at 0x7f96aee12f00>,2,24,[14  4],3,-1,27,-1,3
1,<environment.Job instance at 0x7f96aedf9a50>,6,27,[13  4],7,-1,34,-1,7
1,<environment.Job instance at 0x7f96aedf9cd0>,8,25,[ 1 12],9,-1,34,-1,9
1,<environment.Job instance at 0x7f96af24da00>,10,27,[ 2 13],11,-1,38,-1,11
1,<environment.Job instance at 0x7f96ae44ce60>,11,20,[14  5],12,-1,32,-1,12
1,<environment.Job instance at 0x7f96ae44c230>,12,25,[ 3 12],13,-1,38,-1,13
1,<environment.Job instance at 0x7f96ae46da00>,13,14,[13  1],14,-1,28,-1,14
1,<environment.Job instance at 0x7f96ae46d460>,14,15,[12  1],15,-1,30,-1,15
1,<environment.Job instance at 0x7f96ae46d370>,15,13,[ 2 12],16,-1,29,-1,16
1,<environment.Job instance at 0x7f96ae460cd0>,16,12,[14  2],17,-1,29,-1,17
1,<environment.Job instance at 0x7f96aede9cd0>,3,25,[2 8],4,-1,44,-1,19
1,<environment.Job instance at 0x7f96ae46d730>,18,18,[ 3 13],19,-1,37,-1,19
1,<environment.Job instance at 0x7f96ae460870>,17,28,[7 1],18,-1,47,-1,19
1,<environment.Job instance at 0x7f96af0f3a50>,20,17,[13  4],21,-1,38,-1,21
1,<environment.Job instance at 0x7f96ae449fa0>,21,27,[6 2],22,-1,59,-1,32
1,<environment.Job instance at 0x7f96af106640>,24,16,[ 2 11],25,-1,48,-1,32
1,<environment.Job instance at 0x7f96ae449230>,25,27,[ 5 12],26,-1,59,-1,32
1,<environment.Job instance at 0x7f96ae449f00>,26,17,[ 4 13],27,-1,49,-1,32
1,<environment.Job instance at 0x7f96ae7cf500>,27,28,[9 4],28,-1,60,-1,32
1,<environment.Job instance at 0x7f96ae3ff6e0>,28,25,[ 1 12],29,-1,57,-1,32
1,<environment.Job instance at 0x7f96ae7f2960>,31,14,[14  3],32,-1,48,-1,34
1,<environment.Job instance at 0x7f96ae3e8730>,32,15,[ 3 11],33,-1,49,-1,34
1,<environment.Job instance at 0x7f96ae3e8d20>,33,20,[ 4 12],34,-1,54,-1,34
1,<environment.Job instance at 0x7f96af0f74b0>,29,28,[2 9],30,-1,62,-1,34
1,<environment.Job instance at 0x7f96af23ffa0>,34,28,[ 5 14],35,-1,63,-1,35
1,<environment.Job instance at 0x7f96ae7f9230>,35,17,[ 3 14],36,-1,53,-1,36
1,<environment.Job instance at 0x7f96ae3e8910>,36,27,[ 3 10],37,-1,74,-1,47
1,<environment.Job instance at 0x7f96aeb29640>,41,27,[6 4],42,-1,88,-1,61
1,<environment.Job instance at 0x7f96aec53460>,43,25,[2 8],44,-1,86,-1,61
1,<environment.Job instance at 0x7f96ae7f6780>,47,28,[ 5 11],48,-1,89,-1,61
1,<environment.Job instance at 0x7f96ae7f6be0>,49,13,[11  4],50,-1,74,-1,61
1,<environment.Job instance at 0x7f96aedd80a0>,50,21,[12  2],51,-1,82,-1,61
1,<environment.Job instance at 0x7f96aedd8820>,51,23,[ 2 12],52,-1,84,-1,61
1,<environment.Job instance at 0x7f96aedd8cd0>,52,26,[ 2 13],53,-1,87,-1,61
1,<environment.Job instance at 0x7f96aedd8320>,53,17,[13  3],54,-1,78,-1,61
1,<environment.Job instance at 0x7f96aedd8640>,54,22,[13  2],55,-1,83,-1,61
1,<environment.Job instance at 0x7f96ae47e0f0>,56,13,[ 2 14],57,-1,88,-1,75
1,<environment.Job instance at 0x7f96ae47ed70>,57,22,[ 3 14],58,-1,97,-1,75
1,<environment.Job instance at 0x7f96ae0c60f0>,58,28,[ 3 13],59,-1,103,-1,75
1,<environment.Job instance at 0x7f96ae455460>,59,27,[14  1],60,-1,102,-1,75
1,<environment.Job instance at 0x7f96af232820>,61,17,[13  4],62,-1,96,-1,79
1,<environment.Job instance at 0x7f96ae7d9d70>,62,27,[7 4],63,-1,114,-1,87
1,<environment.Job instance at 0x7f96ae4554b0>,63,14,[ 5 12],64,-1,101,-1,87
1,<environment.Job instance at 0x7f96ae089aa0>,64,23,[13  4],65,-1,110,-1,87
1,<environment.Job instance at 0x7f96ae0c5b90>,66,15,[14  3],67,-1,102,-1,87
1,<environment.Job instance at 0x7f96af8f88c0>,67,25,[ 3 10],68,-1,116,-1,91
1,<environment.Job instance at 0x7f96ae9924b0>,70,17,[ 5 13],71,-1,109,-1,92
1,<environment.Job instance at 0x7f96ae992460>,71,28,[10  2],72,-1,134,-1,106
1,<environment.Job instance at 0x7f96ae9b2140>,73,21,[13  1],74,-1,127,-1,106
1,<environment.Job instance at 0x7f96ae992410>,72,24,[9 3],73,-1,130,-1,106
1,<environment.Job instance at 0x7f96ae9b2eb0>,76,27,[11  3],77,-1,133,-1,106
1,<environment.Job instance at 0x7f96af19aa50>,5,17,[8 3],6,-1,51,-1,34
1,<environment.Job instance at 0x7f96af4c0aa0>,15,15,[1 8],16,-1,49,-1,34
1,<environment.Job instance at 0x7f96af4c00f0>,16,20,[ 4 11],17,-1,54,-1,34
1,<environment.Job instance at 0x7f96ae9ad500>,1,24,[ 4 12],2,-1,26,-1,2
1,<environment.Job instance at 0x7f96af232be0>,2,12,[14  4],3,-1,15,-1,3
1,<environment.Job instance at 0x7f96ae9adeb0>,3,28,[5 5],4,-1,32,-1,4
1,<environment.Job instance at 0x7f96aec534b0>,4,18,[12  3],5,-1,23,-1,5
1,<environment.Job instance at 0x7f96ae7b55f0>,6,21,[ 4 14],7,-1,28,-1,7
1,<environment.Job instance at 0x7f96af8f73c0>,8,25,[1 7],9,-1,34,-1,9
1,<environment.Job instance at 0x7f96ae330910>,10,25,[ 2 11],11,-1,36,-1,11
1,<environment.Job instance at 0x7f96af19f320>,11,26,[1 9],12,-1,38,-1,12
1,<environment.Job instance at 0x7f96af16fb40>,13,21,[12  3],14,-1,35,-1,14
1,<environment.Job instance at 0x7f96ae988b90>,14,28,[11  3],15,-1,43,-1,15
1,<environment.Job instance at 0x7f96ae9920a0>,16,20,[ 4 11],17,-1,37,-1,17
1,<environment.Job instance at 0x7f96ae992460>,17,27,[ 3 13],18,-1,45,-1,18
1,<environment.Job instance at 0x7f96ae992190>,18,22,[ 2 11],19,-1,41,-1,19
1,<environment.Job instance at 0x7f96ae988c80>,19,24,[ 2 13],20,-1,44,-1,20
1,<environment.Job instance at 0x7f96ae988190>,12,28,[9 3],13,-1,51,-1,23
1,<environment.Job instance at 0x7f96ae9a0f50>,24,15,[ 3 12],25,-1,40,-1,25
1,<environment.Job instance at 0x7f96aea598c0>,27,20,[14  4],28,-1,51,-1,31
1,<environment.Job instance at 0x7f96aea59f00>,28,22,[ 1 14],29,-1,53,-1,31
1,<environment.Job instance at 0x7f96ae9b2190>,30,12,[11  1],31,-1,47,-1,35
1,<environment.Job instance at 0x7f96ae9b2690>,31,27,[4 9],32,-1,71,-1,44
1,<environment.Job instance at 0x7f96ae9b2410>,32,16,[ 4 13],33,-1,60,-1,44
1,<environment.Job instance at 0x7f96ae9b2d70>,29,26,[4 8],30,-1,70,-1,44
1,<environment.Job instance at 0x7f96ae9b2be0>,34,16,[14  2],35,-1,60,-1,44
1,<environment.Job instance at 0x7f96ae9b24b0>,35,12,[14  2],36,-1,56,-1,44
1,<environment.Job instance at 0x7f96ae9b2050>,36,27,[ 4 11],37,-1,71,-1,44
1,<environment.Job instance at 0x7f96ae9b2550>,38,24,[ 5 11],39,-1,68,-1,44
1,<environment.Job instance at 0x7f96ae9b2460>,39,27,[ 1 12],40,-1,71,-1,44
1,<environment.Job instance at 0x7f96ae9b2500>,40,23,[11  1],41,-1,67,-1,44
1,<environment.Job instance at 0x7f96ae9b2910>,44,26,[1 5],45,-1,87,-1,61
1,<environment.Job instance at 0x7f96ae9b2870>,45,12,[12  5],46,-1,73,-1,61
1,<environment.Job instance at 0x7f96ae9ae280>,46,26,[ 4 12],47,-1,87,-1,61
1,<environment.Job instance at 0x7f96ae9aefa0>,50,16,[ 3 14],51,-1,86,-1,70
1,<environment.Job instance at 0x7f96ae9ae6e0>,51,17,[12  1],52,-1,87,-1,70
1,<environment.Job instance at 0x7f96ae9aef50>,54,28,[6 2],55,-1,105,-1,77
1,<environment.Job instance at 0x7f96ae9ae410>,55,22,[ 1 12],56,-1,99,-1,77
1,<environment.Job instance at 0x7f96ae9aed70>,57,14,[11  2],58,-1,91,-1,77
1,<environment.Job instance at 0x7f96ae9aed20>,58,24,[7 2],59,-1,108,-1,84
1,<environment.Job instance at 0x7f96ae9ae730>,60,19,[ 5 14],61,-1,103,-1,84
1,<environment.Job instance at 0x7f96ae9ae550>,59,23,[3 8],60,-1,117,-1,94
1,<environment.Job instance at 0x7f96ae9ae190>,62,26,[ 1 13],63,-1,120,-1,94
1,<environment.Job instance at 0x7f96ae47c4b0>,65,14,[ 3 13],66,-1,112,-1,98
1,<environment.Job instance at 0x7f96ae47c500>,66,16,[ 5 13],67,-1,114,-1,98
1,<environment.Job instance at 0x7f96ae47cc80>,68,28,[14  2],69,-1,127,-1,99
1,<environment.Job instance at 0x7f96aed01c80>,4,18,[ 3 11],5,-1,24,-1,6
1,<environment.Job instance at 0x7f96aed01fa0>,7,24,[5 2],8,-1,32,-1,8
1,<environment.Job instance at 0x7f96aed013c0>,10,22,[ 1 11],11,-1,37,-1,15
1,<environment.Job instance at 0x7f96aece6280>,13,14,[ 2 11],14,-1,37,-1,23
1,<environment.Job instance at 0x7f96ae9b4550>,5,15,[5 5],6,-1,42,-1,27
1,<environment.Job instance at 0x7f96aece6460>,16,26,[10  4],17,-1,56,-1,30
1,<environment.Job instance at 0x7f96aece6230>,14,25,[5 8],15,-1,55,-1,30
1,<environment.Job instance at 0x7f96aed01e60>,6,15,[ 1 14],7,-1,57,-1,42
1,<environment.Job instance at 0x7f96aece6690>,21,20,[3 8],22,-1,62,-1,42
1,<environment.Job instance at 0x7f96aece67d0>,24,15,[10  4],25,-1,57,-1,42
1,<environment.Job instance at 0x7f96aece6af0>,27,28,[5 9],28,-1,79,-1,51
1,<environment.Job instance at 0x7f96aece6a50>,28,21,[2 8],29,-1,72,-1,51
1,<environment.Job instance at 0x7f96aece6b90>,29,14,[11  2],30,-1,65,-1,51
1,<environment.Job instance at 0x7f96aeb1cdc0>,0,13,[14  1],1,-1,14,-1,1
1,<environment.Job instance at 0x7f96aeb1caf0>,3,16,[ 2 12],4,-1,20,-1,4
1,<environment.Job instance at 0x7f96aeb1ceb0>,4,18,[ 3 11],5,-1,23,-1,5
1,<environment.Job instance at 0x7f96aeb1cf00>,6,15,[ 1 14],7,-1,22,-1,7
1,<environment.Job instance at 0x7f96aeb1c050>,7,24,[5 2],8,-1,32,-1,8
1,<environment.Job instance at 0x7f96aeb1c0f0>,8,23,[ 2 13],9,-1,32,-1,9
1,<environment.Job instance at 0x7f96aeb1c4b0>,9,13,[14  1],10,-1,23,-1,10
1,<environment.Job instance at 0x7f96aeb1c460>,10,22,[ 1 11],11,-1,33,-1,11
1,<environment.Job instance at 0x7f96aeb1c230>,12,13,[ 3 12],13,-1,26,-1,13
1,<environment.Job instance at 0x7f96aeb1c6e0>,13,14,[ 2 11],14,-1,28,-1,14
1,<environment.Job instance at 0x7f96aeb1cb40>,16,26,[10  4],17,-1,43,-1,17
1,<environment.Job instance at 0x7f96aeb1c370>,11,23,[3 8],12,-1,43,-1,20
1,<environment.Job instance at 0x7f96aeb1c690>,18,24,[ 4 13],19,-1,44,-1,20
1,<environment.Job instance at 0x7f96aeb1cbe0>,14,25,[5 8],15,-1,45,-1,20
1,<environment.Job instance at 0x7f96ae47ce10>,22,15,[11  1],23,-1,38,-1,23
1,<environment.Job instance at 0x7f96ae47c5a0>,25,23,[ 3 12],26,-1,49,-1,26
1,<environment.Job instance at 0x7f96ae47c910>,27,28,[5 9],28,-1,68,-1,40
1,<environment.Job instance at 0x7f96ae47ca50>,29,14,[11  2],30,-1,54,-1,40
1,<environment.Job instance at 0x7f96ae47c190>,30,28,[14  3],31,-1,68,-1,40
1,<environment.Job instance at 0x7f96ae47c7d0>,31,22,[ 5 12],32,-1,62,-1,40
1,<environment.Job instance at 0x7f96ae47c870>,32,16,[11  2],33,-1,56,-1,40
1,<environment.Job instance at 0x7f96ae47c6e0>,34,27,[11  3],35,-1,67,-1,40
1,<environment.Job instance at 0x7f96ae47c4b0>,36,27,[ 2 11],37,-1,67,-1,40
1,<environment.Job instance at 0x7f96ae47c320>,37,28,[13  3],38,-1,68,-1,40
1,<environment.Job instance at 0x7f96ae9ae2d0>,40,27,[ 2 12],41,-1,74,-1,47
1,<environment.Job instance at 0x7f96ae9aecd0>,42,12,[11  1],43,-1,59,-1,47
1,<environment.Job instance at 0x7f96ae9aeaa0>,45,19,[ 3 11],46,-1,81,-1,62
1,<environment.Job instance at 0x7f96ae9aee60>,46,25,[ 1 14],47,-1,87,-1,62
1,<environment.Job instance at 0x7f96ae9aeeb0>,47,24,[8 2],48,-1,86,-1,62
1,<environment.Job instance at 0x7f96ae9ae640>,48,26,[14  4],49,-1,88,-1,62
1,<environment.Job instance at 0x7f96ae47c550>,39,23,[9 5],40,-1,85,-1,62
1,<environment.Job instance at 0x7f96ae9aef00>,50,23,[ 1 11],51,-1,85,-1,62
1,<environment.Job instance at 0x7f96ae9ae230>,54,24,[4 7],55,-1,99,-1,75
1,<environment.Job instance at 0x7f96ae9ae140>,55,22,[ 4 14],56,-1,97,-1,75
1,<environment.Job instance at 0x7f96ae9ae280>,56,21,[13  5],57,-1,96,-1,75
1,<environment.Job instance at 0x7f96ae9ae460>,52,23,[8 1],53,-1,110,-1,87
1,<environment.Job instance at 0x7f96ae9b2fa0>,61,27,[ 3 13],62,-1,118,-1,91
1,<environment.Job instance at 0x7f96ae9b2c80>,63,17,[ 2 12],64,-1,116,-1,99
1,<environment.Job instance at 0x7f96ae9b2d20>,62,27,[4 8],63,-1,135,-1,108
1,<environment.Job instance at 0x7f96ae9b2640>,65,15,[12  3],66,-1,123,-1,108
1,<environment.Job instance at 0x7f96af5a11e0>,0,21,[5 9],1,-1,22,-1,1
1,<environment.Job instance at 0x7f96ae312780>,11,23,[ 5 12],12,-1,49,-1,26
1,<environment.Job instance at 0x7f96ae312b40>,16,27,[8 1],17,-1,53,-1,26
1,<environment.Job instance at 0x7f96aed17a50>,10,20,[8 4],11,-1,49,-1,29
1,<environment.Job instance at 0x7f96ae312f50>,17,12,[ 4 13],18,-1,41,-1,29
1,<environment.Job instance at 0x7f96ae312fa0>,12,21,[10  4],13,-1,50,-1,29
1,<environment.Job instance at 0x7f96ae312a00>,18,16,[ 3 11],19,-1,46,-1,30
1,<environment.Job instance at 0x7f96ae312690>,21,27,[5 3],22,-1,57,-1,30
1,<environment.Job instance at 0x7f96aee52410>,22,21,[7 1],23,-1,51,-1,30
1,<environment.Job instance at 0x7f96aee525f0>,23,19,[1 5],24,-1,49,-1,30
1,<environment.Job instance at 0x7f96ae312eb0>,19,23,[8 2],20,-1,53,-1,30
1,<environment.Job instance at 0x7f96ae3126e0>,13,24,[6 1],14,-1,54,-1,30
1,<environment.Job instance at 0x7f96ae312d70>,8,14,[12  1],9,-1,44,-1,30
1,<environment.Job instance at 0x7f96aee523c0>,27,18,[5 1],28,-1,59,-1,41
1,<environment.Job instance at 0x7f96af174230>,5,14,[ 5 14],6,-1,56,-1,42
1,<environment.Job instance at 0x7f96aee524b0>,29,28,[4 9],30,-1,71,-1,43
1,<environment.Job instance at 0x7f96aee52320>,26,25,[7 1],27,-1,68,-1,43
1,<environment.Job instance at 0x7f96aee52640>,31,19,[5 4],32,-1,63,-1,44
1,<environment.Job instance at 0x7f96aee52c30>,32,22,[12  5],33,-1,66,-1,44
1,<environment.Job instance at 0x7f96aee520f0>,30,28,[5 4],31,-1,73,-1,45
1,<environment.Job instance at 0x7f96aee52d70>,33,26,[ 3 14],34,-1,72,-1,46
1,<environment.Job instance at 0x7f96aee52140>,34,23,[13  3],35,-1,69,-1,46
1,<environment.Job instance at 0x7f96ae6f07d0>,36,18,[14  4],37,-1,65,-1,47
1,<environment.Job instance at 0x7f96aee526e0>,35,14,[12  3],36,-1,61,-1,47
1,<environment.Job instance at 0x7f96ae6f0d20>,38,22,[ 3 13],39,-1,69,-1,47
1,<environment.Job instance at 0x7f96ae6f0b90>,37,25,[10  4],38,-1,72,-1,47
1,<environment.Job instance at 0x7f96ae6f0c30>,39,24,[1 7],40,-1,72,-1,48
1,<environment.Job instance at 0x7f96ae6f0140>,41,19,[12  4],42,-1,67,-1,48
1,<environment.Job instance at 0x7f96ae6f0280>,40,18,[12  4],41,-1,67,-1,49
1,<environment.Job instance at 0x7f96ae6f0640>,42,16,[1 7],43,-1,65,-1,49
1,<environment.Job instance at 0x7f96ae6f00a0>,44,21,[14  2],45,-1,70,-1,49
1,<environment.Job instance at 0x7f96ae76e410>,45,23,[6 3],46,-1,72,-1,49
1,<environment.Job instance at 0x7f96ae6f0320>,46,20,[1 7],47,-1,69,-1,49
1,<environment.Job instance at 0x7f96ae76e2d0>,47,23,[10  3],48,-1,72,-1,49
1,<environment.Job instance at 0x7f96ae76eaf0>,48,18,[13  4],49,-1,67,-1,49
1,<environment.Job instance at 0x7f96ae76e370>,49,15,[9 2],50,-1,65,-1,50
1,<environment.Job instance at 0x7f96aee52230>,25,12,[ 4 14],26,-1,63,-1,51
1,<environment.Job instance at 0x7f96ae76e4b0>,50,27,[9 5],51,-1,78,-1,51
1,<environment.Job instance at 0x7f96ae76ed70>,51,17,[7 5],52,-1,69,-1,52
1,<environment.Job instance at 0x7f96ae76e910>,52,19,[ 5 13],53,-1,72,-1,53
1,<environment.Job instance at 0x7f96ae76e0f0>,53,28,[7 5],54,-1,82,-1,54
1,<environment.Job instance at 0x7f96ae76e820>,54,19,[5 3],55,-1,74,-1,55
1,<environment.Job instance at 0x7f96aee52690>,28,15,[2 8],29,-1,71,-1,56
1,<environment.Job instance at 0x7f96af2b63c0>,55,15,[14  5],56,-1,72,-1,57
1,<environment.Job instance at 0x7f96af2b64b0>,59,14,[10  5],60,-1,75,-1,61
1,<environment.Job instance at 0x7f96af2b6820>,56,21,[14  5],57,-1,84,-1,63
1,<environment.Job instance at 0x7f96ae6f0e60>,43,25,[7 1],44,-1,88,-1,63
1,<environment.Job instance at 0x7f96af2b6e60>,60,21,[6 3],61,-1,84,-1,63
1,<environment.Job instance at 0x7f96af2b6b90>,62,26,[5 9],63,-1,89,-1,63
1,<environment.Job instance at 0x7f96ae9adfa0>,2,14,[ 5 12],3,-1,17,-1,3
1,<environment.Job instance at 0x7f96ae9ad410>,4,14,[ 5 12],5,-1,19,-1,5
1,<environment.Job instance at 0x7f96ae998be0>,5,14,[ 5 14],6,-1,20,-1,6
1,<environment.Job instance at 0x7f96ae9922d0>,7,23,[14  1],8,-1,31,-1,8
1,<environment.Job instance at 0x7f96ae992050>,8,14,[12  1],9,-1,23,-1,9
1,<environment.Job instance at 0x7f96ae992370>,9,14,[ 1 12],10,-1,24,-1,10
1,<environment.Job instance at 0x7f96aece6320>,11,23,[ 5 12],12,-1,35,-1,12
1,<environment.Job instance at 0x7f96ae989050>,14,12,[ 1 13],15,-1,34,-1,22
1,<environment.Job instance at 0x7f96af258320>,16,27,[8 1],17,-1,49,-1,22
1,<environment.Job instance at 0x7f96af19a3c0>,17,12,[ 4 13],18,-1,34,-1,22
1,<environment.Job instance at 0x7f96af96f500>,18,16,[ 3 11],19,-1,38,-1,22
1,<environment.Job instance at 0x7f96af16fb40>,19,23,[8 2],20,-1,45,-1,22
1,<environment.Job instance at 0x7f96af8f7be0>,20,17,[11  5],21,-1,39,-1,22
1,<environment.Job instance at 0x7f96af8f73c0>,21,27,[5 3],22,-1,49,-1,22
1,<environment.Job instance at 0x7f96ae992140>,13,24,[6 1],14,-1,46,-1,22
1,<environment.Job instance at 0x7f96ae9b20a0>,25,12,[ 4 14],26,-1,46,-1,34
1,<environment.Job instance at 0x7f96ae9b2b40>,26,25,[7 1],27,-1,59,-1,34
1,<environment.Job instance at 0x7f96ae9b2190>,29,28,[4 9],30,-1,64,-1,36
1,<environment.Job instance at 0x7f96ae9b2690>,30,28,[5 4],31,-1,64,-1,36
1,<environment.Job instance at 0x7f96ae9b2b90>,32,22,[12  5],33,-1,58,-1,36
1,<environment.Job instance at 0x7f96ae9b24b0>,33,26,[ 3 14],34,-1,62,-1,36
1,<environment.Job instance at 0x7f96ae9b2be0>,34,23,[13  3],35,-1,59,-1,36
1,<environment.Job instance at 0x7f96ae9b2dc0>,35,14,[12  3],36,-1,50,-1,36
1,<environment.Job instance at 0x7f96ae9b2910>,36,18,[14  4],37,-1,55,-1,37
1,<environment.Job instance at 0x7f96ae9b2f00>,38,22,[ 3 13],39,-1,61,-1,39
1,<environment.Job instance at 0x7f96ae47caf0>,40,18,[12  4],41,-1,66,-1,48
1,<environment.Job instance at 0x7f96ae47ce60>,41,19,[12  4],42,-1,67,-1,48
1,<environment.Job instance at 0x7f96ae47c730>,39,24,[1 7],40,-1,75,-1,51
1,<environment.Job instance at 0x7f96ae47c6e0>,44,21,[14  2],45,-1,72,-1,51
1,<environment.Job instance at 0x7f96ae47c500>,43,25,[7 1],44,-1,77,-1,52
1,<environment.Job instance at 0x7f96ae9b2e60>,37,25,[10  4],38,-1,88,-1,63
1,<environment.Job instance at 0x7f96ae47c7d0>,47,23,[10  3],48,-1,86,-1,63
1,<environment.Job instance at 0x7f96ae47c320>,48,18,[13  4],49,-1,81,-1,63
1,<environment.Job instance at 0x7f96ae47c910>,50,27,[9 5],51,-1,90,-1,63
1,<environment.Job instance at 0x7f96ae47c690>,45,23,[6 3],46,-1,86,-1,63
1,<environment.Job instance at 0x7f96ae47cbe0>,52,19,[ 5 13],53,-1,82,-1,63
1,<environment.Job instance at 0x7f96ae47c370>,53,28,[7 5],54,-1,91,-1,63
1,<environment.Job instance at 0x7f96ae47c1e0>,55,15,[14  5],56,-1,78,-1,63
1,<environment.Job instance at 0x7f96ae47c460>,56,21,[14  5],57,-1,84,-1,63
1,<environment.Job instance at 0x7f96ae47cf00>,57,26,[11  1],58,-1,89,-1,63
1,<environment.Job instance at 0x7f96aeb1c820>,62,26,[5 9],63,-1,119,-1,93
1,<environment.Job instance at 0x7f96aeb1cc80>,63,18,[12  2],64,-1,111,-1,93
1,<environment.Job instance at 0x7f96aeb1caa0>,64,28,[ 1 13],65,-1,121,-1,93
1,<environment.Job instance at 0x7f96aead4d70>,0,19,[7 4],1,-1,20,-1,1
1,<environment.Job instance at 0x7f96ae2aa410>,9,19,[12  4],10,-1,125,-1,106
1,<environment.Job instance at 0x7f96aee6c910>,1,14,[13  4],2,-1,16,-1,2
1,<environment.Job instance at 0x7f96aede7fa0>,5,24,[11  5],6,-1,30,-1,6
1,<environment.Job instance at 0x7f96aede7730>,7,28,[13  3],8,-1,36,-1,8
1,<environment.Job instance at 0x7f96aede7910>,8,26,[ 4 11],9,-1,35,-1,9
1,<environment.Job instance at 0x7f96aede7eb0>,9,19,[12  4],10,-1,29,-1,10
1,<environment.Job instance at 0x7f96aede7140>,10,12,[ 5 13],11,-1,23,-1,11
1,<environment.Job instance at 0x7f96aede75f0>,11,18,[12  2],12,-1,30,-1,12
1,<environment.Job instance at 0x7f96aede7370>,13,23,[11  5],14,-1,37,-1,14
1,<environment.Job instance at 0x7f96aede72d0>,6,27,[8 3],7,-1,42,-1,15
1,<environment.Job instance at 0x7f96aede73c0>,14,22,[11  1],15,-1,37,-1,15
1,<environment.Job instance at 0x7f96aede74b0>,16,16,[ 1 13],17,-1,33,-1,17
1,<environment.Job instance at 0x7f96af780140>,17,18,[ 3 13],18,-1,36,-1,18
1,<environment.Job instance at 0x7f96af780230>,18,28,[13  1],19,-1,47,-1,19
1,<environment.Job instance at 0x7f96af7809b0>,15,24,[9 2],16,-1,44,-1,20
1,<environment.Job instance at 0x7f96af780aa0>,19,27,[ 2 14],20,-1,47,-1,20
1,<environment.Job instance at 0x7f96ae6f0d70>,20,27,[ 3 13],21,-1,48,-1,21
1,<environment.Job instance at 0x7f96ae9b2eb0>,21,15,[13  2],22,-1,37,-1,22
1,<environment.Job instance at 0x7f96af780cd0>,23,19,[ 5 12],24,-1,43,-1,24
1,<environment.Job instance at 0x7f96ae9b2d20>,25,12,[11  3],26,-1,38,-1,26
1,<environment.Job instance at 0x7f96ae9b2c80>,26,27,[13  3],27,-1,54,-1,27
1,<environment.Job instance at 0x7f96ae9b2b40>,29,16,[ 3 11],30,-1,46,-1,30
1,<environment.Job instance at 0x7f96ae9b26e0>,30,15,[ 3 13],31,-1,46,-1,31
1,<environment.Job instance at 0x7f96ae9b20a0>,31,12,[ 1 11],32,-1,44,-1,32
1,<environment.Job instance at 0x7f96ae9b2e10>,32,23,[ 5 11],33,-1,56,-1,33
1,<environment.Job instance at 0x7f96ae9b2410>,24,28,[8 4],25,-1,62,-1,34
1,<environment.Job instance at 0x7f96ae9b2050>,27,23,[4 7],28,-1,57,-1,34
1,<environment.Job instance at 0x7f96ae501c80>,34,23,[ 4 14],35,-1,58,-1,35
1,<environment.Job instance at 0x7f96af19a3c0>,35,26,[1 5],36,-1,62,-1,36
1,<environment.Job instance at 0x7f96ae9b28c0>,36,16,[12  3],37,-1,53,-1,37
1,<environment.Job instance at 0x7f96ae992fa0>,38,12,[ 5 12],39,-1,51,-1,39
1,<environment.Job instance at 0x7f96ae992e10>,39,16,[ 1 14],40,-1,56,-1,40
1,<environment.Job instance at 0x7f96af19f320>,41,21,[12  5],42,-1,63,-1,42
1,<environment.Job instance at 0x7f96ae992280>,43,14,[ 5 13],44,-1,58,-1,44
1,<environment.Job instance at 0x7f96ae9ad500>,44,21,[ 4 12],45,-1,66,-1,45
1,<environment.Job instance at 0x7f96af17bfa0>,45,22,[13  4],46,-1,68,-1,46
1,<environment.Job instance at 0x7f96af3e6050>,46,13,[11  4],47,-1,60,-1,47
1,<environment.Job instance at 0x7f96ae735e60>,47,22,[12  3],48,-1,70,-1,48
1,<environment.Job instance at 0x7f96af49df00>,48,25,[14  2],49,-1,74,-1,49
1,<environment.Job instance at 0x7f96ae891f50>,49,22,[ 1 11],50,-1,72,-1,50
1,<environment.Job instance at 0x7f96adf91690>,53,27,[12  1],54,-1,83,-1,56
1,<environment.Job instance at 0x7f96adf91500>,54,26,[14  5],55,-1,82,-1,56
1,<environment.Job instance at 0x7f96ae7ebf00>,55,12,[ 4 12],56,-1,68,-1,56
1,<environment.Job instance at 0x7f96ae7eb410>,57,18,[13  3],58,-1,80,-1,62
1,<environment.Job instance at 0x7f96ae7ebcd0>,56,24,[ 4 10],57,-1,112,-1,88
1,<environment.Job instance at 0x7f96b829beb0>,60,23,[6 2],61,-1,111,-1,88
1,<environment.Job instance at 0x7f96b829b190>,62,16,[ 1 11],63,-1,104,-1,88
1,<environment.Job instance at 0x7f96b829b8c0>,63,12,[ 4 14],64,-1,100,-1,88
1,<environment.Job instance at 0x7f96b829b140>,64,12,[11  4],65,-1,100,-1,88
1,<environment.Job instance at 0x7f96af10ed70>,66,23,[12  5],67,-1,111,-1,88
1,<environment.Job instance at 0x7f96af10e870>,67,24,[ 5 14],68,-1,112,-1,88
1,<environment.Job instance at 0x7f96aedf0c30>,69,13,[ 3 13],70,-1,101,-1,88
1,<environment.Job instance at 0x7f96aedf0500>,70,13,[12  3],71,-1,101,-1,88
1,<environment.Job instance at 0x7f96aee36be0>,71,12,[ 5 11],72,-1,100,-1,88
1,<environment.Job instance at 0x7f96b829b690>,65,25,[9 2],66,-1,117,-1,92
1,<environment.Job instance at 0x7f96aee36f00>,74,13,[ 3 14],75,-1,105,-1,92
1,<environment.Job instance at 0x7f96aef4f1e0>,75,23,[4 8],76,-1,127,-1,104
1,<environment.Job instance at 0x7f96ae4c7960>,4,17,[9 4],5,-1,23,-1,6
1,<environment.Job instance at 0x7f96ae4c7d70>,6,16,[2 6],7,-1,23,-1,7
1,<environment.Job instance at 0x7f96ae4c71e0>,7,17,[1 7],8,-1,25,-1,8
1,<environment.Job instance at 0x7f96ae4c7780>,8,25,[8 1],9,-1,34,-1,9
1,<environment.Job instance at 0x7f96ae1ae5f0>,12,20,[4 7],13,-1,33,-1,13
1,<environment.Job instance at 0x7f96ae3c2500>,0,21,[13  1],1,-1,22,-1,1
1,<environment.Job instance at 0x7f96ae3c25f0>,1,23,[12  2],2,-1,25,-1,2
1,<environment.Job instance at 0x7f96ae3c2910>,2,24,[11  2],3,-1,27,-1,3
1,<environment.Job instance at 0x7f96aec8f7d0>,5,28,[ 1 13],6,-1,34,-1,6
1,<environment.Job instance at 0x7f96aec8f960>,9,12,[12  5],10,-1,22,-1,10
1,<environment.Job instance at 0x7f96ae3c2320>,8,25,[8 1],9,-1,47,-1,22
1,<environment.Job instance at 0x7f96aec8f140>,13,21,[13  2],14,-1,43,-1,22
1,<environment.Job instance at 0x7f96aec8fd70>,15,23,[11  5],16,-1,45,-1,22
1,<environment.Job instance at 0x7f96af0c9dc0>,16,18,[ 5 13],17,-1,40,-1,22
1,<environment.Job instance at 0x7f96af0c9a50>,17,28,[7 3],18,-1,50,-1,22
1,<environment.Job instance at 0x7f96af0c92d0>,18,25,[4 8],19,-1,47,-1,22
1,<environment.Job instance at 0x7f96af0c9be0>,20,16,[13  2],21,-1,38,-1,22
1,<environment.Job instance at 0x7f96aedf0c30>,24,28,[13  5],25,-1,62,-1,34
1,<environment.Job instance at 0x7f96aef4f6e0>,25,23,[9 3],26,-1,57,-1,34
1,<environment.Job instance at 0x7f96aee36f00>,26,23,[8 1],27,-1,57,-1,34
1,<environment.Job instance at 0x7f96aee36780>,27,21,[13  4],28,-1,55,-1,34
1,<environment.Job instance at 0x7f96aee36be0>,28,23,[4 8],29,-1,57,-1,34
1,<environment.Job instance at 0x7f96af10e640>,30,21,[ 3 13],31,-1,55,-1,34
1,<environment.Job instance at 0x7f96af10e7d0>,31,18,[13  1],32,-1,52,-1,34
1,<environment.Job instance at 0x7f96af10ed70>,32,13,[ 4 12],33,-1,47,-1,34
1,<environment.Job instance at 0x7f96af10e870>,33,25,[3 9],34,-1,73,-1,48
1,<environment.Job instance at 0x7f96b829b0a0>,34,25,[3 8],35,-1,73,-1,48
1,<environment.Job instance at 0x7f96b829b190>,35,23,[ 1 13],36,-1,71,-1,48
1,<environment.Job instance at 0x7f96b829b3c0>,36,15,[14  3],37,-1,63,-1,48
1,<environment.Job instance at 0x7f96adf91500>,37,20,[ 2 11],38,-1,68,-1,48
1,<environment.Job instance at 0x7f96ae2f7410>,38,17,[ 3 12],39,-1,65,-1,48
1,<environment.Job instance at 0x7f96b829beb0>,40,14,[12  2],41,-1,62,-1,48
1,<environment.Job instance at 0x7f96af49df00>,42,19,[ 2 14],43,-1,67,-1,48
1,<environment.Job instance at 0x7f96ae735e60>,43,15,[12  5],44,-1,63,-1,48
1,<environment.Job instance at 0x7f96ae2040f0>,45,28,[ 3 12],46,-1,76,-1,48
1,<environment.Job instance at 0x7f96af3e6050>,44,25,[2 6],45,-1,86,-1,61
1,<environment.Job instance at 0x7f96ae9ad320>,49,12,[11  1],50,-1,75,-1,63
1,<environment.Job instance at 0x7f96ae992410>,50,15,[13  5],51,-1,78,-1,63
1,<environment.Job instance at 0x7f96ae65f460>,46,26,[8 1],47,-1,101,-1,75
1,<environment.Job instance at 0x7f96ae9a0f50>,56,22,[12  5],57,-1,112,-1,90
1,<environment.Job instance at 0x7f96ae330910>,58,16,[ 1 12],59,-1,111,-1,95
1,<environment.Job instance at 0x7f96ae9b2140>,59,18,[ 4 12],60,-1,113,-1,95
1,<environment.Job instance at 0x7f96ae9b28c0>,60,24,[13  1],61,-1,119,-1,95
1,<environment.Job instance at 0x7f96ae9b2e10>,61,12,[ 2 14],62,-1,107,-1,95
1,<environment.Job instance at 0x7f96ae9b20a0>,62,18,[ 2 13],63,-1,113,-1,95
1,<environment.Job instance at 0x7f96ae9b26e0>,64,22,[ 2 12],65,-1,117,-1,95
1,<environment.Job instance at 0x7f96ae9b20f0>,65,12,[14  4],66,-1,107,-1,95
1,<environment.Job instance at 0x7f96ae9b2640>,66,20,[13  3],67,-1,115,-1,95
1,<environment.Job instance at 0x7f96ae9b2d20>,67,14,[12  3],68,-1,109,-1,95
1,<environment.Job instance at 0x7f96ae9b2410>,68,23,[10  4],69,-1,126,-1,103
1,<environment.Job instance at 0x7f96ae9b2550>,71,24,[4 7],72,-1,131,-1,107
1,<environment.Job instance at 0x7f96aede7960>,72,28,[ 4 12],73,-1,135,-1,107
1,<environment.Job instance at 0x7f96aede7500>,74,13,[ 2 12],75,-1,121,-1,108
1,<environment.Job instance at 0x7f96aede7410>,75,21,[12  5],76,-1,129,-1,108
1,<environment.Job instance at 0x7f96aede7370>,76,22,[ 1 11],77,-1,130,-1,108
1,<environment.Job instance at 0x7fda573441e0>,12,22,[4 6],13,-1,35,-1,13
1,<environment.Job instance at 0x7fda6098a8c0>,9,17,[8 1],10,-1,39,-1,22
1,<environment.Job instance at 0x7fda57340c30>,3,15,[13  4],4,-1,43,-1,28
1,<environment.Job instance at 0x7fda57344280>,13,27,[3 8],14,-1,56,-1,29
1,<environment.Job instance at 0x7fda57350960>,0,24,[2 8],1,-1,25,-1,1
1,<environment.Job instance at 0x7fda57350b90>,2,26,[10  1],3,-1,29,-1,3
1,<environment.Job instance at 0x7fda57350d70>,3,15,[13  4],4,-1,19,-1,4
1,<environment.Job instance at 0x7fda609c0780>,4,24,[ 3 11],5,-1,29,-1,5
1,<environment.Job instance at 0x7fda57378dc0>,6,19,[ 1 13],7,-1,26,-1,7
1,<environment.Job instance at 0x7fda573782d0>,8,24,[ 2 12],9,-1,33,-1,9
1,<environment.Job instance at 0x7fda574497d0>,10,14,[ 1 14],11,-1,25,-1,11
1,<environment.Job instance at 0x7fda57338d70>,13,27,[3 8],14,-1,41,-1,14
1,<environment.Job instance at 0x7fda57338cd0>,14,14,[14  3],15,-1,29,-1,15
1,<environment.Job instance at 0x7fda573388c0>,15,24,[ 2 13],16,-1,40,-1,16
1,<environment.Job instance at 0x7fda57338c30>,16,19,[ 3 12],17,-1,36,-1,17
1,<environment.Job instance at 0x7fda57338a00>,17,18,[ 5 13],18,-1,36,-1,18
1,<environment.Job instance at 0x7fda57338190>,19,21,[14  4],20,-1,41,-1,20
1,<environment.Job instance at 0x7fda57338050>,21,22,[14  2],22,-1,46,-1,24
1,<environment.Job instance at 0x7fda57338af0>,22,25,[ 4 12],23,-1,49,-1,24
1,<environment.Job instance at 0x7fda57810b40>,24,20,[ 3 12],25,-1,49,-1,29
1,<environment.Job instance at 0x7fda574603c0>,25,16,[11  3],26,-1,45,-1,29
1,<environment.Job instance at 0x7fda574654b0>,27,25,[14  4],28,-1,54,-1,29
1,<environment.Job instance at 0x7fda5740f140>,29,24,[5 1],30,-1,65,-1,41
1,<environment.Job instance at 0x7fda5743d460>,32,14,[14  3],33,-1,65,-1,51
1,<environment.Job instance at 0x7fda5746be60>,35,23,[11  2],36,-1,79,-1,56
1,<environment.Job instance at 0x7fda573cbeb0>,36,27,[10  1],37,-1,83,-1,56
1,<environment.Job instance at 0x7fda5746b3c0>,38,16,[ 1 13],39,-1,72,-1,56
1,<environment.Job instance at 0x7fda5744eb90>,41,26,[13  2],42,-1,90,-1,64
1,<environment.Job instance at 0x7fda5744e190>,42,18,[ 1 13],43,-1,82,-1,64
1,<environment.Job instance at 0x7fda574745f0>,45,28,[12  4],46,-1,106,-1,78
1,<environment.Job instance at 0x7fda57474460>,46,17,[ 5 12],47,-1,95,-1,78
1,<environment.Job instance at 0x7fda574e8b40>,48,25,[11  4],49,-1,103,-1,78
1,<environment.Job instance at 0x7fda57432410>,49,23,[2 6],50,-1,115,-1,92
1,<environment.Job instance at 0x7fda574e85a0>,50,13,[12  1],51,-1,105,-1,92
1,<environment.Job instance at 0x7fda574025f0>,51,24,[ 1 11],52,-1,116,-1,92
1,<environment.Job instance at 0x7fda574e8d70>,52,27,[9 1],53,-1,119,-1,92
1,<environment.Job instance at 0x7fda574024b0>,54,20,[ 5 14],55,-1,113,-1,93
1,<environment.Job instance at 0x7fda57402cd0>,58,22,[14  3],59,-1,132,-1,110
1,<environment.Job instance at 0x7fda57402410>,59,15,[11  3],60,-1,125,-1,110
1,<environment.Job instance at 0x7fda56a891e0>,0,15,[9 2],1,-1,17,-1,2
1,<environment.Job instance at 0x7fda56ad4a50>,3,16,[1 8],4,-1,20,-1,4
1,<environment.Job instance at 0x7fda56ad4f00>,4,24,[5 6],5,-1,29,-1,5
1,<environment.Job instance at 0x7fda56a8edc0>,5,18,[11  5],6,-1,25,-1,7
1,<environment.Job instance at 0x7fda56a8eaf0>,8,19,[1 9],9,-1,28,-1,9
1,<environment.Job instance at 0x7fda56a8eb90>,9,19,[4 7],10,-1,29,-1,10
1,<environment.Job instance at 0x7fda56a8ecd0>,10,21,[4 6],11,-1,32,-1,11
1,<environment.Job instance at 0x7fda56a8f1e0>,22,18,[10  5],23,-1,129,-1,111
1,<environment.Job instance at 0x7fda56a8f5a0>,26,16,[14  1],27,-1,129,-1,113
1,<environment.Job instance at 0x7fda56a8e0f0>,17,21,[ 3 12],18,-1,134,-1,113
1,<environment.Job instance at 0x7fda56a8f550>,24,26,[ 3 12],25,-1,139,-1,113
1,<environment.Job instance at 0x7fda56a8f2d0>,25,24,[4 7],26,-1,137,-1,113
1,<environment.Job instance at 0x7fda56a83b40>,28,28,[7 2],29,-1,141,-1,113
1,<environment.Job instance at 0x7fda609c0780>,1,18,[ 3 12],2,-1,20,-1,2
1,<environment.Job instance at 0x7fda57402230>,2,21,[ 2 13],3,-1,24,-1,3
1,<environment.Job instance at 0x7fda56b64f50>,5,18,[11  5],6,-1,24,-1,6
1,<environment.Job instance at 0x7fda56b9af00>,6,14,[14  1],7,-1,21,-1,7
1,<environment.Job instance at 0x7fda56c93820>,7,22,[12  1],8,-1,30,-1,8
1,<environment.Job instance at 0x7fda56c93d20>,4,24,[5 6],5,-1,40,-1,16
1,<environment.Job instance at 0x7fda56b657d0>,12,27,[5 4],13,-1,43,-1,16
1,<environment.Job instance at 0x7fda56b65320>,13,18,[13  4],14,-1,34,-1,16
1,<environment.Job instance at 0x7fda56b67f50>,16,14,[ 3 14],17,-1,31,-1,17
1,<environment.Job instance at 0x7fda56b67e10>,17,21,[ 3 12],18,-1,39,-1,18
1,<environment.Job instance at 0x7fda56b678c0>,18,26,[ 1 11],19,-1,45,-1,19
1,<environment.Job instance at 0x7fda56b67f00>,19,28,[3 6],20,-1,48,-1,20
1,<environment.Job instance at 0x7fda56b65960>,11,27,[4 8],12,-1,47,-1,20
1,<environment.Job instance at 0x7fda56b675f0>,20,21,[ 3 12],21,-1,42,-1,21
1,<environment.Job instance at 0x7fda56afc5a0>,21,17,[ 2 11],22,-1,39,-1,22
1,<environment.Job instance at 0x7fda56afc690>,23,14,[11  1],24,-1,38,-1,24
1,<environment.Job instance at 0x7fda56af57d0>,24,26,[ 3 12],25,-1,51,-1,25
1,<environment.Job instance at 0x7fda56af5870>,26,16,[14  1],27,-1,43,-1,27
1,<environment.Job instance at 0x7fda56af8050>,25,24,[4 7],26,-1,63,-1,39
1,<environment.Job instance at 0x7fda56af86e0>,28,28,[7 2],29,-1,67,-1,39
1,<environment.Job instance at 0x7fda56af8820>,29,28,[7 1],30,-1,67,-1,39
1,<environment.Job instance at 0x7fda56af8b40>,27,25,[5 4],28,-1,64,-1,39
1,<environment.Job instance at 0x7fda56b03c30>,32,24,[12  2],33,-1,63,-1,39
1,<environment.Job instance at 0x7fda56b03aa0>,33,26,[ 3 11],34,-1,65,-1,39
1,<environment.Job instance at 0x7fda56b03a50>,34,25,[ 5 11],35,-1,64,-1,39
1,<environment.Job instance at 0x7fda56b065a0>,36,16,[ 1 11],37,-1,55,-1,39
1,<environment.Job instance at 0x7fda56b0bb90>,41,12,[12  4],42,-1,68,-1,56
1,<environment.Job instance at 0x7fda56b0b050>,42,21,[12  4],43,-1,77,-1,56
1,<environment.Job instance at 0x7fda56b0bc80>,43,14,[12  3],44,-1,70,-1,56
1,<environment.Job instance at 0x7fda56b0b230>,44,28,[ 3 13],45,-1,84,-1,56
1,<environment.Job instance at 0x7fda56b0beb0>,45,22,[ 3 12],46,-1,78,-1,56
1,<environment.Job instance at 0x7fda56b0ba50>,46,23,[11  2],47,-1,79,-1,56
1,<environment.Job instance at 0x7fda56b6c8c0>,39,26,[4 9],40,-1,97,-1,71
1,<environment.Job instance at 0x7fda56b17c30>,49,15,[12  2],50,-1,86,-1,71
1,<environment.Job instance at 0x7fda56b55fa0>,50,18,[11  1],51,-1,89,-1,71
1,<environment.Job instance at 0x7fda56b6c050>,38,25,[4 6],39,-1,96,-1,71
1,<environment.Job instance at 0x7fda56b55d70>,55,14,[11  3],56,-1,85,-1,71
1,<environment.Job instance at 0x7fda56cc2d20>,56,19,[ 5 14],57,-1,90,-1,71
1,<environment.Job instance at 0x7fda56c89e10>,59,25,[ 3 11],60,-1,96,-1,71
1,<environment.Job instance at 0x7fda56c5d8c0>,60,27,[13  4],61,-1,98,-1,71
1,<environment.Job instance at 0x7fda56b0ec80>,58,27,[9 4],59,-1,114,-1,87
1,<environment.Job instance at 0x7fda56c2aeb0>,63,23,[ 2 14],64,-1,110,-1,87
1,<environment.Job instance at 0x7fda56c83730>,64,12,[ 2 11],65,-1,99,-1,87
1,<environment.Job instance at 0x7fda56b331e0>,66,24,[8 2],67,-1,129,-1,105
1,<environment.Job instance at 0x7fda56c87780>,68,28,[ 4 13],69,-1,133,-1,105
1,<environment.Job instance at 0x7fda56b52d20>,70,12,[11  1],71,-1,117,-1,105
1,<environment.Job instance at 0x7fda56b520a0>,71,12,[ 5 11],72,-1,117,-1,105
1,<environment.Job instance at 0x7fda56b52b40>,72,15,[ 3 11],73,-1,120,-1,105
1,<environment.Job instance at 0x7fda56b33be0>,69,26,[3 6],70,-1,132,-1,106
1,<environment.Job instance at 0x7fda56ab2780>,74,24,[ 1 11],75,-1,130,-1,106
1,<environment.Job instance at 0x7fda56b52fa0>,73,24,[ 1 10],74,-1,130,-1,106
1,<environment.Job instance at 0x7fda56b52820>,76,14,[14  4],77,-1,120,-1,106
1,<environment.Job instance at 0x7fda56b2d780>,77,25,[5 4],78,-1,131,-1,106
1,<environment.Job instance at 0x7fda56b52050>,79,16,[ 3 12],80,-1,122,-1,106
1,<environment.Job instance at 0x7fda56b62230>,80,23,[5 8],81,-1,129,-1,106
1,<environment.Job instance at 0x7fda56b62190>,81,21,[ 4 11],82,-1,127,-1,106
1,<environment.Job instance at 0x7fda56b62870>,82,20,[ 3 12],83,-1,126,-1,106
1,<environment.Job instance at 0x7fda56977050>,3,18,[8 5],4,-1,23,-1,5
1,<environment.Job instance at 0x7fda56943aa0>,0,24,[11  3],1,-1,25,-1,1
1,<environment.Job instance at 0x7fda56943b90>,1,22,[ 5 14],2,-1,24,-1,2
1,<environment.Job instance at 0x7fda56943be0>,2,24,[14  3],3,-1,27,-1,3
1,<environment.Job instance at 0x7fda5692e4b0>,4,28,[6 3],5,-1,33,-1,5
1,<environment.Job instance at 0x7fda5692e2d0>,5,15,[11  2],6,-1,21,-1,6
1,<environment.Job instance at 0x7fda5692e370>,6,24,[ 5 14],7,-1,31,-1,7
1,<environment.Job instance at 0x7fda5692e690>,7,28,[11  1],8,-1,36,-1,8
1,<environment.Job instance at 0x7fda5692e8c0>,8,15,[ 5 11],9,-1,24,-1,9
1,<environment.Job instance at 0x7fda5692e320>,11,16,[ 2 13],12,-1,28,-1,12
1,<environment.Job instance at 0x7fda5692e6e0>,13,24,[ 5 11],14,-1,38,-1,14
1,<environment.Job instance at 0x7fda569aae60>,15,13,[11  1],16,-1,29,-1,16
1,<environment.Job instance at 0x7fda569aa8c0>,16,12,[ 3 12],17,-1,29,-1,17
1,<environment.Job instance at 0x7fda569aa460>,17,25,[8 3],18,-1,47,-1,22
1,<environment.Job instance at 0x7fda569aa780>,19,15,[ 5 13],20,-1,37,-1,22
1,<environment.Job instance at 0x7fda569aa4b0>,22,23,[ 1 13],23,-1,46,-1,23
1,<environment.Job instance at 0x7fda569aa960>,23,12,[12  2],24,-1,36,-1,24
1,<environment.Job instance at 0x7fda569aaf50>,21,24,[5 1],22,-1,55,-1,31
1,<environment.Job instance at 0x7fda569a8690>,26,19,[ 3 14],27,-1,50,-1,31
1,<environment.Job instance at 0x7fda569a8640>,27,26,[ 1 14],28,-1,57,-1,31
1,<environment.Job instance at 0x7fda569a8d70>,29,16,[12  3],30,-1,55,-1,39
1,<environment.Job instance at 0x7fda569a8910>,30,27,[13  4],31,-1,66,-1,39
1,<environment.Job instance at 0x7fda569a8b90>,34,23,[8 5],35,-1,62,-1,39
1,<environment.Job instance at 0x7fda569a8be0>,38,27,[ 3 13],39,-1,76,-1,49
1,<environment.Job instance at 0x7fda56999320>,39,20,[14  3],40,-1,69,-1,49
1,<environment.Job instance at 0x7fda569a8820>,40,22,[12  1],41,-1,71,-1,49
1,<environment.Job instance at 0x7fda56999960>,41,12,[ 2 14],42,-1,61,-1,49
1,<environment.Job instance at 0x7fda56999870>,42,13,[14  5],43,-1,62,-1,49
1,<environment.Job instance at 0x7fda569992d0>,43,28,[5 7],44,-1,79,-1,51
1,<environment.Job instance at 0x7fda569990f0>,44,28,[10  1],45,-1,79,-1,51
1,<environment.Job instance at 0x7fda569995f0>,45,16,[12  2],46,-1,67,-1,51
1,<environment.Job instance at 0x7fda56999500>,46,28,[14  3],47,-1,79,-1,51
1,<environment.Job instance at 0x7fda56999a00>,47,24,[ 4 11],48,-1,75,-1,51
1,<environment.Job instance at 0x7fda56999190>,48,25,[11  1],49,-1,76,-1,51
1,<environment.Job instance at 0x7fda569991e0>,50,26,[5 5],51,-1,77,-1,51
1,<environment.Job instance at 0x7fda56a504b0>,53,24,[2 7],54,-1,106,-1,82
1,<environment.Job instance at 0x7fda56a50460>,54,25,[11  5],55,-1,107,-1,82
1,<environment.Job instance at 0x7fda56a50e10>,55,25,[5 3],56,-1,107,-1,82
1,<environment.Job instance at 0x7fda56a50550>,57,26,[7 1],58,-1,110,-1,84
1,<environment.Job instance at 0x7fda56a508c0>,58,18,[12  1],59,-1,102,-1,84
1,<environment.Job instance at 0x7fda56a50a50>,59,15,[ 1 13],60,-1,99,-1,84
1,<environment.Job instance at 0x7fda56a502d0>,60,23,[11  3],61,-1,107,-1,84
1,<environment.Job instance at 0x7fda56a50d70>,62,20,[14  4],63,-1,104,-1,84
1,<environment.Job instance at 0x7fda56a50820>,64,16,[ 2 11],65,-1,110,-1,94
1,<environment.Job instance at 0x7fda56a50370>,65,24,[8 2],66,-1,118,-1,94
1,<environment.Job instance at 0x7fda56a50aa0>,69,16,[ 4 13],70,-1,115,-1,99
1,<environment.Job instance at 0x7fda56a50500>,70,26,[4 7],71,-1,143,-1,117
1,<environment.Job instance at 0x7fda56a50f50>,71,25,[10  5],72,-1,142,-1,117
1,<environment.Job instance at 0x7fda56a500a0>,72,25,[11  1],73,-1,142,-1,117
1,<environment.Job instance at 0x7fda56a501e0>,73,26,[4 8],74,-1,143,-1,117
1,<environment.Job instance at 0x7fda56aa4960>,74,17,[12  2],75,-1,134,-1,117
1,<environment.Job instance at 0x7fda56aa4370>,75,19,[11  2],76,-1,136,-1,117
1,<environment.Job instance at 0x7fda56aa4cd0>,76,12,[14  5],77,-1,129,-1,117
1,<environment.Job instance at 0x7fda56aa4dc0>,77,24,[ 1 11],78,-1,141,-1,117
1,<environment.Job instance at 0x7fda56aa40f0>,78,18,[ 4 12],79,-1,135,-1,117
1,<environment.Job instance at 0x7fda56add410>,0,17,[5 4],1,-1,18,-1,1
1,<environment.Job instance at 0x7fda56b6cbe0>,3,14,[4 9],4,-1,19,-1,5
1,<environment.Job instance at 0x7fda56a87230>,4,12,[8 2],5,-1,17,-1,5
1,<environment.Job instance at 0x7fda56ec53c0>,6,18,[8 1],7,-1,26,-1,8
1,<environment.Job instance at 0x7fda56ec5870>,7,13,[7 5],8,-1,21,-1,8
1,<environment.Job instance at 0x7fda56ec5e10>,11,18,[ 5 12],12,-1,49,-1,31
1,<environment.Job instance at 0x7fda56ec5d70>,12,15,[10  5],13,-1,46,-1,31
1,<environment.Job instance at 0x7fda56d5a230>,19,27,[11  5],20,-1,59,-1,32
1,<environment.Job instance at 0x7fda56aa4190>,1,27,[12  2],2,-1,29,-1,2
1,<environment.Job instance at 0x7fda56aa4780>,2,26,[13  4],3,-1,29,-1,3
1,<environment.Job instance at 0x7fda56aa4690>,5,24,[ 4 10],6,-1,42,-1,18
1,<environment.Job instance at 0x7fda56aa4370>,9,20,[11  1],10,-1,38,-1,18
1,<environment.Job instance at 0x7fda56aa43c0>,10,12,[ 1 14],11,-1,30,-1,18
1,<environment.Job instance at 0x7fda56aa46e0>,11,18,[ 5 12],12,-1,36,-1,18
1,<environment.Job instance at 0x7fda56a501e0>,13,24,[6 1],14,-1,42,-1,18
1,<environment.Job instance at 0x7fda56a509b0>,15,21,[12  1],16,-1,39,-1,18
1,<environment.Job instance at 0x7fda56a50aa0>,16,16,[ 4 11],17,-1,34,-1,18
1,<environment.Job instance at 0x7fda56a50280>,17,26,[7 4],18,-1,44,-1,18
1,<environment.Job instance at 0x7fda56a50d70>,19,27,[11  5],20,-1,47,-1,20
1,<environment.Job instance at 0x7fda56a50140>,21,25,[9 2],22,-1,56,-1,31
1,<environment.Job instance at 0x7fda56a50500>,22,18,[ 4 14],23,-1,49,-1,31
1,<environment.Job instance at 0x7fda56a502d0>,24,21,[14  5],25,-1,52,-1,31
1,<environment.Job instance at 0x7fda56a508c0>,26,27,[3 8],27,-1,70,-1,43
1,<environment.Job instance at 0x7fda56a50550>,27,20,[ 3 13],28,-1,63,-1,43
1,<environment.Job instance at 0x7fda56a50230>,28,15,[ 2 12],29,-1,58,-1,43
1,<environment.Job instance at 0x7fda56a50e10>,29,24,[ 3 14],30,-1,67,-1,43
1,<environment.Job instance at 0x7fda56a50460>,30,17,[ 2 14],31,-1,60,-1,43
1,<environment.Job instance at 0x7fda569991e0>,35,22,[ 1 14],36,-1,77,-1,55
1,<environment.Job instance at 0x7fda56999500>,37,28,[3 6],38,-1,85,-1,57
1,<environment.Job instance at 0x7fda569995f0>,38,18,[ 1 12],39,-1,75,-1,57
1,<environment.Job instance at 0x7fda569990f0>,39,13,[14  4],40,-1,70,-1,57
1,<environment.Job instance at 0x7fda56999870>,41,16,[ 1 11],42,-1,73,-1,57
1,<environment.Job instance at 0x7fda569994b0>,42,26,[12  3],43,-1,83,-1,57
1,<environment.Job instance at 0x7fda56999eb0>,44,17,[ 4 13],45,-1,84,-1,67
1,<environment.Job instance at 0x7fda569a8a50>,46,28,[1 9],47,-1,112,-1,84
1,<environment.Job instance at 0x7fda569a8f00>,47,26,[7 3],48,-1,122,-1,96
1,<environment.Job instance at 0x7fda569a89b0>,49,26,[3 5],50,-1,122,-1,96
1,<environment.Job instance at 0x7fda569a8aa0>,51,13,[ 2 13],52,-1,109,-1,96
1,<environment.Job instance at 0x7fda569a8910>,52,18,[12  5],53,-1,114,-1,96
1,<environment.Job instance at 0x7fda569a8d70>,53,26,[13  3],54,-1,122,-1,96
1,<environment.Job instance at 0x7fda569a8500>,54,13,[14  1],55,-1,109,-1,96
1,<environment.Job instance at 0x7fda569a8690>,55,16,[ 3 11],56,-1,112,-1,96
1,<environment.Job instance at 0x7fda569a8c80>,56,22,[14  2],57,-1,118,-1,96
1,<environment.Job instance at 0x7fda569aa280>,57,14,[12  4],58,-1,110,-1,96
1,<environment.Job instance at 0x7fda569aaf50>,58,14,[11  1],59,-1,110,-1,96
1,<environment.Job instance at 0x7fda569aa4b0>,59,28,[6 2],60,-1,124,-1,96
1,<environment.Job instance at 0x7fda569aa690>,60,20,[12  3],61,-1,116,-1,96
1,<environment.Job instance at 0x7fda569aa820>,61,21,[13  4],62,-1,117,-1,96
1,<environment.Job instance at 0x7fda569aab40>,63,16,[11  1],64,-1,112,-1,96
1,<environment.Job instance at 0x7fda569aad70>,65,14,[11  5],66,-1,110,-1,96
1,<environment.Job instance at 0x7fda569aa370>,66,13,[ 1 11],67,-1,109,-1,96
1,<environment.Job instance at 0x7fda569aa6e0>,62,23,[2 8],63,-1,123,-1,100
1,<environment.Job instance at 0x7fda5692e230>,69,15,[ 3 12],70,-1,115,-1,100
1,<environment.Job instance at 0x7fda5692e320>,70,18,[13  2],71,-1,118,-1,100
1,<environment.Job instance at 0x7fda5692e280>,71,27,[5 7],72,-1,127,-1,100
1,<environment.Job instance at 0x7fda5692e370>,72,12,[14  3],73,-1,112,-1,100
1,<environment.Job instance at 0x7fda5692e2d0>,73,28,[11  3],74,-1,128,-1,100
1,<environment.Job instance at 0x7fda609b2910>,75,28,[ 4 12],76,-1,128,-1,100
1,<environment.Job instance at 0x7fda56d5a780>,76,20,[11  3],77,-1,120,-1,100
1,<environment.Job instance at 0x7fda56e39b40>,77,15,[ 5 13],78,-1,115,-1,100
1,<environment.Job instance at 0x7fda569aa230>,68,25,[6 1],69,-1,139,-1,114
1,<environment.Job instance at 0x7fda56add320>,80,24,[12  5],81,-1,138,-1,114
1,<environment.Job instance at 0x7fda56add460>,81,19,[ 2 14],82,-1,133,-1,114
1,<environment.Job instance at 0x7fda56ea5690>,82,22,[12  1],83,-1,136,-1,114
1,<environment.Job instance at 0x7fda56ea5640>,83,13,[ 3 11],84,-1,127,-1,114
1,<environment.Job instance at 0x7fda56ea5c30>,85,17,[ 1 14],86,-1,132,-1,115
1,<environment.Job instance at 0x7fda56ea5870>,86,14,[ 3 14],87,-1,129,-1,115
1,<environment.Job instance at 0x7fda56ea5d70>,87,24,[ 3 11],88,-1,139,-1,115
1,<environment.Job instance at 0x7fda56ea5780>,89,25,[12  3],90,-1,142,-1,117
1,<environment.Job instance at 0x7fda56ea5b90>,90,12,[ 2 12],91,-1,129,-1,117
1,<environment.Job instance at 0x7fda568f0730>,0,14,[8 1],1,-1,16,-1,2
1,<environment.Job instance at 0x7fda56d2ba50>,2,23,[9 3],3,-1,26,-1,3
1,<environment.Job instance at 0x7fda56aa4af0>,1,23,[8 4],2,-1,26,-1,3
1,<environment.Job instance at 0x7fda56d112d0>,10,27,[ 4 10],11,-1,41,-1,14
1,<environment.Job instance at 0x7fda56d200f0>,14,17,[2 5],15,-1,33,-1,16
1,<environment.Job instance at 0x7fda56d204b0>,16,28,[4 9],17,-1,45,-1,17
1,<environment.Job instance at 0x7fda56d20190>,17,28,[7 5],18,-1,46,-1,18
1,<environment.Job instance at 0x7fda56957870>,3,24,[ 4 11],4,-1,28,-1,4
1,<environment.Job instance at 0x7fda56957f50>,4,14,[13  1],5,-1,19,-1,5
1,<environment.Job instance at 0x7fda569333c0>,5,14,[11  1],6,-1,20,-1,6
1,<environment.Job instance at 0x7fda56933500>,6,12,[12  5],7,-1,19,-1,7
1,<environment.Job instance at 0x7fda56933320>,8,14,[ 1 13],9,-1,23,-1,9
1,<environment.Job instance at 0x7fda56933dc0>,11,28,[ 4 14],12,-1,40,-1,12
1,<environment.Job instance at 0x7fda569572d0>,1,23,[8 4],2,-1,38,-1,15
1,<environment.Job instance at 0x7fda56ea53c0>,13,27,[11  1],14,-1,42,-1,15
1,<environment.Job instance at 0x7fda569576e0>,2,23,[9 3],3,-1,38,-1,15
1,<environment.Job instance at 0x7fda56ea5230>,16,28,[4 9],17,-1,59,-1,31
1,<environment.Job instance at 0x7fda56ea5910>,18,18,[14  2],19,-1,49,-1,31
1,<environment.Job instance at 0x7fda56ea59b0>,19,18,[12  2],20,-1,49,-1,31
1,<environment.Job instance at 0x7fda56ea5eb0>,17,28,[7 5],18,-1,59,-1,31
1,<environment.Job instance at 0x7fda56ea5730>,22,19,[ 2 14],23,-1,50,-1,31
1,<environment.Job instance at 0x7fda56933410>,10,27,[ 4 10],11,-1,58,-1,31
1,<environment.Job instance at 0x7fda56ea50a0>,24,24,[14  2],25,-1,55,-1,31
1,<environment.Job instance at 0x7fda56addfa0>,29,18,[11  5],30,-1,61,-1,43
1,<environment.Job instance at 0x7fda609c0780>,30,28,[7 2],31,-1,74,-1,46
1,<environment.Job instance at 0x7fda56d5a910>,31,20,[14  4],32,-1,66,-1,46
1,<environment.Job instance at 0x7fda56e39fa0>,32,21,[13  5],33,-1,67,-1,46
1,<environment.Job instance at 0x7fda5692e2d0>,34,14,[ 1 12],35,-1,60,-1,46
1,<environment.Job instance at 0x7fda5692e8c0>,35,15,[14  3],36,-1,61,-1,46
1,<environment.Job instance at 0x7fda5692e690>,37,23,[ 2 13],38,-1,80,-1,57
1,<environment.Job instance at 0x7fda5692e500>,38,25,[1 6],39,-1,82,-1,57
1,<environment.Job instance at 0x7fda5692e410>,39,22,[12  5],40,-1,79,-1,57
1,<environment.Job instance at 0x7fda5692e5a0>,40,23,[7 1],41,-1,84,-1,61
1,<environment.Job instance at 0x7fda569aa500>,42,24,[2 5],43,-1,85,-1,61
1,<environment.Job instance at 0x7fda569aa730>,44,12,[ 2 13],45,-1,73,-1,61
1,<environment.Job instance at 0x7fda569aa6e0>,45,27,[4 9],46,-1,101,-1,74
1,<environment.Job instance at 0x7fda569aa4b0>,47,24,[10  2],48,-1,101,-1,77
1,<environment.Job instance at 0x7fda569aa780>,48,14,[ 5 14],49,-1,91,-1,77
1,<environment.Job instance at 0x7fda569aaf50>,52,25,[11  2],53,-1,114,-1,89
1,<environment.Job instance at 0x7fda569a8c80>,53,15,[ 3 12],54,-1,104,-1,89
1,<environment.Job instance at 0x7fda569a8640>,54,17,[ 3 12],55,-1,106,-1,89
1,<environment.Job instance at 0x7fda569a8500>,55,22,[14  5],56,-1,111,-1,89
1,<environment.Job instance at 0x7fda569a8730>,57,23,[9 5],58,-1,129,-1,106
1,<environment.Job instance at 0x7fda569a81e0>,58,23,[14  4],59,-1,129,-1,106
1,<environment.Job instance at 0x7fda569a8b90>,60,15,[ 5 14],61,-1,121,-1,106
1,<environment.Job instance at 0x7fda569a89b0>,62,19,[ 5 13],63,-1,126,-1,107
1,<environment.Job instance at 0x7fda56dab640>,1,17,[2 7],2,-1,20,-1,3
1,<environment.Job instance at 0x7fda5704c460>,21,16,[6 5],22,-1,101,-1,85
1,<environment.Job instance at 0x7fda5704cbe0>,22,22,[ 5 14],23,-1,107,-1,85
1,<environment.Job instance at 0x7fda5704ca00>,14,23,[ 1 14],15,-1,112,-1,89
1,<environment.Job instance at 0x7fda5704c640>,23,17,[12  4],24,-1,106,-1,89
1,<environment.Job instance at 0x7fda5704ca50>,24,26,[ 1 10],25,-1,123,-1,97
1,<environment.Job instance at 0x7fda5704c410>,27,21,[7 2],28,-1,118,-1,97
1,<environment.Job instance at 0x7fda5704cb40>,28,15,[ 5 10],29,-1,112,-1,97
1,<environment.Job instance at 0x7fda56a50640>,0,26,[14  4],1,-1,27,-1,1
1,<environment.Job instance at 0x7fda56a50c30>,3,18,[14  1],4,-1,22,-1,4
1,<environment.Job instance at 0x7fda56a502d0>,4,24,[9 2],5,-1,29,-1,5
1,<environment.Job instance at 0x7fda56a50550>,6,15,[ 5 11],7,-1,22,-1,7
1,<environment.Job instance at 0x7fda56a50690>,7,27,[ 2 13],8,-1,35,-1,8
1,<environment.Job instance at 0x7fda56a503c0>,9,16,[ 3 12],10,-1,26,-1,10
1,<environment.Job instance at 0x7fda56a506e0>,10,12,[ 3 12],11,-1,23,-1,11
1,<environment.Job instance at 0x7fda56a507d0>,11,13,[ 3 12],12,-1,25,-1,12
1,<environment.Job instance at 0x7fda56a50230>,13,25,[11  2],14,-1,39,-1,14
1,<environment.Job instance at 0x7fda569a8a50>,14,23,[ 1 14],15,-1,38,-1,15
1,<environment.Job instance at 0x7fda569a8c30>,16,12,[ 3 12],17,-1,29,-1,17
1,<environment.Job instance at 0x7fda56a50820>,8,27,[5 1],9,-1,45,-1,18
1,<environment.Job instance at 0x7fda56a50b90>,12,24,[ 4 10],13,-1,43,-1,19
1,<environment.Job instance at 0x7fda569a8500>,20,14,[ 2 11],21,-1,35,-1,21
1,<environment.Job instance at 0x7fda56e456e0>,22,22,[ 5 14],23,-1,45,-1,23
1,<environment.Job instance at 0x7fda569a8690>,23,17,[12  4],24,-1,41,-1,24
1,<environment.Job instance at 0x7fda609c0780>,24,26,[ 1 10],25,-1,58,-1,32
1,<environment.Job instance at 0x7fda56db3190>,29,12,[ 1 11],30,-1,56,-1,44
1,<environment.Job instance at 0x7fda56db38c0>,30,28,[3 6],31,-1,77,-1,49
1,<environment.Job instance at 0x7fda56dab3c0>,34,13,[12  5],35,-1,70,-1,57
1,<environment.Job instance at 0x7fda56db5aa0>,41,24,[ 4 10],42,-1,108,-1,84
1,<environment.Job instance at 0x7fda56db5dc0>,42,24,[ 2 14],43,-1,108,-1,84
1,<environment.Job instance at 0x7fda56db5050>,43,16,[12  2],44,-1,100,-1,84
1,<environment.Job instance at 0x7fda56db5230>,44,15,[ 5 12],45,-1,99,-1,84
1,<environment.Job instance at 0x7fda56db5af0>,45,28,[ 2 11],46,-1,112,-1,84
1,<environment.Job instance at 0x7fda56db5cd0>,46,28,[13  3],47,-1,112,-1,84
1,<environment.Job instance at 0x7fda56db5500>,48,23,[13  5],49,-1,107,-1,84
1,<environment.Job instance at 0x7fda56db5fa0>,49,19,[ 3 13],50,-1,103,-1,84
1,<environment.Job instance at 0x7fda56dd4280>,53,23,[6 5],54,-1,119,-1,96
1,<environment.Job instance at 0x7fda56dd4c80>,54,17,[ 2 13],55,-1,113,-1,96
1,<environment.Job instance at 0x7fda56dd4910>,55,20,[ 1 11],56,-1,116,-1,96
1,<environment.Job instance at 0x7fda56dd40f0>,56,27,[4 6],57,-1,133,-1,106
1,<environment.Job instance at 0x7fda56dd41e0>,58,12,[ 3 14],59,-1,118,-1,106
1,<environment.Job instance at 0x7fda56dd4730>,57,26,[8 5],58,-1,137,-1,111
1,<environment.Job instance at 0x7fda56dd43c0>,61,24,[14  4],62,-1,135,-1,111
1,<environment.Job instance at 0x7fda56dd4190>,62,26,[12  3],63,-1,137,-1,111
1,<environment.Job instance at 0x7fda56dd4780>,63,16,[ 5 14],64,-1,127,-1,111
1,<environment.Job instance at 0x7fda56dd4e60>,64,23,[8 4],65,-1,134,-1,111
1,<environment.Job instance at 0x7fda56da15f0>,65,12,[ 4 13],66,-1,123,-1,111
1,<environment.Job instance at 0x7fda56da1410>,66,25,[13  1],67,-1,136,-1,111
1,<environment.Job instance at 0x7fda56da1dc0>,69,22,[14  4],70,-1,141,-1,119
1,<environment.Job instance at 0x7fda56da16e0>,70,14,[ 1 13],71,-1,133,-1,119
1,<environment.Job instance at 0x7fda56dd6960>,1,18,[5 7],2,-1,20,-1,2
1,<environment.Job instance at 0x7fda56d5ffa0>,5,23,[5 5],6,-1,30,-1,7
1,<environment.Job instance at 0x7fda56d5ff00>,12,25,[14  3],13,-1,42,-1,17
1,<environment.Job instance at 0x7fda56c34c80>,15,22,[11  3],16,-1,40,-1,18
1,<environment.Job instance at 0x7fda56d39140>,17,25,[12  4],18,-1,59,-1,34
1,<environment.Job instance at 0x7fda56d39640>,16,28,[ 1 13],17,-1,72,-1,44
1,<environment.Job instance at 0x7fda56d39a00>,19,15,[ 2 14],20,-1,59,-1,44
1,<environment.Job instance at 0x7fda56c342d0>,14,27,[12  3],15,-1,71,-1,44
1,<environment.Job instance at 0x7fda56c60960>,21,16,[ 2 13],22,-1,62,-1,46
1,<environment.Job instance at 0x7fda56c608c0>,22,14,[6 2],23,-1,60,-1,46
1,<environment.Job instance at 0x7fda56c60be0>,25,14,[1 6],26,-1,60,-1,46
1,<environment.Job instance at 0x7fda56c60780>,24,19,[ 2 13],25,-1,66,-1,47
1,<environment.Job instance at 0x7fda56c60e60>,27,18,[ 1 13],28,-1,65,-1,47
1,<environment.Job instance at 0x7fda577d7320>,28,12,[ 5 14],29,-1,59,-1,47
1,<environment.Job instance at 0x7fda56c60640>,29,13,[14  1],30,-1,60,-1,47
1,<environment.Job instance at 0x7fda56c605a0>,23,15,[12  3],24,-1,62,-1,47
1,<environment.Job instance at 0x7fda56c60320>,26,15,[5 7],27,-1,62,-1,47
1,<environment.Job instance at 0x7fda57043c30>,32,14,[8 3],33,-1,61,-1,47
1,<environment.Job instance at 0x7fda570430f0>,31,20,[3 7],32,-1,68,-1,48
1,<environment.Job instance at 0x7fda56c60d20>,30,18,[5 2],31,-1,66,-1,48
1,<environment.Job instance at 0x7fda56a24230>,33,18,[12  3],34,-1,66,-1,48
1,<environment.Job instance at 0x7fda56f66e60>,36,27,[ 2 13],37,-1,77,-1,50
1,<environment.Job instance at 0x7fda56d5fe60>,8,15,[13  3],9,-1,65,-1,50
1,<environment.Job instance at 0x7fda56de60a0>,35,21,[2 8],36,-1,71,-1,50
1,<environment.Job instance at 0x7fda56d5fdc0>,4,26,[1 6],5,-1,76,-1,50
1,<environment.Job instance at 0x7fda577f95a0>,39,26,[5 9],40,-1,76,-1,50
1,<environment.Job instance at 0x7fda5704f690>,37,14,[ 2 11],38,-1,64,-1,50
1,<environment.Job instance at 0x7fda56f56550>,41,22,[8 1],42,-1,72,-1,50
1,<environment.Job instance at 0x7fda56df1e10>,40,22,[2 7],41,-1,72,-1,50
1,<environment.Job instance at 0x7fda56d4d370>,43,20,[8 2],44,-1,70,-1,50
1,<environment.Job instance at 0x7fda577d2cd0>,44,15,[5 8],45,-1,65,-1,50
1,<environment.Job instance at 0x7fda56d4da00>,42,24,[14  4],43,-1,74,-1,50
1,<environment.Job instance at 0x7fda5704f370>,38,16,[ 1 12],39,-1,79,-1,63
1,<environment.Job instance at 0x7fda56f64730>,48,16,[11  5],49,-1,83,-1,67
1,<environment.Job instance at 0x7fda56d37b90>,49,18,[13  2],50,-1,108,-1,90
1,<environment.Job instance at 0x7fda56d4dfa0>,45,15,[4 9],46,-1,107,-1,92
1,<environment.Job instance at 0x7fda56d430a0>,56,16,[13  3],57,-1,128,-1,112
1,<environment.Job instance at 0x7fda56d43960>,57,24,[14  3],58,-1,137,-1,113
1,<environment.Job instance at 0x7fda56d60460>,54,19,[ 4 11],55,-1,132,-1,113
1,<environment.Job instance at 0x7fda56d43780>,61,27,[5 5],62,-1,140,-1,113
1,<environment.Job instance at 0x7fda57040b40>,0,16,[11  4],1,-1,17,-1,1
1,<environment.Job instance at 0x7fda57040500>,3,20,[12  4],4,-1,24,-1,4
1,<environment.Job instance at 0x7fda57030eb0>,4,26,[1 6],5,-1,31,-1,5
1,<environment.Job instance at 0x7fda57040140>,6,27,[12  2],7,-1,34,-1,7
1,<environment.Job instance at 0x7fda57030280>,7,15,[14  2],8,-1,23,-1,8
1,<environment.Job instance at 0x7fda57030c80>,8,15,[13  3],9,-1,24,-1,9
1,<environment.Job instance at 0x7fda57030e10>,11,14,[ 2 11],12,-1,26,-1,12
1,<environment.Job instance at 0x7fda57030aa0>,12,25,[14  3],13,-1,38,-1,13
1,<environment.Job instance at 0x7fda57030af0>,13,23,[14  5],14,-1,37,-1,14
1,<environment.Job instance at 0x7fda57030be0>,14,27,[12  3],15,-1,42,-1,15
1,<environment.Job instance at 0x7fda57030910>,15,22,[11  3],16,-1,38,-1,16
1,<environment.Job instance at 0x7fda57030a50>,16,28,[ 1 13],17,-1,45,-1,17
1,<environment.Job instance at 0x7fda57030140>,5,23,[5 5],6,-1,41,-1,18
1,<environment.Job instance at 0x7fda570309b0>,17,25,[12  4],18,-1,43,-1,18
1,<environment.Job instance at 0x7fda57030500>,18,17,[ 2 13],19,-1,36,-1,19
1,<environment.Job instance at 0x7fda57030d20>,19,15,[ 2 14],20,-1,35,-1,20
1,<environment.Job instance at 0x7fda57030a00>,21,16,[ 2 13],22,-1,38,-1,22
1,<environment.Job instance at 0x7fda56cf5d20>,23,15,[12  3],24,-1,39,-1,24
1,<environment.Job instance at 0x7fda57030960>,24,19,[ 2 13],25,-1,44,-1,25
1,<environment.Job instance at 0x7fda57030410>,27,18,[ 1 13],28,-1,46,-1,28
1,<environment.Job instance at 0x7fda57b14b40>,28,12,[ 5 14],29,-1,41,-1,29
1,<environment.Job instance at 0x7fda570aa7d0>,29,13,[14  1],30,-1,43,-1,30
1,<environment.Job instance at 0x7fda56ce57d0>,33,18,[12  3],34,-1,55,-1,37
1,<environment.Job instance at 0x7fda579ed780>,34,23,[2 6],35,-1,65,-1,42
1,<environment.Job instance at 0x7fda5722e9b0>,36,27,[ 2 13],37,-1,69,-1,42
1,<environment.Job instance at 0x7fda5728a5a0>,37,14,[ 2 11],38,-1,56,-1,42
1,<environment.Job instance at 0x7fda57a7c1e0>,38,16,[ 1 12],39,-1,58,-1,42
1,<environment.Job instance at 0x7fda57a99a50>,42,24,[14  4],43,-1,75,-1,51
1,<environment.Job instance at 0x7fda5704c8c0>,46,16,[ 3 11],47,-1,67,-1,51
1,<environment.Job instance at 0x7fda57a7c960>,39,26,[5 9],40,-1,86,-1,60
1,<environment.Job instance at 0x7fda5704c410>,48,16,[11  5],49,-1,76,-1,60
1,<environment.Job instance at 0x7fda5704cc80>,49,18,[13  2],50,-1,78,-1,60
1,<environment.Job instance at 0x7fda5704c280>,51,23,[14  1],52,-1,83,-1,60
1,<environment.Job instance at 0x7fda5704c820>,52,17,[ 1 14],53,-1,77,-1,60
1,<environment.Job instance at 0x7fda57344d20>,53,16,[12  2],54,-1,76,-1,60
1,<environment.Job instance at 0x7fda67d6efa0>,54,19,[ 4 11],55,-1,79,-1,60
1,<environment.Job instance at 0x7fda57394640>,55,24,[9 5],56,-1,89,-1,65
1,<environment.Job instance at 0x7fda6050fa50>,56,16,[13  3],57,-1,81,-1,65
1,<environment.Job instance at 0x7fda572c4b90>,57,24,[14  3],58,-1,89,-1,65
1,<environment.Job instance at 0x7fda56c54190>,58,19,[ 1 14],59,-1,84,-1,65
1,<environment.Job instance at 0x7fda569d3d20>,59,23,[14  3],60,-1,88,-1,65
1,<environment.Job instance at 0x7fda60a2e370>,60,28,[ 4 11],61,-1,93,-1,65
1,<environment.Job instance at 0x7fda57cab280>,61,27,[5 5],62,-1,92,-1,65
1,<environment.Job instance at 0x7fda57cabd70>,62,24,[5 2],63,-1,89,-1,65
1,<environment.Job instance at 0x7fda56db3500>,63,14,[ 4 12],64,-1,79,-1,65
1,<environment.Job instance at 0x7fda60516c80>,64,27,[5 1],65,-1,92,-1,65
1,<environment.Job instance at 0x7fda57951320>,65,27,[ 2 11],66,-1,93,-1,66
1,<environment.Job instance at 0x7fda57162910>,66,28,[12  4],67,-1,95,-1,67
1,<environment.Job instance at 0x7fda56fd75a0>,68,14,[14  2],69,-1,91,-1,77
1,<environment.Job instance at 0x7fda573230f0>,69,27,[5 1],70,-1,112,-1,85
1,<environment.Job instance at 0x7fda57752820>,70,23,[12  5],71,-1,108,-1,85
1,<environment.Job instance at 0x7fda56d2bf50>,73,12,[14  4],74,-1,104,-1,92
1,<environment.Job instance at 0x7fda56d2b730>,75,26,[7 5],76,-1,118,-1,92
1,<environment.Job instance at 0x7fda56d2b2d0>,76,17,[ 3 14],77,-1,109,-1,92
1,<environment.Job instance at 0x7fda573236e0>,71,23,[3 9],72,-1,123,-1,100
1,<environment.Job instance at 0x7fda5759a690>,79,17,[ 2 13],80,-1,117,-1,100
1,<environment.Job instance at 0x7fda57cbb960>,80,17,[14  2],81,-1,117,-1,100
1,<environment.Job instance at 0x7fda5716aaa0>,83,13,[ 1 14],84,-1,113,-1,100
1,<environment.Job instance at 0x7fda57aee1e0>,84,12,[ 3 11],85,-1,112,-1,100
1,<environment.Job instance at 0x7fda57b71960>,81,26,[10  4],82,-1,139,-1,113
1,<environment.Job instance at 0x7fda60afa280>,82,23,[5 5],83,-1,136,-1,113
1,<environment.Job instance at 0x7fda57727d20>,87,19,[ 5 13],88,-1,132,-1,113
1,<environment.Job instance at 0x7fda56cb9e10>,2,14,[9 1],3,-1,19,-1,5
1,<environment.Job instance at 0x7fda56cb9f00>,5,28,[3 8],6,-1,34,-1,6
1,<environment.Job instance at 0x7fda56cb9cd0>,8,17,[7 4],9,-1,26,-1,9
1,<environment.Job instance at 0x7fda57e3acd0>,25,16,[12  2],26,-1,117,-1,101
1,<environment.Job instance at 0x7fda56db3500>,0,18,[ 4 13],1,-1,19,-1,1
1,<environment.Job instance at 0x7fda56db38c0>,1,18,[13  1],2,-1,20,-1,2
1,<environment.Job instance at 0x7fda57f937d0>,5,28,[3 8],6,-1,34,-1,6
1,<environment.Job instance at 0x7fda60a2e640>,6,18,[ 1 14],7,-1,25,-1,7
1,<environment.Job instance at 0x7fda57cabe60>,9,16,[12  2],10,-1,26,-1,10
1,<environment.Job instance at 0x7fda57344af0>,10,12,[11  2],11,-1,23,-1,11
1,<environment.Job instance at 0x7fda57cabd70>,12,16,[ 3 13],13,-1,29,-1,13
1,<environment.Job instance at 0x7fda570307d0>,14,22,[ 1 12],15,-1,39,-1,17
1,<environment.Job instance at 0x7fda57030a00>,15,24,[12  5],16,-1,41,-1,17
1,<environment.Job instance at 0x7fda57030050>,16,27,[3 5],17,-1,50,-1,23
1,<environment.Job instance at 0x7fda570309b0>,19,28,[1 8],20,-1,65,-1,37
1,<environment.Job instance at 0x7fda57030780>,21,26,[7 2],22,-1,68,-1,42
1,<environment.Job instance at 0x7fda57030f50>,23,28,[ 2 12],24,-1,70,-1,42
1,<environment.Job instance at 0x7fda57030690>,25,16,[12  2],26,-1,58,-1,42
1,<environment.Job instance at 0x7fda57030c80>,26,27,[12  3],27,-1,69,-1,42
1,<environment.Job instance at 0x7fda57030280>,27,17,[13  2],28,-1,59,-1,42
1,<environment.Job instance at 0x7fda570302d0>,22,27,[5 6],23,-1,81,-1,54
1,<environment.Job instance at 0x7fda576edb90>,32,24,[7 3],33,-1,83,-1,59
1,<environment.Job instance at 0x7fda5690e500>,33,12,[13  5],34,-1,71,-1,59
1,<environment.Job instance at 0x7fda5690e190>,34,21,[ 1 13],35,-1,80,-1,59
1,<environment.Job instance at 0x7fda56cb98c0>,36,20,[ 4 11],37,-1,79,-1,59
1,<environment.Job instance at 0x7fda56cb9d20>,38,23,[3 7],39,-1,96,-1,73
1,<environment.Job instance at 0x7fda57adbe60>,40,23,[ 3 11],41,-1,96,-1,73
1,<environment.Job instance at 0x7fda5749df50>,43,26,[ 4 14],44,-1,99,-1,73
1,<environment.Job instance at 0x7fda5749df00>,44,25,[2 7],45,-1,109,-1,84
1,<environment.Job instance at 0x7fda56cb9870>,35,23,[ 1 10],36,-1,108,-1,85
1,<environment.Job instance at 0x7fda5749d320>,51,16,[14  4],52,-1,116,-1,100
1,<environment.Job instance at 0x7fda5749d460>,53,18,[14  3],54,-1,119,-1,101
1,<environment.Job instance at 0x7fda5749d280>,55,22,[ 5 12],56,-1,139,-1,117
1,<environment.Job instance at 0x7fda56ddc690>,57,18,[ 1 12],58,-1,137,-1,119
1,<environment.Job instance at 0x7fda56ddcbe0>,58,16,[14  2],59,-1,135,-1,119
1,<environment.Job instance at 0x7fda5679d3c0>,0,24,[5 7],1,-1,25,-1,1
1,<environment.Job instance at 0x7fda5679dc80>,2,15,[4 8],3,-1,18,-1,3
1,<environment.Job instance at 0x7fda5679df50>,10,22,[8 3],11,-1,34,-1,12
1,<environment.Job instance at 0x7fda5679d2d0>,12,21,[ 1 11],13,-1,35,-1,14
1,<environment.Job instance at 0x7fda578a2cd0>,14,21,[14  2],15,-1,65,-1,44
1,<environment.Job instance at 0x7fda5679d140>,9,28,[11  1],10,-1,72,-1,44
1,<environment.Job instance at 0x7fda578a2fa0>,19,17,[13  1],20,-1,62,-1,45
1,<environment.Job instance at 0x7fda578a2be0>,21,17,[11  4],22,-1,69,-1,52
1,<environment.Job instance at 0x7fda578a2820>,25,18,[9 5],26,-1,75,-1,57
1,<environment.Job instance at 0x7fda56cc66e0>,0,24,[5 7],1,-1,25,-1,1
1,<environment.Job instance at 0x7fda56cc6f50>,4,16,[ 1 12],5,-1,21,-1,5
1,<environment.Job instance at 0x7fda56cc6370>,5,15,[13  4],6,-1,21,-1,6
1,<environment.Job instance at 0x7fda56cc63c0>,6,20,[ 1 13],7,-1,27,-1,7
1,<environment.Job instance at 0x7fda56cc6410>,8,28,[ 2 14],9,-1,37,-1,9
1,<environment.Job instance at 0x7fda56cc6320>,9,28,[11  1],10,-1,38,-1,10
1,<environment.Job instance at 0x7fda56cc6c80>,12,21,[ 1 11],13,-1,34,-1,13
1,<environment.Job instance at 0x7fda56cc6af0>,3,27,[ 2 10],4,-1,43,-1,16
1,<environment.Job instance at 0x7fda56cc64b0>,14,21,[14  2],15,-1,37,-1,16
1,<environment.Job instance at 0x7fda57087820>,16,21,[14  4],17,-1,38,-1,17
1,<environment.Job instance at 0x7fda57087f50>,17,20,[11  1],18,-1,38,-1,18
1,<environment.Job instance at 0x7fda570870a0>,18,22,[ 5 12],19,-1,41,-1,19
1,<environment.Job instance at 0x7fda570872d0>,19,17,[13  1],20,-1,37,-1,20
1,<environment.Job instance at 0x7fda570870f0>,20,27,[ 2 13],21,-1,48,-1,21
1,<environment.Job instance at 0x7fda57087640>,21,17,[11  4],22,-1,39,-1,22
1,<environment.Job instance at 0x7fda57087050>,22,27,[ 4 13],23,-1,50,-1,23
1,<environment.Job instance at 0x7fda57087dc0>,23,15,[14  1],24,-1,39,-1,24
1,<environment.Job instance at 0x7fda57087410>,26,25,[7 3],27,-1,58,-1,33
1,<environment.Job instance at 0x7fda56cc6140>,11,28,[8 2],12,-1,61,-1,33
1,<environment.Job instance at 0x7fda57087550>,28,19,[ 3 13],29,-1,52,-1,33
1,<environment.Job instance at 0x7fda57087c30>,31,25,[5 5],32,-1,71,-1,46
1,<environment.Job instance at 0x7fda576ed2d0>,34,15,[12  4],35,-1,62,-1,47
1,<environment.Job instance at 0x7fda570878c0>,32,26,[2 9],33,-1,74,-1,48
1,<environment.Job instance at 0x7fda577235f0>,36,27,[ 1 11],37,-1,75,-1,48
1,<environment.Job instance at 0x7fda565d1960>,37,18,[ 2 12],38,-1,66,-1,48
1,<environment.Job instance at 0x7fda57694b90>,38,22,[ 2 11],39,-1,70,-1,48
1,<environment.Job instance at 0x7fda56cb9190>,39,23,[14  4],40,-1,71,-1,48
1,<environment.Job instance at 0x7fda57ef4b40>,40,22,[13  2],41,-1,70,-1,48
1,<environment.Job instance at 0x7fda57ae8dc0>,41,12,[ 1 12],42,-1,60,-1,48
1,<environment.Job instance at 0x7fda604fd730>,35,27,[10  3],36,-1,75,-1,48
1,<environment.Job instance at 0x7fda571823c0>,43,26,[5 5],44,-1,74,-1,48
1,<environment.Job instance at 0x7fda57ee2fa0>,44,16,[11  2],45,-1,64,-1,48
1,<environment.Job instance at 0x7fda57182b90>,45,26,[5 8],46,-1,74,-1,48
1,<environment.Job instance at 0x7fda57f0a1e0>,46,18,[ 5 14],47,-1,66,-1,48
1,<environment.Job instance at 0x7fda57087960>,27,26,[ 4 10],28,-1,91,-1,65
1,<environment.Job instance at 0x7fda5738cbe0>,49,20,[ 1 11],50,-1,85,-1,65
1,<environment.Job instance at 0x7fda5717df00>,50,27,[11  5],51,-1,92,-1,65
1,<environment.Job instance at 0x7fda5717d460>,51,14,[ 5 14],52,-1,79,-1,65
1,<environment.Job instance at 0x7fda57f0a5f0>,48,27,[ 2 10],49,-1,92,-1,65
1,<environment.Job instance at 0x7fda57efeaa0>,53,25,[9 2],54,-1,91,-1,66
1,<environment.Job instance at 0x7fda565dcc30>,55,24,[ 5 13],56,-1,90,-1,66
1,<environment.Job instance at 0x7fda565dca00>,56,15,[ 5 14],57,-1,81,-1,66
1,<environment.Job instance at 0x7fda57efe190>,57,22,[ 4 11],58,-1,88,-1,66
1,<environment.Job instance at 0x7fda571713c0>,58,13,[ 5 13],59,-1,79,-1,66
1,<environment.Job instance at 0x7fda57171e10>,62,13,[ 5 12],63,-1,79,-1,66
1,<environment.Job instance at 0x7fda57171690>,63,15,[14  1],64,-1,81,-1,66
1,<environment.Job instance at 0x7fda57171280>,61,24,[5 1],62,-1,104,-1,80
1,<environment.Job instance at 0x7fda57171a00>,64,23,[1 8],65,-1,104,-1,81
1,<environment.Job instance at 0x7fda5718aaf0>,65,28,[ 2 10],66,-1,109,-1,81
1,<environment.Job instance at 0x7fda565ce6e0>,68,21,[ 3 14],69,-1,102,-1,81
1,<environment.Job instance at 0x7fda5718a410>,69,21,[ 2 12],70,-1,102,-1,81
1,<environment.Job instance at 0x7fda571a50f0>,72,21,[13  5],73,-1,117,-1,96
1,<environment.Job instance at 0x7fda5717a5f0>,74,25,[9 4],75,-1,124,-1,99
1,<environment.Job instance at 0x7fda57ecb8c0>,76,14,[11  4],77,-1,113,-1,99
1,<environment.Job instance at 0x7fda5717af00>,78,28,[ 1 13],79,-1,127,-1,99
1,<environment.Job instance at 0x7fda5717ae60>,79,19,[ 5 14],80,-1,118,-1,99
1,<environment.Job instance at 0x7fda57810460>,82,20,[ 4 14],83,-1,131,-1,111
1,<environment.Job instance at 0x7fda5742e4b0>,83,18,[14  4],84,-1,129,-1,111
1,<environment.Job instance at 0x7fda57810910>,84,18,[ 3 11],85,-1,129,-1,111
1,<environment.Job instance at 0x7fda5767e730>,0,18,[7 5],1,-1,19,-1,1
1,<environment.Job instance at 0x7fda5767e190>,5,16,[3 9],6,-1,22,-1,6
1,<environment.Job instance at 0x7fda604c8960>,15,28,[9 4],16,-1,58,-1,30
1,<environment.Job instance at 0x7fda604c8aa0>,17,19,[14  1],18,-1,49,-1,30
1,<environment.Job instance at 0x7fda604c8050>,13,21,[9 1],14,-1,60,-1,39
1,<environment.Job instance at 0x7fda604c8550>,21,22,[5 5],22,-1,61,-1,39
1,<environment.Job instance at 0x7fda604c8e10>,18,17,[8 4],19,-1,56,-1,39
1,<environment.Job instance at 0x7fda604c85f0>,23,14,[4 9],24,-1,54,-1,40
1,<environment.Job instance at 0x7fda604c8500>,22,25,[7 5],23,-1,65,-1,40
1,<environment.Job instance at 0x7fda604c8230>,25,21,[ 5 14],26,-1,64,-1,43
1,<environment.Job instance at 0x7fda57831cd0>,2,18,[14  4],3,-1,21,-1,3
1,<environment.Job instance at 0x7fda56896e10>,6,16,[13  1],7,-1,23,-1,7
1,<environment.Job instance at 0x7fda57831be0>,7,28,[ 4 12],8,-1,36,-1,8
1,<environment.Job instance at 0x7fda576a33c0>,8,15,[12  2],9,-1,24,-1,9
1,<environment.Job instance at 0x7fda57690dc0>,10,26,[6 4],11,-1,43,-1,17
1,<environment.Job instance at 0x7fda5718fbe0>,12,15,[ 3 13],13,-1,32,-1,17
1,<environment.Job instance at 0x7fda57813a50>,14,18,[13  3],15,-1,37,-1,19
1,<environment.Job instance at 0x7fda578135f0>,15,28,[9 4],16,-1,57,-1,29
1,<environment.Job instance at 0x7fda5742e4b0>,16,13,[ 5 11],17,-1,42,-1,29
1,<environment.Job instance at 0x7fda571aba50>,17,19,[14  1],18,-1,48,-1,29
1,<environment.Job instance at 0x7fda57ecb8c0>,24,26,[6 1],25,-1,74,-1,48
1,<environment.Job instance at 0x7fda57810f50>,25,21,[ 5 14],26,-1,69,-1,48
1,<environment.Job instance at 0x7fda57810e10>,26,25,[14  4],27,-1,73,-1,48
1,<environment.Job instance at 0x7fda5717a550>,28,15,[ 3 11],29,-1,63,-1,48
1,<environment.Job instance at 0x7fda57810910>,22,25,[7 5],23,-1,73,-1,48
1,<environment.Job instance at 0x7fda5717a5a0>,30,27,[ 4 11],31,-1,75,-1,48
1,<environment.Job instance at 0x7fda571a50f0>,33,27,[ 2 11],34,-1,75,-1,48
1,<environment.Job instance at 0x7fda571a5a00>,34,20,[14  2],35,-1,68,-1,48
1,<environment.Job instance at 0x7fda565cee60>,35,26,[14  1],36,-1,74,-1,48
1,<environment.Job instance at 0x7fda5718ac80>,37,25,[13  1],38,-1,80,-1,55
1,<environment.Job instance at 0x7fda57171a00>,40,14,[14  4],41,-1,74,-1,60
1,<environment.Job instance at 0x7fda57171b40>,41,22,[ 4 12],42,-1,82,-1,60
1,<environment.Job instance at 0x7fda57171e10>,42,24,[12  4],43,-1,84,-1,60
1,<environment.Job instance at 0x7fda57171460>,44,16,[ 3 12],45,-1,85,-1,69
1,<environment.Job instance at 0x7fda565dcc30>,47,23,[2 6],48,-1,107,-1,84
1,<environment.Job instance at 0x7fda5738cbe0>,48,15,[ 3 13],49,-1,99,-1,84
1,<environment.Job instance at 0x7fda57171af0>,49,15,[ 5 11],50,-1,99,-1,84
1,<environment.Job instance at 0x7fda57efe4b0>,51,24,[9 2],52,-1,109,-1,85
1,<environment.Job instance at 0x7fda5717df50>,52,13,[11  4],53,-1,98,-1,85
1,<environment.Job instance at 0x7fda5717d0f0>,53,17,[ 3 12],54,-1,102,-1,85
1,<environment.Job instance at 0x7fda57ae8dc0>,54,20,[13  4],55,-1,105,-1,85
1,<environment.Job instance at 0x7fda57f0ac80>,56,20,[12  5],57,-1,107,-1,87
1,<environment.Job instance at 0x7fda57694b90>,59,22,[ 3 11],60,-1,125,-1,103
1,<environment.Job instance at 0x7fda573c6280>,60,24,[ 1 12],61,-1,127,-1,103
1,<environment.Job instance at 0x7fda577235f0>,61,28,[3 6],62,-1,141,-1,113
1,<environment.Job instance at 0x7fda57182a50>,62,14,[ 4 12],63,-1,127,-1,113
1,<environment.Job instance at 0x7fda67d6efa0>,63,28,[ 2 13],64,-1,141,-1,113
1,<environment.Job instance at 0x7fda576ed190>,65,16,[13  3],66,-1,129,-1,113
1,<environment.Job instance at 0x7fda56f80320>,1,24,[14  3],2,-1,26,-1,2
1,<environment.Job instance at 0x7fda56f80050>,2,23,[ 1 14],3,-1,26,-1,3
1,<environment.Job instance at 0x7fda56f80e60>,3,24,[12  2],4,-1,28,-1,4
1,<environment.Job instance at 0x7fda56f801e0>,4,28,[3 6],5,-1,33,-1,5
1,<environment.Job instance at 0x7fda56fcaaf0>,5,21,[ 2 14],6,-1,27,-1,6
1,<environment.Job instance at 0x7fda56fca4b0>,6,15,[13  5],7,-1,22,-1,7
1,<environment.Job instance at 0x7fda56fcadc0>,10,12,[ 1 12],11,-1,23,-1,11
1,<environment.Job instance at 0x7fda56fca3c0>,11,21,[ 2 12],12,-1,33,-1,12
1,<environment.Job instance at 0x7fda56fcab90>,12,15,[13  4],13,-1,28,-1,13
1,<environment.Job instance at 0x7fda56f805f0>,9,25,[ 3 10],10,-1,40,-1,15
1,<environment.Job instance at 0x7fda56fca1e0>,13,28,[3 8],14,-1,43,-1,15
1,<environment.Job instance at 0x7fda56fca690>,14,24,[9 3],15,-1,39,-1,15
1,<environment.Job instance at 0x7fda56fca140>,16,14,[11  3],17,-1,31,-1,17
1,<environment.Job instance at 0x7fda56fca5a0>,20,16,[ 5 12],21,-1,37,-1,21
1,<environment.Job instance at 0x7fda56fcaaa0>,21,24,[13  4],22,-1,46,-1,22
1,<environment.Job instance at 0x7fda56fca7d0>,15,28,[9 3],16,-1,56,-1,28
1,<environment.Job instance at 0x7fda56fca730>,23,25,[14  2],24,-1,53,-1,28
1,<environment.Job instance at 0x7fda56fca870>,24,27,[4 5],25,-1,55,-1,28
1,<environment.Job instance at 0x7fda56fca9b0>,25,23,[12  2],26,-1,51,-1,28
1,<environment.Job instance at 0x7fda56fca640>,19,26,[3 8],20,-1,54,-1,28
1,<environment.Job instance at 0x7fda56fcae60>,22,27,[8 2],23,-1,55,-1,28
1,<environment.Job instance at 0x7fda577aaeb0>,28,14,[13  1],29,-1,43,-1,29
1,<environment.Job instance at 0x7fda577aa0f0>,29,18,[ 2 13],30,-1,48,-1,30
1,<environment.Job instance at 0x7fda577aae10>,30,17,[ 4 11],31,-1,48,-1,31
1,<environment.Job instance at 0x7fda577aa8c0>,32,14,[ 3 11],33,-1,47,-1,33
1,<environment.Job instance at 0x7fda577aa500>,33,17,[ 5 13],34,-1,51,-1,34
1,<environment.Job instance at 0x7fda577aa870>,34,22,[13  3],35,-1,57,-1,35
1,<environment.Job instance at 0x7fda577aaa50>,35,13,[ 3 13],36,-1,49,-1,36
1,<environment.Job instance at 0x7fda577aab90>,36,14,[12  1],37,-1,51,-1,37
1,<environment.Job instance at 0x7fda577aaf50>,38,17,[ 3 13],39,-1,56,-1,39
1,<environment.Job instance at 0x7fda5767e8c0>,40,20,[11  2],41,-1,66,-1,46
1,<environment.Job instance at 0x7fda5767e2d0>,41,19,[ 2 12],42,-1,65,-1,46
1,<environment.Job instance at 0x7fda5767ec80>,42,18,[ 3 11],43,-1,64,-1,46
1,<environment.Job instance at 0x7fda67d6efa0>,43,14,[ 4 12],44,-1,60,-1,46
1,<environment.Job instance at 0x7fda576ed2d0>,44,19,[ 5 11],45,-1,65,-1,46
1,<environment.Job instance at 0x7fda577235f0>,45,14,[ 5 13],46,-1,60,-1,46
1,<environment.Job instance at 0x7fda573c6280>,47,21,[13  5],48,-1,69,-1,48
1,<environment.Job instance at 0x7fda57344af0>,48,17,[11  1],49,-1,66,-1,49
1,<environment.Job instance at 0x7fda57344d20>,49,23,[ 1 14],50,-1,73,-1,50
1,<environment.Job instance at 0x7fda57182b40>,51,14,[ 5 14],52,-1,66,-1,52
1,<environment.Job instance at 0x7fda57ae8dc0>,52,15,[ 2 14],53,-1,68,-1,53
1,<environment.Job instance at 0x7fda571825f0>,54,14,[13  5],55,-1,69,-1,55
1,<environment.Job instance at 0x7fda57ee2fa0>,55,26,[1 9],56,-1,82,-1,56
1,<environment.Job instance at 0x7fda5717df00>,56,22,[ 4 11],57,-1,79,-1,57
1,<environment.Job instance at 0x7fda5767e370>,39,28,[3 7],40,-1,89,-1,61
1,<environment.Job instance at 0x7fda57efe190>,59,24,[ 3 14],60,-1,85,-1,61
1,<environment.Job instance at 0x7fda57efefa0>,60,28,[ 5 11],61,-1,89,-1,61
1,<environment.Job instance at 0x7fda57efeb40>,61,17,[ 5 12],62,-1,79,-1,62
1,<environment.Job instance at 0x7fda5738cbe0>,58,24,[10  5],59,-1,87,-1,63
1,<environment.Job instance at 0x7fda571713c0>,64,22,[11  2],65,-1,87,-1,65
1,<environment.Job instance at 0x7fda57171cd0>,66,24,[7 1],67,-1,103,-1,79
1,<environment.Job instance at 0x7fda57171460>,68,21,[ 1 12],69,-1,100,-1,79
1,<environment.Job instance at 0x7fda5718ac80>,69,12,[ 3 11],70,-1,91,-1,79
1,<environment.Job instance at 0x7fda5718ab90>,70,24,[6 1],71,-1,113,-1,89
1,<environment.Job instance at 0x7fda5718a410>,71,28,[12  1],72,-1,117,-1,89
1,<environment.Job instance at 0x7fda565ce8c0>,72,25,[14  3],73,-1,114,-1,89
1,<environment.Job instance at 0x7fda565ce6e0>,73,25,[12  4],74,-1,114,-1,89
1,<environment.Job instance at 0x7fda571a50a0>,74,19,[14  1],75,-1,108,-1,89
1,<environment.Job instance at 0x7fda571a5af0>,75,21,[11  5],76,-1,110,-1,89
1,<environment.Job instance at 0x7fda571a5a00>,76,13,[11  4],77,-1,102,-1,89
1,<environment.Job instance at 0x7fda57ecb8c0>,80,12,[ 3 14],81,-1,107,-1,95
1,<environment.Job instance at 0x7fda5717af00>,81,15,[ 4 13],82,-1,110,-1,95
1,<environment.Job instance at 0x7fda5717a2d0>,77,25,[8 5],78,-1,136,-1,111
1,<environment.Job instance at 0x7fda5796ea00>,83,13,[11  4],84,-1,124,-1,111
1,<environment.Job instance at 0x7fda5681dc80>,5,16,[10  3],6,-1,23,-1,7
1,<environment.Job instance at 0x7fda5681dfa0>,7,24,[10  2],8,-1,32,-1,8
1,<environment.Job instance at 0x7fda5681d780>,9,17,[9 4],10,-1,29,-1,12
1,<environment.Job instance at 0x7fda5681d2d0>,12,20,[5 3],13,-1,35,-1,15
1,<environment.Job instance at 0x7fda57312b90>,0,15,[14  3],1,-1,16,-1,1
1,<environment.Job instance at 0x7fda573049b0>,2,17,[12  2],3,-1,20,-1,3
1,<environment.Job instance at 0x7fda57312960>,3,20,[ 5 12],4,-1,24,-1,4
1,<environment.Job instance at 0x7fda57304780>,4,28,[ 5 11],5,-1,33,-1,5
1,<environment.Job instance at 0x7fda5767c320>,6,23,[ 5 11],7,-1,30,-1,7
1,<environment.Job instance at 0x7fda573129b0>,8,28,[14  5],9,-1,37,-1,9
1,<environment.Job instance at 0x7fda57cdc9b0>,10,13,[12  1],11,-1,24,-1,11
1,<environment.Job instance at 0x7fda57cdc370>,11,28,[ 5 11],12,-1,40,-1,12
1,<environment.Job instance at 0x7fda57cdc410>,13,18,[ 4 11],14,-1,32,-1,14
1,<environment.Job instance at 0x7fda572f9a00>,15,19,[14  5],16,-1,35,-1,16
1,<environment.Job instance at 0x7fda57cdcaa0>,7,24,[10  2],8,-1,41,-1,17
1,<environment.Job instance at 0x7fda572f9f00>,14,28,[7 4],15,-1,45,-1,17
1,<environment.Job instance at 0x7fda57cd9b40>,16,24,[11  2],17,-1,41,-1,17
1,<environment.Job instance at 0x7fda57cd9be0>,18,13,[14  2],19,-1,32,-1,19
1,<environment.Job instance at 0x7fda57d09aa0>,19,13,[ 4 14],20,-1,33,-1,20
1,<environment.Job instance at 0x7fda57cf8280>,23,26,[13  5],24,-1,59,-1,33
1,<environment.Job instance at 0x7fda57cf8320>,24,17,[ 4 14],25,-1,50,-1,33
1,<environment.Job instance at 0x7fda57cf8fa0>,25,15,[11  2],26,-1,48,-1,33
1,<environment.Job instance at 0x7fda57cf8370>,26,16,[ 4 14],27,-1,49,-1,33
1,<environment.Job instance at 0x7fda57cf8d20>,27,25,[ 4 11],28,-1,58,-1,33
1,<environment.Job instance at 0x7fda57cd2870>,28,20,[ 1 14],29,-1,53,-1,33
1,<environment.Job instance at 0x7fda57cd29b0>,29,20,[ 2 11],30,-1,53,-1,33
1,<environment.Job instance at 0x7fda57cd2960>,30,15,[ 1 13],31,-1,48,-1,33
1,<environment.Job instance at 0x7fda57cf1140>,31,16,[ 3 12],32,-1,49,-1,33
1,<environment.Job instance at 0x7fda57d098c0>,20,24,[8 2],21,-1,57,-1,33
1,<environment.Job instance at 0x7fda57cf1410>,33,23,[5 6],34,-1,71,-1,48
1,<environment.Job instance at 0x7fda57d07500>,36,24,[ 5 14],37,-1,72,-1,48
1,<environment.Job instance at 0x7fda57cf1f50>,34,24,[5 6],35,-1,72,-1,48
1,<environment.Job instance at 0x7fda57657320>,38,26,[ 5 13],39,-1,74,-1,48
1,<environment.Job instance at 0x7fda577b0410>,39,13,[12  2],40,-1,61,-1,48
1,<environment.Job instance at 0x7fda57d07320>,40,24,[ 5 13],41,-1,72,-1,48
1,<environment.Job instance at 0x7fda57d07460>,41,23,[ 5 12],42,-1,71,-1,48
1,<environment.Job instance at 0x7fda57cf2aa0>,42,15,[14  2],43,-1,63,-1,48
1,<environment.Job instance at 0x7fda57cf2af0>,43,25,[ 2 12],44,-1,73,-1,48
1,<environment.Job instance at 0x7fda57cf23c0>,45,24,[14  2],46,-1,72,-1,48
1,<environment.Job instance at 0x7fda57cf2460>,46,15,[ 5 12],47,-1,63,-1,48
1,<environment.Job instance at 0x7fda57d0ceb0>,48,27,[2 9],49,-1,76,-1,49
1,<environment.Job instance at 0x7fda57d0ca50>,49,19,[ 4 13],50,-1,69,-1,50
1,<environment.Job instance at 0x7fda57ce45a0>,50,21,[ 5 13],51,-1,72,-1,51
1,<environment.Job instance at 0x7fda57ce4640>,53,23,[6 3],54,-1,100,-1,77
1,<environment.Job instance at 0x7fda571ae190>,52,24,[7 1],53,-1,101,-1,77
1,<environment.Job instance at 0x7fda57cde8c0>,56,16,[14  5],57,-1,93,-1,77
1,<environment.Job instance at 0x7fda57dfa410>,57,18,[ 4 11],58,-1,95,-1,77
1,<environment.Job instance at 0x7fda571b0820>,58,25,[2 5],59,-1,102,-1,77
1,<environment.Job instance at 0x7fda57320b90>,59,13,[12  3],60,-1,90,-1,77
1,<environment.Job instance at 0x7fda57320af0>,60,25,[10  2],61,-1,102,-1,77
1,<environment.Job instance at 0x7fda5690b050>,61,28,[ 5 14],62,-1,105,-1,77
1,<environment.Job instance at 0x7fda571e7a50>,63,17,[12  5],64,-1,94,-1,77
1,<environment.Job instance at 0x7fda57328a00>,65,27,[13  3],66,-1,104,-1,77
1,<environment.Job instance at 0x7fda57ac35a0>,69,21,[11  1],70,-1,126,-1,105
1,<environment.Job instance at 0x7fda57301d70>,71,18,[11  1],72,-1,123,-1,105
1,<environment.Job instance at 0x7fda56904be0>,73,15,[ 2 13],74,-1,120,-1,105
1,<environment.Job instance at 0x7fda57df7f50>,75,15,[ 2 13],76,-1,120,-1,105
1,<environment.Job instance at 0x7fda57677820>,76,17,[13  4],77,-1,122,-1,105
1,<environment.Job instance at 0x7fda57677780>,77,28,[ 1 12],78,-1,133,-1,105
1,<environment.Job instance at 0x7fda56a64aa0>,79,20,[ 4 14],80,-1,128,-1,108
1,<environment.Job instance at 0x7fda572f8a50>,80,18,[14  1],81,-1,126,-1,108
1,<environment.Job instance at 0x7fda56a635f0>,82,24,[ 2 12],83,-1,142,-1,118
1,<environment.Job instance at 0x7fda56a61230>,3,19,[ 4 11],4,-1,25,-1,6
1,<environment.Job instance at 0x7fda56a61d20>,8,15,[ 5 11],9,-1,24,-1,9
1,<environment.Job instance at 0x7fda56a5c910>,0,14,[14  5],1,-1,15,-1,1
1,<environment.Job instance at 0x7fda574e7eb0>,1,14,[ 3 12],2,-1,16,-1,2
1,<environment.Job instance at 0x7fda574f6f50>,3,19,[ 4 11],4,-1,23,-1,4
1,<environment.Job instance at 0x7fda577a9780>,6,17,[13  5],7,-1,24,-1,7
1,<environment.Job instance at 0x7fda56a37be0>,7,17,[ 4 13],8,-1,25,-1,8
1,<environment.Job instance at 0x7fda56a37a00>,8,15,[ 5 11],9,-1,24,-1,9
1,<environment.Job instance at 0x7fda569be6e0>,9,13,[14  4],10,-1,23,-1,10
1,<environment.Job instance at 0x7fda57ad60a0>,10,15,[13  5],11,-1,26,-1,11
1,<environment.Job instance at 0x7fda569201e0>,12,28,[13  3],13,-1,41,-1,13
1,<environment.Job instance at 0x7fda56920d70>,13,25,[ 1 14],14,-1,39,-1,14
1,<environment.Job instance at 0x7fda56920780>,14,19,[13  4],15,-1,34,-1,15
1,<environment.Job instance at 0x7fda569be370>,16,16,[ 5 13],17,-1,33,-1,17
1,<environment.Job instance at 0x7fda56920190>,17,25,[ 4 11],18,-1,43,-1,18
1,<environment.Job instance at 0x7fda5690b050>,5,28,[8 4],6,-1,47,-1,19
1,<environment.Job instance at 0x7fda56920af0>,20,26,[ 1 11],21,-1,47,-1,21
1,<environment.Job instance at 0x7fda56920e10>,21,23,[ 3 13],22,-1,45,-1,22
1,<environment.Job instance at 0x7fda569208c0>,23,20,[11  5],24,-1,44,-1,24
1,<environment.Job instance at 0x7fda56920a00>,25,18,[12  1],26,-1,44,-1,26
1,<environment.Job instance at 0x7fda56920eb0>,29,23,[6 1],30,-1,58,-1,35
1,<environment.Job instance at 0x7fda56920cd0>,32,16,[ 2 14],33,-1,51,-1,35
1,<environment.Job instance at 0x7fda56920a50>,30,27,[2 7],31,-1,72,-1,45
1,<environment.Job instance at 0x7fda57ac2190>,35,13,[11  4],36,-1,58,-1,45
1,<environment.Job instance at 0x7fda57ac2f50>,36,13,[ 4 14],37,-1,58,-1,45
1,<environment.Job instance at 0x7fda56920730>,22,26,[4 9],23,-1,81,-1,55
1,<environment.Job instance at 0x7fda57ac20a0>,40,28,[14  4],41,-1,83,-1,55
1,<environment.Job instance at 0x7fda57ac2500>,41,23,[1 5],42,-1,78,-1,55
1,<environment.Job instance at 0x7fda57ac2280>,42,24,[ 5 13],43,-1,79,-1,55
1,<environment.Job instance at 0x7fda57ac25a0>,38,24,[ 1 10],39,-1,79,-1,55
1,<environment.Job instance at 0x7fda57ac2820>,44,23,[4 8],45,-1,78,-1,55
1,<environment.Job instance at 0x7fda57ac29b0>,33,27,[10  1],34,-1,87,-1,60
1,<environment.Job instance at 0x7fda57ac2c30>,48,21,[13  1],49,-1,81,-1,60
1,<environment.Job instance at 0x7fda57ac2640>,49,12,[ 5 12],50,-1,72,-1,60
1,<environment.Job instance at 0x7fda57ac2320>,50,26,[ 2 13],51,-1,86,-1,60
1,<environment.Job instance at 0x7fda57ac2050>,52,19,[ 4 13],53,-1,86,-1,67
1,<environment.Job instance at 0x7fda57ac2410>,53,21,[ 4 14],54,-1,88,-1,67
1,<environment.Job instance at 0x7fda56917b90>,54,17,[ 4 12],55,-1,84,-1,67
1,<environment.Job instance at 0x7fda56917a00>,55,26,[6 5],56,-1,93,-1,67
1,<environment.Job instance at 0x7fda56917960>,56,14,[12  1],57,-1,81,-1,67
1,<environment.Job instance at 0x7fda569176e0>,57,22,[13  2],58,-1,89,-1,67
1,<environment.Job instance at 0x7fda56917320>,58,20,[14  5],59,-1,87,-1,67
1,<environment.Job instance at 0x7fda56917640>,59,16,[ 4 14],60,-1,83,-1,67
1,<environment.Job instance at 0x7fda569174b0>,60,13,[ 4 12],61,-1,80,-1,67
1,<environment.Job instance at 0x7fda56917dc0>,61,24,[10  5],62,-1,91,-1,67
1,<environment.Job instance at 0x7fda56917500>,62,26,[ 2 14],63,-1,93,-1,67
1,<environment.Job instance at 0x7fda57ac2b40>,47,26,[2 8],48,-1,93,-1,67
1,<environment.Job instance at 0x7fda56917780>,66,20,[ 3 11],67,-1,95,-1,75
1,<environment.Job instance at 0x7fda56917aa0>,67,14,[ 2 12],68,-1,89,-1,75
1,<environment.Job instance at 0x7fda569172d0>,68,15,[12  3],69,-1,90,-1,75
1,<environment.Job instance at 0x7fda569177d0>,69,18,[14  2],70,-1,93,-1,75
1,<environment.Job instance at 0x7fda56917870>,70,15,[12  5],71,-1,90,-1,75
1,<environment.Job instance at 0x7fda56917d20>,73,23,[5 9],74,-1,127,-1,104
1,<environment.Job instance at 0x7fda57301690>,76,24,[ 2 13],77,-1,128,-1,104
1,<environment.Job instance at 0x7fda573015f0>,77,12,[13  4],78,-1,116,-1,104
1,<environment.Job instance at 0x7fda57301870>,78,13,[ 1 11],79,-1,117,-1,104
1,<environment.Job instance at 0x7fda57301410>,79,25,[ 5 11],80,-1,129,-1,104
1,<environment.Job instance at 0x7fda57301550>,81,23,[ 1 13],82,-1,127,-1,104
1,<environment.Job instance at 0x7fda57301320>,82,28,[8 4],83,-1,139,-1,111
1,<environment.Job instance at 0x7fda57301f00>,83,27,[ 3 12],84,-1,138,-1,111
1,<environment.Job instance at 0x7fda57301500>,84,14,[ 2 14],85,-1,125,-1,111
1,<environment.Job instance at 0x7fda57301190>,85,15,[11  1],86,-1,126,-1,111
1,<environment.Job instance at 0x7fda5670aeb0>,2,16,[ 3 10],3,-1,20,-1,4
1,<environment.Job instance at 0x7fda5670ae10>,7,28,[9 4],8,-1,36,-1,8
1,<environment.Job instance at 0x7fda5670a050>,13,20,[ 4 12],14,-1,90,-1,70
1,<environment.Job instance at 0x7fda5670a190>,18,14,[4 9],19,-1,84,-1,70
1,<environment.Job instance at 0x7fda5670a0a0>,16,27,[ 3 10],17,-1,97,-1,70
1,<environment.Job instance at 0x7fda5670aa00>,19,22,[ 1 10],20,-1,92,-1,70
1,<environment.Job instance at 0x7fda6055b370>,21,27,[6 4],22,-1,97,-1,70
1,<environment.Job instance at 0x7fda5670a0f0>,5,27,[ 5 12],6,-1,98,-1,71
1,<environment.Job instance at 0x7fda5670a550>,17,15,[3 8],18,-1,88,-1,73
1,<environment.Job instance at 0x7fda5670a9b0>,22,22,[ 2 10],23,-1,95,-1,73
1,<environment.Job instance at 0x7fda6055bc30>,23,25,[2 8],24,-1,98,-1,73
1,<environment.Job instance at 0x7fda5670a820>,20,22,[2 8],21,-1,96,-1,74
1,<environment.Job instance at 0x7fda6055be10>,25,18,[4 6],26,-1,92,-1,74
1,<environment.Job instance at 0x7fda6055b050>,24,20,[4 5],25,-1,94,-1,74
1,<environment.Job instance at 0x7fda6055b870>,26,14,[2 6],27,-1,88,-1,74
1,<environment.Job instance at 0x7fda6055bf50>,30,21,[12  2],31,-1,96,-1,75
1,<environment.Job instance at 0x7fda6055b9b0>,31,23,[ 2 12],32,-1,98,-1,75
1,<environment.Job instance at 0x7fda6055bcd0>,28,12,[6 5],29,-1,87,-1,75
1,<environment.Job instance at 0x7fda6055be60>,33,17,[13  3],34,-1,92,-1,75
1,<environment.Job instance at 0x7fda6055b140>,29,13,[11  4],30,-1,91,-1,78
1,<environment.Job instance at 0x7fda57ac3190>,0,17,[13  4],1,-1,18,-1,1
1,<environment.Job instance at 0x7fda57ac3be0>,1,27,[6 2],2,-1,29,-1,2
1,<environment.Job instance at 0x7fda56a61140>,4,16,[ 2 11],5,-1,21,-1,5
1,<environment.Job instance at 0x7fda57dfa410>,5,27,[ 5 12],6,-1,33,-1,6
1,<environment.Job instance at 0x7fda56a617d0>,6,17,[ 4 13],7,-1,24,-1,7
1,<environment.Job instance at 0x7fda56a37be0>,7,28,[9 4],8,-1,36,-1,8
1,<environment.Job instance at 0x7fda56a5caf0>,8,25,[ 1 12],9,-1,34,-1,9
1,<environment.Job instance at 0x7fda56a5cb40>,11,14,[14  3],12,-1,26,-1,12
1,<environment.Job instance at 0x7fda572f8140>,12,15,[ 3 11],13,-1,28,-1,13
1,<environment.Job instance at 0x7fda572f8190>,13,20,[ 4 12],14,-1,34,-1,14
1,<environment.Job instance at 0x7fda572f8aa0>,14,28,[ 5 14],15,-1,43,-1,15
1,<environment.Job instance at 0x7fda572f8730>,15,17,[ 3 14],16,-1,33,-1,16
1,<environment.Job instance at 0x7fda56eaa910>,9,28,[2 9],10,-1,47,-1,19
1,<environment.Job instance at 0x7fda572f83c0>,16,27,[ 3 10],17,-1,46,-1,19
1,<environment.Job instance at 0x7fda572f8fa0>,21,27,[6 4],22,-1,52,-1,25
1,<environment.Job instance at 0x7fda572f8a00>,23,25,[2 8],24,-1,57,-1,32
1,<environment.Job instance at 0x7fda572f8870>,27,28,[ 5 11],28,-1,60,-1,32
1,<environment.Job instance at 0x7fda572f86e0>,29,13,[11  4],30,-1,45,-1,32
1,<environment.Job instance at 0x7fda572f8d70>,30,21,[12  2],31,-1,53,-1,32
1,<environment.Job instance at 0x7fda572f8af0>,31,23,[ 2 12],32,-1,55,-1,32
1,<environment.Job instance at 0x7fda569d78c0>,32,26,[ 2 13],33,-1,59,-1,33
1,<environment.Job instance at 0x7fda5670a640>,33,17,[13  3],34,-1,51,-1,34
1,<environment.Job instance at 0x7fda569d74b0>,34,22,[13  2],35,-1,57,-1,35
1,<environment.Job instance at 0x7fda5670ae60>,36,13,[ 2 14],37,-1,50,-1,37
1,<environment.Job instance at 0x7fda569e2d20>,37,22,[ 3 14],38,-1,60,-1,38
1,<environment.Job instance at 0x7fda569e2230>,38,28,[ 3 13],39,-1,67,-1,39
1,<environment.Job instance at 0x7fda569e25a0>,39,27,[14  1],40,-1,67,-1,40
1,<environment.Job instance at 0x7fda569e2cd0>,41,17,[13  4],42,-1,61,-1,44
1,<environment.Job instance at 0x7fda569e2af0>,42,27,[7 4],43,-1,73,-1,46
1,<environment.Job instance at 0x7fda569e29b0>,43,14,[ 5 12],44,-1,60,-1,46
1,<environment.Job instance at 0x7fda569e25f0>,44,23,[13  4],45,-1,69,-1,46
1,<environment.Job instance at 0x7fda569e2730>,46,15,[14  3],47,-1,62,-1,47
1,<environment.Job instance at 0x7fda569e2280>,47,25,[ 3 10],48,-1,81,-1,56
1,<environment.Job instance at 0x7fda569e22d0>,50,17,[ 5 13],51,-1,74,-1,57
1,<environment.Job instance at 0x7fda569e2410>,51,28,[10  2],52,-1,99,-1,71
1,<environment.Job instance at 0x7fda569e2f00>,53,21,[13  1],54,-1,92,-1,71
1,<environment.Job instance at 0x7fda569e27d0>,52,24,[9 3],53,-1,95,-1,71
1,<environment.Job instance at 0x7fda57f01a00>,56,27,[11  3],57,-1,98,-1,71
1,<environment.Job instance at 0x7fda578fd640>,62,24,[8 5],63,-1,135,-1,111
1,<environment.Job instance at 0x7fda578fd190>,63,14,[14  1],64,-1,125,-1,111
1,<environment.Job instance at 0x7fda57043d70>,64,24,[8 5],65,-1,135,-1,111
1,<environment.Job instance at 0x7fda57043550>,65,22,[13  5],66,-1,133,-1,111
1,<environment.Job instance at 0x7fda57146910>,3,17,[1 7],4,-1,22,-1,5
1,<environment.Job instance at 0x7fda57146eb0>,8,24,[ 5 11],9,-1,35,-1,11
1,<environment.Job instance at 0x7fda57146d20>,6,27,[ 4 11],7,-1,38,-1,11
1,<environment.Job instance at 0x7fda571469b0>,9,27,[ 1 12],10,-1,38,-1,11
1,<environment.Job instance at 0x7fda57146be0>,7,14,[8 1],8,-1,25,-1,11
1,<environment.Job instance at 0x7fda57146550>,11,19,[9 1],12,-1,31,-1,12
1,<environment.Job instance at 0x7fda57146140>,12,12,[7 3],13,-1,25,-1,13
1,<environment.Job instance at 0x7fda57146050>,4,16,[14  2],5,-1,30,-1,14
1,<environment.Job instance at 0x7fda57146460>,14,26,[1 5],15,-1,41,-1,15
1,<environment.Job instance at 0x7fda571465f0>,13,17,[1 8],14,-1,33,-1,16
1,<environment.Job instance at 0x7fda571a5910>,17,17,[5 9],18,-1,35,-1,18
1,<environment.Job instance at 0x7fda571a5fa0>,18,18,[1 8],19,-1,37,-1,19
1,<environment.Job instance at 0x7fda571a55a0>,19,20,[9 1],20,-1,41,-1,21
1,<environment.Job instance at 0x7fda57130140>,22,14,[8 4],23,-1,55,-1,41
1,<environment.Job instance at 0x7fda571a5230>,23,19,[ 2 10],24,-1,62,-1,43
1,<environment.Job instance at 0x7fda57130f50>,27,14,[11  2],28,-1,60,-1,46
1,<environment.Job instance at 0x7fda571302d0>,26,14,[9 3],27,-1,60,-1,46
1,<environment.Job instance at 0x7fda571a5d20>,20,16,[ 3 14],21,-1,62,-1,46
1,<environment.Job instance at 0x7fda571304b0>,29,23,[3 8],30,-1,69,-1,46
1,<environment.Job instance at 0x7fda57130f00>,30,19,[ 5 14],31,-1,65,-1,46
1,<environment.Job instance at 0x7fda57146dc0>,16,26,[ 4 12],17,-1,72,-1,46
1,<environment.Job instance at 0x7fda57130500>,28,24,[7 2],29,-1,74,-1,50
1,<environment.Job instance at 0x7fda5715e410>,32,26,[ 1 13],33,-1,78,-1,52
1,<environment.Job instance at 0x7fda5715e230>,33,14,[8 4],34,-1,68,-1,54
1,<environment.Job instance at 0x7fda571714b0>,34,22,[1 8],35,-1,76,-1,54
1,<environment.Job instance at 0x7fda57130460>,25,22,[ 1 12],26,-1,81,-1,59
1,<environment.Job instance at 0x7fda571710f0>,40,23,[6 4],41,-1,86,-1,63
1,<environment.Job instance at 0x7fda57171f00>,38,28,[14  2],39,-1,100,-1,72
1,<environment.Job instance at 0x7fda571710a0>,39,16,[9 4],40,-1,88,-1,72
1,<environment.Job instance at 0x7fda5767d1e0>,44,18,[ 5 13],45,-1,90,-1,72
1,<environment.Job instance at 0x7fda5767d6e0>,42,20,[ 1 11],43,-1,92,-1,72
1,<environment.Job instance at 0x7fda5767de60>,45,14,[12  2],46,-1,86,-1,72
1,<environment.Job instance at 0x7fda576c3cd0>,47,28,[1 5],48,-1,103,-1,75
1,<environment.Job instance at 0x7fda5767d870>,49,25,[8 1],50,-1,100,-1,75
1,<environment.Job instance at 0x7fda566fb730>,50,18,[ 1 10],51,-1,93,-1,75
1,<environment.Job instance at 0x7fda566fbe10>,52,21,[7 4],53,-1,96,-1,75
1,<environment.Job instance at 0x7fda566fb3c0>,53,20,[3 9],54,-1,95,-1,75
1,<environment.Job instance at 0x7fda569e2960>,0,12,[11  1],1,-1,13,-1,1
1,<environment.Job instance at 0x7fda569e2b40>,1,27,[4 9],2,-1,29,-1,2
1,<environment.Job instance at 0x7fda569e2aa0>,2,16,[ 4 13],3,-1,19,-1,3
1,<environment.Job instance at 0x7fda569e2af0>,4,16,[14  2],5,-1,21,-1,5
1,<environment.Job instance at 0x7fda569e2500>,5,12,[14  2],6,-1,18,-1,6
1,<environment.Job instance at 0x7fda569e29b0>,6,27,[ 4 11],7,-1,34,-1,7
1,<environment.Job instance at 0x7fda569e25a0>,8,24,[ 5 11],9,-1,33,-1,9
1,<environment.Job instance at 0x7fda572f8280>,9,27,[ 1 12],10,-1,37,-1,10
1,<environment.Job instance at 0x7fda572f89b0>,10,23,[11  1],11,-1,34,-1,11
1,<environment.Job instance at 0x7fda572f8370>,14,26,[1 5],15,-1,41,-1,15
1,<environment.Job instance at 0x7fda572f8c80>,15,12,[12  5],16,-1,28,-1,16
1,<environment.Job instance at 0x7fda572f8910>,16,26,[ 4 12],17,-1,43,-1,17
1,<environment.Job instance at 0x7fda572f8690>,20,16,[ 3 14],21,-1,38,-1,22
1,<environment.Job instance at 0x7fda572f8780>,21,17,[12  1],22,-1,39,-1,22
1,<environment.Job instance at 0x7fda572f8c30>,24,28,[6 2],25,-1,61,-1,33
1,<environment.Job instance at 0x7fda572f8320>,25,22,[ 1 12],26,-1,55,-1,33
1,<environment.Job instance at 0x7fda56a962d0>,27,14,[11  2],28,-1,47,-1,33
1,<environment.Job instance at 0x7fda572f8140>,29,23,[3 8],30,-1,62,-1,39
1,<environment.Job instance at 0x7fda5763ad70>,30,19,[ 5 14],31,-1,58,-1,39
1,<environment.Job instance at 0x7fda57635b40>,32,26,[ 1 13],33,-1,65,-1,39
1,<environment.Job instance at 0x7fda57f2c0f0>,28,24,[7 2],29,-1,71,-1,47
1,<environment.Job instance at 0x7fda56d67320>,35,14,[ 3 13],36,-1,61,-1,47
1,<environment.Job instance at 0x7fda56d3b5f0>,36,16,[ 5 13],37,-1,63,-1,47
1,<environment.Job instance at 0x7fda56d3be10>,38,28,[14  2],39,-1,75,-1,47
1,<environment.Job instance at 0x7fda56d3bf00>,40,23,[6 4],41,-1,75,-1,52
1,<environment.Job instance at 0x7fda57972500>,42,20,[ 1 11],43,-1,72,-1,52
1,<environment.Job instance at 0x7fda577a2fa0>,44,18,[ 5 13],45,-1,79,-1,61
1,<environment.Job instance at 0x7fda5798b5a0>,45,14,[12  2],46,-1,75,-1,61
1,<environment.Job instance at 0x7fda577be730>,47,28,[1 5],48,-1,102,-1,74
1,<environment.Job instance at 0x7fda577bec30>,48,21,[14  5],49,-1,95,-1,74
1,<environment.Job instance at 0x7fda605198c0>,49,25,[8 1],50,-1,99,-1,74
1,<environment.Job instance at 0x7fda57ba5280>,51,12,[12  3],52,-1,86,-1,74
1,<environment.Job instance at 0x7fda56a890f0>,54,25,[4 5],55,-1,125,-1,100
1,<environment.Job instance at 0x7fda56a89370>,55,25,[10  3],56,-1,129,-1,104
1,<environment.Job instance at 0x7fda56d38280>,57,28,[13  4],58,-1,132,-1,104
1,<environment.Job instance at 0x7fda56d38aa0>,58,20,[13  2],59,-1,124,-1,104
1,<environment.Job instance at 0x7fda56d38b90>,59,14,[12  3],60,-1,118,-1,104
1,<environment.Job instance at 0x7fda5747b6e0>,60,17,[ 5 13],61,-1,121,-1,104
1,<environment.Job instance at 0x7fda577db460>,61,13,[11  3],62,-1,117,-1,104
1,<environment.Job instance at 0x7fda5747bf50>,62,18,[13  4],63,-1,122,-1,104
1,<environment.Job instance at 0x7fda56d49b40>,64,12,[ 3 12],65,-1,117,-1,105
1,<environment.Job instance at 0x7fda56d495a0>,65,16,[ 2 11],66,-1,121,-1,105
1,<environment.Job instance at 0x7fda573ac050>,66,27,[14  4],67,-1,132,-1,105
1,<environment.Job instance at 0x7fda573aceb0>,67,25,[ 2 14],68,-1,130,-1,105
1,<environment.Job instance at 0x7fda573a42d0>,3,22,[10  4],4,-1,28,-1,6
1,<environment.Job instance at 0x7fda573a4550>,9,17,[3 5],10,-1,44,-1,27
1,<environment.Job instance at 0x7fda57376c30>,0,27,[ 2 12],1,-1,28,-1,1
1,<environment.Job instance at 0x7fda56b5a640>,2,12,[11  1],3,-1,15,-1,3
1,<environment.Job instance at 0x7fda56b5a5a0>,5,19,[ 3 11],6,-1,25,-1,6
1,<environment.Job instance at 0x7fda56b46e10>,6,25,[ 1 14],7,-1,32,-1,7
1,<environment.Job instance at 0x7fda57391960>,8,26,[14  4],9,-1,35,-1,9
1,<environment.Job instance at 0x7fda56b46e60>,10,23,[ 1 11],11,-1,34,-1,11
1,<environment.Job instance at 0x7fda56b468c0>,7,24,[8 2],8,-1,50,-1,26
1,<environment.Job instance at 0x7fda5746dc30>,14,24,[4 7],15,-1,50,-1,26
1,<environment.Job instance at 0x7fda605198c0>,15,22,[ 4 14],16,-1,48,-1,26
1,<environment.Job instance at 0x7fda57015280>,16,21,[13  5],17,-1,47,-1,26
1,<environment.Job instance at 0x7fda56b3baa0>,12,23,[8 1],13,-1,49,-1,26
1,<environment.Job instance at 0x7fda5763a0a0>,21,27,[ 3 13],22,-1,56,-1,29
1,<environment.Job instance at 0x7fda57972690>,22,27,[4 8],23,-1,56,-1,29
1,<environment.Job instance at 0x7fda573a4870>,23,17,[ 2 12],24,-1,46,-1,29
1,<environment.Job instance at 0x7fda573a4190>,25,15,[12  3],26,-1,44,-1,29
1,<environment.Job instance at 0x7fda573a8e60>,31,28,[1 7],32,-1,82,-1,54
1,<environment.Job instance at 0x7fda57642be0>,33,14,[ 1 13],34,-1,68,-1,54
1,<environment.Job instance at 0x7fda573a8320>,30,27,[10  3],31,-1,85,-1,58
1,<environment.Job instance at 0x7fda57642140>,35,13,[13  5],36,-1,71,-1,58
1,<environment.Job instance at 0x7fda57642780>,36,21,[12  1],37,-1,79,-1,58
1,<environment.Job instance at 0x7fda57642aa0>,38,24,[ 2 12],39,-1,82,-1,58
1,<environment.Job instance at 0x7fda57642410>,39,23,[3 9],40,-1,91,-1,68
1,<environment.Job instance at 0x7fda56dbb9b0>,40,17,[ 5 14],41,-1,85,-1,68
1,<environment.Job instance at 0x7fda56dbb5a0>,42,23,[ 5 13],43,-1,91,-1,68
1,<environment.Job instance at 0x7fda56dbbc30>,43,15,[ 3 13],44,-1,83,-1,68
1,<environment.Job instance at 0x7fda57642a00>,34,23,[3 9],35,-1,91,-1,68
1,<environment.Job instance at 0x7fda56dbbd70>,45,26,[5 8],46,-1,94,-1,68
1,<environment.Job instance at 0x7fda56dbb410>,46,26,[ 4 13],47,-1,94,-1,68
1,<environment.Job instance at 0x7fda56dbb280>,47,26,[5 1],48,-1,94,-1,68
1,<environment.Job instance at 0x7fda56dbbf00>,50,14,[12  2],51,-1,86,-1,72
1,<environment.Job instance at 0x7fda56dbb1e0>,52,27,[ 5 14],53,-1,110,-1,83
1,<environment.Job instance at 0x7fda56dbbc80>,53,23,[11  1],54,-1,106,-1,83
1,<environment.Job instance at 0x7fda56d670f0>,58,13,[ 4 13],59,-1,132,-1,119
1,<environment.Job instance at 0x7fda57618820>,0,27,[9 5],1,-1,30,-1,3
1,<environment.Job instance at 0x7fda56bb6f00>,3,28,[7 5],4,-1,32,-1,4
1,<environment.Job instance at 0x7fda56bb6fa0>,4,19,[5 3],5,-1,24,-1,5
1,<environment.Job instance at 0x7fda57618fa0>,2,19,[ 5 13],3,-1,32,-1,13
1,<environment.Job instance at 0x7fda56be5370>,11,20,[6 5],12,-1,33,-1,13
1,<environment.Job instance at 0x7fda56be5500>,12,26,[5 9],13,-1,43,-1,17
1,<environment.Job instance at 0x7fda56be5910>,17,14,[7 1],18,-1,39,-1,25
1,<environment.Job instance at 0x7fda56be5780>,14,28,[ 1 13],15,-1,53,-1,25
1,<environment.Job instance at 0x7fda56be51e0>,7,26,[11  1],8,-1,51,-1,25
1,<environment.Job instance at 0x7fda56be57d0>,15,19,[5 4],16,-1,47,-1,28
1,<environment.Job instance at 0x7fda56be5b90>,21,25,[3 6],22,-1,53,-1,28
1,<environment.Job instance at 0x7fda56be5b40>,22,18,[4 9],23,-1,46,-1,28
1,<environment.Job instance at 0x7fda56be5d20>,24,24,[7 3],25,-1,52,-1,28
1,<environment.Job instance at 0x7fda56be5870>,18,25,[ 2 14],19,-1,66,-1,41
1,<environment.Job instance at 0x7fda56be5fa0>,28,16,[8 1],29,-1,58,-1,42
1,<environment.Job instance at 0x7fda56be5eb0>,25,13,[9 3],26,-1,55,-1,42
1,<environment.Job instance at 0x7fda56be59b0>,20,18,[ 1 13],21,-1,61,-1,43
1,<environment.Job instance at 0x7fda56bc4230>,29,18,[ 5 13],30,-1,61,-1,43
1,<environment.Job instance at 0x7fda56bc4410>,33,24,[7 1],34,-1,68,-1,44
1,<environment.Job instance at 0x7fda56bc41e0>,31,16,[3 8],32,-1,60,-1,44
1,<environment.Job instance at 0x7fda56bc4550>,35,17,[3 5],36,-1,61,-1,44
1,<environment.Job instance at 0x7fda56bc46e0>,36,17,[5 8],37,-1,62,-1,45
1,<environment.Job instance at 0x7fda56d49780>,0,27,[9 5],1,-1,28,-1,1
1,<environment.Job instance at 0x7fda56d495a0>,2,19,[ 5 13],3,-1,22,-1,3
1,<environment.Job instance at 0x7fda57b9deb0>,3,28,[7 5],4,-1,32,-1,4
1,<environment.Job instance at 0x7fda57b9d5a0>,5,15,[14  5],6,-1,21,-1,6
1,<environment.Job instance at 0x7fda57b9d910>,6,21,[14  5],7,-1,28,-1,7
1,<environment.Job instance at 0x7fda57b9d9b0>,7,26,[11  1],8,-1,34,-1,8
1,<environment.Job instance at 0x7fda57b9d190>,13,18,[12  2],14,-1,37,-1,19
1,<environment.Job instance at 0x7fda57b9da50>,14,28,[ 1 13],15,-1,47,-1,19
1,<environment.Job instance at 0x7fda57b9d7d0>,18,25,[ 2 14],19,-1,44,-1,19
1,<environment.Job instance at 0x7fda57b9dbe0>,12,26,[5 9],13,-1,45,-1,19
1,<environment.Job instance at 0x7fda57b9d730>,20,18,[ 1 13],21,-1,56,-1,38
1,<environment.Job instance at 0x7fda57236c30>,23,18,[11  3],24,-1,65,-1,47
1,<environment.Job instance at 0x7fda57b9d4b0>,21,25,[3 6],22,-1,86,-1,61
1,<environment.Job instance at 0x7fda57236690>,24,24,[7 3],25,-1,85,-1,61
1,<environment.Job instance at 0x7fda572360f0>,26,12,[ 2 12],27,-1,73,-1,61
1,<environment.Job instance at 0x7fda572365f0>,29,18,[ 5 13],30,-1,79,-1,61
1,<environment.Job instance at 0x7fda57236b40>,30,13,[14  4],31,-1,74,-1,61
1,<environment.Job instance at 0x7fda57236190>,32,16,[ 2 13],33,-1,84,-1,68
1,<environment.Job instance at 0x7fda57236820>,33,24,[7 1],34,-1,98,-1,74
1,<environment.Job instance at 0x7fda57236460>,37,14,[13  5],38,-1,98,-1,84
1,<environment.Job instance at 0x7fda57236140>,38,27,[ 4 13],39,-1,111,-1,84
1,<environment.Job instance at 0x7fda57236960>,40,18,[ 2 13],41,-1,102,-1,84
1,<environment.Job instance at 0x7fda56d67be0>,42,17,[11  1],43,-1,107,-1,90
1,<environment.Job instance at 0x7fda56d67910>,43,13,[12  1],44,-1,103,-1,90
1,<environment.Job instance at 0x7fda56d67b90>,44,27,[ 2 10],45,-1,123,-1,96
1,<environment.Job instance at 0x7fda56d67aa0>,47,23,[ 1 14],48,-1,119,-1,96
1,<environment.Job instance at 0x7fda56d67c30>,49,23,[12  5],50,-1,133,-1,110
1,<environment.Job instance at 0x7fda56d673c0>,50,13,[12  1],51,-1,123,-1,110
1,<environment.Job instance at 0x7fda56d67320>,51,27,[10  4],52,-1,138,-1,111
1,<environment.Job instance at 0x7fda56d675f0>,52,28,[ 4 14],53,-1,139,-1,111
1,<environment.Job instance at 0x7fda56d670f0>,53,23,[ 2 11],54,-1,134,-1,111
1,<environment.Job instance at 0x7fda56a64410>,1,18,[7 2],2,-1,20,-1,2
1,<environment.Job instance at 0x7fda56a64a00>,2,16,[ 1 11],3,-1,19,-1,3
1,<environment.Job instance at 0x7fda56b46730>,0,23,[6 2],1,-1,24,-1,1
1,<environment.Job instance at 0x7fda56b5a500>,2,16,[ 1 11],3,-1,19,-1,3
1,<environment.Job instance at 0x7fda56b5b7d0>,3,12,[ 4 14],4,-1,16,-1,4
1,<environment.Job instance at 0x7fda56b5b230>,4,12,[11  4],5,-1,17,-1,5
1,<environment.Job instance at 0x7fda56b5b870>,6,23,[12  5],7,-1,30,-1,7
1,<environment.Job instance at 0x7fda56b46cd0>,7,24,[ 5 14],8,-1,32,-1,8
1,<environment.Job instance at 0x7fda5745d820>,9,13,[ 3 13],10,-1,23,-1,10
1,<environment.Job instance at 0x7fda56b3baa0>,10,13,[12  3],11,-1,24,-1,11
1,<environment.Job instance at 0x7fda56de3e10>,11,12,[ 5 11],12,-1,24,-1,12
1,<environment.Job instance at 0x7fda56de3dc0>,14,13,[ 3 14],15,-1,28,-1,15
1,<environment.Job instance at 0x7fda56b5ba00>,5,25,[9 2],6,-1,45,-1,20
1,<environment.Job instance at 0x7fda56de3370>,15,23,[4 8],16,-1,50,-1,27
1,<environment.Job instance at 0x7fda5763a0a0>,19,12,[ 1 14],20,-1,39,-1,27
1,<environment.Job instance at 0x7fda57972500>,20,27,[11  1],21,-1,54,-1,27
1,<environment.Job instance at 0x7fda573a4190>,22,25,[11  1],23,-1,52,-1,27
1,<environment.Job instance at 0x7fda56dbb690>,26,21,[ 3 14],27,-1,62,-1,41
1,<environment.Job instance at 0x7fda56dbb5f0>,27,16,[ 1 11],28,-1,57,-1,41
1,<environment.Job instance at 0x7fda56dbba00>,28,25,[ 2 13],29,-1,66,-1,41
1,<environment.Job instance at 0x7fda56dbb820>,29,22,[ 4 14],30,-1,63,-1,41
1,<environment.Job instance at 0x7fda56dbbc30>,31,13,[12  2],32,-1,58,-1,45
1,<environment.Job instance at 0x7fda56dbb6e0>,33,17,[ 1 11],34,-1,73,-1,56
1,<environment.Job instance at 0x7fda56dbb1e0>,36,15,[14  2],37,-1,76,-1,61
1,<environment.Job instance at 0x7fda56dbbb40>,37,13,[12  3],38,-1,74,-1,61
1,<environment.Job instance at 0x7fda56dbb370>,38,17,[ 3 14],39,-1,78,-1,61
1,<environment.Job instance at 0x7fda56dbb230>,39,24,[14  5],40,-1,85,-1,61
1,<environment.Job instance at 0x7fda56dbbd20>,40,28,[11  2],41,-1,89,-1,61
1,<environment.Job instance at 0x7fda56d67320>,41,15,[14  4],42,-1,76,-1,61
1,<environment.Job instance at 0x7fda56d675f0>,42,13,[ 5 13],43,-1,74,-1,61
1,<environment.Job instance at 0x7fda56d67a50>,43,12,[ 3 12],44,-1,73,-1,61
1,<environment.Job instance at 0x7fda56d67c30>,44,20,[11  1],45,-1,81,-1,61
1,<environment.Job instance at 0x7fda56d67f50>,45,17,[ 2 14],46,-1,78,-1,61
1,<environment.Job instance at 0x7fda56d67eb0>,46,13,[ 1 12],47,-1,74,-1,61
1,<environment.Job instance at 0x7fda56d67960>,47,18,[14  3],48,-1,79,-1,61
1,<environment.Job instance at 0x7fda56d67780>,48,28,[5 3],49,-1,89,-1,61
1,<environment.Job instance at 0x7fda56d674b0>,49,23,[12  1],50,-1,84,-1,61
1,<environment.Job instance at 0x7fda56d67be0>,50,21,[13  1],51,-1,82,-1,61
1,<environment.Job instance at 0x7fda56d67910>,51,23,[12  2],52,-1,84,-1,61
1,<environment.Job instance at 0x7fda57236960>,52,24,[11  2],53,-1,85,-1,61
1,<environment.Job instance at 0x7fda57236460>,55,28,[ 1 13],56,-1,89,-1,61
1,<environment.Job instance at 0x7fda57236190>,59,12,[12  5],60,-1,100,-1,88
1,<environment.Job instance at 0x7fda57236320>,58,25,[8 1],59,-1,116,-1,91
1,<environment.Job instance at 0x7fda572360f0>,63,21,[13  2],64,-1,124,-1,103
1,<environment.Job instance at 0x7fda57236eb0>,65,23,[11  5],66,-1,127,-1,104
1,<environment.Job instance at 0x7fda57236d70>,66,18,[ 5 13],67,-1,122,-1,104
1,<environment.Job instance at 0x7fda57236140>,68,25,[4 8],69,-1,141,-1,116
1,<environment.Job instance at 0x7fda57b9d4b0>,70,16,[13  2],71,-1,132,-1,116
1,<environment.Job instance at 0x7fda566c3a50>,1,24,[4 7],2,-1,26,-1,2
1,<environment.Job instance at 0x7fda56bd2b90>,3,21,[8 2],4,-1,26,-1,5
1,<environment.Job instance at 0x7fda56c70aa0>,2,28,[ 4 12],3,-1,31,-1,3
1,<environment.Job instance at 0x7fda604ee3c0>,4,13,[ 2 12],5,-1,18,-1,5
1,<environment.Job instance at 0x7fda56a922d0>,5,21,[12  5],6,-1,27,-1,6
1,<environment.Job instance at 0x7fda56f26230>,6,22,[ 1 11],7,-1,29,-1,7
1,<environment.Job instance at 0x7fda56857e10>,10,16,[ 4 11],11,-1,27,-1,11
1,<environment.Job instance at 0x7fda56a63140>,1,24,[4 7],2,-1,39,-1,15
1,<environment.Job instance at 0x7fda56a54730>,8,26,[5 3],9,-1,41,-1,15
1,<environment.Job instance at 0x7fda57b9deb0>,13,24,[ 4 14],14,-1,39,-1,15
1,<environment.Job instance at 0x7fda57b9dc80>,14,21,[14  4],15,-1,36,-1,15
1,<environment.Job instance at 0x7fda57b9d910>,16,21,[14  2],17,-1,38,-1,17
1,<environment.Job instance at 0x7fda57b9d050>,17,15,[ 3 13],18,-1,33,-1,18
1,<environment.Job instance at 0x7fda57b9df00>,18,24,[ 5 11],19,-1,43,-1,19
1,<environment.Job instance at 0x7fda57b9d690>,19,13,[ 2 13],20,-1,33,-1,20
1,<environment.Job instance at 0x7fda57b9d320>,15,23,[2 6],16,-1,48,-1,25
1,<environment.Job instance at 0x7fda57b9dd70>,21,26,[4 9],22,-1,53,-1,27
1,<environment.Job instance at 0x7fda57b9daf0>,24,15,[ 1 13],25,-1,42,-1,27
1,<environment.Job instance at 0x7fda57b9d410>,25,23,[3 8],26,-1,50,-1,27
1,<environment.Job instance at 0x7fda57b9d7d0>,26,12,[ 2 12],27,-1,39,-1,27
1,<environment.Job instance at 0x7fda57b9dcd0>,27,21,[ 3 11],28,-1,49,-1,28
1,<environment.Job instance at 0x7fda57236e10>,28,24,[11  3],29,-1,53,-1,29
1,<environment.Job instance at 0x7fda57236f00>,31,19,[12  4],32,-1,51,-1,32
1,<environment.Job instance at 0x7fda57236cd0>,32,23,[ 3 14],33,-1,56,-1,33
1,<environment.Job instance at 0x7fda57236730>,33,22,[ 1 13],34,-1,56,-1,34
1,<environment.Job instance at 0x7fda572365f0>,35,15,[12  4],36,-1,54,-1,39
1,<environment.Job instance at 0x7fda57236af0>,37,16,[12  1],38,-1,56,-1,40
1,<environment.Job instance at 0x7fda57236b40>,38,28,[13  2],39,-1,68,-1,40
1,<environment.Job instance at 0x7fda57236870>,40,19,[ 5 12],41,-1,62,-1,43
1,<environment.Job instance at 0x7fda57236820>,41,27,[2 8],42,-1,83,-1,56
1,<environment.Job instance at 0x7fda572367d0>,42,24,[ 3 13],43,-1,80,-1,56
1,<environment.Job instance at 0x7fda565886e0>,44,27,[11  4],45,-1,83,-1,56
1,<environment.Job instance at 0x7fda575d7eb0>,48,26,[7 3],49,-1,99,-1,73
1,<environment.Job instance at 0x7fda56a37910>,50,27,[4 6],51,-1,109,-1,82
1,<environment.Job instance at 0x7fda56960eb0>,51,24,[4 5],52,-1,106,-1,82
1,<environment.Job instance at 0x7fda575c8550>,52,15,[ 1 12],53,-1,97,-1,82
1,<environment.Job instance at 0x7fda575c8aa0>,53,27,[ 3 12],54,-1,109,-1,82
1,<environment.Job instance at 0x7fda57d42dc0>,55,23,[12  1],56,-1,105,-1,82
1,<environment.Job instance at 0x7fda573e0960>,54,24,[8 1],55,-1,109,-1,85
1,<environment.Job instance at 0x7fda573e0370>,57,28,[8 2],58,-1,113,-1,85
1,<environment.Job instance at 0x7fda56934820>,58,21,[11  3],59,-1,106,-1,85
1,<environment.Job instance at 0x7fda5788d640>,59,19,[14  3],60,-1,104,-1,85
1,<environment.Job instance at 0x7fda5788d0a0>,60,14,[ 2 11],61,-1,99,-1,85
1,<environment.Job instance at 0x7fda56dc2140>,61,26,[1 5],62,-1,111,-1,85
1,<environment.Job instance at 0x7fda56dc2d70>,62,23,[ 2 12],63,-1,108,-1,85
1,<environment.Job instance at 0x7fda567c50f0>,56,26,[4 5],57,-1,111,-1,85
1,<environment.Job instance at 0x7fda56f5a3c0>,64,25,[ 5 11],65,-1,110,-1,85
1,<environment.Job instance at 0x7fda56f5aa50>,65,28,[12  4],66,-1,113,-1,85
1,<environment.Job instance at 0x7fda571469b0>,66,18,[ 2 11],67,-1,103,-1,85
1,<environment.Job instance at 0x7fda571465a0>,67,13,[ 2 11],68,-1,98,-1,85
1,<environment.Job instance at 0x7fda57146870>,70,25,[ 1 13],71,-1,110,-1,85
1,<environment.Job instance at 0x7fda56dc2820>,63,25,[ 2 10],64,-1,123,-1,98
1,<environment.Job instance at 0x7fda57146f50>,71,27,[1 9],72,-1,125,-1,98
1,<environment.Job instance at 0x7fda57146f00>,74,15,[ 3 11],75,-1,113,-1,98
1,<environment.Job instance at 0x7fda57146a00>,75,14,[ 2 12],76,-1,112,-1,98
1,<environment.Job instance at 0x7fda56dedaa0>,76,20,[ 3 14],77,-1,118,-1,98
1,<environment.Job instance at 0x7fda56ded730>,77,18,[ 1 11],78,-1,116,-1,98
1,<environment.Job instance at 0x7fda56ded5f0>,78,20,[ 2 11],79,-1,118,-1,98
1,<environment.Job instance at 0x7fda56deda00>,79,16,[14  5],80,-1,114,-1,98
1,<environment.Job instance at 0x7fda5767d9b0>,0,19,[ 5 10],1,-1,20,-1,1
1,<environment.Job instance at 0x7fda5767d410>,1,16,[ 3 10],2,-1,19,-1,3
1,<environment.Job instance at 0x7fda569b6c30>,3,25,[2 8],4,-1,29,-1,4
1,<environment.Job instance at 0x7fda569b6b90>,4,14,[5 4],5,-1,19,-1,5
1,<environment.Job instance at 0x7fda56df65f0>,5,16,[5 9],6,-1,22,-1,6
1,<environment.Job instance at 0x7fda56a1ea00>,2,15,[ 1 13],3,-1,18,-1,3
1,<environment.Job instance at 0x7fda56d595f0>,6,22,[14  1],7,-1,29,-1,7
1,<environment.Job instance at 0x7fda56d59870>,8,18,[12  5],9,-1,27,-1,9
1,<environment.Job instance at 0x7fda56d59f00>,9,16,[ 3 13],10,-1,26,-1,10
1,<environment.Job instance at 0x7fda56d59b90>,11,15,[13  1],12,-1,34,-1,19
1,<environment.Job instance at 0x7fda56d59050>,12,19,[11  4],13,-1,38,-1,19
1,<environment.Job instance at 0x7fda56d596e0>,3,25,[2 8],4,-1,45,-1,20
1,<environment.Job instance at 0x7fda572920a0>,14,25,[3 9],15,-1,45,-1,20
1,<environment.Job instance at 0x7fda572923c0>,18,12,[ 5 13],19,-1,32,-1,20
1,<environment.Job instance at 0x7fda57292c30>,21,23,[12  2],22,-1,55,-1,32
1,<environment.Job instance at 0x7fda56dedfa0>,23,23,[ 4 14],24,-1,55,-1,32
1,<environment.Job instance at 0x7fda56ded2d0>,24,25,[11  4],25,-1,57,-1,32
1,<environment.Job instance at 0x7fda56ded0f0>,25,27,[11  1],26,-1,59,-1,32
1,<environment.Job instance at 0x7fda56dedd20>,27,28,[1 7],28,-1,60,-1,32
1,<environment.Job instance at 0x7fda57292cd0>,17,27,[9 5],18,-1,70,-1,43
1,<environment.Job instance at 0x7fda56ded5f0>,31,25,[6 5],32,-1,68,-1,43
1,<environment.Job instance at 0x7fda56dedaa0>,32,25,[4 7],33,-1,68,-1,43
1,<environment.Job instance at 0x7fda56ded7d0>,33,23,[14  3],34,-1,66,-1,43
1,<environment.Job instance at 0x7fda56ded410>,34,24,[ 1 14],35,-1,67,-1,43
1,<environment.Job instance at 0x7fda571466e0>,35,28,[8 3],36,-1,71,-1,43
1,<environment.Job instance at 0x7fda57146f00>,36,23,[5 1],37,-1,66,-1,43
1,<environment.Job instance at 0x7fda571467d0>,37,24,[ 5 14],38,-1,67,-1,43
1,<environment.Job instance at 0x7fda57146f50>,38,26,[1 7],39,-1,69,-1,43
1,<environment.Job instance at 0x7fda57146dc0>,40,18,[ 5 13],41,-1,63,-1,45
1,<environment.Job instance at 0x7fda57146370>,41,27,[5 5],42,-1,77,-1,50
1,<environment.Job instance at 0x7fda56f5aa50>,42,15,[12  2],43,-1,65,-1,50
1,<environment.Job instance at 0x7fda571469b0>,44,15,[12  4],45,-1,65,-1,50
1,<environment.Job instance at 0x7fda571460f0>,43,27,[8 5],44,-1,84,-1,57
1,<environment.Job instance at 0x7fda56934820>,46,18,[ 1 13],47,-1,75,-1,57
1,<environment.Job instance at 0x7fda56dc25a0>,48,26,[5 4],49,-1,93,-1,67
1,<environment.Job instance at 0x7fda5788d7d0>,50,15,[13  3],51,-1,83,-1,68
1,<environment.Job instance at 0x7fda5788d9b0>,52,17,[ 1 13],53,-1,96,-1,79
1,<environment.Job instance at 0x7fda575c8aa0>,53,22,[13  3],54,-1,101,-1,79
1,<environment.Job instance at 0x7fda56a37910>,55,18,[12  4],56,-1,99,-1,81
1,<environment.Job instance at 0x7fda573e0370>,56,23,[13  5],57,-1,104,-1,81
1,<environment.Job instance at 0x7fda575d7eb0>,58,27,[12  2],59,-1,108,-1,81
1,<environment.Job instance at 0x7fda569602d0>,60,25,[ 4 12],61,-1,116,-1,91
1,<environment.Job instance at 0x7fda57972690>,62,16,[14  3],63,-1,117,-1,101
1,<environment.Job instance at 0x7fda57972500>,63,24,[13  5],64,-1,125,-1,101
1,<environment.Job instance at 0x7fda57236280>,64,22,[ 3 13],65,-1,123,-1,101
1,<environment.Job instance at 0x7efd59d1eb40>,4,24,[ 3 11],5,-1,43,-1,19
1,<environment.Job instance at 0x7efd59d221e0>,12,22,[4 6],13,-1,53,-1,31
1,<environment.Job instance at 0x7efd633688c0>,9,17,[8 1],10,-1,57,-1,40
1,<environment.Job instance at 0x7efd59d22550>,18,18,[3 6],19,-1,58,-1,40
1,<environment.Job instance at 0x7efd59d22460>,16,19,[ 3 12],17,-1,59,-1,40
1,<environment.Job instance at 0x7efd59d22690>,19,21,[14  4],20,-1,67,-1,46
1,<environment.Job instance at 0x7efd59d22730>,21,22,[14  2],22,-1,70,-1,48
1,<environment.Job instance at 0x7efd59d227d0>,22,25,[ 4 12],23,-1,73,-1,48
1,<environment.Job instance at 0x7efd59d1ee10>,11,14,[10  4],12,-1,63,-1,49
1,<environment.Job instance at 0x7efd59d225f0>,20,18,[7 5],21,-1,67,-1,49
1,<environment.Job instance at 0x7efd59d2efa0>,0,24,[2 8],1,-1,25,-1,1
1,<environment.Job instance at 0x7efd59d4f820>,2,26,[10  1],3,-1,29,-1,3
1,<environment.Job instance at 0x7efd59ebe0a0>,3,15,[13  4],4,-1,19,-1,4
1,<environment.Job instance at 0x7efd59d56a00>,4,24,[ 3 11],5,-1,29,-1,5
1,<environment.Job instance at 0x7efd59d4fe10>,6,19,[ 1 13],7,-1,26,-1,7
1,<environment.Job instance at 0x7efd59db8640>,8,24,[ 2 12],9,-1,33,-1,9
1,<environment.Job instance at 0x7efd59d16a50>,10,14,[ 1 14],11,-1,25,-1,11
1,<environment.Job instance at 0x7efd59d165f0>,13,27,[3 8],14,-1,41,-1,14
1,<environment.Job instance at 0x7efd59d16050>,14,14,[14  3],15,-1,29,-1,15
1,<environment.Job instance at 0x7efd59da9780>,15,24,[ 2 13],16,-1,40,-1,16
1,<environment.Job instance at 0x7efd59d169b0>,16,19,[ 3 12],17,-1,36,-1,17
1,<environment.Job instance at 0x7efd59e190f0>,17,18,[ 5 13],18,-1,36,-1,18
1,<environment.Job instance at 0x7efd59fd3e10>,19,21,[14  4],20,-1,41,-1,20
1,<environment.Job instance at 0x7efd59da4b40>,21,22,[14  2],22,-1,46,-1,24
1,<environment.Job instance at 0x7efd59ea3190>,22,25,[ 4 12],23,-1,49,-1,24
1,<environment.Job instance at 0x7efd59e8b640>,24,20,[ 3 12],25,-1,49,-1,29
1,<environment.Job instance at 0x7efd59e43410>,25,16,[11  3],26,-1,45,-1,29
1,<environment.Job instance at 0x7efd59e492d0>,27,25,[14  4],28,-1,54,-1,29
1,<environment.Job instance at 0x7efd59e3e550>,29,24,[5 1],30,-1,65,-1,41
1,<environment.Job instance at 0x7efd59dc3410>,32,14,[14  3],33,-1,65,-1,51
1,<environment.Job instance at 0x7efd59ecb2d0>,35,23,[11  2],36,-1,79,-1,56
1,<environment.Job instance at 0x7efd59ecb690>,36,27,[10  1],37,-1,83,-1,56
1,<environment.Job instance at 0x7efd59ecb870>,38,16,[ 1 13],39,-1,72,-1,56
1,<environment.Job instance at 0x7efd59de0eb0>,41,26,[13  2],42,-1,90,-1,64
1,<environment.Job instance at 0x7efd59de0050>,42,18,[ 1 13],43,-1,82,-1,64
1,<environment.Job instance at 0x7efd59de0a00>,45,28,[12  4],46,-1,106,-1,78
1,<environment.Job instance at 0x7efd59de0b90>,46,17,[ 5 12],47,-1,95,-1,78
1,<environment.Job instance at 0x7efd59de0550>,48,25,[11  4],49,-1,103,-1,78
1,<environment.Job instance at 0x7efd59de0370>,49,23,[2 6],50,-1,115,-1,92
1,<environment.Job instance at 0x7efd59de0af0>,50,13,[12  1],51,-1,105,-1,92
1,<environment.Job instance at 0x7efd59ec6730>,51,24,[ 1 11],52,-1,116,-1,92
1,<environment.Job instance at 0x7efd59ec6230>,52,27,[9 1],53,-1,119,-1,92
1,<environment.Job instance at 0x7efd59ebff50>,54,20,[ 5 14],55,-1,113,-1,93
1,<environment.Job instance at 0x7efd59db2460>,58,22,[14  3],59,-1,132,-1,110
1,<environment.Job instance at 0x7efd59e2d8c0>,59,15,[11  3],60,-1,125,-1,110
1,<environment.Job instance at 0x7efd59e2db40>,60,23,[5 7],61,-1,147,-1,124
1,<environment.Job instance at 0x7efd5946c870>,0,21,[4 6],1,-1,22,-1,1
1,<environment.Job instance at 0x7efd5946c730>,1,27,[4 8],2,-1,29,-1,2
1,<environment.Job instance at 0x7efd5946c9b0>,2,27,[5 4],3,-1,30,-1,3
1,<environment.Job instance at 0x7efd59463f00>,12,18,[10  5],13,-1,62,-1,44
1,<environment.Job instance at 0x7efd596fa320>,14,26,[ 3 12],15,-1,71,-1,45
1,<environment.Job instance at 0x7efd595a4500>,15,24,[4 7],16,-1,69,-1,45
1,<environment.Job instance at 0x7efd5954e690>,18,28,[7 2],19,-1,74,-1,46
1,<environment.Job instance at 0x7efd5954e640>,20,15,[6 2],21,-1,61,-1,46
1,<environment.Job instance at 0x7efd5954e550>,21,15,[6 2],22,-1,61,-1,46
1,<environment.Job instance at 0x7efd5958df00>,16,16,[14  1],17,-1,62,-1,46
1,<environment.Job instance at 0x7efd595ebb90>,24,25,[ 5 11],25,-1,71,-1,46
1,<environment.Job instance at 0x7efd5954e2d0>,22,24,[12  2],23,-1,73,-1,49
1,<environment.Job instance at 0x7efd5954e280>,23,26,[ 3 11],24,-1,75,-1,49
1,<environment.Job instance at 0x7efd5954e7d0>,19,28,[7 1],20,-1,77,-1,49
1,<environment.Job instance at 0x7efd595cb410>,27,16,[6 2],28,-1,65,-1,49
1,<environment.Job instance at 0x7efd595cb960>,32,21,[12  4],33,-1,149,-1,128
1,<environment.Job instance at 0x7efd595cb8c0>,29,26,[4 9],30,-1,154,-1,128
1,<environment.Job instance at 0x7efd595cbe10>,35,22,[ 3 12],36,-1,150,-1,128
1,<environment.Job instance at 0x7efd59544e10>,1,27,[4 8],2,-1,29,-1,2
1,<environment.Job instance at 0x7efd59544460>,2,27,[5 4],3,-1,30,-1,3
1,<environment.Job instance at 0x7efd595445f0>,3,18,[13  4],4,-1,22,-1,4
1,<environment.Job instance at 0x7efd595496e0>,6,14,[ 3 14],7,-1,21,-1,7
1,<environment.Job instance at 0x7efd59642cd0>,7,21,[ 3 12],8,-1,29,-1,8
1,<environment.Job instance at 0x7efd595465f0>,8,26,[ 1 11],9,-1,35,-1,9
1,<environment.Job instance at 0x7efd595495a0>,10,21,[ 3 12],11,-1,32,-1,11
1,<environment.Job instance at 0x7efd59546c30>,11,17,[ 2 11],12,-1,29,-1,12
1,<environment.Job instance at 0x7efd59546640>,13,14,[11  1],14,-1,28,-1,14
1,<environment.Job instance at 0x7efd594d9be0>,14,26,[ 3 12],15,-1,41,-1,15
1,<environment.Job instance at 0x7efd595464b0>,16,16,[14  1],17,-1,33,-1,17
1,<environment.Job instance at 0x7efd59546e10>,9,28,[3 6],10,-1,50,-1,22
1,<environment.Job instance at 0x7efd594d9b40>,18,28,[7 2],19,-1,50,-1,22
1,<environment.Job instance at 0x7efd594d24b0>,19,28,[7 1],20,-1,50,-1,22
1,<environment.Job instance at 0x7efd594d2fa0>,17,25,[5 4],18,-1,47,-1,22
1,<environment.Job instance at 0x7efd594dd910>,22,24,[12  2],23,-1,47,-1,23
1,<environment.Job instance at 0x7efd594dd730>,23,26,[ 3 11],24,-1,50,-1,24
1,<environment.Job instance at 0x7efd594e98c0>,24,25,[ 5 11],25,-1,50,-1,25
1,<environment.Job instance at 0x7efd594e9870>,26,16,[ 1 11],27,-1,43,-1,27
1,<environment.Job instance at 0x7efd594d9c30>,15,24,[4 7],16,-1,61,-1,37
1,<environment.Job instance at 0x7efd594d6d20>,29,26,[4 9],30,-1,63,-1,37
1,<environment.Job instance at 0x7efd594d6c80>,28,25,[4 6],29,-1,62,-1,37
1,<environment.Job instance at 0x7efd594e18c0>,31,12,[12  4],32,-1,49,-1,37
1,<environment.Job instance at 0x7efd594e10f0>,32,21,[12  4],33,-1,58,-1,37
1,<environment.Job instance at 0x7efd594e1730>,33,14,[12  3],34,-1,51,-1,37
1,<environment.Job instance at 0x7efd594e1910>,34,28,[ 3 13],35,-1,65,-1,37
1,<environment.Job instance at 0x7efd594ec190>,35,22,[ 3 12],36,-1,59,-1,37
1,<environment.Job instance at 0x7efd594ece10>,36,23,[11  2],37,-1,60,-1,37
1,<environment.Job instance at 0x7efd5976c410>,39,15,[12  2],40,-1,55,-1,40
1,<environment.Job instance at 0x7efd594ec1e0>,40,18,[11  1],41,-1,59,-1,41
1,<environment.Job instance at 0x7efd594e5230>,45,14,[11  3],46,-1,82,-1,68
1,<environment.Job instance at 0x7efd594e5d20>,46,19,[ 5 14],47,-1,87,-1,68
1,<environment.Job instance at 0x7efd59705960>,48,27,[9 4],49,-1,96,-1,69
1,<environment.Job instance at 0x7efd5972e7d0>,49,25,[ 3 11],50,-1,94,-1,69
1,<environment.Job instance at 0x7efd595855f0>,50,27,[13  4],51,-1,96,-1,69
1,<environment.Job instance at 0x7efd5951e280>,53,23,[ 2 14],54,-1,92,-1,69
1,<environment.Job instance at 0x7efd5951e3c0>,54,12,[ 2 11],55,-1,81,-1,69
1,<environment.Job instance at 0x7efd594f5780>,56,24,[8 2],57,-1,105,-1,81
1,<environment.Job instance at 0x7efd59570050>,58,28,[ 4 13],59,-1,109,-1,81
1,<environment.Job instance at 0x7efd595706e0>,60,12,[11  1],61,-1,94,-1,82
1,<environment.Job instance at 0x7efd59570460>,61,12,[ 5 11],62,-1,94,-1,82
1,<environment.Job instance at 0x7efd5952dc80>,62,15,[ 3 11],63,-1,97,-1,82
1,<environment.Job instance at 0x7efd5952ddc0>,63,24,[ 1 10],64,-1,106,-1,82
1,<environment.Job instance at 0x7efd5952d960>,64,24,[ 1 11],65,-1,106,-1,82
1,<environment.Job instance at 0x7efd59570500>,59,26,[3 6],60,-1,108,-1,82
1,<environment.Job instance at 0x7efd5952de10>,66,14,[14  4],67,-1,96,-1,82
1,<environment.Job instance at 0x7efd5973ddc0>,67,25,[5 4],68,-1,107,-1,82
1,<environment.Job instance at 0x7efd594f8af0>,69,16,[ 3 12],70,-1,98,-1,82
1,<environment.Job instance at 0x7efd5952d1e0>,70,23,[5 8],71,-1,119,-1,96
1,<environment.Job instance at 0x7efd594f82d0>,71,21,[ 4 11],72,-1,117,-1,96
1,<environment.Job instance at 0x7efd596660a0>,72,20,[ 3 12],73,-1,116,-1,96
1,<environment.Job instance at 0x7efd5952df00>,65,25,[8 2],66,-1,124,-1,99
1,<environment.Job instance at 0x7efd5958b370>,75,24,[12  1],76,-1,123,-1,99
1,<environment.Job instance at 0x7efd5958b690>,76,14,[11  2],77,-1,113,-1,99
1,<environment.Job instance at 0x7efd59542eb0>,77,27,[5 3],78,-1,126,-1,99
1,<environment.Job instance at 0x7efd59668eb0>,73,23,[10  3],74,-1,122,-1,99
1,<environment.Job instance at 0x7efd59542500>,79,17,[ 5 11],80,-1,116,-1,99
1,<environment.Job instance at 0x7efd595428c0>,80,13,[11  1],81,-1,112,-1,99
1,<environment.Job instance at 0x7efd5950be10>,81,27,[14  2],82,-1,126,-1,99
1,<environment.Job instance at 0x7efd5950bd70>,82,25,[13  2],83,-1,124,-1,99
1,<environment.Job instance at 0x7efd5950b0f0>,83,21,[ 4 12],84,-1,120,-1,99
1,<environment.Job instance at 0x7efd59496dc0>,85,18,[ 5 11],86,-1,117,-1,99
1,<environment.Job instance at 0x7efd59668910>,74,28,[3 8],75,-1,142,-1,114
1,<environment.Job instance at 0x7efd594929b0>,87,12,[11  1],88,-1,126,-1,114
1,<environment.Job instance at 0x7efd59492910>,88,13,[ 5 13],89,-1,127,-1,114
1,<environment.Job instance at 0x7efd59335f50>,1,24,[5 1],2,-1,26,-1,2
1,<environment.Job instance at 0x7efd593b6b40>,5,22,[3 8],6,-1,29,-1,7
1,<environment.Job instance at 0x7efd59331230>,1,24,[5 1],2,-1,26,-1,2
1,<environment.Job instance at 0x7efd5961fdc0>,2,23,[ 1 13],3,-1,26,-1,3
1,<environment.Job instance at 0x7efd59335500>,3,12,[12  2],4,-1,16,-1,4
1,<environment.Job instance at 0x7efd5934a370>,6,19,[ 3 14],7,-1,26,-1,7
1,<environment.Job instance at 0x7efd634ddaf0>,7,26,[ 1 14],8,-1,34,-1,8
1,<environment.Job instance at 0x7efd634dd640>,9,16,[12  3],10,-1,26,-1,10
1,<environment.Job instance at 0x7efd59335b40>,10,27,[13  4],11,-1,38,-1,11
1,<environment.Job instance at 0x7efd593420f0>,18,27,[ 3 13],19,-1,49,-1,22
1,<environment.Job instance at 0x7efd59342d20>,19,20,[14  3],20,-1,42,-1,22
1,<environment.Job instance at 0x7efd593428c0>,20,22,[12  1],21,-1,44,-1,22
1,<environment.Job instance at 0x7efd59342820>,21,12,[ 2 14],22,-1,34,-1,22
1,<environment.Job instance at 0x7efd59342050>,22,13,[14  5],23,-1,36,-1,23
1,<environment.Job instance at 0x7efd59342be0>,23,28,[5 7],24,-1,63,-1,35
1,<environment.Job instance at 0x7efd59342230>,25,16,[12  2],26,-1,51,-1,35
1,<environment.Job instance at 0x7efd59342c30>,26,28,[14  3],27,-1,63,-1,35
1,<environment.Job instance at 0x7efd59342b90>,27,24,[ 4 11],28,-1,59,-1,35
1,<environment.Job instance at 0x7efd59342fa0>,28,25,[11  1],29,-1,60,-1,35
1,<environment.Job instance at 0x7efd59342eb0>,14,23,[8 5],15,-1,58,-1,35
1,<environment.Job instance at 0x7efd593429b0>,30,26,[5 5],31,-1,61,-1,35
1,<environment.Job instance at 0x7efd59342690>,24,28,[10  1],25,-1,63,-1,35
1,<environment.Job instance at 0x7efd59342320>,33,24,[2 7],34,-1,59,-1,35
1,<environment.Job instance at 0x7efd59342550>,34,25,[11  5],35,-1,60,-1,35
1,<environment.Job instance at 0x7efd59342500>,35,25,[5 3],36,-1,61,-1,36
1,<environment.Job instance at 0x7efd634e34b0>,38,18,[12  1],39,-1,57,-1,39
1,<environment.Job instance at 0x7efd59396550>,39,15,[ 1 13],40,-1,55,-1,40
1,<environment.Job instance at 0x7efd593968c0>,40,23,[11  3],41,-1,64,-1,41
1,<environment.Job instance at 0x7efd63408fa0>,42,20,[14  4],43,-1,63,-1,43
1,<environment.Job instance at 0x7efd717291e0>,37,26,[7 1],38,-1,73,-1,47
1,<environment.Job instance at 0x7efd59396fa0>,44,16,[ 2 11],45,-1,63,-1,47
1,<environment.Job instance at 0x7efd59396a00>,45,24,[8 2],46,-1,71,-1,47
1,<environment.Job instance at 0x7efd59396e60>,49,16,[ 4 13],50,-1,68,-1,52
1,<environment.Job instance at 0x7efd59396be0>,50,26,[4 7],51,-1,87,-1,61
1,<environment.Job instance at 0x7efd59396d70>,52,25,[11  1],53,-1,86,-1,61
1,<environment.Job instance at 0x7efd593963c0>,51,25,[10  5],52,-1,91,-1,66
1,<environment.Job instance at 0x7efd59396320>,54,17,[12  2],55,-1,83,-1,66
1,<environment.Job instance at 0x7efd59396960>,55,19,[11  2],56,-1,85,-1,66
1,<environment.Job instance at 0x7efd59396910>,56,12,[14  5],57,-1,78,-1,66
1,<environment.Job instance at 0x7efd59396820>,57,24,[ 1 11],58,-1,90,-1,66
1,<environment.Job instance at 0x7efd59396690>,58,18,[ 4 12],59,-1,84,-1,66
1,<environment.Job instance at 0x7efd59396230>,53,26,[4 8],54,-1,102,-1,76
1,<environment.Job instance at 0x7efd593967d0>,62,22,[ 3 14],63,-1,99,-1,77
1,<environment.Job instance at 0x7efd593195f0>,63,28,[14  4],64,-1,105,-1,77
1,<environment.Job instance at 0x7efd59319050>,65,25,[ 3 13],66,-1,109,-1,84
1,<environment.Job instance at 0x7efd593193c0>,67,24,[ 2 13],68,-1,115,-1,91
1,<environment.Job instance at 0x7efd59319780>,68,21,[ 2 14],69,-1,112,-1,91
1,<environment.Job instance at 0x7efd59319280>,69,16,[ 5 13],70,-1,107,-1,91
1,<environment.Job instance at 0x7efd59319190>,70,28,[1 7],71,-1,137,-1,109
1,<environment.Job instance at 0x7efd633907d0>,74,24,[12  1],75,-1,144,-1,120
1,<environment.Job instance at 0x7efd633902d0>,76,18,[13  2],77,-1,141,-1,123
1,<environment.Job instance at 0x7efd63390780>,77,19,[ 5 13],78,-1,142,-1,123
1,<environment.Job instance at 0x7efd63390be0>,78,28,[3 5],79,-1,151,-1,123
1,<environment.Job instance at 0x7efd59e68780>,1,16,[4 8],2,-1,19,-1,3
1,<environment.Job instance at 0x7efd59e68e60>,2,12,[9 1],3,-1,15,-1,3
1,<environment.Job instance at 0x7efd59e68cd0>,3,21,[3 9],4,-1,26,-1,5
1,<environment.Job instance at 0x7efd59e68dc0>,4,22,[7 4],5,-1,27,-1,5
1,<environment.Job instance at 0x7efd5a1e4cd0>,17,26,[7 3],18,-1,59,-1,33
1,<environment.Job instance at 0x7efd5a1e4050>,19,26,[3 5],20,-1,59,-1,33
1,<environment.Job instance at 0x7efd5a1e4910>,12,26,[12  3],13,-1,59,-1,33
1,<environment.Job instance at 0x7efd59e68500>,11,16,[ 1 11],12,-1,49,-1,33
1,<environment.Job instance at 0x7efd5a1e4550>,22,18,[12  5],23,-1,51,-1,33
1,<environment.Job instance at 0x7efd5a1e40f0>,23,26,[13  3],24,-1,59,-1,33
1,<environment.Job instance at 0x7efd5a1e4460>,30,20,[12  3],31,-1,120,-1,100
1,<environment.Job instance at 0x7efd5a1e4190>,29,28,[6 2],30,-1,128,-1,100
1,<environment.Job instance at 0x7efd59e68960>,7,28,[3 6],8,-1,128,-1,100
1,<environment.Job instance at 0x7efd5a1e4be0>,26,22,[14  2],27,-1,128,-1,106
1,<environment.Job instance at 0x7efd5a232c80>,36,13,[ 1 11],37,-1,120,-1,107
1,<environment.Job instance at 0x7efd5a232e60>,37,21,[5 9],38,-1,133,-1,112
1,<environment.Job instance at 0x7efd5a232730>,38,25,[6 1],39,-1,138,-1,113
1,<environment.Job instance at 0x7efd5a232b40>,32,23,[2 8],33,-1,136,-1,113
1,<environment.Job instance at 0x7efd5a2321e0>,39,15,[ 3 12],40,-1,129,-1,114
1,<environment.Job instance at 0x7efd5a232870>,40,18,[13  2],41,-1,135,-1,117
1,<environment.Job instance at 0x7efd5a2320a0>,41,27,[5 7],42,-1,144,-1,117
1,<environment.Job instance at 0x7efd5a232a00>,43,28,[11  3],44,-1,145,-1,117
1,<environment.Job instance at 0x7efd634e2230>,44,15,[6 4],45,-1,132,-1,117
1,<environment.Job instance at 0x7efd634e28c0>,45,28,[ 4 12],46,-1,147,-1,119
1,<environment.Job instance at 0x7efd5a232dc0>,35,14,[11  5],36,-1,133,-1,119
1,<environment.Job instance at 0x7efd634e24b0>,46,20,[11  3],47,-1,139,-1,119
1,<environment.Job instance at 0x7efd634e29b0>,50,24,[12  5],51,-1,143,-1,119
1,<environment.Job instance at 0x7efd634e2be0>,51,19,[ 2 14],52,-1,138,-1,119
1,<environment.Job instance at 0x7efd634e2410>,52,22,[12  1],53,-1,141,-1,119
1,<environment.Job instance at 0x7efd634e2dc0>,54,22,[5 3],55,-1,141,-1,119
1,<environment.Job instance at 0x7efd592dbb90>,0,17,[ 2 14],1,-1,18,-1,1
1,<environment.Job instance at 0x7efd592db050>,5,22,[ 1 14],6,-1,28,-1,6
1,<environment.Job instance at 0x7efd592db370>,8,18,[ 1 12],9,-1,27,-1,9
1,<environment.Job instance at 0x7efd592db460>,9,13,[14  4],10,-1,23,-1,10
1,<environment.Job instance at 0x7efd592dbd70>,11,16,[ 1 11],12,-1,28,-1,12
1,<environment.Job instance at 0x7efd59319780>,12,26,[12  3],13,-1,39,-1,13
1,<environment.Job instance at 0x7efd592db640>,14,17,[ 4 13],15,-1,35,-1,18
1,<environment.Job instance at 0x7efd59319500>,16,28,[1 9],17,-1,46,-1,18
1,<environment.Job instance at 0x7efd593196e0>,17,26,[7 3],18,-1,44,-1,18
1,<environment.Job instance at 0x7efd592dbdc0>,7,28,[3 6],8,-1,46,-1,18
1,<environment.Job instance at 0x7efd59319640>,19,26,[3 5],20,-1,46,-1,20
1,<environment.Job instance at 0x7efd593194b0>,21,13,[ 2 13],22,-1,35,-1,22
1,<environment.Job instance at 0x7efd59396690>,22,18,[12  5],23,-1,41,-1,23
1,<environment.Job instance at 0x7efd59396820>,23,26,[13  3],24,-1,50,-1,24
1,<environment.Job instance at 0x7efd59396910>,24,13,[14  1],25,-1,38,-1,25
1,<environment.Job instance at 0x7efd59396960>,25,16,[ 3 11],26,-1,42,-1,26
1,<environment.Job instance at 0x7efd59396320>,26,22,[14  2],27,-1,49,-1,27
1,<environment.Job instance at 0x7efd59396230>,27,14,[12  4],28,-1,42,-1,28
1,<environment.Job instance at 0x7efd593965a0>,28,14,[11  1],29,-1,44,-1,30
1,<environment.Job instance at 0x7efd59396050>,29,28,[6 2],30,-1,68,-1,40
1,<environment.Job instance at 0x7efd59396e60>,30,20,[12  3],31,-1,60,-1,40
1,<environment.Job instance at 0x7efd59396370>,31,21,[13  4],32,-1,61,-1,40
1,<environment.Job instance at 0x7efd59396d70>,32,23,[2 8],33,-1,63,-1,40
1,<environment.Job instance at 0x7efd59396d20>,33,16,[11  1],34,-1,56,-1,40
1,<environment.Job instance at 0x7efd59396b40>,35,14,[11  5],36,-1,54,-1,40
1,<environment.Job instance at 0x7efd59396af0>,36,13,[ 1 11],37,-1,53,-1,40
1,<environment.Job instance at 0x7efd59396f50>,38,25,[6 1],39,-1,65,-1,40
1,<environment.Job instance at 0x7efd59396f00>,39,15,[ 3 12],40,-1,55,-1,40
1,<environment.Job instance at 0x7efd63408fa0>,40,18,[13  2],41,-1,59,-1,41
1,<environment.Job instance at 0x7efd59396b90>,42,12,[14  3],43,-1,55,-1,43
1,<environment.Job instance at 0x7efd634e3410>,43,28,[11  3],44,-1,72,-1,44
1,<environment.Job instance at 0x7efd59396550>,41,27,[5 7],42,-1,83,-1,56
1,<environment.Job instance at 0x7efd634e3230>,45,28,[ 4 12],46,-1,84,-1,56
1,<environment.Job instance at 0x7efd634dd280>,46,20,[11  3],47,-1,76,-1,56
1,<environment.Job instance at 0x7efd634dd370>,47,15,[ 5 13],48,-1,71,-1,56
1,<environment.Job instance at 0x7efd634ddaf0>,50,24,[12  5],51,-1,90,-1,66
1,<environment.Job instance at 0x7efd634dd050>,51,19,[ 2 14],52,-1,85,-1,66
1,<environment.Job instance at 0x7efd59331fa0>,52,22,[12  1],53,-1,88,-1,66
1,<environment.Job instance at 0x7efd5a232050>,53,13,[ 3 11],54,-1,79,-1,66
1,<environment.Job instance at 0x7efd592cefa0>,55,17,[ 1 14],56,-1,88,-1,71
1,<environment.Job instance at 0x7efd5a1c64b0>,56,14,[ 3 14],57,-1,85,-1,71
1,<environment.Job instance at 0x7efd5a28f640>,57,24,[ 3 11],58,-1,95,-1,71
1,<environment.Job instance at 0x7efd634e21e0>,59,25,[12  3],60,-1,96,-1,71
1,<environment.Job instance at 0x7efd5a165820>,60,12,[ 2 12],61,-1,83,-1,71
1,<environment.Job instance at 0x7efd5a1658c0>,62,27,[ 2 11],63,-1,106,-1,79
1,<environment.Job instance at 0x7efd59e68f50>,63,27,[ 3 14],64,-1,106,-1,79
1,<environment.Job instance at 0x7efd59e68320>,66,28,[5 2],67,-1,122,-1,94
1,<environment.Job instance at 0x7efd5953f1e0>,67,28,[13  5],68,-1,122,-1,94
1,<environment.Job instance at 0x7efd5953f690>,68,26,[8 3],69,-1,122,-1,96
1,<environment.Job instance at 0x7efd5953fa50>,71,14,[ 3 11],72,-1,110,-1,96
1,<environment.Job instance at 0x7efd5953f5a0>,72,27,[ 3 14],73,-1,123,-1,96
1,<environment.Job instance at 0x7efd5953fa00>,73,15,[14  1],74,-1,111,-1,96
1,<environment.Job instance at 0x7efd5953fb40>,74,27,[ 5 11],75,-1,123,-1,96
1,<environment.Job instance at 0x7efd5953f9b0>,76,25,[ 1 13],77,-1,121,-1,96
1,<environment.Job instance at 0x7efd5953f910>,77,26,[10  3],78,-1,130,-1,104
1,<environment.Job instance at 0x7efd598a5690>,80,21,[13  1],81,-1,131,-1,110
1,<environment.Job instance at 0x7efd598a50a0>,81,18,[ 2 12],82,-1,128,-1,110
1,<environment.Job instance at 0x7efd598a5870>,82,14,[ 2 11],83,-1,124,-1,110
1,<environment.Job instance at 0x7efd598a52d0>,84,12,[ 4 13],85,-1,129,-1,117
1,<environment.Job instance at 0x7efd59ca2500>,86,14,[ 3 12],87,-1,140,-1,126
1,<environment.Job instance at 0x7efd59ca2460>,87,23,[13  3],88,-1,149,-1,126
1,<environment.Job instance at 0x7efd59ca2eb0>,88,16,[13  5],89,-1,142,-1,126
1,<environment.Job instance at 0x7efd5a447dc0>,1,17,[10  4],2,-1,20,-1,3
1,<environment.Job instance at 0x7efd59b32050>,3,16,[8 4],4,-1,20,-1,4
1,<environment.Job instance at 0x7efd59b20550>,5,27,[4 9],6,-1,33,-1,6
1,<environment.Job instance at 0x7efd59b49780>,6,15,[5 7],7,-1,22,-1,7
1,<environment.Job instance at 0x7efd59b49a00>,15,22,[14  5],16,-1,40,-1,18
1,<environment.Job instance at 0x7efd59b49f50>,16,13,[10  5],17,-1,31,-1,18
1,<environment.Job instance at 0x7efd59b49d70>,14,17,[ 3 12],15,-1,87,-1,70
1,<environment.Job instance at 0x7efd59b16f50>,18,23,[14  4],19,-1,95,-1,72
1,<environment.Job instance at 0x7efd59b16c30>,17,23,[9 5],18,-1,96,-1,73
1,<environment.Job instance at 0x7efd59b2c7d0>,23,21,[4 9],24,-1,96,-1,75
1,<environment.Job instance at 0x7efd5a8499b0>,30,28,[9 5],31,-1,129,-1,101
1,<environment.Job instance at 0x7efd5981c550>,0,23,[7 1],1,-1,24,-1,1
1,<environment.Job instance at 0x7efd5981c320>,2,24,[2 5],3,-1,27,-1,3
1,<environment.Job instance at 0x7efd5981cb40>,4,12,[ 2 13],5,-1,17,-1,5
1,<environment.Job instance at 0x7efd59815910>,5,27,[4 9],6,-1,33,-1,6
1,<environment.Job instance at 0x7efd59815550>,8,14,[ 5 14],9,-1,23,-1,9
1,<environment.Job instance at 0x7efd59815f50>,7,24,[10  2],8,-1,43,-1,19
1,<environment.Job instance at 0x7efd59815eb0>,12,25,[11  2],13,-1,44,-1,19
1,<environment.Job instance at 0x7efd59815d70>,13,15,[ 3 12],14,-1,34,-1,19
1,<environment.Job instance at 0x7efd59815730>,14,17,[ 3 12],15,-1,36,-1,19
1,<environment.Job instance at 0x7efd59815500>,15,22,[14  5],16,-1,41,-1,19
1,<environment.Job instance at 0x7efd59815c80>,17,23,[9 5],18,-1,42,-1,19
1,<environment.Job instance at 0x7efd598159b0>,18,23,[14  4],19,-1,42,-1,19
1,<environment.Job instance at 0x7efd59815d20>,20,15,[ 5 14],21,-1,36,-1,21
1,<environment.Job instance at 0x7efd59dfbcd0>,22,19,[ 5 13],23,-1,42,-1,23
1,<environment.Job instance at 0x7efd59ca25a0>,26,12,[13  4],27,-1,43,-1,31
1,<environment.Job instance at 0x7efd59ca2d20>,27,12,[14  4],28,-1,43,-1,31
1,<environment.Job instance at 0x7efd59ca2a50>,28,12,[ 1 13],29,-1,43,-1,31
1,<environment.Job instance at 0x7efd59ca2870>,30,28,[9 5],31,-1,72,-1,44
1,<environment.Job instance at 0x7efd59ca2dc0>,31,12,[ 5 12],32,-1,56,-1,44
1,<environment.Job instance at 0x7efd59ca2690>,32,26,[9 3],33,-1,70,-1,44
1,<environment.Job instance at 0x7efd598a53c0>,33,27,[ 5 13],34,-1,71,-1,44
1,<environment.Job instance at 0x7efd598a52d0>,34,28,[ 4 14],35,-1,72,-1,44
1,<environment.Job instance at 0x7efd598a5be0>,36,13,[12  1],37,-1,57,-1,44
1,<environment.Job instance at 0x7efd598a5780>,38,24,[3 9],39,-1,85,-1,61
1,<environment.Job instance at 0x7efd5953f870>,41,14,[ 4 13],42,-1,75,-1,61
1,<environment.Job instance at 0x7efd5953ff00>,42,12,[14  3],43,-1,73,-1,61
1,<environment.Job instance at 0x7efd5953f190>,43,18,[ 5 11],44,-1,79,-1,61
1,<environment.Job instance at 0x7efd5953f780>,44,21,[ 1 12],45,-1,82,-1,61
1,<environment.Job instance at 0x7efd5953f8c0>,45,25,[4 9],46,-1,86,-1,61
1,<environment.Job instance at 0x7efd5953fc30>,46,18,[ 1 12],47,-1,79,-1,61
1,<environment.Job instance at 0x7efd5953f690>,49,28,[ 3 10],50,-1,103,-1,75
1,<environment.Job instance at 0x7efd59e68460>,51,28,[11  4],52,-1,103,-1,75
1,<environment.Job instance at 0x7efd59e685f0>,53,19,[11  2],54,-1,94,-1,75
1,<environment.Job instance at 0x7efd59e68730>,54,18,[12  3],55,-1,93,-1,75
1,<environment.Job instance at 0x7efd5a165f50>,55,28,[5 5],56,-1,114,-1,86
1,<environment.Job instance at 0x7efd5a165500>,56,19,[ 1 12],57,-1,105,-1,86
1,<environment.Job instance at 0x7efd5a28f640>,57,24,[10  2],58,-1,113,-1,89
1,<environment.Job instance at 0x7efd5a1c64b0>,58,24,[8 1],59,-1,113,-1,89
1,<environment.Job instance at 0x7efd592ce690>,61,28,[ 1 12],62,-1,117,-1,89
1,<environment.Job instance at 0x7efd5a1e47d0>,62,15,[13  1],63,-1,104,-1,89
1,<environment.Job instance at 0x7efd5a1e49b0>,63,20,[ 5 12],64,-1,109,-1,89
1,<environment.Job instance at 0x7efd634dd640>,65,12,[ 4 13],66,-1,101,-1,89
1,<environment.Job instance at 0x7efd634e2e60>,59,27,[ 5 10],60,-1,128,-1,101
1,<environment.Job instance at 0x7efd717291e0>,66,24,[5 3],67,-1,126,-1,102
1,<environment.Job instance at 0x7efd634dd190>,69,21,[14  3],70,-1,123,-1,102
1,<environment.Job instance at 0x7efd634e31e0>,72,20,[11  3],73,-1,126,-1,106
1,<environment.Job instance at 0x7efd59396730>,75,17,[ 3 13],76,-1,140,-1,123
1,<environment.Job instance at 0x7efd59396eb0>,76,15,[13  4],77,-1,138,-1,123
1,<environment.Job instance at 0x7efd596e2d20>,0,21,[5 4],1,-1,22,-1,1
1,<environment.Job instance at 0x7efd596e2460>,1,15,[10  1],2,-1,18,-1,3
1,<environment.Job instance at 0x7efd596e2b90>,2,20,[4 5],3,-1,23,-1,3
1,<environment.Job instance at 0x7efd596e2190>,3,23,[6 5],4,-1,27,-1,4
1,<environment.Job instance at 0x7efd59319050>,4,17,[ 2 13],5,-1,22,-1,5
1,<environment.Job instance at 0x7efd59319320>,5,20,[ 1 11],6,-1,26,-1,6
1,<environment.Job instance at 0x7efd593191e0>,8,12,[ 3 14],9,-1,21,-1,9
1,<environment.Job instance at 0x7efd59b494b0>,3,23,[6 5],4,-1,40,-1,17
1,<environment.Job instance at 0x7efd634e31e0>,11,24,[14  4],12,-1,41,-1,17
1,<environment.Job instance at 0x7efd5a1e47d0>,12,26,[12  3],13,-1,43,-1,17
1,<environment.Job instance at 0x7efd634e3410>,13,16,[ 5 14],14,-1,33,-1,17
1,<environment.Job instance at 0x7efd634dd2d0>,14,23,[8 4],15,-1,40,-1,17
1,<environment.Job instance at 0x7efd634dd5a0>,15,12,[ 4 13],16,-1,29,-1,17
1,<environment.Job instance at 0x7efd596967d0>,16,25,[13  1],17,-1,42,-1,17
1,<environment.Job instance at 0x7efd59319230>,6,27,[4 6],7,-1,44,-1,17
1,<environment.Job instance at 0x7efd593196e0>,7,26,[8 5],8,-1,43,-1,17
1,<environment.Job instance at 0x7efd5a28f0f0>,19,22,[14  4],20,-1,42,-1,20
1,<environment.Job instance at 0x7efd634dd410>,20,14,[ 1 13],21,-1,35,-1,21
1,<environment.Job instance at 0x7efd5a28f410>,23,16,[11  3],24,-1,40,-1,24
1,<environment.Job instance at 0x7efd5953f190>,24,18,[ 5 12],25,-1,43,-1,25
1,<environment.Job instance at 0x7efd5953ff00>,25,24,[ 2 12],26,-1,50,-1,26
1,<environment.Job instance at 0x7efd5953f870>,26,24,[ 1 13],27,-1,51,-1,27
1,<environment.Job instance at 0x7efd5953fb40>,28,23,[4 5],29,-1,53,-1,30
1,<environment.Job instance at 0x7efd5953f0a0>,29,25,[1 9],30,-1,55,-1,30
1,<environment.Job instance at 0x7efd5953f1e0>,21,28,[ 2 10],22,-1,58,-1,30
1,<environment.Job instance at 0x7efd59815140>,33,24,[14  5],34,-1,59,-1,35
1,<environment.Job instance at 0x7efd598159b0>,34,18,[14  1],35,-1,53,-1,35
1,<environment.Job instance at 0x7efd598158c0>,35,14,[13  5],36,-1,50,-1,36
1,<environment.Job instance at 0x7efd59815a00>,36,21,[ 1 14],37,-1,58,-1,37
1,<environment.Job instance at 0x7efd59815f00>,38,22,[12  2],39,-1,65,-1,43
1,<environment.Job instance at 0x7efd598156e0>,39,26,[ 2 10],40,-1,74,-1,48
1,<environment.Job instance at 0x7efd59815fa0>,40,14,[12  5],41,-1,62,-1,48
1,<environment.Job instance at 0x7efd59815dc0>,41,14,[14  2],42,-1,62,-1,48
1,<environment.Job instance at 0x7efd59815550>,42,24,[4 5],43,-1,72,-1,48
1,<environment.Job instance at 0x7efd59815f50>,43,24,[9 5],44,-1,72,-1,48
1,<environment.Job instance at 0x7efd59815230>,44,18,[11  3],45,-1,66,-1,48
1,<environment.Job instance at 0x7efd597aab40>,45,23,[13  5],46,-1,71,-1,48
1,<environment.Job instance at 0x7efd597a8a00>,48,28,[12  3],49,-1,77,-1,49
1,<environment.Job instance at 0x7efd596e2eb0>,50,23,[8 4],51,-1,78,-1,55
1,<environment.Job instance at 0x7efd59701230>,51,13,[12  4],52,-1,68,-1,55
1,<environment.Job instance at 0x7efd59701e60>,52,27,[9 3],53,-1,82,-1,55
1,<environment.Job instance at 0x7efd59ba9140>,54,18,[ 5 12],55,-1,73,-1,55
1,<environment.Job instance at 0x7efd59815be0>,49,25,[3 6],50,-1,86,-1,61
1,<environment.Job instance at 0x7efd59ba9e10>,55,28,[ 2 13],56,-1,89,-1,61
1,<environment.Job instance at 0x7efd59ba9960>,56,26,[ 3 14],57,-1,87,-1,61
1,<environment.Job instance at 0x7efd59ba9c80>,57,15,[11  5],58,-1,76,-1,61
1,<environment.Job instance at 0x7efd59ba94b0>,59,15,[ 3 13],60,-1,76,-1,61
1,<environment.Job instance at 0x7efd59ba90a0>,60,25,[13  4],61,-1,86,-1,61
1,<environment.Job instance at 0x7efd59ba9460>,61,17,[13  1],62,-1,79,-1,62
1,<environment.Job instance at 0x7efd59ba9190>,63,25,[12  1],64,-1,94,-1,69
1,<environment.Job instance at 0x7efd59ba97d0>,64,28,[14  4],65,-1,97,-1,69
1,<environment.Job instance at 0x7efd59ba9870>,65,16,[ 1 13],66,-1,85,-1,69
1,<environment.Job instance at 0x7efd59ba9eb0>,66,26,[ 3 11],67,-1,95,-1,69
1,<environment.Job instance at 0x7efd594204b0>,69,26,[12  4],70,-1,110,-1,84
1,<environment.Job instance at 0x7efd59420460>,70,16,[11  4],71,-1,100,-1,84
1,<environment.Job instance at 0x7efd59420c30>,73,20,[12  4],74,-1,121,-1,101
1,<environment.Job instance at 0x7efd59420730>,74,26,[1 6],75,-1,127,-1,101
1,<environment.Job instance at 0x7efd594203c0>,75,23,[5 5],76,-1,131,-1,108
1,<environment.Job instance at 0x7efd59420b90>,76,27,[12  2],77,-1,135,-1,108
1,<environment.Job instance at 0x7efd59420690>,77,15,[14  2],78,-1,123,-1,108
1,<environment.Job instance at 0x7efd59420910>,78,15,[13  3],79,-1,123,-1,108
1,<environment.Job instance at 0x7efd59420410>,81,14,[ 2 11],82,-1,122,-1,108
1,<environment.Job instance at 0x7efd59420280>,82,25,[14  3],83,-1,133,-1,108
1,<environment.Job instance at 0x7efd59420e10>,83,23,[14  5],84,-1,131,-1,108
1,<environment.Job instance at 0x7efd59420eb0>,84,27,[12  3],85,-1,135,-1,108
1,<environment.Job instance at 0x7efd59420a50>,85,22,[11  3],86,-1,130,-1,108
1,<environment.Job instance at 0x7efd59420140>,86,28,[ 1 13],87,-1,136,-1,108
1,<environment.Job instance at 0x7efd594207d0>,87,25,[12  4],88,-1,133,-1,108
1,<environment.Job instance at 0x7efd59420dc0>,88,17,[ 2 13],89,-1,125,-1,108
1,<environment.Job instance at 0x7efd59420a00>,89,15,[ 2 14],90,-1,123,-1,108
1,<environment.Job instance at 0x7efd597906e0>,91,16,[ 2 13],92,-1,124,-1,108
1,<environment.Job instance at 0x7efd597901e0>,93,15,[12  3],94,-1,123,-1,108
1,<environment.Job instance at 0x7efd59790dc0>,94,19,[ 2 13],95,-1,127,-1,108
1,<environment.Job instance at 0x7efd59790640>,97,18,[ 1 13],98,-1,140,-1,122
1,<environment.Job instance at 0x7efd59790230>,98,12,[ 5 14],99,-1,134,-1,122
1,<environment.Job instance at 0x7efd59790f00>,99,13,[14  1],100,-1,135,-1,122
1,<environment.Job instance at 0x7efd5a8773c0>,1,27,[5 5],2,-1,29,-1,2
1,<environment.Job instance at 0x7efd59790cd0>,0,28,[ 4 11],1,-1,29,-1,1
1,<environment.Job instance at 0x7efd597904b0>,1,27,[5 5],2,-1,29,-1,2
1,<environment.Job instance at 0x7efd597909b0>,2,24,[5 2],3,-1,27,-1,3
1,<environment.Job instance at 0x7efd597905f0>,3,14,[ 4 12],4,-1,18,-1,4
1,<environment.Job instance at 0x7efd597903c0>,4,27,[5 1],5,-1,32,-1,5
1,<environment.Job instance at 0x7efd59790870>,5,27,[ 2 11],6,-1,33,-1,6
1,<environment.Job instance at 0x7efd59790f50>,6,28,[12  4],7,-1,35,-1,7
1,<environment.Job instance at 0x7efd59790b40>,8,14,[14  2],9,-1,23,-1,9
1,<environment.Job instance at 0x7efd59790640>,9,27,[5 1],10,-1,37,-1,10
1,<environment.Job instance at 0x7efd59790c80>,10,23,[12  5],11,-1,34,-1,11
1,<environment.Job instance at 0x7efd59790910>,11,23,[3 9],12,-1,35,-1,12
1,<environment.Job instance at 0x7efd597901e0>,13,12,[14  4],14,-1,26,-1,14
1,<environment.Job instance at 0x7efd59790140>,16,17,[ 3 14],17,-1,34,-1,17
1,<environment.Job instance at 0x7efd59420a50>,19,17,[ 2 13],20,-1,37,-1,20
1,<environment.Job instance at 0x7efd59420e60>,20,17,[14  2],21,-1,38,-1,21
1,<environment.Job instance at 0x7efd59420d70>,22,23,[5 5],23,-1,49,-1,26
1,<environment.Job instance at 0x7efd59420dc0>,23,13,[ 1 14],24,-1,39,-1,26
1,<environment.Job instance at 0x7efd594207d0>,24,12,[ 3 11],25,-1,38,-1,26
1,<environment.Job instance at 0x7efd59790a50>,15,26,[7 5],16,-1,52,-1,26
1,<environment.Job instance at 0x7efd59420eb0>,21,26,[10  4],22,-1,52,-1,26
1,<environment.Job instance at 0x7efd594202d0>,27,19,[ 5 13],28,-1,47,-1,28
1,<environment.Job instance at 0x7efd59420730>,29,25,[3 9],30,-1,65,-1,40
1,<environment.Job instance at 0x7efd59420690>,33,17,[ 3 13],34,-1,70,-1,53
1,<environment.Job instance at 0x7efd59420820>,35,28,[ 3 10],36,-1,95,-1,67
1,<environment.Job instance at 0x7efd59420460>,34,28,[3 9],35,-1,95,-1,67
1,<environment.Job instance at 0x7efd5953fc30>,39,20,[12  4],40,-1,90,-1,70
1,<environment.Job instance at 0x7efd5953f0a0>,40,28,[8 2],41,-1,98,-1,70
1,<environment.Job instance at 0x7efd5953faa0>,41,16,[12  4],42,-1,86,-1,70
1,<environment.Job instance at 0x7efd5953f9b0>,42,16,[ 2 13],43,-1,86,-1,70
1,<environment.Job instance at 0x7efd5953ff00>,43,23,[5 8],44,-1,106,-1,83
1,<environment.Job instance at 0x7efd5953faf0>,45,24,[9 3],46,-1,107,-1,83
1,<environment.Job instance at 0x7efd596967d0>,47,23,[5 4],48,-1,106,-1,83
1,<environment.Job instance at 0x7efd5a28f0f0>,48,23,[11  4],49,-1,106,-1,83
1,<environment.Job instance at 0x7efd634dd410>,50,21,[ 5 13],51,-1,104,-1,83
1,<environment.Job instance at 0x7efd634dd320>,51,22,[11  1],52,-1,105,-1,83
1,<environment.Job instance at 0x7efd634dd5f0>,52,17,[11  2],53,-1,100,-1,83
1,<environment.Job instance at 0x7efd634e3410>,56,28,[13  4],57,-1,124,-1,96
1,<environment.Job instance at 0x7efd5a1e47d0>,55,28,[10  3],56,-1,130,-1,102
1,<environment.Job instance at 0x7efd634e3230>,58,25,[5 7],59,-1,127,-1,102
1,<environment.Job instance at 0x7efd5a1b60f0>,59,23,[13  3],60,-1,125,-1,102
1,<environment.Job instance at 0x7efd59e70370>,60,18,[ 4 13],61,-1,120,-1,102
1,<environment.Job instance at 0x7efd5a179e60>,61,18,[13  1],62,-1,120,-1,102
1,<environment.Job instance at 0x7efd593191e0>,65,28,[3 8],66,-1,142,-1,114
1,<environment.Job instance at 0x7efd59319640>,66,18,[ 1 14],67,-1,132,-1,114
1,<environment.Job instance at 0x7efd59319280>,69,16,[12  2],70,-1,144,-1,128
1,<environment.Job instance at 0x7efd59319690>,70,12,[11  2],71,-1,140,-1,128
1,<environment.Job instance at 0x7efd595d6820>,72,16,[ 3 13],73,-1,144,-1,128
1,<environment.Job instance at 0x7efd59e3a870>,74,22,[ 1 12],75,-1,150,-1,128
1,<environment.Job instance at 0x7efd593197d0>,75,24,[12  5],76,-1,152,-1,128
1,<environment.Job instance at 0x7efd5a0b9280>,0,18,[10  5],1,-1,19,-1,1
1,<environment.Job instance at 0x7efd5a0b94b0>,3,19,[ 4 10],4,-1,24,-1,5
1,<environment.Job instance at 0x7efd5a0b9e10>,4,18,[10  1],5,-1,24,-1,6
1,<environment.Job instance at 0x7efd59b616e0>,6,15,[9 4],7,-1,24,-1,9
1,<environment.Job instance at 0x7efd5a4bedc0>,1,24,[ 3 12],2,-1,26,-1,2
1,<environment.Job instance at 0x7efd59bfa9b0>,2,23,[4 7],3,-1,26,-1,3
1,<environment.Job instance at 0x7efd5930f050>,5,26,[12  4],6,-1,32,-1,6
1,<environment.Job instance at 0x7efd634e3410>,9,17,[ 3 12],10,-1,27,-1,10
1,<environment.Job instance at 0x7efd5a1e49b0>,10,13,[14  5],11,-1,24,-1,11
1,<environment.Job instance at 0x7efd5a28f0f0>,11,21,[ 5 14],12,-1,33,-1,12
1,<environment.Job instance at 0x7efd594200f0>,12,21,[ 4 11],13,-1,34,-1,13
1,<environment.Job instance at 0x7efd5a28f640>,14,23,[14  4],15,-1,42,-1,19
1,<environment.Job instance at 0x7efd594205f0>,15,12,[ 3 11],16,-1,31,-1,19
1,<environment.Job instance at 0x7efd59420870>,18,18,[12  1],19,-1,41,-1,23
1,<environment.Job instance at 0x7efd594204b0>,13,25,[2 7],14,-1,48,-1,23
1,<environment.Job instance at 0x7efd59420910>,20,24,[12  2],21,-1,47,-1,23
1,<environment.Job instance at 0x7efd59420b90>,22,25,[8 3],23,-1,59,-1,34
1,<environment.Job instance at 0x7efd59420550>,23,15,[11  1],24,-1,49,-1,34
1,<environment.Job instance at 0x7efd59420d70>,25,27,[7 4],26,-1,62,-1,35
1,<environment.Job instance at 0x7efd59420a00>,28,26,[9 5],29,-1,74,-1,48
1,<environment.Job instance at 0x7efd594209b0>,30,28,[9 3],31,-1,78,-1,50
1,<environment.Job instance at 0x7efd59790d20>,31,27,[5 1],32,-1,77,-1,50
1,<environment.Job instance at 0x7efd59790eb0>,34,27,[6 4],35,-1,93,-1,66
1,<environment.Job instance at 0x7efd59790e60>,35,25,[6 1],36,-1,91,-1,66
1,<environment.Job instance at 0x7efd59790a50>,36,23,[5 5],37,-1,89,-1,66
1,<environment.Job instance at 0x7efd597907d0>,37,28,[14  5],38,-1,94,-1,66
1,<environment.Job instance at 0x7efd59790dc0>,38,12,[13  5],39,-1,78,-1,66
1,<environment.Job instance at 0x7efd59790b40>,40,23,[13  2],41,-1,89,-1,66
1,<environment.Job instance at 0x7efd597905a0>,41,21,[12  3],42,-1,87,-1,66
1,<environment.Job instance at 0x7efd59790f50>,42,17,[14  1],43,-1,83,-1,66
1,<environment.Job instance at 0x7efd59790870>,43,15,[ 1 12],44,-1,81,-1,66
1,<environment.Job instance at 0x7efd59790cd0>,46,20,[ 1 12],47,-1,99,-1,79
1,<environment.Job instance at 0x7efd59b61640>,48,25,[5 3],49,-1,117,-1,92
1,<environment.Job instance at 0x7efd5a937b40>,50,24,[5 7],51,-1,117,-1,93
1,<environment.Job instance at 0x7efd5a0b9c30>,54,16,[ 1 12],55,-1,124,-1,108
1,<environment.Job instance at 0x7efd5a0b9a50>,55,15,[13  4],56,-1,123,-1,108
1,<environment.Job instance at 0x7efd59a63910>,56,20,[ 1 13],57,-1,128,-1,108
1,<environment.Job instance at 0x7efd5a0b9eb0>,53,27,[ 2 10],54,-1,137,-1,110
1,<environment.Job instance at 0x7efd59a63640>,58,28,[ 2 14],59,-1,138,-1,110
1,<environment.Job instance at 0x7efd59a63870>,59,28,[11  1],60,-1,138,-1,110
1,<environment.Job instance at 0x7efd59a63aa0>,61,28,[8 2],62,-1,152,-1,124
1,<environment.Job instance at 0x7efd59a63c80>,62,21,[ 1 11],63,-1,145,-1,124
1,<environment.Job instance at 0x7efd59a636e0>,64,21,[14  2],65,-1,147,-1,126
1,<environment.Job instance at 0x7efd59a63b40>,66,21,[14  4],67,-1,147,-1,126
1,<environment.Job instance at 0x7efd59a63cd0>,67,20,[11  1],68,-1,146,-1,126
1,<environment.Job instance at 0x7efd59a63eb0>,68,22,[ 5 12],69,-1,148,-1,126
1,<environment.Job instance at 0x7efd59a63be0>,69,17,[13  1],70,-1,143,-1,126
1,<environment.Job instance at 0x7efd59a632d0>,70,27,[ 2 13],71,-1,153,-1,126
1,<environment.Job instance at 0x7efd59a630f0>,71,17,[11  4],72,-1,143,-1,126
1,<environment.Job instance at 0x7efd59a63f00>,72,27,[ 4 13],73,-1,153,-1,126
1,<environment.Job instance at 0x7efd59a63fa0>,73,15,[14  1],74,-1,141,-1,126
1,<environment.Job instance at 0x7efd59202910>,0,12,[10  1],1,-1,14,-1,2
1,<environment.Job instance at 0x7efd5a819230>,2,20,[ 4 14],3,-1,23,-1,3
1,<environment.Job instance at 0x7efd5a819d70>,3,18,[14  4],4,-1,22,-1,4
1,<environment.Job instance at 0x7efd5a819690>,4,18,[ 3 11],5,-1,23,-1,5
1,<environment.Job instance at 0x7efd5a819550>,6,26,[ 2 11],7,-1,33,-1,7
1,<environment.Job instance at 0x7efd5a8190a0>,7,13,[13  4],8,-1,21,-1,8
1,<environment.Job instance at 0x7efd5a819910>,10,13,[12  4],11,-1,24,-1,11
1,<environment.Job instance at 0x7efd595eeeb0>,11,17,[ 5 13],12,-1,29,-1,12
1,<environment.Job instance at 0x7efd595ee550>,12,16,[ 5 14],13,-1,29,-1,13
1,<environment.Job instance at 0x7efd595ee0a0>,15,17,[ 2 14],16,-1,33,-1,16
1,<environment.Job instance at 0x7efd595eee10>,16,18,[11  3],17,-1,35,-1,17
1,<environment.Job instance at 0x7efd595ee320>,13,25,[5 8],14,-1,44,-1,19
1,<environment.Job instance at 0x7efd59a63500>,20,15,[14  4],21,-1,41,-1,26
1,<environment.Job instance at 0x7efd59a63f00>,21,24,[11  3],22,-1,50,-1,26
1,<environment.Job instance at 0x7efd59a63d20>,22,15,[ 5 12],23,-1,41,-1,26
1,<environment.Job instance at 0x7efd59a63960>,23,26,[ 1 12],24,-1,52,-1,26
1,<environment.Job instance at 0x7efd59a63dc0>,24,23,[ 4 10],25,-1,54,-1,31
1,<environment.Job instance at 0x7efd59a63e60>,25,25,[1 8],26,-1,56,-1,31
1,<environment.Job instance at 0x7efd59a63690>,26,27,[ 3 12],27,-1,58,-1,31
1,<environment.Job instance at 0x7efd59a63780>,28,28,[12  4],29,-1,59,-1,31
1,<environment.Job instance at 0x7efd59a636e0>,30,28,[11  4],31,-1,59,-1,31
1,<environment.Job instance at 0x7efd59a63870>,32,24,[13  1],33,-1,62,-1,38
1,<environment.Job instance at 0x7efd59a63c80>,33,12,[14  5],34,-1,50,-1,38
1,<environment.Job instance at 0x7efd59a63aa0>,31,26,[5 7],32,-1,69,-1,43
1,<environment.Job instance at 0x7efd59a63640>,35,26,[6 3],36,-1,69,-1,43
1,<environment.Job instance at 0x7efd5a90f910>,36,17,[ 1 14],37,-1,60,-1,43
1,<environment.Job instance at 0x7efd59e2ecd0>,37,18,[14  3],38,-1,61,-1,43
1,<environment.Job instance at 0x7efd59a63910>,38,25,[11  3],39,-1,68,-1,43
1,<environment.Job instance at 0x7efd633921e0>,39,17,[14  4],40,-1,60,-1,43
1,<environment.Job instance at 0x7efd5a79a870>,42,18,[14  4],43,-1,61,-1,43
1,<environment.Job instance at 0x7efd5a796550>,46,16,[13  1],47,-1,73,-1,57
1,<environment.Job instance at 0x7efd5a796b90>,47,28,[ 4 12],48,-1,85,-1,57
1,<environment.Job instance at 0x7efd5a796a00>,48,15,[12  2],49,-1,72,-1,57
1,<environment.Job instance at 0x7efd59bd3370>,50,26,[6 4],51,-1,96,-1,70
1,<environment.Job instance at 0x7efd59bd3280>,52,15,[ 3 13],53,-1,85,-1,70
1,<environment.Job instance at 0x7efd59bde2d0>,54,18,[13  3],55,-1,99,-1,81
1,<environment.Job instance at 0x7efd59c0bc80>,56,13,[ 5 11],57,-1,94,-1,81
1,<environment.Job instance at 0x7efd59c0b960>,57,19,[14  1],58,-1,100,-1,81
1,<environment.Job instance at 0x7efd59bde320>,55,28,[9 4],56,-1,124,-1,96
1,<environment.Job instance at 0x7efd59c090f0>,62,25,[7 5],63,-1,121,-1,96
1,<environment.Job instance at 0x7efd59bf4640>,65,21,[ 5 14],66,-1,119,-1,98
1,<environment.Job instance at 0x7efd59bf45a0>,66,25,[14  4],67,-1,123,-1,98
1,<environment.Job instance at 0x7efd59c09d20>,64,26,[6 1],65,-1,136,-1,110
1,<environment.Job instance at 0x7efd59bf4550>,68,15,[ 3 11],69,-1,125,-1,110
1,<environment.Job instance at 0x7efd59bd25a0>,70,27,[ 4 11],71,-1,137,-1,110
1,<environment.Job instance at 0x7efd59c0aaa0>,73,27,[ 2 11],74,-1,140,-1,113
1,<environment.Job instance at 0x7efd59c0acd0>,74,20,[14  2],75,-1,133,-1,113
1,<environment.Job instance at 0x7efd59c0ac80>,75,26,[14  1],76,-1,139,-1,113
1,<environment.Job instance at 0x7efd59bf3280>,77,25,[13  1],78,-1,150,-1,125
1,<environment.Job instance at 0x7efd62eb8280>,0,23,[6 3],1,-1,24,-1,1
1,<environment.Job instance at 0x7efd62eb8780>,3,18,[7 4],4,-1,23,-1,5
1,<environment.Job instance at 0x7efd62eb88c0>,7,20,[5 7],8,-1,28,-1,8
1,<environment.Job instance at 0x7efd5a17f4b0>,0,23,[6 3],1,-1,24,-1,1
1,<environment.Job instance at 0x7efd5a8abaa0>,1,16,[ 2 13],2,-1,18,-1,2
1,<environment.Job instance at 0x7efd5a8ab370>,2,21,[ 4 13],3,-1,24,-1,3
1,<environment.Job instance at 0x7efd5a78b230>,5,27,[13  3],6,-1,33,-1,6
1,<environment.Job instance at 0x7efd5a4ccbe0>,8,23,[14  1],9,-1,32,-1,9
1,<environment.Job instance at 0x7efd5a78b5f0>,9,27,[11  2],10,-1,37,-1,10
1,<environment.Job instance at 0x7efd5a3d9b90>,12,22,[ 3 14],13,-1,35,-1,13
1,<environment.Job instance at 0x7efd59e1e0f0>,13,15,[13  2],14,-1,29,-1,14
1,<environment.Job instance at 0x7efd5a13c4b0>,14,16,[11  3],15,-1,31,-1,15
1,<environment.Job instance at 0x7efd5a78b370>,6,24,[3 9],7,-1,43,-1,19
1,<environment.Job instance at 0x7efd5986b050>,18,23,[13  2],19,-1,42,-1,19
1,<environment.Job instance at 0x7efd5986beb0>,19,16,[ 3 14],20,-1,36,-1,20
1,<environment.Job instance at 0x7efd595c0280>,20,16,[13  5],21,-1,37,-1,21
1,<environment.Job instance at 0x7efd593230f0>,17,23,[9 3],18,-1,45,-1,22
1,<environment.Job instance at 0x7efd5a072b90>,23,17,[11  4],24,-1,41,-1,24
1,<environment.Job instance at 0x7efd59bdfd20>,24,28,[13  5],25,-1,53,-1,25
1,<environment.Job instance at 0x7efd59bdfb90>,25,27,[6 1],26,-1,62,-1,35
1,<environment.Job instance at 0x7efd59bdfb40>,27,17,[ 5 11],28,-1,52,-1,35
1,<environment.Job instance at 0x7efd59e3c1e0>,29,19,[ 5 12],30,-1,54,-1,35
1,<environment.Job instance at 0x7efd59bf38c0>,31,24,[14  3],32,-1,60,-1,36
1,<environment.Job instance at 0x7efd59bf3f50>,32,23,[ 1 14],33,-1,59,-1,36
1,<environment.Job instance at 0x7efd59bf3190>,33,24,[12  2],34,-1,60,-1,36
1,<environment.Job instance at 0x7efd59bf3230>,34,28,[3 6],35,-1,75,-1,47
1,<environment.Job instance at 0x7efd59c0ac30>,35,21,[ 2 14],36,-1,68,-1,47
1,<environment.Job instance at 0x7efd59bf3550>,36,15,[13  5],37,-1,62,-1,47
1,<environment.Job instance at 0x7efd59bd2730>,40,12,[ 1 12],41,-1,62,-1,50
1,<environment.Job instance at 0x7efd59bd25a0>,41,21,[ 2 12],42,-1,71,-1,50
1,<environment.Job instance at 0x7efd59bf4500>,42,15,[13  4],43,-1,65,-1,50
1,<environment.Job instance at 0x7efd59bd2690>,39,25,[ 3 10],40,-1,86,-1,61
1,<environment.Job instance at 0x7efd59bf46e0>,43,28,[3 8],44,-1,89,-1,61
1,<environment.Job instance at 0x7efd59c09050>,46,14,[11  3],47,-1,75,-1,61
1,<environment.Job instance at 0x7efd59bf4640>,44,24,[9 3],45,-1,86,-1,62
1,<environment.Job instance at 0x7efd59c0bbe0>,49,26,[3 8],50,-1,88,-1,62
1,<environment.Job instance at 0x7efd59c0bfa0>,50,16,[ 5 12],51,-1,78,-1,62
1,<environment.Job instance at 0x7efd59c0b960>,51,24,[13  4],52,-1,86,-1,62
1,<environment.Job instance at 0x7efd59c0b190>,52,27,[8 2],53,-1,89,-1,62
1,<environment.Job instance at 0x7efd59bde4b0>,53,25,[14  2],54,-1,87,-1,62
1,<environment.Job instance at 0x7efd59bde410>,54,27,[4 5],55,-1,89,-1,62
1,<environment.Job instance at 0x7efd59bde320>,55,23,[12  2],56,-1,85,-1,62
1,<environment.Job instance at 0x7efd59bf4fa0>,45,28,[9 3],46,-1,90,-1,62
1,<environment.Job instance at 0x7efd59bd3280>,58,14,[13  1],59,-1,76,-1,62
1,<environment.Job instance at 0x7efd5a796af0>,59,18,[ 2 13],60,-1,80,-1,62
1,<environment.Job instance at 0x7efd5a796b90>,60,17,[ 4 11],61,-1,79,-1,62
1,<environment.Job instance at 0x7efd59853780>,62,14,[ 3 11],63,-1,89,-1,75
1,<environment.Job instance at 0x7efd59e2ecd0>,63,17,[ 5 13],64,-1,92,-1,75
1,<environment.Job instance at 0x7efd5a90f910>,64,22,[13  3],65,-1,97,-1,75
1,<environment.Job instance at 0x7efd717291e0>,65,13,[ 3 13],66,-1,88,-1,75
1,<environment.Job instance at 0x7efd5a79ad70>,66,14,[12  1],67,-1,89,-1,75
1,<environment.Job instance at 0x7efd62eb85a0>,68,17,[ 3 13],69,-1,92,-1,75
1,<environment.Job instance at 0x7efd59a75b40>,69,28,[3 7],70,-1,103,-1,75
1,<environment.Job instance at 0x7efd59a750a0>,70,20,[11  2],71,-1,95,-1,75
1,<environment.Job instance at 0x7efd59a75c80>,71,19,[ 2 12],72,-1,94,-1,75
1,<environment.Job instance at 0x7efd59a75230>,72,18,[ 3 11],73,-1,93,-1,75
1,<environment.Job instance at 0x7efd59a753c0>,73,14,[ 4 12],74,-1,89,-1,75
1,<environment.Job instance at 0x7efd59a75640>,74,19,[ 5 11],75,-1,94,-1,75
1,<environment.Job instance at 0x7efd59a752d0>,75,14,[ 5 13],76,-1,90,-1,76
1,<environment.Job instance at 0x7efd59a75aa0>,77,21,[13  5],78,-1,99,-1,78
1,<environment.Job instance at 0x7efd59a75cd0>,78,17,[11  1],79,-1,96,-1,79
1,<environment.Job instance at 0x7efd59a75eb0>,79,23,[ 1 14],80,-1,103,-1,80
1,<environment.Job instance at 0x7efd59a75320>,81,14,[ 5 14],82,-1,96,-1,82
1,<environment.Job instance at 0x7efd59a75f00>,82,15,[ 2 14],83,-1,98,-1,83
1,<environment.Job instance at 0x7efd59a75d70>,84,14,[13  5],85,-1,99,-1,85
1,<environment.Job instance at 0x7efd59e21910>,86,22,[ 4 11],87,-1,109,-1,87
1,<environment.Job instance at 0x7efd59e210f0>,85,26,[1 9],86,-1,119,-1,93
1,<environment.Job instance at 0x7efd59e212d0>,89,24,[ 3 14],90,-1,117,-1,93
1,<environment.Job instance at 0x7efd59e21e60>,90,28,[ 5 11],91,-1,121,-1,93
1,<environment.Job instance at 0x7efd59e21780>,91,17,[ 5 12],92,-1,110,-1,93
1,<environment.Job instance at 0x7efd59e21e10>,88,24,[10  5],89,-1,117,-1,93
1,<environment.Job instance at 0x7efd59e216e0>,94,22,[11  2],95,-1,117,-1,95
1,<environment.Job instance at 0x7efd59e21aa0>,96,24,[7 1],97,-1,131,-1,107
1,<environment.Job instance at 0x7efd59e21f50>,98,21,[ 1 12],99,-1,128,-1,107
1,<environment.Job instance at 0x7efd59e211e0>,99,12,[ 3 11],100,-1,119,-1,107
1,<environment.Job instance at 0x7efd59e21050>,100,24,[6 1],101,-1,136,-1,112
1,<environment.Job instance at 0x7efd59e21280>,101,28,[12  1],102,-1,140,-1,112
1,<environment.Job instance at 0x7efd59e21640>,102,25,[14  3],103,-1,137,-1,112
1,<environment.Job instance at 0x7efd59e21af0>,103,25,[12  4],104,-1,137,-1,112
1,<environment.Job instance at 0x7efd59e21960>,104,19,[14  1],105,-1,131,-1,112
1,<environment.Job instance at 0x7efd5a2cd230>,105,21,[11  5],106,-1,133,-1,112
1,<environment.Job instance at 0x7efd5a2cd6e0>,106,13,[11  4],107,-1,125,-1,112
1,<environment.Job instance at 0x7efd5a2cd910>,107,25,[8 5],108,-1,148,-1,123
1,<environment.Job instance at 0x7efd5a2cd960>,110,12,[ 3 14],111,-1,135,-1,123
1,<environment.Job instance at 0x7efd5a2cd0a0>,111,15,[ 4 13],112,-1,138,-1,123
1,<environment.Job instance at 0x7efd5a2cd9b0>,113,13,[11  4],114,-1,137,-1,124
1,<environment.Job instance at 0x7efd5a17fd70>,2,19,[2 6],3,-1,23,-1,4
1,<environment.Job instance at 0x7efd5a8536e0>,3,17,[13  2],4,-1,21,-1,4
1,<environment.Job instance at 0x7efd59f86910>,8,25,[5 4],9,-1,34,-1,9
1,<environment.Job instance at 0x7efd5a2cd7d0>,1,25,[13  1],2,-1,27,-1,2
1,<environment.Job instance at 0x7efd5a2cd4b0>,3,17,[13  2],4,-1,21,-1,4
1,<environment.Job instance at 0x7efd5a2cd410>,5,23,[13  4],6,-1,29,-1,6
1,<environment.Job instance at 0x7efd5a2cdeb0>,8,25,[5 4],9,-1,34,-1,9
1,<environment.Job instance at 0x7efd5a2cda00>,10,21,[13  4],11,-1,32,-1,11
1,<environment.Job instance at 0x7efd5a2cd500>,4,27,[3 9],5,-1,41,-1,14
1,<environment.Job instance at 0x7efd5a2cd0a0>,12,12,[13  4],13,-1,26,-1,14
1,<environment.Job instance at 0x7efd5a2cd9b0>,7,26,[1 9],8,-1,40,-1,14
1,<environment.Job instance at 0x7efd5a2cdfa0>,14,19,[12  3],15,-1,34,-1,15
1,<environment.Job instance at 0x7efd5a2cd370>,15,17,[ 5 11],16,-1,33,-1,16
1,<environment.Job instance at 0x7efd59a75d70>,19,18,[14  2],20,-1,48,-1,30
1,<environment.Job instance at 0x7efd59a757d0>,20,15,[14  3],21,-1,45,-1,30
1,<environment.Job instance at 0x7efd59a75eb0>,22,17,[12  2],23,-1,47,-1,30
1,<environment.Job instance at 0x7efd59a75050>,23,20,[ 5 12],24,-1,50,-1,30
1,<environment.Job instance at 0x7efd59a75aa0>,24,28,[ 5 11],25,-1,58,-1,30
1,<environment.Job instance at 0x7efd5a2cd230>,16,28,[ 1 10],17,-1,75,-1,47
1,<environment.Job instance at 0x7efd59a75870>,26,23,[ 5 11],27,-1,70,-1,47
1,<environment.Job instance at 0x7efd59a75960>,27,24,[10  2],28,-1,71,-1,47
1,<environment.Job instance at 0x7efd59a75460>,28,28,[14  5],29,-1,75,-1,47
1,<environment.Job instance at 0x7efd59a75fa0>,30,13,[12  1],31,-1,60,-1,47
1,<environment.Job instance at 0x7efd59a75c30>,31,28,[ 5 11],32,-1,75,-1,47
1,<environment.Job instance at 0x7efd59e2ecd0>,33,18,[ 4 11],34,-1,65,-1,47
1,<environment.Job instance at 0x7efd717291e0>,34,28,[7 4],35,-1,75,-1,47
1,<environment.Job instance at 0x7efd62eb8730>,35,19,[14  5],36,-1,66,-1,47
1,<environment.Job instance at 0x7efd62eb8320>,36,24,[11  2],37,-1,71,-1,47
1,<environment.Job instance at 0x7efd5a79aaa0>,38,13,[14  2],39,-1,60,-1,47
1,<environment.Job instance at 0x7efd5a796140>,39,13,[ 4 14],40,-1,60,-1,47
1,<environment.Job instance at 0x7efd5a796a00>,40,24,[8 2],41,-1,71,-1,47
1,<environment.Job instance at 0x7efd59bd30a0>,43,26,[13  5],44,-1,73,-1,47
1,<environment.Job instance at 0x7efd59bd3320>,44,17,[ 4 14],45,-1,64,-1,47
1,<environment.Job instance at 0x7efd59bd3910>,45,15,[11  2],46,-1,62,-1,47
1,<environment.Job instance at 0x7efd59bde3c0>,46,16,[ 4 14],47,-1,63,-1,47
1,<environment.Job instance at 0x7efd59bde4b0>,47,25,[ 4 11],48,-1,73,-1,48
1,<environment.Job instance at 0x7efd59c0bfa0>,48,20,[ 1 14],49,-1,69,-1,49
1,<environment.Job instance at 0x7efd59c0b280>,49,20,[ 2 11],50,-1,70,-1,50
1,<environment.Job instance at 0x7efd59c0bbe0>,50,15,[ 1 13],51,-1,66,-1,51
1,<environment.Job instance at 0x7efd59c09050>,51,16,[ 3 12],52,-1,68,-1,52
1,<environment.Job instance at 0x7efd59c09d20>,53,23,[5 6],54,-1,85,-1,62
1,<environment.Job instance at 0x7efd59c090a0>,54,24,[5 6],55,-1,86,-1,62
1,<environment.Job instance at 0x7efd59bf45a0>,56,24,[ 5 14],57,-1,86,-1,62
1,<environment.Job instance at 0x7efd59bf46e0>,58,26,[ 5 13],59,-1,88,-1,62
1,<environment.Job instance at 0x7efd59bd2640>,59,13,[12  2],60,-1,75,-1,62
1,<environment.Job instance at 0x7efd59bd2b40>,60,24,[ 5 13],61,-1,86,-1,62
1,<environment.Job instance at 0x7efd59bd25a0>,61,23,[ 5 12],62,-1,85,-1,62
1,<environment.Job instance at 0x7efd59c0ac30>,62,15,[14  2],63,-1,78,-1,63
1,<environment.Job instance at 0x7efd59bf3f50>,63,25,[ 2 12],64,-1,89,-1,64
1,<environment.Job instance at 0x7efd59c0abe0>,65,24,[14  2],66,-1,101,-1,77
1,<environment.Job instance at 0x7efd5a7bcbe0>,66,15,[ 5 12],67,-1,92,-1,77
1,<environment.Job instance at 0x7efd59bf3320>,68,27,[2 9],69,-1,105,-1,78
1,<environment.Job instance at 0x7efd59e3c370>,69,19,[ 4 13],70,-1,97,-1,78
1,<environment.Job instance at 0x7efd59e3c280>,70,21,[ 5 13],71,-1,99,-1,78
1,<environment.Job instance at 0x7efd59bdf7d0>,72,24,[7 1],73,-1,115,-1,91
1,<environment.Job instance at 0x7efd59dcccd0>,73,23,[6 3],74,-1,114,-1,91
1,<environment.Job instance at 0x7efd5a072b90>,76,16,[14  5],77,-1,108,-1,92
1,<environment.Job instance at 0x7efd59dd2b40>,77,18,[ 4 11],78,-1,110,-1,92
1,<environment.Job instance at 0x7efd5a06a7d0>,78,25,[2 5],79,-1,118,-1,93
1,<environment.Job instance at 0x7efd58fc1500>,79,13,[12  3],80,-1,106,-1,93
1,<environment.Job instance at 0x7efd595c0960>,80,25,[10  2],81,-1,130,-1,105
1,<environment.Job instance at 0x7efd595c0280>,81,28,[ 5 14],82,-1,133,-1,105
1,<environment.Job instance at 0x7efd59e1e230>,83,17,[12  5],84,-1,122,-1,105
1,<environment.Job instance at 0x7efd59e1e1e0>,85,27,[13  3],86,-1,139,-1,112
1,<environment.Job instance at 0x7efd59bb9190>,0,19,[5 8],1,-1,20,-1,1
1,<environment.Job instance at 0x7efd59bb90f0>,2,19,[8 1],3,-1,23,-1,4
1,<environment.Job instance at 0x7efd59bb9050>,5,23,[1 6],6,-1,29,-1,6
1,<environment.Job instance at 0x7efd59bb9550>,7,20,[1 7],8,-1,28,-1,8
1,<environment.Job instance at 0x7efd59bb9b90>,8,24,[7 2],9,-1,33,-1,9
1,<environment.Job instance at 0x7efd59bb9910>,9,15,[9 4],10,-1,25,-1,10
1,<environment.Job instance at 0x7efd59bb97d0>,11,14,[ 3 12],12,-1,26,-1,12
1,<environment.Job instance at 0x7efd59bb9eb0>,12,16,[8 2],13,-1,29,-1,13
1,<environment.Job instance at 0x7efd59bb9500>,13,19,[ 4 11],14,-1,33,-1,14
1,<environment.Job instance at 0x7efd59bb9140>,14,14,[4 7],15,-1,29,-1,15
1,<environment.Job instance at 0x7efd59bb9460>,15,28,[8 4],16,-1,44,-1,16
1,<environment.Job instance at 0x7efd591f9d20>,1,27,[12  3],2,-1,29,-1,2
1,<environment.Job instance at 0x7efd591f9820>,3,26,[ 4 11],4,-1,30,-1,4
1,<environment.Job instance at 0x7efd591f9140>,5,23,[1 6],6,-1,29,-1,6
1,<environment.Job instance at 0x7efd591f9cd0>,6,24,[ 5 12],7,-1,31,-1,7
1,<environment.Job instance at 0x7efd591f90a0>,10,14,[14  5],11,-1,25,-1,11
1,<environment.Job instance at 0x7efd5a518230>,11,14,[ 3 12],12,-1,26,-1,12
1,<environment.Job instance at 0x7efd5a518fa0>,13,19,[ 4 11],14,-1,39,-1,20
1,<environment.Job instance at 0x7efd5a5283c0>,8,24,[7 2],9,-1,44,-1,20
1,<environment.Job instance at 0x7efd5a5274b0>,16,17,[13  5],17,-1,37,-1,20
1,<environment.Job instance at 0x7efd595379b0>,17,17,[ 4 13],18,-1,37,-1,20
1,<environment.Job instance at 0x7efd59537b90>,18,15,[ 5 11],19,-1,35,-1,20
1,<environment.Job instance at 0x7efd59537f00>,19,13,[14  4],20,-1,33,-1,20
1,<environment.Job instance at 0x7efd5951b0f0>,20,15,[13  5],21,-1,36,-1,21
1,<environment.Job instance at 0x7efd59537410>,15,28,[8 4],16,-1,50,-1,22
1,<environment.Job instance at 0x7efd5951b960>,22,28,[13  3],23,-1,51,-1,23
1,<environment.Job instance at 0x7efd595271e0>,23,25,[ 1 14],24,-1,49,-1,24
1,<environment.Job instance at 0x7efd59527370>,24,19,[13  4],25,-1,44,-1,25
1,<environment.Job instance at 0x7efd59527640>,26,16,[ 5 13],27,-1,43,-1,27
1,<environment.Job instance at 0x7efd59513be0>,27,25,[ 4 11],28,-1,53,-1,28
1,<environment.Job instance at 0x7efd59513690>,30,26,[ 1 11],31,-1,59,-1,33
1,<environment.Job instance at 0x7efd5a4f7500>,31,23,[ 3 13],32,-1,56,-1,33
1,<environment.Job instance at 0x7efd595133c0>,33,20,[11  5],34,-1,54,-1,34
1,<environment.Job instance at 0x7efd5a6eaaa0>,35,18,[12  1],36,-1,54,-1,36
1,<environment.Job instance at 0x7efd5a4f7dc0>,32,26,[4 9],33,-1,74,-1,48
1,<environment.Job instance at 0x7efd5a6ca5f0>,39,23,[6 1],40,-1,71,-1,48
1,<environment.Job instance at 0x7efd59e68910>,40,27,[2 7],41,-1,75,-1,48
1,<environment.Job instance at 0x7efd5a6d4a00>,42,16,[ 2 14],43,-1,64,-1,48
1,<environment.Job instance at 0x7efd5a6d8370>,45,13,[11  4],46,-1,64,-1,51
1,<environment.Job instance at 0x7efd5a6d85f0>,46,13,[ 4 14],47,-1,64,-1,51
1,<environment.Job instance at 0x7efd5950efa0>,48,24,[ 1 10],49,-1,92,-1,68
1,<environment.Job instance at 0x7efd5950ef00>,50,28,[14  4],51,-1,96,-1,68
1,<environment.Job instance at 0x7efd5950ee10>,51,23,[1 5],52,-1,91,-1,68
1,<environment.Job instance at 0x7efd592f60a0>,52,24,[ 5 13],53,-1,92,-1,68
1,<environment.Job instance at 0x7efd5a6d8500>,43,27,[10  1],44,-1,103,-1,76
1,<environment.Job instance at 0x7efd5950ea50>,54,23,[4 8],55,-1,104,-1,81
1,<environment.Job instance at 0x7efd5a6dd0a0>,57,26,[2 8],58,-1,107,-1,81
1,<environment.Job instance at 0x7efd5a6dd500>,58,21,[13  1],59,-1,102,-1,81
1,<environment.Job instance at 0x7efd5a6dd960>,59,12,[ 5 12],60,-1,93,-1,81
1,<environment.Job instance at 0x7efd5a51a0f0>,60,26,[ 2 13],61,-1,107,-1,81
1,<environment.Job instance at 0x7efd5a6ddaf0>,62,19,[ 4 13],63,-1,100,-1,81
1,<environment.Job instance at 0x7efd5951f050>,63,21,[ 4 14],64,-1,102,-1,81
1,<environment.Job instance at 0x7efd5951feb0>,64,17,[ 4 12],65,-1,98,-1,81
1,<environment.Job instance at 0x7efd5a0f3640>,65,26,[6 5],66,-1,117,-1,91
1,<environment.Job instance at 0x7efd5951f4b0>,66,14,[12  1],67,-1,105,-1,91
1,<environment.Job instance at 0x7efd5951fe10>,67,22,[13  2],68,-1,113,-1,91
1,<environment.Job instance at 0x7efd5a524be0>,68,20,[14  5],69,-1,111,-1,91
1,<environment.Job instance at 0x7efd5a524c80>,69,16,[ 4 14],70,-1,107,-1,91
1,<environment.Job instance at 0x7efd5a10c910>,70,13,[ 4 12],71,-1,104,-1,91
1,<environment.Job instance at 0x7efd5a524f00>,71,24,[10  5],72,-1,115,-1,91
1,<environment.Job instance at 0x7efd5a524d20>,72,26,[ 2 14],73,-1,117,-1,91
1,<environment.Job instance at 0x7efd5a1209b0>,76,20,[ 3 11],77,-1,126,-1,106
1,<environment.Job instance at 0x7efd5a1200f0>,77,14,[ 2 12],78,-1,120,-1,106
1,<environment.Job instance at 0x7efd59492820>,78,15,[12  3],79,-1,121,-1,106
1,<environment.Job instance at 0x7efd59fd9460>,79,18,[14  2],80,-1,124,-1,106
1,<environment.Job instance at 0x7efd59fd9d20>,80,15,[12  5],81,-1,121,-1,106
1,<environment.Job instance at 0x7efd5a6bb0f0>,83,23,[5 9],84,-1,149,-1,126
1,<environment.Job instance at 0x7efd594b8e60>,86,24,[ 2 13],87,-1,150,-1,126
1,<environment.Job instance at 0x7efd5a6bb050>,87,12,[13  4],88,-1,138,-1,126
1,<environment.Job instance at 0x7efd594a7b40>,88,13,[ 1 11],89,-1,139,-1,126
1,<environment.Job instance at 0x7efd59fcf690>,89,25,[ 5 11],90,-1,151,-1,126
1,<environment.Job instance at 0x7efd596a9af0>,2,16,[ 3 10],3,-1,20,-1,4
1,<environment.Job instance at 0x7efd596a9500>,5,27,[ 5 12],6,-1,36,-1,9
1,<environment.Job instance at 0x7efd596a9f50>,4,16,[ 2 11],5,-1,25,-1,9
1,<environment.Job instance at 0x7efd596a9320>,9,28,[2 9],10,-1,38,-1,10
1,<environment.Job instance at 0x7efd596adcd0>,10,14,[9 2],11,-1,25,-1,11
1,<environment.Job instance at 0x7efd596a92d0>,6,17,[ 4 13],7,-1,28,-1,11
1,<environment.Job instance at 0x7efd596addc0>,12,15,[ 3 11],13,-1,29,-1,14
1,<environment.Job instance at 0x7efd596a90f0>,8,25,[ 1 12],9,-1,39,-1,14
1,<environment.Job instance at 0x7efd596ad2d0>,13,20,[ 4 12],14,-1,34,-1,14
1,<environment.Job instance at 0x7efd59ecb5f0>,0,17,[13  4],1,-1,18,-1,1
1,<environment.Job instance at 0x7efd592f60a0>,1,27,[6 2],2,-1,29,-1,2
1,<environment.Job instance at 0x7efd5949de60>,4,16,[ 2 11],5,-1,21,-1,5
1,<environment.Job instance at 0x7efd596a9910>,5,27,[ 5 12],6,-1,33,-1,6
1,<environment.Job instance at 0x7efd596a9b40>,6,17,[ 4 13],7,-1,24,-1,7
1,<environment.Job instance at 0x7efd596a93c0>,7,28,[9 4],8,-1,36,-1,8
1,<environment.Job instance at 0x7efd596a97d0>,8,25,[ 1 12],9,-1,34,-1,9
1,<environment.Job instance at 0x7efd59697820>,11,14,[14  3],12,-1,26,-1,12
1,<environment.Job instance at 0x7efd59697dc0>,12,15,[ 3 11],13,-1,28,-1,13
1,<environment.Job instance at 0x7efd596970a0>,13,20,[ 4 12],14,-1,34,-1,14
1,<environment.Job instance at 0x7efd59697c80>,14,28,[ 5 14],15,-1,43,-1,15
1,<environment.Job instance at 0x7efd596974b0>,15,17,[ 3 14],16,-1,33,-1,16
1,<environment.Job instance at 0x7efd59697730>,9,28,[2 9],10,-1,47,-1,19
1,<environment.Job instance at 0x7efd59697500>,16,27,[ 3 10],17,-1,46,-1,19
1,<environment.Job instance at 0x7efd596a3dc0>,21,27,[6 4],22,-1,52,-1,25
1,<environment.Job instance at 0x7efd596a34b0>,23,25,[2 8],24,-1,57,-1,32
1,<environment.Job instance at 0x7efd596a35a0>,27,28,[ 5 11],28,-1,60,-1,32
1,<environment.Job instance at 0x7efd596a32d0>,29,13,[11  4],30,-1,45,-1,32
1,<environment.Job instance at 0x7efd596a3910>,30,21,[12  2],31,-1,53,-1,32
1,<environment.Job instance at 0x7efd596a39b0>,31,23,[ 2 12],32,-1,55,-1,32
1,<environment.Job instance at 0x7efd591527d0>,32,26,[ 2 13],33,-1,59,-1,33
1,<environment.Job instance at 0x7efd59152f00>,33,17,[13  3],34,-1,51,-1,34
1,<environment.Job instance at 0x7efd591524b0>,34,22,[13  2],35,-1,57,-1,35
1,<environment.Job instance at 0x7efd59152dc0>,36,13,[ 2 14],37,-1,50,-1,37
1,<environment.Job instance at 0x7efd59152e60>,37,22,[ 3 14],38,-1,60,-1,38
1,<environment.Job instance at 0x7efd59152be0>,38,28,[ 3 13],39,-1,67,-1,39
1,<environment.Job instance at 0x7efd591521e0>,39,27,[14  1],40,-1,67,-1,40
1,<environment.Job instance at 0x7efd591522d0>,41,17,[13  4],42,-1,61,-1,44
1,<environment.Job instance at 0x7efd59152d70>,42,27,[7 4],43,-1,73,-1,46
1,<environment.Job instance at 0x7efd59152c30>,43,14,[ 5 12],44,-1,60,-1,46
1,<environment.Job instance at 0x7efd59152c80>,44,23,[13  4],45,-1,69,-1,46
1,<environment.Job instance at 0x7efd59152640>,46,15,[14  3],47,-1,62,-1,47
1,<environment.Job instance at 0x7efd5916efa0>,47,25,[ 3 10],48,-1,81,-1,56
1,<environment.Job instance at 0x7efd5916e370>,50,17,[ 5 13],51,-1,74,-1,57
1,<environment.Job instance at 0x7efd5916e730>,51,28,[10  2],52,-1,99,-1,71
1,<environment.Job instance at 0x7efd5916ea50>,53,21,[13  1],54,-1,92,-1,71
1,<environment.Job instance at 0x7efd5916e5f0>,52,24,[9 3],53,-1,95,-1,71
1,<environment.Job instance at 0x7efd5916e820>,56,27,[11  3],57,-1,98,-1,71
1,<environment.Job instance at 0x7efd59162f50>,62,24,[8 5],63,-1,135,-1,111
1,<environment.Job instance at 0x7efd59162eb0>,63,14,[14  1],64,-1,125,-1,111
1,<environment.Job instance at 0x7efd59162500>,64,24,[8 5],65,-1,135,-1,111
1,<environment.Job instance at 0x7efd59162960>,65,22,[13  5],66,-1,133,-1,111
1,<environment.Job instance at 0x7efd59162b90>,69,17,[ 5 13],70,-1,145,-1,128
1,<environment.Job instance at 0x7efd59162b40>,70,26,[ 3 14],71,-1,154,-1,128
1,<environment.Job instance at 0x7efd5a50c0a0>,1,19,[9 1],2,-1,22,-1,3
1,<environment.Job instance at 0x7efd5a50cb40>,3,17,[1 8],4,-1,21,-1,4
1,<environment.Job instance at 0x7efd591a2730>,4,26,[1 5],5,-1,31,-1,5
1,<environment.Job instance at 0x7efd5a50c9b0>,7,17,[5 9],8,-1,26,-1,9
1,<environment.Job instance at 0x7efd59e8ba50>,15,22,[ 1 12],16,-1,60,-1,38
1,<environment.Job instance at 0x7efd591a2870>,9,20,[9 1],10,-1,59,-1,39
1,<environment.Job instance at 0x7efd591a2190>,12,14,[8 4],13,-1,53,-1,39
1,<environment.Job instance at 0x7efd59e8beb0>,18,24,[7 2],19,-1,63,-1,39
1,<environment.Job instance at 0x7efd59e8b050>,19,23,[3 8],20,-1,62,-1,39
1,<environment.Job instance at 0x7efd59e8b370>,20,19,[ 5 14],21,-1,58,-1,39
1,<environment.Job instance at 0x7efd59e8bd70>,21,13,[4 5],22,-1,52,-1,39
1,<environment.Job instance at 0x7efd59e8b730>,17,14,[11  2],18,-1,53,-1,39
1,<environment.Job instance at 0x7efd59e8b1e0>,22,26,[ 1 13],23,-1,65,-1,39
1,<environment.Job instance at 0x7efd59e8baa0>,24,22,[1 8],25,-1,63,-1,41
1,<environment.Job instance at 0x7efd59e8b870>,23,14,[8 4],24,-1,55,-1,41
1,<environment.Job instance at 0x7efd59e8bb40>,27,20,[5 4],28,-1,61,-1,41
1,<environment.Job instance at 0x7efd59e8bdc0>,29,16,[9 4],30,-1,57,-1,41
1,<environment.Job instance at 0x7efd59e8b190>,30,23,[6 4],31,-1,64,-1,41
1,<environment.Job instance at 0x7efd591a2e60>,14,28,[6 2],15,-1,69,-1,41
1,<environment.Job instance at 0x7efd59e8bbe0>,31,17,[5 5],32,-1,58,-1,41
1,<environment.Job instance at 0x7efd59184dc0>,0,23,[11  1],1,-1,24,-1,1
1,<environment.Job instance at 0x7efd591842d0>,4,26,[1 5],5,-1,31,-1,5
1,<environment.Job instance at 0x7efd59184d20>,5,12,[12  5],6,-1,18,-1,6
1,<environment.Job instance at 0x7efd59184fa0>,6,26,[ 4 12],7,-1,33,-1,7
1,<environment.Job instance at 0x7efd591846e0>,10,16,[ 3 14],11,-1,27,-1,11
1,<environment.Job instance at 0x7efd591845a0>,11,17,[12  1],12,-1,29,-1,12
1,<environment.Job instance at 0x7efd59184690>,14,28,[6 2],15,-1,49,-1,21
1,<environment.Job instance at 0x7efd59184a50>,15,22,[ 1 12],16,-1,43,-1,21
1,<environment.Job instance at 0x7efd59169cd0>,17,14,[11  2],18,-1,35,-1,21
1,<environment.Job instance at 0x7efd59169e60>,18,24,[7 2],19,-1,45,-1,21
1,<environment.Job instance at 0x7efd59169780>,19,23,[3 8],20,-1,44,-1,21
1,<environment.Job instance at 0x7efd59169050>,20,19,[ 5 14],21,-1,40,-1,21
1,<environment.Job instance at 0x7efd591697d0>,22,26,[ 1 13],23,-1,61,-1,35
1,<environment.Job instance at 0x7efd59169910>,25,14,[ 3 13],26,-1,64,-1,50
1,<environment.Job instance at 0x7efd59169820>,26,16,[ 5 13],27,-1,66,-1,50
1,<environment.Job instance at 0x7efd59169730>,28,28,[14  2],29,-1,78,-1,50
1,<environment.Job instance at 0x7efd59150050>,30,23,[6 4],31,-1,85,-1,62
1,<environment.Job instance at 0x7efd59150690>,32,20,[ 1 11],33,-1,82,-1,62
1,<environment.Job instance at 0x7efd591507d0>,34,18,[ 5 13],35,-1,86,-1,68
1,<environment.Job instance at 0x7efd59150d70>,35,14,[12  2],36,-1,82,-1,68
1,<environment.Job instance at 0x7efd59150f50>,37,28,[1 5],38,-1,109,-1,81
1,<environment.Job instance at 0x7efd59150780>,38,21,[14  5],39,-1,102,-1,81
1,<environment.Job instance at 0x7efd59150f00>,39,25,[8 1],40,-1,106,-1,81
1,<environment.Job instance at 0x7efd59150c80>,41,12,[12  3],42,-1,93,-1,81
1,<environment.Job instance at 0x7efd59162640>,44,25,[4 5],45,-1,122,-1,97
1,<environment.Job instance at 0x7efd59162820>,45,25,[10  3],46,-1,122,-1,97
1,<environment.Job instance at 0x7efd59162320>,47,28,[13  4],48,-1,125,-1,97
1,<environment.Job instance at 0x7efd59162b40>,48,20,[13  2],49,-1,117,-1,97
1,<environment.Job instance at 0x7efd59162d20>,49,14,[12  3],50,-1,111,-1,97
1,<environment.Job instance at 0x7efd59162dc0>,50,17,[ 5 13],51,-1,114,-1,97
1,<environment.Job instance at 0x7efd59162be0>,51,13,[11  3],52,-1,110,-1,97
1,<environment.Job instance at 0x7efd59162af0>,52,18,[13  4],53,-1,115,-1,97
1,<environment.Job instance at 0x7efd59162500>,54,12,[ 3 12],55,-1,109,-1,97
1,<environment.Job instance at 0x7efd59162fa0>,55,16,[ 2 11],56,-1,113,-1,97
1,<environment.Job instance at 0x7efd59162f50>,56,27,[14  4],57,-1,124,-1,97
1,<environment.Job instance at 0x7efd59162eb0>,57,25,[ 2 14],58,-1,122,-1,97
1,<environment.Job instance at 0x7efd5916e3c0>,60,20,[ 3 11],61,-1,126,-1,106
1,<environment.Job instance at 0x7efd5916e500>,63,15,[ 2 14],64,-1,130,-1,115
1,<environment.Job instance at 0x7efd5916e870>,64,23,[ 3 14],65,-1,138,-1,115
1,<environment.Job instance at 0x7efd5916e5f0>,65,21,[ 5 13],66,-1,136,-1,115
1,<environment.Job instance at 0x7efd5916e410>,66,16,[ 3 14],67,-1,131,-1,115
1,<environment.Job instance at 0x7efd5916e6e0>,67,17,[11  5],68,-1,132,-1,115
1,<environment.Job instance at 0x7efd5916ef00>,68,14,[11  3],69,-1,129,-1,115
1,<environment.Job instance at 0x7efd5916e910>,70,13,[14  1],71,-1,132,-1,119
1,<environment.Job instance at 0x7efd590455f0>,0,22,[3 5],1,-1,23,-1,1
1,<environment.Job instance at 0x7efd59045a50>,4,22,[2 8],5,-1,28,-1,6
1,<environment.Job instance at 0x7efd59045230>,5,15,[12  3],6,-1,21,-1,6
1,<environment.Job instance at 0x7efd59045910>,6,20,[1 7],7,-1,28,-1,8
1,<environment.Job instance at 0x7efd59045f50>,7,18,[9 3],8,-1,26,-1,8
1,<environment.Job instance at 0x7efd59045af0>,8,16,[3 8],9,-1,26,-1,10
1,<environment.Job instance at 0x7efd5a0cc0a0>,16,21,[12  1],17,-1,38,-1,17
1,<environment.Job instance at 0x7efd5a0cc5a0>,17,14,[5 6],18,-1,32,-1,18
1,<environment.Job instance at 0x7efd5a0cc870>,13,14,[ 1 13],14,-1,35,-1,21
1,<environment.Job instance at 0x7efd5a0dff00>,19,23,[3 9],20,-1,44,-1,21
1,<environment.Job instance at 0x7efd59d46280>,1,27,[ 3 13],2,-1,29,-1,2
1,<environment.Job instance at 0x7efd59ce8d20>,2,27,[4 8],3,-1,30,-1,3
1,<environment.Job instance at 0x7efd59e6d050>,3,17,[ 2 12],4,-1,21,-1,4
1,<environment.Job instance at 0x7efd5a0ee460>,5,15,[12  3],6,-1,21,-1,6
1,<environment.Job instance at 0x7efd59ce6f00>,10,27,[10  3],11,-1,51,-1,24
1,<environment.Job instance at 0x7efd59ce6280>,13,14,[ 1 13],14,-1,38,-1,24
1,<environment.Job instance at 0x7efd59ce6dc0>,11,28,[1 7],12,-1,52,-1,24
1,<environment.Job instance at 0x7efd59ce64b0>,15,13,[13  5],16,-1,37,-1,24
1,<environment.Job instance at 0x7efd5a1723c0>,16,21,[12  1],17,-1,45,-1,24
1,<environment.Job instance at 0x7efd5a172d70>,18,24,[ 2 12],19,-1,48,-1,24
1,<environment.Job instance at 0x7efd5a904500>,20,17,[ 5 14],21,-1,44,-1,27
1,<environment.Job instance at 0x7efd5a91f690>,19,23,[3 9],20,-1,61,-1,38
1,<environment.Job instance at 0x7efd5a7630a0>,22,23,[ 5 13],23,-1,61,-1,38
1,<environment.Job instance at 0x7efd5a763a00>,23,15,[ 3 13],24,-1,53,-1,38
1,<environment.Job instance at 0x7efd59ce6320>,14,23,[3 9],15,-1,61,-1,38
1,<environment.Job instance at 0x7efd59e6ab90>,25,26,[5 8],26,-1,64,-1,38
1,<environment.Job instance at 0x7efd59dc2690>,26,26,[ 4 13],27,-1,64,-1,38
1,<environment.Job instance at 0x7efd5a19b230>,27,26,[5 1],28,-1,64,-1,38
1,<environment.Job instance at 0x7efd59d2dc80>,30,14,[12  2],31,-1,52,-1,38
1,<environment.Job instance at 0x7efd5a91c4b0>,32,27,[ 5 14],33,-1,68,-1,41
1,<environment.Job instance at 0x7efd59cef2d0>,33,23,[11  1],34,-1,64,-1,41
1,<environment.Job instance at 0x7efd5a19aeb0>,38,13,[ 4 13],39,-1,70,-1,57
1,<environment.Job instance at 0x7efd59cd9c80>,40,14,[13  5],41,-1,72,-1,58
1,<environment.Job instance at 0x7efd596400a0>,41,18,[12  5],42,-1,76,-1,58
1,<environment.Job instance at 0x7efd59cd9f00>,43,14,[ 1 14],44,-1,84,-1,70
1,<environment.Job instance at 0x7efd59cd9eb0>,44,12,[ 1 13],45,-1,82,-1,70
1,<environment.Job instance at 0x7efd5a06c820>,45,12,[ 4 12],46,-1,82,-1,70
1,<environment.Job instance at 0x7efd5a06c5a0>,46,20,[ 4 11],47,-1,90,-1,70
1,<environment.Job instance at 0x7efd5a06c050>,47,13,[12  4],48,-1,83,-1,70
1,<environment.Job instance at 0x7efd5a06c320>,48,23,[ 4 13],49,-1,93,-1,70
1,<environment.Job instance at 0x7efd5a06caf0>,49,19,[11  3],50,-1,89,-1,70
1,<environment.Job instance at 0x7efd5a06cd70>,52,14,[ 5 12],53,-1,101,-1,87
1,<environment.Job instance at 0x7efd59d05190>,54,14,[ 5 12],55,-1,104,-1,90
1,<environment.Job instance at 0x7efd59d05370>,55,14,[ 5 14],56,-1,104,-1,90
1,<environment.Job instance at 0x7efd5a178dc0>,57,23,[14  1],58,-1,122,-1,99
1,<environment.Job instance at 0x7efd5a178410>,58,14,[12  1],59,-1,113,-1,99
1,<environment.Job instance at 0x7efd5a178d20>,59,14,[ 1 12],60,-1,113,-1,99
1,<environment.Job instance at 0x7efd5a178820>,61,23,[ 5 12],62,-1,122,-1,99
1,<environment.Job instance at 0x7efd5a1783c0>,63,24,[6 1],64,-1,145,-1,121
1,<environment.Job instance at 0x7efd5a178a50>,64,12,[ 1 13],65,-1,133,-1,121
1,<environment.Job instance at 0x7efd5a747c30>,4,21,[1 9],5,-1,26,-1,5
1,<environment.Job instance at 0x7efd59d3c7d0>,5,17,[3 5],6,-1,23,-1,6
1,<environment.Job instance at 0x7efd59d3ce10>,6,17,[5 8],7,-1,24,-1,7
1,<environment.Job instance at 0x7efd5a85f910>,13,13,[12  1],14,-1,32,-1,19
1,<environment.Job instance at 0x7efd59d3c960>,14,27,[ 2 10],15,-1,46,-1,19
1,<environment.Job instance at 0x7efd59d3c1e0>,19,23,[12  5],20,-1,45,-1,22
1,<environment.Job instance at 0x7efd59d3cb40>,17,23,[ 1 14],18,-1,45,-1,22
1,<environment.Job instance at 0x7efd59d3c230>,20,13,[12  1],21,-1,37,-1,24
1,<environment.Job instance at 0x7efd59d3c280>,7,14,[13  5],8,-1,39,-1,25
1,<environment.Job instance at 0x7efd5a763190>,23,23,[ 2 11],24,-1,48,-1,25
1,<environment.Job instance at 0x7efd5a763910>,22,28,[ 4 14],23,-1,53,-1,25
1,<environment.Job instance at 0x7efd5a763b40>,24,27,[3 8],25,-1,52,-1,25
1,<environment.Job instance at 0x7efd5a763320>,25,20,[7 1],26,-1,46,-1,26
1,<environment.Job instance at 0x7efd5a763410>,26,23,[10  5],27,-1,50,-1,27
1,<environment.Job instance at 0x7efd5a7632d0>,27,25,[14  5],28,-1,53,-1,28
1,<environment.Job instance at 0x7efd5a763a50>,28,23,[4 9],29,-1,52,-1,29
1,<environment.Job instance at 0x7efd5a763230>,29,16,[ 4 11],30,-1,49,-1,33
1,<environment.Job instance at 0x7efd5a763690>,33,21,[7 2],34,-1,65,-1,44
1,<environment.Job instance at 0x7efd5a7637d0>,35,24,[11  5],36,-1,68,-1,44
1,<environment.Job instance at 0x7efd5a763c80>,36,27,[8 3],37,-1,71,-1,44
1,<environment.Job instance at 0x7efd5a763500>,37,28,[13  3],38,-1,72,-1,44
1,<environment.Job instance at 0x7efd5a763b90>,38,26,[ 4 11],39,-1,70,-1,44
1,<environment.Job instance at 0x7efd5a763460>,30,19,[7 4],31,-1,63,-1,44
1,<environment.Job instance at 0x7efd5a7635a0>,40,12,[ 5 13],41,-1,56,-1,44
1,<environment.Job instance at 0x7efd5a763140>,41,18,[12  2],42,-1,65,-1,47
1,<environment.Job instance at 0x7efd5a7631e0>,39,19,[12  4],40,-1,66,-1,47
1,<environment.Job instance at 0x7efd5a928280>,43,23,[11  5],44,-1,70,-1,47
1,<environment.Job instance at 0x7efd5a9284b0>,42,13,[2 8],43,-1,60,-1,47
1,<environment.Job instance at 0x7efd59d3ca50>,10,18,[ 2 13],11,-1,66,-1,48
1,<environment.Job instance at 0x7efd5a928820>,44,22,[11  1],45,-1,70,-1,48
1,<environment.Job instance at 0x7efd5a763af0>,31,14,[13  4],32,-1,62,-1,48
1,<environment.Job instance at 0x7efd5a928190>,45,24,[9 2],46,-1,72,-1,48
1,<environment.Job instance at 0x7efd5a928fa0>,47,18,[ 3 13],48,-1,67,-1,49
1,<environment.Job instance at 0x7efd5a928f00>,48,28,[13  1],49,-1,78,-1,50
1,<environment.Job instance at 0x7efd5a9285a0>,46,16,[ 1 13],47,-1,66,-1,50
1,<environment.Job instance at 0x7efd5a928be0>,49,27,[ 2 14],50,-1,118,-1,91
1,<environment.Job instance at 0x7efd5a7630f0>,21,27,[10  4],22,-1,119,-1,92
1,<environment.Job instance at 0x7efd5a928910>,57,23,[4 7],58,-1,115,-1,92
1,<environment.Job instance at 0x7efd5a734460>,62,23,[ 5 11],63,-1,116,-1,93
1,<environment.Job instance at 0x7efd5a928730>,58,16,[5 9],59,-1,109,-1,93
1,<environment.Job instance at 0x7efd5a928140>,56,27,[13  3],57,-1,120,-1,93
1,<environment.Job instance at 0x7efd5a7345f0>,65,26,[1 5],66,-1,121,-1,95
1,<environment.Job instance at 0x7efd5a7346e0>,64,23,[ 4 14],65,-1,119,-1,96
1,<environment.Job instance at 0x7efd5a734140>,63,21,[8 2],64,-1,117,-1,96
1,<environment.Job instance at 0x7efd5a734320>,66,16,[12  3],67,-1,119,-1,103
1,<environment.Job instance at 0x7efd5a7343c0>,71,21,[12  5],72,-1,124,-1,103
1,<environment.Job instance at 0x7efd5a928b90>,59,16,[ 3 11],60,-1,122,-1,106
1,<environment.Job instance at 0x7efd5a734c80>,72,20,[6 5],73,-1,127,-1,107
1,<environment.Job instance at 0x7efd5a7344b0>,77,22,[12  3],78,-1,145,-1,123
1,<environment.Job instance at 0x7efd5a734550>,78,25,[14  2],79,-1,148,-1,123
1,<environment.Job instance at 0x7efd5a734e10>,70,20,[1 5],71,-1,143,-1,123
1,<environment.Job instance at 0x7efd5a07c7d0>,81,12,[2 6],82,-1,135,-1,123
1,<environment.Job instance at 0x7efd5a07c5a0>,82,13,[7 2],83,-1,136,-1,123
1,<environment.Job instance at 0x7efd5a734f00>,73,14,[ 5 13],74,-1,137,-1,123
1,<environment.Job instance at 0x7efd5a734730>,80,17,[8 1],81,-1,140,-1,123
1,<environment.Job instance at 0x7efd5a07c960>,83,27,[12  1],84,-1,152,-1,125
1,<environment.Job instance at 0x7efd5a928780>,51,15,[13  2],52,-1,140,-1,125
1,<environment.Job instance at 0x7efd5a928870>,50,27,[ 3 13],51,-1,154,-1,127
1,<environment.Job instance at 0x7efd5a07c690>,86,24,[ 4 10],87,-1,151,-1,127
1,<environment.Job instance at 0x7efd5a07cc80>,87,18,[13  3],88,-1,145,-1,127
1,<environment.Job instance at 0x7efd5a07cb40>,85,12,[ 4 12],86,-1,139,-1,127
1,<environment.Job instance at 0x7efd5a07cd20>,84,26,[14  5],85,-1,153,-1,127
1,<environment.Job instance at 0x7efd5a07ce10>,89,21,[5 8],90,-1,148,-1,127
1,<environment.Job instance at 0x7efd5a07cc30>,90,23,[6 2],91,-1,151,-1,128
1,<environment.Job instance at 0x7efd5a07c550>,88,17,[9 5],89,-1,145,-1,128
1,<environment.Job instance at 0x7efd59649f50>,0,13,[14  4],1,-1,14,-1,1
1,<environment.Job instance at 0x7efd5962e3c0>,2,16,[ 2 13],3,-1,19,-1,3
1,<environment.Job instance at 0x7efd5962e370>,3,24,[7 1],4,-1,28,-1,4
1,<environment.Job instance at 0x7efd59620910>,7,14,[13  5],8,-1,22,-1,8
1,<environment.Job instance at 0x7efd5963b550>,8,27,[ 4 13],9,-1,36,-1,9
1,<environment.Job instance at 0x7efd5963b690>,10,18,[ 2 13],11,-1,29,-1,11
1,<environment.Job instance at 0x7efd5963cd20>,12,17,[11  1],13,-1,30,-1,13
1,<environment.Job instance at 0x7efd5963c140>,13,13,[12  1],14,-1,27,-1,14
1,<environment.Job instance at 0x7efd5a080c80>,17,23,[ 1 14],18,-1,41,-1,18
1,<environment.Job instance at 0x7efd5960d0f0>,19,23,[12  5],20,-1,46,-1,23
1,<environment.Job instance at 0x7efd59613e60>,20,13,[12  1],21,-1,36,-1,23
1,<environment.Job instance at 0x7efd59612640>,22,28,[ 4 14],23,-1,58,-1,30
1,<environment.Job instance at 0x7efd596120f0>,23,23,[ 2 11],24,-1,53,-1,30
1,<environment.Job instance at 0x7efd59d04960>,26,23,[10  5],27,-1,67,-1,44
1,<environment.Job instance at 0x7efd59d04870>,27,25,[14  5],28,-1,69,-1,44
1,<environment.Job instance at 0x7efd596130f0>,21,27,[10  4],22,-1,71,-1,44
1,<environment.Job instance at 0x7efd5964a500>,29,16,[ 4 11],30,-1,60,-1,44
1,<environment.Job instance at 0x7efd5962c870>,31,14,[13  4],32,-1,58,-1,44
1,<environment.Job instance at 0x7efd596120a0>,24,27,[3 8],25,-1,74,-1,47
1,<environment.Job instance at 0x7efd5962c050>,35,24,[11  5],36,-1,71,-1,47
1,<environment.Job instance at 0x7efd5962cf00>,36,27,[8 3],37,-1,74,-1,47
1,<environment.Job instance at 0x7efd59d05fa0>,37,28,[13  3],38,-1,75,-1,47
1,<environment.Job instance at 0x7efd59d05eb0>,38,26,[ 4 11],39,-1,73,-1,47
1,<environment.Job instance at 0x7efd59d05370>,39,19,[12  4],40,-1,66,-1,47
1,<environment.Job instance at 0x7efd5a06cd70>,40,12,[ 5 13],41,-1,59,-1,47
1,<environment.Job instance at 0x7efd5a06c6e0>,41,18,[12  2],42,-1,65,-1,47
1,<environment.Job instance at 0x7efd59d04c80>,28,23,[4 9],29,-1,70,-1,47
1,<environment.Job instance at 0x7efd5a06c550>,43,23,[11  5],44,-1,70,-1,47
1,<environment.Job instance at 0x7efd5a06c190>,44,22,[11  1],45,-1,69,-1,47
1,<environment.Job instance at 0x7efd5963ceb0>,14,27,[ 2 10],15,-1,74,-1,47
1,<environment.Job instance at 0x7efd5a06cdc0>,46,16,[ 1 13],47,-1,63,-1,47
1,<environment.Job instance at 0x7efd59ceadc0>,47,18,[ 3 13],48,-1,66,-1,48
1,<environment.Job instance at 0x7efd5a06c460>,48,28,[13  1],49,-1,77,-1,49
1,<environment.Job instance at 0x7efd59cd9f00>,49,27,[ 2 14],50,-1,77,-1,50
1,<environment.Job instance at 0x7efd5a06c910>,50,27,[ 3 13],51,-1,78,-1,51
1,<environment.Job instance at 0x7efd5a8f4aa0>,51,15,[13  2],52,-1,67,-1,52
1,<environment.Job instance at 0x7efd5a91cb90>,53,19,[ 5 12],54,-1,73,-1,54
1,<environment.Job instance at 0x7efd59e6a9b0>,55,12,[11  3],56,-1,68,-1,56
1,<environment.Job instance at 0x7efd5a19b230>,56,27,[13  3],57,-1,84,-1,57
1,<environment.Job instance at 0x7efd59dadf00>,54,28,[8 4],55,-1,88,-1,60
1,<environment.Job instance at 0x7efd596400f0>,45,24,[9 2],46,-1,84,-1,60
1,<environment.Job instance at 0x7efd5a91f370>,59,16,[ 3 11],60,-1,76,-1,60
1,<environment.Job instance at 0x7efd5a91f690>,57,23,[4 7],58,-1,83,-1,60
1,<environment.Job instance at 0x7efd59d3caa0>,60,15,[ 3 13],61,-1,80,-1,65
1,<environment.Job instance at 0x7efd5a91f550>,61,12,[ 1 11],62,-1,77,-1,65
1,<environment.Job instance at 0x7efd5a763a00>,62,23,[ 5 11],63,-1,88,-1,65
1,<environment.Job instance at 0x7efd59309140>,64,23,[ 4 14],65,-1,97,-1,74
1,<environment.Job instance at 0x7efd5a9286e0>,65,26,[1 5],66,-1,100,-1,74
1,<environment.Job instance at 0x7efd5a928aa0>,66,16,[12  3],67,-1,90,-1,74
1,<environment.Job instance at 0x7efd5a172f00>,68,12,[ 5 12],69,-1,86,-1,74
1,<environment.Job instance at 0x7efd5a8ebaa0>,69,16,[ 1 14],70,-1,90,-1,74
1,<environment.Job instance at 0x7efd5a172a00>,71,21,[12  5],72,-1,102,-1,81
1,<environment.Job instance at 0x7efd592e3910>,73,14,[ 5 13],74,-1,95,-1,81
1,<environment.Job instance at 0x7efd5a747410>,74,21,[ 4 12],75,-1,102,-1,81
1,<environment.Job instance at 0x7efd592e34b0>,75,22,[13  4],76,-1,103,-1,81
1,<environment.Job instance at 0x7efd5a747050>,76,13,[11  4],77,-1,94,-1,81
1,<environment.Job instance at 0x7efd5a7470f0>,77,22,[12  3],78,-1,103,-1,81
1,<environment.Job instance at 0x7efd59cec9b0>,78,25,[14  2],79,-1,106,-1,81
1,<environment.Job instance at 0x7efd59cec690>,79,22,[ 1 11],80,-1,103,-1,81
1,<environment.Job instance at 0x7efd59cec280>,83,27,[12  1],84,-1,120,-1,93
1,<environment.Job instance at 0x7efd59ceccd0>,84,26,[14  5],85,-1,119,-1,93
1,<environment.Job instance at 0x7efd59cec050>,85,12,[ 4 12],86,-1,105,-1,93
1,<environment.Job instance at 0x7efd59cecfa0>,86,24,[ 4 10],87,-1,129,-1,105
1,<environment.Job instance at 0x7efd59cec2d0>,87,18,[13  3],88,-1,123,-1,105
1,<environment.Job instance at 0x7efd59cec320>,90,23,[6 2],91,-1,133,-1,110
1,<environment.Job instance at 0x7efd59cecaf0>,92,16,[ 1 11],93,-1,126,-1,110
1,<environment.Job instance at 0x7efd59cefdc0>,93,12,[ 4 14],94,-1,122,-1,110
1,<environment.Job instance at 0x7efd59ceff00>,94,12,[11  4],95,-1,122,-1,110
1,<environment.Job instance at 0x7efd59cefaf0>,96,23,[12  5],97,-1,133,-1,110
1,<environment.Job instance at 0x7efd59cefa50>,97,24,[ 5 14],98,-1,134,-1,110
1,<environment.Job instance at 0x7efd59cef410>,99,13,[ 3 13],100,-1,131,-1,118
1,<environment.Job instance at 0x7efd59cef550>,100,13,[12  3],101,-1,131,-1,118
1,<environment.Job instance at 0x7efd59cef870>,101,12,[ 5 11],102,-1,130,-1,118
1,<environment.Job instance at 0x7efd5a7d53c0>,12,24,[11  2],13,-1,54,-1,30
1,<environment.Job instance at 0x7efd5a7d5eb0>,7,18,[14  3],8,-1,60,-1,42
1,<environment.Job instance at 0x7efd5a7d5280>,13,16,[2 5],14,-1,59,-1,43
1,<environment.Job instance at 0x7efd5a7d5370>,11,23,[12  2],12,-1,66,-1,43
1,<environment.Job instance at 0x7efd5a7d5b40>,14,17,[9 4],15,-1,60,-1,43
1,<environment.Job instance at 0x7efd5a7d5640>,17,17,[1 7],18,-1,60,-1,43
1,<environment.Job instance at 0x7efd5a7d5140>,15,28,[ 1 13],16,-1,71,-1,43
1,<environment.Job instance at 0x7efd5a7e72d0>,22,20,[4 7],23,-1,63,-1,43
1,<environment.Job instance at 0x7efd5a7e7370>,23,21,[13  2],24,-1,64,-1,43
1,<environment.Job instance at 0x7efd5a7e7550>,25,23,[11  5],26,-1,66,-1,43
1,<environment.Job instance at 0x7efd5a7e7640>,27,28,[7 3],28,-1,71,-1,43
1,<environment.Job instance at 0x7efd5a7e7500>,26,18,[ 5 13],27,-1,61,-1,43
1,<environment.Job instance at 0x7efd5a7e7780>,28,25,[4 8],29,-1,69,-1,44
1,<environment.Job instance at 0x7efd5a8cf190>,0,28,[11  2],1,-1,29,-1,1
1,<environment.Job instance at 0x7efd5a8cfc80>,1,15,[14  4],2,-1,17,-1,2
1,<environment.Job instance at 0x7efd5a8cf640>,2,13,[ 5 13],3,-1,16,-1,3
1,<environment.Job instance at 0x7efd5a8cf6e0>,3,12,[ 3 12],4,-1,16,-1,4
1,<environment.Job instance at 0x7efd5a8cfa00>,4,20,[11  1],5,-1,25,-1,5
1,<environment.Job instance at 0x7efd5a8cf050>,5,17,[ 2 14],6,-1,23,-1,6
1,<environment.Job instance at 0x7efd5a8cf910>,6,13,[ 1 12],7,-1,20,-1,7
1,<environment.Job instance at 0x7efd5a8cf460>,7,18,[14  3],8,-1,26,-1,8
1,<environment.Job instance at 0x7efd5a8cf410>,8,28,[5 3],9,-1,37,-1,9
1,<environment.Job instance at 0x7efd5a8cf320>,9,23,[12  1],10,-1,33,-1,10
1,<environment.Job instance at 0x7efd5a8cf370>,10,21,[13  1],11,-1,32,-1,11
1,<environment.Job instance at 0x7efd5a8cfeb0>,11,23,[12  2],12,-1,35,-1,12
1,<environment.Job instance at 0x7efd5a8cfd70>,12,24,[11  2],13,-1,37,-1,13
1,<environment.Job instance at 0x7efd59cefa00>,15,28,[ 1 13],16,-1,44,-1,16
1,<environment.Job instance at 0x7efd59cefb90>,19,12,[12  5],20,-1,32,-1,20
1,<environment.Job instance at 0x7efd5a8cf960>,18,25,[8 1],19,-1,57,-1,32
1,<environment.Job instance at 0x7efd59cefaf0>,23,21,[13  2],24,-1,53,-1,32
1,<environment.Job instance at 0x7efd59cef820>,25,23,[11  5],26,-1,55,-1,32
1,<environment.Job instance at 0x7efd59cefd20>,26,18,[ 5 13],27,-1,50,-1,32
1,<environment.Job instance at 0x7efd59cefdc0>,27,28,[7 3],28,-1,60,-1,32
1,<environment.Job instance at 0x7efd59ceff00>,28,25,[4 8],29,-1,57,-1,32
1,<environment.Job instance at 0x7efd59cecb40>,30,16,[13  2],31,-1,48,-1,32
1,<environment.Job instance at 0x7efd59cec500>,34,28,[13  5],35,-1,72,-1,44
1,<environment.Job instance at 0x7efd59cecaa0>,35,23,[9 3],36,-1,67,-1,44
1,<environment.Job instance at 0x7efd59cec640>,36,23,[8 1],37,-1,67,-1,44
1,<environment.Job instance at 0x7efd59cecbe0>,37,21,[13  4],38,-1,65,-1,44
1,<environment.Job instance at 0x7efd59cecc80>,38,23,[4 8],39,-1,67,-1,44
1,<environment.Job instance at 0x7efd59cec1e0>,40,21,[ 3 13],41,-1,65,-1,44
1,<environment.Job instance at 0x7efd59cec140>,41,18,[13  1],42,-1,62,-1,44
1,<environment.Job instance at 0x7efd59cece10>,42,13,[ 4 12],43,-1,57,-1,44
1,<environment.Job instance at 0x7efd5a747fa0>,43,25,[3 9],44,-1,83,-1,58
1,<environment.Job instance at 0x7efd5a747230>,44,25,[3 8],45,-1,83,-1,58
1,<environment.Job instance at 0x7efd5a747280>,45,23,[ 1 13],46,-1,81,-1,58
1,<environment.Job instance at 0x7efd5a747050>,46,15,[14  3],47,-1,73,-1,58
1,<environment.Job instance at 0x7efd5a07c9b0>,47,20,[ 2 11],48,-1,78,-1,58
1,<environment.Job instance at 0x7efd592e3910>,48,17,[ 3 12],49,-1,75,-1,58
1,<environment.Job instance at 0x7efd5a172a00>,50,14,[12  2],51,-1,72,-1,58
1,<environment.Job instance at 0x7efd5a7347d0>,52,19,[ 2 14],53,-1,77,-1,58
1,<environment.Job instance at 0x7efd5a172500>,53,15,[12  5],54,-1,73,-1,58
1,<environment.Job instance at 0x7efd5a9286e0>,55,28,[ 3 12],56,-1,86,-1,58
1,<environment.Job instance at 0x7efd5a172fa0>,54,25,[2 6],55,-1,96,-1,71
1,<environment.Job instance at 0x7efd59d3cb90>,59,12,[11  1],60,-1,85,-1,73
1,<environment.Job instance at 0x7efd59d3cf50>,60,15,[13  5],61,-1,88,-1,73
1,<environment.Job instance at 0x7efd5a928aa0>,56,26,[8 1],57,-1,111,-1,85
1,<environment.Job instance at 0x7efd59dc2690>,66,22,[12  5],67,-1,122,-1,100
1,<environment.Job instance at 0x7efd5a8f4aa0>,68,16,[ 1 12],69,-1,121,-1,105
1,<environment.Job instance at 0x7efd59e6a9b0>,69,18,[ 4 12],70,-1,123,-1,105
1,<environment.Job instance at 0x7efd59ceadc0>,70,24,[13  1],71,-1,129,-1,105
1,<environment.Job instance at 0x7efd59cd9aa0>,71,12,[ 2 14],72,-1,117,-1,105
1,<environment.Job instance at 0x7efd596400f0>,72,18,[ 2 13],73,-1,123,-1,105
1,<environment.Job instance at 0x7efd596400a0>,74,22,[ 2 12],75,-1,127,-1,105
1,<environment.Job instance at 0x7efd5a06c3c0>,75,12,[14  4],76,-1,117,-1,105
1,<environment.Job instance at 0x7efd5a06c960>,76,20,[13  3],77,-1,125,-1,105
1,<environment.Job instance at 0x7efd5a06cdc0>,77,14,[12  3],78,-1,119,-1,105
1,<environment.Job instance at 0x7efd5a06c1e0>,78,23,[10  4],79,-1,136,-1,113
1,<environment.Job instance at 0x7efd5a06c6e0>,81,24,[4 7],82,-1,141,-1,117
1,<environment.Job instance at 0x7efd59627fa0>,82,28,[ 4 12],83,-1,145,-1,117
1,<environment.Job instance at 0x7efd59d052d0>,84,13,[ 2 12],85,-1,131,-1,118
1,<environment.Job instance at 0x7efd59d05fa0>,85,21,[12  5],86,-1,139,-1,118
1,<environment.Job instance at 0x7efd5962c870>,86,22,[ 1 11],87,-1,140,-1,118
1,<environment.Job instance at 0x7efd59c2fc30>,0,27,[4 6],1,-1,28,-1,1
1,<environment.Job instance at 0x7efd5a771460>,1,24,[4 5],2,-1,26,-1,2
1,<environment.Job instance at 0x7efd5a7714b0>,6,26,[4 5],7,-1,33,-1,7
1,<environment.Job instance at 0x7efd5a771640>,5,23,[12  1],6,-1,41,-1,18
1,<environment.Job instance at 0x7efd59c2d050>,16,18,[ 2 11],17,-1,134,-1,116
1,<environment.Job instance at 0x7efd62f04f50>,24,15,[ 3 11],25,-1,131,-1,116
1,<environment.Job instance at 0x7efd5a7efa50>,0,27,[4 6],1,-1,28,-1,1
1,<environment.Job instance at 0x7efd5a4ac190>,1,24,[4 5],2,-1,26,-1,2
1,<environment.Job instance at 0x7efd59c16d70>,2,15,[ 1 12],3,-1,18,-1,3
1,<environment.Job instance at 0x7efd5960dc30>,3,27,[ 3 12],4,-1,31,-1,4
1,<environment.Job instance at 0x7efd5960db40>,4,24,[8 1],5,-1,29,-1,5
1,<environment.Job instance at 0x7efd5a7ef1e0>,5,23,[12  1],6,-1,29,-1,6
1,<environment.Job instance at 0x7efd59649550>,6,26,[4 5],7,-1,33,-1,7
1,<environment.Job instance at 0x7efd5960dc80>,7,28,[8 2],8,-1,36,-1,8
1,<environment.Job instance at 0x7efd5962e230>,8,21,[11  3],9,-1,30,-1,9
1,<environment.Job instance at 0x7efd5962e410>,9,19,[14  3],10,-1,29,-1,10
1,<environment.Job instance at 0x7efd5962e2d0>,10,14,[ 2 11],11,-1,25,-1,11
1,<environment.Job instance at 0x7efd59620910>,11,26,[1 5],12,-1,38,-1,12
1,<environment.Job instance at 0x7efd596208c0>,12,23,[ 2 12],13,-1,36,-1,13
1,<environment.Job instance at 0x7efd59620a50>,13,25,[ 2 10],14,-1,39,-1,14
1,<environment.Job instance at 0x7efd5963b9b0>,14,25,[ 5 11],15,-1,40,-1,15
1,<environment.Job instance at 0x7efd5963b550>,15,28,[12  4],16,-1,44,-1,16
1,<environment.Job instance at 0x7efd5963b6e0>,16,18,[ 2 11],17,-1,35,-1,17
1,<environment.Job instance at 0x7efd5a080820>,17,13,[ 2 11],18,-1,31,-1,18
1,<environment.Job instance at 0x7efd5a080960>,20,25,[ 1 13],21,-1,46,-1,21
1,<environment.Job instance at 0x7efd59d04c80>,24,15,[ 3 11],25,-1,40,-1,25
1,<environment.Job instance at 0x7efd5964a500>,25,14,[ 2 12],26,-1,40,-1,26
1,<environment.Job instance at 0x7efd5964a370>,26,20,[ 3 14],27,-1,47,-1,27
1,<environment.Job instance at 0x7efd5962c050>,27,18,[ 1 11],28,-1,46,-1,28
1,<environment.Job instance at 0x7efd59d047d0>,28,20,[ 2 11],29,-1,49,-1,29
1,<environment.Job instance at 0x7efd5962c280>,29,16,[14  5],30,-1,46,-1,30
1,<environment.Job instance at 0x7efd59d04c30>,21,27,[1 9],22,-1,66,-1,39
1,<environment.Job instance at 0x7efd5a06c8c0>,36,27,[2 7],37,-1,80,-1,53
1,<environment.Job instance at 0x7efd5a06cdc0>,38,12,[ 2 14],39,-1,65,-1,53
1,<environment.Job instance at 0x7efd596400f0>,39,26,[13  2],40,-1,79,-1,53
1,<environment.Job instance at 0x7efd59ceacd0>,40,17,[13  4],41,-1,70,-1,53
1,<environment.Job instance at 0x7efd596400a0>,41,13,[ 4 13],42,-1,66,-1,53
1,<environment.Job instance at 0x7efd5a06c190>,42,17,[ 1 13],43,-1,70,-1,53
1,<environment.Job instance at 0x7efd59e6a9b0>,44,27,[ 3 10],45,-1,92,-1,65
1,<environment.Job instance at 0x7efd5a91c4b0>,45,17,[ 4 11],46,-1,82,-1,65
1,<environment.Job instance at 0x7efd59dadf00>,46,28,[4 5],47,-1,93,-1,65
1,<environment.Job instance at 0x7efd59e6ab90>,47,14,[11  1],48,-1,79,-1,65
1,<environment.Job instance at 0x7efd5a19b230>,48,12,[ 3 12],49,-1,77,-1,65
1,<environment.Job instance at 0x7efd59d3cb90>,50,19,[ 5 14],51,-1,84,-1,65
1,<environment.Job instance at 0x7efd5a91f190>,52,22,[14  4],53,-1,93,-1,71
1,<environment.Job instance at 0x7efd5a763730>,53,25,[4 6],54,-1,104,-1,79
1,<environment.Job instance at 0x7efd59309140>,55,26,[13  2],56,-1,105,-1,79
1,<environment.Job instance at 0x7efd5a928dc0>,56,16,[13  5],57,-1,95,-1,79
1,<environment.Job instance at 0x7efd5a07c9b0>,59,20,[12  3],60,-1,103,-1,83
1,<environment.Job instance at 0x7efd5a172f00>,61,27,[13  4],62,-1,120,-1,93
1,<environment.Job instance at 0x7efd592e3fa0>,63,28,[12  5],64,-1,128,-1,100
1,<environment.Job instance at 0x7efd592e34b0>,64,24,[1 9],65,-1,131,-1,107
1,<environment.Job instance at 0x7efd59ceff00>,65,26,[5 7],66,-1,133,-1,107
1,<environment.Job instance at 0x7efd59cef500>,67,24,[4 5],68,-1,136,-1,112
1,<environment.Job instance at 0x7efd59cefdc0>,69,19,[ 2 11],70,-1,131,-1,112
1,<environment.Job instance at 0x7efd59cef910>,72,15,[ 1 13],73,-1,135,-1,120
1,<environment.Job instance at 0x7efd5a2c9b40>,1,17,[4 8],2,-1,20,-1,3
1,<environment.Job instance at 0x7efd5a429910>,2,16,[14  3],3,-1,19,-1,3
1,<environment.Job instance at 0x7efd597f9b40>,13,27,[ 3 10],14,-1,45,-1,18
1,<environment.Job instance at 0x7efd597f96e0>,7,23,[ 3 10],8,-1,41,-1,18
1,<environment.Job instance at 0x7efd59400410>,6,25,[2 9],7,-1,43,-1,18
1,<environment.Job instance at 0x7efd597f9d70>,14,16,[6 5],15,-1,40,-1,24
1,<environment.Job instance at 0x7efd59400e10>,4,22,[ 3 13],5,-1,47,-1,25
1,<environment.Job instance at 0x7efd59aeff00>,17,19,[3 7],18,-1,44,-1,25
1,<environment.Job instance at 0x7efd59a8daf0>,15,25,[10  3],16,-1,51,-1,26
1,<environment.Job instance at 0x7efd593add20>,21,18,[ 1 10],22,-1,44,-1,26
1,<environment.Job instance at 0x7efd59c633c0>,23,26,[7 1],24,-1,52,-1,26
1,<environment.Job instance at 0x7efd59c63910>,25,16,[7 4],26,-1,48,-1,32
1,<environment.Job instance at 0x7efd5a60e960>,0,25,[ 4 12],1,-1,26,-1,1
1,<environment.Job instance at 0x7efd5a769aa0>,2,16,[14  3],3,-1,19,-1,3
1,<environment.Job instance at 0x7efd5a769960>,3,24,[13  5],4,-1,28,-1,4
1,<environment.Job instance at 0x7efd5a769dc0>,4,22,[ 3 13],5,-1,27,-1,5
1,<environment.Job instance at 0x7efd5a7536e0>,10,12,[ 1 14],11,-1,23,-1,11
1,<environment.Job instance at 0x7efd5a7538c0>,11,13,[ 1 11],12,-1,25,-1,12
1,<environment.Job instance at 0x7efd5a753fa0>,12,27,[12  3],13,-1,40,-1,13
1,<environment.Job instance at 0x7efd5a753e10>,6,25,[2 9],7,-1,44,-1,19
1,<environment.Job instance at 0x7efd5a753140>,8,27,[5 2],9,-1,46,-1,19
1,<environment.Job instance at 0x7efd5a753370>,15,25,[10  3],16,-1,44,-1,19
1,<environment.Job instance at 0x7efd5a737f00>,18,21,[ 3 13],19,-1,40,-1,19
1,<environment.Job instance at 0x7efd5a7371e0>,20,15,[14  2],21,-1,36,-1,21
1,<environment.Job instance at 0x7efd59c2fa00>,22,16,[12  1],23,-1,39,-1,23
1,<environment.Job instance at 0x7efd5a49d140>,23,26,[7 1],24,-1,50,-1,24
1,<environment.Job instance at 0x7efd5a7370f0>,24,24,[13  5],25,-1,49,-1,25
1,<environment.Job instance at 0x7efd59e6a9b0>,26,18,[13  3],27,-1,45,-1,27
1,<environment.Job instance at 0x7efd596acf50>,27,18,[ 3 13],28,-1,46,-1,28
1,<environment.Job instance at 0x7efd5a769a50>,7,23,[ 3 10],8,-1,58,-1,35
1,<environment.Job instance at 0x7efd59e6a640>,29,28,[2 8],30,-1,63,-1,35
1,<environment.Job instance at 0x7efd5a753910>,13,27,[ 3 10],14,-1,62,-1,35
1,<environment.Job instance at 0x7efd5963b780>,32,12,[14  3],33,-1,47,-1,35
1,<environment.Job instance at 0x7efd59c63be0>,33,13,[ 1 14],34,-1,48,-1,35
1,<environment.Job instance at 0x7efd597f91e0>,34,17,[13  1],35,-1,52,-1,35
1,<environment.Job instance at 0x7efd5a429c80>,35,14,[11  5],36,-1,50,-1,36
1,<environment.Job instance at 0x7efd5927f6e0>,36,28,[11  5],37,-1,65,-1,37
1,<environment.Job instance at 0x7efd5a3dd1e0>,37,12,[11  2],38,-1,50,-1,38
1,<environment.Job instance at 0x7efd5a3dd730>,39,26,[11  3],40,-1,68,-1,42
1,<environment.Job instance at 0x7efd5a3dd230>,40,28,[ 2 12],41,-1,70,-1,42
1,<environment.Job instance at 0x7efd5a1c8820>,47,18,[13  1],48,-1,88,-1,70
1,<environment.Job instance at 0x7efd5a1c8190>,49,27,[1 6],50,-1,115,-1,88
1,<environment.Job instance at 0x7efd5a1c8af0>,50,25,[2 8],51,-1,113,-1,88
1,<environment.Job instance at 0x7efd5a1c8780>,52,15,[ 3 14],53,-1,103,-1,88
1,<environment.Job instance at 0x7efd5a1c88c0>,53,16,[12  1],54,-1,104,-1,88
1,<environment.Job instance at 0x7efd5a1c8870>,54,13,[ 5 13],55,-1,101,-1,88
1,<environment.Job instance at 0x7efd5a1c8500>,55,17,[ 5 12],56,-1,105,-1,88
1,<environment.Job instance at 0x7efd5a1c83c0>,59,25,[ 1 11],60,-1,137,-1,112
1,<environment.Job instance at 0x7efd5909ec80>,0,17,[8 1],1,-1,19,-1,2
1,<environment.Job instance at 0x7efd5a4f52d0>,2,15,[1 8],3,-1,18,-1,3
1,<environment.Job instance at 0x7efd5a4f5c30>,3,24,[5 6],4,-1,28,-1,4
1,<environment.Job instance at 0x7efd5a4f5910>,4,12,[ 5 11],5,-1,17,-1,5
1,<environment.Job instance at 0x7efd5a4f5730>,5,13,[8 3],6,-1,19,-1,6
1,<environment.Job instance at 0x7efd5a7685f0>,11,19,[5 8],12,-1,33,-1,14
1,<environment.Job instance at 0x7efd5a58ebe0>,1,16,[ 4 14],2,-1,18,-1,2
1,<environment.Job instance at 0x7efd5a58e960>,3,24,[5 6],4,-1,28,-1,4
1,<environment.Job instance at 0x7efd5a58ec80>,4,12,[ 5 11],5,-1,17,-1,5
1,<environment.Job instance at 0x7efd595a8910>,6,26,[14  5],7,-1,33,-1,7
1,<environment.Job instance at 0x7efd5a58ea00>,7,21,[12  3],8,-1,29,-1,8
1,<environment.Job instance at 0x7efd5a58ea50>,8,26,[ 2 14],9,-1,35,-1,9
1,<environment.Job instance at 0x7efd5a58e280>,10,24,[ 2 13],11,-1,35,-1,11
1,<environment.Job instance at 0x7efd59bbf7d0>,14,26,[11  4],15,-1,44,-1,18
1,<environment.Job instance at 0x7efd59bbf9b0>,15,28,[ 3 14],16,-1,46,-1,18
1,<environment.Job instance at 0x7efd59bbffa0>,16,19,[ 5 14],17,-1,37,-1,18
1,<environment.Job instance at 0x7efd59bbfd70>,17,27,[ 1 12],18,-1,45,-1,18
1,<environment.Job instance at 0x7efd59bbf280>,13,28,[8 3],14,-1,46,-1,18
1,<environment.Job instance at 0x7efd59bbfe60>,18,13,[11  4],19,-1,32,-1,19
1,<environment.Job instance at 0x7efd59bbf4b0>,19,16,[13  2],20,-1,36,-1,20
1,<environment.Job instance at 0x7efd59bbfaf0>,20,20,[13  4],21,-1,41,-1,21
1,<environment.Job instance at 0x7efd59bbf5a0>,23,12,[ 3 12],24,-1,36,-1,24
1,<environment.Job instance at 0x7efd5a8f84b0>,24,14,[ 1 12],25,-1,39,-1,25
1,<environment.Job instance at 0x7efd59bbf870>,26,28,[3 6],27,-1,58,-1,30
1,<environment.Job instance at 0x7efd5a8f83c0>,28,26,[11  4],29,-1,56,-1,30
1,<environment.Job instance at 0x7efd5a8f8b40>,30,23,[7 1],31,-1,70,-1,47
1,<environment.Job instance at 0x7efd5a8f8690>,31,13,[12  4],32,-1,60,-1,47
1,<environment.Job instance at 0x7efd5a8f8e60>,32,28,[6 2],33,-1,75,-1,47
1,<environment.Job instance at 0x7efd5a8f8960>,34,23,[8 2],35,-1,70,-1,47
1,<environment.Job instance at 0x7efd59dd2c30>,36,12,[14  3],37,-1,59,-1,47
1,<environment.Job instance at 0x7efd59dd2960>,37,18,[11  4],38,-1,65,-1,47
1,<environment.Job instance at 0x7efd59dd2320>,38,16,[11  3],39,-1,63,-1,47
1,<environment.Job instance at 0x7efd59dd2cd0>,40,15,[ 2 14],41,-1,62,-1,47
1,<environment.Job instance at 0x7efd59dd25a0>,41,25,[4 8],42,-1,72,-1,47
1,<environment.Job instance at 0x7efd59dd2050>,42,25,[ 2 13],43,-1,72,-1,47
1,<environment.Job instance at 0x7efd59dd2730>,43,26,[ 5 11],44,-1,73,-1,47
1,<environment.Job instance at 0x7efd59dd2d20>,45,17,[13  3],46,-1,64,-1,47
1,<environment.Job instance at 0x7efd59dd24b0>,46,28,[5 2],47,-1,91,-1,63
1,<environment.Job instance at 0x7efd591d5be0>,48,24,[ 4 14],49,-1,87,-1,63
1,<environment.Job instance at 0x7efd591d5960>,49,25,[12  2],50,-1,88,-1,63
1,<environment.Job instance at 0x7efd591d5e60>,50,22,[ 1 11],51,-1,85,-1,63
1,<environment.Job instance at 0x7efd591d5870>,53,13,[14  4],54,-1,76,-1,63
1,<environment.Job instance at 0x7efd591d5460>,55,28,[ 3 14],56,-1,92,-1,64
1,<environment.Job instance at 0x7efd591d5730>,56,21,[ 1 14],57,-1,85,-1,64
1,<environment.Job instance at 0x7efd591d5a50>,57,19,[ 2 13],58,-1,83,-1,64
1,<environment.Job instance at 0x7efd591d5640>,58,27,[9 4],59,-1,103,-1,76
1,<environment.Job instance at 0x7efd591d52d0>,59,20,[14  4],60,-1,96,-1,76
1,<environment.Job instance at 0x7efd5a1c8370>,61,21,[ 2 11],62,-1,97,-1,76
1,<environment.Job instance at 0x7efd5a1c8410>,63,27,[5 9],64,-1,103,-1,76
1,<environment.Job instance at 0x7efd5a1c8320>,64,26,[5 5],65,-1,102,-1,76
1,<environment.Job instance at 0x7efd5a1c8af0>,65,25,[9 4],66,-1,101,-1,76
1,<environment.Job instance at 0x7efd5a1c88c0>,66,12,[ 2 11],67,-1,88,-1,76
1,<environment.Job instance at 0x7efd5a1c8190>,68,26,[6 3],69,-1,103,-1,77
1,<environment.Job instance at 0x7efd5a1c8820>,70,17,[12  5],71,-1,94,-1,77
1,<environment.Job instance at 0x7efd5a1c8460>,71,27,[ 5 13],72,-1,104,-1,77
1,<environment.Job instance at 0x7efd5a1c80a0>,72,25,[ 2 11],73,-1,102,-1,77
1,<environment.Job instance at 0x7efd5a1c8eb0>,74,28,[11  5],75,-1,117,-1,89
1,<environment.Job instance at 0x7efd59ec4550>,76,22,[ 2 13],77,-1,111,-1,89
1,<environment.Job instance at 0x7efd5a429c80>,77,25,[ 1 13],78,-1,114,-1,89
1,<environment.Job instance at 0x7efd59ec45f0>,78,18,[13  1],79,-1,107,-1,89
1,<environment.Job instance at 0x7efd5a3dd730>,79,17,[ 4 11],80,-1,106,-1,89
1,<environment.Job instance at 0x7efd5927f5a0>,80,26,[8 2],81,-1,132,-1,106
1,<environment.Job instance at 0x7efd5927ff00>,81,25,[ 5 10],82,-1,131,-1,106
1,<environment.Job instance at 0x7efd597f92d0>,83,22,[11  3],84,-1,128,-1,106
1,<environment.Job instance at 0x7efd59c16d70>,84,14,[ 5 11],85,-1,120,-1,106
1,<environment.Job instance at 0x7efd596acf50>,86,18,[ 1 11],87,-1,124,-1,106
1,<environment.Job instance at 0x7efd5963b550>,87,27,[11  3],88,-1,133,-1,106
1,<environment.Job instance at 0x7efd59e6ab90>,88,14,[12  4],89,-1,120,-1,106
1,<environment.Job instance at 0x7efd59e6a640>,89,19,[ 3 12],90,-1,125,-1,106
1,<environment.Job instance at 0x7efd5a91f780>,91,27,[5 4],92,-1,148,-1,121
1,<environment.Job instance at 0x7effbdcd7190>,12,22,[4 6],13,-1,39,-1,17
1,<environment.Job instance at 0x7effbdcd3c30>,3,15,[13  4],4,-1,59,-1,44
1,<environment.Job instance at 0x7effbdcd7460>,16,19,[ 3 12],17,-1,63,-1,44
1,<environment.Job instance at 0x7effbdcd7550>,17,18,[ 5 13],18,-1,64,-1,46
1,<environment.Job instance at 0x7effbdcd3e10>,11,14,[10  4],12,-1,62,-1,48
1,<environment.Job instance at 0x7effbdcd74b0>,18,18,[3 6],19,-1,76,-1,58
1,<environment.Job instance at 0x7effbdcd7140>,14,14,[14  3],15,-1,73,-1,59
1,<environment.Job instance at 0x7effbdcd7690>,20,18,[7 5],21,-1,79,-1,61
1,<environment.Job instance at 0x7effbdcd7870>,23,18,[7 4],24,-1,79,-1,61
1,<environment.Job instance at 0x7effc731d780>,0,24,[2 8],1,-1,25,-1,1
1,<environment.Job instance at 0x7effbdcd3d70>,2,26,[10  1],3,-1,29,-1,3
1,<environment.Job instance at 0x7effbdcd3a00>,3,15,[13  4],4,-1,19,-1,4
1,<environment.Job instance at 0x7effbdccbe60>,4,24,[ 3 11],5,-1,29,-1,5
1,<environment.Job instance at 0x7effbdccbd70>,6,19,[ 1 13],7,-1,26,-1,7
1,<environment.Job instance at 0x7effc731d7d0>,8,24,[ 2 12],9,-1,33,-1,9
1,<environment.Job instance at 0x7effbdccb5f0>,10,14,[ 1 14],11,-1,25,-1,11
1,<environment.Job instance at 0x7effbdccb6e0>,13,27,[3 8],14,-1,41,-1,14
1,<environment.Job instance at 0x7effbdccbaf0>,14,14,[14  3],15,-1,29,-1,15
1,<environment.Job instance at 0x7effbde583c0>,15,24,[ 2 13],16,-1,40,-1,16
1,<environment.Job instance at 0x7effbdd97c30>,16,19,[ 3 12],17,-1,36,-1,17
1,<environment.Job instance at 0x7effbddc9c30>,17,18,[ 5 13],18,-1,36,-1,18
1,<environment.Job instance at 0x7effbde0a870>,19,21,[14  4],20,-1,41,-1,20
1,<environment.Job instance at 0x7effbddf8aa0>,21,22,[14  2],22,-1,46,-1,24
1,<environment.Job instance at 0x7effbddf8b90>,22,25,[ 4 12],23,-1,49,-1,24
1,<environment.Job instance at 0x7effbddf7550>,24,20,[ 3 12],25,-1,49,-1,29
1,<environment.Job instance at 0x7effbddf7af0>,25,16,[11  3],26,-1,45,-1,29
1,<environment.Job instance at 0x7effbddfe960>,27,25,[14  4],28,-1,54,-1,29
1,<environment.Job instance at 0x7effbddf3dc0>,29,24,[5 1],30,-1,65,-1,41
1,<environment.Job instance at 0x7effbdde29b0>,32,14,[14  3],33,-1,65,-1,51
1,<environment.Job instance at 0x7effbdd782d0>,35,23,[11  2],36,-1,79,-1,56
1,<environment.Job instance at 0x7effbdd78690>,36,27,[10  1],37,-1,83,-1,56
1,<environment.Job instance at 0x7effbde74910>,38,16,[ 1 13],39,-1,72,-1,56
1,<environment.Job instance at 0x7effbdd67320>,41,26,[13  2],42,-1,90,-1,64
1,<environment.Job instance at 0x7effbdd952d0>,42,18,[ 1 13],43,-1,82,-1,64
1,<environment.Job instance at 0x7effbdd950f0>,45,28,[12  4],46,-1,106,-1,78
1,<environment.Job instance at 0x7effbdd95550>,46,17,[ 5 12],47,-1,95,-1,78
1,<environment.Job instance at 0x7effbdd95190>,48,25,[11  4],49,-1,103,-1,78
1,<environment.Job instance at 0x7effbdd95eb0>,49,23,[2 6],50,-1,115,-1,92
1,<environment.Job instance at 0x7effbdd95050>,50,13,[12  1],51,-1,105,-1,92
1,<environment.Job instance at 0x7effbdd5ef00>,51,24,[ 1 11],52,-1,116,-1,92
1,<environment.Job instance at 0x7effbdd95870>,52,27,[9 1],53,-1,119,-1,92
1,<environment.Job instance at 0x7effbde7bf00>,54,20,[ 5 14],55,-1,113,-1,93
1,<environment.Job instance at 0x7effbdde1a50>,58,22,[14  3],59,-1,132,-1,110
1,<environment.Job instance at 0x7effbdde1be0>,59,15,[11  3],60,-1,125,-1,110
1,<environment.Job instance at 0x7effbdde1460>,60,23,[5 7],61,-1,147,-1,124
1,<environment.Job instance at 0x7effbdde1d70>,62,24,[ 3 10],63,-1,162,-1,138
1,<environment.Job instance at 0x7effbddd64b0>,64,20,[11  1],65,-1,158,-1,138
1,<environment.Job instance at 0x7effbde80370>,65,15,[ 1 11],66,-1,153,-1,138
1,<environment.Job instance at 0x7effbd4255f0>,2,18,[10  5],3,-1,22,-1,4
1,<environment.Job instance at 0x7effbd41a870>,5,24,[4 7],6,-1,30,-1,6
1,<environment.Job instance at 0x7effbd41a2d0>,8,28,[7 2],9,-1,44,-1,16
1,<environment.Job instance at 0x7effbd41fc30>,14,25,[ 5 11],15,-1,41,-1,16
1,<environment.Job instance at 0x7effbd41af50>,9,28,[7 1],10,-1,49,-1,21
1,<environment.Job instance at 0x7effbd41a640>,7,25,[5 4],8,-1,49,-1,24
1,<environment.Job instance at 0x7effbd41a460>,4,26,[ 3 12],5,-1,51,-1,25
1,<environment.Job instance at 0x7effbd41fd70>,13,26,[ 3 11],14,-1,51,-1,25
1,<environment.Job instance at 0x7effbd5a9d20>,16,16,[ 1 11],17,-1,41,-1,25
1,<environment.Job instance at 0x7effbd41f230>,18,25,[4 6],19,-1,50,-1,25
1,<environment.Job instance at 0x7effbd541fa0>,17,16,[6 2],18,-1,43,-1,27
1,<environment.Job instance at 0x7effbd41f780>,19,26,[4 9],20,-1,53,-1,27
1,<environment.Job instance at 0x7effbd6d7d70>,21,12,[12  4],22,-1,40,-1,28
1,<environment.Job instance at 0x7effbd596820>,22,21,[12  4],23,-1,49,-1,28
1,<environment.Job instance at 0x7effbd55efa0>,20,15,[8 3],21,-1,43,-1,28
1,<environment.Job instance at 0x7effbd55a0a0>,24,28,[ 3 13],25,-1,59,-1,31
1,<environment.Job instance at 0x7effbd55a550>,23,14,[12  3],24,-1,45,-1,31
1,<environment.Job instance at 0x7effbd64f690>,26,23,[11  2],27,-1,55,-1,32
1,<environment.Job instance at 0x7effbd55adc0>,25,22,[ 3 12],26,-1,54,-1,32
1,<environment.Job instance at 0x7effbd505e10>,28,22,[ 2 10],29,-1,54,-1,32
1,<environment.Job instance at 0x7effbd505cd0>,31,18,[ 4 10],32,-1,50,-1,32
1,<environment.Job instance at 0x7effbd505b40>,32,22,[6 4],33,-1,55,-1,33
1,<environment.Job instance at 0x7effbd5058c0>,33,16,[7 1],34,-1,50,-1,34
1,<environment.Job instance at 0x7effbd7240a0>,29,15,[12  2],30,-1,50,-1,35
1,<environment.Job instance at 0x7effbd5057d0>,34,21,[9 1],35,-1,57,-1,36
1,<environment.Job instance at 0x7effbd5769b0>,37,18,[10  1],38,-1,56,-1,38
1,<environment.Job instance at 0x7effbd576960>,38,27,[9 4],39,-1,66,-1,39
1,<environment.Job instance at 0x7effbd4fc640>,0,21,[ 3 12],1,-1,22,-1,1
1,<environment.Job instance at 0x7effbd53ad20>,1,17,[ 2 11],2,-1,19,-1,2
1,<environment.Job instance at 0x7effbd4ffcd0>,3,14,[11  1],4,-1,18,-1,4
1,<environment.Job instance at 0x7effbd4ffc80>,4,26,[ 3 12],5,-1,31,-1,5
1,<environment.Job instance at 0x7effbd4ffc30>,5,24,[4 7],6,-1,30,-1,6
1,<environment.Job instance at 0x7effbd5f89b0>,6,16,[14  1],7,-1,23,-1,7
1,<environment.Job instance at 0x7effbd4ff5a0>,7,25,[5 4],8,-1,33,-1,8
1,<environment.Job instance at 0x7effbd48b640>,12,24,[12  2],13,-1,37,-1,13
1,<environment.Job instance at 0x7effbd48b550>,13,26,[ 3 11],14,-1,40,-1,14
1,<environment.Job instance at 0x7effbd493370>,14,25,[ 5 11],15,-1,40,-1,15
1,<environment.Job instance at 0x7effbd48b4b0>,16,16,[ 1 11],17,-1,33,-1,17
1,<environment.Job instance at 0x7effbd483730>,8,28,[7 2],9,-1,49,-1,21
1,<environment.Job instance at 0x7effbd52c640>,18,25,[4 6],19,-1,46,-1,21
1,<environment.Job instance at 0x7effbd4931e0>,19,26,[4 9],20,-1,47,-1,21
1,<environment.Job instance at 0x7effbd483af0>,9,28,[7 1],10,-1,49,-1,21
1,<environment.Job instance at 0x7effbd497f50>,21,12,[12  4],22,-1,34,-1,22
1,<environment.Job instance at 0x7effbd48f3c0>,22,21,[12  4],23,-1,44,-1,23
1,<environment.Job instance at 0x7effbd48f4b0>,23,14,[12  3],24,-1,38,-1,24
1,<environment.Job instance at 0x7effbd48f460>,24,28,[ 3 13],25,-1,53,-1,25
1,<environment.Job instance at 0x7effbd497d70>,25,22,[ 3 12],26,-1,48,-1,26
1,<environment.Job instance at 0x7effbd48f8c0>,26,23,[11  2],27,-1,50,-1,27
1,<environment.Job instance at 0x7effbd49a780>,29,15,[12  2],30,-1,45,-1,30
1,<environment.Job instance at 0x7effbd4a18c0>,30,18,[11  1],31,-1,49,-1,31
1,<environment.Job instance at 0x7effbd4a1b90>,35,14,[11  3],36,-1,55,-1,41
1,<environment.Job instance at 0x7effbd49d3c0>,36,19,[ 5 14],37,-1,60,-1,41
1,<environment.Job instance at 0x7effbd49de10>,38,27,[9 4],39,-1,78,-1,51
1,<environment.Job instance at 0x7effbd49d460>,39,25,[ 3 11],40,-1,76,-1,51
1,<environment.Job instance at 0x7effbd49d280>,40,27,[13  4],41,-1,78,-1,51
1,<environment.Job instance at 0x7effbd4a54b0>,43,23,[ 2 14],44,-1,79,-1,56
1,<environment.Job instance at 0x7effbd4a5910>,44,12,[ 2 11],45,-1,68,-1,56
1,<environment.Job instance at 0x7effbd4ae820>,46,24,[8 2],47,-1,88,-1,64
1,<environment.Job instance at 0x7effbd4ce6e0>,48,28,[ 4 13],49,-1,92,-1,64
1,<environment.Job instance at 0x7effbd6fa4b0>,49,26,[3 6],50,-1,90,-1,64
1,<environment.Job instance at 0x7effbd5d95f0>,50,12,[11  1],51,-1,76,-1,64
1,<environment.Job instance at 0x7effbd4ce960>,51,12,[ 5 11],52,-1,76,-1,64
1,<environment.Job instance at 0x7effbd4cea00>,52,15,[ 3 11],53,-1,79,-1,64
1,<environment.Job instance at 0x7effbd4abc80>,53,24,[ 1 10],54,-1,88,-1,64
1,<environment.Job instance at 0x7effbd4ab3c0>,54,24,[ 1 11],55,-1,88,-1,64
1,<environment.Job instance at 0x7effbd4e9280>,55,25,[8 2],56,-1,89,-1,64
1,<environment.Job instance at 0x7effbd519320>,56,14,[14  4],57,-1,78,-1,64
1,<environment.Job instance at 0x7effbd519960>,57,25,[5 4],58,-1,89,-1,64
1,<environment.Job instance at 0x7effbd6321e0>,59,16,[ 3 12],60,-1,80,-1,64
1,<environment.Job instance at 0x7effbd51c820>,60,23,[5 8],61,-1,95,-1,72
1,<environment.Job instance at 0x7effbd4c2cd0>,61,21,[ 4 11],62,-1,93,-1,72
1,<environment.Job instance at 0x7effbd5d4b40>,62,20,[ 3 12],63,-1,92,-1,72
1,<environment.Job instance at 0x7effbd4411e0>,63,23,[10  3],64,-1,95,-1,72
1,<environment.Job instance at 0x7effbd5242d0>,64,28,[3 8],65,-1,100,-1,72
1,<environment.Job instance at 0x7effbd441190>,65,24,[12  1],66,-1,96,-1,72
1,<environment.Job instance at 0x7effbd524a00>,66,14,[11  2],67,-1,86,-1,72
1,<environment.Job instance at 0x7effbd524690>,67,27,[5 3],68,-1,99,-1,72
1,<environment.Job instance at 0x7effbd524320>,69,17,[ 5 11],70,-1,89,-1,72
1,<environment.Job instance at 0x7effbd524280>,70,13,[11  1],71,-1,85,-1,72
1,<environment.Job instance at 0x7effbd524780>,71,27,[14  2],72,-1,99,-1,72
1,<environment.Job instance at 0x7effbd448fa0>,72,25,[13  2],73,-1,103,-1,78
1,<environment.Job instance at 0x7effbd524140>,73,21,[ 4 12],74,-1,99,-1,78
1,<environment.Job instance at 0x7effbd448f50>,75,18,[ 5 11],76,-1,106,-1,88
1,<environment.Job instance at 0x7effbd444370>,77,12,[11  1],78,-1,108,-1,96
1,<environment.Job instance at 0x7effbd6225a0>,78,13,[ 5 13],79,-1,109,-1,96
1,<environment.Job instance at 0x7effbd4f8640>,84,28,[4 8],85,-1,167,-1,139
1,<environment.Job instance at 0x7effbd4f8730>,85,23,[14  3],86,-1,162,-1,139
1,<environment.Job instance at 0x7effbd4f80f0>,86,23,[3 8],87,-1,162,-1,139
1,<environment.Job instance at 0x7effbd4f86e0>,88,28,[11  1],89,-1,167,-1,139
1,<environment.Job instance at 0x7effbd4e8aa0>,89,17,[ 3 11],90,-1,156,-1,139
1,<environment.Job instance at 0x7effc748d410>,7,24,[ 4 11],8,-1,36,-1,12
1,<environment.Job instance at 0x7effc748d960>,10,26,[5 5],11,-1,46,-1,20
1,<environment.Job instance at 0x7effc748da50>,2,13,[14  5],3,-1,33,-1,20
1,<environment.Job instance at 0x7effc748d5a0>,4,28,[10  1],5,-1,48,-1,20
1,<environment.Job instance at 0x7effc748dbe0>,6,28,[14  3],7,-1,48,-1,20
1,<environment.Job instance at 0x7effc7485f00>,13,24,[2 7],14,-1,44,-1,20
1,<environment.Job instance at 0x7effc7485f50>,14,25,[11  5],15,-1,45,-1,20
1,<environment.Job instance at 0x7effc74854b0>,15,25,[5 3],16,-1,45,-1,20
1,<environment.Job instance at 0x7effc7485690>,16,18,[7 1],17,-1,38,-1,20
1,<environment.Job instance at 0x7effc7485500>,17,26,[7 1],18,-1,46,-1,20
1,<environment.Job instance at 0x7effbd2a5820>,22,20,[14  4],23,-1,48,-1,28
1,<environment.Job instance at 0x7effc7485320>,18,18,[12  1],19,-1,54,-1,36
1,<environment.Job instance at 0x7effc748d320>,9,16,[7 2],10,-1,52,-1,36
1,<environment.Job instance at 0x7effbd2a5960>,25,24,[8 2],26,-1,61,-1,37
1,<environment.Job instance at 0x7effbd2a5780>,23,22,[10  2],24,-1,59,-1,37
1,<environment.Job instance at 0x7effbd2a52d0>,26,14,[5 3],27,-1,52,-1,38
1,<environment.Job instance at 0x7effbd2a5eb0>,24,16,[ 2 11],25,-1,55,-1,39
1,<environment.Job instance at 0x7effbd2a51e0>,28,22,[9 3],29,-1,61,-1,39
1,<environment.Job instance at 0x7effbd2a5870>,27,14,[8 5],28,-1,53,-1,39
1,<environment.Job instance at 0x7effc748b690>,29,16,[ 4 13],30,-1,55,-1,39
1,<environment.Job instance at 0x7effbd2a50a0>,30,26,[4 7],31,-1,66,-1,40
1,<environment.Job instance at 0x7effbd2a5370>,19,15,[ 1 13],20,-1,55,-1,40
1,<environment.Job instance at 0x7effc748b6e0>,31,25,[10  5],32,-1,66,-1,41
1,<environment.Job instance at 0x7effc748b370>,33,26,[4 8],34,-1,70,-1,44
1,<environment.Job instance at 0x7effc748b190>,32,25,[11  1],33,-1,69,-1,44
1,<environment.Job instance at 0x7effc748b320>,34,17,[12  2],35,-1,61,-1,44
1,<environment.Job instance at 0x7effc748bb90>,36,12,[14  5],37,-1,56,-1,44
1,<environment.Job instance at 0x7effc748d8c0>,12,12,[2 7],13,-1,56,-1,44
1,<environment.Job instance at 0x7effbd2d6f50>,37,24,[ 1 11],38,-1,70,-1,46
1,<environment.Job instance at 0x7effbd2d66e0>,38,18,[ 4 12],39,-1,68,-1,50
1,<environment.Job instance at 0x7effc748bf00>,35,19,[11  2],36,-1,75,-1,56
1,<environment.Job instance at 0x7effbd2d64b0>,41,19,[8 2],42,-1,75,-1,56
1,<environment.Job instance at 0x7effbd2d6690>,39,18,[ 3 10],40,-1,74,-1,56
1,<environment.Job instance at 0x7effbd2d6a00>,45,25,[ 3 13],46,-1,81,-1,56
1,<environment.Job instance at 0x7effbd2d6500>,42,22,[ 3 14],43,-1,82,-1,60
1,<environment.Job instance at 0x7effbd2d6960>,47,24,[ 2 13],48,-1,85,-1,61
1,<environment.Job instance at 0x7effbd2d6e10>,46,22,[9 4],47,-1,83,-1,61
1,<environment.Job instance at 0x7effbd2d9f00>,49,16,[ 5 13],50,-1,77,-1,61
1,<environment.Job instance at 0x7effbd2d6be0>,48,21,[ 2 14],49,-1,82,-1,61
1,<environment.Job instance at 0x7effbd2d9dc0>,50,28,[1 7],51,-1,89,-1,61
1,<environment.Job instance at 0x7effbd2d68c0>,44,16,[8 3],45,-1,78,-1,62
1,<environment.Job instance at 0x7effbd2d95f0>,51,22,[4 8],52,-1,84,-1,62
1,<environment.Job instance at 0x7effbd2d95a0>,52,13,[ 4 10],53,-1,79,-1,66
1,<environment.Job instance at 0x7effbd2d6a50>,40,14,[7 2],41,-1,80,-1,66
1,<environment.Job instance at 0x7effbd2d9b40>,55,13,[2 5],56,-1,81,-1,68
1,<environment.Job instance at 0x7effbd2d9d20>,53,16,[2 8],54,-1,93,-1,77
1,<environment.Job instance at 0x7effbd2d9550>,57,19,[ 5 13],58,-1,96,-1,77
1,<environment.Job instance at 0x7effbd2d9c80>,56,18,[13  2],57,-1,138,-1,120
1,<environment.Job instance at 0x7effbd2d9f50>,58,28,[3 5],59,-1,148,-1,120
1,<environment.Job instance at 0x7effbd2d69b0>,43,28,[14  4],44,-1,148,-1,120
1,<environment.Job instance at 0x7effbd2d9a00>,61,26,[5 3],62,-1,146,-1,120
1,<environment.Job instance at 0x7effbd2d9eb0>,62,18,[11  4],63,-1,138,-1,120
1,<environment.Job instance at 0x7effbd2d9960>,63,15,[ 3 11],64,-1,135,-1,120
1,<environment.Job instance at 0x7effbd2d9820>,65,27,[2 8],66,-1,153,-1,126
1,<environment.Job instance at 0x7effbd2d9780>,66,12,[ 3 11],67,-1,138,-1,126
1,<environment.Job instance at 0x7effbd2d98c0>,64,20,[7 3],65,-1,146,-1,126
1,<environment.Job instance at 0x7effbd3118c0>,69,24,[ 5 11],70,-1,150,-1,126
1,<environment.Job instance at 0x7effbd2d92d0>,59,19,[1 8],60,-1,146,-1,127
1,<environment.Job instance at 0x7effbd2d9b90>,54,24,[12  1],55,-1,155,-1,131
1,<environment.Job instance at 0x7effc73475f0>,72,23,[5 7],73,-1,154,-1,131
1,<environment.Job instance at 0x7effc7347690>,73,13,[11  3],74,-1,148,-1,135
1,<environment.Job instance at 0x7effbd35ae10>,0,22,[12  1],1,-1,23,-1,1
1,<environment.Job instance at 0x7effc748deb0>,1,12,[ 2 14],2,-1,14,-1,2
1,<environment.Job instance at 0x7effc748daf0>,2,13,[14  5],3,-1,16,-1,3
1,<environment.Job instance at 0x7effc748d140>,3,28,[5 7],4,-1,32,-1,4
1,<environment.Job instance at 0x7effbd30fc80>,4,28,[10  1],5,-1,33,-1,5
1,<environment.Job instance at 0x7effbd30f500>,5,16,[12  2],6,-1,22,-1,6
1,<environment.Job instance at 0x7effbd30f230>,6,28,[14  3],7,-1,35,-1,7
1,<environment.Job instance at 0x7effbd30f190>,7,24,[ 4 11],8,-1,32,-1,8
1,<environment.Job instance at 0x7effbd30f5a0>,8,25,[11  1],9,-1,34,-1,9
1,<environment.Job instance at 0x7effbd30f550>,10,26,[5 5],11,-1,37,-1,11
1,<environment.Job instance at 0x7effbd30f4b0>,14,25,[11  5],15,-1,40,-1,15
1,<environment.Job instance at 0x7effbd30f910>,15,25,[5 3],16,-1,41,-1,16
1,<environment.Job instance at 0x7effbd30f050>,18,18,[12  1],19,-1,37,-1,19
1,<environment.Job instance at 0x7effbd2cf7d0>,19,15,[ 1 13],20,-1,35,-1,20
1,<environment.Job instance at 0x7effbd2cfa00>,20,23,[11  3],21,-1,44,-1,21
1,<environment.Job instance at 0x7effbd2cf780>,22,20,[14  4],23,-1,43,-1,23
1,<environment.Job instance at 0x7effbd2cfc80>,17,26,[7 1],18,-1,52,-1,26
1,<environment.Job instance at 0x7effbd2cfaf0>,24,16,[ 2 11],25,-1,42,-1,26
1,<environment.Job instance at 0x7effc748dd70>,13,24,[2 7],14,-1,58,-1,34
1,<environment.Job instance at 0x7effbd2cfbe0>,25,24,[8 2],26,-1,58,-1,34
1,<environment.Job instance at 0x7effbd2cf820>,29,16,[ 4 13],30,-1,50,-1,34
1,<environment.Job instance at 0x7effbd2cf0a0>,30,26,[4 7],31,-1,74,-1,48
1,<environment.Job instance at 0x7effbd2cf1e0>,32,25,[11  1],33,-1,73,-1,48
1,<environment.Job instance at 0x7effbd2ccdc0>,33,26,[4 8],34,-1,74,-1,48
1,<environment.Job instance at 0x7effbd2cc460>,34,17,[12  2],35,-1,65,-1,48
1,<environment.Job instance at 0x7effbd2cc3c0>,35,19,[11  2],36,-1,67,-1,48
1,<environment.Job instance at 0x7effbd2cc1e0>,36,12,[14  5],37,-1,60,-1,48
1,<environment.Job instance at 0x7effbd2cc0f0>,37,24,[ 1 11],38,-1,72,-1,48
1,<environment.Job instance at 0x7effbd2cc140>,38,18,[ 4 12],39,-1,66,-1,48
1,<environment.Job instance at 0x7effbd2ccb40>,42,22,[ 3 14],43,-1,71,-1,49
1,<environment.Job instance at 0x7effbd2c9370>,43,28,[14  4],44,-1,77,-1,49
1,<environment.Job instance at 0x7effbd2cf230>,31,25,[10  5],32,-1,74,-1,49
1,<environment.Job instance at 0x7effbd2c94b0>,45,25,[ 3 13],46,-1,74,-1,49
1,<environment.Job instance at 0x7effbd2c96e0>,47,24,[ 2 13],48,-1,73,-1,49
1,<environment.Job instance at 0x7effbd2c9640>,48,21,[ 2 14],49,-1,70,-1,49
1,<environment.Job instance at 0x7effbd2c9f50>,49,16,[ 5 13],50,-1,66,-1,50
1,<environment.Job instance at 0x7effbd2c9550>,50,28,[1 7],51,-1,91,-1,63
1,<environment.Job instance at 0x7effbd2c9d70>,54,24,[12  1],55,-1,87,-1,63
1,<environment.Job instance at 0x7effbd2c9fa0>,56,18,[13  2],57,-1,94,-1,76
1,<environment.Job instance at 0x7effbd2c9a00>,57,19,[ 5 13],58,-1,95,-1,76
1,<environment.Job instance at 0x7effbd2c5f00>,58,28,[3 5],59,-1,104,-1,76
1,<environment.Job instance at 0x7effbd2c59b0>,61,26,[5 3],62,-1,105,-1,79
1,<environment.Job instance at 0x7effbd2c5d70>,62,18,[11  4],63,-1,97,-1,79
1,<environment.Job instance at 0x7effbd2c5af0>,63,15,[ 3 11],64,-1,94,-1,79
1,<environment.Job instance at 0x7effbd2c5b40>,66,12,[ 3 11],67,-1,91,-1,79
1,<environment.Job instance at 0x7effbd2c5d20>,65,27,[2 8],66,-1,118,-1,91
1,<environment.Job instance at 0x7effbd2c5140>,68,20,[12  2],69,-1,111,-1,91
1,<environment.Job instance at 0x7effbd2c5c30>,69,24,[ 5 11],70,-1,115,-1,91
1,<environment.Job instance at 0x7effbd2c5460>,71,27,[ 4 12],72,-1,118,-1,91
1,<environment.Job instance at 0x7effbd2c5050>,72,23,[5 7],73,-1,121,-1,98
1,<environment.Job instance at 0x7effbd2c55a0>,73,13,[11  3],74,-1,111,-1,98
1,<environment.Job instance at 0x7effbd2c1050>,74,25,[13  3],75,-1,123,-1,98
1,<environment.Job instance at 0x7effbd2c10f0>,75,17,[ 2 14],76,-1,115,-1,98
1,<environment.Job instance at 0x7effbd2c1460>,77,20,[12  3],78,-1,118,-1,98
1,<environment.Job instance at 0x7effbd2c1820>,78,16,[ 5 14],79,-1,114,-1,98
1,<environment.Job instance at 0x7effbd2c1e60>,79,13,[12  5],80,-1,111,-1,98
1,<environment.Job instance at 0x7effbd2c1730>,81,27,[12  2],82,-1,134,-1,107
1,<environment.Job instance at 0x7effbd2c1500>,82,26,[13  4],83,-1,133,-1,107
1,<environment.Job instance at 0x7effbd2c1370>,85,24,[ 4 10],86,-1,149,-1,125
1,<environment.Job instance at 0x7effbd33e460>,89,20,[11  1],90,-1,159,-1,139
1,<environment.Job instance at 0x7effbd33e1e0>,90,12,[ 1 14],91,-1,151,-1,139
1,<environment.Job instance at 0x7effbd33e910>,91,18,[ 5 12],92,-1,157,-1,139
1,<environment.Job instance at 0x7effbd83b8c0>,4,20,[2 8],5,-1,25,-1,5
1,<environment.Job instance at 0x7effbd83b500>,5,14,[11  5],6,-1,20,-1,6
1,<environment.Job instance at 0x7effbd83bcd0>,6,13,[ 1 11],7,-1,20,-1,7
1,<environment.Job instance at 0x7effbd83baf0>,7,21,[5 9],8,-1,29,-1,8
1,<environment.Job instance at 0x7effbd83b190>,8,25,[6 1],9,-1,34,-1,9
1,<environment.Job instance at 0x7effbd83bd20>,9,15,[ 3 12],10,-1,25,-1,10
1,<environment.Job instance at 0x7effbd83b690>,11,27,[5 7],12,-1,39,-1,12
1,<environment.Job instance at 0x7effbd83bc80>,16,20,[11  3],17,-1,38,-1,18
1,<environment.Job instance at 0x7effbd83b7d0>,19,16,[2 6],20,-1,36,-1,20
1,<environment.Job instance at 0x7effbd83bbe0>,20,24,[12  5],21,-1,138,-1,114
1,<environment.Job instance at 0x7effbd94bbe0>,29,25,[12  3],30,-1,139,-1,114
1,<environment.Job instance at 0x7effbd94b500>,32,27,[ 2 11],33,-1,141,-1,114
1,<environment.Job instance at 0x7effbd94b2d0>,33,27,[ 3 14],34,-1,141,-1,114
1,<environment.Job instance at 0x7effbd94b0f0>,31,16,[1 8],32,-1,130,-1,114
1,<environment.Job instance at 0x7effbd94b5a0>,36,28,[5 2],37,-1,142,-1,114
1,<environment.Job instance at 0x7effbd33e7d0>,0,20,[12  3],1,-1,21,-1,1
1,<environment.Job instance at 0x7effbd33e780>,1,21,[13  4],2,-1,23,-1,2
1,<environment.Job instance at 0x7effbd33e140>,2,23,[2 8],3,-1,26,-1,3
1,<environment.Job instance at 0x7effbd33e5f0>,3,16,[11  1],4,-1,20,-1,4
1,<environment.Job instance at 0x7effbd33eeb0>,5,14,[11  5],6,-1,20,-1,6
1,<environment.Job instance at 0x7effbd2c12d0>,6,13,[ 1 11],7,-1,20,-1,7
1,<environment.Job instance at 0x7effbd33ee10>,8,25,[6 1],9,-1,34,-1,9
1,<environment.Job instance at 0x7effbd2c1730>,9,15,[ 3 12],10,-1,25,-1,10
1,<environment.Job instance at 0x7effbd2c13c0>,10,18,[13  2],11,-1,29,-1,11
1,<environment.Job instance at 0x7effbd2c1e60>,11,27,[5 7],12,-1,39,-1,12
1,<environment.Job instance at 0x7effbd2c1820>,12,12,[14  3],13,-1,25,-1,13
1,<environment.Job instance at 0x7effbd2c1460>,13,28,[11  3],14,-1,42,-1,14
1,<environment.Job instance at 0x7effbd2c1050>,15,28,[ 4 12],16,-1,44,-1,16
1,<environment.Job instance at 0x7effbd2c15a0>,16,20,[11  3],17,-1,37,-1,17
1,<environment.Job instance at 0x7effbd2c1b40>,17,15,[ 5 13],18,-1,33,-1,18
1,<environment.Job instance at 0x7effbd2c1d20>,20,24,[12  5],21,-1,45,-1,21
1,<environment.Job instance at 0x7effbd2c50a0>,21,19,[ 2 14],22,-1,41,-1,22
1,<environment.Job instance at 0x7effbd2c5be0>,22,22,[12  1],23,-1,45,-1,23
1,<environment.Job instance at 0x7effbd2c5cd0>,23,13,[ 3 11],24,-1,37,-1,24
1,<environment.Job instance at 0x7effbd2c5b40>,25,17,[ 1 14],26,-1,43,-1,26
1,<environment.Job instance at 0x7effbd2c5190>,26,14,[ 3 14],27,-1,41,-1,27
1,<environment.Job instance at 0x7effbd2c5b90>,27,24,[ 3 11],28,-1,52,-1,28
1,<environment.Job instance at 0x7effbd2c5140>,29,25,[12  3],30,-1,55,-1,30
1,<environment.Job instance at 0x7effbd2c52d0>,30,12,[ 2 12],31,-1,43,-1,31
1,<environment.Job instance at 0x7effbd2c5a00>,32,27,[ 2 11],33,-1,60,-1,33
1,<environment.Job instance at 0x7effbd2c5f50>,33,27,[ 3 14],34,-1,61,-1,34
1,<environment.Job instance at 0x7effbd2c5820>,36,28,[5 2],37,-1,69,-1,41
1,<environment.Job instance at 0x7effbd2cf820>,37,28,[13  5],38,-1,69,-1,41
1,<environment.Job instance at 0x7effbd2cf550>,41,14,[ 3 11],42,-1,61,-1,47
1,<environment.Job instance at 0x7effbd2cfe10>,42,27,[ 3 14],43,-1,74,-1,47
1,<environment.Job instance at 0x7effbd2cf960>,43,15,[14  1],44,-1,62,-1,47
1,<environment.Job instance at 0x7effbd2cfdc0>,44,27,[ 5 11],45,-1,74,-1,47
1,<environment.Job instance at 0x7effbd2cf5a0>,38,26,[8 3],39,-1,73,-1,47
1,<environment.Job instance at 0x7effbd2cf9b0>,46,25,[ 1 13],47,-1,72,-1,47
1,<environment.Job instance at 0x7effbd2cfb90>,47,26,[10  3],48,-1,78,-1,52
1,<environment.Job instance at 0x7effbd9680a0>,50,21,[13  1],51,-1,82,-1,61
1,<environment.Job instance at 0x7effbd829320>,51,18,[ 2 12],52,-1,79,-1,61
1,<environment.Job instance at 0x7effbd951460>,52,14,[ 2 11],53,-1,75,-1,61
1,<environment.Job instance at 0x7effbd83b050>,54,12,[ 4 13],55,-1,73,-1,61
1,<environment.Job instance at 0x7effc7492730>,56,14,[ 3 12],57,-1,79,-1,65
1,<environment.Job instance at 0x7effbd4252d0>,57,23,[13  3],58,-1,88,-1,65
1,<environment.Job instance at 0x7effbd4257d0>,58,16,[13  5],59,-1,81,-1,65
1,<environment.Job instance at 0x7effbd7edf00>,63,24,[ 4 11],64,-1,115,-1,91
1,<environment.Job instance at 0x7effbdfb2fa0>,64,14,[13  1],65,-1,105,-1,91
1,<environment.Job instance at 0x7effc7486dc0>,65,14,[11  1],66,-1,105,-1,91
1,<environment.Job instance at 0x7effbe364a00>,66,12,[12  5],67,-1,103,-1,91
1,<environment.Job instance at 0x7effbddd0780>,68,14,[ 1 13],69,-1,105,-1,91
1,<environment.Job instance at 0x7effbd8340f0>,62,23,[9 3],63,-1,126,-1,103
1,<environment.Job instance at 0x7effbd834d20>,61,23,[8 4],62,-1,126,-1,103
1,<environment.Job instance at 0x7effbe3b9aa0>,71,28,[ 4 14],72,-1,131,-1,103
1,<environment.Job instance at 0x7effbdd1f3c0>,73,27,[11  1],74,-1,130,-1,103
1,<environment.Job instance at 0x7effbe84ecd0>,70,27,[ 4 10],71,-1,132,-1,105
1,<environment.Job instance at 0x7effbe0e3f00>,76,28,[4 9],77,-1,147,-1,119
1,<environment.Job instance at 0x7effbe050d70>,77,28,[7 5],78,-1,147,-1,119
1,<environment.Job instance at 0x7effbe47b320>,78,18,[14  2],79,-1,137,-1,119
1,<environment.Job instance at 0x7effbe3353c0>,79,18,[12  2],80,-1,137,-1,119
1,<environment.Job instance at 0x7effbddb65a0>,82,19,[ 2 14],83,-1,138,-1,119
1,<environment.Job instance at 0x7effbddb6fa0>,84,24,[14  2],85,-1,143,-1,119
1,<environment.Job instance at 0x7effbde17140>,0,20,[6 5],1,-1,21,-1,1
1,<environment.Job instance at 0x7effbe12ccd0>,3,18,[ 5 11],4,-1,24,-1,6
1,<environment.Job instance at 0x7effbe11eb90>,15,28,[5 5],16,-1,49,-1,21
1,<environment.Job instance at 0x7effbe11e8c0>,18,24,[8 1],19,-1,84,-1,60
1,<environment.Job instance at 0x7effbd33e9b0>,4,21,[ 1 12],5,-1,81,-1,60
1,<environment.Job instance at 0x7effbe11e730>,19,27,[ 5 10],20,-1,87,-1,60
1,<environment.Job instance at 0x7effbe11e460>,21,28,[ 1 12],22,-1,88,-1,60
1,<environment.Job instance at 0x7effbe130f00>,23,20,[ 5 12],24,-1,80,-1,60
1,<environment.Job instance at 0x7effbe11e9b0>,17,24,[10  2],18,-1,84,-1,60
1,<environment.Job instance at 0x7effbdd67370>,1,14,[ 4 13],2,-1,16,-1,2
1,<environment.Job instance at 0x7effbdd67780>,2,12,[14  3],3,-1,15,-1,3
1,<environment.Job instance at 0x7effbdd67eb0>,3,18,[ 5 11],4,-1,22,-1,4
1,<environment.Job instance at 0x7effbdd67140>,4,21,[ 1 12],5,-1,26,-1,5
1,<environment.Job instance at 0x7effbde4a9b0>,5,25,[4 9],6,-1,31,-1,6
1,<environment.Job instance at 0x7effbe3a7fa0>,6,18,[ 1 12],7,-1,25,-1,7
1,<environment.Job instance at 0x7effbdde35a0>,11,28,[11  4],12,-1,40,-1,12
1,<environment.Job instance at 0x7effbdde31e0>,13,19,[11  2],14,-1,33,-1,14
1,<environment.Job instance at 0x7effbdde30a0>,14,18,[12  3],15,-1,33,-1,15
1,<environment.Job instance at 0x7effbde4a7d0>,9,28,[ 3 10],10,-1,49,-1,21
1,<environment.Job instance at 0x7effbdde3e10>,16,19,[ 1 12],17,-1,40,-1,21
1,<environment.Job instance at 0x7effbdf7dd70>,18,24,[8 1],19,-1,45,-1,21
1,<environment.Job instance at 0x7effbe32ff50>,19,27,[ 5 10],20,-1,48,-1,21
1,<environment.Job instance at 0x7effbdde33c0>,15,28,[5 5],16,-1,49,-1,21
1,<environment.Job instance at 0x7effbdd8e960>,21,28,[ 1 12],22,-1,50,-1,22
1,<environment.Job instance at 0x7effbdd8eaf0>,22,15,[13  1],23,-1,38,-1,23
1,<environment.Job instance at 0x7effbdd8e820>,23,20,[ 5 12],24,-1,44,-1,24
1,<environment.Job instance at 0x7effbdd8eeb0>,25,12,[ 4 13],26,-1,38,-1,26
1,<environment.Job instance at 0x7effbe10ecd0>,26,24,[5 3],27,-1,57,-1,33
1,<environment.Job instance at 0x7effbdd2b1e0>,29,21,[14  3],30,-1,54,-1,33
1,<environment.Job instance at 0x7effbdd2b5f0>,32,20,[11  3],33,-1,54,-1,34
1,<environment.Job instance at 0x7effbdd3f0a0>,35,17,[ 3 13],36,-1,65,-1,48
1,<environment.Job instance at 0x7effbdd3ff50>,36,15,[13  4],37,-1,63,-1,48
1,<environment.Job instance at 0x7effbdf7deb0>,17,24,[10  2],18,-1,84,-1,60
1,<environment.Job instance at 0x7effbe199b90>,37,25,[9 1],38,-1,85,-1,60
1,<environment.Job instance at 0x7effbdf33fa0>,40,26,[14  4],41,-1,86,-1,60
1,<environment.Job instance at 0x7effbddb65f0>,43,18,[14  1],44,-1,78,-1,60
1,<environment.Job instance at 0x7effbdf338c0>,38,23,[3 8],39,-1,84,-1,61
1,<environment.Job instance at 0x7effbddb6870>,46,15,[ 5 11],47,-1,76,-1,61
1,<environment.Job instance at 0x7effbddb6f50>,47,27,[ 2 13],48,-1,88,-1,61
1,<environment.Job instance at 0x7effbe47b320>,48,27,[5 1],49,-1,99,-1,72
1,<environment.Job instance at 0x7effbdccb050>,49,16,[ 3 12],50,-1,88,-1,72
1,<environment.Job instance at 0x7effbdccb0f0>,50,12,[ 3 12],51,-1,84,-1,72
1,<environment.Job instance at 0x7effbe3353c0>,51,13,[ 3 12],52,-1,85,-1,72
1,<environment.Job instance at 0x7effbe335050>,52,24,[ 4 10],53,-1,97,-1,73
1,<environment.Job instance at 0x7effbe0e3e10>,53,25,[11  2],54,-1,98,-1,73
1,<environment.Job instance at 0x7effbe0e3370>,54,23,[ 1 14],55,-1,96,-1,73
1,<environment.Job instance at 0x7effbddb60f0>,44,24,[9 2],45,-1,97,-1,73
1,<environment.Job instance at 0x7effbe84ecd0>,56,12,[ 3 12],57,-1,85,-1,73
1,<environment.Job instance at 0x7effbd7edf00>,60,14,[ 2 11],61,-1,101,-1,87
1,<environment.Job instance at 0x7effbddd0140>,62,22,[ 5 14],63,-1,111,-1,89
1,<environment.Job instance at 0x7effc7486dc0>,63,17,[12  4],64,-1,106,-1,89
1,<environment.Job instance at 0x7effc7486d70>,64,26,[ 1 10],65,-1,126,-1,100
1,<environment.Job instance at 0x7effbd834230>,69,12,[ 1 11],70,-1,124,-1,112
1,<environment.Job instance at 0x7effbd834460>,70,28,[3 6],71,-1,155,-1,127
1,<environment.Job instance at 0x7effbe033f00>,74,13,[12  5],75,-1,140,-1,127
1,<environment.Job instance at 0x7effbd75a2d0>,0,23,[8 4],1,-1,24,-1,1
1,<environment.Job instance at 0x7effbd756370>,13,25,[12  1],14,-1,57,-1,32
1,<environment.Job instance at 0x7effbd7567d0>,7,15,[11  5],8,-1,48,-1,33
1,<environment.Job instance at 0x7effbd7563c0>,12,18,[5 8],13,-1,51,-1,33
1,<environment.Job instance at 0x7effbd756e60>,15,16,[ 1 13],16,-1,49,-1,33
1,<environment.Job instance at 0x7effbd75aa50>,8,12,[1 7],9,-1,51,-1,39
1,<environment.Job instance at 0x7effbd756a50>,14,28,[14  4],15,-1,68,-1,40
1,<environment.Job instance at 0x7effbd756dc0>,19,26,[12  4],20,-1,68,-1,42
1,<environment.Job instance at 0x7effbd756a00>,20,16,[11  4],21,-1,58,-1,42
1,<environment.Job instance at 0x7effbd7565f0>,21,18,[5 7],22,-1,61,-1,43
1,<environment.Job instance at 0x7effbd756280>,18,17,[9 4],19,-1,60,-1,43
1,<environment.Job instance at 0x7effbd7568c0>,16,26,[ 3 11],17,-1,69,-1,43
1,<environment.Job instance at 0x7effbd756be0>,23,20,[12  4],24,-1,63,-1,43
1,<environment.Job instance at 0x7effbd756870>,17,18,[6 5],18,-1,63,-1,45
1,<environment.Job instance at 0x7effbe150c80>,0,23,[8 4],1,-1,24,-1,1
1,<environment.Job instance at 0x7effbdb44af0>,1,13,[12  4],2,-1,15,-1,2
1,<environment.Job instance at 0x7effbe12ca50>,2,27,[9 3],3,-1,30,-1,3
1,<environment.Job instance at 0x7effc7492730>,4,18,[ 5 12],5,-1,23,-1,5
1,<environment.Job instance at 0x7effc6e660a0>,5,28,[ 2 13],6,-1,34,-1,6
1,<environment.Job instance at 0x7effbdf33780>,6,26,[ 3 14],7,-1,33,-1,7
1,<environment.Job instance at 0x7effbd756fa0>,7,15,[11  5],8,-1,23,-1,8
1,<environment.Job instance at 0x7effbd75ac80>,9,15,[ 3 13],10,-1,25,-1,10
1,<environment.Job instance at 0x7effbd75a960>,10,25,[13  4],11,-1,36,-1,11
1,<environment.Job instance at 0x7effbd75a910>,11,17,[13  1],12,-1,29,-1,12
1,<environment.Job instance at 0x7effbd75a0a0>,13,25,[12  1],14,-1,39,-1,14
1,<environment.Job instance at 0x7effbd9d0690>,14,28,[14  4],15,-1,43,-1,15
1,<environment.Job instance at 0x7effbd9d0aa0>,15,16,[ 1 13],16,-1,32,-1,16
1,<environment.Job instance at 0x7effbd9d0d70>,16,26,[ 3 11],17,-1,43,-1,17
1,<environment.Job instance at 0x7effbd9d0c80>,19,26,[12  4],20,-1,46,-1,20
1,<environment.Job instance at 0x7effbd9d0c30>,20,16,[11  4],21,-1,37,-1,21
1,<environment.Job instance at 0x7effbd9d0e60>,23,20,[12  4],24,-1,44,-1,24
1,<environment.Job instance at 0x7effbd9d0640>,24,26,[1 6],25,-1,64,-1,38
1,<environment.Job instance at 0x7effbdc78870>,26,27,[12  2],27,-1,65,-1,38
1,<environment.Job instance at 0x7effbdc788c0>,27,15,[14  2],28,-1,53,-1,38
1,<environment.Job instance at 0x7effbdc78190>,28,15,[13  3],29,-1,53,-1,38
1,<environment.Job instance at 0x7effbdc78280>,31,14,[ 2 11],32,-1,52,-1,38
1,<environment.Job instance at 0x7effbdc780a0>,32,25,[14  3],33,-1,63,-1,38
1,<environment.Job instance at 0x7effbdc78c80>,33,23,[14  5],34,-1,61,-1,38
1,<environment.Job instance at 0x7effbdc784b0>,34,27,[12  3],35,-1,65,-1,38
1,<environment.Job instance at 0x7effbdc78320>,35,22,[11  3],36,-1,60,-1,38
1,<environment.Job instance at 0x7effbdc78820>,36,28,[ 1 13],37,-1,66,-1,38
1,<environment.Job instance at 0x7effbdc78e10>,37,25,[12  4],38,-1,63,-1,38
1,<environment.Job instance at 0x7effbd9d0960>,25,23,[5 5],26,-1,61,-1,38
1,<environment.Job instance at 0x7effbdc78410>,38,17,[ 2 13],39,-1,56,-1,39
1,<environment.Job instance at 0x7effbdc78a00>,39,15,[ 2 14],40,-1,55,-1,40
1,<environment.Job instance at 0x7effbdc785f0>,41,16,[ 2 13],42,-1,58,-1,42
1,<environment.Job instance at 0x7effbd9d7320>,43,15,[12  3],44,-1,59,-1,44
1,<environment.Job instance at 0x7effbd9d7690>,44,19,[ 2 13],45,-1,64,-1,45
1,<environment.Job instance at 0x7effbd9d7550>,47,18,[ 1 13],48,-1,76,-1,58
1,<environment.Job instance at 0x7effbd9d7280>,48,12,[ 5 14],49,-1,70,-1,58
1,<environment.Job instance at 0x7effbd9d7140>,49,13,[14  1],50,-1,71,-1,58
1,<environment.Job instance at 0x7effbd428be0>,53,18,[12  3],54,-1,90,-1,72
1,<environment.Job instance at 0x7effbd9d3eb0>,54,23,[2 6],55,-1,99,-1,76
1,<environment.Job instance at 0x7effbd428f00>,56,27,[ 2 13],57,-1,103,-1,76
1,<environment.Job instance at 0x7effbd4288c0>,57,14,[ 2 11],58,-1,90,-1,76
1,<environment.Job instance at 0x7effbd428d70>,58,16,[ 1 12],59,-1,92,-1,76
1,<environment.Job instance at 0x7effbd428c30>,59,26,[5 9],60,-1,111,-1,85
1,<environment.Job instance at 0x7effbd428190>,62,24,[14  4],63,-1,109,-1,85
1,<environment.Job instance at 0x7effbd4283c0>,66,16,[ 3 11],67,-1,102,-1,86
1,<environment.Job instance at 0x7effbd428af0>,68,16,[11  5],69,-1,102,-1,86
1,<environment.Job instance at 0x7effbd428a00>,69,18,[13  2],70,-1,104,-1,86
1,<environment.Job instance at 0x7effbe76b4b0>,71,23,[14  1],72,-1,121,-1,98
1,<environment.Job instance at 0x7effbe76bbe0>,72,17,[ 1 14],73,-1,115,-1,98
1,<environment.Job instance at 0x7effbe76b2d0>,73,16,[12  2],74,-1,114,-1,98
1,<environment.Job instance at 0x7effbe4dcb90>,74,19,[ 4 11],75,-1,117,-1,98
1,<environment.Job instance at 0x7effbe4dc820>,75,24,[9 5],76,-1,124,-1,100
1,<environment.Job instance at 0x7effbe4dc230>,76,16,[13  3],77,-1,116,-1,100
1,<environment.Job instance at 0x7effbe4dcc80>,77,24,[14  3],78,-1,124,-1,100
1,<environment.Job instance at 0x7effbe4dcc30>,78,19,[ 1 14],79,-1,119,-1,100
1,<environment.Job instance at 0x7effbe4dce10>,79,23,[14  3],80,-1,123,-1,100
1,<environment.Job instance at 0x7effbe4dce60>,80,28,[ 4 11],81,-1,128,-1,100
1,<environment.Job instance at 0x7effbe4dccd0>,81,27,[5 5],82,-1,127,-1,100
1,<environment.Job instance at 0x7effbe4dc1e0>,82,24,[5 2],83,-1,124,-1,100
1,<environment.Job instance at 0x7effbe4dcfa0>,83,14,[ 4 12],84,-1,114,-1,100
1,<environment.Job instance at 0x7effbe4dc320>,84,27,[5 1],85,-1,127,-1,100
1,<environment.Job instance at 0x7effbe4dceb0>,85,27,[ 2 11],86,-1,127,-1,100
1,<environment.Job instance at 0x7effbe4dcdc0>,86,28,[12  4],87,-1,128,-1,100
1,<environment.Job instance at 0x7effbe4dc910>,88,14,[14  2],89,-1,114,-1,100
1,<environment.Job instance at 0x7effbe4dc3c0>,89,27,[5 1],90,-1,127,-1,100
1,<environment.Job instance at 0x7effbe4dc4b0>,90,23,[12  5],91,-1,123,-1,100
1,<environment.Job instance at 0x7effbe4dc460>,91,23,[3 9],92,-1,138,-1,115
1,<environment.Job instance at 0x7effbd65da50>,93,12,[14  4],94,-1,127,-1,115
1,<environment.Job instance at 0x7effbd65d460>,95,26,[7 5],96,-1,155,-1,129
1,<environment.Job instance at 0x7effbd65d6e0>,96,17,[ 3 14],97,-1,146,-1,129
1,<environment.Job instance at 0x7effbd65d870>,99,17,[ 2 13],100,-1,149,-1,132
1,<environment.Job instance at 0x7effbd65d370>,100,17,[14  2],101,-1,149,-1,132
1,<environment.Job instance at 0x7effbd99fb90>,4,18,[8 3],5,-1,24,-1,6
1,<environment.Job instance at 0x7effbd99feb0>,7,15,[6 2],8,-1,23,-1,8
1,<environment.Job instance at 0x7effbd99fe60>,8,17,[7 4],9,-1,26,-1,9
1,<environment.Job instance at 0x7effbd98faa0>,15,24,[12  5],16,-1,41,-1,17
1,<environment.Job instance at 0x7effbd6b5a00>,5,28,[3 8],6,-1,45,-1,17
1,<environment.Job instance at 0x7effbd9a9280>,26,27,[12  3],27,-1,148,-1,121
1,<environment.Job instance at 0x7effbd5c5550>,31,20,[9 4],32,-1,155,-1,135
1,<environment.Job instance at 0x7effbd78e6e0>,32,24,[7 3],33,-1,159,-1,135
1,<environment.Job instance at 0x7effbe4dc4b0>,0,18,[ 4 13],1,-1,19,-1,1
1,<environment.Job instance at 0x7effbe4dc3c0>,1,18,[13  1],2,-1,20,-1,2
1,<environment.Job instance at 0x7effbe4dcfa0>,5,28,[3 8],6,-1,34,-1,6
1,<environment.Job instance at 0x7effbe4dc1e0>,6,18,[ 1 14],7,-1,25,-1,7
1,<environment.Job instance at 0x7effbe4dccd0>,9,16,[12  2],10,-1,26,-1,10
1,<environment.Job instance at 0x7effbe4dceb0>,10,12,[11  2],11,-1,23,-1,11
1,<environment.Job instance at 0x7effbe4dc820>,12,16,[ 3 13],13,-1,29,-1,13
1,<environment.Job instance at 0x7effbe4dcf50>,14,22,[ 1 12],15,-1,39,-1,17
1,<environment.Job instance at 0x7effbe4dc2d0>,15,24,[12  5],16,-1,41,-1,17
1,<environment.Job instance at 0x7effbe4dcb90>,16,27,[3 5],17,-1,50,-1,23
1,<environment.Job instance at 0x7effbd428370>,19,28,[1 8],20,-1,65,-1,37
1,<environment.Job instance at 0x7effbd428690>,21,26,[7 2],22,-1,68,-1,42
1,<environment.Job instance at 0x7effbd428410>,23,28,[ 2 12],24,-1,70,-1,42
1,<environment.Job instance at 0x7effbd4280a0>,25,16,[12  2],26,-1,58,-1,42
1,<environment.Job instance at 0x7effbd428c30>,26,27,[12  3],27,-1,69,-1,42
1,<environment.Job instance at 0x7effbd428d70>,27,17,[13  2],28,-1,59,-1,42
1,<environment.Job instance at 0x7effbd428780>,22,27,[5 6],23,-1,81,-1,54
1,<environment.Job instance at 0x7effbd4285f0>,32,24,[7 3],33,-1,83,-1,59
1,<environment.Job instance at 0x7effbd9d3af0>,33,12,[13  5],34,-1,71,-1,59
1,<environment.Job instance at 0x7effbd9d3e10>,34,21,[ 1 13],35,-1,80,-1,59
1,<environment.Job instance at 0x7effbd9d3cd0>,36,20,[ 4 11],37,-1,79,-1,59
1,<environment.Job instance at 0x7effbd9d7690>,38,23,[3 7],39,-1,96,-1,73
1,<environment.Job instance at 0x7effbd9d7e60>,40,23,[ 3 11],41,-1,96,-1,73
1,<environment.Job instance at 0x7effbd9d75f0>,43,26,[ 4 14],44,-1,99,-1,73
1,<environment.Job instance at 0x7effbdc78960>,44,25,[2 7],45,-1,109,-1,84
1,<environment.Job instance at 0x7effbd9d3c30>,35,23,[ 1 10],36,-1,108,-1,85
1,<environment.Job instance at 0x7effbdc780a0>,51,16,[14  4],52,-1,116,-1,100
1,<environment.Job instance at 0x7effbdc78f50>,53,18,[14  3],54,-1,119,-1,101
1,<environment.Job instance at 0x7effbdc78460>,55,22,[ 5 12],56,-1,139,-1,117
1,<environment.Job instance at 0x7effbdc78870>,57,18,[ 1 12],58,-1,137,-1,119
1,<environment.Job instance at 0x7effbd9d0cd0>,58,16,[14  2],59,-1,135,-1,119
1,<environment.Job instance at 0x7effbd9d0870>,59,26,[6 2],60,-1,156,-1,130
1,<environment.Job instance at 0x7effbd9d06e0>,60,25,[ 4 14],61,-1,155,-1,130
1,<environment.Job instance at 0x7effbd9d0e10>,62,20,[14  3],63,-1,150,-1,130
1,<environment.Job instance at 0x7effbd9d0c30>,63,25,[14  5],64,-1,155,-1,130
1,<environment.Job instance at 0x7effbd9d04b0>,65,14,[14  1],66,-1,146,-1,132
1,<environment.Job instance at 0x7effbd65e6e0>,4,15,[2 5],5,-1,26,-1,11
1,<environment.Job instance at 0x7effbdc82f50>,11,25,[5 5],12,-1,37,-1,12
1,<environment.Job instance at 0x7effbdc82780>,13,22,[5 3],14,-1,44,-1,22
1,<environment.Job instance at 0x7effbdc82a00>,15,27,[10  3],16,-1,49,-1,22
1,<environment.Job instance at 0x7effbd50a640>,0,27,[ 2 13],1,-1,28,-1,1
1,<environment.Job instance at 0x7effbd61ffa0>,1,17,[11  4],2,-1,19,-1,2
1,<environment.Job instance at 0x7effbd4f68c0>,2,27,[ 4 13],3,-1,30,-1,3
1,<environment.Job instance at 0x7effbd8bcdc0>,3,15,[14  1],4,-1,19,-1,4
1,<environment.Job instance at 0x7effbd9fbf00>,8,19,[ 3 13],9,-1,28,-1,9
1,<environment.Job instance at 0x7effbd9fbf50>,7,26,[ 4 10],8,-1,46,-1,20
1,<environment.Job instance at 0x7effbd72f640>,12,26,[2 9],13,-1,46,-1,20
1,<environment.Job instance at 0x7effbd72f5a0>,14,15,[12  4],15,-1,35,-1,20
1,<environment.Job instance at 0x7effbd73afa0>,11,25,[5 5],12,-1,45,-1,20
1,<environment.Job instance at 0x7effbe150460>,16,27,[ 1 11],17,-1,47,-1,20
1,<environment.Job instance at 0x7effc6e66910>,17,18,[ 2 12],18,-1,38,-1,20
1,<environment.Job instance at 0x7effc6e660a0>,18,22,[ 2 11],19,-1,42,-1,20
1,<environment.Job instance at 0x7effbd76a280>,19,23,[14  4],20,-1,43,-1,20
1,<environment.Job instance at 0x7effbd9d04b0>,20,22,[13  2],21,-1,43,-1,21
1,<environment.Job instance at 0x7effbd9d0690>,21,12,[ 1 12],22,-1,34,-1,22
1,<environment.Job instance at 0x7effbd42a3c0>,6,25,[7 3],7,-1,49,-1,24
1,<environment.Job instance at 0x7effbd9d0c30>,23,26,[5 5],24,-1,50,-1,24
1,<environment.Job instance at 0x7effcd3bcdc0>,15,27,[10  3],16,-1,51,-1,24
1,<environment.Job instance at 0x7effbd9d0fa0>,24,16,[11  2],25,-1,41,-1,25
1,<environment.Job instance at 0x7effbd9d0640>,26,18,[ 5 14],27,-1,45,-1,27
1,<environment.Job instance at 0x7effbd9d0c80>,29,20,[ 1 11],30,-1,50,-1,30
1,<environment.Job instance at 0x7effbe4dcf50>,30,27,[11  5],31,-1,58,-1,31
1,<environment.Job instance at 0x7effbe4dcf00>,31,14,[ 5 14],32,-1,46,-1,32
1,<environment.Job instance at 0x7effbd9d0af0>,28,27,[ 2 10],29,-1,64,-1,37
1,<environment.Job instance at 0x7effbe4dcd70>,35,24,[ 5 13],36,-1,63,-1,39
1,<environment.Job instance at 0x7effbe4dc550>,36,15,[ 5 14],37,-1,54,-1,39
1,<environment.Job instance at 0x7effbe4dcc80>,37,22,[ 4 11],38,-1,61,-1,39
1,<environment.Job instance at 0x7effbe4dce10>,38,13,[ 5 13],39,-1,52,-1,39
1,<environment.Job instance at 0x7effbd9d0e60>,33,25,[9 2],34,-1,71,-1,46
1,<environment.Job instance at 0x7effbd9d0550>,25,26,[5 8],26,-1,80,-1,54
1,<environment.Job instance at 0x7effbe4dc690>,42,13,[ 5 12],43,-1,67,-1,54
1,<environment.Job instance at 0x7effbe4dc9b0>,43,15,[14  1],44,-1,69,-1,54
1,<environment.Job instance at 0x7effbe4dc4b0>,44,23,[1 8],45,-1,77,-1,54
1,<environment.Job instance at 0x7effbe4dc320>,45,28,[ 2 10],46,-1,82,-1,54
1,<environment.Job instance at 0x7effbe4dcaa0>,41,24,[5 1],42,-1,78,-1,54
1,<environment.Job instance at 0x7effbd65e3c0>,48,21,[ 3 14],49,-1,75,-1,54
1,<environment.Job instance at 0x7effbd65e690>,49,21,[ 2 12],50,-1,75,-1,54
1,<environment.Job instance at 0x7effbe6f2500>,52,21,[13  5],53,-1,75,-1,54
1,<environment.Job instance at 0x7effbe6f2b90>,54,25,[9 4],55,-1,94,-1,69
1,<environment.Job instance at 0x7effbe6f2fa0>,56,14,[11  4],57,-1,83,-1,69
1,<environment.Job instance at 0x7effbe6f2280>,58,28,[ 1 13],59,-1,97,-1,69
1,<environment.Job instance at 0x7effbe6f2050>,59,19,[ 5 14],60,-1,88,-1,69
1,<environment.Job instance at 0x7effbe6f2f00>,62,20,[ 4 14],63,-1,91,-1,71
1,<environment.Job instance at 0x7effbe6f2460>,63,18,[14  4],64,-1,89,-1,71
1,<environment.Job instance at 0x7effbe6f2f50>,64,18,[ 3 11],65,-1,89,-1,71
1,<environment.Job instance at 0x7effbe6f2be0>,66,26,[ 2 11],67,-1,107,-1,81
1,<environment.Job instance at 0x7effbe8106e0>,67,13,[13  4],68,-1,94,-1,81
1,<environment.Job instance at 0x7effbe810500>,70,13,[12  4],71,-1,101,-1,88
1,<environment.Job instance at 0x7effbe810730>,71,17,[ 5 13],72,-1,105,-1,88
1,<environment.Job instance at 0x7effbe8107d0>,72,16,[ 5 14],73,-1,104,-1,88
1,<environment.Job instance at 0x7effbe810550>,73,25,[5 8],74,-1,130,-1,105
1,<environment.Job instance at 0x7effbe810eb0>,75,17,[ 2 14],76,-1,122,-1,105
1,<environment.Job instance at 0x7effbe8109b0>,76,18,[11  3],77,-1,123,-1,105
1,<environment.Job instance at 0x7effbe8104b0>,80,15,[14  4],81,-1,132,-1,117
1,<environment.Job instance at 0x7effc6e89cd0>,81,24,[11  3],82,-1,141,-1,117
1,<environment.Job instance at 0x7effc6e89be0>,82,15,[ 5 12],83,-1,132,-1,117
1,<environment.Job instance at 0x7effc6e89870>,83,26,[ 1 12],84,-1,143,-1,117
1,<environment.Job instance at 0x7effc6e89280>,85,25,[1 8],86,-1,154,-1,129
1,<environment.Job instance at 0x7effc6e891e0>,86,27,[ 3 12],87,-1,156,-1,129
1,<environment.Job instance at 0x7effc6e89a50>,88,28,[12  4],89,-1,157,-1,129
1,<environment.Job instance at 0x7effc6e89050>,90,28,[11  4],91,-1,158,-1,130
1,<environment.Job instance at 0x7effc6e89aa0>,92,24,[13  1],93,-1,154,-1,130
1,<environment.Job instance at 0x7effc6e89a00>,93,12,[14  5],94,-1,142,-1,130
1,<environment.Job instance at 0x7effc6e89c80>,0,14,[14  4],1,-1,15,-1,1
1,<environment.Job instance at 0x7effc6e89d70>,1,22,[ 4 12],2,-1,24,-1,2
1,<environment.Job instance at 0x7effc6e89aa0>,2,24,[12  4],3,-1,27,-1,3
1,<environment.Job instance at 0x7effc6e89e10>,4,16,[ 3 12],5,-1,21,-1,5
1,<environment.Job instance at 0x7effc6e89cd0>,8,15,[ 3 13],9,-1,24,-1,9
1,<environment.Job instance at 0x7effc6e89910>,9,15,[ 5 11],10,-1,25,-1,10
1,<environment.Job instance at 0x7effc6e89640>,11,24,[9 2],12,-1,36,-1,12
1,<environment.Job instance at 0x7effbe810870>,12,13,[11  4],13,-1,26,-1,13
1,<environment.Job instance at 0x7effbe810960>,13,17,[ 3 12],14,-1,31,-1,14
1,<environment.Job instance at 0x7effbe810190>,14,20,[13  4],15,-1,35,-1,15
1,<environment.Job instance at 0x7effbe810af0>,16,20,[12  5],17,-1,37,-1,17
1,<environment.Job instance at 0x7effc6e89be0>,7,23,[2 6],8,-1,41,-1,18
1,<environment.Job instance at 0x7effbe810cd0>,19,22,[ 3 11],20,-1,42,-1,20
1,<environment.Job instance at 0x7effbe8106e0>,20,24,[ 1 12],21,-1,45,-1,21
1,<environment.Job instance at 0x7effbe810230>,21,28,[3 6],22,-1,50,-1,22
1,<environment.Job instance at 0x7effbe810be0>,22,14,[ 4 12],23,-1,37,-1,23
1,<environment.Job instance at 0x7effbe810690>,23,28,[ 2 13],24,-1,52,-1,24
1,<environment.Job instance at 0x7effcd3bcdc0>,25,16,[13  3],26,-1,42,-1,26
1,<environment.Job instance at 0x7effbdda8870>,28,28,[4 6],29,-1,59,-1,31
1,<environment.Job instance at 0x7effbdda1a50>,29,26,[ 2 14],30,-1,57,-1,31
1,<environment.Job instance at 0x7effbd6d8b90>,24,25,[10  5],25,-1,57,-1,32
1,<environment.Job instance at 0x7effbd971730>,31,15,[14  4],32,-1,47,-1,32
1,<environment.Job instance at 0x7effbd9488c0>,32,13,[13  5],33,-1,46,-1,33
1,<environment.Job instance at 0x7effbd9480a0>,33,19,[12  2],34,-1,53,-1,34
1,<environment.Job instance at 0x7effbd4bed20>,37,27,[ 1 13],38,-1,65,-1,38
1,<environment.Job instance at 0x7effbd95a370>,38,26,[8 2],39,-1,70,-1,44
1,<environment.Job instance at 0x7effbd948f00>,34,24,[2 5],35,-1,77,-1,53
1,<environment.Job instance at 0x7effbd95a730>,41,26,[11  1],42,-1,79,-1,53
1,<environment.Job instance at 0x7effbd4be820>,39,26,[5 7],40,-1,79,-1,53
1,<environment.Job instance at 0x7effbd95d230>,47,18,[ 1 12],48,-1,83,-1,65
1,<environment.Job instance at 0x7effbd94be60>,48,15,[ 3 11],49,-1,80,-1,65
1,<environment.Job instance at 0x7effbd94bbe0>,49,24,[ 1 11],50,-1,89,-1,65
1,<environment.Job instance at 0x7effbe8d83c0>,51,16,[ 2 13],52,-1,85,-1,69
1,<environment.Job instance at 0x7effbe8d8910>,52,21,[ 4 13],53,-1,90,-1,69
1,<environment.Job instance at 0x7effbd95df00>,50,23,[6 3],51,-1,103,-1,80
1,<environment.Job instance at 0x7effbd49daf0>,55,27,[13  3],56,-1,107,-1,80
1,<environment.Job instance at 0x7effbd49d960>,56,24,[3 9],57,-1,111,-1,87
1,<environment.Job instance at 0x7effbd49df50>,58,23,[14  1],59,-1,110,-1,87
1,<environment.Job instance at 0x7effbd49d550>,59,27,[11  2],60,-1,114,-1,87
1,<environment.Job instance at 0x7effbe8dbb90>,62,22,[ 3 14],63,-1,115,-1,93
1,<environment.Job instance at 0x7effbe8db960>,63,15,[13  2],64,-1,108,-1,93
1,<environment.Job instance at 0x7effbe8dbc30>,64,16,[11  3],65,-1,109,-1,93
1,<environment.Job instance at 0x7effbe8f4c80>,67,23,[9 3],68,-1,136,-1,113
1,<environment.Job instance at 0x7effbe8f4be0>,68,23,[13  2],69,-1,136,-1,113
1,<environment.Job instance at 0x7effbe8f4230>,69,16,[ 3 14],70,-1,129,-1,113
1,<environment.Job instance at 0x7effbe8d2870>,70,16,[13  5],71,-1,129,-1,113
1,<environment.Job instance at 0x7effbe8e1280>,73,17,[11  4],74,-1,130,-1,113
1,<environment.Job instance at 0x7effbe8e1c80>,74,28,[13  5],75,-1,141,-1,113
1,<environment.Job instance at 0x7effbe8e15f0>,75,27,[6 1],76,-1,153,-1,126
1,<environment.Job instance at 0x7effbe8e1f50>,77,17,[ 5 11],78,-1,143,-1,126
1,<environment.Job instance at 0x7effbe3ba690>,79,19,[ 5 12],80,-1,145,-1,126
1,<environment.Job instance at 0x7effbe8dc690>,81,24,[14  3],82,-1,162,-1,138
1,<environment.Job instance at 0x7effbe8dc730>,82,23,[ 1 14],83,-1,161,-1,138
1,<environment.Job instance at 0x7effbe3ba8c0>,83,24,[12  2],84,-1,162,-1,138
1,<environment.Job instance at 0x7effbe8d9820>,84,28,[3 6],85,-1,166,-1,138
1,<environment.Job instance at 0x7effbe8d9d70>,85,21,[ 2 14],86,-1,159,-1,138
1,<environment.Job instance at 0x7effbe8d99b0>,86,15,[13  5],87,-1,153,-1,138
1,<environment.Job instance at 0x7effbd4b4a50>,0,28,[ 5 11],1,-1,29,-1,1
1,<environment.Job instance at 0x7effbd4b4eb0>,1,17,[ 5 12],2,-1,19,-1,2
1,<environment.Job instance at 0x7effbd4b4190>,4,22,[11  2],5,-1,27,-1,5
1,<environment.Job instance at 0x7effbe3cceb0>,8,21,[ 1 12],9,-1,30,-1,9
1,<environment.Job instance at 0x7effbe66eeb0>,9,12,[ 3 11],10,-1,22,-1,10
1,<environment.Job instance at 0x7effbd2fdfa0>,11,28,[12  1],12,-1,40,-1,12
1,<environment.Job instance at 0x7effbd9540a0>,12,25,[14  3],13,-1,38,-1,13
1,<environment.Job instance at 0x7effbd954f50>,13,25,[12  4],14,-1,39,-1,14
1,<environment.Job instance at 0x7effbd954190>,14,19,[14  1],15,-1,34,-1,15
1,<environment.Job instance at 0x7effbd954140>,15,21,[11  5],16,-1,37,-1,16
1,<environment.Job instance at 0x7effbd4b4780>,6,24,[7 1],7,-1,41,-1,17
1,<environment.Job instance at 0x7effbe666190>,10,24,[6 1],11,-1,41,-1,17
1,<environment.Job instance at 0x7effbd2fd500>,16,13,[11  4],17,-1,30,-1,17
1,<environment.Job instance at 0x7effbd9500f0>,20,12,[ 3 14],21,-1,33,-1,21
1,<environment.Job instance at 0x7effbe12ce60>,17,25,[8 5],18,-1,47,-1,22
1,<environment.Job instance at 0x7effbd950f50>,21,15,[ 4 13],22,-1,37,-1,22
1,<environment.Job instance at 0x7effbd950eb0>,23,13,[11  4],24,-1,37,-1,24
1,<environment.Job instance at 0x7effbd950b90>,29,19,[ 4 11],30,-1,55,-1,36
1,<environment.Job instance at 0x7effbd950af0>,30,28,[ 3 11],31,-1,64,-1,36
1,<environment.Job instance at 0x7effbd9508c0>,31,26,[4 8],32,-1,64,-1,38
1,<environment.Job instance at 0x7effbd950fa0>,32,23,[4 6],33,-1,61,-1,38
1,<environment.Job instance at 0x7effbd663be0>,34,21,[14  4],35,-1,59,-1,38
1,<environment.Job instance at 0x7effbdd94c80>,35,20,[12  5],36,-1,58,-1,38
1,<environment.Job instance at 0x7effbd488be0>,36,14,[11  3],37,-1,52,-1,38
1,<environment.Job instance at 0x7effbd7637d0>,37,28,[ 2 14],38,-1,66,-1,38
1,<environment.Job instance at 0x7effbdd96730>,39,23,[5 3],40,-1,89,-1,66
1,<environment.Job instance at 0x7effbe8eea50>,41,25,[13  1],42,-1,91,-1,66
1,<environment.Job instance at 0x7effbe8d91e0>,43,17,[13  2],44,-1,83,-1,66
1,<environment.Job instance at 0x7effbe8d9910>,44,27,[3 9],45,-1,93,-1,66
1,<environment.Job instance at 0x7effbe8d9820>,45,23,[13  4],46,-1,89,-1,66
1,<environment.Job instance at 0x7effbe8dc5f0>,47,26,[1 9],48,-1,92,-1,66
1,<environment.Job instance at 0x7effbe8dc550>,48,25,[5 4],49,-1,91,-1,66
1,<environment.Job instance at 0x7effbe3ba500>,50,21,[13  4],51,-1,87,-1,66
1,<environment.Job instance at 0x7effbe8e1d70>,52,12,[13  4],53,-1,78,-1,66
1,<environment.Job instance at 0x7effbe8e1370>,54,19,[12  3],55,-1,98,-1,79
1,<environment.Job instance at 0x7effbe8e15f0>,55,17,[ 5 11],56,-1,96,-1,79
1,<environment.Job instance at 0x7effbe8d2820>,56,28,[ 1 10],57,-1,127,-1,99
1,<environment.Job instance at 0x7effbe8f4be0>,59,18,[14  2],60,-1,117,-1,99
1,<environment.Job instance at 0x7effbe8f4d20>,60,15,[14  3],61,-1,114,-1,99
1,<environment.Job instance at 0x7effbe8f4c80>,62,17,[12  2],63,-1,116,-1,99
1,<environment.Job instance at 0x7effbe8f4b40>,63,20,[ 5 12],64,-1,119,-1,99
1,<environment.Job instance at 0x7effbe8dbc30>,64,28,[ 5 11],65,-1,127,-1,99
1,<environment.Job instance at 0x7effbe8e3640>,66,23,[ 5 11],67,-1,124,-1,101
1,<environment.Job instance at 0x7effbd49d960>,68,28,[14  5],69,-1,129,-1,101
1,<environment.Job instance at 0x7effbd49de10>,70,13,[12  1],71,-1,127,-1,114
1,<environment.Job instance at 0x7effbd49daf0>,71,28,[ 5 11],72,-1,142,-1,114
1,<environment.Job instance at 0x7effbe8d8af0>,73,18,[ 4 11],74,-1,136,-1,118
1,<environment.Job instance at 0x7effbe8d83c0>,74,28,[7 4],75,-1,146,-1,118
1,<environment.Job instance at 0x7effbd94b140>,75,19,[14  5],76,-1,137,-1,118
1,<environment.Job instance at 0x7effbd94bbe0>,76,24,[11  2],77,-1,142,-1,118
1,<environment.Job instance at 0x7effbd95d230>,78,13,[14  2],79,-1,132,-1,119
1,<environment.Job instance at 0x7effbd95d0a0>,79,13,[ 4 14],80,-1,132,-1,119
1,<environment.Job instance at 0x7effbd4be820>,80,24,[8 2],81,-1,143,-1,119
1,<environment.Job instance at 0x7effbd95aeb0>,83,26,[13  5],84,-1,145,-1,119
1,<environment.Job instance at 0x7effbd95a730>,84,17,[ 4 14],85,-1,136,-1,119
1,<environment.Job instance at 0x7effbd95a370>,85,15,[11  2],86,-1,134,-1,119
1,<environment.Job instance at 0x7effbd948140>,86,16,[ 4 14],87,-1,135,-1,119
1,<environment.Job instance at 0x7effbd948b90>,87,25,[ 4 11],88,-1,144,-1,119
1,<environment.Job instance at 0x7effbd6f62d0>,88,20,[ 1 14],89,-1,139,-1,119
1,<environment.Job instance at 0x7effbd948f00>,89,20,[ 2 11],90,-1,139,-1,119
1,<environment.Job instance at 0x7effbd948410>,90,15,[ 1 13],91,-1,134,-1,119
1,<environment.Job instance at 0x7effbdda8870>,91,16,[ 3 12],92,-1,135,-1,119
1,<environment.Job instance at 0x7effbe8e36e0>,67,24,[10  2],68,-1,159,-1,135
1,<environment.Job instance at 0x7effbd6d8b90>,94,24,[5 6],95,-1,159,-1,135
1,<environment.Job instance at 0x7effbd9710f0>,93,23,[5 6],94,-1,159,-1,136
1,<environment.Job instance at 0x7effbd883af0>,96,24,[ 5 14],97,-1,160,-1,136
1,<environment.Job instance at 0x7effbd719190>,98,26,[ 5 13],99,-1,162,-1,136
1,<environment.Job instance at 0x7effbdd02d70>,99,13,[12  2],100,-1,149,-1,136
1,<environment.Job instance at 0x7effbdd02050>,100,24,[ 5 13],101,-1,160,-1,136
1,<environment.Job instance at 0x7effbd48b140>,101,23,[ 5 12],102,-1,159,-1,136
1,<environment.Job instance at 0x7effbd719730>,102,15,[14  2],103,-1,151,-1,136
1,<environment.Job instance at 0x7effbd48b050>,103,25,[ 2 12],104,-1,161,-1,136
1,<environment.Job instance at 0x7effbd48bc30>,105,24,[14  2],106,-1,160,-1,136
1,<environment.Job instance at 0x7effbd48b8c0>,106,15,[ 5 12],107,-1,151,-1,136
1,<environment.Job instance at 0x7effbdec5460>,1,18,[1 9],2,-1,21,-1,3
1,<environment.Job instance at 0x7effbe1f8c80>,3,18,[7 1],4,-1,22,-1,4
1,<environment.Job instance at 0x7effbe1f8f00>,4,19,[7 3],5,-1,24,-1,5
1,<environment.Job instance at 0x7effbe1f80a0>,5,21,[5 5],6,-1,27,-1,6
1,<environment.Job instance at 0x7effbe1f8eb0>,6,24,[3 7],7,-1,31,-1,7
1,<environment.Job instance at 0x7effbe1f8690>,8,25,[3 6],9,-1,34,-1,9
1,<environment.Job instance at 0x7effbe1f87d0>,9,13,[5 8],10,-1,23,-1,10
1,<environment.Job instance at 0x7effbd6e0e60>,0,18,[14  1],1,-1,19,-1,1
1,<environment.Job instance at 0x7effbd6e0e10>,2,24,[ 2 12],3,-1,27,-1,3
1,<environment.Job instance at 0x7effbe5a75f0>,7,15,[ 3 14],8,-1,23,-1,8
1,<environment.Job instance at 0x7effbe5a7c30>,10,16,[ 5 12],11,-1,27,-1,11
1,<environment.Job instance at 0x7effbe5a76e0>,11,22,[13  4],12,-1,34,-1,12
1,<environment.Job instance at 0x7effbe5a7dc0>,12,17,[13  5],13,-1,30,-1,13
1,<environment.Job instance at 0x7effbe5a7230>,13,17,[14  5],14,-1,31,-1,14
1,<environment.Job instance at 0x7effbdc78a50>,14,17,[ 1 13],15,-1,32,-1,15
1,<environment.Job instance at 0x7effbdc789b0>,15,16,[ 1 11],16,-1,32,-1,16
1,<environment.Job instance at 0x7effbe5a7d70>,17,16,[14  4],18,-1,38,-1,22
1,<environment.Job instance at 0x7effbdc78eb0>,19,23,[2 5],20,-1,45,-1,22
1,<environment.Job instance at 0x7effbd6be9b0>,6,24,[3 7],7,-1,46,-1,22
1,<environment.Job instance at 0x7effbe5a7190>,8,25,[3 6],9,-1,47,-1,22
1,<environment.Job instance at 0x7effbd48b0f0>,22,14,[11  5],23,-1,37,-1,23
1,<environment.Job instance at 0x7effbd48b320>,23,18,[ 4 12],24,-1,42,-1,24
1,<environment.Job instance at 0x7effbd48b8c0>,24,24,[ 3 11],25,-1,49,-1,25
1,<environment.Job instance at 0x7effbd48bdc0>,25,15,[ 3 13],26,-1,41,-1,26
1,<environment.Job instance at 0x7effbd48b3c0>,27,13,[13  2],28,-1,41,-1,28
1,<environment.Job instance at 0x7effbd48b050>,28,27,[13  3],29,-1,56,-1,29
1,<environment.Job instance at 0x7effbdd02190>,31,27,[12  3],32,-1,61,-1,34
1,<environment.Job instance at 0x7effbd719190>,33,26,[ 4 11],34,-1,63,-1,37
1,<environment.Job instance at 0x7effcd3bcdc0>,35,23,[1 6],36,-1,60,-1,37
1,<environment.Job instance at 0x7effbdf426e0>,36,24,[ 5 12],37,-1,61,-1,37
1,<environment.Job instance at 0x7effbdda1a50>,38,24,[7 2],39,-1,74,-1,50
1,<environment.Job instance at 0x7effbd9713c0>,40,14,[14  5],41,-1,64,-1,50
1,<environment.Job instance at 0x7effbd948410>,41,14,[ 3 12],42,-1,64,-1,50
1,<environment.Job instance at 0x7effbd948b90>,43,19,[ 4 11],44,-1,69,-1,50
1,<environment.Job instance at 0x7effbd95a050>,46,17,[13  5],47,-1,67,-1,50
1,<environment.Job instance at 0x7effbd95a690>,47,17,[ 4 13],48,-1,67,-1,50
1,<environment.Job instance at 0x7effbd95aeb0>,48,15,[ 5 11],49,-1,65,-1,50
1,<environment.Job instance at 0x7effbd4be820>,49,13,[14  4],50,-1,63,-1,50
1,<environment.Job instance at 0x7effbd95df00>,50,15,[13  5],51,-1,66,-1,51
1,<environment.Job instance at 0x7effbd948140>,45,28,[8 4],46,-1,93,-1,65
1,<environment.Job instance at 0x7effbd95d370>,52,28,[13  3],53,-1,93,-1,65
1,<environment.Job instance at 0x7effbd94bbe0>,53,25,[ 1 14],54,-1,90,-1,65
1,<environment.Job instance at 0x7effbd94be60>,54,19,[13  4],55,-1,84,-1,65
1,<environment.Job instance at 0x7effbe8d8a00>,56,16,[ 5 13],57,-1,81,-1,65
1,<environment.Job instance at 0x7effbe8d8960>,57,25,[ 4 11],58,-1,90,-1,65
1,<environment.Job instance at 0x7effbd49da50>,60,26,[ 1 11],61,-1,106,-1,80
1,<environment.Job instance at 0x7effbd49d5f0>,61,23,[ 3 13],62,-1,103,-1,80
1,<environment.Job instance at 0x7effbe8e3640>,63,20,[11  5],64,-1,100,-1,80
1,<environment.Job instance at 0x7effbe8e36e0>,62,26,[4 9],63,-1,107,-1,81
1,<environment.Job instance at 0x7effbe8db960>,65,18,[12  1],66,-1,99,-1,81
1,<environment.Job instance at 0x7effbe8f4be0>,69,23,[6 1],70,-1,133,-1,110
1,<environment.Job instance at 0x7effbe8f4b40>,70,27,[2 7],71,-1,143,-1,116
1,<environment.Job instance at 0x7effbe8d2870>,72,16,[ 2 14],73,-1,132,-1,116
1,<environment.Job instance at 0x7effbe8e15f0>,73,27,[10  1],74,-1,143,-1,116
1,<environment.Job instance at 0x7effbe8e1eb0>,75,13,[11  4],76,-1,129,-1,116
1,<environment.Job instance at 0x7effbe8e1320>,76,13,[ 4 14],77,-1,129,-1,116
1,<environment.Job instance at 0x7effbe8d98c0>,80,28,[14  4],81,-1,156,-1,128
1,<environment.Job instance at 0x7effbe8d9820>,81,23,[1 5],82,-1,157,-1,134
1,<environment.Job instance at 0x7effbd7637d0>,82,24,[ 5 13],83,-1,158,-1,134
1,<environment.Job instance at 0x7effbdf3bcd0>,0,18,[ 2 10],1,-1,20,-1,2
1,<environment.Job instance at 0x7effbdf3b8c0>,1,18,[13  2],2,-1,20,-1,2
1,<environment.Job instance at 0x7effbdf3b5a0>,6,27,[13  4],7,-1,39,-1,12
1,<environment.Job instance at 0x7effbe360280>,9,13,[8 3],10,-1,25,-1,12
1,<environment.Job instance at 0x7effbdf3b550>,8,25,[ 1 12],9,-1,37,-1,12
1,<environment.Job instance at 0x7effbe3601e0>,18,18,[ 3 13],19,-1,85,-1,67
1,<environment.Job instance at 0x7effbe360f00>,24,16,[ 2 11],25,-1,83,-1,67
1,<environment.Job instance at 0x7effbe221fa0>,1,18,[13  2],2,-1,20,-1,2
1,<environment.Job instance at 0x7effbe221e60>,2,24,[14  4],3,-1,27,-1,3
1,<environment.Job instance at 0x7effbe21cf00>,6,27,[13  4],7,-1,34,-1,7
1,<environment.Job instance at 0x7effbe21cfa0>,8,25,[ 1 12],9,-1,34,-1,9
1,<environment.Job instance at 0x7effbe37e0a0>,10,27,[ 2 13],11,-1,38,-1,11
1,<environment.Job instance at 0x7effbe31c910>,11,20,[14  5],12,-1,32,-1,12
1,<environment.Job instance at 0x7effbe235140>,12,25,[ 3 12],13,-1,38,-1,13
1,<environment.Job instance at 0x7effbe235be0>,13,14,[13  1],14,-1,28,-1,14
1,<environment.Job instance at 0x7effbe235c30>,14,15,[12  1],15,-1,30,-1,15
1,<environment.Job instance at 0x7effbe226410>,15,13,[ 2 12],16,-1,29,-1,16
1,<environment.Job instance at 0x7effbe2265a0>,16,12,[14  2],17,-1,29,-1,17
1,<environment.Job instance at 0x7effbe21c820>,3,25,[2 8],4,-1,44,-1,19
1,<environment.Job instance at 0x7effbe226550>,18,18,[ 3 13],19,-1,37,-1,19
1,<environment.Job instance at 0x7effbe24a5a0>,17,28,[7 1],18,-1,47,-1,19
1,<environment.Job instance at 0x7effbe24adc0>,20,17,[13  4],21,-1,38,-1,21
1,<environment.Job instance at 0x7effbe2236e0>,21,27,[6 2],22,-1,59,-1,32
1,<environment.Job instance at 0x7effbe223690>,24,16,[ 2 11],25,-1,48,-1,32
1,<environment.Job instance at 0x7effbe223fa0>,25,27,[ 5 12],26,-1,59,-1,32
1,<environment.Job instance at 0x7effbe223730>,26,17,[ 4 13],27,-1,49,-1,32
1,<environment.Job instance at 0x7effbe2235a0>,27,28,[9 4],28,-1,60,-1,32
1,<environment.Job instance at 0x7effbe223780>,28,25,[ 1 12],29,-1,57,-1,32
1,<environment.Job instance at 0x7effbe253640>,31,14,[14  3],32,-1,48,-1,34
1,<environment.Job instance at 0x7effbe23ac30>,32,15,[ 3 11],33,-1,49,-1,34
1,<environment.Job instance at 0x7effbe23a190>,33,20,[ 4 12],34,-1,54,-1,34
1,<environment.Job instance at 0x7effbe253500>,29,28,[2 9],30,-1,62,-1,34
1,<environment.Job instance at 0x7effbe23a0a0>,34,28,[ 5 14],35,-1,63,-1,35
1,<environment.Job instance at 0x7effbe23aaa0>,35,17,[ 3 14],36,-1,53,-1,36
1,<environment.Job instance at 0x7effbe23af00>,36,27,[ 3 10],37,-1,74,-1,47
1,<environment.Job instance at 0x7effbd47faf0>,41,27,[6 4],42,-1,88,-1,61
1,<environment.Job instance at 0x7effbd47f6e0>,43,25,[2 8],44,-1,86,-1,61
1,<environment.Job instance at 0x7effbd47fbe0>,47,28,[ 5 11],48,-1,89,-1,61
1,<environment.Job instance at 0x7effbd465870>,49,13,[11  4],50,-1,74,-1,61
1,<environment.Job instance at 0x7effbe30c4b0>,50,21,[12  2],51,-1,82,-1,61
1,<environment.Job instance at 0x7effbe30c550>,51,23,[ 2 12],52,-1,84,-1,61
1,<environment.Job instance at 0x7effbe30c410>,52,26,[ 2 13],53,-1,87,-1,61
1,<environment.Job instance at 0x7effbe30c5a0>,53,17,[13  3],54,-1,78,-1,61
1,<environment.Job instance at 0x7effbe30c690>,54,22,[13  2],55,-1,83,-1,61
1,<environment.Job instance at 0x7effbe30caf0>,56,13,[ 2 14],57,-1,88,-1,75
1,<environment.Job instance at 0x7effbe30cd20>,57,22,[ 3 14],58,-1,97,-1,75
1,<environment.Job instance at 0x7effbe30c500>,58,28,[ 3 13],59,-1,103,-1,75
1,<environment.Job instance at 0x7effbe23c0a0>,59,27,[14  1],60,-1,102,-1,75
1,<environment.Job instance at 0x7effbe6f7820>,61,17,[13  4],62,-1,96,-1,79
1,<environment.Job instance at 0x7effbe6f7c80>,62,27,[7 4],63,-1,114,-1,87
1,<environment.Job instance at 0x7effbe769190>,63,14,[ 5 12],64,-1,101,-1,87
1,<environment.Job instance at 0x7effbe7a6aa0>,64,23,[13  4],65,-1,110,-1,87
1,<environment.Job instance at 0x7effbe052460>,66,15,[14  3],67,-1,102,-1,87
1,<environment.Job instance at 0x7effbe052500>,67,25,[ 3 10],68,-1,116,-1,91
1,<environment.Job instance at 0x7effbdc71190>,70,17,[ 5 13],71,-1,109,-1,92
1,<environment.Job instance at 0x7effbdc71d70>,71,28,[10  2],72,-1,134,-1,106
1,<environment.Job instance at 0x7effbe0342d0>,73,21,[13  1],74,-1,127,-1,106
1,<environment.Job instance at 0x7effbe3055f0>,72,24,[9 3],73,-1,130,-1,106
1,<environment.Job instance at 0x7effbd467c30>,76,27,[11  3],77,-1,133,-1,106
1,<environment.Job instance at 0x7effbd90c280>,3,17,[1 7],4,-1,22,-1,5
1,<environment.Job instance at 0x7effbd90cf50>,7,14,[8 1],8,-1,26,-1,12
1,<environment.Job instance at 0x7effbd930500>,4,16,[14  2],5,-1,38,-1,22
1,<environment.Job instance at 0x7effbd90cb90>,8,24,[ 5 11],9,-1,49,-1,25
1,<environment.Job instance at 0x7effbd90cc30>,14,26,[1 5],15,-1,52,-1,26
1,<environment.Job instance at 0x7effbd90c7d0>,15,12,[12  5],16,-1,45,-1,33
1,<environment.Job instance at 0x7effbd9301e0>,2,16,[ 4 13],3,-1,49,-1,33
1,<environment.Job instance at 0x7effbd90ce60>,6,27,[ 4 11],7,-1,60,-1,33
1,<environment.Job instance at 0x7effbd90c730>,16,26,[ 4 12],17,-1,61,-1,35
1,<environment.Job instance at 0x7effbd90caf0>,17,17,[5 9],18,-1,52,-1,35
1,<environment.Job instance at 0x7effbd90c3c0>,19,20,[9 1],20,-1,56,-1,36
1,<environment.Job instance at 0x7effbd90c4b0>,18,18,[1 8],19,-1,54,-1,36
1,<environment.Job instance at 0x7effbd922f00>,21,17,[12  1],22,-1,53,-1,36
1,<environment.Job instance at 0x7effbd922cd0>,22,14,[8 4],23,-1,51,-1,37
1,<environment.Job instance at 0x7effbd922f50>,20,16,[ 3 14],21,-1,53,-1,37
1,<environment.Job instance at 0x7effbd90c870>,11,19,[9 1],12,-1,57,-1,38
1,<environment.Job instance at 0x7effbd922d20>,23,19,[ 2 10],24,-1,58,-1,39
1,<environment.Job instance at 0x7effbd9228c0>,24,28,[6 2],25,-1,67,-1,39
1,<environment.Job instance at 0x7effbd922730>,28,24,[7 2],29,-1,63,-1,39
1,<environment.Job instance at 0x7effbd922960>,29,23,[3 8],30,-1,63,-1,40
1,<environment.Job instance at 0x7effbd9223c0>,27,14,[11  2],28,-1,62,-1,48
1,<environment.Job instance at 0x7effbd9224b0>,32,26,[ 1 13],33,-1,78,-1,52
1,<environment.Job instance at 0x7effbd922870>,34,22,[1 8],35,-1,75,-1,53
1,<environment.Job instance at 0x7effbd916780>,35,14,[ 3 13],36,-1,72,-1,58
1,<environment.Job instance at 0x7effbd916be0>,36,16,[ 5 13],37,-1,75,-1,59
1,<environment.Job instance at 0x7effbd922c80>,30,19,[ 5 14],31,-1,82,-1,63
1,<environment.Job instance at 0x7effbd922640>,26,14,[9 3],27,-1,77,-1,63
1,<environment.Job instance at 0x7effbd9163c0>,37,20,[5 4],38,-1,84,-1,64
1,<environment.Job instance at 0x7effbd916370>,42,20,[ 1 11],43,-1,84,-1,64
1,<environment.Job instance at 0x7effbd916e10>,44,18,[ 5 13],45,-1,85,-1,67
1,<environment.Job instance at 0x7effbd916a00>,40,23,[6 4],41,-1,90,-1,67
1,<environment.Job instance at 0x7effbd9169b0>,41,17,[5 5],42,-1,84,-1,67
1,<environment.Job instance at 0x7effbd916a50>,39,16,[9 4],40,-1,83,-1,67
1,<environment.Job instance at 0x7effbd905730>,49,25,[8 1],50,-1,94,-1,69
1,<environment.Job instance at 0x7effbd90cc80>,9,27,[ 1 12],10,-1,96,-1,69
1,<environment.Job instance at 0x7effbd905fa0>,51,12,[12  3],52,-1,81,-1,69
1,<environment.Job instance at 0x7effbd9168c0>,45,14,[12  2],46,-1,83,-1,69
1,<environment.Job instance at 0x7effbd905b40>,53,20,[3 9],54,-1,90,-1,70
1,<environment.Job instance at 0x7effbd905c30>,54,25,[4 5],55,-1,95,-1,70
1,<environment.Job instance at 0x7effbd905d70>,55,25,[10  3],56,-1,95,-1,70
1,<environment.Job instance at 0x7effbd905f00>,56,16,[9 5],57,-1,86,-1,70
1,<environment.Job instance at 0x7effbd905a00>,57,28,[13  4],58,-1,98,-1,70
1,<environment.Job instance at 0x7effbd9167d0>,46,13,[6 5],47,-1,83,-1,70
1,<environment.Job instance at 0x7effbd9055f0>,58,20,[13  2],59,-1,90,-1,70
1,<environment.Job instance at 0x7effbd905cd0>,59,14,[12  3],60,-1,88,-1,74
1,<environment.Job instance at 0x7effbd916460>,38,28,[14  2],39,-1,102,-1,74
1,<environment.Job instance at 0x7effbd905be0>,61,13,[11  3],62,-1,87,-1,74
1,<environment.Job instance at 0x7effbd905050>,47,28,[1 5],48,-1,104,-1,76
1,<environment.Job instance at 0x7effbd905230>,60,17,[ 5 13],61,-1,93,-1,76
1,<environment.Job instance at 0x7effbd447460>,62,18,[13  4],63,-1,94,-1,76
1,<environment.Job instance at 0x7effbd447d20>,65,16,[ 2 11],66,-1,92,-1,76
1,<environment.Job instance at 0x7effbd4479b0>,66,27,[14  4],67,-1,103,-1,76
1,<environment.Job instance at 0x7effbd905960>,48,21,[14  5],49,-1,97,-1,76
1,<environment.Job instance at 0x7effbd447dc0>,67,25,[ 2 14],68,-1,102,-1,77
1,<environment.Job instance at 0x7effbd447e10>,68,19,[6 4],69,-1,99,-1,80
1,<environment.Job instance at 0x7effbd4474b0>,64,12,[ 3 12],65,-1,92,-1,80
1,<environment.Job instance at 0x7effbd905690>,50,18,[ 1 10],51,-1,98,-1,80
1,<environment.Job instance at 0x7effbd447eb0>,69,13,[6 4],70,-1,94,-1,81
1,<environment.Job instance at 0x7effbd447f00>,71,19,[5 5],72,-1,100,-1,81
1,<environment.Job instance at 0x7effbd4470f0>,75,21,[ 5 13],76,-1,104,-1,83
1,<environment.Job instance at 0x7effbd447d70>,76,16,[ 3 14],77,-1,99,-1,83
1,<environment.Job instance at 0x7effbd4473c0>,63,20,[7 3],64,-1,109,-1,89
1,<environment.Job instance at 0x7effbe306230>,80,13,[14  1],81,-1,104,-1,91
1,<environment.Job instance at 0x7effbd447550>,79,18,[7 3],80,-1,109,-1,91
1,<environment.Job instance at 0x7effbd4476e0>,78,14,[11  3],79,-1,105,-1,91
1,<environment.Job instance at 0x7effbd90cb40>,5,12,[14  2],6,-1,104,-1,92
1,<environment.Job instance at 0x7effbe1a80f0>,0,12,[11  1],1,-1,13,-1,1
1,<environment.Job instance at 0x7effbd90c460>,1,27,[4 9],2,-1,29,-1,2
1,<environment.Job instance at 0x7effbd916b90>,2,16,[ 4 13],3,-1,19,-1,3
1,<environment.Job instance at 0x7effbd916cd0>,4,16,[14  2],5,-1,21,-1,5
1,<environment.Job instance at 0x7effbd916d70>,5,12,[14  2],6,-1,18,-1,6
1,<environment.Job instance at 0x7effbd916050>,6,27,[ 4 11],7,-1,34,-1,7
1,<environment.Job instance at 0x7effbd905280>,8,24,[ 5 11],9,-1,33,-1,9
1,<environment.Job instance at 0x7effbd9052d0>,9,27,[ 1 12],10,-1,37,-1,10
1,<environment.Job instance at 0x7effbd9056e0>,10,23,[11  1],11,-1,34,-1,11
1,<environment.Job instance at 0x7effbd916e60>,14,26,[1 5],15,-1,41,-1,15
1,<environment.Job instance at 0x7effbe3068c0>,15,12,[12  5],16,-1,28,-1,16
1,<environment.Job instance at 0x7effbd447730>,16,26,[ 4 12],17,-1,43,-1,17
1,<environment.Job instance at 0x7effbd9307d0>,20,16,[ 3 14],21,-1,38,-1,22
1,<environment.Job instance at 0x7effbd930640>,21,17,[12  1],22,-1,39,-1,22
1,<environment.Job instance at 0x7effbd875500>,24,28,[6 2],25,-1,61,-1,33
1,<environment.Job instance at 0x7effbd8756e0>,25,22,[ 1 12],26,-1,55,-1,33
1,<environment.Job instance at 0x7effbd8753c0>,27,14,[11  2],28,-1,47,-1,33
1,<environment.Job instance at 0x7effbd875190>,29,23,[3 8],30,-1,62,-1,39
1,<environment.Job instance at 0x7effbd8754b0>,30,19,[ 5 14],31,-1,58,-1,39
1,<environment.Job instance at 0x7effbe310f00>,32,26,[ 1 13],33,-1,65,-1,39
1,<environment.Job instance at 0x7effbd875cd0>,28,24,[7 2],29,-1,71,-1,47
1,<environment.Job instance at 0x7effbe3103c0>,35,14,[ 3 13],36,-1,61,-1,47
1,<environment.Job instance at 0x7effbe3106e0>,36,16,[ 5 13],37,-1,63,-1,47
1,<environment.Job instance at 0x7effbe310730>,38,28,[14  2],39,-1,75,-1,47
1,<environment.Job instance at 0x7effbe310640>,40,23,[6 4],41,-1,75,-1,52
1,<environment.Job instance at 0x7effbe310370>,42,20,[ 1 11],43,-1,72,-1,52
1,<environment.Job instance at 0x7effbd480320>,44,18,[ 5 13],45,-1,79,-1,61
1,<environment.Job instance at 0x7effbd480dc0>,45,14,[12  2],46,-1,75,-1,61
1,<environment.Job instance at 0x7effbd480d20>,47,28,[1 5],48,-1,102,-1,74
1,<environment.Job instance at 0x7effbd480cd0>,48,21,[14  5],49,-1,95,-1,74
1,<environment.Job instance at 0x7effbd480b90>,49,25,[8 1],50,-1,99,-1,74
1,<environment.Job instance at 0x7effbd480c30>,51,12,[12  3],52,-1,86,-1,74
1,<environment.Job instance at 0x7effbd480230>,54,25,[4 5],55,-1,125,-1,100
1,<environment.Job instance at 0x7effbd480190>,55,25,[10  3],56,-1,129,-1,104
1,<environment.Job instance at 0x7effbd480a00>,57,28,[13  4],58,-1,132,-1,104
1,<environment.Job instance at 0x7effbe66ffa0>,58,20,[13  2],59,-1,124,-1,104
1,<environment.Job instance at 0x7effbe66fc80>,59,14,[12  3],60,-1,118,-1,104
1,<environment.Job instance at 0x7effbe66fe60>,60,17,[ 5 13],61,-1,121,-1,104
1,<environment.Job instance at 0x7effbe66fcd0>,61,13,[11  3],62,-1,117,-1,104
1,<environment.Job instance at 0x7effbe66f410>,62,18,[13  4],63,-1,122,-1,104
1,<environment.Job instance at 0x7effbe66faa0>,64,12,[ 3 12],65,-1,117,-1,105
1,<environment.Job instance at 0x7effbe66f870>,65,16,[ 2 11],66,-1,121,-1,105
1,<environment.Job instance at 0x7effbe66fc30>,66,27,[14  4],67,-1,132,-1,105
1,<environment.Job instance at 0x7effbe66f7d0>,67,25,[ 2 14],68,-1,130,-1,105
1,<environment.Job instance at 0x7effbe66f960>,70,20,[ 3 11],71,-1,141,-1,121
1,<environment.Job instance at 0x7effbd1b7910>,73,15,[ 2 14],74,-1,149,-1,134
1,<environment.Job instance at 0x7effbd1b7690>,74,23,[ 3 14],75,-1,157,-1,134
1,<environment.Job instance at 0x7effbd1b75f0>,75,21,[ 5 13],76,-1,155,-1,134
1,<environment.Job instance at 0x7effbd1b7870>,76,16,[ 3 14],77,-1,150,-1,134
1,<environment.Job instance at 0x7effbd1b7550>,77,17,[11  5],78,-1,151,-1,134
1,<environment.Job instance at 0x7effbd1b7b40>,78,14,[11  3],79,-1,148,-1,134
1,<environment.Job instance at 0x7effbdc58d20>,0,22,[3 5],1,-1,23,-1,1
1,<environment.Job instance at 0x7effbdc58640>,2,27,[4 8],3,-1,30,-1,3
1,<environment.Job instance at 0x7effbdc58aa0>,4,22,[2 8],5,-1,28,-1,6
1,<environment.Job instance at 0x7effbdc58410>,6,20,[1 7],7,-1,27,-1,7
1,<environment.Job instance at 0x7effbdc58280>,7,18,[9 3],8,-1,26,-1,8
1,<environment.Job instance at 0x7effbdc588c0>,5,15,[12  3],6,-1,23,-1,8
1,<environment.Job instance at 0x7effbdc58780>,8,16,[3 8],9,-1,26,-1,10
1,<environment.Job instance at 0x7effbdc58820>,18,24,[ 2 12],19,-1,63,-1,39
1,<environment.Job instance at 0x7effc6ec27d0>,22,23,[ 5 13],23,-1,86,-1,63
1,<environment.Job instance at 0x7effbdc58d70>,14,23,[3 9],15,-1,86,-1,63
1,<environment.Job instance at 0x7effbd1b7aa0>,1,27,[ 3 13],2,-1,29,-1,2
1,<environment.Job instance at 0x7effbd1b7730>,2,27,[4 8],3,-1,30,-1,3
1,<environment.Job instance at 0x7effbd1b7af0>,3,17,[ 2 12],4,-1,21,-1,4
1,<environment.Job instance at 0x7effbd1b7be0>,5,15,[12  3],6,-1,21,-1,6
1,<environment.Job instance at 0x7effbd1b7b90>,10,27,[10  3],11,-1,51,-1,24
1,<environment.Job instance at 0x7effbd1b7f00>,13,14,[ 1 13],14,-1,38,-1,24
1,<environment.Job instance at 0x7effbd1b74b0>,11,28,[1 7],12,-1,52,-1,24
1,<environment.Job instance at 0x7effbd1b7320>,15,13,[13  5],16,-1,37,-1,24
1,<environment.Job instance at 0x7effbd1b7780>,16,21,[12  1],17,-1,45,-1,24
1,<environment.Job instance at 0x7effbd480050>,18,24,[ 2 12],19,-1,48,-1,24
1,<environment.Job instance at 0x7effbd480230>,20,17,[ 5 14],21,-1,44,-1,27
1,<environment.Job instance at 0x7effbd4805f0>,19,23,[3 9],20,-1,61,-1,38
1,<environment.Job instance at 0x7effbd4807d0>,22,23,[ 5 13],23,-1,61,-1,38
1,<environment.Job instance at 0x7effbd480780>,23,15,[ 3 13],24,-1,53,-1,38
1,<environment.Job instance at 0x7effbd1b7870>,14,23,[3 9],15,-1,61,-1,38
1,<environment.Job instance at 0x7effbd4800f0>,25,26,[5 8],26,-1,64,-1,38
1,<environment.Job instance at 0x7effbd480af0>,26,26,[ 4 13],27,-1,64,-1,38
1,<environment.Job instance at 0x7effbd480aa0>,27,26,[5 1],28,-1,64,-1,38
1,<environment.Job instance at 0x7effbd480e60>,30,14,[12  2],31,-1,52,-1,38
1,<environment.Job instance at 0x7effbd875780>,32,27,[ 5 14],33,-1,68,-1,41
1,<environment.Job instance at 0x7effbd875d70>,33,23,[11  1],34,-1,64,-1,41
1,<environment.Job instance at 0x7effbd8756e0>,38,13,[ 4 13],39,-1,70,-1,57
1,<environment.Job instance at 0x7effbd875a50>,40,14,[13  5],41,-1,72,-1,58
1,<environment.Job instance at 0x7effbd9307d0>,41,18,[12  5],42,-1,76,-1,58
1,<environment.Job instance at 0x7effbd930af0>,43,14,[ 1 14],44,-1,84,-1,70
1,<environment.Job instance at 0x7effbd930550>,44,12,[ 1 13],45,-1,82,-1,70
1,<environment.Job instance at 0x7effbd930910>,45,12,[ 4 12],46,-1,82,-1,70
1,<environment.Job instance at 0x7effbd930730>,46,20,[ 4 11],47,-1,90,-1,70
1,<environment.Job instance at 0x7effbd4475f0>,47,13,[12  4],48,-1,83,-1,70
1,<environment.Job instance at 0x7effbd447320>,48,23,[ 4 13],49,-1,93,-1,70
1,<environment.Job instance at 0x7effbd447820>,49,19,[11  3],50,-1,89,-1,70
1,<environment.Job instance at 0x7effbd905910>,52,14,[ 5 12],53,-1,101,-1,87
1,<environment.Job instance at 0x7effbd905f50>,54,14,[ 5 12],55,-1,104,-1,90
1,<environment.Job instance at 0x7effbd905320>,55,14,[ 5 14],56,-1,104,-1,90
1,<environment.Job instance at 0x7effbd916cd0>,57,23,[14  1],58,-1,122,-1,99
1,<environment.Job instance at 0x7effbd916050>,58,14,[12  1],59,-1,113,-1,99
1,<environment.Job instance at 0x7effbd916320>,59,14,[ 1 12],60,-1,113,-1,99
1,<environment.Job instance at 0x7effbe1a8f50>,61,23,[ 5 12],62,-1,122,-1,99
1,<environment.Job instance at 0x7effbd916dc0>,63,24,[6 1],64,-1,145,-1,121
1,<environment.Job instance at 0x7effbdc58eb0>,64,12,[ 1 13],65,-1,133,-1,121
1,<environment.Job instance at 0x7effbe042230>,66,27,[8 1],67,-1,162,-1,135
1,<environment.Job instance at 0x7effbe0420a0>,67,12,[ 4 13],68,-1,147,-1,135
1,<environment.Job instance at 0x7effc7345af0>,68,16,[ 3 11],69,-1,151,-1,135
1,<environment.Job instance at 0x7effc7345500>,69,23,[8 2],70,-1,158,-1,135
1,<environment.Job instance at 0x7effbd0d3e60>,70,17,[11  5],71,-1,152,-1,135
1,<environment.Job instance at 0x7effbd0d37d0>,71,27,[5 3],72,-1,162,-1,135
1,<environment.Job instance at 0x7effbd0d32d0>,75,12,[ 4 14],76,-1,150,-1,138
1,<environment.Job instance at 0x7effbe46f410>,11,27,[10  4],12,-1,41,-1,14
1,<environment.Job instance at 0x7effbd3a7410>,14,27,[3 8],15,-1,53,-1,26
1,<environment.Job instance at 0x7effbd3a7c80>,16,23,[10  5],17,-1,50,-1,27
1,<environment.Job instance at 0x7effbe7bc3c0>,9,23,[12  5],10,-1,52,-1,29
1,<environment.Job instance at 0x7effbd3a7d70>,18,23,[4 9],19,-1,52,-1,29
1,<environment.Job instance at 0x7effbd30e7d0>,19,16,[ 4 11],20,-1,48,-1,32
1,<environment.Job instance at 0x7effbd3a7320>,15,20,[7 1],16,-1,52,-1,32
1,<environment.Job instance at 0x7effbd3a7d20>,20,19,[7 4],21,-1,52,-1,33
1,<environment.Job instance at 0x7effbe46fb40>,3,13,[12  1],4,-1,46,-1,33
1,<environment.Job instance at 0x7effbe46f640>,7,23,[ 1 14],8,-1,58,-1,35
1,<environment.Job instance at 0x7effbd3a79b0>,21,14,[13  4],22,-1,49,-1,35
1,<environment.Job instance at 0x7effbe38e8c0>,26,27,[8 3],27,-1,62,-1,35
1,<environment.Job instance at 0x7effbe38e320>,25,24,[11  5],26,-1,59,-1,35
1,<environment.Job instance at 0x7effbe38e9b0>,27,28,[13  3],28,-1,63,-1,35
1,<environment.Job instance at 0x7effbd3a7c30>,17,25,[14  5],18,-1,60,-1,35
1,<environment.Job instance at 0x7effbe38e4b0>,29,19,[12  4],30,-1,54,-1,35
1,<environment.Job instance at 0x7effbe4a1320>,28,26,[ 4 11],29,-1,62,-1,36
1,<environment.Job instance at 0x7effbe38eaa0>,24,14,[5 5],25,-1,50,-1,36
1,<environment.Job instance at 0x7effbe38efa0>,23,21,[7 2],24,-1,59,-1,38
1,<environment.Job instance at 0x7effbe4a1870>,33,23,[11  5],34,-1,61,-1,38
1,<environment.Job instance at 0x7effbe4a16e0>,34,22,[11  1],35,-1,60,-1,38
1,<environment.Job instance at 0x7effbe4a1eb0>,31,18,[12  2],32,-1,56,-1,38
1,<environment.Job instance at 0x7effbd95d730>,0,18,[ 2 13],1,-1,19,-1,1
1,<environment.Job instance at 0x7effbd95d410>,2,17,[11  1],3,-1,20,-1,3
1,<environment.Job instance at 0x7effbd95d460>,3,13,[12  1],4,-1,17,-1,4
1,<environment.Job instance at 0x7effbd95db90>,4,27,[ 2 10],5,-1,32,-1,5
1,<environment.Job instance at 0x7effbd95dc30>,7,23,[ 1 14],8,-1,31,-1,8
1,<environment.Job instance at 0x7effbd95db40>,9,23,[12  5],10,-1,33,-1,10
1,<environment.Job instance at 0x7effbd95df50>,10,13,[12  1],11,-1,24,-1,11
1,<environment.Job instance at 0x7effbd95dcd0>,12,28,[ 4 14],13,-1,41,-1,13
1,<environment.Job instance at 0x7effbd5e7640>,13,23,[ 2 11],14,-1,37,-1,14
1,<environment.Job instance at 0x7effbd5e7320>,17,25,[14  5],18,-1,45,-1,20
1,<environment.Job instance at 0x7effbd95d690>,11,27,[10  4],12,-1,48,-1,21
1,<environment.Job instance at 0x7effbd5e7230>,19,16,[ 4 11],20,-1,37,-1,21
1,<environment.Job instance at 0x7effbd5e7870>,16,23,[10  5],17,-1,44,-1,21
1,<environment.Job instance at 0x7effbd5e7fa0>,21,14,[13  4],22,-1,36,-1,22
1,<environment.Job instance at 0x7effbd5e72d0>,14,27,[3 8],15,-1,51,-1,24
1,<environment.Job instance at 0x7effbd5e71e0>,18,23,[4 9],19,-1,47,-1,24
1,<environment.Job instance at 0x7effbd5e7550>,25,24,[11  5],26,-1,50,-1,26
1,<environment.Job instance at 0x7effbde4cb90>,27,28,[13  3],28,-1,62,-1,34
1,<environment.Job instance at 0x7effbe4dd550>,28,26,[ 4 11],29,-1,60,-1,34
1,<environment.Job instance at 0x7effbe669dc0>,29,19,[12  4],30,-1,53,-1,34
1,<environment.Job instance at 0x7effbda66500>,30,12,[ 5 13],31,-1,46,-1,34
1,<environment.Job instance at 0x7effbd3f5f50>,31,18,[12  2],32,-1,52,-1,34
1,<environment.Job instance at 0x7effbd5e7190>,26,27,[8 3],27,-1,61,-1,34
1,<environment.Job instance at 0x7effbda48cd0>,33,23,[11  5],34,-1,57,-1,34
1,<environment.Job instance at 0x7effbda68f50>,34,22,[11  1],35,-1,57,-1,35
1,<environment.Job instance at 0x7effbda68e60>,36,16,[ 1 13],37,-1,53,-1,37
1,<environment.Job instance at 0x7effbd4dfb40>,37,18,[ 3 13],38,-1,56,-1,38
1,<environment.Job instance at 0x7effbd4dfd20>,38,28,[13  1],39,-1,67,-1,39
1,<environment.Job instance at 0x7effbd4df3c0>,39,27,[ 2 14],40,-1,67,-1,40
1,<environment.Job instance at 0x7effbe1c7d20>,40,27,[ 3 13],41,-1,68,-1,41
1,<environment.Job instance at 0x7effbd4df2d0>,41,15,[13  2],42,-1,57,-1,42
1,<environment.Job instance at 0x7effbd712c30>,43,19,[ 5 12],44,-1,63,-1,44
1,<environment.Job instance at 0x7effbd498c30>,45,12,[11  3],46,-1,58,-1,46
1,<environment.Job instance at 0x7effbd199f00>,46,27,[13  3],47,-1,74,-1,47
1,<environment.Job instance at 0x7effbd199690>,44,28,[8 4],45,-1,83,-1,55
1,<environment.Job instance at 0x7effbd70c7d0>,47,23,[4 7],48,-1,78,-1,55
1,<environment.Job instance at 0x7effbe419d20>,49,16,[ 3 11],50,-1,71,-1,55
1,<environment.Job instance at 0x7effbd19c6e0>,50,15,[ 3 13],51,-1,70,-1,55
1,<environment.Job instance at 0x7effbe411cd0>,51,12,[ 1 11],52,-1,67,-1,55
1,<environment.Job instance at 0x7effbe3dbb40>,52,23,[ 5 11],53,-1,78,-1,55
1,<environment.Job instance at 0x7effbd48daf0>,54,23,[ 4 14],55,-1,78,-1,55
1,<environment.Job instance at 0x7effbda645f0>,35,24,[9 2],36,-1,89,-1,65
1,<environment.Job instance at 0x7effbcf76dc0>,56,16,[12  3],57,-1,81,-1,65
1,<environment.Job instance at 0x7effbe41b5a0>,55,26,[1 5],56,-1,91,-1,65
1,<environment.Job instance at 0x7effbd0555a0>,58,12,[ 5 12],59,-1,77,-1,65
1,<environment.Job instance at 0x7effbe1d6280>,59,16,[ 1 14],60,-1,81,-1,65
1,<environment.Job instance at 0x7effbe3ce7d0>,61,21,[12  5],62,-1,86,-1,65
1,<environment.Job instance at 0x7effbe1d4eb0>,63,14,[ 5 13],64,-1,79,-1,65
1,<environment.Job instance at 0x7effbe1d4140>,64,21,[ 4 12],65,-1,86,-1,65
1,<environment.Job instance at 0x7effbd4c60f0>,65,22,[13  4],66,-1,88,-1,66
1,<environment.Job instance at 0x7effbd4c6f00>,66,13,[11  4],67,-1,80,-1,67
1,<environment.Job instance at 0x7effbd07db90>,67,22,[12  3],68,-1,90,-1,68
1,<environment.Job instance at 0x7effbd4c6e10>,68,25,[14  2],69,-1,94,-1,69
1,<environment.Job instance at 0x7effbd4c6d70>,69,22,[ 1 11],70,-1,92,-1,70
1,<environment.Job instance at 0x7effbd4d4b90>,73,27,[12  1],74,-1,112,-1,85
1,<environment.Job instance at 0x7effbd4d4460>,74,26,[14  5],75,-1,111,-1,85
1,<environment.Job instance at 0x7effbd4d45a0>,75,12,[ 4 12],76,-1,97,-1,85
1,<environment.Job instance at 0x7effbd4e8550>,77,18,[13  3],78,-1,106,-1,88
1,<environment.Job instance at 0x7effbd4e85a0>,76,24,[ 4 10],77,-1,121,-1,97
1,<environment.Job instance at 0x7effbd4b30a0>,80,23,[6 2],81,-1,120,-1,97
1,<environment.Job instance at 0x7effbd4b3b40>,82,16,[ 1 11],83,-1,113,-1,97
1,<environment.Job instance at 0x7effbd4b3820>,83,12,[ 4 14],84,-1,109,-1,97
1,<environment.Job instance at 0x7effbd4e35a0>,84,12,[11  4],85,-1,109,-1,97
1,<environment.Job instance at 0x7effbd4d95a0>,86,23,[12  5],87,-1,120,-1,97
1,<environment.Job instance at 0x7effbd4d9640>,87,24,[ 5 14],88,-1,121,-1,97
1,<environment.Job instance at 0x7effbd4e6eb0>,89,13,[ 3 13],90,-1,114,-1,101
1,<environment.Job instance at 0x7effbd4e6d70>,90,13,[12  3],91,-1,114,-1,101
1,<environment.Job instance at 0x7effbd4e6e60>,91,12,[ 5 11],92,-1,113,-1,101
1,<environment.Job instance at 0x7effbd4e3910>,85,25,[9 2],86,-1,147,-1,122
1,<environment.Job instance at 0x7effbd4af550>,94,13,[ 3 14],95,-1,135,-1,122
1,<environment.Job instance at 0x7effbd4afcd0>,95,23,[4 8],96,-1,156,-1,133
1,<environment.Job instance at 0x7effbd7c0a50>,99,12,[ 1 14],100,-1,146,-1,134
1,<environment.Job instance at 0x7effbd7ad320>,100,27,[11  1],101,-1,161,-1,134
1,<environment.Job instance at 0x7effbe1d6690>,2,20,[4 7],3,-1,23,-1,3
1,<environment.Job instance at 0x7effbd49f5f0>,3,21,[13  2],4,-1,25,-1,4
1,<environment.Job instance at 0x7effbd49f550>,5,23,[11  5],6,-1,29,-1,6
1,<environment.Job instance at 0x7effbd499d70>,6,18,[ 5 13],7,-1,25,-1,7
1,<environment.Job instance at 0x7effbd499e60>,10,16,[13  2],11,-1,29,-1,13
1,<environment.Job instance at 0x7effbd4995a0>,7,28,[7 3],8,-1,41,-1,13
1,<environment.Job instance at 0x7effbd499f00>,14,28,[13  5],15,-1,43,-1,15
1,<environment.Job instance at 0x7effbd7bc730>,15,23,[9 3],16,-1,40,-1,17
1,<environment.Job instance at 0x7effbd7bc820>,16,23,[8 1],17,-1,40,-1,17
1,<environment.Job instance at 0x7effbd49f280>,8,25,[4 8],9,-1,42,-1,17
1,<environment.Job instance at 0x7effbd7bc7d0>,17,21,[13  4],18,-1,39,-1,18
1,<environment.Job instance at 0x7effbd797780>,20,21,[ 3 13],21,-1,42,-1,21
1,<environment.Job instance at 0x7effbd7976e0>,21,18,[13  1],22,-1,40,-1,22
1,<environment.Job instance at 0x7effbd5008c0>,22,13,[ 4 12],23,-1,36,-1,23
1,<environment.Job instance at 0x7effbd7aa370>,18,23,[4 8],19,-1,58,-1,35
1,<environment.Job instance at 0x7effbd7971e0>,25,23,[ 1 13],26,-1,58,-1,35
1,<environment.Job instance at 0x7effbd500320>,26,15,[14  3],27,-1,50,-1,35
1,<environment.Job instance at 0x7effbd7a4eb0>,27,20,[ 2 11],28,-1,55,-1,35
1,<environment.Job instance at 0x7effbd7a4780>,28,17,[ 3 12],29,-1,52,-1,35
1,<environment.Job instance at 0x7effbd500a00>,24,25,[3 8],25,-1,60,-1,35
1,<environment.Job instance at 0x7effbd7a3280>,30,14,[12  2],31,-1,49,-1,35
1,<environment.Job instance at 0x7effbd7ad4b0>,32,19,[ 2 14],33,-1,54,-1,35
1,<environment.Job instance at 0x7effbd7ad320>,33,15,[12  5],34,-1,50,-1,35
1,<environment.Job instance at 0x7effbd7c09b0>,35,28,[ 3 12],36,-1,64,-1,36
1,<environment.Job instance at 0x7effbd7ad550>,34,25,[2 6],35,-1,65,-1,40
1,<environment.Job instance at 0x7effbd7c0b40>,39,12,[11  1],40,-1,60,-1,48
1,<environment.Job instance at 0x7effbd4e6eb0>,40,15,[13  5],41,-1,63,-1,48
1,<environment.Job instance at 0x7effbd4af7d0>,36,26,[8 1],37,-1,78,-1,52
1,<environment.Job instance at 0x7effbd5009b0>,23,25,[3 9],24,-1,77,-1,52
1,<environment.Job instance at 0x7effbd4e3870>,46,22,[12  5],47,-1,74,-1,52
1,<environment.Job instance at 0x7effbd4e8320>,48,16,[ 1 12],49,-1,80,-1,64
1,<environment.Job instance at 0x7effbd4e8500>,49,18,[ 4 12],50,-1,82,-1,64
1,<environment.Job instance at 0x7effbd4e85a0>,50,24,[13  1],51,-1,88,-1,64
1,<environment.Job instance at 0x7effbd4d4dc0>,51,12,[ 2 14],52,-1,76,-1,64
1,<environment.Job instance at 0x7effbd49c2d0>,52,18,[ 2 13],53,-1,82,-1,64
1,<environment.Job instance at 0x7effbd4d4b90>,54,22,[ 2 12],55,-1,91,-1,69
1,<environment.Job instance at 0x7effbe1d4550>,55,12,[14  4],56,-1,81,-1,69
1,<environment.Job instance at 0x7effbe1d4870>,56,20,[13  3],57,-1,89,-1,69
1,<environment.Job instance at 0x7effbe1d4140>,57,14,[12  3],58,-1,83,-1,69
1,<environment.Job instance at 0x7effbd7fcbe0>,58,23,[10  4],59,-1,92,-1,69
1,<environment.Job instance at 0x7effbd19c6e0>,61,24,[4 7],62,-1,100,-1,76
1,<environment.Job instance at 0x7effbd48daf0>,62,28,[ 4 12],63,-1,104,-1,76
1,<environment.Job instance at 0x7effbd740c80>,64,13,[ 2 12],65,-1,90,-1,77
1,<environment.Job instance at 0x7effbd3f5f50>,65,21,[12  5],66,-1,98,-1,77
1,<environment.Job instance at 0x7effbda48cd0>,66,22,[ 1 11],67,-1,99,-1,77
1,<environment.Job instance at 0x7effbda66500>,70,16,[ 4 11],71,-1,106,-1,90
1,<environment.Job instance at 0x7effbde4cb90>,68,26,[5 3],69,-1,119,-1,93
1,<environment.Job instance at 0x7effbe1d6b40>,73,24,[ 4 14],74,-1,117,-1,93
1,<environment.Job instance at 0x7effbe1d65a0>,74,21,[14  4],75,-1,114,-1,93
1,<environment.Job instance at 0x7effbe1d6730>,75,23,[2 6],76,-1,125,-1,102
1,<environment.Job instance at 0x7effbd199410>,76,21,[14  2],77,-1,123,-1,102
1,<environment.Job instance at 0x7effbd199370>,77,15,[ 3 13],78,-1,117,-1,102
1,<environment.Job instance at 0x7effbd199050>,78,24,[ 5 11],79,-1,126,-1,102
1,<environment.Job instance at 0x7effbd199f00>,79,13,[ 2 13],80,-1,115,-1,102
1,<environment.Job instance at 0x7effbd199eb0>,81,26,[4 9],82,-1,135,-1,109
1,<environment.Job instance at 0x7effbd199820>,84,15,[ 1 13],85,-1,130,-1,115
1,<environment.Job instance at 0x7effbd702370>,85,23,[3 8],86,-1,138,-1,115
1,<environment.Job instance at 0x7effbd702550>,86,12,[ 2 12],87,-1,127,-1,115
1,<environment.Job instance at 0x7effbd702a00>,87,21,[ 3 11],88,-1,136,-1,115
1,<environment.Job instance at 0x7effbd7020a0>,88,24,[11  3],89,-1,139,-1,115
1,<environment.Job instance at 0x7effbd7029b0>,91,19,[12  4],92,-1,147,-1,128
1,<environment.Job instance at 0x7effbd702e10>,92,23,[ 3 14],93,-1,151,-1,128
1,<environment.Job instance at 0x7effbd702dc0>,93,22,[ 1 13],94,-1,150,-1,128
1,<environment.Job instance at 0x7effbd702140>,95,15,[12  4],96,-1,146,-1,131
1,<environment.Job instance at 0x7effbd347d20>,0,18,[5 3],1,-1,19,-1,1
1,<environment.Job instance at 0x7effbe259b90>,1,17,[7 5],2,-1,19,-1,2
1,<environment.Job instance at 0x7effbdd28910>,2,14,[9 2],3,-1,18,-1,4
1,<environment.Job instance at 0x7effbd49ffa0>,3,20,[4 7],4,-1,24,-1,4
1,<environment.Job instance at 0x7effbdd28c30>,6,27,[2 7],7,-1,34,-1,7
1,<environment.Job instance at 0x7effbdd1b370>,15,17,[ 4 11],16,-1,33,-1,16
1,<environment.Job instance at 0x7effbdd1b230>,16,28,[4 5],17,-1,45,-1,17
1,<environment.Job instance at 0x7effbdd28e10>,11,13,[ 4 13],12,-1,38,-1,25
1,<environment.Job instance at 0x7effbdd28cd0>,10,17,[13  4],11,-1,44,-1,27
1,<environment.Job instance at 0x7effbdd1b6e0>,24,15,[4 8],25,-1,44,-1,29
1,<environment.Job instance at 0x7effbdd1b8c0>,23,25,[4 6],24,-1,55,-1,30
1,<environment.Job instance at 0x7effbdd1b0a0>,12,17,[ 1 13],13,-1,47,-1,30
1,<environment.Job instance at 0x7effbdd1ba00>,25,26,[13  2],26,-1,57,-1,31
1,<environment.Job instance at 0x7effbdd1b820>,22,22,[14  4],23,-1,54,-1,32
1,<environment.Job instance at 0x7effbdd1b9b0>,26,16,[13  5],27,-1,52,-1,36
1,<environment.Job instance at 0x7effbdd1ba50>,27,18,[5 6],28,-1,54,-1,36
1,<environment.Job instance at 0x7effbdd1bc30>,29,20,[12  3],30,-1,56,-1,36
1,<environment.Job instance at 0x7effbdd1bd70>,31,27,[13  4],32,-1,65,-1,38
1,<environment.Job instance at 0x7effbdd1bfa0>,34,24,[1 9],35,-1,62,-1,38
1,<environment.Job instance at 0x7effbdd1be10>,35,26,[5 7],36,-1,64,-1,38
1,<environment.Job instance at 0x7effbdd30140>,36,17,[4 6],37,-1,55,-1,38
1,<environment.Job instance at 0x7effbdd28fa0>,20,19,[ 5 14],21,-1,57,-1,38
1,<environment.Job instance at 0x7effbdd30460>,40,19,[ 5 10],41,-1,60,-1,41
1,<environment.Job instance at 0x7effbdd30960>,47,12,[6 3],48,-1,102,-1,90
1,<environment.Job instance at 0x7effbdd30b40>,48,18,[12  5],49,-1,108,-1,90
1,<environment.Job instance at 0x7effbdd30b90>,49,16,[ 3 13],50,-1,107,-1,91
1,<environment.Job instance at 0x7effbdd1b410>,17,14,[11  1],18,-1,105,-1,91
1,<environment.Job instance at 0x7effbdd30d70>,52,19,[11  4],53,-1,115,-1,96
1,<environment.Job instance at 0x7effbdd30a00>,51,15,[13  1],52,-1,111,-1,96
1,<environment.Job instance at 0x7effbdd30730>,45,16,[5 9],46,-1,112,-1,96
1,<environment.Job instance at 0x7effbdd30d20>,54,25,[3 9],55,-1,121,-1,96
1,<environment.Job instance at 0x7effbdd30780>,46,22,[14  1],47,-1,118,-1,96
1,<environment.Job instance at 0x7effbdd30e60>,57,27,[9 5],58,-1,141,-1,114
1,<environment.Job instance at 0x7effbdd30f00>,55,22,[6 5],56,-1,137,-1,115
1,<environment.Job instance at 0x7effbdd18410>,61,23,[12  2],62,-1,138,-1,115
1,<environment.Job instance at 0x7effbdd18550>,63,23,[ 4 14],64,-1,138,-1,115
1,<environment.Job instance at 0x7effbdd184b0>,62,20,[1 8],63,-1,135,-1,115
1,<environment.Job instance at 0x7effbdd185f0>,64,25,[11  4],65,-1,140,-1,115
1,<environment.Job instance at 0x7effbdd18730>,66,21,[2 5],67,-1,136,-1,115
1,<environment.Job instance at 0x7effbdd18370>,60,21,[1 9],61,-1,136,-1,115
1,<environment.Job instance at 0x7effbdd18870>,68,20,[5 4],69,-1,135,-1,115
1,<environment.Job instance at 0x7effbdd18500>,65,27,[11  1],66,-1,142,-1,115
1,<environment.Job instance at 0x7effbdd187d0>,69,20,[5 8],70,-1,135,-1,115
1,<environment.Job instance at 0x7effbdd18690>,71,25,[6 5],72,-1,140,-1,115
1,<environment.Job instance at 0x7effbdd18a00>,72,25,[4 7],73,-1,140,-1,115
1,<environment.Job instance at 0x7effbe404f00>,6,27,[2 7],7,-1,34,-1,7
1,<environment.Job instance at 0x7effbe404140>,8,12,[ 2 14],9,-1,31,-1,19
1,<environment.Job instance at 0x7effbe404820>,9,26,[13  2],10,-1,45,-1,19
1,<environment.Job instance at 0x7effbe404910>,10,17,[13  4],11,-1,36,-1,19
1,<environment.Job instance at 0x7effbe404190>,11,13,[ 4 13],12,-1,32,-1,19
1,<environment.Job instance at 0x7effbe404690>,12,17,[ 1 13],13,-1,36,-1,19
1,<environment.Job instance at 0x7effbe4049b0>,14,27,[ 3 10],15,-1,46,-1,19
1,<environment.Job instance at 0x7effbe4044b0>,15,17,[ 4 11],16,-1,36,-1,19
1,<environment.Job instance at 0x7effbe404230>,16,28,[4 5],17,-1,47,-1,19
1,<environment.Job instance at 0x7effbe404f50>,17,14,[11  1],18,-1,33,-1,19
1,<environment.Job instance at 0x7effbd702690>,18,12,[ 3 12],19,-1,31,-1,19
1,<environment.Job instance at 0x7effbd702730>,20,19,[ 5 14],21,-1,50,-1,31
1,<environment.Job instance at 0x7effbd702320>,22,22,[14  4],23,-1,53,-1,31
1,<environment.Job instance at 0x7effbd702f00>,23,25,[4 6],24,-1,57,-1,32
1,<environment.Job instance at 0x7effbd702140>,25,26,[13  2],26,-1,58,-1,32
1,<environment.Job instance at 0x7effbd702a50>,26,16,[13  5],27,-1,48,-1,32
1,<environment.Job instance at 0x7effbd7029b0>,29,20,[12  3],30,-1,65,-1,45
1,<environment.Job instance at 0x7effbd702aa0>,31,27,[13  4],32,-1,79,-1,52
1,<environment.Job instance at 0x7effbd702c80>,33,28,[12  5],34,-1,88,-1,60
1,<environment.Job instance at 0x7effbd702a00>,34,24,[1 9],35,-1,94,-1,70
1,<environment.Job instance at 0x7effbd199aa0>,35,26,[5 7],36,-1,96,-1,70
1,<environment.Job instance at 0x7effbd199af0>,37,24,[4 5],38,-1,96,-1,72
1,<environment.Job instance at 0x7effbd199460>,39,19,[ 2 11],40,-1,91,-1,72
1,<environment.Job instance at 0x7effbd199640>,42,15,[ 1 13],43,-1,98,-1,83
1,<environment.Job instance at 0x7effbd199870>,43,25,[2 8],44,-1,110,-1,85
1,<environment.Job instance at 0x7effbde4cb90>,46,22,[14  1],47,-1,119,-1,97
1,<environment.Job instance at 0x7effbda48cd0>,48,18,[12  5],49,-1,115,-1,97
1,<environment.Job instance at 0x7effbcf7e0f0>,49,16,[ 3 13],50,-1,113,-1,97
1,<environment.Job instance at 0x7effbe1d6280>,51,15,[13  1],52,-1,124,-1,109
1,<environment.Job instance at 0x7effbe4190a0>,52,19,[11  4],53,-1,128,-1,109
1,<environment.Job instance at 0x7effbe4190f0>,54,25,[3 9],55,-1,156,-1,131
1,<environment.Job instance at 0x7effbda68f50>,58,12,[ 5 13],59,-1,143,-1,131
1,<environment.Job instance at 0x7effbe4199b0>,57,27,[9 5],58,-1,165,-1,138
1,<environment.Job instance at 0x7effbe1c7d20>,61,23,[12  2],62,-1,161,-1,138
1,<environment.Job instance at 0x7effbdbb19b0>,2,21,[6 3],3,-1,25,-1,4
1,<environment.Job instance at 0x7effbdbb1be0>,3,17,[10  2],4,-1,21,-1,4
1,<environment.Job instance at 0x7effbdbb1c80>,4,18,[6 5],5,-1,23,-1,5
1,<environment.Job instance at 0x7effbdc76370>,6,14,[10  5],7,-1,22,-1,8
1,<environment.Job instance at 0x7effbdc76050>,7,18,[13  1],8,-1,26,-1,8
1,<environment.Job instance at 0x7effbdc768c0>,9,27,[1 6],10,-1,37,-1,10
1,<environment.Job instance at 0x7effbdc76730>,10,25,[2 8],11,-1,37,-1,12
1,<environment.Job instance at 0x7effbdc76d70>,11,20,[ 4 10],12,-1,35,-1,15
1,<environment.Job instance at 0x7effbdce8fa0>,0,28,[ 2 12],1,-1,29,-1,1
1,<environment.Job instance at 0x7effbdd1b280>,7,18,[13  1],8,-1,26,-1,8
1,<environment.Job instance at 0x7effbd49f5f0>,9,27,[1 6],10,-1,43,-1,16
1,<environment.Job instance at 0x7effbdd1bf00>,10,25,[2 8],11,-1,47,-1,22
1,<environment.Job instance at 0x7effbd49f0f0>,12,15,[ 3 14],13,-1,37,-1,22
1,<environment.Job instance at 0x7effbd49f7d0>,13,16,[12  1],14,-1,38,-1,22
1,<environment.Job instance at 0x7effbd49f8c0>,14,13,[ 5 13],15,-1,35,-1,22
1,<environment.Job instance at 0x7effbd49f640>,15,17,[ 5 12],16,-1,39,-1,22
1,<environment.Job instance at 0x7effbd499e60>,19,25,[ 1 11],20,-1,63,-1,38
1,<environment.Job instance at 0x7effbd499640>,20,24,[3 8],21,-1,62,-1,38
1,<environment.Job instance at 0x7effbd7bc5f0>,23,28,[1 7],24,-1,79,-1,51
1,<environment.Job instance at 0x7effbd7bca00>,27,28,[ 4 12],28,-1,94,-1,66
1,<environment.Job instance at 0x7effbd797730>,28,27,[3 8],29,-1,103,-1,76
1,<environment.Job instance at 0x7effbd797c80>,29,16,[ 3 14],30,-1,92,-1,76
1,<environment.Job instance at 0x7effbd797640>,30,12,[13  2],31,-1,88,-1,76
1,<environment.Job instance at 0x7effbd500320>,32,14,[14  2],33,-1,90,-1,76
1,<environment.Job instance at 0x7effbd7a47d0>,34,25,[5 6],35,-1,105,-1,80
1,<environment.Job instance at 0x7effbd7a4780>,35,13,[13  4],36,-1,93,-1,80
1,<environment.Job instance at 0x7effbd5000a0>,36,26,[ 4 11],37,-1,106,-1,80
1,<environment.Job instance at 0x7effbd7a3280>,38,19,[11  2],39,-1,99,-1,80
1,<environment.Job instance at 0x7effbd7ad4b0>,39,16,[12  2],40,-1,96,-1,80
1,<environment.Job instance at 0x7effbd7ad550>,40,23,[13  5],41,-1,103,-1,80
1,<environment.Job instance at 0x7effbd7c09b0>,42,19,[14  3],43,-1,112,-1,93
1,<environment.Job instance at 0x7effbd7c0b40>,43,26,[4 6],44,-1,119,-1,93
1,<environment.Job instance at 0x7effbd4afcd0>,44,14,[13  4],45,-1,107,-1,93
1,<environment.Job instance at 0x7effbd4af500>,45,21,[12  5],46,-1,114,-1,93
1,<environment.Job instance at 0x7effbd4e6e10>,46,12,[12  1],47,-1,105,-1,93
1,<environment.Job instance at 0x7effbd4e6230>,47,16,[ 1 14],48,-1,109,-1,93
1,<environment.Job instance at 0x7effbd4e6e60>,48,21,[ 2 12],49,-1,114,-1,93
1,<environment.Job instance at 0x7effbd4e35a0>,51,24,[7 2],52,-1,132,-1,108
1,<environment.Job instance at 0x7effbd4e8320>,54,23,[13  2],55,-1,131,-1,108
1,<environment.Job instance at 0x7effbd4e85a0>,55,27,[12  1],56,-1,135,-1,108
1,<environment.Job instance at 0x7effbd4d44b0>,57,24,[3 8],58,-1,133,-1,109
1,<environment.Job instance at 0x7effbd07db90>,58,23,[ 1 12],59,-1,132,-1,109
1,<environment.Job instance at 0x7effbcf76dc0>,59,13,[ 3 12],60,-1,122,-1,109
1,<environment.Job instance at 0x7effbe1d4140>,60,28,[ 1 13],61,-1,137,-1,109
1,<environment.Job instance at 0x7effbd19c6e0>,63,26,[ 4 13],64,-1,148,-1,122
1,<environment.Job instance at 0x7effbe1c7d20>,64,24,[11  3],65,-1,146,-1,122
1,<environment.Job instance at 0x7effbe3ce7d0>,65,24,[12  2],66,-1,146,-1,122
1,<environment.Job instance at 0x7effbe357f00>,0,22,[ 1 11],1,-1,23,-1,1
1,<environment.Job instance at 0x7effbd4e6230>,3,13,[14  4],4,-1,17,-1,4
1,<environment.Job instance at 0x7effbd7c0a50>,5,28,[ 3 14],6,-1,34,-1,6
1,<environment.Job instance at 0x7effbd7c0a00>,6,21,[ 1 14],7,-1,28,-1,7
1,<environment.Job instance at 0x7effbd4e6aa0>,7,19,[ 2 13],8,-1,27,-1,8
1,<environment.Job instance at 0x7effbd48daf0>,9,20,[14  4],10,-1,30,-1,10
1,<environment.Job instance at 0x7effbd499f00>,11,21,[ 2 11],12,-1,33,-1,12
1,<environment.Job instance at 0x7effbd499f50>,13,27,[5 9],14,-1,43,-1,16
1,<environment.Job instance at 0x7effbd499b40>,14,26,[5 5],15,-1,42,-1,16
1,<environment.Job instance at 0x7effbd49f550>,16,12,[ 2 11],17,-1,29,-1,17
1,<environment.Job instance at 0x7effbd49fbe0>,18,26,[6 3],19,-1,45,-1,19
1,<environment.Job instance at 0x7effbe528d70>,20,17,[12  5],21,-1,38,-1,21
1,<environment.Job instance at 0x7effbd49f5f0>,21,27,[ 5 13],22,-1,49,-1,22
1,<environment.Job instance at 0x7effbd49faf0>,22,25,[ 2 11],23,-1,48,-1,23
1,<environment.Job instance at 0x7effbd27de10>,24,28,[11  5],25,-1,59,-1,31
1,<environment.Job instance at 0x7effbe11b190>,26,22,[ 2 13],27,-1,58,-1,36
1,<environment.Job instance at 0x7effbd1cdb90>,27,25,[ 1 13],28,-1,61,-1,36
1,<environment.Job instance at 0x7effbd1cdb40>,28,18,[13  1],29,-1,54,-1,36
1,<environment.Job instance at 0x7effbd6c2d20>,29,17,[ 4 11],30,-1,53,-1,36
1,<environment.Job instance at 0x7effbd499910>,8,27,[9 4],9,-1,70,-1,43
1,<environment.Job instance at 0x7effbd6c2190>,31,25,[ 5 10],32,-1,68,-1,43
1,<environment.Job instance at 0x7effbd49fe60>,15,25,[9 4],16,-1,68,-1,43
1,<environment.Job instance at 0x7effbd6c2e60>,33,22,[11  3],34,-1,65,-1,43
1,<environment.Job instance at 0x7effbd6c25f0>,34,14,[ 5 11],35,-1,57,-1,43
1,<environment.Job instance at 0x7effbd6c2690>,30,26,[8 2],31,-1,69,-1,43
1,<environment.Job instance at 0x7effbde74a50>,36,18,[ 1 11],37,-1,61,-1,43
1,<environment.Job instance at 0x7effbde74d70>,37,27,[11  3],38,-1,70,-1,43
1,<environment.Job instance at 0x7effbde74820>,38,14,[12  4],39,-1,57,-1,43
1,<environment.Job instance at 0x7effbde74be0>,39,19,[ 3 12],40,-1,62,-1,43
1,<environment.Job instance at 0x7effbde745f0>,41,27,[5 4],42,-1,78,-1,51
1,<environment.Job instance at 0x7effbde74f50>,43,24,[7 5],44,-1,75,-1,51
1,<environment.Job instance at 0x7effbde74b90>,44,13,[ 2 13],45,-1,64,-1,51
1,<environment.Job instance at 0x7effbde749b0>,45,17,[ 1 13],46,-1,68,-1,51
1,<environment.Job instance at 0x7effbde742d0>,46,20,[12  1],47,-1,71,-1,51
1,<environment.Job instance at 0x7effbde74780>,48,24,[ 3 14],49,-1,75,-1,51
1,<environment.Job instance at 0x7effbdc00640>,49,25,[10  2],50,-1,81,-1,56
1,<environment.Job instance at 0x7effbdc00cd0>,51,19,[ 5 11],52,-1,75,-1,56
1,<environment.Job instance at 0x7effbdc00690>,53,12,[ 5 14],54,-1,68,-1,56
1,<environment.Job instance at 0x7effbdc00eb0>,54,24,[9 4],55,-1,80,-1,56
1,<environment.Job instance at 0x7effbdc00780>,55,15,[13  4],56,-1,71,-1,56
1,<environment.Job instance at 0x7effbe6f7500>,57,28,[14  4],58,-1,86,-1,58
1,<environment.Job instance at 0x7effbe6f7cd0>,58,18,[13  4],59,-1,77,-1,59
1,<environment.Job instance at 0x7effbe6f7870>,59,22,[14  1],60,-1,82,-1,60
1,<environment.Job instance at 0x7effbd9c5820>,60,17,[ 3 11],61,-1,78,-1,61
1,<environment.Job instance at 0x7effbd9c5460>,61,26,[13  3],62,-1,88,-1,62
1,<environment.Job instance at 0x7effbd9c5dc0>,62,28,[7 2],63,-1,91,-1,63
1,<environment.Job instance at 0x7effbe6f7780>,65,12,[ 3 11],66,-1,78,-1,66
1,<environment.Job instance at 0x7effbd9c5e60>,67,21,[12  5],68,-1,89,-1,68
1,<environment.Job instance at 0x7effbd9c58c0>,68,25,[6 2],69,-1,95,-1,70
1,<environment.Job instance at 0x7effbd9c57d0>,69,28,[8 1],70,-1,98,-1,70
1,<environment.Job instance at 0x7effbd9c50f0>,71,21,[14  1],72,-1,93,-1,72
1,<environment.Job instance at 0x7effbd9c5640>,72,26,[ 3 13],73,-1,99,-1,73
1,<environment.Job instance at 0x7effbd9c5cd0>,73,14,[ 5 12],74,-1,88,-1,74
1,<environment.Job instance at 0x7effbe665c30>,74,18,[ 4 11],75,-1,93,-1,75
1,<environment.Job instance at 0x7effbd9c5410>,70,25,[3 8],71,-1,104,-1,79
1,<environment.Job instance at 0x7effbd9c5230>,76,28,[12  3],77,-1,107,-1,79
1,<environment.Job instance at 0x7effbe665e10>,78,20,[14  5],79,-1,99,-1,79
1,<environment.Job instance at 0x7effbe665640>,80,28,[ 5 11],81,-1,109,-1,81
1,<environment.Job instance at 0x7effbe665230>,81,21,[11  5],82,-1,103,-1,82
1,<environment.Job instance at 0x7effbe665d20>,82,13,[12  4],83,-1,96,-1,83
1,<environment.Job instance at 0x7effbe6650a0>,83,25,[14  4],84,-1,109,-1,84
1,<environment.Job instance at 0x7effbe6654b0>,86,28,[9 4],87,-1,123,-1,95
1,<environment.Job instance at 0x7effbd1bfeb0>,92,23,[3 9],93,-1,147,-1,124
1,<environment.Job instance at 0x7effbd1bfe60>,94,19,[ 2 12],95,-1,144,-1,125
1,<environment.Job instance at 0x7effbdf59be0>,5,18,[5 4],6,-1,30,-1,12
1,<environment.Job instance at 0x7effbe377140>,0,25,[11  1],1,-1,26,-1,1
1,<environment.Job instance at 0x7effbe377910>,1,23,[10  4],2,-1,25,-1,2
1,<environment.Job instance at 0x7effbe377320>,2,14,[ 1 11],3,-1,17,-1,3
1,<environment.Job instance at 0x7effbe377c80>,3,18,[11  2],4,-1,22,-1,4
1,<environment.Job instance at 0x7effbe377500>,4,21,[ 3 13],5,-1,26,-1,5
1,<environment.Job instance at 0x7effbe377870>,6,28,[ 1 14],7,-1,35,-1,7
1,<environment.Job instance at 0x7effbe377780>,10,14,[ 2 13],11,-1,25,-1,11
1,<environment.Job instance at 0x7effbe69c910>,13,13,[ 5 12],14,-1,27,-1,14
1,<environment.Job instance at 0x7effbe69c0a0>,14,25,[ 2 14],15,-1,40,-1,15
1,<environment.Job instance at 0x7effbe69cbe0>,9,25,[1 5],10,-1,46,-1,21
1,<environment.Job instance at 0x7effbe69c730>,12,28,[2 8],13,-1,49,-1,21
1,<environment.Job instance at 0x7effbe69c410>,18,17,[ 1 14],19,-1,38,-1,21
1,<environment.Job instance at 0x7effbe69c0f0>,20,24,[12  3],21,-1,48,-1,24
1,<environment.Job instance at 0x7effbe69c3c0>,21,12,[11  5],22,-1,36,-1,24
1,<environment.Job instance at 0x7effbe69c550>,22,16,[ 5 13],23,-1,40,-1,24
1,<environment.Job instance at 0x7effbe69ccd0>,23,25,[7 4],24,-1,49,-1,24
1,<environment.Job instance at 0x7effbd1bf870>,25,23,[ 4 14],26,-1,49,-1,26
1,<environment.Job instance at 0x7effbd1bfc80>,26,26,[11  3],27,-1,53,-1,27
1,<environment.Job instance at 0x7effbd1bf730>,27,26,[7 2],28,-1,63,-1,37
1,<environment.Job instance at 0x7effbd1bf910>,28,17,[12  5],29,-1,54,-1,37
1,<environment.Job instance at 0x7effbd1bf5f0>,29,26,[1 5],30,-1,63,-1,37
1,<environment.Job instance at 0x7effbd1bf320>,30,22,[ 3 11],31,-1,59,-1,37
1,<environment.Job instance at 0x7effbd1bfb90>,33,15,[13  3],34,-1,52,-1,37
1,<environment.Job instance at 0x7effbd1bf3c0>,34,24,[7 2],35,-1,64,-1,40
1,<environment.Job instance at 0x7effbd1bfe10>,35,12,[ 5 12],36,-1,52,-1,40
1,<environment.Job instance at 0x7effbd1bf370>,36,25,[7 5],37,-1,65,-1,40
1,<environment.Job instance at 0x7effbd1bf280>,37,17,[ 2 13],38,-1,57,-1,40
1,<environment.Job instance at 0x7effbd1bf960>,38,24,[2 6],39,-1,64,-1,40
1,<environment.Job instance at 0x7effbd1bf5a0>,40,23,[ 5 10],41,-1,73,-1,50
1,<environment.Job instance at 0x7effbd1bfeb0>,41,22,[12  5],42,-1,72,-1,50
1,<environment.Job instance at 0x7effbe665780>,42,12,[11  5],43,-1,62,-1,50
1,<environment.Job instance at 0x7effbe6653c0>,43,25,[14  3],44,-1,75,-1,50
1,<environment.Job instance at 0x7effbe665d70>,45,18,[ 3 14],46,-1,68,-1,50
1,<environment.Job instance at 0x7effbe665910>,46,16,[12  1],47,-1,66,-1,50
1,<environment.Job instance at 0x7effbe665230>,49,19,[ 2 12],50,-1,73,-1,54
1,<environment.Job instance at 0x7effbe665b40>,50,17,[ 2 12],51,-1,71,-1,54
1,<environment.Job instance at 0x7effbe665fa0>,54,18,[14  5],55,-1,96,-1,78
1,<environment.Job instance at 0x7effbd9c5cd0>,56,24,[ 2 11],57,-1,102,-1,78
1,<environment.Job instance at 0x7effbd9c5c80>,58,17,[14  2],59,-1,95,-1,78
1,<environment.Job instance at 0x7effbd9c5b90>,59,16,[12  5],60,-1,94,-1,78
1,<environment.Job instance at 0x7effbd9c5b40>,61,23,[12  4],62,-1,107,-1,84
1,<environment.Job instance at 0x7effbd9c5960>,62,18,[14  2],63,-1,102,-1,84
1,<environment.Job instance at 0x7effbd9c5050>,63,19,[11  5],64,-1,103,-1,84
1,<environment.Job instance at 0x7effbd9c5eb0>,64,17,[12  1],65,-1,101,-1,84
1,<environment.Job instance at 0x7effbd9c5640>,57,25,[9 4],58,-1,120,-1,95
1,<environment.Job instance at 0x7effbd9c5d20>,67,25,[ 5 11],68,-1,120,-1,95
1,<environment.Job instance at 0x7effbd9c53c0>,68,13,[13  4],69,-1,108,-1,95
1,<environment.Job instance at 0x7effbe6f7870>,69,28,[1 5],70,-1,131,-1,103
1,<environment.Job instance at 0x7effbe6f7cd0>,70,24,[ 5 11],71,-1,127,-1,103
1,<environment.Job instance at 0x7effbe6f7730>,71,16,[ 5 11],72,-1,119,-1,103
1,<environment.Job instance at 0x7effbdc009b0>,74,28,[7 1],75,-1,140,-1,112
1,<environment.Job instance at 0x7effbdc00f50>,77,20,[ 4 12],78,-1,139,-1,119
1,<environment.Job instance at 0x7effbdc00410>,78,14,[12  2],79,-1,133,-1,119
1,<environment.Job instance at 0x7effbdc00820>,79,23,[1 8],80,-1,149,-1,126
1,<environment.Job instance at 0x7effbde740f0>,81,25,[3 5],82,-1,151,-1,126
1,<environment.Job instance at 0x7effbde742d0>,82,13,[ 5 13],83,-1,139,-1,126
1,<environment.Job instance at 0x7effbde74870>,83,26,[3 8],84,-1,152,-1,126
1,<environment.Job instance at 0x7effbde74370>,85,13,[ 1 14],86,-1,139,-1,126
1,<environment.Job instance at 0x7effbdc005f0>,76,27,[ 1 10],77,-1,163,-1,136
1,<environment.Job instance at 0x7effbde74be0>,87,23,[13  1],88,-1,159,-1,136
1,<environment.Job instance at 0x7effbde74820>,88,15,[ 5 14],89,-1,151,-1,136
1,<environment.Job instance at 0x7f7cbeb4c7d0>,0,24,[2 8],1,-1,25,-1,1
1,<environment.Job instance at 0x7f7cbec57eb0>,2,26,[10  1],3,-1,29,-1,3
1,<environment.Job instance at 0x7f7cbecb7a00>,3,15,[13  4],4,-1,19,-1,4
1,<environment.Job instance at 0x7f7cbeb05e60>,4,24,[ 3 11],5,-1,29,-1,5
1,<environment.Job instance at 0x7f7cbeb05cd0>,6,19,[ 1 13],7,-1,26,-1,7
1,<environment.Job instance at 0x7f7cbeb0d960>,8,24,[ 2 12],9,-1,33,-1,9
1,<environment.Job instance at 0x7f7cbeb05050>,10,14,[ 1 14],11,-1,25,-1,11
1,<environment.Job instance at 0x7f7cbeb93b40>,13,27,[3 8],14,-1,41,-1,14
1,<environment.Job instance at 0x7f7cbeb057d0>,14,14,[14  3],15,-1,29,-1,15
1,<environment.Job instance at 0x7f7cbec91a00>,15,24,[ 2 13],16,-1,40,-1,16
1,<environment.Job instance at 0x7f7cbec41190>,16,19,[ 3 12],17,-1,36,-1,17
1,<environment.Job instance at 0x7f7cbefddaa0>,17,18,[ 5 13],18,-1,36,-1,18
1,<environment.Job instance at 0x7f7cbebd1320>,19,21,[14  4],20,-1,41,-1,20
1,<environment.Job instance at 0x7f7cbec1b190>,21,22,[14  2],22,-1,46,-1,24
1,<environment.Job instance at 0x7f7cbec29640>,22,25,[ 4 12],23,-1,49,-1,24
1,<environment.Job instance at 0x7f7cbeb98fa0>,24,20,[ 3 12],25,-1,49,-1,29
1,<environment.Job instance at 0x7f7cbeba08c0>,25,16,[11  3],26,-1,45,-1,29
1,<environment.Job instance at 0x7f7cbec44460>,27,25,[14  4],28,-1,54,-1,29
1,<environment.Job instance at 0x7f7cbecaf410>,29,24,[5 1],30,-1,65,-1,41
1,<environment.Job instance at 0x7f7cbecb5550>,32,14,[14  3],33,-1,65,-1,51
1,<environment.Job instance at 0x7f7cbebb2eb0>,35,23,[11  2],36,-1,79,-1,56
1,<environment.Job instance at 0x7f7cbebb2320>,36,27,[10  1],37,-1,83,-1,56
1,<environment.Job instance at 0x7f7cbec169b0>,38,16,[ 1 13],39,-1,72,-1,56
1,<environment.Job instance at 0x7f7cbebcfd70>,41,26,[13  2],42,-1,90,-1,64
1,<environment.Job instance at 0x7f7cbebcf9b0>,42,18,[ 1 13],43,-1,82,-1,64
1,<environment.Job instance at 0x7f7cbebcf370>,45,28,[12  4],46,-1,106,-1,78
1,<environment.Job instance at 0x7f7cbebcfeb0>,46,17,[ 5 12],47,-1,95,-1,78
1,<environment.Job instance at 0x7f7cbebcfaf0>,48,25,[11  4],49,-1,103,-1,78
1,<environment.Job instance at 0x7f7cbec96aa0>,49,23,[2 6],50,-1,115,-1,92
1,<environment.Job instance at 0x7f7cbec63aa0>,50,13,[12  1],51,-1,105,-1,92
1,<environment.Job instance at 0x7f7cbedc0cd0>,51,24,[ 1 11],52,-1,116,-1,92
1,<environment.Job instance at 0x7f7cbebcfcd0>,52,27,[9 1],53,-1,119,-1,92
1,<environment.Job instance at 0x7f7cbecbab90>,54,20,[ 5 14],55,-1,113,-1,93
1,<environment.Job instance at 0x7f7cbec1c5f0>,58,22,[14  3],59,-1,132,-1,110
1,<environment.Job instance at 0x7f7cbec1caa0>,59,15,[11  3],60,-1,125,-1,110
1,<environment.Job instance at 0x7f7cbec1c6e0>,60,23,[5 7],61,-1,147,-1,124
1,<environment.Job instance at 0x7f7cbec1c910>,62,24,[ 3 10],63,-1,162,-1,138
1,<environment.Job instance at 0x7f7cbebce550>,64,20,[11  1],65,-1,158,-1,138
1,<environment.Job instance at 0x7f7cbebce1e0>,65,15,[ 1 11],66,-1,153,-1,138
1,<environment.Job instance at 0x7f7cbec1c370>,63,24,[9 2],64,-1,165,-1,141
1,<environment.Job instance at 0x7f7cbebcea50>,68,25,[ 2 12],69,-1,166,-1,141
1,<environment.Job instance at 0x7f7cbebcec30>,69,26,[5 4],70,-1,167,-1,141
1,<environment.Job instance at 0x7f7cbe25e0a0>,6,16,[ 1 11],7,-1,23,-1,7
1,<environment.Job instance at 0x7f7cbe260370>,4,25,[ 5 11],5,-1,33,-1,8
1,<environment.Job instance at 0x7f7cbe25e960>,11,12,[12  4],12,-1,25,-1,13
1,<environment.Job instance at 0x7f7cbe25e730>,13,14,[12  3],14,-1,28,-1,14
1,<environment.Job instance at 0x7f7cbe25feb0>,15,22,[ 3 12],16,-1,44,-1,22
1,<environment.Job instance at 0x7f7cbe25e820>,12,21,[12  4],13,-1,43,-1,22
1,<environment.Job instance at 0x7f7cbe25f550>,21,18,[ 4 10],22,-1,42,-1,24
1,<environment.Job instance at 0x7f7cbe25f910>,20,18,[11  1],21,-1,42,-1,24
1,<environment.Job instance at 0x7f7cbe25fcd0>,14,28,[ 3 13],15,-1,59,-1,31
1,<environment.Job instance at 0x7f7cbe25e320>,8,25,[4 6],9,-1,56,-1,31
1,<environment.Job instance at 0x7f7cbe25f2d0>,22,22,[6 4],23,-1,53,-1,31
1,<environment.Job instance at 0x7f7cbe25f4b0>,24,21,[9 1],25,-1,52,-1,31
1,<environment.Job instance at 0x7f7cbe25e8c0>,16,23,[11  2],17,-1,54,-1,31
1,<environment.Job instance at 0x7f7cbe255f00>,25,14,[11  3],26,-1,45,-1,31
1,<environment.Job instance at 0x7f7cbe388af0>,28,27,[9 4],29,-1,58,-1,31
1,<environment.Job instance at 0x7f7cbe2552d0>,26,19,[ 5 14],27,-1,50,-1,31
1,<environment.Job instance at 0x7f7cbe489b40>,30,27,[13  4],31,-1,62,-1,35
1,<environment.Job instance at 0x7f7cbe4279b0>,33,23,[ 2 14],34,-1,59,-1,36
1,<environment.Job instance at 0x7f7cbe3d4460>,34,12,[ 2 11],35,-1,48,-1,36
1,<environment.Job instance at 0x7f7cbe397460>,29,25,[ 3 11],30,-1,62,-1,37
1,<environment.Job instance at 0x7f7cbe25f730>,18,22,[ 2 10],19,-1,59,-1,37
1,<environment.Job instance at 0x7f7cbe25f5f0>,19,15,[12  2],20,-1,52,-1,37
1,<environment.Job instance at 0x7f7cbe342050>,36,24,[8 2],37,-1,62,-1,38
1,<environment.Job instance at 0x7f7cbe342230>,32,14,[4 7],33,-1,52,-1,38
1,<environment.Job instance at 0x7f7cbe0dd0f0>,43,24,[ 1 10],44,-1,68,-1,44
1,<environment.Job instance at 0x7f7cbe0d9640>,44,24,[ 1 11],45,-1,69,-1,45
1,<environment.Job instance at 0x7f7cbe0d9c30>,45,25,[8 2],46,-1,73,-1,48
1,<environment.Job instance at 0x7f7cbe2030f0>,46,14,[14  4],47,-1,62,-1,48
1,<environment.Job instance at 0x7f7cbe0d9a00>,47,25,[5 4],48,-1,73,-1,48
1,<environment.Job instance at 0x7f7cbe0d9cd0>,48,17,[10  5],49,-1,66,-1,49
1,<environment.Job instance at 0x7f7cbe0c7aa0>,49,16,[ 3 12],50,-1,69,-1,53
1,<environment.Job instance at 0x7f7cbe0c7dc0>,51,21,[ 4 11],52,-1,78,-1,57
1,<environment.Job instance at 0x7f7cbe0cf370>,52,20,[ 3 12],53,-1,78,-1,58
1,<environment.Job instance at 0x7f7cbe48a960>,38,28,[ 4 13],39,-1,87,-1,59
1,<environment.Job instance at 0x7f7cbe1b4500>,53,23,[10  3],54,-1,82,-1,59
1,<environment.Job instance at 0x7f7cbea4d2d0>,54,28,[3 8],55,-1,87,-1,59
1,<environment.Job instance at 0x7f7cbe0d9dc0>,50,23,[5 8],51,-1,82,-1,59
1,<environment.Job instance at 0x7f7cbe33e640>,39,26,[3 6],40,-1,85,-1,59
1,<environment.Job instance at 0x7f7cbea15a50>,57,27,[5 3],58,-1,86,-1,59
1,<environment.Job instance at 0x7f7cbe1b4410>,55,24,[12  1],56,-1,83,-1,59
1,<environment.Job instance at 0x7f7cbe23baf0>,59,17,[ 5 11],60,-1,77,-1,60
1,<environment.Job instance at 0x7f7cbe16acd0>,58,17,[10  2],59,-1,78,-1,61
1,<environment.Job instance at 0x7f7cbe338b40>,2,24,[12  2],3,-1,27,-1,3
1,<environment.Job instance at 0x7f7cbe338910>,3,26,[ 3 11],4,-1,30,-1,4
1,<environment.Job instance at 0x7f7cbe3383c0>,4,25,[ 5 11],5,-1,30,-1,5
1,<environment.Job instance at 0x7f7cbe2bc370>,6,16,[ 1 11],7,-1,23,-1,7
1,<environment.Job instance at 0x7f7cbe2cd8c0>,11,12,[12  4],12,-1,24,-1,12
1,<environment.Job instance at 0x7f7cbe2c55f0>,12,21,[12  4],13,-1,34,-1,13
1,<environment.Job instance at 0x7f7cbe2c5af0>,13,14,[12  3],14,-1,28,-1,14
1,<environment.Job instance at 0x7f7cbe2cd820>,14,28,[ 3 13],15,-1,43,-1,15
1,<environment.Job instance at 0x7f7cbe2bc3c0>,8,25,[4 6],9,-1,41,-1,16
1,<environment.Job instance at 0x7f7cbe2c5d20>,15,22,[ 3 12],16,-1,38,-1,16
1,<environment.Job instance at 0x7f7cbe2c5190>,16,23,[11  2],17,-1,40,-1,17
1,<environment.Job instance at 0x7f7cbe2d0690>,19,15,[12  2],20,-1,35,-1,20
1,<environment.Job instance at 0x7f7cbe2c9b90>,20,18,[11  1],21,-1,39,-1,21
1,<environment.Job instance at 0x7f7cbe2bc190>,9,26,[4 9],10,-1,57,-1,31
1,<environment.Job instance at 0x7f7cbe2d44b0>,25,14,[11  3],26,-1,45,-1,31
1,<environment.Job instance at 0x7f7cbe2d4410>,26,19,[ 5 14],27,-1,50,-1,31
1,<environment.Job instance at 0x7f7cbe2d4fa0>,28,27,[9 4],29,-1,58,-1,31
1,<environment.Job instance at 0x7f7cbe2d78c0>,29,25,[ 3 11],30,-1,56,-1,31
1,<environment.Job instance at 0x7f7cbe2d7a00>,30,27,[13  4],31,-1,58,-1,31
1,<environment.Job instance at 0x7f7cbe2d79b0>,33,23,[ 2 14],34,-1,68,-1,45
1,<environment.Job instance at 0x7f7cbe424690>,34,12,[ 2 11],35,-1,57,-1,45
1,<environment.Job instance at 0x7f7cbe2dbe60>,36,24,[8 2],37,-1,70,-1,46
1,<environment.Job instance at 0x7f7cbe2e4eb0>,38,28,[ 4 13],39,-1,74,-1,46
1,<environment.Job instance at 0x7f7cbe2e4a00>,39,26,[3 6],40,-1,72,-1,46
1,<environment.Job instance at 0x7f7cbe2dfaf0>,40,12,[11  1],41,-1,58,-1,46
1,<environment.Job instance at 0x7f7cbe2dfb40>,41,12,[ 5 11],42,-1,58,-1,46
1,<environment.Job instance at 0x7f7cbe2df410>,42,15,[ 3 11],43,-1,61,-1,46
1,<environment.Job instance at 0x7f7cbe2dfe60>,44,24,[ 1 11],45,-1,70,-1,46
1,<environment.Job instance at 0x7f7cbe537d20>,45,25,[8 2],46,-1,84,-1,59
1,<environment.Job instance at 0x7f7cbe537460>,46,14,[14  4],47,-1,73,-1,59
1,<environment.Job instance at 0x7f7cbe463af0>,47,25,[5 4],48,-1,84,-1,59
1,<environment.Job instance at 0x7f7cbe535e60>,43,24,[ 1 10],44,-1,83,-1,59
1,<environment.Job instance at 0x7f7cbe522730>,49,16,[ 3 12],50,-1,75,-1,59
1,<environment.Job instance at 0x7f7cbe459af0>,50,23,[5 8],51,-1,82,-1,59
1,<environment.Job instance at 0x7f7cbe314fa0>,51,21,[ 4 11],52,-1,80,-1,59
1,<environment.Job instance at 0x7f7cbe2e8320>,52,20,[ 3 12],53,-1,79,-1,59
1,<environment.Job instance at 0x7f7cbe2e8fa0>,53,23,[10  3],54,-1,85,-1,62
1,<environment.Job instance at 0x7f7cbe2fe1e0>,55,24,[12  1],56,-1,86,-1,62
1,<environment.Job instance at 0x7f7cbe2fe410>,56,14,[11  2],57,-1,76,-1,62
1,<environment.Job instance at 0x7f7cbe34bcd0>,57,27,[5 3],58,-1,89,-1,62
1,<environment.Job instance at 0x7f7cbe45ad70>,59,17,[ 5 11],60,-1,79,-1,62
1,<environment.Job instance at 0x7f7cbe2ea820>,60,13,[11  1],61,-1,75,-1,62
1,<environment.Job instance at 0x7f7cbe34dfa0>,61,27,[14  2],62,-1,89,-1,62
1,<environment.Job instance at 0x7f7cbe4b3f00>,62,25,[13  2],63,-1,88,-1,63
1,<environment.Job instance at 0x7f7cbe282aa0>,63,21,[ 4 12],64,-1,85,-1,64
1,<environment.Job instance at 0x7f7cbe30dfa0>,54,28,[3 8],55,-1,105,-1,77
1,<environment.Job instance at 0x7f7cbe323820>,65,18,[ 5 11],66,-1,95,-1,77
1,<environment.Job instance at 0x7f7cbe27ea50>,67,12,[11  1],68,-1,89,-1,77
1,<environment.Job instance at 0x7f7cbe476640>,68,13,[ 5 13],69,-1,90,-1,77
1,<environment.Job instance at 0x7f7cbe288be0>,75,23,[14  3],76,-1,136,-1,113
1,<environment.Job instance at 0x7f7cbe288050>,74,28,[4 8],75,-1,148,-1,120
1,<environment.Job instance at 0x7f7cbe288230>,76,23,[3 8],77,-1,143,-1,120
1,<environment.Job instance at 0x7f7cbe288b90>,78,28,[11  1],79,-1,148,-1,120
1,<environment.Job instance at 0x7f7cbe3261e0>,79,17,[ 3 11],80,-1,137,-1,120
1,<environment.Job instance at 0x7f7cbe3265f0>,81,27,[7 2],82,-1,158,-1,131
1,<environment.Job instance at 0x7f7cbe3263c0>,82,16,[14  3],83,-1,147,-1,131
1,<environment.Job instance at 0x7f7cbe2930a0>,83,12,[11  4],84,-1,143,-1,131
1,<environment.Job instance at 0x7f7cbe293d20>,84,15,[14  3],85,-1,146,-1,131
1,<environment.Job instance at 0x7f7cbe2933c0>,85,28,[6 4],86,-1,159,-1,131
1,<environment.Job instance at 0x7f7cbe293b90>,86,13,[ 5 13],87,-1,144,-1,131
1,<environment.Job instance at 0x7f7cbe28b6e0>,90,24,[11  3],91,-1,172,-1,148
1,<environment.Job instance at 0x7f7cbe28b0f0>,91,22,[ 5 14],92,-1,170,-1,148
1,<environment.Job instance at 0x7f7cbe28bc80>,92,24,[14  3],93,-1,172,-1,148
1,<environment.Job instance at 0x7f7cbe1b4dc0>,3,22,[10  2],4,-1,27,-1,5
1,<environment.Job instance at 0x7f7cbe1b4c30>,5,24,[8 2],6,-1,30,-1,6
1,<environment.Job instance at 0x7f7cbe1b4910>,6,14,[5 3],7,-1,21,-1,7
1,<environment.Job instance at 0x7f7cbe1b4aa0>,7,14,[8 5],8,-1,22,-1,8
1,<environment.Job instance at 0x7f7cbe1b4af0>,8,22,[9 3],9,-1,31,-1,9
1,<environment.Job instance at 0x7f7cbe3325f0>,0,23,[11  3],1,-1,24,-1,1
1,<environment.Job instance at 0x7f7cbe332190>,2,20,[14  4],3,-1,23,-1,3
1,<environment.Job instance at 0x7f7cbe332be0>,4,16,[ 2 11],5,-1,21,-1,5
1,<environment.Job instance at 0x7f7cbe784550>,9,16,[ 4 13],10,-1,26,-1,10
1,<environment.Job instance at 0x7f7cbefbacd0>,10,26,[4 7],11,-1,43,-1,17
1,<environment.Job instance at 0x7f7cbecf6140>,12,25,[11  1],13,-1,42,-1,17
1,<environment.Job instance at 0x7f7cbe332230>,5,24,[8 2],6,-1,50,-1,26
1,<environment.Job instance at 0x7f7cbf6a9690>,14,17,[12  2],15,-1,43,-1,26
1,<environment.Job instance at 0x7f7cbf20e500>,15,19,[11  2],16,-1,45,-1,26
1,<environment.Job instance at 0x7f7cbe7354b0>,16,12,[14  5],17,-1,38,-1,26
1,<environment.Job instance at 0x7f7cbe3bbb90>,17,24,[ 1 11],18,-1,50,-1,26
1,<environment.Job instance at 0x7f7cbf405190>,18,18,[ 4 12],19,-1,44,-1,26
1,<environment.Job instance at 0x7f7cbe89f370>,13,26,[4 8],14,-1,52,-1,26
1,<environment.Job instance at 0x7f7cbf6527d0>,22,22,[ 3 14],23,-1,48,-1,26
1,<environment.Job instance at 0x7f7cbf652640>,23,28,[14  4],24,-1,54,-1,26
1,<environment.Job instance at 0x7f7cbf3fadc0>,11,25,[10  5],12,-1,51,-1,26
1,<environment.Job instance at 0x7f7cbf369aa0>,25,25,[ 3 13],26,-1,51,-1,26
1,<environment.Job instance at 0x7f7cc7f3d2d0>,27,24,[ 2 13],28,-1,52,-1,28
1,<environment.Job instance at 0x7f7cbf3e11e0>,28,21,[ 2 14],29,-1,50,-1,29
1,<environment.Job instance at 0x7f7cbe970820>,29,16,[ 5 13],30,-1,46,-1,30
1,<environment.Job instance at 0x7f7cbe970f00>,30,28,[1 7],31,-1,72,-1,44
1,<environment.Job instance at 0x7f7cbec96d70>,34,24,[12  1],35,-1,68,-1,44
1,<environment.Job instance at 0x7f7cbf6a6be0>,36,18,[13  2],37,-1,62,-1,44
1,<environment.Job instance at 0x7f7cc7cca960>,37,19,[ 5 13],38,-1,63,-1,44
1,<environment.Job instance at 0x7f7cc7cca230>,38,28,[3 5],39,-1,72,-1,44
1,<environment.Job instance at 0x7f7cbf1f1dc0>,41,26,[5 3],42,-1,80,-1,54
1,<environment.Job instance at 0x7f7cbe6207d0>,42,18,[11  4],43,-1,72,-1,54
1,<environment.Job instance at 0x7f7cbe6208c0>,43,15,[ 3 11],44,-1,69,-1,54
1,<environment.Job instance at 0x7f7cbefb11e0>,46,12,[ 3 11],47,-1,66,-1,54
1,<environment.Job instance at 0x7f7cc7d1ae60>,45,27,[2 8],46,-1,93,-1,66
1,<environment.Job instance at 0x7f7cbe511f00>,48,20,[12  2],49,-1,86,-1,66
1,<environment.Job instance at 0x7f7cbf3ea230>,49,24,[ 5 11],50,-1,90,-1,66
1,<environment.Job instance at 0x7f7cbe954cd0>,51,27,[ 4 12],52,-1,93,-1,66
1,<environment.Job instance at 0x7f7cbe4b6280>,53,13,[11  3],54,-1,83,-1,70
1,<environment.Job instance at 0x7f7cbe4ada50>,54,25,[13  3],55,-1,95,-1,70
1,<environment.Job instance at 0x7f7cbe4adf50>,55,17,[ 2 14],56,-1,87,-1,70
1,<environment.Job instance at 0x7f7cbe4b6140>,52,23,[5 7],53,-1,102,-1,79
1,<environment.Job instance at 0x7f7cbe452140>,57,20,[12  3],58,-1,99,-1,79
1,<environment.Job instance at 0x7f7cbe4529b0>,58,16,[ 5 14],59,-1,95,-1,79
1,<environment.Job instance at 0x7f7cbe4b2410>,59,13,[12  5],60,-1,92,-1,79
1,<environment.Job instance at 0x7f7cbe4b2910>,61,27,[12  2],62,-1,106,-1,79
1,<environment.Job instance at 0x7f7cbe4b2c80>,62,26,[13  4],63,-1,105,-1,79
1,<environment.Job instance at 0x7f7cbe96eaa0>,65,24,[ 4 10],66,-1,144,-1,120
1,<environment.Job instance at 0x7f7cbe62c9b0>,69,20,[11  1],70,-1,140,-1,120
1,<environment.Job instance at 0x7f7cbf340d20>,70,12,[ 1 14],71,-1,132,-1,120
1,<environment.Job instance at 0x7f7cbe62c6e0>,71,18,[ 5 12],72,-1,138,-1,120
1,<environment.Job instance at 0x7f7cbe55e960>,73,24,[6 1],74,-1,148,-1,124
1,<environment.Job instance at 0x7f7cbe9716e0>,75,21,[12  1],76,-1,146,-1,125
1,<environment.Job instance at 0x7f7cbe4ec640>,76,16,[ 4 11],77,-1,141,-1,125
1,<environment.Job instance at 0x7f7cbe4ec0a0>,77,26,[7 4],78,-1,159,-1,133
1,<environment.Job instance at 0x7f7cbe48a230>,79,27,[11  5],80,-1,160,-1,133
1,<environment.Job instance at 0x7f7cbe2202d0>,81,25,[9 2],82,-1,173,-1,148
1,<environment.Job instance at 0x7f7cbf1a0280>,82,18,[ 4 14],83,-1,166,-1,148
1,<environment.Job instance at 0x7f7cbe3974b0>,84,21,[14  5],85,-1,170,-1,149
1,<environment.Job instance at 0x7f7cbe7a4050>,1,16,[1 8],2,-1,19,-1,3
1,<environment.Job instance at 0x7f7cbe7a4230>,5,14,[5 8],6,-1,20,-1,6
1,<environment.Job instance at 0x7f7cbe7a4be0>,6,28,[5 2],7,-1,35,-1,7
1,<environment.Job instance at 0x7f7cc81fe6e0>,9,19,[6 4],10,-1,29,-1,10
1,<environment.Job instance at 0x7f7cc81fe5f0>,10,22,[5 6],11,-1,33,-1,11
1,<environment.Job instance at 0x7f7cbe4ae820>,0,12,[ 2 12],1,-1,13,-1,1
1,<environment.Job instance at 0x7f7cbe48b5a0>,2,27,[ 2 11],3,-1,30,-1,3
1,<environment.Job instance at 0x7f7cbe48be60>,3,27,[ 3 14],4,-1,31,-1,4
1,<environment.Job instance at 0x7f7cbe910b90>,6,28,[5 2],7,-1,35,-1,7
1,<environment.Job instance at 0x7f7cbe534e60>,7,28,[13  5],8,-1,36,-1,8
1,<environment.Job instance at 0x7f7cbe537730>,11,14,[ 3 11],12,-1,26,-1,12
1,<environment.Job instance at 0x7f7cbe537460>,12,27,[ 3 14],13,-1,40,-1,13
1,<environment.Job instance at 0x7f7cbf1a0280>,13,15,[14  1],14,-1,29,-1,14
1,<environment.Job instance at 0x7f7cbe5372d0>,14,27,[ 5 11],15,-1,42,-1,15
1,<environment.Job instance at 0x7f7cbe74f730>,8,26,[8 3],9,-1,43,-1,17
1,<environment.Job instance at 0x7f7cbe2202d0>,16,25,[ 1 13],17,-1,42,-1,17
1,<environment.Job instance at 0x7f7cbe5370a0>,17,26,[10  3],18,-1,44,-1,18
1,<environment.Job instance at 0x7f7cbe4ec0f0>,20,21,[13  1],21,-1,42,-1,21
1,<environment.Job instance at 0x7f7cbe971460>,21,18,[ 2 12],22,-1,40,-1,22
1,<environment.Job instance at 0x7f7cbe9716e0>,22,14,[ 2 11],23,-1,37,-1,23
1,<environment.Job instance at 0x7f7cbe55e960>,24,12,[ 4 13],25,-1,43,-1,31
1,<environment.Job instance at 0x7f7cbe62cfa0>,26,14,[ 3 12],27,-1,46,-1,32
1,<environment.Job instance at 0x7f7cbe62c550>,27,23,[13  3],28,-1,55,-1,32
1,<environment.Job instance at 0x7f7cbe62cb90>,28,16,[13  5],29,-1,48,-1,32
1,<environment.Job instance at 0x7f7cc7d1ae60>,32,23,[9 3],33,-1,70,-1,47
1,<environment.Job instance at 0x7f7cbe4b6140>,33,24,[ 4 11],34,-1,71,-1,47
1,<environment.Job instance at 0x7f7cbefb11e0>,34,14,[13  1],35,-1,61,-1,47
1,<environment.Job instance at 0x7f7cbefb1230>,35,14,[11  1],36,-1,61,-1,47
1,<environment.Job instance at 0x7f7cbf1f1dc0>,36,12,[12  5],37,-1,59,-1,47
1,<environment.Job instance at 0x7f7cbf3ea230>,31,23,[8 4],32,-1,70,-1,47
1,<environment.Job instance at 0x7f7cbe511e60>,38,14,[ 1 13],39,-1,61,-1,47
1,<environment.Job instance at 0x7f7cc7ccac30>,41,28,[ 4 14],42,-1,85,-1,57
1,<environment.Job instance at 0x7f7cc7cca230>,43,27,[11  1],44,-1,86,-1,59
1,<environment.Job instance at 0x7f7cbf01ce60>,40,27,[ 4 10],41,-1,98,-1,71
1,<environment.Job instance at 0x7f7cc7f3d2d0>,46,28,[4 9],47,-1,103,-1,75
1,<environment.Job instance at 0x7f7cbf3695a0>,47,28,[7 5],48,-1,103,-1,75
1,<environment.Job instance at 0x7f7cbf369d20>,48,18,[14  2],49,-1,93,-1,75
1,<environment.Job instance at 0x7f7cbf3691e0>,49,18,[12  2],50,-1,93,-1,75
1,<environment.Job instance at 0x7f7cbf652640>,52,19,[ 2 14],53,-1,104,-1,85
1,<environment.Job instance at 0x7f7cc8045c30>,54,24,[14  2],55,-1,109,-1,85
1,<environment.Job instance at 0x7f7cbe332500>,59,18,[11  5],60,-1,119,-1,101
1,<environment.Job instance at 0x7f7cbe332410>,60,28,[7 2],61,-1,130,-1,102
1,<environment.Job instance at 0x7f7cbe332460>,61,20,[14  4],62,-1,122,-1,102
1,<environment.Job instance at 0x7f7cbe3320a0>,62,21,[13  5],63,-1,123,-1,102
1,<environment.Job instance at 0x7f7cbe332690>,64,14,[ 1 12],65,-1,116,-1,102
1,<environment.Job instance at 0x7f7cbe332870>,65,15,[14  3],66,-1,117,-1,102
1,<environment.Job instance at 0x7f7cbe332c30>,67,23,[ 2 13],68,-1,131,-1,108
1,<environment.Job instance at 0x7f7cbe3322d0>,68,25,[1 6],69,-1,133,-1,108
1,<environment.Job instance at 0x7f7cbe7a4aa0>,69,22,[12  5],70,-1,130,-1,108
1,<environment.Job instance at 0x7f7cbe7a4730>,70,23,[7 1],71,-1,142,-1,119
1,<environment.Job instance at 0x7f7cbe6a2500>,72,24,[2 5],73,-1,143,-1,119
1,<environment.Job instance at 0x7f7cbe6a2aa0>,74,12,[ 2 13],75,-1,131,-1,119
1,<environment.Job instance at 0x7f7cbe6a2820>,75,27,[4 9],76,-1,153,-1,126
1,<environment.Job instance at 0x7f7cbe6a20a0>,77,24,[10  2],78,-1,158,-1,134
1,<environment.Job instance at 0x7f7cbe6a2f50>,78,14,[ 5 14],79,-1,148,-1,134
1,<environment.Job instance at 0x7f7cc82c0d20>,82,25,[11  2],83,-1,166,-1,141
1,<environment.Job instance at 0x7f7cc82c0460>,83,15,[ 3 12],84,-1,156,-1,141
1,<environment.Job instance at 0x7f7cc82c0be0>,84,17,[ 3 12],85,-1,158,-1,141
1,<environment.Job instance at 0x7f7cc82c0550>,85,22,[14  5],86,-1,163,-1,141
1,<environment.Job instance at 0x7f7cbec56960>,1,17,[2 7],2,-1,20,-1,3
1,<environment.Job instance at 0x7f7cbe3a2f50>,2,14,[4 9],3,-1,21,-1,7
1,<environment.Job instance at 0x7f7cbe997500>,6,15,[ 5 11],7,-1,23,-1,8
1,<environment.Job instance at 0x7f7cbe9864b0>,8,27,[5 1],9,-1,36,-1,9
1,<environment.Job instance at 0x7f7cbe639190>,0,26,[14  4],1,-1,27,-1,1
1,<environment.Job instance at 0x7f7cbec77820>,3,18,[14  1],4,-1,22,-1,4
1,<environment.Job instance at 0x7f7cbe6397d0>,4,24,[9 2],5,-1,29,-1,5
1,<environment.Job instance at 0x7f7cbe60a780>,6,15,[ 5 11],7,-1,22,-1,7
1,<environment.Job instance at 0x7f7cbe60ad20>,7,27,[ 2 13],8,-1,35,-1,8
1,<environment.Job instance at 0x7f7cbe6208c0>,9,16,[ 3 12],10,-1,26,-1,10
1,<environment.Job instance at 0x7f7cbe60aeb0>,10,12,[ 3 12],11,-1,23,-1,11
1,<environment.Job instance at 0x7f7cbe60aa00>,11,13,[ 3 12],12,-1,25,-1,12
1,<environment.Job instance at 0x7f7cbe60abe0>,13,25,[11  2],14,-1,39,-1,14
1,<environment.Job instance at 0x7f7cbe60af00>,14,23,[ 1 14],15,-1,38,-1,15
1,<environment.Job instance at 0x7f7cbe60a870>,16,12,[ 3 12],17,-1,29,-1,17
1,<environment.Job instance at 0x7f7cbe60af50>,8,27,[5 1],9,-1,45,-1,18
1,<environment.Job instance at 0x7f7cbe60aa50>,12,24,[ 4 10],13,-1,43,-1,19
1,<environment.Job instance at 0x7f7cbe60aaf0>,20,14,[ 2 11],21,-1,35,-1,21
1,<environment.Job instance at 0x7f7cbe60a0f0>,22,22,[ 5 14],23,-1,45,-1,23
1,<environment.Job instance at 0x7f7cbe788b40>,23,17,[12  4],24,-1,41,-1,24
1,<environment.Job instance at 0x7f7cbe7888c0>,24,26,[ 1 10],25,-1,58,-1,32
1,<environment.Job instance at 0x7f7cbe788370>,29,12,[ 1 11],30,-1,56,-1,44
1,<environment.Job instance at 0x7f7cbe788c80>,30,28,[3 6],31,-1,77,-1,49
1,<environment.Job instance at 0x7f7cbe788e10>,34,13,[12  5],35,-1,70,-1,57
1,<environment.Job instance at 0x7f7cbeae1050>,41,24,[ 4 10],42,-1,108,-1,84
1,<environment.Job instance at 0x7f7cc8156f00>,42,24,[ 2 14],43,-1,108,-1,84
1,<environment.Job instance at 0x7f7cc81566e0>,43,16,[12  2],44,-1,100,-1,84
1,<environment.Job instance at 0x7f7cc82c0140>,44,15,[ 5 12],45,-1,99,-1,84
1,<environment.Job instance at 0x7f7cc8156f50>,45,28,[ 2 11],46,-1,112,-1,84
1,<environment.Job instance at 0x7f7cc82c0500>,46,28,[13  3],47,-1,112,-1,84
1,<environment.Job instance at 0x7f7cc82c0b90>,48,23,[13  5],49,-1,107,-1,84
1,<environment.Job instance at 0x7f7cc82c0af0>,49,19,[ 3 13],50,-1,103,-1,84
1,<environment.Job instance at 0x7f7cc82c0910>,53,23,[6 5],54,-1,119,-1,96
1,<environment.Job instance at 0x7f7cbe6a2f50>,54,17,[ 2 13],55,-1,113,-1,96
1,<environment.Job instance at 0x7f7cbe6a2410>,55,20,[ 1 11],56,-1,116,-1,96
1,<environment.Job instance at 0x7f7cbe6a2320>,56,27,[4 6],57,-1,133,-1,106
1,<environment.Job instance at 0x7f7cbe6a2fa0>,58,12,[ 3 14],59,-1,118,-1,106
1,<environment.Job instance at 0x7f7cbe6a2190>,57,26,[8 5],58,-1,137,-1,111
1,<environment.Job instance at 0x7f7cbefa1370>,61,24,[14  4],62,-1,135,-1,111
1,<environment.Job instance at 0x7f7cbe7a41e0>,62,26,[12  3],63,-1,137,-1,111
1,<environment.Job instance at 0x7f7cbe7a4a50>,63,16,[ 5 14],64,-1,127,-1,111
1,<environment.Job instance at 0x7f7cbe3322d0>,64,23,[8 4],65,-1,134,-1,111
1,<environment.Job instance at 0x7f7cbe332eb0>,65,12,[ 4 13],66,-1,123,-1,111
1,<environment.Job instance at 0x7f7cbe332690>,66,25,[13  1],67,-1,136,-1,111
1,<environment.Job instance at 0x7f7cbf2fb2d0>,69,22,[14  4],70,-1,141,-1,119
1,<environment.Job instance at 0x7f7cbe965050>,70,14,[ 1 13],71,-1,133,-1,119
1,<environment.Job instance at 0x7f7cbe4e3f50>,71,28,[ 2 10],72,-1,160,-1,132
1,<environment.Job instance at 0x7f7cc8045c30>,73,16,[11  3],74,-1,148,-1,132
1,<environment.Job instance at 0x7f7cbe332460>,74,18,[ 5 12],75,-1,150,-1,132
1,<environment.Job instance at 0x7f7cbe3324b0>,75,24,[ 2 12],76,-1,156,-1,132
1,<environment.Job instance at 0x7f7cbf680910>,76,24,[ 1 13],77,-1,156,-1,132
1,<environment.Job instance at 0x7f7cbf6527d0>,78,23,[4 5],79,-1,161,-1,138
1,<environment.Job instance at 0x7f7cbf652640>,79,25,[1 9],80,-1,171,-1,146
1,<environment.Job instance at 0x7f7cbec4e320>,1,20,[3 7],2,-1,22,-1,2
1,<environment.Job instance at 0x7f7cbec4eb90>,2,14,[8 3],3,-1,18,-1,4
1,<environment.Job instance at 0x7f7cbec4e9b0>,3,18,[12  3],4,-1,22,-1,4
1,<environment.Job instance at 0x7f7cbec4e550>,4,23,[2 6],5,-1,28,-1,5
1,<environment.Job instance at 0x7f7cbec64f00>,5,21,[2 8],6,-1,27,-1,6
1,<environment.Job instance at 0x7f7cbec64c80>,11,22,[8 1],12,-1,34,-1,12
1,<environment.Job instance at 0x7f7cbec64460>,18,16,[11  5],19,-1,39,-1,23
1,<environment.Job instance at 0x7f7cbec64690>,12,24,[14  4],13,-1,47,-1,23
1,<environment.Job instance at 0x7f7cbec641e0>,13,20,[8 2],14,-1,43,-1,23
1,<environment.Job instance at 0x7f7cbec64e10>,19,18,[13  2],20,-1,54,-1,36
1,<environment.Job instance at 0x7f7cbec64d70>,8,16,[ 1 12],9,-1,53,-1,37
1,<environment.Job instance at 0x7f7cbec642d0>,21,23,[14  1],22,-1,60,-1,37
1,<environment.Job instance at 0x7f7cbec640f0>,25,24,[9 5],26,-1,61,-1,37
1,<environment.Job instance at 0x7f7cbe60a410>,3,18,[12  3],4,-1,22,-1,4
1,<environment.Job instance at 0x7f7cbe60abe0>,4,23,[2 6],5,-1,28,-1,5
1,<environment.Job instance at 0x7f7cbe60a230>,6,27,[ 2 13],7,-1,34,-1,7
1,<environment.Job instance at 0x7f7cbe60afa0>,7,14,[ 2 11],8,-1,22,-1,8
1,<environment.Job instance at 0x7f7cbe60a910>,8,16,[ 1 12],9,-1,25,-1,9
1,<environment.Job instance at 0x7f7cbe60ab40>,12,24,[14  4],13,-1,43,-1,19
1,<environment.Job instance at 0x7f7cbe572870>,16,16,[ 3 11],17,-1,35,-1,19
1,<environment.Job instance at 0x7f7cbec644b0>,18,16,[11  5],19,-1,35,-1,19
1,<environment.Job instance at 0x7f7cbe60af50>,9,26,[5 9],10,-1,48,-1,22
1,<environment.Job instance at 0x7f7cbe938640>,19,18,[13  2],20,-1,40,-1,22
1,<environment.Job instance at 0x7f7cbe906230>,21,23,[14  1],22,-1,45,-1,22
1,<environment.Job instance at 0x7f7cbe3234b0>,22,17,[ 1 14],23,-1,48,-1,31
1,<environment.Job instance at 0x7f7cbe4dbf50>,23,16,[12  2],24,-1,47,-1,31
1,<environment.Job instance at 0x7f7cbec4e690>,24,19,[ 4 11],25,-1,50,-1,31
1,<environment.Job instance at 0x7f7cbe9bc370>,26,16,[13  3],27,-1,59,-1,43
1,<environment.Job instance at 0x7f7cbed0e5a0>,27,24,[14  3],28,-1,67,-1,43
1,<environment.Job instance at 0x7f7cbec4e0f0>,28,19,[ 1 14],29,-1,62,-1,43
1,<environment.Job instance at 0x7f7cbec4ed20>,29,23,[14  3],30,-1,66,-1,43
1,<environment.Job instance at 0x7f7cbf1f65a0>,30,28,[ 4 11],31,-1,71,-1,43
1,<environment.Job instance at 0x7f7cbf677e10>,31,27,[5 5],32,-1,78,-1,51
1,<environment.Job instance at 0x7f7cbe4585f0>,32,24,[5 2],33,-1,75,-1,51
1,<environment.Job instance at 0x7f7cc7cc8a00>,33,14,[ 4 12],34,-1,65,-1,51
1,<environment.Job instance at 0x7f7cc7cc8230>,34,27,[5 1],35,-1,78,-1,51
1,<environment.Job instance at 0x7f7cbefb5320>,35,27,[ 2 11],36,-1,78,-1,51
1,<environment.Job instance at 0x7f7cbe487a00>,36,28,[12  4],37,-1,79,-1,51
1,<environment.Job instance at 0x7f7cbe96f320>,25,24,[9 5],26,-1,75,-1,51
1,<environment.Job instance at 0x7f7cbe78e0a0>,38,14,[14  2],39,-1,65,-1,51
1,<environment.Job instance at 0x7f7cbe78e780>,39,27,[5 1],40,-1,78,-1,51
1,<environment.Job instance at 0x7f7cbe78e5a0>,40,23,[12  5],41,-1,74,-1,51
1,<environment.Job instance at 0x7f7cc7c8fd70>,43,12,[14  4],44,-1,70,-1,58
1,<environment.Job instance at 0x7f7cc7c8f460>,45,26,[7 5],46,-1,84,-1,58
1,<environment.Job instance at 0x7f7cbf65cf50>,46,17,[ 3 14],47,-1,75,-1,58
1,<environment.Job instance at 0x7f7cbedaf5a0>,41,23,[3 9],42,-1,81,-1,58
1,<environment.Job instance at 0x7f7cbf46f370>,49,17,[ 2 13],50,-1,75,-1,58
1,<environment.Job instance at 0x7f7cbf46f780>,50,17,[14  2],51,-1,75,-1,58
1,<environment.Job instance at 0x7f7cbf46f0a0>,52,23,[5 5],53,-1,88,-1,65
1,<environment.Job instance at 0x7f7cbe8e5320>,53,13,[ 1 14],54,-1,78,-1,65
1,<environment.Job instance at 0x7f7cbe8e5c80>,54,12,[ 3 11],55,-1,77,-1,65
1,<environment.Job instance at 0x7f7cbf53e500>,51,26,[10  4],52,-1,105,-1,79
1,<environment.Job instance at 0x7f7cbe317280>,57,19,[ 5 13],58,-1,98,-1,79
1,<environment.Job instance at 0x7f7cbe317550>,59,25,[3 9],60,-1,118,-1,93
1,<environment.Job instance at 0x7f7cbf307500>,63,17,[ 3 13],64,-1,114,-1,97
1,<environment.Job instance at 0x7f7cc7d50370>,64,28,[3 9],65,-1,135,-1,107
1,<environment.Job instance at 0x7f7cc7d50460>,65,28,[ 3 10],66,-1,135,-1,107
1,<environment.Job instance at 0x7f7cbed8a050>,69,20,[12  4],70,-1,142,-1,122
1,<environment.Job instance at 0x7f7cbed8a410>,70,28,[8 2],71,-1,150,-1,122
1,<environment.Job instance at 0x7f7cbed8aeb0>,71,16,[12  4],72,-1,138,-1,122
1,<environment.Job instance at 0x7f7cbed8ac30>,72,16,[ 2 13],73,-1,138,-1,122
1,<environment.Job instance at 0x7f7cbed8a190>,73,23,[5 8],74,-1,145,-1,122
1,<environment.Job instance at 0x7f7cbed8aaf0>,75,24,[9 3],76,-1,153,-1,129
1,<environment.Job instance at 0x7f7cc8045dc0>,77,23,[5 4],78,-1,152,-1,129
1,<environment.Job instance at 0x7f7cc8045870>,78,23,[11  4],79,-1,152,-1,129
1,<environment.Job instance at 0x7f7cbf665d70>,80,21,[ 5 13],81,-1,150,-1,129
1,<environment.Job instance at 0x7f7cbf665d20>,81,22,[11  1],82,-1,151,-1,129
1,<environment.Job instance at 0x7f7cbe597be0>,82,17,[11  2],83,-1,146,-1,129
1,<environment.Job instance at 0x7f7cbe6f6c80>,85,28,[10  3],86,-1,174,-1,146
1,<environment.Job instance at 0x7f7cbf54c1e0>,86,28,[13  4],87,-1,174,-1,146
1,<environment.Job instance at 0x7f7cbf54ceb0>,88,25,[5 7],89,-1,171,-1,146
1,<environment.Job instance at 0x7f7cbe77f780>,89,23,[13  3],90,-1,169,-1,146
1,<environment.Job instance at 0x7f7cbe79ccd0>,90,18,[ 4 13],91,-1,164,-1,146
1,<environment.Job instance at 0x7f7cbe77f3c0>,91,18,[13  1],92,-1,164,-1,146
1,<environment.Job instance at 0x7f7cbe7fa910>,15,26,[12  4],16,-1,108,-1,82
1,<environment.Job instance at 0x7f7cbe7fa370>,17,21,[4 6],18,-1,105,-1,84
1,<environment.Job instance at 0x7f7cbe903d70>,0,25,[ 4 14],1,-1,26,-1,1
1,<environment.Job instance at 0x7f7cbe903500>,2,20,[14  3],3,-1,23,-1,3
1,<environment.Job instance at 0x7f7cbe98c2d0>,3,25,[14  5],4,-1,29,-1,4
1,<environment.Job instance at 0x7f7cbe9015a0>,5,14,[14  1],6,-1,20,-1,6
1,<environment.Job instance at 0x7f7cbe788550>,7,26,[12  5],8,-1,34,-1,8
1,<environment.Job instance at 0x7f7cbe788910>,9,16,[14  1],10,-1,26,-1,10
1,<environment.Job instance at 0x7f7cbe788cd0>,11,24,[ 3 12],12,-1,36,-1,12
1,<environment.Job instance at 0x7f7cbe7880f0>,12,23,[4 7],13,-1,41,-1,18
1,<environment.Job instance at 0x7f7cbe7883c0>,15,26,[12  4],16,-1,44,-1,18
1,<environment.Job instance at 0x7f7cbe9b50f0>,4,26,[10  2],5,-1,54,-1,28
1,<environment.Job instance at 0x7f7cbe7881e0>,8,28,[8 3],9,-1,56,-1,28
1,<environment.Job instance at 0x7f7cbef65fa0>,19,17,[ 3 12],20,-1,45,-1,28
1,<environment.Job instance at 0x7f7cbe7884b0>,20,13,[14  5],21,-1,41,-1,28
1,<environment.Job instance at 0x7f7cbe788a00>,21,21,[ 5 14],22,-1,49,-1,28
1,<environment.Job instance at 0x7f7cbe0b0780>,22,21,[ 4 11],23,-1,49,-1,28
1,<environment.Job instance at 0x7f7cbe8cfc80>,23,25,[2 7],24,-1,53,-1,28
1,<environment.Job instance at 0x7f7cbe8cf1e0>,24,23,[14  4],25,-1,51,-1,28
1,<environment.Job instance at 0x7f7cbe764b90>,25,12,[ 3 11],26,-1,40,-1,28
1,<environment.Job instance at 0x7f7cbed71dc0>,28,18,[12  1],29,-1,60,-1,42
1,<environment.Job instance at 0x7f7cbed71870>,30,24,[12  2],31,-1,67,-1,43
1,<environment.Job instance at 0x7f7cbed71e60>,32,25,[8 3],33,-1,86,-1,61
1,<environment.Job instance at 0x7f7cbed71820>,33,15,[11  1],34,-1,76,-1,61
1,<environment.Job instance at 0x7f7cbe77f780>,35,27,[7 4],36,-1,88,-1,61
1,<environment.Job instance at 0x7f7cbf54ce10>,38,26,[9 5],39,-1,99,-1,73
1,<environment.Job instance at 0x7f7cbe5b4fa0>,40,28,[9 3],41,-1,117,-1,89
1,<environment.Job instance at 0x7f7cbe6f62d0>,41,27,[5 1],42,-1,116,-1,89
1,<environment.Job instance at 0x7f7cbe5974b0>,44,27,[6 4],45,-1,122,-1,95
1,<environment.Job instance at 0x7f7cbed8a550>,45,25,[6 1],46,-1,120,-1,95
1,<environment.Job instance at 0x7f7cbed8a780>,46,23,[5 5],47,-1,118,-1,95
1,<environment.Job instance at 0x7f7cbed8a3c0>,47,28,[14  5],48,-1,123,-1,95
1,<environment.Job instance at 0x7f7cbed8ac30>,48,12,[13  5],49,-1,107,-1,95
1,<environment.Job instance at 0x7f7cbed8a410>,50,23,[13  2],51,-1,118,-1,95
1,<environment.Job instance at 0x7f7cbf307500>,51,21,[12  3],52,-1,116,-1,95
1,<environment.Job instance at 0x7f7cbf1f40f0>,52,17,[14  1],53,-1,112,-1,95
1,<environment.Job instance at 0x7f7cbe317550>,53,15,[ 1 12],54,-1,110,-1,95
1,<environment.Job instance at 0x7f7cbed8a050>,56,20,[ 1 12],57,-1,128,-1,108
1,<environment.Job instance at 0x7f7cbe8e5910>,58,25,[5 3],59,-1,133,-1,108
1,<environment.Job instance at 0x7f7cbe2182d0>,60,24,[5 7],61,-1,142,-1,118
1,<environment.Job instance at 0x7f7cbf46f1e0>,63,27,[ 2 10],64,-1,163,-1,136
1,<environment.Job instance at 0x7f7cc7c8f6e0>,64,16,[ 1 12],65,-1,152,-1,136
1,<environment.Job instance at 0x7f7cc7c8f460>,65,15,[13  4],66,-1,151,-1,136
1,<environment.Job instance at 0x7f7cbe218a50>,66,20,[ 1 13],67,-1,156,-1,136
1,<environment.Job instance at 0x7f7cbe78e0a0>,68,28,[ 2 14],69,-1,164,-1,136
1,<environment.Job instance at 0x7f7cbe487230>,69,28,[11  1],70,-1,164,-1,136
1,<environment.Job instance at 0x7f7cbe78e780>,71,28,[8 2],72,-1,170,-1,142
1,<environment.Job instance at 0x7f7cbf1f65a0>,72,21,[ 1 11],73,-1,163,-1,142
1,<environment.Job instance at 0x7f7cbe83ba00>,74,21,[14  2],75,-1,164,-1,143
1,<environment.Job instance at 0x7f7cbe4583c0>,0,13,[12  4],1,-1,14,-1,1
1,<environment.Job instance at 0x7f7cbe6d1550>,1,17,[ 5 13],2,-1,19,-1,2
1,<environment.Job instance at 0x7f7cbe458cd0>,2,16,[ 5 14],3,-1,19,-1,3
1,<environment.Job instance at 0x7f7cbe6d1960>,3,25,[5 8],4,-1,29,-1,4
1,<environment.Job instance at 0x7f7cc81fbaf0>,5,17,[ 2 14],6,-1,23,-1,6
1,<environment.Job instance at 0x7f7cbe5bd7d0>,6,18,[11  3],7,-1,25,-1,7
1,<environment.Job instance at 0x7f7cbf6fe640>,10,15,[14  4],11,-1,26,-1,11
1,<environment.Job instance at 0x7f7cbe5aca00>,11,24,[11  3],12,-1,36,-1,12
1,<environment.Job instance at 0x7f7cbe5ace60>,12,15,[ 5 12],13,-1,28,-1,13
1,<environment.Job instance at 0x7f7cbe906050>,13,26,[ 1 12],14,-1,40,-1,14
1,<environment.Job instance at 0x7f7cc83e90f0>,16,27,[ 3 12],17,-1,44,-1,17
1,<environment.Job instance at 0x7f7cbf0ec730>,18,28,[12  4],19,-1,47,-1,19
1,<environment.Job instance at 0x7f7cbe640a50>,15,25,[1 8],16,-1,45,-1,20
1,<environment.Job instance at 0x7f7cbe906230>,20,28,[11  4],21,-1,49,-1,21
1,<environment.Job instance at 0x7f7cbed0e5a0>,21,26,[5 7],22,-1,48,-1,22
1,<environment.Job instance at 0x7f7cbe4b0820>,14,23,[ 4 10],15,-1,45,-1,22
1,<environment.Job instance at 0x7f7cc7cc8230>,22,24,[13  1],23,-1,47,-1,23
1,<environment.Job instance at 0x7f7cbe22c5f0>,23,12,[14  5],24,-1,36,-1,24
1,<environment.Job instance at 0x7f7cbe487a00>,26,17,[ 1 14],27,-1,44,-1,27
1,<environment.Job instance at 0x7f7cbf53e050>,27,18,[14  3],28,-1,46,-1,28
1,<environment.Job instance at 0x7f7cbf46f0a0>,28,25,[11  3],29,-1,54,-1,29
1,<environment.Job instance at 0x7f7cbf46f1e0>,29,17,[14  4],30,-1,47,-1,30
1,<environment.Job instance at 0x7f7cbec4dcd0>,25,26,[6 3],26,-1,59,-1,33
1,<environment.Job instance at 0x7f7cbe2181e0>,32,18,[14  4],33,-1,51,-1,33
1,<environment.Job instance at 0x7f7cbed8a780>,36,16,[13  1],37,-1,53,-1,37
1,<environment.Job instance at 0x7f7cbed8ae60>,37,28,[ 4 12],38,-1,66,-1,38
1,<environment.Job instance at 0x7f7cbed8a0f0>,38,15,[12  2],39,-1,54,-1,39
1,<environment.Job instance at 0x7f7cbed8aaf0>,40,26,[6 4],41,-1,77,-1,51
1,<environment.Job instance at 0x7f7cbe6f60f0>,42,15,[ 3 13],43,-1,66,-1,51
1,<environment.Job instance at 0x7f7cbe5b4c30>,44,18,[13  3],45,-1,78,-1,60
1,<environment.Job instance at 0x7f7cbe5b4500>,45,28,[9 4],46,-1,88,-1,60
1,<environment.Job instance at 0x7f7cbf54c190>,46,13,[ 5 11],47,-1,73,-1,60
1,<environment.Job instance at 0x7f7cbf54c1e0>,47,19,[14  1],48,-1,79,-1,60
1,<environment.Job instance at 0x7f7cbf1f6aa0>,52,25,[7 5],53,-1,100,-1,75
1,<environment.Job instance at 0x7f7cbed86280>,54,26,[6 1],55,-1,112,-1,86
1,<environment.Job instance at 0x7f7cbed861e0>,55,21,[ 5 14],56,-1,107,-1,86
1,<environment.Job instance at 0x7f7cbec74500>,56,25,[14  4],57,-1,111,-1,86
1,<environment.Job instance at 0x7f7cc7d3baa0>,58,15,[ 3 11],59,-1,101,-1,86
1,<environment.Job instance at 0x7f7cbea8abe0>,60,27,[ 4 11],61,-1,113,-1,86
1,<environment.Job instance at 0x7f7cbea8ab40>,63,27,[ 2 11],64,-1,127,-1,100
1,<environment.Job instance at 0x7f7cbea8a5a0>,64,20,[14  2],65,-1,120,-1,100
1,<environment.Job instance at 0x7f7cbea8ac80>,65,26,[14  1],66,-1,126,-1,100
1,<environment.Job instance at 0x7f7cbea8a1e0>,67,25,[13  1],68,-1,125,-1,100
1,<environment.Job instance at 0x7f7cbea8acd0>,70,14,[14  4],71,-1,129,-1,115
1,<environment.Job instance at 0x7f7cbea8a0f0>,71,22,[ 4 12],72,-1,137,-1,115
1,<environment.Job instance at 0x7f7cbea8a320>,72,24,[12  4],73,-1,139,-1,115
1,<environment.Job instance at 0x7f7cbea8a2d0>,74,16,[ 3 12],75,-1,134,-1,118
1,<environment.Job instance at 0x7f7cbea8a690>,78,15,[ 3 13],79,-1,147,-1,132
1,<environment.Job instance at 0x7f7cbea8a280>,79,15,[ 5 11],80,-1,147,-1,132
1,<environment.Job instance at 0x7f7cbea8a190>,77,23,[2 6],78,-1,165,-1,142
1,<environment.Job instance at 0x7f7cbe84bbe0>,82,13,[11  4],83,-1,159,-1,146
1,<environment.Job instance at 0x7f7cbe84b640>,83,17,[ 3 12],84,-1,163,-1,146
1,<environment.Job instance at 0x7f7cbe84b140>,84,20,[13  4],85,-1,166,-1,146
1,<environment.Job instance at 0x7f7cbe84b4b0>,81,24,[9 2],82,-1,173,-1,149
1,<environment.Job instance at 0x7f7cbe84b780>,86,20,[12  5],87,-1,169,-1,149
1,<environment.Job instance at 0x7f7cbe84b550>,1,24,[14  3],2,-1,26,-1,2
1,<environment.Job instance at 0x7f7cbe84baf0>,2,23,[ 1 14],3,-1,26,-1,3
1,<environment.Job instance at 0x7f7cbe84b3c0>,3,24,[12  2],4,-1,28,-1,4
1,<environment.Job instance at 0x7f7cbe84b370>,4,28,[3 6],5,-1,33,-1,5
1,<environment.Job instance at 0x7f7cbe84b6e0>,5,21,[ 2 14],6,-1,27,-1,6
1,<environment.Job instance at 0x7f7cbe84beb0>,6,15,[13  5],7,-1,22,-1,7
1,<environment.Job instance at 0x7f7cbe84b230>,10,12,[ 1 12],11,-1,23,-1,11
1,<environment.Job instance at 0x7f7cbea8a690>,11,21,[ 2 12],12,-1,33,-1,12
1,<environment.Job instance at 0x7f7cbea8a280>,12,15,[13  4],13,-1,28,-1,13
1,<environment.Job instance at 0x7f7cbe84b910>,9,25,[ 3 10],10,-1,40,-1,15
1,<environment.Job instance at 0x7f7cbea8a190>,13,28,[3 8],14,-1,43,-1,15
1,<environment.Job instance at 0x7f7cbe84b5f0>,14,24,[9 3],15,-1,39,-1,15
1,<environment.Job instance at 0x7f7cbea8a820>,16,14,[11  3],17,-1,31,-1,17
1,<environment.Job instance at 0x7f7cbea8a1e0>,20,16,[ 5 12],21,-1,37,-1,21
1,<environment.Job instance at 0x7f7cbea8a3c0>,21,24,[13  4],22,-1,46,-1,22
1,<environment.Job instance at 0x7f7cbea8aa50>,15,28,[9 3],16,-1,56,-1,28
1,<environment.Job instance at 0x7f7cbea8a910>,23,25,[14  2],24,-1,53,-1,28
1,<environment.Job instance at 0x7f7cbea8a460>,24,27,[4 5],25,-1,55,-1,28
1,<environment.Job instance at 0x7f7cbea8a7d0>,25,23,[12  2],26,-1,51,-1,28
1,<environment.Job instance at 0x7f7cbea8ae60>,19,26,[3 8],20,-1,54,-1,28
1,<environment.Job instance at 0x7f7cbea8a410>,22,27,[8 2],23,-1,55,-1,28
1,<environment.Job instance at 0x7f7cbea8a500>,28,14,[13  1],29,-1,43,-1,29
1,<environment.Job instance at 0x7f7cc83258c0>,29,18,[ 2 13],30,-1,48,-1,30
1,<environment.Job instance at 0x7f7cbea8abe0>,30,17,[ 4 11],31,-1,48,-1,31
1,<environment.Job instance at 0x7f7cbf6fe910>,32,14,[ 3 11],33,-1,47,-1,33
1,<environment.Job instance at 0x7f7cbe78edc0>,33,17,[ 5 13],34,-1,51,-1,34
1,<environment.Job instance at 0x7f7cbf75c460>,34,22,[13  3],35,-1,57,-1,35
1,<environment.Job instance at 0x7f7cbf154140>,35,13,[ 3 13],36,-1,49,-1,36
1,<environment.Job instance at 0x7f7cbede5640>,36,14,[12  1],37,-1,51,-1,37
1,<environment.Job instance at 0x7f7cbee8ba50>,38,17,[ 3 13],39,-1,56,-1,39
1,<environment.Job instance at 0x7f7cbede5f00>,40,20,[11  2],41,-1,66,-1,46
1,<environment.Job instance at 0x7f7cbede5a50>,41,19,[ 2 12],42,-1,65,-1,46
1,<environment.Job instance at 0x7f7cbedd8050>,42,18,[ 3 11],43,-1,64,-1,46
1,<environment.Job instance at 0x7f7cbedd8230>,43,14,[ 4 12],44,-1,60,-1,46
1,<environment.Job instance at 0x7f7cbedd86e0>,44,19,[ 5 11],45,-1,65,-1,46
1,<environment.Job instance at 0x7f7cbedd8690>,45,14,[ 5 13],46,-1,60,-1,46
1,<environment.Job instance at 0x7f7cbedd8f50>,47,21,[13  5],48,-1,69,-1,48
1,<environment.Job instance at 0x7f7cbea01eb0>,48,17,[11  1],49,-1,66,-1,49
1,<environment.Job instance at 0x7f7cbedd80f0>,49,23,[ 1 14],50,-1,73,-1,50
1,<environment.Job instance at 0x7f7cbe809960>,51,14,[ 5 14],52,-1,66,-1,52
1,<environment.Job instance at 0x7f7cbe829730>,52,15,[ 2 14],53,-1,68,-1,53
1,<environment.Job instance at 0x7f7cbe829d70>,54,14,[13  5],55,-1,69,-1,55
1,<environment.Job instance at 0x7f7cbe8290a0>,55,26,[1 9],56,-1,82,-1,56
1,<environment.Job instance at 0x7f7cbe829fa0>,56,22,[ 4 11],57,-1,79,-1,57
1,<environment.Job instance at 0x7f7cbede56e0>,39,28,[3 7],40,-1,89,-1,61
1,<environment.Job instance at 0x7f7cbedfd5f0>,59,24,[ 3 14],60,-1,85,-1,61
1,<environment.Job instance at 0x7f7cbedfd5a0>,60,28,[ 5 11],61,-1,89,-1,61
1,<environment.Job instance at 0x7f7cbe821780>,61,17,[ 5 12],62,-1,79,-1,62
1,<environment.Job instance at 0x7f7cbea01050>,58,24,[10  5],59,-1,87,-1,63
1,<environment.Job instance at 0x7f7cbe8086e0>,64,22,[11  2],65,-1,87,-1,65
1,<environment.Job instance at 0x7f7cbe808280>,66,24,[7 1],67,-1,103,-1,79
1,<environment.Job instance at 0x7f7cbe82f6e0>,68,21,[ 1 12],69,-1,100,-1,79
1,<environment.Job instance at 0x7f7cbe82fdc0>,69,12,[ 3 11],70,-1,91,-1,79
1,<environment.Job instance at 0x7f7cbe82f550>,70,24,[6 1],71,-1,113,-1,89
1,<environment.Job instance at 0x7f7cbe82fa00>,71,28,[12  1],72,-1,117,-1,89
1,<environment.Job instance at 0x7f7cbe82faa0>,72,25,[14  3],73,-1,114,-1,89
1,<environment.Job instance at 0x7f7cbe82feb0>,73,25,[12  4],74,-1,114,-1,89
1,<environment.Job instance at 0x7f7cbe79f870>,74,19,[14  1],75,-1,108,-1,89
1,<environment.Job instance at 0x7f7cbe79f640>,75,21,[11  5],76,-1,110,-1,89
1,<environment.Job instance at 0x7f7cbe835d20>,76,13,[11  4],77,-1,102,-1,89
1,<environment.Job instance at 0x7f7cbe81f910>,80,12,[ 3 14],81,-1,107,-1,95
1,<environment.Job instance at 0x7f7cbe81f5a0>,81,15,[ 4 13],82,-1,110,-1,95
1,<environment.Job instance at 0x7f7cbe835cd0>,77,25,[8 5],78,-1,136,-1,111
1,<environment.Job instance at 0x7f7cbeb2a1e0>,83,13,[11  4],84,-1,124,-1,111
1,<environment.Job instance at 0x7f7cbf0fdaf0>,89,19,[ 4 11],90,-1,144,-1,125
1,<environment.Job instance at 0x7f7cbea06410>,90,28,[ 3 11],91,-1,153,-1,125
1,<environment.Job instance at 0x7f7cc7cdbf50>,91,26,[4 8],92,-1,151,-1,125
1,<environment.Job instance at 0x7f7cbf0043c0>,92,23,[4 6],93,-1,148,-1,125
1,<environment.Job instance at 0x7f7cbee13370>,94,21,[14  4],95,-1,146,-1,125
1,<environment.Job instance at 0x7f7cbee13e60>,95,20,[12  5],96,-1,145,-1,125
1,<environment.Job instance at 0x7f7cbee13a50>,96,14,[11  3],97,-1,139,-1,125
1,<environment.Job instance at 0x7f7cbee13f50>,97,28,[ 2 14],98,-1,153,-1,125
1,<environment.Job instance at 0x7f7cbee13780>,99,23,[5 3],100,-1,164,-1,141
1,<environment.Job instance at 0x7f7cbee13690>,101,25,[13  1],102,-1,166,-1,141
1,<environment.Job instance at 0x7f7cbee13f00>,103,17,[13  2],104,-1,158,-1,141
1,<environment.Job instance at 0x7f7cbee135a0>,105,23,[13  4],106,-1,164,-1,141
1,<environment.Job instance at 0x7f7cbeb3c500>,3,23,[5 6],4,-1,27,-1,4
1,<environment.Job instance at 0x7f7cbeb3c870>,5,19,[2 5],6,-1,26,-1,7
1,<environment.Job instance at 0x7f7cbeb3c050>,7,16,[8 4],8,-1,24,-1,8
1,<environment.Job instance at 0x7f7cbf0c4d20>,0,15,[ 1 13],1,-1,16,-1,1
1,<environment.Job instance at 0x7f7cbe04d6e0>,1,16,[ 3 12],2,-1,18,-1,2
1,<environment.Job instance at 0x7f7cc807fd20>,3,23,[5 6],4,-1,27,-1,4
1,<environment.Job instance at 0x7f7cbee790a0>,4,24,[5 6],5,-1,29,-1,5
1,<environment.Job instance at 0x7f7cbee932d0>,6,24,[ 5 14],7,-1,31,-1,7
1,<environment.Job instance at 0x7f7cbef9a730>,8,26,[ 5 13],9,-1,35,-1,9
1,<environment.Job instance at 0x7f7cbec44870>,9,13,[12  2],10,-1,23,-1,10
1,<environment.Job instance at 0x7f7cbf10e960>,10,24,[ 5 13],11,-1,35,-1,11
1,<environment.Job instance at 0x7f7cbee93320>,11,23,[ 5 12],12,-1,35,-1,12
1,<environment.Job instance at 0x7f7cbf10e320>,12,15,[14  2],13,-1,28,-1,13
1,<environment.Job instance at 0x7f7cbe80e3c0>,13,25,[ 2 12],14,-1,39,-1,14
1,<environment.Job instance at 0x7f7cbedb60f0>,15,24,[14  2],16,-1,40,-1,16
1,<environment.Job instance at 0x7f7cbe80e9b0>,16,15,[ 5 12],17,-1,32,-1,17
1,<environment.Job instance at 0x7f7cd0cbc3c0>,19,19,[ 4 13],20,-1,39,-1,20
1,<environment.Job instance at 0x7f7cbee09e60>,20,21,[ 5 13],21,-1,42,-1,21
1,<environment.Job instance at 0x7f7cbee09050>,18,27,[2 9],19,-1,52,-1,25
1,<environment.Job instance at 0x7f7cbedf21e0>,23,23,[6 3],24,-1,48,-1,25
1,<environment.Job instance at 0x7f7cbee09910>,22,24,[7 1],23,-1,49,-1,25
1,<environment.Job instance at 0x7f7cbedf20f0>,26,16,[14  5],27,-1,43,-1,27
1,<environment.Job instance at 0x7f7cbee130f0>,27,18,[ 4 11],28,-1,46,-1,28
1,<environment.Job instance at 0x7f7cbee13eb0>,29,13,[12  3],30,-1,47,-1,34
1,<environment.Job instance at 0x7f7cbee13af0>,30,25,[10  2],31,-1,59,-1,34
1,<environment.Job instance at 0x7f7cbee136e0>,31,28,[ 5 14],32,-1,62,-1,34
1,<environment.Job instance at 0x7f7cbee13910>,28,25,[2 5],29,-1,59,-1,34
1,<environment.Job instance at 0x7f7cbee13b90>,33,17,[12  5],34,-1,51,-1,34
1,<environment.Job instance at 0x7f7cbee13dc0>,35,27,[13  3],36,-1,66,-1,39
1,<environment.Job instance at 0x7f7cbee13960>,39,21,[11  1],40,-1,83,-1,62
1,<environment.Job instance at 0x7f7cbee13640>,41,18,[11  1],42,-1,80,-1,62
1,<environment.Job instance at 0x7f7cbf0043c0>,43,15,[ 2 13],44,-1,88,-1,73
1,<environment.Job instance at 0x7f7cbee135f0>,45,15,[ 2 13],46,-1,88,-1,73
1,<environment.Job instance at 0x7f7cbea06d70>,46,17,[13  4],47,-1,90,-1,73
1,<environment.Job instance at 0x7f7cbea06410>,47,28,[ 1 12],48,-1,101,-1,73
1,<environment.Job instance at 0x7f7cbf5fc7d0>,49,20,[ 4 14],50,-1,94,-1,74
1,<environment.Job instance at 0x7f7cbe800780>,50,18,[14  1],51,-1,92,-1,74
1,<environment.Job instance at 0x7f7cbe800f50>,52,24,[ 2 12],53,-1,98,-1,74
1,<environment.Job instance at 0x7f7cbe81fd70>,56,24,[3 7],57,-1,111,-1,87
1,<environment.Job instance at 0x7f7cbe79f640>,57,15,[ 3 14],58,-1,102,-1,87
1,<environment.Job instance at 0x7f7cbe81f370>,58,25,[3 6],59,-1,112,-1,87
1,<environment.Job instance at 0x7f7cbe835d70>,60,16,[ 5 12],61,-1,103,-1,87
1,<environment.Job instance at 0x7f7cbe82fb90>,61,22,[13  4],62,-1,109,-1,87
1,<environment.Job instance at 0x7f7cbe82fdc0>,62,17,[13  5],63,-1,104,-1,87
1,<environment.Job instance at 0x7f7cbe82f500>,63,17,[14  5],64,-1,104,-1,87
1,<environment.Job instance at 0x7f7cbe82f870>,64,17,[ 1 13],65,-1,104,-1,87
1,<environment.Job instance at 0x7f7cbe82f6e0>,65,16,[ 1 11],66,-1,103,-1,87
1,<environment.Job instance at 0x7f7cbe808d20>,67,16,[14  4],68,-1,104,-1,88
1,<environment.Job instance at 0x7f7cbe808230>,69,23,[2 5],70,-1,124,-1,101
1,<environment.Job instance at 0x7f7cbe8218c0>,72,14,[11  5],73,-1,116,-1,102
1,<environment.Job instance at 0x7f7cbedfd050>,73,18,[ 4 12],74,-1,120,-1,102
1,<environment.Job instance at 0x7f7cbedfd190>,74,24,[ 3 11],75,-1,126,-1,102
1,<environment.Job instance at 0x7f7cbe829190>,75,15,[ 3 13],76,-1,117,-1,102
1,<environment.Job instance at 0x7f7cbe829eb0>,77,13,[13  2],78,-1,125,-1,112
1,<environment.Job instance at 0x7f7cbe829730>,78,27,[13  3],79,-1,139,-1,112
1,<environment.Job instance at 0x7f7cbea01870>,81,27,[12  3],82,-1,147,-1,120
1,<environment.Job instance at 0x7f7cbedd8d20>,83,26,[ 4 11],84,-1,157,-1,131
1,<environment.Job instance at 0x7f7cbf0fe0f0>,86,24,[ 5 12],87,-1,161,-1,137
1,<environment.Job instance at 0x7f7cbea35690>,3,14,[10  5],4,-1,19,-1,5
1,<environment.Job instance at 0x7f7cc804d910>,4,16,[10  2],5,-1,21,-1,5
1,<environment.Job instance at 0x7f7cbf405640>,0,13,[ 4 12],1,-1,14,-1,1
1,<environment.Job instance at 0x7f7cbf405190>,1,24,[10  5],2,-1,26,-1,2
1,<environment.Job instance at 0x7f7cbf405dc0>,2,26,[ 2 14],3,-1,29,-1,3
1,<environment.Job instance at 0x7f7cbf3d8c30>,6,20,[ 3 11],7,-1,27,-1,7
1,<environment.Job instance at 0x7f7cbf3d8780>,7,14,[ 2 12],8,-1,22,-1,8
1,<environment.Job instance at 0x7f7cbf3d8be0>,8,15,[12  3],9,-1,24,-1,9
1,<environment.Job instance at 0x7f7cbf3d8410>,9,18,[14  2],10,-1,28,-1,10
1,<environment.Job instance at 0x7f7cbf3d8d70>,10,15,[12  5],11,-1,26,-1,11
1,<environment.Job instance at 0x7f7cbf3d89b0>,13,23,[5 9],14,-1,41,-1,18
1,<environment.Job instance at 0x7f7cbf3d8500>,16,24,[ 2 13],17,-1,42,-1,18
1,<environment.Job instance at 0x7f7cbf3d82d0>,17,12,[13  4],18,-1,30,-1,18
1,<environment.Job instance at 0x7f7cbf3d88c0>,18,13,[ 1 11],19,-1,32,-1,19
1,<environment.Job instance at 0x7f7cbf3d8dc0>,19,25,[ 5 11],20,-1,45,-1,20
1,<environment.Job instance at 0x7f7cbf3d8550>,21,23,[ 1 13],22,-1,45,-1,22
1,<environment.Job instance at 0x7f7cbf3d8140>,22,28,[8 4],23,-1,58,-1,30
1,<environment.Job instance at 0x7f7cbf3d84b0>,23,27,[ 3 12],24,-1,57,-1,30
1,<environment.Job instance at 0x7f7cbf3d8eb0>,24,14,[ 2 14],25,-1,44,-1,30
1,<environment.Job instance at 0x7f7cbf3d8f00>,25,15,[11  1],26,-1,45,-1,30
1,<environment.Job instance at 0x7f7cbef55e10>,29,23,[ 4 10],30,-1,70,-1,47
1,<environment.Job instance at 0x7f7cbef555f0>,31,24,[1 6],32,-1,71,-1,47
1,<environment.Job instance at 0x7f7cbef552d0>,32,16,[ 3 11],33,-1,63,-1,47
1,<environment.Job instance at 0x7f7cbef55d20>,34,23,[14  4],35,-1,70,-1,47
1,<environment.Job instance at 0x7f7cbef55230>,35,16,[14  4],36,-1,63,-1,47
1,<environment.Job instance at 0x7f7cbef55eb0>,36,26,[ 1 10],37,-1,88,-1,62
1,<environment.Job instance at 0x7f7cbeb3cb90>,38,24,[ 4 11],39,-1,86,-1,62
1,<environment.Job instance at 0x7f7cc83258c0>,39,28,[1 7],40,-1,90,-1,62
1,<environment.Job instance at 0x7f7cbe7b0fa0>,41,18,[13  2],42,-1,80,-1,62
1,<environment.Job instance at 0x7f7cbe78edc0>,42,24,[14  4],43,-1,86,-1,62
1,<environment.Job instance at 0x7f7cbe0f2050>,43,25,[2 8],44,-1,102,-1,77
1,<environment.Job instance at 0x7f7cbf0fe0f0>,46,27,[13  4],47,-1,104,-1,77
1,<environment.Job instance at 0x7f7cbede5f00>,48,25,[ 1 12],49,-1,111,-1,86
1,<environment.Job instance at 0x7f7cbedd8f00>,50,27,[ 2 13],51,-1,119,-1,92
1,<environment.Job instance at 0x7f7cbedd86e0>,51,20,[14  5],52,-1,112,-1,92
1,<environment.Job instance at 0x7f7cbedd8230>,52,25,[ 3 12],53,-1,117,-1,92
1,<environment.Job instance at 0x7f7cbea01eb0>,53,14,[13  1],54,-1,106,-1,92
1,<environment.Job instance at 0x7f7cbe0e20a0>,54,15,[12  1],55,-1,107,-1,92
1,<environment.Job instance at 0x7f7cbe809a00>,55,13,[ 2 12],56,-1,105,-1,92
1,<environment.Job instance at 0x7f7cbedd8780>,56,12,[14  2],57,-1,104,-1,92
1,<environment.Job instance at 0x7f7cbe809a50>,57,28,[7 1],58,-1,128,-1,100
1,<environment.Job instance at 0x7f7cbe829fa0>,58,18,[ 3 13],59,-1,118,-1,100
1,<environment.Job instance at 0x7f7cbe829eb0>,60,17,[13  4],61,-1,117,-1,100
1,<environment.Job instance at 0x7f7cbedfd6e0>,61,27,[6 2],62,-1,127,-1,100
1,<environment.Job instance at 0x7f7cbedfd050>,64,16,[ 2 11],65,-1,123,-1,107
1,<environment.Job instance at 0x7f7cbe808230>,65,27,[ 5 12],66,-1,134,-1,107
1,<environment.Job instance at 0x7f7cbe808320>,66,17,[ 4 13],67,-1,124,-1,107
1,<environment.Job instance at 0x7f7cbe808280>,67,28,[9 4],68,-1,141,-1,113
1,<environment.Job instance at 0x7f7cbe808c80>,68,25,[ 1 12],69,-1,138,-1,113
1,<environment.Job instance at 0x7f7cbe808dc0>,69,28,[2 9],70,-1,148,-1,120
1,<environment.Job instance at 0x7f7cbe82f3c0>,71,14,[14  3],72,-1,134,-1,120
1,<environment.Job instance at 0x7f7cbe82fdc0>,72,15,[ 3 11],73,-1,135,-1,120
1,<environment.Job instance at 0x7f7cbe79f640>,73,20,[ 4 12],74,-1,140,-1,120
1,<environment.Job instance at 0x7f7cbe79f870>,74,28,[ 5 14],75,-1,148,-1,120
1,<environment.Job instance at 0x7f7cbe835cd0>,75,17,[ 3 14],76,-1,137,-1,120
1,<environment.Job instance at 0x7f7cbe835c80>,76,27,[ 3 10],77,-1,147,-1,120
1,<environment.Job instance at 0x7f7cbe800280>,81,27,[6 4],82,-1,170,-1,143
1,<environment.Job instance at 0x7f7cbe8002d0>,83,25,[2 8],84,-1,168,-1,143
1,<environment.Job instance at 0x7f7cbf20e6e0>,0,21,[5 3],1,-1,22,-1,1
1,<environment.Job instance at 0x7f7cbf20e5f0>,6,21,[ 4 14],7,-1,45,-1,24
1,<environment.Job instance at 0x7f7cbf20e730>,10,25,[ 2 11],11,-1,49,-1,24
1,<environment.Job instance at 0x7f7cbf20e410>,5,17,[8 3],6,-1,41,-1,24
1,<environment.Job instance at 0x7f7cbf20eeb0>,16,20,[ 4 11],17,-1,44,-1,24
1,<environment.Job instance at 0x7f7cd0cbc3c0>,1,24,[ 4 12],2,-1,26,-1,2
1,<environment.Job instance at 0x7f7cc83e90f0>,2,12,[14  4],3,-1,15,-1,3
1,<environment.Job instance at 0x7f7cbe979a00>,3,28,[5 5],4,-1,32,-1,4
1,<environment.Job instance at 0x7f7cbe856e10>,4,18,[12  3],5,-1,23,-1,5
1,<environment.Job instance at 0x7f7cbe155140>,6,21,[ 4 14],7,-1,28,-1,7
1,<environment.Job instance at 0x7f7cbe149690>,8,25,[1 7],9,-1,34,-1,9
1,<environment.Job instance at 0x7f7cbe149fa0>,10,25,[ 2 11],11,-1,36,-1,11
1,<environment.Job instance at 0x7f7cbf532eb0>,11,26,[1 9],12,-1,38,-1,12
1,<environment.Job instance at 0x7f7cbf532550>,13,21,[12  3],14,-1,35,-1,14
1,<environment.Job instance at 0x7f7cbf532c80>,14,28,[11  3],15,-1,43,-1,15
1,<environment.Job instance at 0x7f7cbf532910>,16,20,[ 4 11],17,-1,37,-1,17
1,<environment.Job instance at 0x7f7cbe142af0>,17,27,[ 3 13],18,-1,45,-1,18
1,<environment.Job instance at 0x7f7cbe156dc0>,18,22,[ 2 11],19,-1,41,-1,19
1,<environment.Job instance at 0x7f7cbe142910>,19,24,[ 2 13],20,-1,44,-1,20
1,<environment.Job instance at 0x7f7cbf532fa0>,12,28,[9 3],13,-1,51,-1,23
1,<environment.Job instance at 0x7f7cbf53f460>,24,15,[ 3 12],25,-1,40,-1,25
1,<environment.Job instance at 0x7f7cbf525690>,27,20,[14  4],28,-1,51,-1,31
1,<environment.Job instance at 0x7f7cbf525f00>,28,22,[ 1 14],29,-1,53,-1,31
1,<environment.Job instance at 0x7f7cbf52eaf0>,30,12,[11  1],31,-1,47,-1,35
1,<environment.Job instance at 0x7f7cbf52eb90>,31,27,[4 9],32,-1,71,-1,44
1,<environment.Job instance at 0x7f7cbf54fe60>,32,16,[ 4 13],33,-1,60,-1,44
1,<environment.Job instance at 0x7f7cbf52ebe0>,29,26,[4 8],30,-1,70,-1,44
1,<environment.Job instance at 0x7f7cbf54f050>,34,16,[14  2],35,-1,60,-1,44
1,<environment.Job instance at 0x7f7cbf548370>,35,12,[14  2],36,-1,56,-1,44
1,<environment.Job instance at 0x7f7cbf548f50>,36,27,[ 4 11],37,-1,71,-1,44
1,<environment.Job instance at 0x7f7cbf548460>,38,24,[ 5 11],39,-1,68,-1,44
1,<environment.Job instance at 0x7f7cbe5e4370>,39,27,[ 1 12],40,-1,71,-1,44
1,<environment.Job instance at 0x7f7cbe5e43c0>,40,23,[11  1],41,-1,67,-1,44
1,<environment.Job instance at 0x7f7cbe5d0fa0>,44,26,[1 5],45,-1,87,-1,61
1,<environment.Job instance at 0x7f7cbe5d0820>,45,12,[12  5],46,-1,73,-1,61
1,<environment.Job instance at 0x7f7cbe5fa280>,46,26,[ 4 12],47,-1,87,-1,61
1,<environment.Job instance at 0x7f7cbe5facd0>,50,16,[ 3 14],51,-1,86,-1,70
1,<environment.Job instance at 0x7f7cbe5f51e0>,51,17,[12  1],52,-1,87,-1,70
1,<environment.Job instance at 0x7f7cbe5f5e10>,54,28,[6 2],55,-1,105,-1,77
1,<environment.Job instance at 0x7f7cbe5f5dc0>,55,22,[ 1 12],56,-1,99,-1,77
1,<environment.Job instance at 0x7f7cbe5f54b0>,57,14,[11  2],58,-1,91,-1,77
1,<environment.Job instance at 0x7f7cbe5f55a0>,58,24,[7 2],59,-1,108,-1,84
1,<environment.Job instance at 0x7f7cbf53b410>,60,19,[ 5 14],61,-1,103,-1,84
1,<environment.Job instance at 0x7f7cbf53bc30>,59,23,[3 8],60,-1,117,-1,94
1,<environment.Job instance at 0x7f7cbf53b550>,62,26,[ 1 13],63,-1,120,-1,94
1,<environment.Job instance at 0x7f7cbf53bb90>,65,14,[ 3 13],66,-1,112,-1,98
1,<environment.Job instance at 0x7f7cbf53be10>,66,16,[ 5 13],67,-1,114,-1,98
1,<environment.Job instance at 0x7f7cbe5beb90>,68,28,[14  2],69,-1,127,-1,99
1,<environment.Job instance at 0x7f7cbeb902d0>,70,23,[6 4],71,-1,136,-1,113
1,<environment.Job instance at 0x7f7cbf51f960>,72,20,[ 1 11],73,-1,133,-1,113
1,<environment.Job instance at 0x7f7cbef2ee10>,74,18,[ 5 13],75,-1,131,-1,113
1,<environment.Job instance at 0x7f7cbee36dc0>,75,14,[12  2],76,-1,127,-1,113
1,<environment.Job instance at 0x7f7cbee4c0f0>,77,28,[1 5],78,-1,158,-1,130
1,<environment.Job instance at 0x7f7cbef41be0>,78,21,[14  5],79,-1,151,-1,130
1,<environment.Job instance at 0x7f7cbee4ca50>,79,25,[8 1],80,-1,155,-1,130
1,<environment.Job instance at 0x7f7cbebbe780>,81,12,[12  3],82,-1,142,-1,130
1,<environment.Job instance at 0x7f7cbecaafa0>,3,22,[10  4],4,-1,31,-1,9
1,<environment.Job instance at 0x7f7cbec94e60>,9,17,[3 5],10,-1,33,-1,16
1,<environment.Job instance at 0x7f7cbe856fa0>,0,27,[ 2 12],1,-1,28,-1,1
1,<environment.Job instance at 0x7f7cbe856e10>,2,12,[11  1],3,-1,15,-1,3
1,<environment.Job instance at 0x7f7cd0cbc3c0>,5,19,[ 3 11],6,-1,25,-1,6
1,<environment.Job instance at 0x7f7cbecaa190>,6,25,[ 1 14],7,-1,32,-1,7
1,<environment.Job instance at 0x7f7cbecaa4b0>,8,26,[14  4],9,-1,35,-1,9
1,<environment.Job instance at 0x7f7cbf539910>,10,23,[ 1 11],11,-1,34,-1,11
1,<environment.Job instance at 0x7f7cbecaa960>,7,24,[8 2],8,-1,50,-1,26
1,<environment.Job instance at 0x7f7cbf53a410>,14,24,[4 7],15,-1,50,-1,26
1,<environment.Job instance at 0x7f7cbf53ad20>,15,22,[ 4 14],16,-1,48,-1,26
1,<environment.Job instance at 0x7f7cbf53aa00>,16,21,[13  5],17,-1,47,-1,26
1,<environment.Job instance at 0x7f7cbf539050>,12,23,[8 1],13,-1,49,-1,26
1,<environment.Job instance at 0x7f7cbf53ae10>,21,27,[ 3 13],22,-1,56,-1,29
1,<environment.Job instance at 0x7f7cbf53a690>,22,27,[4 8],23,-1,56,-1,29
1,<environment.Job instance at 0x7f7cbf53a910>,23,17,[ 2 12],24,-1,46,-1,29
1,<environment.Job instance at 0x7f7cbf53a0a0>,25,15,[12  3],26,-1,44,-1,29
1,<environment.Job instance at 0x7f7cbe867870>,31,28,[1 7],32,-1,82,-1,54
1,<environment.Job instance at 0x7f7cbe867910>,33,14,[ 1 13],34,-1,68,-1,54
1,<environment.Job instance at 0x7f7cbe8671e0>,30,27,[10  3],31,-1,85,-1,58
1,<environment.Job instance at 0x7f7cbe867e60>,35,13,[13  5],36,-1,71,-1,58
1,<environment.Job instance at 0x7f7cbe867fa0>,36,21,[12  1],37,-1,79,-1,58
1,<environment.Job instance at 0x7f7cbe8673c0>,38,24,[ 2 12],39,-1,82,-1,58
1,<environment.Job instance at 0x7f7cbe867c80>,39,23,[3 9],40,-1,91,-1,68
1,<environment.Job instance at 0x7f7cbed792d0>,40,17,[ 5 14],41,-1,85,-1,68
1,<environment.Job instance at 0x7f7cbed79a50>,42,23,[ 5 13],43,-1,91,-1,68
1,<environment.Job instance at 0x7f7cbed79050>,43,15,[ 3 13],44,-1,83,-1,68
1,<environment.Job instance at 0x7f7cbe8670a0>,34,23,[3 9],35,-1,91,-1,68
1,<environment.Job instance at 0x7f7cbed79af0>,45,26,[5 8],46,-1,94,-1,68
1,<environment.Job instance at 0x7f7cbed79e60>,46,26,[ 4 13],47,-1,94,-1,68
1,<environment.Job instance at 0x7f7cbed795f0>,47,26,[5 1],48,-1,94,-1,68
1,<environment.Job instance at 0x7f7cbed790a0>,50,14,[12  2],51,-1,86,-1,72
1,<environment.Job instance at 0x7f7cbed79780>,52,27,[ 5 14],53,-1,110,-1,83
1,<environment.Job instance at 0x7f7cbed79640>,53,23,[11  1],54,-1,106,-1,83
1,<environment.Job instance at 0x7f7cbed798c0>,58,13,[ 4 13],59,-1,132,-1,119
1,<environment.Job instance at 0x7f7cbe874960>,60,14,[13  5],61,-1,144,-1,130
1,<environment.Job instance at 0x7f7cbe874820>,61,18,[12  5],62,-1,148,-1,130
1,<environment.Job instance at 0x7f7cbe874a50>,63,14,[ 1 14],64,-1,151,-1,137
1,<environment.Job instance at 0x7f7cbe874b40>,64,12,[ 1 13],65,-1,149,-1,137
1,<environment.Job instance at 0x7f7cbe874d20>,65,12,[ 4 12],66,-1,149,-1,137
1,<environment.Job instance at 0x7f7cbe874190>,66,20,[ 4 11],67,-1,157,-1,137
1,<environment.Job instance at 0x7f7cbe874e60>,67,13,[12  4],68,-1,150,-1,137
1,<environment.Job instance at 0x7f7cbe874f00>,68,23,[ 4 13],69,-1,160,-1,137
1,<environment.Job instance at 0x7f7cbe874870>,69,19,[11  3],70,-1,156,-1,137
1,<environment.Job instance at 0x7f7cbe159a50>,3,24,[7 1],4,-1,29,-1,5
1,<environment.Job instance at 0x7f7cbe1597d0>,5,17,[3 5],6,-1,23,-1,6
1,<environment.Job instance at 0x7f7cbe159190>,6,17,[5 8],7,-1,24,-1,7
1,<environment.Job instance at 0x7f7cbe159140>,12,17,[11  1],13,-1,38,-1,21
1,<environment.Job instance at 0x7f7cbe159c80>,18,13,[10  1],19,-1,34,-1,21
1,<environment.Job instance at 0x7f7cbebfc0f0>,21,27,[10  4],22,-1,84,-1,57
1,<environment.Job instance at 0x7f7cbee9e7d0>,0,13,[14  4],1,-1,14,-1,1
1,<environment.Job instance at 0x7f7cbee9ea00>,2,16,[ 2 13],3,-1,19,-1,3
1,<environment.Job instance at 0x7f7cbee9e780>,3,24,[7 1],4,-1,28,-1,4
1,<environment.Job instance at 0x7f7cbee9e370>,7,14,[13  5],8,-1,22,-1,8
1,<environment.Job instance at 0x7f7cbee9bdc0>,8,27,[ 4 13],9,-1,36,-1,9
1,<environment.Job instance at 0x7f7cbee9e410>,10,18,[ 2 13],11,-1,29,-1,11
1,<environment.Job instance at 0x7f7cbee9b3c0>,12,17,[11  1],13,-1,30,-1,13
1,<environment.Job instance at 0x7f7cbee9bcd0>,13,13,[12  1],14,-1,27,-1,14
1,<environment.Job instance at 0x7f7cbee9bb40>,17,23,[ 1 14],18,-1,41,-1,18
1,<environment.Job instance at 0x7f7cbee9b4b0>,19,23,[12  5],20,-1,46,-1,23
1,<environment.Job instance at 0x7f7cbee9be10>,20,13,[12  1],21,-1,36,-1,23
1,<environment.Job instance at 0x7f7cbee9ba50>,22,28,[ 4 14],23,-1,58,-1,30
1,<environment.Job instance at 0x7f7cbee9b460>,23,23,[ 2 11],24,-1,53,-1,30
1,<environment.Job instance at 0x7f7cbee9b5a0>,26,23,[10  5],27,-1,67,-1,44
1,<environment.Job instance at 0x7f7cbee9b550>,27,25,[14  5],28,-1,69,-1,44
1,<environment.Job instance at 0x7f7cbee9b2d0>,21,27,[10  4],22,-1,71,-1,44
1,<environment.Job instance at 0x7f7cbeea74b0>,29,16,[ 4 11],30,-1,60,-1,44
1,<environment.Job instance at 0x7f7cbeea73c0>,31,14,[13  4],32,-1,58,-1,44
1,<environment.Job instance at 0x7f7cbee9bd70>,24,27,[3 8],25,-1,74,-1,47
1,<environment.Job instance at 0x7f7cbeea7370>,35,24,[11  5],36,-1,71,-1,47
1,<environment.Job instance at 0x7f7cbeea7190>,36,27,[8 3],37,-1,74,-1,47
1,<environment.Job instance at 0x7f7cbeea75f0>,37,28,[13  3],38,-1,75,-1,47
1,<environment.Job instance at 0x7f7cbeea75a0>,38,26,[ 4 11],39,-1,73,-1,47
1,<environment.Job instance at 0x7f7cbeea7730>,39,19,[12  4],40,-1,66,-1,47
1,<environment.Job instance at 0x7f7cbeea7a50>,40,12,[ 5 13],41,-1,59,-1,47
1,<environment.Job instance at 0x7f7cbeea7050>,41,18,[12  2],42,-1,65,-1,47
1,<environment.Job instance at 0x7f7cbeea7af0>,28,23,[4 9],29,-1,70,-1,47
1,<environment.Job instance at 0x7f7cbe8740a0>,43,23,[11  5],44,-1,70,-1,47
1,<environment.Job instance at 0x7f7cbe8743c0>,44,22,[11  1],45,-1,69,-1,47
1,<environment.Job instance at 0x7f7cbee9bb90>,14,27,[ 2 10],15,-1,74,-1,47
1,<environment.Job instance at 0x7f7cbe874e60>,46,16,[ 1 13],47,-1,63,-1,47
1,<environment.Job instance at 0x7f7cbe874b40>,47,18,[ 3 13],48,-1,66,-1,48
1,<environment.Job instance at 0x7f7cbe874dc0>,48,28,[13  1],49,-1,77,-1,49
1,<environment.Job instance at 0x7f7cbe8748c0>,49,27,[ 2 14],50,-1,77,-1,50
1,<environment.Job instance at 0x7f7cbe874820>,50,27,[ 3 13],51,-1,78,-1,51
1,<environment.Job instance at 0x7f7cbe874960>,51,15,[13  2],52,-1,67,-1,52
1,<environment.Job instance at 0x7f7cbe874cd0>,53,19,[ 5 12],54,-1,73,-1,54
1,<environment.Job instance at 0x7f7cbe874050>,55,12,[11  3],56,-1,68,-1,56
1,<environment.Job instance at 0x7f7cbf53ae10>,56,27,[13  3],57,-1,84,-1,57
1,<environment.Job instance at 0x7f7cbf53a0a0>,54,28,[8 4],55,-1,88,-1,60
1,<environment.Job instance at 0x7f7cbe874aa0>,45,24,[9 2],46,-1,84,-1,60
1,<environment.Job instance at 0x7f7cbf53a6e0>,59,16,[ 3 11],60,-1,76,-1,60
1,<environment.Job instance at 0x7f7cbf53afa0>,57,23,[4 7],58,-1,83,-1,60
1,<environment.Job instance at 0x7f7cbf53a8c0>,60,15,[ 3 13],61,-1,80,-1,65
1,<environment.Job instance at 0x7f7cbf53aa00>,61,12,[ 1 11],62,-1,77,-1,65
1,<environment.Job instance at 0x7f7cbf53a910>,62,23,[ 5 11],63,-1,88,-1,65
1,<environment.Job instance at 0x7f7cbf53ad20>,64,23,[ 4 14],65,-1,97,-1,74
1,<environment.Job instance at 0x7f7cbf53a9b0>,65,26,[1 5],66,-1,100,-1,74
1,<environment.Job instance at 0x7f7cbf53a730>,66,16,[12  3],67,-1,90,-1,74
1,<environment.Job instance at 0x7f7cbf539320>,68,12,[ 5 12],69,-1,86,-1,74
1,<environment.Job instance at 0x7f7cbf539fa0>,69,16,[ 1 14],70,-1,90,-1,74
1,<environment.Job instance at 0x7f7cbf539690>,71,21,[12  5],72,-1,102,-1,81
1,<environment.Job instance at 0x7f7cbf539230>,73,14,[ 5 13],74,-1,95,-1,81
1,<environment.Job instance at 0x7f7cbecaa190>,74,21,[ 4 12],75,-1,102,-1,81
1,<environment.Job instance at 0x7f7cbf5391e0>,75,22,[13  4],76,-1,103,-1,81
1,<environment.Job instance at 0x7f7cbec94fa0>,76,13,[11  4],77,-1,94,-1,81
1,<environment.Job instance at 0x7f7cc83258c0>,77,22,[12  3],78,-1,103,-1,81
1,<environment.Job instance at 0x7f7cc81f7f50>,78,25,[14  2],79,-1,106,-1,81
1,<environment.Job instance at 0x7f7cbecaaaf0>,79,22,[ 1 11],80,-1,103,-1,81
1,<environment.Job instance at 0x7f7cbe50c3c0>,83,27,[12  1],84,-1,120,-1,93
1,<environment.Job instance at 0x7f7cbe856500>,84,26,[14  5],85,-1,119,-1,93
1,<environment.Job instance at 0x7f7cbdeac460>,85,12,[ 4 12],86,-1,105,-1,93
1,<environment.Job instance at 0x7f7cbe4870a0>,86,24,[ 4 10],87,-1,129,-1,105
1,<environment.Job instance at 0x7f7cbef92550>,87,18,[13  3],88,-1,123,-1,105
1,<environment.Job instance at 0x7f7cbf6a7cd0>,90,23,[6 2],91,-1,133,-1,110
1,<environment.Job instance at 0x7f7cbe145910>,92,16,[ 1 11],93,-1,126,-1,110
1,<environment.Job instance at 0x7f7cbee1f140>,93,12,[ 4 14],94,-1,122,-1,110
1,<environment.Job instance at 0x7f7cbee1f550>,94,12,[11  4],95,-1,122,-1,110
1,<environment.Job instance at 0x7f7cbe59bc30>,96,23,[12  5],97,-1,133,-1,110
1,<environment.Job instance at 0x7f7cbe59bd70>,97,24,[ 5 14],98,-1,134,-1,110
1,<environment.Job instance at 0x7f7cbe59b820>,99,13,[ 3 13],100,-1,131,-1,118
1,<environment.Job instance at 0x7f7cbe59b6e0>,100,13,[12  3],101,-1,131,-1,118
1,<environment.Job instance at 0x7f7cbe59b5a0>,101,12,[ 5 11],102,-1,130,-1,118
1,<environment.Job instance at 0x7f7cbe59b320>,95,25,[9 2],96,-1,163,-1,138
1,<environment.Job instance at 0x7f7cbe867fa0>,104,13,[ 3 14],105,-1,151,-1,138
1,<environment.Job instance at 0x7f7cbe867eb0>,105,23,[4 8],106,-1,169,-1,146
1,<environment.Job instance at 0x7f7cbecb8d20>,2,20,[4 7],3,-1,23,-1,3
1,<environment.Job instance at 0x7f7cbf5c5370>,3,21,[13  2],4,-1,25,-1,4
1,<environment.Job instance at 0x7f7cbf319c30>,5,23,[11  5],6,-1,29,-1,6
1,<environment.Job instance at 0x7f7cbe8c18c0>,6,18,[ 5 13],7,-1,25,-1,7
1,<environment.Job instance at 0x7f7cbf3591e0>,10,16,[13  2],11,-1,29,-1,13
1,<environment.Job instance at 0x7f7cbe8c0b90>,7,28,[7 3],8,-1,41,-1,13
1,<environment.Job instance at 0x7f7cbf1b9460>,14,28,[13  5],15,-1,43,-1,15
1,<environment.Job instance at 0x7f7cbdff5370>,15,23,[9 3],16,-1,40,-1,17
1,<environment.Job instance at 0x7f7cbe851eb0>,16,23,[8 1],17,-1,40,-1,17
1,<environment.Job instance at 0x7f7cbe3e3dc0>,8,25,[4 8],9,-1,42,-1,17
1,<environment.Job instance at 0x7f7cbe850a00>,17,21,[13  4],18,-1,39,-1,18
1,<environment.Job instance at 0x7f7cbf1ce2d0>,20,21,[ 3 13],21,-1,42,-1,21
1,<environment.Job instance at 0x7f7cbe84c7d0>,21,18,[13  1],22,-1,40,-1,22
1,<environment.Job instance at 0x7f7cbe84caa0>,22,13,[ 4 12],23,-1,36,-1,23
1,<environment.Job instance at 0x7f7cbe3d9460>,18,23,[4 8],19,-1,58,-1,35
1,<environment.Job instance at 0x7f7cbf248870>,25,23,[ 1 13],26,-1,58,-1,35
1,<environment.Job instance at 0x7f7cbe8531e0>,26,15,[14  3],27,-1,50,-1,35
1,<environment.Job instance at 0x7f7cbdfce5a0>,27,20,[ 2 11],28,-1,55,-1,35
1,<environment.Job instance at 0x7f7cbf248730>,28,17,[ 3 12],29,-1,52,-1,35
1,<environment.Job instance at 0x7f7cbe84c640>,24,25,[3 8],25,-1,60,-1,35
1,<environment.Job instance at 0x7f7cbf249b90>,30,14,[12  2],31,-1,49,-1,35
1,<environment.Job instance at 0x7f7cbf249aa0>,32,19,[ 2 14],33,-1,54,-1,35
1,<environment.Job instance at 0x7f7cbf2614b0>,33,15,[12  5],34,-1,50,-1,35
1,<environment.Job instance at 0x7f7cbe590b90>,35,28,[ 3 12],36,-1,64,-1,36
1,<environment.Job instance at 0x7f7cbf261be0>,34,25,[2 6],35,-1,65,-1,40
1,<environment.Job instance at 0x7f7cbe590a00>,39,12,[11  1],40,-1,60,-1,48
1,<environment.Job instance at 0x7f7cbeb5ed20>,40,15,[13  5],41,-1,63,-1,48
1,<environment.Job instance at 0x7f7cbe590dc0>,36,26,[8 1],37,-1,78,-1,52
1,<environment.Job instance at 0x7f7cbf248190>,23,25,[3 9],24,-1,77,-1,52
1,<environment.Job instance at 0x7f7cbdfe8a50>,46,22,[12  5],47,-1,74,-1,52
1,<environment.Job instance at 0x7f7cbdfcb640>,48,16,[ 1 12],49,-1,80,-1,64
1,<environment.Job instance at 0x7f7cbdfe8730>,49,18,[ 4 12],50,-1,82,-1,64
1,<environment.Job instance at 0x7f7cbdfcb870>,50,24,[13  1],51,-1,88,-1,64
1,<environment.Job instance at 0x7f7cbdfcb460>,51,12,[ 2 14],52,-1,76,-1,64
1,<environment.Job instance at 0x7f7cbdfcbc30>,52,18,[ 2 13],53,-1,82,-1,64
1,<environment.Job instance at 0x7f7cbdfcbcd0>,54,22,[ 2 12],55,-1,91,-1,69
1,<environment.Job instance at 0x7f7cbf240b40>,55,12,[14  4],56,-1,81,-1,69
1,<environment.Job instance at 0x7f7cbf2408c0>,56,20,[13  3],57,-1,89,-1,69
1,<environment.Job instance at 0x7f7cbf240b90>,57,14,[12  3],58,-1,83,-1,69
1,<environment.Job instance at 0x7f7cbeb53aa0>,58,23,[10  4],59,-1,92,-1,69
1,<environment.Job instance at 0x7f7cbf22e910>,61,24,[4 7],62,-1,100,-1,76
1,<environment.Job instance at 0x7f7cbf22e2d0>,62,28,[ 4 12],63,-1,104,-1,76
1,<environment.Job instance at 0x7f7cbeb5ad20>,64,13,[ 2 12],65,-1,90,-1,77
1,<environment.Job instance at 0x7f7cbeb5ac80>,65,21,[12  5],66,-1,98,-1,77
1,<environment.Job instance at 0x7f7cbf22e550>,66,22,[ 1 11],67,-1,99,-1,77
1,<environment.Job instance at 0x7f7cbf1c9eb0>,70,16,[ 4 11],71,-1,106,-1,90
1,<environment.Job instance at 0x7f7cbeb77af0>,68,26,[5 3],69,-1,119,-1,93
1,<environment.Job instance at 0x7f7cbeb5d1e0>,73,24,[ 4 14],74,-1,117,-1,93
1,<environment.Job instance at 0x7f7cbeb5dd70>,74,21,[14  4],75,-1,114,-1,93
1,<environment.Job instance at 0x7f7cbeb5d7d0>,75,23,[2 6],76,-1,125,-1,102
1,<environment.Job instance at 0x7f7cbeb5de10>,76,21,[14  2],77,-1,123,-1,102
1,<environment.Job instance at 0x7f7cbeb5ddc0>,77,15,[ 3 13],78,-1,117,-1,102
1,<environment.Job instance at 0x7f7cbf25d410>,78,24,[ 5 11],79,-1,126,-1,102
1,<environment.Job instance at 0x7f7cbf25d5f0>,79,13,[ 2 13],80,-1,115,-1,102
1,<environment.Job instance at 0x7f7cbe287460>,81,26,[4 9],82,-1,135,-1,109
1,<environment.Job instance at 0x7f7cbf25df00>,84,15,[ 1 13],85,-1,130,-1,115
1,<environment.Job instance at 0x7f7cbeb43960>,85,23,[3 8],86,-1,138,-1,115
1,<environment.Job instance at 0x7f7cbeb43910>,86,12,[ 2 12],87,-1,127,-1,115
1,<environment.Job instance at 0x7f7cbeb438c0>,87,21,[ 3 11],88,-1,136,-1,115
1,<environment.Job instance at 0x7f7cbf2428c0>,88,24,[11  3],89,-1,139,-1,115
1,<environment.Job instance at 0x7f7cbf23e410>,91,19,[12  4],92,-1,147,-1,128
1,<environment.Job instance at 0x7f7cbf23e4b0>,92,23,[ 3 14],93,-1,151,-1,128
1,<environment.Job instance at 0x7f7cbf23e5a0>,93,22,[ 1 13],94,-1,150,-1,128
1,<environment.Job instance at 0x7f7cbeb72aa0>,95,15,[12  4],96,-1,146,-1,131
1,<environment.Job instance at 0x7f7cbeb72960>,97,16,[12  1],98,-1,158,-1,142
1,<environment.Job instance at 0x7f7cbf263780>,98,28,[13  2],99,-1,170,-1,142
1,<environment.Job instance at 0x7f7cbf263230>,100,19,[ 5 12],101,-1,164,-1,145
1,<environment.Job instance at 0x7f7cbe36e640>,0,17,[13  4],1,-1,18,-1,1
1,<environment.Job instance at 0x7f7cbe3695a0>,1,13,[ 4 13],2,-1,15,-1,2
1,<environment.Job instance at 0x7f7cbe377c80>,2,17,[ 1 13],3,-1,20,-1,3
1,<environment.Job instance at 0x7f7cbe340820>,4,27,[ 3 10],5,-1,32,-1,5
1,<environment.Job instance at 0x7f7cbe340960>,5,17,[ 4 11],6,-1,23,-1,6
1,<environment.Job instance at 0x7f7cbe342c80>,6,28,[4 5],7,-1,35,-1,7
1,<environment.Job instance at 0x7f7cbe342c30>,7,14,[11  1],8,-1,22,-1,8
1,<environment.Job instance at 0x7f7cbe342dc0>,8,12,[ 3 12],9,-1,21,-1,9
1,<environment.Job instance at 0x7f7cbeb46c30>,10,19,[ 5 14],11,-1,30,-1,11
1,<environment.Job instance at 0x7f7cbeb463c0>,12,22,[14  4],13,-1,35,-1,13
1,<environment.Job instance at 0x7f7cbeb3de10>,15,26,[13  2],16,-1,42,-1,16
1,<environment.Job instance at 0x7f7cbeb3d410>,16,16,[13  5],17,-1,33,-1,17
1,<environment.Job instance at 0x7f7cbeb3b780>,19,20,[12  3],20,-1,40,-1,20
1,<environment.Job instance at 0x7f7cbeb3d500>,13,25,[4 6],14,-1,49,-1,24
1,<environment.Job instance at 0x7f7cbeb3b690>,21,27,[13  4],22,-1,51,-1,24
1,<environment.Job instance at 0x7f7cbe350050>,23,28,[12  5],24,-1,52,-1,24
1,<environment.Job instance at 0x7f7cbe350f00>,24,24,[1 9],25,-1,60,-1,36
1,<environment.Job instance at 0x7f7cbe350f50>,25,26,[5 7],26,-1,62,-1,36
1,<environment.Job instance at 0x7f7cbeb72af0>,27,24,[4 5],28,-1,60,-1,36
1,<environment.Job instance at 0x7f7cbf23e5f0>,29,19,[ 2 11],30,-1,55,-1,36
1,<environment.Job instance at 0x7f7cbf242500>,32,15,[ 1 13],33,-1,52,-1,37
1,<environment.Job instance at 0x7f7cbf242aa0>,33,25,[2 8],34,-1,76,-1,51
1,<environment.Job instance at 0x7f7cbe287460>,36,22,[14  1],37,-1,73,-1,51
1,<environment.Job instance at 0x7f7cbe287370>,38,18,[12  5],39,-1,69,-1,51
1,<environment.Job instance at 0x7f7cbf25d5f0>,39,16,[ 3 13],40,-1,67,-1,51
1,<environment.Job instance at 0x7f7cbf25d640>,41,15,[13  1],42,-1,69,-1,54
1,<environment.Job instance at 0x7f7cbf25d550>,42,19,[11  4],43,-1,73,-1,54
1,<environment.Job instance at 0x7f7cbeb5de10>,44,25,[3 9],45,-1,101,-1,76
1,<environment.Job instance at 0x7f7cbeb5d280>,47,27,[9 5],48,-1,103,-1,76
1,<environment.Job instance at 0x7f7cbf1c9820>,48,12,[ 5 13],49,-1,88,-1,76
1,<environment.Job instance at 0x7f7cbeb77550>,51,23,[12  2],52,-1,106,-1,83
1,<environment.Job instance at 0x7f7cbeb53af0>,53,23,[ 4 14],54,-1,111,-1,88
1,<environment.Job instance at 0x7f7cbeb5adc0>,54,25,[11  4],55,-1,113,-1,88
1,<environment.Job instance at 0x7f7cbdfcb5f0>,55,27,[11  1],56,-1,115,-1,88
1,<environment.Job instance at 0x7f7cbdfcbe10>,57,28,[1 7],58,-1,116,-1,88
1,<environment.Job instance at 0x7f7cbdfe8460>,61,25,[6 5],62,-1,131,-1,106
1,<environment.Job instance at 0x7f7cbdfe8b40>,62,25,[4 7],63,-1,131,-1,106
1,<environment.Job instance at 0x7f7cbdfe8a00>,63,23,[14  3],64,-1,129,-1,106
1,<environment.Job instance at 0x7f7cbdfe8230>,64,24,[ 1 14],65,-1,130,-1,106
1,<environment.Job instance at 0x7f7cbeb5e050>,65,28,[8 3],66,-1,134,-1,106
1,<environment.Job instance at 0x7f7cbe590fa0>,66,23,[5 1],67,-1,129,-1,106
1,<environment.Job instance at 0x7f7cbe590aa0>,67,24,[ 5 14],68,-1,130,-1,106
1,<environment.Job instance at 0x7f7cbe590d70>,68,26,[1 7],69,-1,132,-1,106
1,<environment.Job instance at 0x7f7cbe590c80>,70,18,[ 5 13],71,-1,124,-1,106
1,<environment.Job instance at 0x7f7cbf261780>,71,27,[5 5],72,-1,145,-1,118
1,<environment.Job instance at 0x7f7cbf2614b0>,72,15,[12  2],73,-1,133,-1,118
1,<environment.Job instance at 0x7f7cbf261be0>,73,27,[8 5],74,-1,145,-1,118
1,<environment.Job instance at 0x7f7cbdfce5a0>,74,15,[12  4],75,-1,133,-1,118
1,<environment.Job instance at 0x7f7cbe8531e0>,76,18,[ 1 13],77,-1,136,-1,118
1,<environment.Job instance at 0x7f7cbe850a00>,78,26,[5 4],79,-1,156,-1,130
1,<environment.Job instance at 0x7f7cbe84cbe0>,80,15,[13  3],81,-1,146,-1,131
1,<environment.Job instance at 0x7f7cbf1b9460>,82,17,[ 1 13],83,-1,152,-1,135
1,<environment.Job instance at 0x7f7cbe8e3640>,83,22,[13  3],84,-1,157,-1,135
1,<environment.Job instance at 0x7f7cbdfbb370>,85,18,[12  4],86,-1,166,-1,148
1,<environment.Job instance at 0x7f7cbe851190>,86,23,[13  5],87,-1,171,-1,148
1,<environment.Job instance at 0x7f7cbf374e60>,88,27,[12  2],89,-1,175,-1,148
1,<environment.Job instance at 0x7f7cbe5a8690>,90,25,[ 4 12],91,-1,174,-1,149
1,<environment.Job instance at 0x7f7cbf261320>,1,16,[10  1],2,-1,19,-1,3
1,<environment.Job instance at 0x7f7cbf056050>,3,28,[1 7],4,-1,32,-1,4
1,<environment.Job instance at 0x7f7cbf0560f0>,4,15,[3 5],5,-1,20,-1,5
1,<environment.Job instance at 0x7f7cbf056190>,5,14,[9 1],6,-1,20,-1,6
1,<environment.Job instance at 0x7f7cbf056230>,6,14,[4 7],7,-1,21,-1,7
1,<environment.Job instance at 0x7f7cbf056370>,8,27,[3 8],9,-1,36,-1,9
1,<environment.Job instance at 0x7f7cbf056550>,11,22,[6 3],12,-1,34,-1,12
1,<environment.Job instance at 0x7f7cbf056730>,14,25,[5 6],15,-1,42,-1,17
1,<environment.Job instance at 0x7f7cbf056960>,17,15,[10  5],18,-1,34,-1,19
1,<environment.Job instance at 0x7f7cbf5b13c0>,0,24,[3 8],1,-1,25,-1,1
1,<environment.Job instance at 0x7f7cbddf75f0>,7,28,[ 4 12],8,-1,36,-1,8
1,<environment.Job instance at 0x7f7cbddf7d70>,3,28,[1 7],4,-1,46,-1,18
1,<environment.Job instance at 0x7f7cbddf7f50>,9,16,[ 3 14],10,-1,34,-1,18
1,<environment.Job instance at 0x7f7cbddf70a0>,10,12,[13  2],11,-1,30,-1,18
1,<environment.Job instance at 0x7f7cbddf7460>,12,14,[14  2],13,-1,32,-1,18
1,<environment.Job instance at 0x7f7cbddf7e60>,14,25,[5 6],15,-1,45,-1,20
1,<environment.Job instance at 0x7f7cbe3e0500>,15,13,[13  4],16,-1,33,-1,20
1,<environment.Job instance at 0x7f7cbe3e0870>,16,26,[ 4 11],17,-1,46,-1,20
1,<environment.Job instance at 0x7f7cbddf7690>,8,27,[3 8],9,-1,47,-1,20
1,<environment.Job instance at 0x7f7cbe3e0820>,18,19,[11  2],19,-1,39,-1,20
1,<environment.Job instance at 0x7f7cbe3e0aa0>,19,16,[12  2],20,-1,36,-1,20
1,<environment.Job instance at 0x7f7cbe3e0fa0>,20,23,[13  5],21,-1,44,-1,21
1,<environment.Job instance at 0x7f7cbe3e0140>,22,19,[14  3],23,-1,51,-1,32
1,<environment.Job instance at 0x7f7cbe3e0e60>,23,26,[4 6],24,-1,58,-1,32
1,<environment.Job instance at 0x7f7cbe3e0320>,24,14,[13  4],25,-1,46,-1,32
1,<environment.Job instance at 0x7f7cbe3e0f50>,25,21,[12  5],26,-1,53,-1,32
1,<environment.Job instance at 0x7f7cbe3e0280>,26,12,[12  1],27,-1,44,-1,32
1,<environment.Job instance at 0x7f7cbe3e08c0>,27,16,[ 1 14],28,-1,48,-1,32
1,<environment.Job instance at 0x7f7cbe3e05f0>,28,21,[ 2 12],29,-1,53,-1,32
1,<environment.Job instance at 0x7f7cbe5a8aa0>,34,23,[13  2],35,-1,70,-1,47
1,<environment.Job instance at 0x7f7cbe5a8320>,35,27,[12  1],36,-1,74,-1,47
1,<environment.Job instance at 0x7f7cbe3e0230>,31,24,[7 2],32,-1,78,-1,54
1,<environment.Job instance at 0x7f7cbe5a80f0>,38,23,[ 1 12],39,-1,83,-1,60
1,<environment.Job instance at 0x7f7cbe5a81e0>,39,13,[ 3 12],40,-1,73,-1,60
1,<environment.Job instance at 0x7f7cbe5a85f0>,40,28,[ 1 13],41,-1,88,-1,60
1,<environment.Job instance at 0x7f7cbe5a8b90>,37,24,[3 8],38,-1,84,-1,60
1,<environment.Job instance at 0x7f7cbe5a8a00>,43,26,[ 4 13],44,-1,86,-1,60
1,<environment.Job instance at 0x7f7cbe5a8730>,44,24,[11  3],45,-1,84,-1,60
1,<environment.Job instance at 0x7f7cbe5a83c0>,45,24,[12  2],46,-1,84,-1,60
1,<environment.Job instance at 0x7f7cbf3591e0>,50,14,[ 1 13],51,-1,102,-1,88
1,<environment.Job instance at 0x7f7cbdfbb370>,51,22,[ 3 14],52,-1,110,-1,88
1,<environment.Job instance at 0x7f7cbf374e60>,53,23,[12  4],54,-1,114,-1,91
1,<environment.Job instance at 0x7f7cbe59abe0>,57,26,[4 5],58,-1,144,-1,118
1,<environment.Job instance at 0x7f7cbe8531e0>,61,16,[11  3],62,-1,139,-1,123
1,<environment.Job instance at 0x7f7cbdfce5a0>,62,22,[13  2],63,-1,145,-1,123
1,<environment.Job instance at 0x7f7cbe84cbe0>,63,15,[ 2 11],64,-1,138,-1,123
1,<environment.Job instance at 0x7f7cbf249b90>,65,17,[ 1 12],66,-1,149,-1,132
1,<environment.Job instance at 0x7f7cbe84c1e0>,64,27,[9 3],65,-1,168,-1,141
1,<environment.Job instance at 0x7f7cbf2497d0>,68,25,[5 6],69,-1,169,-1,144
1,<environment.Job instance at 0x7f7cbf06c7d0>,0,26,[8 2],1,-1,27,-1,1
1,<environment.Job instance at 0x7f7cbebec820>,1,25,[ 5 10],2,-1,27,-1,2
1,<environment.Job instance at 0x7f7cbebec3c0>,4,14,[ 5 11],5,-1,20,-1,6
1,<environment.Job instance at 0x7f7cbf5b1370>,5,17,[7 4],6,-1,23,-1,6
1,<environment.Job instance at 0x7f7cbebecb90>,7,27,[11  3],8,-1,35,-1,8
1,<environment.Job instance at 0x7f7cbf6628c0>,13,24,[7 5],14,-1,39,-1,15
1,<environment.Job instance at 0x7f7cbf662780>,16,20,[12  1],17,-1,57,-1,37
1,<environment.Job instance at 0x7f7cbebec0a0>,14,13,[ 2 13],15,-1,50,-1,37
1,<environment.Job instance at 0x7f7cbf4b91e0>,21,19,[ 5 11],22,-1,57,-1,38
1,<environment.Job instance at 0x7f7cbf4b9820>,22,17,[4 5],23,-1,57,-1,40
1,<environment.Job instance at 0x7f7cbf4b9af0>,24,24,[9 4],25,-1,65,-1,41
1,<environment.Job instance at 0x7f7cbf4b9cd0>,25,15,[13  4],26,-1,56,-1,41
1,<environment.Job instance at 0x7f7cbf4b9780>,26,14,[2 6],27,-1,55,-1,41
1,<environment.Job instance at 0x7f7cbebec050>,11,27,[5 4],12,-1,68,-1,41
1,<environment.Job instance at 0x7f7cbf4b9230>,27,28,[14  4],28,-1,69,-1,41
1,<environment.Job instance at 0x7f7cbf4b9140>,28,18,[13  4],29,-1,59,-1,41
1,<environment.Job instance at 0x7f7cbf4b9730>,29,22,[14  1],30,-1,63,-1,41
1,<environment.Job instance at 0x7f7cbf4b93c0>,30,17,[ 3 11],31,-1,58,-1,41
1,<environment.Job instance at 0x7f7cbf4b9f50>,31,26,[13  3],32,-1,67,-1,41
1,<environment.Job instance at 0x7f7cbf4b9690>,32,28,[7 2],33,-1,71,-1,43
1,<environment.Job instance at 0x7f7cbf4b90f0>,33,22,[8 3],34,-1,65,-1,43
1,<environment.Job instance at 0x7f7cbebeca50>,8,14,[12  4],9,-1,57,-1,43
1,<environment.Job instance at 0x7f7cbf676870>,34,15,[5 2],35,-1,58,-1,43
1,<environment.Job instance at 0x7f7cbf6768c0>,35,12,[ 3 11],36,-1,55,-1,43
1,<environment.Job instance at 0x7f7cbf662d20>,18,24,[ 3 14],19,-1,67,-1,43
1,<environment.Job instance at 0x7f7cbf676eb0>,36,13,[1 5],37,-1,56,-1,43
1,<environment.Job instance at 0x7f7cbf6627d0>,19,25,[10  2],20,-1,69,-1,44
1,<environment.Job instance at 0x7f7cbf676190>,39,28,[8 1],40,-1,72,-1,44
1,<environment.Job instance at 0x7f7cbf676550>,40,25,[3 8],41,-1,69,-1,44
1,<environment.Job instance at 0x7f7cbf676a00>,38,25,[6 2],39,-1,72,-1,47
1,<environment.Job instance at 0x7f7cbf676f50>,42,26,[ 3 13],43,-1,73,-1,47
1,<environment.Job instance at 0x7f7cc7e57af0>,43,14,[ 5 12],44,-1,61,-1,47
1,<environment.Job instance at 0x7f7cc7e57be0>,44,18,[ 4 11],45,-1,65,-1,47
1,<environment.Job instance at 0x7f7cbf4b98c0>,20,19,[3 5],21,-1,66,-1,47
1,<environment.Job instance at 0x7f7cc7e57820>,47,18,[10  2],48,-1,66,-1,48
1,<environment.Job instance at 0x7f7cbe679b90>,0,26,[8 2],1,-1,27,-1,1
1,<environment.Job instance at 0x7f7cbe679f00>,1,25,[ 5 10],2,-1,27,-1,2
1,<environment.Job instance at 0x7f7cbf2d27d0>,3,22,[11  3],4,-1,26,-1,4
1,<environment.Job instance at 0x7f7cbe4b9460>,4,14,[ 5 11],5,-1,19,-1,5
1,<environment.Job instance at 0x7f7cbf700cd0>,6,18,[ 1 11],7,-1,25,-1,7
1,<environment.Job instance at 0x7f7cbf1f9d70>,7,27,[11  3],8,-1,35,-1,8
1,<environment.Job instance at 0x7f7cbe340aa0>,8,14,[12  4],9,-1,23,-1,9
1,<environment.Job instance at 0x7f7cbe340a00>,9,19,[ 3 12],10,-1,29,-1,10
1,<environment.Job instance at 0x7f7cbe377c80>,14,13,[ 2 13],15,-1,28,-1,15
1,<environment.Job instance at 0x7f7cbe342cd0>,15,17,[ 1 13],16,-1,33,-1,16
1,<environment.Job instance at 0x7f7cbe35d1e0>,11,27,[5 4],12,-1,44,-1,17
1,<environment.Job instance at 0x7f7cbdfda230>,13,24,[7 5],14,-1,41,-1,17
1,<environment.Job instance at 0x7f7cbe342b90>,16,20,[12  1],17,-1,37,-1,17
1,<environment.Job instance at 0x7f7cbe3425f0>,18,24,[ 3 14],19,-1,43,-1,19
1,<environment.Job instance at 0x7f7cbeb3df50>,21,19,[ 5 11],22,-1,41,-1,22
1,<environment.Job instance at 0x7f7cbeb3d410>,23,12,[ 5 14],24,-1,36,-1,24
1,<environment.Job instance at 0x7f7cbeb463c0>,19,25,[10  2],20,-1,55,-1,30
1,<environment.Job instance at 0x7f7cbeb3b780>,25,15,[13  4],26,-1,45,-1,30
1,<environment.Job instance at 0x7f7cbe350050>,27,28,[14  4],28,-1,58,-1,30
1,<environment.Job instance at 0x7f7cbe350f00>,28,18,[13  4],29,-1,48,-1,30
1,<environment.Job instance at 0x7f7cbe350e60>,29,22,[14  1],30,-1,52,-1,30
1,<environment.Job instance at 0x7f7cbeb3b690>,24,24,[9 4],25,-1,54,-1,30
1,<environment.Job instance at 0x7f7cbe350fa0>,30,17,[ 3 11],31,-1,48,-1,31
1,<environment.Job instance at 0x7f7cbf23e5a0>,31,26,[13  3],32,-1,58,-1,32
1,<environment.Job instance at 0x7f7cbf23e4b0>,32,28,[7 2],33,-1,61,-1,33
1,<environment.Job instance at 0x7f7cbf2429b0>,35,12,[ 3 11],36,-1,48,-1,36
1,<environment.Job instance at 0x7f7cbf242870>,37,21,[12  5],38,-1,59,-1,38
1,<environment.Job instance at 0x7f7cbeb43820>,38,25,[6 2],39,-1,74,-1,49
1,<environment.Job instance at 0x7f7cbf25d6e0>,41,21,[14  1],42,-1,70,-1,49
1,<environment.Job instance at 0x7f7cbf25d780>,42,26,[ 3 13],43,-1,75,-1,49
1,<environment.Job instance at 0x7f7cbf25d500>,43,14,[ 5 12],44,-1,63,-1,49
1,<environment.Job instance at 0x7f7cbf25df00>,44,18,[ 4 11],45,-1,67,-1,49
1,<environment.Job instance at 0x7f7cbeb75a00>,39,28,[8 1],40,-1,84,-1,56
1,<environment.Job instance at 0x7f7cbeb5ddc0>,46,28,[12  3],47,-1,84,-1,56
1,<environment.Job instance at 0x7f7cbeb75320>,40,25,[3 8],41,-1,81,-1,56
1,<environment.Job instance at 0x7f7cbeb5d050>,48,20,[14  5],49,-1,76,-1,56
1,<environment.Job instance at 0x7f7cbf1c9820>,50,28,[ 5 11],51,-1,84,-1,56
1,<environment.Job instance at 0x7f7cbf1c9eb0>,51,21,[11  5],52,-1,77,-1,56
1,<environment.Job instance at 0x7f7cbeb53af0>,52,13,[12  4],53,-1,69,-1,56
1,<environment.Job instance at 0x7f7cbeb53aa0>,53,25,[14  4],54,-1,81,-1,56
1,<environment.Job instance at 0x7f7cbdfcb5f0>,56,28,[9 4],57,-1,105,-1,77
1,<environment.Job instance at 0x7f7cbdfe8460>,62,23,[3 9],63,-1,112,-1,89
1,<environment.Job instance at 0x7f7cbdfe8140>,64,19,[ 2 12],65,-1,108,-1,89
1,<environment.Job instance at 0x7f7cbdfe8780>,61,25,[10  3],62,-1,115,-1,90
1,<environment.Job instance at 0x7f7cbe590d70>,67,17,[ 1 11],68,-1,107,-1,90
1,<environment.Job instance at 0x7f7cbf261780>,68,27,[7 5],69,-1,117,-1,90
1,<environment.Job instance at 0x7f7cbe84ce10>,79,28,[9 1],80,-1,172,-1,144
1,<environment.Job instance at 0x7f7cbdfbb370>,81,14,[11  3],82,-1,158,-1,144
1,<environment.Job instance at 0x7f7cbe851c30>,83,28,[11  2],84,-1,173,-1,145
1,<environment.Job instance at 0x7f7cbdfad1e0>,0,23,[ 5 10],1,-1,24,-1,1
1,<environment.Job instance at 0x7f7cbdfadf00>,1,22,[12  5],2,-1,24,-1,2
1,<environment.Job instance at 0x7f7cbdfad960>,2,12,[11  5],3,-1,15,-1,3
1,<environment.Job instance at 0x7f7cbdfadd70>,3,25,[14  3],4,-1,29,-1,4
1,<environment.Job instance at 0x7f7cbf53abe0>,5,18,[ 3 14],6,-1,24,-1,6
1,<environment.Job instance at 0x7f7cbdfadbe0>,6,16,[12  1],7,-1,23,-1,7
1,<environment.Job instance at 0x7f7cbdd3da00>,9,19,[ 2 12],10,-1,29,-1,10
1,<environment.Job instance at 0x7f7cbe3e0c80>,10,17,[ 2 12],11,-1,28,-1,11
1,<environment.Job instance at 0x7f7cbe3e0a50>,14,18,[14  5],15,-1,33,-1,15
1,<environment.Job instance at 0x7f7cbe3e0e60>,16,24,[ 2 11],17,-1,41,-1,17
1,<environment.Job instance at 0x7f7cbe3e0eb0>,18,17,[14  2],19,-1,39,-1,22
1,<environment.Job instance at 0x7f7cbe3e0140>,19,16,[12  5],20,-1,38,-1,22
1,<environment.Job instance at 0x7f7cbe3e0f50>,21,23,[12  4],22,-1,47,-1,24
1,<environment.Job instance at 0x7f7cbe3e0320>,22,18,[14  2],23,-1,42,-1,24
1,<environment.Job instance at 0x7f7cbe3e0050>,23,19,[11  5],24,-1,43,-1,24
1,<environment.Job instance at 0x7f7cbe3e0370>,24,17,[12  1],25,-1,42,-1,25
1,<environment.Job instance at 0x7f7cbe3e0960>,17,25,[9 4],18,-1,61,-1,36
1,<environment.Job instance at 0x7f7cbe851e10>,27,25,[ 5 11],28,-1,61,-1,36
1,<environment.Job instance at 0x7f7cbe851190>,28,13,[13  4],29,-1,49,-1,36
1,<environment.Job instance at 0x7f7cbf249af0>,29,28,[1 5],30,-1,64,-1,36
1,<environment.Job instance at 0x7f7cbeb5e0a0>,30,24,[ 5 11],31,-1,60,-1,36
1,<environment.Job instance at 0x7f7cbf249960>,31,16,[ 5 11],32,-1,52,-1,36
1,<environment.Job instance at 0x7f7cbdfcb5f0>,34,28,[7 1],35,-1,78,-1,50
1,<environment.Job instance at 0x7f7cbeb53aa0>,37,20,[ 4 12],38,-1,70,-1,50
1,<environment.Job instance at 0x7f7cbeb53a50>,38,14,[12  2],39,-1,64,-1,50
1,<environment.Job instance at 0x7f7cbdfcbe10>,36,27,[ 1 10],37,-1,91,-1,64
1,<environment.Job instance at 0x7f7cbe4b9460>,41,25,[3 5],42,-1,89,-1,64
1,<environment.Job instance at 0x7f7cbf2d27d0>,42,13,[ 5 13],43,-1,77,-1,64
1,<environment.Job instance at 0x7f7cbe655f00>,43,26,[3 8],44,-1,90,-1,64
1,<environment.Job instance at 0x7f7cbf07bf00>,39,23,[1 8],40,-1,87,-1,64
1,<environment.Job instance at 0x7f7cbe679b90>,45,13,[ 1 14],46,-1,77,-1,64
1,<environment.Job instance at 0x7f7cbea644b0>,47,23,[13  1],48,-1,87,-1,64
1,<environment.Job instance at 0x7f7cbdf836e0>,48,15,[ 5 14],49,-1,79,-1,64
1,<environment.Job instance at 0x7f7cc83e90f0>,53,16,[13  1],54,-1,95,-1,79
1,<environment.Job instance at 0x7f7cbe1d10f0>,54,12,[ 3 11],55,-1,91,-1,79
1,<environment.Job instance at 0x7f7cbf0f3500>,55,20,[ 2 12],56,-1,99,-1,79
1,<environment.Job instance at 0x7f7cbf0f3c30>,56,24,[1 8],57,-1,103,-1,79
1,<environment.Job instance at 0x7f7cbf6420a0>,60,12,[14  5],61,-1,96,-1,84
1,<environment.Job instance at 0x7f7cbf642be0>,61,20,[ 3 11],62,-1,104,-1,84
1,<environment.Job instance at 0x7f7cbf6423c0>,62,15,[ 4 14],63,-1,99,-1,84
1,<environment.Job instance at 0x7f7cbf642780>,59,26,[8 5],60,-1,120,-1,94
1,<environment.Job instance at 0x7f7cbf642af0>,64,12,[14  5],65,-1,106,-1,94
1,<environment.Job instance at 0x7f7cbf642dc0>,66,13,[ 5 12],67,-1,109,-1,96
1,<environment.Job instance at 0x7f7cbf36b5f0>,67,26,[1 9],68,-1,127,-1,101
1,<environment.Job instance at 0x7f7cbf36b4b0>,68,16,[ 3 13],69,-1,117,-1,101
1,<environment.Job instance at 0x7f7cbf36bc80>,70,18,[13  3],71,-1,119,-1,101
1,<environment.Job instance at 0x7f7cbf36b7d0>,72,26,[ 5 14],73,-1,139,-1,113
1,<environment.Job instance at 0x7f7cbf36b140>,74,18,[ 3 13],75,-1,131,-1,113
1,<environment.Job instance at 0x7f7cbf658870>,76,21,[14  4],77,-1,139,-1,118
1,<environment.Job instance at 0x7f7cbf658640>,77,16,[ 4 12],78,-1,134,-1,118
1,<environment.Job instance at 0x7f7cbf658d70>,78,24,[14  1],79,-1,142,-1,118
1,<environment.Job instance at 0x7f7cbf36b550>,73,26,[10  4],74,-1,162,-1,136
1,<environment.Job instance at 0x7f7cbf6589b0>,81,15,[14  5],82,-1,151,-1,136
1,<environment.Job instance at 0x7f7cbf6585f0>,83,18,[ 5 14],84,-1,154,-1,136
1,<environment.Job instance at 0x7f7cbf658460>,84,25,[12  4],85,-1,161,-1,136
1,<environment.Job instance at 0x7f7cbf6584b0>,85,13,[ 1 12],86,-1,149,-1,136
1,<environment.Job instance at 0x7f7cbe354280>,0,23,[4 8],1,-1,24,-1,1
1,<environment.Job instance at 0x7f7cbf478dc0>,13,24,[4 8],14,-1,38,-1,14
1,<environment.Job instance at 0x7f7cbed274b0>,14,12,[11  3],15,-1,30,-1,18
1,<environment.Job instance at 0x7f7cbedf9cd0>,6,14,[ 1 11],7,-1,37,-1,23
1,<environment.Job instance at 0x7f7cbf5f6aa0>,16,19,[3 9],17,-1,42,-1,23
1,<environment.Job instance at 0x7f7cbe336f50>,0,23,[4 8],1,-1,24,-1,1
1,<environment.Job instance at 0x7f7cbe3368c0>,1,26,[12  1],2,-1,28,-1,2
1,<environment.Job instance at 0x7f7cbe336d70>,2,24,[14  3],3,-1,27,-1,3
1,<environment.Job instance at 0x7f7cbe3363c0>,3,23,[ 3 13],4,-1,27,-1,4
1,<environment.Job instance at 0x7f7cbe336460>,6,14,[ 1 11],7,-1,21,-1,7
1,<environment.Job instance at 0x7f7cbe336500>,7,20,[14  1],8,-1,28,-1,8
1,<environment.Job instance at 0x7f7cc7c8d690>,10,12,[14  4],11,-1,23,-1,11
1,<environment.Job instance at 0x7f7cbf2c1730>,11,23,[ 3 11],12,-1,35,-1,12
1,<environment.Job instance at 0x7f7cbf2c1e10>,14,12,[11  3],15,-1,27,-1,15
1,<environment.Job instance at 0x7f7cbf2c1d70>,15,13,[12  4],16,-1,29,-1,16
1,<environment.Job instance at 0x7f7cbf2c12d0>,13,24,[4 8],14,-1,42,-1,18
1,<environment.Job instance at 0x7f7cbf2c1c80>,18,17,[12  2],19,-1,36,-1,19
1,<environment.Job instance at 0x7f7cbf2c1190>,12,25,[10  3],13,-1,48,-1,23
1,<environment.Job instance at 0x7f7cbf11b8c0>,21,28,[2 7],22,-1,52,-1,24
1,<environment.Job instance at 0x7f7cbf2c1b90>,9,27,[4 9],10,-1,59,-1,32
1,<environment.Job instance at 0x7f7cbf11bd20>,25,28,[ 4 13],26,-1,60,-1,32
1,<environment.Job instance at 0x7f7cbe8e7410>,28,27,[12  5],29,-1,59,-1,32
1,<environment.Job instance at 0x7f7cbf11beb0>,29,28,[13  5],30,-1,60,-1,32
1,<environment.Job instance at 0x7f7cbe8082d0>,30,16,[ 5 13],31,-1,48,-1,32
1,<environment.Job instance at 0x7f7cbe808af0>,32,13,[ 2 14],33,-1,50,-1,37
1,<environment.Job instance at 0x7f7cbf11b730>,23,27,[9 1],24,-1,68,-1,41
1,<environment.Job instance at 0x7f7cbe808280>,34,23,[11  5],35,-1,64,-1,41
1,<environment.Job instance at 0x7f7cbe8089b0>,35,23,[6 2],36,-1,64,-1,41
1,<environment.Job instance at 0x7f7cbe190730>,37,25,[14  5],38,-1,66,-1,41
1,<environment.Job instance at 0x7f7cbe1907d0>,39,26,[14  3],40,-1,67,-1,41
1,<environment.Job instance at 0x7f7cbe190b40>,40,28,[13  5],41,-1,69,-1,41
1,<environment.Job instance at 0x7f7cbe1901e0>,42,18,[ 3 12],43,-1,73,-1,55
1,<environment.Job instance at 0x7f7cbe190c80>,43,18,[ 2 14],44,-1,73,-1,55
1,<environment.Job instance at 0x7f7cbe1909b0>,45,28,[13  5],46,-1,95,-1,67
1,<environment.Job instance at 0x7f7cbe190410>,46,20,[ 2 13],47,-1,87,-1,67
1,<environment.Job instance at 0x7f7cbe190be0>,47,16,[13  5],48,-1,83,-1,67
1,<environment.Job instance at 0x7f7cbe190fa0>,50,25,[6 3],51,-1,104,-1,79
1,<environment.Job instance at 0x7f7cbe190960>,52,19,[ 5 13],53,-1,98,-1,79
1,<environment.Job instance at 0x7f7cbf658280>,53,19,[12  1],54,-1,98,-1,79
1,<environment.Job instance at 0x7f7cbe190140>,54,12,[13  2],55,-1,91,-1,79
1,<environment.Job instance at 0x7f7cbf6589b0>,56,24,[ 1 12],57,-1,103,-1,79
1,<environment.Job instance at 0x7f7cbf6583c0>,61,23,[13  2],62,-1,115,-1,92
1,<environment.Job instance at 0x7f7cbf658aa0>,62,25,[9 5],63,-1,131,-1,106
1,<environment.Job instance at 0x7f7cbf658190>,63,24,[ 1 13],64,-1,130,-1,106
1,<environment.Job instance at 0x7f7cbf658cd0>,64,28,[5 8],65,-1,135,-1,107
1,<environment.Job instance at 0x7f7cbf36b410>,67,28,[ 3 13],68,-1,135,-1,107
1,<environment.Job instance at 0x7f7cbf36be60>,68,25,[14  3],69,-1,132,-1,107
1,<environment.Job instance at 0x7f7cbf36bdc0>,70,15,[ 3 14],71,-1,122,-1,107
1,<environment.Job instance at 0x7f7cbf642b40>,73,15,[ 5 14],74,-1,137,-1,122
1,<environment.Job instance at 0x7f7cbf642dc0>,74,27,[8 4],75,-1,161,-1,134
1,<environment.Job instance at 0x7f7cbf6420a0>,77,13,[14  3],78,-1,149,-1,136
1,<environment.Job instance at 0x7f7cbf642780>,78,15,[ 4 11],79,-1,151,-1,136
1,<environment.Job instance at 0x7fd50d8cb1e0>,12,22,[4 6],13,-1,35,-1,13
1,<environment.Job instance at 0x7fd516f118c0>,9,17,[8 1],10,-1,38,-1,21
1,<environment.Job instance at 0x7fd50d8cb280>,13,27,[3 8],14,-1,56,-1,29
1,<environment.Job instance at 0x7fd50d8f86e0>,0,24,[2 8],1,-1,25,-1,1
1,<environment.Job instance at 0x7fd50d8c7960>,2,26,[10  1],3,-1,29,-1,3
1,<environment.Job instance at 0x7fd50d8bfcd0>,3,15,[13  4],4,-1,19,-1,4
1,<environment.Job instance at 0x7fd50d8bfe60>,4,24,[ 3 11],5,-1,29,-1,5
1,<environment.Job instance at 0x7fd50d8bf8c0>,6,19,[ 1 13],7,-1,26,-1,7
1,<environment.Job instance at 0x7fd50d9fb0f0>,8,24,[ 2 12],9,-1,33,-1,9
1,<environment.Job instance at 0x7fd50dd97be0>,10,14,[ 1 14],11,-1,25,-1,11
1,<environment.Job instance at 0x7fd50d9d6f00>,13,27,[3 8],14,-1,41,-1,14
1,<environment.Job instance at 0x7fd50dae1e60>,14,14,[14  3],15,-1,29,-1,15
1,<environment.Job instance at 0x7fd50d952dc0>,15,24,[ 2 13],16,-1,40,-1,16
1,<environment.Job instance at 0x7fd50dae6be0>,16,19,[ 3 12],17,-1,36,-1,17
1,<environment.Job instance at 0x7fd50da68460>,17,18,[ 5 13],18,-1,36,-1,18
1,<environment.Job instance at 0x7fd50d9ca730>,19,21,[14  4],20,-1,41,-1,20
1,<environment.Job instance at 0x7fd50d9f2a00>,21,22,[14  2],22,-1,46,-1,24
1,<environment.Job instance at 0x7fd50d9f2820>,22,25,[ 4 12],23,-1,49,-1,24
1,<environment.Job instance at 0x7fd50d9fe370>,24,20,[ 3 12],25,-1,49,-1,29
1,<environment.Job instance at 0x7fd50d9e7b40>,25,16,[11  3],26,-1,45,-1,29
1,<environment.Job instance at 0x7fd50d9fe6e0>,27,25,[14  4],28,-1,54,-1,29
1,<environment.Job instance at 0x7fd50d9eb2d0>,29,24,[5 1],30,-1,65,-1,41
1,<environment.Job instance at 0x7fd50da74050>,32,14,[14  3],33,-1,65,-1,51
1,<environment.Job instance at 0x7fd50d96ce60>,35,23,[11  2],36,-1,79,-1,56
1,<environment.Job instance at 0x7fd50d9b9410>,36,27,[10  1],37,-1,83,-1,56
1,<environment.Job instance at 0x7fd50d9892d0>,38,16,[ 1 13],39,-1,72,-1,56
1,<environment.Job instance at 0x7fd50d9894b0>,41,26,[13  2],42,-1,90,-1,64
1,<environment.Job instance at 0x7fd50d989a00>,42,18,[ 1 13],43,-1,82,-1,64
1,<environment.Job instance at 0x7fd50d989cd0>,45,28,[12  4],46,-1,106,-1,78
1,<environment.Job instance at 0x7fd50d989190>,46,17,[ 5 12],47,-1,95,-1,78
1,<environment.Job instance at 0x7fd50d9895f0>,48,25,[11  4],49,-1,103,-1,78
1,<environment.Job instance at 0x7fd50d989e10>,49,23,[2 6],50,-1,115,-1,92
1,<environment.Job instance at 0x7fd50da6f820>,50,13,[12  1],51,-1,105,-1,92
1,<environment.Job instance at 0x7fd50da1db90>,51,24,[ 1 11],52,-1,116,-1,92
1,<environment.Job instance at 0x7fd50da6f2d0>,52,27,[9 1],53,-1,119,-1,92
1,<environment.Job instance at 0x7fd50da71aa0>,54,20,[ 5 14],55,-1,113,-1,93
1,<environment.Job instance at 0x7fd50d9e30a0>,58,22,[14  3],59,-1,132,-1,110
1,<environment.Job instance at 0x7fd50d9e3f50>,59,15,[11  3],60,-1,125,-1,110
1,<environment.Job instance at 0x7fd50d9e3280>,60,23,[5 7],61,-1,147,-1,124
1,<environment.Job instance at 0x7fd50d9e36e0>,62,24,[ 3 10],63,-1,162,-1,138
1,<environment.Job instance at 0x7fd50d9841e0>,64,20,[11  1],65,-1,158,-1,138
1,<environment.Job instance at 0x7fd50d984640>,65,15,[ 1 11],66,-1,153,-1,138
1,<environment.Job instance at 0x7fd50d984140>,63,24,[9 2],64,-1,165,-1,141
1,<environment.Job instance at 0x7fd50d984a00>,68,25,[ 2 12],69,-1,166,-1,141
1,<environment.Job instance at 0x7fd50d984910>,69,26,[5 4],70,-1,167,-1,141
1,<environment.Job instance at 0x7fd50d018460>,0,15,[8 3],1,-1,17,-1,2
1,<environment.Job instance at 0x7fd50d019e60>,1,12,[12  4],2,-1,14,-1,2
1,<environment.Job instance at 0x7fd50d989f50>,1,12,[12  4],2,-1,14,-1,2
1,<environment.Job instance at 0x7fd50d9892d0>,2,21,[12  4],3,-1,24,-1,3
1,<environment.Job instance at 0x7fd50cff8aa0>,3,14,[12  3],4,-1,18,-1,4
1,<environment.Job instance at 0x7fd50d989230>,4,28,[ 3 13],5,-1,33,-1,5
1,<environment.Job instance at 0x7fd50d1cba50>,5,22,[ 3 12],6,-1,28,-1,6
1,<environment.Job instance at 0x7fd50d989b90>,6,23,[11  2],7,-1,30,-1,7
1,<environment.Job instance at 0x7fd50d0c45f0>,9,15,[12  2],10,-1,25,-1,10
1,<environment.Job instance at 0x7fd50cff8b40>,10,18,[11  1],11,-1,29,-1,11
1,<environment.Job instance at 0x7fd50d0f3870>,15,14,[11  3],16,-1,30,-1,16
1,<environment.Job instance at 0x7fd50d17f370>,16,19,[ 5 14],17,-1,36,-1,17
1,<environment.Job instance at 0x7fd50d0f3140>,18,27,[9 4],19,-1,59,-1,32
1,<environment.Job instance at 0x7fd50d20fcd0>,19,25,[ 3 11],20,-1,57,-1,32
1,<environment.Job instance at 0x7fd50d20fb40>,20,27,[13  4],21,-1,59,-1,32
1,<environment.Job instance at 0x7fd50d0f1eb0>,23,23,[ 2 14],24,-1,62,-1,39
1,<environment.Job instance at 0x7fd50d0f1a00>,24,12,[ 2 11],25,-1,51,-1,39
1,<environment.Job instance at 0x7fd50d0f1b40>,26,24,[8 2],27,-1,74,-1,50
1,<environment.Job instance at 0x7fd50d080f50>,28,28,[ 4 13],29,-1,78,-1,50
1,<environment.Job instance at 0x7fd50d0cedc0>,30,12,[11  1],31,-1,64,-1,52
1,<environment.Job instance at 0x7fd50d0ce500>,31,12,[ 5 11],32,-1,64,-1,52
1,<environment.Job instance at 0x7fd50d0ce690>,32,15,[ 3 11],33,-1,67,-1,52
1,<environment.Job instance at 0x7fd50d08a370>,33,24,[ 1 10],34,-1,76,-1,52
1,<environment.Job instance at 0x7fd50d08a960>,34,24,[ 1 11],35,-1,76,-1,52
1,<environment.Job instance at 0x7fd50d0800a0>,29,26,[3 6],30,-1,78,-1,52
1,<environment.Job instance at 0x7fd50d076140>,36,14,[14  4],37,-1,66,-1,52
1,<environment.Job instance at 0x7fd50d076aa0>,37,25,[5 4],38,-1,77,-1,52
1,<environment.Job instance at 0x7fd50d076eb0>,39,16,[ 3 12],40,-1,68,-1,52
1,<environment.Job instance at 0x7fd50d076410>,40,23,[5 8],41,-1,89,-1,66
1,<environment.Job instance at 0x7fd50d0761e0>,41,21,[ 4 11],42,-1,87,-1,66
1,<environment.Job instance at 0x7fd50d086140>,42,20,[ 3 12],43,-1,86,-1,66
1,<environment.Job instance at 0x7fd50d076050>,35,25,[8 2],36,-1,96,-1,71
1,<environment.Job instance at 0x7fd50d083cd0>,45,24,[12  1],46,-1,95,-1,71
1,<environment.Job instance at 0x7fd50d083be0>,46,14,[11  2],47,-1,85,-1,71
1,<environment.Job instance at 0x7fd50d083320>,47,27,[5 3],48,-1,98,-1,71
1,<environment.Job instance at 0x7fd50d086be0>,43,23,[10  3],44,-1,94,-1,71
1,<environment.Job instance at 0x7fd50d0ef190>,49,17,[ 5 11],50,-1,88,-1,71
1,<environment.Job instance at 0x7fd50d0ef8c0>,50,13,[11  1],51,-1,84,-1,71
1,<environment.Job instance at 0x7fd50d0ef320>,51,27,[14  2],52,-1,98,-1,71
1,<environment.Job instance at 0x7fd50d095dc0>,52,25,[13  2],53,-1,96,-1,71
1,<environment.Job instance at 0x7fd50d095320>,53,21,[ 4 12],54,-1,92,-1,71
1,<environment.Job instance at 0x7fd50d095e10>,55,18,[ 5 11],56,-1,89,-1,71
1,<environment.Job instance at 0x7fd50d086af0>,44,28,[3 8],45,-1,116,-1,88
1,<environment.Job instance at 0x7fd50d095c80>,57,12,[11  1],58,-1,100,-1,88
1,<environment.Job instance at 0x7fd50d092280>,58,13,[ 5 13],59,-1,101,-1,88
1,<environment.Job instance at 0x7fd50d098af0>,64,28,[4 8],65,-1,145,-1,117
1,<environment.Job instance at 0x7fd50d08ff00>,65,23,[14  3],66,-1,140,-1,117
1,<environment.Job instance at 0x7fd50d08f500>,66,23,[3 8],67,-1,140,-1,117
1,<environment.Job instance at 0x7fd50d08fd70>,68,28,[11  1],69,-1,145,-1,117
1,<environment.Job instance at 0x7fd50d1d70a0>,69,17,[ 3 11],70,-1,134,-1,117
1,<environment.Job instance at 0x7fd50d09de60>,71,27,[7 2],72,-1,158,-1,131
1,<environment.Job instance at 0x7fd50d09da00>,72,16,[14  3],73,-1,147,-1,131
1,<environment.Job instance at 0x7fd50d2665f0>,73,12,[11  4],74,-1,143,-1,131
1,<environment.Job instance at 0x7fd50d247550>,74,15,[14  3],75,-1,146,-1,131
1,<environment.Job instance at 0x7fd50d0d3eb0>,75,28,[6 4],76,-1,159,-1,131
1,<environment.Job instance at 0x7fd50d0d3230>,76,13,[ 5 13],77,-1,144,-1,131
1,<environment.Job instance at 0x7fd50d0e7500>,80,24,[11  3],81,-1,156,-1,132
1,<environment.Job instance at 0x7fd50d0e7730>,81,22,[ 5 14],82,-1,154,-1,132
1,<environment.Job instance at 0x7fd50d0a2eb0>,82,24,[14  3],83,-1,156,-1,132
1,<environment.Job instance at 0x7fd50d26f0a0>,84,28,[6 3],85,-1,175,-1,147
1,<environment.Job instance at 0x7fd50d0a23c0>,85,15,[11  2],86,-1,162,-1,147
1,<environment.Job instance at 0x7fd50d0e1190>,86,24,[ 5 14],87,-1,171,-1,147
1,<environment.Job instance at 0x7fd50d0e1370>,87,28,[11  1],88,-1,175,-1,147
1,<environment.Job instance at 0x7fd50d193050>,88,15,[ 5 11],89,-1,162,-1,147
1,<environment.Job instance at 0x7fd50d114370>,91,16,[ 2 13],92,-1,171,-1,155
1,<environment.Job instance at 0x7fd516f477d0>,1,19,[8 2],2,-1,21,-1,2
1,<environment.Job instance at 0x7fd50cf42820>,4,16,[8 3],5,-1,22,-1,6
1,<environment.Job instance at 0x7fd50cf42730>,6,22,[9 4],7,-1,29,-1,7
1,<environment.Job instance at 0x7fd50ce7bbe0>,5,25,[ 3 13],6,-1,33,-1,8
1,<environment.Job instance at 0x7fd50d130f50>,2,22,[ 3 14],3,-1,25,-1,3
1,<environment.Job instance at 0x7fd50d247370>,3,28,[14  4],4,-1,32,-1,4
1,<environment.Job instance at 0x7fd50d247550>,5,25,[ 3 13],6,-1,31,-1,6
1,<environment.Job instance at 0x7fd50cff8aa0>,7,24,[ 2 13],8,-1,32,-1,8
1,<environment.Job instance at 0x7fd50ce7b5f0>,8,21,[ 2 14],9,-1,30,-1,9
1,<environment.Job instance at 0x7fd50ce7ba00>,9,16,[ 5 13],10,-1,26,-1,10
1,<environment.Job instance at 0x7fd50ce7bcd0>,10,28,[1 7],11,-1,43,-1,15
1,<environment.Job instance at 0x7fd50cf568c0>,14,24,[12  1],15,-1,39,-1,15
1,<environment.Job instance at 0x7fd50cf56aa0>,16,18,[13  2],17,-1,39,-1,21
1,<environment.Job instance at 0x7fd50cf56870>,17,19,[ 5 13],18,-1,40,-1,21
1,<environment.Job instance at 0x7fd50cf56c80>,18,28,[3 5],19,-1,49,-1,21
1,<environment.Job instance at 0x7fd50cf503c0>,21,26,[5 3],22,-1,54,-1,28
1,<environment.Job instance at 0x7fd50cf507d0>,22,18,[11  4],23,-1,46,-1,28
1,<environment.Job instance at 0x7fd50cf500a0>,23,15,[ 3 11],24,-1,43,-1,28
1,<environment.Job instance at 0x7fd50cf506e0>,25,27,[2 8],26,-1,55,-1,28
1,<environment.Job instance at 0x7fd50cf50370>,26,12,[ 3 11],27,-1,40,-1,28
1,<environment.Job instance at 0x7fd50cf50280>,28,20,[12  2],29,-1,49,-1,29
1,<environment.Job instance at 0x7fd50cf50230>,29,24,[ 5 11],30,-1,54,-1,30
1,<environment.Job instance at 0x7fd50cf50e60>,31,27,[ 4 12],32,-1,67,-1,40
1,<environment.Job instance at 0x7fd50cf504b0>,32,23,[5 7],33,-1,67,-1,44
1,<environment.Job instance at 0x7fd50cf50f00>,33,13,[11  3],34,-1,57,-1,44
1,<environment.Job instance at 0x7fd50cf50a00>,34,25,[13  3],35,-1,69,-1,44
1,<environment.Job instance at 0x7fd50cf508c0>,35,17,[ 2 14],36,-1,61,-1,44
1,<environment.Job instance at 0x7fd50cf50c30>,37,20,[12  3],38,-1,64,-1,44
1,<environment.Job instance at 0x7fd50cf50050>,38,16,[ 5 14],39,-1,60,-1,44
1,<environment.Job instance at 0x7fd50cf50af0>,39,13,[12  5],40,-1,57,-1,44
1,<environment.Job instance at 0x7fd50cf50f50>,41,27,[12  2],42,-1,83,-1,56
1,<environment.Job instance at 0x7fd50cf6d8c0>,42,26,[13  4],43,-1,82,-1,56
1,<environment.Job instance at 0x7fd50cf6daa0>,45,24,[ 4 10],46,-1,119,-1,95
1,<environment.Job instance at 0x7fd50cf6deb0>,49,20,[11  1],50,-1,115,-1,95
1,<environment.Job instance at 0x7fd50cf6dcd0>,50,12,[ 1 14],51,-1,107,-1,95
1,<environment.Job instance at 0x7fd50cf6d910>,51,18,[ 5 12],52,-1,113,-1,95
1,<environment.Job instance at 0x7fd50cf6d280>,53,24,[6 1],54,-1,119,-1,95
1,<environment.Job instance at 0x7fd50cf6d9b0>,55,21,[12  1],56,-1,122,-1,101
1,<environment.Job instance at 0x7fd50cf6db40>,56,16,[ 4 11],57,-1,117,-1,101
1,<environment.Job instance at 0x7fd50cec3140>,59,27,[11  5],60,-1,135,-1,108
1,<environment.Job instance at 0x7fd50cf6d870>,57,26,[7 4],58,-1,142,-1,116
1,<environment.Job instance at 0x7fd50cec3be0>,61,25,[9 2],62,-1,141,-1,116
1,<environment.Job instance at 0x7fd50cec3f50>,62,18,[ 4 14],63,-1,134,-1,116
1,<environment.Job instance at 0x7fd50cec3e60>,64,21,[14  5],65,-1,137,-1,116
1,<environment.Job instance at 0x7fd50cec31e0>,66,27,[3 8],67,-1,149,-1,122
1,<environment.Job instance at 0x7fd50cec3eb0>,67,20,[ 3 13],68,-1,142,-1,122
1,<environment.Job instance at 0x7fd50cec00f0>,68,15,[ 2 12],69,-1,137,-1,122
1,<environment.Job instance at 0x7fd50cec08c0>,69,24,[ 3 14],70,-1,146,-1,122
1,<environment.Job instance at 0x7fd50cec0190>,70,17,[ 2 14],71,-1,139,-1,122
1,<environment.Job instance at 0x7fd50cec00a0>,75,22,[ 1 14],76,-1,158,-1,136
1,<environment.Job instance at 0x7fd50cec0c30>,77,28,[3 6],78,-1,179,-1,151
1,<environment.Job instance at 0x7fd50cec0d20>,78,18,[ 1 12],79,-1,169,-1,151
1,<environment.Job instance at 0x7fd50cec0280>,79,13,[14  4],80,-1,164,-1,151
1,<environment.Job instance at 0x7fd50cec0a50>,81,16,[ 1 11],82,-1,167,-1,151
1,<environment.Job instance at 0x7fd50cec0c80>,82,26,[12  3],83,-1,177,-1,151
1,<environment.Job instance at 0x7fd50cec0b90>,84,17,[ 4 13],85,-1,170,-1,153
1,<environment.Job instance at 0x7fd50dd8baf0>,1,23,[8 4],2,-1,25,-1,2
1,<environment.Job instance at 0x7fd50dd8b500>,2,23,[9 3],3,-1,26,-1,3
1,<environment.Job instance at 0x7fd50cf32280>,3,24,[ 4 11],4,-1,28,-1,4
1,<environment.Job instance at 0x7fd50ceb5730>,4,14,[13  1],5,-1,19,-1,5
1,<environment.Job instance at 0x7fd50ceb5eb0>,5,14,[11  1],6,-1,20,-1,6
1,<environment.Job instance at 0x7fd50ceb5910>,6,12,[12  5],7,-1,19,-1,7
1,<environment.Job instance at 0x7fd50ceb5640>,8,14,[ 1 13],9,-1,23,-1,9
1,<environment.Job instance at 0x7fd50ceb5460>,11,28,[ 4 14],12,-1,40,-1,12
1,<environment.Job instance at 0x7fd50cf32140>,1,23,[8 4],2,-1,38,-1,15
1,<environment.Job instance at 0x7fd50ceb5b90>,13,27,[11  1],14,-1,42,-1,15
1,<environment.Job instance at 0x7fd50cf32fa0>,2,23,[9 3],3,-1,38,-1,15
1,<environment.Job instance at 0x7fd50ceb5140>,16,28,[4 9],17,-1,59,-1,31
1,<environment.Job instance at 0x7fd50ceb5f00>,18,18,[14  2],19,-1,49,-1,31
1,<environment.Job instance at 0x7fd50ceb8d70>,19,18,[12  2],20,-1,49,-1,31
1,<environment.Job instance at 0x7fd50ceb5af0>,17,28,[7 5],18,-1,59,-1,31
1,<environment.Job instance at 0x7fd50ceb8be0>,22,19,[ 2 14],23,-1,50,-1,31
1,<environment.Job instance at 0x7fd50cf32870>,10,27,[ 4 10],11,-1,58,-1,31
1,<environment.Job instance at 0x7fd50ceb82d0>,24,24,[14  2],25,-1,55,-1,31
1,<environment.Job instance at 0x7fd50ceb8e60>,29,18,[11  5],30,-1,61,-1,43
1,<environment.Job instance at 0x7fd50ceb8e10>,30,28,[7 2],31,-1,74,-1,46
1,<environment.Job instance at 0x7fd50ceb8aa0>,31,20,[14  4],32,-1,66,-1,46
1,<environment.Job instance at 0x7fd50cebd5a0>,32,21,[13  5],33,-1,67,-1,46
1,<environment.Job instance at 0x7fd50cebd640>,34,14,[ 1 12],35,-1,60,-1,46
1,<environment.Job instance at 0x7fd50cebd0a0>,35,15,[14  3],36,-1,61,-1,46
1,<environment.Job instance at 0x7fd50cebdeb0>,37,23,[ 2 13],38,-1,80,-1,57
1,<environment.Job instance at 0x7fd50cebd9b0>,38,25,[1 6],39,-1,82,-1,57
1,<environment.Job instance at 0x7fd50cebd820>,39,22,[12  5],40,-1,79,-1,57
1,<environment.Job instance at 0x7fd50cebd7d0>,40,23,[7 1],41,-1,84,-1,61
1,<environment.Job instance at 0x7fd50cebd960>,42,24,[2 5],43,-1,85,-1,61
1,<environment.Job instance at 0x7fd50cebd280>,44,12,[ 2 13],45,-1,73,-1,61
1,<environment.Job instance at 0x7fd50cec0fa0>,45,27,[4 9],46,-1,101,-1,74
1,<environment.Job instance at 0x7fd50cec0730>,47,24,[10  2],48,-1,101,-1,77
1,<environment.Job instance at 0x7fd50cec0d20>,48,14,[ 5 14],49,-1,91,-1,77
1,<environment.Job instance at 0x7fd50cec02d0>,52,25,[11  2],53,-1,114,-1,89
1,<environment.Job instance at 0x7fd50cec0320>,53,15,[ 3 12],54,-1,104,-1,89
1,<environment.Job instance at 0x7fd50cec01e0>,54,17,[ 3 12],55,-1,106,-1,89
1,<environment.Job instance at 0x7fd50cec0e10>,55,22,[14  5],56,-1,111,-1,89
1,<environment.Job instance at 0x7fd50cec0500>,57,23,[9 5],58,-1,129,-1,106
1,<environment.Job instance at 0x7fd50cec0640>,58,23,[14  4],59,-1,129,-1,106
1,<environment.Job instance at 0x7fd50cec07d0>,60,15,[ 5 14],61,-1,121,-1,106
1,<environment.Job instance at 0x7fd50cec3c80>,62,19,[ 5 13],63,-1,126,-1,107
1,<environment.Job instance at 0x7fd50d26f0a0>,66,12,[13  4],67,-1,133,-1,121
1,<environment.Job instance at 0x7fd517081050>,67,12,[14  4],68,-1,133,-1,121
1,<environment.Job instance at 0x7fd50cec3aa0>,68,12,[ 1 13],69,-1,133,-1,121
1,<environment.Job instance at 0x7fd50d2a44b0>,71,12,[ 5 12],72,-1,143,-1,131
1,<environment.Job instance at 0x7fd50d247550>,70,28,[9 5],71,-1,174,-1,146
1,<environment.Job instance at 0x7fd50dd8b6e0>,73,27,[ 5 13],74,-1,173,-1,146
1,<environment.Job instance at 0x7fd50dd8bf00>,74,28,[ 4 14],75,-1,174,-1,146
1,<environment.Job instance at 0x7fd50d2a4280>,72,26,[9 3],73,-1,172,-1,146
1,<environment.Job instance at 0x7fd50d3e0780>,76,13,[12  1],77,-1,159,-1,146
1,<environment.Job instance at 0x7fd50d3e0910>,78,24,[3 9],79,-1,173,-1,149
1,<environment.Job instance at 0x7fd50e003c80>,1,24,[ 4 10],2,-1,26,-1,2
1,<environment.Job instance at 0x7fd50db6d190>,1,24,[ 4 10],2,-1,26,-1,2
1,<environment.Job instance at 0x7fd50d91b910>,2,24,[ 2 14],3,-1,27,-1,3
1,<environment.Job instance at 0x7fd50d750a50>,3,16,[12  2],4,-1,20,-1,4
1,<environment.Job instance at 0x7fd50d542870>,4,15,[ 5 12],5,-1,20,-1,5
1,<environment.Job instance at 0x7fd50d5426e0>,5,28,[ 2 11],6,-1,34,-1,6
1,<environment.Job instance at 0x7fd50d5420f0>,6,28,[13  3],7,-1,35,-1,7
1,<environment.Job instance at 0x7fd50d548be0>,8,23,[13  5],9,-1,32,-1,9
1,<environment.Job instance at 0x7fd50d548690>,9,19,[ 3 13],10,-1,29,-1,10
1,<environment.Job instance at 0x7fd50d548d20>,14,17,[ 2 13],15,-1,32,-1,15
1,<environment.Job instance at 0x7fd50cee7320>,15,20,[ 1 11],16,-1,36,-1,16
1,<environment.Job instance at 0x7fd50cee79b0>,18,12,[ 3 14],19,-1,31,-1,19
1,<environment.Job instance at 0x7fd50cee7fa0>,13,23,[6 5],14,-1,52,-1,29
1,<environment.Job instance at 0x7fd50cee7640>,21,24,[14  4],22,-1,53,-1,29
1,<environment.Job instance at 0x7fd50cee7730>,22,26,[12  3],23,-1,55,-1,29
1,<environment.Job instance at 0x7fd50cee7a00>,23,16,[ 5 14],24,-1,45,-1,29
1,<environment.Job instance at 0x7fd50cee7190>,24,23,[8 4],25,-1,52,-1,29
1,<environment.Job instance at 0x7fd50cee73c0>,25,12,[ 4 13],26,-1,41,-1,29
1,<environment.Job instance at 0x7fd50cee7370>,26,25,[13  1],27,-1,54,-1,29
1,<environment.Job instance at 0x7fd50cee7460>,16,27,[4 6],17,-1,56,-1,29
1,<environment.Job instance at 0x7fd50cee7140>,17,26,[8 5],18,-1,55,-1,29
1,<environment.Job instance at 0x7fd50cee76e0>,29,22,[14  4],30,-1,52,-1,30
1,<environment.Job instance at 0x7fd50cee75a0>,30,14,[ 1 13],31,-1,45,-1,31
1,<environment.Job instance at 0x7fd50cee7a50>,33,16,[11  3],34,-1,50,-1,34
1,<environment.Job instance at 0x7fd50cee4370>,34,18,[ 5 12],35,-1,53,-1,35
1,<environment.Job instance at 0x7fd50cee4a50>,35,24,[ 2 12],36,-1,60,-1,36
1,<environment.Job instance at 0x7fd50cee47d0>,36,24,[ 1 13],37,-1,61,-1,37
1,<environment.Job instance at 0x7fd50cee77d0>,31,28,[ 2 10],32,-1,70,-1,42
1,<environment.Job instance at 0x7fd50cee4780>,39,25,[1 9],40,-1,67,-1,42
1,<environment.Job instance at 0x7fd50cee41e0>,38,23,[4 5],39,-1,65,-1,42
1,<environment.Job instance at 0x7fd50cee49b0>,43,24,[14  5],44,-1,70,-1,46
1,<environment.Job instance at 0x7fd50cee4050>,44,18,[14  1],45,-1,64,-1,46
1,<environment.Job instance at 0x7fd50cee4410>,45,14,[13  5],46,-1,60,-1,46
1,<environment.Job instance at 0x7fd50cee4820>,46,21,[ 1 14],47,-1,68,-1,47
1,<environment.Job instance at 0x7fd50cee4dc0>,48,22,[12  2],49,-1,77,-1,55
1,<environment.Job instance at 0x7fd516f39b40>,49,26,[ 2 10],50,-1,85,-1,59
1,<environment.Job instance at 0x7fd516f39500>,50,14,[12  5],51,-1,73,-1,59
1,<environment.Job instance at 0x7fd516f39b90>,51,14,[14  2],52,-1,73,-1,59
1,<environment.Job instance at 0x7fd516f394b0>,52,24,[4 5],53,-1,83,-1,59
1,<environment.Job instance at 0x7fd516f39be0>,53,24,[9 5],54,-1,83,-1,59
1,<environment.Job instance at 0x7fd50d45e820>,54,18,[11  3],55,-1,77,-1,59
1,<environment.Job instance at 0x7fd50d45ef00>,55,23,[13  5],56,-1,82,-1,59
1,<environment.Job instance at 0x7fd50d45e1e0>,58,28,[12  3],59,-1,87,-1,59
1,<environment.Job instance at 0x7fd50d45e9b0>,60,23,[8 4],61,-1,90,-1,67
1,<environment.Job instance at 0x7fd50d41b140>,61,13,[12  4],62,-1,80,-1,67
1,<environment.Job instance at 0x7fd50d41b280>,62,27,[9 3],63,-1,94,-1,67
1,<environment.Job instance at 0x7fd50d41bb40>,64,18,[ 5 12],65,-1,85,-1,67
1,<environment.Job instance at 0x7fd50d41bfa0>,65,28,[ 2 13],66,-1,95,-1,67
1,<environment.Job instance at 0x7fd50d41bc80>,66,26,[ 3 14],67,-1,93,-1,67
1,<environment.Job instance at 0x7fd50d41ba50>,59,25,[3 6],60,-1,97,-1,72
1,<environment.Job instance at 0x7fd50d41ba00>,67,15,[11  5],68,-1,87,-1,72
1,<environment.Job instance at 0x7fd50d3e06e0>,69,15,[ 3 13],70,-1,87,-1,72
1,<environment.Job instance at 0x7fd50d3e0910>,70,25,[13  4],71,-1,97,-1,72
1,<environment.Job instance at 0x7fd50d3e0690>,71,17,[13  1],72,-1,89,-1,72
1,<environment.Job instance at 0x7fd50d3e0280>,73,25,[12  1],74,-1,106,-1,81
1,<environment.Job instance at 0x7fd50dd8b230>,74,28,[14  4],75,-1,109,-1,81
1,<environment.Job instance at 0x7fd50dd8bf00>,75,16,[ 1 13],76,-1,97,-1,81
1,<environment.Job instance at 0x7fd50d1d70a0>,76,26,[ 3 11],77,-1,107,-1,81
1,<environment.Job instance at 0x7fd50d247550>,79,26,[12  4],80,-1,122,-1,96
1,<environment.Job instance at 0x7fd50cec3230>,80,16,[11  4],81,-1,112,-1,96
1,<environment.Job instance at 0x7fd50cec3140>,83,20,[12  4],84,-1,133,-1,113
1,<environment.Job instance at 0x7fd50cec3c80>,84,26,[1 6],85,-1,139,-1,113
1,<environment.Job instance at 0x7fd50cec3cd0>,85,23,[5 5],86,-1,142,-1,119
1,<environment.Job instance at 0x7fd50cec3190>,86,27,[12  2],87,-1,146,-1,119
1,<environment.Job instance at 0x7fd50cec3820>,87,15,[14  2],88,-1,134,-1,119
1,<environment.Job instance at 0x7fd50cec00f0>,88,15,[13  3],89,-1,134,-1,119
1,<environment.Job instance at 0x7fd50cec08c0>,91,14,[ 2 11],92,-1,133,-1,119
1,<environment.Job instance at 0x7fd50cec0190>,92,25,[14  3],93,-1,144,-1,119
1,<environment.Job instance at 0x7fd50cec0be0>,93,23,[14  5],94,-1,142,-1,119
1,<environment.Job instance at 0x7fd50cec0af0>,94,27,[12  3],95,-1,146,-1,119
1,<environment.Job instance at 0x7fd50cec0d70>,95,22,[11  3],96,-1,141,-1,119
1,<environment.Job instance at 0x7fd50cec0050>,96,28,[ 1 13],97,-1,147,-1,119
1,<environment.Job instance at 0x7fd50cec0730>,97,25,[12  4],98,-1,144,-1,119
1,<environment.Job instance at 0x7fd50cec06e0>,98,17,[ 2 13],99,-1,136,-1,119
1,<environment.Job instance at 0x7fd50cec00a0>,99,15,[ 2 14],100,-1,134,-1,119
1,<environment.Job instance at 0x7fd50cec0b40>,101,16,[ 2 13],102,-1,135,-1,119
1,<environment.Job instance at 0x7fd50cebdbe0>,103,15,[12  3],104,-1,134,-1,119
1,<environment.Job instance at 0x7fd50cebdc30>,104,19,[ 2 13],105,-1,138,-1,119
1,<environment.Job instance at 0x7fd50cebdf50>,107,18,[ 1 13],108,-1,151,-1,133
1,<environment.Job instance at 0x7fd50cebd6e0>,108,12,[ 5 14],109,-1,145,-1,133
1,<environment.Job instance at 0x7fd50cebd5f0>,109,13,[14  1],110,-1,146,-1,133
1,<environment.Job instance at 0x7fd50ceb8e60>,113,18,[12  3],114,-1,167,-1,149
1,<environment.Job instance at 0x7fd50d2fda50>,6,16,[9 4],7,-1,24,-1,8
1,<environment.Job instance at 0x7fd50e0db500>,9,25,[3 9],10,-1,35,-1,10
1,<environment.Job instance at 0x7fd50e0dbb90>,10,16,[ 3 10],11,-1,27,-1,11
1,<environment.Job instance at 0x7fd50e0db410>,11,18,[5 5],12,-1,30,-1,12
1,<environment.Job instance at 0x7fd50e0db0f0>,12,16,[5 5],13,-1,29,-1,13
1,<environment.Job instance at 0x7fd50d41b460>,0,17,[14  2],1,-1,18,-1,1
1,<environment.Job instance at 0x7fd50d41baa0>,1,26,[10  4],2,-1,28,-1,2
1,<environment.Job instance at 0x7fd50d41bfa0>,2,23,[5 5],3,-1,26,-1,3
1,<environment.Job instance at 0x7fd50d41b140>,3,13,[ 1 14],4,-1,17,-1,4
1,<environment.Job instance at 0x7fd50d41bf50>,4,12,[ 3 11],5,-1,17,-1,5
1,<environment.Job instance at 0x7fd50e4fd8c0>,7,19,[ 5 13],8,-1,27,-1,8
1,<environment.Job instance at 0x7fd50d345a50>,9,25,[3 9],10,-1,45,-1,20
1,<environment.Job instance at 0x7fd50d2fe5a0>,13,17,[ 3 13],14,-1,37,-1,20
1,<environment.Job instance at 0x7fd50d2fe730>,14,28,[3 9],15,-1,48,-1,20
1,<environment.Job instance at 0x7fd50d2fe640>,15,28,[ 3 10],16,-1,48,-1,20
1,<environment.Job instance at 0x7fd50d2fef50>,19,20,[12  4],20,-1,54,-1,34
1,<environment.Job instance at 0x7fd50d2fed70>,20,28,[8 2],21,-1,62,-1,34
1,<environment.Job instance at 0x7fd50d2fec80>,21,16,[12  4],22,-1,50,-1,34
1,<environment.Job instance at 0x7fd50d2fe870>,22,16,[ 2 13],23,-1,50,-1,34
1,<environment.Job instance at 0x7fd50d2fe0a0>,23,23,[5 8],24,-1,57,-1,34
1,<environment.Job instance at 0x7fd50d2fe960>,25,24,[9 3],26,-1,63,-1,39
1,<environment.Job instance at 0x7fd50d32e320>,27,23,[5 4],28,-1,62,-1,39
1,<environment.Job instance at 0x7fd50d32e280>,28,23,[11  4],29,-1,62,-1,39
1,<environment.Job instance at 0x7fd50d32e460>,30,21,[ 5 13],31,-1,60,-1,39
1,<environment.Job instance at 0x7fd50d32e230>,31,22,[11  1],32,-1,61,-1,39
1,<environment.Job instance at 0x7fd50d32e2d0>,32,17,[11  2],33,-1,56,-1,39
1,<environment.Job instance at 0x7fd50d32ecd0>,36,28,[13  4],37,-1,83,-1,55
1,<environment.Job instance at 0x7fd50d32ef50>,35,28,[10  3],36,-1,83,-1,55
1,<environment.Job instance at 0x7fd50d32e870>,38,25,[5 7],39,-1,80,-1,55
1,<environment.Job instance at 0x7fd50d32e4b0>,39,23,[13  3],40,-1,78,-1,55
1,<environment.Job instance at 0x7fd50d32e6e0>,40,18,[ 4 13],41,-1,73,-1,55
1,<environment.Job instance at 0x7fd50d32e9b0>,41,18,[13  1],42,-1,73,-1,55
1,<environment.Job instance at 0x7fd50d2f9910>,45,28,[3 8],46,-1,97,-1,69
1,<environment.Job instance at 0x7fd50d2f9fa0>,46,18,[ 1 14],47,-1,87,-1,69
1,<environment.Job instance at 0x7fd50d2f9190>,49,16,[12  2],50,-1,97,-1,81
1,<environment.Job instance at 0x7fd50d2f9d70>,50,12,[11  2],51,-1,93,-1,81
1,<environment.Job instance at 0x7fd50d2f9370>,52,16,[ 3 13],53,-1,104,-1,88
1,<environment.Job instance at 0x7fd50d2f9be0>,54,22,[ 1 12],55,-1,117,-1,95
1,<environment.Job instance at 0x7fd50d2f9230>,55,24,[12  5],56,-1,119,-1,95
1,<environment.Job instance at 0x7fd50d2f9d20>,56,27,[3 5],57,-1,131,-1,104
1,<environment.Job instance at 0x7fd50d2f9140>,59,28,[1 8],60,-1,145,-1,117
1,<environment.Job instance at 0x7fd50d2f9a50>,61,26,[7 2],62,-1,143,-1,117
1,<environment.Job instance at 0x7fd50d2f92d0>,63,28,[ 2 12],64,-1,145,-1,117
1,<environment.Job instance at 0x7fd50d2f9a00>,62,27,[5 6],63,-1,152,-1,125
1,<environment.Job instance at 0x7fd50d2f98c0>,65,16,[12  2],66,-1,141,-1,125
1,<environment.Job instance at 0x7fd50d2f94b0>,66,27,[12  3],67,-1,152,-1,125
1,<environment.Job instance at 0x7fd50d2f9c80>,67,17,[13  2],68,-1,142,-1,125
1,<environment.Job instance at 0x7fd50d3043c0>,72,24,[7 3],73,-1,172,-1,148
1,<environment.Job instance at 0x7fd50d304280>,73,12,[13  5],74,-1,160,-1,148
1,<environment.Job instance at 0x7fd50d304910>,74,21,[ 1 13],75,-1,169,-1,148
1,<environment.Job instance at 0x7fd50d304f50>,75,23,[ 1 10],76,-1,171,-1,148
1,<environment.Job instance at 0x7fd50d304b40>,76,20,[ 4 11],77,-1,168,-1,148
1,<environment.Job instance at 0x7fd50d3049b0>,78,23,[3 7],79,-1,171,-1,148
1,<environment.Job instance at 0x7fd50d304a00>,80,23,[ 3 11],81,-1,171,-1,148
1,<environment.Job instance at 0x7fd516e11370>,0,24,[5 7],1,-1,25,-1,1
1,<environment.Job instance at 0x7fd50d3094b0>,2,15,[4 8],3,-1,18,-1,3
1,<environment.Job instance at 0x7fd50da22e10>,0,24,[5 7],1,-1,25,-1,1
1,<environment.Job instance at 0x7fd50da22410>,4,16,[ 1 12],5,-1,21,-1,5
1,<environment.Job instance at 0x7fd50da229b0>,5,15,[13  4],6,-1,21,-1,6
1,<environment.Job instance at 0x7fd50da22a00>,6,20,[ 1 13],7,-1,27,-1,7
1,<environment.Job instance at 0x7fd50da22eb0>,8,28,[ 2 14],9,-1,37,-1,9
1,<environment.Job instance at 0x7fd50da22f50>,9,28,[11  1],10,-1,38,-1,10
1,<environment.Job instance at 0x7fd50da22c30>,12,21,[ 1 11],13,-1,34,-1,13
1,<environment.Job instance at 0x7fd50da22460>,3,27,[ 2 10],4,-1,43,-1,16
1,<environment.Job instance at 0x7fd50da22230>,14,21,[14  2],15,-1,37,-1,16
1,<environment.Job instance at 0x7fd50e0c9550>,16,21,[14  4],17,-1,38,-1,17
1,<environment.Job instance at 0x7fd50e0c93c0>,17,20,[11  1],18,-1,38,-1,18
1,<environment.Job instance at 0x7fd50e0c96e0>,18,22,[ 5 12],19,-1,41,-1,19
1,<environment.Job instance at 0x7fd50e0c9320>,19,17,[13  1],20,-1,37,-1,20
1,<environment.Job instance at 0x7fd50e0c9d70>,20,27,[ 2 13],21,-1,48,-1,21
1,<environment.Job instance at 0x7fd50da36550>,21,17,[11  4],22,-1,39,-1,22
1,<environment.Job instance at 0x7fd50da368c0>,22,27,[ 4 13],23,-1,50,-1,23
1,<environment.Job instance at 0x7fd50da36d70>,23,15,[14  1],24,-1,39,-1,24
1,<environment.Job instance at 0x7fd50da36e60>,26,25,[7 3],27,-1,58,-1,33
1,<environment.Job instance at 0x7fd50da22500>,11,28,[8 2],12,-1,61,-1,33
1,<environment.Job instance at 0x7fd50da36190>,28,19,[ 3 13],29,-1,52,-1,33
1,<environment.Job instance at 0x7fd50da36370>,31,25,[5 5],32,-1,71,-1,46
1,<environment.Job instance at 0x7fd50da365f0>,34,15,[12  4],35,-1,62,-1,47
1,<environment.Job instance at 0x7fd50da367d0>,32,26,[2 9],33,-1,74,-1,48
1,<environment.Job instance at 0x7fd50da36780>,36,27,[ 1 11],37,-1,75,-1,48
1,<environment.Job instance at 0x7fd50da36f50>,37,18,[ 2 12],38,-1,66,-1,48
1,<environment.Job instance at 0x7fd50e0a1230>,38,22,[ 2 11],39,-1,70,-1,48
1,<environment.Job instance at 0x7fd50e0a1be0>,39,23,[14  4],40,-1,71,-1,48
1,<environment.Job instance at 0x7fd50e0a1640>,40,22,[13  2],41,-1,70,-1,48
1,<environment.Job instance at 0x7fd50e0a1910>,41,12,[ 1 12],42,-1,60,-1,48
1,<environment.Job instance at 0x7fd50da364b0>,35,27,[10  3],36,-1,75,-1,48
1,<environment.Job instance at 0x7fd50e0a1820>,43,26,[5 5],44,-1,74,-1,48
1,<environment.Job instance at 0x7fd50e0a10a0>,44,16,[11  2],45,-1,64,-1,48
1,<environment.Job instance at 0x7fd50e0a1f50>,45,26,[5 8],46,-1,74,-1,48
1,<environment.Job instance at 0x7fd50e0a1d20>,46,18,[ 5 14],47,-1,66,-1,48
1,<environment.Job instance at 0x7fd50da362d0>,27,26,[ 4 10],28,-1,91,-1,65
1,<environment.Job instance at 0x7fd50e0a1dc0>,49,20,[ 1 11],50,-1,85,-1,65
1,<environment.Job instance at 0x7fd50e0a1690>,50,27,[11  5],51,-1,92,-1,65
1,<environment.Job instance at 0x7fd50e0a19b0>,51,14,[ 5 14],52,-1,79,-1,65
1,<environment.Job instance at 0x7fd50e0a1e60>,48,27,[ 2 10],49,-1,92,-1,65
1,<environment.Job instance at 0x7fd50e0a1aa0>,53,25,[9 2],54,-1,91,-1,66
1,<environment.Job instance at 0x7fd50e0a1190>,55,24,[ 5 13],56,-1,90,-1,66
1,<environment.Job instance at 0x7fd50d304a00>,56,15,[ 5 14],57,-1,81,-1,66
1,<environment.Job instance at 0x7fd50d304aa0>,57,22,[ 4 11],58,-1,88,-1,66
1,<environment.Job instance at 0x7fd50d304af0>,58,13,[ 5 13],59,-1,79,-1,66
1,<environment.Job instance at 0x7fd50d304910>,62,13,[ 5 12],63,-1,79,-1,66
1,<environment.Job instance at 0x7fd50d304280>,63,15,[14  1],64,-1,81,-1,66
1,<environment.Job instance at 0x7fd50d304f50>,61,24,[5 1],62,-1,104,-1,80
1,<environment.Job instance at 0x7fd50d3043c0>,64,23,[1 8],65,-1,104,-1,81
1,<environment.Job instance at 0x7fd50d304690>,65,28,[ 2 10],66,-1,109,-1,81
1,<environment.Job instance at 0x7fd50d3041e0>,68,21,[ 3 14],69,-1,102,-1,81
1,<environment.Job instance at 0x7fd50d2feaa0>,69,21,[ 2 12],70,-1,102,-1,81
1,<environment.Job instance at 0x7fd50d2fe870>,72,21,[13  5],73,-1,117,-1,96
1,<environment.Job instance at 0x7fd50d2fed70>,74,25,[9 4],75,-1,124,-1,99
1,<environment.Job instance at 0x7fd50d2feb40>,76,14,[11  4],77,-1,113,-1,99
1,<environment.Job instance at 0x7fd50d2fe690>,78,28,[ 1 13],79,-1,127,-1,99
1,<environment.Job instance at 0x7fd50d2fe640>,79,19,[ 5 14],80,-1,118,-1,99
1,<environment.Job instance at 0x7fd50cf627d0>,82,20,[ 4 14],83,-1,131,-1,111
1,<environment.Job instance at 0x7fd50d835280>,83,18,[14  4],84,-1,129,-1,111
1,<environment.Job instance at 0x7fd50d2445f0>,84,18,[ 3 11],85,-1,129,-1,111
1,<environment.Job instance at 0x7fd50d8709b0>,86,26,[ 2 11],87,-1,149,-1,123
1,<environment.Job instance at 0x7fd50d08acd0>,87,13,[13  4],88,-1,136,-1,123
1,<environment.Job instance at 0x7fd50dc27d20>,90,13,[12  4],91,-1,153,-1,140
1,<environment.Job instance at 0x7fd50da4c870>,91,17,[ 5 13],92,-1,157,-1,140
1,<environment.Job instance at 0x7fd50da4c1e0>,92,16,[ 5 14],93,-1,156,-1,140
1,<environment.Job instance at 0x7fd50da37370>,93,25,[5 8],94,-1,166,-1,141
1,<environment.Job instance at 0x7fd50da37640>,95,17,[ 2 14],96,-1,158,-1,141
1,<environment.Job instance at 0x7fd50da37b90>,96,18,[11  3],97,-1,159,-1,141
1,<environment.Job instance at 0x7fd50d741690>,100,15,[14  4],101,-1,168,-1,153
1,<environment.Job instance at 0x7fd50d3250a0>,101,24,[11  3],102,-1,177,-1,153
1,<environment.Job instance at 0x7fd50d325820>,102,15,[ 5 12],103,-1,168,-1,153
1,<environment.Job instance at 0x7fd50d325320>,103,26,[ 1 12],104,-1,179,-1,153
1,<environment.Job instance at 0x7fd50d5ff4b0>,14,20,[13  4],15,-1,73,-1,53
1,<environment.Job instance at 0x7fd50d5ff280>,16,20,[12  5],17,-1,77,-1,57
1,<environment.Job instance at 0x7fd50d5ff1e0>,11,24,[9 2],12,-1,82,-1,58
1,<environment.Job instance at 0x7fd50d5ff8c0>,17,16,[7 4],18,-1,74,-1,58
1,<environment.Job instance at 0x7fd50d5ff960>,19,22,[ 3 11],20,-1,80,-1,58
1,<environment.Job instance at 0x7fd50d5ff410>,20,24,[ 1 12],21,-1,82,-1,58
1,<environment.Job instance at 0x7fd50d5ff730>,21,28,[3 6],22,-1,86,-1,58
1,<environment.Job instance at 0x7fd50d5ff870>,22,14,[ 4 12],23,-1,72,-1,58
1,<environment.Job instance at 0x7fd50d5ffcd0>,23,28,[ 2 13],24,-1,86,-1,58
1,<environment.Job instance at 0x7fd50d5ffeb0>,15,22,[5 6],16,-1,80,-1,58
1,<environment.Job instance at 0x7fd50d5ffd70>,9,15,[ 5 11],10,-1,73,-1,58
1,<environment.Job instance at 0x7fd50d5fffa0>,24,25,[10  5],25,-1,83,-1,58
1,<environment.Job instance at 0x7fd50d5ff320>,29,26,[ 2 14],30,-1,84,-1,58
1,<environment.Job instance at 0x7fd50d5fff50>,28,28,[4 6],29,-1,86,-1,58
1,<environment.Job instance at 0x7fd50d5ff190>,31,15,[14  4],32,-1,74,-1,59
1,<environment.Job instance at 0x7fd50d5ffdc0>,30,13,[9 3],31,-1,73,-1,60
1,<environment.Job instance at 0x7fd50d23a460>,33,19,[12  2],34,-1,81,-1,62
1,<environment.Job instance at 0x7fd50d23afa0>,32,13,[13  5],33,-1,75,-1,62
1,<environment.Job instance at 0x7fd50d23aeb0>,35,17,[5 3],36,-1,79,-1,62
1,<environment.Job instance at 0x7fd50d23ae10>,37,27,[ 1 13],38,-1,89,-1,62
1,<environment.Job instance at 0x7fd50d23a550>,38,26,[8 2],39,-1,88,-1,62
1,<environment.Job instance at 0x7fd50d23ac80>,39,26,[5 7],40,-1,88,-1,62
1,<environment.Job instance at 0x7fd50d5ff640>,10,22,[6 5],11,-1,84,-1,62
1,<environment.Job instance at 0x7fd50d5ff5f0>,18,12,[8 4],19,-1,75,-1,63
1,<environment.Job instance at 0x7fd50d23ab90>,40,13,[4 6],41,-1,76,-1,63
1,<environment.Job instance at 0x7fd50d23a9b0>,43,15,[2 6],44,-1,78,-1,63
1,<environment.Job instance at 0x7fd50d23a7d0>,44,13,[10  1],45,-1,76,-1,63
1,<environment.Job instance at 0x7fd50d23aa00>,45,18,[1 7],46,-1,81,-1,63
1,<environment.Job instance at 0x7fd50d23a6e0>,46,16,[9 3],47,-1,79,-1,63
1,<environment.Job instance at 0x7fd50d23ad20>,34,24,[2 5],35,-1,87,-1,63
1,<environment.Job instance at 0x7fd50dd54aa0>,2,24,[12  4],3,-1,87,-1,63
1,<environment.Job instance at 0x7fd50d23a2d0>,47,18,[ 1 12],48,-1,81,-1,63
1,<environment.Job instance at 0x7fd50d23a050>,48,15,[ 3 11],49,-1,78,-1,63
1,<environment.Job instance at 0x7fd50d5ffe10>,12,13,[11  4],13,-1,76,-1,63
1,<environment.Job instance at 0x7fd50d23a5a0>,49,24,[ 1 11],50,-1,87,-1,63
1,<environment.Job instance at 0x7fd50d23a1e0>,50,23,[6 3],51,-1,86,-1,63
1,<environment.Job instance at 0x7fd50d23a190>,51,16,[ 2 13],52,-1,79,-1,63
1,<environment.Job instance at 0x7fd50d23aaa0>,53,18,[7 4],54,-1,81,-1,63
1,<environment.Job instance at 0x7fd50d5d31e0>,55,27,[13  3],56,-1,90,-1,63
1,<environment.Job instance at 0x7fd50d5d3af0>,56,24,[3 9],57,-1,88,-1,64
1,<environment.Job instance at 0x7fd50d5d33c0>,57,20,[5 7],58,-1,84,-1,64
1,<environment.Job instance at 0x7fd50d5ff910>,25,16,[13  3],26,-1,80,-1,64
1,<environment.Job instance at 0x7fd50d5d3b40>,58,23,[14  1],59,-1,87,-1,64
1,<environment.Job instance at 0x7fd50d5d3050>,59,27,[11  2],60,-1,91,-1,64
1,<environment.Job instance at 0x7fd50d23a870>,54,14,[ 2 10],55,-1,79,-1,65
1,<environment.Job instance at 0x7fd50d23a280>,36,12,[2 7],37,-1,77,-1,65
1,<environment.Job instance at 0x7fd50d5d3410>,62,22,[ 3 14],63,-1,88,-1,66
1,<environment.Job instance at 0x7fd50d23abe0>,52,21,[ 4 13],53,-1,87,-1,66
1,<environment.Job instance at 0x7fd50d23a500>,42,12,[1 7],43,-1,78,-1,66
1,<environment.Job instance at 0x7fd50d5d3910>,60,14,[9 1],61,-1,83,-1,69
1,<environment.Job instance at 0x7fd50d5d3190>,63,15,[13  2],64,-1,86,-1,71
1,<environment.Job instance at 0x7fd50d5d3820>,65,15,[ 1 10],66,-1,86,-1,71
1,<environment.Job instance at 0x7fd50d5d3b90>,64,16,[11  3],65,-1,87,-1,71
1,<environment.Job instance at 0x7fd50d5d3a50>,67,23,[9 3],68,-1,94,-1,71
1,<environment.Job instance at 0x7fd50d5d3d20>,69,16,[ 3 14],70,-1,87,-1,71
1,<environment.Job instance at 0x7fd50d5d3c30>,68,23,[13  2],69,-1,94,-1,71
1,<environment.Job instance at 0x7fd50d5d3e10>,61,12,[10  4],62,-1,83,-1,71
1,<environment.Job instance at 0x7fd50d5d3f00>,71,13,[9 2],72,-1,85,-1,72
1,<environment.Job instance at 0x7fd50d5d3eb0>,70,16,[13  5],71,-1,89,-1,73
1,<environment.Job instance at 0x7fd50d5d30f0>,73,17,[11  4],74,-1,91,-1,74
1,<environment.Job instance at 0x7fd50d5d3140>,75,27,[6 1],76,-1,104,-1,77
1,<environment.Job instance at 0x7fd50d5d3cd0>,76,14,[4 8],77,-1,93,-1,79
1,<environment.Job instance at 0x7fd50d3459b0>,0,14,[14  4],1,-1,15,-1,1
1,<environment.Job instance at 0x7fd50d3451e0>,1,22,[ 4 12],2,-1,24,-1,2
1,<environment.Job instance at 0x7fd50d345c80>,2,24,[12  4],3,-1,27,-1,3
1,<environment.Job instance at 0x7fd50cf09f00>,4,16,[ 3 12],5,-1,21,-1,5
1,<environment.Job instance at 0x7fd50df747d0>,8,15,[ 3 13],9,-1,24,-1,9
1,<environment.Job instance at 0x7fd516a96af0>,9,15,[ 5 11],10,-1,25,-1,10
1,<environment.Job instance at 0x7fd50d092c30>,11,24,[9 2],12,-1,36,-1,12
1,<environment.Job instance at 0x7fd50d3254b0>,12,13,[11  4],13,-1,26,-1,13
1,<environment.Job instance at 0x7fd50d325320>,13,17,[ 3 12],14,-1,31,-1,14
1,<environment.Job instance at 0x7fd50d325820>,14,20,[13  4],15,-1,35,-1,15
1,<environment.Job instance at 0x7fd50cf627d0>,16,20,[12  5],17,-1,37,-1,17
1,<environment.Job instance at 0x7fd50df74230>,7,23,[2 6],8,-1,41,-1,18
1,<environment.Job instance at 0x7fd50d325410>,19,22,[ 3 11],20,-1,42,-1,20
1,<environment.Job instance at 0x7fd50d2feb40>,20,24,[ 1 12],21,-1,45,-1,21
1,<environment.Job instance at 0x7fd50d2febe0>,21,28,[3 6],22,-1,50,-1,22
1,<environment.Job instance at 0x7fd50d2fee60>,22,14,[ 4 12],23,-1,37,-1,23
1,<environment.Job instance at 0x7fd50d2fe2d0>,23,28,[ 2 13],24,-1,52,-1,24
1,<environment.Job instance at 0x7fd50d2fe870>,25,16,[13  3],26,-1,42,-1,26
1,<environment.Job instance at 0x7fd50d2fee10>,28,28,[4 6],29,-1,59,-1,31
1,<environment.Job instance at 0x7fd50d2fe9b0>,29,26,[ 2 14],30,-1,57,-1,31
1,<environment.Job instance at 0x7fd50d2feaf0>,24,25,[10  5],25,-1,57,-1,32
1,<environment.Job instance at 0x7fd50d2fe6e0>,31,15,[14  4],32,-1,47,-1,32
1,<environment.Job instance at 0x7fd50d3043c0>,32,13,[13  5],33,-1,46,-1,33
1,<environment.Job instance at 0x7fd50d304140>,33,19,[12  2],34,-1,53,-1,34
1,<environment.Job instance at 0x7fd50d304af0>,37,27,[ 1 13],38,-1,65,-1,38
1,<environment.Job instance at 0x7fd50d3045f0>,38,26,[8 2],39,-1,70,-1,44
1,<environment.Job instance at 0x7fd50d304910>,34,24,[2 5],35,-1,77,-1,53
1,<environment.Job instance at 0x7fd50d304730>,41,26,[11  1],42,-1,79,-1,53
1,<environment.Job instance at 0x7fd50d304d20>,39,26,[5 7],40,-1,79,-1,53
1,<environment.Job instance at 0x7fd50e0a1690>,47,18,[ 1 12],48,-1,83,-1,65
1,<environment.Job instance at 0x7fd50e0a14b0>,48,15,[ 3 11],49,-1,80,-1,65
1,<environment.Job instance at 0x7fd50e0a1370>,49,24,[ 1 11],50,-1,89,-1,65
1,<environment.Job instance at 0x7fd50e0a1730>,51,16,[ 2 13],52,-1,85,-1,69
1,<environment.Job instance at 0x7fd50e0a13c0>,52,21,[ 4 13],53,-1,90,-1,69
1,<environment.Job instance at 0x7fd50e0a1870>,50,23,[6 3],51,-1,103,-1,80
1,<environment.Job instance at 0x7fd50e0a1780>,55,27,[13  3],56,-1,107,-1,80
1,<environment.Job instance at 0x7fd50e0a19b0>,56,24,[3 9],57,-1,111,-1,87
1,<environment.Job instance at 0x7fd50e0a1640>,58,23,[14  1],59,-1,110,-1,87
1,<environment.Job instance at 0x7fd50e0a1c30>,59,27,[11  2],60,-1,114,-1,87
1,<environment.Job instance at 0x7fd50da225a0>,62,22,[ 3 14],63,-1,115,-1,93
1,<environment.Job instance at 0x7fd50da22550>,63,15,[13  2],64,-1,108,-1,93
1,<environment.Job instance at 0x7fd50da22f50>,64,16,[11  3],65,-1,109,-1,93
1,<environment.Job instance at 0x7fd50da22500>,67,23,[9 3],68,-1,136,-1,113
1,<environment.Job instance at 0x7fd50da229b0>,68,23,[13  2],69,-1,136,-1,113
1,<environment.Job instance at 0x7fd50da22e10>,69,16,[ 3 14],70,-1,129,-1,113
1,<environment.Job instance at 0x7fd50da22640>,70,16,[13  5],71,-1,129,-1,113
1,<environment.Job instance at 0x7fd50d23aaf0>,73,17,[11  4],74,-1,130,-1,113
1,<environment.Job instance at 0x7fd50d23a640>,74,28,[13  5],75,-1,141,-1,113
1,<environment.Job instance at 0x7fd50d52e820>,75,27,[6 1],76,-1,153,-1,126
1,<environment.Job instance at 0x7fd50d52e8c0>,77,17,[ 5 11],78,-1,143,-1,126
1,<environment.Job instance at 0x7fd50d5d3730>,79,19,[ 5 12],80,-1,145,-1,126
1,<environment.Job instance at 0x7fd50d5d3320>,81,24,[14  3],82,-1,162,-1,138
1,<environment.Job instance at 0x7fd50dd54f00>,82,23,[ 1 14],83,-1,161,-1,138
1,<environment.Job instance at 0x7fd50dd02d70>,83,24,[12  2],84,-1,162,-1,138
1,<environment.Job instance at 0x7fd516ad10f0>,84,28,[3 6],85,-1,166,-1,138
1,<environment.Job instance at 0x7fd50e0c7be0>,85,21,[ 2 14],86,-1,159,-1,138
1,<environment.Job instance at 0x7fd517084eb0>,86,15,[13  5],87,-1,153,-1,138
1,<environment.Job instance at 0x7fd50d726730>,89,25,[ 3 10],90,-1,177,-1,152
1,<environment.Job instance at 0x7fd50d726aa0>,90,12,[ 1 12],91,-1,164,-1,152
1,<environment.Job instance at 0x7fd516a76320>,91,21,[ 2 12],92,-1,173,-1,152
1,<environment.Job instance at 0x7fd50dfae960>,92,15,[13  4],93,-1,167,-1,152
1,<environment.Job instance at 0x7fd50cfdefa0>,93,28,[3 8],94,-1,180,-1,152
1,<environment.Job instance at 0x7fd50d303b90>,94,24,[9 3],95,-1,176,-1,152
1,<environment.Job instance at 0x7fd50d303320>,95,28,[9 3],96,-1,180,-1,152
1,<environment.Job instance at 0x7fd50dc31730>,96,14,[11  3],97,-1,166,-1,152
1,<environment.Job instance at 0x7fd50e4ca280>,100,16,[ 5 12],101,-1,169,-1,153
1,<environment.Job instance at 0x7fd50e4ca370>,101,24,[13  4],102,-1,177,-1,153
1,<environment.Job instance at 0x7fd50db33f50>,2,14,[8 5],3,-1,18,-1,4
1,<environment.Job instance at 0x7fd50db33c80>,4,19,[6 4],5,-1,24,-1,5
1,<environment.Job instance at 0x7fd50db33460>,5,16,[1 6],6,-1,22,-1,6
1,<environment.Job instance at 0x7fd50db33dc0>,6,14,[1 8],7,-1,21,-1,7
1,<environment.Job instance at 0x7fd50db336e0>,7,22,[7 2],8,-1,30,-1,8
1,<environment.Job instance at 0x7fd50db332d0>,8,15,[10  1],9,-1,24,-1,9
1,<environment.Job instance at 0x7fd50d29da50>,3,13,[11  4],4,-1,24,-1,11
1,<environment.Job instance at 0x7fd50cd7f050>,15,20,[12  5],16,-1,36,-1,16
1,<environment.Job instance at 0x7fd50db33d20>,12,23,[4 6],13,-1,41,-1,18
1,<environment.Job instance at 0x7fd50cd7fb90>,14,21,[14  4],15,-1,40,-1,19
1,<environment.Job instance at 0x7fd50cd7fd20>,19,23,[5 3],20,-1,53,-1,30
1,<environment.Job instance at 0x7fd50db330a0>,13,16,[3 7],14,-1,48,-1,32
1,<environment.Job instance at 0x7fd50cd7f190>,18,14,[1 7],19,-1,46,-1,32
1,<environment.Job instance at 0x7fd50cd7f500>,24,27,[3 9],25,-1,59,-1,32
1,<environment.Job instance at 0x7fd50cd7f690>,23,17,[13  2],24,-1,50,-1,33
1,<environment.Job instance at 0x7fd50cd7f730>,27,26,[1 9],28,-1,61,-1,35
1,<environment.Job instance at 0x7fd50cd7f0f0>,28,25,[5 4],29,-1,60,-1,35
1,<environment.Job instance at 0x7fd50cd7fc30>,29,22,[ 2 10],30,-1,57,-1,35
1,<environment.Job instance at 0x7fd50db33410>,9,19,[ 4 11],10,-1,54,-1,35
1,<environment.Job instance at 0x7fd50cd7f320>,30,21,[13  4],31,-1,56,-1,35
1,<environment.Job instance at 0x7fd50cd7f8c0>,31,18,[3 9],32,-1,53,-1,35
1,<environment.Job instance at 0x7fd50db33c30>,11,26,[4 8],12,-1,63,-1,37
1,<environment.Job instance at 0x7fd50cd7fcd0>,25,23,[13  4],26,-1,60,-1,37
1,<environment.Job instance at 0x7fd50cd7f640>,22,19,[2 6],23,-1,56,-1,37
1,<environment.Job instance at 0x7fd50cd7f230>,32,12,[13  4],33,-1,49,-1,37
1,<environment.Job instance at 0x7fd50cd7ff50>,26,18,[2 5],27,-1,55,-1,37
1,<environment.Job instance at 0x7fd50cd7f870>,34,19,[12  3],35,-1,56,-1,37
1,<environment.Job instance at 0x7fd50cd4aa00>,35,17,[ 5 11],36,-1,54,-1,37
1,<environment.Job instance at 0x7fd50cd7f2d0>,21,25,[13  1],22,-1,63,-1,38
1,<environment.Job instance at 0x7fd50cd4aaa0>,37,17,[5 7],38,-1,55,-1,38
1,<environment.Job instance at 0x7fd50cd4abe0>,38,17,[6 2],39,-1,56,-1,39
1,<environment.Job instance at 0x7fd50dbd8aa0>,0,12,[ 3 14],1,-1,13,-1,1
1,<environment.Job instance at 0x7fd50d2415f0>,1,15,[ 4 13],2,-1,17,-1,2
1,<environment.Job instance at 0x7fd50d241690>,3,13,[11  4],4,-1,17,-1,4
1,<environment.Job instance at 0x7fd50d2594b0>,9,19,[ 4 11],10,-1,29,-1,10
1,<environment.Job instance at 0x7fd50d2595a0>,10,28,[ 3 11],11,-1,39,-1,11
1,<environment.Job instance at 0x7fd50d259690>,11,26,[4 8],12,-1,48,-1,22
1,<environment.Job instance at 0x7fd50d252be0>,14,21,[14  4],15,-1,43,-1,22
1,<environment.Job instance at 0x7fd50d25b550>,15,20,[12  5],16,-1,42,-1,22
1,<environment.Job instance at 0x7fd50d25b410>,16,14,[11  3],17,-1,36,-1,22
1,<environment.Job instance at 0x7fd50d25b5a0>,17,28,[ 2 14],18,-1,50,-1,22
1,<environment.Job instance at 0x7fd50d259e10>,12,23,[4 6],13,-1,45,-1,22
1,<environment.Job instance at 0x7fd50d257f00>,19,23,[5 3],20,-1,45,-1,22
1,<environment.Job instance at 0x7fd50d257fa0>,21,25,[13  1],22,-1,47,-1,22
1,<environment.Job instance at 0x7fd50d24d8c0>,23,17,[13  2],24,-1,41,-1,24
1,<environment.Job instance at 0x7fd50d24d960>,25,23,[13  4],26,-1,61,-1,38
1,<environment.Job instance at 0x7fd50d24d870>,24,27,[3 9],25,-1,65,-1,38
1,<environment.Job instance at 0x7fd50dcd4960>,27,26,[1 9],28,-1,64,-1,38
1,<environment.Job instance at 0x7fd50dcd4be0>,28,25,[5 4],29,-1,63,-1,38
1,<environment.Job instance at 0x7fd50dcd42d0>,30,21,[13  4],31,-1,59,-1,38
1,<environment.Job instance at 0x7fd50d250960>,32,12,[13  4],33,-1,50,-1,38
1,<environment.Job instance at 0x7fd50d2503c0>,34,19,[12  3],35,-1,57,-1,38
1,<environment.Job instance at 0x7fd50ddefc30>,35,17,[ 5 11],36,-1,55,-1,38
1,<environment.Job instance at 0x7fd50ddefd70>,39,18,[14  2],40,-1,74,-1,56
1,<environment.Job instance at 0x7fd50ddef870>,40,15,[14  3],41,-1,71,-1,56
1,<environment.Job instance at 0x7fd50ddefb40>,42,17,[12  2],43,-1,85,-1,68
1,<environment.Job instance at 0x7fd50ddebc80>,43,20,[ 5 12],44,-1,88,-1,68
1,<environment.Job instance at 0x7fd50ddeb960>,44,28,[ 5 11],45,-1,96,-1,68
1,<environment.Job instance at 0x7fd50d2490f0>,46,23,[ 5 11],47,-1,91,-1,68
1,<environment.Job instance at 0x7fd50ddefcd0>,36,28,[ 1 10],37,-1,100,-1,72
1,<environment.Job instance at 0x7fd50dbd18c0>,48,28,[14  5],49,-1,100,-1,72
1,<environment.Job instance at 0x7fd50d9a0280>,50,13,[12  1],51,-1,96,-1,83
1,<environment.Job instance at 0x7fd50d249c30>,51,28,[ 5 11],52,-1,111,-1,83
1,<environment.Job instance at 0x7fd50d5e4b40>,53,18,[ 4 11],54,-1,103,-1,85
1,<environment.Job instance at 0x7fd50d0f05a0>,55,19,[14  5],56,-1,104,-1,85
1,<environment.Job instance at 0x7fd50d9932d0>,56,24,[11  2],57,-1,109,-1,85
1,<environment.Job instance at 0x7fd50dc06c30>,54,28,[7 4],55,-1,128,-1,100
1,<environment.Job instance at 0x7fd50d0d66e0>,58,13,[14  2],59,-1,113,-1,100
1,<environment.Job instance at 0x7fd50dcec500>,59,13,[ 4 14],60,-1,113,-1,100
1,<environment.Job instance at 0x7fd50dcec5f0>,60,24,[8 2],61,-1,124,-1,100
1,<environment.Job instance at 0x7fd50ddeb280>,47,24,[10  2],48,-1,124,-1,100
1,<environment.Job instance at 0x7fd50dcecd70>,63,26,[13  5],64,-1,126,-1,100
1,<environment.Job instance at 0x7fd50dcec640>,64,17,[ 4 14],65,-1,117,-1,100
1,<environment.Job instance at 0x7fd50d26b640>,65,15,[11  2],66,-1,115,-1,100
1,<environment.Job instance at 0x7fd50d26b550>,66,16,[ 4 14],67,-1,116,-1,100
1,<environment.Job instance at 0x7fd50d26bd70>,67,25,[ 4 11],68,-1,125,-1,100
1,<environment.Job instance at 0x7fd50e267370>,68,20,[ 1 14],69,-1,120,-1,100
1,<environment.Job instance at 0x7fd50d26b5f0>,69,20,[ 2 11],70,-1,120,-1,100
1,<environment.Job instance at 0x7fd50e267a50>,70,15,[ 1 13],71,-1,115,-1,100
1,<environment.Job instance at 0x7fd50d64e500>,71,16,[ 3 12],72,-1,116,-1,100
1,<environment.Job instance at 0x7fd50d64e690>,73,23,[5 6],74,-1,123,-1,100
1,<environment.Job instance at 0x7fd50d64e410>,74,24,[5 6],75,-1,124,-1,100
1,<environment.Job instance at 0x7fd50d64e370>,76,24,[ 5 14],77,-1,124,-1,100
1,<environment.Job instance at 0x7fd50dd43780>,78,26,[ 5 13],79,-1,126,-1,100
1,<environment.Job instance at 0x7fd50d64e140>,79,13,[12  2],80,-1,113,-1,100
1,<environment.Job instance at 0x7fd50d64ec30>,80,24,[ 5 13],81,-1,124,-1,100
1,<environment.Job instance at 0x7fd50d58c280>,81,23,[ 5 12],82,-1,123,-1,100
1,<environment.Job instance at 0x7fd50e281dc0>,82,15,[14  2],83,-1,115,-1,100
1,<environment.Job instance at 0x7fd50e2590f0>,83,25,[ 2 12],84,-1,125,-1,100
1,<environment.Job instance at 0x7fd50d99f690>,85,24,[14  2],86,-1,126,-1,102
1,<environment.Job instance at 0x7fd50d313140>,86,15,[ 5 12],87,-1,117,-1,102
1,<environment.Job instance at 0x7fd50ddd5280>,89,19,[ 4 13],90,-1,135,-1,116
1,<environment.Job instance at 0x7fd50ddd5320>,90,21,[ 5 13],91,-1,137,-1,116
1,<environment.Job instance at 0x7fd50ddd5640>,88,27,[2 9],89,-1,165,-1,138
1,<environment.Job instance at 0x7fd50ddd5550>,93,23,[6 3],94,-1,168,-1,145
1,<environment.Job instance at 0x7fd50ddd5190>,92,24,[7 1],93,-1,170,-1,146
1,<environment.Job instance at 0x7fd50d5c7550>,96,16,[14  5],97,-1,162,-1,146
1,<environment.Job instance at 0x7fd50e2425f0>,97,18,[ 4 11],98,-1,164,-1,146
1,<environment.Job instance at 0x7fd50d5e9b40>,98,25,[2 5],99,-1,171,-1,146
1,<environment.Job instance at 0x7fd50d5e9960>,99,13,[12  3],100,-1,159,-1,146
1,<environment.Job instance at 0x7fd50dfe77d0>,100,25,[10  2],101,-1,171,-1,146
1,<environment.Job instance at 0x7fd50dfe7a00>,101,28,[ 5 14],102,-1,174,-1,146
1,<environment.Job instance at 0x7fd50da35d20>,103,17,[12  5],104,-1,163,-1,146
1,<environment.Job instance at 0x7fd50db9e7d0>,105,27,[13  3],106,-1,183,-1,156
1,<environment.Job instance at 0x7fd50e3dfbe0>,2,16,[8 2],3,-1,20,-1,4
1,<environment.Job instance at 0x7fd50e3df5f0>,5,28,[8 4],6,-1,34,-1,6
1,<environment.Job instance at 0x7fd50e3df3c0>,8,15,[ 5 11],9,-1,27,-1,12
1,<environment.Job instance at 0x7fd50dabff00>,0,14,[14  5],1,-1,15,-1,1
1,<environment.Job instance at 0x7fd50dabf050>,1,14,[ 3 12],2,-1,16,-1,2
1,<environment.Job instance at 0x7fd50d2356e0>,3,19,[ 4 11],4,-1,23,-1,4
1,<environment.Job instance at 0x7fd50e18a0a0>,6,17,[13  5],7,-1,24,-1,7
1,<environment.Job instance at 0x7fd50ddf60f0>,7,17,[ 4 13],8,-1,25,-1,8
1,<environment.Job instance at 0x7fd50ddf6550>,8,15,[ 5 11],9,-1,24,-1,9
1,<environment.Job instance at 0x7fd50ddf6f50>,9,13,[14  4],10,-1,23,-1,10
1,<environment.Job instance at 0x7fd50ddf6140>,10,15,[13  5],11,-1,26,-1,11
1,<environment.Job instance at 0x7fd50e078fa0>,12,28,[13  3],13,-1,41,-1,13
1,<environment.Job instance at 0x7fd50e01eb40>,13,25,[ 1 14],14,-1,39,-1,14
1,<environment.Job instance at 0x7fd50de01af0>,14,19,[13  4],15,-1,34,-1,15
1,<environment.Job instance at 0x7fd50e078a00>,16,16,[ 5 13],17,-1,33,-1,17
1,<environment.Job instance at 0x7fd50de01780>,17,25,[ 4 11],18,-1,43,-1,18
1,<environment.Job instance at 0x7fd50da082d0>,5,28,[8 4],6,-1,47,-1,19
1,<environment.Job instance at 0x7fd50ce38d20>,20,26,[ 1 11],21,-1,47,-1,21
1,<environment.Job instance at 0x7fd50ce38960>,21,23,[ 3 13],22,-1,45,-1,22
1,<environment.Job instance at 0x7fd50de01820>,23,20,[11  5],24,-1,44,-1,24
1,<environment.Job instance at 0x7fd517083280>,25,18,[12  1],26,-1,44,-1,26
1,<environment.Job instance at 0x7fd50dce0b90>,29,23,[6 1],30,-1,58,-1,35
1,<environment.Job instance at 0x7fd50d78f280>,32,16,[ 2 14],33,-1,51,-1,35
1,<environment.Job instance at 0x7fd50dce0cd0>,30,27,[2 7],31,-1,72,-1,45
1,<environment.Job instance at 0x7fd50d84f460>,35,13,[11  4],36,-1,58,-1,45
1,<environment.Job instance at 0x7fd50da35230>,36,13,[ 4 14],37,-1,58,-1,45
1,<environment.Job instance at 0x7fd50ce38320>,22,26,[4 9],23,-1,81,-1,55
1,<environment.Job instance at 0x7fd50ddd5960>,40,28,[14  4],41,-1,83,-1,55
1,<environment.Job instance at 0x7fd50ddd51e0>,41,23,[1 5],42,-1,78,-1,55
1,<environment.Job instance at 0x7fd50ddd50f0>,42,24,[ 5 13],43,-1,79,-1,55
1,<environment.Job instance at 0x7fd50ddd5190>,38,24,[ 1 10],39,-1,79,-1,55
1,<environment.Job instance at 0x7fd50ddd5b40>,44,23,[4 8],45,-1,78,-1,55
1,<environment.Job instance at 0x7fd50da35320>,33,27,[10  1],34,-1,87,-1,60
1,<environment.Job instance at 0x7fd50e281870>,48,21,[13  1],49,-1,81,-1,60
1,<environment.Job instance at 0x7fd50e281640>,49,12,[ 5 12],50,-1,72,-1,60
1,<environment.Job instance at 0x7fd50d64e230>,50,26,[ 2 13],51,-1,86,-1,60
1,<environment.Job instance at 0x7fd50d64e2d0>,52,19,[ 4 13],53,-1,86,-1,67
1,<environment.Job instance at 0x7fd50d64e460>,53,21,[ 4 14],54,-1,88,-1,67
1,<environment.Job instance at 0x7fd50d64e320>,54,17,[ 4 12],55,-1,84,-1,67
1,<environment.Job instance at 0x7fd50d64e1e0>,55,26,[6 5],56,-1,93,-1,67
1,<environment.Job instance at 0x7fd50d64e640>,56,14,[12  1],57,-1,81,-1,67
1,<environment.Job instance at 0x7fd50d64e3c0>,57,22,[13  2],58,-1,89,-1,67
1,<environment.Job instance at 0x7fd50d64e4b0>,58,20,[14  5],59,-1,87,-1,67
1,<environment.Job instance at 0x7fd50e267370>,59,16,[ 4 14],60,-1,83,-1,67
1,<environment.Job instance at 0x7fd50d26bd70>,60,13,[ 4 12],61,-1,80,-1,67
1,<environment.Job instance at 0x7fd50e267b40>,61,24,[10  5],62,-1,91,-1,67
1,<environment.Job instance at 0x7fd50d930050>,62,26,[ 2 14],63,-1,93,-1,67
1,<environment.Job instance at 0x7fd50d99f820>,47,26,[2 8],48,-1,93,-1,67
1,<environment.Job instance at 0x7fd50dcecd70>,66,20,[ 3 11],67,-1,95,-1,75
1,<environment.Job instance at 0x7fd50dcecdc0>,67,14,[ 2 12],68,-1,89,-1,75
1,<environment.Job instance at 0x7fd50dcec960>,68,15,[12  3],69,-1,90,-1,75
1,<environment.Job instance at 0x7fd516f537d0>,69,18,[14  2],70,-1,93,-1,75
1,<environment.Job instance at 0x7fd50d0d6550>,70,15,[12  5],71,-1,90,-1,75
1,<environment.Job instance at 0x7fd50d289820>,73,23,[5 9],74,-1,127,-1,104
1,<environment.Job instance at 0x7fd50dbd1320>,76,24,[ 2 13],77,-1,128,-1,104
1,<environment.Job instance at 0x7fd50d249730>,77,12,[13  4],78,-1,116,-1,104
1,<environment.Job instance at 0x7fd50d2490a0>,78,13,[ 1 11],79,-1,117,-1,104
1,<environment.Job instance at 0x7fd50d249f00>,79,25,[ 5 11],80,-1,129,-1,104
1,<environment.Job instance at 0x7fd50ddeb0f0>,81,23,[ 1 13],82,-1,127,-1,104
1,<environment.Job instance at 0x7fd50ddeb0a0>,82,28,[8 4],83,-1,139,-1,111
1,<environment.Job instance at 0x7fd50ddef870>,83,27,[ 3 12],84,-1,138,-1,111
1,<environment.Job instance at 0x7fd50ddefb40>,84,14,[ 2 14],85,-1,125,-1,111
1,<environment.Job instance at 0x7fd50ddefd70>,85,15,[11  1],86,-1,126,-1,111
1,<environment.Job instance at 0x7fd50ddeff00>,89,23,[ 4 10],90,-1,156,-1,133
1,<environment.Job instance at 0x7fd50d250410>,91,24,[1 6],92,-1,157,-1,133
1,<environment.Job instance at 0x7fd50d250fa0>,92,16,[ 3 11],93,-1,149,-1,133
1,<environment.Job instance at 0x7fd50dcd4910>,94,23,[14  4],95,-1,156,-1,133
1,<environment.Job instance at 0x7fd50dcd4be0>,95,16,[14  4],96,-1,149,-1,133
1,<environment.Job instance at 0x7fd50dcd4050>,96,26,[ 1 10],97,-1,174,-1,148
1,<environment.Job instance at 0x7fd50d24da00>,98,24,[ 4 11],99,-1,172,-1,148
1,<environment.Job instance at 0x7fd50d24dd20>,99,28,[1 7],100,-1,176,-1,148
1,<environment.Job instance at 0x7fd50d257fa0>,101,18,[13  2],102,-1,166,-1,148
1,<environment.Job instance at 0x7fd50d2573c0>,102,24,[14  4],103,-1,172,-1,148
1,<environment.Job instance at 0x7fd50dfa9780>,1,17,[13  4],2,-1,19,-1,2
1,<environment.Job instance at 0x7fd50dfa9af0>,2,27,[7 4],3,-1,30,-1,3
1,<environment.Job instance at 0x7fd50dfa9960>,3,14,[ 5 12],4,-1,18,-1,4
1,<environment.Job instance at 0x7fd50dfa9c80>,4,23,[13  4],5,-1,28,-1,5
1,<environment.Job instance at 0x7fd50dfa9550>,6,15,[14  3],7,-1,22,-1,7
1,<environment.Job instance at 0x7fd50dfa9870>,10,17,[ 5 13],11,-1,28,-1,11
1,<environment.Job instance at 0x7fd50dfa9a50>,7,25,[ 3 10],8,-1,38,-1,13
1,<environment.Job instance at 0x7fd50dfa9b40>,13,21,[13  1],14,-1,35,-1,14
1,<environment.Job instance at 0x7fd50dfa9410>,16,27,[11  3],17,-1,44,-1,17
1,<environment.Job instance at 0x7fd50e0a86e0>,22,24,[8 5],23,-1,51,-1,27
1,<environment.Job instance at 0x7fd50e0a8960>,23,14,[14  1],24,-1,41,-1,27
1,<environment.Job instance at 0x7fd50e3df140>,24,24,[8 5],25,-1,51,-1,27
1,<environment.Job instance at 0x7fd50e3df320>,25,22,[13  5],26,-1,49,-1,27
1,<environment.Job instance at 0x7fd50dfa9aa0>,11,28,[10  2],12,-1,60,-1,32
1,<environment.Job instance at 0x7fd50dfa93c0>,12,24,[9 3],13,-1,56,-1,32
1,<environment.Job instance at 0x7fd50d241690>,29,17,[ 5 13],30,-1,49,-1,32
1,<environment.Job instance at 0x7fd50d241230>,30,26,[ 3 14],31,-1,58,-1,32
1,<environment.Job instance at 0x7fd50dbd8aa0>,32,26,[ 1 10],33,-1,73,-1,47
1,<environment.Job instance at 0x7fd50d259be0>,33,26,[4 8],34,-1,73,-1,47
1,<environment.Job instance at 0x7fd50d259690>,36,15,[ 4 12],37,-1,76,-1,61
1,<environment.Job instance at 0x7fd50d252be0>,38,20,[ 4 13],39,-1,94,-1,74
1,<environment.Job instance at 0x7fd50d25b5a0>,39,25,[4 8],40,-1,99,-1,74
1,<environment.Job instance at 0x7fd50d25b550>,41,18,[14  3],42,-1,92,-1,74
1,<environment.Job instance at 0x7fd50d257320>,43,15,[ 5 11],44,-1,89,-1,74
1,<environment.Job instance at 0x7fd50d2573c0>,44,24,[7 4],45,-1,111,-1,87
1,<environment.Job instance at 0x7fd50d24dd20>,46,27,[13  2],47,-1,114,-1,87
1,<environment.Job instance at 0x7fd50dcd4c30>,49,27,[5 7],50,-1,133,-1,106
1,<environment.Job instance at 0x7fd50dcd4a50>,51,24,[ 4 12],52,-1,131,-1,107
1,<environment.Job instance at 0x7fd50dcd42d0>,52,12,[14  4],53,-1,119,-1,107
1,<environment.Job instance at 0x7fd50dcd4e60>,53,28,[5 5],54,-1,144,-1,116
1,<environment.Job instance at 0x7fd50d2502d0>,54,18,[12  3],55,-1,134,-1,116
1,<environment.Job instance at 0x7fd50d250410>,56,21,[ 4 14],57,-1,137,-1,116
1,<environment.Job instance at 0x7fd50ddef280>,58,25,[1 7],59,-1,158,-1,133
1,<environment.Job instance at 0x7fd50ddef140>,60,25,[ 2 11],61,-1,158,-1,133
1,<environment.Job instance at 0x7fd50ddefe60>,62,28,[9 3],63,-1,177,-1,149
1,<environment.Job instance at 0x7fd50ddeb0a0>,63,21,[12  3],64,-1,170,-1,149
1,<environment.Job instance at 0x7fd50ddeb960>,64,28,[11  3],65,-1,177,-1,149
1,<environment.Job instance at 0x7fd50ddefd70>,61,26,[1 9],62,-1,175,-1,149
1,<environment.Job instance at 0x7fd50d249f00>,66,20,[ 4 11],67,-1,169,-1,149
1,<environment.Job instance at 0x7fd50d9a0280>,67,27,[ 3 13],68,-1,176,-1,149
1,<environment.Job instance at 0x7fd50d249730>,68,22,[ 2 11],69,-1,171,-1,149
1,<environment.Job instance at 0x7fd50d249eb0>,69,24,[ 2 13],70,-1,173,-1,149
1,<environment.Job instance at 0x7fd50d20fc80>,4,18,[ 3 11],5,-1,24,-1,6
1,<environment.Job instance at 0x7fd50d20f8c0>,7,24,[5 2],8,-1,32,-1,8
1,<environment.Job instance at 0x7fd50d20f6e0>,16,26,[10  4],17,-1,74,-1,48
1,<environment.Job instance at 0x7fd50db93eb0>,0,13,[14  1],1,-1,14,-1,1
1,<environment.Job instance at 0x7fd50e03a370>,3,16,[ 2 12],4,-1,20,-1,4
1,<environment.Job instance at 0x7fd50e03a4b0>,4,18,[ 3 11],5,-1,23,-1,5
1,<environment.Job instance at 0x7fd50e03abe0>,6,15,[ 1 14],7,-1,22,-1,7
1,<environment.Job instance at 0x7fd50d4a02d0>,7,24,[5 2],8,-1,32,-1,8
1,<environment.Job instance at 0x7fd50e03f500>,8,23,[ 2 13],9,-1,32,-1,9
1,<environment.Job instance at 0x7fd50e03acd0>,9,13,[14  1],10,-1,23,-1,10
1,<environment.Job instance at 0x7fd50e03f5f0>,10,22,[ 1 11],11,-1,33,-1,11
1,<environment.Job instance at 0x7fd50e03f690>,12,13,[ 3 12],13,-1,26,-1,13
1,<environment.Job instance at 0x7fd50e058fa0>,13,14,[ 2 11],14,-1,28,-1,14
1,<environment.Job instance at 0x7fd50e046aa0>,16,26,[10  4],17,-1,43,-1,17
1,<environment.Job instance at 0x7fd50e058190>,11,23,[3 8],12,-1,43,-1,20
1,<environment.Job instance at 0x7fd50e046460>,18,24,[ 4 13],19,-1,44,-1,20
1,<environment.Job instance at 0x7fd50e058280>,14,25,[5 8],15,-1,45,-1,20
1,<environment.Job instance at 0x7fd50de149b0>,22,15,[11  1],23,-1,38,-1,23
1,<environment.Job instance at 0x7fd50d1f61e0>,25,23,[ 3 12],26,-1,49,-1,26
1,<environment.Job instance at 0x7fd50d1f6320>,27,28,[5 9],28,-1,68,-1,40
1,<environment.Job instance at 0x7fd50d2086e0>,29,14,[11  2],30,-1,54,-1,40
1,<environment.Job instance at 0x7fd50d208be0>,30,28,[14  3],31,-1,68,-1,40
1,<environment.Job instance at 0x7fd50d2088c0>,31,22,[ 5 12],32,-1,62,-1,40
1,<environment.Job instance at 0x7fd50d608f50>,32,16,[11  2],33,-1,56,-1,40
1,<environment.Job instance at 0x7fd50d5f7e60>,34,27,[11  3],35,-1,67,-1,40
1,<environment.Job instance at 0x7fd50d20a7d0>,36,27,[ 2 11],37,-1,67,-1,40
1,<environment.Job instance at 0x7fd50d20aaf0>,37,28,[13  3],38,-1,68,-1,40
1,<environment.Job instance at 0x7fd50d20a690>,40,27,[ 2 12],41,-1,74,-1,47
1,<environment.Job instance at 0x7fd50d2198c0>,42,12,[11  1],43,-1,59,-1,47
1,<environment.Job instance at 0x7fd50d4b0730>,45,19,[ 3 11],46,-1,81,-1,62
1,<environment.Job instance at 0x7fd50e02f6e0>,46,25,[ 1 14],47,-1,87,-1,62
1,<environment.Job instance at 0x7fd50e37a230>,47,24,[8 2],48,-1,86,-1,62
1,<environment.Job instance at 0x7fd50e37a9b0>,48,26,[14  4],49,-1,88,-1,62
1,<environment.Job instance at 0x7fd50de30280>,39,23,[9 5],40,-1,85,-1,62
1,<environment.Job instance at 0x7fd50e02f730>,50,23,[ 1 11],51,-1,85,-1,62
1,<environment.Job instance at 0x7fd50e38dd20>,54,24,[4 7],55,-1,99,-1,75
1,<environment.Job instance at 0x7fd50d21ad70>,55,22,[ 4 14],56,-1,97,-1,75
1,<environment.Job instance at 0x7fd50e03baa0>,56,21,[13  5],57,-1,96,-1,75
1,<environment.Job instance at 0x7fd50dba7c30>,52,23,[8 1],53,-1,110,-1,87
1,<environment.Job instance at 0x7fd50d487a00>,61,27,[ 3 13],62,-1,118,-1,91
1,<environment.Job instance at 0x7fd50d47cb90>,63,17,[ 2 12],64,-1,116,-1,99
1,<environment.Job instance at 0x7fd50d498e10>,62,27,[4 8],63,-1,135,-1,108
1,<environment.Job instance at 0x7fd50dd6b870>,65,15,[12  3],66,-1,123,-1,108
1,<environment.Job instance at 0x7fd50e0308c0>,71,28,[1 7],72,-1,170,-1,142
1,<environment.Job instance at 0x7fd50e030d70>,73,14,[ 1 13],74,-1,156,-1,142
1,<environment.Job instance at 0x7fd50e030f00>,70,27,[10  3],71,-1,181,-1,154
1,<environment.Job instance at 0x7fd50d22efa0>,75,13,[13  5],76,-1,167,-1,154
1,<environment.Job instance at 0x7fd50d4844b0>,76,21,[12  1],77,-1,175,-1,154
1,<environment.Job instance at 0x7fd50d1fc910>,78,24,[ 2 12],79,-1,178,-1,154
1,<environment.Job instance at 0x7fd50d484460>,74,23,[3 9],75,-1,179,-1,156
1,<environment.Job instance at 0x7fd50d60c280>,80,17,[ 5 14],81,-1,173,-1,156
1,<environment.Job instance at 0x7fd50d1fc8c0>,79,23,[3 9],80,-1,180,-1,157
1,<environment.Job instance at 0x7fd50dd5e690>,82,23,[ 5 13],83,-1,180,-1,157
1,<environment.Job instance at 0x7fd50dd5e050>,83,15,[ 3 13],84,-1,172,-1,157
1,<environment.Job instance at 0x7fd50d2f4b90>,0,27,[9 5],1,-1,28,-1,1
1,<environment.Job instance at 0x7fd50d2f4aa0>,1,17,[7 5],2,-1,19,-1,2
1,<environment.Job instance at 0x7fd50d2b6cd0>,13,18,[12  2],14,-1,171,-1,153
1,<environment.Job instance at 0x7fd50d2b6fa0>,21,25,[3 6],22,-1,178,-1,153
1,<environment.Job instance at 0x7fd50d2c2820>,26,12,[ 2 12],27,-1,165,-1,153
1,<environment.Job instance at 0x7fd50d2c2690>,27,21,[5 2],28,-1,175,-1,154
1,<environment.Job instance at 0x7fd50d2c2c30>,28,16,[8 1],29,-1,171,-1,155
1,<environment.Job instance at 0x7fd50d2c2870>,29,18,[ 5 13],30,-1,173,-1,155
1,<environment.Job instance at 0x7fd50d2c2be0>,30,13,[14  4],31,-1,168,-1,155
1,<environment.Job instance at 0x7fd50d2c2f50>,24,24,[7 3],25,-1,179,-1,155
1,<environment.Job instance at 0x7fd50d2c2a50>,32,16,[ 2 13],33,-1,171,-1,155
1,<environment.Job instance at 0x7fd50d2b6c30>,14,28,[ 1 13],15,-1,186,-1,158
1,<environment.Job instance at 0x7fd50d2c2780>,33,24,[7 1],34,-1,183,-1,159
1,<environment.Job instance at 0x7fd50d2c2b90>,35,17,[3 5],36,-1,176,-1,159
1,<environment.Job instance at 0x7fd50dd4b190>,0,27,[9 5],1,-1,28,-1,1
1,<environment.Job instance at 0x7fd50e37a370>,2,19,[ 5 13],3,-1,22,-1,3
1,<environment.Job instance at 0x7fd50de30a50>,3,28,[7 5],4,-1,32,-1,4
1,<environment.Job instance at 0x7fd50cb4a050>,5,15,[14  5],6,-1,21,-1,6
1,<environment.Job instance at 0x7fd50cb4a140>,6,21,[14  5],7,-1,28,-1,7
1,<environment.Job instance at 0x7fd50d441eb0>,7,26,[11  1],8,-1,34,-1,8
1,<environment.Job instance at 0x7fd50d5f73c0>,13,18,[12  2],14,-1,37,-1,19
1,<environment.Job instance at 0x7fd50d5f7b90>,14,28,[ 1 13],15,-1,47,-1,19
1,<environment.Job instance at 0x7fd516b02910>,18,25,[ 2 14],19,-1,44,-1,19
1,<environment.Job instance at 0x7fd50d5f7e60>,12,26,[5 9],13,-1,45,-1,19
1,<environment.Job instance at 0x7fd516a69f50>,20,18,[ 1 13],21,-1,56,-1,38
1,<environment.Job instance at 0x7fd50dcf2910>,23,18,[11  3],24,-1,65,-1,47
1,<environment.Job instance at 0x7fd50dc06dc0>,21,25,[3 6],22,-1,86,-1,61
1,<environment.Job instance at 0x7fd50d6c8230>,24,24,[7 3],25,-1,85,-1,61
1,<environment.Job instance at 0x7fd50e11c690>,26,12,[ 2 12],27,-1,73,-1,61
1,<environment.Job instance at 0x7fd50ce693c0>,29,18,[ 5 13],30,-1,79,-1,61
1,<environment.Job instance at 0x7fd50de48960>,30,13,[14  4],31,-1,74,-1,61
1,<environment.Job instance at 0x7fd50cb72a50>,32,16,[ 2 13],33,-1,84,-1,68
1,<environment.Job instance at 0x7fd50da1b5a0>,33,24,[7 1],34,-1,98,-1,74
1,<environment.Job instance at 0x7fd50d221320>,37,14,[13  5],38,-1,98,-1,84
1,<environment.Job instance at 0x7fd50dc385f0>,38,27,[ 4 13],39,-1,111,-1,84
1,<environment.Job instance at 0x7fd50e134c80>,40,18,[ 2 13],41,-1,102,-1,84
1,<environment.Job instance at 0x7fd50e134370>,42,17,[11  1],43,-1,107,-1,90
1,<environment.Job instance at 0x7fd50de20a50>,43,13,[12  1],44,-1,103,-1,90
1,<environment.Job instance at 0x7fd50de203c0>,44,27,[ 2 10],45,-1,123,-1,96
1,<environment.Job instance at 0x7fd50de120a0>,47,23,[ 1 14],48,-1,119,-1,96
1,<environment.Job instance at 0x7fd50e49d1e0>,49,23,[12  5],50,-1,133,-1,110
1,<environment.Job instance at 0x7fd50d9e4af0>,50,13,[12  1],51,-1,123,-1,110
1,<environment.Job instance at 0x7fd50d9e4550>,51,27,[10  4],52,-1,138,-1,111
1,<environment.Job instance at 0x7fd50e129460>,52,28,[ 4 14],53,-1,139,-1,111
1,<environment.Job instance at 0x7fd50e1293c0>,53,23,[ 2 11],54,-1,134,-1,111
1,<environment.Job instance at 0x7fd50cdac410>,56,23,[10  5],57,-1,147,-1,124
1,<environment.Job instance at 0x7fd50cdac550>,57,25,[14  5],58,-1,149,-1,124
1,<environment.Job instance at 0x7fd50db3a550>,54,27,[3 8],55,-1,154,-1,127
1,<environment.Job instance at 0x7fd50e43e2d0>,59,16,[ 4 11],60,-1,143,-1,127
1,<environment.Job instance at 0x7fd50d61b410>,61,14,[13  4],62,-1,141,-1,127
1,<environment.Job instance at 0x7fd50e43e0f0>,58,23,[4 9],59,-1,150,-1,127
1,<environment.Job instance at 0x7fd50d52e6e0>,65,24,[11  5],66,-1,152,-1,128
1,<environment.Job instance at 0x7fd50e1c27d0>,66,27,[8 3],67,-1,167,-1,140
1,<environment.Job instance at 0x7fd50e1c2a50>,67,28,[13  3],68,-1,168,-1,140
1,<environment.Job instance at 0x7fd50e1c2c80>,68,26,[ 4 11],69,-1,166,-1,140
1,<environment.Job instance at 0x7fd50e1c2a00>,69,19,[12  4],70,-1,159,-1,140
1,<environment.Job instance at 0x7fd50de4cbe0>,70,12,[ 5 13],71,-1,152,-1,140
1,<environment.Job instance at 0x7fd50de4c320>,71,18,[12  2],72,-1,158,-1,140
1,<environment.Job instance at 0x7fd50cb699b0>,73,23,[11  5],74,-1,163,-1,140
1,<environment.Job instance at 0x7fd50cb69a00>,74,22,[11  1],75,-1,162,-1,140
1,<environment.Job instance at 0x7fd50d1f2c80>,76,16,[ 1 13],77,-1,156,-1,140
1,<environment.Job instance at 0x7fd50d1f24b0>,77,18,[ 3 13],78,-1,158,-1,140
1,<environment.Job instance at 0x7fd50d6f4d20>,78,28,[13  1],79,-1,168,-1,140
1,<environment.Job instance at 0x7fd50d5c5af0>,79,27,[ 2 14],80,-1,167,-1,140
1,<environment.Job instance at 0x7fd50d5c5d20>,80,27,[ 3 13],81,-1,167,-1,140
1,<environment.Job instance at 0x7fd50d5c5280>,81,15,[13  2],82,-1,155,-1,140
1,<environment.Job instance at 0x7fd50d630be0>,83,19,[ 5 12],84,-1,161,-1,142
1,<environment.Job instance at 0x7fd50d630fa0>,84,28,[8 4],85,-1,182,-1,154
1,<environment.Job instance at 0x7fd50d630870>,85,12,[11  3],86,-1,166,-1,154
1,<environment.Job instance at 0x7fd50d6307d0>,86,27,[13  3],87,-1,181,-1,154
1,<environment.Job instance at 0x7fd50d6309b0>,87,23,[4 7],88,-1,177,-1,154
1,<environment.Job instance at 0x7fd50cdad690>,89,16,[ 3 11],90,-1,170,-1,154
1,<environment.Job instance at 0x7fd50cdadc80>,90,15,[ 3 13],91,-1,169,-1,154
1,<environment.Job instance at 0x7fd50cdad730>,91,12,[ 1 11],92,-1,166,-1,154
1,<environment.Job instance at 0x7fd50e101af0>,92,23,[ 5 11],93,-1,177,-1,154
1,<environment.Job instance at 0x7fd50da26e60>,0,28,[11  2],1,-1,29,-1,1
1,<environment.Job instance at 0x7fd50da261e0>,1,15,[14  4],2,-1,17,-1,2
1,<environment.Job instance at 0x7fd50da26c30>,2,13,[ 5 13],3,-1,16,-1,3
1,<environment.Job instance at 0x7fd50da26eb0>,3,12,[ 3 12],4,-1,16,-1,4
1,<environment.Job instance at 0x7fd50da267d0>,4,20,[11  1],5,-1,25,-1,5
1,<environment.Job instance at 0x7fd50e431b90>,5,17,[ 2 14],6,-1,23,-1,6
1,<environment.Job instance at 0x7fd50da265a0>,6,13,[ 1 12],7,-1,20,-1,7
1,<environment.Job instance at 0x7fd50d114eb0>,7,18,[14  3],8,-1,26,-1,8
1,<environment.Job instance at 0x7fd50d114280>,8,28,[5 3],9,-1,37,-1,9
1,<environment.Job instance at 0x7fd50d664e10>,9,23,[12  1],10,-1,33,-1,10
1,<environment.Job instance at 0x7fd50d114500>,10,21,[13  1],11,-1,32,-1,11
1,<environment.Job instance at 0x7fd50d664960>,11,23,[12  2],12,-1,35,-1,12
1,<environment.Job instance at 0x7fd516a89dc0>,12,24,[11  2],13,-1,37,-1,13
1,<environment.Job instance at 0x7fd50cb3fcd0>,15,28,[ 1 13],16,-1,44,-1,16
1,<environment.Job instance at 0x7fd50d26d0a0>,19,12,[12  5],20,-1,32,-1,20
1,<environment.Job instance at 0x7fd50d729370>,18,25,[8 1],19,-1,57,-1,32
1,<environment.Job instance at 0x7fd50d6ed370>,23,21,[13  2],24,-1,53,-1,32
1,<environment.Job instance at 0x7fd50d6edcd0>,25,23,[11  5],26,-1,55,-1,32
1,<environment.Job instance at 0x7fd50d6edeb0>,26,18,[ 5 13],27,-1,50,-1,32
1,<environment.Job instance at 0x7fd50df54f50>,27,28,[7 3],28,-1,60,-1,32
1,<environment.Job instance at 0x7fd50df545a0>,28,25,[4 8],29,-1,57,-1,32
1,<environment.Job instance at 0x7fd50df54140>,30,16,[13  2],31,-1,48,-1,32
1,<environment.Job instance at 0x7fd50e101fa0>,34,28,[13  5],35,-1,72,-1,44
1,<environment.Job instance at 0x7fd50d5c5d20>,35,23,[9 3],36,-1,67,-1,44
1,<environment.Job instance at 0x7fd50d5c5c30>,36,23,[8 1],37,-1,67,-1,44
1,<environment.Job instance at 0x7fd50de4c870>,37,21,[13  4],38,-1,65,-1,44
1,<environment.Job instance at 0x7fd50de4cfa0>,38,23,[4 8],39,-1,67,-1,44
1,<environment.Job instance at 0x7fd50e1c2a00>,40,21,[ 3 13],41,-1,65,-1,44
1,<environment.Job instance at 0x7fd50e1c2c30>,41,18,[13  1],42,-1,62,-1,44
1,<environment.Job instance at 0x7fd50e1c27d0>,42,13,[ 4 12],43,-1,57,-1,44
1,<environment.Job instance at 0x7fd50e1c2a50>,43,25,[3 9],44,-1,83,-1,58
1,<environment.Job instance at 0x7fd50d52e6e0>,44,25,[3 8],45,-1,83,-1,58
1,<environment.Job instance at 0x7fd50db3a550>,45,23,[ 1 13],46,-1,81,-1,58
1,<environment.Job instance at 0x7fd50db3a410>,46,15,[14  3],47,-1,73,-1,58
1,<environment.Job instance at 0x7fd50d9e4320>,47,20,[ 2 11],48,-1,78,-1,58
1,<environment.Job instance at 0x7fd50d9e4280>,48,17,[ 3 12],49,-1,75,-1,58
1,<environment.Job instance at 0x7fd50de121e0>,50,14,[12  2],51,-1,72,-1,58
1,<environment.Job instance at 0x7fd50de48960>,52,19,[ 2 14],53,-1,77,-1,58
1,<environment.Job instance at 0x7fd50de4bdc0>,53,15,[12  5],54,-1,73,-1,58
1,<environment.Job instance at 0x7fd50dc385f0>,55,28,[ 3 12],56,-1,86,-1,58
1,<environment.Job instance at 0x7fd50dc38c30>,54,25,[2 6],55,-1,96,-1,71
1,<environment.Job instance at 0x7fd516b02910>,59,12,[11  1],60,-1,85,-1,73
1,<environment.Job instance at 0x7fd50e0a6f00>,60,15,[13  5],61,-1,88,-1,73
1,<environment.Job instance at 0x7fd50dc06dc0>,56,26,[8 1],57,-1,111,-1,85
1,<environment.Job instance at 0x7fd50d6469b0>,66,22,[12  5],67,-1,122,-1,100
1,<environment.Job instance at 0x7fd50df2f0f0>,68,16,[ 1 12],69,-1,121,-1,105
1,<environment.Job instance at 0x7fd50d967550>,69,18,[ 4 12],70,-1,123,-1,105
1,<environment.Job instance at 0x7fd50dd4b190>,70,24,[13  1],71,-1,129,-1,105
1,<environment.Job instance at 0x7fd50d2f1370>,71,12,[ 2 14],72,-1,117,-1,105
1,<environment.Job instance at 0x7fd50de9f460>,72,18,[ 2 13],73,-1,123,-1,105
1,<environment.Job instance at 0x7fd50da3e9b0>,74,22,[ 2 12],75,-1,127,-1,105
1,<environment.Job instance at 0x7fd50da3e500>,75,12,[14  4],76,-1,117,-1,105
1,<environment.Job instance at 0x7fd50da3e410>,76,20,[13  3],77,-1,125,-1,105
1,<environment.Job instance at 0x7fd50da3e190>,77,14,[12  3],78,-1,119,-1,105
1,<environment.Job instance at 0x7fd50da3e7d0>,78,23,[10  4],79,-1,136,-1,113
1,<environment.Job instance at 0x7fd50da3e6e0>,81,24,[4 7],82,-1,141,-1,117
1,<environment.Job instance at 0x7fd50da3e8c0>,82,28,[ 4 12],83,-1,145,-1,117
1,<environment.Job instance at 0x7fd50da3ecd0>,84,13,[ 2 12],85,-1,131,-1,118
1,<environment.Job instance at 0x7fd50da3ea00>,85,21,[12  5],86,-1,139,-1,118
1,<environment.Job instance at 0x7fd50da3eaf0>,86,22,[ 1 11],87,-1,140,-1,118
1,<environment.Job instance at 0x7fd50da3ed20>,88,26,[5 3],89,-1,157,-1,131
1,<environment.Job instance at 0x7fd50d47b8c0>,90,16,[ 4 11],91,-1,147,-1,131
1,<environment.Job instance at 0x7fd50d47b370>,93,24,[ 4 14],94,-1,161,-1,137
1,<environment.Job instance at 0x7fd50d47b960>,94,21,[14  4],95,-1,158,-1,137
1,<environment.Job instance at 0x7fd50d47b0f0>,96,21,[14  2],97,-1,164,-1,143
1,<environment.Job instance at 0x7fd50d47b780>,97,15,[ 3 13],98,-1,158,-1,143
1,<environment.Job instance at 0x7fd50d47b500>,98,24,[ 5 11],99,-1,167,-1,143
1,<environment.Job instance at 0x7fd50d47baa0>,99,13,[ 2 13],100,-1,156,-1,143
1,<environment.Job instance at 0x7fd50d47bf50>,95,23,[2 6],96,-1,175,-1,152
1,<environment.Job instance at 0x7fd50d47bb90>,101,26,[4 9],102,-1,178,-1,152
1,<environment.Job instance at 0x7fd50d47bdc0>,104,15,[ 1 13],105,-1,174,-1,159
1,<environment.Job instance at 0x7fd50d3560a0>,0,18,[5 3],1,-1,19,-1,1
1,<environment.Job instance at 0x7fd50d3568c0>,1,17,[7 5],2,-1,19,-1,2
1,<environment.Job instance at 0x7fd50d356cd0>,2,14,[9 2],3,-1,18,-1,4
1,<environment.Job instance at 0x7fd50d356730>,4,13,[7 2],5,-1,18,-1,5
1,<environment.Job instance at 0x7fd50d356e60>,5,21,[5 1],6,-1,27,-1,6
1,<environment.Job instance at 0x7fd50d356500>,6,27,[2 7],7,-1,34,-1,7
1,<environment.Job instance at 0x7fd50d3563c0>,7,12,[6 4],8,-1,20,-1,8
1,<environment.Job instance at 0x7fd50d356550>,3,20,[4 7],4,-1,29,-1,9
1,<environment.Job instance at 0x7fd50d34e4b0>,16,28,[4 5],17,-1,45,-1,17
1,<environment.Job instance at 0x7fd50e134e60>,6,27,[2 7],7,-1,34,-1,7
1,<environment.Job instance at 0x7fd50e134af0>,8,12,[ 2 14],9,-1,31,-1,19
1,<environment.Job instance at 0x7fd50e134cd0>,9,26,[13  2],10,-1,45,-1,19
1,<environment.Job instance at 0x7fd50e134aa0>,10,17,[13  4],11,-1,36,-1,19
1,<environment.Job instance at 0x7fd50e1346e0>,11,13,[ 4 13],12,-1,32,-1,19
1,<environment.Job instance at 0x7fd50e1349b0>,12,17,[ 1 13],13,-1,36,-1,19
1,<environment.Job instance at 0x7fd50e134eb0>,14,27,[ 3 10],15,-1,46,-1,19
1,<environment.Job instance at 0x7fd50e134780>,15,17,[ 4 11],16,-1,36,-1,19
1,<environment.Job instance at 0x7fd50e134500>,16,28,[4 5],17,-1,47,-1,19
1,<environment.Job instance at 0x7fd50cfe0a00>,17,14,[11  1],18,-1,33,-1,19
1,<environment.Job instance at 0x7fd50debceb0>,18,12,[ 3 12],19,-1,31,-1,19
1,<environment.Job instance at 0x7fd50e134230>,20,19,[ 5 14],21,-1,50,-1,31
1,<environment.Job instance at 0x7fd50d7c1730>,22,22,[14  4],23,-1,53,-1,31
1,<environment.Job instance at 0x7fd50d7c1280>,23,25,[4 6],24,-1,57,-1,32
1,<environment.Job instance at 0x7fd50d7c1fa0>,25,26,[13  2],26,-1,58,-1,32
1,<environment.Job instance at 0x7fd50d2a5870>,26,16,[13  5],27,-1,48,-1,32
1,<environment.Job instance at 0x7fd50d7c1140>,29,20,[12  3],30,-1,65,-1,45
1,<environment.Job instance at 0x7fd50cfb7aa0>,31,27,[13  4],32,-1,79,-1,52
1,<environment.Job instance at 0x7fd50cb704b0>,33,28,[12  5],34,-1,88,-1,60
1,<environment.Job instance at 0x7fd50deca4b0>,34,24,[1 9],35,-1,94,-1,70
1,<environment.Job instance at 0x7fd50e27abe0>,35,26,[5 7],36,-1,96,-1,70
1,<environment.Job instance at 0x7fd50d29bc80>,37,24,[4 5],38,-1,96,-1,72
1,<environment.Job instance at 0x7fd50d7d9820>,39,19,[ 2 11],40,-1,91,-1,72
1,<environment.Job instance at 0x7fd50d7d9640>,42,15,[ 1 13],43,-1,98,-1,83
1,<environment.Job instance at 0x7fd50deb5a00>,43,25,[2 8],44,-1,110,-1,85
1,<environment.Job instance at 0x7fd50e41c5f0>,46,22,[14  1],47,-1,119,-1,97
1,<environment.Job instance at 0x7fd50cd1c3c0>,48,18,[12  5],49,-1,115,-1,97
1,<environment.Job instance at 0x7fd50cb6cb40>,49,16,[ 3 13],50,-1,113,-1,97
1,<environment.Job instance at 0x7fd50dec6cd0>,51,15,[13  1],52,-1,124,-1,109
1,<environment.Job instance at 0x7fd50cfc6a00>,52,19,[11  4],53,-1,128,-1,109
1,<environment.Job instance at 0x7fd50dc52fa0>,54,25,[3 9],55,-1,156,-1,131
1,<environment.Job instance at 0x7fd50dc55690>,58,12,[ 5 13],59,-1,143,-1,131
1,<environment.Job instance at 0x7fd50cd07b40>,57,27,[9 5],58,-1,165,-1,138
1,<environment.Job instance at 0x7fd50d7eab40>,61,23,[12  2],62,-1,161,-1,138
1,<environment.Job instance at 0x7fd50d7e4050>,63,23,[ 4 14],64,-1,166,-1,143
1,<environment.Job instance at 0x7fd50d7e4af0>,64,25,[11  4],65,-1,168,-1,143
1,<environment.Job instance at 0x7fd50d7e40a0>,65,27,[11  1],66,-1,170,-1,143
1,<environment.Job instance at 0x7fd50dec3410>,67,28,[1 7],68,-1,171,-1,143
1,<environment.Job instance at 0x7fd50e4e77d0>,1,16,[10  1],2,-1,19,-1,3
1,<environment.Job instance at 0x7fd50e4e7460>,3,28,[1 7],4,-1,32,-1,4
1,<environment.Job instance at 0x7fd50deb59b0>,2,17,[4 8],3,-1,21,-1,4
1,<environment.Job instance at 0x7fd50e4e75a0>,5,14,[9 1],6,-1,21,-1,7
1,<environment.Job instance at 0x7fd50e4e70a0>,8,27,[3 8],9,-1,36,-1,9
1,<environment.Job instance at 0x7fd50e4e7f00>,18,19,[11  2],19,-1,70,-1,51
1,<environment.Job instance at 0x7fd50dc46140>,0,24,[3 8],1,-1,25,-1,1
1,<environment.Job instance at 0x7fd50d579be0>,7,28,[ 4 12],8,-1,36,-1,8
1,<environment.Job instance at 0x7fd50dc32fa0>,3,28,[1 7],4,-1,46,-1,18
1,<environment.Job instance at 0x7fd50d579dc0>,9,16,[ 3 14],10,-1,34,-1,18
1,<environment.Job instance at 0x7fd50d579d70>,10,12,[13  2],11,-1,30,-1,18
1,<environment.Job instance at 0x7fd50dc1d730>,12,14,[14  2],13,-1,32,-1,18
1,<environment.Job instance at 0x7fd50dc1d5f0>,14,25,[5 6],15,-1,45,-1,20
1,<environment.Job instance at 0x7fd50dc1d4b0>,15,13,[13  4],16,-1,33,-1,20
1,<environment.Job instance at 0x7fd50dc2d410>,16,26,[ 4 11],17,-1,46,-1,20
1,<environment.Job instance at 0x7fd50d5790a0>,8,27,[3 8],9,-1,47,-1,20
1,<environment.Job instance at 0x7fd50d57ca00>,18,19,[11  2],19,-1,39,-1,20
1,<environment.Job instance at 0x7fd50d57c9b0>,19,16,[12  2],20,-1,36,-1,20
1,<environment.Job instance at 0x7fd50d7b8230>,20,23,[13  5],21,-1,44,-1,21
1,<environment.Job instance at 0x7fd50d7b8f50>,22,19,[14  3],23,-1,51,-1,32
1,<environment.Job instance at 0x7fd50d59b4b0>,23,26,[4 6],24,-1,58,-1,32
1,<environment.Job instance at 0x7fd50d59b2d0>,24,14,[13  4],25,-1,46,-1,32
1,<environment.Job instance at 0x7fd50d59b500>,25,21,[12  5],26,-1,53,-1,32
1,<environment.Job instance at 0x7fd50d59a0a0>,26,12,[12  1],27,-1,44,-1,32
1,<environment.Job instance at 0x7fd50d59ae60>,27,16,[ 1 14],28,-1,48,-1,32
1,<environment.Job instance at 0x7fd50d59afa0>,28,21,[ 2 12],29,-1,53,-1,32
1,<environment.Job instance at 0x7fd50d58cd70>,34,23,[13  2],35,-1,70,-1,47
1,<environment.Job instance at 0x7fd50d58c050>,35,27,[12  1],36,-1,74,-1,47
1,<environment.Job instance at 0x7fd50d5a2460>,31,24,[7 2],32,-1,78,-1,54
1,<environment.Job instance at 0x7fd50d58cd20>,38,23,[ 1 12],39,-1,83,-1,60
1,<environment.Job instance at 0x7fd50d582230>,39,13,[ 3 12],40,-1,73,-1,60
1,<environment.Job instance at 0x7fd50d582730>,40,28,[ 1 13],41,-1,88,-1,60
1,<environment.Job instance at 0x7fd50d58c6e0>,37,24,[3 8],38,-1,84,-1,60
1,<environment.Job instance at 0x7fd50d588230>,43,26,[ 4 13],44,-1,86,-1,60
1,<environment.Job instance at 0x7fd50d582910>,44,24,[11  3],45,-1,84,-1,60
1,<environment.Job instance at 0x7fd50d58d730>,45,24,[12  2],46,-1,84,-1,60
1,<environment.Job instance at 0x7fd50d58d050>,50,14,[ 1 13],51,-1,102,-1,88
1,<environment.Job instance at 0x7fd50d9ee910>,51,22,[ 3 14],52,-1,110,-1,88
1,<environment.Job instance at 0x7fd50d7e4190>,53,23,[12  4],54,-1,114,-1,91
1,<environment.Job instance at 0x7fd50ccf5140>,57,26,[4 5],58,-1,144,-1,118
1,<environment.Job instance at 0x7fd50e4e7690>,61,16,[11  3],62,-1,139,-1,123
1,<environment.Job instance at 0x7fd50decaa50>,62,22,[13  2],63,-1,145,-1,123
1,<environment.Job instance at 0x7fd50dec6460>,63,15,[ 2 11],64,-1,138,-1,123
1,<environment.Job instance at 0x7fd50dec3230>,65,17,[ 1 12],66,-1,149,-1,132
1,<environment.Job instance at 0x7fd50cfc6a00>,64,27,[9 3],65,-1,168,-1,141
1,<environment.Job instance at 0x7fd50dec3320>,68,25,[5 6],69,-1,169,-1,144
1,<environment.Job instance at 0x7fd50dec3140>,71,16,[ 4 14],72,-1,169,-1,153
1,<environment.Job instance at 0x7fd50d7c79b0>,74,12,[ 5 11],75,-1,168,-1,156
1,<environment.Job instance at 0x7fd50d429f00>,1,27,[5 4],2,-1,29,-1,2
1,<environment.Job instance at 0x7fd50cf17730>,2,22,[1 8],3,-1,25,-1,3
1,<environment.Job instance at 0x7fd50cf17640>,3,24,[7 5],4,-1,28,-1,4
1,<environment.Job instance at 0x7fd50ccf7640>,1,27,[5 4],2,-1,29,-1,2
1,<environment.Job instance at 0x7fd50ccf7320>,4,13,[ 2 13],5,-1,18,-1,5
1,<environment.Job instance at 0x7fd50cb368c0>,5,17,[ 1 13],6,-1,23,-1,6
1,<environment.Job instance at 0x7fd50cb360f0>,6,20,[12  1],7,-1,27,-1,7
1,<environment.Job instance at 0x7fd50cb36370>,8,24,[ 3 14],9,-1,33,-1,9
1,<environment.Job instance at 0x7fd50cb45b90>,11,19,[ 5 11],12,-1,31,-1,12
1,<environment.Job instance at 0x7fd50e4b5550>,3,24,[7 5],4,-1,38,-1,14
1,<environment.Job instance at 0x7fd50cb45f00>,13,12,[ 5 14],14,-1,26,-1,14
1,<environment.Job instance at 0x7fd50cb45870>,9,25,[10  2],10,-1,39,-1,14
1,<environment.Job instance at 0x7fd50cb455a0>,15,15,[13  4],16,-1,31,-1,16
1,<environment.Job instance at 0x7fd50cb45e10>,17,28,[14  4],18,-1,46,-1,18
1,<environment.Job instance at 0x7fd50cb45230>,18,18,[13  4],19,-1,37,-1,19
1,<environment.Job instance at 0x7fd50cb45b40>,19,22,[14  1],20,-1,42,-1,20
1,<environment.Job instance at 0x7fd50cb453c0>,20,17,[ 3 11],21,-1,38,-1,21
1,<environment.Job instance at 0x7fd50cb459b0>,21,26,[13  3],22,-1,48,-1,22
1,<environment.Job instance at 0x7fd50cb454b0>,14,24,[9 4],15,-1,49,-1,25
1,<environment.Job instance at 0x7fd50cb45280>,22,28,[7 2],23,-1,53,-1,25
1,<environment.Job instance at 0x7fd50cb5baa0>,25,12,[ 3 11],26,-1,38,-1,26
1,<environment.Job instance at 0x7fd50cb5b640>,27,21,[12  5],28,-1,49,-1,28
1,<environment.Job instance at 0x7fd50cb5b780>,28,25,[6 2],29,-1,54,-1,29
1,<environment.Job instance at 0x7fd50cb5be60>,31,21,[14  1],32,-1,53,-1,32
1,<environment.Job instance at 0x7fd50cb5b280>,32,26,[ 3 13],33,-1,59,-1,33
1,<environment.Job instance at 0x7fd50cb5bf50>,33,14,[ 5 12],34,-1,48,-1,34
1,<environment.Job instance at 0x7fd50cb5bd70>,34,18,[ 4 11],35,-1,53,-1,35
1,<environment.Job instance at 0x7fd50cb5bf00>,36,28,[12  3],37,-1,65,-1,37
1,<environment.Job instance at 0x7fd50cb5b230>,29,28,[8 1],30,-1,67,-1,39
1,<environment.Job instance at 0x7fd50cb5bb40>,38,20,[14  5],39,-1,59,-1,39
1,<environment.Job instance at 0x7fd50cb5b2d0>,30,25,[3 8],31,-1,64,-1,39
1,<environment.Job instance at 0x7fd50cb5b820>,40,28,[ 5 11],41,-1,69,-1,41
1,<environment.Job instance at 0x7fd50cd2c9b0>,41,21,[11  5],42,-1,63,-1,42
1,<environment.Job instance at 0x7fd50cd2c6e0>,42,13,[12  4],43,-1,56,-1,43
1,<environment.Job instance at 0x7fd50cd2cdc0>,43,25,[14  4],44,-1,69,-1,44
1,<environment.Job instance at 0x7fd50cd2c960>,51,25,[10  3],52,-1,93,-1,68
1,<environment.Job instance at 0x7fd50cd2c7d0>,52,23,[3 9],53,-1,91,-1,68
1,<environment.Job instance at 0x7fd50cd2ceb0>,54,19,[ 2 12],55,-1,87,-1,68
1,<environment.Job instance at 0x7fd50cd2c3c0>,46,28,[9 4],47,-1,96,-1,68
1,<environment.Job instance at 0x7fd50cd2c820>,57,17,[ 1 11],58,-1,85,-1,68
1,<environment.Job instance at 0x7fd50cd1c960>,58,27,[7 5],59,-1,107,-1,80
1,<environment.Job instance at 0x7fd50d7c79b0>,69,28,[9 1],70,-1,156,-1,128
1,<environment.Job instance at 0x7fd50d7eaa50>,71,14,[11  3],72,-1,143,-1,129
1,<environment.Job instance at 0x7fd50deb5550>,67,26,[5 7],68,-1,165,-1,139
1,<environment.Job instance at 0x7fd50dec3280>,73,28,[11  2],74,-1,167,-1,139
1,<environment.Job instance at 0x7fd50dec3320>,75,21,[ 2 11],76,-1,161,-1,140
1,<environment.Job instance at 0x7fd50dec3b40>,76,24,[8 2],77,-1,171,-1,147
1,<environment.Job instance at 0x7fd50decaa50>,77,20,[12  4],78,-1,167,-1,147
1,<environment.Job instance at 0x7fd50dec6460>,78,20,[ 4 12],79,-1,167,-1,147
1,<environment.Job instance at 0x7fd50dec3230>,79,15,[ 1 11],80,-1,162,-1,147
1,<environment.Job instance at 0x7fd50e4dd5a0>,81,19,[ 5 13],82,-1,167,-1,148
1,<environment.Job instance at 0x7fd50dec3500>,83,22,[ 4 11],84,-1,179,-1,157
1,<environment.Job instance at 0x7fd50dc55690>,84,14,[13  4],85,-1,171,-1,157
1,<environment.Job instance at 0x7fd50ccd7370>,85,17,[ 5 14],86,-1,174,-1,157
1,<environment.Job instance at 0x7fd50dfa10f0>,1,23,[12  4],2,-1,25,-1,2
1,<environment.Job instance at 0x7fd50dfa1eb0>,2,18,[14  2],3,-1,21,-1,3
1,<environment.Job instance at 0x7fd50dfa1e10>,3,19,[11  5],4,-1,23,-1,4
1,<environment.Job instance at 0x7fd50dfa1a00>,4,17,[12  1],5,-1,22,-1,5
1,<environment.Job instance at 0x7fd50d6aec80>,7,25,[ 5 11],8,-1,33,-1,8
1,<environment.Job instance at 0x7fd50cf175a0>,8,13,[13  4],9,-1,22,-1,9
1,<environment.Job instance at 0x7fd50dc46910>,9,28,[1 5],10,-1,38,-1,10
1,<environment.Job instance at 0x7fd50dfa1b90>,10,24,[ 5 11],11,-1,35,-1,11
1,<environment.Job instance at 0x7fd50dc460a0>,11,16,[ 5 11],12,-1,28,-1,12
1,<environment.Job instance at 0x7fd50d58a870>,14,28,[7 1],15,-1,51,-1,23
1,<environment.Job instance at 0x7fd50d579d20>,17,20,[ 4 12],18,-1,43,-1,23
1,<environment.Job instance at 0x7fd50d579230>,18,14,[12  2],19,-1,37,-1,23
1,<environment.Job instance at 0x7fd50d579d70>,19,23,[1 8],20,-1,46,-1,23
1,<environment.Job instance at 0x7fd50dc1d690>,21,25,[3 5],22,-1,48,-1,23
1,<environment.Job instance at 0x7fd50dc1d6e0>,22,13,[ 5 13],23,-1,36,-1,23
1,<environment.Job instance at 0x7fd50d58a690>,16,27,[ 1 10],17,-1,50,-1,23
1,<environment.Job instance at 0x7fd50dc2d5a0>,25,13,[ 1 14],26,-1,39,-1,26
1,<environment.Job instance at 0x7fd50d57cb40>,27,23,[13  1],28,-1,58,-1,35
1,<environment.Job instance at 0x7fd50d7b8230>,28,15,[ 5 14],29,-1,50,-1,35
1,<environment.Job instance at 0x7fd50dc1d4b0>,23,26,[3 8],24,-1,70,-1,44
1,<environment.Job instance at 0x7fd50d59b4b0>,33,16,[13  1],34,-1,65,-1,49
1,<environment.Job instance at 0x7fd50d59ae60>,34,12,[ 3 11],35,-1,61,-1,49
1,<environment.Job instance at 0x7fd50d59a410>,35,20,[ 2 12],36,-1,69,-1,49
1,<environment.Job instance at 0x7fd50d59af50>,36,24,[1 8],37,-1,75,-1,51
1,<environment.Job instance at 0x7fd50d59aa00>,39,26,[8 5],40,-1,77,-1,51
1,<environment.Job instance at 0x7fd50d5ae6e0>,40,12,[14  5],41,-1,63,-1,51
1,<environment.Job instance at 0x7fd50d58cc80>,41,20,[ 3 11],42,-1,71,-1,51
1,<environment.Job instance at 0x7fd50d58cd20>,42,15,[ 4 14],43,-1,66,-1,51
1,<environment.Job instance at 0x7fd50d5825a0>,44,12,[14  5],45,-1,63,-1,51
1,<environment.Job instance at 0x7fd50d582910>,46,13,[ 5 12],47,-1,64,-1,51
1,<environment.Job instance at 0x7fd50d588fa0>,47,26,[1 9],48,-1,77,-1,51
1,<environment.Job instance at 0x7fd50d5880f0>,48,16,[ 3 13],49,-1,67,-1,51
1,<environment.Job instance at 0x7fd50d5a1550>,50,18,[13  3],51,-1,69,-1,51
1,<environment.Job instance at 0x7fd50d580280>,52,26,[ 5 14],53,-1,88,-1,62
1,<environment.Job instance at 0x7fd50d58d460>,54,18,[ 3 13],55,-1,84,-1,66
1,<environment.Job instance at 0x7fd50ccd7370>,56,21,[14  4],57,-1,101,-1,80
1,<environment.Job instance at 0x7fd50d9ee910>,57,16,[ 4 12],58,-1,96,-1,80
1,<environment.Job instance at 0x7fd50d7e4190>,58,24,[14  1],59,-1,104,-1,80
1,<environment.Job instance at 0x7fd50d58d190>,53,26,[10  4],54,-1,109,-1,83
1,<environment.Job instance at 0x7fd50e4dd5a0>,61,15,[14  5],62,-1,98,-1,83
1,<environment.Job instance at 0x7fd50ccd0460>,63,18,[ 5 14],64,-1,118,-1,100
1,<environment.Job instance at 0x7fd50decaa50>,64,25,[12  4],65,-1,125,-1,100
1,<environment.Job instance at 0x7fd50e4e7c80>,65,13,[ 1 12],66,-1,113,-1,100
1,<environment.Job instance at 0x7fd50d7eaa50>,68,15,[ 5 12],69,-1,134,-1,119
1,<environment.Job instance at 0x7fd50d7eab40>,69,19,[14  4],70,-1,138,-1,119
1,<environment.Job instance at 0x7fd50d7c7280>,70,25,[ 4 10],71,-1,147,-1,122
1,<environment.Job instance at 0x7fd50cd1c3c0>,71,13,[11  3],72,-1,135,-1,122
1,<environment.Job instance at 0x7fd50cd1c050>,74,16,[ 3 12],75,-1,153,-1,137
1,<environment.Job instance at 0x7fd50cd1caf0>,76,21,[11  3],77,-1,163,-1,142
1,<environment.Job instance at 0x7fd50cd2c820>,77,28,[3 7],78,-1,180,-1,152
1,<environment.Job instance at 0x7fd50cd2c960>,80,13,[ 4 11],81,-1,166,-1,153
1,<environment.Job instance at 0x7fd50cd2c550>,81,18,[ 4 11],82,-1,171,-1,153
1,<environment.Job instance at 0x7fd50cd2cd70>,82,21,[13  5],83,-1,174,-1,153
1,<environment.Job instance at 0x7fd50cd2c4b0>,83,27,[ 1 12],84,-1,180,-1,153
1,<environment.Job instance at 0x7fd50d7c7550>,0,16,[ 5 13],1,-1,17,-1,1
1,<environment.Job instance at 0x7fd50d59aa00>,2,13,[ 2 14],3,-1,16,-1,3
1,<environment.Job instance at 0x7fd50d59af50>,4,23,[11  5],5,-1,28,-1,5
1,<environment.Job instance at 0x7fd50d57ca00>,7,25,[14  5],8,-1,33,-1,8
1,<environment.Job instance at 0x7fd50cfb8f00>,9,26,[14  3],10,-1,36,-1,10
1,<environment.Job instance at 0x7fd50d608e10>,10,28,[13  5],11,-1,39,-1,11
1,<environment.Job instance at 0x7fd50cf82f50>,12,18,[ 3 12],13,-1,31,-1,13
1,<environment.Job instance at 0x7fd516ab2140>,13,18,[ 2 14],14,-1,32,-1,14
1,<environment.Job instance at 0x7fd50d18b0a0>,15,28,[13  5],16,-1,44,-1,16
1,<environment.Job instance at 0x7fd50cb061e0>,16,20,[ 2 13],17,-1,37,-1,17
1,<environment.Job instance at 0x7fd50d59a050>,5,23,[6 2],6,-1,41,-1,18
1,<environment.Job instance at 0x7fd50d60c2d0>,17,16,[13  5],18,-1,34,-1,18
1,<environment.Job instance at 0x7fd50de4d960>,20,25,[6 3],21,-1,47,-1,22
1,<environment.Job instance at 0x7fd50d60cb40>,22,19,[ 5 13],23,-1,42,-1,23
1,<environment.Job instance at 0x7fd516e0e140>,23,19,[12  1],24,-1,43,-1,24
1,<environment.Job instance at 0x7fd516e0e370>,24,12,[13  2],25,-1,37,-1,25
1,<environment.Job instance at 0x7fd50d60ce60>,26,24,[ 1 12],27,-1,54,-1,30
1,<environment.Job instance at 0x7fd516e0e960>,31,23,[13  2],32,-1,65,-1,42
1,<environment.Job instance at 0x7fd516e0e910>,33,24,[ 1 13],34,-1,70,-1,46
1,<environment.Job instance at 0x7fd516e0e820>,32,25,[9 5],33,-1,82,-1,57
1,<environment.Job instance at 0x7fd50d5b7cd0>,34,28,[5 8],35,-1,89,-1,61
1,<environment.Job instance at 0x7fd50d5b7690>,37,28,[ 3 13],38,-1,89,-1,61
1,<environment.Job instance at 0x7fd50d5b7b90>,38,25,[14  3],39,-1,86,-1,61
1,<environment.Job instance at 0x7fd50d5b7320>,40,15,[ 3 14],41,-1,76,-1,61
1,<environment.Job instance at 0x7fd50d5b7e10>,43,15,[ 5 14],44,-1,89,-1,74
1,<environment.Job instance at 0x7fd50d5b78c0>,44,27,[8 4],45,-1,102,-1,75
1,<environment.Job instance at 0x7fd50cbdf3c0>,47,13,[14  3],48,-1,88,-1,75
1,<environment.Job instance at 0x7fd50cbdfaa0>,48,15,[ 4 11],49,-1,90,-1,75
1,<environment.Job instance at 0x7fd50cbdf730>,51,18,[ 2 14],52,-1,107,-1,89
1,<environment.Job instance at 0x7fd50cbdfd20>,53,27,[4 6],54,-1,116,-1,89
1,<environment.Job instance at 0x7fd50dfe7050>,54,24,[ 5 11],55,-1,113,-1,89
1,<environment.Job instance at 0x7fd50dfe7dc0>,56,21,[11  2],57,-1,111,-1,90
1,<environment.Job instance at 0x7fd50dfe77d0>,60,22,[11  2],61,-1,127,-1,105
1,<environment.Job instance at 0x7fd50dfe7eb0>,62,12,[14  3],63,-1,122,-1,110
1,<environment.Job instance at 0x7fd50dfe7780>,63,17,[12  4],64,-1,127,-1,110
1,<environment.Job instance at 0x7fd50dfe7be0>,65,19,[ 2 13],66,-1,143,-1,124
1,<environment.Job instance at 0x7fd50dfe7b90>,66,25,[14  4],67,-1,149,-1,124
1,<environment.Job instance at 0x7fd50dfe7fa0>,67,19,[ 1 12],68,-1,143,-1,124
1,<environment.Job instance at 0x7fd50dfe75a0>,68,18,[ 4 12],69,-1,142,-1,124
1,<environment.Job instance at 0x7fd50dfe7af0>,69,18,[ 2 14],70,-1,142,-1,124
1,<environment.Job instance at 0x7fd50d8d9eb0>,70,27,[14  2],71,-1,151,-1,124
1,<environment.Job instance at 0x7fd50d8d9af0>,71,18,[12  3],72,-1,142,-1,124
1,<environment.Job instance at 0x7fd50d8d9be0>,73,18,[ 2 12],74,-1,143,-1,125
1,<environment.Job instance at 0x7fd50d8d9d70>,74,18,[ 5 12],75,-1,143,-1,125
1,<environment.Job instance at 0x7fd50d8d9e60>,75,26,[ 5 14],76,-1,151,-1,125
1,<environment.Job instance at 0x7fd50cdaf0a0>,77,16,[ 2 13],78,-1,154,-1,138
1,<environment.Job instance at 0x7fd50cdafb90>,78,27,[ 2 11],79,-1,165,-1,138
1,<environment.Job instance at 0x7fd50cdaf9b0>,79,19,[ 3 14],80,-1,157,-1,138
1,<environment.Job instance at 0x7fd50cdaf190>,81,27,[6 4],82,-1,179,-1,152
1,<environment.Job instance at 0x7fd50cdaf820>,83,26,[5 7],84,-1,182,-1,156
1,<environment.Job instance at 0x7fd50d79e0f0>,0,27,[7 2],1,-1,28,-1,1
1,<environment.Job instance at 0x7fd50d91cc80>,2,24,[5 2],3,-1,27,-1,3
1,<environment.Job instance at 0x7fd50d91c320>,3,28,[5 5],4,-1,32,-1,4
1,<environment.Job instance at 0x7fd50d386b90>,0,27,[7 2],1,-1,28,-1,1
1,<environment.Job instance at 0x7fd50e293cd0>,2,24,[5 2],3,-1,27,-1,3
1,<environment.Job instance at 0x7fd50e293a50>,3,28,[5 5],4,-1,32,-1,4
1,<environment.Job instance at 0x7fd50e293870>,4,25,[4 8],5,-1,30,-1,5
1,<environment.Job instance at 0x7fd50e2936e0>,6,12,[14  3],7,-1,19,-1,7
1,<environment.Job instance at 0x7fd50e293e10>,7,18,[ 1 13],8,-1,26,-1,8
1,<environment.Job instance at 0x7fd50e293f00>,8,15,[11  1],9,-1,24,-1,9
1,<environment.Job instance at 0x7fd50e293230>,10,12,[ 2 11],11,-1,23,-1,11
1,<environment.Job instance at 0x7fd50dad5cd0>,11,24,[11  4],12,-1,36,-1,12
1,<environment.Job instance at 0x7fd50dad5d70>,12,14,[ 1 11],13,-1,27,-1,13
1,<environment.Job instance at 0x7fd50dad5af0>,13,23,[1 6],14,-1,37,-1,14
1,<environment.Job instance at 0x7fd50dad5dc0>,14,26,[2 9],15,-1,42,-1,16
1,<environment.Job instance at 0x7fd50dad56e0>,15,28,[13  1],16,-1,44,-1,16
1,<environment.Job instance at 0x7fd50cbb72d0>,16,15,[ 3 11],17,-1,32,-1,17
1,<environment.Job instance at 0x7fd50dad5e10>,18,19,[12  4],19,-1,38,-1,19
1,<environment.Job instance at 0x7fd50cbb70a0>,19,26,[13  3],20,-1,46,-1,20
1,<environment.Job instance at 0x7fd50cbb7dc0>,20,22,[ 2 14],21,-1,43,-1,21
1,<environment.Job instance at 0x7fd50cbb7190>,22,14,[ 2 14],23,-1,37,-1,23
1,<environment.Job instance at 0x7fd50cbb7870>,23,28,[14  2],24,-1,52,-1,24
1,<environment.Job instance at 0x7fd50cbb7550>,24,13,[14  4],25,-1,38,-1,25
1,<environment.Job instance at 0x7fd50cbb7960>,25,19,[11  5],26,-1,45,-1,26
1,<environment.Job instance at 0x7fd50cbb75f0>,27,14,[ 3 13],28,-1,42,-1,28
1,<environment.Job instance at 0x7fd50cbb79b0>,29,17,[ 3 14],30,-1,47,-1,30
1,<environment.Job instance at 0x7fd50dc4f5f0>,31,14,[ 4 13],32,-1,46,-1,32
1,<environment.Job instance at 0x7fd50dc4ff50>,34,24,[11  5],35,-1,61,-1,37
1,<environment.Job instance at 0x7fd50dc4f4b0>,32,23,[6 4],33,-1,60,-1,37
1,<environment.Job instance at 0x7fd50dc4fc80>,38,24,[7 2],39,-1,75,-1,51
1,<environment.Job instance at 0x7fd50dc4f910>,39,19,[ 5 14],40,-1,70,-1,51
1,<environment.Job instance at 0x7fd50dc4fd70>,37,26,[8 2],38,-1,77,-1,51
1,<environment.Job instance at 0x7fd50dc4fcd0>,41,25,[ 2 12],42,-1,76,-1,51
1,<environment.Job instance at 0x7fd50dc4f640>,42,14,[11  1],43,-1,65,-1,51
1,<environment.Job instance at 0x7fd50d9b95a0>,43,16,[12  5],44,-1,67,-1,51
1,<environment.Job instance at 0x7fd50d9b9f50>,44,25,[ 4 11],45,-1,76,-1,51
1,<environment.Job instance at 0x7fd50d9b93c0>,45,28,[2 5],46,-1,79,-1,51
1,<environment.Job instance at 0x7fd50d9b9820>,47,16,[ 5 12],48,-1,67,-1,51
1,<environment.Job instance at 0x7fd50d9b9910>,48,24,[ 3 12],49,-1,75,-1,51
1,<environment.Job instance at 0x7fd50d9b90f0>,49,27,[1 8],50,-1,88,-1,61
1,<environment.Job instance at 0x7fd50cc90f50>,50,20,[11  4],51,-1,81,-1,61
1,<environment.Job instance at 0x7fd50cc90d20>,51,28,[12  3],52,-1,89,-1,61
1,<environment.Job instance at 0x7fd50dc4f460>,40,24,[2 8],41,-1,85,-1,61
1,<environment.Job instance at 0x7fd50cc90aa0>,53,13,[ 1 13],54,-1,74,-1,61
1,<environment.Job instance at 0x7fd50cc90fa0>,54,14,[ 3 12],55,-1,75,-1,61
1,<environment.Job instance at 0x7fd50cc90b40>,55,27,[ 2 14],56,-1,88,-1,61
1,<environment.Job instance at 0x7fd50cc905a0>,56,20,[ 2 13],57,-1,81,-1,61
1,<environment.Job instance at 0x7fd50cbc2230>,57,25,[ 2 14],58,-1,86,-1,61
1,<environment.Job instance at 0x7fd50cbc2780>,58,27,[4 5],59,-1,88,-1,61
1,<environment.Job instance at 0x7fd50cbc2280>,63,22,[ 5 11],64,-1,88,-1,66
1,<environment.Job instance at 0x7fd50cdaf3c0>,67,12,[11  5],68,-1,92,-1,80
1,<environment.Job instance at 0x7fd50cdaf190>,68,27,[9 4],69,-1,117,-1,90
1,<environment.Job instance at 0x7fd50cdaf050>,70,18,[ 1 11],71,-1,108,-1,90
1,<environment.Job instance at 0x7fd50cdaf500>,71,25,[6 2],72,-1,120,-1,95
1,<environment.Job instance at 0x7fd50cdaff50>,72,16,[ 3 11],73,-1,111,-1,95
1,<environment.Job instance at 0x7fd50cdaffa0>,73,21,[ 3 13],74,-1,116,-1,95
1,<environment.Job instance at 0x7fd50cdaf640>,74,28,[ 4 12],75,-1,123,-1,95
1,<environment.Job instance at 0x7fd50cdafc80>,75,28,[11  2],76,-1,123,-1,95
1,<environment.Job instance at 0x7fd50d8d9eb0>,79,20,[ 4 13],80,-1,125,-1,105
1,<environment.Job instance at 0x7fd50d8d9a00>,80,28,[ 2 12],81,-1,133,-1,105
1,<environment.Job instance at 0x7fd50dfe7b40>,85,15,[ 2 13],86,-1,139,-1,124
1,<environment.Job instance at 0x7fd50dfe7280>,87,24,[13  1],88,-1,161,-1,137
1,<environment.Job instance at 0x7fd50dfe7960>,88,13,[ 4 11],89,-1,150,-1,137
1,<environment.Job instance at 0x7fd50dfe78c0>,89,13,[12  5],90,-1,150,-1,137
1,<environment.Job instance at 0x7fd50dfe7dc0>,90,18,[12  5],91,-1,155,-1,137
1,<environment.Job instance at 0x7fd50dfe7230>,92,25,[11  2],93,-1,162,-1,137
1,<environment.Job instance at 0x7fd50dfe74b0>,93,20,[ 1 12],94,-1,157,-1,137
1,<environment.Job instance at 0x7fd50dfe7910>,94,13,[11  2],95,-1,150,-1,137
1,<environment.Job instance at 0x7fd50dfe7730>,95,21,[12  2],96,-1,158,-1,137
1,<environment.Job instance at 0x7fd50cbdfd20>,97,24,[ 5 13],98,-1,173,-1,149
1,<environment.Job instance at 0x7fd50cbdf320>,98,23,[14  1],99,-1,172,-1,149
1,<environment.Job instance at 0x7fd50cbdf0f0>,99,17,[ 3 11],100,-1,166,-1,149
1,<environment.Job instance at 0x7fd50cbdf140>,101,24,[8 4],102,-1,176,-1,152
1,<environment.Job instance at 0x7f0447c00320>,13,27,[3 8],14,-1,41,-1,14
1,<environment.Job instance at 0x7f0447bfcb40>,4,24,[ 3 11],5,-1,39,-1,15
1,<environment.Job instance at 0x7f0447c00190>,12,22,[4 6],13,-1,37,-1,15
1,<environment.Job instance at 0x7f0447c003c0>,14,14,[14  3],15,-1,29,-1,15
1,<environment.Job instance at 0x7f0447c00550>,16,19,[ 3 12],17,-1,37,-1,18
1,<environment.Job instance at 0x7f0447bfce10>,11,14,[10  4],12,-1,32,-1,18
1,<environment.Job instance at 0x7f0447c005a0>,18,18,[3 6],19,-1,42,-1,24
1,<environment.Job instance at 0x7f0447c006e0>,20,18,[7 5],21,-1,53,-1,35
1,<environment.Job instance at 0x7f0447c008c0>,23,18,[7 4],24,-1,67,-1,49
1,<environment.Job instance at 0x7f0447c00960>,25,16,[11  3],26,-1,65,-1,49
1,<environment.Job instance at 0x7f0447c00aa0>,26,20,[4 8],27,-1,74,-1,54
1,<environment.Job instance at 0x7f0447c00be0>,28,20,[5 8],29,-1,74,-1,54
1,<environment.Job instance at 0x7f0447c002d0>,17,18,[ 5 13],18,-1,72,-1,54
1,<environment.Job instance at 0x7f0447c00e60>,32,14,[14  3],33,-1,69,-1,55
1,<environment.Job instance at 0x7f0447c00640>,19,21,[14  4],20,-1,76,-1,55
1,<environment.Job instance at 0x7f0447c00f00>,33,16,[9 3],34,-1,71,-1,55
1,<environment.Job instance at 0x7f0447d9d1e0>,0,24,[2 8],1,-1,25,-1,1
1,<environment.Job instance at 0x7f0447bfcf50>,2,26,[10  1],3,-1,29,-1,3
1,<environment.Job instance at 0x7f0447c8f460>,3,15,[13  4],4,-1,19,-1,4
1,<environment.Job instance at 0x7f0447bf4e60>,4,24,[ 3 11],5,-1,29,-1,5
1,<environment.Job instance at 0x7f0447bf4cd0>,6,19,[ 1 13],7,-1,26,-1,7
1,<environment.Job instance at 0x7f0447bfc910>,8,24,[ 2 12],9,-1,33,-1,9
1,<environment.Job instance at 0x7f0447bf4050>,10,14,[ 1 14],11,-1,25,-1,11
1,<environment.Job instance at 0x7f0447d83b90>,13,27,[3 8],14,-1,41,-1,14
1,<environment.Job instance at 0x7f0447c87c30>,14,14,[14  3],15,-1,29,-1,15
1,<environment.Job instance at 0x7f0447cc0fa0>,15,24,[ 2 13],16,-1,40,-1,16
1,<environment.Job instance at 0x7f0447bf46e0>,16,19,[ 3 12],17,-1,36,-1,17
1,<environment.Job instance at 0x7f04480ccaa0>,17,18,[ 5 13],18,-1,36,-1,18
1,<environment.Job instance at 0x7f0447bf47d0>,19,21,[14  4],20,-1,41,-1,20
1,<environment.Job instance at 0x7f0447c82b40>,21,22,[14  2],22,-1,46,-1,24
1,<environment.Job instance at 0x7f0447d1c820>,22,25,[ 4 12],23,-1,49,-1,24
1,<environment.Job instance at 0x7f0447d1cbe0>,24,20,[ 3 12],25,-1,49,-1,29
1,<environment.Job instance at 0x7f0447d1c7d0>,25,16,[11  3],26,-1,45,-1,29
1,<environment.Job instance at 0x7f0447d336e0>,27,25,[14  4],28,-1,54,-1,29
1,<environment.Job instance at 0x7f0447d0ce10>,29,24,[5 1],30,-1,65,-1,41
1,<environment.Job instance at 0x7f0447da9690>,32,14,[14  3],33,-1,65,-1,51
1,<environment.Job instance at 0x7f0447ca1dc0>,35,23,[11  2],36,-1,79,-1,56
1,<environment.Job instance at 0x7f0447cbe050>,36,27,[10  1],37,-1,83,-1,56
1,<environment.Job instance at 0x7f0447cbeeb0>,38,16,[ 1 13],39,-1,72,-1,56
1,<environment.Job instance at 0x7f0447cbed70>,41,26,[13  2],42,-1,90,-1,64
1,<environment.Job instance at 0x7f0447cbea00>,42,18,[ 1 13],43,-1,82,-1,64
1,<environment.Job instance at 0x7f0447cbe550>,45,28,[12  4],46,-1,106,-1,78
1,<environment.Job instance at 0x7f0447cbe190>,46,17,[ 5 12],47,-1,95,-1,78
1,<environment.Job instance at 0x7f0447da4e60>,48,25,[11  4],49,-1,103,-1,78
1,<environment.Job instance at 0x7f0447da4370>,49,23,[2 6],50,-1,115,-1,92
1,<environment.Job instance at 0x7f0447da4550>,50,13,[12  1],51,-1,105,-1,92
1,<environment.Job instance at 0x7f0447da4780>,51,24,[ 1 11],52,-1,116,-1,92
1,<environment.Job instance at 0x7f0447d52c80>,52,27,[9 1],53,-1,119,-1,92
1,<environment.Job instance at 0x7f0447c90690>,54,20,[ 5 14],55,-1,113,-1,93
1,<environment.Job instance at 0x7f0447d18fa0>,58,22,[14  3],59,-1,132,-1,110
1,<environment.Job instance at 0x7f0447cee230>,59,15,[11  3],60,-1,125,-1,110
1,<environment.Job instance at 0x7f0447ceea50>,60,23,[5 7],61,-1,147,-1,124
1,<environment.Job instance at 0x7f0447cb9640>,62,24,[ 3 10],63,-1,162,-1,138
1,<environment.Job instance at 0x7f0447cb9140>,64,20,[11  1],65,-1,158,-1,138
1,<environment.Job instance at 0x7f0447cb96e0>,65,15,[ 1 11],66,-1,153,-1,138
1,<environment.Job instance at 0x7f0447cb91e0>,63,24,[9 2],64,-1,165,-1,141
1,<environment.Job instance at 0x7f0447cb9a00>,68,25,[ 2 12],69,-1,166,-1,141
1,<environment.Job instance at 0x7f0447cb9c30>,69,26,[5 4],70,-1,167,-1,141
1,<environment.Job instance at 0x7f0447cbd3c0>,73,27,[8 2],74,-1,191,-1,164
1,<environment.Job instance at 0x7f0447350aa0>,1,18,[ 4 10],2,-1,20,-1,2
1,<environment.Job instance at 0x7f04473500f0>,4,21,[9 1],5,-1,27,-1,6
1,<environment.Job instance at 0x7f0447c1d0f0>,5,14,[11  3],6,-1,20,-1,6
1,<environment.Job instance at 0x7f0447350b90>,7,18,[10  1],8,-1,27,-1,9
1,<environment.Job instance at 0x7f0447350690>,8,27,[9 4],9,-1,37,-1,10
1,<environment.Job instance at 0x7f0447350d70>,12,14,[4 7],13,-1,28,-1,14
1,<environment.Job instance at 0x7f0447345af0>,19,26,[3 6],20,-1,46,-1,20
1,<environment.Job instance at 0x7f0447345320>,21,12,[ 5 11],22,-1,35,-1,23
1,<environment.Job instance at 0x7f0447350910>,13,23,[ 2 14],14,-1,47,-1,24
1,<environment.Job instance at 0x7f044734e140>,22,15,[ 3 11],23,-1,40,-1,25
1,<environment.Job instance at 0x7f04473458c0>,18,28,[ 4 13],19,-1,54,-1,26
1,<environment.Job instance at 0x7f04473507d0>,9,25,[ 3 11],10,-1,51,-1,26
1,<environment.Job instance at 0x7f044734ef50>,25,25,[8 2],26,-1,51,-1,26
1,<environment.Job instance at 0x7f044734e3c0>,23,24,[ 1 10],24,-1,51,-1,27
1,<environment.Job instance at 0x7f044734e960>,27,25,[5 4],28,-1,53,-1,28
1,<environment.Job instance at 0x7f04474e07d0>,28,17,[10  5],29,-1,46,-1,29
1,<environment.Job instance at 0x7f04474c93c0>,30,23,[5 8],31,-1,54,-1,31
1,<environment.Job instance at 0x7f0447470320>,31,21,[ 4 11],32,-1,53,-1,32
1,<environment.Job instance at 0x7f0447432190>,33,23,[10  3],34,-1,62,-1,39
1,<environment.Job instance at 0x7f04474ae370>,34,28,[3 8],35,-1,68,-1,40
1,<environment.Job instance at 0x7f04474d4d70>,36,14,[11  2],37,-1,54,-1,40
1,<environment.Job instance at 0x7f0447579eb0>,37,27,[5 3],38,-1,67,-1,40
1,<environment.Job instance at 0x7f0447432640>,32,20,[ 3 12],33,-1,64,-1,44
1,<environment.Job instance at 0x7f044734eaa0>,24,24,[ 1 11],25,-1,68,-1,44
1,<environment.Job instance at 0x7f0447579960>,35,24,[12  1],36,-1,73,-1,49
1,<environment.Job instance at 0x7f044742f280>,38,17,[10  2],39,-1,66,-1,49
1,<environment.Job instance at 0x7f0447cbec30>,0,18,[11  1],1,-1,19,-1,1
1,<environment.Job instance at 0x7f04473f9e10>,5,14,[11  3],6,-1,20,-1,6
1,<environment.Job instance at 0x7f0447cbecd0>,6,19,[ 5 14],7,-1,26,-1,7
1,<environment.Job instance at 0x7f0447425f50>,9,25,[ 3 11],10,-1,35,-1,10
1,<environment.Job instance at 0x7f04474260a0>,10,27,[13  4],11,-1,38,-1,11
1,<environment.Job instance at 0x7f0447425dc0>,8,27,[9 4],9,-1,47,-1,20
1,<environment.Job instance at 0x7f044745cbe0>,13,23,[ 2 14],14,-1,43,-1,20
1,<environment.Job instance at 0x7f04475236e0>,14,12,[ 2 11],15,-1,32,-1,20
1,<environment.Job instance at 0x7f0447426050>,16,24,[8 2],17,-1,44,-1,20
1,<environment.Job instance at 0x7f04473adaa0>,18,28,[ 4 13],19,-1,48,-1,20
1,<environment.Job instance at 0x7f04473ad9b0>,19,26,[3 6],20,-1,46,-1,20
1,<environment.Job instance at 0x7f04473ad0a0>,20,12,[11  1],21,-1,45,-1,33
1,<environment.Job instance at 0x7f04473bd5f0>,21,12,[ 5 11],22,-1,45,-1,33
1,<environment.Job instance at 0x7f04473eb9b0>,22,15,[ 3 11],23,-1,48,-1,33
1,<environment.Job instance at 0x7f04473b6960>,24,24,[ 1 11],25,-1,57,-1,33
1,<environment.Job instance at 0x7f04474290a0>,26,14,[14  4],27,-1,53,-1,39
1,<environment.Job instance at 0x7f0447429730>,27,25,[5 4],28,-1,72,-1,47
1,<environment.Job instance at 0x7f04473b6910>,23,24,[ 1 10],24,-1,79,-1,55
1,<environment.Job instance at 0x7f04474298c0>,29,16,[ 3 12],30,-1,71,-1,55
1,<environment.Job instance at 0x7f0447429a00>,30,23,[5 8],31,-1,78,-1,55
1,<environment.Job instance at 0x7f04474295f0>,31,21,[ 4 11],32,-1,76,-1,55
1,<environment.Job instance at 0x7f04473b9780>,32,20,[ 3 12],33,-1,75,-1,55
1,<environment.Job instance at 0x7f04473b9b40>,33,23,[10  3],34,-1,78,-1,55
1,<environment.Job instance at 0x7f04473b9be0>,34,28,[3 8],35,-1,83,-1,55
1,<environment.Job instance at 0x7f04473b97d0>,35,24,[12  1],36,-1,79,-1,55
1,<environment.Job instance at 0x7f04473c4280>,36,14,[11  2],37,-1,69,-1,55
1,<environment.Job instance at 0x7f04473c4c30>,37,27,[5 3],38,-1,82,-1,55
1,<environment.Job instance at 0x7f04473b6a00>,25,25,[8 2],26,-1,80,-1,55
1,<environment.Job instance at 0x7f04473c4b90>,39,17,[ 5 11],40,-1,72,-1,55
1,<environment.Job instance at 0x7f04473c4190>,40,13,[11  1],41,-1,68,-1,55
1,<environment.Job instance at 0x7f04473ccb90>,41,27,[14  2],42,-1,82,-1,55
1,<environment.Job instance at 0x7f04473cc230>,42,25,[13  2],43,-1,80,-1,55
1,<environment.Job instance at 0x7f04473cc190>,43,21,[ 4 12],44,-1,76,-1,55
1,<environment.Job instance at 0x7f044764d4b0>,45,18,[ 5 11],46,-1,73,-1,55
1,<environment.Job instance at 0x7f04473ccb40>,47,12,[11  1],48,-1,67,-1,55
1,<environment.Job instance at 0x7f04473cceb0>,48,13,[ 5 13],49,-1,68,-1,55
1,<environment.Job instance at 0x7f04473d07d0>,54,28,[4 8],55,-1,126,-1,98
1,<environment.Job instance at 0x7f044745d230>,55,23,[14  3],56,-1,121,-1,98
1,<environment.Job instance at 0x7f044757a690>,56,23,[3 8],57,-1,121,-1,98
1,<environment.Job instance at 0x7f04473d0870>,58,28,[11  1],59,-1,126,-1,98
1,<environment.Job instance at 0x7f04473d05f0>,59,17,[ 3 11],60,-1,115,-1,98
1,<environment.Job instance at 0x7f04473c1c30>,61,27,[7 2],62,-1,140,-1,113
1,<environment.Job instance at 0x7f04473c1d70>,62,16,[14  3],63,-1,129,-1,113
1,<environment.Job instance at 0x7f04473c1320>,63,12,[11  4],64,-1,125,-1,113
1,<environment.Job instance at 0x7f044740a550>,64,15,[14  3],65,-1,128,-1,113
1,<environment.Job instance at 0x7f044740a230>,65,28,[6 4],66,-1,141,-1,113
1,<environment.Job instance at 0x7f044740a820>,66,13,[ 5 13],67,-1,126,-1,113
1,<environment.Job instance at 0x7f044740a320>,70,24,[11  3],71,-1,137,-1,113
1,<environment.Job instance at 0x7f044740a3c0>,71,22,[ 5 14],72,-1,135,-1,113
1,<environment.Job instance at 0x7f04474b3f00>,72,24,[14  3],73,-1,137,-1,113
1,<environment.Job instance at 0x7f044740acd0>,74,28,[6 3],75,-1,149,-1,121
1,<environment.Job instance at 0x7f044740a0a0>,75,15,[11  2],76,-1,136,-1,121
1,<environment.Job instance at 0x7f0447544a00>,76,24,[ 5 14],77,-1,145,-1,121
1,<environment.Job instance at 0x7f0447622fa0>,77,28,[11  1],78,-1,149,-1,121
1,<environment.Job instance at 0x7f04473d5730>,78,15,[ 5 11],79,-1,136,-1,121
1,<environment.Job instance at 0x7f0447553aa0>,81,16,[ 2 13],82,-1,137,-1,121
1,<environment.Job instance at 0x7f0447553690>,83,24,[ 5 11],84,-1,155,-1,131
1,<environment.Job instance at 0x7f0447553dc0>,85,13,[11  1],86,-1,149,-1,136
1,<environment.Job instance at 0x7f04474233c0>,86,12,[ 3 12],87,-1,148,-1,136
1,<environment.Job instance at 0x7f0447423960>,87,25,[8 3],88,-1,174,-1,149
1,<environment.Job instance at 0x7f0447373780>,89,15,[ 5 13],90,-1,164,-1,149
1,<environment.Job instance at 0x7f0447423550>,91,24,[5 1],92,-1,177,-1,153
1,<environment.Job instance at 0x7f04474236e0>,92,23,[ 1 13],93,-1,176,-1,153
1,<environment.Job instance at 0x7f044754a5a0>,93,12,[12  2],94,-1,165,-1,153
1,<environment.Job instance at 0x7f04474016e0>,96,19,[ 3 14],97,-1,185,-1,166
1,<environment.Job instance at 0x7f044736b500>,97,26,[ 1 14],98,-1,192,-1,166
1,<environment.Job instance at 0x7f0447379780>,99,16,[12  3],100,-1,182,-1,166
1,<environment.Job instance at 0x7f0447379820>,100,27,[13  4],101,-1,193,-1,166
1,<environment.Job instance at 0x7f04513afd70>,1,26,[5 3],2,-1,28,-1,2
1,<environment.Job instance at 0x7f04513afeb0>,4,20,[7 3],5,-1,26,-1,6
1,<environment.Job instance at 0x7f0447352af0>,7,17,[6 3],8,-1,25,-1,8
1,<environment.Job instance at 0x7f04513afaf0>,5,27,[2 8],6,-1,37,-1,10
1,<environment.Job instance at 0x7f04473520f0>,10,17,[2 8],11,-1,29,-1,12
1,<environment.Job instance at 0x7f0447352fa0>,12,23,[5 7],13,-1,36,-1,13
1,<environment.Job instance at 0x7f0447352b40>,13,13,[11  3],14,-1,27,-1,14
1,<environment.Job instance at 0x7f0447352cd0>,22,26,[13  4],23,-1,69,-1,43
1,<environment.Job instance at 0x7f0447352730>,11,27,[ 4 12],12,-1,82,-1,55
1,<environment.Job instance at 0x7f0447352500>,21,27,[12  2],22,-1,82,-1,55
1,<environment.Job instance at 0x7f0447352780>,18,16,[ 5 14],19,-1,73,-1,57
1,<environment.Job instance at 0x7f0447352820>,26,18,[8 1],27,-1,75,-1,57
1,<environment.Job instance at 0x7f04473523c0>,25,24,[ 4 10],26,-1,171,-1,147
1,<environment.Job instance at 0x7f04513b9af0>,37,26,[7 4],38,-1,175,-1,149
1,<environment.Job instance at 0x7f04513b97d0>,39,27,[11  5],40,-1,176,-1,149
1,<environment.Job instance at 0x7f04471b15a0>,40,14,[3 6],41,-1,163,-1,149
1,<environment.Job instance at 0x7f04471b15f0>,41,25,[9 2],42,-1,174,-1,149
1,<environment.Job instance at 0x7f0447352690>,8,20,[12  2],9,-1,170,-1,150
1,<environment.Job instance at 0x7f04471b1eb0>,42,18,[ 4 14],43,-1,170,-1,152
1,<environment.Job instance at 0x7f04473527d0>,14,25,[13  3],15,-1,177,-1,152
1,<environment.Job instance at 0x7f04471b1910>,44,21,[14  5],45,-1,173,-1,152
1,<environment.Job instance at 0x7f04471b12d0>,43,21,[8 2],44,-1,173,-1,152
1,<environment.Job instance at 0x7f04471b1870>,46,27,[3 8],47,-1,179,-1,152
1,<environment.Job instance at 0x7f04471b1f00>,47,20,[ 3 13],48,-1,172,-1,152
1,<environment.Job instance at 0x7f04471b17d0>,51,16,[4 8],52,-1,182,-1,166
1,<environment.Job instance at 0x7f04471b1320>,53,21,[3 9],54,-1,187,-1,166
1,<environment.Job instance at 0x7f04471b1140>,54,22,[7 4],55,-1,188,-1,166
1,<environment.Job instance at 0x7f04486eb410>,1,26,[5 3],2,-1,28,-1,2
1,<environment.Job instance at 0x7f0447a5bf00>,2,18,[11  4],3,-1,21,-1,3
1,<environment.Job instance at 0x7f04475ddf00>,3,15,[ 3 11],4,-1,19,-1,4
1,<environment.Job instance at 0x7f04475ddfa0>,6,12,[ 3 11],7,-1,19,-1,7
1,<environment.Job instance at 0x7f0447584dc0>,8,20,[12  2],9,-1,29,-1,9
1,<environment.Job instance at 0x7f04475dd050>,9,24,[ 5 11],10,-1,34,-1,10
1,<environment.Job instance at 0x7f04475e0500>,11,27,[ 4 12],12,-1,39,-1,12
1,<environment.Job instance at 0x7f04485775f0>,5,27,[2 8],6,-1,40,-1,13
1,<environment.Job instance at 0x7f044820d4b0>,12,23,[5 7],13,-1,36,-1,13
1,<environment.Job instance at 0x7f044746cd70>,13,13,[11  3],14,-1,27,-1,14
1,<environment.Job instance at 0x7f04482bcb40>,14,25,[13  3],15,-1,40,-1,15
1,<environment.Job instance at 0x7f04474a5960>,15,17,[ 2 14],16,-1,33,-1,16
1,<environment.Job instance at 0x7f045129ab90>,17,20,[12  3],18,-1,38,-1,18
1,<environment.Job instance at 0x7f04474a5f00>,18,16,[ 5 14],19,-1,35,-1,19
1,<environment.Job instance at 0x7f04475d9e10>,19,13,[12  5],20,-1,33,-1,20
1,<environment.Job instance at 0x7f04475d9190>,21,27,[12  2],22,-1,49,-1,22
1,<environment.Job instance at 0x7f04475d9500>,22,26,[13  4],23,-1,49,-1,23
1,<environment.Job instance at 0x7f0447833a00>,25,24,[ 4 10],26,-1,54,-1,30
1,<environment.Job instance at 0x7f044759ff50>,29,20,[11  1],30,-1,50,-1,30
1,<environment.Job instance at 0x7f044759f280>,30,12,[ 1 14],31,-1,43,-1,31
1,<environment.Job instance at 0x7f044759f8c0>,31,18,[ 5 12],32,-1,50,-1,32
1,<environment.Job instance at 0x7f044759f050>,33,24,[6 1],34,-1,66,-1,42
1,<environment.Job instance at 0x7f0448043b40>,35,21,[12  1],36,-1,64,-1,43
1,<environment.Job instance at 0x7f04475166e0>,36,16,[ 4 11],37,-1,59,-1,43
1,<environment.Job instance at 0x7f0447516230>,37,26,[7 4],38,-1,69,-1,43
1,<environment.Job instance at 0x7f0447589e60>,39,27,[11  5],40,-1,70,-1,43
1,<environment.Job instance at 0x7f0447a97820>,41,25,[9 2],42,-1,82,-1,57
1,<environment.Job instance at 0x7f0447509c80>,42,18,[ 4 14],43,-1,75,-1,57
1,<environment.Job instance at 0x7f0447509730>,44,21,[14  5],45,-1,78,-1,57
1,<environment.Job instance at 0x7f0447543640>,46,27,[3 8],47,-1,96,-1,69
1,<environment.Job instance at 0x7f0447543b40>,47,20,[ 3 13],48,-1,89,-1,69
1,<environment.Job instance at 0x7f0447543f50>,48,15,[ 2 12],49,-1,84,-1,69
1,<environment.Job instance at 0x7f0447a03b40>,49,24,[ 3 14],50,-1,93,-1,69
1,<environment.Job instance at 0x7f0447a03780>,50,17,[ 2 14],51,-1,86,-1,69
1,<environment.Job instance at 0x7f0447a03c80>,55,22,[ 1 14],56,-1,106,-1,84
1,<environment.Job instance at 0x7f04474e4640>,57,28,[3 6],58,-1,124,-1,96
1,<environment.Job instance at 0x7f0447612b90>,58,18,[ 1 12],59,-1,114,-1,96
1,<environment.Job instance at 0x7f0447612c30>,59,13,[14  4],60,-1,109,-1,96
1,<environment.Job instance at 0x7f044761e910>,61,16,[ 1 11],62,-1,112,-1,96
1,<environment.Job instance at 0x7f0447475a50>,62,26,[12  3],63,-1,122,-1,96
1,<environment.Job instance at 0x7f04475a0af0>,64,17,[ 4 13],65,-1,113,-1,96
1,<environment.Job instance at 0x7f0447479410>,66,28,[1 9],67,-1,136,-1,108
1,<environment.Job instance at 0x7f0447479640>,67,26,[7 3],68,-1,136,-1,110
1,<environment.Job instance at 0x7f044764f230>,69,26,[3 5],70,-1,136,-1,110
1,<environment.Job instance at 0x7f04474cfb90>,71,13,[ 2 13],72,-1,123,-1,110
1,<environment.Job instance at 0x7f04475a66e0>,72,18,[12  5],73,-1,128,-1,110
1,<environment.Job instance at 0x7f04475a6870>,73,26,[13  3],74,-1,136,-1,110
1,<environment.Job instance at 0x7f04475a65a0>,74,13,[14  1],75,-1,123,-1,110
1,<environment.Job instance at 0x7f0447445e60>,75,16,[ 3 11],76,-1,126,-1,110
1,<environment.Job instance at 0x7f0447445e10>,76,22,[14  2],77,-1,132,-1,110
1,<environment.Job instance at 0x7f0447445be0>,77,14,[12  4],78,-1,124,-1,110
1,<environment.Job instance at 0x7f04476214b0>,78,14,[11  1],79,-1,124,-1,110
1,<environment.Job instance at 0x7f0447621a50>,79,28,[6 2],80,-1,151,-1,123
1,<environment.Job instance at 0x7f0447621cd0>,80,20,[12  3],81,-1,143,-1,123
1,<environment.Job instance at 0x7f0447621320>,81,21,[13  4],82,-1,144,-1,123
1,<environment.Job instance at 0x7f04483b2460>,82,23,[2 8],83,-1,146,-1,123
1,<environment.Job instance at 0x7f04483b25a0>,83,16,[11  1],84,-1,139,-1,123
1,<environment.Job instance at 0x7f044840b820>,85,14,[11  5],86,-1,137,-1,123
1,<environment.Job instance at 0x7f044840bdc0>,86,13,[ 1 11],87,-1,136,-1,123
1,<environment.Job instance at 0x7f0447640f50>,88,25,[6 1],89,-1,149,-1,124
1,<environment.Job instance at 0x7f04476407d0>,89,15,[ 3 12],90,-1,139,-1,124
1,<environment.Job instance at 0x7f0447640190>,90,18,[13  2],91,-1,142,-1,124
1,<environment.Job instance at 0x7f0447566c30>,92,12,[14  3],93,-1,136,-1,124
1,<environment.Job instance at 0x7f04477245f0>,93,28,[11  3],94,-1,152,-1,124
1,<environment.Job instance at 0x7f0447566af0>,91,27,[5 7],92,-1,167,-1,140
1,<environment.Job instance at 0x7f04477245a0>,95,28,[ 4 12],96,-1,168,-1,140
1,<environment.Job instance at 0x7f04474ef820>,96,20,[11  3],97,-1,160,-1,140
1,<environment.Job instance at 0x7f04477242d0>,97,15,[ 5 13],98,-1,155,-1,140
1,<environment.Job instance at 0x7f04475044b0>,100,24,[12  5],101,-1,166,-1,142
1,<environment.Job instance at 0x7f0447504cd0>,101,19,[ 2 14],102,-1,161,-1,142
1,<environment.Job instance at 0x7f0447504b90>,102,22,[12  1],103,-1,164,-1,142
1,<environment.Job instance at 0x7f044771d050>,103,13,[ 3 11],104,-1,155,-1,142
1,<environment.Job instance at 0x7f04474bacd0>,105,17,[ 1 14],106,-1,159,-1,142
1,<environment.Job instance at 0x7f04474badc0>,106,14,[ 3 14],107,-1,156,-1,142
1,<environment.Job instance at 0x7f04474baaa0>,107,24,[ 3 11],108,-1,166,-1,142
1,<environment.Job instance at 0x7f04474ba050>,109,25,[12  3],110,-1,179,-1,154
1,<environment.Job instance at 0x7f044764d500>,110,12,[ 2 12],111,-1,166,-1,154
1,<environment.Job instance at 0x7f04474d9230>,112,27,[ 2 11],113,-1,185,-1,158
1,<environment.Job instance at 0x7f044764d870>,113,27,[ 3 14],114,-1,185,-1,158
1,<environment.Job instance at 0x7f044721e4b0>,0,28,[7 2],1,-1,29,-1,1
1,<environment.Job instance at 0x7f044721e410>,8,25,[1 6],9,-1,34,-1,9
1,<environment.Job instance at 0x7f044721eeb0>,17,24,[10  2],18,-1,96,-1,72
1,<environment.Job instance at 0x7f04473450a0>,19,19,[10  1],20,-1,91,-1,72
1,<environment.Job instance at 0x7f0447345af0>,22,25,[11  2],23,-1,97,-1,72
1,<environment.Job instance at 0x7f04476100a0>,0,28,[7 2],1,-1,29,-1,1
1,<environment.Job instance at 0x7f04476108c0>,1,20,[14  4],2,-1,22,-1,2
1,<environment.Job instance at 0x7f044757b050>,2,21,[13  5],3,-1,24,-1,3
1,<environment.Job instance at 0x7f044757b0a0>,4,14,[ 1 12],5,-1,19,-1,5
1,<environment.Job instance at 0x7f044757bcd0>,5,15,[14  3],6,-1,21,-1,6
1,<environment.Job instance at 0x7f044833b5a0>,7,23,[ 2 13],8,-1,31,-1,8
1,<environment.Job instance at 0x7f0447610c80>,9,22,[12  5],10,-1,32,-1,10
1,<environment.Job instance at 0x7f04483ea7d0>,10,23,[7 1],11,-1,34,-1,11
1,<environment.Job instance at 0x7f04483eac30>,14,12,[ 2 13],15,-1,27,-1,15
1,<environment.Job instance at 0x7f044757b0f0>,8,25,[1 6],9,-1,47,-1,22
1,<environment.Job instance at 0x7f044757bc30>,12,24,[2 5],13,-1,46,-1,22
1,<environment.Job instance at 0x7f0447892140>,17,24,[10  2],18,-1,46,-1,22
1,<environment.Job instance at 0x7f04483f6dc0>,18,14,[ 5 14],19,-1,36,-1,22
1,<environment.Job instance at 0x7f04478963c0>,15,27,[4 9],16,-1,49,-1,22
1,<environment.Job instance at 0x7f0447832a00>,22,25,[11  2],23,-1,48,-1,23
1,<environment.Job instance at 0x7f044764d500>,23,15,[ 3 12],24,-1,39,-1,24
1,<environment.Job instance at 0x7f0447830f50>,24,17,[ 3 12],25,-1,42,-1,25
1,<environment.Job instance at 0x7f0447830f00>,25,22,[14  5],26,-1,48,-1,26
1,<environment.Job instance at 0x7f0451143e60>,27,23,[9 5],28,-1,57,-1,34
1,<environment.Job instance at 0x7f0451143960>,28,23,[14  4],29,-1,57,-1,34
1,<environment.Job instance at 0x7f0447724d20>,30,15,[ 5 14],31,-1,49,-1,34
1,<environment.Job instance at 0x7f04483b25a0>,32,19,[ 5 13],33,-1,56,-1,37
1,<environment.Job instance at 0x7f044840bd20>,36,12,[13  4],37,-1,58,-1,46
1,<environment.Job instance at 0x7f0447621a50>,37,12,[14  4],38,-1,58,-1,46
1,<environment.Job instance at 0x7f04476216e0>,38,12,[ 1 13],39,-1,58,-1,46
1,<environment.Job instance at 0x7f044761e910>,41,12,[ 5 12],42,-1,71,-1,59
1,<environment.Job instance at 0x7f044764fb90>,40,28,[9 5],41,-1,93,-1,65
1,<environment.Job instance at 0x7f04475a0af0>,43,27,[ 5 13],44,-1,92,-1,65
1,<environment.Job instance at 0x7f04475a0be0>,44,28,[ 4 14],45,-1,93,-1,65
1,<environment.Job instance at 0x7f044761e820>,42,26,[9 3],43,-1,91,-1,65
1,<environment.Job instance at 0x7f0447612b90>,46,13,[12  1],47,-1,78,-1,65
1,<environment.Job instance at 0x7f0447543780>,48,24,[3 9],49,-1,98,-1,74
1,<environment.Job instance at 0x7f0447589730>,51,14,[ 4 13],52,-1,95,-1,81
1,<environment.Job instance at 0x7f0447589e60>,52,12,[14  3],53,-1,93,-1,81
1,<environment.Job instance at 0x7f04475436e0>,53,18,[ 5 11],54,-1,99,-1,81
1,<environment.Job instance at 0x7f0450dcbaf0>,54,21,[ 1 12],55,-1,102,-1,81
1,<environment.Job instance at 0x7f044759f8c0>,55,25,[4 9],56,-1,106,-1,81
1,<environment.Job instance at 0x7f044759f230>,56,18,[ 1 12],57,-1,99,-1,81
1,<environment.Job instance at 0x7f04480a4aa0>,59,28,[ 3 10],60,-1,123,-1,95
1,<environment.Job instance at 0x7f04483d63c0>,61,28,[11  4],62,-1,123,-1,95
1,<environment.Job instance at 0x7f04475d9fa0>,63,19,[11  2],64,-1,114,-1,95
1,<environment.Job instance at 0x7f04475d9dc0>,64,18,[12  3],65,-1,113,-1,95
1,<environment.Job instance at 0x7f04475d9780>,65,28,[5 5],66,-1,123,-1,95
1,<environment.Job instance at 0x7f04482bc640>,66,19,[ 1 12],67,-1,114,-1,95
1,<environment.Job instance at 0x7f0448039730>,68,24,[8 1],69,-1,131,-1,107
1,<environment.Job instance at 0x7f045129ab90>,67,24,[10  2],68,-1,131,-1,107
1,<environment.Job instance at 0x7f04480c1460>,71,28,[ 1 12],72,-1,135,-1,107
1,<environment.Job instance at 0x7f0447584c80>,72,15,[13  1],73,-1,122,-1,107
1,<environment.Job instance at 0x7f0447584dc0>,73,20,[ 5 12],74,-1,127,-1,107
1,<environment.Job instance at 0x7f04475e0dc0>,69,27,[ 5 10],70,-1,139,-1,112
1,<environment.Job instance at 0x7f044833c320>,75,12,[ 4 13],76,-1,124,-1,112
1,<environment.Job instance at 0x7f04475dd870>,76,24,[5 3],77,-1,136,-1,112
1,<environment.Job instance at 0x7f04484d3870>,79,21,[14  3],80,-1,134,-1,113
1,<environment.Job instance at 0x7f0447f0c2d0>,82,20,[11  3],83,-1,151,-1,131
1,<environment.Job instance at 0x7f0447e96c30>,85,17,[ 3 13],86,-1,163,-1,146
1,<environment.Job instance at 0x7f0447216af0>,86,15,[13  4],87,-1,161,-1,146
1,<environment.Job instance at 0x7f0447764820>,88,23,[3 8],89,-1,181,-1,158
1,<environment.Job instance at 0x7f04477660f0>,90,26,[14  4],91,-1,184,-1,158
1,<environment.Job instance at 0x7f044721e320>,87,25,[9 1],88,-1,192,-1,167
1,<environment.Job instance at 0x7f0448320e10>,93,18,[14  1],94,-1,185,-1,167
1,<environment.Job instance at 0x7f04480c2190>,0,15,[10  4],1,-1,17,-1,2
1,<environment.Job instance at 0x7f0448047c30>,2,17,[3 9],3,-1,20,-1,3
1,<environment.Job instance at 0x7f0448047690>,14,18,[11  3],15,-1,40,-1,22
1,<environment.Job instance at 0x7f04480704b0>,13,24,[9 5],14,-1,49,-1,25
1,<environment.Job instance at 0x7f04480701e0>,16,22,[ 4 10],17,-1,49,-1,27
1,<environment.Job instance at 0x7f0448047410>,8,22,[12  2],9,-1,49,-1,27
1,<environment.Job instance at 0x7f0448070190>,17,20,[ 2 10],18,-1,47,-1,27
1,<environment.Job instance at 0x7f0448060a00>,20,23,[8 4],21,-1,53,-1,30
1,<environment.Job instance at 0x7f04480703c0>,15,23,[13  5],16,-1,175,-1,152
1,<environment.Job instance at 0x7f0448047370>,5,14,[13  5],6,-1,166,-1,152
1,<environment.Job instance at 0x7f0448060e10>,26,26,[ 3 14],27,-1,178,-1,152
1,<environment.Job instance at 0x7f0448060280>,22,27,[9 3],23,-1,186,-1,159
1,<environment.Job instance at 0x7f0448060410>,25,28,[ 2 13],26,-1,187,-1,159
1,<environment.Job instance at 0x7f0448747280>,30,25,[13  4],31,-1,184,-1,159
1,<environment.Job instance at 0x7f04480600f0>,29,15,[ 3 13],30,-1,174,-1,159
1,<environment.Job instance at 0x7f04487465f0>,32,18,[5 8],33,-1,181,-1,163
1,<environment.Job instance at 0x7f0447c603c0>,3,24,[14  5],4,-1,28,-1,4
1,<environment.Job instance at 0x7f0448270960>,4,18,[14  1],5,-1,23,-1,5
1,<environment.Job instance at 0x7f0448270af0>,5,14,[13  5],6,-1,20,-1,6
1,<environment.Job instance at 0x7f0447d33550>,6,21,[ 1 14],7,-1,28,-1,7
1,<environment.Job instance at 0x7f0447a53d20>,8,22,[12  2],9,-1,31,-1,9
1,<environment.Job instance at 0x7f0447d33b90>,10,14,[12  5],11,-1,25,-1,11
1,<environment.Job instance at 0x7f0447f375a0>,11,14,[14  2],12,-1,26,-1,12
1,<environment.Job instance at 0x7f0447f37af0>,9,26,[ 2 10],10,-1,41,-1,15
1,<environment.Job instance at 0x7f0447bf7230>,14,18,[11  3],15,-1,33,-1,15
1,<environment.Job instance at 0x7f0447f37cd0>,12,24,[4 5],13,-1,39,-1,15
1,<environment.Job instance at 0x7f0447bf79b0>,15,23,[13  5],16,-1,39,-1,16
1,<environment.Job instance at 0x7f0447f37410>,13,24,[9 5],14,-1,40,-1,16
1,<environment.Job instance at 0x7f0447cdfe10>,18,28,[12  3],19,-1,47,-1,19
1,<environment.Job instance at 0x7f0447cb78c0>,21,13,[12  4],22,-1,35,-1,22
1,<environment.Job instance at 0x7f0447cb72d0>,19,25,[3 6],20,-1,52,-1,27
1,<environment.Job instance at 0x7f0447bf7820>,20,23,[8 4],21,-1,50,-1,27
1,<environment.Job instance at 0x7f0447cb7b90>,24,18,[ 5 12],25,-1,45,-1,27
1,<environment.Job instance at 0x7f0447cb7500>,25,28,[ 2 13],26,-1,55,-1,27
1,<environment.Job instance at 0x7f0447cb7640>,26,26,[ 3 14],27,-1,53,-1,27
1,<environment.Job instance at 0x7f0447cb73c0>,22,27,[9 3],23,-1,54,-1,27
1,<environment.Job instance at 0x7f0447cb7f50>,27,15,[11  5],28,-1,43,-1,28
1,<environment.Job instance at 0x7f0447d9e730>,29,15,[ 3 13],30,-1,45,-1,30
1,<environment.Job instance at 0x7f0447f3ad20>,30,25,[13  4],31,-1,56,-1,31
1,<environment.Job instance at 0x7f0448071f50>,31,17,[13  1],32,-1,49,-1,32
1,<environment.Job instance at 0x7f0448071e10>,33,25,[12  1],34,-1,59,-1,34
1,<environment.Job instance at 0x7f0447f3d230>,34,28,[14  4],35,-1,63,-1,35
1,<environment.Job instance at 0x7f0447bf4aa0>,35,16,[ 1 13],36,-1,52,-1,36
1,<environment.Job instance at 0x7f0447bf43c0>,36,26,[ 3 11],37,-1,63,-1,37
1,<environment.Job instance at 0x7f0447bf4c80>,39,26,[12  4],40,-1,71,-1,45
1,<environment.Job instance at 0x7f0447bf4780>,40,16,[11  4],41,-1,61,-1,45
1,<environment.Job instance at 0x7f0447c340a0>,43,20,[12  4],44,-1,82,-1,62
1,<environment.Job instance at 0x7f0447c34d70>,44,26,[1 6],45,-1,88,-1,62
1,<environment.Job instance at 0x7f0447c34c30>,45,23,[5 5],46,-1,86,-1,63
1,<environment.Job instance at 0x7f0447c34aa0>,46,27,[12  2],47,-1,90,-1,63
1,<environment.Job instance at 0x7f0447c2beb0>,47,15,[14  2],48,-1,78,-1,63
1,<environment.Job instance at 0x7f0447cc3820>,48,15,[13  3],49,-1,78,-1,63
1,<environment.Job instance at 0x7f0447c2b550>,51,14,[ 2 11],52,-1,77,-1,63
1,<environment.Job instance at 0x7f044833f230>,52,25,[14  3],53,-1,88,-1,63
1,<environment.Job instance at 0x7f044833f730>,53,23,[14  5],54,-1,86,-1,63
1,<environment.Job instance at 0x7f044833f370>,54,27,[12  3],55,-1,90,-1,63
1,<environment.Job instance at 0x7f044833f550>,55,22,[11  3],56,-1,85,-1,63
1,<environment.Job instance at 0x7f044833f460>,56,28,[ 1 13],57,-1,91,-1,63
1,<environment.Job instance at 0x7f044833fd20>,57,25,[12  4],58,-1,88,-1,63
1,<environment.Job instance at 0x7f0447d215f0>,58,17,[ 2 13],59,-1,80,-1,63
1,<environment.Job instance at 0x7f0447d5b190>,59,15,[ 2 14],60,-1,78,-1,63
1,<environment.Job instance at 0x7f0447c45500>,61,16,[ 2 13],62,-1,79,-1,63
1,<environment.Job instance at 0x7f0448320e10>,63,15,[12  3],64,-1,79,-1,64
1,<environment.Job instance at 0x7f04476fb500>,64,19,[ 2 13],65,-1,84,-1,65
1,<environment.Job instance at 0x7f0447601b40>,67,18,[ 1 13],68,-1,95,-1,77
1,<environment.Job instance at 0x7f04477660f0>,68,12,[ 5 14],69,-1,89,-1,77
1,<environment.Job instance at 0x7f0447eaefa0>,69,13,[14  1],70,-1,90,-1,77
1,<environment.Job instance at 0x7f0447764960>,73,18,[12  3],74,-1,110,-1,92
1,<environment.Job instance at 0x7f0447764820>,74,23,[2 6],75,-1,115,-1,92
1,<environment.Job instance at 0x7f04474a0c30>,76,27,[ 2 13],77,-1,119,-1,92
1,<environment.Job instance at 0x7f0448043140>,77,14,[ 2 11],78,-1,106,-1,92
1,<environment.Job instance at 0x7f0448043b40>,78,16,[ 1 12],79,-1,108,-1,92
1,<environment.Job instance at 0x7f044721e460>,79,26,[5 9],80,-1,139,-1,113
1,<environment.Job instance at 0x7f04484d3050>,82,24,[14  4],83,-1,137,-1,113
1,<environment.Job instance at 0x7f04475dd460>,86,16,[ 3 11],87,-1,148,-1,132
1,<environment.Job instance at 0x7f0447584c80>,88,16,[11  5],89,-1,148,-1,132
1,<environment.Job instance at 0x7f04484d0140>,89,18,[13  2],90,-1,150,-1,132
1,<environment.Job instance at 0x7f04483c5b90>,91,23,[14  1],92,-1,167,-1,144
1,<environment.Job instance at 0x7f045129ab90>,92,17,[ 1 14],93,-1,161,-1,144
1,<environment.Job instance at 0x7f045129a2d0>,93,16,[12  2],94,-1,160,-1,144
1,<environment.Job instance at 0x7f04482bc640>,94,19,[ 4 11],95,-1,163,-1,144
1,<environment.Job instance at 0x7f04475d9780>,95,24,[9 5],96,-1,171,-1,147
1,<environment.Job instance at 0x7f04480a4aa0>,96,16,[13  3],97,-1,163,-1,147
1,<environment.Job instance at 0x7f04478337d0>,97,24,[14  3],98,-1,171,-1,147
1,<environment.Job instance at 0x7f04475d9be0>,98,19,[ 1 14],99,-1,166,-1,147
1,<environment.Job instance at 0x7f04475d9fa0>,99,23,[14  3],100,-1,170,-1,147
1,<environment.Job instance at 0x7f04482e2870>,100,28,[ 4 11],101,-1,175,-1,147
1,<environment.Job instance at 0x7f04482e2a00>,101,27,[5 5],102,-1,174,-1,147
1,<environment.Job instance at 0x7f04475d9370>,102,24,[5 2],103,-1,171,-1,147
1,<environment.Job instance at 0x7f044759ff50>,103,14,[ 4 12],104,-1,161,-1,147
1,<environment.Job instance at 0x7f044759f280>,104,27,[5 1],105,-1,174,-1,147
1,<environment.Job instance at 0x7f044759f230>,105,27,[ 2 11],106,-1,174,-1,147
1,<environment.Job instance at 0x7f0447589e10>,106,28,[12  4],107,-1,175,-1,147
1,<environment.Job instance at 0x7f04475436e0>,108,14,[14  2],109,-1,161,-1,147
1,<environment.Job instance at 0x7f0447543fa0>,109,27,[5 1],110,-1,174,-1,147
1,<environment.Job instance at 0x7f0447543140>,110,23,[12  5],111,-1,170,-1,147
1,<environment.Job instance at 0x7f0447612c30>,111,23,[3 9],112,-1,186,-1,163
1,<environment.Job instance at 0x7f04476129b0>,113,12,[14  4],114,-1,175,-1,163
1,<environment.Job instance at 0x7f044761e820>,115,26,[7 5],116,-1,195,-1,169
1,<environment.Job instance at 0x7f04475a0be0>,116,17,[ 3 14],117,-1,186,-1,169
1,<environment.Job instance at 0x7f0447631d70>,12,27,[5 6],13,-1,40,-1,13
1,<environment.Job instance at 0x7f0447631050>,14,17,[10  4],15,-1,47,-1,30
1,<environment.Job instance at 0x7f0447834cd0>,8,16,[3 6],9,-1,59,-1,43
1,<environment.Job instance at 0x7f0447631820>,9,28,[1 8],10,-1,71,-1,43
1,<environment.Job instance at 0x7f0447631140>,21,20,[9 4],22,-1,63,-1,43
1,<environment.Job instance at 0x7f0447631f50>,20,14,[3 7],21,-1,57,-1,43
1,<environment.Job instance at 0x7f04476755a0>,22,24,[7 3],23,-1,67,-1,43
1,<environment.Job instance at 0x7f0447675640>,24,21,[ 1 13],25,-1,65,-1,44
1,<environment.Job instance at 0x7f0447675f00>,23,12,[13  5],24,-1,56,-1,44
1,<environment.Job instance at 0x7f0447675eb0>,26,20,[ 4 11],27,-1,64,-1,44
1,<environment.Job instance at 0x7f04476314b0>,6,27,[3 5],7,-1,71,-1,44
1,<environment.Job instance at 0x7f0447631230>,13,28,[ 2 12],14,-1,72,-1,44
1,<environment.Job instance at 0x7f04476750a0>,27,21,[5 9],28,-1,67,-1,46
1,<environment.Job instance at 0x7f0447675500>,28,23,[3 7],29,-1,69,-1,46
1,<environment.Job instance at 0x7f0447675050>,25,23,[ 1 10],26,-1,69,-1,46
1,<environment.Job instance at 0x7f0447675fa0>,31,20,[7 4],32,-1,67,-1,47
1,<environment.Job instance at 0x7f0447675aa0>,29,12,[5 7],30,-1,59,-1,47
1,<environment.Job instance at 0x7f0447631e60>,11,26,[7 2],12,-1,74,-1,48
1,<environment.Job instance at 0x7f0447675a50>,33,26,[ 4 14],34,-1,74,-1,48
1,<environment.Job instance at 0x7f04476752d0>,35,18,[1 6],36,-1,73,-1,55
1,<environment.Job instance at 0x7f0447675dc0>,36,15,[6 1],37,-1,79,-1,64
1,<environment.Job instance at 0x7f0447631550>,16,27,[12  3],17,-1,91,-1,64
1,<environment.Job instance at 0x7f0447675c30>,38,17,[5 5],39,-1,89,-1,72
1,<environment.Job instance at 0x7f0447631460>,15,16,[12  2],16,-1,88,-1,72
1,<environment.Job instance at 0x7f0447675690>,32,22,[ 2 10],33,-1,94,-1,72
1,<environment.Job instance at 0x7f0447675140>,39,17,[4 6],40,-1,89,-1,72
1,<environment.Job instance at 0x7f0447675320>,34,25,[2 7],35,-1,104,-1,79
1,<environment.Job instance at 0x7f0447675410>,37,17,[5 7],38,-1,97,-1,80
1,<environment.Job instance at 0x7f04476755f0>,40,13,[3 8],41,-1,96,-1,83
1,<environment.Job instance at 0x7f044764a4b0>,41,16,[14  4],42,-1,100,-1,84
1,<environment.Job instance at 0x7f044764aeb0>,42,17,[1 8],43,-1,113,-1,96
1,<environment.Job instance at 0x7f044764ac80>,45,22,[ 5 12],46,-1,119,-1,97
1,<environment.Job instance at 0x7f044764a0f0>,49,26,[6 2],50,-1,123,-1,97
1,<environment.Job instance at 0x7f044764a690>,46,13,[9 2],47,-1,110,-1,97
1,<environment.Job instance at 0x7f044764a8c0>,48,16,[14  2],49,-1,113,-1,97
1,<environment.Job instance at 0x7f044764a410>,54,26,[10  2],55,-1,123,-1,97
1,<environment.Job instance at 0x7f044764aa50>,52,20,[14  3],53,-1,117,-1,97
1,<environment.Job instance at 0x7f044764a550>,56,21,[8 1],57,-1,118,-1,97
1,<environment.Job instance at 0x7f0447914910>,58,28,[8 3],59,-1,127,-1,99
1,<environment.Job instance at 0x7f0447914eb0>,57,26,[12  5],58,-1,131,-1,105
1,<environment.Job instance at 0x7f0447914960>,60,18,[10  5],61,-1,125,-1,107
1,<environment.Job instance at 0x7f04479144b0>,61,24,[ 3 12],62,-1,131,-1,107
1,<environment.Job instance at 0x7f0447914e10>,63,19,[ 4 10],64,-1,126,-1,107
1,<environment.Job instance at 0x7f0447914640>,64,18,[10  1],65,-1,128,-1,110
1,<environment.Job instance at 0x7f0447914af0>,62,23,[4 7],63,-1,133,-1,110
1,<environment.Job instance at 0x7f0447914a50>,65,26,[12  4],66,-1,144,-1,118
1,<environment.Job instance at 0x7f0447675d20>,30,23,[ 3 11],31,-1,144,-1,121
1,<environment.Job instance at 0x7f044764adc0>,50,25,[ 4 14],51,-1,146,-1,121
1,<environment.Job instance at 0x7f0447914730>,70,13,[14  5],71,-1,134,-1,121
1,<environment.Job instance at 0x7f0447914410>,68,14,[5 7],69,-1,136,-1,122
1,<environment.Job instance at 0x7f0447914140>,73,25,[2 7],74,-1,148,-1,123
1,<environment.Job instance at 0x7f04479145f0>,71,21,[ 5 14],72,-1,144,-1,123
1,<environment.Job instance at 0x7f04479141e0>,74,23,[14  4],75,-1,146,-1,123
1,<environment.Job instance at 0x7f0447914550>,76,20,[5 7],77,-1,143,-1,123
1,<environment.Job instance at 0x7f0448755d20>,77,16,[4 8],78,-1,140,-1,124
1,<environment.Job instance at 0x7f0448755140>,78,18,[12  1],79,-1,142,-1,124
1,<environment.Job instance at 0x7f04487555a0>,79,15,[2 8],80,-1,139,-1,124
1,<environment.Job instance at 0x7f0448755190>,80,24,[12  2],81,-1,148,-1,124
1,<environment.Job instance at 0x7f0447a726e0>,0,12,[11  2],1,-1,13,-1,1
1,<environment.Job instance at 0x7f04480702d0>,2,16,[ 3 13],3,-1,19,-1,3
1,<environment.Job instance at 0x7f0447830cd0>,4,22,[ 1 12],5,-1,27,-1,5
1,<environment.Job instance at 0x7f045129ab90>,5,24,[12  5],6,-1,30,-1,6
1,<environment.Job instance at 0x7f04475b9820>,6,27,[3 5],7,-1,34,-1,7
1,<environment.Job instance at 0x7f0447c45550>,11,26,[7 2],12,-1,44,-1,18
1,<environment.Job instance at 0x7f0447d33f50>,13,28,[ 2 12],14,-1,46,-1,18
1,<environment.Job instance at 0x7f0447c456e0>,9,28,[1 8],10,-1,47,-1,19
1,<environment.Job instance at 0x7f0447631af0>,15,16,[12  2],16,-1,35,-1,19
1,<environment.Job instance at 0x7f04482a0500>,16,27,[12  3],17,-1,46,-1,19
1,<environment.Job instance at 0x7f04482a0f50>,17,17,[13  2],18,-1,36,-1,19
1,<environment.Job instance at 0x7f0447830f50>,12,27,[5 6],13,-1,46,-1,19
1,<environment.Job instance at 0x7f04479161e0>,23,12,[13  5],24,-1,44,-1,32
1,<environment.Job instance at 0x7f0447916eb0>,24,21,[ 1 13],25,-1,53,-1,32
1,<environment.Job instance at 0x7f0448075370>,22,24,[7 3],23,-1,56,-1,32
1,<environment.Job instance at 0x7f044751c3c0>,26,20,[ 4 11],27,-1,52,-1,32
1,<environment.Job instance at 0x7f044751c140>,25,23,[ 1 10],26,-1,62,-1,39
1,<environment.Job instance at 0x7f04478343c0>,30,23,[ 3 11],31,-1,62,-1,39
1,<environment.Job instance at 0x7f04487735f0>,33,26,[ 4 14],34,-1,65,-1,39
1,<environment.Job instance at 0x7f0450f91d70>,34,25,[2 7],35,-1,64,-1,39
1,<environment.Job instance at 0x7f0447834f00>,28,23,[3 7],29,-1,62,-1,39
1,<environment.Job instance at 0x7f0447c48fa0>,41,16,[14  4],42,-1,76,-1,60
1,<environment.Job instance at 0x7f0448359550>,43,18,[14  3],44,-1,86,-1,68
1,<environment.Job instance at 0x7f0448359500>,45,22,[ 5 12],46,-1,95,-1,73
1,<environment.Job instance at 0x7f0448032a50>,47,18,[ 1 12],48,-1,91,-1,73
1,<environment.Job instance at 0x7f0448032230>,48,16,[14  2],49,-1,89,-1,73
1,<environment.Job instance at 0x7f0447e091e0>,49,26,[6 2],50,-1,112,-1,86
1,<environment.Job instance at 0x7f04482977d0>,50,25,[ 4 14],51,-1,111,-1,86
1,<environment.Job instance at 0x7f0448297f50>,52,20,[14  3],53,-1,106,-1,86
1,<environment.Job instance at 0x7f0447e16640>,53,25,[14  5],54,-1,111,-1,86
1,<environment.Job instance at 0x7f0447e164b0>,55,14,[14  1],56,-1,104,-1,90
1,<environment.Job instance at 0x7f0447e16b40>,57,26,[12  5],58,-1,117,-1,91
1,<environment.Job instance at 0x7f0447e16690>,59,16,[14  1],60,-1,123,-1,107
1,<environment.Job instance at 0x7f0447e16a50>,61,24,[ 3 12],62,-1,131,-1,107
1,<environment.Job instance at 0x7f0447e16550>,54,26,[10  2],55,-1,138,-1,112
1,<environment.Job instance at 0x7f0447e16f50>,58,28,[8 3],59,-1,140,-1,112
1,<environment.Job instance at 0x7f044856a8c0>,65,26,[12  4],66,-1,138,-1,112
1,<environment.Job instance at 0x7f04476646e0>,62,23,[4 7],63,-1,147,-1,124
1,<environment.Job instance at 0x7f04474baa00>,69,17,[ 3 12],70,-1,147,-1,130
1,<environment.Job instance at 0x7f04474bacd0>,70,13,[14  5],71,-1,143,-1,130
1,<environment.Job instance at 0x7f04474ba820>,71,21,[ 5 14],72,-1,151,-1,130
1,<environment.Job instance at 0x7f04474bac30>,72,21,[ 4 11],73,-1,151,-1,130
1,<environment.Job instance at 0x7f04474ba5a0>,73,25,[2 7],74,-1,170,-1,145
1,<environment.Job instance at 0x7f04474bafa0>,74,23,[14  4],75,-1,168,-1,145
1,<environment.Job instance at 0x7f0447345190>,75,12,[ 3 11],76,-1,157,-1,145
1,<environment.Job instance at 0x7f0448406d70>,78,18,[12  1],79,-1,164,-1,146
1,<environment.Job instance at 0x7f0447250140>,80,24,[12  2],81,-1,184,-1,160
1,<environment.Job instance at 0x7f044790c8c0>,1,24,[5 1],2,-1,26,-1,2
1,<environment.Job instance at 0x7f044753ecd0>,6,15,[5 5],7,-1,23,-1,8
1,<environment.Job instance at 0x7f044752b320>,10,18,[5 9],11,-1,32,-1,14
1,<environment.Job instance at 0x7f044755be60>,14,25,[9 4],15,-1,53,-1,28
1,<environment.Job instance at 0x7f0447a14500>,1,24,[5 1],2,-1,26,-1,2
1,<environment.Job instance at 0x7f0447a14320>,2,13,[ 5 12],3,-1,16,-1,3
1,<environment.Job instance at 0x7f0447a14eb0>,3,15,[14  1],4,-1,19,-1,4
1,<environment.Job instance at 0x7f0447a14d70>,4,23,[1 8],5,-1,28,-1,5
1,<environment.Job instance at 0x7f0447a14f00>,5,28,[ 2 10],6,-1,34,-1,6
1,<environment.Job instance at 0x7f0447a14730>,8,21,[ 3 14],9,-1,30,-1,9
1,<environment.Job instance at 0x7f0447a26c30>,9,21,[ 2 12],10,-1,31,-1,10
1,<environment.Job instance at 0x7f0447a268c0>,12,21,[13  5],13,-1,34,-1,13
1,<environment.Job instance at 0x7f04476198c0>,16,14,[11  4],17,-1,31,-1,17
1,<environment.Job instance at 0x7f0447194a00>,18,28,[ 1 13],19,-1,57,-1,29
1,<environment.Job instance at 0x7f0448845e10>,19,19,[ 5 14],20,-1,48,-1,29
1,<environment.Job instance at 0x7f04475b85f0>,14,25,[9 4],15,-1,61,-1,36
1,<environment.Job instance at 0x7f04471995a0>,22,20,[ 4 14],23,-1,56,-1,36
1,<environment.Job instance at 0x7f0447199b40>,23,18,[14  4],24,-1,54,-1,36
1,<environment.Job instance at 0x7f0447a64b90>,24,18,[ 3 11],25,-1,54,-1,36
1,<environment.Job instance at 0x7f0447a64a50>,26,26,[ 2 11],27,-1,62,-1,36
1,<environment.Job instance at 0x7f0447d81f50>,27,13,[13  4],28,-1,49,-1,36
1,<environment.Job instance at 0x7f0448406910>,30,13,[12  4],31,-1,61,-1,48
1,<environment.Job instance at 0x7f0448406320>,31,17,[ 5 13],32,-1,65,-1,48
1,<environment.Job instance at 0x7f0450dabbe0>,32,16,[ 5 14],33,-1,64,-1,48
1,<environment.Job instance at 0x7f0450dab8c0>,33,25,[5 8],34,-1,82,-1,57
1,<environment.Job instance at 0x7f04474bafa0>,35,17,[ 2 14],36,-1,74,-1,57
1,<environment.Job instance at 0x7f04474ba050>,36,18,[11  3],37,-1,75,-1,57
1,<environment.Job instance at 0x7f04474ba3c0>,40,15,[14  4],41,-1,89,-1,74
1,<environment.Job instance at 0x7f04474bae10>,41,24,[11  3],42,-1,98,-1,74
1,<environment.Job instance at 0x7f04474baaa0>,42,15,[ 5 12],43,-1,89,-1,74
1,<environment.Job instance at 0x7f044856a730>,43,26,[ 1 12],44,-1,100,-1,74
1,<environment.Job instance at 0x7f0447e09320>,45,25,[1 8],46,-1,111,-1,86
1,<environment.Job instance at 0x7f0447e09050>,46,27,[ 3 12],47,-1,113,-1,86
1,<environment.Job instance at 0x7f0448032d70>,48,28,[12  4],49,-1,114,-1,86
1,<environment.Job instance at 0x7f044856a230>,44,23,[ 4 10],45,-1,110,-1,87
1,<environment.Job instance at 0x7f04480325a0>,50,28,[11  4],51,-1,115,-1,87
1,<environment.Job instance at 0x7f0448167be0>,51,26,[5 7],52,-1,113,-1,87
1,<environment.Job instance at 0x7f0448359fa0>,52,24,[13  1],53,-1,111,-1,87
1,<environment.Job instance at 0x7f0448359b90>,53,12,[14  5],54,-1,99,-1,87
1,<environment.Job instance at 0x7f0448773d70>,56,17,[ 1 14],57,-1,104,-1,87
1,<environment.Job instance at 0x7f0448773af0>,57,18,[14  3],58,-1,105,-1,87
1,<environment.Job instance at 0x7f04479654b0>,58,25,[11  3],59,-1,112,-1,87
1,<environment.Job instance at 0x7f0447967aa0>,59,17,[14  4],60,-1,104,-1,87
1,<environment.Job instance at 0x7f0450f91d70>,55,26,[6 3],56,-1,125,-1,99
1,<environment.Job instance at 0x7f0448774b90>,62,18,[14  4],63,-1,117,-1,99
1,<environment.Job instance at 0x7f0447c45500>,66,16,[13  1],67,-1,129,-1,113
1,<environment.Job instance at 0x7f0447c45550>,67,28,[ 4 12],68,-1,141,-1,113
1,<environment.Job instance at 0x7f0447d33550>,68,15,[12  2],69,-1,128,-1,113
1,<environment.Job instance at 0x7f0447766c80>,70,26,[6 4],71,-1,142,-1,116
1,<environment.Job instance at 0x7f044812c0a0>,72,15,[ 3 13],73,-1,141,-1,126
1,<environment.Job instance at 0x7f0447a4c410>,74,18,[13  3],75,-1,146,-1,128
1,<environment.Job instance at 0x7f0447c48870>,75,28,[9 4],76,-1,168,-1,140
1,<environment.Job instance at 0x7f04482e2280>,76,13,[ 5 11],77,-1,153,-1,140
1,<environment.Job instance at 0x7f0447602280>,77,19,[14  1],78,-1,159,-1,140
1,<environment.Job instance at 0x7f04475d9cd0>,82,25,[7 5],83,-1,177,-1,152
1,<environment.Job instance at 0x7f0447553d70>,85,21,[ 5 14],86,-1,180,-1,159
1,<environment.Job instance at 0x7f04475536e0>,86,25,[14  4],87,-1,184,-1,159
1,<environment.Job instance at 0x7f044719f410>,84,26,[6 1],85,-1,193,-1,167
1,<environment.Job instance at 0x7f0447914410>,88,15,[ 3 11],89,-1,182,-1,167
1,<environment.Job instance at 0x7f04475531e0>,90,27,[ 4 11],91,-1,194,-1,167
1,<environment.Job instance at 0x7f0448747410>,0,16,[13  5],1,-1,17,-1,1
1,<environment.Job instance at 0x7f0448320500>,3,17,[11  4],4,-1,21,-1,4
1,<environment.Job instance at 0x7f044811de60>,4,28,[13  5],5,-1,33,-1,5
1,<environment.Job instance at 0x7f0447bd68c0>,7,17,[ 5 11],8,-1,25,-1,8
1,<environment.Job instance at 0x7f04473d52d0>,9,19,[ 5 12],10,-1,29,-1,10
1,<environment.Job instance at 0x7f0447fd2c80>,11,24,[14  3],12,-1,36,-1,12
1,<environment.Job instance at 0x7f0447914320>,12,23,[ 1 14],13,-1,36,-1,13
1,<environment.Job instance at 0x7f0447fd2190>,13,24,[12  2],14,-1,38,-1,14
1,<environment.Job instance at 0x7f044739e5f0>,5,27,[6 1],6,-1,42,-1,15
1,<environment.Job instance at 0x7f04482e2280>,14,28,[3 6],15,-1,43,-1,15
1,<environment.Job instance at 0x7f0447914960>,15,21,[ 2 14],16,-1,37,-1,16
1,<environment.Job instance at 0x7f0447914b40>,16,15,[13  5],17,-1,32,-1,17
1,<environment.Job instance at 0x7f0447967b90>,20,12,[ 1 12],21,-1,33,-1,21
1,<environment.Job instance at 0x7f044751c0a0>,21,21,[ 2 12],22,-1,43,-1,22
1,<environment.Job instance at 0x7f0450f91b40>,22,15,[13  4],23,-1,38,-1,23
1,<environment.Job instance at 0x7f0450f91d70>,23,28,[3 8],24,-1,57,-1,29
1,<environment.Job instance at 0x7f0448406320>,25,28,[9 3],26,-1,57,-1,29
1,<environment.Job instance at 0x7f0448406b90>,26,14,[11  3],27,-1,43,-1,29
1,<environment.Job instance at 0x7f04479bfaf0>,24,24,[9 3],25,-1,53,-1,29
1,<environment.Job instance at 0x7f0447619c30>,30,16,[ 5 12],31,-1,51,-1,35
1,<environment.Job instance at 0x7f0448845a50>,31,24,[13  4],32,-1,59,-1,35
1,<environment.Job instance at 0x7f04473458c0>,29,26,[3 8],30,-1,61,-1,35
1,<environment.Job instance at 0x7f04483cc7d0>,33,25,[14  2],34,-1,60,-1,35
1,<environment.Job instance at 0x7f04486b5c80>,34,27,[4 5],35,-1,62,-1,35
1,<environment.Job instance at 0x7f04478e2f00>,19,25,[ 3 10],20,-1,60,-1,35
1,<environment.Job instance at 0x7f044742a6e0>,35,23,[12  2],36,-1,59,-1,36
1,<environment.Job instance at 0x7f044756d6e0>,38,14,[13  1],39,-1,53,-1,39
1,<environment.Job instance at 0x7f0447ff0dc0>,39,18,[ 2 13],40,-1,58,-1,40
1,<environment.Job instance at 0x7f0447ff08c0>,40,17,[ 4 11],41,-1,58,-1,41
1,<environment.Job instance at 0x7f04483cc1e0>,32,27,[8 2],33,-1,70,-1,43
1,<environment.Job instance at 0x7f0447ff0780>,42,14,[ 3 11],43,-1,57,-1,43
1,<environment.Job instance at 0x7f04484e9640>,43,17,[ 5 13],44,-1,61,-1,44
1,<environment.Job instance at 0x7f0450e0e2d0>,44,22,[13  3],45,-1,67,-1,45
1,<environment.Job instance at 0x7f0450e0edc0>,45,13,[ 3 13],46,-1,59,-1,46
1,<environment.Job instance at 0x7f0450e0ecd0>,46,14,[12  1],47,-1,61,-1,47
1,<environment.Job instance at 0x7f04484e90f0>,48,17,[ 3 13],49,-1,66,-1,49
1,<environment.Job instance at 0x7f04479ff410>,50,20,[11  2],51,-1,71,-1,51
1,<environment.Job instance at 0x7f0448258820>,51,19,[ 2 12],52,-1,71,-1,52
1,<environment.Job instance at 0x7f046c70fd70>,52,18,[ 3 11],53,-1,71,-1,53
1,<environment.Job instance at 0x7f0447882aa0>,53,14,[ 4 12],54,-1,68,-1,54
1,<environment.Job instance at 0x7f044715e640>,49,28,[3 7],50,-1,83,-1,55
1,<environment.Job instance at 0x7f045116ecd0>,54,19,[ 5 11],55,-1,74,-1,55
1,<environment.Job instance at 0x7f0448099cd0>,55,14,[ 5 13],56,-1,70,-1,56
1,<environment.Job instance at 0x7f0450dd1fa0>,57,21,[13  5],58,-1,79,-1,58
1,<environment.Job instance at 0x7f0450dd1640>,58,17,[11  1],59,-1,76,-1,59
1,<environment.Job instance at 0x7f04479f20a0>,59,23,[ 1 14],60,-1,83,-1,60
1,<environment.Job instance at 0x7f04479f2e60>,61,14,[ 5 14],62,-1,76,-1,62
1,<environment.Job instance at 0x7f0447be1f50>,62,15,[ 2 14],63,-1,78,-1,63
1,<environment.Job instance at 0x7f0447a15280>,64,14,[13  5],65,-1,79,-1,65
1,<environment.Job instance at 0x7f044792fb40>,66,22,[ 4 11],67,-1,89,-1,67
1,<environment.Job instance at 0x7f0447bf0dc0>,69,24,[ 3 14],70,-1,94,-1,70
1,<environment.Job instance at 0x7f044792fbe0>,65,26,[1 9],66,-1,96,-1,70
1,<environment.Job instance at 0x7f0447bf09b0>,70,28,[ 5 11],71,-1,99,-1,71
1,<environment.Job instance at 0x7f04486c70f0>,71,17,[ 5 12],72,-1,89,-1,72
1,<environment.Job instance at 0x7f04486c7550>,74,22,[11  2],75,-1,97,-1,75
1,<environment.Job instance at 0x7f04483b6730>,68,24,[10  5],69,-1,100,-1,76
1,<environment.Job instance at 0x7f04486c7500>,76,24,[7 1],77,-1,112,-1,88
1,<environment.Job instance at 0x7f0448752af0>,78,21,[ 1 12],79,-1,109,-1,88
1,<environment.Job instance at 0x7f0448752370>,79,12,[ 3 11],80,-1,100,-1,88
1,<environment.Job instance at 0x7f0448752320>,80,24,[6 1],81,-1,112,-1,88
1,<environment.Job instance at 0x7f0448752fa0>,81,28,[12  1],82,-1,116,-1,88
1,<environment.Job instance at 0x7f0448752230>,82,25,[14  3],83,-1,113,-1,88
1,<environment.Job instance at 0x7f0448752780>,83,25,[12  4],84,-1,113,-1,88
1,<environment.Job instance at 0x7f0448752f50>,84,19,[14  1],85,-1,107,-1,88
1,<environment.Job instance at 0x7f0448752cd0>,85,21,[11  5],86,-1,109,-1,88
1,<environment.Job instance at 0x7f0448752960>,86,13,[11  4],87,-1,101,-1,88
1,<environment.Job instance at 0x7f0448752dc0>,87,25,[8 5],88,-1,113,-1,88
1,<environment.Job instance at 0x7f0447fa94b0>,90,12,[ 3 14],91,-1,103,-1,91
1,<environment.Job instance at 0x7f0447664dc0>,91,15,[ 4 13],92,-1,107,-1,92
1,<environment.Job instance at 0x7f0447664c30>,93,13,[11  4],94,-1,107,-1,94
1,<environment.Job instance at 0x7f0447490d20>,99,19,[ 4 11],100,-1,138,-1,119
1,<environment.Job instance at 0x7f0447490370>,100,28,[ 3 11],101,-1,147,-1,119
1,<environment.Job instance at 0x7f04474901e0>,102,23,[4 6],103,-1,158,-1,135
1,<environment.Job instance at 0x7f0447c49320>,104,21,[14  4],105,-1,156,-1,135
1,<environment.Job instance at 0x7f0447c49910>,105,20,[12  5],106,-1,155,-1,135
1,<environment.Job instance at 0x7f0447beafa0>,106,14,[11  3],107,-1,149,-1,135
1,<environment.Job instance at 0x7f0447c49f00>,107,28,[ 2 14],108,-1,163,-1,135
1,<environment.Job instance at 0x7f0447490be0>,101,26,[4 8],102,-1,167,-1,141
1,<environment.Job instance at 0x7f044794cf00>,109,23,[5 3],110,-1,164,-1,141
1,<environment.Job instance at 0x7f0447fe1690>,111,25,[13  1],112,-1,166,-1,141
1,<environment.Job instance at 0x7f0447fe1c30>,113,17,[13  2],114,-1,169,-1,152
1,<environment.Job instance at 0x7f0447fe14b0>,115,23,[13  4],116,-1,177,-1,154
1,<environment.Job instance at 0x7f0447fe1b40>,117,26,[1 9],118,-1,192,-1,166
1,<environment.Job instance at 0x7f0447fe15f0>,114,27,[3 9],115,-1,193,-1,166
1,<environment.Job instance at 0x7f04481f34b0>,120,21,[13  4],121,-1,187,-1,166
1,<environment.Job instance at 0x7f0447fe1140>,118,25,[5 4],119,-1,194,-1,169
1,<environment.Job instance at 0x7f04487748c0>,122,12,[13  4],123,-1,181,-1,169
1,<environment.Job instance at 0x7f0448774320>,124,19,[12  3],125,-1,188,-1,169
1,<environment.Job instance at 0x7f0448774640>,125,17,[ 5 11],126,-1,186,-1,169
1,<environment.Job instance at 0x7f044707e320>,13,23,[6 3],14,-1,37,-1,14
1,<environment.Job instance at 0x7f0447ea8af0>,0,24,[ 5 13],1,-1,25,-1,1
1,<environment.Job instance at 0x7f0447ea8a00>,1,23,[ 5 12],2,-1,25,-1,2
1,<environment.Job instance at 0x7f0447ea8690>,2,15,[14  2],3,-1,18,-1,3
1,<environment.Job instance at 0x7f0447ea8be0>,3,25,[ 2 12],4,-1,29,-1,4
1,<environment.Job instance at 0x7f0447ea8c30>,5,24,[14  2],6,-1,30,-1,6
1,<environment.Job instance at 0x7f04471b9320>,6,15,[ 5 12],7,-1,22,-1,7
1,<environment.Job instance at 0x7f04471b9eb0>,9,19,[ 4 13],10,-1,29,-1,10
1,<environment.Job instance at 0x7f0447744370>,10,21,[ 5 13],11,-1,32,-1,11
1,<environment.Job instance at 0x7f04471b9230>,12,24,[7 1],13,-1,48,-1,24
1,<environment.Job instance at 0x7f04471c9690>,16,16,[14  5],17,-1,40,-1,24
1,<environment.Job instance at 0x7f04471c93c0>,17,18,[ 4 11],18,-1,42,-1,24
1,<environment.Job instance at 0x7f044773fe60>,18,25,[2 5],19,-1,49,-1,24
1,<environment.Job instance at 0x7f044773fd70>,19,13,[12  3],20,-1,37,-1,24
1,<environment.Job instance at 0x7f04471c9b40>,20,25,[10  2],21,-1,49,-1,24
1,<environment.Job instance at 0x7f04471aa3c0>,21,28,[ 5 14],22,-1,52,-1,24
1,<environment.Job instance at 0x7f04471c9370>,13,23,[6 3],14,-1,47,-1,24
1,<environment.Job instance at 0x7f04471aae60>,23,17,[12  5],24,-1,41,-1,24
1,<environment.Job instance at 0x7f04471aa280>,25,27,[13  3],26,-1,53,-1,26
1,<environment.Job instance at 0x7f04471b9cd0>,8,27,[2 9],9,-1,54,-1,27
1,<environment.Job instance at 0x7f0447124910>,29,21,[11  1],30,-1,58,-1,37
1,<environment.Job instance at 0x7f04471acb90>,31,18,[11  1],32,-1,55,-1,37
1,<environment.Job instance at 0x7f04471acc30>,33,15,[ 2 13],34,-1,56,-1,41
1,<environment.Job instance at 0x7f0447118960>,35,15,[ 2 13],36,-1,56,-1,41
1,<environment.Job instance at 0x7f04471180f0>,36,17,[13  4],37,-1,58,-1,41
1,<environment.Job instance at 0x7f044711b690>,37,28,[ 1 12],38,-1,69,-1,41
1,<environment.Job instance at 0x7f044711bf00>,39,20,[ 4 14],40,-1,75,-1,55
1,<environment.Job instance at 0x7f044711b2d0>,40,18,[14  1],41,-1,73,-1,55
1,<environment.Job instance at 0x7f0447117690>,42,24,[ 2 12],43,-1,83,-1,59
1,<environment.Job instance at 0x7f0447112050>,46,24,[3 7],47,-1,92,-1,68
1,<environment.Job instance at 0x7f0447112b40>,47,15,[ 3 14],48,-1,83,-1,68
1,<environment.Job instance at 0x7f0448567b40>,48,25,[3 6],49,-1,93,-1,68
1,<environment.Job instance at 0x7f04486f3d70>,50,16,[ 5 12],51,-1,84,-1,68
1,<environment.Job instance at 0x7f04486f3050>,51,22,[13  4],52,-1,90,-1,68
1,<environment.Job instance at 0x7f044710aaf0>,52,17,[13  5],53,-1,85,-1,68
1,<environment.Job instance at 0x7f044710a0a0>,53,17,[14  5],54,-1,85,-1,68
1,<environment.Job instance at 0x7f044710a460>,54,17,[ 1 13],55,-1,85,-1,68
1,<environment.Job instance at 0x7f04485d22d0>,55,16,[ 1 11],56,-1,84,-1,68
1,<environment.Job instance at 0x7f0447120780>,57,16,[14  4],58,-1,85,-1,69
1,<environment.Job instance at 0x7f0447120c30>,59,23,[2 5],60,-1,105,-1,82
1,<environment.Job instance at 0x7f0447d2e0f0>,62,14,[11  5],63,-1,97,-1,83
1,<environment.Job instance at 0x7f0447d25370>,63,18,[ 4 12],64,-1,101,-1,83
1,<environment.Job instance at 0x7f0447eaa8c0>,64,24,[ 3 11],65,-1,107,-1,83
1,<environment.Job instance at 0x7f04477e4e60>,65,15,[ 3 13],66,-1,98,-1,83
1,<environment.Job instance at 0x7f0448646690>,67,13,[13  2],68,-1,108,-1,95
1,<environment.Job instance at 0x7f04477c0690>,68,27,[13  3],69,-1,122,-1,95
1,<environment.Job instance at 0x7f04483d3320>,71,27,[12  3],72,-1,141,-1,114
1,<environment.Job instance at 0x7f0447bcb230>,73,26,[ 4 11],74,-1,141,-1,115
1,<environment.Job instance at 0x7f0447105f50>,75,23,[1 6],76,-1,149,-1,126
1,<environment.Job instance at 0x7f04512cb4b0>,76,24,[ 5 12],77,-1,150,-1,126
1,<environment.Job instance at 0x7f0448551370>,78,24,[7 2],79,-1,158,-1,134
1,<environment.Job instance at 0x7f0447bd5e60>,80,14,[14  5],81,-1,153,-1,139
1,<environment.Job instance at 0x7f04475df320>,81,14,[ 3 12],82,-1,153,-1,139
1,<environment.Job instance at 0x7f0447f20870>,83,19,[ 4 11],84,-1,166,-1,147
1,<environment.Job instance at 0x7f0447743f00>,86,17,[13  5],87,-1,179,-1,162
1,<environment.Job instance at 0x7f0447743d70>,87,17,[ 4 13],88,-1,179,-1,162
1,<environment.Job instance at 0x7f0447743730>,88,15,[ 5 11],89,-1,177,-1,162
1,<environment.Job instance at 0x7f0447743e10>,89,13,[14  4],90,-1,175,-1,162
1,<environment.Job instance at 0x7f04477439b0>,90,15,[13  5],91,-1,177,-1,162
1,<environment.Job instance at 0x7f04477437d0>,92,28,[13  3],93,-1,191,-1,163
1,<environment.Job instance at 0x7f0447743c80>,93,25,[ 1 14],94,-1,188,-1,163
1,<environment.Job instance at 0x7f0447743af0>,94,19,[13  4],95,-1,182,-1,163
1,<environment.Job instance at 0x7f04473ad1e0>,0,15,[5 8],1,-1,16,-1,1
1,<environment.Job instance at 0x7f04473ad5a0>,3,16,[2 8],4,-1,21,-1,5
1,<environment.Job instance at 0x7f0447fd2280>,4,23,[14  4],5,-1,28,-1,5
1,<environment.Job instance at 0x7f044746ccd0>,8,24,[ 4 11],9,-1,44,-1,20
1,<environment.Job instance at 0x7f044746ce60>,9,28,[1 7],10,-1,75,-1,47
1,<environment.Job instance at 0x7f04471da460>,1,24,[1 6],2,-1,26,-1,2
1,<environment.Job instance at 0x7f04471da6e0>,2,16,[ 3 11],3,-1,19,-1,3
1,<environment.Job instance at 0x7f0447dad2d0>,4,23,[14  4],5,-1,28,-1,5
1,<environment.Job instance at 0x7f04471daaf0>,5,16,[14  4],6,-1,22,-1,6
1,<environment.Job instance at 0x7f04471e4cd0>,8,24,[ 4 11],9,-1,33,-1,9
1,<environment.Job instance at 0x7f04471e4f00>,9,28,[1 7],10,-1,38,-1,10
1,<environment.Job instance at 0x7f04471e42d0>,11,18,[13  2],12,-1,30,-1,12
1,<environment.Job instance at 0x7f04481db5a0>,12,24,[14  4],13,-1,37,-1,13
1,<environment.Job instance at 0x7f04475d4cd0>,6,26,[ 1 10],7,-1,42,-1,16
1,<environment.Job instance at 0x7f0459dab3c0>,13,25,[2 8],14,-1,41,-1,16
1,<environment.Job instance at 0x7f04471bb2d0>,16,27,[13  4],17,-1,44,-1,17
1,<environment.Job instance at 0x7f04471bb8c0>,18,25,[ 1 12],19,-1,44,-1,19
1,<environment.Job instance at 0x7f04471bbcd0>,20,27,[ 2 13],21,-1,57,-1,30
1,<environment.Job instance at 0x7f04471bb3c0>,21,20,[14  5],22,-1,50,-1,30
1,<environment.Job instance at 0x7f04471bbfa0>,22,25,[ 3 12],23,-1,55,-1,30
1,<environment.Job instance at 0x7f0451028370>,23,14,[13  1],24,-1,44,-1,30
1,<environment.Job instance at 0x7f04471d62d0>,24,15,[12  1],25,-1,45,-1,30
1,<environment.Job instance at 0x7f04471d66e0>,25,13,[ 2 12],26,-1,43,-1,30
1,<environment.Job instance at 0x7f04471d6230>,26,12,[14  2],27,-1,42,-1,30
1,<environment.Job instance at 0x7f04513bfaa0>,27,28,[7 1],28,-1,59,-1,31
1,<environment.Job instance at 0x7f04513bf6e0>,28,18,[ 3 13],29,-1,49,-1,31
1,<environment.Job instance at 0x7f0447df1140>,30,17,[13  4],31,-1,48,-1,31
1,<environment.Job instance at 0x7f0447df15a0>,31,27,[6 2],32,-1,70,-1,43
1,<environment.Job instance at 0x7f0447a78780>,34,16,[ 2 11],35,-1,62,-1,46
1,<environment.Job instance at 0x7f0447a78eb0>,35,27,[ 5 12],36,-1,73,-1,46
1,<environment.Job instance at 0x7f04487564b0>,36,17,[ 4 13],37,-1,63,-1,46
1,<environment.Job instance at 0x7f0450d8faa0>,37,28,[9 4],38,-1,87,-1,59
1,<environment.Job instance at 0x7f0450d8f190>,38,25,[ 1 12],39,-1,84,-1,59
1,<environment.Job instance at 0x7f0447d766e0>,39,28,[2 9],40,-1,87,-1,59
1,<environment.Job instance at 0x7f0447d765a0>,41,14,[14  3],42,-1,73,-1,59
1,<environment.Job instance at 0x7f0447746370>,42,15,[ 3 11],43,-1,74,-1,59
1,<environment.Job instance at 0x7f0447746820>,43,20,[ 4 12],44,-1,79,-1,59
1,<environment.Job instance at 0x7f0447746e60>,44,28,[ 5 14],45,-1,87,-1,59
1,<environment.Job instance at 0x7f04477464b0>,45,17,[ 3 14],46,-1,76,-1,59
1,<environment.Job instance at 0x7f04477466e0>,46,27,[ 3 10],47,-1,86,-1,59
1,<environment.Job instance at 0x7f0447f92b90>,51,27,[6 4],52,-1,117,-1,90
1,<environment.Job instance at 0x7f0447cf9190>,53,25,[2 8],54,-1,120,-1,95
1,<environment.Job instance at 0x7f04477433c0>,57,28,[ 5 11],58,-1,123,-1,95
1,<environment.Job instance at 0x7f0447743140>,59,13,[11  4],60,-1,108,-1,95
1,<environment.Job instance at 0x7f0447743a00>,60,21,[12  2],61,-1,116,-1,95
1,<environment.Job instance at 0x7f0450de2c80>,61,23,[ 2 12],62,-1,118,-1,95
1,<environment.Job instance at 0x7f04475df320>,62,26,[ 2 13],63,-1,121,-1,95
1,<environment.Job instance at 0x7f04477436e0>,63,17,[13  3],64,-1,112,-1,95
1,<environment.Job instance at 0x7f0447743b90>,64,22,[13  2],65,-1,117,-1,95
1,<environment.Job instance at 0x7f0447f20550>,66,13,[ 2 14],67,-1,120,-1,107
1,<environment.Job instance at 0x7f0447bd3af0>,67,22,[ 3 14],68,-1,129,-1,107
1,<environment.Job instance at 0x7f0448551140>,68,28,[ 3 13],69,-1,135,-1,107
1,<environment.Job instance at 0x7f0448551820>,69,27,[14  1],70,-1,134,-1,107
1,<environment.Job instance at 0x7f0447da0dc0>,71,17,[13  4],72,-1,126,-1,109
1,<environment.Job instance at 0x7f0447bd5e60>,72,27,[7 4],73,-1,146,-1,119
1,<environment.Job instance at 0x7f0447bd5cd0>,73,14,[ 5 12],74,-1,133,-1,119
1,<environment.Job instance at 0x7f04477c0690>,74,23,[13  4],75,-1,142,-1,119
1,<environment.Job instance at 0x7f0447d2e0f0>,76,15,[14  3],77,-1,134,-1,119
1,<environment.Job instance at 0x7f0447eaa8c0>,77,25,[ 3 10],78,-1,146,-1,121
1,<environment.Job instance at 0x7f04471c1550>,80,17,[ 5 13],81,-1,139,-1,122
1,<environment.Job instance at 0x7f04485d22d0>,81,28,[10  2],82,-1,161,-1,133
1,<environment.Job instance at 0x7f044715caa0>,82,24,[9 3],83,-1,157,-1,133
1,<environment.Job instance at 0x7f04471c10a0>,83,21,[13  1],84,-1,154,-1,133
1,<environment.Job instance at 0x7f04471206e0>,86,27,[11  3],87,-1,160,-1,133
1,<environment.Job instance at 0x7f044800e2d0>,3,19,[ 2 10],4,-1,24,-1,5
1,<environment.Job instance at 0x7f044800eaa0>,6,14,[9 3],7,-1,21,-1,7
1,<environment.Job instance at 0x7f044800e0a0>,8,24,[7 2],9,-1,33,-1,9
1,<environment.Job instance at 0x7f044800eaf0>,9,23,[3 8],10,-1,33,-1,10
1,<environment.Job instance at 0x7f04481dfd20>,14,22,[1 8],15,-1,38,-1,16
1,<environment.Job instance at 0x7f04481df5f0>,16,16,[ 5 13],17,-1,34,-1,18
1,<environment.Job instance at 0x7f04481dfbe0>,17,20,[5 4],18,-1,38,-1,18
1,<environment.Job instance at 0x7f04475a2c80>,0,16,[ 3 14],1,-1,17,-1,1
1,<environment.Job instance at 0x7f04475a2b40>,1,17,[12  1],2,-1,19,-1,2
1,<environment.Job instance at 0x7f04475a2640>,5,22,[ 1 12],6,-1,28,-1,6
1,<environment.Job instance at 0x7f04475a25a0>,7,14,[11  2],8,-1,22,-1,8
1,<environment.Job instance at 0x7f04475a2820>,10,19,[ 5 14],11,-1,30,-1,11
1,<environment.Job instance at 0x7f04475a2410>,4,28,[6 2],5,-1,45,-1,17
1,<environment.Job instance at 0x7f04475a2050>,12,26,[ 1 13],13,-1,43,-1,17
1,<environment.Job instance at 0x7f04475a2370>,8,24,[7 2],9,-1,41,-1,17
1,<environment.Job instance at 0x7f04475a2f00>,15,14,[ 3 13],16,-1,31,-1,17
1,<environment.Job instance at 0x7f04475a2a00>,16,16,[ 5 13],17,-1,33,-1,17
1,<environment.Job instance at 0x7f0447ea8960>,18,28,[14  2],19,-1,51,-1,23
1,<environment.Job instance at 0x7f04475a29b0>,9,23,[3 8],10,-1,46,-1,23
1,<environment.Job instance at 0x7f0447ea8a00>,20,23,[6 4],21,-1,46,-1,23
1,<environment.Job instance at 0x7f04471b93c0>,22,20,[ 1 11],23,-1,43,-1,23
1,<environment.Job instance at 0x7f04471b9be0>,24,18,[ 5 13],25,-1,48,-1,30
1,<environment.Job instance at 0x7f04471b9eb0>,25,14,[12  2],26,-1,44,-1,30
1,<environment.Job instance at 0x7f04471c9c30>,27,28,[1 5],28,-1,71,-1,43
1,<environment.Job instance at 0x7f04471c9460>,28,21,[14  5],29,-1,64,-1,43
1,<environment.Job instance at 0x7f04471c93c0>,29,25,[8 1],30,-1,68,-1,43
1,<environment.Job instance at 0x7f044773fd70>,31,12,[12  3],32,-1,55,-1,43
1,<environment.Job instance at 0x7f04471aa280>,34,25,[4 5],35,-1,82,-1,57
1,<environment.Job instance at 0x7f04471aae60>,35,25,[10  3],36,-1,82,-1,57
1,<environment.Job instance at 0x7f0447124960>,37,28,[13  4],38,-1,85,-1,57
1,<environment.Job instance at 0x7f0447127be0>,38,20,[13  2],39,-1,77,-1,57
1,<environment.Job instance at 0x7f0447127a50>,39,14,[12  3],40,-1,71,-1,57
1,<environment.Job instance at 0x7f04471249b0>,40,17,[ 5 13],41,-1,74,-1,57
1,<environment.Job instance at 0x7f04471acb90>,41,13,[11  3],42,-1,70,-1,57
1,<environment.Job instance at 0x7f04471acc30>,42,18,[13  4],43,-1,75,-1,57
1,<environment.Job instance at 0x7f0447118960>,44,12,[ 3 12],45,-1,69,-1,57
1,<environment.Job instance at 0x7f04471180a0>,45,16,[ 2 11],46,-1,73,-1,57
1,<environment.Job instance at 0x7f044711b6e0>,46,27,[14  4],47,-1,84,-1,57
1,<environment.Job instance at 0x7f04483f3780>,47,25,[ 2 14],48,-1,82,-1,57
1,<environment.Job instance at 0x7f044711b500>,50,20,[ 3 11],51,-1,77,-1,57
1,<environment.Job instance at 0x7f0447112c80>,53,15,[ 2 14],54,-1,85,-1,70
1,<environment.Job instance at 0x7f0448567b40>,54,23,[ 3 14],55,-1,93,-1,70
1,<environment.Job instance at 0x7f0447112500>,55,21,[ 5 13],56,-1,91,-1,70
1,<environment.Job instance at 0x7f04471120f0>,56,16,[ 3 14],57,-1,86,-1,70
1,<environment.Job instance at 0x7f0447112be0>,57,17,[11  5],58,-1,87,-1,70
1,<environment.Job instance at 0x7f044710ab90>,58,14,[11  3],59,-1,84,-1,70
1,<environment.Job instance at 0x7f044710a460>,60,13,[14  1],61,-1,97,-1,84
1,<environment.Job instance at 0x7f0447d32190>,63,16,[ 2 12],64,-1,105,-1,89
1,<environment.Job instance at 0x7f04471206e0>,64,18,[ 3 11],65,-1,107,-1,89
1,<environment.Job instance at 0x7f04471c10a0>,66,15,[ 1 14],67,-1,115,-1,100
1,<environment.Job instance at 0x7f0447eaaaa0>,67,24,[5 2],68,-1,130,-1,106
1,<environment.Job instance at 0x7f0447105f50>,68,23,[ 2 13],69,-1,129,-1,106
1,<environment.Job instance at 0x7f0447bbb140>,69,13,[14  1],70,-1,119,-1,106
1,<environment.Job instance at 0x7f04471c1550>,70,22,[ 1 11],71,-1,128,-1,106
1,<environment.Job instance at 0x7f0447bd5e60>,71,23,[3 8],72,-1,131,-1,108
1,<environment.Job instance at 0x7f0447bd5690>,72,13,[ 3 12],73,-1,121,-1,108
1,<environment.Job instance at 0x7f0448551370>,73,14,[ 2 11],74,-1,122,-1,108
1,<environment.Job instance at 0x7f0448551820>,74,25,[5 8],75,-1,133,-1,108
1,<environment.Job instance at 0x7f0447f20dc0>,78,24,[ 4 13],79,-1,139,-1,115
1,<environment.Job instance at 0x7f0447743f00>,82,15,[11  1],83,-1,147,-1,132
1,<environment.Job instance at 0x7f0450de2c80>,76,26,[10  4],77,-1,176,-1,150
1,<environment.Job instance at 0x7f0447743e60>,85,23,[ 3 12],86,-1,173,-1,150
1,<environment.Job instance at 0x7f04477435a0>,87,28,[5 9],88,-1,190,-1,162
1,<environment.Job instance at 0x7f0447f92b90>,89,14,[11  2],90,-1,177,-1,163
1,<environment.Job instance at 0x7f0447746730>,90,28,[14  3],91,-1,191,-1,163
1,<environment.Job instance at 0x7f0447746320>,91,22,[ 5 12],92,-1,185,-1,163
1,<environment.Job instance at 0x7f0447746d20>,92,16,[11  2],93,-1,179,-1,163
1,<environment.Job instance at 0x7f0447746280>,94,27,[11  3],95,-1,190,-1,163
1,<environment.Job instance at 0x7f044729b6e0>,0,21,[5 9],1,-1,22,-1,1
1,<environment.Job instance at 0x7f0448718870>,11,23,[ 5 12],12,-1,56,-1,33
1,<environment.Job instance at 0x7f0448718370>,13,24,[6 1],14,-1,57,-1,33
1,<environment.Job instance at 0x7f044729baa0>,10,20,[8 4],11,-1,54,-1,34
1,<environment.Job instance at 0x7f04487180f0>,15,15,[5 6],16,-1,49,-1,34
1,<environment.Job instance at 0x7f04479e4550>,21,27,[5 3],22,-1,95,-1,68
1,<environment.Job instance at 0x7f04479e4910>,26,25,[7 1],27,-1,93,-1,68
1,<environment.Job instance at 0x7f0447470960>,2,14,[ 5 12],3,-1,17,-1,3
1,<environment.Job instance at 0x7f0447892910>,4,14,[ 5 12],5,-1,19,-1,5
1,<environment.Job instance at 0x7f0447cacd70>,5,14,[ 5 14],6,-1,20,-1,6
1,<environment.Job instance at 0x7f044788c960>,7,23,[14  1],8,-1,31,-1,8
1,<environment.Job instance at 0x7f044788c7d0>,8,14,[12  1],9,-1,23,-1,9
1,<environment.Job instance at 0x7f044788cfa0>,9,14,[ 1 12],10,-1,24,-1,10
1,<environment.Job instance at 0x7f044787d690>,11,23,[ 5 12],12,-1,35,-1,12
1,<environment.Job instance at 0x7f0447cac280>,14,12,[ 1 13],15,-1,34,-1,22
1,<environment.Job instance at 0x7f044787bd70>,16,27,[8 1],17,-1,49,-1,22
1,<environment.Job instance at 0x7f044787b8c0>,17,12,[ 4 13],18,-1,34,-1,22
1,<environment.Job instance at 0x7f044787ba50>,18,16,[ 3 11],19,-1,38,-1,22
1,<environment.Job instance at 0x7f04478868c0>,19,23,[8 2],20,-1,45,-1,22
1,<environment.Job instance at 0x7f0447886730>,20,17,[11  5],21,-1,39,-1,22
1,<environment.Job instance at 0x7f04478a9820>,21,27,[5 3],22,-1,49,-1,22
1,<environment.Job instance at 0x7f044788c3c0>,13,24,[6 1],14,-1,46,-1,22
1,<environment.Job instance at 0x7f0447875320>,25,12,[ 4 14],26,-1,46,-1,34
1,<environment.Job instance at 0x7f04478751e0>,26,25,[7 1],27,-1,59,-1,34
1,<environment.Job instance at 0x7f0447891500>,29,28,[4 9],30,-1,64,-1,36
1,<environment.Job instance at 0x7f0447891550>,30,28,[5 4],31,-1,64,-1,36
1,<environment.Job instance at 0x7f0447483f00>,32,22,[12  5],33,-1,58,-1,36
1,<environment.Job instance at 0x7f0447891eb0>,33,26,[ 3 14],34,-1,62,-1,36
1,<environment.Job instance at 0x7f04478917d0>,34,23,[13  3],35,-1,59,-1,36
1,<environment.Job instance at 0x7f044744baa0>,35,14,[12  3],36,-1,50,-1,36
1,<environment.Job instance at 0x7f0447821910>,36,18,[14  4],37,-1,55,-1,37
1,<environment.Job instance at 0x7f044778eb40>,38,22,[ 3 13],39,-1,61,-1,39
1,<environment.Job instance at 0x7f0447893c80>,40,18,[12  4],41,-1,66,-1,48
1,<environment.Job instance at 0x7f0447893fa0>,41,19,[12  4],42,-1,67,-1,48
1,<environment.Job instance at 0x7f0447893280>,39,24,[1 7],40,-1,75,-1,51
1,<environment.Job instance at 0x7f04474629b0>,44,21,[14  2],45,-1,72,-1,51
1,<environment.Job instance at 0x7f0447893320>,43,25,[7 1],44,-1,77,-1,52
1,<environment.Job instance at 0x7f044744bb40>,37,25,[10  4],38,-1,88,-1,63
1,<environment.Job instance at 0x7f0447462910>,47,23,[10  3],48,-1,86,-1,63
1,<environment.Job instance at 0x7f0447b3cbe0>,48,18,[13  4],49,-1,81,-1,63
1,<environment.Job instance at 0x7f0447899500>,50,27,[9 5],51,-1,90,-1,63
1,<environment.Job instance at 0x7f0447462870>,45,23,[6 3],46,-1,86,-1,63
1,<environment.Job instance at 0x7f04478805a0>,52,19,[ 5 13],53,-1,82,-1,63
1,<environment.Job instance at 0x7f04474225f0>,53,28,[7 5],54,-1,91,-1,63
1,<environment.Job instance at 0x7f0448327640>,55,15,[14  5],56,-1,78,-1,63
1,<environment.Job instance at 0x7f04478091e0>,56,21,[14  5],57,-1,84,-1,63
1,<environment.Job instance at 0x7f04477ee0a0>,57,26,[11  1],58,-1,89,-1,63
1,<environment.Job instance at 0x7f0448212230>,62,26,[5 9],63,-1,119,-1,93
1,<environment.Job instance at 0x7f0448212b40>,63,18,[12  2],64,-1,111,-1,93
1,<environment.Job instance at 0x7f0447808460>,64,28,[ 1 13],65,-1,121,-1,93
1,<environment.Job instance at 0x7f04486b39b0>,68,25,[ 2 14],69,-1,138,-1,113
1,<environment.Job instance at 0x7f04486b36e0>,70,18,[ 1 13],71,-1,145,-1,127
1,<environment.Job instance at 0x7f044823bbe0>,71,25,[3 6],72,-1,165,-1,140
1,<environment.Job instance at 0x7f0448242910>,73,18,[11  3],74,-1,158,-1,140
1,<environment.Job instance at 0x7f0448242e60>,74,24,[7 3],75,-1,164,-1,140
1,<environment.Job instance at 0x7f0447ca6e10>,76,12,[ 2 12],77,-1,152,-1,140
1,<environment.Job instance at 0x7f044742da50>,79,18,[ 5 13],80,-1,176,-1,158
1,<environment.Job instance at 0x7f044744a690>,80,13,[14  4],81,-1,171,-1,158
1,<environment.Job instance at 0x7f044744a5a0>,82,16,[ 2 13],83,-1,181,-1,165
1,<environment.Job instance at 0x7f0447439960>,0,23,[6 2],1,-1,24,-1,1
1,<environment.Job instance at 0x7f0447439eb0>,1,18,[7 2],2,-1,21,-1,3
1,<environment.Job instance at 0x7f044810ec80>,0,23,[6 2],1,-1,24,-1,1
1,<environment.Job instance at 0x7f04483b0f50>,2,16,[ 1 11],3,-1,19,-1,3
1,<environment.Job instance at 0x7f0447490cd0>,3,12,[ 4 14],4,-1,16,-1,4
1,<environment.Job instance at 0x7f04470ad960>,4,12,[11  4],5,-1,17,-1,5
1,<environment.Job instance at 0x7f0447eb3690>,6,23,[12  5],7,-1,30,-1,7
1,<environment.Job instance at 0x7f044725b820>,7,24,[ 5 14],8,-1,32,-1,8
1,<environment.Job instance at 0x7f044757c5f0>,9,13,[ 3 13],10,-1,23,-1,10
1,<environment.Job instance at 0x7f0447eb3eb0>,10,13,[12  3],11,-1,24,-1,11
1,<environment.Job instance at 0x7f04474a6c30>,11,12,[ 5 11],12,-1,24,-1,12
1,<environment.Job instance at 0x7f04484ec460>,14,13,[ 3 14],15,-1,28,-1,15
1,<environment.Job instance at 0x7f044810e4b0>,5,25,[9 2],6,-1,45,-1,20
1,<environment.Job instance at 0x7f0447820e10>,15,23,[4 8],16,-1,50,-1,27
1,<environment.Job instance at 0x7f04480a9190>,19,12,[ 1 14],20,-1,39,-1,27
1,<environment.Job instance at 0x7f04480c4d20>,20,27,[11  1],21,-1,54,-1,27
1,<environment.Job instance at 0x7f0447643f50>,22,25,[11  1],23,-1,52,-1,27
1,<environment.Job instance at 0x7f044836d140>,26,21,[ 3 14],27,-1,62,-1,41
1,<environment.Job instance at 0x7f044776ae60>,27,16,[ 1 11],28,-1,57,-1,41
1,<environment.Job instance at 0x7f0447b31320>,28,25,[ 2 13],29,-1,66,-1,41
1,<environment.Job instance at 0x7f0447763460>,29,22,[ 4 14],30,-1,63,-1,41
1,<environment.Job instance at 0x7f0447794050>,31,13,[12  2],32,-1,58,-1,45
1,<environment.Job instance at 0x7f0447794780>,33,17,[ 1 11],34,-1,73,-1,56
1,<environment.Job instance at 0x7f0447794d20>,36,15,[14  2],37,-1,76,-1,61
1,<environment.Job instance at 0x7f04484621e0>,37,13,[12  3],38,-1,74,-1,61
1,<environment.Job instance at 0x7f0448462410>,38,17,[ 3 14],39,-1,78,-1,61
1,<environment.Job instance at 0x7f0448466eb0>,39,24,[14  5],40,-1,85,-1,61
1,<environment.Job instance at 0x7f0448466140>,40,28,[11  2],41,-1,89,-1,61
1,<environment.Job instance at 0x7f0448159460>,41,15,[14  4],42,-1,76,-1,61
1,<environment.Job instance at 0x7f0447794d70>,42,13,[ 5 13],43,-1,74,-1,61
1,<environment.Job instance at 0x7f0448159370>,43,12,[ 3 12],44,-1,73,-1,61
1,<environment.Job instance at 0x7f04474a4d20>,44,20,[11  1],45,-1,81,-1,61
1,<environment.Job instance at 0x7f04474a4a00>,45,17,[ 2 14],46,-1,78,-1,61
1,<environment.Job instance at 0x7f04474a42d0>,46,13,[ 1 12],47,-1,74,-1,61
1,<environment.Job instance at 0x7f04474a4320>,47,18,[14  3],48,-1,79,-1,61
1,<environment.Job instance at 0x7f0447345a50>,48,28,[5 3],49,-1,89,-1,61
1,<environment.Job instance at 0x7f04473455a0>,49,23,[12  1],50,-1,84,-1,61
1,<environment.Job instance at 0x7f0447345640>,50,21,[13  1],51,-1,82,-1,61
1,<environment.Job instance at 0x7f04473456e0>,51,23,[12  2],52,-1,84,-1,61
1,<environment.Job instance at 0x7f0447b2bb90>,52,24,[11  2],53,-1,85,-1,61
1,<environment.Job instance at 0x7f04477770a0>,55,28,[ 1 13],56,-1,89,-1,61
1,<environment.Job instance at 0x7f0447777140>,59,12,[12  5],60,-1,100,-1,88
1,<environment.Job instance at 0x7f04477778c0>,58,25,[8 1],59,-1,116,-1,91
1,<environment.Job instance at 0x7f0450d4dd70>,63,21,[13  2],64,-1,124,-1,103
1,<environment.Job instance at 0x7f04486f5320>,65,23,[11  5],66,-1,127,-1,104
1,<environment.Job instance at 0x7f04487784b0>,66,18,[ 5 13],67,-1,122,-1,104
1,<environment.Job instance at 0x7f0448778190>,68,25,[4 8],69,-1,141,-1,116
1,<environment.Job instance at 0x7f0448125460>,70,16,[13  2],71,-1,132,-1,116
1,<environment.Job instance at 0x7f0448778a50>,67,28,[7 3],68,-1,149,-1,121
1,<environment.Job instance at 0x7f0448125cd0>,74,28,[13  5],75,-1,159,-1,131
1,<environment.Job instance at 0x7f0448125a00>,75,23,[9 3],76,-1,154,-1,131
1,<environment.Job instance at 0x7f0447422be0>,76,23,[8 1],77,-1,154,-1,131
1,<environment.Job instance at 0x7f04474224b0>,77,21,[13  4],78,-1,152,-1,131
1,<environment.Job instance at 0x7f04474226e0>,78,23,[4 8],79,-1,169,-1,146
1,<environment.Job instance at 0x7f0447e79280>,80,21,[ 3 13],81,-1,167,-1,146
1,<environment.Job instance at 0x7f0447661820>,81,18,[13  1],82,-1,164,-1,146
1,<environment.Job instance at 0x7f0447661370>,82,13,[ 4 12],83,-1,159,-1,146
1,<environment.Job instance at 0x7f04484bf410>,84,25,[3 8],85,-1,173,-1,148
1,<environment.Job instance at 0x7f044834db40>,85,23,[ 1 13],86,-1,171,-1,148
1,<environment.Job instance at 0x7f044834de10>,86,15,[14  3],87,-1,163,-1,148
1,<environment.Job instance at 0x7f0447cbc410>,87,20,[ 2 11],88,-1,168,-1,148
1,<environment.Job instance at 0x7f0447cbc820>,88,17,[ 3 12],89,-1,165,-1,148
1,<environment.Job instance at 0x7f0447cbc5f0>,90,14,[12  2],91,-1,162,-1,148
1,<environment.Job instance at 0x7f04477f2c80>,92,19,[ 2 14],93,-1,167,-1,148
1,<environment.Job instance at 0x7f04474a3b40>,93,15,[12  5],94,-1,163,-1,148
1,<environment.Job instance at 0x7f04474a3fa0>,94,25,[2 6],95,-1,186,-1,161
1,<environment.Job instance at 0x7f04474a3c80>,95,28,[ 3 12],96,-1,189,-1,161
1,<environment.Job instance at 0x7f04474a3a00>,96,26,[8 1],97,-1,187,-1,161
1,<environment.Job instance at 0x7f04484bf820>,83,25,[3 9],84,-1,186,-1,161
1,<environment.Job instance at 0x7f04474a30a0>,99,12,[11  1],100,-1,173,-1,161
1,<environment.Job instance at 0x7f04512ebb90>,100,15,[13  5],101,-1,176,-1,161
1,<environment.Job instance at 0x7f04485ac960>,0,27,[4 6],1,-1,28,-1,1
1,<environment.Job instance at 0x7f04485a2780>,1,24,[4 5],2,-1,26,-1,2
1,<environment.Job instance at 0x7f0448128c80>,6,26,[4 5],7,-1,33,-1,7
1,<environment.Job instance at 0x7f0447c11fa0>,0,27,[4 6],1,-1,28,-1,1
1,<environment.Job instance at 0x7f04483215f0>,1,24,[4 5],2,-1,26,-1,2
1,<environment.Job instance at 0x7f0448321a50>,2,15,[ 1 12],3,-1,18,-1,3
1,<environment.Job instance at 0x7f0448321eb0>,3,27,[ 3 12],4,-1,31,-1,4
1,<environment.Job instance at 0x7f0448128dc0>,4,24,[8 1],5,-1,29,-1,5
1,<environment.Job instance at 0x7f0448327140>,5,23,[12  1],6,-1,29,-1,6
1,<environment.Job instance at 0x7f0448327b40>,6,26,[4 5],7,-1,33,-1,7
1,<environment.Job instance at 0x7f0448327460>,7,28,[8 2],8,-1,36,-1,8
1,<environment.Job instance at 0x7f04483279b0>,8,21,[11  3],9,-1,30,-1,9
1,<environment.Job instance at 0x7f0448327e10>,9,19,[14  3],10,-1,29,-1,10
1,<environment.Job instance at 0x7f0448327730>,10,14,[ 2 11],11,-1,25,-1,11
1,<environment.Job instance at 0x7f0448327af0>,11,26,[1 5],12,-1,38,-1,12
1,<environment.Job instance at 0x7f0448327050>,12,23,[ 2 12],13,-1,36,-1,13
1,<environment.Job instance at 0x7f0448776a00>,13,25,[ 2 10],14,-1,39,-1,14
1,<environment.Job instance at 0x7f04483271e0>,14,25,[ 5 11],15,-1,40,-1,15
1,<environment.Job instance at 0x7f0446f4d0a0>,15,28,[12  4],16,-1,44,-1,16
1,<environment.Job instance at 0x7f0446f4dd70>,16,18,[ 2 11],17,-1,35,-1,17
1,<environment.Job instance at 0x7f0446f4d190>,17,13,[ 2 11],18,-1,31,-1,18
1,<environment.Job instance at 0x7f04512eb280>,20,25,[ 1 13],21,-1,46,-1,21
1,<environment.Job instance at 0x7f04474a3370>,24,15,[ 3 11],25,-1,40,-1,25
1,<environment.Job instance at 0x7f04474a3640>,25,14,[ 2 12],26,-1,40,-1,26
1,<environment.Job instance at 0x7f04474a35a0>,26,20,[ 3 14],27,-1,47,-1,27
1,<environment.Job instance at 0x7f04474a36e0>,27,18,[ 1 11],28,-1,46,-1,28
1,<environment.Job instance at 0x7f04474a3a50>,28,20,[ 2 11],29,-1,49,-1,29
1,<environment.Job instance at 0x7f04474a3780>,29,16,[14  5],30,-1,46,-1,30
1,<environment.Job instance at 0x7f04512eb780>,21,27,[1 9],22,-1,66,-1,39
1,<environment.Job instance at 0x7f04484bf410>,36,27,[2 7],37,-1,80,-1,53
1,<environment.Job instance at 0x7f04484bf820>,38,12,[ 2 14],39,-1,65,-1,53
1,<environment.Job instance at 0x7f0447e79730>,39,26,[13  2],40,-1,79,-1,53
1,<environment.Job instance at 0x7f0447e797d0>,40,17,[13  4],41,-1,70,-1,53
1,<environment.Job instance at 0x7f04474226e0>,41,13,[ 4 13],42,-1,66,-1,53
1,<environment.Job instance at 0x7f0447422fa0>,42,17,[ 1 13],43,-1,70,-1,53
1,<environment.Job instance at 0x7f0448125a00>,44,27,[ 3 10],45,-1,92,-1,65
1,<environment.Job instance at 0x7f04481254b0>,45,17,[ 4 11],46,-1,82,-1,65
1,<environment.Job instance at 0x7f0448125410>,46,28,[4 5],47,-1,93,-1,65
1,<environment.Job instance at 0x7f0448125640>,47,14,[11  1],48,-1,79,-1,65
1,<environment.Job instance at 0x7f0448125e60>,48,12,[ 3 12],49,-1,77,-1,65
1,<environment.Job instance at 0x7f0448778730>,50,19,[ 5 14],51,-1,84,-1,65
1,<environment.Job instance at 0x7f0448778780>,52,22,[14  4],53,-1,93,-1,71
1,<environment.Job instance at 0x7f04486f5550>,53,25,[4 6],54,-1,104,-1,79
1,<environment.Job instance at 0x7f0450d4dcd0>,55,26,[13  2],56,-1,105,-1,79
1,<environment.Job instance at 0x7f0450d4d870>,56,16,[13  5],57,-1,95,-1,79
1,<environment.Job instance at 0x7f0447345820>,59,20,[12  3],60,-1,103,-1,83
1,<environment.Job instance at 0x7f04473455a0>,61,27,[13  4],62,-1,120,-1,93
1,<environment.Job instance at 0x7f04481591e0>,63,28,[12  5],64,-1,128,-1,100
1,<environment.Job instance at 0x7f0447794d70>,64,24,[1 9],65,-1,131,-1,107
1,<environment.Job instance at 0x7f0447794370>,65,26,[5 7],66,-1,133,-1,107
1,<environment.Job instance at 0x7f044776ae60>,67,24,[4 5],68,-1,136,-1,112
1,<environment.Job instance at 0x7f04484362d0>,69,19,[ 2 11],70,-1,131,-1,112
1,<environment.Job instance at 0x7f0447117730>,72,15,[ 1 13],73,-1,135,-1,120
1,<environment.Job instance at 0x7f04480c4320>,73,25,[2 8],74,-1,160,-1,135
1,<environment.Job instance at 0x7f0447643050>,76,22,[14  1],77,-1,157,-1,135
1,<environment.Job instance at 0x7f044757c5f0>,78,18,[12  5],79,-1,153,-1,135
1,<environment.Job instance at 0x7f0447820e10>,79,16,[ 3 13],80,-1,151,-1,135
1,<environment.Job instance at 0x7f044725b820>,81,15,[13  1],82,-1,162,-1,147
1,<environment.Job instance at 0x7f04483b0f50>,82,19,[11  4],83,-1,166,-1,147
1,<environment.Job instance at 0x7f0447d9d0a0>,84,25,[3 9],85,-1,188,-1,163
1,<environment.Job instance at 0x7f04474396e0>,88,12,[ 5 13],89,-1,175,-1,163
1,<environment.Job instance at 0x7f0447969550>,3,17,[10  2],4,-1,22,-1,5
1,<environment.Job instance at 0x7f0447969870>,5,16,[6 1],6,-1,22,-1,6
1,<environment.Job instance at 0x7f0447969320>,4,18,[6 5],5,-1,24,-1,6
1,<environment.Job instance at 0x7f04479691e0>,6,14,[10  5],7,-1,22,-1,8
1,<environment.Job instance at 0x7f04479400f0>,7,18,[13  1],8,-1,26,-1,8
1,<environment.Job instance at 0x7f0447940050>,9,27,[1 6],10,-1,38,-1,11
1,<environment.Job instance at 0x7f04479401e0>,10,25,[2 8],11,-1,36,-1,11
1,<environment.Job instance at 0x7f0447940460>,11,20,[ 4 10],12,-1,32,-1,12
1,<environment.Job instance at 0x7f0447226960>,16,16,[ 3 10],17,-1,40,-1,24
1,<environment.Job instance at 0x7f0448324280>,0,28,[ 2 12],1,-1,29,-1,1
1,<environment.Job instance at 0x7f0448101f50>,7,18,[13  1],8,-1,26,-1,8
1,<environment.Job instance at 0x7f04479f9dc0>,9,27,[1 6],10,-1,43,-1,16
1,<environment.Job instance at 0x7f0448065b40>,10,25,[2 8],11,-1,47,-1,22
1,<environment.Job instance at 0x7f0447840a50>,12,15,[ 3 14],13,-1,37,-1,22
1,<environment.Job instance at 0x7f0447840dc0>,13,16,[12  1],14,-1,38,-1,22
1,<environment.Job instance at 0x7f0447840cd0>,14,13,[ 5 13],15,-1,35,-1,22
1,<environment.Job instance at 0x7f044791c5a0>,15,17,[ 5 12],16,-1,39,-1,22
1,<environment.Job instance at 0x7f0447911640>,19,25,[ 1 11],20,-1,63,-1,38
1,<environment.Job instance at 0x7f0447911e60>,20,24,[3 8],21,-1,62,-1,38
1,<environment.Job instance at 0x7f0447839460>,23,28,[1 7],24,-1,79,-1,51
1,<environment.Job instance at 0x7f0447927b40>,27,28,[ 4 12],28,-1,94,-1,66
1,<environment.Job instance at 0x7f04478362d0>,28,27,[3 8],29,-1,103,-1,76
1,<environment.Job instance at 0x7f04475ed6e0>,29,16,[ 3 14],30,-1,92,-1,76
1,<environment.Job instance at 0x7f04475ed4b0>,30,12,[13  2],31,-1,88,-1,76
1,<environment.Job instance at 0x7f04475edb90>,32,14,[14  2],33,-1,90,-1,76
1,<environment.Job instance at 0x7f04475edc80>,34,25,[5 6],35,-1,105,-1,80
1,<environment.Job instance at 0x7f04475ed820>,35,13,[13  4],36,-1,93,-1,80
1,<environment.Job instance at 0x7f04475edfa0>,36,26,[ 4 11],37,-1,106,-1,80
1,<environment.Job instance at 0x7f0447fc4a50>,38,19,[11  2],39,-1,99,-1,80
1,<environment.Job instance at 0x7f0447fc4960>,39,16,[12  2],40,-1,96,-1,80
1,<environment.Job instance at 0x7f0447fcb8c0>,40,23,[13  5],41,-1,103,-1,80
1,<environment.Job instance at 0x7f0447ff2280>,42,19,[14  3],43,-1,112,-1,93
1,<environment.Job instance at 0x7f0447ff22d0>,43,26,[4 6],44,-1,119,-1,93
1,<environment.Job instance at 0x7f04482cd460>,44,14,[13  4],45,-1,107,-1,93
1,<environment.Job instance at 0x7f0447412c80>,45,21,[12  5],46,-1,114,-1,93
1,<environment.Job instance at 0x7f0447ff2af0>,46,12,[12  1],47,-1,105,-1,93
1,<environment.Job instance at 0x7f04480c5aa0>,47,16,[ 1 14],48,-1,109,-1,93
1,<environment.Job instance at 0x7f0447fc7550>,48,21,[ 2 12],49,-1,114,-1,93
1,<environment.Job instance at 0x7f044784beb0>,51,24,[7 2],52,-1,132,-1,108
1,<environment.Job instance at 0x7f0447fffe60>,54,23,[13  2],55,-1,131,-1,108
1,<environment.Job instance at 0x7f0447ffff00>,55,27,[12  1],56,-1,135,-1,108
1,<environment.Job instance at 0x7f0447fd8870>,57,24,[3 8],58,-1,133,-1,109
1,<environment.Job instance at 0x7f0447fd8230>,58,23,[ 1 12],59,-1,132,-1,109
1,<environment.Job instance at 0x7f0447fd8730>,59,13,[ 3 12],60,-1,122,-1,109
1,<environment.Job instance at 0x7f0447d6a5f0>,60,28,[ 1 13],61,-1,137,-1,109
1,<environment.Job instance at 0x7f0447ffe780>,63,26,[ 4 13],64,-1,148,-1,122
1,<environment.Job instance at 0x7f0447ffe7d0>,64,24,[11  3],65,-1,146,-1,122
1,<environment.Job instance at 0x7f0447fe4230>,65,24,[12  2],66,-1,146,-1,122
1,<environment.Job instance at 0x7f0447fe4af0>,70,14,[ 1 13],71,-1,156,-1,142
1,<environment.Job instance at 0x7f0447fe4640>,71,22,[ 3 14],72,-1,164,-1,142
1,<environment.Job instance at 0x7f0447d57370>,73,23,[12  4],74,-1,178,-1,155
1,<environment.Job instance at 0x7f04476168c0>,0,26,[8 2],1,-1,27,-1,1
1,<environment.Job instance at 0x7f0447616280>,1,25,[ 5 10],2,-1,27,-1,2
1,<environment.Job instance at 0x7f0447616c80>,4,14,[ 5 11],5,-1,20,-1,6
1,<environment.Job instance at 0x7f04476165a0>,5,17,[7 4],6,-1,23,-1,6
1,<environment.Job instance at 0x7f0447616730>,7,27,[11  3],8,-1,38,-1,11
1,<environment.Job instance at 0x7f04480f2870>,11,27,[5 4],12,-1,43,-1,16
1,<environment.Job instance at 0x7f04480f22d0>,24,24,[9 4],25,-1,78,-1,54
1,<environment.Job instance at 0x7f04480f2730>,27,28,[14  4],28,-1,117,-1,89
1,<environment.Job instance at 0x7f04480f2960>,29,22,[14  1],30,-1,114,-1,92
1,<environment.Job instance at 0x7f04480f2f00>,13,24,[7 5],14,-1,117,-1,93
1,<environment.Job instance at 0x7f04480f25f0>,28,18,[13  4],29,-1,111,-1,93
1,<environment.Job instance at 0x7f04480f2410>,22,17,[4 5],23,-1,110,-1,93
1,<environment.Job instance at 0x7f0446f199b0>,33,22,[8 3],34,-1,116,-1,94
1,<environment.Job instance at 0x7f0446f19640>,32,28,[7 2],33,-1,122,-1,94
1,<environment.Job instance at 0x7f0446f19c30>,30,17,[ 3 11],31,-1,112,-1,95
1,<environment.Job instance at 0x7f0446f19f00>,34,15,[5 2],35,-1,110,-1,95
1,<environment.Job instance at 0x7f0446f19190>,37,21,[12  5],38,-1,116,-1,95
1,<environment.Job instance at 0x7f0446f19320>,38,25,[6 2],39,-1,120,-1,95
1,<environment.Job instance at 0x7f0446f19be0>,31,26,[13  3],32,-1,121,-1,95
1,<environment.Job instance at 0x7f0446f19a00>,39,28,[8 1],40,-1,123,-1,95
1,<environment.Job instance at 0x7f0446f19910>,41,21,[14  1],42,-1,116,-1,95
1,<environment.Job instance at 0x7f0446f19370>,42,26,[ 3 13],43,-1,121,-1,95
1,<environment.Job instance at 0x7f0446f192d0>,43,14,[ 5 12],44,-1,109,-1,95
1,<environment.Job instance at 0x7f0446f19870>,44,18,[ 4 11],45,-1,113,-1,95
1,<environment.Job instance at 0x7f0446f195f0>,45,16,[9 1],46,-1,111,-1,95
1,<environment.Job instance at 0x7f0446f19c80>,46,28,[12  3],47,-1,123,-1,95
1,<environment.Job instance at 0x7f0446f19550>,47,18,[10  2],48,-1,113,-1,95
1,<environment.Job instance at 0x7f0446f19230>,48,20,[14  5],49,-1,115,-1,95
1,<environment.Job instance at 0x7f0446f19050>,49,14,[5 3],50,-1,109,-1,95
1,<environment.Job instance at 0x7f0447ffe140>,50,28,[ 5 11],51,-1,123,-1,95
1,<environment.Job instance at 0x7f0447ffe0f0>,51,21,[11  5],52,-1,116,-1,95
1,<environment.Job instance at 0x7f0447ffe1e0>,52,13,[12  4],53,-1,108,-1,95
1,<environment.Job instance at 0x7f0447ffe230>,53,25,[14  4],54,-1,120,-1,95
1,<environment.Job instance at 0x7f0447ffee60>,54,13,[7 4],55,-1,108,-1,95
1,<environment.Job instance at 0x7f0446f195a0>,40,25,[3 8],41,-1,120,-1,95
1,<environment.Job instance at 0x7f0447ffec80>,55,22,[5 5],56,-1,117,-1,95
1,<environment.Job instance at 0x7f0447ffea50>,57,14,[1 9],58,-1,109,-1,95
1,<environment.Job instance at 0x7f0447ffef00>,58,22,[ 2 10],59,-1,117,-1,95
1,<environment.Job instance at 0x7f0447ffe730>,59,13,[5 1],60,-1,109,-1,96
1,<environment.Job instance at 0x7f0447ffed70>,60,13,[6 4],61,-1,109,-1,96
1,<environment.Job instance at 0x7f0447ffedc0>,61,25,[10  3],62,-1,121,-1,96
1,<environment.Job instance at 0x7f0447ffed20>,62,23,[3 9],63,-1,119,-1,96
1,<environment.Job instance at 0x7f0447ffe960>,63,19,[8 1],64,-1,115,-1,96
1,<environment.Job instance at 0x7f0447ffe460>,64,19,[ 2 12],65,-1,115,-1,96
1,<environment.Job instance at 0x7f0447ffe4b0>,65,13,[3 7],66,-1,109,-1,96
1,<environment.Job instance at 0x7f0447ffe500>,66,12,[3 6],67,-1,108,-1,96
1,<environment.Job instance at 0x7f0447ff2a50>,67,17,[ 1 11],68,-1,113,-1,96
1,<environment.Job instance at 0x7f0447ff2eb0>,68,27,[7 5],69,-1,123,-1,96
1,<environment.Job instance at 0x7f0447ff2cd0>,69,17,[10  1],70,-1,113,-1,96
1,<environment.Job instance at 0x7f0447ff2be0>,70,20,[1 9],71,-1,116,-1,96
1,<environment.Job instance at 0x7f0447ff2780>,71,16,[9 3],72,-1,112,-1,96
1,<environment.Job instance at 0x7f0447ff2c30>,72,22,[6 1],73,-1,118,-1,96
1,<environment.Job instance at 0x7f0447ff2230>,73,21,[10  3],74,-1,117,-1,96
1,<environment.Job instance at 0x7f0447ff2fa0>,74,15,[1 5],75,-1,111,-1,96
1,<environment.Job instance at 0x7f04480f20a0>,9,19,[ 3 12],10,-1,115,-1,96
1,<environment.Job instance at 0x7f0447ff2690>,77,26,[5 7],78,-1,122,-1,96
1,<environment.Job instance at 0x7f044791caa0>,78,17,[5 8],79,-1,113,-1,96
1,<environment.Job instance at 0x7f044791cb40>,80,19,[3 8],81,-1,115,-1,96
1,<environment.Job instance at 0x7f0447ffeeb0>,56,28,[9 4],57,-1,128,-1,100
1,<environment.Job instance at 0x7f044791cf00>,84,18,[10  5],85,-1,121,-1,103
1,<environment.Job instance at 0x7f044791cdc0>,82,20,[8 4],83,-1,123,-1,103
1,<environment.Job instance at 0x7f044791c820>,86,24,[8 2],87,-1,128,-1,104
1,<environment.Job instance at 0x7f0448213550>,0,26,[8 2],1,-1,27,-1,1
1,<environment.Job instance at 0x7f04482134b0>,1,25,[ 5 10],2,-1,27,-1,2
1,<environment.Job instance at 0x7f0448213140>,3,22,[11  3],4,-1,26,-1,4
1,<environment.Job instance at 0x7f0448213190>,4,14,[ 5 11],5,-1,19,-1,5
1,<environment.Job instance at 0x7f04482131e0>,6,18,[ 1 11],7,-1,25,-1,7
1,<environment.Job instance at 0x7f0447658370>,7,27,[11  3],8,-1,35,-1,8
1,<environment.Job instance at 0x7f0447658320>,8,14,[12  4],9,-1,23,-1,9
1,<environment.Job instance at 0x7f044764b050>,9,19,[ 3 12],10,-1,29,-1,10
1,<environment.Job instance at 0x7f0447426be0>,14,13,[ 2 13],15,-1,28,-1,15
1,<environment.Job instance at 0x7f0447d736e0>,15,17,[ 1 13],16,-1,33,-1,16
1,<environment.Job instance at 0x7f0447630b40>,11,27,[5 4],12,-1,44,-1,17
1,<environment.Job instance at 0x7f0447658f00>,13,24,[7 5],14,-1,41,-1,17
1,<environment.Job instance at 0x7f0447d3e780>,16,20,[12  1],17,-1,37,-1,17
1,<environment.Job instance at 0x7f0447d73640>,18,24,[ 3 14],19,-1,43,-1,19
1,<environment.Job instance at 0x7f0447d57870>,21,19,[ 5 11],22,-1,41,-1,22
1,<environment.Job instance at 0x7f0447fe40f0>,23,12,[ 5 14],24,-1,36,-1,24
1,<environment.Job instance at 0x7f0447d3eaf0>,19,25,[10  2],20,-1,55,-1,30
1,<environment.Job instance at 0x7f0447fe4460>,25,15,[13  4],26,-1,45,-1,30
1,<environment.Job instance at 0x7f0447fe4190>,27,28,[14  4],28,-1,58,-1,30
1,<environment.Job instance at 0x7f0447d6a5a0>,28,18,[13  4],29,-1,48,-1,30
1,<environment.Job instance at 0x7f0447d6a500>,29,22,[14  1],30,-1,52,-1,30
1,<environment.Job instance at 0x7f0447fe4320>,24,24,[9 4],25,-1,54,-1,30
1,<environment.Job instance at 0x7f0447fd8a50>,30,17,[ 3 11],31,-1,48,-1,31
1,<environment.Job instance at 0x7f0447d5c280>,31,26,[13  3],32,-1,58,-1,32
1,<environment.Job instance at 0x7f0447fd87d0>,32,28,[7 2],33,-1,61,-1,33
1,<environment.Job instance at 0x7f0447fffe60>,35,12,[ 3 11],36,-1,48,-1,36
1,<environment.Job instance at 0x7f0447ff79b0>,37,21,[12  5],38,-1,59,-1,38
1,<environment.Job instance at 0x7f0447ff2af0>,38,25,[6 2],39,-1,74,-1,49
1,<environment.Job instance at 0x7f0447ff21e0>,41,21,[14  1],42,-1,70,-1,49
1,<environment.Job instance at 0x7f0447ff2320>,42,26,[ 3 13],43,-1,75,-1,49
1,<environment.Job instance at 0x7f04481015f0>,43,14,[ 5 12],44,-1,63,-1,49
1,<environment.Job instance at 0x7f0448324280>,44,18,[ 4 11],45,-1,67,-1,49
1,<environment.Job instance at 0x7f0448065b40>,39,28,[8 1],40,-1,84,-1,56
1,<environment.Job instance at 0x7f04481010a0>,46,28,[12  3],47,-1,84,-1,56
1,<environment.Job instance at 0x7f0447ff20f0>,40,25,[3 8],41,-1,81,-1,56
1,<environment.Job instance at 0x7f0447aa7c80>,48,20,[14  5],49,-1,76,-1,56
1,<environment.Job instance at 0x7f04480f2d70>,50,28,[ 5 11],51,-1,84,-1,56
1,<environment.Job instance at 0x7f04480f2370>,51,21,[11  5],52,-1,77,-1,56
1,<environment.Job instance at 0x7f0446f19730>,52,13,[12  4],53,-1,69,-1,56
1,<environment.Job instance at 0x7f0446f194b0>,53,25,[14  4],54,-1,81,-1,56
1,<environment.Job instance at 0x7f044762ca00>,56,28,[9 4],57,-1,105,-1,77
1,<environment.Job instance at 0x7f04480dbc30>,62,23,[3 9],63,-1,112,-1,89
1,<environment.Job instance at 0x7f044791c050>,64,19,[ 2 12],65,-1,108,-1,89
1,<environment.Job instance at 0x7f044791c5a0>,61,25,[10  3],62,-1,115,-1,90
1,<environment.Job instance at 0x7f0447911cd0>,67,17,[ 1 11],68,-1,107,-1,90
1,<environment.Job instance at 0x7f0447911c80>,68,27,[7 5],69,-1,117,-1,90
1,<environment.Job instance at 0x7f044769b410>,79,28,[9 1],80,-1,172,-1,144
1,<environment.Job instance at 0x7f0447b12230>,81,14,[11  3],82,-1,158,-1,144
1,<environment.Job instance at 0x7f0447b127d0>,83,28,[11  2],84,-1,173,-1,145
1,<environment.Job instance at 0x7f04483b3050>,77,26,[5 7],78,-1,178,-1,152
1,<environment.Job instance at 0x7f0447b12c30>,85,21,[ 2 11],86,-1,173,-1,152
1,<environment.Job instance at 0x7f0446ef1a50>,87,20,[12  4],88,-1,173,-1,153
1,<environment.Job instance at 0x7f0446ef18c0>,88,20,[ 4 12],89,-1,173,-1,153
1,<environment.Job instance at 0x7f0446ef1910>,89,15,[ 1 11],90,-1,168,-1,153
1,<environment.Job instance at 0x7f0446ef1eb0>,86,24,[8 2],87,-1,187,-1,163
1,<environment.Job instance at 0x7f04476a5dc0>,91,19,[ 5 13],92,-1,182,-1,163
1,<environment.Job instance at 0x7f04476a5780>,93,22,[ 4 11],94,-1,185,-1,163
1,<environment.Job instance at 0x7f04476a5cd0>,94,14,[13  4],95,-1,177,-1,163
1,<environment.Job instance at 0x7f04476a89b0>,95,17,[ 5 14],96,-1,180,-1,163
1,<environment.Job instance at 0x7f0448621410>,10,24,[ 5 11],11,-1,39,-1,15
1,<environment.Job instance at 0x7f0448621690>,13,20,[5 3],14,-1,37,-1,17
1,<environment.Job instance at 0x7f044867ff50>,3,19,[11  5],4,-1,112,-1,93
1,<environment.Job instance at 0x7f0448621780>,16,27,[ 1 10],17,-1,120,-1,93
1,<environment.Job instance at 0x7f04486219b0>,18,14,[12  2],19,-1,110,-1,96
1,<environment.Job instance at 0x7f0448621af0>,20,21,[3 8],21,-1,117,-1,96
1,<environment.Job instance at 0x7f0448621c30>,22,13,[ 5 13],23,-1,109,-1,96
1,<environment.Job instance at 0x7f04486215f0>,11,16,[ 5 11],12,-1,112,-1,96
1,<environment.Job instance at 0x7f0448621a50>,19,23,[1 8],20,-1,119,-1,96
1,<environment.Job instance at 0x7f0448621cd0>,23,26,[3 8],24,-1,123,-1,97
1,<environment.Job instance at 0x7f0447d74dc0>,1,23,[12  4],2,-1,25,-1,2
1,<environment.Job instance at 0x7f0447d74a00>,2,18,[14  2],3,-1,21,-1,3
1,<environment.Job instance at 0x7f0447d74730>,3,19,[11  5],4,-1,23,-1,4
1,<environment.Job instance at 0x7f0447d740a0>,4,17,[12  1],5,-1,22,-1,5
1,<environment.Job instance at 0x7f0447d74190>,7,25,[ 5 11],8,-1,33,-1,8
1,<environment.Job instance at 0x7f0447d4bd70>,8,13,[13  4],9,-1,22,-1,9
1,<environment.Job instance at 0x7f0447d4b1e0>,9,28,[1 5],10,-1,38,-1,10
1,<environment.Job instance at 0x7f0447d4b140>,10,24,[ 5 11],11,-1,35,-1,11
1,<environment.Job instance at 0x7f0447d4b370>,11,16,[ 5 11],12,-1,28,-1,12
1,<environment.Job instance at 0x7f0447d4b050>,14,28,[7 1],15,-1,51,-1,23
1,<environment.Job instance at 0x7f0447d55e60>,17,20,[ 4 12],18,-1,43,-1,23
1,<environment.Job instance at 0x7f0447b06f50>,18,14,[12  2],19,-1,37,-1,23
1,<environment.Job instance at 0x7f0447b06910>,19,23,[1 8],20,-1,46,-1,23
1,<environment.Job instance at 0x7f0447b06690>,21,25,[3 5],22,-1,48,-1,23
1,<environment.Job instance at 0x7f0447d389b0>,22,13,[ 5 13],23,-1,36,-1,23
1,<environment.Job instance at 0x7f0447d55be0>,16,27,[ 1 10],17,-1,50,-1,23
1,<environment.Job instance at 0x7f0447d38960>,25,13,[ 1 14],26,-1,39,-1,26
1,<environment.Job instance at 0x7f0447b26460>,27,23,[13  1],28,-1,58,-1,35
1,<environment.Job instance at 0x7f04483caaa0>,28,15,[ 5 14],29,-1,50,-1,35
1,<environment.Job instance at 0x7f04483a6a50>,23,26,[3 8],24,-1,70,-1,44
1,<environment.Job instance at 0x7f04483d1e60>,33,16,[13  1],34,-1,65,-1,49
1,<environment.Job instance at 0x7f0448034500>,34,12,[ 3 11],35,-1,61,-1,49
1,<environment.Job instance at 0x7f0448034a50>,35,20,[ 2 12],36,-1,69,-1,49
1,<environment.Job instance at 0x7f04487767d0>,36,24,[1 8],37,-1,75,-1,51
1,<environment.Job instance at 0x7f0447672b40>,39,26,[8 5],40,-1,77,-1,51
1,<environment.Job instance at 0x7f0447672140>,40,12,[14  5],41,-1,63,-1,51
1,<environment.Job instance at 0x7f044804d230>,41,20,[ 3 11],42,-1,71,-1,51
1,<environment.Job instance at 0x7f044804d500>,42,15,[ 4 14],43,-1,66,-1,51
1,<environment.Job instance at 0x7f044804d0a0>,44,12,[14  5],45,-1,63,-1,51
1,<environment.Job instance at 0x7f04476451e0>,46,13,[ 5 12],47,-1,64,-1,51
1,<environment.Job instance at 0x7f0447645fa0>,47,26,[1 9],48,-1,77,-1,51
1,<environment.Job instance at 0x7f0447645460>,48,16,[ 3 13],49,-1,67,-1,51
1,<environment.Job instance at 0x7f0447645370>,50,18,[13  3],51,-1,69,-1,51
1,<environment.Job instance at 0x7f0447645d70>,52,26,[ 5 14],53,-1,88,-1,62
1,<environment.Job instance at 0x7f044764f140>,54,18,[ 3 13],55,-1,84,-1,66
1,<environment.Job instance at 0x7f044764f320>,56,21,[14  4],57,-1,101,-1,80
1,<environment.Job instance at 0x7f044764f500>,57,16,[ 4 12],58,-1,96,-1,80
1,<environment.Job instance at 0x7f044764f9b0>,58,24,[14  1],59,-1,104,-1,80
1,<environment.Job instance at 0x7f044764feb0>,53,26,[10  4],54,-1,109,-1,83
1,<environment.Job instance at 0x7f044764f960>,61,15,[14  5],62,-1,98,-1,83
1,<environment.Job instance at 0x7f04476a8960>,63,18,[ 5 14],64,-1,118,-1,100
1,<environment.Job instance at 0x7f04476a8730>,64,25,[12  4],65,-1,125,-1,100
1,<environment.Job instance at 0x7f04476a89b0>,65,13,[ 1 12],66,-1,113,-1,100
1,<environment.Job instance at 0x7f04476a50f0>,68,15,[ 5 12],69,-1,134,-1,119
1,<environment.Job instance at 0x7f04476a5dc0>,69,19,[14  4],70,-1,138,-1,119
1,<environment.Job instance at 0x7f04476a5c30>,70,25,[ 4 10],71,-1,147,-1,122
1,<environment.Job instance at 0x7f0446ef1910>,71,13,[11  3],72,-1,135,-1,122
1,<environment.Job instance at 0x7f0446ef1a50>,74,16,[ 3 12],75,-1,153,-1,137
1,<environment.Job instance at 0x7f0447b127d0>,76,21,[11  3],77,-1,163,-1,142
1,<environment.Job instance at 0x7f0447b128c0>,77,28,[3 7],78,-1,180,-1,152
1,<environment.Job instance at 0x7f0447b16a00>,80,13,[ 4 11],81,-1,166,-1,153
1,<environment.Job instance at 0x7f0447b165f0>,81,18,[ 4 11],82,-1,171,-1,153
1,<environment.Job instance at 0x7f044766de10>,82,21,[13  5],83,-1,174,-1,153
1,<environment.Job instance at 0x7f044746c4b0>,83,27,[ 1 12],84,-1,180,-1,153
1,<environment.Job instance at 0x7f0447d42d20>,2,18,[ 3 12],3,-1,25,-1,7
1,<environment.Job instance at 0x7f04513ae4b0>,0,28,[13  5],1,-1,29,-1,1
1,<environment.Job instance at 0x7f044868b3c0>,2,18,[ 3 12],3,-1,21,-1,3
1,<environment.Job instance at 0x7f044868b910>,3,18,[ 2 14],4,-1,22,-1,4
1,<environment.Job instance at 0x7f044864fe10>,5,28,[13  5],6,-1,34,-1,6
1,<environment.Job instance at 0x7f0448640e60>,6,20,[ 2 13],7,-1,27,-1,7
1,<environment.Job instance at 0x7f0448676870>,7,16,[13  5],8,-1,24,-1,8
1,<environment.Job instance at 0x7f04482131e0>,12,19,[ 5 13],13,-1,32,-1,13
1,<environment.Job instance at 0x7f0448213460>,13,19,[12  1],14,-1,33,-1,14
1,<environment.Job instance at 0x7f04482138c0>,14,12,[13  2],15,-1,27,-1,15
1,<environment.Job instance at 0x7f04482135a0>,16,24,[ 1 12],17,-1,41,-1,17
1,<environment.Job instance at 0x7f0448621550>,10,25,[6 3],11,-1,42,-1,17
1,<environment.Job instance at 0x7f0447630af0>,21,23,[13  2],22,-1,59,-1,36
1,<environment.Job instance at 0x7f0447d73640>,22,25,[9 5],23,-1,69,-1,44
1,<environment.Job instance at 0x7f0447d73500>,23,24,[ 1 13],24,-1,68,-1,44
1,<environment.Job instance at 0x7f0447d57870>,24,28,[5 8],25,-1,79,-1,51
1,<environment.Job instance at 0x7f0447fe4320>,27,28,[ 3 13],28,-1,79,-1,51
1,<environment.Job instance at 0x7f0447fe43c0>,28,25,[14  3],29,-1,76,-1,51
1,<environment.Job instance at 0x7f0447fe4c30>,30,15,[ 3 14],31,-1,66,-1,51
1,<environment.Job instance at 0x7f0447d6a500>,33,15,[ 5 14],34,-1,78,-1,63
1,<environment.Job instance at 0x7f0447d6a5f0>,34,27,[8 4],35,-1,91,-1,64
1,<environment.Job instance at 0x7f0447fd8820>,37,13,[14  3],38,-1,77,-1,64
1,<environment.Job instance at 0x7f04482cd460>,38,15,[ 4 11],39,-1,79,-1,64
1,<environment.Job instance at 0x7f0447ff22d0>,41,18,[ 2 14],42,-1,96,-1,78
1,<environment.Job instance at 0x7f0447ff2af0>,44,24,[ 5 11],45,-1,102,-1,78
1,<environment.Job instance at 0x7f0448324280>,46,21,[11  2],47,-1,113,-1,92
1,<environment.Job instance at 0x7f0447ff2190>,43,27,[4 6],44,-1,120,-1,93
1,<environment.Job instance at 0x7f044762c870>,50,22,[11  2],51,-1,120,-1,98
1,<environment.Job instance at 0x7f044762c6e0>,52,12,[14  3],53,-1,117,-1,105
1,<environment.Job instance at 0x7f0446f19690>,53,17,[12  4],54,-1,122,-1,105
1,<environment.Job instance at 0x7f044824a460>,55,19,[ 2 13],56,-1,124,-1,105
1,<environment.Job instance at 0x7f0446f194b0>,56,25,[14  4],57,-1,130,-1,105
1,<environment.Job instance at 0x7f0446f7aaa0>,57,19,[ 1 12],58,-1,124,-1,105
1,<environment.Job instance at 0x7f0447ffe7d0>,58,18,[ 4 12],59,-1,123,-1,105
1,<environment.Job instance at 0x7f0447ffe780>,59,18,[ 2 14],60,-1,123,-1,105
1,<environment.Job instance at 0x7f044791c550>,60,27,[14  2],61,-1,132,-1,105
1,<environment.Job instance at 0x7f04480dbc30>,61,18,[12  3],62,-1,123,-1,105
1,<environment.Job instance at 0x7f044791c050>,63,18,[ 2 12],64,-1,131,-1,113
1,<environment.Job instance at 0x7f04476257d0>,64,18,[ 5 12],65,-1,131,-1,113
1,<environment.Job instance at 0x7f044746c4b0>,65,26,[ 5 14],66,-1,139,-1,113
1,<environment.Job instance at 0x7f04479c4910>,67,16,[ 2 13],68,-1,136,-1,120
1,<environment.Job instance at 0x7f044769b9b0>,68,27,[ 2 11],69,-1,147,-1,120
1,<environment.Job instance at 0x7f044769b410>,69,19,[ 3 14],70,-1,139,-1,120
1,<environment.Job instance at 0x7f0447b128c0>,71,27,[6 4],72,-1,172,-1,145
1,<environment.Job instance at 0x7f0447b127d0>,73,26,[5 7],74,-1,177,-1,151
1,<environment.Job instance at 0x7f04476a5dc0>,79,20,[11  4],80,-1,184,-1,164
1,<environment.Job instance at 0x7f0447f90b40>,1,17,[4 8],2,-1,20,-1,3
1,<environment.Job instance at 0x7f044734b910>,13,17,[5 9],14,-1,50,-1,33
1,<environment.Job instance at 0x7f0447ae2320>,15,14,[10  1],16,-1,47,-1,33
1,<environment.Job instance at 0x7f0448713140>,2,14,[ 2 14],3,-1,48,-1,34
1,<environment.Job instance at 0x7f044777e550>,17,26,[8 2],18,-1,60,-1,34
1,<environment.Job instance at 0x7f0447ae28c0>,16,15,[6 5],17,-1,49,-1,34
1,<environment.Job instance at 0x7f044718b690>,20,24,[2 8],21,-1,58,-1,34
1,<environment.Job instance at 0x7f0447d4bcd0>,0,22,[ 2 14],1,-1,23,-1,1
1,<environment.Job instance at 0x7f0447d4bb90>,2,14,[ 2 14],3,-1,17,-1,3
1,<environment.Job instance at 0x7f0447d4b9b0>,3,28,[14  2],4,-1,32,-1,4
1,<environment.Job instance at 0x7f0447b06820>,4,13,[14  4],5,-1,18,-1,5
1,<environment.Job instance at 0x7f0447b06550>,5,19,[11  5],6,-1,25,-1,6
1,<environment.Job instance at 0x7f0447b06c30>,7,14,[ 3 13],8,-1,22,-1,8
1,<environment.Job instance at 0x7f0447b06910>,9,17,[ 3 14],10,-1,27,-1,10
1,<environment.Job instance at 0x7f0447ffe870>,11,14,[ 4 13],12,-1,26,-1,12
1,<environment.Job instance at 0x7f0448324280>,14,24,[11  5],15,-1,39,-1,15
1,<environment.Job instance at 0x7f0447ffe7d0>,12,23,[6 4],13,-1,42,-1,19
1,<environment.Job instance at 0x7f044762ca00>,17,26,[8 2],18,-1,45,-1,19
1,<environment.Job instance at 0x7f0447ff2320>,18,24,[7 2],19,-1,43,-1,19
1,<environment.Job instance at 0x7f0447ff21e0>,19,19,[ 5 14],20,-1,39,-1,20
1,<environment.Job instance at 0x7f044764b050>,21,25,[ 2 12],22,-1,47,-1,22
1,<environment.Job instance at 0x7f0447d736e0>,22,14,[11  1],23,-1,37,-1,23
1,<environment.Job instance at 0x7f0447d73640>,23,16,[12  5],24,-1,40,-1,24
1,<environment.Job instance at 0x7f0447658320>,24,25,[ 4 11],25,-1,50,-1,25
1,<environment.Job instance at 0x7f044868bf50>,25,28,[2 5],26,-1,54,-1,26
1,<environment.Job instance at 0x7f0447ff7aa0>,20,24,[2 8],21,-1,57,-1,33
1,<environment.Job instance at 0x7f0447658280>,27,16,[ 5 12],28,-1,49,-1,33
1,<environment.Job instance at 0x7f0447d3f280>,28,24,[ 3 12],29,-1,57,-1,33
1,<environment.Job instance at 0x7f044718bbe0>,29,27,[1 8],30,-1,60,-1,33
1,<environment.Job instance at 0x7f044807bd20>,30,20,[11  4],31,-1,53,-1,33
1,<environment.Job instance at 0x7f0446e4ef50>,31,28,[12  3],32,-1,61,-1,33
1,<environment.Job instance at 0x7f04474f29b0>,33,13,[ 1 13],34,-1,47,-1,34
1,<environment.Job instance at 0x7f0447423a50>,34,14,[ 3 12],35,-1,49,-1,35
1,<environment.Job instance at 0x7f0447423370>,35,27,[ 2 14],36,-1,63,-1,36
1,<environment.Job instance at 0x7f04474f2640>,36,20,[ 2 13],37,-1,57,-1,37
1,<environment.Job instance at 0x7f0447423190>,37,25,[ 2 14],38,-1,63,-1,38
1,<environment.Job instance at 0x7f0447423690>,38,27,[4 5],39,-1,77,-1,50
1,<environment.Job instance at 0x7f0446ebc2d0>,43,22,[ 5 11],44,-1,72,-1,50
1,<environment.Job instance at 0x7f0446ebc730>,47,12,[11  5],48,-1,75,-1,63
1,<environment.Job instance at 0x7f0446ebc870>,48,27,[9 4],49,-1,105,-1,78
1,<environment.Job instance at 0x7f0446ebcaa0>,50,18,[ 1 11],51,-1,96,-1,78
1,<environment.Job instance at 0x7f0446ebc7d0>,51,25,[6 2],52,-1,103,-1,78
1,<environment.Job instance at 0x7f0446ebc050>,52,16,[ 3 11],53,-1,94,-1,78
1,<environment.Job instance at 0x7f0446ebc410>,53,21,[ 3 13],54,-1,99,-1,78
1,<environment.Job instance at 0x7f0446ebc280>,54,28,[ 4 12],55,-1,106,-1,78
1,<environment.Job instance at 0x7f0446ebce10>,55,28,[11  2],56,-1,106,-1,78
1,<environment.Job instance at 0x7f04478590a0>,59,20,[ 4 13],60,-1,113,-1,93
1,<environment.Job instance at 0x7f0447859e10>,60,28,[ 2 12],61,-1,121,-1,93
1,<environment.Job instance at 0x7f04478590f0>,65,15,[ 2 13],66,-1,136,-1,121
1,<environment.Job instance at 0x7f0447859b90>,67,24,[13  1],68,-1,150,-1,126
1,<environment.Job instance at 0x7f04478595f0>,68,13,[ 4 11],69,-1,139,-1,126
1,<environment.Job instance at 0x7f0447859280>,69,13,[12  5],70,-1,139,-1,126
1,<environment.Job instance at 0x7f0447859a50>,70,18,[12  5],71,-1,144,-1,126
1,<environment.Job instance at 0x7f0446eab6e0>,72,25,[11  2],73,-1,158,-1,133
1,<environment.Job instance at 0x7f0446eab550>,73,20,[ 1 12],74,-1,153,-1,133
1,<environment.Job instance at 0x7f0446eab8c0>,74,13,[11  2],75,-1,146,-1,133
1,<environment.Job instance at 0x7f0446eaba50>,75,21,[12  2],76,-1,154,-1,133
1,<environment.Job instance at 0x7f0446eab910>,77,24,[ 5 13],78,-1,162,-1,138
1,<environment.Job instance at 0x7f0446eab3c0>,78,23,[14  1],79,-1,161,-1,138
1,<environment.Job instance at 0x7f0446eab500>,79,17,[ 3 11],80,-1,155,-1,138
1,<environment.Job instance at 0x7f0446eab0f0>,81,24,[8 4],82,-1,172,-1,148
1,<environment.Job instance at 0x7f0446eabe10>,83,27,[5 3],84,-1,180,-1,153
1,<environment.Job instance at 0x7f0446eabcd0>,85,27,[ 2 11],86,-1,180,-1,153
1,<environment.Job instance at 0x7f0446eab690>,87,14,[ 4 11],88,-1,178,-1,164
1,<environment.Job instance at 0x7f0446eabc30>,88,16,[12  4],89,-1,180,-1,164
1,<environment.Job instance at 0x7f0446eab780>,89,18,[11  5],90,-1,182,-1,164
1,<environment.Job instance at 0x7f0446eab5a0>,90,28,[ 4 11],91,-1,192,-1,164
1,<environment.Job instance at 0x7f0446eab9b0>,91,17,[12  1],92,-1,181,-1,164
1,<environment.Job instance at 0x7f04473030f0>,92,16,[ 5 13],93,-1,180,-1,164
1,<environment.Job instance at 0x7f0448228640>,3,23,[3 6],4,-1,27,-1,4
1,<environment.Job instance at 0x7f04484f0eb0>,6,25,[ 1 10],7,-1,32,-1,7
1,<environment.Job instance at 0x7f04484f03c0>,8,15,[2 8],9,-1,27,-1,12
1,<environment.Job instance at 0x7f04482aa2d0>,13,14,[9 5],14,-1,29,-1,15
1,<environment.Job instance at 0x7f0446f6fe10>,1,27,[13  2],2,-1,29,-1,2
1,<environment.Job instance at 0x7f0446f6ff50>,2,22,[14  3],3,-1,25,-1,3
1,<environment.Job instance at 0x7f0446f6faa0>,3,23,[3 6],4,-1,27,-1,4
1,<environment.Job instance at 0x7f0446f6f870>,7,13,[14  5],8,-1,21,-1,8
1,<environment.Job instance at 0x7f0446f6f410>,6,25,[ 1 10],7,-1,39,-1,14
1,<environment.Job instance at 0x7f0446f6fb40>,10,28,[5 9],11,-1,42,-1,14
1,<environment.Job instance at 0x7f0446f7d5f0>,12,13,[ 5 12],13,-1,27,-1,14
1,<environment.Job instance at 0x7f0446f7d370>,15,19,[12  3],16,-1,35,-1,16
1,<environment.Job instance at 0x7f0446f7da50>,16,28,[ 3 14],17,-1,45,-1,17
1,<environment.Job instance at 0x7f0446f7d7d0>,17,21,[11  1],18,-1,39,-1,18
1,<environment.Job instance at 0x7f0446f7dc80>,18,24,[11  3],19,-1,43,-1,19
1,<environment.Job instance at 0x7f0446f7dc30>,19,16,[ 2 11],20,-1,36,-1,20
1,<environment.Job instance at 0x7f0447877c80>,25,18,[ 4 11],26,-1,71,-1,53
1,<environment.Job instance at 0x7f04478771e0>,26,27,[5 6],27,-1,96,-1,69
1,<environment.Job instance at 0x7f0447877a00>,30,25,[13  5],31,-1,94,-1,69
1,<environment.Job instance at 0x7f0447877d70>,31,14,[ 4 11],32,-1,83,-1,69
1,<environment.Job instance at 0x7f0447877cd0>,28,24,[8 1],29,-1,93,-1,69
1,<environment.Job instance at 0x7f0448236e60>,34,14,[ 4 13],35,-1,83,-1,69
1,<environment.Job instance at 0x7f0448236190>,35,17,[ 5 13],36,-1,86,-1,69
1,<environment.Job instance at 0x7f04482368c0>,36,12,[ 5 12],37,-1,81,-1,69
1,<environment.Job instance at 0x7f0448236730>,38,26,[11  2],39,-1,95,-1,69
1,<environment.Job instance at 0x7f0447ceebe0>,40,13,[ 3 13],41,-1,82,-1,69
1,<environment.Job instance at 0x7f0447ceefa0>,41,16,[13  3],42,-1,85,-1,69
1,<environment.Job instance at 0x7f0447cee230>,42,20,[ 5 12],43,-1,89,-1,69
1,<environment.Job instance at 0x7f0447ceef50>,43,14,[12  2],44,-1,83,-1,69
1,<environment.Job instance at 0x7f0447cee690>,44,27,[7 3],45,-1,109,-1,82
1,<environment.Job instance at 0x7f0447ceedc0>,45,23,[ 5 14],46,-1,105,-1,82
1,<environment.Job instance at 0x7f0447cee050>,47,13,[13  2],48,-1,95,-1,82
1,<environment.Job instance at 0x7f0447cee8c0>,49,13,[ 2 11],50,-1,95,-1,82
1,<environment.Job instance at 0x7f0447cee0a0>,50,26,[2 5],51,-1,124,-1,98
1,<environment.Job instance at 0x7f0447303870>,51,13,[13  3],52,-1,111,-1,98
1,<environment.Job instance at 0x7f0447303550>,52,18,[14  3],53,-1,116,-1,98
1,<environment.Job instance at 0x7f0447303eb0>,54,19,[ 5 12],55,-1,117,-1,98
1,<environment.Job instance at 0x7f0447303cd0>,55,14,[ 4 11],56,-1,112,-1,98
1,<environment.Job instance at 0x7f0447303910>,57,23,[1 6],58,-1,133,-1,110
1,<environment.Job instance at 0x7f0447303c80>,58,13,[ 5 14],59,-1,123,-1,110
1,<environment.Job instance at 0x7f0447303aa0>,59,28,[3 5],60,-1,138,-1,110
1,<environment.Job instance at 0x7f0447303230>,60,19,[ 5 11],61,-1,129,-1,110
1,<environment.Job instance at 0x7f0447303e60>,61,18,[ 1 13],62,-1,128,-1,110
1,<environment.Job instance at 0x7f0447303e10>,62,14,[ 1 11],63,-1,124,-1,110
1,<environment.Job instance at 0x7f0447303c30>,65,16,[11  4],66,-1,131,-1,115
1,<environment.Job instance at 0x7f0447303460>,66,19,[14  3],67,-1,134,-1,115
1,<environment.Job instance at 0x7f0447303960>,67,28,[ 2 11],68,-1,143,-1,115
1,<environment.Job instance at 0x7f04473030f0>,68,17,[12  1],69,-1,132,-1,115
1,<environment.Job instance at 0x7f0446eabbe0>,69,14,[ 3 11],70,-1,129,-1,115
1,<environment.Job instance at 0x7f0446eab2d0>,70,14,[13  3],71,-1,129,-1,115
1,<environment.Job instance at 0x7f0446eabc30>,71,12,[ 3 11],72,-1,127,-1,115
1,<environment.Job instance at 0x7f0446eabfa0>,72,24,[11  1],73,-1,139,-1,115
1,<environment.Job instance at 0x7f0446eab960>,73,24,[ 2 12],74,-1,139,-1,115
1,<environment.Job instance at 0x7f0446eab460>,74,21,[ 5 14],75,-1,136,-1,115
1,<environment.Job instance at 0x7f0446eab640>,75,27,[ 4 14],76,-1,142,-1,115
1,<environment.Job instance at 0x7f0446eab7d0>,78,18,[11  2],79,-1,148,-1,130
1,<environment.Job instance at 0x7f0446eabf00>,79,25,[2 9],80,-1,156,-1,131
1,<environment.Job instance at 0x7f0446eab280>,80,17,[11  1],81,-1,148,-1,131
1,<environment.Job instance at 0x7f0446eab5f0>,82,28,[12  3],83,-1,159,-1,131
1,<environment.Job instance at 0x7f0446eabdc0>,83,22,[13  5],84,-1,153,-1,131
1,<environment.Job instance at 0x7f0446eab370>,84,19,[ 3 11],85,-1,150,-1,131
1,<environment.Job instance at 0x7f0447859d20>,87,18,[ 1 11],88,-1,161,-1,143
1,<environment.Job instance at 0x7f0447859280>,88,20,[11  4],89,-1,163,-1,143
1,<environment.Job instance at 0x7f0446eab6e0>,85,27,[ 1 10],86,-1,175,-1,148
1,<environment.Job instance at 0x7f04478599b0>,89,28,[5 4],90,-1,176,-1,148
1,<environment.Job instance at 0x7f0447859be0>,91,27,[1 8],92,-1,175,-1,148
1,<environment.Job instance at 0x7f04478591e0>,92,20,[ 3 11],93,-1,168,-1,148
1,<environment.Job instance at 0x7f0447859f00>,94,15,[ 2 11],95,-1,163,-1,148
1,<environment.Job instance at 0x7f0447859af0>,95,12,[ 4 12],96,-1,160,-1,148
1,<environment.Job instance at 0x7f0447859c80>,96,23,[14  1],97,-1,171,-1,148
1,<environment.Job instance at 0x7f0447859320>,98,20,[14  3],99,-1,180,-1,160
1,<environment.Job instance at 0x7f0447859140>,99,17,[12  4],100,-1,177,-1,160
1,<environment.Job instance at 0x7f0447859050>,100,13,[11  5],101,-1,173,-1,160
1,<environment.Job instance at 0x7f0446ebc410>,101,14,[ 2 14],102,-1,174,-1,160
1,<environment.Job instance at 0x7f0446ebc370>,104,18,[ 1 12],105,-1,182,-1,164
1,<environment.Job instance at 0x7fbc91cd28c0>,9,17,[8 1],10,-1,27,-1,10
1,<environment.Job instance at 0x7fbc886c7910>,0,24,[2 8],1,-1,25,-1,1
1,<environment.Job instance at 0x7fbc88688960>,2,26,[10  1],3,-1,29,-1,3
1,<environment.Job instance at 0x7fbc886dc820>,3,15,[13  4],4,-1,19,-1,4
1,<environment.Job instance at 0x7fbc886dc0a0>,4,24,[ 3 11],5,-1,29,-1,5
1,<environment.Job instance at 0x7fbc88757780>,6,19,[ 1 13],7,-1,26,-1,7
1,<environment.Job instance at 0x7fbc886e0460>,8,24,[ 2 12],9,-1,33,-1,9
1,<environment.Job instance at 0x7fbc886dc190>,10,14,[ 1 14],11,-1,25,-1,11
1,<environment.Job instance at 0x7fbc886806e0>,13,27,[3 8],14,-1,41,-1,14
1,<environment.Job instance at 0x7fbc886807d0>,14,14,[14  3],15,-1,29,-1,15
1,<environment.Job instance at 0x7fbc88680960>,15,24,[ 2 13],16,-1,40,-1,16
1,<environment.Job instance at 0x7fbc88680050>,16,19,[ 3 12],17,-1,36,-1,17
1,<environment.Job instance at 0x7fbc88722b90>,17,18,[ 5 13],18,-1,36,-1,18
1,<environment.Job instance at 0x7fbc8893daf0>,19,21,[14  4],20,-1,41,-1,20
1,<environment.Job instance at 0x7fbc88680190>,21,22,[14  2],22,-1,46,-1,24
1,<environment.Job instance at 0x7fbc88680e60>,22,25,[ 4 12],23,-1,49,-1,24
1,<environment.Job instance at 0x7fbc8874cf50>,24,20,[ 3 12],25,-1,49,-1,29
1,<environment.Job instance at 0x7fbc8880f050>,25,16,[11  3],26,-1,45,-1,29
1,<environment.Job instance at 0x7fbc887a8b40>,27,25,[14  4],28,-1,54,-1,29
1,<environment.Job instance at 0x7fbc887add20>,29,24,[5 1],30,-1,65,-1,41
1,<environment.Job instance at 0x7fbc887a4230>,32,14,[14  3],33,-1,65,-1,51
1,<environment.Job instance at 0x7fbc88830d70>,35,23,[11  2],36,-1,79,-1,56
1,<environment.Job instance at 0x7fbc88830690>,36,27,[10  1],37,-1,83,-1,56
1,<environment.Job instance at 0x7fbc8872deb0>,38,16,[ 1 13],39,-1,72,-1,56
1,<environment.Job instance at 0x7fbc888325a0>,41,26,[13  2],42,-1,90,-1,64
1,<environment.Job instance at 0x7fbc888323c0>,42,18,[ 1 13],43,-1,82,-1,64
1,<environment.Job instance at 0x7fbc8874a910>,45,28,[12  4],46,-1,106,-1,78
1,<environment.Job instance at 0x7fbc8874a050>,46,17,[ 5 12],47,-1,95,-1,78
1,<environment.Job instance at 0x7fbc8874aeb0>,48,25,[11  4],49,-1,103,-1,78
1,<environment.Job instance at 0x7fbc8874a690>,49,23,[2 6],50,-1,115,-1,92
1,<environment.Job instance at 0x7fbc8874a370>,50,13,[12  1],51,-1,105,-1,92
1,<environment.Job instance at 0x7fbc8874ac30>,51,24,[ 1 11],52,-1,116,-1,92
1,<environment.Job instance at 0x7fbc8874a5f0>,52,27,[9 1],53,-1,119,-1,92
1,<environment.Job instance at 0x7fbc8874a730>,54,20,[ 5 14],55,-1,113,-1,93
1,<environment.Job instance at 0x7fbc888354b0>,58,22,[14  3],59,-1,132,-1,110
1,<environment.Job instance at 0x7fbc88829f00>,59,15,[11  3],60,-1,125,-1,110
1,<environment.Job instance at 0x7fbc88713eb0>,60,23,[5 7],61,-1,147,-1,124
1,<environment.Job instance at 0x7fbc88797a50>,62,24,[ 3 10],63,-1,162,-1,138
1,<environment.Job instance at 0x7fbc8871c460>,64,20,[11  1],65,-1,158,-1,138
1,<environment.Job instance at 0x7fbc8871c690>,65,15,[ 1 11],66,-1,153,-1,138
1,<environment.Job instance at 0x7fbc88797640>,63,24,[9 2],64,-1,165,-1,141
1,<environment.Job instance at 0x7fbc88745e10>,68,25,[ 2 12],69,-1,166,-1,141
1,<environment.Job instance at 0x7fbc88745230>,69,26,[5 4],70,-1,167,-1,141
1,<environment.Job instance at 0x7fbc887456e0>,73,27,[8 2],74,-1,191,-1,164
1,<environment.Job instance at 0x7fbc87ddd7d0>,1,13,[ 4 10],2,-1,16,-1,3
1,<environment.Job instance at 0x7fbc87ddd3c0>,5,19,[5 1],6,-1,25,-1,6
1,<environment.Job instance at 0x7fbc87ddd320>,6,24,[8 2],7,-1,31,-1,7
1,<environment.Job instance at 0x7fbc87dd3eb0>,7,22,[1 7],8,-1,30,-1,8
1,<environment.Job instance at 0x7fbc87ebf640>,16,14,[14  4],17,-1,35,-1,21
1,<environment.Job instance at 0x7fbc87efe460>,10,12,[11  1],11,-1,34,-1,22
1,<environment.Job instance at 0x7fbc87dd3f00>,8,28,[ 4 13],9,-1,51,-1,23
1,<environment.Job instance at 0x7fbc87f146e0>,18,17,[10  5],19,-1,40,-1,23
1,<environment.Job instance at 0x7fbc87ebf190>,19,16,[ 3 12],20,-1,39,-1,23
1,<environment.Job instance at 0x7fbc87f5cd70>,20,23,[5 8],21,-1,47,-1,24
1,<environment.Job instance at 0x7fbc87f0baf0>,21,21,[ 4 11],22,-1,45,-1,24
1,<environment.Job instance at 0x7fbc87ebcaf0>,22,20,[ 3 12],23,-1,44,-1,24
1,<environment.Job instance at 0x7fbc87ebc0a0>,23,23,[10  3],24,-1,47,-1,24
1,<environment.Job instance at 0x7fbc88008aa0>,24,28,[3 8],25,-1,53,-1,25
1,<environment.Job instance at 0x7fbc87ebcbe0>,25,24,[12  1],26,-1,53,-1,29
1,<environment.Job instance at 0x7fbc87ebc6e0>,26,14,[11  2],27,-1,43,-1,29
1,<environment.Job instance at 0x7fbc87ebc960>,27,27,[5 3],28,-1,56,-1,29
1,<environment.Job instance at 0x7fbc87ebc230>,28,17,[10  2],29,-1,46,-1,29
1,<environment.Job instance at 0x7fbc87ebc690>,29,17,[ 5 11],30,-1,47,-1,30
1,<environment.Job instance at 0x7fbc8869aaf0>,0,27,[13  4],1,-1,28,-1,1
1,<environment.Job instance at 0x7fbc8869a690>,3,23,[ 2 14],4,-1,27,-1,4
1,<environment.Job instance at 0x7fbc8869a410>,4,12,[ 2 11],5,-1,17,-1,5
1,<environment.Job instance at 0x7fbc8869a190>,8,28,[ 4 13],9,-1,37,-1,9
1,<environment.Job instance at 0x7fbc8869a140>,10,12,[11  1],11,-1,23,-1,11
1,<environment.Job instance at 0x7fbc8874ae10>,11,12,[ 5 11],12,-1,24,-1,12
1,<environment.Job instance at 0x7fbc8874ac30>,12,15,[ 3 11],13,-1,28,-1,13
1,<environment.Job instance at 0x7fbc8869a460>,6,24,[8 2],7,-1,39,-1,15
1,<environment.Job instance at 0x7fbc8874a190>,14,24,[ 1 11],15,-1,39,-1,15
1,<environment.Job instance at 0x7fbc8869a1e0>,9,26,[3 6],10,-1,41,-1,15
1,<environment.Job instance at 0x7fbc8874a370>,13,24,[ 1 10],14,-1,39,-1,15
1,<environment.Job instance at 0x7fbc8874a730>,16,14,[14  4],17,-1,31,-1,17
1,<environment.Job instance at 0x7fbc8874a050>,19,16,[ 3 12],20,-1,36,-1,20
1,<environment.Job instance at 0x7fbc87fd87d0>,21,21,[ 4 11],22,-1,43,-1,22
1,<environment.Job instance at 0x7fbc91d18370>,22,20,[ 3 12],23,-1,43,-1,23
1,<environment.Job instance at 0x7fbc8874a9b0>,15,25,[8 2],16,-1,54,-1,29
1,<environment.Job instance at 0x7fbc87eeb050>,24,28,[3 8],25,-1,57,-1,29
1,<environment.Job instance at 0x7fbc8874a410>,25,24,[12  1],26,-1,53,-1,29
1,<environment.Job instance at 0x7fbc87e98a00>,26,14,[11  2],27,-1,43,-1,29
1,<environment.Job instance at 0x7fbc87e989b0>,27,27,[5 3],28,-1,56,-1,29
1,<environment.Job instance at 0x7fbc8874a7d0>,17,25,[5 4],18,-1,54,-1,29
1,<environment.Job instance at 0x7fbc8874a4b0>,20,23,[5 8],21,-1,52,-1,29
1,<environment.Job instance at 0x7fbc87f51fa0>,23,23,[10  3],24,-1,52,-1,29
1,<environment.Job instance at 0x7fbc87e98f50>,29,17,[ 5 11],30,-1,47,-1,30
1,<environment.Job instance at 0x7fbc87e98910>,30,13,[11  1],31,-1,44,-1,31
1,<environment.Job instance at 0x7fbc87e98870>,31,27,[14  2],32,-1,59,-1,32
1,<environment.Job instance at 0x7fbc87e98f00>,32,25,[13  2],33,-1,58,-1,33
1,<environment.Job instance at 0x7fbc87eb46e0>,33,21,[ 4 12],34,-1,55,-1,34
1,<environment.Job instance at 0x7fbc87e987d0>,35,18,[ 5 11],36,-1,54,-1,36
1,<environment.Job instance at 0x7fbc87eb4460>,37,12,[11  1],38,-1,50,-1,38
1,<environment.Job instance at 0x7fbc87ed8fa0>,38,13,[ 5 13],39,-1,52,-1,39
1,<environment.Job instance at 0x7fbc87e3a4b0>,45,23,[14  3],46,-1,86,-1,63
1,<environment.Job instance at 0x7fbc87e3a690>,46,23,[3 8],47,-1,89,-1,66
1,<environment.Job instance at 0x7fbc87f6c870>,44,28,[4 8],45,-1,94,-1,66
1,<environment.Job instance at 0x7fbc87e491e0>,48,28,[11  1],49,-1,94,-1,66
1,<environment.Job instance at 0x7fbc87e43140>,49,17,[ 3 11],50,-1,83,-1,66
1,<environment.Job instance at 0x7fbc87e43fa0>,51,27,[7 2],52,-1,107,-1,80
1,<environment.Job instance at 0x7fbc87e43f50>,52,16,[14  3],53,-1,96,-1,80
1,<environment.Job instance at 0x7fbc87e46dc0>,53,12,[11  4],54,-1,92,-1,80
1,<environment.Job instance at 0x7fbc87e46c80>,54,15,[14  3],55,-1,95,-1,80
1,<environment.Job instance at 0x7fbc87e460a0>,55,28,[6 4],56,-1,108,-1,80
1,<environment.Job instance at 0x7fbc87e46e60>,56,13,[ 5 13],57,-1,93,-1,80
1,<environment.Job instance at 0x7fbc87e365f0>,60,24,[11  3],61,-1,104,-1,80
1,<environment.Job instance at 0x7fbc87e366e0>,61,22,[ 5 14],62,-1,102,-1,80
1,<environment.Job instance at 0x7fbc87e36d70>,62,24,[14  3],63,-1,104,-1,80
1,<environment.Job instance at 0x7fbc87e36e10>,64,28,[6 3],65,-1,108,-1,80
1,<environment.Job instance at 0x7fbc87e36f00>,65,15,[11  2],66,-1,95,-1,80
1,<environment.Job instance at 0x7fbc87e52730>,66,24,[ 5 14],67,-1,104,-1,80
1,<environment.Job instance at 0x7fbc87e52910>,67,28,[11  1],68,-1,108,-1,80
1,<environment.Job instance at 0x7fbc87e52500>,68,15,[ 5 11],69,-1,95,-1,80
1,<environment.Job instance at 0x7fbc87ea4410>,71,16,[ 2 13],72,-1,96,-1,80
1,<environment.Job instance at 0x7fbc87ea4910>,73,24,[ 5 11],74,-1,119,-1,95
1,<environment.Job instance at 0x7fbc87ea4960>,75,13,[11  1],76,-1,109,-1,96
1,<environment.Job instance at 0x7fbc87ea42d0>,76,12,[ 3 12],77,-1,108,-1,96
1,<environment.Job instance at 0x7fbc87e59b40>,77,25,[8 3],78,-1,138,-1,113
1,<environment.Job instance at 0x7fbc87e552d0>,79,15,[ 5 13],80,-1,128,-1,113
1,<environment.Job instance at 0x7fbc87e55140>,81,24,[5 1],82,-1,137,-1,113
1,<environment.Job instance at 0x7fbc87e55320>,82,23,[ 1 13],83,-1,136,-1,113
1,<environment.Job instance at 0x7fbc87eb23c0>,83,12,[12  2],84,-1,125,-1,113
1,<environment.Job instance at 0x7fbc87eb2370>,86,19,[ 3 14],87,-1,147,-1,128
1,<environment.Job instance at 0x7fbc87e5d190>,87,26,[ 1 14],88,-1,154,-1,128
1,<environment.Job instance at 0x7fbc87e5d050>,89,16,[12  3],90,-1,156,-1,140
1,<environment.Job instance at 0x7fbc87e5d320>,90,27,[13  4],91,-1,167,-1,140
1,<environment.Job instance at 0x7fbc87e7c780>,94,23,[8 5],95,-1,186,-1,163
1,<environment.Job instance at 0x7fbc880ae370>,98,27,[ 3 13],99,-1,205,-1,178
1,<environment.Job instance at 0x7fbc87e61c80>,99,20,[14  3],100,-1,198,-1,178
1,<environment.Job instance at 0x7fbc880af3c0>,100,22,[12  1],101,-1,200,-1,178
1,<environment.Job instance at 0x7fbc87e65780>,101,12,[ 2 14],102,-1,190,-1,178
1,<environment.Job instance at 0x7fbc8809f8c0>,102,13,[14  5],103,-1,191,-1,178
1,<environment.Job instance at 0x7fbc87c3f4b0>,0,17,[5 4],1,-1,18,-1,1
1,<environment.Job instance at 0x7fbc87c3f320>,3,14,[4 9],4,-1,18,-1,4
1,<environment.Job instance at 0x7fbc87c3fe10>,6,18,[8 1],7,-1,25,-1,7
1,<environment.Job instance at 0x7fbc87c3ff50>,5,24,[ 4 10],6,-1,31,-1,7
1,<environment.Job instance at 0x7fbc87c3f410>,8,13,[1 7],9,-1,22,-1,9
1,<environment.Job instance at 0x7fbc87c3fd70>,12,15,[10  5],13,-1,32,-1,17
1,<environment.Job instance at 0x7fbc87c3f910>,17,26,[7 4],18,-1,47,-1,21
1,<environment.Job instance at 0x7fbc87c4b230>,21,25,[9 2],22,-1,51,-1,26
1,<environment.Job instance at 0x7fbc87e98960>,1,27,[12  2],2,-1,29,-1,2
1,<environment.Job instance at 0x7fbc87e98dc0>,2,26,[13  4],3,-1,29,-1,3
1,<environment.Job instance at 0x7fbc87e98eb0>,5,24,[ 4 10],6,-1,42,-1,18
1,<environment.Job instance at 0x7fbc87c3f1e0>,9,20,[11  1],10,-1,38,-1,18
1,<environment.Job instance at 0x7fbc87c3f870>,10,12,[ 1 14],11,-1,30,-1,18
1,<environment.Job instance at 0x7fbc87c3f2d0>,11,18,[ 5 12],12,-1,36,-1,18
1,<environment.Job instance at 0x7fbc87cabfa0>,13,24,[6 1],14,-1,42,-1,18
1,<environment.Job instance at 0x7fbc87cadb90>,15,21,[12  1],16,-1,39,-1,18
1,<environment.Job instance at 0x7fbc87cadeb0>,16,16,[ 4 11],17,-1,34,-1,18
1,<environment.Job instance at 0x7fbc87cadc80>,17,26,[7 4],18,-1,44,-1,18
1,<environment.Job instance at 0x7fbc87cad3c0>,19,27,[11  5],20,-1,47,-1,20
1,<environment.Job instance at 0x7fbc87cad500>,21,25,[9 2],22,-1,56,-1,31
1,<environment.Job instance at 0x7fbc87cadcd0>,22,18,[ 4 14],23,-1,49,-1,31
1,<environment.Job instance at 0x7fbc87cad640>,24,21,[14  5],25,-1,52,-1,31
1,<environment.Job instance at 0x7fbc87cad870>,26,27,[3 8],27,-1,70,-1,43
1,<environment.Job instance at 0x7fbc87cada00>,27,20,[ 3 13],28,-1,63,-1,43
1,<environment.Job instance at 0x7fbc87cadaa0>,28,15,[ 2 12],29,-1,58,-1,43
1,<environment.Job instance at 0x7fbc87cadfa0>,29,24,[ 3 14],30,-1,67,-1,43
1,<environment.Job instance at 0x7fbc87cadb40>,30,17,[ 2 14],31,-1,60,-1,43
1,<environment.Job instance at 0x7fbc87c92230>,35,22,[ 1 14],36,-1,77,-1,55
1,<environment.Job instance at 0x7fbc87c92730>,37,28,[3 6],38,-1,85,-1,57
1,<environment.Job instance at 0x7fbc87c92e60>,38,18,[ 1 12],39,-1,75,-1,57
1,<environment.Job instance at 0x7fbc87c92fa0>,39,13,[14  4],40,-1,70,-1,57
1,<environment.Job instance at 0x7fbc87c920a0>,41,16,[ 1 11],42,-1,73,-1,57
1,<environment.Job instance at 0x7fbc87c92b90>,42,26,[12  3],43,-1,83,-1,57
1,<environment.Job instance at 0x7fbc91e4b730>,44,17,[ 4 13],45,-1,84,-1,67
1,<environment.Job instance at 0x7fbc91e4bd70>,46,28,[1 9],47,-1,112,-1,84
1,<environment.Job instance at 0x7fbc91e4be10>,47,26,[7 3],48,-1,122,-1,96
1,<environment.Job instance at 0x7fbc91e4bbe0>,49,26,[3 5],50,-1,122,-1,96
1,<environment.Job instance at 0x7fbc91e4b550>,51,13,[ 2 13],52,-1,109,-1,96
1,<environment.Job instance at 0x7fbc91e4b870>,52,18,[12  5],53,-1,114,-1,96
1,<environment.Job instance at 0x7fbc91e4bb40>,53,26,[13  3],54,-1,122,-1,96
1,<environment.Job instance at 0x7fbc91e4b5a0>,54,13,[14  1],55,-1,109,-1,96
1,<environment.Job instance at 0x7fbc87d2db90>,55,16,[ 3 11],56,-1,112,-1,96
1,<environment.Job instance at 0x7fbc87d2d550>,56,22,[14  2],57,-1,118,-1,96
1,<environment.Job instance at 0x7fbc87d2dc30>,57,14,[12  4],58,-1,110,-1,96
1,<environment.Job instance at 0x7fbc87d2d5a0>,58,14,[11  1],59,-1,110,-1,96
1,<environment.Job instance at 0x7fbc87d2d9b0>,59,28,[6 2],60,-1,124,-1,96
1,<environment.Job instance at 0x7fbc87d2d4b0>,60,20,[12  3],61,-1,116,-1,96
1,<environment.Job instance at 0x7fbc87d2dcd0>,61,21,[13  4],62,-1,117,-1,96
1,<environment.Job instance at 0x7fbc87d2df50>,63,16,[11  1],64,-1,112,-1,96
1,<environment.Job instance at 0x7fbc87d2d140>,65,14,[11  5],66,-1,110,-1,96
1,<environment.Job instance at 0x7fbc87d2dc80>,66,13,[ 1 11],67,-1,109,-1,96
1,<environment.Job instance at 0x7fbc87d2d500>,62,23,[2 8],63,-1,123,-1,100
1,<environment.Job instance at 0x7fbc87d2d820>,69,15,[ 3 12],70,-1,115,-1,100
1,<environment.Job instance at 0x7fbc87d2df00>,70,18,[13  2],71,-1,118,-1,100
1,<environment.Job instance at 0x7fbc87d2d6e0>,71,27,[5 7],72,-1,127,-1,100
1,<environment.Job instance at 0x7fbc87d2d7d0>,72,12,[14  3],73,-1,112,-1,100
1,<environment.Job instance at 0x7fbc91e3b960>,73,28,[11  3],74,-1,128,-1,100
1,<environment.Job instance at 0x7fbc91e3b910>,75,28,[ 4 12],76,-1,128,-1,100
1,<environment.Job instance at 0x7fbc91e3b0f0>,76,20,[11  3],77,-1,120,-1,100
1,<environment.Job instance at 0x7fbc91e3bd70>,77,15,[ 5 13],78,-1,115,-1,100
1,<environment.Job instance at 0x7fbc87d2d780>,68,25,[6 1],69,-1,139,-1,114
1,<environment.Job instance at 0x7fbc91e3b460>,80,24,[12  5],81,-1,138,-1,114
1,<environment.Job instance at 0x7fbc91e3b870>,81,19,[ 2 14],82,-1,133,-1,114
1,<environment.Job instance at 0x7fbc91e3be10>,82,22,[12  1],83,-1,136,-1,114
1,<environment.Job instance at 0x7fbc91e3aaa0>,83,13,[ 3 11],84,-1,127,-1,114
1,<environment.Job instance at 0x7fbc91e3af00>,85,17,[ 1 14],86,-1,132,-1,115
1,<environment.Job instance at 0x7fbc91e3aeb0>,86,14,[ 3 14],87,-1,129,-1,115
1,<environment.Job instance at 0x7fbc91cfaa50>,87,24,[ 3 11],88,-1,139,-1,115
1,<environment.Job instance at 0x7fbc91cfa780>,89,25,[12  3],90,-1,142,-1,117
1,<environment.Job instance at 0x7fbc91cfa8c0>,90,12,[ 2 12],91,-1,129,-1,117
1,<environment.Job instance at 0x7fbc91cfa230>,92,27,[ 2 11],93,-1,157,-1,130
1,<environment.Job instance at 0x7fbc91cfab40>,93,27,[ 3 14],94,-1,157,-1,130
1,<environment.Job instance at 0x7fbc91cfac30>,96,28,[5 2],97,-1,175,-1,147
1,<environment.Job instance at 0x7fbc91cfacd0>,97,28,[13  5],98,-1,175,-1,147
1,<environment.Job instance at 0x7fbc91cfa640>,98,26,[8 3],99,-1,173,-1,147
1,<environment.Job instance at 0x7fbc91cfa870>,101,14,[ 3 11],102,-1,163,-1,149
1,<environment.Job instance at 0x7fbc87ca6230>,102,27,[ 3 14],103,-1,176,-1,149
1,<environment.Job instance at 0x7fbc87ca6e60>,103,15,[14  1],104,-1,164,-1,149
1,<environment.Job instance at 0x7fbc87ca60a0>,104,27,[ 5 11],105,-1,176,-1,149
1,<environment.Job instance at 0x7fbc87ca61e0>,106,25,[ 1 13],107,-1,178,-1,153
1,<environment.Job instance at 0x7fbc87ca6190>,107,26,[10  3],108,-1,194,-1,168
1,<environment.Job instance at 0x7fbc87ca6820>,110,21,[13  1],111,-1,189,-1,168
1,<environment.Job instance at 0x7fbc87ca6780>,111,18,[ 2 12],112,-1,186,-1,168
1,<environment.Job instance at 0x7fbc87ca6960>,112,14,[ 2 11],113,-1,182,-1,168
1,<environment.Job instance at 0x7fbc8830cf50>,1,22,[4 9],2,-1,24,-1,2
1,<environment.Job instance at 0x7fbc8830cf00>,4,13,[ 5 10],5,-1,19,-1,6
1,<environment.Job instance at 0x7fbc87c90e60>,0,15,[ 5 14],1,-1,16,-1,1
1,<environment.Job instance at 0x7fbc87c90820>,2,19,[ 5 13],3,-1,22,-1,3
1,<environment.Job instance at 0x7fbc87c90eb0>,6,12,[13  4],7,-1,19,-1,7
1,<environment.Job instance at 0x7fbc87c908c0>,7,12,[14  4],8,-1,20,-1,8
1,<environment.Job instance at 0x7fbc87c90cd0>,8,12,[ 1 13],9,-1,21,-1,9
1,<environment.Job instance at 0x7fbc91e3bd70>,11,12,[ 5 12],12,-1,24,-1,12
1,<environment.Job instance at 0x7fbc87c90140>,10,28,[9 5],11,-1,49,-1,21
1,<environment.Job instance at 0x7fbc91e3b3c0>,13,27,[ 5 13],14,-1,48,-1,21
1,<environment.Job instance at 0x7fbc91e3bd20>,14,28,[ 4 14],15,-1,49,-1,21
1,<environment.Job instance at 0x7fbc91e3bbe0>,12,26,[9 3],13,-1,47,-1,21
1,<environment.Job instance at 0x7fbc91e3b910>,16,13,[12  1],17,-1,34,-1,21
1,<environment.Job instance at 0x7fbc91e3b960>,18,24,[3 9],19,-1,48,-1,24
1,<environment.Job instance at 0x7fbc8819d550>,21,14,[ 4 13],22,-1,38,-1,24
1,<environment.Job instance at 0x7fbc87c3f640>,22,12,[14  3],23,-1,36,-1,24
1,<environment.Job instance at 0x7fbc8830cd20>,23,18,[ 5 11],24,-1,42,-1,24
1,<environment.Job instance at 0x7fbc8830cd70>,24,21,[ 1 12],25,-1,46,-1,25
1,<environment.Job instance at 0x7fbc8830c8c0>,26,18,[ 1 12],27,-1,45,-1,27
1,<environment.Job instance at 0x7fbc8830c640>,25,25,[4 9],26,-1,62,-1,37
1,<environment.Job instance at 0x7fbc88186050>,29,28,[ 3 10],30,-1,65,-1,37
1,<environment.Job instance at 0x7fbc881869b0>,31,28,[11  4],32,-1,65,-1,37
1,<environment.Job instance at 0x7fbc88186190>,33,19,[11  2],34,-1,56,-1,37
1,<environment.Job instance at 0x7fbc88186be0>,34,18,[12  3],35,-1,55,-1,37
1,<environment.Job instance at 0x7fbc88186f00>,35,28,[5 5],36,-1,70,-1,42
1,<environment.Job instance at 0x7fbc881862d0>,36,19,[ 1 12],37,-1,61,-1,42
1,<environment.Job instance at 0x7fbc88186690>,38,24,[8 1],39,-1,73,-1,49
1,<environment.Job instance at 0x7fbc88186c30>,37,24,[10  2],38,-1,73,-1,49
1,<environment.Job instance at 0x7fbc88186910>,41,28,[ 1 12],42,-1,77,-1,49
1,<environment.Job instance at 0x7fbc881860f0>,42,15,[13  1],43,-1,64,-1,49
1,<environment.Job instance at 0x7fbc88186aa0>,43,20,[ 5 12],44,-1,69,-1,49
1,<environment.Job instance at 0x7fbc88186d20>,39,27,[ 5 10],40,-1,82,-1,55
1,<environment.Job instance at 0x7fbc87eb6b90>,45,12,[ 4 13],46,-1,67,-1,55
1,<environment.Job instance at 0x7fbc87eb6e60>,46,24,[5 3],47,-1,79,-1,55
1,<environment.Job instance at 0x7fbc87eb6500>,49,21,[14  3],50,-1,76,-1,55
1,<environment.Job instance at 0x7fbc87eb6c80>,52,20,[11  3],53,-1,81,-1,61
1,<environment.Job instance at 0x7fbc87eb65a0>,55,17,[ 3 13],56,-1,92,-1,75
1,<environment.Job instance at 0x7fbc87eb6dc0>,56,15,[13  4],57,-1,90,-1,75
1,<environment.Job instance at 0x7fbc87eb6050>,58,23,[3 8],59,-1,104,-1,81
1,<environment.Job instance at 0x7fbc87eb6f50>,60,26,[14  4],61,-1,107,-1,81
1,<environment.Job instance at 0x7fbc87eb6320>,57,25,[9 1],58,-1,112,-1,87
1,<environment.Job instance at 0x7fbc87eb61e0>,63,18,[14  1],64,-1,105,-1,87
1,<environment.Job instance at 0x7fbc87eb68c0>,64,24,[9 2],65,-1,117,-1,93
1,<environment.Job instance at 0x7fbc87c4b4b0>,66,15,[ 5 11],67,-1,108,-1,93
1,<environment.Job instance at 0x7fbc87c4b140>,67,27,[ 2 13],68,-1,120,-1,93
1,<environment.Job instance at 0x7fbc87c4bcd0>,68,27,[5 1],69,-1,120,-1,93
1,<environment.Job instance at 0x7fbc87c4b690>,69,16,[ 3 12],70,-1,109,-1,93
1,<environment.Job instance at 0x7fbc87c4bbe0>,70,12,[ 3 12],71,-1,105,-1,93
1,<environment.Job instance at 0x7fbc87c4be60>,71,13,[ 3 12],72,-1,106,-1,93
1,<environment.Job instance at 0x7fbc87ca9910>,73,25,[11  2],74,-1,128,-1,103
1,<environment.Job instance at 0x7fbc87ca9870>,74,23,[ 1 14],75,-1,126,-1,103
1,<environment.Job instance at 0x7fbc87ca9370>,76,12,[ 3 12],77,-1,117,-1,105
1,<environment.Job instance at 0x7fbc87ca9e60>,72,24,[ 4 10],73,-1,144,-1,120
1,<environment.Job instance at 0x7fbc87ca98c0>,80,14,[ 2 11],81,-1,135,-1,121
1,<environment.Job instance at 0x7fbc87ca9820>,82,22,[ 5 14],83,-1,155,-1,133
1,<environment.Job instance at 0x7fbc87ca8190>,83,17,[12  4],84,-1,150,-1,133
1,<environment.Job instance at 0x7fbc87ca8230>,84,26,[ 1 10],85,-1,160,-1,134
1,<environment.Job instance at 0x7fbc87ca8b90>,89,12,[ 1 11],90,-1,172,-1,160
1,<environment.Job instance at 0x7fbc87ca84b0>,90,28,[3 6],91,-1,203,-1,175
1,<environment.Job instance at 0x7fbc87c7f0a0>,94,13,[12  5],95,-1,188,-1,175
1,<environment.Job instance at 0x7fbc88b11e10>,1,18,[5 7],2,-1,20,-1,2
1,<environment.Job instance at 0x7fbc883a5dc0>,0,16,[11  4],1,-1,17,-1,1
1,<environment.Job instance at 0x7fbc883a5780>,3,20,[12  4],4,-1,24,-1,4
1,<environment.Job instance at 0x7fbc883a57d0>,4,26,[1 6],5,-1,31,-1,5
1,<environment.Job instance at 0x7fbc883a5a50>,6,27,[12  2],7,-1,34,-1,7
1,<environment.Job instance at 0x7fbc8847ef00>,7,15,[14  2],8,-1,23,-1,8
1,<environment.Job instance at 0x7fbc88306eb0>,8,15,[13  3],9,-1,24,-1,9
1,<environment.Job instance at 0x7fbc883067d0>,11,14,[ 2 11],12,-1,26,-1,12
1,<environment.Job instance at 0x7fbc883069b0>,12,25,[14  3],13,-1,38,-1,13
1,<environment.Job instance at 0x7fbc88306550>,13,23,[14  5],14,-1,37,-1,14
1,<environment.Job instance at 0x7fbc88306910>,14,27,[12  3],15,-1,42,-1,15
1,<environment.Job instance at 0x7fbc88306640>,15,22,[11  3],16,-1,38,-1,16
1,<environment.Job instance at 0x7fbc88306fa0>,16,28,[ 1 13],17,-1,45,-1,17
1,<environment.Job instance at 0x7fbc883a5960>,5,23,[5 5],6,-1,41,-1,18
1,<environment.Job instance at 0x7fbc88306d20>,17,25,[12  4],18,-1,43,-1,18
1,<environment.Job instance at 0x7fbc883063c0>,18,17,[ 2 13],19,-1,36,-1,19
1,<environment.Job instance at 0x7fbc88306690>,19,15,[ 2 14],20,-1,35,-1,20
1,<environment.Job instance at 0x7fbc88306f00>,21,16,[ 2 13],22,-1,38,-1,22
1,<environment.Job instance at 0x7fbc87c78500>,23,15,[12  3],24,-1,39,-1,24
1,<environment.Job instance at 0x7fbc87c78550>,24,19,[ 2 13],25,-1,44,-1,25
1,<environment.Job instance at 0x7fbc87e55320>,27,18,[ 1 13],28,-1,46,-1,28
1,<environment.Job instance at 0x7fbc87e55500>,28,12,[ 5 14],29,-1,41,-1,29
1,<environment.Job instance at 0x7fbc87e55e10>,29,13,[14  1],30,-1,43,-1,30
1,<environment.Job instance at 0x7fbc87c87d20>,33,18,[12  3],34,-1,55,-1,37
1,<environment.Job instance at 0x7fbc87c87190>,34,23,[2 6],35,-1,65,-1,42
1,<environment.Job instance at 0x7fbc87c87cd0>,36,27,[ 2 13],37,-1,69,-1,42
1,<environment.Job instance at 0x7fbc87c87320>,37,14,[ 2 11],38,-1,56,-1,42
1,<environment.Job instance at 0x7fbc87c87d70>,38,16,[ 1 12],39,-1,58,-1,42
1,<environment.Job instance at 0x7fbc87c877d0>,42,24,[14  4],43,-1,75,-1,51
1,<environment.Job instance at 0x7fbc91cfc190>,46,16,[ 3 11],47,-1,67,-1,51
1,<environment.Job instance at 0x7fbc87c871e0>,39,26,[5 9],40,-1,86,-1,60
1,<environment.Job instance at 0x7fbc91cfc8c0>,48,16,[11  5],49,-1,76,-1,60
1,<environment.Job instance at 0x7fbc88638780>,49,18,[13  2],50,-1,78,-1,60
1,<environment.Job instance at 0x7fbc886381e0>,51,23,[14  1],52,-1,83,-1,60
1,<environment.Job instance at 0x7fbc87e613c0>,52,17,[ 1 14],53,-1,77,-1,60
1,<environment.Job instance at 0x7fbc87e610f0>,53,16,[12  2],54,-1,76,-1,60
1,<environment.Job instance at 0x7fbc87e61820>,54,19,[ 4 11],55,-1,79,-1,60
1,<environment.Job instance at 0x7fbc87e61f00>,55,24,[9 5],56,-1,89,-1,65
1,<environment.Job instance at 0x7fbc87e61f50>,56,16,[13  3],57,-1,81,-1,65
1,<environment.Job instance at 0x7fbc87e614b0>,57,24,[14  3],58,-1,89,-1,65
1,<environment.Job instance at 0x7fbc87d27cd0>,58,19,[ 1 14],59,-1,84,-1,65
1,<environment.Job instance at 0x7fbc87d27f50>,59,23,[14  3],60,-1,88,-1,65
1,<environment.Job instance at 0x7fbc87d27230>,60,28,[ 4 11],61,-1,93,-1,65
1,<environment.Job instance at 0x7fbc87d27af0>,61,27,[5 5],62,-1,92,-1,65
1,<environment.Job instance at 0x7fbc87d27c80>,62,24,[5 2],63,-1,89,-1,65
1,<environment.Job instance at 0x7fbc87ca15a0>,63,14,[ 4 12],64,-1,79,-1,65
1,<environment.Job instance at 0x7fbc87ca1f00>,64,27,[5 1],65,-1,92,-1,65
1,<environment.Job instance at 0x7fbc87ca1550>,65,27,[ 2 11],66,-1,93,-1,66
1,<environment.Job instance at 0x7fbc91e3a690>,66,28,[12  4],67,-1,95,-1,67
1,<environment.Job instance at 0x7fbc87ca1f50>,68,14,[14  2],69,-1,91,-1,77
1,<environment.Job instance at 0x7fbc91e3af50>,69,27,[5 1],70,-1,112,-1,85
1,<environment.Job instance at 0x7fbc91e3af00>,70,23,[12  5],71,-1,108,-1,85
1,<environment.Job instance at 0x7fbc87c7fc80>,73,12,[14  4],74,-1,104,-1,92
1,<environment.Job instance at 0x7fbc87c7faf0>,75,26,[7 5],76,-1,118,-1,92
1,<environment.Job instance at 0x7fbc87c7f0a0>,76,17,[ 3 14],77,-1,109,-1,92
1,<environment.Job instance at 0x7fbc91e3a0f0>,71,23,[3 9],72,-1,123,-1,100
1,<environment.Job instance at 0x7fbc87ca89b0>,79,17,[ 2 13],80,-1,117,-1,100
1,<environment.Job instance at 0x7fbc87ca8e10>,80,17,[14  2],81,-1,117,-1,100
1,<environment.Job instance at 0x7fbc87ca81e0>,83,13,[ 1 14],84,-1,113,-1,100
1,<environment.Job instance at 0x7fbc87ca8190>,84,12,[ 3 11],85,-1,112,-1,100
1,<environment.Job instance at 0x7fbc87ca8be0>,81,26,[10  4],82,-1,139,-1,113
1,<environment.Job instance at 0x7fbc87ca8dc0>,82,23,[5 5],83,-1,136,-1,113
1,<environment.Job instance at 0x7fbc87ca9dc0>,87,19,[ 5 13],88,-1,132,-1,113
1,<environment.Job instance at 0x7fbc87ca9410>,89,25,[3 9],90,-1,152,-1,127
1,<environment.Job instance at 0x7fbc87ca9b40>,93,17,[ 3 13],94,-1,154,-1,137
1,<environment.Job instance at 0x7fbc87ca9960>,94,28,[3 9],95,-1,169,-1,141
1,<environment.Job instance at 0x7fbc87ca9e10>,95,28,[ 3 10],96,-1,169,-1,141
1,<environment.Job instance at 0x7fbc87c4b140>,99,20,[12  4],100,-1,173,-1,153
1,<environment.Job instance at 0x7fbc87c4bb90>,101,16,[12  4],102,-1,173,-1,157
1,<environment.Job instance at 0x7fbc87eb6d70>,102,16,[ 2 13],103,-1,173,-1,157
1,<environment.Job instance at 0x7fbc87c4ba00>,100,28,[8 2],101,-1,199,-1,171
1,<environment.Job instance at 0x7fbc87eb6fa0>,103,23,[5 8],104,-1,194,-1,171
1,<environment.Job instance at 0x7fbc87eb6f50>,105,24,[9 3],106,-1,195,-1,171
1,<environment.Job instance at 0x7fbc87eb6050>,107,23,[5 4],108,-1,194,-1,171
1,<environment.Job instance at 0x7fbc87eb6320>,108,23,[11  4],109,-1,194,-1,171
1,<environment.Job instance at 0x7fbc87eb65a0>,110,21,[ 5 13],111,-1,192,-1,171
1,<environment.Job instance at 0x7fbc87eb6820>,111,22,[11  1],112,-1,193,-1,171
1,<environment.Job instance at 0x7fbc87eb6870>,112,17,[11  2],113,-1,188,-1,171
1,<environment.Job instance at 0x7fbc8803d7d0>,0,25,[ 4 14],1,-1,26,-1,1
1,<environment.Job instance at 0x7fbc8805ebe0>,2,20,[14  3],3,-1,23,-1,3
1,<environment.Job instance at 0x7fbc884b2050>,3,25,[14  5],4,-1,29,-1,4
1,<environment.Job instance at 0x7fbc884acaa0>,5,14,[14  1],6,-1,20,-1,6
1,<environment.Job instance at 0x7fbc91e3b500>,7,26,[12  5],8,-1,34,-1,8
1,<environment.Job instance at 0x7fbc891af280>,9,16,[14  1],10,-1,26,-1,10
1,<environment.Job instance at 0x7fbc91e3ba00>,11,24,[ 3 12],12,-1,36,-1,12
1,<environment.Job instance at 0x7fbc91e3b550>,12,23,[4 7],13,-1,41,-1,18
1,<environment.Job instance at 0x7fbc91e3b910>,15,26,[12  4],16,-1,44,-1,18
1,<environment.Job instance at 0x7fbc8804aa50>,4,26,[10  2],5,-1,54,-1,28
1,<environment.Job instance at 0x7fbc91e3b460>,8,28,[8 3],9,-1,56,-1,28
1,<environment.Job instance at 0x7fbc87e613c0>,19,17,[ 3 12],20,-1,45,-1,28
1,<environment.Job instance at 0x7fbc87e61e60>,20,13,[14  5],21,-1,41,-1,28
1,<environment.Job instance at 0x7fbc87e61820>,21,21,[ 5 14],22,-1,49,-1,28
1,<environment.Job instance at 0x7fbc87e61460>,22,21,[ 4 11],23,-1,49,-1,28
1,<environment.Job instance at 0x7fbc87e55410>,23,25,[2 7],24,-1,53,-1,28
1,<environment.Job instance at 0x7fbc87e55640>,24,23,[14  4],25,-1,51,-1,28
1,<environment.Job instance at 0x7fbc87e55550>,25,12,[ 3 11],26,-1,40,-1,28
1,<environment.Job instance at 0x7fbc891cea50>,28,18,[12  1],29,-1,60,-1,42
1,<environment.Job instance at 0x7fbc88b09460>,30,24,[12  2],31,-1,67,-1,43
1,<environment.Job instance at 0x7fbc87e55e60>,32,25,[8 3],33,-1,86,-1,61
1,<environment.Job instance at 0x7fbc88391b40>,33,15,[11  1],34,-1,76,-1,61
1,<environment.Job instance at 0x7fbc887e35a0>,35,27,[7 4],36,-1,88,-1,61
1,<environment.Job instance at 0x7fbc891eb910>,38,26,[9 5],39,-1,99,-1,73
1,<environment.Job instance at 0x7fbc88aec3c0>,40,28,[9 3],41,-1,117,-1,89
1,<environment.Job instance at 0x7fbc88101410>,41,27,[5 1],42,-1,116,-1,89
1,<environment.Job instance at 0x7fbc88110370>,44,27,[6 4],45,-1,122,-1,95
1,<environment.Job instance at 0x7fbc88110cd0>,45,25,[6 1],46,-1,120,-1,95
1,<environment.Job instance at 0x7fbc88110dc0>,46,23,[5 5],47,-1,118,-1,95
1,<environment.Job instance at 0x7fbc88110640>,47,28,[14  5],48,-1,123,-1,95
1,<environment.Job instance at 0x7fbc891d0dc0>,48,12,[13  5],49,-1,107,-1,95
1,<environment.Job instance at 0x7fbc88e23190>,50,23,[13  2],51,-1,118,-1,95
1,<environment.Job instance at 0x7fbc87ccdcd0>,51,21,[12  3],52,-1,116,-1,95
1,<environment.Job instance at 0x7fbc891d0780>,52,17,[14  1],53,-1,112,-1,95
1,<environment.Job instance at 0x7fbc891d04b0>,53,15,[ 1 12],54,-1,110,-1,95
1,<environment.Job instance at 0x7fbc88ab16e0>,56,20,[ 1 12],57,-1,128,-1,108
1,<environment.Job instance at 0x7fbc88ca05a0>,58,25,[5 3],59,-1,133,-1,108
1,<environment.Job instance at 0x7fbc88e2c5a0>,60,24,[5 7],61,-1,142,-1,118
1,<environment.Job instance at 0x7fbc887e7050>,63,27,[ 2 10],64,-1,163,-1,136
1,<environment.Job instance at 0x7fbc887e7780>,64,16,[ 1 12],65,-1,152,-1,136
1,<environment.Job instance at 0x7fbc89225820>,65,15,[13  4],66,-1,151,-1,136
1,<environment.Job instance at 0x7fbc892255f0>,66,20,[ 1 13],67,-1,156,-1,136
1,<environment.Job instance at 0x7fbc885212d0>,68,28,[ 2 14],69,-1,164,-1,136
1,<environment.Job instance at 0x7fbc889d6fa0>,69,28,[11  1],70,-1,164,-1,136
1,<environment.Job instance at 0x7fbc887eacd0>,71,28,[8 2],72,-1,170,-1,142
1,<environment.Job instance at 0x7fbc88515aa0>,72,21,[ 1 11],73,-1,163,-1,142
1,<environment.Job instance at 0x7fbc88593690>,74,21,[14  2],75,-1,164,-1,143
1,<environment.Job instance at 0x7fbc885b8f50>,76,21,[14  4],77,-1,171,-1,150
1,<environment.Job instance at 0x7fbc88ac23c0>,77,20,[11  1],78,-1,170,-1,150
1,<environment.Job instance at 0x7fbc918a07d0>,78,22,[ 5 12],79,-1,172,-1,150
1,<environment.Job instance at 0x7fbc884ee870>,79,17,[13  1],80,-1,167,-1,150
1,<environment.Job instance at 0x7fbc88ac25f0>,80,27,[ 2 13],81,-1,177,-1,150
1,<environment.Job instance at 0x7fbc883125f0>,81,17,[11  4],82,-1,167,-1,150
1,<environment.Job instance at 0x7fbc88fde5f0>,82,27,[ 4 13],83,-1,177,-1,150
1,<environment.Job instance at 0x7fbc883f2690>,83,15,[14  1],84,-1,165,-1,150
1,<environment.Job instance at 0x7fbc89126b40>,86,25,[7 3],87,-1,190,-1,165
1,<environment.Job instance at 0x7fbc88b92a50>,88,19,[ 3 13],89,-1,184,-1,165
1,<environment.Job instance at 0x7fbc88b0b2d0>,0,18,[7 5],1,-1,19,-1,1
1,<environment.Job instance at 0x7fbc880f8870>,5,16,[3 9],6,-1,22,-1,6
1,<environment.Job instance at 0x7fbc880f8550>,11,14,[8 1],12,-1,31,-1,17
1,<environment.Job instance at 0x7fbc87c28500>,2,18,[14  4],3,-1,21,-1,3
1,<environment.Job instance at 0x7fbc87c25140>,6,16,[13  1],7,-1,23,-1,7
1,<environment.Job instance at 0x7fbc883f7c80>,7,28,[ 4 12],8,-1,36,-1,8
1,<environment.Job instance at 0x7fbc883f7280>,8,15,[12  2],9,-1,24,-1,9
1,<environment.Job instance at 0x7fbc88b12280>,10,26,[6 4],11,-1,43,-1,17
1,<environment.Job instance at 0x7fbc883f7eb0>,12,15,[ 3 13],13,-1,32,-1,17
1,<environment.Job instance at 0x7fbc91d771e0>,14,18,[13  3],15,-1,37,-1,19
1,<environment.Job instance at 0x7fbc91d770a0>,15,28,[9 4],16,-1,57,-1,29
1,<environment.Job instance at 0x7fbc91d77aa0>,16,13,[ 5 11],17,-1,42,-1,29
1,<environment.Job instance at 0x7fbc88402f00>,17,19,[14  1],18,-1,48,-1,29
1,<environment.Job instance at 0x7fbc8831e4b0>,24,26,[6 1],25,-1,74,-1,48
1,<environment.Job instance at 0x7fbc91c56be0>,25,21,[ 5 14],26,-1,69,-1,48
1,<environment.Job instance at 0x7fbc885e7910>,26,25,[14  4],27,-1,73,-1,48
1,<environment.Job instance at 0x7fbc885e7690>,28,15,[ 3 11],29,-1,63,-1,48
1,<environment.Job instance at 0x7fbc88402780>,22,25,[7 5],23,-1,73,-1,48
1,<environment.Job instance at 0x7fbc91bfab90>,30,27,[ 4 11],31,-1,75,-1,48
1,<environment.Job instance at 0x7fbc88b92a50>,33,27,[ 2 11],34,-1,75,-1,48
1,<environment.Job instance at 0x7fbc88b92050>,34,20,[14  2],35,-1,68,-1,48
1,<environment.Job instance at 0x7fbc88fde4b0>,35,26,[14  1],36,-1,74,-1,48
1,<environment.Job instance at 0x7fbc88312500>,37,25,[13  1],38,-1,80,-1,55
1,<environment.Job instance at 0x7fbc88ac25f0>,40,14,[14  4],41,-1,74,-1,60
1,<environment.Job instance at 0x7fbc88593af0>,41,22,[ 4 12],42,-1,82,-1,60
1,<environment.Job instance at 0x7fbc88593690>,42,24,[12  4],43,-1,84,-1,60
1,<environment.Job instance at 0x7fbc885b89b0>,44,16,[ 3 12],45,-1,85,-1,69
1,<environment.Job instance at 0x7fbc887ea5a0>,47,23,[2 6],48,-1,107,-1,84
1,<environment.Job instance at 0x7fbc88abeb40>,48,15,[ 3 13],49,-1,99,-1,84
1,<environment.Job instance at 0x7fbc88bc1af0>,49,15,[ 5 11],50,-1,99,-1,84
1,<environment.Job instance at 0x7fbc887e7f00>,51,24,[9 2],52,-1,109,-1,85
1,<environment.Job instance at 0x7fbc887e7050>,52,13,[11  4],53,-1,98,-1,85
1,<environment.Job instance at 0x7fbc8909cbe0>,53,17,[ 3 12],54,-1,102,-1,85
1,<environment.Job instance at 0x7fbc88cc00f0>,54,20,[13  4],55,-1,105,-1,85
1,<environment.Job instance at 0x7fbc890e3320>,56,20,[12  5],57,-1,107,-1,87
1,<environment.Job instance at 0x7fbc88ca09b0>,59,22,[ 3 11],60,-1,125,-1,103
1,<environment.Job instance at 0x7fbc87e55f00>,60,24,[ 1 12],61,-1,127,-1,103
1,<environment.Job instance at 0x7fbc88ca05a0>,61,28,[3 6],62,-1,141,-1,113
1,<environment.Job instance at 0x7fbc87e55f50>,62,14,[ 4 12],63,-1,127,-1,113
1,<environment.Job instance at 0x7fbc87e550a0>,63,28,[ 2 13],64,-1,141,-1,113
1,<environment.Job instance at 0x7fbc87e55c30>,65,16,[13  3],66,-1,129,-1,113
1,<environment.Job instance at 0x7fbc87e61820>,68,28,[4 6],69,-1,157,-1,129
1,<environment.Job instance at 0x7fbc87e61eb0>,69,26,[ 2 14],70,-1,155,-1,129
1,<environment.Job instance at 0x7fbc87e55690>,64,25,[10  5],65,-1,154,-1,129
1,<environment.Job instance at 0x7fbc87e61370>,71,15,[14  4],72,-1,144,-1,129
1,<environment.Job instance at 0x7fbc87e61050>,72,13,[13  5],73,-1,142,-1,129
1,<environment.Job instance at 0x7fbc91e3b910>,73,19,[12  2],74,-1,148,-1,129
1,<environment.Job instance at 0x7fbc91e3bf00>,74,24,[2 5],75,-1,153,-1,129
1,<environment.Job instance at 0x7fbc91e3ba00>,77,27,[ 1 13],78,-1,156,-1,129
1,<environment.Job instance at 0x7fbc91e3bbe0>,78,26,[8 2],79,-1,168,-1,142
1,<environment.Job instance at 0x7fbc91e3be10>,81,26,[11  1],82,-1,169,-1,143
1,<environment.Job instance at 0x7fbc888d8dc0>,79,26,[5 7],80,-1,181,-1,155
1,<environment.Job instance at 0x7fbc88905820>,87,18,[ 1 12],88,-1,185,-1,167
1,<environment.Job instance at 0x7fbc88ae16e0>,88,15,[ 3 11],89,-1,182,-1,167
1,<environment.Job instance at 0x7fbc88796d20>,89,24,[ 1 11],90,-1,191,-1,167
1,<environment.Job instance at 0x7fbc88b237d0>,90,23,[6 3],91,-1,195,-1,172
1,<environment.Job instance at 0x7fbc886460a0>,91,16,[ 2 13],92,-1,188,-1,172
1,<environment.Job instance at 0x7fbc88905be0>,92,21,[ 4 13],93,-1,193,-1,172
1,<environment.Job instance at 0x7fbc885330f0>,0,28,[ 5 11],1,-1,29,-1,1
1,<environment.Job instance at 0x7fbc9183ed20>,1,17,[ 5 12],2,-1,19,-1,2
1,<environment.Job instance at 0x7fbc87f14b90>,4,22,[11  2],5,-1,27,-1,5
1,<environment.Job instance at 0x7fbc88b19b40>,8,21,[ 1 12],9,-1,30,-1,9
1,<environment.Job instance at 0x7fbc880964b0>,9,12,[ 3 11],10,-1,22,-1,10
1,<environment.Job instance at 0x7fbc88d6b550>,11,28,[12  1],12,-1,40,-1,12
1,<environment.Job instance at 0x7fbc887e3c80>,12,25,[14  3],13,-1,38,-1,13
1,<environment.Job instance at 0x7fbc887e3f00>,13,25,[12  4],14,-1,39,-1,14
1,<environment.Job instance at 0x7fbc887e33c0>,14,19,[14  1],15,-1,34,-1,15
1,<environment.Job instance at 0x7fbc88ed2910>,15,21,[11  5],16,-1,37,-1,16
1,<environment.Job instance at 0x7fbc91836f00>,6,24,[7 1],7,-1,41,-1,17
1,<environment.Job instance at 0x7fbc88c677d0>,10,24,[6 1],11,-1,41,-1,17
1,<environment.Job instance at 0x7fbc882ddfa0>,16,13,[11  4],17,-1,30,-1,17
1,<environment.Job instance at 0x7fbc88905460>,20,12,[ 3 14],21,-1,33,-1,21
1,<environment.Job instance at 0x7fbc887e32d0>,17,25,[8 5],18,-1,47,-1,22
1,<environment.Job instance at 0x7fbc88905550>,21,15,[ 4 13],22,-1,37,-1,22
1,<environment.Job instance at 0x7fbc88905230>,23,13,[11  4],24,-1,37,-1,24
1,<environment.Job instance at 0x7fbc88cc00f0>,29,19,[ 4 11],30,-1,55,-1,36
1,<environment.Job instance at 0x7fbc87e61820>,30,28,[ 3 11],31,-1,64,-1,36
1,<environment.Job instance at 0x7fbc887e7f00>,31,26,[4 8],32,-1,64,-1,38
1,<environment.Job instance at 0x7fbc887e7050>,32,23,[4 6],33,-1,61,-1,38
1,<environment.Job instance at 0x7fbc889d6fa0>,34,21,[14  4],35,-1,59,-1,38
1,<environment.Job instance at 0x7fbc88e2c8c0>,35,20,[12  5],36,-1,58,-1,38
1,<environment.Job instance at 0x7fbc88be50f0>,36,14,[11  3],37,-1,52,-1,38
1,<environment.Job instance at 0x7fbc88593410>,37,28,[ 2 14],38,-1,66,-1,38
1,<environment.Job instance at 0x7fbc88fde4b0>,39,23,[5 3],40,-1,89,-1,66
1,<environment.Job instance at 0x7fbc88c05b90>,41,25,[13  1],42,-1,91,-1,66
1,<environment.Job instance at 0x7fbc91c56be0>,43,17,[13  2],44,-1,83,-1,66
1,<environment.Job instance at 0x7fbc88b92050>,44,27,[3 9],45,-1,93,-1,66
1,<environment.Job instance at 0x7fbc8831e3c0>,45,23,[13  4],46,-1,89,-1,66
1,<environment.Job instance at 0x7fbc884027d0>,47,26,[1 9],48,-1,92,-1,66
1,<environment.Job instance at 0x7fbc88402a50>,48,25,[5 4],49,-1,91,-1,66
1,<environment.Job instance at 0x7fbc91d770a0>,50,21,[13  4],51,-1,87,-1,66
1,<environment.Job instance at 0x7fbc88387a00>,52,12,[13  4],53,-1,78,-1,66
1,<environment.Job instance at 0x7fbc89182c30>,54,19,[12  3],55,-1,98,-1,79
1,<environment.Job instance at 0x7fbc8893a1e0>,55,17,[ 5 11],56,-1,96,-1,79
1,<environment.Job instance at 0x7fbc8893a370>,56,28,[ 1 10],57,-1,127,-1,99
1,<environment.Job instance at 0x7fbc88bcdaa0>,59,18,[14  2],60,-1,117,-1,99
1,<environment.Job instance at 0x7fbc88bcda50>,60,15,[14  3],61,-1,114,-1,99
1,<environment.Job instance at 0x7fbc88bcdf00>,62,17,[12  2],63,-1,116,-1,99
1,<environment.Job instance at 0x7fbc884ecc80>,63,20,[ 5 12],64,-1,119,-1,99
1,<environment.Job instance at 0x7fbc884ecf00>,64,28,[ 5 11],65,-1,127,-1,99
1,<environment.Job instance at 0x7fbc884ec1e0>,66,23,[ 5 11],67,-1,124,-1,101
1,<environment.Job instance at 0x7fbc884ecaa0>,68,28,[14  5],69,-1,129,-1,101
1,<environment.Job instance at 0x7fbc884ec870>,70,13,[12  1],71,-1,127,-1,114
1,<environment.Job instance at 0x7fbc884eccd0>,71,28,[ 5 11],72,-1,142,-1,114
1,<environment.Job instance at 0x7fbc884ec320>,73,18,[ 4 11],74,-1,136,-1,118
1,<environment.Job instance at 0x7fbc884ecf50>,74,28,[7 4],75,-1,146,-1,118
1,<environment.Job instance at 0x7fbc884ece10>,75,19,[14  5],76,-1,137,-1,118
1,<environment.Job instance at 0x7fbc884ecbe0>,76,24,[11  2],77,-1,142,-1,118
1,<environment.Job instance at 0x7fbc884eca50>,78,13,[14  2],79,-1,132,-1,119
1,<environment.Job instance at 0x7fbc87ec2d70>,79,13,[ 4 14],80,-1,132,-1,119
1,<environment.Job instance at 0x7fbc87ec2c80>,80,24,[8 2],81,-1,143,-1,119
1,<environment.Job instance at 0x7fbc87ec24b0>,83,26,[13  5],84,-1,145,-1,119
1,<environment.Job instance at 0x7fbc87ec2c30>,84,17,[ 4 14],85,-1,136,-1,119
1,<environment.Job instance at 0x7fbc87ec29b0>,85,15,[11  2],86,-1,134,-1,119
1,<environment.Job instance at 0x7fbc87ec2820>,86,16,[ 4 14],87,-1,135,-1,119
1,<environment.Job instance at 0x7fbc87ec2b90>,87,25,[ 4 11],88,-1,144,-1,119
1,<environment.Job instance at 0x7fbc87ec20f0>,88,20,[ 1 14],89,-1,139,-1,119
1,<environment.Job instance at 0x7fbc87ec2460>,89,20,[ 2 11],90,-1,139,-1,119
1,<environment.Job instance at 0x7fbc87ec2280>,90,15,[ 1 13],91,-1,134,-1,119
1,<environment.Job instance at 0x7fbc87ec2870>,91,16,[ 3 12],92,-1,135,-1,119
1,<environment.Job instance at 0x7fbc884ecdc0>,67,24,[10  2],68,-1,159,-1,135
1,<environment.Job instance at 0x7fbc87ec2730>,94,24,[5 6],95,-1,159,-1,135
1,<environment.Job instance at 0x7fbc87ec2230>,93,23,[5 6],94,-1,159,-1,136
1,<environment.Job instance at 0x7fbc87ec26e0>,96,24,[ 5 14],97,-1,160,-1,136
1,<environment.Job instance at 0x7fbc87ec22d0>,98,26,[ 5 13],99,-1,162,-1,136
1,<environment.Job instance at 0x7fbc88ae1a50>,99,13,[12  2],100,-1,149,-1,136
1,<environment.Job instance at 0x7fbc87ec2eb0>,100,24,[ 5 13],101,-1,160,-1,136
1,<environment.Job instance at 0x7fbc88ae1050>,101,23,[ 5 12],102,-1,159,-1,136
1,<environment.Job instance at 0x7fbc88ae1af0>,102,15,[14  2],103,-1,151,-1,136
1,<environment.Job instance at 0x7fbc88ae1dc0>,103,25,[ 2 12],104,-1,161,-1,136
1,<environment.Job instance at 0x7fbc88ae1e60>,105,24,[14  2],106,-1,160,-1,136
1,<environment.Job instance at 0x7fbc88ae1cd0>,106,15,[ 5 12],107,-1,151,-1,136
1,<environment.Job instance at 0x7fbc88ae15a0>,108,27,[2 9],109,-1,180,-1,153
1,<environment.Job instance at 0x7fbc88ae17d0>,109,19,[ 4 13],110,-1,172,-1,153
1,<environment.Job instance at 0x7fbc88ae19b0>,110,21,[ 5 13],111,-1,174,-1,153
1,<environment.Job instance at 0x7fbc88ae1f00>,112,24,[7 1],113,-1,193,-1,169
1,<environment.Job instance at 0x7fbc88ae1aa0>,113,23,[6 3],114,-1,192,-1,169
1,<environment.Job instance at 0x7fbc88ae1460>,116,16,[14  5],117,-1,188,-1,172
1,<environment.Job instance at 0x7fbc88ae1370>,117,18,[ 4 11],118,-1,190,-1,172
1,<environment.Job instance at 0x7fbc88737f00>,118,25,[2 5],119,-1,197,-1,172
1,<environment.Job instance at 0x7fbc88737460>,119,13,[12  3],120,-1,185,-1,172
1,<environment.Job instance at 0x7fbc87de8320>,2,16,[8 2],3,-1,20,-1,4
1,<environment.Job instance at 0x7fbc87de8230>,4,14,[4 7],5,-1,19,-1,5
1,<environment.Job instance at 0x7fbc87de8fa0>,5,28,[8 4],6,-1,34,-1,6
1,<environment.Job instance at 0x7fbc880b56e0>,8,15,[ 5 11],9,-1,24,-1,9
1,<environment.Job instance at 0x7fbc880b5af0>,10,15,[13  5],11,-1,51,-1,36
1,<environment.Job instance at 0x7fbc880b53c0>,16,16,[ 5 13],17,-1,56,-1,40
1,<environment.Job instance at 0x7fbc880b51e0>,15,15,[1 7],16,-1,55,-1,40
1,<environment.Job instance at 0x7fbc880b5550>,17,25,[ 4 11],18,-1,67,-1,42
1,<environment.Job instance at 0x7fbc87de8640>,11,19,[2 5],12,-1,61,-1,42
1,<environment.Job instance at 0x7fbc880b54b0>,20,26,[ 1 11],21,-1,69,-1,43
1,<environment.Job instance at 0x7fbc880b5050>,21,23,[ 3 13],22,-1,71,-1,48
1,<environment.Job instance at 0x7fbc880b55f0>,22,26,[4 9],23,-1,74,-1,48
1,<environment.Job instance at 0x7fbc880b5780>,23,20,[11  5],24,-1,68,-1,48
1,<environment.Job instance at 0x7fbc880b5d70>,14,19,[13  4],15,-1,69,-1,50
1,<environment.Job instance at 0x7fbc87a49b40>,24,16,[4 9],25,-1,66,-1,50
1,<environment.Job instance at 0x7fbc87a49550>,28,20,[7 5],29,-1,71,-1,51
1,<environment.Job instance at 0x7fbc87a49820>,29,23,[6 1],30,-1,74,-1,51
1,<environment.Job instance at 0x7fbc87a49640>,26,14,[5 4],27,-1,65,-1,51
1,<environment.Job instance at 0x7fbc87de8f00>,6,17,[13  5],7,-1,69,-1,52
1,<environment.Job instance at 0x7fbc880b5820>,9,13,[14  4],10,-1,92,-1,79
1,<environment.Job instance at 0x7fbc87a49690>,27,15,[6 4],28,-1,107,-1,92
1,<environment.Job instance at 0x7fbc87a49a00>,34,17,[1 6],35,-1,128,-1,111
1,<environment.Job instance at 0x7fbc87a49460>,37,21,[4 5],38,-1,132,-1,111
1,<environment.Job instance at 0x7fbc87a497d0>,33,27,[10  1],34,-1,139,-1,112
1,<environment.Job instance at 0x7fbc880b5c80>,12,28,[13  3],13,-1,141,-1,113
1,<environment.Job instance at 0x7fbc87a49e10>,39,21,[ 1 10],40,-1,134,-1,113
1,<environment.Job instance at 0x7fbc87a492d0>,35,13,[11  4],36,-1,126,-1,113
1,<environment.Job instance at 0x7fbc87a49d20>,38,24,[ 1 10],39,-1,176,-1,152
1,<environment.Job instance at 0x7fbc87a498c0>,41,23,[1 5],42,-1,185,-1,162
1,<environment.Job instance at 0x7fbc880b5500>,18,21,[1 6],19,-1,187,-1,166
1,<environment.Job instance at 0x7fbc87a49f50>,44,23,[4 8],45,-1,190,-1,167
1,<environment.Job instance at 0x7fbc87a49f00>,46,15,[1 6],47,-1,182,-1,167
1,<environment.Job instance at 0x7fbc87a49be0>,43,12,[5 8],44,-1,179,-1,167
1,<environment.Job instance at 0x7fbc87a496e0>,25,18,[12  1],26,-1,189,-1,171
1,<environment.Job instance at 0x7fbc87a49140>,42,24,[ 5 13],43,-1,197,-1,173
1,<environment.Job instance at 0x7fbc87b6a7d0>,52,19,[ 4 13],53,-1,193,-1,174
1,<environment.Job instance at 0x7fbc87b6a410>,53,21,[ 4 14],54,-1,197,-1,176
1,<environment.Job instance at 0x7fbc87b6a5f0>,47,26,[2 8],48,-1,202,-1,176
1,<environment.Job instance at 0x7fbc88ae15a0>,0,14,[14  5],1,-1,15,-1,1
1,<environment.Job instance at 0x7fbc88ae18c0>,1,14,[ 3 12],2,-1,16,-1,2
1,<environment.Job instance at 0x7fbc88ae1c30>,3,19,[ 4 11],4,-1,23,-1,4
1,<environment.Job instance at 0x7fbc88ae1a50>,6,17,[13  5],7,-1,24,-1,7
1,<environment.Job instance at 0x7fbc88ae1b90>,7,17,[ 4 13],8,-1,25,-1,8
1,<environment.Job instance at 0x7fbc88ae1050>,8,15,[ 5 11],9,-1,24,-1,9
1,<environment.Job instance at 0x7fbc87ec22d0>,9,13,[14  4],10,-1,23,-1,10
1,<environment.Job instance at 0x7fbc87ec2370>,10,15,[13  5],11,-1,26,-1,11
1,<environment.Job instance at 0x7fbc87ec2550>,12,28,[13  3],13,-1,41,-1,13
1,<environment.Job instance at 0x7fbc87ec2230>,13,25,[ 1 14],14,-1,39,-1,14
1,<environment.Job instance at 0x7fbc87ec2960>,14,19,[13  4],15,-1,34,-1,15
1,<environment.Job instance at 0x7fbc88ae16e0>,16,16,[ 5 13],17,-1,33,-1,17
1,<environment.Job instance at 0x7fbc87ec20f0>,17,25,[ 4 11],18,-1,43,-1,18
1,<environment.Job instance at 0x7fbc88ae1a00>,5,28,[8 4],6,-1,47,-1,19
1,<environment.Job instance at 0x7fbc87ec24b0>,20,26,[ 1 11],21,-1,47,-1,21
1,<environment.Job instance at 0x7fbc87ec2dc0>,21,23,[ 3 13],22,-1,45,-1,22
1,<environment.Job instance at 0x7fbc87ec2fa0>,23,20,[11  5],24,-1,44,-1,24
1,<environment.Job instance at 0x7fbc87ec2460>,25,18,[12  1],26,-1,44,-1,26
1,<environment.Job instance at 0x7fbc8893a1e0>,29,23,[6 1],30,-1,58,-1,35
1,<environment.Job instance at 0x7fbc88218690>,32,16,[ 2 14],33,-1,51,-1,35
1,<environment.Job instance at 0x7fbc88c671e0>,30,27,[2 7],31,-1,72,-1,45
1,<environment.Job instance at 0x7fbc890878c0>,35,13,[11  4],36,-1,58,-1,45
1,<environment.Job instance at 0x7fbc890877d0>,36,13,[ 4 14],37,-1,58,-1,45
1,<environment.Job instance at 0x7fbc87ec2410>,22,26,[4 9],23,-1,81,-1,55
1,<environment.Job instance at 0x7fbc88b30a50>,40,28,[14  4],41,-1,83,-1,55
1,<environment.Job instance at 0x7fbc88b30a00>,41,23,[1 5],42,-1,78,-1,55
1,<environment.Job instance at 0x7fbc88b30140>,42,24,[ 5 13],43,-1,79,-1,55
1,<environment.Job instance at 0x7fbc88b30aa0>,38,24,[ 1 10],39,-1,79,-1,55
1,<environment.Job instance at 0x7fbc88b21d20>,44,23,[4 8],45,-1,78,-1,55
1,<environment.Job instance at 0x7fbc8822a960>,33,27,[10  1],34,-1,87,-1,60
1,<environment.Job instance at 0x7fbc88b360a0>,48,21,[13  1],49,-1,81,-1,60
1,<environment.Job instance at 0x7fbc88b36370>,49,12,[ 5 12],50,-1,72,-1,60
1,<environment.Job instance at 0x7fbc88b362d0>,50,26,[ 2 13],51,-1,86,-1,60
1,<environment.Job instance at 0x7fbc88ddcc80>,52,19,[ 4 13],53,-1,86,-1,67
1,<environment.Job instance at 0x7fbc88ddc0a0>,53,21,[ 4 14],54,-1,88,-1,67
1,<environment.Job instance at 0x7fbc88b3ca50>,54,17,[ 4 12],55,-1,84,-1,67
1,<environment.Job instance at 0x7fbc88b3c320>,55,26,[6 5],56,-1,93,-1,67
1,<environment.Job instance at 0x7fbc87dfb690>,56,14,[12  1],57,-1,81,-1,67
1,<environment.Job instance at 0x7fbc87dfba00>,57,22,[13  2],58,-1,89,-1,67
1,<environment.Job instance at 0x7fbc88b3c2d0>,58,20,[14  5],59,-1,87,-1,67
1,<environment.Job instance at 0x7fbc88dcf500>,59,16,[ 4 14],60,-1,83,-1,67
1,<environment.Job instance at 0x7fbc88dcffa0>,60,13,[ 4 12],61,-1,80,-1,67
1,<environment.Job instance at 0x7fbc88dcf550>,61,24,[10  5],62,-1,91,-1,67
1,<environment.Job instance at 0x7fbc88db5c80>,62,26,[ 2 14],63,-1,93,-1,67
1,<environment.Job instance at 0x7fbc88b36a50>,47,26,[2 8],48,-1,93,-1,67
1,<environment.Job instance at 0x7fbc88dd11e0>,66,20,[ 3 11],67,-1,95,-1,75
1,<environment.Job instance at 0x7fbc88dd1230>,67,14,[ 2 12],68,-1,89,-1,75
1,<environment.Job instance at 0x7fbc88dd8730>,68,15,[12  3],69,-1,90,-1,75
1,<environment.Job instance at 0x7fbc88dd8640>,69,18,[14  2],70,-1,93,-1,75
1,<environment.Job instance at 0x7fbc88dd88c0>,70,15,[12  5],71,-1,90,-1,75
1,<environment.Job instance at 0x7fbc88daf230>,73,23,[5 9],74,-1,127,-1,104
1,<environment.Job instance at 0x7fbc88daf8c0>,76,24,[ 2 13],77,-1,128,-1,104
1,<environment.Job instance at 0x7fbc88daff50>,77,12,[13  4],78,-1,116,-1,104
1,<environment.Job instance at 0x7fbc88dccc30>,78,13,[ 1 11],79,-1,117,-1,104
1,<environment.Job instance at 0x7fbc88559230>,79,25,[ 5 11],80,-1,129,-1,104
1,<environment.Job instance at 0x7fbc88dcc3c0>,81,23,[ 1 13],82,-1,127,-1,104
1,<environment.Job instance at 0x7fbc88dccbe0>,82,28,[8 4],83,-1,139,-1,111
1,<environment.Job instance at 0x7fbc89066cd0>,83,27,[ 3 12],84,-1,138,-1,111
1,<environment.Job instance at 0x7fbc8915cbe0>,84,14,[ 2 14],85,-1,125,-1,111
1,<environment.Job instance at 0x7fbc88e628c0>,85,15,[11  1],86,-1,126,-1,111
1,<environment.Job instance at 0x7fbc8913a870>,89,23,[ 4 10],90,-1,156,-1,133
1,<environment.Job instance at 0x7fbc88e689b0>,91,24,[1 6],92,-1,157,-1,133
1,<environment.Job instance at 0x7fbc88e68190>,92,16,[ 3 11],93,-1,149,-1,133
1,<environment.Job instance at 0x7fbc88dbf1e0>,94,23,[14  4],95,-1,156,-1,133
1,<environment.Job instance at 0x7fbc88dbfa50>,95,16,[14  4],96,-1,149,-1,133
1,<environment.Job instance at 0x7fbc88dbfc30>,96,26,[ 1 10],97,-1,174,-1,148
1,<environment.Job instance at 0x7fbc8906a5a0>,98,24,[ 4 11],99,-1,172,-1,148
1,<environment.Job instance at 0x7fbc8906a640>,99,28,[1 7],100,-1,176,-1,148
1,<environment.Job instance at 0x7fbc8906adc0>,101,18,[13  2],102,-1,166,-1,148
1,<environment.Job instance at 0x7fbc8906a0f0>,102,24,[14  4],103,-1,172,-1,148
1,<environment.Job instance at 0x7fbc89060c80>,103,25,[2 8],104,-1,188,-1,163
1,<environment.Job instance at 0x7fbc89060dc0>,106,27,[13  4],107,-1,190,-1,163
1,<environment.Job instance at 0x7fbc88c8acd0>,108,25,[ 1 12],109,-1,202,-1,177
1,<environment.Job instance at 0x7fbc88c8ac30>,110,27,[ 2 13],111,-1,205,-1,178
1,<environment.Job instance at 0x7fbc8913b2d0>,111,20,[14  5],112,-1,198,-1,178
1,<environment.Job instance at 0x7fbc8913be60>,112,25,[ 3 12],113,-1,203,-1,178
1,<environment.Job instance at 0x7fbc890e3550>,113,14,[13  1],114,-1,192,-1,178
1,<environment.Job instance at 0x7fbc890e31e0>,114,15,[12  1],115,-1,193,-1,178
1,<environment.Job instance at 0x7fbc890e3be0>,115,13,[ 2 12],116,-1,191,-1,178
1,<environment.Job instance at 0x7fbc890e3730>,116,12,[14  2],117,-1,190,-1,178
1,<environment.Job instance at 0x7fbc890e3280>,118,18,[ 3 13],119,-1,196,-1,178
1,<environment.Job instance at 0x7fbc88bd5b40>,0,18,[9 3],1,-1,20,-1,2
1,<environment.Job instance at 0x7fbc88bd5c80>,1,17,[9 4],2,-1,19,-1,2
1,<environment.Job instance at 0x7fbc88bd5be0>,2,24,[8 5],3,-1,27,-1,3
1,<environment.Job instance at 0x7fbc88bd5050>,6,17,[4 8],7,-1,25,-1,8
1,<environment.Job instance at 0x7fbc88bd5cd0>,8,16,[8 4],9,-1,25,-1,9
1,<environment.Job instance at 0x7fbc88bd5730>,11,21,[9 3],12,-1,45,-1,24
1,<environment.Job instance at 0x7fbc88bd5280>,18,20,[ 4 13],19,-1,44,-1,24
1,<environment.Job instance at 0x7fbc88bd5780>,17,13,[7 1],18,-1,38,-1,25
1,<environment.Job instance at 0x7fbc88bd57d0>,10,26,[ 3 14],11,-1,58,-1,32
1,<environment.Job instance at 0x7fbc88bd59b0>,5,22,[13  5],6,-1,54,-1,32
1,<environment.Job instance at 0x7fbc8802feb0>,20,12,[3 8],21,-1,44,-1,32
1,<environment.Job instance at 0x7fbc88bd5640>,19,25,[4 8],20,-1,57,-1,32
1,<environment.Job instance at 0x7fbc88bd5190>,21,18,[14  3],22,-1,50,-1,32
1,<environment.Job instance at 0x7fbc8802fc30>,23,15,[ 5 11],24,-1,47,-1,32
1,<environment.Job instance at 0x7fbc8802f370>,24,24,[7 4],25,-1,56,-1,32
1,<environment.Job instance at 0x7fbc8802ff50>,25,17,[5 8],26,-1,49,-1,32
1,<environment.Job instance at 0x7fbc8802fb40>,26,27,[13  2],27,-1,59,-1,32
1,<environment.Job instance at 0x7fbc8802ffa0>,27,12,[8 5],28,-1,44,-1,32
1,<environment.Job instance at 0x7fbc8802fe10>,28,18,[3 6],29,-1,50,-1,32
1,<environment.Job instance at 0x7fbc8802f410>,29,27,[5 7],30,-1,60,-1,33
1,<environment.Job instance at 0x7fbc8802f140>,30,21,[5 3],31,-1,54,-1,33
1,<environment.Job instance at 0x7fbc8802f820>,31,24,[ 4 12],32,-1,57,-1,33
1,<environment.Job instance at 0x7fbc8802f640>,33,28,[5 5],34,-1,62,-1,34
1,<environment.Job instance at 0x7fbc8802f6e0>,35,17,[8 3],36,-1,53,-1,36
1,<environment.Job instance at 0x7fbc8801d190>,3,14,[14  1],4,-1,18,-1,4
1,<environment.Job instance at 0x7fbc8801dc30>,5,22,[13  5],6,-1,28,-1,6
1,<environment.Job instance at 0x7fbc8801ddc0>,2,24,[8 5],3,-1,43,-1,19
1,<environment.Job instance at 0x7fbc88b3bd70>,9,17,[ 5 13],10,-1,36,-1,19
1,<environment.Job instance at 0x7fbc88b3bf50>,10,26,[ 3 14],11,-1,45,-1,19
1,<environment.Job instance at 0x7fbc8801d320>,4,24,[8 5],5,-1,43,-1,19
1,<environment.Job instance at 0x7fbc88b3b870>,13,26,[4 8],14,-1,50,-1,24
1,<environment.Job instance at 0x7fbc892a5e10>,16,15,[ 4 12],17,-1,39,-1,24
1,<environment.Job instance at 0x7fbc88613d20>,18,20,[ 4 13],19,-1,44,-1,24
1,<environment.Job instance at 0x7fbc88b3be60>,12,26,[ 1 10],13,-1,59,-1,33
1,<environment.Job instance at 0x7fbc917bd140>,19,25,[4 8],20,-1,58,-1,33
1,<environment.Job instance at 0x7fbc88b434b0>,21,18,[14  3],22,-1,51,-1,33
1,<environment.Job instance at 0x7fbc88b43230>,23,15,[ 5 11],24,-1,48,-1,33
1,<environment.Job instance at 0x7fbc88b43410>,24,24,[7 4],25,-1,69,-1,45
1,<environment.Job instance at 0x7fbc88d1b640>,26,27,[13  2],27,-1,72,-1,45
1,<environment.Job instance at 0x7fbc88b32d70>,29,27,[5 7],30,-1,84,-1,57
1,<environment.Job instance at 0x7fbc88b327d0>,31,24,[ 4 12],32,-1,81,-1,57
1,<environment.Job instance at 0x7fbc88b32870>,32,12,[14  4],33,-1,69,-1,57
1,<environment.Job instance at 0x7fbc91c03410>,33,28,[5 5],34,-1,85,-1,57
1,<environment.Job instance at 0x7fbc91e4c8c0>,34,18,[12  3],35,-1,75,-1,57
1,<environment.Job instance at 0x7fbc890d2960>,36,21,[ 4 14],37,-1,78,-1,57
1,<environment.Job instance at 0x7fbc8913baf0>,38,25,[1 7],39,-1,90,-1,65
1,<environment.Job instance at 0x7fbc88c8aaa0>,40,25,[ 2 11],41,-1,95,-1,70
1,<environment.Job instance at 0x7fbc88c682d0>,42,28,[9 3],43,-1,110,-1,82
1,<environment.Job instance at 0x7fbc88c68500>,43,21,[12  3],44,-1,103,-1,82
1,<environment.Job instance at 0x7fbc88c8ac30>,44,28,[11  3],45,-1,110,-1,82
1,<environment.Job instance at 0x7fbc89060f00>,46,20,[ 4 11],47,-1,102,-1,82
1,<environment.Job instance at 0x7fbc89060dc0>,47,27,[ 3 13],48,-1,109,-1,82
1,<environment.Job instance at 0x7fbc8906a1e0>,48,22,[ 2 11],49,-1,104,-1,82
1,<environment.Job instance at 0x7fbc8906adc0>,49,24,[ 2 13],50,-1,106,-1,82
1,<environment.Job instance at 0x7fbc88c8acd0>,41,26,[1 9],42,-1,112,-1,86
1,<environment.Job instance at 0x7fbc88dbf1e0>,54,15,[ 3 12],55,-1,113,-1,98
1,<environment.Job instance at 0x7fbc8913a870>,57,20,[14  4],58,-1,119,-1,99
1,<environment.Job instance at 0x7fbc88416d20>,58,22,[ 1 14],59,-1,121,-1,99
1,<environment.Job instance at 0x7fbc88e628c0>,60,12,[11  1],61,-1,123,-1,111
1,<environment.Job instance at 0x7fbc8915cbe0>,59,26,[4 8],60,-1,140,-1,114
1,<environment.Job instance at 0x7fbc8907be60>,62,16,[ 4 13],63,-1,130,-1,114
1,<environment.Job instance at 0x7fbc8907bfa0>,61,27,[4 9],62,-1,141,-1,114
1,<environment.Job instance at 0x7fbc88559230>,64,16,[14  2],65,-1,130,-1,114
1,<environment.Job instance at 0x7fbc88dccb40>,65,12,[14  2],66,-1,126,-1,114
1,<environment.Job instance at 0x7fbc89066d20>,66,27,[ 4 11],67,-1,141,-1,114
1,<environment.Job instance at 0x7fbc88dccd20>,68,24,[ 5 11],69,-1,138,-1,114
1,<environment.Job instance at 0x7fbc88dcccd0>,69,27,[ 1 12],70,-1,141,-1,114
1,<environment.Job instance at 0x7fbc88daf190>,70,23,[11  1],71,-1,137,-1,114
1,<environment.Job instance at 0x7fbc88dd84b0>,74,26,[1 5],75,-1,165,-1,139
1,<environment.Job instance at 0x7fbc88dd8690>,75,12,[12  5],76,-1,151,-1,139
1,<environment.Job instance at 0x7fbc88dd8960>,76,26,[ 4 12],77,-1,165,-1,139
1,<environment.Job instance at 0x7fbc88db5be0>,80,16,[ 3 14],81,-1,172,-1,156
1,<environment.Job instance at 0x7fbc88db50a0>,81,17,[12  1],82,-1,173,-1,156
1,<environment.Job instance at 0x7fbc88dcf730>,84,28,[6 2],85,-1,200,-1,172
1,<environment.Job instance at 0x7fbc88dcffa0>,85,22,[ 1 12],86,-1,194,-1,172
1,<environment.Job instance at 0x7fbc87dfb690>,87,14,[11  2],88,-1,188,-1,174
1,<environment.Job instance at 0x7fbc889b8550>,3,22,[10  4],4,-1,32,-1,10
1,<environment.Job instance at 0x7fbc889b8230>,12,23,[8 1],13,-1,37,-1,14
1,<environment.Job instance at 0x7fbc91857c80>,13,12,[8 4],14,-1,28,-1,16
1,<environment.Job instance at 0x7fbc918579b0>,14,24,[4 7],15,-1,40,-1,16
1,<environment.Job instance at 0x7fbc8918bdc0>,0,27,[ 2 12],1,-1,28,-1,1
1,<environment.Job instance at 0x7fbc88db1230>,2,12,[11  1],3,-1,15,-1,3
1,<environment.Job instance at 0x7fbc88074e60>,5,19,[ 3 11],6,-1,25,-1,6
1,<environment.Job instance at 0x7fbc88f66b40>,6,25,[ 1 14],7,-1,32,-1,7
1,<environment.Job instance at 0x7fbc889c65a0>,8,26,[14  4],9,-1,35,-1,9
1,<environment.Job instance at 0x7fbc88f66c80>,10,23,[ 1 11],11,-1,34,-1,11
1,<environment.Job instance at 0x7fbc88f66eb0>,7,24,[8 2],8,-1,50,-1,26
1,<environment.Job instance at 0x7fbc88f663c0>,14,24,[4 7],15,-1,50,-1,26
1,<environment.Job instance at 0x7fbc88f66cd0>,15,22,[ 4 14],16,-1,48,-1,26
1,<environment.Job instance at 0x7fbc88f666e0>,16,21,[13  5],17,-1,47,-1,26
1,<environment.Job instance at 0x7fbc88f66730>,12,23,[8 1],13,-1,49,-1,26
1,<environment.Job instance at 0x7fbc88f5c730>,21,27,[ 3 13],22,-1,56,-1,29
1,<environment.Job instance at 0x7fbc88f5c1e0>,22,27,[4 8],23,-1,56,-1,29
1,<environment.Job instance at 0x7fbc88f5ca50>,23,17,[ 2 12],24,-1,46,-1,29
1,<environment.Job instance at 0x7fbc88f5c2d0>,25,15,[12  3],26,-1,44,-1,29
1,<environment.Job instance at 0x7fbc88f5cfa0>,31,28,[1 7],32,-1,82,-1,54
1,<environment.Job instance at 0x7fbc88ec26e0>,33,14,[ 1 13],34,-1,68,-1,54
1,<environment.Job instance at 0x7fbc88f5c3c0>,30,27,[10  3],31,-1,85,-1,58
1,<environment.Job instance at 0x7fbc88ec2230>,35,13,[13  5],36,-1,71,-1,58
1,<environment.Job instance at 0x7fbc88ec28c0>,36,21,[12  1],37,-1,79,-1,58
1,<environment.Job instance at 0x7fbc88ec21e0>,38,24,[ 2 12],39,-1,82,-1,58
1,<environment.Job instance at 0x7fbc88ec2780>,39,23,[3 9],40,-1,91,-1,68
1,<environment.Job instance at 0x7fbc88ec2870>,40,17,[ 5 14],41,-1,85,-1,68
1,<environment.Job instance at 0x7fbc88ec2550>,42,23,[ 5 13],43,-1,91,-1,68
1,<environment.Job instance at 0x7fbc88ec2690>,43,15,[ 3 13],44,-1,83,-1,68
1,<environment.Job instance at 0x7fbc88ec24b0>,34,23,[3 9],35,-1,91,-1,68
1,<environment.Job instance at 0x7fbc87dfc640>,45,26,[5 8],46,-1,94,-1,68
1,<environment.Job instance at 0x7fbc88b3f320>,46,26,[ 4 13],47,-1,94,-1,68
1,<environment.Job instance at 0x7fbc88bd52d0>,47,26,[5 1],48,-1,94,-1,68
1,<environment.Job instance at 0x7fbc88c677d0>,50,14,[12  2],51,-1,86,-1,72
1,<environment.Job instance at 0x7fbc88218b90>,52,27,[ 5 14],53,-1,110,-1,83
1,<environment.Job instance at 0x7fbc89087410>,53,23,[11  1],54,-1,106,-1,83
1,<environment.Job instance at 0x7fbc88b36050>,58,13,[ 4 13],59,-1,132,-1,119
1,<environment.Job instance at 0x7fbc88b36190>,60,14,[13  5],61,-1,144,-1,130
1,<environment.Job instance at 0x7fbc88b36a00>,61,18,[12  5],62,-1,148,-1,130
1,<environment.Job instance at 0x7fbc88b362d0>,63,14,[ 1 14],64,-1,151,-1,137
1,<environment.Job instance at 0x7fbc88b36af0>,64,12,[ 1 13],65,-1,149,-1,137
1,<environment.Job instance at 0x7fbc88b36aa0>,65,12,[ 4 12],66,-1,149,-1,137
1,<environment.Job instance at 0x7fbc88ddcd70>,66,20,[ 4 11],67,-1,157,-1,137
1,<environment.Job instance at 0x7fbc88ddc050>,67,13,[12  4],68,-1,150,-1,137
1,<environment.Job instance at 0x7fbc88ddcdc0>,68,23,[ 4 13],69,-1,160,-1,137
1,<environment.Job instance at 0x7fbc88b3c230>,69,19,[11  3],70,-1,156,-1,137
1,<environment.Job instance at 0x7fbc88dcf550>,72,14,[ 5 12],73,-1,186,-1,172
1,<environment.Job instance at 0x7fbc88dcfa00>,74,14,[ 5 12],75,-1,186,-1,172
1,<environment.Job instance at 0x7fbc88db5aa0>,75,14,[ 5 14],76,-1,186,-1,172
1,<environment.Job instance at 0x7fbc884de690>,0,19,[7 4],1,-1,20,-1,1
1,<environment.Job instance at 0x7fbc91bcf780>,1,14,[13  4],2,-1,16,-1,2
1,<environment.Job instance at 0x7fbc88a471e0>,5,24,[11  5],6,-1,30,-1,6
1,<environment.Job instance at 0x7fbc88a472d0>,7,28,[13  3],8,-1,36,-1,8
1,<environment.Job instance at 0x7fbc87f79960>,8,26,[ 4 11],9,-1,35,-1,9
1,<environment.Job instance at 0x7fbc87f79870>,9,19,[12  4],10,-1,29,-1,10
1,<environment.Job instance at 0x7fbc88a479b0>,10,12,[ 5 13],11,-1,23,-1,11
1,<environment.Job instance at 0x7fbc87f79820>,11,18,[12  2],12,-1,30,-1,12
1,<environment.Job instance at 0x7fbc889c4e60>,13,23,[11  5],14,-1,37,-1,14
1,<environment.Job instance at 0x7fbc88a47050>,6,27,[8 3],7,-1,42,-1,15
1,<environment.Job instance at 0x7fbc87f94230>,14,22,[11  1],15,-1,37,-1,15
1,<environment.Job instance at 0x7fbc87f94050>,16,16,[ 1 13],17,-1,33,-1,17
1,<environment.Job instance at 0x7fbc87f94f00>,17,18,[ 3 13],18,-1,36,-1,18
1,<environment.Job instance at 0x7fbc87f94190>,18,28,[13  1],19,-1,47,-1,19
1,<environment.Job instance at 0x7fbc87f948c0>,15,24,[9 2],16,-1,44,-1,20
1,<environment.Job instance at 0x7fbc87fb10a0>,19,27,[ 2 14],20,-1,47,-1,20
1,<environment.Job instance at 0x7fbc8872d0a0>,20,27,[ 3 13],21,-1,48,-1,21
1,<environment.Job instance at 0x7fbc87fb19b0>,21,15,[13  2],22,-1,37,-1,22
1,<environment.Job instance at 0x7fbc87f95b40>,23,19,[ 5 12],24,-1,43,-1,24
1,<environment.Job instance at 0x7fbc87f95be0>,25,12,[11  3],26,-1,38,-1,26
1,<environment.Job instance at 0x7fbc889fd370>,26,27,[13  3],27,-1,54,-1,27
1,<environment.Job instance at 0x7fbc889fd550>,29,16,[ 3 11],30,-1,46,-1,30
1,<environment.Job instance at 0x7fbc87faabe0>,30,15,[ 3 13],31,-1,46,-1,31
1,<environment.Job instance at 0x7fbc87faa230>,31,12,[ 1 11],32,-1,44,-1,32
1,<environment.Job instance at 0x7fbc87faa320>,32,23,[ 5 11],33,-1,56,-1,33
1,<environment.Job instance at 0x7fbc87fb18c0>,24,28,[8 4],25,-1,62,-1,34
1,<environment.Job instance at 0x7fbc889fd8c0>,27,23,[4 7],28,-1,57,-1,34
1,<environment.Job instance at 0x7fbc87f81e10>,34,23,[ 4 14],35,-1,58,-1,35
1,<environment.Job instance at 0x7fbc87f81eb0>,35,26,[1 5],36,-1,62,-1,36
1,<environment.Job instance at 0x7fbc87faa780>,36,16,[12  3],37,-1,53,-1,37
1,<environment.Job instance at 0x7fbc87f21b90>,38,12,[ 5 12],39,-1,51,-1,39
1,<environment.Job instance at 0x7fbc87f81f00>,39,16,[ 1 14],40,-1,56,-1,40
1,<environment.Job instance at 0x7fbc87f2f500>,41,21,[12  5],42,-1,63,-1,42
1,<environment.Job instance at 0x7fbc87f21aa0>,43,14,[ 5 13],44,-1,58,-1,44
1,<environment.Job instance at 0x7fbc87f2f8c0>,44,21,[ 4 12],45,-1,66,-1,45
1,<environment.Job instance at 0x7fbc88a0cdc0>,45,22,[13  4],46,-1,68,-1,46
1,<environment.Job instance at 0x7fbc87f2f460>,46,13,[11  4],47,-1,60,-1,47
1,<environment.Job instance at 0x7fbc87b50640>,47,22,[12  3],48,-1,70,-1,48
1,<environment.Job instance at 0x7fbc87f285f0>,48,25,[14  2],49,-1,74,-1,49
1,<environment.Job instance at 0x7fbc87f284b0>,49,22,[ 1 11],50,-1,72,-1,50
1,<environment.Job instance at 0x7fbc87f28780>,53,27,[12  1],54,-1,83,-1,56
1,<environment.Job instance at 0x7fbc880e2a50>,54,26,[14  5],55,-1,82,-1,56
1,<environment.Job instance at 0x7fbc880e2b40>,55,12,[ 4 12],56,-1,68,-1,56
1,<environment.Job instance at 0x7fbc87f1a230>,57,18,[13  3],58,-1,80,-1,62
1,<environment.Job instance at 0x7fbc87f1a5a0>,56,24,[ 4 10],57,-1,112,-1,88
1,<environment.Job instance at 0x7fbc889ee730>,60,23,[6 2],61,-1,111,-1,88
1,<environment.Job instance at 0x7fbc889eea50>,62,16,[ 1 11],63,-1,104,-1,88
1,<environment.Job instance at 0x7fbc889ee320>,63,12,[ 4 14],64,-1,100,-1,88
1,<environment.Job instance at 0x7fbc889ee910>,64,12,[11  4],65,-1,100,-1,88
1,<environment.Job instance at 0x7fbc88225780>,66,23,[12  5],67,-1,111,-1,88
1,<environment.Job instance at 0x7fbc88231190>,67,24,[ 5 14],68,-1,112,-1,88
1,<environment.Job instance at 0x7fbc87f882d0>,69,13,[ 3 13],70,-1,101,-1,88
1,<environment.Job instance at 0x7fbc87f880a0>,70,13,[12  3],71,-1,101,-1,88
1,<environment.Job instance at 0x7fbc880d63c0>,71,12,[ 5 11],72,-1,100,-1,88
1,<environment.Job instance at 0x7fbc87f88280>,65,25,[9 2],66,-1,117,-1,92
1,<environment.Job instance at 0x7fbc87b51500>,74,13,[ 3 14],75,-1,105,-1,92
1,<environment.Job instance at 0x7fbc889b3fa0>,75,23,[4 8],76,-1,127,-1,104
1,<environment.Job instance at 0x7fbc889f2a00>,79,12,[ 1 14],80,-1,131,-1,119
1,<environment.Job instance at 0x7fbc87b5d1e0>,80,27,[11  1],81,-1,146,-1,119
1,<environment.Job instance at 0x7fbc87b58b90>,82,25,[11  1],83,-1,146,-1,121
1,<environment.Job instance at 0x7fbc889ddc30>,86,21,[ 3 14],87,-1,155,-1,134
1,<environment.Job instance at 0x7fbc889ddc80>,87,16,[ 1 11],88,-1,150,-1,134
1,<environment.Job instance at 0x7fbc88a42780>,88,25,[ 2 13],89,-1,159,-1,134
1,<environment.Job instance at 0x7fbc880e7cd0>,89,22,[ 4 14],90,-1,156,-1,134
1,<environment.Job instance at 0x7fbc87f1efa0>,91,13,[12  2],92,-1,162,-1,149
1,<environment.Job instance at 0x7fbc889d7500>,93,17,[ 1 11],94,-1,166,-1,149
1,<environment.Job instance at 0x7fbc87f06c30>,96,15,[14  2],97,-1,165,-1,150
1,<environment.Job instance at 0x7fbc87f06c80>,97,13,[12  3],98,-1,163,-1,150
1,<environment.Job instance at 0x7fbc87f07550>,98,17,[ 3 14],99,-1,167,-1,150
1,<environment.Job instance at 0x7fbc87f075a0>,99,24,[14  5],100,-1,174,-1,150
1,<environment.Job instance at 0x7fbc88a3bb40>,100,28,[11  2],101,-1,178,-1,150
1,<environment.Job instance at 0x7fbc87f075f0>,101,15,[14  4],102,-1,165,-1,150
1,<environment.Job instance at 0x7fbc87f07d70>,102,13,[ 5 13],103,-1,163,-1,150
1,<environment.Job instance at 0x7fbc87f15730>,103,12,[ 3 12],104,-1,162,-1,150
1,<environment.Job instance at 0x7fbc87fa12d0>,104,20,[11  1],105,-1,170,-1,150
1,<environment.Job instance at 0x7fbc87f15f50>,105,17,[ 2 14],106,-1,167,-1,150
1,<environment.Job instance at 0x7fbc87fa1500>,106,13,[ 1 12],107,-1,163,-1,150
1,<environment.Job instance at 0x7fbc87fa1c30>,107,18,[14  3],108,-1,168,-1,150
1,<environment.Job instance at 0x7fbc880bf190>,108,28,[5 3],109,-1,178,-1,150
1,<environment.Job instance at 0x7fbc880bf460>,109,23,[12  1],110,-1,173,-1,150
1,<environment.Job instance at 0x7fbc87f08140>,110,21,[13  1],111,-1,171,-1,150
1,<environment.Job instance at 0x7fbc87f08d20>,111,23,[12  2],112,-1,173,-1,150
1,<environment.Job instance at 0x7fbc87f080a0>,112,24,[11  2],113,-1,174,-1,150
1,<environment.Job instance at 0x7fbc87f83dc0>,115,28,[ 1 13],116,-1,193,-1,165
1,<environment.Job instance at 0x7fbc8826e870>,1,24,[4 7],2,-1,26,-1,2
1,<environment.Job instance at 0x7fbc8826e4b0>,3,21,[8 2],4,-1,28,-1,7
1,<environment.Job instance at 0x7fbc88257f50>,10,16,[ 4 11],11,-1,30,-1,14
1,<environment.Job instance at 0x7fbc88257f00>,8,26,[5 3],9,-1,42,-1,16
1,<environment.Job instance at 0x7fbc882570f0>,11,16,[3 8],12,-1,32,-1,16
1,<environment.Job instance at 0x7fbc882576e0>,15,23,[2 6],16,-1,43,-1,20
1,<environment.Job instance at 0x7fbc88272a00>,21,26,[4 9],22,-1,51,-1,25
1,<environment.Job instance at 0x7fbc88272780>,22,18,[ 4 10],23,-1,43,-1,25
1,<environment.Job instance at 0x7fbc88a99640>,2,28,[ 4 12],3,-1,31,-1,3
1,<environment.Job instance at 0x7fbc88a99aa0>,4,13,[ 2 12],5,-1,18,-1,5
1,<environment.Job instance at 0x7fbc87d06140>,5,21,[12  5],6,-1,27,-1,6
1,<environment.Job instance at 0x7fbc88231fa0>,6,22,[ 1 11],7,-1,29,-1,7
1,<environment.Job instance at 0x7fbc88231640>,10,16,[ 4 11],11,-1,27,-1,11
1,<environment.Job instance at 0x7fbc88a991e0>,1,24,[4 7],2,-1,39,-1,15
1,<environment.Job instance at 0x7fbc88094a00>,8,26,[5 3],9,-1,41,-1,15
1,<environment.Job instance at 0x7fbc88231f50>,13,24,[ 4 14],14,-1,39,-1,15
1,<environment.Job instance at 0x7fbc88231460>,14,21,[14  4],15,-1,36,-1,15
1,<environment.Job instance at 0x7fbc8892afa0>,16,21,[14  2],17,-1,38,-1,17
1,<environment.Job instance at 0x7fbc889d2cd0>,17,15,[ 3 13],18,-1,33,-1,18
1,<environment.Job instance at 0x7fbc87a90dc0>,18,24,[ 5 11],19,-1,43,-1,19
1,<environment.Job instance at 0x7fbc88066140>,19,13,[ 2 13],20,-1,33,-1,20
1,<environment.Job instance at 0x7fbc87cb8c80>,15,23,[2 6],16,-1,48,-1,25
1,<environment.Job instance at 0x7fbc89184410>,21,26,[4 9],22,-1,53,-1,27
1,<environment.Job instance at 0x7fbc89142140>,24,15,[ 1 13],25,-1,42,-1,27
1,<environment.Job instance at 0x7fbc89142eb0>,25,23,[3 8],26,-1,50,-1,27
1,<environment.Job instance at 0x7fbc88ca3050>,26,12,[ 2 12],27,-1,39,-1,27
1,<environment.Job instance at 0x7fbc87fac6e0>,27,21,[ 3 11],28,-1,49,-1,28
1,<environment.Job instance at 0x7fbc88ca3aa0>,28,24,[11  3],29,-1,53,-1,29
1,<environment.Job instance at 0x7fbc891d6870>,31,19,[12  4],32,-1,51,-1,32
1,<environment.Job instance at 0x7fbc891d37d0>,32,23,[ 3 14],33,-1,56,-1,33
1,<environment.Job instance at 0x7fbc891d3140>,33,22,[ 1 13],34,-1,56,-1,34
1,<environment.Job instance at 0x7fbc879cc8c0>,35,15,[12  4],36,-1,54,-1,39
1,<environment.Job instance at 0x7fbc88fdcfa0>,37,16,[12  1],38,-1,56,-1,40
1,<environment.Job instance at 0x7fbc88fdcd20>,38,28,[13  2],39,-1,68,-1,40
1,<environment.Job instance at 0x7fbc88a3bd20>,40,19,[ 5 12],41,-1,62,-1,43
1,<environment.Job instance at 0x7fbc889a1e10>,41,27,[2 8],42,-1,83,-1,56
1,<environment.Job instance at 0x7fbc889a1c30>,42,24,[ 3 13],43,-1,80,-1,56
1,<environment.Job instance at 0x7fbc8813be10>,44,27,[11  4],45,-1,83,-1,56
1,<environment.Job instance at 0x7fbc8822ff50>,48,26,[7 3],49,-1,99,-1,73
1,<environment.Job instance at 0x7fbc8822f6e0>,50,27,[4 6],51,-1,109,-1,82
1,<environment.Job instance at 0x7fbc8822fa50>,51,24,[4 5],52,-1,106,-1,82
1,<environment.Job instance at 0x7fbc8822fa00>,52,15,[ 1 12],53,-1,97,-1,82
1,<environment.Job instance at 0x7fbc8822f5a0>,53,27,[ 3 12],54,-1,109,-1,82
1,<environment.Job instance at 0x7fbc8822f370>,55,23,[12  1],56,-1,105,-1,82
1,<environment.Job instance at 0x7fbc8822f190>,54,24,[8 1],55,-1,109,-1,85
1,<environment.Job instance at 0x7fbc8822f050>,57,28,[8 2],58,-1,113,-1,85
1,<environment.Job instance at 0x7fbc889fd370>,58,21,[11  3],59,-1,106,-1,85
1,<environment.Job instance at 0x7fbc889fda50>,59,19,[14  3],60,-1,104,-1,85
1,<environment.Job instance at 0x7fbc889fdbe0>,60,14,[ 2 11],61,-1,99,-1,85
1,<environment.Job instance at 0x7fbc889fd1e0>,61,26,[1 5],62,-1,111,-1,85
1,<environment.Job instance at 0x7fbc889fd640>,62,23,[ 2 12],63,-1,108,-1,85
1,<environment.Job instance at 0x7fbc8822feb0>,56,26,[4 5],57,-1,111,-1,85
1,<environment.Job instance at 0x7fbc889ee910>,64,25,[ 5 11],65,-1,110,-1,85
1,<environment.Job instance at 0x7fbc889eea50>,65,28,[12  4],66,-1,113,-1,85
1,<environment.Job instance at 0x7fbc889ee690>,66,18,[ 2 11],67,-1,103,-1,85
1,<environment.Job instance at 0x7fbc889eec30>,67,13,[ 2 11],68,-1,98,-1,85
1,<environment.Job instance at 0x7fbc88ab7be0>,70,25,[ 1 13],71,-1,110,-1,85
1,<environment.Job instance at 0x7fbc889fd190>,63,25,[ 2 10],64,-1,123,-1,98
1,<environment.Job instance at 0x7fbc88ab7dc0>,71,27,[1 9],72,-1,125,-1,98
1,<environment.Job instance at 0x7fbc88ab7a00>,74,15,[ 3 11],75,-1,113,-1,98
1,<environment.Job instance at 0x7fbc88aa7730>,75,14,[ 2 12],76,-1,112,-1,98
1,<environment.Job instance at 0x7fbc8814ce60>,76,20,[ 3 14],77,-1,118,-1,98
1,<environment.Job instance at 0x7fbc8814c4b0>,77,18,[ 1 11],78,-1,116,-1,98
1,<environment.Job instance at 0x7fbc91838b40>,78,20,[ 2 11],79,-1,118,-1,98
1,<environment.Job instance at 0x7fbc91838690>,79,16,[14  5],80,-1,114,-1,98
1,<environment.Job instance at 0x7fbc889c4370>,86,27,[2 7],87,-1,154,-1,127
1,<environment.Job instance at 0x7fbc889c4b40>,88,12,[ 2 14],89,-1,139,-1,127
1,<environment.Job instance at 0x7fbc87ab57d0>,89,26,[13  2],90,-1,153,-1,127
1,<environment.Job instance at 0x7fbc87ab5280>,90,17,[13  4],91,-1,144,-1,127
1,<environment.Job instance at 0x7fbc87ab5190>,91,13,[ 4 13],92,-1,140,-1,127
1,<environment.Job instance at 0x7fbc87dda730>,92,17,[ 1 13],93,-1,144,-1,127
1,<environment.Job instance at 0x7fbc887ec1e0>,94,27,[ 3 10],95,-1,166,-1,139
1,<environment.Job instance at 0x7fbc887ec0a0>,95,17,[ 4 11],96,-1,156,-1,139
1,<environment.Job instance at 0x7fbc88c0d190>,96,28,[4 5],97,-1,167,-1,139
1,<environment.Job instance at 0x7fbc91892d70>,97,14,[11  1],98,-1,153,-1,139
1,<environment.Job instance at 0x7fbc91892780>,98,12,[ 3 12],99,-1,151,-1,139
1,<environment.Job instance at 0x7fbc88091e60>,100,19,[ 5 14],101,-1,158,-1,139
1,<environment.Job instance at 0x7fbc880de6e0>,102,22,[14  4],103,-1,161,-1,139
1,<environment.Job instance at 0x7fbc880def50>,103,25,[4 6],104,-1,170,-1,145
1,<environment.Job instance at 0x7fbc87e1deb0>,105,26,[13  2],106,-1,178,-1,152
1,<environment.Job instance at 0x7fbc87ca7500>,106,16,[13  5],107,-1,168,-1,152
1,<environment.Job instance at 0x7fbc87df2be0>,109,20,[12  3],110,-1,173,-1,153
1,<environment.Job instance at 0x7fbc887d4870>,111,27,[13  4],112,-1,191,-1,164
1,<environment.Job instance at 0x7fbc91e44230>,113,28,[12  5],114,-1,199,-1,171
1,<environment.Job instance at 0x7fbc91e44c80>,114,24,[1 9],115,-1,202,-1,178
1,<environment.Job instance at 0x7fbc888d5d70>,115,26,[5 7],116,-1,204,-1,178
1,<environment.Job instance at 0x7fbc87ee6b90>,1,17,[4 8],2,-1,20,-1,3
1,<environment.Job instance at 0x7fbc882399b0>,2,16,[14  3],3,-1,19,-1,3
1,<environment.Job instance at 0x7fbc87ee6dc0>,7,23,[ 3 10],8,-1,31,-1,8
1,<environment.Job instance at 0x7fbc87ee6320>,8,27,[5 2],9,-1,36,-1,9
1,<environment.Job instance at 0x7fbc87ee6460>,9,20,[6 4],10,-1,30,-1,10
1,<environment.Job instance at 0x7fbc87ee6d70>,6,25,[2 9],7,-1,67,-1,42
1,<environment.Job instance at 0x7fbc87ee60a0>,16,21,[5 8],17,-1,63,-1,42
1,<environment.Job instance at 0x7fbc87ee6f00>,18,21,[ 3 13],19,-1,63,-1,42
1,<environment.Job instance at 0x7fbc87ee66e0>,12,27,[12  3],13,-1,69,-1,42
1,<environment.Job instance at 0x7fbc88c95cd0>,22,16,[12  1],23,-1,59,-1,43
1,<environment.Job instance at 0x7fbc88c957d0>,24,24,[13  5],25,-1,67,-1,43
1,<environment.Job instance at 0x7fbc88c95eb0>,21,18,[ 1 10],22,-1,61,-1,43
1,<environment.Job instance at 0x7fbc88c95370>,28,14,[10  4],29,-1,57,-1,43
1,<environment.Job instance at 0x7fbc88c95a00>,23,26,[7 1],24,-1,69,-1,43
1,<environment.Job instance at 0x7fbc87f6e870>,0,25,[ 4 12],1,-1,26,-1,1
1,<environment.Job instance at 0x7fbc879f7eb0>,2,16,[14  3],3,-1,19,-1,3
1,<environment.Job instance at 0x7fbc87a501e0>,3,24,[13  5],4,-1,28,-1,4
1,<environment.Job instance at 0x7fbc87ae03c0>,4,22,[ 3 13],5,-1,27,-1,5
1,<environment.Job instance at 0x7fbc890542d0>,10,12,[ 1 14],11,-1,23,-1,11
1,<environment.Job instance at 0x7fbc88849e10>,11,13,[ 1 11],12,-1,25,-1,12
1,<environment.Job instance at 0x7fbc88849870>,12,27,[12  3],13,-1,40,-1,13
1,<environment.Job instance at 0x7fbc88225140>,6,25,[2 9],7,-1,44,-1,19
1,<environment.Job instance at 0x7fbc890544b0>,8,27,[5 2],9,-1,46,-1,19
1,<environment.Job instance at 0x7fbc88849960>,15,25,[10  3],16,-1,44,-1,19
1,<environment.Job instance at 0x7fbc88849780>,18,21,[ 3 13],19,-1,40,-1,19
1,<environment.Job instance at 0x7fbc88849d70>,20,15,[14  2],21,-1,36,-1,21
1,<environment.Job instance at 0x7fbc888d5f00>,22,16,[12  1],23,-1,39,-1,23
1,<environment.Job instance at 0x7fbc87e1de60>,23,26,[7 1],24,-1,50,-1,24
1,<environment.Job instance at 0x7fbc888d5af0>,24,24,[13  5],25,-1,49,-1,25
1,<environment.Job instance at 0x7fbc87e1d3c0>,26,18,[13  3],27,-1,45,-1,27
1,<environment.Job instance at 0x7fbc88091cd0>,27,18,[ 3 13],28,-1,46,-1,28
1,<environment.Job instance at 0x7fbc879f71e0>,7,23,[ 3 10],8,-1,58,-1,35
1,<environment.Job instance at 0x7fbc88c0d190>,29,28,[2 8],30,-1,63,-1,35
1,<environment.Job instance at 0x7fbc88849e60>,13,27,[ 3 10],14,-1,62,-1,35
1,<environment.Job instance at 0x7fbc87dda730>,32,12,[14  3],33,-1,47,-1,35
1,<environment.Job instance at 0x7fbc87ddaf00>,33,13,[ 1 14],34,-1,48,-1,35
1,<environment.Job instance at 0x7fbc887ec870>,34,17,[13  1],35,-1,52,-1,35
1,<environment.Job instance at 0x7fbc887ec0a0>,35,14,[11  5],36,-1,50,-1,36
1,<environment.Job instance at 0x7fbc887ecb90>,36,28,[11  5],37,-1,65,-1,37
1,<environment.Job instance at 0x7fbc87ab5c80>,37,12,[11  2],38,-1,50,-1,38
1,<environment.Job instance at 0x7fbc8829a4b0>,39,26,[11  3],40,-1,68,-1,42
1,<environment.Job instance at 0x7fbc8829a6e0>,40,28,[ 2 12],41,-1,70,-1,42
1,<environment.Job instance at 0x7fbc88ab7230>,47,18,[13  1],48,-1,88,-1,70
1,<environment.Job instance at 0x7fbc88ab7780>,49,27,[1 6],50,-1,115,-1,88
1,<environment.Job instance at 0x7fbc88ab7be0>,50,25,[2 8],51,-1,113,-1,88
1,<environment.Job instance at 0x7fbc88fdcd20>,52,15,[ 3 14],53,-1,103,-1,88
1,<environment.Job instance at 0x7fbc88048aa0>,53,16,[12  1],54,-1,104,-1,88
1,<environment.Job instance at 0x7fbc880484b0>,54,13,[ 5 13],55,-1,101,-1,88
1,<environment.Job instance at 0x7fbc88dafcd0>,55,17,[ 5 12],56,-1,105,-1,88
1,<environment.Job instance at 0x7fbc880d3910>,59,25,[ 1 11],60,-1,137,-1,112
1,<environment.Job instance at 0x7fbc891d37d0>,60,24,[3 8],61,-1,154,-1,130
1,<environment.Job instance at 0x7fbc891d6d20>,63,28,[1 7],64,-1,158,-1,130
1,<environment.Job instance at 0x7fbc88066140>,67,28,[ 4 12],68,-1,173,-1,145
1,<environment.Job instance at 0x7fbc88ca3050>,68,27,[3 8],69,-1,174,-1,147
1,<environment.Job instance at 0x7fbc8892afa0>,69,16,[ 3 14],70,-1,163,-1,147
1,<environment.Job instance at 0x7fbc88094a00>,70,12,[13  2],71,-1,159,-1,147
1,<environment.Job instance at 0x7fbc892796e0>,72,14,[14  2],73,-1,162,-1,148
1,<environment.Job instance at 0x7fbc88231a50>,74,25,[5 6],75,-1,187,-1,162
1,<environment.Job instance at 0x7fbc88231870>,75,13,[13  4],76,-1,175,-1,162
1,<environment.Job instance at 0x7fbc88231c30>,76,26,[ 4 11],77,-1,188,-1,162
1,<environment.Job instance at 0x7fbc88231280>,78,19,[11  2],79,-1,181,-1,162
1,<environment.Job instance at 0x7fbc88905f50>,79,16,[12  2],80,-1,178,-1,162
1,<environment.Job instance at 0x7fbc87d06dc0>,80,23,[13  5],81,-1,185,-1,162
1,<environment.Job instance at 0x7fbc88a99f50>,82,19,[14  3],83,-1,195,-1,176
1,<environment.Job instance at 0x7fbc87df2690>,0,22,[ 1 11],1,-1,23,-1,1
1,<environment.Job instance at 0x7fbc87a79140>,3,13,[14  4],4,-1,17,-1,4
1,<environment.Job instance at 0x7fbc87a79230>,5,28,[ 3 14],6,-1,34,-1,6
1,<environment.Job instance at 0x7fbc87a79550>,6,21,[ 1 14],7,-1,28,-1,7
1,<environment.Job instance at 0x7fbc87a794b0>,7,19,[ 2 13],8,-1,27,-1,8
1,<environment.Job instance at 0x7fbc87df2be0>,9,20,[14  4],10,-1,30,-1,10
1,<environment.Job instance at 0x7fbc91c03410>,11,21,[ 2 11],12,-1,33,-1,12
1,<environment.Job instance at 0x7fbc91aa4d20>,13,27,[5 9],14,-1,43,-1,16
1,<environment.Job instance at 0x7fbc878fdf50>,14,26,[5 5],15,-1,42,-1,16
1,<environment.Job instance at 0x7fbc87db92d0>,16,12,[ 2 11],17,-1,29,-1,17
1,<environment.Job instance at 0x7fbc89088280>,18,26,[6 3],19,-1,45,-1,19
1,<environment.Job instance at 0x7fbc87a793c0>,20,17,[12  5],21,-1,38,-1,21
1,<environment.Job instance at 0x7fbc89088780>,21,27,[ 5 13],22,-1,49,-1,22
1,<environment.Job instance at 0x7fbc890766e0>,22,25,[ 2 11],23,-1,48,-1,23
1,<environment.Job instance at 0x7fbc89088dc0>,24,28,[11  5],25,-1,59,-1,31
1,<environment.Job instance at 0x7fbc88d0e960>,26,22,[ 2 13],27,-1,58,-1,36
1,<environment.Job instance at 0x7fbc890762d0>,27,25,[ 1 13],28,-1,61,-1,36
1,<environment.Job instance at 0x7fbc87fff0f0>,28,18,[13  1],29,-1,54,-1,36
1,<environment.Job instance at 0x7fbc87ffbe60>,29,17,[ 4 11],30,-1,53,-1,36
1,<environment.Job instance at 0x7fbc87a79640>,8,27,[9 4],9,-1,70,-1,43
1,<environment.Job instance at 0x7fbc88c5eaf0>,31,25,[ 5 10],32,-1,68,-1,43
1,<environment.Job instance at 0x7fbc87a796e0>,15,25,[9 4],16,-1,68,-1,43
1,<environment.Job instance at 0x7fbc887d5a00>,33,22,[11  3],34,-1,65,-1,43
1,<environment.Job instance at 0x7fbc87e35f50>,34,14,[ 5 11],35,-1,57,-1,43
1,<environment.Job instance at 0x7fbc87a24dc0>,30,26,[8 2],31,-1,69,-1,43
1,<environment.Job instance at 0x7fbc887f7960>,36,18,[ 1 11],37,-1,61,-1,43
1,<environment.Job instance at 0x7fbc87df76e0>,37,27,[11  3],38,-1,70,-1,43
1,<environment.Job instance at 0x7fbc87de62d0>,38,14,[12  4],39,-1,57,-1,43
1,<environment.Job instance at 0x7fbc881f7d20>,39,19,[ 3 12],40,-1,62,-1,43
1,<environment.Job instance at 0x7fbc89095eb0>,41,27,[5 4],42,-1,78,-1,51
1,<environment.Job instance at 0x7fbc887eecd0>,43,24,[7 5],44,-1,75,-1,51
1,<environment.Job instance at 0x7fbc89095370>,44,13,[ 2 13],45,-1,64,-1,51
1,<environment.Job instance at 0x7fbc888285a0>,45,17,[ 1 13],46,-1,68,-1,51
1,<environment.Job instance at 0x7fbc887e0820>,46,20,[12  1],47,-1,71,-1,51
1,<environment.Job instance at 0x7fbc88233dc0>,48,24,[ 3 14],49,-1,75,-1,51
1,<environment.Job instance at 0x7fbc887d2140>,49,25,[10  2],50,-1,81,-1,56
1,<environment.Job instance at 0x7fbc8880b5f0>,51,19,[ 5 11],52,-1,75,-1,56
1,<environment.Job instance at 0x7fbc89073960>,53,12,[ 5 14],54,-1,68,-1,56
1,<environment.Job instance at 0x7fbc8880bc30>,54,24,[9 4],55,-1,80,-1,56
1,<environment.Job instance at 0x7fbc88223320>,55,15,[13  4],56,-1,71,-1,56
1,<environment.Job instance at 0x7fbc87cd9190>,57,28,[14  4],58,-1,86,-1,58
1,<environment.Job instance at 0x7fbc887acf00>,58,18,[13  4],59,-1,77,-1,59
1,<environment.Job instance at 0x7fbc891bbdc0>,59,22,[14  1],60,-1,82,-1,60
1,<environment.Job instance at 0x7fbc891bb910>,60,17,[ 3 11],61,-1,78,-1,61
1,<environment.Job instance at 0x7fbc891bb820>,61,26,[13  3],62,-1,88,-1,62
1,<environment.Job instance at 0x7fbc891bbd20>,62,28,[7 2],63,-1,91,-1,63
1,<environment.Job instance at 0x7fbc887acaa0>,65,12,[ 3 11],66,-1,78,-1,66
1,<environment.Job instance at 0x7fbc891bb6e0>,67,21,[12  5],68,-1,89,-1,68
1,<environment.Job instance at 0x7fbc891bb5f0>,68,25,[6 2],69,-1,95,-1,70
1,<environment.Job instance at 0x7fbc891bb870>,69,28,[8 1],70,-1,98,-1,70
1,<environment.Job instance at 0x7fbc887a1050>,71,21,[14  1],72,-1,93,-1,72
1,<environment.Job instance at 0x7fbc8906d0a0>,72,26,[ 3 13],73,-1,99,-1,73
1,<environment.Job instance at 0x7fbc8908e280>,73,14,[ 5 12],74,-1,88,-1,74
1,<environment.Job instance at 0x7fbc8908edc0>,74,18,[ 4 11],75,-1,93,-1,75
1,<environment.Job instance at 0x7fbc8906db40>,70,25,[3 8],71,-1,104,-1,79
1,<environment.Job instance at 0x7fbc8906d550>,76,28,[12  3],77,-1,107,-1,79
1,<environment.Job instance at 0x7fbc8908e370>,78,20,[14  5],79,-1,99,-1,79
1,<environment.Job instance at 0x7fbc8908e820>,80,28,[ 5 11],81,-1,109,-1,81
1,<environment.Job instance at 0x7fbc8908e050>,81,21,[11  5],82,-1,103,-1,82
1,<environment.Job instance at 0x7fbc88359e60>,82,13,[12  4],83,-1,96,-1,83
1,<environment.Job instance at 0x7fbc88359730>,83,25,[14  4],84,-1,109,-1,84
1,<environment.Job instance at 0x7fbc88359aa0>,86,28,[9 4],87,-1,123,-1,95
1,<environment.Job instance at 0x7fbc8834b7d0>,92,23,[3 9],93,-1,147,-1,124
1,<environment.Job instance at 0x7fbc88a7ef00>,94,19,[ 2 12],95,-1,144,-1,125
1,<environment.Job instance at 0x7fbc88a81d20>,97,17,[ 1 11],98,-1,157,-1,140
1,<environment.Job instance at 0x7fbc8834b820>,91,25,[10  3],92,-1,177,-1,152
1,<environment.Job instance at 0x7fbc88a81050>,98,27,[7 5],99,-1,179,-1,152
1,<environment.Job instance at 0x7fbc883463c0>,0,23,[ 5 10],1,-1,24,-1,1
1,<environment.Job instance at 0x7fbc88346370>,1,22,[12  5],2,-1,24,-1,2
1,<environment.Job instance at 0x7fbc8834b870>,2,12,[11  5],3,-1,15,-1,3
1,<environment.Job instance at 0x7fbc8834b820>,3,25,[14  3],4,-1,29,-1,4
1,<environment.Job instance at 0x7fbc88357c30>,5,18,[ 3 14],6,-1,24,-1,6
1,<environment.Job instance at 0x7fbc88357cd0>,6,16,[12  1],7,-1,23,-1,7
1,<environment.Job instance at 0x7fbc8880b5f0>,9,19,[ 2 12],10,-1,29,-1,10
1,<environment.Job instance at 0x7fbc888285a0>,10,17,[ 2 12],11,-1,28,-1,11
1,<environment.Job instance at 0x7fbc881f7cd0>,14,18,[14  5],15,-1,33,-1,15
1,<environment.Job instance at 0x7fbc91c03410>,16,24,[ 2 11],17,-1,41,-1,17
1,<environment.Job instance at 0x7fbc87e35e60>,18,17,[14  2],19,-1,39,-1,22
1,<environment.Job instance at 0x7fbc87ccbcd0>,19,16,[12  5],20,-1,38,-1,22
1,<environment.Job instance at 0x7fbc887c4870>,21,23,[12  4],22,-1,47,-1,24
1,<environment.Job instance at 0x7fbc887d2140>,22,18,[14  2],23,-1,42,-1,24
1,<environment.Job instance at 0x7fbc887d23c0>,23,19,[11  5],24,-1,43,-1,24
1,<environment.Job instance at 0x7fbc891e3820>,24,17,[12  1],25,-1,42,-1,25
1,<environment.Job instance at 0x7fbc87e35f50>,17,25,[9 4],18,-1,61,-1,36
1,<environment.Job instance at 0x7fbc887d8190>,27,25,[ 5 11],28,-1,61,-1,36
1,<environment.Job instance at 0x7fbc88a7e370>,28,13,[13  4],29,-1,49,-1,36
1,<environment.Job instance at 0x7fbc88a7ef00>,29,28,[1 5],30,-1,64,-1,36
1,<environment.Job instance at 0x7fbc88a7e3c0>,30,24,[ 5 11],31,-1,60,-1,36
1,<environment.Job instance at 0x7fbc88a7ebe0>,31,16,[ 5 11],32,-1,52,-1,36
1,<environment.Job instance at 0x7fbc88a7e140>,34,28,[7 1],35,-1,78,-1,50
1,<environment.Job instance at 0x7fbc8834ce10>,37,20,[ 4 12],38,-1,70,-1,50
1,<environment.Job instance at 0x7fbc88359af0>,38,14,[12  2],39,-1,64,-1,50
1,<environment.Job instance at 0x7fbc88a7e190>,36,27,[ 1 10],37,-1,91,-1,64
1,<environment.Job instance at 0x7fbc883597d0>,41,25,[3 5],42,-1,89,-1,64
1,<environment.Job instance at 0x7fbc88359be0>,42,13,[ 5 13],43,-1,77,-1,64
1,<environment.Job instance at 0x7fbc88359c80>,43,26,[3 8],44,-1,90,-1,64
1,<environment.Job instance at 0x7fbc8834cd20>,39,23,[1 8],40,-1,87,-1,64
1,<environment.Job instance at 0x7fbc881cf370>,45,13,[ 1 14],46,-1,77,-1,64
1,<environment.Job instance at 0x7fbc881cf910>,47,23,[13  1],48,-1,87,-1,64
1,<environment.Job instance at 0x7fbc881cffa0>,48,15,[ 5 14],49,-1,79,-1,64
1,<environment.Job instance at 0x7fbc882a2230>,53,16,[13  1],54,-1,95,-1,79
1,<environment.Job instance at 0x7fbc88a7f640>,54,12,[ 3 11],55,-1,91,-1,79
1,<environment.Job instance at 0x7fbc9185e500>,55,20,[ 2 12],56,-1,99,-1,79
1,<environment.Job instance at 0x7fbc87d94550>,56,24,[1 8],57,-1,103,-1,79
1,<environment.Job instance at 0x7fbc87fff0f0>,60,12,[14  5],61,-1,96,-1,84
1,<environment.Job instance at 0x7fbc88a81c30>,61,20,[ 3 11],62,-1,104,-1,84
1,<environment.Job instance at 0x7fbc88a81e10>,62,15,[ 4 14],63,-1,99,-1,84
1,<environment.Job instance at 0x7fbc87fff910>,59,26,[8 5],60,-1,120,-1,94
1,<environment.Job instance at 0x7fbc88a81730>,64,12,[14  5],65,-1,106,-1,94
1,<environment.Job instance at 0x7fbc88a81e60>,66,13,[ 5 12],67,-1,109,-1,96
1,<environment.Job instance at 0x7fbc88a817d0>,67,26,[1 9],68,-1,127,-1,101
1,<environment.Job instance at 0x7fbc88c6c820>,68,16,[ 3 13],69,-1,117,-1,101
1,<environment.Job instance at 0x7fbc87aca2d0>,70,18,[13  3],71,-1,119,-1,101
1,<environment.Job instance at 0x7fbc880441e0>,72,26,[ 5 14],73,-1,139,-1,113
1,<environment.Job instance at 0x7fbc879a0a50>,74,18,[ 3 13],75,-1,131,-1,113
1,<environment.Job instance at 0x7fbc88d8e960>,76,21,[14  4],77,-1,139,-1,118
1,<environment.Job instance at 0x7fbc88d8edc0>,77,16,[ 4 12],78,-1,134,-1,118
1,<environment.Job instance at 0x7fbc88d8e050>,78,24,[14  1],79,-1,142,-1,118
1,<environment.Job instance at 0x7fbc88d95320>,73,26,[10  4],74,-1,162,-1,136
1,<environment.Job instance at 0x7fbc88b22050>,81,15,[14  5],82,-1,151,-1,136
1,<environment.Job instance at 0x7fbc87ffbe60>,83,18,[ 5 14],84,-1,154,-1,136
1,<environment.Job instance at 0x7fbc87ffbe10>,84,25,[12  4],85,-1,161,-1,136
1,<environment.Job instance at 0x7fbc87ffb140>,85,13,[ 1 12],86,-1,149,-1,136
1,<environment.Job instance at 0x7fbc87ffb780>,88,15,[ 5 12],89,-1,173,-1,158
1,<environment.Job instance at 0x7fbc87ffb320>,89,19,[14  4],90,-1,177,-1,158
1,<environment.Job instance at 0x7fbc88351730>,91,13,[11  3],92,-1,184,-1,171
1,<environment.Job instance at 0x7fbc87ffb910>,90,25,[ 4 10],91,-1,203,-1,178
1,<environment.Job instance at 0x7fbc88e5dcd0>,94,16,[ 3 12],95,-1,194,-1,178
1,<environment.Job instance at 0x7fbc88a70e60>,0,16,[ 5 13],1,-1,17,-1,1
1,<environment.Job instance at 0x7fbc88a77f00>,2,13,[ 2 14],3,-1,16,-1,3
1,<environment.Job instance at 0x7fbc881d50a0>,4,23,[11  5],5,-1,28,-1,5
1,<environment.Job instance at 0x7fbc881bba00>,7,25,[14  5],8,-1,33,-1,8
1,<environment.Job instance at 0x7fbc881bb7d0>,9,26,[14  3],10,-1,36,-1,10
1,<environment.Job instance at 0x7fbc88460050>,10,28,[13  5],11,-1,39,-1,11
1,<environment.Job instance at 0x7fbc88460280>,12,18,[ 3 12],13,-1,31,-1,13
1,<environment.Job instance at 0x7fbc881cbe60>,13,18,[ 2 14],14,-1,32,-1,14
1,<environment.Job instance at 0x7fbc884604b0>,15,28,[13  5],16,-1,44,-1,16
1,<environment.Job instance at 0x7fbc881bee10>,16,20,[ 2 13],17,-1,37,-1,17
1,<environment.Job instance at 0x7fbc881d5cd0>,5,23,[6 2],6,-1,41,-1,18
1,<environment.Job instance at 0x7fbc881be960>,17,16,[13  5],18,-1,34,-1,18
1,<environment.Job instance at 0x7fbc881be190>,20,25,[6 3],21,-1,47,-1,22
1,<environment.Job instance at 0x7fbc88a6f500>,22,19,[ 5 13],23,-1,42,-1,23
1,<environment.Job instance at 0x7fbc88a6f190>,23,19,[12  1],24,-1,43,-1,24
1,<environment.Job instance at 0x7fbc88441b90>,24,12,[13  2],25,-1,37,-1,25
1,<environment.Job instance at 0x7fbc88a6ffa0>,26,24,[ 1 12],27,-1,54,-1,30
1,<environment.Job instance at 0x7fbc88464690>,31,23,[13  2],32,-1,65,-1,42
1,<environment.Job instance at 0x7fbc88464e10>,33,24,[ 1 13],34,-1,70,-1,46
1,<environment.Job instance at 0x7fbc88464410>,32,25,[9 5],33,-1,82,-1,57
1,<environment.Job instance at 0x7fbc890ab460>,34,28,[5 8],35,-1,89,-1,61
1,<environment.Job instance at 0x7fbc88464d70>,37,28,[ 3 13],38,-1,89,-1,61
1,<environment.Job instance at 0x7fbc8791f460>,38,25,[14  3],39,-1,86,-1,61
1,<environment.Job instance at 0x7fbc87f21a00>,40,15,[ 3 14],41,-1,76,-1,61
1,<environment.Job instance at 0x7fbc88933370>,43,15,[ 5 14],44,-1,89,-1,74
1,<environment.Job instance at 0x7fbc88933e60>,44,27,[8 4],45,-1,102,-1,75
1,<environment.Job instance at 0x7fbc88e5faf0>,47,13,[14  3],48,-1,88,-1,75
1,<environment.Job instance at 0x7fbc88d7cbe0>,48,15,[ 4 11],49,-1,90,-1,75
1,<environment.Job instance at 0x7fbc88d7c7d0>,51,18,[ 2 14],52,-1,107,-1,89
1,<environment.Job instance at 0x7fbc88d7caa0>,53,27,[4 6],54,-1,116,-1,89
1,<environment.Job instance at 0x7fbc889873c0>,54,24,[ 5 11],55,-1,113,-1,89
1,<environment.Job instance at 0x7fbc882adf50>,56,21,[11  2],57,-1,111,-1,90
1,<environment.Job instance at 0x7fbc890a4500>,60,22,[11  2],61,-1,127,-1,105
1,<environment.Job instance at 0x7fbc890a43c0>,62,12,[14  3],63,-1,122,-1,110
1,<environment.Job instance at 0x7fbc88cfafa0>,63,17,[12  4],64,-1,127,-1,110
1,<environment.Job instance at 0x7fbc88cfa140>,65,19,[ 2 13],66,-1,143,-1,124
1,<environment.Job instance at 0x7fbc88cfa730>,66,25,[14  4],67,-1,149,-1,124
1,<environment.Job instance at 0x7fbc88915500>,67,19,[ 1 12],68,-1,143,-1,124
1,<environment.Job instance at 0x7fbc88915280>,68,18,[ 4 12],69,-1,142,-1,124
1,<environment.Job instance at 0x7fbc88915410>,69,18,[ 2 14],70,-1,142,-1,124
1,<environment.Job instance at 0x7fbc87ace4b0>,70,27,[14  2],71,-1,151,-1,124
1,<environment.Job instance at 0x7fbc87ace550>,71,18,[12  3],72,-1,142,-1,124
1,<environment.Job instance at 0x7fbc87acee60>,73,18,[ 2 12],74,-1,143,-1,125
1,<environment.Job instance at 0x7fbc87aceaa0>,74,18,[ 5 12],75,-1,143,-1,125
1,<environment.Job instance at 0x7fbc88e5dcd0>,75,26,[ 5 14],76,-1,151,-1,125
1,<environment.Job instance at 0x7fbc883516e0>,77,16,[ 2 13],78,-1,154,-1,138
1,<environment.Job instance at 0x7fbc88e5d320>,78,27,[ 2 11],79,-1,165,-1,138
1,<environment.Job instance at 0x7fbc87ffb320>,79,19,[ 3 14],80,-1,157,-1,138
1,<environment.Job instance at 0x7fbc87ffb230>,81,27,[6 4],82,-1,179,-1,152
1,<environment.Job instance at 0x7fbc87ffb140>,83,26,[5 7],84,-1,182,-1,156
1,<environment.Job instance at 0x7fbc8805b780>,1,17,[4 8],2,-1,20,-1,3
1,<environment.Job instance at 0x7fbc918b6550>,8,14,[2 8],9,-1,27,-1,13
1,<environment.Job instance at 0x7fbc918b6a00>,13,17,[5 9],14,-1,31,-1,14
1,<environment.Job instance at 0x7fbc88905190>,4,13,[14  4],5,-1,124,-1,111
1,<environment.Job instance at 0x7fbc918b6690>,12,23,[6 4],13,-1,140,-1,117
1,<environment.Job instance at 0x7fbc8874f0f0>,17,26,[8 2],18,-1,143,-1,117
1,<environment.Job instance at 0x7fbc8874fc30>,18,24,[7 2],19,-1,141,-1,117
1,<environment.Job instance at 0x7fbc8874f2d0>,19,19,[ 5 14],20,-1,137,-1,118
1,<environment.Job instance at 0x7fbc918b69b0>,16,15,[6 5],17,-1,133,-1,118
1,<environment.Job instance at 0x7fbc8805c0a0>,0,22,[ 2 14],1,-1,23,-1,1
1,<environment.Job instance at 0x7fbc8805c190>,2,14,[ 2 14],3,-1,17,-1,3
1,<environment.Job instance at 0x7fbc88cd0460>,3,28,[14  2],4,-1,32,-1,4
1,<environment.Job instance at 0x7fbc88cd0b40>,4,13,[14  4],5,-1,18,-1,5
1,<environment.Job instance at 0x7fbc88cd0e60>,5,19,[11  5],6,-1,25,-1,6
1,<environment.Job instance at 0x7fbc88cd5280>,7,14,[ 3 13],8,-1,22,-1,8
1,<environment.Job instance at 0x7fbc8805c230>,9,17,[ 3 14],10,-1,27,-1,10
1,<environment.Job instance at 0x7fbc88910500>,11,14,[ 4 13],12,-1,26,-1,12
1,<environment.Job instance at 0x7fbc88346370>,14,24,[11  5],15,-1,39,-1,15
1,<environment.Job instance at 0x7fbc8803ee60>,12,23,[6 4],13,-1,42,-1,19
1,<environment.Job instance at 0x7fbc8834b7d0>,17,26,[8 2],18,-1,45,-1,19
1,<environment.Job instance at 0x7fbc8834b820>,18,24,[7 2],19,-1,43,-1,19
1,<environment.Job instance at 0x7fbc88789f50>,19,19,[ 5 14],20,-1,39,-1,20
1,<environment.Job instance at 0x7fbc888285a0>,21,25,[ 2 12],22,-1,47,-1,22
1,<environment.Job instance at 0x7fbc881f7cd0>,22,14,[11  1],23,-1,37,-1,23
1,<environment.Job instance at 0x7fbc889840f0>,23,16,[12  5],24,-1,40,-1,24
1,<environment.Job instance at 0x7fbc87db92d0>,24,25,[ 4 11],25,-1,50,-1,25
1,<environment.Job instance at 0x7fbc91c03410>,25,28,[2 5],26,-1,54,-1,26
1,<environment.Job instance at 0x7fbc88357c30>,20,24,[2 8],21,-1,57,-1,33
1,<environment.Job instance at 0x7fbc87e35690>,27,16,[ 5 12],28,-1,49,-1,33
1,<environment.Job instance at 0x7fbc87ccbdc0>,28,24,[ 3 12],29,-1,57,-1,33
1,<environment.Job instance at 0x7fbc887c4870>,29,27,[1 8],30,-1,60,-1,33
1,<environment.Job instance at 0x7fbc887c4f00>,30,20,[11  4],31,-1,53,-1,33
1,<environment.Job instance at 0x7fbc887e0460>,31,28,[12  3],32,-1,61,-1,33
1,<environment.Job instance at 0x7fbc887d8190>,33,13,[ 1 13],34,-1,47,-1,34
1,<environment.Job instance at 0x7fbc891e3cd0>,34,14,[ 3 12],35,-1,49,-1,35
1,<environment.Job instance at 0x7fbc8834ce10>,35,27,[ 2 14],36,-1,63,-1,36
1,<environment.Job instance at 0x7fbc8834cd20>,36,20,[ 2 13],37,-1,57,-1,37
1,<environment.Job instance at 0x7fbc881cf2d0>,37,25,[ 2 14],38,-1,63,-1,38
1,<environment.Job instance at 0x7fbc881cf0a0>,38,27,[4 5],39,-1,77,-1,50
1,<environment.Job instance at 0x7fbc881d9cd0>,43,22,[ 5 11],44,-1,72,-1,50
1,<environment.Job instance at 0x7fbc87fffcd0>,47,12,[11  5],48,-1,75,-1,63
1,<environment.Job instance at 0x7fbc87fff910>,48,27,[9 4],49,-1,105,-1,78
1,<environment.Job instance at 0x7fbc88c6c460>,50,18,[ 1 11],51,-1,96,-1,78
1,<environment.Job instance at 0x7fbc88c6c820>,51,25,[6 2],52,-1,103,-1,78
1,<environment.Job instance at 0x7fbc879f7f00>,52,16,[ 3 11],53,-1,94,-1,78
1,<environment.Job instance at 0x7fbc88a81190>,53,21,[ 3 13],54,-1,99,-1,78
1,<environment.Job instance at 0x7fbc879a00a0>,54,28,[ 4 12],55,-1,106,-1,78
1,<environment.Job instance at 0x7fbc879a0a50>,55,28,[11  2],56,-1,106,-1,78
1,<environment.Job instance at 0x7fbc88b22050>,59,20,[ 4 13],60,-1,113,-1,93
1,<environment.Job instance at 0x7fbc88b22eb0>,60,28,[ 2 12],61,-1,121,-1,93
1,<environment.Job instance at 0x7fbc87ffb320>,65,15,[ 2 13],66,-1,136,-1,121
1,<environment.Job instance at 0x7fbc883516e0>,67,24,[13  1],68,-1,150,-1,126
1,<environment.Job instance at 0x7fbc88e5d870>,68,13,[ 4 11],69,-1,139,-1,126
1,<environment.Job instance at 0x7fbc88e5d320>,69,13,[12  5],70,-1,139,-1,126
1,<environment.Job instance at 0x7fbc88351730>,70,18,[12  5],71,-1,144,-1,126
1,<environment.Job instance at 0x7fbc87ace820>,72,25,[11  2],73,-1,158,-1,133
1,<environment.Job instance at 0x7fbc87acec80>,73,20,[ 1 12],74,-1,153,-1,133
1,<environment.Job instance at 0x7fbc87ace3c0>,74,13,[11  2],75,-1,146,-1,133
1,<environment.Job instance at 0x7fbc87ace550>,75,21,[12  2],76,-1,154,-1,133
1,<environment.Job instance at 0x7fbc88915aa0>,77,24,[ 5 13],78,-1,162,-1,138
1,<environment.Job instance at 0x7fbc88915280>,78,23,[14  1],79,-1,161,-1,138
1,<environment.Job instance at 0x7fbc88cfa910>,79,17,[ 3 11],80,-1,155,-1,138
1,<environment.Job instance at 0x7fbc890a45a0>,81,24,[8 4],82,-1,172,-1,148
1,<environment.Job instance at 0x7fbc890a4190>,83,27,[5 3],84,-1,180,-1,153
1,<environment.Job instance at 0x7fbc88d7cc80>,85,27,[ 2 11],86,-1,180,-1,153
1,<environment.Job instance at 0x7fbc88d7c780>,87,14,[ 4 11],88,-1,178,-1,164
1,<environment.Job instance at 0x7fbc88d7c9b0>,88,16,[12  4],89,-1,180,-1,164
1,<environment.Job instance at 0x7fbc88d7cf50>,89,18,[11  5],90,-1,182,-1,164
1,<environment.Job instance at 0x7fbc88d7c140>,90,28,[ 4 11],91,-1,192,-1,164
1,<environment.Job instance at 0x7fbc88d7cd20>,91,17,[12  1],92,-1,181,-1,164
1,<environment.Job instance at 0x7fbc88d7c2d0>,92,16,[ 5 13],93,-1,180,-1,164
1,<environment.Job instance at 0x7fbc918a7e10>,0,28,[5 9],1,-1,29,-1,1
1,<environment.Job instance at 0x7fbc8812dbe0>,3,14,[9 5],4,-1,19,-1,5
1,<environment.Job instance at 0x7fbc87f21a00>,0,28,[5 9],1,-1,29,-1,1
1,<environment.Job instance at 0x7fbc890e5050>,2,13,[ 5 12],3,-1,16,-1,3
1,<environment.Job instance at 0x7fbc887ef5f0>,5,19,[12  3],6,-1,25,-1,6
1,<environment.Job instance at 0x7fbc8843f3c0>,6,28,[ 3 14],7,-1,35,-1,7
1,<environment.Job instance at 0x7fbc91c03410>,7,21,[11  1],8,-1,29,-1,8
1,<environment.Job instance at 0x7fbc8805c230>,8,24,[11  3],9,-1,33,-1,9
1,<environment.Job instance at 0x7fbc8805c140>,9,16,[ 2 11],10,-1,26,-1,10
1,<environment.Job instance at 0x7fbc8899abe0>,15,18,[ 4 11],16,-1,34,-1,16
1,<environment.Job instance at 0x7fbc8899a690>,16,27,[5 6],17,-1,45,-1,18
1,<environment.Job instance at 0x7fbc8899ab40>,18,24,[8 1],19,-1,50,-1,26
1,<environment.Job instance at 0x7fbc8899a0a0>,20,25,[13  5],21,-1,51,-1,26
1,<environment.Job instance at 0x7fbc88500910>,21,14,[ 4 11],22,-1,40,-1,26
1,<environment.Job instance at 0x7fbc878bea00>,24,14,[ 4 13],25,-1,47,-1,33
1,<environment.Job instance at 0x7fbc87b17c80>,25,17,[ 5 13],26,-1,50,-1,33
1,<environment.Job instance at 0x7fbc878c1b40>,26,12,[ 5 12],27,-1,45,-1,33
1,<environment.Job instance at 0x7fbc87c036e0>,28,26,[11  2],29,-1,65,-1,39
1,<environment.Job instance at 0x7fbc87c037d0>,30,13,[ 3 13],31,-1,55,-1,42
1,<environment.Job instance at 0x7fbc88e4b690>,31,16,[13  3],32,-1,58,-1,42
1,<environment.Job instance at 0x7fbc88e4b7d0>,32,20,[ 5 12],33,-1,62,-1,42
1,<environment.Job instance at 0x7fbc88e4b190>,33,14,[12  2],34,-1,56,-1,42
1,<environment.Job instance at 0x7fbc88e4bd70>,34,27,[7 3],35,-1,75,-1,48
1,<environment.Job instance at 0x7fbc88e4bc80>,35,23,[ 5 14],36,-1,71,-1,48
1,<environment.Job instance at 0x7fbc890c9dc0>,37,13,[13  2],38,-1,61,-1,48
1,<environment.Job instance at 0x7fbc87d63820>,39,13,[ 2 11],40,-1,68,-1,55
1,<environment.Job instance at 0x7fbc87df1a50>,41,13,[13  3],42,-1,78,-1,65
1,<environment.Job instance at 0x7fbc87df1460>,42,18,[14  3],43,-1,83,-1,65
1,<environment.Job instance at 0x7fbc87d63f50>,40,26,[2 5],41,-1,91,-1,65
1,<environment.Job instance at 0x7fbc87df10f0>,44,19,[ 5 12],45,-1,84,-1,65
1,<environment.Job instance at 0x7fbc87df14b0>,45,14,[ 4 11],46,-1,79,-1,65
1,<environment.Job instance at 0x7fbc87df1e60>,47,23,[1 6],48,-1,90,-1,67
1,<environment.Job instance at 0x7fbc89254690>,48,13,[ 5 14],49,-1,80,-1,67
1,<environment.Job instance at 0x7fbc89254960>,49,28,[3 5],50,-1,95,-1,67
1,<environment.Job instance at 0x7fbc892544b0>,50,19,[ 5 11],51,-1,86,-1,67
1,<environment.Job instance at 0x7fbc89254aa0>,51,18,[ 1 13],52,-1,85,-1,67
1,<environment.Job instance at 0x7fbc89254410>,52,14,[ 1 11],53,-1,81,-1,67
1,<environment.Job instance at 0x7fbc89254d70>,55,16,[11  4],56,-1,97,-1,81
1,<environment.Job instance at 0x7fbc89254230>,56,19,[14  3],57,-1,100,-1,81
1,<environment.Job instance at 0x7fbc887f9fa0>,57,28,[ 2 11],58,-1,109,-1,81
1,<environment.Job instance at 0x7fbc887f9a00>,58,17,[12  1],59,-1,98,-1,81
1,<environment.Job instance at 0x7fbc887f92d0>,59,14,[ 3 11],60,-1,95,-1,81
1,<environment.Job instance at 0x7fbc887f98c0>,60,14,[13  3],61,-1,95,-1,81
1,<environment.Job instance at 0x7fbc887f9eb0>,61,12,[ 3 11],62,-1,93,-1,81
1,<environment.Job instance at 0x7fbc887f9a50>,62,24,[11  1],63,-1,105,-1,81
1,<environment.Job instance at 0x7fbc887f9140>,63,24,[ 2 12],64,-1,105,-1,81
1,<environment.Job instance at 0x7fbc887f9230>,64,21,[ 5 14],65,-1,102,-1,81
1,<environment.Job instance at 0x7fbc887f9af0>,65,27,[ 4 14],66,-1,108,-1,81
1,<environment.Job instance at 0x7fbc887f9820>,68,18,[11  2],69,-1,113,-1,95
1,<environment.Job instance at 0x7fbc892054b0>,70,17,[11  1],71,-1,113,-1,96
1,<environment.Job instance at 0x7fbc89205f00>,72,28,[12  3],73,-1,137,-1,109
1,<environment.Job instance at 0x7fbc89205780>,73,22,[13  5],74,-1,131,-1,109
1,<environment.Job instance at 0x7fbc89205320>,74,19,[ 3 11],75,-1,128,-1,109
1,<environment.Job instance at 0x7fbc89205a00>,75,27,[ 1 10],76,-1,138,-1,111
1,<environment.Job instance at 0x7fbc89205410>,69,25,[2 9],70,-1,136,-1,111
1,<environment.Job instance at 0x7fbc89205960>,77,18,[ 1 11],78,-1,129,-1,111
1,<environment.Job instance at 0x7fbc89205d70>,78,20,[11  4],79,-1,131,-1,111
1,<environment.Job instance at 0x7fbc892056e0>,79,28,[5 4],80,-1,139,-1,111
1,<environment.Job instance at 0x7fbc89205f50>,82,20,[ 3 11],83,-1,146,-1,126
1,<environment.Job instance at 0x7fbc879fe050>,84,15,[ 2 11],85,-1,142,-1,127
1,<environment.Job instance at 0x7fbc879fed70>,85,12,[ 4 12],86,-1,139,-1,127
1,<environment.Job instance at 0x7fbc879fe0a0>,86,23,[14  1],87,-1,150,-1,127
1,<environment.Job instance at 0x7fbc89205d20>,81,27,[1 8],82,-1,154,-1,127
1,<environment.Job instance at 0x7fbc879feaf0>,88,20,[14  3],89,-1,147,-1,127
1,<environment.Job instance at 0x7fbc879fe3c0>,89,17,[12  4],90,-1,144,-1,127
1,<environment.Job instance at 0x7fbc879fef50>,90,13,[11  5],91,-1,140,-1,127
1,<environment.Job instance at 0x7fbc879fe9b0>,91,14,[ 2 14],92,-1,141,-1,127
1,<environment.Job instance at 0x7fbc879feb40>,94,18,[ 1 12],95,-1,160,-1,142
1,<environment.Job instance at 0x7fbc87e4e190>,100,17,[ 4 11],101,-1,188,-1,171
1,<environment.Job instance at 0x7fbc87e4eb90>,101,12,[ 4 12],102,-1,183,-1,171
1,<environment.Job instance at 0x7fbc87e4e500>,99,28,[3 7],100,-1,201,-1,173
1,<environment.Job instance at 0x7fbc87e4ed20>,103,24,[ 1 13],104,-1,197,-1,173
1,<environment.Job instance at 0x7fbc87e4e730>,104,15,[12  4],105,-1,188,-1,173
1,<environment.Job instance at 0x7fbc87e4eb40>,106,19,[11  2],107,-1,192,-1,173
1,<environment.Job instance at 0x7fbc87e4e6e0>,107,21,[14  2],108,-1,194,-1,173
1,<environment.Job instance at 0x7fbc87e4e410>,108,24,[ 5 14],109,-1,197,-1,173
1,<environment.Job instance at 0x7fbc888fbf50>,1,19,[3 7],2,-1,21,-1,2
1,<environment.Job instance at 0x7fbc87cdec80>,9,23,[10  2],10,-1,34,-1,11
1,<environment.Job instance at 0x7fbc88ad0230>,0,12,[12  4],1,-1,13,-1,1
1,<environment.Job instance at 0x7fbc88ad0eb0>,3,23,[5 3],4,-1,27,-1,4
1,<environment.Job instance at 0x7fbc892d7280>,4,18,[13  1],5,-1,23,-1,5
1,<environment.Job instance at 0x7fbc88ad0690>,6,24,[ 3 12],7,-1,31,-1,7
1,<environment.Job instance at 0x7fbc892d7230>,7,25,[5 2],8,-1,33,-1,8
1,<environment.Job instance at 0x7fbc892d7140>,10,15,[11  5],11,-1,26,-1,11
1,<environment.Job instance at 0x7fbc892d7d20>,11,24,[13  4],12,-1,36,-1,12
1,<environment.Job instance at 0x7fbc892d7e60>,12,18,[ 2 13],13,-1,31,-1,13
1,<environment.Job instance at 0x7fbc892d7e10>,5,23,[2 7],6,-1,44,-1,21
1,<environment.Job instance at 0x7fbc892d7c30>,9,23,[10  2],10,-1,44,-1,21
1,<environment.Job instance at 0x7fbc892d7be0>,13,27,[ 5 10],14,-1,48,-1,21
1,<environment.Job instance at 0x7fbc88e3a190>,17,21,[ 5 11],18,-1,42,-1,21
1,<environment.Job instance at 0x7fbc88e3ac80>,20,20,[12  4],21,-1,41,-1,21
1,<environment.Job instance at 0x7fbc88e3a370>,19,27,[4 9],20,-1,62,-1,35
1,<environment.Job instance at 0x7fbc88e3a0a0>,24,18,[14  3],25,-1,53,-1,35
1,<environment.Job instance at 0x7fbc88e3a3c0>,25,16,[ 4 14],26,-1,51,-1,35
1,<environment.Job instance at 0x7fbc88e3abe0>,23,27,[ 4 10],24,-1,77,-1,50
1,<environment.Job instance at 0x7fbc88e3a4b0>,27,14,[ 1 11],28,-1,64,-1,50
1,<environment.Job instance at 0x7fbc88e3a460>,28,25,[ 1 11],29,-1,75,-1,50
1,<environment.Job instance at 0x7fbc88e3aaa0>,29,24,[14  3],30,-1,74,-1,50
1,<environment.Job instance at 0x7fbc88e3a280>,30,15,[12  4],31,-1,65,-1,50
1,<environment.Job instance at 0x7fbc88066e60>,31,12,[ 4 11],32,-1,62,-1,50
1,<environment.Job instance at 0x7fbc880662d0>,32,13,[ 3 11],33,-1,63,-1,50
1,<environment.Job instance at 0x7fbc88066780>,33,14,[12  2],34,-1,64,-1,50
1,<environment.Job instance at 0x7fbc88066370>,34,24,[5 9],35,-1,74,-1,50
1,<environment.Job instance at 0x7fbc88066aa0>,35,16,[12  1],36,-1,66,-1,50
1,<environment.Job instance at 0x7fbc88066870>,38,24,[ 1 14],39,-1,74,-1,50
1,<environment.Job instance at 0x7fbc88066960>,39,14,[ 1 11],40,-1,64,-1,50
1,<environment.Job instance at 0x7fbc880665a0>,40,25,[6 2],41,-1,75,-1,50
1,<environment.Job instance at 0x7fbc88066a00>,41,14,[13  2],42,-1,64,-1,50
1,<environment.Job instance at 0x7fbc8887daa0>,42,17,[11  4],43,-1,67,-1,50
1,<environment.Job instance at 0x7fbc8887d780>,44,16,[14  3],45,-1,66,-1,50
1,<environment.Job instance at 0x7fbc8887dc80>,45,20,[ 4 11],46,-1,70,-1,50
1,<environment.Job instance at 0x7fbc8887d410>,47,15,[13  4],48,-1,65,-1,50
1,<environment.Job instance at 0x7fbc89093aa0>,48,21,[14  4],49,-1,71,-1,50
1,<environment.Job instance at 0x7fbc89093870>,49,19,[ 3 11],50,-1,69,-1,50
1,<environment.Job instance at 0x7fbc89093960>,50,15,[14  1],51,-1,66,-1,51
1,<environment.Job instance at 0x7fbc89093550>,52,13,[11  2],53,-1,78,-1,65
1,<environment.Job instance at 0x7fbc890938c0>,53,17,[ 2 11],54,-1,82,-1,65
1,<environment.Job instance at 0x7fbc8812bd20>,55,18,[ 4 14],56,-1,85,-1,67
1,<environment.Job instance at 0x7fbc8812bbe0>,57,25,[11  3],58,-1,92,-1,67
1,<environment.Job instance at 0x7fbc8812b2d0>,58,21,[ 3 12],59,-1,88,-1,67
1,<environment.Job instance at 0x7fbc8812b5a0>,60,17,[11  2],61,-1,96,-1,79
1,<environment.Job instance at 0x7fbc8812b0a0>,59,26,[5 3],60,-1,108,-1,82
1,<environment.Job instance at 0x7fbc8812be10>,62,23,[14  4],63,-1,105,-1,82
1,<environment.Job instance at 0x7fbc87e4e6e0>,63,14,[ 1 11],64,-1,96,-1,82
1,<environment.Job instance at 0x7fbc87e4eb40>,64,27,[11  3],65,-1,109,-1,82
1,<environment.Job instance at 0x7fbc8812bf50>,61,23,[3 9],62,-1,105,-1,82
1,<environment.Job instance at 0x7fbc87e4ee60>,67,28,[13  3],68,-1,110,-1,82
1,<environment.Job instance at 0x7fbc87e4ea00>,69,23,[14  5],70,-1,105,-1,82
1,<environment.Job instance at 0x7fbc87e4e7d0>,70,26,[10  5],71,-1,123,-1,97
1,<environment.Job instance at 0x7fbc87e4efa0>,72,27,[14  2],73,-1,124,-1,97
1,<environment.Job instance at 0x7fbc87e4eeb0>,73,26,[8 3],74,-1,123,-1,97
1,<environment.Job instance at 0x7fbc879fe370>,74,13,[ 2 14],75,-1,110,-1,97
1,<environment.Job instance at 0x7fbc879fe8c0>,76,25,[1 9],77,-1,137,-1,112
1,<environment.Job instance at 0x7fbc879fe550>,77,25,[9 2],78,-1,137,-1,112
1,<environment.Job instance at 0x7fbc879fe050>,82,17,[ 5 12],83,-1,129,-1,112
1,<environment.Job instance at 0x7fbc879fe6e0>,84,12,[ 3 12],85,-1,124,-1,112
1,<environment.Job instance at 0x7fbc89205f50>,86,12,[13  4],87,-1,126,-1,114
1,<environment.Job instance at 0x7fbc89205b90>,91,21,[12  4],92,-1,151,-1,130
1,<environment.Job instance at 0x7fbc89205a00>,92,28,[ 5 11],93,-1,158,-1,130
1,<environment.Job instance at 0x7fbc89205320>,93,27,[7 2],94,-1,169,-1,142
1,<environment.Job instance at 0x7fbc89205780>,94,24,[6 2],95,-1,166,-1,142
1,<environment.Job instance at 0x7fbc89205f00>,95,23,[ 1 14],96,-1,165,-1,142
1,<environment.Job instance at 0x7fbc89205e10>,96,20,[ 4 13],97,-1,162,-1,142
1,<environment.Job instance at 0x7fbc887f9820>,99,28,[7 2],100,-1,173,-1,145
1,<environment.Job instance at 0x7fbc887f9500>,100,13,[11  3],101,-1,158,-1,145
1,<environment.Job instance at 0x7fbc887f9050>,101,27,[11  3],102,-1,172,-1,145
1,<environment.Job instance at 0x7fbc887f9230>,102,12,[11  3],103,-1,157,-1,145
1,<environment.Job instance at 0x7fbc887f9140>,103,19,[11  3],104,-1,164,-1,145
1,<environment.Job instance at 0x7fbc887f9a50>,104,13,[ 5 12],105,-1,158,-1,145
1,<environment.Job instance at 0x7fbc887f9eb0>,105,20,[ 4 12],106,-1,165,-1,145
1,<environment.Job instance at 0x7fbc887f92d0>,107,16,[11  2],108,-1,177,-1,161
1,<environment.Job instance at 0x7fbc887f95f0>,108,14,[11  3],109,-1,175,-1,161
1,<environment.Job instance at 0x7fbc887f9af0>,109,12,[13  5],110,-1,173,-1,161
1,<environment.Job instance at 0x7fbc887f9a00>,110,25,[12  3],111,-1,186,-1,161
1,<environment.Job instance at 0x7fbc89254230>,111,24,[2 5],112,-1,185,-1,161
1,<environment.Job instance at 0x7fbc892544b0>,112,20,[14  2],113,-1,181,-1,161
1,<environment.Job instance at 0x7fbc89254aa0>,113,23,[12  2],114,-1,184,-1,161
1,<environment.Job instance at 0x7fbc89254410>,116,28,[9 4],117,-1,206,-1,178
1,<environment.Job instance at 0x7fbc87d63f50>,118,16,[ 4 11],119,-1,195,-1,179
1,<environment.Job instance at 0x7fbc87d63820>,119,26,[ 5 12],120,-1,205,-1,179
1,<environment.Job instance at 0x7fbc88e4bb90>,120,27,[ 1 14],121,-1,206,-1,179
1,<environment.Job instance at 0x7f73f428ab40>,4,24,[ 3 11],5,-1,33,-1,9
1,<environment.Job instance at 0x7f73f428f280>,13,27,[3 8],14,-1,41,-1,14
1,<environment.Job instance at 0x7f73f442b7d0>,0,24,[2 8],1,-1,25,-1,1
1,<environment.Job instance at 0x7f73f42c23c0>,2,26,[10  1],3,-1,29,-1,3
1,<environment.Job instance at 0x7f73f4282cd0>,3,15,[13  4],4,-1,19,-1,4
1,<environment.Job instance at 0x7f73f4282e60>,4,24,[ 3 11],5,-1,29,-1,5
1,<environment.Job instance at 0x7f73f42828c0>,6,19,[ 1 13],7,-1,26,-1,7
1,<environment.Job instance at 0x7f73f4387190>,8,24,[ 2 12],9,-1,33,-1,9
1,<environment.Job instance at 0x7f73f437c5f0>,10,14,[ 1 14],11,-1,25,-1,11
1,<environment.Job instance at 0x7f73f43c1b90>,13,27,[3 8],14,-1,41,-1,14
1,<environment.Job instance at 0x7f73f44340a0>,14,14,[14  3],15,-1,29,-1,15
1,<environment.Job instance at 0x7f73f4282960>,15,24,[ 2 13],16,-1,40,-1,16
1,<environment.Job instance at 0x7f73f475abe0>,16,19,[ 3 12],17,-1,36,-1,17
1,<environment.Job instance at 0x7f73f453e870>,17,18,[ 5 13],18,-1,36,-1,18
1,<environment.Job instance at 0x7f73f4310b40>,19,21,[14  4],20,-1,41,-1,20
1,<environment.Job instance at 0x7f73f453d050>,21,22,[14  2],22,-1,46,-1,24
1,<environment.Job instance at 0x7f73f43af820>,22,25,[ 4 12],23,-1,49,-1,24
1,<environment.Job instance at 0x7f73f43a4500>,24,20,[ 3 12],25,-1,49,-1,29
1,<environment.Job instance at 0x7f73f431e780>,25,16,[11  3],26,-1,45,-1,29
1,<environment.Job instance at 0x7f73f438de10>,27,25,[14  4],28,-1,54,-1,29
1,<environment.Job instance at 0x7f73f43ae820>,29,24,[5 1],30,-1,65,-1,41
1,<environment.Job instance at 0x7f73f44a97d0>,32,14,[14  3],33,-1,65,-1,51
1,<environment.Job instance at 0x7f73f432f410>,35,23,[11  2],36,-1,79,-1,56
1,<environment.Job instance at 0x7f73f432fdc0>,36,27,[10  1],37,-1,83,-1,56
1,<environment.Job instance at 0x7f73f434c410>,38,16,[ 1 13],39,-1,72,-1,56
1,<environment.Job instance at 0x7f73f434cf50>,41,26,[13  2],42,-1,90,-1,64
1,<environment.Job instance at 0x7f73f434c7d0>,42,18,[ 1 13],43,-1,82,-1,64
1,<environment.Job instance at 0x7f73f434c910>,45,28,[12  4],46,-1,106,-1,78
1,<environment.Job instance at 0x7f73f434c870>,46,17,[ 5 12],47,-1,95,-1,78
1,<environment.Job instance at 0x7f73f434c2d0>,48,25,[11  4],49,-1,103,-1,78
1,<environment.Job instance at 0x7f73f434c730>,49,23,[2 6],50,-1,115,-1,92
1,<environment.Job instance at 0x7f73f4432d70>,50,13,[12  1],51,-1,105,-1,92
1,<environment.Job instance at 0x7f73f4432550>,51,24,[ 1 11],52,-1,116,-1,92
1,<environment.Job instance at 0x7f73f43e0b90>,52,27,[9 1],53,-1,119,-1,92
1,<environment.Job instance at 0x7f73f4437c30>,54,20,[ 5 14],55,-1,113,-1,93
1,<environment.Job instance at 0x7f73f4396a00>,58,22,[14  3],59,-1,132,-1,110
1,<environment.Job instance at 0x7f73f4398140>,59,15,[11  3],60,-1,125,-1,110
1,<environment.Job instance at 0x7f73f43a66e0>,60,23,[5 7],61,-1,147,-1,124
1,<environment.Job instance at 0x7f73f4396a50>,62,24,[ 3 10],63,-1,162,-1,138
1,<environment.Job instance at 0x7f73f43aa500>,64,20,[11  1],65,-1,158,-1,138
1,<environment.Job instance at 0x7f73f43aa1e0>,65,15,[ 1 11],66,-1,153,-1,138
1,<environment.Job instance at 0x7f73f43aa140>,63,24,[9 2],64,-1,165,-1,141
1,<environment.Job instance at 0x7f73f43aae10>,68,25,[ 2 12],69,-1,166,-1,141
1,<environment.Job instance at 0x7f73f43aaf00>,69,26,[5 4],70,-1,167,-1,141
1,<environment.Job instance at 0x7f73f43475a0>,73,27,[8 2],74,-1,191,-1,164
1,<environment.Job instance at 0x7f73f4347910>,77,19,[14  1],78,-1,200,-1,181
1,<environment.Job instance at 0x7f73f39e2f50>,3,24,[ 1 10],4,-1,31,-1,7
1,<environment.Job instance at 0x7f73f39d7370>,7,25,[5 4],8,-1,34,-1,9
1,<environment.Job instance at 0x7f73f39d77d0>,8,17,[10  5],9,-1,26,-1,9
1,<environment.Job instance at 0x7f73f39dc460>,9,16,[ 3 12],10,-1,26,-1,10
1,<environment.Job instance at 0x7f73f39d7eb0>,4,24,[ 1 11],5,-1,35,-1,11
1,<environment.Job instance at 0x7f73f39dc0f0>,10,23,[5 8],11,-1,34,-1,11
1,<environment.Job instance at 0x7f73f39dcd70>,11,21,[ 4 11],12,-1,33,-1,12
1,<environment.Job instance at 0x7f73f39d7050>,6,14,[14  4],7,-1,29,-1,15
1,<environment.Job instance at 0x7f73f39dc730>,13,23,[10  3],14,-1,38,-1,15
1,<environment.Job instance at 0x7f73f3b52820>,16,14,[11  2],17,-1,31,-1,17
1,<environment.Job instance at 0x7f73f3c665a0>,17,27,[5 3],18,-1,45,-1,18
1,<environment.Job instance at 0x7f73f3c93d70>,18,17,[10  2],19,-1,36,-1,19
1,<environment.Job instance at 0x7f73f3c94b90>,19,17,[ 5 11],20,-1,37,-1,20
1,<environment.Job instance at 0x7f73f42a6730>,0,12,[11  1],1,-1,13,-1,1
1,<environment.Job instance at 0x7f73f42a6690>,1,12,[ 5 11],2,-1,14,-1,2
1,<environment.Job instance at 0x7f73f42a65a0>,2,15,[ 3 11],3,-1,18,-1,3
1,<environment.Job instance at 0x7f73f42a6460>,3,24,[ 1 10],4,-1,28,-1,4
1,<environment.Job instance at 0x7f73f42a63c0>,4,24,[ 1 11],5,-1,29,-1,5
1,<environment.Job instance at 0x7f73f42a6190>,5,25,[8 2],6,-1,31,-1,6
1,<environment.Job instance at 0x7f73f42a6280>,6,14,[14  4],7,-1,21,-1,7
1,<environment.Job instance at 0x7f73f42a60a0>,7,25,[5 4],8,-1,33,-1,8
1,<environment.Job instance at 0x7f73fd91a0f0>,9,16,[ 3 12],10,-1,26,-1,10
1,<environment.Job instance at 0x7f73f3ae79b0>,10,23,[5 8],11,-1,34,-1,11
1,<environment.Job instance at 0x7f73fd91a370>,11,21,[ 4 11],12,-1,33,-1,12
1,<environment.Job instance at 0x7f73f3a86460>,12,20,[ 3 12],13,-1,33,-1,13
1,<environment.Job instance at 0x7f73f42a6050>,14,28,[3 8],15,-1,43,-1,15
1,<environment.Job instance at 0x7f73f3b45410>,15,24,[12  1],16,-1,40,-1,16
1,<environment.Job instance at 0x7f73f3ab7460>,16,14,[11  2],17,-1,31,-1,17
1,<environment.Job instance at 0x7f73f3ab72d0>,17,27,[5 3],18,-1,45,-1,18
1,<environment.Job instance at 0x7f73f3be5af0>,19,17,[ 5 11],20,-1,37,-1,20
1,<environment.Job instance at 0x7f73f3ab7d20>,20,13,[11  1],21,-1,34,-1,21
1,<environment.Job instance at 0x7f73f3ab7410>,21,27,[14  2],22,-1,49,-1,22
1,<environment.Job instance at 0x7f73f3aad820>,22,25,[13  2],23,-1,48,-1,23
1,<environment.Job instance at 0x7f73f3aad870>,23,21,[ 4 12],24,-1,45,-1,24
1,<environment.Job instance at 0x7f73f3b45190>,13,23,[10  3],14,-1,49,-1,26
1,<environment.Job instance at 0x7f73f3aad780>,25,18,[ 5 11],26,-1,44,-1,26
1,<environment.Job instance at 0x7f73f3aadf00>,27,12,[11  1],28,-1,40,-1,28
1,<environment.Job instance at 0x7f73f3a3c500>,28,13,[ 5 13],29,-1,42,-1,29
1,<environment.Job instance at 0x7f73f3a39af0>,35,23,[14  3],36,-1,66,-1,43
1,<environment.Job instance at 0x7f73f3a39c80>,36,23,[3 8],37,-1,77,-1,54
1,<environment.Job instance at 0x7f73f3a39410>,34,28,[4 8],35,-1,82,-1,54
1,<environment.Job instance at 0x7f73f3a39230>,38,28,[11  1],39,-1,82,-1,54
1,<environment.Job instance at 0x7f73f3a9c7d0>,39,17,[ 3 11],40,-1,71,-1,54
1,<environment.Job instance at 0x7f73f3a9c280>,41,27,[7 2],42,-1,87,-1,60
1,<environment.Job instance at 0x7f73f3a9ceb0>,42,16,[14  3],43,-1,76,-1,60
1,<environment.Job instance at 0x7f73f3a9c690>,43,12,[11  4],44,-1,72,-1,60
1,<environment.Job instance at 0x7f73f3a91460>,44,15,[14  3],45,-1,75,-1,60
1,<environment.Job instance at 0x7f73f3a91c80>,45,28,[6 4],46,-1,88,-1,60
1,<environment.Job instance at 0x7f73f3a91410>,46,13,[ 5 13],47,-1,73,-1,60
1,<environment.Job instance at 0x7f73f3aa70a0>,50,24,[11  3],51,-1,84,-1,60
1,<environment.Job instance at 0x7f73f3aa7730>,51,22,[ 5 14],52,-1,82,-1,60
1,<environment.Job instance at 0x7f73f3aa7460>,52,24,[14  3],53,-1,84,-1,60
1,<environment.Job instance at 0x7f73f3a491e0>,54,28,[6 3],55,-1,96,-1,68
1,<environment.Job instance at 0x7f73f3a49640>,55,15,[11  2],56,-1,83,-1,68
1,<environment.Job instance at 0x7f73f3a50be0>,56,24,[ 5 14],57,-1,92,-1,68
1,<environment.Job instance at 0x7f73f3a50690>,57,28,[11  1],58,-1,96,-1,68
1,<environment.Job instance at 0x7f73f3a50c30>,58,15,[ 5 11],59,-1,83,-1,68
1,<environment.Job instance at 0x7f73f3a45280>,61,16,[ 2 13],62,-1,84,-1,68
1,<environment.Job instance at 0x7f73f3a4c140>,63,24,[ 5 11],64,-1,99,-1,75
1,<environment.Job instance at 0x7f73f3a4cf00>,65,13,[11  1],66,-1,97,-1,84
1,<environment.Job instance at 0x7f73f3a4c050>,66,12,[ 3 12],67,-1,96,-1,84
1,<environment.Job instance at 0x7f73f3a5baf0>,67,25,[8 3],68,-1,117,-1,92
1,<environment.Job instance at 0x7f73f3a5b820>,69,15,[ 5 13],70,-1,107,-1,92
1,<environment.Job instance at 0x7f73f3a571e0>,71,24,[5 1],72,-1,125,-1,101
1,<environment.Job instance at 0x7f73f3bb7a00>,72,23,[ 1 13],73,-1,124,-1,101
1,<environment.Job instance at 0x7f73f3a57280>,73,12,[12  2],74,-1,113,-1,101
1,<environment.Job instance at 0x7f73f3a5e1e0>,76,19,[ 3 14],77,-1,128,-1,109
1,<environment.Job instance at 0x7f73f3a5ed20>,77,26,[ 1 14],78,-1,135,-1,109
1,<environment.Job instance at 0x7f73f3a5e050>,79,16,[12  3],80,-1,134,-1,118
1,<environment.Job instance at 0x7f73f3a5e6e0>,80,27,[13  4],81,-1,145,-1,118
1,<environment.Job instance at 0x7f73f3ba73c0>,84,23,[8 5],85,-1,181,-1,158
1,<environment.Job instance at 0x7f73f3ada230>,88,27,[ 3 13],89,-1,186,-1,159
1,<environment.Job instance at 0x7f73f3a675f0>,89,20,[14  3],90,-1,179,-1,159
1,<environment.Job instance at 0x7f73f3a675a0>,90,22,[12  1],91,-1,181,-1,159
1,<environment.Job instance at 0x7f73f3a62280>,91,12,[ 2 14],92,-1,171,-1,159
1,<environment.Job instance at 0x7f73f3be44b0>,92,13,[14  5],93,-1,172,-1,159
1,<environment.Job instance at 0x7f73f3bd63c0>,93,28,[5 7],94,-1,202,-1,174
1,<environment.Job instance at 0x7f73f3a545f0>,95,16,[12  2],96,-1,190,-1,174
1,<environment.Job instance at 0x7f73f3ae9b40>,96,28,[14  3],97,-1,202,-1,174
1,<environment.Job instance at 0x7f73f3ac53c0>,97,24,[ 4 11],98,-1,198,-1,174
1,<environment.Job instance at 0x7f73f3a546e0>,98,25,[11  1],99,-1,199,-1,174
1,<environment.Job instance at 0x7f73f3a04d70>,100,26,[5 5],101,-1,206,-1,180
1,<environment.Job instance at 0x7f73f38415f0>,5,12,[9 3],6,-1,19,-1,7
1,<environment.Job instance at 0x7f73f3841550>,8,15,[ 2 12],9,-1,24,-1,9
1,<environment.Job instance at 0x7f73f3c36780>,1,25,[9 2],2,-1,27,-1,2
1,<environment.Job instance at 0x7f73f3a7c4b0>,2,18,[ 4 14],3,-1,21,-1,3
1,<environment.Job instance at 0x7f73f38adc30>,4,21,[14  5],5,-1,26,-1,5
1,<environment.Job instance at 0x7f73f391eb90>,7,20,[ 3 13],8,-1,28,-1,8
1,<environment.Job instance at 0x7f73f391ee10>,8,15,[ 2 12],9,-1,24,-1,9
1,<environment.Job instance at 0x7f73f391e320>,9,24,[ 3 14],10,-1,34,-1,10
1,<environment.Job instance at 0x7f73f3886e10>,10,17,[ 2 14],11,-1,28,-1,11
1,<environment.Job instance at 0x7f73f3a86c80>,6,27,[3 8],7,-1,42,-1,15
1,<environment.Job instance at 0x7f73f3886fa0>,15,22,[ 1 14],16,-1,38,-1,16
1,<environment.Job instance at 0x7f73f3886dc0>,17,28,[3 6],18,-1,59,-1,31
1,<environment.Job instance at 0x7f73f3886d70>,18,18,[ 1 12],19,-1,49,-1,31
1,<environment.Job instance at 0x7f73f3886a50>,19,13,[14  4],20,-1,44,-1,31
1,<environment.Job instance at 0x7f73f3881820>,21,16,[ 1 11],22,-1,47,-1,31
1,<environment.Job instance at 0x7f73f3881b90>,22,26,[12  3],23,-1,57,-1,31
1,<environment.Job instance at 0x7f73f3881d70>,24,17,[ 4 13],25,-1,54,-1,37
1,<environment.Job instance at 0x7f73f3881320>,26,28,[1 9],27,-1,77,-1,49
1,<environment.Job instance at 0x7f73f3881190>,27,26,[7 3],28,-1,75,-1,49
1,<environment.Job instance at 0x7f73f3881280>,29,26,[3 5],30,-1,75,-1,49
1,<environment.Job instance at 0x7f73f3881c30>,31,13,[ 2 13],32,-1,62,-1,49
1,<environment.Job instance at 0x7f73f3881a00>,32,18,[12  5],33,-1,67,-1,49
1,<environment.Job instance at 0x7f73f3881460>,33,26,[13  3],34,-1,75,-1,49
1,<environment.Job instance at 0x7f73f3881870>,34,13,[14  1],35,-1,62,-1,49
1,<environment.Job instance at 0x7f73f38810a0>,35,16,[ 3 11],36,-1,65,-1,49
1,<environment.Job instance at 0x7f73f387d050>,36,22,[14  2],37,-1,71,-1,49
1,<environment.Job instance at 0x7f73f387db40>,37,14,[12  4],38,-1,63,-1,49
1,<environment.Job instance at 0x7f73f387d2d0>,38,14,[11  1],39,-1,63,-1,49
1,<environment.Job instance at 0x7f73f387d410>,39,28,[6 2],40,-1,91,-1,63
1,<environment.Job instance at 0x7f73f387d0f0>,40,20,[12  3],41,-1,83,-1,63
1,<environment.Job instance at 0x7f73f387d140>,41,21,[13  4],42,-1,84,-1,63
1,<environment.Job instance at 0x7f73f387d3c0>,43,16,[11  1],44,-1,79,-1,63
1,<environment.Job instance at 0x7f73f387de60>,45,14,[11  5],46,-1,79,-1,65
1,<environment.Job instance at 0x7f73f387df00>,46,13,[ 1 11],47,-1,78,-1,65
1,<environment.Job instance at 0x7f73f387d190>,48,25,[6 1],49,-1,90,-1,65
1,<environment.Job instance at 0x7f73f387d280>,49,15,[ 3 12],50,-1,80,-1,65
1,<environment.Job instance at 0x7f73f387dfa0>,50,18,[13  2],51,-1,83,-1,65
1,<environment.Job instance at 0x7f73f387b320>,51,27,[5 7],52,-1,92,-1,65
1,<environment.Job instance at 0x7f73f387be10>,52,12,[14  3],53,-1,77,-1,65
1,<environment.Job instance at 0x7f73f387b460>,53,28,[11  3],54,-1,93,-1,65
1,<environment.Job instance at 0x7f73f387d550>,42,23,[2 8],43,-1,88,-1,65
1,<environment.Job instance at 0x7f73f387ba50>,55,28,[ 4 12],56,-1,93,-1,65
1,<environment.Job instance at 0x7f73f387b5f0>,56,20,[11  3],57,-1,85,-1,65
1,<environment.Job instance at 0x7f73f387b410>,57,15,[ 5 13],58,-1,80,-1,65
1,<environment.Job instance at 0x7f73f387b8c0>,60,24,[12  5],61,-1,102,-1,78
1,<environment.Job instance at 0x7f73f387bf00>,61,19,[ 2 14],62,-1,97,-1,78
1,<environment.Job instance at 0x7f73f387b730>,62,22,[12  1],63,-1,100,-1,78
1,<environment.Job instance at 0x7f73f38ce6e0>,63,13,[ 3 11],64,-1,91,-1,78
1,<environment.Job instance at 0x7f73f38cec30>,65,17,[ 1 14],66,-1,95,-1,78
1,<environment.Job instance at 0x7f73f38cefa0>,66,14,[ 3 14],67,-1,92,-1,78
1,<environment.Job instance at 0x7f73f38ce550>,67,24,[ 3 11],68,-1,102,-1,78
1,<environment.Job instance at 0x7f73f38ecb90>,69,25,[12  3],70,-1,110,-1,85
1,<environment.Job instance at 0x7f73f38ec550>,70,12,[ 2 12],71,-1,97,-1,85
1,<environment.Job instance at 0x7f73f38ec4b0>,72,27,[ 2 11],73,-1,120,-1,93
1,<environment.Job instance at 0x7f73f38ec320>,73,27,[ 3 14],74,-1,120,-1,93
1,<environment.Job instance at 0x7f73f38ec820>,76,28,[5 2],77,-1,134,-1,106
1,<environment.Job instance at 0x7f73f38ec910>,77,28,[13  5],78,-1,134,-1,106
1,<environment.Job instance at 0x7f73f39349b0>,81,14,[ 3 11],82,-1,137,-1,123
1,<environment.Job instance at 0x7f73f3934050>,82,27,[ 3 14],83,-1,150,-1,123
1,<environment.Job instance at 0x7f73f3934fa0>,83,15,[14  1],84,-1,138,-1,123
1,<environment.Job instance at 0x7f73f3934410>,84,27,[ 5 11],85,-1,150,-1,123
1,<environment.Job instance at 0x7f73f3934190>,78,26,[8 3],79,-1,149,-1,123
1,<environment.Job instance at 0x7f73f3934e60>,86,25,[ 1 13],87,-1,148,-1,123
1,<environment.Job instance at 0x7f73f39340a0>,87,26,[10  3],88,-1,149,-1,123
1,<environment.Job instance at 0x7f73f3934730>,90,21,[13  1],91,-1,144,-1,123
1,<environment.Job instance at 0x7f73f3934b90>,91,18,[ 2 12],92,-1,141,-1,123
1,<environment.Job instance at 0x7f73f39346e0>,92,14,[ 2 11],93,-1,137,-1,123
1,<environment.Job instance at 0x7f73f38cc140>,94,12,[ 4 13],95,-1,138,-1,126
1,<environment.Job instance at 0x7f73f38cc2d0>,96,14,[ 3 12],97,-1,152,-1,138
1,<environment.Job instance at 0x7f73f38cc8c0>,97,23,[13  3],98,-1,161,-1,138
1,<environment.Job instance at 0x7f73f38cc6e0>,98,16,[13  5],99,-1,154,-1,138
1,<environment.Job instance at 0x7f73f38cc3c0>,102,23,[9 3],103,-1,177,-1,154
1,<environment.Job instance at 0x7f73f38cce10>,103,24,[ 4 11],104,-1,178,-1,154
1,<environment.Job instance at 0x7f73f38cc190>,104,14,[13  1],105,-1,168,-1,154
1,<environment.Job instance at 0x7f73f38cc910>,105,14,[11  1],106,-1,168,-1,154
1,<environment.Job instance at 0x7f73f38ba550>,106,12,[12  5],107,-1,166,-1,154
1,<environment.Job instance at 0x7f73f38ccdc0>,101,23,[8 4],102,-1,177,-1,154
1,<environment.Job instance at 0x7f73f38ba320>,108,14,[ 1 13],109,-1,168,-1,154
1,<environment.Job instance at 0x7f73f38ba460>,111,28,[ 4 14],112,-1,193,-1,165
1,<environment.Job instance at 0x7f73f38ba780>,113,27,[11  1],114,-1,193,-1,166
1,<environment.Job instance at 0x7f73f38ba3c0>,110,27,[ 4 10],111,-1,206,-1,179
1,<environment.Job instance at 0x7f73f3ccddc0>,2,14,[9 5],3,-1,18,-1,4
1,<environment.Job instance at 0x7f73f399c1e0>,3,19,[11  2],4,-1,23,-1,4
1,<environment.Job instance at 0x7f73f3f0fc80>,8,24,[8 1],9,-1,125,-1,101
1,<environment.Job instance at 0x7f73f46d10f0>,25,17,[ 3 13],26,-1,118,-1,101
1,<environment.Job instance at 0x7f73f399cf50>,1,28,[11  4],2,-1,30,-1,2
1,<environment.Job instance at 0x7f73f399c370>,3,19,[11  2],4,-1,23,-1,4
1,<environment.Job instance at 0x7f73f399cc30>,4,18,[12  3],5,-1,23,-1,5
1,<environment.Job instance at 0x7f73f399c5f0>,6,19,[ 1 12],7,-1,26,-1,7
1,<environment.Job instance at 0x7f73f399c500>,5,28,[5 5],6,-1,45,-1,17
1,<environment.Job instance at 0x7f73f399c960>,11,28,[ 1 12],12,-1,45,-1,17
1,<environment.Job instance at 0x7f73f399c320>,12,15,[13  1],13,-1,32,-1,17
1,<environment.Job instance at 0x7f73f399c910>,13,20,[ 5 12],14,-1,37,-1,17
1,<environment.Job instance at 0x7f73f399ccd0>,7,24,[10  2],8,-1,41,-1,17
1,<environment.Job instance at 0x7f73f38810a0>,15,12,[ 4 13],16,-1,29,-1,17
1,<environment.Job instance at 0x7f73f3881870>,16,24,[5 3],17,-1,41,-1,17
1,<environment.Job instance at 0x7f73f399c820>,8,24,[8 1],9,-1,41,-1,17
1,<environment.Job instance at 0x7f73f399c6e0>,9,27,[ 5 10],10,-1,44,-1,17
1,<environment.Job instance at 0x7f73f38811e0>,19,21,[14  3],20,-1,41,-1,20
1,<environment.Job instance at 0x7f73f3881910>,22,20,[11  3],23,-1,43,-1,23
1,<environment.Job instance at 0x7f73f3881b90>,25,17,[ 3 13],26,-1,46,-1,29
1,<environment.Job instance at 0x7f73f3881af0>,26,15,[13  4],27,-1,44,-1,29
1,<environment.Job instance at 0x7f73f3cd8140>,27,25,[9 1],28,-1,54,-1,29
1,<environment.Job instance at 0x7f73f3c36780>,28,23,[3 8],29,-1,61,-1,38
1,<environment.Job instance at 0x7f73f3881f50>,30,26,[14  4],31,-1,64,-1,38
1,<environment.Job instance at 0x7f73f3979f50>,33,18,[14  1],34,-1,68,-1,50
1,<environment.Job instance at 0x7f73f3979370>,34,24,[9 2],35,-1,77,-1,53
1,<environment.Job instance at 0x7f73f3979b90>,36,15,[ 5 11],37,-1,68,-1,53
1,<environment.Job instance at 0x7f73f39796e0>,37,27,[ 2 13],38,-1,80,-1,53
1,<environment.Job instance at 0x7f73f39799b0>,38,27,[5 1],39,-1,91,-1,64
1,<environment.Job instance at 0x7f73f3979690>,39,16,[ 3 12],40,-1,80,-1,64
1,<environment.Job instance at 0x7f73f3979aa0>,40,12,[ 3 12],41,-1,76,-1,64
1,<environment.Job instance at 0x7f73f3979a00>,41,13,[ 3 12],42,-1,77,-1,64
1,<environment.Job instance at 0x7f73f3979fa0>,42,24,[ 4 10],43,-1,88,-1,64
1,<environment.Job instance at 0x7f73f3979dc0>,43,25,[11  2],44,-1,89,-1,64
1,<environment.Job instance at 0x7f73f39797d0>,44,23,[ 1 14],45,-1,87,-1,64
1,<environment.Job instance at 0x7f73f3979460>,46,12,[ 3 12],47,-1,76,-1,64
1,<environment.Job instance at 0x7f73f40e3a50>,50,14,[ 2 11],51,-1,100,-1,86
1,<environment.Job instance at 0x7f73f469e280>,52,22,[ 5 14],53,-1,111,-1,89
1,<environment.Job instance at 0x7f73f4717af0>,53,17,[12  4],54,-1,106,-1,89
1,<environment.Job instance at 0x7f73f4315aa0>,54,26,[ 1 10],55,-1,125,-1,99
1,<environment.Job instance at 0x7f73f46a41e0>,59,12,[ 1 11],60,-1,117,-1,105
1,<environment.Job instance at 0x7f73f387da50>,60,28,[3 6],61,-1,139,-1,111
1,<environment.Job instance at 0x7f73f387d190>,64,13,[12  5],65,-1,135,-1,122
1,<environment.Job instance at 0x7f73f387d4b0>,71,24,[ 4 10],72,-1,179,-1,155
1,<environment.Job instance at 0x7f73f387dd20>,72,24,[ 2 14],73,-1,179,-1,155
1,<environment.Job instance at 0x7f73f387d3c0>,73,16,[12  2],74,-1,171,-1,155
1,<environment.Job instance at 0x7f73f387d050>,74,15,[ 5 12],75,-1,170,-1,155
1,<environment.Job instance at 0x7f73f435dd70>,75,28,[ 2 11],76,-1,183,-1,155
1,<environment.Job instance at 0x7f73f4cf4c80>,76,28,[13  3],77,-1,183,-1,155
1,<environment.Job instance at 0x7f73f3f0f410>,78,23,[13  5],79,-1,178,-1,155
1,<environment.Job instance at 0x7f73f4c7e280>,79,19,[ 3 13],80,-1,174,-1,155
1,<environment.Job instance at 0x7f73f458efa0>,84,17,[ 2 13],85,-1,186,-1,169
1,<environment.Job instance at 0x7f73f458e1e0>,85,20,[ 1 11],86,-1,189,-1,169
1,<environment.Job instance at 0x7f73f458e870>,83,23,[6 5],84,-1,207,-1,184
1,<environment.Job instance at 0x7f73f47d7af0>,87,26,[8 5],88,-1,210,-1,184
1,<environment.Job instance at 0x7f73f4cb1550>,88,12,[ 3 14],89,-1,196,-1,184
1,<environment.Job instance at 0x7f73f443a500>,86,27,[4 6],87,-1,211,-1,184
1,<environment.Job instance at 0x7f73f4c938c0>,91,24,[14  4],92,-1,208,-1,184
1,<environment.Job instance at 0x7f73f47306e0>,92,26,[12  3],93,-1,210,-1,184
1,<environment.Job instance at 0x7f73f4722690>,93,16,[ 5 14],94,-1,200,-1,184
1,<environment.Job instance at 0x7f73f4385b90>,94,23,[8 4],95,-1,207,-1,184
1,<environment.Job instance at 0x7f73f43852d0>,95,12,[ 4 13],96,-1,196,-1,184
1,<environment.Job instance at 0x7f73f4561cd0>,96,25,[13  1],97,-1,209,-1,184
1,<environment.Job instance at 0x7f73f4939960>,1,22,[8 1],2,-1,24,-1,2
1,<environment.Job instance at 0x7f73f4080e10>,3,20,[8 2],4,-1,25,-1,5
1,<environment.Job instance at 0x7f73f40800f0>,5,15,[4 9],6,-1,21,-1,6
1,<environment.Job instance at 0x7f73f4080960>,6,16,[ 3 11],7,-1,23,-1,7
1,<environment.Job instance at 0x7f73f4080aa0>,7,12,[9 1],8,-1,20,-1,8
1,<environment.Job instance at 0x7f73f4087140>,8,16,[11  5],9,-1,25,-1,9
1,<environment.Job instance at 0x7f73f42eec80>,2,24,[14  4],3,-1,27,-1,3
1,<environment.Job instance at 0x7f73f4733230>,6,16,[ 3 11],7,-1,23,-1,7
1,<environment.Job instance at 0x7f73f4733320>,8,16,[11  5],9,-1,25,-1,9
1,<environment.Job instance at 0x7f73f4360370>,9,18,[13  2],10,-1,28,-1,10
1,<environment.Job instance at 0x7f73f4733730>,11,23,[14  1],12,-1,35,-1,12
1,<environment.Job instance at 0x7f73f4360d20>,12,17,[ 1 14],13,-1,30,-1,13
1,<environment.Job instance at 0x7f73f43402d0>,13,16,[12  2],14,-1,30,-1,14
1,<environment.Job instance at 0x7f73f42e9a50>,14,19,[ 4 11],15,-1,34,-1,15
1,<environment.Job instance at 0x7f73f47a2aa0>,16,16,[13  3],17,-1,39,-1,23
1,<environment.Job instance at 0x7f73f40ea730>,17,24,[14  3],18,-1,47,-1,23
1,<environment.Job instance at 0x7f73f40ea7d0>,18,19,[ 1 14],19,-1,42,-1,23
1,<environment.Job instance at 0x7f73f40eab90>,19,23,[14  3],20,-1,46,-1,23
1,<environment.Job instance at 0x7f73f40ea0f0>,20,28,[ 4 11],21,-1,51,-1,23
1,<environment.Job instance at 0x7f73f4393c80>,22,24,[5 2],23,-1,48,-1,24
1,<environment.Job instance at 0x7f73f4393050>,23,14,[ 4 12],24,-1,38,-1,24
1,<environment.Job instance at 0x7f73f40ea9b0>,21,27,[5 5],22,-1,51,-1,24
1,<environment.Job instance at 0x7f73f47a2730>,15,24,[9 5],16,-1,48,-1,24
1,<environment.Job instance at 0x7f73f43e0e10>,25,27,[ 2 11],26,-1,53,-1,26
1,<environment.Job instance at 0x7f73f43e0c30>,26,28,[12  4],27,-1,55,-1,27
1,<environment.Job instance at 0x7f73f43e0140>,28,14,[14  2],29,-1,43,-1,29
1,<environment.Job instance at 0x7f73f43e0d70>,24,27,[5 1],25,-1,63,-1,36
1,<environment.Job instance at 0x7f73f43e0050>,30,23,[12  5],31,-1,59,-1,36
1,<environment.Job instance at 0x7f73f42c2af0>,29,27,[5 1],30,-1,63,-1,36
1,<environment.Job instance at 0x7f73f42c2820>,33,12,[14  4],34,-1,48,-1,36
1,<environment.Job instance at 0x7f73f4846e60>,35,26,[7 5],36,-1,62,-1,36
1,<environment.Job instance at 0x7f73f43d9c30>,36,17,[ 3 14],37,-1,54,-1,37
1,<environment.Job instance at 0x7f73f42c2460>,31,23,[3 9],32,-1,61,-1,38
1,<environment.Job instance at 0x7f73f4401b90>,39,17,[ 2 13],40,-1,57,-1,40
1,<environment.Job instance at 0x7f73f4401730>,40,17,[14  2],41,-1,58,-1,41
1,<environment.Job instance at 0x7f73f4401550>,42,23,[5 5],43,-1,77,-1,54
1,<environment.Job instance at 0x7f73f44013c0>,43,13,[ 1 14],44,-1,67,-1,54
1,<environment.Job instance at 0x7f73f4401410>,44,12,[ 3 11],45,-1,66,-1,54
1,<environment.Job instance at 0x7f73f4401820>,41,26,[10  4],42,-1,80,-1,54
1,<environment.Job instance at 0x7f73f4401eb0>,47,19,[ 5 13],48,-1,73,-1,54
1,<environment.Job instance at 0x7f73fd460460>,49,25,[3 9],50,-1,93,-1,68
1,<environment.Job instance at 0x7f73fd460960>,53,17,[ 3 13],54,-1,99,-1,82
1,<environment.Job instance at 0x7f73f46667d0>,54,28,[3 9],55,-1,110,-1,82
1,<environment.Job instance at 0x7f73f42bb910>,55,28,[ 3 10],56,-1,110,-1,82
1,<environment.Job instance at 0x7f73f4666af0>,59,20,[12  4],60,-1,118,-1,98
1,<environment.Job instance at 0x7f73f4914cd0>,60,28,[8 2],61,-1,126,-1,98
1,<environment.Job instance at 0x7f73f49145f0>,61,16,[12  4],62,-1,114,-1,98
1,<environment.Job instance at 0x7f73f4914c30>,62,16,[ 2 13],63,-1,114,-1,98
1,<environment.Job instance at 0x7f73f49143c0>,63,23,[5 8],64,-1,121,-1,98
1,<environment.Job instance at 0x7f73f4914c80>,65,24,[9 3],66,-1,122,-1,98
1,<environment.Job instance at 0x7f73f49149b0>,67,23,[5 4],68,-1,134,-1,111
1,<environment.Job instance at 0x7f73f4cf0640>,68,23,[11  4],69,-1,134,-1,111
1,<environment.Job instance at 0x7f73f4cf0280>,70,21,[ 5 13],71,-1,132,-1,111
1,<environment.Job instance at 0x7f73f4cf0320>,71,22,[11  1],72,-1,133,-1,111
1,<environment.Job instance at 0x7f73f431ea50>,72,17,[11  2],73,-1,128,-1,111
1,<environment.Job instance at 0x7f73f46c38c0>,75,28,[10  3],76,-1,155,-1,127
1,<environment.Job instance at 0x7f73f4cd4050>,76,28,[13  4],77,-1,155,-1,127
1,<environment.Job instance at 0x7f73f431ef00>,78,25,[5 7],79,-1,152,-1,127
1,<environment.Job instance at 0x7f73f4116230>,79,23,[13  3],80,-1,150,-1,127
1,<environment.Job instance at 0x7f73f4116cd0>,80,18,[ 4 13],81,-1,145,-1,127
1,<environment.Job instance at 0x7f73f47306e0>,81,18,[13  1],82,-1,145,-1,127
1,<environment.Job instance at 0x7f73f47d7af0>,85,28,[3 8],86,-1,169,-1,141
1,<environment.Job instance at 0x7f73f4385b90>,86,18,[ 1 14],87,-1,159,-1,141
1,<environment.Job instance at 0x7f73f4c93140>,89,16,[12  2],90,-1,169,-1,153
1,<environment.Job instance at 0x7f73f458ea00>,90,12,[11  2],91,-1,165,-1,153
1,<environment.Job instance at 0x7f73f458eeb0>,92,16,[ 3 13],93,-1,176,-1,160
1,<environment.Job instance at 0x7f73f458ea50>,94,22,[ 1 12],95,-1,189,-1,167
1,<environment.Job instance at 0x7f73f458e7d0>,95,24,[12  5],96,-1,191,-1,167
1,<environment.Job instance at 0x7f73f4b4df50>,96,27,[3 5],97,-1,194,-1,167
1,<environment.Job instance at 0x7f73f3f90820>,7,18,[2 7],8,-1,27,-1,9
1,<environment.Job instance at 0x7f73f3f90550>,9,18,[3 8],10,-1,28,-1,10
1,<environment.Job instance at 0x7f73f3f906e0>,10,24,[5 7],11,-1,35,-1,11
1,<environment.Job instance at 0x7f73f3f90050>,8,25,[5 3],9,-1,36,-1,11
1,<environment.Job instance at 0x7f73f3f908c0>,12,15,[4 8],13,-1,28,-1,13
1,<environment.Job instance at 0x7f73f3ef7d20>,18,28,[ 2 14],19,-1,54,-1,26
1,<environment.Job instance at 0x7f73f3f900f0>,15,15,[13  4],16,-1,43,-1,28
1,<environment.Job instance at 0x7f73f3ef75a0>,20,22,[8 3],21,-1,50,-1,28
1,<environment.Job instance at 0x7f73f3f90f50>,13,27,[ 2 10],14,-1,55,-1,28
1,<environment.Job instance at 0x7f73f3ef7320>,19,28,[11  1],20,-1,56,-1,28
1,<environment.Job instance at 0x7f73f3ef74b0>,23,21,[9 1],24,-1,49,-1,28
1,<environment.Job instance at 0x7f73f46ebb40>,0,23,[13  2],1,-1,24,-1,1
1,<environment.Job instance at 0x7f73f4093cd0>,1,21,[12  3],2,-1,23,-1,2
1,<environment.Job instance at 0x7f73f46ebaa0>,2,17,[14  1],3,-1,20,-1,3
1,<environment.Job instance at 0x7f73f409d4b0>,3,15,[ 1 12],4,-1,19,-1,4
1,<environment.Job instance at 0x7f73f46d17d0>,6,20,[ 1 12],7,-1,27,-1,7
1,<environment.Job instance at 0x7f73f46c38c0>,8,25,[5 3],9,-1,34,-1,9
1,<environment.Job instance at 0x7f73f435da00>,10,24,[5 7],11,-1,48,-1,24
1,<environment.Job instance at 0x7f73f431eeb0>,13,27,[ 2 10],14,-1,51,-1,24
1,<environment.Job instance at 0x7f73f431ea50>,14,16,[ 1 12],15,-1,40,-1,24
1,<environment.Job instance at 0x7f73f3a49af0>,15,15,[13  4],16,-1,39,-1,24
1,<environment.Job instance at 0x7f73f42eec80>,16,20,[ 1 13],17,-1,44,-1,24
1,<environment.Job instance at 0x7f73f3ee2190>,18,28,[ 2 14],19,-1,52,-1,24
1,<environment.Job instance at 0x7f73f3cde4b0>,19,28,[11  1],20,-1,52,-1,24
1,<environment.Job instance at 0x7f73f472efa0>,21,28,[8 2],22,-1,53,-1,25
1,<environment.Job instance at 0x7f73f4078e60>,22,21,[ 1 11],23,-1,46,-1,25
1,<environment.Job instance at 0x7f73f4051b90>,24,21,[14  2],25,-1,46,-1,25
1,<environment.Job instance at 0x7f73f3a54af0>,26,21,[14  4],27,-1,59,-1,38
1,<environment.Job instance at 0x7f73f3f90730>,27,20,[11  1],28,-1,58,-1,38
1,<environment.Job instance at 0x7f73f3f90960>,28,22,[ 5 12],29,-1,60,-1,38
1,<environment.Job instance at 0x7f73f4be8280>,29,17,[13  1],30,-1,55,-1,38
1,<environment.Job instance at 0x7f73f45421e0>,30,27,[ 2 13],31,-1,65,-1,38
1,<environment.Job instance at 0x7f73f4835a50>,31,17,[11  4],32,-1,55,-1,38
1,<environment.Job instance at 0x7f73f3f90af0>,32,27,[ 4 13],33,-1,65,-1,38
1,<environment.Job instance at 0x7f73f4d33c80>,33,15,[14  1],34,-1,53,-1,38
1,<environment.Job instance at 0x7f73fd65f5a0>,36,25,[7 3],37,-1,78,-1,53
1,<environment.Job instance at 0x7f73f40d3230>,38,19,[ 3 13],39,-1,72,-1,53
1,<environment.Job instance at 0x7f73f3ae9a50>,41,25,[5 5],42,-1,96,-1,71
1,<environment.Job instance at 0x7f73f46c4f00>,42,26,[2 9],43,-1,97,-1,71
1,<environment.Job instance at 0x7f73f3fe0e60>,44,15,[12  4],45,-1,86,-1,71
1,<environment.Job instance at 0x7f73f3fe06e0>,45,27,[10  3],46,-1,98,-1,71
1,<environment.Job instance at 0x7f73f48f7dc0>,46,27,[ 1 11],47,-1,98,-1,71
1,<environment.Job instance at 0x7f73f469eb90>,47,18,[ 2 12],48,-1,89,-1,71
1,<environment.Job instance at 0x7f73f469e910>,48,22,[ 2 11],49,-1,93,-1,71
1,<environment.Job instance at 0x7f73f4d2cfa0>,49,23,[14  4],50,-1,94,-1,71
1,<environment.Job instance at 0x7f73f43a4b40>,50,22,[13  2],51,-1,93,-1,71
1,<environment.Job instance at 0x7f73f43a4730>,51,12,[ 1 12],52,-1,83,-1,71
1,<environment.Job instance at 0x7f73f4485dc0>,53,26,[5 5],54,-1,112,-1,86
1,<environment.Job instance at 0x7f73f44858c0>,54,16,[11  2],55,-1,102,-1,86
1,<environment.Job instance at 0x7f73f4541c80>,55,26,[5 8],56,-1,112,-1,86
1,<environment.Job instance at 0x7f73f4541e10>,56,18,[ 5 14],57,-1,104,-1,86
1,<environment.Job instance at 0x7f73f40ee5a0>,37,26,[ 4 10],38,-1,112,-1,86
1,<environment.Job instance at 0x7f73f3ff74b0>,58,27,[ 2 10],59,-1,113,-1,86
1,<environment.Job instance at 0x7f73f3ff7690>,59,20,[ 1 11],60,-1,106,-1,86
1,<environment.Job instance at 0x7f73f4541690>,60,27,[11  5],61,-1,113,-1,86
1,<environment.Job instance at 0x7f73f4597050>,61,14,[ 5 14],62,-1,100,-1,86
1,<environment.Job instance at 0x7f73f4597dc0>,63,25,[9 2],64,-1,114,-1,89
1,<environment.Job instance at 0x7f73f45977d0>,65,24,[ 5 13],66,-1,113,-1,89
1,<environment.Job instance at 0x7f73f45979b0>,66,15,[ 5 14],67,-1,104,-1,89
1,<environment.Job instance at 0x7f73f3c57d20>,67,22,[ 4 11],68,-1,111,-1,89
1,<environment.Job instance at 0x7f73f3c57b40>,68,13,[ 5 13],69,-1,102,-1,89
1,<environment.Job instance at 0x7f73f4490d70>,71,24,[5 1],72,-1,130,-1,106
1,<environment.Job instance at 0x7f73f4490190>,72,13,[ 5 12],73,-1,119,-1,106
1,<environment.Job instance at 0x7f73f4490550>,73,15,[14  1],74,-1,121,-1,106
1,<environment.Job instance at 0x7f73f46655a0>,75,28,[ 2 10],76,-1,144,-1,116
1,<environment.Job instance at 0x7f73f4490e10>,74,23,[1 8],75,-1,139,-1,116
1,<environment.Job instance at 0x7f73f3a4c280>,78,21,[ 3 14],79,-1,137,-1,116
1,<environment.Job instance at 0x7f73f4665050>,79,21,[ 2 12],80,-1,137,-1,116
1,<environment.Job instance at 0x7f73f44fd820>,82,21,[13  5],83,-1,152,-1,131
1,<environment.Job instance at 0x7f73f44f9690>,84,25,[9 4],85,-1,159,-1,134
1,<environment.Job instance at 0x7f73f44f9410>,86,14,[11  4],87,-1,149,-1,135
1,<environment.Job instance at 0x7f73f44f9230>,88,28,[ 1 13],89,-1,176,-1,148
1,<environment.Job instance at 0x7f73f44f93c0>,89,19,[ 5 14],90,-1,167,-1,148
1,<environment.Job instance at 0x7f73f44f9a00>,92,20,[ 4 14],93,-1,180,-1,160
1,<environment.Job instance at 0x7f73f4a61cd0>,93,18,[14  4],94,-1,178,-1,160
1,<environment.Job instance at 0x7f73f4087f50>,94,18,[ 3 11],95,-1,178,-1,160
1,<environment.Job instance at 0x7f73f4a61500>,96,26,[ 2 11],97,-1,196,-1,170
1,<environment.Job instance at 0x7f73f4a61780>,97,13,[13  4],98,-1,183,-1,170
1,<environment.Job instance at 0x7f73f3fed1e0>,100,13,[12  4],101,-1,195,-1,182
1,<environment.Job instance at 0x7f73f3c9d140>,101,17,[ 5 13],102,-1,199,-1,182
1,<environment.Job instance at 0x7f73f3c9d500>,102,16,[ 5 14],103,-1,198,-1,182
1,<environment.Job instance at 0x7f73f3f3c2d0>,11,15,[14  4],12,-1,28,-1,13
1,<environment.Job instance at 0x7f73f3e92e60>,13,19,[12  2],14,-1,47,-1,28
1,<environment.Job instance at 0x7f73f382e730>,0,24,[ 1 12],1,-1,25,-1,1
1,<environment.Job instance at 0x7f73f382e9b0>,1,28,[3 6],2,-1,30,-1,2
1,<environment.Job instance at 0x7f73f382ea50>,2,14,[ 4 12],3,-1,17,-1,3
1,<environment.Job instance at 0x7f73f382eaa0>,3,28,[ 2 13],4,-1,32,-1,4
1,<environment.Job instance at 0x7f73f382ec30>,4,25,[10  5],5,-1,30,-1,5
1,<environment.Job instance at 0x7f73f382ef00>,5,16,[13  3],6,-1,22,-1,6
1,<environment.Job instance at 0x7f73f42b40a0>,9,26,[ 2 14],10,-1,36,-1,10
1,<environment.Job instance at 0x7f73f38313c0>,11,15,[14  4],12,-1,27,-1,12
1,<environment.Job instance at 0x7f73f3831c30>,12,13,[13  5],13,-1,26,-1,13
1,<environment.Job instance at 0x7f73f3831320>,13,19,[12  2],14,-1,33,-1,14
1,<environment.Job instance at 0x7f73f38310a0>,17,27,[ 1 13],18,-1,45,-1,18
1,<environment.Job instance at 0x7f73f453fb90>,18,26,[8 2],19,-1,45,-1,19
1,<environment.Job instance at 0x7f73f42b4550>,8,28,[4 6],9,-1,60,-1,32
1,<environment.Job instance at 0x7f73f4493be0>,21,26,[11  1],22,-1,58,-1,32
1,<environment.Job instance at 0x7f73fd7cc140>,19,26,[5 7],20,-1,58,-1,32
1,<environment.Job instance at 0x7f73f38318c0>,14,24,[2 5],15,-1,56,-1,32
1,<environment.Job instance at 0x7f73f447c410>,27,18,[ 1 12],28,-1,51,-1,33
1,<environment.Job instance at 0x7f73f45c9910>,28,15,[ 3 11],29,-1,48,-1,33
1,<environment.Job instance at 0x7f73f3af6370>,29,24,[ 1 11],30,-1,57,-1,33
1,<environment.Job instance at 0x7f73f4e60190>,31,16,[ 2 13],32,-1,60,-1,44
1,<environment.Job instance at 0x7f73f46700a0>,32,21,[ 4 13],33,-1,65,-1,44
1,<environment.Job instance at 0x7f73f3af6af0>,30,23,[6 3],31,-1,82,-1,59
1,<environment.Job instance at 0x7f73f3fedfa0>,35,27,[13  3],36,-1,86,-1,59
1,<environment.Job instance at 0x7f73f4a61780>,36,24,[3 9],37,-1,87,-1,63
1,<environment.Job instance at 0x7f73f4a61550>,38,23,[14  1],39,-1,86,-1,63
1,<environment.Job instance at 0x7f73f4a61af0>,39,27,[11  2],40,-1,90,-1,63
1,<environment.Job instance at 0x7f73f44fd820>,42,22,[ 3 14],43,-1,85,-1,63
1,<environment.Job instance at 0x7f73f44fd7d0>,43,15,[13  2],44,-1,78,-1,63
1,<environment.Job instance at 0x7f73f4597dc0>,44,16,[11  3],45,-1,79,-1,63
1,<environment.Job instance at 0x7f73f4597050>,48,23,[13  2],49,-1,109,-1,86
1,<environment.Job instance at 0x7f73f3ff7730>,49,16,[ 3 14],50,-1,102,-1,86
1,<environment.Job instance at 0x7f73f3ff7690>,50,16,[13  5],51,-1,102,-1,86
1,<environment.Job instance at 0x7f73f4597960>,47,23,[9 3],48,-1,112,-1,89
1,<environment.Job instance at 0x7f73f45410f0>,53,17,[11  4],54,-1,106,-1,89
1,<environment.Job instance at 0x7f73f4d2cfa0>,54,28,[13  5],55,-1,117,-1,89
1,<environment.Job instance at 0x7f73f4541a50>,55,27,[6 1],56,-1,116,-1,89
1,<environment.Job instance at 0x7f73f48f7dc0>,57,17,[ 5 11],58,-1,106,-1,89
1,<environment.Job instance at 0x7f73f3ae9a50>,59,19,[ 5 12],60,-1,120,-1,101
1,<environment.Job instance at 0x7f73fd65f5a0>,61,24,[14  3],62,-1,126,-1,102
1,<environment.Job instance at 0x7f73f40ee5a0>,62,23,[ 1 14],63,-1,125,-1,102
1,<environment.Job instance at 0x7f73f469e2d0>,63,24,[12  2],64,-1,126,-1,102
1,<environment.Job instance at 0x7f73f43aaa00>,64,28,[3 6],65,-1,141,-1,113
1,<environment.Job instance at 0x7f73f4be8280>,65,21,[ 2 14],66,-1,134,-1,113
1,<environment.Job instance at 0x7f73f4542780>,66,15,[13  5],67,-1,128,-1,113
1,<environment.Job instance at 0x7f73f3a54320>,70,12,[ 1 12],71,-1,126,-1,114
1,<environment.Job instance at 0x7f73f472a910>,71,21,[ 2 12],72,-1,135,-1,114
1,<environment.Job instance at 0x7f73f47a2aa0>,72,15,[13  4],73,-1,129,-1,114
1,<environment.Job instance at 0x7f73f40d6960>,69,25,[ 3 10],70,-1,153,-1,128
1,<environment.Job instance at 0x7f73f3ec70a0>,73,28,[3 8],74,-1,156,-1,128
1,<environment.Job instance at 0x7f73f4093cd0>,76,14,[11  3],77,-1,142,-1,128
1,<environment.Job instance at 0x7f73f3c2be10>,79,26,[3 8],80,-1,154,-1,128
1,<environment.Job instance at 0x7f73f3829a00>,80,16,[ 5 12],81,-1,144,-1,128
1,<environment.Job instance at 0x7f73f3829960>,81,24,[13  4],82,-1,152,-1,128
1,<environment.Job instance at 0x7f73f42820f0>,83,25,[14  2],84,-1,153,-1,128
1,<environment.Job instance at 0x7f73f48a5910>,84,27,[4 5],85,-1,168,-1,141
1,<environment.Job instance at 0x7f73f42827d0>,85,23,[12  2],86,-1,164,-1,141
1,<environment.Job instance at 0x7f73f42825a0>,82,27,[8 2],83,-1,168,-1,141
1,<environment.Job instance at 0x7f73f4490cd0>,88,14,[13  1],89,-1,155,-1,141
1,<environment.Job instance at 0x7f73f487dd70>,89,18,[ 2 13],90,-1,159,-1,141
1,<environment.Job instance at 0x7f73f3cc1870>,90,17,[ 4 11],91,-1,158,-1,141
1,<environment.Job instance at 0x7f73f486c370>,92,14,[ 3 11],93,-1,155,-1,141
1,<environment.Job instance at 0x7f73f4490460>,93,17,[ 5 13],94,-1,158,-1,141
1,<environment.Job instance at 0x7f73f467fa00>,94,22,[13  3],95,-1,163,-1,141
1,<environment.Job instance at 0x7f73f3823870>,95,13,[ 3 13],96,-1,154,-1,141
1,<environment.Job instance at 0x7f73f4705cd0>,96,14,[12  1],97,-1,155,-1,141
1,<environment.Job instance at 0x7f73f37f92d0>,98,17,[ 3 13],99,-1,158,-1,141
1,<environment.Job instance at 0x7f73f37f9230>,100,20,[11  2],101,-1,166,-1,146
1,<environment.Job instance at 0x7f73f3e1a0a0>,101,19,[ 2 12],102,-1,165,-1,146
1,<environment.Job instance at 0x7f73fd978f50>,102,18,[ 3 11],103,-1,164,-1,146
1,<environment.Job instance at 0x7f73fd9786e0>,103,14,[ 4 12],104,-1,160,-1,146
1,<environment.Job instance at 0x7f73f40b48c0>,104,19,[ 5 11],105,-1,165,-1,146
1,<environment.Job instance at 0x7f73f40b4eb0>,105,14,[ 5 13],106,-1,160,-1,146
1,<environment.Job instance at 0x7f73f37f9af0>,99,28,[3 7],100,-1,186,-1,158
1,<environment.Job instance at 0x7f73f40b4a50>,107,21,[13  5],108,-1,179,-1,158
1,<environment.Job instance at 0x7f73f3c59230>,108,17,[11  1],109,-1,175,-1,158
1,<environment.Job instance at 0x7f73f40ec870>,109,23,[ 1 14],110,-1,181,-1,158
1,<environment.Job instance at 0x7f73f46d1fa0>,75,28,[9 3],76,-1,187,-1,159
1,<environment.Job instance at 0x7f73f3c590a0>,111,14,[ 5 14],112,-1,173,-1,159
1,<environment.Job instance at 0x7f73f3cde690>,112,15,[ 2 14],113,-1,174,-1,159
1,<environment.Job instance at 0x7f73f46e8050>,74,24,[9 3],75,-1,184,-1,160
1,<environment.Job instance at 0x7f73f423baa0>,114,14,[13  5],115,-1,174,-1,160
1,<environment.Job instance at 0x7f73f423bdc0>,115,26,[1 9],116,-1,186,-1,160
1,<environment.Job instance at 0x7f73f4a257d0>,116,22,[ 4 11],117,-1,182,-1,160
1,<environment.Job instance at 0x7f73f495db40>,119,24,[ 3 14],120,-1,185,-1,161
1,<environment.Job instance at 0x7f73f3cde230>,120,28,[ 5 11],121,-1,189,-1,161
1,<environment.Job instance at 0x7f73f4605230>,121,17,[ 5 12],122,-1,178,-1,161
1,<environment.Job instance at 0x7f73f46a41e0>,124,22,[11  2],125,-1,198,-1,176
1,<environment.Job instance at 0x7f73f42d3e60>,3,18,[ 4 11],4,-1,23,-1,5
1,<environment.Job instance at 0x7f73f47a2730>,4,28,[7 4],5,-1,33,-1,5
1,<environment.Job instance at 0x7f73f42d3190>,7,20,[8 1],8,-1,29,-1,9
1,<environment.Job instance at 0x7f73f42d3d20>,17,25,[ 4 11],18,-1,208,-1,183
1,<environment.Job instance at 0x7f73fd4cd730>,0,13,[12  1],1,-1,14,-1,1
1,<environment.Job instance at 0x7f73f4078e60>,1,28,[ 5 11],2,-1,30,-1,2
1,<environment.Job instance at 0x7f73f3ff0500>,3,18,[ 4 11],4,-1,22,-1,4
1,<environment.Job instance at 0x7f73f4a257d0>,4,28,[7 4],5,-1,33,-1,5
1,<environment.Job instance at 0x7f73f47afc80>,5,19,[14  5],6,-1,25,-1,6
1,<environment.Job instance at 0x7f73f3f255a0>,6,24,[11  2],7,-1,31,-1,7
1,<environment.Job instance at 0x7f73f3b72d20>,8,13,[14  2],9,-1,22,-1,9
1,<environment.Job instance at 0x7f73fd65f5a0>,9,13,[ 4 14],10,-1,23,-1,10
1,<environment.Job instance at 0x7f73f3ff74b0>,13,26,[13  5],14,-1,40,-1,14
1,<environment.Job instance at 0x7f73f4a61910>,14,17,[ 4 14],15,-1,32,-1,15
1,<environment.Job instance at 0x7f73f4a61780>,15,15,[11  2],16,-1,31,-1,16
1,<environment.Job instance at 0x7f73f4a61550>,16,16,[ 4 14],17,-1,33,-1,17
1,<environment.Job instance at 0x7f73f4a61cd0>,17,25,[ 4 11],18,-1,43,-1,18
1,<environment.Job instance at 0x7f73f3fed820>,18,20,[ 1 14],19,-1,39,-1,19
1,<environment.Job instance at 0x7f73f3fed870>,19,20,[ 2 11],20,-1,40,-1,20
1,<environment.Job instance at 0x7f73f3fed730>,20,15,[ 1 13],21,-1,36,-1,21
1,<environment.Job instance at 0x7f73f4e60a00>,21,16,[ 3 12],22,-1,38,-1,22
1,<environment.Job instance at 0x7f73f43a4730>,10,24,[8 2],11,-1,52,-1,28
1,<environment.Job instance at 0x7f73f3be5aa0>,26,24,[ 5 14],27,-1,52,-1,28
1,<environment.Job instance at 0x7f73f4507460>,23,23,[5 6],24,-1,51,-1,28
1,<environment.Job instance at 0x7f73f46706e0>,24,24,[5 6],25,-1,52,-1,28
1,<environment.Job instance at 0x7f73f447cf50>,28,26,[ 5 13],29,-1,55,-1,29
1,<environment.Job instance at 0x7f73fd91a140>,29,13,[12  2],30,-1,43,-1,30
1,<environment.Job instance at 0x7f73f4d280a0>,30,24,[ 5 13],31,-1,55,-1,31
1,<environment.Job instance at 0x7f73f467fa00>,31,23,[ 5 12],32,-1,55,-1,32
1,<environment.Job instance at 0x7f73f38af780>,32,15,[14  2],33,-1,48,-1,33
1,<environment.Job instance at 0x7f73f3f9dd20>,33,25,[ 2 12],34,-1,59,-1,34
1,<environment.Job instance at 0x7f73f4d42230>,35,24,[14  2],36,-1,60,-1,36
1,<environment.Job instance at 0x7f73f458e3c0>,36,15,[ 5 12],37,-1,52,-1,37
1,<environment.Job instance at 0x7f73f42d3460>,39,19,[ 4 13],40,-1,62,-1,43
1,<environment.Job instance at 0x7f73f42d3960>,40,21,[ 5 13],41,-1,64,-1,43
1,<environment.Job instance at 0x7f73f458ec30>,38,27,[2 9],39,-1,70,-1,43
1,<environment.Job instance at 0x7f73f4d339b0>,42,24,[7 1],43,-1,67,-1,43
1,<environment.Job instance at 0x7f73f4d332d0>,43,23,[6 3],44,-1,79,-1,56
1,<environment.Job instance at 0x7f73f6e7b0a0>,46,16,[14  5],47,-1,72,-1,56
1,<environment.Job instance at 0x7f73f4a4f370>,47,18,[ 4 11],48,-1,74,-1,56
1,<environment.Job instance at 0x7f73f4d33870>,49,13,[12  3],50,-1,69,-1,56
1,<environment.Job instance at 0x7f73f4dd2a50>,50,25,[10  2],51,-1,81,-1,56
1,<environment.Job instance at 0x7f73f47cd8c0>,51,28,[ 5 14],52,-1,84,-1,56
1,<environment.Job instance at 0x7f73f4733c30>,53,17,[12  5],54,-1,73,-1,56
1,<environment.Job instance at 0x7f73f4d33d70>,48,25,[2 5],49,-1,84,-1,59
1,<environment.Job instance at 0x7f73f4493dc0>,55,27,[13  3],56,-1,86,-1,59
1,<environment.Job instance at 0x7f73f41b9aa0>,59,21,[11  1],60,-1,93,-1,72
1,<environment.Job instance at 0x7f73f3d78640>,61,18,[11  1],62,-1,95,-1,77
1,<environment.Job instance at 0x7f73f4835c30>,63,15,[ 2 13],64,-1,100,-1,85
1,<environment.Job instance at 0x7f73f40d3b90>,65,15,[ 2 13],66,-1,100,-1,85
1,<environment.Job instance at 0x7f73f40d3500>,66,17,[13  4],67,-1,102,-1,85
1,<environment.Job instance at 0x7f73f4d2cfa0>,67,28,[ 1 12],68,-1,113,-1,85
1,<environment.Job instance at 0x7f73f4d2c050>,69,20,[ 4 14],70,-1,113,-1,93
1,<environment.Job instance at 0x7f73f4d2cc80>,70,18,[14  1],71,-1,111,-1,93
1,<environment.Job instance at 0x7f73f46d17d0>,72,24,[ 2 12],73,-1,117,-1,93
1,<environment.Job instance at 0x7f73f46d1af0>,76,24,[3 7],77,-1,134,-1,110
1,<environment.Job instance at 0x7f73fd8d3640>,77,15,[ 3 14],78,-1,125,-1,110
1,<environment.Job instance at 0x7f73f46d1960>,78,25,[3 6],79,-1,135,-1,110
1,<environment.Job instance at 0x7f73f4b7a820>,80,16,[ 5 12],81,-1,127,-1,111
1,<environment.Job instance at 0x7f73f4b7a960>,81,22,[13  4],82,-1,133,-1,111
1,<environment.Job instance at 0x7f73f4b7afa0>,82,17,[13  5],83,-1,128,-1,111
1,<environment.Job instance at 0x7f73f4b7a730>,83,17,[14  5],84,-1,128,-1,111
1,<environment.Job instance at 0x7f73f4b7a1e0>,84,17,[ 1 13],85,-1,128,-1,111
1,<environment.Job instance at 0x7f73f4b7ab90>,85,16,[ 1 11],86,-1,127,-1,111
1,<environment.Job instance at 0x7f73f4b7a550>,87,16,[14  4],88,-1,132,-1,116
1,<environment.Job instance at 0x7f73f3fffcd0>,89,23,[2 5],90,-1,157,-1,134
1,<environment.Job instance at 0x7f73f3fff690>,92,14,[11  5],93,-1,149,-1,135
1,<environment.Job instance at 0x7f73f3fff370>,93,18,[ 4 12],94,-1,153,-1,135
1,<environment.Job instance at 0x7f73f3fffb40>,94,24,[ 3 11],95,-1,159,-1,135
1,<environment.Job instance at 0x7f73f3fff730>,95,15,[ 3 13],96,-1,150,-1,135
1,<environment.Job instance at 0x7f73f3fffc80>,97,13,[13  2],98,-1,156,-1,143
1,<environment.Job instance at 0x7f73f3fffe10>,98,27,[13  3],99,-1,170,-1,143
1,<environment.Job instance at 0x7f73f40ee780>,101,27,[12  3],102,-1,182,-1,155
1,<environment.Job instance at 0x7f73f3ec8c30>,103,26,[ 4 11],104,-1,188,-1,162
1,<environment.Job instance at 0x7f73f3ec84b0>,105,23,[1 6],106,-1,200,-1,177
1,<environment.Job instance at 0x7f73f3ec86e0>,106,24,[ 5 12],107,-1,201,-1,177
1,<environment.Job instance at 0x7f73f3df4aa0>,108,24,[7 2],109,-1,208,-1,184
1,<environment.Job instance at 0x7f73f40d5320>,110,14,[14  5],111,-1,198,-1,184
1,<environment.Job instance at 0x7f73f469ef00>,111,14,[ 3 12],112,-1,198,-1,184
1,<environment.Job instance at 0x7f73f495cb40>,0,13,[9 3],1,-1,15,-1,2
1,<environment.Job instance at 0x7f73f366f690>,2,28,[8 4],3,-1,31,-1,3
1,<environment.Job instance at 0x7f73f366f230>,10,15,[5 8],11,-1,61,-1,46
1,<environment.Job instance at 0x7f73f3f1d5a0>,1,23,[ 1 13],2,-1,25,-1,2
1,<environment.Job instance at 0x7f73fd65f5a0>,3,27,[ 3 12],4,-1,31,-1,4
1,<environment.Job instance at 0x7f73f3fff6e0>,4,14,[ 2 14],5,-1,19,-1,5
1,<environment.Job instance at 0x7f73f40004b0>,5,15,[11  1],6,-1,21,-1,6
1,<environment.Job instance at 0x7f73f4d42230>,2,28,[8 4],3,-1,42,-1,14
1,<environment.Job instance at 0x7f73f47bc8c0>,11,24,[1 6],12,-1,38,-1,14
1,<environment.Job instance at 0x7f73f379be60>,12,16,[ 3 11],13,-1,30,-1,14
1,<environment.Job instance at 0x7f73f47bc460>,9,23,[ 4 10],10,-1,37,-1,14
1,<environment.Job instance at 0x7f73f39fc780>,14,23,[14  4],15,-1,38,-1,15
1,<environment.Job instance at 0x7f73f39fc870>,15,16,[14  4],16,-1,32,-1,16
1,<environment.Job instance at 0x7f73f39fc8c0>,18,24,[ 4 11],19,-1,52,-1,28
1,<environment.Job instance at 0x7f73f39fcaa0>,19,28,[1 7],20,-1,57,-1,29
1,<environment.Job instance at 0x7f73f39fc690>,16,26,[ 1 10],17,-1,55,-1,29
1,<environment.Job instance at 0x7f73f39fcf50>,21,18,[13  2],22,-1,47,-1,29
1,<environment.Job instance at 0x7f73f39eb5f0>,22,24,[14  4],23,-1,53,-1,29
1,<environment.Job instance at 0x7f73f3a050a0>,23,25,[2 8],24,-1,54,-1,29
1,<environment.Job instance at 0x7f73f37b3230>,26,27,[13  4],27,-1,68,-1,41
1,<environment.Job instance at 0x7f73f37b3140>,28,25,[ 1 12],29,-1,69,-1,44
1,<environment.Job instance at 0x7f73f3a202d0>,30,27,[ 2 13],31,-1,82,-1,55
1,<environment.Job instance at 0x7f73f3a20820>,31,20,[14  5],32,-1,75,-1,55
1,<environment.Job instance at 0x7f73f3a208c0>,32,25,[ 3 12],33,-1,80,-1,55
1,<environment.Job instance at 0x7f73f3a20960>,33,14,[13  1],34,-1,69,-1,55
1,<environment.Job instance at 0x7f73f3a20640>,34,15,[12  1],35,-1,70,-1,55
1,<environment.Job instance at 0x7f73f3a200f0>,35,13,[ 2 12],36,-1,68,-1,55
1,<environment.Job instance at 0x7f73f3a209b0>,36,12,[14  2],37,-1,67,-1,55
1,<environment.Job instance at 0x7f73f4a221e0>,37,28,[7 1],38,-1,87,-1,59
1,<environment.Job instance at 0x7f73f4a22280>,38,18,[ 3 13],39,-1,77,-1,59
1,<environment.Job instance at 0x7f73f4a22c30>,40,17,[13  4],41,-1,76,-1,59
1,<environment.Job instance at 0x7f73f37a7280>,41,27,[6 2],42,-1,86,-1,59
1,<environment.Job instance at 0x7f73f4a54d20>,44,16,[ 2 11],45,-1,84,-1,68
1,<environment.Job instance at 0x7f73f4a54dc0>,45,27,[ 5 12],46,-1,95,-1,68
1,<environment.Job instance at 0x7f73f4a54c80>,46,17,[ 4 13],47,-1,85,-1,68
1,<environment.Job instance at 0x7f73f4a514b0>,47,28,[9 4],48,-1,102,-1,74
1,<environment.Job instance at 0x7f73f4a51500>,48,25,[ 1 12],49,-1,99,-1,74
1,<environment.Job instance at 0x7f73f4a51eb0>,49,28,[2 9],50,-1,102,-1,74
1,<environment.Job instance at 0x7f73f4a51d70>,51,14,[14  3],52,-1,88,-1,74
1,<environment.Job instance at 0x7f73f4a51f00>,52,15,[ 3 11],53,-1,89,-1,74
1,<environment.Job instance at 0x7f73f4a35370>,53,20,[ 4 12],54,-1,94,-1,74
1,<environment.Job instance at 0x7f73f4a35230>,54,28,[ 5 14],55,-1,102,-1,74
1,<environment.Job instance at 0x7f73f4a35f50>,55,17,[ 3 14],56,-1,91,-1,74
1,<environment.Job instance at 0x7f73f4a353c0>,56,27,[ 3 10],57,-1,114,-1,87
1,<environment.Job instance at 0x7f73f4a37f50>,61,27,[6 4],62,-1,128,-1,101
1,<environment.Job instance at 0x7f73f4a37870>,63,25,[2 8],64,-1,126,-1,101
1,<environment.Job instance at 0x7f73f4a4c960>,67,28,[ 5 11],68,-1,129,-1,101
1,<environment.Job instance at 0x7f73f4a2c6e0>,69,13,[11  4],70,-1,128,-1,115
1,<environment.Job instance at 0x7f73f4a2c140>,70,21,[12  2],71,-1,136,-1,115
1,<environment.Job instance at 0x7f73f4a2c9b0>,71,23,[ 2 12],72,-1,138,-1,115
1,<environment.Job instance at 0x7f73f37b49b0>,72,26,[ 2 13],73,-1,141,-1,115
1,<environment.Job instance at 0x7f73f37b40f0>,73,17,[13  3],74,-1,132,-1,115
1,<environment.Job instance at 0x7f73f40a9b90>,74,22,[13  2],75,-1,137,-1,115
1,<environment.Job instance at 0x7f73f3783aa0>,76,13,[ 2 14],77,-1,129,-1,116
1,<environment.Job instance at 0x7f73f3783410>,77,22,[ 3 14],78,-1,138,-1,116
1,<environment.Job instance at 0x7f73f3c39550>,78,28,[ 3 13],79,-1,144,-1,116
1,<environment.Job instance at 0x7f73f39e75a0>,79,27,[14  1],80,-1,143,-1,116
1,<environment.Job instance at 0x7f73f4e088c0>,81,17,[13  4],82,-1,144,-1,127
1,<environment.Job instance at 0x7f73f4e08960>,82,27,[7 4],83,-1,155,-1,128
1,<environment.Job instance at 0x7f73f4e08fa0>,83,14,[ 5 12],84,-1,142,-1,128
1,<environment.Job instance at 0x7f73f4097870>,84,23,[13  4],85,-1,151,-1,128
1,<environment.Job instance at 0x7f73f40a30a0>,86,15,[14  3],87,-1,143,-1,128
1,<environment.Job instance at 0x7f73f4097dc0>,87,25,[ 3 10],88,-1,164,-1,139
1,<environment.Job instance at 0x7f73f38ba050>,90,17,[ 5 13],91,-1,160,-1,143
1,<environment.Job instance at 0x7f73f38ba410>,91,28,[10  2],92,-1,184,-1,156
1,<environment.Job instance at 0x7f73f38bae10>,92,24,[9 3],93,-1,180,-1,156
1,<environment.Job instance at 0x7f73f3835190>,93,21,[13  1],94,-1,177,-1,156
1,<environment.Job instance at 0x7f73f4b61460>,96,27,[11  3],97,-1,183,-1,156
1,<environment.Job instance at 0x7f73f4d23870>,4,22,[1 8],5,-1,27,-1,5
1,<environment.Job instance at 0x7f73f4d234b0>,9,16,[9 4],10,-1,37,-1,21
1,<environment.Job instance at 0x7f73f4d9d5a0>,19,25,[8 1],20,-1,70,-1,45
1,<environment.Job instance at 0x7f73f4d23690>,14,18,[ 5 13],15,-1,70,-1,52
1,<environment.Job instance at 0x7f73f4d9da00>,18,21,[14  5],19,-1,73,-1,52
1,<environment.Job instance at 0x7f73f4d9dd20>,21,12,[12  3],22,-1,64,-1,52
1,<environment.Job instance at 0x7f73f4d9dc80>,22,21,[7 4],23,-1,73,-1,52
1,<environment.Job instance at 0x7f73f4d9d140>,23,20,[3 9],24,-1,72,-1,52
1,<environment.Job instance at 0x7f73f4d9d370>,25,25,[10  3],26,-1,77,-1,52
1,<environment.Job instance at 0x7f73f4d9d9b0>,26,16,[9 5],27,-1,68,-1,52
1,<environment.Job instance at 0x7f73f4d9de10>,27,28,[13  4],28,-1,80,-1,52
1,<environment.Job instance at 0x7f73f3cc0910>,0,19,[ 5 14],1,-1,20,-1,1
1,<environment.Job instance at 0x7f73f3796b40>,2,26,[ 1 13],3,-1,29,-1,3
1,<environment.Job instance at 0x7f73fd4a2960>,5,14,[ 3 13],6,-1,20,-1,6
1,<environment.Job instance at 0x7f73f4b61050>,6,16,[ 5 13],7,-1,23,-1,7
1,<environment.Job instance at 0x7f73f39b8af0>,8,28,[14  2],9,-1,37,-1,9
1,<environment.Job instance at 0x7f73f4a3f9b0>,12,20,[ 1 11],13,-1,35,-1,15
1,<environment.Job instance at 0x7f73f3ba3c80>,14,18,[ 5 13],15,-1,33,-1,15
1,<environment.Job instance at 0x7f73f4b61460>,10,23,[6 4],11,-1,38,-1,15
1,<environment.Job instance at 0x7f73f449d550>,15,14,[12  2],16,-1,30,-1,16
1,<environment.Job instance at 0x7f73f449d1e0>,17,28,[1 5],18,-1,46,-1,18
1,<environment.Job instance at 0x7f73fd8d4460>,18,21,[14  5],19,-1,40,-1,19
1,<environment.Job instance at 0x7f73f4716960>,21,12,[12  3],22,-1,34,-1,22
1,<environment.Job instance at 0x7f73f4716b90>,19,25,[8 1],20,-1,53,-1,28
1,<environment.Job instance at 0x7f73f47bc370>,24,25,[4 5],25,-1,53,-1,28
1,<environment.Job instance at 0x7f73f47bcd20>,27,28,[13  4],28,-1,56,-1,28
1,<environment.Job instance at 0x7f73f47bc3c0>,28,20,[13  2],29,-1,49,-1,29
1,<environment.Job instance at 0x7f73f4a89780>,29,14,[12  3],30,-1,44,-1,30
1,<environment.Job instance at 0x7f73f47a9af0>,30,17,[ 5 13],31,-1,48,-1,31
1,<environment.Job instance at 0x7f73f47bc460>,25,25,[10  3],26,-1,69,-1,44
1,<environment.Job instance at 0x7f73f47a9d70>,31,13,[11  3],32,-1,57,-1,44
1,<environment.Job instance at 0x7f73f4a89910>,32,18,[13  4],33,-1,62,-1,44
1,<environment.Job instance at 0x7f73f4a353c0>,34,12,[ 3 12],35,-1,56,-1,44
1,<environment.Job instance at 0x7f73f4a35e10>,35,16,[ 2 11],36,-1,60,-1,44
1,<environment.Job instance at 0x7f73f4a35230>,36,27,[14  4],37,-1,71,-1,44
1,<environment.Job instance at 0x7f73f4a35910>,37,25,[ 2 14],38,-1,69,-1,44
1,<environment.Job instance at 0x7f73f4a351e0>,40,20,[ 3 11],41,-1,64,-1,44
1,<environment.Job instance at 0x7f73f3a20640>,43,15,[ 2 14],44,-1,63,-1,48
1,<environment.Job instance at 0x7f73f3a202d0>,44,23,[ 3 14],45,-1,71,-1,48
1,<environment.Job instance at 0x7f73f3a20550>,45,21,[ 5 13],46,-1,69,-1,48
1,<environment.Job instance at 0x7f73f3a20820>,46,16,[ 3 14],47,-1,64,-1,48
1,<environment.Job instance at 0x7f73f3a205f0>,47,17,[11  5],48,-1,65,-1,48
1,<environment.Job instance at 0x7f73f46b7640>,48,14,[11  3],49,-1,63,-1,49
1,<environment.Job instance at 0x7f73f3a206e0>,50,13,[14  1],51,-1,70,-1,57
1,<environment.Job instance at 0x7f73f6e7b2d0>,53,16,[ 2 12],54,-1,80,-1,64
1,<environment.Job instance at 0x7f73f4575aa0>,54,18,[ 3 11],55,-1,82,-1,64
1,<environment.Job instance at 0x7f73f4dd2280>,56,15,[ 1 14],57,-1,91,-1,76
1,<environment.Job instance at 0x7f73f378f690>,57,24,[5 2],58,-1,105,-1,81
1,<environment.Job instance at 0x7f73fd489eb0>,58,23,[ 2 13],59,-1,104,-1,81
1,<environment.Job instance at 0x7f73f3cce550>,59,13,[14  1],60,-1,94,-1,81
1,<environment.Job instance at 0x7f73f3c763c0>,60,22,[ 1 11],61,-1,103,-1,81
1,<environment.Job instance at 0x7f73f495deb0>,62,13,[ 3 12],63,-1,94,-1,81
1,<environment.Job instance at 0x7f73f3df2460>,63,14,[ 2 11],64,-1,95,-1,81
1,<environment.Job instance at 0x7f73f4e000f0>,61,23,[3 8],62,-1,125,-1,102
1,<environment.Job instance at 0x7f73f3df2870>,64,25,[5 8],65,-1,127,-1,102
1,<environment.Job instance at 0x7f73f4a37870>,68,24,[ 4 13],69,-1,126,-1,102
1,<environment.Job instance at 0x7f73f4a37050>,66,26,[10  4],67,-1,128,-1,102
1,<environment.Job instance at 0x7f73f41cee60>,72,15,[11  1],73,-1,117,-1,102
1,<environment.Job instance at 0x7f73f3bd56e0>,75,23,[ 3 12],76,-1,142,-1,119
1,<environment.Job instance at 0x7f73fd979dc0>,79,14,[11  2],80,-1,160,-1,146
1,<environment.Job instance at 0x7f73fd979aa0>,80,28,[14  3],81,-1,174,-1,146
1,<environment.Job instance at 0x7f73f4a2c6e0>,81,22,[ 5 12],82,-1,168,-1,146
1,<environment.Job instance at 0x7f73f4a2c7d0>,82,16,[11  2],83,-1,162,-1,146
1,<environment.Job instance at 0x7f73f3e0b780>,77,28,[5 9],78,-1,175,-1,147
1,<environment.Job instance at 0x7f73f4a2c460>,84,27,[11  3],85,-1,174,-1,147
1,<environment.Job instance at 0x7f73f4a2cb40>,86,27,[ 2 11],87,-1,175,-1,148
1,<environment.Job instance at 0x7f73f464e8c0>,87,28,[13  3],88,-1,176,-1,148
1,<environment.Job instance at 0x7f73f4a2c050>,90,27,[ 2 12],91,-1,190,-1,163
1,<environment.Job instance at 0x7f73f4a4c960>,92,12,[11  1],93,-1,176,-1,164
1,<environment.Job instance at 0x7f73f4a2cc80>,89,23,[9 5],90,-1,208,-1,185
1,<environment.Job instance at 0x7f73f3822f00>,95,19,[ 3 11],96,-1,204,-1,185
1,<environment.Job instance at 0x7f73f4a4c460>,96,25,[ 1 14],97,-1,210,-1,185
1,<environment.Job instance at 0x7f73f4a4c5f0>,97,24,[8 2],98,-1,209,-1,185
1,<environment.Job instance at 0x7f73f4a4ca50>,98,26,[14  4],99,-1,211,-1,185
1,<environment.Job instance at 0x7f73f4d81960>,100,23,[ 1 11],101,-1,208,-1,185
1,<environment.Job instance at 0x7f73fd412f00>,0,28,[5 4],1,-1,29,-1,1
1,<environment.Job instance at 0x7f73f3ba3e10>,1,19,[5 4],2,-1,21,-1,2
1,<environment.Job instance at 0x7f73f498e550>,7,25,[10  4],8,-1,41,-1,16
1,<environment.Job instance at 0x7f73fd4a3f50>,8,22,[ 3 13],9,-1,38,-1,16
1,<environment.Job instance at 0x7f73f498e460>,16,20,[1 7],17,-1,37,-1,17
1,<environment.Job instance at 0x7f73f498e2d0>,17,23,[10  3],18,-1,41,-1,18
1,<environment.Job instance at 0x7f73f498ecd0>,20,27,[9 5],21,-1,54,-1,27
1,<environment.Job instance at 0x7f73f498e1e0>,18,18,[13  4],19,-1,45,-1,27
1,<environment.Job instance at 0x7f73f498e640>,22,19,[ 5 13],23,-1,46,-1,27
1,<environment.Job instance at 0x7f73f498ed20>,14,21,[14  2],15,-1,50,-1,29
1,<environment.Job instance at 0x7f73f4a54050>,0,28,[5 4],1,-1,29,-1,1
1,<environment.Job instance at 0x7f73f4a54be0>,2,22,[12  5],3,-1,25,-1,3
1,<environment.Job instance at 0x7f73f4a54b90>,3,26,[ 3 14],4,-1,30,-1,4
1,<environment.Job instance at 0x7f73f4a548c0>,4,23,[13  3],5,-1,28,-1,5
1,<environment.Job instance at 0x7f73f4a54d20>,5,14,[12  3],6,-1,20,-1,6
1,<environment.Job instance at 0x7f73f4a54dc0>,6,18,[14  4],7,-1,25,-1,7
1,<environment.Job instance at 0x7f73f4a54c80>,7,25,[10  4],8,-1,33,-1,8
1,<environment.Job instance at 0x7f73f49a7410>,8,22,[ 3 13],9,-1,31,-1,9
1,<environment.Job instance at 0x7f73f49a7c80>,9,24,[1 7],10,-1,34,-1,10
1,<environment.Job instance at 0x7f73f35d9e60>,10,18,[12  4],11,-1,29,-1,11
1,<environment.Job instance at 0x7f73f48a5050>,11,19,[12  4],12,-1,31,-1,12
1,<environment.Job instance at 0x7f73f3a00780>,13,25,[7 1],14,-1,39,-1,14
1,<environment.Job instance at 0x7f73f3a00690>,14,21,[14  2],15,-1,36,-1,15
1,<environment.Job instance at 0x7f73f3a00500>,15,23,[6 3],16,-1,39,-1,16
1,<environment.Job instance at 0x7f73f3a00b90>,18,18,[13  4],19,-1,37,-1,19
1,<environment.Job instance at 0x7f73f3a00140>,22,19,[ 5 13],23,-1,42,-1,23
1,<environment.Job instance at 0x7f73f3a00f50>,25,15,[14  5],26,-1,44,-1,29
1,<environment.Job instance at 0x7f73f37b4410>,26,21,[14  5],27,-1,50,-1,29
1,<environment.Job instance at 0x7f73f37b49b0>,27,26,[11  1],28,-1,55,-1,29
1,<environment.Job instance at 0x7f73f49a7aa0>,17,23,[10  3],18,-1,58,-1,35
1,<environment.Job instance at 0x7f73f3a35050>,32,26,[5 9],33,-1,61,-1,35
1,<environment.Job instance at 0x7f73f3a357d0>,33,18,[12  2],34,-1,53,-1,35
1,<environment.Job instance at 0x7f73f4cd4a50>,34,28,[ 1 13],35,-1,63,-1,35
1,<environment.Job instance at 0x7f73f3a00460>,20,27,[9 5],21,-1,62,-1,35
1,<environment.Job instance at 0x7f73f3a005f0>,23,28,[7 5],24,-1,63,-1,35
1,<environment.Job instance at 0x7f73f437da50>,38,25,[ 2 14],39,-1,68,-1,43
1,<environment.Job instance at 0x7f73f3d5c780>,40,18,[ 1 13],41,-1,67,-1,49
1,<environment.Job instance at 0x7f73f437d280>,41,25,[3 6],42,-1,87,-1,62
1,<environment.Job instance at 0x7f73f3a1ad20>,43,18,[11  3],44,-1,80,-1,62
1,<environment.Job instance at 0x7f73f3a1a780>,44,24,[7 3],45,-1,86,-1,62
1,<environment.Job instance at 0x7f73f3a1a320>,46,12,[ 2 12],47,-1,74,-1,62
1,<environment.Job instance at 0x7f73f3a1a2d0>,49,18,[ 5 13],50,-1,81,-1,63
1,<environment.Job instance at 0x7f73f3818eb0>,50,13,[14  4],51,-1,76,-1,63
1,<environment.Job instance at 0x7f73f4a57230>,52,16,[ 2 13],53,-1,79,-1,63
1,<environment.Job instance at 0x7f73f4a576e0>,53,24,[7 1],54,-1,103,-1,79
1,<environment.Job instance at 0x7f73f3822f00>,57,14,[13  5],58,-1,98,-1,84
1,<environment.Job instance at 0x7f73f3822be0>,58,27,[ 4 13],59,-1,111,-1,84
1,<environment.Job instance at 0x7f73f4a4c460>,60,18,[ 2 13],61,-1,102,-1,84
1,<environment.Job instance at 0x7f73fda44690>,62,17,[11  1],63,-1,113,-1,96
1,<environment.Job instance at 0x7f73fda44960>,63,13,[12  1],64,-1,109,-1,96
1,<environment.Job instance at 0x7f73f4a2c050>,67,23,[ 1 14],68,-1,135,-1,112
1,<environment.Job instance at 0x7f73f4a4caf0>,64,27,[ 2 10],65,-1,142,-1,115
1,<environment.Job instance at 0x7f73f4a2c410>,69,23,[12  5],70,-1,138,-1,115
1,<environment.Job instance at 0x7f73f4a2c640>,70,13,[12  1],71,-1,128,-1,115
1,<environment.Job instance at 0x7f73f4a2ca00>,72,28,[ 4 14],73,-1,143,-1,115
1,<environment.Job instance at 0x7f73f4a2c9b0>,73,23,[ 2 11],74,-1,138,-1,115
1,<environment.Job instance at 0x7f73f4a2c960>,71,27,[10  4],72,-1,152,-1,125
1,<environment.Job instance at 0x7f73f4a2ceb0>,74,27,[3 8],75,-1,159,-1,132
1,<environment.Job instance at 0x7f73fd979960>,77,25,[14  5],78,-1,157,-1,132
1,<environment.Job instance at 0x7f73f3e0bd20>,78,23,[4 9],79,-1,155,-1,132
1,<environment.Job instance at 0x7f73f3e0ba50>,79,16,[ 4 11],80,-1,148,-1,132
1,<environment.Job instance at 0x7f73f41cee60>,81,14,[13  4],82,-1,146,-1,132
1,<environment.Job instance at 0x7f73fd979dc0>,76,23,[10  5],77,-1,162,-1,139
1,<environment.Job instance at 0x7f73f3ed0140>,85,24,[11  5],86,-1,173,-1,149
1,<environment.Job instance at 0x7f73f4a373c0>,86,27,[8 3],87,-1,180,-1,153
1,<environment.Job instance at 0x7f73f4a37050>,87,28,[13  3],88,-1,181,-1,153
1,<environment.Job instance at 0x7f73f4a37f50>,88,26,[ 4 11],89,-1,179,-1,153
1,<environment.Job instance at 0x7f73f3cce550>,89,19,[12  4],90,-1,172,-1,153
1,<environment.Job instance at 0x7f73f3c763c0>,90,12,[ 5 13],91,-1,165,-1,153
1,<environment.Job instance at 0x7f73fd489eb0>,91,18,[12  2],92,-1,171,-1,153
1,<environment.Job instance at 0x7f73f4e000f0>,93,23,[11  5],94,-1,176,-1,153
1,<environment.Job instance at 0x7f73f4e00af0>,94,22,[11  1],95,-1,175,-1,153
1,<environment.Job instance at 0x7f73f6e7b2d0>,96,16,[ 1 13],97,-1,169,-1,153
1,<environment.Job instance at 0x7f73f43155a0>,97,18,[ 3 13],98,-1,171,-1,153
1,<environment.Job instance at 0x7f73f46a00f0>,98,28,[13  1],99,-1,181,-1,153
1,<environment.Job instance at 0x7f73f3a20050>,99,27,[ 2 14],100,-1,180,-1,153
1,<environment.Job instance at 0x7f73f3a20d20>,100,27,[ 3 13],101,-1,180,-1,153
1,<environment.Job instance at 0x7f73f3a202d0>,101,15,[13  2],102,-1,168,-1,153
1,<environment.Job instance at 0x7f73f3a20be0>,103,19,[ 5 12],104,-1,182,-1,163
1,<environment.Job instance at 0x7f73f3fb21e0>,104,28,[8 4],105,-1,201,-1,173
1,<environment.Job instance at 0x7f73fdaba230>,105,12,[11  3],106,-1,185,-1,173
1,<environment.Job instance at 0x7f73f3a200f0>,106,27,[13  3],107,-1,200,-1,173
1,<environment.Job instance at 0x7f73f3a209b0>,107,23,[4 7],108,-1,196,-1,173
1,<environment.Job instance at 0x7f73f4a8ba00>,95,24,[9 2],96,-1,197,-1,173
1,<environment.Job instance at 0x7f73f4a35410>,109,16,[ 3 11],110,-1,189,-1,173
1,<environment.Job instance at 0x7f73f4a35b40>,110,15,[ 3 13],111,-1,188,-1,173
1,<environment.Job instance at 0x7f73f4a35230>,111,12,[ 1 11],112,-1,185,-1,173
1,<environment.Job instance at 0x7f73f4a35e10>,112,23,[ 5 11],113,-1,196,-1,173
1,<environment.Job instance at 0x7f73f4a35910>,114,23,[ 4 14],115,-1,197,-1,174
1,<environment.Job instance at 0x7f73f47a9230>,115,26,[1 5],116,-1,201,-1,175
1,<environment.Job instance at 0x7f73f4a89910>,116,16,[12  3],117,-1,191,-1,175
1,<environment.Job instance at 0x7f73f47a9af0>,118,12,[ 5 12],119,-1,187,-1,175
1,<environment.Job instance at 0x7f73f47bcd20>,119,16,[ 1 14],120,-1,191,-1,175
1,<environment.Job instance at 0x7f73f35a1820>,4,17,[9 4],5,-1,23,-1,6
1,<environment.Job instance at 0x7f73f35a1870>,6,16,[2 6],7,-1,23,-1,7
1,<environment.Job instance at 0x7f73f35a1280>,7,17,[1 7],8,-1,25,-1,8
1,<environment.Job instance at 0x7f73f35a1eb0>,8,25,[8 1],9,-1,34,-1,9
1,<environment.Job instance at 0x7f73f35a1910>,12,20,[4 7],13,-1,33,-1,13
1,<environment.Job instance at 0x7f73f3b255f0>,0,21,[13  1],1,-1,22,-1,1
1,<environment.Job instance at 0x7f73f4987190>,1,23,[12  2],2,-1,25,-1,2
1,<environment.Job instance at 0x7f73f4987a50>,2,24,[11  2],3,-1,27,-1,3
1,<environment.Job instance at 0x7f73f4987500>,5,28,[ 1 13],6,-1,34,-1,6
1,<environment.Job instance at 0x7f73f49787d0>,9,12,[12  5],10,-1,22,-1,10
1,<environment.Job instance at 0x7f73f47d5960>,8,25,[8 1],9,-1,47,-1,22
1,<environment.Job instance at 0x7f73f4997280>,13,21,[13  2],14,-1,43,-1,22
1,<environment.Job instance at 0x7f73f4997a00>,15,23,[11  5],16,-1,45,-1,22
1,<environment.Job instance at 0x7f73f4997960>,16,18,[ 5 13],17,-1,40,-1,22
1,<environment.Job instance at 0x7f73f4997190>,17,28,[7 3],18,-1,50,-1,22
1,<environment.Job instance at 0x7f73f49978c0>,18,25,[4 8],19,-1,47,-1,22
1,<environment.Job instance at 0x7f73f3505550>,20,16,[13  2],21,-1,38,-1,22
1,<environment.Job instance at 0x7f73f4980eb0>,24,28,[13  5],25,-1,62,-1,34
1,<environment.Job instance at 0x7f73f49909b0>,25,23,[9 3],26,-1,57,-1,34
1,<environment.Job instance at 0x7f73f4990a50>,26,23,[8 1],27,-1,57,-1,34
1,<environment.Job instance at 0x7f73f49901e0>,27,21,[13  4],28,-1,55,-1,34
1,<environment.Job instance at 0x7f73f4990d20>,28,23,[4 8],29,-1,57,-1,34
1,<environment.Job instance at 0x7f73f35168c0>,30,21,[ 3 13],31,-1,55,-1,34
1,<environment.Job instance at 0x7f73f3516870>,31,18,[13  1],32,-1,52,-1,34
1,<environment.Job instance at 0x7f73f350b410>,32,13,[ 4 12],33,-1,47,-1,34
1,<environment.Job instance at 0x7f73f350b7d0>,33,25,[3 9],34,-1,73,-1,48
1,<environment.Job instance at 0x7f73f350b550>,34,25,[3 8],35,-1,73,-1,48
1,<environment.Job instance at 0x7f73f350bd20>,35,23,[ 1 13],36,-1,71,-1,48
1,<environment.Job instance at 0x7f73f350b960>,36,15,[14  3],37,-1,63,-1,48
1,<environment.Job instance at 0x7f73f3515370>,37,20,[ 2 11],38,-1,68,-1,48
1,<environment.Job instance at 0x7f73f3515d70>,38,17,[ 3 12],39,-1,65,-1,48
1,<environment.Job instance at 0x7f73f35156e0>,40,14,[12  2],41,-1,62,-1,48
1,<environment.Job instance at 0x7f73f3515230>,42,19,[ 2 14],43,-1,67,-1,48
1,<environment.Job instance at 0x7f73f3510910>,43,15,[12  5],44,-1,63,-1,48
1,<environment.Job instance at 0x7f73f3f88a00>,45,28,[ 3 12],46,-1,76,-1,48
1,<environment.Job instance at 0x7f73f3be2b90>,44,25,[2 6],45,-1,86,-1,61
1,<environment.Job instance at 0x7f73f4a07e60>,49,12,[11  1],50,-1,75,-1,63
1,<environment.Job instance at 0x7f73f3f97280>,50,15,[13  5],51,-1,78,-1,63
1,<environment.Job instance at 0x7f73f3510aa0>,46,26,[8 1],47,-1,101,-1,75
1,<environment.Job instance at 0x7f73f3b4dcd0>,56,22,[12  5],57,-1,112,-1,90
1,<environment.Job instance at 0x7f73f3fb5500>,58,16,[ 1 12],59,-1,111,-1,95
1,<environment.Job instance at 0x7f73f498d280>,59,18,[ 4 12],60,-1,113,-1,95
1,<environment.Job instance at 0x7f73f498df50>,60,24,[13  1],61,-1,119,-1,95
1,<environment.Job instance at 0x7f73f3fa8960>,61,12,[ 2 14],62,-1,107,-1,95
1,<environment.Job instance at 0x7f73f498d370>,62,18,[ 2 13],63,-1,113,-1,95
1,<environment.Job instance at 0x7f73f498dfa0>,64,22,[ 2 12],65,-1,117,-1,95
1,<environment.Job instance at 0x7f73f4a10b90>,65,12,[14  4],66,-1,107,-1,95
1,<environment.Job instance at 0x7f73f3d968c0>,66,20,[13  3],67,-1,115,-1,95
1,<environment.Job instance at 0x7f73f3d96c80>,67,14,[12  3],68,-1,109,-1,95
1,<environment.Job instance at 0x7f73f3b237d0>,68,23,[10  4],69,-1,126,-1,103
1,<environment.Job instance at 0x7f73f3b23fa0>,71,24,[4 7],72,-1,131,-1,107
1,<environment.Job instance at 0x7f73f3b239b0>,72,28,[ 4 12],73,-1,135,-1,107
1,<environment.Job instance at 0x7f73f3b231e0>,74,13,[ 2 12],75,-1,121,-1,108
1,<environment.Job instance at 0x7f73f3da8c30>,75,21,[12  5],76,-1,129,-1,108
1,<environment.Job instance at 0x7f73f3b23e60>,76,22,[ 1 11],77,-1,130,-1,108
1,<environment.Job instance at 0x7f73f3da9e60>,78,26,[5 3],79,-1,147,-1,121
1,<environment.Job instance at 0x7f73f496f410>,80,16,[ 4 11],81,-1,137,-1,121
1,<environment.Job instance at 0x7f73f496fd20>,83,24,[ 4 14],84,-1,151,-1,127
1,<environment.Job instance at 0x7f73f496f190>,84,21,[14  4],85,-1,148,-1,127
1,<environment.Job instance at 0x7f73f498a3c0>,86,21,[14  2],87,-1,154,-1,133
1,<environment.Job instance at 0x7f73f498a370>,87,15,[ 3 13],88,-1,148,-1,133
1,<environment.Job instance at 0x7f73f498a870>,88,24,[ 5 11],89,-1,157,-1,133
1,<environment.Job instance at 0x7f73f3f24eb0>,89,13,[ 2 13],90,-1,146,-1,133
1,<environment.Job instance at 0x7f73f498a280>,85,23,[2 6],86,-1,165,-1,142
1,<environment.Job instance at 0x7f73f3f24d70>,91,26,[4 9],92,-1,168,-1,142
1,<environment.Job instance at 0x7f73f351e4b0>,94,15,[ 1 13],95,-1,164,-1,149
1,<environment.Job instance at 0x7f73f35241e0>,95,23,[3 8],96,-1,179,-1,156
1,<environment.Job instance at 0x7f73f3524050>,96,12,[ 2 12],97,-1,168,-1,156
1,<environment.Job instance at 0x7f73f35240f0>,97,21,[ 3 11],98,-1,177,-1,156
1,<environment.Job instance at 0x7f73f3524230>,98,24,[11  3],99,-1,180,-1,156
1,<environment.Job instance at 0x7f73f3f00910>,101,19,[12  4],102,-1,175,-1,156
1,<environment.Job instance at 0x7f73f3f00c80>,102,23,[ 3 14],103,-1,179,-1,156
1,<environment.Job instance at 0x7f73f3f205f0>,103,22,[ 1 13],104,-1,178,-1,156
1,<environment.Job instance at 0x7f73f3b5c2d0>,105,15,[12  4],106,-1,177,-1,162
1,<environment.Job instance at 0x7f73f4989aa0>,107,16,[12  1],108,-1,186,-1,170
1,<environment.Job instance at 0x7f73f4989410>,108,28,[13  2],109,-1,198,-1,170
1,<environment.Job instance at 0x7f73f4989d20>,110,19,[ 5 12],111,-1,196,-1,177
1,<environment.Job instance at 0x7f73f3efc2d0>,111,27,[2 8],112,-1,213,-1,186
1,<environment.Job instance at 0x7f73f3efcf50>,112,24,[ 3 13],113,-1,210,-1,186
1,<environment.Job instance at 0x7f73f3efcfa0>,114,27,[11  4],115,-1,213,-1,186
1,<environment.Job instance at 0x7f73f3c94320>,0,19,[ 5 10],1,-1,21,-1,2
1,<environment.Job instance at 0x7f73f3efe640>,1,16,[ 3 10],2,-1,19,-1,3
1,<environment.Job instance at 0x7f73f3efca50>,5,16,[5 9],6,-1,23,-1,7
1,<environment.Job instance at 0x7f73f3efc190>,6,22,[14  1],7,-1,29,-1,7
1,<environment.Job instance at 0x7f73f3f18370>,12,19,[11  4],13,-1,37,-1,18
1,<environment.Job instance at 0x7f73f3f18dc0>,19,18,[1 7],20,-1,45,-1,27
1,<environment.Job instance at 0x7f73f3f18c30>,15,22,[6 5],16,-1,49,-1,27
1,<environment.Job instance at 0x7f73f3f18730>,14,25,[3 9],15,-1,52,-1,27
1,<environment.Job instance at 0x7f73f3f006e0>,21,23,[12  2],22,-1,50,-1,27
1,<environment.Job instance at 0x7f73f3f180f0>,11,15,[13  1],12,-1,42,-1,27
1,<environment.Job instance at 0x7f73f3f00690>,23,23,[ 4 14],24,-1,52,-1,29
1,<environment.Job instance at 0x7f73f3f00780>,24,25,[11  4],25,-1,54,-1,29
1,<environment.Job instance at 0x7f73f3f00730>,25,27,[11  1],26,-1,56,-1,29
1,<environment.Job instance at 0x7f73f3f007d0>,26,21,[2 5],27,-1,50,-1,29
1,<environment.Job instance at 0x7f73f3f00d70>,27,28,[1 7],28,-1,57,-1,29
1,<environment.Job instance at 0x7f73f3f00230>,28,20,[5 4],29,-1,49,-1,29
1,<environment.Job instance at 0x7f73f3f18190>,8,18,[12  5],9,-1,59,-1,41
1,<environment.Job instance at 0x7f73f3f00320>,29,20,[5 8],30,-1,61,-1,41
1,<environment.Job instance at 0x7f73f3f00e60>,31,25,[6 5],32,-1,66,-1,41
1,<environment.Job instance at 0x7f73f3f00460>,32,25,[4 7],33,-1,66,-1,41
1,<environment.Job instance at 0x7f73f3f18d70>,17,27,[9 5],18,-1,68,-1,41
1,<environment.Job instance at 0x7f73f3f18e60>,20,21,[1 9],21,-1,66,-1,45
1,<environment.Job instance at 0x7f73f3bebc80>,38,26,[1 7],39,-1,71,-1,45
1,<environment.Job instance at 0x7f73f3a6e4b0>,2,15,[ 1 13],3,-1,18,-1,3
1,<environment.Job instance at 0x7f73f3a6e500>,6,22,[14  1],7,-1,29,-1,7
1,<environment.Job instance at 0x7f73f3be2b90>,8,18,[12  5],9,-1,27,-1,9
1,<environment.Job instance at 0x7f73f4939aa0>,9,16,[ 3 13],10,-1,26,-1,10
1,<environment.Job instance at 0x7f73f3da7d20>,11,15,[13  1],12,-1,34,-1,19
1,<environment.Job instance at 0x7f73f3f00c80>,12,19,[11  4],13,-1,38,-1,19
1,<environment.Job instance at 0x7f73f3a6e410>,3,25,[2 8],4,-1,45,-1,20
1,<environment.Job instance at 0x7f73f6e804b0>,14,25,[3 9],15,-1,45,-1,20
1,<environment.Job instance at 0x7f73f42c5f00>,18,12,[ 5 13],19,-1,32,-1,20
1,<environment.Job instance at 0x7f73f3e83f50>,21,23,[12  2],22,-1,55,-1,32
1,<environment.Job instance at 0x7f73f48a3e10>,23,23,[ 4 14],24,-1,55,-1,32
1,<environment.Job instance at 0x7f73f48a3d70>,24,25,[11  4],25,-1,57,-1,32
1,<environment.Job instance at 0x7f73f37ac870>,25,27,[11  1],26,-1,59,-1,32
1,<environment.Job instance at 0x7f73f4507320>,27,28,[1 7],28,-1,60,-1,32
1,<environment.Job instance at 0x7f73f42c50a0>,17,27,[9 5],18,-1,70,-1,43
1,<environment.Job instance at 0x7f73f47d5410>,31,25,[6 5],32,-1,68,-1,43
1,<environment.Job instance at 0x7f73fd424690>,32,25,[4 7],33,-1,68,-1,43
1,<environment.Job instance at 0x7f73f3a99910>,33,23,[14  3],34,-1,66,-1,43
1,<environment.Job instance at 0x7f73f3bc1aa0>,34,24,[ 1 14],35,-1,67,-1,43
1,<environment.Job instance at 0x7f73f3bc1230>,35,28,[8 3],36,-1,71,-1,43
1,<environment.Job instance at 0x7f73f3a99aa0>,36,23,[5 1],37,-1,66,-1,43
1,<environment.Job instance at 0x7f73f3acc3c0>,37,24,[ 5 14],38,-1,67,-1,43
1,<environment.Job instance at 0x7f73f3bf1780>,38,26,[1 7],39,-1,69,-1,43
1,<environment.Job instance at 0x7f73f36baa00>,40,18,[ 5 13],41,-1,63,-1,45
1,<environment.Job instance at 0x7f73f3bd5fa0>,41,27,[5 5],42,-1,77,-1,50
1,<environment.Job instance at 0x7f73f44f9460>,42,15,[12  2],43,-1,65,-1,50
1,<environment.Job instance at 0x7f73f4abeaa0>,44,15,[12  4],45,-1,65,-1,50
1,<environment.Job instance at 0x7f73f44f9be0>,43,27,[8 5],44,-1,84,-1,57
1,<environment.Job instance at 0x7f73f3d8c370>,46,18,[ 1 13],47,-1,75,-1,57
1,<environment.Job instance at 0x7f73f3d8ca00>,48,26,[5 4],49,-1,93,-1,67
1,<environment.Job instance at 0x7f73f4d83c30>,50,15,[13  3],51,-1,83,-1,68
1,<environment.Job instance at 0x7f73f36e44b0>,52,17,[ 1 13],53,-1,96,-1,79
1,<environment.Job instance at 0x7f73f6e8acd0>,53,22,[13  3],54,-1,101,-1,79
1,<environment.Job instance at 0x7f73f49ee820>,55,18,[12  4],56,-1,99,-1,81
1,<environment.Job instance at 0x7f73f49ee3c0>,56,23,[13  5],57,-1,104,-1,81
1,<environment.Job instance at 0x7f73f49ee140>,58,27,[12  2],59,-1,108,-1,81
1,<environment.Job instance at 0x7f73f3bd9960>,60,25,[ 4 12],61,-1,116,-1,91
1,<environment.Job instance at 0x7f73f3d943c0>,62,16,[14  3],63,-1,117,-1,101
1,<environment.Job instance at 0x7f73f3d94c80>,63,24,[13  5],64,-1,125,-1,101
1,<environment.Job instance at 0x7f73f3d94730>,64,22,[ 3 13],65,-1,123,-1,101
1,<environment.Job instance at 0x7f73f368cd70>,66,25,[2 9],67,-1,153,-1,128
1,<environment.Job instance at 0x7f73f3d8a2d0>,68,27,[5 2],69,-1,155,-1,128
1,<environment.Job instance at 0x7f73f3d8a190>,70,12,[ 1 14],71,-1,141,-1,129
1,<environment.Job instance at 0x7f73f3a59dc0>,71,13,[ 1 11],72,-1,142,-1,129
1,<environment.Job instance at 0x7f73f3a59870>,72,27,[12  3],73,-1,156,-1,129
1,<environment.Job instance at 0x7f73f3af2b40>,67,23,[ 3 10],68,-1,169,-1,146
1,<environment.Job instance at 0x7f73f3a59fa0>,73,27,[ 3 10],74,-1,173,-1,146
1,<environment.Job instance at 0x7f73f3551af0>,78,21,[ 3 13],79,-1,180,-1,159
1,<environment.Job instance at 0x7f73f3895b90>,75,25,[10  3],76,-1,188,-1,163
1,<environment.Job instance at 0x7f73f36dbeb0>,80,15,[14  2],81,-1,178,-1,163
1,<environment.Job instance at 0x7f73f4d33b40>,82,16,[12  1],83,-1,179,-1,163
1,<environment.Job instance at 0x7f73f4d33b90>,83,26,[7 1],84,-1,201,-1,175
1,<environment.Job instance at 0x7f73f3bc8cd0>,84,24,[13  5],85,-1,199,-1,175
1,<environment.Job instance at 0x7f73f400e140>,86,18,[13  3],87,-1,193,-1,175
1,<environment.Job instance at 0x7f73f400e780>,87,18,[ 3 13],88,-1,193,-1,175
1,<environment.Job instance at 0x7f73f3e657d0>,0,17,[8 1],1,-1,19,-1,2
1,<environment.Job instance at 0x7f73f48a3780>,2,15,[1 8],3,-1,18,-1,3
1,<environment.Job instance at 0x7f73f48a3eb0>,3,24,[5 6],4,-1,28,-1,4
1,<environment.Job instance at 0x7f73f48a30a0>,4,12,[ 5 11],5,-1,17,-1,5
1,<environment.Job instance at 0x7f73f48a3500>,5,13,[8 3],6,-1,19,-1,6
1,<environment.Job instance at 0x7f73fd976dc0>,1,16,[ 4 14],2,-1,18,-1,2
1,<environment.Job instance at 0x7f73fd8fc690>,3,24,[5 6],4,-1,28,-1,4
1,<environment.Job instance at 0x7f73f3a69370>,4,12,[ 5 11],5,-1,17,-1,5
1,<environment.Job instance at 0x7f73fd8fccd0>,6,26,[14  5],7,-1,33,-1,7
1,<environment.Job instance at 0x7f73f3a696e0>,7,21,[12  3],8,-1,29,-1,8
1,<environment.Job instance at 0x7f73f3a69140>,8,26,[ 2 14],9,-1,35,-1,9
1,<environment.Job instance at 0x7f73f4d05190>,10,24,[ 2 13],11,-1,35,-1,11
1,<environment.Job instance at 0x7f73f3a3bf50>,14,26,[11  4],15,-1,44,-1,18
1,<environment.Job instance at 0x7f73f3a3b320>,15,28,[ 3 14],16,-1,46,-1,18
1,<environment.Job instance at 0x7f73f4aa0d20>,16,19,[ 5 14],17,-1,37,-1,18
1,<environment.Job instance at 0x7f73f3a3bd20>,17,27,[ 1 12],18,-1,45,-1,18
1,<environment.Job instance at 0x7f73f3a3b690>,13,28,[8 3],14,-1,46,-1,18
1,<environment.Job instance at 0x7f73f3ca04b0>,18,13,[11  4],19,-1,32,-1,19
1,<environment.Job instance at 0x7f73f3a3b6e0>,19,16,[13  2],20,-1,36,-1,20
1,<environment.Job instance at 0x7f73f3542a00>,20,20,[13  4],21,-1,41,-1,21
1,<environment.Job instance at 0x7f73f4dfd500>,23,12,[ 3 12],24,-1,36,-1,24
1,<environment.Job instance at 0x7f73f39e2640>,24,14,[ 1 12],25,-1,39,-1,25
1,<environment.Job instance at 0x7f73f4c7f820>,26,28,[3 6],27,-1,58,-1,30
1,<environment.Job instance at 0x7f73f6eee0f0>,28,26,[11  4],29,-1,56,-1,30
1,<environment.Job instance at 0x7f73f3d2f960>,30,23,[7 1],31,-1,70,-1,47
1,<environment.Job instance at 0x7f73f400e6e0>,31,13,[12  4],32,-1,60,-1,47
1,<environment.Job instance at 0x7f73f400e780>,32,28,[6 2],33,-1,75,-1,47
1,<environment.Job instance at 0x7f73f3d2feb0>,34,23,[8 2],35,-1,70,-1,47
1,<environment.Job instance at 0x7f73f3551c80>,36,12,[14  3],37,-1,59,-1,47
1,<environment.Job instance at 0x7f73f3b639b0>,37,18,[11  4],38,-1,65,-1,47
1,<environment.Job instance at 0x7f73f3895be0>,38,16,[11  3],39,-1,63,-1,47
1,<environment.Job instance at 0x7f73f3a59fa0>,40,15,[ 2 14],41,-1,62,-1,47
1,<environment.Job instance at 0x7f73f3af2b40>,41,25,[4 8],42,-1,72,-1,47
1,<environment.Job instance at 0x7f73f3a59dc0>,42,25,[ 2 13],43,-1,72,-1,47
1,<environment.Job instance at 0x7f73f3a6f320>,43,26,[ 5 11],44,-1,73,-1,47
1,<environment.Job instance at 0x7f73f6e8acd0>,45,17,[13  3],46,-1,64,-1,47
1,<environment.Job instance at 0x7f73f6e8a050>,46,28,[5 2],47,-1,91,-1,63
1,<environment.Job instance at 0x7f73f4abe370>,48,24,[ 4 14],49,-1,87,-1,63
1,<environment.Job instance at 0x7f73f4abeaa0>,49,25,[12  2],50,-1,88,-1,63
1,<environment.Job instance at 0x7f73f3acc3c0>,50,22,[ 1 11],51,-1,85,-1,63
1,<environment.Job instance at 0x7f73fd424690>,53,13,[14  4],54,-1,76,-1,63
1,<environment.Job instance at 0x7f73f4507f50>,55,28,[ 3 14],56,-1,92,-1,64
1,<environment.Job instance at 0x7f73f4507320>,56,21,[ 1 14],57,-1,85,-1,64
1,<environment.Job instance at 0x7f73f3e83f50>,57,19,[ 2 13],58,-1,83,-1,64
1,<environment.Job instance at 0x7f73f37ac870>,58,27,[9 4],59,-1,103,-1,76
1,<environment.Job instance at 0x7f73f3783140>,59,20,[14  4],60,-1,96,-1,76
1,<environment.Job instance at 0x7f73f48625a0>,61,21,[ 2 11],62,-1,97,-1,76
1,<environment.Job instance at 0x7f73f3be2b90>,63,27,[5 9],64,-1,103,-1,76
1,<environment.Job instance at 0x7f73f3fa8960>,64,26,[5 5],65,-1,102,-1,76
1,<environment.Job instance at 0x7f73f3c715f0>,65,25,[9 4],66,-1,101,-1,76
1,<environment.Job instance at 0x7f73f3a6e640>,66,12,[ 2 11],67,-1,88,-1,76
1,<environment.Job instance at 0x7f73f3a6e820>,68,26,[6 3],69,-1,103,-1,77
1,<environment.Job instance at 0x7f73f3a6e5f0>,70,17,[12  5],71,-1,94,-1,77
1,<environment.Job instance at 0x7f73f3a6e3c0>,71,27,[ 5 13],72,-1,104,-1,77
1,<environment.Job instance at 0x7f73f3a6e4b0>,72,25,[ 2 11],73,-1,102,-1,77
1,<environment.Job instance at 0x7f73f47371e0>,74,28,[11  5],75,-1,117,-1,89
1,<environment.Job instance at 0x7f73f3a2ed70>,76,22,[ 2 13],77,-1,111,-1,89
1,<environment.Job instance at 0x7f73fda44960>,77,25,[ 1 13],78,-1,114,-1,89
1,<environment.Job instance at 0x7f73f44fd0a0>,78,18,[13  1],79,-1,107,-1,89
1,<environment.Job instance at 0x7f73f3f00640>,79,17,[ 4 11],80,-1,106,-1,89
1,<environment.Job instance at 0x7f73f3f00c80>,80,26,[8 2],81,-1,132,-1,106
1,<environment.Job instance at 0x7f73f48a35f0>,81,25,[ 5 10],82,-1,131,-1,106
1,<environment.Job instance at 0x7f73f48a3910>,83,22,[11  3],84,-1,128,-1,106
1,<environment.Job instance at 0x7f73f48a3640>,84,14,[ 5 11],85,-1,120,-1,106
1,<environment.Job instance at 0x7f73f4363460>,86,18,[ 1 11],87,-1,124,-1,106
1,<environment.Job instance at 0x7f73f484fe10>,87,27,[11  3],88,-1,133,-1,106
1,<environment.Job instance at 0x7f73f484f050>,88,14,[12  4],89,-1,120,-1,106
1,<environment.Job instance at 0x7f73f39b9c30>,89,19,[ 3 12],90,-1,125,-1,106
1,<environment.Job instance at 0x7f73f39b9370>,91,27,[5 4],92,-1,148,-1,121
1,<environment.Job instance at 0x7f73f39b9aa0>,93,24,[7 5],94,-1,157,-1,133
1,<environment.Job instance at 0x7f73f39b96e0>,94,13,[ 2 13],95,-1,146,-1,133
1,<environment.Job instance at 0x7f73f3ffff50>,95,17,[ 1 13],96,-1,150,-1,133
1,<environment.Job instance at 0x7f73f3e681e0>,96,20,[12  1],97,-1,153,-1,133
1,<environment.Job instance at 0x7f73f39b9fa0>,98,24,[ 3 14],99,-1,157,-1,133
1,<environment.Job instance at 0x7f73f39b9b40>,99,25,[10  2],100,-1,164,-1,139
1,<environment.Job instance at 0x7f73f4a4d820>,101,19,[ 5 11],102,-1,159,-1,140
1,<environment.Job instance at 0x7f73f3f03730>,103,12,[ 5 14],104,-1,152,-1,140
1,<environment.Job instance at 0x7f73f4510280>,105,15,[13  4],106,-1,162,-1,147
1,<environment.Job instance at 0x7f73f4cb4910>,107,28,[14  4],108,-1,185,-1,157
1,<environment.Job instance at 0x7f73f4c1d280>,108,18,[13  4],109,-1,175,-1,157
1,<environment.Job instance at 0x7f73f3f1dc80>,109,22,[14  1],110,-1,179,-1,157
1,<environment.Job instance at 0x7f73f3f1d640>,110,17,[ 3 11],111,-1,174,-1,157
1,<environment.Job instance at 0x7f73f477ee60>,111,26,[13  3],112,-1,183,-1,157
1,<environment.Job instance at 0x7f73f477ecd0>,112,28,[7 2],113,-1,186,-1,158
1,<environment.Job instance at 0x7f73f3e82050>,104,24,[9 4],105,-1,183,-1,159
1,<environment.Job instance at 0x7f73f4752e10>,115,12,[ 3 11],116,-1,171,-1,159
1,<environment.Job instance at 0x7f73f4bdeaa0>,117,21,[12  5],118,-1,187,-1,166
1,<environment.Job instance at 0x7f73f41c99b0>,118,25,[6 2],119,-1,191,-1,166
1,<environment.Job instance at 0x7f73f355e690>,119,28,[8 1],120,-1,199,-1,171
1,<environment.Job instance at 0x7f73f3b6c370>,120,25,[3 8],121,-1,196,-1,171
1,<environment.Job instance at 0x7f73f4b85910>,121,21,[14  1],122,-1,192,-1,171
1,<environment.Job instance at 0x7f73f4b85c80>,122,26,[ 3 13],123,-1,197,-1,171
1,<environment.Job instance at 0x7f73f35eaaf0>,123,14,[ 5 12],124,-1,185,-1,171
1,<environment.Job instance at 0x7f73f35ea280>,124,18,[ 4 11],125,-1,189,-1,171
1,<environment.Job instance at 0x7f73fdab9e60>,126,28,[12  3],127,-1,199,-1,171
1,<environment.Job instance at 0x7f73f4479730>,5,18,[5 4],6,-1,30,-1,12
1,<environment.Job instance at 0x7f73f35da5f0>,0,25,[11  1],1,-1,26,-1,1
1,<environment.Job instance at 0x7f73f35dab90>,1,23,[10  4],2,-1,25,-1,2
1,<environment.Job instance at 0x7f73f35dab40>,2,14,[ 1 11],3,-1,17,-1,3
1,<environment.Job instance at 0x7f73f35dac30>,3,18,[11  2],4,-1,22,-1,4
1,<environment.Job instance at 0x7f73f35da960>,4,21,[ 3 13],5,-1,26,-1,5
1,<environment.Job instance at 0x7f73f4a49500>,6,28,[ 1 14],7,-1,35,-1,7
1,<environment.Job instance at 0x7f73f4ae84b0>,10,14,[ 2 13],11,-1,25,-1,11
1,<environment.Job instance at 0x7f73f4af4410>,13,13,[ 5 12],14,-1,27,-1,14
1,<environment.Job instance at 0x7f73f4ae85a0>,14,25,[ 2 14],15,-1,40,-1,15
1,<environment.Job instance at 0x7f73f4ce1cd0>,9,25,[1 5],10,-1,46,-1,21
1,<environment.Job instance at 0x7f73f460ebe0>,12,28,[2 8],13,-1,49,-1,21
1,<environment.Job instance at 0x7f73f374df50>,18,17,[ 1 14],19,-1,38,-1,21
1,<environment.Job instance at 0x7f73f4ac8dc0>,20,24,[12  3],21,-1,48,-1,24
1,<environment.Job instance at 0x7f73f37585f0>,21,12,[11  5],22,-1,36,-1,24
1,<environment.Job instance at 0x7f73f3758730>,22,16,[ 5 13],23,-1,40,-1,24
1,<environment.Job instance at 0x7f73f3acffa0>,23,25,[7 4],24,-1,49,-1,24
1,<environment.Job instance at 0x7f73f3acf910>,25,23,[ 4 14],26,-1,49,-1,26
1,<environment.Job instance at 0x7f73f35c0f50>,26,26,[11  3],27,-1,53,-1,27
1,<environment.Job instance at 0x7f73f35c0dc0>,27,26,[7 2],28,-1,63,-1,37
1,<environment.Job instance at 0x7f73f6eaf4b0>,28,17,[12  5],29,-1,54,-1,37
1,<environment.Job instance at 0x7f73f3e72730>,29,26,[1 5],30,-1,63,-1,37
1,<environment.Job instance at 0x7f73f35c0370>,30,22,[ 3 11],31,-1,59,-1,37
1,<environment.Job instance at 0x7f73f4afaaf0>,33,15,[13  3],34,-1,52,-1,37
1,<environment.Job instance at 0x7f73f35ee370>,34,24,[7 2],35,-1,64,-1,40
1,<environment.Job instance at 0x7f73f35ee3c0>,35,12,[ 5 12],36,-1,52,-1,40
1,<environment.Job instance at 0x7f73f35ee4b0>,36,25,[7 5],37,-1,65,-1,40
1,<environment.Job instance at 0x7f73f4aee190>,37,17,[ 2 13],38,-1,57,-1,40
1,<environment.Job instance at 0x7f73f4aee5a0>,38,24,[2 6],39,-1,64,-1,40
1,<environment.Job instance at 0x7f73f4aeef00>,40,23,[ 5 10],41,-1,73,-1,50
1,<environment.Job instance at 0x7f73f4aeecd0>,41,22,[12  5],42,-1,72,-1,50
1,<environment.Job instance at 0x7f73f4aeeaa0>,42,12,[11  5],43,-1,62,-1,50
1,<environment.Job instance at 0x7f73f4aee5f0>,43,25,[14  3],44,-1,75,-1,50
1,<environment.Job instance at 0x7f73f4aeee60>,45,18,[ 3 14],46,-1,68,-1,50
1,<environment.Job instance at 0x7f73f4cf3410>,46,16,[12  1],47,-1,66,-1,50
1,<environment.Job instance at 0x7f73f4cf3d20>,49,19,[ 2 12],50,-1,73,-1,54
1,<environment.Job instance at 0x7f73f4cf3050>,50,17,[ 2 12],51,-1,71,-1,54
1,<environment.Job instance at 0x7f73f4053730>,54,18,[14  5],55,-1,96,-1,78
1,<environment.Job instance at 0x7f73f35c7820>,56,24,[ 2 11],57,-1,102,-1,78
1,<environment.Job instance at 0x7f73f35c7870>,58,17,[14  2],59,-1,95,-1,78
1,<environment.Job instance at 0x7f73f35f2460>,59,16,[12  5],60,-1,94,-1,78
1,<environment.Job instance at 0x7f73f35f2fa0>,61,23,[12  4],62,-1,107,-1,84
1,<environment.Job instance at 0x7f73f35f2a50>,62,18,[14  2],63,-1,102,-1,84
1,<environment.Job instance at 0x7f73f35f22d0>,63,19,[11  5],64,-1,103,-1,84
1,<environment.Job instance at 0x7f73f35f2e60>,64,17,[12  1],65,-1,101,-1,84
1,<environment.Job instance at 0x7f73f35c75f0>,57,25,[9 4],58,-1,120,-1,95
1,<environment.Job instance at 0x7f73f4acb730>,67,25,[ 5 11],68,-1,120,-1,95
1,<environment.Job instance at 0x7f73f4acb9b0>,68,13,[13  4],69,-1,108,-1,95
1,<environment.Job instance at 0x7f73f35d9e10>,69,28,[1 5],70,-1,131,-1,103
1,<environment.Job instance at 0x7f73f4acb140>,70,24,[ 5 11],71,-1,127,-1,103
1,<environment.Job instance at 0x7f73f35d96e0>,71,16,[ 5 11],72,-1,119,-1,103
1,<environment.Job instance at 0x7f73f4051d70>,74,28,[7 1],75,-1,140,-1,112
1,<environment.Job instance at 0x7f73f4068f00>,77,20,[ 4 12],78,-1,139,-1,119
1,<environment.Job instance at 0x7f73f40686e0>,78,14,[12  2],79,-1,133,-1,119
1,<environment.Job instance at 0x7f73f4068820>,79,23,[1 8],80,-1,149,-1,126
1,<environment.Job instance at 0x7f73f4045fa0>,81,25,[3 5],82,-1,151,-1,126
1,<environment.Job instance at 0x7f73f4045280>,82,13,[ 5 13],83,-1,139,-1,126
1,<environment.Job instance at 0x7f73f40657d0>,83,26,[3 8],84,-1,152,-1,126
1,<environment.Job instance at 0x7f73f4065cd0>,85,13,[ 1 14],86,-1,139,-1,126
1,<environment.Job instance at 0x7f73f40512d0>,76,27,[ 1 10],77,-1,163,-1,136
1,<environment.Job instance at 0x7f73f40574b0>,87,23,[13  1],88,-1,159,-1,136
1,<environment.Job instance at 0x7f73f35e15f0>,88,15,[ 5 14],89,-1,151,-1,136
1,<environment.Job instance at 0x7f73f40729b0>,93,16,[13  1],94,-1,165,-1,149
1,<environment.Job instance at 0x7f73f4072730>,94,12,[ 3 11],95,-1,161,-1,149
1,<environment.Job instance at 0x7f73f45f0e60>,95,20,[ 2 12],96,-1,169,-1,149
1,<environment.Job instance at 0x7f73f4072960>,96,24,[1 8],97,-1,173,-1,149
1,<environment.Job instance at 0x7f73f40435a0>,99,26,[8 5],100,-1,199,-1,173
1,<environment.Job instance at 0x7f73f4043fa0>,100,12,[14  5],101,-1,185,-1,173
1,<environment.Job instance at 0x7f73f4043370>,101,20,[ 3 11],102,-1,193,-1,173
1,<environment.Job instance at 0x7f73f4af5870>,102,15,[ 4 14],103,-1,188,-1,173
1,<environment.Job instance at 0x7f73f4af5c30>,104,12,[14  5],105,-1,186,-1,174
1,<environment.Job instance at 0x7f73f376c3c0>,0,23,[4 8],1,-1,24,-1,1
1,<environment.Job instance at 0x7f73f376c870>,5,12,[5 4],6,-1,19,-1,7
1,<environment.Job instance at 0x7f73f3fc2d70>,0,23,[4 8],1,-1,24,-1,1
1,<environment.Job instance at 0x7f73f3fc2280>,1,26,[12  1],2,-1,28,-1,2
1,<environment.Job instance at 0x7f73f3fc2410>,2,24,[14  3],3,-1,27,-1,3
1,<environment.Job instance at 0x7f73f3fc2a00>,3,23,[ 3 13],4,-1,27,-1,4
1,<environment.Job instance at 0x7f73f3fc2eb0>,6,14,[ 1 11],7,-1,21,-1,7
1,<environment.Job instance at 0x7f73f3eaa0a0>,7,20,[14  1],8,-1,28,-1,8
1,<environment.Job instance at 0x7f73f3ea3780>,10,12,[14  4],11,-1,23,-1,11
1,<environment.Job instance at 0x7f73f3fe4fa0>,11,23,[ 3 11],12,-1,35,-1,12
1,<environment.Job instance at 0x7f73f3a4b410>,14,12,[11  3],15,-1,27,-1,15
1,<environment.Job instance at 0x7f73f3fbc5f0>,15,13,[12  4],16,-1,29,-1,16
1,<environment.Job instance at 0x7f73f46c0280>,13,24,[4 8],14,-1,42,-1,18
1,<environment.Job instance at 0x7f73f3793eb0>,18,17,[12  2],19,-1,36,-1,19
1,<environment.Job instance at 0x7f73f4031e60>,12,25,[10  3],13,-1,48,-1,23
1,<environment.Job instance at 0x7f73f3a484b0>,21,28,[2 7],22,-1,52,-1,24
1,<environment.Job instance at 0x7f73f3eaabe0>,9,27,[4 9],10,-1,59,-1,32
1,<environment.Job instance at 0x7f73f3a581e0>,25,28,[ 4 13],26,-1,60,-1,32
1,<environment.Job instance at 0x7f73f3a6d7d0>,28,27,[12  5],29,-1,59,-1,32
1,<environment.Job instance at 0x7f73f3a6d780>,29,28,[13  5],30,-1,60,-1,32
1,<environment.Job instance at 0x7f73f3a4c280>,30,16,[ 5 13],31,-1,48,-1,32
1,<environment.Job instance at 0x7f73f3a559b0>,32,13,[ 2 14],33,-1,50,-1,37
1,<environment.Job instance at 0x7f73f3a5c2d0>,23,27,[9 1],24,-1,68,-1,41
1,<environment.Job instance at 0x7f73f3a55960>,34,23,[11  5],35,-1,64,-1,41
1,<environment.Job instance at 0x7f73f3a61230>,35,23,[6 2],36,-1,64,-1,41
1,<environment.Job instance at 0x7f73f3a61410>,37,25,[14  5],38,-1,66,-1,41
1,<environment.Job instance at 0x7f73f3a607d0>,39,26,[14  3],40,-1,67,-1,41
1,<environment.Job instance at 0x7f73f3a605a0>,40,28,[13  5],41,-1,69,-1,41
1,<environment.Job instance at 0x7f73f4046a00>,42,18,[ 3 12],43,-1,73,-1,55
1,<environment.Job instance at 0x7f73f4075eb0>,43,18,[ 2 14],44,-1,73,-1,55
1,<environment.Job instance at 0x7f73f40750f0>,45,28,[13  5],46,-1,95,-1,67
1,<environment.Job instance at 0x7f73f40750a0>,46,20,[ 2 13],47,-1,87,-1,67
1,<environment.Job instance at 0x7f73f4075d20>,47,16,[13  5],48,-1,83,-1,67
1,<environment.Job instance at 0x7f73f4043500>,50,25,[6 3],51,-1,104,-1,79
1,<environment.Job instance at 0x7f73f4072730>,52,19,[ 5 13],53,-1,98,-1,79
1,<environment.Job instance at 0x7f73f4072dc0>,53,19,[12  1],54,-1,98,-1,79
1,<environment.Job instance at 0x7f73f4072640>,54,12,[13  2],55,-1,91,-1,79
1,<environment.Job instance at 0x7f73f35e1550>,56,24,[ 1 12],57,-1,103,-1,79
1,<environment.Job instance at 0x7f73f4065690>,61,23,[13  2],62,-1,115,-1,92
1,<environment.Job instance at 0x7f73f4065cd0>,62,25,[9 5],63,-1,131,-1,106
1,<environment.Job instance at 0x7f73f4045b90>,63,24,[ 1 13],64,-1,130,-1,106
1,<environment.Job instance at 0x7f73f4045af0>,64,28,[5 8],65,-1,135,-1,107
1,<environment.Job instance at 0x7f73f4051230>,67,28,[ 3 13],68,-1,135,-1,107
1,<environment.Job instance at 0x7f73f4051320>,68,25,[14  3],69,-1,132,-1,107
1,<environment.Job instance at 0x7f73f406e550>,70,15,[ 3 14],71,-1,122,-1,107
1,<environment.Job instance at 0x7f73f35f2fa0>,73,15,[ 5 14],74,-1,137,-1,122
1,<environment.Job instance at 0x7f73f35f2a50>,74,27,[8 4],75,-1,161,-1,134
1,<environment.Job instance at 0x7f73f35f24b0>,77,13,[14  3],78,-1,149,-1,136
1,<environment.Job instance at 0x7f73f35f23c0>,78,15,[ 4 11],79,-1,151,-1,136
1,<environment.Job instance at 0x7f73f4cf3550>,81,18,[ 2 14],82,-1,171,-1,153
1,<environment.Job instance at 0x7f73f4cf3d20>,83,27,[4 6],84,-1,194,-1,167
1,<environment.Job instance at 0x7f73f4cf31e0>,84,24,[ 5 11],85,-1,191,-1,167
1,<environment.Job instance at 0x7f73f6e81370>,86,21,[11  2],87,-1,189,-1,168
1,<environment.Job instance at 0x7f73f374d780>,90,22,[11  2],91,-1,204,-1,182
1,<environment.Job instance at 0x7f73f4cc1c30>,92,12,[14  3],93,-1,197,-1,185
1,<environment.Job instance at 0x7f73f4ae8f00>,93,17,[12  4],94,-1,202,-1,185
1,<environment.Job instance at 0x7f73f4cc15f0>,95,19,[ 2 13],96,-1,208,-1,189
1,<environment.Job instance at 0x7f73f37585a0>,96,25,[14  4],97,-1,214,-1,189
1,<environment.Job instance at 0x7f73f4697e60>,97,19,[ 1 12],98,-1,208,-1,189
1,<environment.Job instance at 0x7f73f45942d0>,98,18,[ 4 12],99,-1,207,-1,189
1,<environment.Job instance at 0x7f73f45949b0>,99,18,[ 2 14],100,-1,207,-1,189
1,<environment.Job instance at 0x7f73f376cdc0>,100,27,[14  2],101,-1,216,-1,189
1,<environment.Job instance at 0x7f73f376ce60>,101,18,[12  3],102,-1,207,-1,189
1,<environment.Job instance at 0x7f73f3c138c0>,0,27,[7 2],1,-1,28,-1,1
1,<environment.Job instance at 0x7f73f42b1b40>,2,24,[5 2],3,-1,27,-1,3
1,<environment.Job instance at 0x7f73f42b1cd0>,3,28,[5 5],4,-1,32,-1,4
1,<environment.Job instance at 0x7f73f42b1be0>,4,25,[4 8],5,-1,30,-1,5
1,<environment.Job instance at 0x7f73f42b1d70>,5,17,[5 5],6,-1,23,-1,6
1,<environment.Job instance at 0x7f73f42780f0>,10,12,[ 2 11],11,-1,23,-1,11
1,<environment.Job instance at 0x7f73f4278050>,14,26,[2 9],15,-1,54,-1,28
1,<environment.Job instance at 0x7f73f42b1f50>,8,15,[11  1],9,-1,55,-1,40
1,<environment.Job instance at 0x7f73f42784b0>,16,15,[ 3 11],17,-1,56,-1,41
1,<environment.Job instance at 0x7f73f42782d0>,13,23,[1 6],14,-1,64,-1,41
1,<environment.Job instance at 0x7f73f4278550>,18,19,[12  4],19,-1,60,-1,41
1,<environment.Job instance at 0x7f73f3fc20a0>,9,14,[5 9],10,-1,55,-1,41
1,<environment.Job instance at 0x7f73f4278690>,21,17,[4 8],22,-1,58,-1,41
1,<environment.Job instance at 0x7f73f4278870>,23,28,[14  2],24,-1,138,-1,110
1,<environment.Job instance at 0x7f73f4278e10>,32,23,[6 4],33,-1,135,-1,112
1,<environment.Job instance at 0x7f73f4278eb0>,33,17,[5 9],34,-1,133,-1,116
1,<environment.Job instance at 0x7f73f42789b0>,25,19,[11  5],26,-1,135,-1,116
1,<environment.Job instance at 0x7f73f4278f50>,34,24,[11  5],35,-1,140,-1,116
1,<environment.Job instance at 0x7f73f42990f0>,36,15,[6 5],37,-1,133,-1,118
1,<environment.Job instance at 0x7f73f4278cd0>,30,21,[5 7],31,-1,139,-1,118
1,<environment.Job instance at 0x7f73f4299190>,37,26,[8 2],38,-1,184,-1,158
1,<environment.Job instance at 0x7f73f3752dc0>,0,27,[7 2],1,-1,28,-1,1
1,<environment.Job instance at 0x7f73f37529b0>,2,24,[5 2],3,-1,27,-1,3
1,<environment.Job instance at 0x7f73f3752cd0>,3,28,[5 5],4,-1,32,-1,4
1,<environment.Job instance at 0x7f73f37528c0>,4,25,[4 8],5,-1,30,-1,5
1,<environment.Job instance at 0x7f73f3752780>,6,12,[14  3],7,-1,19,-1,7
1,<environment.Job instance at 0x7f73f3752b90>,7,18,[ 1 13],8,-1,26,-1,8
1,<environment.Job instance at 0x7f73f3752d20>,8,15,[11  1],9,-1,24,-1,9
1,<environment.Job instance at 0x7f73f3752a00>,10,12,[ 2 11],11,-1,23,-1,11
1,<environment.Job instance at 0x7f73f3752c80>,11,24,[11  4],12,-1,36,-1,12
1,<environment.Job instance at 0x7f73f3752910>,12,14,[ 1 11],13,-1,27,-1,13
1,<environment.Job instance at 0x7f73f3752230>,13,23,[1 6],14,-1,37,-1,14
1,<environment.Job instance at 0x7f73f3752f50>,14,26,[2 9],15,-1,42,-1,16
1,<environment.Job instance at 0x7f73f3752e60>,15,28,[13  1],16,-1,44,-1,16
1,<environment.Job instance at 0x7f73f3752c30>,16,15,[ 3 11],17,-1,32,-1,17
1,<environment.Job instance at 0x7f73f3752550>,18,19,[12  4],19,-1,38,-1,19
1,<environment.Job instance at 0x7f73f459bfa0>,19,26,[13  3],20,-1,46,-1,20
1,<environment.Job instance at 0x7f73f459b1e0>,20,22,[ 2 14],21,-1,43,-1,21
1,<environment.Job instance at 0x7f73f459bd20>,22,14,[ 2 14],23,-1,37,-1,23
1,<environment.Job instance at 0x7f73f459b5a0>,23,28,[14  2],24,-1,52,-1,24
1,<environment.Job instance at 0x7f73f459b730>,24,13,[14  4],25,-1,38,-1,25
1,<environment.Job instance at 0x7f73f459b0a0>,25,19,[11  5],26,-1,45,-1,26
1,<environment.Job instance at 0x7f73f459b500>,27,14,[ 3 13],28,-1,42,-1,28
1,<environment.Job instance at 0x7f73f459b690>,29,17,[ 3 14],30,-1,47,-1,30
1,<environment.Job instance at 0x7f73f459baa0>,31,14,[ 4 13],32,-1,46,-1,32
1,<environment.Job instance at 0x7f73f460efa0>,34,24,[11  5],35,-1,61,-1,37
1,<environment.Job instance at 0x7f73f460e1e0>,32,23,[6 4],33,-1,60,-1,37
1,<environment.Job instance at 0x7f73f460e960>,38,24,[7 2],39,-1,75,-1,51
1,<environment.Job instance at 0x7f73f460ee10>,39,19,[ 5 14],40,-1,70,-1,51
1,<environment.Job instance at 0x7f73f460ed70>,37,26,[8 2],38,-1,77,-1,51
1,<environment.Job instance at 0x7f73f460e140>,41,25,[ 2 12],42,-1,76,-1,51
1,<environment.Job instance at 0x7f73f460e5a0>,42,14,[11  1],43,-1,65,-1,51
1,<environment.Job instance at 0x7f73f460e820>,43,16,[12  5],44,-1,67,-1,51
1,<environment.Job instance at 0x7f73f460ea00>,44,25,[ 4 11],45,-1,76,-1,51
1,<environment.Job instance at 0x7f73f460e7d0>,45,28,[2 5],46,-1,79,-1,51
1,<environment.Job instance at 0x7f73f460ea50>,47,16,[ 5 12],48,-1,67,-1,51
1,<environment.Job instance at 0x7f73f460e190>,48,24,[ 3 12],49,-1,75,-1,51
1,<environment.Job instance at 0x7f73f4810d70>,49,27,[1 8],50,-1,88,-1,61
1,<environment.Job instance at 0x7f73f4810a50>,50,20,[11  4],51,-1,81,-1,61
1,<environment.Job instance at 0x7f73f48100a0>,51,28,[12  3],52,-1,89,-1,61
1,<environment.Job instance at 0x7f73f460e4b0>,40,24,[2 8],41,-1,85,-1,61
1,<environment.Job instance at 0x7f73f48109b0>,53,13,[ 1 13],54,-1,74,-1,61
1,<environment.Job instance at 0x7f73f48105f0>,54,14,[ 3 12],55,-1,75,-1,61
1,<environment.Job instance at 0x7f73f4810a00>,55,27,[ 2 14],56,-1,88,-1,61
1,<environment.Job instance at 0x7f73f4810b90>,56,20,[ 2 13],57,-1,81,-1,61
1,<environment.Job instance at 0x7f73f48103c0>,57,25,[ 2 14],58,-1,86,-1,61
1,<environment.Job instance at 0x7f73f4810410>,58,27,[4 5],59,-1,88,-1,61
1,<environment.Job instance at 0x7f73f4810e10>,63,22,[ 5 11],64,-1,88,-1,66
1,<environment.Job instance at 0x7f73f46978c0>,67,12,[11  5],68,-1,92,-1,80
1,<environment.Job instance at 0x7f73f376ce60>,68,27,[9 4],69,-1,117,-1,90
1,<environment.Job instance at 0x7f73f37585a0>,70,18,[ 1 11],71,-1,108,-1,90
1,<environment.Job instance at 0x7f73f4cc1af0>,71,25,[6 2],72,-1,120,-1,95
1,<environment.Job instance at 0x7f73f4cc15f0>,72,16,[ 3 11],73,-1,111,-1,95
1,<environment.Job instance at 0x7f73f3758730>,73,21,[ 3 13],74,-1,116,-1,95
1,<environment.Job instance at 0x7f73f374d780>,74,28,[ 4 12],75,-1,123,-1,95
1,<environment.Job instance at 0x7f73f3af5e10>,75,28,[11  2],76,-1,123,-1,95
1,<environment.Job instance at 0x7f73f4cf39b0>,79,20,[ 4 13],80,-1,125,-1,105
1,<environment.Job instance at 0x7f73f4cf37d0>,80,28,[ 2 12],81,-1,133,-1,105
1,<environment.Job instance at 0x7f73f4cf38c0>,85,15,[ 2 13],86,-1,139,-1,124
1,<environment.Job instance at 0x7f73f40535a0>,87,24,[13  1],88,-1,161,-1,137
1,<environment.Job instance at 0x7f73f40533c0>,88,13,[ 4 11],89,-1,150,-1,137
1,<environment.Job instance at 0x7f73f4053e10>,89,13,[12  5],90,-1,150,-1,137
1,<environment.Job instance at 0x7f73f35f2320>,90,18,[12  5],91,-1,155,-1,137
1,<environment.Job instance at 0x7f73f35f2dc0>,92,25,[11  2],93,-1,162,-1,137
1,<environment.Job instance at 0x7f73f35f24b0>,93,20,[ 1 12],94,-1,157,-1,137
1,<environment.Job instance at 0x7f73f404da00>,94,13,[11  2],95,-1,150,-1,137
1,<environment.Job instance at 0x7f73f404db40>,95,21,[12  2],96,-1,158,-1,137
1,<environment.Job instance at 0x7f73f406e370>,97,24,[ 5 13],98,-1,173,-1,149
1,<environment.Job instance at 0x7f73f4051230>,98,23,[14  1],99,-1,172,-1,149
1,<environment.Job instance at 0x7f73f406e550>,99,17,[ 3 11],100,-1,166,-1,149
1,<environment.Job instance at 0x7f73f4068820>,101,24,[8 4],102,-1,176,-1,152
1,<environment.Job instance at 0x7f73f4045410>,103,27,[5 3],104,-1,191,-1,164
1,<environment.Job instance at 0x7f73f40458c0>,105,27,[ 2 11],106,-1,191,-1,164
1,<environment.Job instance at 0x7f73f4045500>,107,14,[ 4 11],108,-1,183,-1,169
1,<environment.Job instance at 0x7f73f4045a00>,108,16,[12  4],109,-1,185,-1,169
1,<environment.Job instance at 0x7f73f4045dc0>,109,18,[11  5],110,-1,187,-1,169
1,<environment.Job instance at 0x7f73f4045af0>,110,28,[ 4 11],111,-1,197,-1,169
1,<environment.Job instance at 0x7f73f4045280>,111,17,[12  1],112,-1,186,-1,169
1,<environment.Job instance at 0x7f73f406f3c0>,112,16,[ 5 13],113,-1,185,-1,169
1,<environment.Job instance at 0x7f73f40434b0>,3,23,[3 6],4,-1,27,-1,4
1,<environment.Job instance at 0x7f73f3eaa0a0>,6,25,[ 1 10],7,-1,32,-1,7
1,<environment.Job instance at 0x7f73f37525f0>,8,15,[2 8],9,-1,24,-1,9
1,<environment.Job instance at 0x7f73f3752370>,9,15,[5 5],10,-1,25,-1,10
1,<environment.Job instance at 0x7f73f3f3c230>,10,28,[5 9],11,-1,39,-1,11
1,<environment.Job instance at 0x7f73f3f3cf50>,12,13,[ 5 12],13,-1,26,-1,13
1,<environment.Job instance at 0x7f73f3f3cd70>,13,14,[9 5],14,-1,28,-1,14
1,<environment.Job instance at 0x7f73f3f3c280>,14,14,[ 1 10],15,-1,29,-1,15
1,<environment.Job instance at 0x7f73f37fef00>,25,18,[ 4 11],26,-1,58,-1,40
1,<environment.Job instance at 0x7f73f37feb90>,26,27,[5 6],27,-1,67,-1,40
1,<environment.Job instance at 0x7f73f4299910>,1,27,[13  2],2,-1,29,-1,2
1,<environment.Job instance at 0x7f73f3eaa820>,2,22,[14  3],3,-1,25,-1,3
1,<environment.Job instance at 0x7f73f470cbe0>,3,23,[3 6],4,-1,27,-1,4
1,<environment.Job instance at 0x7f73f3eaae60>,7,13,[14  5],8,-1,21,-1,8
1,<environment.Job instance at 0x7f73f3fe4fa0>,6,25,[ 1 10],7,-1,39,-1,14
1,<environment.Job instance at 0x7f73f3a670a0>,10,28,[5 9],11,-1,42,-1,14
1,<environment.Job instance at 0x7f73f3793e60>,12,13,[ 5 12],13,-1,27,-1,14
1,<environment.Job instance at 0x7f73f3a484b0>,15,19,[12  3],16,-1,35,-1,16
1,<environment.Job instance at 0x7f73f3a58af0>,16,28,[ 3 14],17,-1,45,-1,17
1,<environment.Job instance at 0x7f73f3a58b90>,17,21,[11  1],18,-1,39,-1,18
1,<environment.Job instance at 0x7f73f3a581e0>,18,24,[11  3],19,-1,43,-1,19
1,<environment.Job instance at 0x7f73f3a6d820>,19,16,[ 2 11],20,-1,36,-1,20
1,<environment.Job instance at 0x7f73f3a61460>,25,18,[ 4 11],26,-1,71,-1,53
1,<environment.Job instance at 0x7f73f3a559b0>,26,27,[5 6],27,-1,96,-1,69
1,<environment.Job instance at 0x7f73f3a60640>,30,25,[13  5],31,-1,94,-1,69
1,<environment.Job instance at 0x7f73f4075dc0>,31,14,[ 4 11],32,-1,83,-1,69
1,<environment.Job instance at 0x7f73f3a60690>,28,24,[8 1],29,-1,93,-1,69
1,<environment.Job instance at 0x7f73f4075190>,34,14,[ 4 13],35,-1,83,-1,69
1,<environment.Job instance at 0x7f73f40435a0>,35,17,[ 5 13],36,-1,86,-1,69
1,<environment.Job instance at 0x7f73f4043370>,36,12,[ 5 12],37,-1,81,-1,69
1,<environment.Job instance at 0x7f73f4072960>,38,26,[11  2],39,-1,95,-1,69
1,<environment.Job instance at 0x7f73f35e1550>,40,13,[ 3 13],41,-1,82,-1,69
1,<environment.Job instance at 0x7f73f35e1190>,41,16,[13  3],42,-1,85,-1,69
1,<environment.Job instance at 0x7f73f40724b0>,42,20,[ 5 12],43,-1,89,-1,69
1,<environment.Job instance at 0x7f73f4072690>,43,14,[12  2],44,-1,83,-1,69
1,<environment.Job instance at 0x7f73f40574b0>,44,27,[7 3],45,-1,109,-1,82
1,<environment.Job instance at 0x7f73f406f780>,45,23,[ 5 14],46,-1,105,-1,82
1,<environment.Job instance at 0x7f73f4057460>,47,13,[13  2],48,-1,95,-1,82
1,<environment.Job instance at 0x7f73f4065780>,49,13,[ 2 11],50,-1,95,-1,82
1,<environment.Job instance at 0x7f73f4051230>,50,26,[2 5],51,-1,124,-1,98
1,<environment.Job instance at 0x7f73f4068820>,51,13,[13  3],52,-1,111,-1,98
1,<environment.Job instance at 0x7f73f4068780>,52,18,[14  3],53,-1,116,-1,98
1,<environment.Job instance at 0x7f73f404db40>,54,19,[ 5 12],55,-1,117,-1,98
1,<environment.Job instance at 0x7f73f404da00>,55,14,[ 4 11],56,-1,112,-1,98
1,<environment.Job instance at 0x7f73f35f2dc0>,57,23,[1 6],58,-1,133,-1,110
1,<environment.Job instance at 0x7f73f35f23c0>,58,13,[ 5 14],59,-1,123,-1,110
1,<environment.Job instance at 0x7f73f35f2fa0>,59,28,[3 5],60,-1,138,-1,110
1,<environment.Job instance at 0x7f73f35f2eb0>,60,19,[ 5 11],61,-1,129,-1,110
1,<environment.Job instance at 0x7f73f3e72730>,61,18,[ 1 13],62,-1,128,-1,110
1,<environment.Job instance at 0x7f73f40535a0>,62,14,[ 1 11],63,-1,124,-1,110
1,<environment.Job instance at 0x7f73f6e816e0>,65,16,[11  4],66,-1,131,-1,115
1,<environment.Job instance at 0x7f73f4af4370>,66,19,[14  3],67,-1,134,-1,115
1,<environment.Job instance at 0x7f73f374df50>,67,28,[ 2 11],68,-1,143,-1,115
1,<environment.Job instance at 0x7f73f4cc1c30>,68,17,[12  1],69,-1,132,-1,115
1,<environment.Job instance at 0x7f73f46978c0>,69,14,[ 3 11],70,-1,129,-1,115
1,<environment.Job instance at 0x7f73f4cc15f0>,70,14,[13  3],71,-1,129,-1,115
1,<environment.Job instance at 0x7f73f37585a0>,71,12,[ 3 11],72,-1,127,-1,115
1,<environment.Job instance at 0x7f73f45949b0>,72,24,[11  1],73,-1,139,-1,115
1,<environment.Job instance at 0x7f73f37585f0>,73,24,[ 2 12],74,-1,139,-1,115
1,<environment.Job instance at 0x7f73f4810af0>,74,21,[ 5 14],75,-1,136,-1,115
1,<environment.Job instance at 0x7f73f48108c0>,75,27,[ 4 14],76,-1,142,-1,115
1,<environment.Job instance at 0x7f73f4810690>,78,18,[11  2],79,-1,148,-1,130
1,<environment.Job instance at 0x7f73f48102d0>,79,25,[2 9],80,-1,156,-1,131
1,<environment.Job instance at 0x7f73f48100f0>,80,17,[11  1],81,-1,148,-1,131
1,<environment.Job instance at 0x7f73f4810870>,82,28,[12  3],83,-1,159,-1,131
1,<environment.Job instance at 0x7f73f4810460>,83,22,[13  5],84,-1,153,-1,131
1,<environment.Job instance at 0x7f73f48100a0>,84,19,[ 3 11],85,-1,150,-1,131
1,<environment.Job instance at 0x7f73f4810c30>,87,18,[ 1 11],88,-1,161,-1,143
1,<environment.Job instance at 0x7f73f4810f00>,88,20,[11  4],89,-1,163,-1,143
1,<environment.Job instance at 0x7f73f48104b0>,85,27,[ 1 10],86,-1,175,-1,148
1,<environment.Job instance at 0x7f73f459baf0>,89,28,[5 4],90,-1,176,-1,148
1,<environment.Job instance at 0x7f73f459b140>,91,27,[1 8],92,-1,175,-1,148
1,<environment.Job instance at 0x7f73f459bbe0>,92,20,[ 3 11],93,-1,168,-1,148
1,<environment.Job instance at 0x7f73f459b460>,94,15,[ 2 11],95,-1,163,-1,148
1,<environment.Job instance at 0x7f73f459b500>,95,12,[ 4 12],96,-1,160,-1,148
1,<environment.Job instance at 0x7f73f459b050>,96,23,[14  1],97,-1,171,-1,148
1,<environment.Job instance at 0x7f73f459b1e0>,98,20,[14  3],99,-1,180,-1,160
1,<environment.Job instance at 0x7f73f459b320>,99,17,[12  4],100,-1,177,-1,160
1,<environment.Job instance at 0x7f73f459bf50>,100,13,[11  5],101,-1,173,-1,160
1,<environment.Job instance at 0x7f73f459bfa0>,101,14,[ 2 14],102,-1,174,-1,160
1,<environment.Job instance at 0x7f73f459b960>,104,18,[ 1 12],105,-1,182,-1,164
1,<environment.Job instance at 0x7f73f3729c80>,2,18,[5 5],3,-1,21,-1,3
1,<environment.Job instance at 0x7f73f3da47d0>,5,23,[2 7],6,-1,29,-1,6
1,<environment.Job instance at 0x7f73f3b0e0a0>,10,15,[11  5],11,-1,27,-1,12
1,<environment.Job instance at 0x7f73f48a5550>,11,24,[13  4],12,-1,36,-1,12
1,<environment.Job instance at 0x7f73f39474b0>,12,18,[ 2 13],13,-1,49,-1,31
1,<environment.Job instance at 0x7f73f3947a50>,13,27,[ 5 10],14,-1,65,-1,38
1,<environment.Job instance at 0x7f73f49698c0>,22,17,[1 9],23,-1,55,-1,38
1,<environment.Job instance at 0x7f73f42f6690>,23,27,[ 4 10],24,-1,65,-1,38
1,<environment.Job instance at 0x7f73f4969f00>,25,16,[ 4 14],26,-1,54,-1,38
1,<environment.Job instance at 0x7f73f42f6320>,20,20,[12  4],21,-1,59,-1,39
1,<environment.Job instance at 0x7f73f4969b40>,26,22,[10  5],27,-1,61,-1,39
1,<environment.Job instance at 0x7f73f460e0f0>,0,12,[12  4],1,-1,13,-1,1
1,<environment.Job instance at 0x7f73f460ee10>,3,23,[5 3],4,-1,27,-1,4
1,<environment.Job instance at 0x7f73f460e780>,4,18,[13  1],5,-1,23,-1,5
1,<environment.Job instance at 0x7f73f460e140>,6,24,[ 3 12],7,-1,31,-1,7
1,<environment.Job instance at 0x7f73f460e190>,7,25,[5 2],8,-1,33,-1,8
1,<environment.Job instance at 0x7f73f460e960>,10,15,[11  5],11,-1,26,-1,11
1,<environment.Job instance at 0x7f73f374df50>,11,24,[13  4],12,-1,36,-1,12
1,<environment.Job instance at 0x7f73f3dc6af0>,12,18,[ 2 13],13,-1,31,-1,13
1,<environment.Job instance at 0x7f73f460e640>,5,23,[2 7],6,-1,44,-1,21
1,<environment.Job instance at 0x7f73f460ec80>,9,23,[10  2],10,-1,44,-1,21
1,<environment.Job instance at 0x7f73f374d780>,13,27,[ 5 10],14,-1,48,-1,21
1,<environment.Job instance at 0x7f73f3eaa820>,17,21,[ 5 11],18,-1,42,-1,21
1,<environment.Job instance at 0x7f73f36950f0>,20,20,[12  4],21,-1,41,-1,21
1,<environment.Job instance at 0x7f73f4969fa0>,19,27,[4 9],20,-1,62,-1,35
1,<environment.Job instance at 0x7f73f3aee0f0>,24,18,[14  3],25,-1,53,-1,35
1,<environment.Job instance at 0x7f73f46c8960>,25,16,[ 4 14],26,-1,51,-1,35
1,<environment.Job instance at 0x7f73f3aee460>,23,27,[ 4 10],24,-1,77,-1,50
1,<environment.Job instance at 0x7f73f46c8690>,27,14,[ 1 11],28,-1,64,-1,50
1,<environment.Job instance at 0x7f73f46c87d0>,28,25,[ 1 11],29,-1,75,-1,50
1,<environment.Job instance at 0x7f73f46c8dc0>,29,24,[14  3],30,-1,74,-1,50
1,<environment.Job instance at 0x7f73f46c8be0>,30,15,[12  4],31,-1,65,-1,50
1,<environment.Job instance at 0x7f73f46c8e60>,31,12,[ 4 11],32,-1,62,-1,50
1,<environment.Job instance at 0x7f73f46c85a0>,32,13,[ 3 11],33,-1,63,-1,50
1,<environment.Job instance at 0x7f73f46c8230>,33,14,[12  2],34,-1,64,-1,50
1,<environment.Job instance at 0x7f73fd5d4960>,34,24,[5 9],35,-1,74,-1,50
1,<environment.Job instance at 0x7f73f39dd410>,35,16,[12  1],36,-1,66,-1,50
1,<environment.Job instance at 0x7f73f36d0370>,38,24,[ 1 14],39,-1,74,-1,50
1,<environment.Job instance at 0x7f73f36d0eb0>,39,14,[ 1 11],40,-1,64,-1,50
1,<environment.Job instance at 0x7f73f36d0a00>,40,25,[6 2],41,-1,75,-1,50
1,<environment.Job instance at 0x7f73f36d0cd0>,41,14,[13  2],42,-1,64,-1,50
1,<environment.Job instance at 0x7f73f36d0b40>,42,17,[11  4],43,-1,67,-1,50
1,<environment.Job instance at 0x7f73f36d0c30>,44,16,[14  3],45,-1,66,-1,50
1,<environment.Job instance at 0x7f73f36d0a50>,45,20,[ 4 11],46,-1,70,-1,50
1,<environment.Job instance at 0x7f73f36d08c0>,47,15,[13  4],48,-1,65,-1,50
1,<environment.Job instance at 0x7f73f36d0550>,48,21,[14  4],49,-1,71,-1,50
1,<environment.Job instance at 0x7f73f36d0640>,49,19,[ 3 11],50,-1,69,-1,50
1,<environment.Job instance at 0x7f73f36d0050>,50,15,[14  1],51,-1,66,-1,51
1,<environment.Job instance at 0x7f73f3b63280>,52,13,[11  2],53,-1,78,-1,65
1,<environment.Job instance at 0x7f73f3b63550>,53,17,[ 2 11],54,-1,82,-1,65
1,<environment.Job instance at 0x7f73f3b63f50>,55,18,[ 4 14],56,-1,85,-1,67
1,<environment.Job instance at 0x7f73f3b63be0>,57,25,[11  3],58,-1,92,-1,67
1,<environment.Job instance at 0x7f73f3b63870>,58,21,[ 3 12],59,-1,88,-1,67
1,<environment.Job instance at 0x7f73f3b63e60>,60,17,[11  2],61,-1,96,-1,79
1,<environment.Job instance at 0x7f73f3b63370>,59,26,[5 3],60,-1,108,-1,82
1,<environment.Job instance at 0x7f73f3b63e10>,62,23,[14  4],63,-1,105,-1,82
1,<environment.Job instance at 0x7f73f3b63b90>,63,14,[ 1 11],64,-1,96,-1,82
1,<environment.Job instance at 0x7f73f3b63140>,64,27,[11  3],65,-1,109,-1,82
1,<environment.Job instance at 0x7f73f3b630f0>,61,23,[3 9],62,-1,105,-1,82
1,<environment.Job instance at 0x7f73f6eee460>,67,28,[13  3],68,-1,110,-1,82
1,<environment.Job instance at 0x7f73f6eeeeb0>,69,23,[14  5],70,-1,105,-1,82
1,<environment.Job instance at 0x7f73f6eee5f0>,70,26,[10  5],71,-1,123,-1,97
1,<environment.Job instance at 0x7f73f6eee280>,72,27,[14  2],73,-1,124,-1,97
1,<environment.Job instance at 0x7f73f6eeed70>,73,26,[8 3],74,-1,123,-1,97
1,<environment.Job instance at 0x7f73f6eeeb40>,74,13,[ 2 14],75,-1,110,-1,97
1,<environment.Job instance at 0x7f73f6eee640>,76,25,[1 9],77,-1,137,-1,112
1,<environment.Job instance at 0x7f73f6eeee60>,77,25,[9 2],78,-1,137,-1,112
1,<environment.Job instance at 0x7f73f6eeeaa0>,82,17,[ 5 12],83,-1,129,-1,112
1,<environment.Job instance at 0x7f73f6eee550>,84,12,[ 3 12],85,-1,124,-1,112
1,<environment.Job instance at 0x7f73f6eee3c0>,86,12,[13  4],87,-1,126,-1,114
1,<environment.Job instance at 0x7f73f4575c80>,91,21,[12  4],92,-1,151,-1,130
1,<environment.Job instance at 0x7f73f4575640>,92,28,[ 5 11],93,-1,158,-1,130
1,<environment.Job instance at 0x7f73f4575c30>,93,27,[7 2],94,-1,169,-1,142
1,<environment.Job instance at 0x7f73f45755f0>,94,24,[6 2],95,-1,166,-1,142
1,<environment.Job instance at 0x7f73f45750f0>,95,23,[ 1 14],96,-1,165,-1,142
1,<environment.Job instance at 0x7f73f4575e60>,96,20,[ 4 13],97,-1,162,-1,142
1,<environment.Job instance at 0x7f73f49ca410>,99,28,[7 2],100,-1,173,-1,145
1,<environment.Job instance at 0x7f73f49cacd0>,100,13,[11  3],101,-1,158,-1,145
1,<environment.Job instance at 0x7f73f49cabe0>,101,27,[11  3],102,-1,172,-1,145
1,<environment.Job instance at 0x7f73f49ca230>,102,12,[11  3],103,-1,157,-1,145
1,<environment.Job instance at 0x7f73f49ca140>,103,19,[11  3],104,-1,164,-1,145
1,<environment.Job instance at 0x7f73f49ca370>,104,13,[ 5 12],105,-1,158,-1,145
1,<environment.Job instance at 0x7f73f49ca460>,105,20,[ 4 12],106,-1,165,-1,145
1,<environment.Job instance at 0x7f73f49ca640>,107,16,[11  2],108,-1,177,-1,161
1,<environment.Job instance at 0x7f73f49cab90>,108,14,[11  3],109,-1,175,-1,161
1,<environment.Job instance at 0x7f73f49cac80>,109,12,[13  5],110,-1,173,-1,161
1,<environment.Job instance at 0x7f73f49ca500>,110,25,[12  3],111,-1,186,-1,161
1,<environment.Job instance at 0x7f73f49ca0a0>,111,24,[2 5],112,-1,185,-1,161
1,<environment.Job instance at 0x7f73f49ca5f0>,112,20,[14  2],113,-1,181,-1,161
1,<environment.Job instance at 0x7f73f49caaa0>,113,23,[12  2],114,-1,184,-1,161
1,<environment.Job instance at 0x7f73f4dfd5a0>,116,28,[9 4],117,-1,206,-1,178
1,<environment.Job instance at 0x7f73f4dfd3c0>,118,16,[ 4 11],119,-1,195,-1,179
1,<environment.Job instance at 0x7f73f4dfda50>,119,26,[ 5 12],120,-1,205,-1,179
1,<environment.Job instance at 0x7f73f4dfd460>,120,27,[ 1 14],121,-1,206,-1,179
1,<environment.Job instance at 0x7f73f3b63eb0>,0,25,[5 1],1,-1,26,-1,1
1,<environment.Job instance at 0x7f73f3b636e0>,1,19,[8 3],2,-1,21,-1,2
1,<environment.Job instance at 0x7f73f3a69e10>,6,16,[3 8],7,-1,23,-1,7
1,<environment.Job instance at 0x7f73f4e24be0>,8,20,[3 7],9,-1,29,-1,9
1,<environment.Job instance at 0x7f73fd9761e0>,10,12,[8 1],11,-1,24,-1,12
1,<environment.Job instance at 0x7f73f460e870>,12,21,[9 2],13,-1,34,-1,13
1,<environment.Job instance at 0x7f73f460e4b0>,13,15,[10  3],14,-1,29,-1,14
1,<environment.Job instance at 0x7f73fd7cacd0>,14,16,[5 3],15,-1,31,-1,15
1,<environment.Job instance at 0x7f73f408ec80>,15,15,[4 9],16,-1,31,-1,16
1,<environment.Job instance at 0x7f73f408e690>,16,16,[7 3],17,-1,33,-1,17
1,<environment.Job instance at 0x7f73f3c02190>,18,22,[9 4],19,-1,41,-1,19
1,<environment.Job instance at 0x7f73f3c02820>,20,22,[14  4],21,-1,63,-1,41
1,<environment.Job instance at 0x7f73f4199f50>,0,25,[5 1],1,-1,26,-1,1
1,<environment.Job instance at 0x7f73f4199780>,2,18,[ 3 14],3,-1,21,-1,3
1,<environment.Job instance at 0x7f73f41992d0>,4,18,[ 2 11],5,-1,23,-1,5
1,<environment.Job instance at 0x7f73f4199c30>,7,12,[ 3 12],8,-1,20,-1,8
1,<environment.Job instance at 0x7f73f3a69280>,17,16,[12  2],18,-1,62,-1,46
1,<environment.Job instance at 0x7f73f3a69870>,19,18,[11  2],20,-1,66,-1,48
1,<environment.Job instance at 0x7f73f3a69d20>,20,22,[14  4],21,-1,70,-1,48
1,<environment.Job instance at 0x7f73f3a69320>,21,28,[ 5 11],22,-1,76,-1,48
1,<environment.Job instance at 0x7f73f3a69640>,23,13,[14  1],24,-1,73,-1,60
1,<environment.Job instance at 0x7f73f3a69780>,27,15,[11  2],28,-1,78,-1,63
1,<environment.Job instance at 0x7f73f3a69460>,29,27,[ 2 14],30,-1,90,-1,63
1,<environment.Job instance at 0x7f73f3a69f50>,28,27,[9 5],29,-1,102,-1,75
1,<environment.Job instance at 0x7f73f3a69e60>,31,23,[12  4],32,-1,98,-1,75
1,<environment.Job instance at 0x7f73f3a695f0>,32,22,[ 4 14],33,-1,97,-1,75
1,<environment.Job instance at 0x7f73f3a69550>,30,28,[5 2],31,-1,103,-1,75
1,<environment.Job instance at 0x7f73f3a69fa0>,33,24,[1 9],34,-1,101,-1,77
1,<environment.Job instance at 0x7f73f3cec690>,36,22,[12  3],37,-1,99,-1,77
1,<environment.Job instance at 0x7f73f3cec3c0>,37,20,[14  5],38,-1,97,-1,77
1,<environment.Job instance at 0x7f73f3cecdc0>,38,19,[11  1],39,-1,96,-1,77
1,<environment.Job instance at 0x7f73f3cecaa0>,35,23,[6 3],36,-1,101,-1,78
1,<environment.Job instance at 0x7f73f49caaa0>,40,23,[ 1 10],41,-1,122,-1,99
1,<environment.Job instance at 0x7f73f49caaf0>,45,15,[ 3 13],46,-1,114,-1,99
1,<environment.Job instance at 0x7f73f49cabe0>,48,26,[ 4 11],49,-1,138,-1,112
1,<environment.Job instance at 0x7f73f49cacd0>,49,22,[13  2],50,-1,134,-1,112
1,<environment.Job instance at 0x7f73f49ca320>,51,19,[14  3],52,-1,135,-1,116
1,<environment.Job instance at 0x7f73f49ca730>,53,27,[5 3],54,-1,158,-1,131
1,<environment.Job instance at 0x7f73f6eee3c0>,54,27,[9 5],55,-1,158,-1,131
1,<environment.Job instance at 0x7f73f6eee550>,55,19,[ 4 13],56,-1,150,-1,131
1,<environment.Job instance at 0x7f73f6eeef00>,56,25,[1 6],57,-1,156,-1,131
1,<environment.Job instance at 0x7f73f6eeefa0>,59,24,[ 1 13],60,-1,171,-1,147
1,<environment.Job instance at 0x7f73f6eee0a0>,60,26,[12  4],61,-1,173,-1,147
1,<environment.Job instance at 0x7f73f6eee780>,61,16,[12  1],62,-1,163,-1,147
1,<environment.Job instance at 0x7f73f6eee8c0>,58,25,[6 5],59,-1,176,-1,151
1,<environment.Job instance at 0x7f73f6eeebe0>,63,25,[6 2],64,-1,176,-1,151
1,<environment.Job instance at 0x7f73f6eee640>,65,27,[13  4],66,-1,178,-1,151
1,<environment.Job instance at 0x7f73f6eee870>,69,25,[ 5 11],70,-1,197,-1,172
1,<environment.Job instance at 0x7f73f6eee280>,70,17,[11  3],71,-1,189,-1,172
1,<environment.Job instance at 0x7f73f3b63a50>,72,26,[4 9],73,-1,211,-1,185
1,<environment.Job instance at 0x7f73f3b63460>,73,19,[12  4],74,-1,204,-1,185
1,<environment.Job instance at 0x7f73f3b63b90>,75,18,[ 4 14],76,-1,203,-1,185
