iteration,job object,job ID,job Length,job ressource requirement,job enter time,job start time,job finish time,job waiting time,current time
1,<environment.Job instance at 0x148dfd876a50>,2,1,[2 5],3,5,6,2,3
1,<environment.Job instance at 0x148df3c11a50>,3,1,[6 2],4,5,6,1,4
1,<environment.Job instance at 0x148df3c11a00>,4,2,[7 2],5,6,8,1,5
1,<environment.Job instance at 0x148df3c11d70>,5,3,[9 2],6,8,11,2,6
1,<environment.Job instance at 0x148df5948e60>,0,2,[6 1],1,1,3,0,1
1,<environment.Job instance at 0x148df593aaa0>,2,3,[1 8],3,3,6,0,3
1,<environment.Job instance at 0x148df593ab40>,3,3,[1 8],4,6,9,2,4
1,<environment.Job instance at 0x148df592ea00>,4,2,[8 1],7,7,9,0,7
1,<environment.Job instance at 0x148df593a9b0>,5,2,[ 1 10],8,9,11,1,8
1,<environment.Job instance at 0x148df580d870>,0,1,[2 5],1,4,5,3,4
1,<environment.Job instance at 0x148df593a9b0>,2,2,[10  1],5,5,7,0,5
1,<environment.Job instance at 0x148df57fa0f0>,3,3,[6 2],6,7,10,1,6
1,<environment.Job instance at 0x148df580dd70>,5,3,[6 1],9,10,13,1,9
1,<environment.Job instance at 0x148df57fa320>,2,2,[2 8],4,4,6,0,4
1,<environment.Job instance at 0x148db697fb40>,3,1,[2 7],5,6,7,1,6
1,<environment.Job instance at 0x148db697f550>,4,2,[2 7],6,7,9,1,6
1,<environment.Job instance at 0x148db6f4dbe0>,0,3,[9 2],1,1,4,0,1
1,<environment.Job instance at 0x148db6f4da50>,1,3,[2 9],2,4,7,2,2
1,<environment.Job instance at 0x148db6f4d4b0>,2,1,[2 7],3,7,8,4,3
1,<environment.Job instance at 0x148db6f4b320>,4,2,[1 8],5,158,160,153,158
1,<environment.Job instance at 0x148db68c1e60>,2,3,[1 6],3,3,6,0,3
1,<environment.Job instance at 0x148db6f4d730>,1,3,[1 5],2,6,9,4,3
1,<environment.Job instance at 0x148db68c1c80>,4,1,[10  1],6,25,26,19,25
1,<environment.Job instance at 0x148db68828c0>,1,1,[1 6],3,4,5,1,4
1,<environment.Job instance at 0x148dfd70eb90>,2,1,[2 9],5,5,6,0,5
1,<environment.Job instance at 0x148dfd70e960>,5,2,[8 2],9,9,11,0,9
1,<environment.Job instance at 0x148dfb4f2d70>,1,3,[6 1],3,3,6,0,3
1,<environment.Job instance at 0x148dfd70ea00>,0,2,[1 7],2,4,6,2,4
1,<environment.Job instance at 0x148dfd70e910>,2,2,[2 5],5,6,8,1,6
1,<environment.Job instance at 0x148dfb4f2c30>,3,16,[2 5],6,8,24,2,8
1,<environment.Job instance at 0x148db69e37d0>,1,1,[1 9],5,5,6,0,5
1,<environment.Job instance at 0x148db6997960>,3,3,[1 5],7,7,10,0,7
1,<environment.Job instance at 0x148db6616370>,4,3,[9 2],8,8,11,0,8
1,<environment.Job instance at 0x148db6616230>,5,3,[10  1],9,11,14,2,9
1,<environment.Job instance at 0x148db6616b90>,1,3,[2 9],2,2,5,0,2
1,<environment.Job instance at 0x148db664dfa0>,2,3,[1 9],3,5,8,2,3
1,<environment.Job instance at 0x148db664da00>,4,3,[1 9],5,8,11,3,5
1,<environment.Job instance at 0x148db664dc30>,6,2,[ 2 10],7,11,13,4,7
1,<environment.Job instance at 0x148db664da50>,7,3,[2 9],9,13,16,4,9
1,<environment.Job instance at 0x148db69206e0>,1,2,[6 2],3,3,5,0,3
1,<environment.Job instance at 0x148db664d0a0>,2,3,[6 2],6,6,9,0,6
1,<environment.Job instance at 0x148dfabdde60>,4,2,[2 5],8,8,10,0,8
1,<environment.Job instance at 0x148dfabdd320>,5,2,[ 1 10],9,10,12,1,9
1,<environment.Job instance at 0x148df63b0a00>,0,3,[7 2],1,1,4,0,1
1,<environment.Job instance at 0x148df63b0aa0>,2,3,[ 2 10],4,4,7,0,4
1,<environment.Job instance at 0x148df5a28f50>,4,1,[10  1],7,7,8,0,7
1,<environment.Job instance at 0x148df5a28e60>,5,2,[ 1 10],8,8,10,0,8
1,<environment.Job instance at 0x148df59ff5f0>,0,2,[1 8],1,1,3,0,1
1,<environment.Job instance at 0x148df59ff640>,1,2,[2 6],2,4,6,2,4
1,<environment.Job instance at 0x148df59ff550>,2,1,[1 5],3,7,8,4,7
1,<environment.Job instance at 0x148db6e99140>,3,2,[1 9],6,8,10,2,7
1,<environment.Job instance at 0x148db6ea8780>,1,3,[2 8],2,5,8,3,5
1,<environment.Job instance at 0x148df6466370>,4,13,[ 1 10],6,8,21,2,7
1,<environment.Job instance at 0x148df6466820>,6,17,[1 9],9,21,38,12,9
1,<environment.Job instance at 0x148df587d050>,1,1,[ 2 10],2,2,3,0,2
1,<environment.Job instance at 0x148df6466640>,3,1,[8 2],4,4,5,0,4
1,<environment.Job instance at 0x148db6f47320>,1,3,[ 2 10],2,34,37,32,34
1,<environment.Job instance at 0x148db6d6f690>,2,3,[2 5],3,126,129,123,126
1,<environment.Job instance at 0x148db665f6e0>,0,3,[9 1],3,3,6,0,3
1,<environment.Job instance at 0x148db665fd70>,2,1,[1 8],6,12,13,6,12
1,<environment.Job instance at 0x148df64be0f0>,3,15,[1 6],7,320,335,313,320
1,<environment.Job instance at 0x148df5819d20>,0,3,[1 7],1,1,4,0,1
1,<environment.Job instance at 0x148db665f1e0>,2,27,[1 8],3,7,34,4,7
1,<environment.Job instance at 0x148dfab7daa0>,6,28,[2 8],9,34,62,25,34
1,<environment.Job instance at 0x148dfab80140>,0,3,[5 1],3,5,8,2,5
1,<environment.Job instance at 0x148dfab80190>,2,3,[ 2 10],6,8,11,2,6
1,<environment.Job instance at 0x148dfab800a0>,3,2,[1 9],8,11,13,3,8
1,<environment.Job instance at 0x148db6e077d0>,1,15,[1 7],5,21,36,16,21
1,<environment.Job instance at 0x148df585f550>,0,2,[ 2 10],1,2,4,1,2
1,<environment.Job instance at 0x148df585f640>,1,3,[5 2],2,4,7,2,3
1,<environment.Job instance at 0x148db6b6fe10>,3,2,[ 2 10],4,7,9,3,4
1,<environment.Job instance at 0x148db6a890f0>,4,2,[2 9],5,9,11,4,5
1,<environment.Job instance at 0x148db6a89d20>,7,2,[9 1],9,11,13,2,9
1,<environment.Job instance at 0x152f72b53c30>,2,1,[2 5],3,3,4,0,3
1,<environment.Job instance at 0x152f72b53960>,1,3,[1 9],2,4,7,2,3
1,<environment.Job instance at 0x152f68eeeb40>,4,2,[7 2],5,7,9,2,5
1,<environment.Job instance at 0x152f68eeed20>,5,3,[9 2],6,9,12,3,6
1,<environment.Job instance at 0x152f68eeed70>,9,2,[6 1],11,12,14,1,11
1,<environment.Job instance at 0x152f68ef10f0>,10,13,[2 8],12,12,25,0,12
1,<environment.Job instance at 0x152f68ef1370>,11,3,[1 8],13,25,28,12,13
1,<environment.Job instance at 0x152f68ef14b0>,12,3,[1 8],14,28,31,14,14
1,<environment.Job instance at 0x152f68ef15f0>,13,2,[8 1],17,17,19,0,17
1,<environment.Job instance at 0x152f6fe56dc0>,14,2,[ 1 10],18,31,33,13,18
1,<environment.Job instance at 0x152f6ab689b0>,2,2,[10  1],5,5,7,0,5
1,<environment.Job instance at 0x152f693a0d20>,3,3,[6 2],6,7,10,1,6
1,<environment.Job instance at 0x152f693a0eb0>,5,3,[6 1],9,10,13,1,9
1,<environment.Job instance at 0x152f693a0c30>,7,2,[8 1],11,13,15,2,11
1,<environment.Job instance at 0x152f693a06e0>,8,12,[ 1 10],12,15,27,3,12
1,<environment.Job instance at 0x152f693a0550>,10,1,[2 7],15,27,28,12,15
1,<environment.Job instance at 0x152f693a00f0>,11,2,[2 7],16,28,30,12,17
1,<environment.Job instance at 0x152f69a54640>,0,3,[9 2],1,2,5,1,2
1,<environment.Job instance at 0x152f69a54910>,1,3,[2 9],2,55,58,53,55
1,<environment.Job instance at 0x152f6ab22a00>,7,1,[8 1],11,160,161,149,160
1,<environment.Job instance at 0x152f6ab22500>,8,3,[1 5],12,860,863,848,860
1,<environment.Job instance at 0x152f6ab22640>,9,3,[1 6],13,1204,1207,1191,1204
1,<environment.Job instance at 0x152f6ab22d70>,11,1,[10  1],16,1212,1213,1196,1212
1,<environment.Job instance at 0x152f6ab225f0>,12,3,[7 2],17,1217,1220,1200,1217
1,<environment.Job instance at 0x152f6ab226e0>,13,3,[1 8],18,1221,1224,1203,1221
1,<environment.Job instance at 0x152f71dec370>,0,2,[2 8],1,1,3,0,1
1,<environment.Job instance at 0x152f71dec5a0>,2,1,[2 9],5,8,9,3,8
1,<environment.Job instance at 0x152f71dec0f0>,5,2,[8 2],9,9,11,0,9
1,<environment.Job instance at 0x152f71dece10>,6,2,[1 7],12,12,14,0,12
1,<environment.Job instance at 0x152f71dec460>,7,3,[6 1],13,13,16,0,13
1,<environment.Job instance at 0x152f71decaf0>,10,1,[10  2],19,19,20,0,19
1,<environment.Job instance at 0x152f6ba8eb90>,2,17,[8 1],6,7,24,1,7
1,<environment.Job instance at 0x152f6ad770a0>,13,3,[2 9],19,19,22,0,19
1,<environment.Job instance at 0x152f6ad77eb0>,1,2,[6 2],3,3,5,0,3
1,<environment.Job instance at 0x152f6adb1460>,2,3,[6 2],6,6,9,0,6
1,<environment.Job instance at 0x152f1ff371e0>,4,2,[2 5],8,8,10,0,8
1,<environment.Job instance at 0x152f6ad770a0>,5,2,[ 1 10],9,10,12,1,10
1,<environment.Job instance at 0x152f642fb550>,7,3,[7 2],11,12,15,1,11
1,<environment.Job instance at 0x152f1ff37f50>,6,3,[2 9],10,15,18,5,12
1,<environment.Job instance at 0x152f1ff374b0>,9,3,[ 2 10],14,18,21,4,14
1,<environment.Job instance at 0x152f642fb1e0>,11,1,[10  1],17,21,22,4,17
1,<environment.Job instance at 0x152f642fb320>,12,2,[ 1 10],18,22,24,4,18
1,<environment.Job instance at 0x152f1fae0410>,0,2,[1 8],1,2,4,1,2
1,<environment.Job instance at 0x152f1fae0870>,3,2,[1 9],6,6,8,0,6
1,<environment.Job instance at 0x152f1fafb9b0>,5,1,[2 5],8,8,9,0,8
1,<environment.Job instance at 0x152f1fae0dc0>,1,2,[2 6],2,9,11,7,9
1,<environment.Job instance at 0x152f1fafbbe0>,12,13,[ 1 10],16,24,37,8,24
1,<environment.Job instance at 0x152f642f9910>,6,2,[ 1 10],10,10,12,0,10
1,<environment.Job instance at 0x152f1fafbb40>,4,15,[5 1],5,16,31,11,16
1,<environment.Job instance at 0x152f6acc9910>,11,3,[5 2],16,22,25,6,22
1,<environment.Job instance at 0x152f6acc9b90>,12,15,[9 2],17,31,46,14,22
1,<environment.Job instance at 0x152f6430e320>,13,18,[2 6],18,46,64,28,40
1,<environment.Job instance at 0x152f6acea140>,0,3,[9 1],3,4,7,1,4
1,<environment.Job instance at 0x152f1f8e0730>,2,3,[ 2 10],6,6,9,0,6
1,<environment.Job instance at 0x152f1f9aa230>,4,2,[ 2 10],11,11,13,0,11
1,<environment.Job instance at 0x152f1f9aa820>,5,3,[5 2],12,13,16,1,13
1,<environment.Job instance at 0x152f1f9aae60>,7,2,[ 2 10],14,16,18,2,14
1,<environment.Job instance at 0x152f1f9aa4b0>,8,2,[2 9],15,18,20,3,15
1,<environment.Job instance at 0x152f1f9aa460>,6,15,[2 7],13,20,35,7,18
1,<environment.Job instance at 0x152f1f9aad20>,11,2,[9 1],19,35,37,16,19
1,<environment.Job instance at 0x152f641df3c0>,2,1,[1 7],3,3,4,0,3
1,<environment.Job instance at 0x152f641dfc30>,3,1,[2 9],4,4,5,0,4
1,<environment.Job instance at 0x152f641df280>,5,3,[ 2 10],7,7,10,0,7
1,<environment.Job instance at 0x152f1fc94280>,6,14,[10  1],9,10,24,1,9
1,<environment.Job instance at 0x152f1fc940f0>,7,12,[7 1],10,24,36,14,10
1,<environment.Job instance at 0x152f1fc94b90>,8,2,[8 2],11,36,38,25,11
1,<environment.Job instance at 0x152f1fc945a0>,9,3,[8 1],12,38,41,26,12
1,<environment.Job instance at 0x152f1fc946e0>,12,2,[10  1],15,41,43,26,15
1,<environment.Job instance at 0x152f1fc94e10>,11,3,[6 1],14,43,46,29,17
1,<environment.Job instance at 0x152f1fc94370>,13,3,[ 2 10],17,46,49,29,21
1,<environment.Job instance at 0x152f1fc942d0>,15,16,[1 6],19,49,65,30,48
1,<environment.Job instance at 0x152f1fa33320>,1,17,[7 1],2,3,20,1,3
1,<environment.Job instance at 0x152f64315c80>,2,1,[2 6],3,77,78,74,77
1,<environment.Job instance at 0x152f6404b410>,0,2,[10  2],1,1,3,0,1
1,<environment.Job instance at 0x152f6404b460>,1,3,[2 8],5,5,8,0,5
1,<environment.Job instance at 0x152f1f8855f0>,5,1,[2 8],12,12,13,0,12
1,<environment.Job instance at 0x152f1f885690>,7,2,[7 2],17,17,19,0,17
1,<environment.Job instance at 0x152f1f885870>,8,2,[2 5],18,18,20,0,18
1,<environment.Job instance at 0x152f1f885820>,9,14,[2 8],19,21,35,2,21
1,<environment.Job instance at 0x152f1fde5cd0>,0,3,[8 1],2,2,5,0,2
1,<environment.Job instance at 0x152f1f8be5f0>,2,2,[5 2],4,6,8,2,6
1,<environment.Job instance at 0x152f6aae20f0>,4,14,[6 1],7,9,23,2,9
1,<environment.Job instance at 0x152f6ab4f3c0>,6,16,[1 7],9,14,30,5,14
1,<environment.Job instance at 0x152f6ab4f550>,11,3,[ 2 10],15,30,33,15,15
1,<environment.Job instance at 0x152f729e0690>,0,1,[2 8],1,2,3,1,2
1,<environment.Job instance at 0x152f6ab9fdc0>,1,1,[7 1],2,3,4,1,3
1,<environment.Job instance at 0x152f729e2960>,3,2,[8 2],5,5,7,0,5
1,<environment.Job instance at 0x152f71e4a9b0>,4,3,[1 7],6,6,9,0,6
1,<environment.Job instance at 0x152f729e2d20>,6,1,[5 2],8,8,9,0,8
1,<environment.Job instance at 0x152f6ab8d140>,7,1,[1 8],9,10,11,1,10
1,<environment.Job instance at 0x152f6ab8da50>,9,2,[5 2],12,12,14,0,12
1,<environment.Job instance at 0x152f6ab8d230>,10,2,[1 7],14,14,16,0,14
1,<environment.Job instance at 0x152f6ab8d190>,11,2,[5 2],15,17,19,2,17
1,<environment.Job instance at 0x152f6ab8daa0>,12,1,[1 6],17,18,19,1,18
1,<environment.Job instance at 0x152f6ab8d0a0>,14,2,[10  1],19,19,21,0,19
1,<environment.Job instance at 0x152f6ab8da00>,8,3,[1 7],10,55,58,45,55
1,<environment.Job instance at 0x152f6fdf5cd0>,2,3,[1 8],5,7,10,2,7
1,<environment.Job instance at 0x152f693b7a50>,5,3,[ 2 10],11,11,14,0,11
1,<environment.Job instance at 0x152f693b7c80>,7,2,[2 5],14,14,16,0,14
1,<environment.Job instance at 0x152f693b77d0>,8,1,[ 2 10],15,16,17,1,15
1,<environment.Job instance at 0x152f693b7410>,9,14,[8 1],16,17,31,1,16
1,<environment.Job instance at 0x152f693b70a0>,10,2,[ 1 10],17,31,33,14,17
1,<environment.Job instance at 0x152f693b7fa0>,11,3,[7 2],18,33,36,15,18
1,<environment.Job instance at 0x152f64317230>,1,3,[1 9],2,2,5,0,2
1,<environment.Job instance at 0x152f1fdedb90>,2,1,[6 1],3,4,5,1,4
1,<environment.Job instance at 0x152f64077190>,3,3,[5 1],4,6,9,2,6
1,<environment.Job instance at 0x152f64077500>,4,3,[1 7],9,9,12,0,9
1,<environment.Job instance at 0x152f71dcd8c0>,7,2,[10  1],13,13,15,0,13
1,<environment.Job instance at 0x152f71dcdcd0>,8,3,[1 9],14,15,18,1,14
1,<environment.Job instance at 0x152f71dcdb90>,9,3,[1 8],18,18,21,0,18
1,<environment.Job instance at 0x152f642b5d70>,0,2,[2 7],1,1,3,0,1
1,<environment.Job instance at 0x152f722225f0>,1,2,[9 2],2,3,5,1,2
1,<environment.Job instance at 0x152f1fdbddc0>,2,3,[5 2],3,5,8,2,3
1,<environment.Job instance at 0x152f642f6b90>,6,1,[1 8],8,8,9,0,8
1,<environment.Job instance at 0x152f642f6af0>,7,13,[1 7],10,10,23,0,10
1,<environment.Job instance at 0x152f642f6c80>,8,12,[2 9],13,23,35,10,13
1,<environment.Job instance at 0x152f6430c230>,9,3,[5 2],14,14,17,0,14
1,<environment.Job instance at 0x152f6430c0a0>,10,2,[ 2 10],15,35,37,20,15
1,<environment.Job instance at 0x152f6430c3c0>,12,17,[10  1],18,37,54,19,25
1,<environment.Job instance at 0x152f1fc4a5f0>,0,1,[6 2],1,1,2,0,1
1,<environment.Job instance at 0x152f6430c050>,1,3,[2 7],3,3,6,0,3
1,<environment.Job instance at 0x152f1fc4a690>,3,2,[8 1],8,8,10,0,8
1,<environment.Job instance at 0x152f1fc4a960>,4,2,[1 9],11,15,17,4,15
1,<environment.Job instance at 0x152f1fc4a190>,8,1,[9 2],15,18,19,3,18
1,<environment.Job instance at 0x152f1fc4a910>,9,18,[ 1 10],16,19,37,3,18
1,<environment.Job instance at 0x152f1fc4ae10>,10,2,[1 6],18,37,39,19,23
1,<environment.Job instance at 0x152f1f9d7e60>,0,1,[7 2],1,2,3,1,2
1,<environment.Job instance at 0x152f1f9d77d0>,1,3,[9 1],2,3,6,1,3
1,<environment.Job instance at 0x152f1fbe62d0>,4,3,[2 7],6,7,10,1,7
1,<environment.Job instance at 0x152f1fbe60a0>,5,14,[7 2],7,9,23,2,9
1,<environment.Job instance at 0x152f1fbe6820>,7,3,[10  2],10,23,26,13,10
1,<environment.Job instance at 0x152f1fbe6f50>,9,3,[9 1],14,26,29,12,14
1,<environment.Job instance at 0x152a9a427960>,1,3,[1 9],2,2,5,0,2
1,<environment.Job instance at 0x152a9a427a50>,2,1,[2 5],3,5,6,2,3
1,<environment.Job instance at 0x152a907c2a00>,4,2,[7 2],5,6,8,1,6
1,<environment.Job instance at 0x152a9a427c30>,5,3,[9 2],6,8,11,2,6
1,<environment.Job instance at 0x152a907c2be0>,7,1,[2 6],8,11,12,3,9
1,<environment.Job instance at 0x152a907c2cd0>,9,2,[6 1],11,11,13,0,11
1,<environment.Job instance at 0x152a907c5190>,10,13,[2 8],12,12,25,0,12
1,<environment.Job instance at 0x152a907c5370>,11,3,[1 8],13,25,28,12,13
1,<environment.Job instance at 0x152a907c54b0>,12,3,[1 8],14,28,31,14,14
1,<environment.Job instance at 0x152a907c55f0>,13,2,[8 1],17,17,19,0,17
1,<environment.Job instance at 0x152a907b8320>,18,2,[10  1],25,31,33,6,25
1,<environment.Job instance at 0x152a907b8690>,19,3,[6 2],26,26,29,0,26
1,<environment.Job instance at 0x152a980741e0>,0,2,[8 1],1,2,4,1,2
1,<environment.Job instance at 0x152a907b8730>,2,2,[2 8],4,4,6,0,4
1,<environment.Job instance at 0x152a980740a0>,3,1,[2 7],5,6,7,1,5
1,<environment.Job instance at 0x152a980743c0>,4,2,[2 7],6,7,9,1,6
1,<environment.Job instance at 0x152a98074050>,5,2,[2 7],7,9,11,2,7
1,<environment.Job instance at 0x152a924938c0>,1,12,[ 1 10],2,11,23,9,8
1,<environment.Job instance at 0x152a980746e0>,8,3,[9 2],11,23,26,12,11
1,<environment.Job instance at 0x152a98074910>,10,1,[2 7],13,26,27,13,14
1,<environment.Job instance at 0x152a98074460>,12,2,[1 8],15,23,25,8,15
1,<environment.Job instance at 0x152a91325c30>,13,3,[10  2],18,27,30,9,19
1,<environment.Job instance at 0x152a913251e0>,14,2,[ 1 10],20,30,32,10,21
1,<environment.Job instance at 0x152a91325be0>,16,3,[1 5],22,32,35,10,22
1,<environment.Job instance at 0x152a91325fa0>,17,3,[1 6],23,57,60,34,57
1,<environment.Job instance at 0x152a913257d0>,20,3,[7 2],27,187,190,160,187
1,<environment.Job instance at 0x152a924dfc80>,5,2,[8 2],9,9,11,0,9
1,<environment.Job instance at 0x152a924df0f0>,6,2,[1 7],12,12,14,0,12
1,<environment.Job instance at 0x152a924df8c0>,7,3,[6 1],13,13,16,0,13
1,<environment.Job instance at 0x152a924df910>,8,2,[2 5],15,15,17,0,15
1,<environment.Job instance at 0x152a924df730>,10,1,[10  2],19,19,20,0,19
1,<environment.Job instance at 0x152a924df6e0>,11,22,[1 5],20,20,42,0,20
1,<environment.Job instance at 0x152a924df320>,9,16,[2 5],16,24,40,8,24
1,<environment.Job instance at 0x152a924dfa50>,13,1,[1 9],25,42,43,17,25
1,<environment.Job instance at 0x152a9246fc30>,16,3,[9 2],28,43,46,15,28
1,<environment.Job instance at 0x152a924ee820>,17,3,[10  1],29,46,49,17,29
1,<environment.Job instance at 0x152a924df5a0>,12,15,[2 9],22,49,64,27,41
1,<environment.Job instance at 0x152a924df9b0>,1,3,[2 9],2,2,5,0,2
1,<environment.Job instance at 0x152a90a027d0>,2,3,[1 9],3,5,8,2,3
1,<environment.Job instance at 0x152a90a02230>,6,2,[ 2 10],7,8,10,1,7
1,<environment.Job instance at 0x152a90a02370>,7,3,[2 9],9,10,13,1,9
1,<environment.Job instance at 0x152a924df5a0>,4,3,[1 9],5,13,16,8,12
1,<environment.Job instance at 0x152a90a02c30>,10,3,[6 2],16,16,19,0,16
1,<environment.Job instance at 0x152a90a02b90>,11,1,[1 6],17,19,20,2,19
1,<environment.Job instance at 0x152a996c0eb0>,14,3,[2 9],20,20,23,0,20
1,<environment.Job instance at 0x152a90a02af0>,12,2,[2 5],18,23,25,5,20
1,<environment.Job instance at 0x152a996c0640>,15,3,[7 2],21,23,26,2,21
1,<environment.Job instance at 0x152a996c0280>,17,3,[ 2 10],24,26,29,2,24
1,<environment.Job instance at 0x152a996c0e60>,19,1,[10  1],27,29,30,2,27
1,<environment.Job instance at 0x152a996c0b40>,20,2,[ 1 10],28,30,32,2,28
1,<environment.Job instance at 0x152a996c0690>,18,12,[2 8],25,48,60,23,48
1,<environment.Job instance at 0x152a980dee60>,0,2,[1 8],1,1,3,0,1
1,<environment.Job instance at 0x152a996c0d20>,1,2,[2 6],2,3,5,1,2
1,<environment.Job instance at 0x152a996c0690>,3,2,[1 9],6,6,8,0,6
1,<environment.Job instance at 0x152a980de780>,4,1,[2 7],7,8,9,1,7
1,<environment.Job instance at 0x152a980de9b0>,8,1,[5 1],11,14,15,3,14
1,<environment.Job instance at 0x152a4b953730>,11,15,[10  2],15,19,34,4,19
1,<environment.Job instance at 0x152a4b953870>,14,17,[1 9],19,94,111,75,94
1,<environment.Job instance at 0x152a4b953550>,15,13,[2 9],20,120,133,100,120
1,<environment.Job instance at 0x152a4b953a00>,16,1,[2 8],21,133,134,112,120
1,<environment.Job instance at 0x152a4b9e0a50>,21,18,[1 8],26,182,200,156,182
1,<environment.Job instance at 0x152a4b9e0320>,1,3,[ 2 10],2,9,12,7,9
1,<environment.Job instance at 0x152a926405f0>,5,15,[9 2],7,12,27,5,9
1,<environment.Job instance at 0x152a926405a0>,6,18,[2 6],8,179,197,171,179
1,<environment.Job instance at 0x152a4b9c98c0>,8,1,[1 7],10,197,198,187,179
1,<environment.Job instance at 0x152a4b9c9460>,11,1,[1 8],16,198,199,182,187
1,<environment.Job instance at 0x152a4b9c9820>,17,27,[1 8],23,214,241,191,214
1,<environment.Job instance at 0x152a4b9c9780>,18,3,[1 9],24,241,244,217,233
1,<environment.Job instance at 0x152a4b9c9eb0>,19,2,[7 2],25,649,651,624,649
1,<environment.Job instance at 0x152a4b34b2d0>,0,3,[5 1],3,3,6,0,3
1,<environment.Job instance at 0x152a4b34b7d0>,2,3,[ 2 10],6,6,9,0,6
1,<environment.Job instance at 0x152a4b34bd70>,3,2,[1 9],8,9,11,1,9
1,<environment.Job instance at 0x152a4b34b410>,4,2,[ 2 10],11,11,13,0,11
1,<environment.Job instance at 0x152a4b34bfa0>,5,3,[5 2],12,13,16,1,13
1,<environment.Job instance at 0x152a4b34bdc0>,7,2,[ 2 10],14,16,18,2,14
1,<environment.Job instance at 0x152a4b34b320>,8,2,[2 9],15,18,20,3,15
1,<environment.Job instance at 0x152a4b34b6e0>,6,15,[2 7],13,20,35,7,18
1,<environment.Job instance at 0x152a4b34b050>,11,2,[9 1],19,35,37,16,19
1,<environment.Job instance at 0x152a4b558dc0>,12,3,[5 2],20,20,23,0,20
1,<environment.Job instance at 0x152a4b5582d0>,13,2,[ 1 10],21,37,39,16,21
1,<environment.Job instance at 0x152a4b558320>,14,13,[ 2 10],22,39,52,17,24
1,<environment.Job instance at 0x152a4b5588c0>,17,15,[1 7],25,52,67,27,38
1,<environment.Job instance at 0x152a4bb105f0>,0,2,[8 2],1,2,4,1,2
1,<environment.Job instance at 0x152a4bb10410>,1,3,[8 1],2,4,7,2,2
1,<environment.Job instance at 0x152a4bb100a0>,2,2,[2 5],3,3,5,0,3
1,<environment.Job instance at 0x152a4bb10140>,4,2,[10  1],5,7,9,2,5
1,<environment.Job instance at 0x152a4bb10e10>,3,3,[6 1],4,9,12,5,7
1,<environment.Job instance at 0x152a4bb10320>,5,3,[ 2 10],7,12,15,5,8
1,<environment.Job instance at 0x152a4bb05af0>,7,16,[1 6],9,15,31,6,9
1,<environment.Job instance at 0x152a4bb05410>,9,17,[7 1],12,16,33,4,16
1,<environment.Job instance at 0x152a4bb05500>,13,1,[9 1],21,33,34,12,21
1,<environment.Job instance at 0x152a4bb647d0>,14,12,[1 5],22,31,43,9,22
1,<environment.Job instance at 0x152a4b63e9b0>,15,2,[6 2],23,34,36,11,23
1,<environment.Job instance at 0x152a4bb645a0>,16,1,[9 1],25,36,37,11,25
1,<environment.Job instance at 0x152a925e2280>,17,2,[8 1],26,37,39,11,26
1,<environment.Job instance at 0x152a91325870>,18,1,[ 1 10],27,43,44,16,27
1,<environment.Job instance at 0x152a92f32af0>,19,2,[1 5],29,39,41,10,29
1,<environment.Job instance at 0x152a946143c0>,0,2,[10  2],1,2,4,1,2
1,<environment.Job instance at 0x152a4bb64910>,1,3,[2 8],5,5,8,0,5
1,<environment.Job instance at 0x152a4b6a04b0>,5,1,[2 8],12,12,13,0,12
1,<environment.Job instance at 0x152a4b19afa0>,7,2,[7 2],17,18,20,1,18
1,<environment.Job instance at 0x152a4b19f1e0>,10,3,[8 1],22,22,25,0,22
1,<environment.Job instance at 0x152a4b19f3c0>,11,1,[7 2],23,25,26,2,23
1,<environment.Job instance at 0x152a4b19f5f0>,12,2,[5 2],24,26,28,2,24
1,<environment.Job instance at 0x152a4b23ceb0>,1,2,[6 2],2,3,5,1,3
1,<environment.Job instance at 0x152a4b19f7d0>,3,16,[1 7],4,61,77,57,61
1,<environment.Job instance at 0x152a4b23c320>,6,3,[1 5],9,77,80,68,76
1,<environment.Job instance at 0x152a4b23c230>,8,1,[2 8],11,80,81,69,78
1,<environment.Job instance at 0x152a4b23cd70>,10,18,[5 2],13,78,96,65,78
1,<environment.Job instance at 0x152a4b27beb0>,11,2,[8 2],15,96,98,81,78
1,<environment.Job instance at 0x152a4b27b730>,12,3,[1 7],16,81,84,65,79
1,<environment.Job instance at 0x152a4b27bf50>,16,3,[1 7],20,84,87,64,79
1,<environment.Job instance at 0x152a4b27b7d0>,17,2,[5 2],22,87,89,65,79
1,<environment.Job instance at 0x152a4b27baa0>,18,2,[1 7],24,89,91,65,80
1,<environment.Job instance at 0x152a4b2ad140>,22,2,[10  1],29,98,100,69,80
1,<environment.Job instance at 0x152a924150a0>,2,3,[1 8],5,5,8,0,5
1,<environment.Job instance at 0x152a92549320>,4,2,[7 2],9,9,11,0,9
1,<environment.Job instance at 0x152a92549820>,5,3,[ 2 10],11,11,14,0,11
1,<environment.Job instance at 0x152a4b6f39b0>,6,14,[8 2],12,14,28,2,12
1,<environment.Job instance at 0x152a4b6f3820>,7,2,[2 5],14,14,16,0,14
1,<environment.Job instance at 0x152a4b6f3cd0>,8,1,[ 2 10],15,28,29,13,15
1,<environment.Job instance at 0x152a4b6f32d0>,9,14,[8 1],16,29,43,13,16
1,<environment.Job instance at 0x152a990491e0>,11,3,[7 2],18,43,46,25,18
1,<environment.Job instance at 0x152a990495f0>,14,3,[1 9],22,29,32,7,22
1,<environment.Job instance at 0x152a99049f50>,15,1,[6 1],23,46,47,23,23
1,<environment.Job instance at 0x152a99049910>,16,3,[5 1],24,47,50,23,24
1,<environment.Job instance at 0x152a4b9b2320>,17,3,[1 7],29,32,35,3,29
1,<environment.Job instance at 0x152a4b7158c0>,2,2,[10  1],3,3,5,0,3
1,<environment.Job instance at 0x152a92549eb0>,3,3,[1 9],4,5,8,1,4
1,<environment.Job instance at 0x152a924da460>,7,3,[5 2],13,13,16,0,13
1,<environment.Job instance at 0x152a924da690>,9,1,[ 2 10],15,16,17,1,15
1,<environment.Job instance at 0x152a924da870>,10,18,[5 2],17,17,35,0,17
1,<environment.Job instance at 0x152a924daa00>,11,1,[1 8],18,18,19,0,18
1,<environment.Job instance at 0x152a924dab90>,12,13,[1 7],20,20,33,0,20
1,<environment.Job instance at 0x152a924dac80>,13,12,[2 9],23,35,47,12,23
1,<environment.Job instance at 0x152a924dad20>,14,3,[5 2],24,47,50,23,24
1,<environment.Job instance at 0x152a924daf50>,15,2,[ 2 10],25,50,52,25,25
1,<environment.Job instance at 0x152a924c0190>,1,3,[2 7],3,3,6,0,3
1,<environment.Job instance at 0x152a976c9c80>,3,2,[8 1],8,8,10,0,8
1,<environment.Job instance at 0x152a976c9d20>,4,2,[1 9],11,19,21,8,19
1,<environment.Job instance at 0x152a976c9dc0>,8,1,[9 2],15,21,22,6,19
1,<environment.Job instance at 0x152a976c9d70>,9,18,[ 1 10],16,28,46,12,28
1,<environment.Job instance at 0x152a976c9410>,10,2,[1 6],18,46,48,28,30
1,<environment.Job instance at 0x152a976c9a50>,11,3,[ 2 10],20,48,51,28,30
1,<environment.Job instance at 0x152a976c9780>,12,1,[7 2],21,46,47,25,34
1,<environment.Job instance at 0x152a976c9640>,13,3,[9 1],22,51,54,29,34
1,<environment.Job instance at 0x152a90a0e320>,14,16,[9 1],23,54,70,31,41
1,<environment.Job instance at 0x152a90a0e460>,15,1,[6 2],25,47,48,22,44
1,<environment.Job instance at 0x152a90a0e870>,16,3,[2 7],26,70,73,44,45
1,<environment.Job instance at 0x152a4b2ce780>,0,2,[2 9],1,1,3,0,1
1,<environment.Job instance at 0x152a976c9fa0>,1,3,[9 1],4,4,7,0,4
1,<environment.Job instance at 0x152a4b04b4b0>,4,3,[5 1],10,10,13,0,10
1,<environment.Job instance at 0x152a923a1280>,3,16,[1 5],8,12,28,4,12
1,<environment.Job instance at 0x152a923a1370>,6,2,[5 1],13,13,15,0,13
1,<environment.Job instance at 0x152a923a1050>,8,2,[10  2],15,28,30,13,15
1,<environment.Job instance at 0x152a923a15f0>,9,2,[6 1],16,16,18,0,16
1,<environment.Job instance at 0x152a923a1410>,10,3,[9 2],18,18,21,0,18
1,<environment.Job instance at 0x152a923a18c0>,11,3,[6 2],21,21,24,0,21
1,<environment.Job instance at 0x152a923a1960>,12,2,[5 2],22,24,26,2,22
1,<environment.Job instance at 0x152a923a1b90>,13,3,[1 7],23,30,33,7,23
1,<environment.Job instance at 0x152a923a1cd0>,14,2,[9 2],25,26,28,1,25
1,<environment.Job instance at 0x152a923a1dc0>,15,1,[7 2],26,30,31,4,26
1,<environment.Job instance at 0x152a923a1f50>,16,3,[1 7],28,33,36,5,28
1,<environment.Job instance at 0x152a923a1d70>,17,14,[1 6],29,36,50,7,29
1,<environment.Job instance at 0x152a923a1230>,5,14,[1 6],12,50,64,38,42
1,<environment.Job instance at 0x152a923c3be0>,0,3,[6 1],3,3,6,0,3
1,<environment.Job instance at 0x152a93049c30>,5,12,[5 2],8,8,20,0,8
1,<environment.Job instance at 0x152a4bb97730>,6,3,[8 1],9,20,23,11,9
1,<environment.Job instance at 0x152a4bb97f50>,7,3,[8 1],13,23,26,10,13
1,<environment.Job instance at 0x152a4bb978c0>,8,1,[10  1],14,26,27,12,14
1,<environment.Job instance at 0x152a4bb97780>,4,16,[2 9],7,27,43,20,17
1,<environment.Job instance at 0x152a4bb97a50>,9,27,[1 7],15,43,70,28,41
1,<environment.Job instance at 0x152a981438c0>,16,3,[2 9],27,70,73,43,44
1,<environment.Job instance at 0x152a98143370>,15,2,[8 1],26,47,49,21,47
1,<environment.Job instance at 0x152a98143550>,12,13,[ 2 10],22,73,86,51,61
1,<environment.Job instance at 0x152a4b75baf0>,0,2,[1 9],1,1,3,0,1
1,<environment.Job instance at 0x152a4b75b550>,2,1,[1 8],5,5,6,0,5
1,<environment.Job instance at 0x152a4b75bf00>,4,3,[1 6],7,8,11,1,8
1,<environment.Job instance at 0x152a99aee780>,7,3,[10  1],11,11,14,0,11
1,<environment.Job instance at 0x152a99aee730>,8,2,[1 7],12,14,16,2,12
1,<environment.Job instance at 0x152a99aee5f0>,10,3,[1 9],14,16,19,2,14
1,<environment.Job instance at 0x152a99aeeeb0>,11,2,[1 8],16,19,21,3,16
1,<environment.Job instance at 0x152a91302b90>,12,2,[1 5],18,21,23,3,18
1,<environment.Job instance at 0x152a91302e60>,13,15,[10  1],19,23,38,4,19
1,<environment.Job instance at 0x152a913020f0>,17,2,[6 1],24,52,54,28,52
1,<environment.Job instance at 0x152a9782a7d0>,0,2,[1 7],1,1,3,0,1
1,<environment.Job instance at 0x152a9782a960>,1,1,[1 5],2,3,4,1,2
1,<environment.Job instance at 0x152a976e8140>,3,3,[1 6],4,4,7,0,4
1,<environment.Job instance at 0x152a91302320>,5,2,[ 1 10],6,7,9,1,6
1,<environment.Job instance at 0x152a976e8640>,4,16,[1 5],5,9,25,4,6
1,<environment.Job instance at 0x152a976e85a0>,7,15,[7 2],8,9,24,1,8
1,<environment.Job instance at 0x152a976e83c0>,9,3,[6 1],10,24,27,14,10
1,<environment.Job instance at 0x152a976e8d70>,10,2,[1 8],11,25,27,14,11
1,<environment.Job instance at 0x152a976e8d20>,11,3,[2 8],12,27,30,15,12
1,<environment.Job instance at 0x152a996ce4b0>,19,2,[10  1],24,30,32,6,24
1,<environment.Job instance at 0x152a996cebe0>,20,2,[2 7],26,32,34,6,26
1,<environment.Job instance at 0x152a923b58c0>,21,1,[5 2],27,32,33,5,31
1,<environment.Job instance at 0x152a907b2640>,2,2,[5 2],3,3,5,0,3
1,<environment.Job instance at 0x152a923b58c0>,3,1,[7 1],6,6,7,0,6
1,<environment.Job instance at 0x152a4b5b5af0>,4,2,[7 1],7,7,9,0,7
1,<environment.Job instance at 0x152a4b5b5be0>,6,3,[10  2],9,9,12,0,9
1,<environment.Job instance at 0x152a4b5b5f00>,9,3,[1 7],13,13,16,0,13
1,<environment.Job instance at 0x152a4b5b04b0>,14,2,[1 5],20,22,24,2,22
1,<environment.Job instance at 0x152a4b5b05f0>,16,3,[2 7],22,24,27,2,23
1,<environment.Job instance at 0x152a4b5b06e0>,17,2,[1 5],23,27,29,4,25
1,<environment.Job instance at 0x152a4b5b0b90>,21,1,[2 6],28,57,58,29,57
1,<environment.Job instance at 0x152a4b5a9aa0>,1,3,[1 7],3,4,7,1,4
1,<environment.Job instance at 0x152a4b6e9280>,3,14,[1 6],5,7,21,2,5
1,<environment.Job instance at 0x152a4b6e9050>,5,3,[5 1],7,7,10,0,7
1,<environment.Job instance at 0x152a4b6e9190>,6,1,[10  1],8,21,22,13,8
1,<environment.Job instance at 0x152a92fa81e0>,7,1,[1 8],9,22,23,13,9
1,<environment.Job instance at 0x152a92fa82d0>,8,12,[9 2],10,22,34,12,10
1,<environment.Job instance at 0x152a92fa8640>,13,16,[ 2 10],15,34,50,19,26
1,<environment.Job instance at 0x152a92fa8960>,18,2,[1 8],22,50,52,28,43
1,<environment.Job instance at 0x152a4aec5d70>,0,2,[10  2],2,2,4,0,2
1,<environment.Job instance at 0x152a4aed85a0>,1,3,[7 1],6,6,9,0,6
1,<environment.Job instance at 0x152a4aebed20>,3,3,[1 9],8,8,11,0,8
1,<environment.Job instance at 0x152a933048c0>,5,3,[2 9],10,11,14,1,10
1,<environment.Job instance at 0x152a93304af0>,8,3,[10  1],17,17,20,0,17
1,<environment.Job instance at 0x152a93304c80>,9,3,[6 1],19,20,23,1,19
1,<environment.Job instance at 0x152a93304b90>,10,3,[8 1],20,23,26,3,20
1,<environment.Job instance at 0x152a93304e60>,11,2,[7 1],22,26,28,4,22
1,<environment.Job instance at 0x152a93304f50>,12,18,[2 6],24,24,42,0,24
1,<environment.Job instance at 0x152a93304d70>,13,1,[7 1],26,28,29,2,26
1,<environment.Job instance at 0x152a9332a230>,14,2,[5 1],27,29,31,2,27
1,<environment.Job instance at 0x152a9332a3c0>,15,14,[2 5],28,42,56,14,28
1,<environment.Job instance at 0x1553858c8960>,1,3,[1 9],2,2,5,0,2
1,<environment.Job instance at 0x1553858c8a50>,2,1,[2 5],3,5,6,2,3
1,<environment.Job instance at 0x15537bc63a50>,3,1,[6 2],4,5,6,1,4
1,<environment.Job instance at 0x15537bc63a00>,4,2,[7 2],5,6,8,1,5
1,<environment.Job instance at 0x15537bc63d70>,5,3,[9 2],6,8,11,2,6
1,<environment.Job instance at 0x1553858c8c30>,9,2,[6 1],11,11,13,0,11
1,<environment.Job instance at 0x15537bc660a0>,10,13,[2 8],12,12,25,0,12
1,<environment.Job instance at 0x15537bc66370>,11,3,[1 8],13,25,28,12,13
1,<environment.Job instance at 0x15537bc664b0>,12,3,[1 8],14,28,31,14,14
1,<environment.Job instance at 0x15537bc665f0>,13,2,[8 1],17,17,19,0,17
1,<environment.Job instance at 0x15537bc5a2d0>,14,2,[ 1 10],18,31,33,13,18
1,<environment.Job instance at 0x15537bc590f0>,18,2,[10  1],25,33,35,8,25
1,<environment.Job instance at 0x15537bc598c0>,19,3,[6 2],26,26,29,0,26
1,<environment.Job instance at 0x15537bc59190>,24,12,[ 1 10],32,35,47,3,34
1,<environment.Job instance at 0x15538350d640>,0,3,[9 2],1,1,4,0,1
1,<environment.Job instance at 0x15537bc591e0>,1,3,[2 9],2,4,7,2,2
1,<environment.Job instance at 0x15537bc59050>,4,2,[1 8],5,419,421,414,419
1,<environment.Job instance at 0x15537d96cdc0>,8,3,[1 5],12,454,457,442,454
1,<environment.Job instance at 0x15537d96ceb0>,9,3,[1 6],13,693,696,680,693
1,<environment.Job instance at 0x15537d96c730>,11,1,[10  1],16,697,698,681,697
1,<environment.Job instance at 0x15537d96cc30>,12,3,[7 2],17,698,701,681,697
1,<environment.Job instance at 0x15537d96c690>,13,3,[1 8],18,708,711,690,708
1,<environment.Job instance at 0x15537d96c5f0>,14,3,[2 8],20,711,714,691,709
1,<environment.Job instance at 0x15537d96cb40>,15,2,[2 8],21,746,748,725,746
1,<environment.Job instance at 0x15537d96c5a0>,16,1,[1 6],23,1106,1107,1083,1106
1,<environment.Job instance at 0x15537d96c6e0>,17,1,[2 9],25,1183,1184,1158,1183
1,<environment.Job instance at 0x15537d96c870>,18,16,[8 2],26,1197,1213,1171,1197
1,<environment.Job instance at 0x15537d96c0a0>,19,12,[9 1],28,1217,1229,1189,1217
1,<environment.Job instance at 0x15537d96c410>,20,2,[8 2],29,1229,1231,1200,1221
1,<environment.Job instance at 0x15537d96c780>,21,2,[1 7],32,1620,1622,1588,1620
1,<environment.Job instance at 0x15537d96c550>,22,3,[6 1],33,1648,1651,1615,1648
1,<environment.Job instance at 0x15537d96c280>,23,2,[2 5],35,1659,1661,1624,1659
1,<environment.Job instance at 0x15537d96c280>,2,17,[8 1],6,7,24,1,7
1,<environment.Job instance at 0x15537d91ae60>,4,3,[9 2],8,24,27,16,8
1,<environment.Job instance at 0x15537d8f12d0>,5,3,[10  1],9,27,30,18,9
1,<environment.Job instance at 0x15537d8979b0>,13,3,[2 9],19,19,22,0,19
1,<environment.Job instance at 0x15537d8f23c0>,15,2,[6 2],23,30,32,7,23
1,<environment.Job instance at 0x15537d8f2730>,16,3,[6 2],26,32,35,6,26
1,<environment.Job instance at 0x15537d8f2c80>,19,2,[ 1 10],29,35,37,6,29
1,<environment.Job instance at 0x15537d8f29b0>,20,3,[2 9],30,37,40,7,30
1,<environment.Job instance at 0x15537d8f2280>,21,3,[7 2],31,40,43,9,31
1,<environment.Job instance at 0x15537d8f2230>,23,3,[ 2 10],34,43,46,9,34
1,<environment.Job instance at 0x15537d8f2690>,24,12,[2 8],35,46,58,11,35
1,<environment.Job instance at 0x15538355c730>,0,2,[1 8],1,1,3,0,1
1,<environment.Job instance at 0x15537d8f86e0>,1,2,[2 6],2,3,5,1,2
1,<environment.Job instance at 0x15538355ceb0>,3,2,[1 9],6,6,8,0,6
1,<environment.Job instance at 0x15538355ccd0>,8,1,[5 1],11,24,25,13,24
1,<environment.Job instance at 0x155346ebed20>,13,16,[8 1],17,25,41,8,24
1,<environment.Job instance at 0x155346fa1320>,15,13,[2 9],20,34,47,14,34
1,<environment.Job instance at 0x155346fa1550>,16,1,[2 8],21,47,48,26,40
1,<environment.Job instance at 0x155346fa18c0>,17,1,[ 2 10],22,48,49,26,42
1,<environment.Job instance at 0x155346ebe370>,14,17,[1 9],19,100,117,81,100
1,<environment.Job instance at 0x155346fa1fa0>,27,3,[5 2],36,172,175,136,172
1,<environment.Job instance at 0x1553844ea5a0>,0,3,[9 1],3,3,6,0,3
1,<environment.Job instance at 0x1553844ea730>,2,1,[1 8],6,7,8,1,7
1,<environment.Job instance at 0x15537d9dfaf0>,4,3,[7 2],8,9,12,1,9
1,<environment.Job instance at 0x15537d9df4b0>,6,3,[1 7],11,16,19,5,16
1,<environment.Job instance at 0x15537d9df7d0>,8,27,[1 8],13,22,49,9,22
1,<environment.Job instance at 0x15537db289b0>,9,3,[1 9],14,49,52,35,29
1,<environment.Job instance at 0x155346e4b9b0>,10,2,[7 2],15,29,31,14,29
1,<environment.Job instance at 0x155346fd7960>,11,12,[6 1],16,31,43,15,30
1,<environment.Job instance at 0x15537db28cd0>,12,28,[2 8],19,52,80,33,52
1,<environment.Job instance at 0x15537d9d6e10>,13,3,[5 1],23,54,57,31,54
1,<environment.Job instance at 0x15537d9d6b90>,14,15,[1 7],25,80,95,55,67
1,<environment.Job instance at 0x15537d9d6d20>,15,3,[ 2 10],26,95,98,69,69
1,<environment.Job instance at 0x15537d9d65f0>,16,2,[1 9],28,98,100,70,71
1,<environment.Job instance at 0x15537d9d62d0>,17,2,[ 2 10],31,100,102,69,74
1,<environment.Job instance at 0x15537d9d6140>,18,3,[5 2],32,75,78,43,75
1,<environment.Job instance at 0x15537d9d6eb0>,19,15,[2 7],33,102,117,69,93
1,<environment.Job instance at 0x15537d9d6a50>,20,2,[ 2 10],34,117,119,83,94
1,<environment.Job instance at 0x1553468845f0>,21,2,[2 9],35,119,121,84,96
1,<environment.Job instance at 0x155346f24500>,24,2,[9 1],39,121,123,82,102
1,<environment.Job instance at 0x15537d9df910>,3,15,[1 6],7,284,299,277,284
1,<environment.Job instance at 0x15537e4f4a50>,2,1,[1 7],3,3,4,0,3
1,<environment.Job instance at 0x1553844ce2d0>,5,3,[ 2 10],7,7,10,0,7
1,<environment.Job instance at 0x155346654e60>,7,12,[7 1],10,16,28,6,16
1,<environment.Job instance at 0x155346658370>,11,3,[6 1],14,28,31,14,16
1,<environment.Job instance at 0x1553466586e0>,13,3,[ 2 10],17,31,34,14,17
1,<environment.Job instance at 0x155346658410>,12,2,[10  1],15,34,36,19,18
1,<environment.Job instance at 0x155346658910>,15,16,[1 6],19,36,52,17,23
1,<environment.Job instance at 0x155346658730>,16,17,[1 6],21,52,69,31,40
1,<environment.Job instance at 0x155346658960>,18,1,[2 6],23,69,70,46,41
1,<environment.Job instance at 0x155346658820>,19,16,[9 1],26,41,57,15,41
1,<environment.Job instance at 0x1553466580a0>,8,2,[8 2],11,113,115,102,113
1,<environment.Job instance at 0x155346792730>,0,2,[10  2],1,1,3,0,1
1,<environment.Job instance at 0x155346658230>,1,3,[2 8],5,5,8,0,5
1,<environment.Job instance at 0x155346792960>,3,2,[1 6],7,8,10,1,7
1,<environment.Job instance at 0x1553467523c0>,7,2,[7 2],17,17,19,0,17
1,<environment.Job instance at 0x155346752cd0>,8,2,[2 5],18,18,20,0,18
1,<environment.Job instance at 0x1553467520f0>,9,14,[2 8],19,21,35,2,21
1,<environment.Job instance at 0x155346752b40>,10,3,[8 1],22,22,25,0,22
1,<environment.Job instance at 0x155346752eb0>,12,2,[5 2],24,25,27,1,25
1,<environment.Job instance at 0x155346752c80>,14,14,[6 1],27,28,42,1,28
1,<environment.Job instance at 0x155346752910>,15,15,[2 8],28,35,50,7,30
1,<environment.Job instance at 0x155346752d70>,16,16,[1 7],29,62,78,33,62
1,<environment.Job instance at 0x15534677e7d0>,21,3,[ 2 10],35,78,81,43,63
1,<environment.Job instance at 0x15534677ebe0>,2,18,[5 2],3,5,23,2,5
1,<environment.Job instance at 0x15537daa7be0>,11,2,[5 2],15,15,17,0,15
1,<environment.Job instance at 0x15537daa75f0>,14,2,[10  1],19,23,25,4,19
1,<environment.Job instance at 0x155346bed320>,15,3,[2 7],20,25,28,5,22
1,<environment.Job instance at 0x155346bedaf0>,17,1,[2 5],24,28,29,4,24
1,<environment.Job instance at 0x155346beda00>,18,3,[1 8],25,29,32,4,25
1,<environment.Job instance at 0x155346bed0a0>,19,12,[7 2],27,27,39,0,27
1,<environment.Job instance at 0x155346fc7820>,20,2,[7 2],29,39,41,10,29
1,<environment.Job instance at 0x155346fc7fa0>,21,3,[ 2 10],31,41,44,10,31
1,<environment.Job instance at 0x15537e473960>,23,2,[2 5],34,34,36,0,34
1,<environment.Job instance at 0x155346fb5c80>,26,2,[ 1 10],37,44,46,7,37
1,<environment.Job instance at 0x155346fb55f0>,27,3,[7 2],38,46,49,8,38
1,<environment.Job instance at 0x1553468a8a00>,2,1,[6 1],3,3,4,0,3
1,<environment.Job instance at 0x1553468a86e0>,3,3,[5 1],4,4,7,0,4
1,<environment.Job instance at 0x155346fb5960>,4,3,[1 7],9,9,12,0,9
1,<environment.Job instance at 0x1553467a2500>,1,3,[1 9],2,12,15,10,9
1,<environment.Job instance at 0x15537da92780>,7,2,[10  1],13,15,17,2,13
1,<environment.Job instance at 0x15537da92be0>,8,3,[1 9],14,17,20,3,14
1,<environment.Job instance at 0x15537da92d20>,9,3,[1 8],18,20,23,2,18
1,<environment.Job instance at 0x15537da92e10>,10,2,[2 7],21,23,25,2,21
1,<environment.Job instance at 0x15537da92c30>,11,2,[9 2],22,25,27,3,22
1,<environment.Job instance at 0x15537da92eb0>,12,3,[5 2],23,27,30,4,23
1,<environment.Job instance at 0x15537daa41e0>,13,16,[7 2],24,30,46,6,24
1,<environment.Job instance at 0x15537daa4370>,14,1,[ 2 10],25,46,47,21,25
1,<environment.Job instance at 0x15537daa4460>,16,1,[1 8],28,28,29,0,28
1,<environment.Job instance at 0x15537daa4730>,17,13,[1 7],30,30,43,0,30
1,<environment.Job instance at 0x15537daa4820>,18,12,[2 9],33,47,59,14,33
1,<environment.Job instance at 0x15537daa48c0>,19,3,[5 2],34,59,62,25,34
1,<environment.Job instance at 0x15537daa4af0>,20,2,[ 2 10],35,62,64,27,36
1,<environment.Job instance at 0x155346a6a780>,3,2,[8 1],8,8,10,0,8
1,<environment.Job instance at 0x155346a6a690>,4,2,[1 9],11,11,13,0,11
1,<environment.Job instance at 0x15537e4ec320>,5,2,[1 6],12,13,15,1,12
1,<environment.Job instance at 0x15537e4ec2d0>,6,1,[1 9],13,15,16,2,13
1,<environment.Job instance at 0x15537e4ecdc0>,7,3,[1 8],14,18,21,4,18
1,<environment.Job instance at 0x1553469f5cd0>,11,3,[ 2 10],20,21,24,1,20
1,<environment.Job instance at 0x1553469f5e60>,12,1,[7 2],21,25,26,4,25
1,<environment.Job instance at 0x1553469f5dc0>,14,16,[9 1],23,26,42,3,25
1,<environment.Job instance at 0x1553469f5820>,15,1,[6 2],25,42,43,17,25
1,<environment.Job instance at 0x15537e500aa0>,16,3,[2 7],26,42,45,16,26
1,<environment.Job instance at 0x15537e5005a0>,17,14,[7 2],27,43,57,16,28
1,<environment.Job instance at 0x15537e500820>,18,2,[ 1 10],29,57,59,28,33
1,<environment.Job instance at 0x15537e5007d0>,20,2,[2 9],31,59,61,28,33
1,<environment.Job instance at 0x155346ac4d20>,21,3,[9 1],34,61,64,27,38
1,<environment.Job instance at 0x155346ac4410>,23,16,[1 5],38,61,77,23,48
1,<environment.Job instance at 0x15537e500f00>,1,2,[5 1],3,3,5,0,3
1,<environment.Job instance at 0x155346bb6f50>,2,1,[2 7],4,4,5,0,4
1,<environment.Job instance at 0x155346bb6fa0>,3,2,[10  2],5,5,7,0,5
1,<environment.Job instance at 0x155346915320>,4,2,[6 1],6,7,9,1,6
1,<environment.Job instance at 0x15537e5003c0>,5,3,[9 2],8,9,12,1,8
1,<environment.Job instance at 0x155346915280>,6,3,[6 2],11,12,15,1,11
1,<environment.Job instance at 0x155346915640>,7,2,[5 2],12,15,17,3,12
1,<environment.Job instance at 0x155346915460>,8,3,[1 7],13,13,16,0,13
1,<environment.Job instance at 0x1553469157d0>,9,2,[9 2],15,17,19,2,15
1,<environment.Job instance at 0x155346915a50>,11,3,[1 7],18,18,21,0,18
1,<environment.Job instance at 0x155346915cd0>,13,14,[1 9],20,21,35,1,21
1,<environment.Job instance at 0x155346915e10>,14,3,[6 1],23,23,26,0,23
1,<environment.Job instance at 0x155346915fa0>,16,2,[2 9],25,35,37,10,25
1,<environment.Job instance at 0x15537e4a1410>,20,3,[8 1],29,29,32,0,29
1,<environment.Job instance at 0x15537e4a1c30>,21,3,[8 1],33,33,36,0,33
1,<environment.Job instance at 0x15537e4a1aa0>,22,1,[10  1],34,37,38,3,34
1,<environment.Job instance at 0x15537e4a1c80>,19,12,[5 2],28,38,50,10,35
1,<environment.Job instance at 0x15537e4a1dc0>,24,15,[2 8],38,38,53,0,38
1,<environment.Job instance at 0x15537e4a1a00>,25,16,[2 8],39,53,69,14,41
1,<environment.Job instance at 0x15537e4a1460>,23,27,[1 7],35,72,99,37,72
1,<environment.Job instance at 0x15537e4c8aa0>,1,1,[2 6],3,3,4,0,3
1,<environment.Job instance at 0x15537e4a11e0>,2,2,[1 5],5,5,7,0,5
1,<environment.Job instance at 0x155346ad7140>,3,2,[8 1],6,6,8,0,6
1,<environment.Job instance at 0x155346ad7a50>,4,3,[2 9],7,7,10,0,7
1,<environment.Job instance at 0x155346ad7190>,5,1,[5 1],9,9,10,0,9
1,<environment.Job instance at 0x155346ad7aa0>,6,3,[1 5],10,10,13,0,10
1,<environment.Job instance at 0x15537e808320>,7,2,[1 9],11,13,15,2,11
1,<environment.Job instance at 0x15537e808820>,8,3,[2 8],12,15,18,3,12
1,<environment.Job instance at 0x15537e808230>,11,3,[1 6],17,18,21,1,17
1,<environment.Job instance at 0x15537e8082d0>,12,2,[8 2],18,18,20,0,18
1,<environment.Job instance at 0x15537e8088c0>,14,3,[10  1],21,21,24,0,21
1,<environment.Job instance at 0x15537e808960>,15,2,[1 7],22,24,26,2,22
1,<environment.Job instance at 0x155384b28230>,17,3,[1 9],24,26,29,2,24
1,<environment.Job instance at 0x15537e815910>,19,2,[1 5],28,29,31,1,28
1,<environment.Job instance at 0x15537e8159b0>,20,15,[10  1],29,31,46,2,29
1,<environment.Job instance at 0x155384b28550>,16,15,[1 5],23,46,61,23,32
1,<environment.Job instance at 0x15537e815b40>,24,2,[6 1],34,46,48,12,35
1,<environment.Job instance at 0x15537d9d6320>,25,3,[10  1],36,61,64,25,36
1,<environment.Job instance at 0x15537d9d69b0>,26,3,[10  2],37,64,67,27,59
1,<environment.Job instance at 0x15537d9d6af0>,3,3,[1 6],4,4,7,0,4
1,<environment.Job instance at 0x155382ccbbe0>,5,2,[ 1 10],6,7,9,1,6
1,<environment.Job instance at 0x155382ccb5a0>,4,16,[1 5],5,9,25,4,7
1,<environment.Job instance at 0x155382ccb3c0>,6,17,[2 9],7,25,42,18,13
1,<environment.Job instance at 0x155382ccb320>,11,3,[2 8],12,42,45,30,16
1,<environment.Job instance at 0x155382ccb1e0>,13,3,[5 2],16,16,19,0,16
1,<environment.Job instance at 0x155382ccb8c0>,14,1,[6 2],18,19,20,1,18
1,<environment.Job instance at 0x155382ccbb40>,15,2,[2 8],19,45,47,26,19
1,<environment.Job instance at 0x15537807d190>,19,2,[10  1],24,47,49,23,24
1,<environment.Job instance at 0x15537807dc30>,20,2,[2 7],26,49,51,23,26
1,<environment.Job instance at 0x15537807d550>,21,1,[5 2],27,42,43,15,27
1,<environment.Job instance at 0x15537807da50>,23,2,[ 1 10],30,51,53,21,30
1,<environment.Job instance at 0x15537807d9b0>,25,12,[6 1],32,53,65,21,36
1,<environment.Job instance at 0x15537807df00>,26,2,[5 2],33,43,45,10,36
1,<environment.Job instance at 0x15537807d780>,27,1,[7 1],36,36,37,0,36
1,<environment.Job instance at 0x155346df0550>,28,2,[7 1],37,37,39,0,37
1,<environment.Job instance at 0x155346df0eb0>,29,1,[7 2],38,45,46,7,38
1,<environment.Job instance at 0x155346df0e60>,30,3,[10  2],39,65,68,26,39
1,<environment.Job instance at 0x15537807d410>,24,3,[2 5],31,53,56,22,40
1,<environment.Job instance at 0x155382ccb9b0>,8,16,[2 8],9,68,84,59,58
1,<environment.Job instance at 0x155382ccbb90>,1,3,[1 7],3,3,6,0,3
1,<environment.Job instance at 0x15538350fb90>,16,3,[1 7],23,102,105,79,102
1,<environment.Job instance at 0x15537d9e0780>,20,3,[5 1],27,111,114,84,111
1,<environment.Job instance at 0x155382ccb190>,1,2,[1 8],2,2,4,0,2
1,<environment.Job instance at 0x15538350faf0>,3,1,[2 5],4,4,5,0,4
1,<environment.Job instance at 0x15534679deb0>,4,14,[2 8],5,5,19,0,5
1,<environment.Job instance at 0x15534679daa0>,5,2,[7 1],6,6,8,0,6
1,<environment.Job instance at 0x15538350f050>,6,3,[7 1],7,8,11,1,7
1,<environment.Job instance at 0x15534679d140>,7,13,[10  1],8,19,32,11,8
1,<environment.Job instance at 0x1553467b7640>,14,16,[10  1],19,32,48,13,19
1,<environment.Job instance at 0x1553467b74b0>,18,3,[10  1],27,48,51,21,27
1,<environment.Job instance at 0x1553467b7f00>,19,3,[6 1],29,51,54,22,30
1,<environment.Job instance at 0x1553467b76e0>,20,3,[8 1],30,54,57,24,34
1,<environment.Job instance at 0x15534677d5f0>,25,14,[2 5],38,51,65,13,38
1,<environment.Job instance at 0x15534677d5f0>,2,3,[8 1],3,3,6,0,3
1,<environment.Job instance at 0x15534677d1e0>,3,3,[2 6],6,6,9,0,6
1,<environment.Job instance at 0x15537e44e280>,5,16,[1 5],11,11,27,0,11
1,<environment.Job instance at 0x15537e44e820>,6,1,[1 9],12,27,28,15,12
1,<environment.Job instance at 0x15537e44ebe0>,7,3,[2 9],14,28,31,14,14
1,<environment.Job instance at 0x15537e44e410>,8,1,[10  2],15,31,32,16,15
1,<environment.Job instance at 0x155346be0460>,11,2,[ 1 10],20,32,34,12,21
1,<environment.Job instance at 0x155346be05f0>,13,3,[10  2],23,34,37,11,23
1,<environment.Job instance at 0x155346be0f00>,14,2,[1 6],27,37,39,10,28
1,<environment.Job instance at 0x155346be0140>,15,3,[1 9],28,39,42,11,31
1,<environment.Job instance at 0x155346be03c0>,17,1,[6 2],32,37,38,5,32
1,<environment.Job instance at 0x155346be0870>,18,3,[10  2],34,42,45,8,34
1,<environment.Job instance at 0x155346be0280>,19,3,[5 1],38,38,41,0,38
1,<environment.Job instance at 0x155346be0a50>,20,1,[2 8],39,45,46,6,39
1,<environment.Job instance at 0x15537d851410>,1,3,[9 1],2,3,6,1,3
1,<environment.Job instance at 0x155346630a00>,0,2,[6 2],1,6,8,5,4
1,<environment.Job instance at 0x1553466307d0>,3,2,[5 2],4,8,10,4,5
1,<environment.Job instance at 0x155346ba05f0>,5,21,[1 8],6,6,27,0,6
1,<environment.Job instance at 0x155346ba0960>,9,3,[9 2],12,13,16,1,13
1,<environment.Job instance at 0x155346ba03c0>,6,17,[2 8],7,27,44,20,15
1,<environment.Job instance at 0x155346ba0b90>,12,3,[9 2],15,17,20,2,17
1,<environment.Job instance at 0x155346ba0c80>,13,2,[2 9],17,44,46,27,17
1,<environment.Job instance at 0x155346ba0eb0>,15,1,[5 1],23,26,27,3,26
1,<environment.Job instance at 0x155346ba0e10>,14,15,[2 8],22,46,61,24,32
1,<environment.Job instance at 0x155346ba3050>,17,2,[1 8],27,61,63,34,34
1,<environment.Job instance at 0x155346ba0fa0>,18,1,[10  2],28,63,64,35,35
1,<environment.Job instance at 0x155346ba3190>,19,3,[2 8],29,64,67,35,38
1,<environment.Job instance at 0x155346ba35a0>,21,2,[8 2],35,41,43,6,41
1,<environment.Job instance at 0x155346ba35f0>,23,3,[6 2],37,46,49,9,44
1,<environment.Job instance at 0x155346ba30a0>,20,15,[2 7],30,67,82,37,53
1,<environment.Job instance at 0x155346630410>,2,14,[2 8],3,89,103,86,89
1,<environment.Job instance at 0x155346b82eb0>,0,3,[1 9],1,1,4,0,1
1,<environment.Job instance at 0x155346b82d20>,2,2,[7 2],5,5,7,0,5
1,<environment.Job instance at 0x155382b89460>,5,3,[9 2],8,8,11,0,8
1,<environment.Job instance at 0x15537c109460>,6,2,[7 1],11,38,40,27,38
1,<environment.Job instance at 0x15537c109d70>,10,28,[5 1],16,731,759,715,731
1,<environment.Job instance at 0x15537c1093c0>,11,13,[8 2],17,801,814,784,801
1,<environment.Job instance at 0x15537c109b90>,12,18,[5 1],18,1624,1642,1606,1624
1,<environment.Job instance at 0x15537c1098c0>,13,15,[6 1],19,1646,1661,1627,1646
1,<environment.Job instance at 0x15537c109af0>,14,3,[6 2],20,1683,1686,1663,1683
1,<environment.Job instance at 0x15537c109c80>,15,1,[6 2],21,2043,2044,2022,2043
1,<environment.Job instance at 0x155346cecc30>,16,17,[9 2],23,2094,2111,2071,2094
1,<environment.Job instance at 0x155346cec910>,17,1,[7 1],24,2111,2112,2087,2108
1,<environment.Job instance at 0x155346cec820>,18,12,[2 8],25,2189,2201,2164,2189
1,<environment.Job instance at 0x155346cec460>,19,3,[ 1 10],26,2211,2214,2185,2211
1,<environment.Job instance at 0x155346cecaf0>,20,3,[1 5],27,2367,2370,2340,2367
1,<environment.Job instance at 0x155346cecf50>,21,3,[2 7],28,2654,2657,2626,2654
1,<environment.Job instance at 0x155346cec730>,22,13,[2 5],29,2726,2739,2697,2726
1,<environment.Job instance at 0x155346cecdc0>,23,2,[2 8],30,2911,2913,2881,2911
1,<environment.Job instance at 0x155346cec8c0>,24,2,[5 1],31,2938,2940,2907,2938
1,<environment.Job instance at 0x155346bf0050>,2,1,[9 1],5,5,6,0,5
1,<environment.Job instance at 0x155346bf0500>,3,17,[2 8],6,6,23,0,6
1,<environment.Job instance at 0x15537da1bf00>,6,16,[1 6],11,23,39,12,11
1,<environment.Job instance at 0x15537da1b0f0>,7,2,[10  2],13,39,41,26,13
1,<environment.Job instance at 0x155383518d70>,8,3,[1 7],14,41,44,27,15
1,<environment.Job instance at 0x155383518b40>,9,14,[9 2],16,23,37,7,16
1,<environment.Job instance at 0x155383518780>,10,1,[10  2],17,44,45,27,17
1,<environment.Job instance at 0x155383518640>,11,2,[7 2],18,18,20,0,18
1,<environment.Job instance at 0x1553835e8a50>,15,3,[9 2],23,41,44,18,23
1,<environment.Job instance at 0x1553835e8410>,14,12,[2 9],22,45,57,23,28
1,<environment.Job instance at 0x1553835e8780>,16,13,[1 9],24,57,70,33,41
1,<environment.Job instance at 0x1553835e8c30>,23,2,[6 2],33,70,72,37,43
1,<environment.Job instance at 0x1553835e8730>,25,1,[6 1],36,45,46,9,43
1,<environment.Job instance at 0x15537c123c80>,26,12,[ 1 10],37,72,84,35,55
1,<environment.Job instance at 0x15537c123f50>,27,3,[2 7],39,84,87,45,73
1,<environment.Job instance at 0x155346da8f50>,1,1,[1 7],2,2,3,0,2
1,<environment.Job instance at 0x155346da8af0>,3,2,[2 7],4,4,6,0,4
1,<environment.Job instance at 0x155346da8910>,5,3,[7 1],6,6,9,0,6
1,<environment.Job instance at 0x155382b840f0>,7,2,[1 9],9,9,11,0,9
1,<environment.Job instance at 0x155346da8b90>,11,1,[8 1],14,14,15,0,14
1,<environment.Job instance at 0x155346da8fa0>,12,1,[1 5],16,16,17,0,16
1,<environment.Job instance at 0x15537da97e60>,16,25,[9 1],21,26,51,5,26
1,<environment.Job instance at 0x15537da97320>,21,3,[2 7],28,51,54,23,29
1,<environment.Job instance at 0x15537da97190>,23,15,[6 1],30,51,66,21,37
1,<environment.Job instance at 0x15537da97550>,25,2,[1 5],32,37,39,5,37
1,<environment.Job instance at 0x15537da97f50>,26,16,[1 8],33,54,70,21,41
1,<environment.Job instance at 0x15538172f9b0>,30,2,[10  2],38,70,72,32,47
1,<environment.Job instance at 0x15537da97cd0>,27,14,[2 6],35,75,89,40,75
1,<environment.Job instance at 0x14b7dd67c960>,1,3,[1 9],2,2,5,0,2
1,<environment.Job instance at 0x14b7dd67cc30>,3,1,[6 2],4,5,6,1,5
1,<environment.Job instance at 0x14b7d3a17c30>,5,3,[9 2],6,6,9,0,6
1,<environment.Job instance at 0x14b7d3a17b90>,9,2,[6 1],11,11,13,0,11
1,<environment.Job instance at 0x14b7d3a17fa0>,10,13,[2 8],12,12,25,0,12
1,<environment.Job instance at 0x14b7d3a1a050>,11,3,[1 8],13,25,28,12,13
1,<environment.Job instance at 0x14b7d3a1a410>,12,3,[1 8],14,28,31,14,14
1,<environment.Job instance at 0x14b7d3a0dd70>,18,2,[10  1],25,31,33,6,25
1,<environment.Job instance at 0x14b7d3a0d2d0>,19,3,[6 2],26,26,29,0,26
1,<environment.Job instance at 0x14b7d3a0da50>,24,12,[ 1 10],32,33,45,1,33
1,<environment.Job instance at 0x14b7d3f072d0>,36,3,[10  2],48,464,467,416,464
1,<environment.Job instance at 0x14b7d455a320>,0,1,[8 1],1,1,2,0,1
1,<environment.Job instance at 0x14b7d455ae60>,1,3,[1 5],2,2,5,0,2
1,<environment.Job instance at 0x14b7d3a0c0f0>,4,1,[10  1],6,36,37,30,36
1,<environment.Job instance at 0x14b7d45646e0>,12,12,[9 1],18,80,92,62,80
1,<environment.Job instance at 0x14b7d4552fa0>,13,2,[8 2],19,92,94,73,81
1,<environment.Job instance at 0x14b7d4552640>,18,1,[10  2],29,99,100,70,99
1,<environment.Job instance at 0x14b7d4552d20>,21,1,[1 9],35,503,504,468,503
1,<environment.Job instance at 0x14b7d4552870>,23,3,[1 5],37,572,575,535,572
1,<environment.Job instance at 0x14b7d4552f50>,24,3,[9 2],38,574,577,536,574
1,<environment.Job instance at 0x14b7d45525a0>,25,3,[10  1],39,581,584,542,581
1,<environment.Job instance at 0x14b7d4552190>,26,12,[9 1],41,586,598,545,586
1,<environment.Job instance at 0x14b7d51eb960>,27,3,[2 9],42,599,602,557,599
1,<environment.Job instance at 0x14b7d51ebeb0>,28,3,[1 9],43,626,629,583,626
1,<environment.Job instance at 0x14b7d51dceb0>,2,3,[6 2],6,6,9,0,6
1,<environment.Job instance at 0x14b7d51ebeb0>,4,2,[2 5],8,8,10,0,8
1,<environment.Job instance at 0x14b7d5720370>,5,2,[ 1 10],9,10,12,1,9
1,<environment.Job instance at 0x14b7d5720050>,6,3,[2 9],10,12,15,2,10
1,<environment.Job instance at 0x14b7d51dc820>,1,2,[6 2],3,15,17,12,10
1,<environment.Job instance at 0x14b7d5720280>,7,3,[7 2],11,17,20,6,11
1,<environment.Job instance at 0x14b7d5720230>,9,3,[ 2 10],14,20,23,6,14
1,<environment.Job instance at 0x14b7d55fccd0>,10,12,[2 8],15,23,35,8,15
1,<environment.Job instance at 0x14b7d5613730>,26,13,[ 1 10],36,49,62,13,49
1,<environment.Job instance at 0x14b7d560fd70>,30,1,[2 8],41,68,69,27,68
1,<environment.Job instance at 0x14b7d560f410>,31,1,[ 2 10],42,69,70,27,68
1,<environment.Job instance at 0x14b7d56135a0>,22,1,[5 1],31,108,109,77,108
1,<environment.Job instance at 0x14b7a6a0a410>,1,3,[ 2 10],2,87,90,85,87
1,<environment.Job instance at 0x14b7a6a0adc0>,15,3,[1 7],21,90,93,69,88
1,<environment.Job instance at 0x14b7db2f81e0>,0,2,[ 1 10],1,2,4,1,2
1,<environment.Job instance at 0x14b7d3ef4d20>,2,1,[1 7],3,4,5,1,3
1,<environment.Job instance at 0x14b7d3efd4b0>,3,1,[2 9],4,5,6,1,4
1,<environment.Job instance at 0x14b7d01d2460>,4,15,[1 7],5,6,21,1,5
1,<environment.Job instance at 0x14b7db2f8730>,5,3,[ 2 10],7,21,24,14,7
1,<environment.Job instance at 0x14b7d3ef4410>,1,13,[ 2 10],2,24,37,22,10
1,<environment.Job instance at 0x14b7d628a190>,8,2,[8 2],11,11,13,0,11
1,<environment.Job instance at 0x14b7d628ad20>,9,3,[8 1],12,13,16,1,12
1,<environment.Job instance at 0x14b7d628a7d0>,10,2,[2 5],13,37,39,24,13
1,<environment.Job instance at 0x14b7a6999410>,15,16,[1 6],19,39,55,20,26
1,<environment.Job instance at 0x14b7d583d4b0>,19,16,[9 1],26,39,55,13,26
1,<environment.Job instance at 0x14b7a6643af0>,20,15,[9 2],30,55,70,25,41
1,<environment.Job instance at 0x14b7db388f00>,23,2,[6 2],33,70,72,37,43
1,<environment.Job instance at 0x14b7d00cf730>,24,1,[9 1],35,72,73,37,44
1,<environment.Job instance at 0x14b7d01fdaf0>,26,1,[ 1 10],37,73,74,36,45
1,<environment.Job instance at 0x14b7d659e500>,28,3,[1 5],40,55,58,15,45
1,<environment.Job instance at 0x14b7d62abe10>,29,2,[10  2],41,74,76,33,47
1,<environment.Job instance at 0x14b7d00f5a00>,30,3,[2 8],45,76,79,31,67
1,<environment.Job instance at 0x14b7a6999050>,16,17,[1 6],21,127,144,106,127
1,<environment.Job instance at 0x14b7d00ff2d0>,2,2,[7 2],7,7,9,0,7
1,<environment.Job instance at 0x14b7d629baa0>,3,2,[2 5],8,8,10,0,8
1,<environment.Job instance at 0x14b7a6417640>,6,1,[7 2],13,13,14,0,13
1,<environment.Job instance at 0x14b7d629b0a0>,5,3,[8 1],12,14,17,2,14
1,<environment.Job instance at 0x14b7a6417730>,7,2,[5 2],14,17,19,3,16
1,<environment.Job instance at 0x14b7a6417780>,9,14,[6 1],17,19,33,2,18
1,<environment.Job instance at 0x14b7a6417b90>,11,16,[1 7],19,19,35,0,19
1,<environment.Job instance at 0x14b7a64176e0>,10,15,[2 8],18,35,50,17,26
1,<environment.Job instance at 0x14b7a6417f50>,16,3,[ 2 10],25,50,53,25,26
1,<environment.Job instance at 0x14b7a655d0a0>,2,3,[1 8],5,5,8,0,5
1,<environment.Job instance at 0x14b7a655dd70>,4,2,[7 2],9,9,11,0,9
1,<environment.Job instance at 0x14b7a655d6e0>,5,3,[ 2 10],11,11,14,0,11
1,<environment.Job instance at 0x14b7a655d190>,7,2,[2 5],14,14,16,0,14
1,<environment.Job instance at 0x14b7a655d8c0>,8,1,[ 2 10],15,16,17,1,15
1,<environment.Job instance at 0x14b7a655d780>,9,14,[8 1],16,17,31,1,16
1,<environment.Job instance at 0x14b7a655dbe0>,10,2,[ 1 10],17,31,33,14,17
1,<environment.Job instance at 0x14b7a655d820>,11,3,[7 2],18,33,36,15,18
1,<environment.Job instance at 0x14b7a655dfa0>,14,3,[1 9],22,22,25,0,22
1,<environment.Job instance at 0x14b7a655ddc0>,15,1,[6 1],23,36,37,13,23
1,<environment.Job instance at 0x14b7a65500f0>,16,3,[5 1],24,37,40,13,24
1,<environment.Job instance at 0x14b7a65501e0>,23,2,[2 7],41,41,43,0,41
1,<environment.Job instance at 0x14b7a6550c80>,24,2,[9 2],42,43,45,1,42
1,<environment.Job instance at 0x14b7a6550a50>,25,3,[5 2],43,45,48,2,43
1,<environment.Job instance at 0x14b7a6550690>,27,1,[ 2 10],45,48,49,3,45
1,<environment.Job instance at 0x14b7a6504500>,28,18,[5 2],47,49,67,2,47
1,<environment.Job instance at 0x14b7a655de60>,1,3,[5 2],4,4,7,0,4
1,<environment.Job instance at 0x14b7a6a31370>,2,2,[ 2 10],5,7,9,2,5
1,<environment.Job instance at 0x14b7db2c1190>,13,3,[1 8],24,24,27,0,24
1,<environment.Job instance at 0x14b7db2c18c0>,17,3,[ 2 10],30,36,39,6,36
1,<environment.Job instance at 0x14b7db2c1910>,19,3,[9 1],32,39,42,7,36
1,<environment.Job instance at 0x14b7db2c7c80>,22,3,[2 7],36,42,45,6,40
1,<environment.Job instance at 0x14b7db32f0f0>,27,3,[9 1],44,67,70,23,67
1,<environment.Job instance at 0x14b7db2c7320>,1,2,[5 1],3,3,5,0,3
1,<environment.Job instance at 0x14b7d94b5dc0>,2,1,[2 7],4,4,5,0,4
1,<environment.Job instance at 0x14b7d94b5c80>,3,2,[10  2],5,6,8,1,6
1,<environment.Job instance at 0x14b7db2c7460>,4,2,[6 1],6,8,10,2,6
1,<environment.Job instance at 0x14b7a63a0af0>,5,3,[9 2],8,10,13,2,8
1,<environment.Job instance at 0x14b7a63a0960>,6,3,[6 2],11,13,16,2,11
1,<environment.Job instance at 0x14b7a63a0d20>,7,2,[5 2],12,16,18,4,12
1,<environment.Job instance at 0x14b7a63a0b90>,8,3,[1 7],13,13,16,0,13
1,<environment.Job instance at 0x14b7a63a0eb0>,9,2,[9 2],15,18,20,3,15
1,<environment.Job instance at 0x14b7a63a0c80>,11,3,[1 7],18,18,21,0,18
1,<environment.Job instance at 0x14b7a639a410>,13,14,[1 9],20,21,35,1,20
1,<environment.Job instance at 0x14b7a639a550>,14,3,[6 1],23,23,26,0,23
1,<environment.Job instance at 0x14b7a639a870>,17,2,[2 5],26,35,37,9,26
1,<environment.Job instance at 0x14b7a639a0f0>,16,2,[2 9],25,37,39,12,27
1,<environment.Job instance at 0x14b7a639aa50>,20,3,[8 1],29,29,32,0,29
1,<environment.Job instance at 0x14b7a639ad70>,21,3,[8 1],33,33,36,0,33
1,<environment.Job instance at 0x14b7a639aeb0>,22,1,[10  1],34,39,40,5,34
1,<environment.Job instance at 0x14b7a639abe0>,23,27,[1 7],35,40,67,5,38
1,<environment.Job instance at 0x14b7a63a3280>,28,2,[1 5],45,67,69,22,46
1,<environment.Job instance at 0x14b7a63a3500>,29,2,[8 1],46,48,50,2,48
1,<environment.Job instance at 0x14b7a63a3690>,30,3,[2 9],47,69,72,22,48
1,<environment.Job instance at 0x14b7a63a3820>,31,1,[5 1],49,50,51,1,50
1,<environment.Job instance at 0x14b7a63a3230>,25,16,[2 8],39,72,88,33,60
1,<environment.Job instance at 0x14b7a639ad20>,24,15,[2 8],38,126,141,88,126
1,<environment.Job instance at 0x14b7a6399be0>,0,2,[1 9],1,2,4,1,2
1,<environment.Job instance at 0x14b7a6399b40>,1,3,[2 8],2,4,7,2,2
1,<environment.Job instance at 0x14b7daa33140>,4,3,[1 6],7,7,10,0,7
1,<environment.Job instance at 0x14b7daa33190>,5,2,[8 2],8,8,10,0,8
1,<environment.Job instance at 0x14b7daa333c0>,7,3,[10  1],11,11,14,0,11
1,<environment.Job instance at 0x14b7a64f3320>,8,2,[1 7],12,14,16,2,12
1,<environment.Job instance at 0x14b7a64f3f50>,10,3,[1 9],14,16,19,2,14
1,<environment.Job instance at 0x14b7a64f3550>,11,2,[1 8],16,19,21,3,16
1,<environment.Job instance at 0x14b7a64f3190>,12,2,[1 5],18,21,23,3,18
1,<environment.Job instance at 0x14b7a64f32d0>,13,15,[10  1],19,23,38,4,19
1,<environment.Job instance at 0x14b7a65c69b0>,17,2,[6 1],24,102,104,78,102
1,<environment.Job instance at 0x14b7a65c6dc0>,21,2,[1 7],31,120,122,89,120
1,<environment.Job instance at 0x14b7a65c6050>,22,1,[1 5],32,266,267,234,266
1,<environment.Job instance at 0x14b7a65c6a00>,23,18,[8 2],33,269,287,236,269
1,<environment.Job instance at 0x14b7a65c6780>,24,3,[1 6],34,281,284,247,281
1,<environment.Job instance at 0x14b7a65c6c80>,25,16,[1 5],35,414,430,379,414
1,<environment.Job instance at 0x14b7a65c6370>,26,2,[ 1 10],36,445,447,409,445
1,<environment.Job instance at 0x14b7a65c6fa0>,27,17,[2 9],37,508,525,471,508
1,<environment.Job instance at 0x14b7a65c62d0>,28,15,[7 2],38,540,555,502,540
1,<environment.Job instance at 0x14b7a65c6410>,29,16,[2 8],39,562,578,523,562
1,<environment.Job instance at 0x14b7a65c6c30>,30,3,[6 1],40,612,615,572,612
1,<environment.Job instance at 0x14b7a65c6d20>,31,2,[1 8],41,643,645,602,643
1,<environment.Job instance at 0x14b7d57231e0>,32,3,[2 8],42,675,678,633,675
1,<environment.Job instance at 0x14b7d57235a0>,33,2,[2 8],43,756,758,713,756
1,<environment.Job instance at 0x14b7d5723eb0>,34,3,[5 2],46,756,759,710,756
1,<environment.Job instance at 0x14b7d57230a0>,35,1,[6 2],48,759,760,711,757
1,<environment.Job instance at 0x14b7d5723460>,36,2,[2 8],49,766,768,717,766
1,<environment.Job instance at 0x14b7a65dd140>,0,1,[6 2],1,1,2,0,1
1,<environment.Job instance at 0x14b7d5723460>,3,2,[10  1],4,4,6,0,4
1,<environment.Job instance at 0x14b7a66cab40>,5,1,[5 2],7,7,8,0,7
1,<environment.Job instance at 0x14b7a66cac30>,7,2,[ 1 10],10,11,13,1,11
1,<environment.Job instance at 0x14b7a66caaf0>,9,12,[6 1],12,13,25,1,12
1,<environment.Job instance at 0x14b7a66caf00>,10,2,[5 2],13,25,27,12,13
1,<environment.Job instance at 0x14b7a66bb280>,12,2,[7 1],17,27,29,10,17
1,<environment.Job instance at 0x14b7a66bb4b0>,13,1,[7 2],18,29,30,11,18
1,<environment.Job instance at 0x14b7a66bb5f0>,14,3,[10  2],19,30,33,11,19
1,<environment.Job instance at 0x14b7a66bb730>,15,2,[5 2],20,25,27,5,20
1,<environment.Job instance at 0x14b7a66bb960>,17,3,[1 7],23,27,30,4,23
1,<environment.Job instance at 0x14b7a66bbeb0>,24,3,[2 7],32,84,87,52,84
1,<environment.Job instance at 0x14b7daa730a0>,1,3,[9 2],2,2,5,0,2
1,<environment.Job instance at 0x14b7a66f1910>,0,2,[2 6],1,5,7,4,2
1,<environment.Job instance at 0x14b7a66f1960>,5,2,[1 6],7,7,9,0,7
1,<environment.Job instance at 0x14b7a66fc5f0>,6,15,[2 6],9,9,24,0,9
1,<environment.Job instance at 0x14b7a66c9050>,7,2,[7 2],10,10,12,0,10
1,<environment.Job instance at 0x14b7a6a5cf50>,8,13,[5 1],11,12,25,1,11
1,<environment.Job instance at 0x14b7a66c9780>,11,1,[2 5],14,24,25,10,14
1,<environment.Job instance at 0x14b7d620e640>,12,14,[2 8],15,25,39,10,15
1,<environment.Job instance at 0x14b7a6a5aa50>,13,2,[7 1],16,25,27,9,16
1,<environment.Job instance at 0x14b7a6a5ad20>,14,3,[7 1],17,27,30,10,17
1,<environment.Job instance at 0x14b7d570a5a0>,15,13,[10  1],18,39,52,21,31
1,<environment.Job instance at 0x14b7d65f1690>,26,3,[10  1],37,52,55,15,37
1,<environment.Job instance at 0x14b7a6a7a410>,27,3,[6 1],39,55,58,16,39
1,<environment.Job instance at 0x14b7a69b1730>,28,3,[8 1],40,58,61,18,40
1,<environment.Job instance at 0x14b7d0176e10>,29,2,[7 1],42,61,63,19,42
1,<environment.Job instance at 0x14b7d57deaf0>,31,1,[7 1],46,63,64,17,46
1,<environment.Job instance at 0x14b7a6998c30>,32,2,[5 1],47,64,66,17,47
1,<environment.Job instance at 0x14b7d616a690>,33,14,[2 5],48,55,69,7,48
1,<environment.Job instance at 0x14b7d579d4b0>,2,3,[8 1],3,3,6,0,3
1,<environment.Job instance at 0x14b7d579d410>,3,3,[2 6],6,7,10,1,7
1,<environment.Job instance at 0x14b7d00f5c30>,6,1,[1 9],12,12,13,0,12
1,<environment.Job instance at 0x14b7d00f5be0>,7,3,[2 9],14,14,17,0,14
1,<environment.Job instance at 0x14b7d00f5e10>,8,1,[10  2],15,17,18,2,15
1,<environment.Job instance at 0x14b7d7854d70>,9,1,[5 2],16,18,19,2,16
1,<environment.Job instance at 0x14b7d00f5960>,5,16,[1 5],11,18,34,7,18
1,<environment.Job instance at 0x14b7d7854550>,11,2,[ 1 10],20,34,36,14,20
1,<environment.Job instance at 0x14b7d7854460>,14,2,[1 6],27,36,38,9,27
1,<environment.Job instance at 0x14b7d7854a50>,15,3,[1 9],28,38,41,10,28
1,<environment.Job instance at 0x14b7d78544b0>,16,16,[2 7],31,41,57,10,34
1,<environment.Job instance at 0x14b7daa46d20>,19,3,[5 1],38,38,41,0,38
1,<environment.Job instance at 0x14b7daa46320>,23,3,[9 1],42,57,60,15,42
1,<environment.Job instance at 0x14b7dc2abfa0>,28,17,[2 8],47,60,77,13,48
1,<environment.Job instance at 0x14b7dc2abb40>,29,2,[6 1],49,49,51,0,49
1,<environment.Job instance at 0x14b7dc2abcd0>,26,27,[1 7],45,432,459,387,432
1,<environment.Job instance at 0x14b7d3f08780>,0,3,[9 2],2,2,5,0,2
1,<environment.Job instance at 0x14b7d3f08be0>,1,2,[5 1],3,5,7,2,4
1,<environment.Job instance at 0x14b7d614be60>,3,3,[9 2],5,7,10,2,5
1,<environment.Job instance at 0x14b7dc2ab0a0>,4,2,[2 9],7,10,12,3,7
1,<environment.Job instance at 0x14b7d614bc80>,5,15,[2 8],12,12,27,0,12
1,<environment.Job instance at 0x14b7d614b8c0>,6,1,[5 1],13,13,14,0,13
1,<environment.Job instance at 0x14b7d614b2d0>,8,2,[1 8],17,27,29,10,17
1,<environment.Job instance at 0x14b7d614b730>,9,1,[10  2],18,29,30,11,18
1,<environment.Job instance at 0x14b7d614bc30>,10,3,[2 8],19,30,33,11,19
1,<environment.Job instance at 0x14b7d614bbe0>,11,15,[2 7],20,33,48,13,20
1,<environment.Job instance at 0x14b7d614bb90>,12,2,[8 2],25,25,27,0,25
1,<environment.Job instance at 0x14b7a64c4b40>,16,3,[1 9],31,48,51,17,31
1,<environment.Job instance at 0x14b7a64c4140>,17,1,[2 9],34,51,52,17,34
1,<environment.Job instance at 0x14b7a64c4d20>,18,2,[7 2],35,35,37,0,35
1,<environment.Job instance at 0x14b7dc2abcd0>,2,17,[1 9],4,52,69,48,40
1,<environment.Job instance at 0x14b7a6a44b40>,22,2,[7 1],41,52,54,11,52
1,<environment.Job instance at 0x14b7a6a44640>,24,3,[2 5],44,93,96,49,93
1,<environment.Job instance at 0x14b7a66997d0>,25,1,[8 1],45,118,119,73,118
1,<environment.Job instance at 0x14b7a66990f0>,27,13,[8 2],47,135,148,88,135
1,<environment.Job instance at 0x14b7a6699f00>,28,18,[5 1],48,215,233,167,215
1,<environment.Job instance at 0x14b7a6699d20>,29,15,[6 1],49,233,248,184,232
1,<environment.Job instance at 0x14b7d00b9d20>,1,17,[9 2],3,5,22,2,5
1,<environment.Job instance at 0x14b7db3920f0>,10,1,[6 2],16,22,23,6,16
1,<environment.Job instance at 0x14b7db392730>,13,3,[7 2],19,23,26,4,19
1,<environment.Job instance at 0x14b7db371f00>,8,2,[2 8],10,22,24,12,21
1,<environment.Job instance at 0x14b7db392500>,16,1,[9 1],25,26,27,1,25
1,<environment.Job instance at 0x14b7db392a50>,15,12,[2 6],23,27,39,4,26
1,<environment.Job instance at 0x14b7db392be0>,17,17,[2 8],26,39,56,13,29
1,<environment.Job instance at 0x14b7db392b40>,22,3,[1 7],34,56,59,22,34
1,<environment.Job instance at 0x14b7db392fa0>,20,16,[1 6],31,59,75,28,46
1,<environment.Job instance at 0x14b7db374500>,27,3,[1 5],40,75,78,35,49
1,<environment.Job instance at 0x14b7db374320>,28,12,[2 9],42,78,90,36,61
1,<environment.Job instance at 0x14b7db374640>,29,3,[9 2],43,61,64,18,61
1,<environment.Job instance at 0x14b7db3746e0>,31,2,[1 8],45,90,92,45,66
1,<environment.Job instance at 0x14b7db374af0>,33,1,[ 1 10],49,92,93,43,66
1,<environment.Job instance at 0x14b7db374870>,30,13,[1 9],44,93,106,49,77
1,<environment.Job instance at 0x14b7db36c3c0>,1,3,[6 2],2,2,5,0,2
1,<environment.Job instance at 0x14b7db3744b0>,2,2,[6 2],3,5,7,2,3
1,<environment.Job instance at 0x14b7db36c410>,4,1,[6 1],6,7,8,1,6
1,<environment.Job instance at 0x14b7d6171af0>,5,12,[ 1 10],7,8,20,1,7
1,<environment.Job instance at 0x14b7d6171f00>,6,3,[2 7],9,20,23,11,9
1,<environment.Job instance at 0x14b7d6171870>,7,1,[1 6],10,23,24,13,10
1,<environment.Job instance at 0x14b7d6171cd0>,8,3,[8 2],11,20,23,9,11
1,<environment.Job instance at 0x14b7d6171140>,9,1,[1 7],12,24,25,12,14
1,<environment.Job instance at 0x14b7a6433a50>,13,3,[7 1],16,23,26,7,16
1,<environment.Job instance at 0x14b7a6433af0>,14,14,[8 2],17,26,40,9,17
1,<environment.Job instance at 0x14b7a6433320>,15,2,[1 9],19,40,42,21,19
1,<environment.Job instance at 0x14b7a64335f0>,16,2,[7 2],20,42,44,22,20
1,<environment.Job instance at 0x14b7a6433be0>,17,3,[5 2],22,44,47,22,22
1,<environment.Job instance at 0x14b7a6433fa0>,18,13,[2 8],23,25,38,2,24
1,<environment.Job instance at 0x14b7a6b97aa0>,22,1,[5 2],29,44,45,15,30
1,<environment.Job instance at 0x14b7a6b97dc0>,23,17,[10  1],30,47,64,17,43
1,<environment.Job instance at 0x14b7a6b99190>,27,21,[2 5],35,64,85,29,56
1,<environment.Job instance at 0x14b7a6b99820>,29,3,[2 7],38,85,88,47,59
1,<environment.Job instance at 0x14b7a6b997d0>,31,15,[6 1],40,64,79,24,59
1,<environment.Job instance at 0x14b7a6b995f0>,32,2,[2 9],41,88,90,47,61
1,<environment.Job instance at 0x14b7a6b99690>,33,2,[1 5],42,79,81,37,61
1,<environment.Job instance at 0x14b7a6b99050>,35,14,[2 6],45,90,104,45,75
1,<environment.Job instance at 0x14b7a6b99be0>,38,2,[10  2],48,104,106,56,77
1,<environment.Job instance at 0x14b7a6433cd0>,1,2,[5 1],2,3,5,1,3
1,<environment.Job instance at 0x14b7a61cb3c0>,7,3,[2 6],11,11,14,0,11
1,<environment.Job instance at 0x14b7a61cb460>,8,2,[9 1],12,14,16,2,12
1,<environment.Job instance at 0x14b7a61cb0f0>,10,2,[7 2],15,16,18,1,15
1,<environment.Job instance at 0x14b7a61cb730>,11,2,[9 2],16,18,20,2,16
1,<environment.Job instance at 0x14b7a61cb870>,12,3,[5 1],17,20,23,3,17
1,<environment.Job instance at 0x14b7a61cb9b0>,13,2,[ 1 10],18,23,25,5,18
1,<environment.Job instance at 0x14b7a61cbaf0>,14,13,[2 6],19,25,38,6,19
1,<environment.Job instance at 0x14b7a61cb2d0>,16,1,[8 2],23,1268,1269,1245,1268
1,<environment.Job instance at 0x14b7a61d2d70>,0,3,[2 8],1,1,4,0,1
1,<environment.Job instance at 0x14b7a61cbc80>,1,2,[2 5],2,4,6,2,2
1,<environment.Job instance at 0x14b7d00aa2d0>,5,3,[10  2],7,7,10,0,7
1,<environment.Job instance at 0x14b7a61d2c80>,6,3,[2 5],9,10,13,1,9
1,<environment.Job instance at 0x14b7a64e1050>,4,15,[ 2 10],6,13,28,7,9
1,<environment.Job instance at 0x14b7a67e20a0>,8,3,[7 2],11,28,31,17,11
1,<environment.Job instance at 0x14b7a6043c80>,9,2,[2 9],12,31,33,19,12
1,<environment.Job instance at 0x14b7a6772050>,10,2,[2 7],13,28,30,15,13
1,<environment.Job instance at 0x14b7a622e6e0>,11,18,[6 1],15,31,49,16,20
1,<environment.Job instance at 0x14b7daa737d0>,24,3,[1 8],33,34,37,1,34
1,<environment.Job instance at 0x14b7a65d7f00>,25,1,[ 2 10],34,49,50,15,34
1,<environment.Job instance at 0x14b7a681d3c0>,26,2,[7 2],36,50,52,14,36
1,<environment.Job instance at 0x14b7a6704230>,27,1,[6 1],37,52,53,15,38
1,<environment.Job instance at 0x14b7a61b9cd0>,28,2,[6 1],39,53,55,14,39
1,<environment.Job instance at 0x14b7d3f0deb0>,29,17,[1 7],40,57,74,17,57
1,<environment.Job instance at 0x14b7a67047d0>,30,15,[10  2],44,74,89,30,60
1,<environment.Job instance at 0x14b7a622ec30>,12,15,[2 9],16,90,105,74,90
1,<environment.Job instance at 0x14b7a5fbb960>,1,2,[1 9],2,302,304,300,302
1,<environment.Job instance at 0x14b7a61e27d0>,5,2,[10  2],7,324,326,317,324
1,<environment.Job instance at 0x14b7a61e2550>,6,1,[6 1],10,858,859,848,858
1,<environment.Job instance at 0x14b7a61e28c0>,7,1,[7 2],12,897,898,885,897
1,<environment.Job instance at 0x14b7dc9b75a0>,8,2,[2 7],13,1553,1555,1540,1553
1,<environment.Job instance at 0x14b7dc9b70f0>,9,3,[2 5],14,1664,1667,1650,1664
1,<environment.Job instance at 0x14b7dc9b7dc0>,11,12,[5 2],17,1697,1709,1680,1697
1,<environment.Job instance at 0x14b7dc9b7c30>,12,1,[10  1],18,1709,1710,1691,1699
1,<environment.Job instance at 0x14b7dc9b7a50>,13,3,[10  1],21,1733,1736,1712,1733
1,<environment.Job instance at 0x14b7dc9b7a00>,14,2,[ 2 10],22,1898,1900,1876,1898
1,<environment.Job instance at 0x14b7dc9b7c80>,15,3,[9 2],23,1935,1938,1912,1935
1,<environment.Job instance at 0x14b7dc9b7e10>,16,1,[1 9],24,2204,2205,2180,2204
1,<environment.Job instance at 0x14b7dc9b73c0>,17,1,[8 2],27,2240,2241,2213,2240
1,<environment.Job instance at 0x14b7d3eaca50>,1,3,[10  1],2,2,5,0,2
1,<environment.Job instance at 0x14b7d3eacdc0>,3,2,[8 2],10,10,12,0,10
1,<environment.Job instance at 0x14b7d3eace60>,5,3,[1 9],12,12,15,0,12
1,<environment.Job instance at 0x14b7d3eacaa0>,4,17,[1 6],11,16,33,5,16
1,<environment.Job instance at 0x14b7d3eac3c0>,6,13,[2 9],16,66,79,50,66
1,<environment.Job instance at 0x14b7d3eac140>,11,2,[8 2],22,79,81,57,66
1,<environment.Job instance at 0x14b7d3eacb40>,17,1,[5 1],28,70,71,42,70
1,<environment.Job instance at 0x14b7d3eac730>,18,2,[2 6],29,79,81,50,71
1,<environment.Job instance at 0x14b7d3eac230>,19,1,[8 1],30,71,72,41,71
1,<environment.Job instance at 0x14b7a6235b90>,20,1,[7 2],32,81,82,49,73
1,<environment.Job instance at 0x14b7a6235780>,21,12,[6 2],33,82,94,49,73
1,<environment.Job instance at 0x14b7a6235190>,22,3,[1 7],34,81,84,47,74
1,<environment.Job instance at 0x14b7a62357d0>,23,2,[6 2],36,94,96,58,74
1,<environment.Job instance at 0x14b7a62354b0>,24,3,[9 1],37,96,99,59,76
1,<environment.Job instance at 0x14b7a6235cd0>,25,14,[7 1],38,99,113,61,84
1,<environment.Job instance at 0x14b7a62359b0>,30,1,[6 1],43,113,114,70,85
1,<environment.Job instance at 0x14b7a6235a00>,31,3,[5 2],44,114,117,70,88
1,<environment.Job instance at 0x14b7a6235730>,33,2,[8 2],46,117,119,71,90
1,<environment.Job instance at 0x14b7a6235460>,34,1,[9 2],47,119,120,72,91
1,<environment.Job instance at 0x14b7da95d7d0>,35,2,[1 7],48,91,93,43,91
1,<environment.Job instance at 0x14566b8d6960>,1,3,[1 9],2,2,5,0,2
1,<environment.Job instance at 0x14566b8d6a50>,2,1,[2 5],3,5,6,2,3
1,<environment.Job instance at 0x145661c71a50>,3,1,[6 2],4,5,6,1,4
1,<environment.Job instance at 0x145661c71a00>,4,2,[7 2],5,6,8,1,5
1,<environment.Job instance at 0x145661c71d70>,5,3,[9 2],6,8,11,2,6
1,<environment.Job instance at 0x14566b8d6c30>,7,1,[2 6],8,11,12,3,8
1,<environment.Job instance at 0x145661c71dc0>,9,2,[6 1],11,11,13,0,11
1,<environment.Job instance at 0x145661c74050>,10,13,[2 8],12,12,25,0,12
1,<environment.Job instance at 0x145661c74370>,11,3,[1 8],13,25,28,12,13
1,<environment.Job instance at 0x145661c744b0>,12,3,[1 8],14,28,31,14,14
1,<environment.Job instance at 0x145661c745f0>,13,2,[8 1],17,17,19,0,17
1,<environment.Job instance at 0x145661c682d0>,14,2,[ 1 10],18,31,33,13,18
1,<environment.Job instance at 0x14566b87c140>,15,1,[ 1 10],20,33,34,13,20
1,<environment.Job instance at 0x145661c67a00>,18,2,[10  1],25,34,36,9,25
1,<environment.Job instance at 0x145661c676e0>,19,3,[6 2],26,27,30,1,27
1,<environment.Job instance at 0x145661c67190>,21,3,[6 1],29,36,39,7,29
1,<environment.Job instance at 0x145661c66fa0>,25,2,[2 8],34,36,38,2,34
1,<environment.Job instance at 0x145661c66320>,26,1,[2 7],35,38,39,3,35
1,<environment.Job instance at 0x145661c67500>,24,12,[ 1 10],32,39,51,7,36
1,<environment.Job instance at 0x145661c66a50>,27,2,[2 7],36,51,53,15,39
1,<environment.Job instance at 0x145661c66780>,30,15,[2 9],40,53,68,13,40
1,<environment.Job instance at 0x14566ab44dc0>,31,3,[9 2],41,68,71,27,44
1,<environment.Job instance at 0x1456621389b0>,35,2,[1 8],45,68,70,23,46
1,<environment.Job instance at 0x14566216fc30>,36,3,[10  2],48,71,74,23,48
1,<environment.Job instance at 0x14566957d0a0>,37,2,[ 1 10],50,74,76,24,50
1,<environment.Job instance at 0x145662174460>,38,1,[8 1],51,55,56,4,55
1,<environment.Job instance at 0x1456643d5a00>,39,3,[1 5],52,76,79,24,57
1,<environment.Job instance at 0x1456643d5af0>,40,3,[1 6],53,266,269,213,266
1,<environment.Job instance at 0x14566216c320>,42,1,[10  1],56,281,282,225,281
1,<environment.Job instance at 0x1456627d0f50>,43,3,[7 2],57,286,289,229,286
1,<environment.Job instance at 0x145661ea2050>,44,3,[1 8],58,286,289,228,286
1,<environment.Job instance at 0x1456627d4e10>,0,2,[2 8],1,1,3,0,1
1,<environment.Job instance at 0x145663922910>,2,1,[2 9],5,5,6,0,5
1,<environment.Job instance at 0x145663958be0>,5,2,[8 2],9,10,12,1,10
1,<environment.Job instance at 0x145663958370>,10,1,[10  2],19,19,20,0,19
1,<environment.Job instance at 0x145663958730>,11,22,[1 5],20,20,42,0,20
1,<environment.Job instance at 0x145663958f00>,9,16,[2 5],16,22,38,6,22
1,<environment.Job instance at 0x145663958fa0>,13,1,[1 9],25,42,43,17,25
1,<environment.Job instance at 0x145663958140>,12,15,[2 9],22,43,58,21,29
1,<environment.Job instance at 0x14566397ac80>,19,3,[2 9],32,58,61,26,32
1,<environment.Job instance at 0x14566397a6e0>,20,3,[1 9],33,61,64,28,35
1,<environment.Job instance at 0x1456627d2190>,28,3,[6 2],46,64,67,18,58
1,<environment.Job instance at 0x1456627d2aa0>,32,3,[2 9],50,67,70,17,58
1,<environment.Job instance at 0x1456627d2b40>,33,3,[7 2],51,70,73,19,61
1,<environment.Job instance at 0x1456627d2a00>,35,3,[ 2 10],54,78,81,24,78
1,<environment.Job instance at 0x1456627be370>,0,2,[1 8],1,1,3,0,1
1,<environment.Job instance at 0x14566397a960>,2,1,[1 5],3,3,4,0,3
1,<environment.Job instance at 0x1456627be140>,3,2,[1 9],6,8,10,2,8
1,<environment.Job instance at 0x1456639a7f00>,4,1,[2 7],7,10,11,3,8
1,<environment.Job instance at 0x1456639a7780>,8,1,[5 1],11,24,25,13,24
1,<environment.Job instance at 0x1456638d7fa0>,12,13,[ 1 10],16,28,41,12,28
1,<environment.Job instance at 0x1456638d78c0>,13,16,[8 1],17,41,57,24,28
1,<environment.Job instance at 0x1456639543c0>,17,1,[ 2 10],22,57,58,35,29
1,<environment.Job instance at 0x145663954370>,19,1,[8 2],24,58,59,34,30
1,<environment.Job instance at 0x1456639546e0>,15,13,[2 9],20,41,54,21,30
1,<environment.Job instance at 0x145663954640>,21,18,[1 8],26,83,101,57,83
1,<environment.Job instance at 0x1456639540a0>,24,3,[ 2 10],32,101,104,69,83
1,<environment.Job instance at 0x145663951f50>,30,1,[1 6],39,104,105,65,83
1,<environment.Job instance at 0x145663951230>,32,3,[9 1],43,83,86,40,83
1,<environment.Job instance at 0x145650a2c5f0>,0,3,[5 1],3,3,6,0,3
1,<environment.Job instance at 0x145650a2c410>,2,3,[ 2 10],6,6,9,0,6
1,<environment.Job instance at 0x145650a2c5a0>,3,2,[1 9],8,9,11,1,9
1,<environment.Job instance at 0x145650a2c140>,4,2,[ 2 10],11,11,13,0,11
1,<environment.Job instance at 0x145650a34820>,5,3,[5 2],12,13,16,1,12
1,<environment.Job instance at 0x145650a34730>,7,2,[ 2 10],14,16,18,2,14
1,<environment.Job instance at 0x145650a34a00>,8,2,[2 9],15,18,20,3,15
1,<environment.Job instance at 0x145650a34a50>,6,15,[2 7],13,20,35,7,16
1,<environment.Job instance at 0x145650a34870>,12,3,[5 2],20,20,23,0,20
1,<environment.Job instance at 0x145650a34910>,13,2,[ 1 10],21,35,37,14,21
1,<environment.Job instance at 0x1456600d0a00>,14,13,[ 2 10],22,37,50,15,22
1,<environment.Job instance at 0x145650a34af0>,15,1,[1 7],23,50,51,27,23
1,<environment.Job instance at 0x145650a34140>,16,1,[2 9],24,51,52,27,24
1,<environment.Job instance at 0x145661c71f50>,20,12,[7 1],30,50,62,20,38
1,<environment.Job instance at 0x145661c71550>,21,2,[8 2],31,62,64,31,38
1,<environment.Job instance at 0x14566b7b3f00>,22,3,[8 1],32,64,67,32,38
1,<environment.Job instance at 0x1456600c3230>,23,2,[2 5],33,52,54,19,38
1,<environment.Job instance at 0x14566afa0140>,24,3,[6 1],34,67,70,33,41
1,<environment.Job instance at 0x14566afa0a00>,25,2,[10  1],35,70,72,35,43
1,<environment.Job instance at 0x1456600bb6e0>,26,3,[ 2 10],37,72,75,35,46
1,<environment.Job instance at 0x145650b93550>,28,16,[1 6],39,54,70,15,51
1,<environment.Job instance at 0x145650a34e10>,9,17,[ 2 10],16,75,92,59,63
1,<environment.Job instance at 0x145650b93d20>,31,1,[2 6],43,92,93,49,64
1,<environment.Job instance at 0x145663aff410>,0,2,[10  2],1,3,5,2,3
1,<environment.Job instance at 0x1456695b16e0>,1,3,[2 8],5,5,8,0,5
1,<environment.Job instance at 0x145663aff870>,3,2,[1 6],7,8,10,1,7
1,<environment.Job instance at 0x1456508bbc30>,5,1,[2 8],12,13,14,1,13
1,<environment.Job instance at 0x145650f3faa0>,7,2,[7 2],17,17,19,0,17
1,<environment.Job instance at 0x145663aff0a0>,8,2,[2 5],18,18,20,0,18
1,<environment.Job instance at 0x1456639ee9b0>,9,14,[2 8],19,20,34,1,19
1,<environment.Job instance at 0x145650fb5b40>,15,15,[2 8],28,34,49,6,28
1,<environment.Job instance at 0x1456509801e0>,16,16,[1 7],29,49,65,20,36
1,<environment.Job instance at 0x1456639e79b0>,21,3,[ 2 10],35,65,68,30,41
1,<environment.Job instance at 0x145663b200a0>,20,16,[1 7],34,70,86,36,70
1,<environment.Job instance at 0x1456639e7500>,23,3,[1 5],39,86,89,47,71
1,<environment.Job instance at 0x145663b24690>,2,3,[1 8],5,5,8,0,5
1,<environment.Job instance at 0x14565064a6e0>,4,2,[7 2],9,9,11,0,9
1,<environment.Job instance at 0x14565064a690>,5,3,[ 2 10],11,11,14,0,11
1,<environment.Job instance at 0x14565064a7d0>,7,2,[2 5],14,14,16,0,14
1,<environment.Job instance at 0x14565064aaa0>,8,1,[ 2 10],15,16,17,1,15
1,<environment.Job instance at 0x14565064aa50>,9,14,[8 1],16,17,31,1,16
1,<environment.Job instance at 0x14565064ae10>,10,2,[ 1 10],17,31,33,14,17
1,<environment.Job instance at 0x14565064af50>,11,3,[7 2],18,33,36,15,18
1,<environment.Job instance at 0x14565064ad20>,13,13,[5 2],21,36,49,15,21
1,<environment.Job instance at 0x14565064b370>,14,3,[1 9],22,22,25,0,22
1,<environment.Job instance at 0x14565064b4b0>,15,1,[6 1],23,49,50,26,23
1,<environment.Job instance at 0x14565064b5f0>,16,3,[5 1],24,36,39,12,24
1,<environment.Job instance at 0x14565064b730>,17,3,[1 7],29,33,36,4,29
1,<environment.Job instance at 0x14565064b5a0>,24,2,[9 2],42,50,52,8,42
1,<environment.Job instance at 0x14565064c140>,25,3,[5 2],43,43,46,0,43
1,<environment.Job instance at 0x14565064c0f0>,27,1,[ 2 10],45,52,53,7,45
1,<environment.Job instance at 0x14565064c550>,28,18,[5 2],47,53,71,6,47
1,<environment.Job instance at 0x14565064c640>,29,1,[1 8],48,50,51,2,50
1,<environment.Job instance at 0x14565064c7d0>,30,13,[1 7],50,53,66,3,52
1,<environment.Job instance at 0x14565064c5f0>,32,3,[5 2],54,66,69,12,54
1,<environment.Job instance at 0x14565064cb90>,33,2,[ 2 10],55,71,73,16,55
1,<environment.Job instance at 0x14565064ccd0>,34,15,[8 2],56,73,88,17,59
1,<environment.Job instance at 0x145650650d20>,0,1,[6 2],1,1,2,0,1
1,<environment.Job instance at 0x145650650d70>,1,3,[2 7],3,3,6,0,3
1,<environment.Job instance at 0x14565072bcd0>,3,2,[8 1],8,8,10,0,8
1,<environment.Job instance at 0x14565072b230>,4,2,[1 9],11,15,17,4,15
1,<environment.Job instance at 0x14565072b0f0>,8,1,[9 2],15,21,22,6,21
1,<environment.Job instance at 0x14565072b410>,9,18,[ 1 10],16,26,44,10,26
1,<environment.Job instance at 0x14565072b0a0>,10,2,[1 6],18,44,46,26,29
1,<environment.Job instance at 0x14565072b640>,11,3,[ 2 10],20,46,49,26,33
1,<environment.Job instance at 0x14565072bdc0>,12,1,[7 2],21,44,45,23,33
1,<environment.Job instance at 0x14565072bb40>,13,3,[9 1],22,49,52,27,33
1,<environment.Job instance at 0x14565072b910>,14,16,[9 1],23,52,68,29,40
1,<environment.Job instance at 0x145650787190>,16,3,[2 7],26,68,71,42,42
1,<environment.Job instance at 0x145650787d70>,17,14,[7 2],27,68,82,41,53
1,<environment.Job instance at 0x14565072baa0>,18,2,[ 1 10],29,82,84,53,55
1,<environment.Job instance at 0x145650787780>,19,3,[10  2],30,84,87,54,58
1,<environment.Job instance at 0x1456507871e0>,20,2,[2 9],31,87,89,56,65
1,<environment.Job instance at 0x145650787910>,21,3,[9 1],34,89,92,55,66
1,<environment.Job instance at 0x1456507876e0>,23,16,[1 5],38,89,105,51,77
1,<environment.Job instance at 0x145650787eb0>,24,3,[5 1],40,92,95,52,78
1,<environment.Job instance at 0x145650787370>,25,14,[1 6],42,105,119,63,91
1,<environment.Job instance at 0x1456507875a0>,26,2,[5 1],43,95,97,52,91
1,<environment.Job instance at 0x1456507873c0>,27,1,[2 7],44,119,120,75,93
1,<environment.Job instance at 0x145650787320>,28,2,[10  2],45,120,122,75,95
1,<environment.Job instance at 0x145650787410>,29,2,[6 1],46,97,99,51,95
1,<environment.Job instance at 0x145650787230>,30,3,[9 2],48,99,102,51,95
1,<environment.Job instance at 0x1456507879b0>,31,3,[6 2],51,102,105,51,96
1,<environment.Job instance at 0x145650787140>,32,2,[5 2],52,105,107,53,98
1,<environment.Job instance at 0x145650787050>,33,3,[1 7],53,122,125,69,98
1,<environment.Job instance at 0x14565073f9b0>,34,2,[9 2],55,107,109,52,98
1,<environment.Job instance at 0x14565073f460>,35,1,[7 2],56,109,110,53,98
1,<environment.Job instance at 0x14565073f1e0>,36,3,[1 7],58,125,128,67,99
1,<environment.Job instance at 0x14565073f640>,37,14,[1 6],59,128,142,69,114
1,<environment.Job instance at 0x145650770820>,0,3,[6 1],3,3,6,0,3
1,<environment.Job instance at 0x145650770cd0>,2,2,[2 9],5,7,9,2,7
1,<environment.Job instance at 0x145650c83e60>,5,12,[5 2],8,9,21,1,8
1,<environment.Job instance at 0x145650c83dc0>,6,3,[8 1],9,21,24,12,9
1,<environment.Job instance at 0x145650c83e10>,10,15,[2 8],18,18,33,0,18
1,<environment.Job instance at 0x145650c831e0>,11,16,[2 8],19,33,49,14,20
1,<environment.Job instance at 0x145650c83690>,12,13,[ 2 10],22,49,62,27,33
1,<environment.Job instance at 0x145650f96b40>,18,3,[1 5],30,62,65,32,36
1,<environment.Job instance at 0x14566af8cc30>,23,3,[1 6],37,65,68,28,39
1,<environment.Job instance at 0x14565095fc30>,25,14,[9 1],40,62,76,22,47
1,<environment.Job instance at 0x14565095f550>,26,3,[10  1],41,76,79,35,50
1,<environment.Job instance at 0x14565095f0a0>,29,3,[1 9],44,68,71,24,50
1,<environment.Job instance at 0x14565095f780>,30,2,[1 8],46,71,73,25,53
1,<environment.Job instance at 0x145663428a50>,36,2,[6 1],54,79,81,25,54
1,<environment.Job instance at 0x1456634282d0>,37,3,[10  1],56,81,84,25,56
1,<environment.Job instance at 0x145663428050>,38,3,[10  2],57,84,87,27,58
1,<environment.Job instance at 0x145663b8b820>,0,2,[1 7],1,1,3,0,1
1,<environment.Job instance at 0x1456696aaf50>,1,1,[1 5],2,3,4,1,3
1,<environment.Job instance at 0x1456696aadc0>,3,3,[1 6],4,4,7,0,4
1,<environment.Job instance at 0x145650b1df00>,5,2,[ 1 10],6,7,9,1,6
1,<environment.Job instance at 0x145650b1deb0>,4,16,[1 5],5,9,25,4,7
1,<environment.Job instance at 0x14565077de10>,6,17,[2 9],7,25,42,18,13
1,<environment.Job instance at 0x145650af4500>,11,3,[2 8],12,42,45,30,16
1,<environment.Job instance at 0x145650af45f0>,13,3,[5 2],16,16,19,0,16
1,<environment.Job instance at 0x145650af4d20>,19,2,[10  1],24,45,47,21,24
1,<environment.Job instance at 0x145650af4f00>,20,2,[2 7],26,47,49,21,26
1,<environment.Job instance at 0x145650af4fa0>,21,1,[5 2],27,42,43,15,27
1,<environment.Job instance at 0x145650b14b90>,22,1,[2 5],28,49,50,21,28
1,<environment.Job instance at 0x145650b14370>,24,3,[2 5],31,49,52,18,31
1,<environment.Job instance at 0x145650b144b0>,25,12,[6 1],32,50,62,18,33
1,<environment.Job instance at 0x145650b14a00>,27,1,[7 1],36,36,37,0,36
1,<environment.Job instance at 0x145650b14fa0>,28,2,[7 1],37,37,39,0,37
1,<environment.Job instance at 0x145650b14b40>,29,1,[7 2],38,43,44,5,38
1,<environment.Job instance at 0x145650b14960>,30,3,[10  2],39,62,65,23,39
1,<environment.Job instance at 0x145650b14d20>,31,2,[5 2],40,47,49,7,40
1,<environment.Job instance at 0x145650b14820>,23,2,[ 1 10],30,65,67,35,42
1,<environment.Job instance at 0x145650b14be0>,33,3,[1 7],43,52,55,9,43
1,<environment.Job instance at 0x145650b145a0>,32,15,[1 8],42,67,82,25,53
1,<environment.Job instance at 0x145650b263c0>,40,3,[2 7],52,124,127,72,124
1,<environment.Job instance at 0x145650b1dfa0>,8,16,[2 8],9,253,269,244,253
1,<environment.Job instance at 0x14565089eeb0>,1,3,[1 7],3,3,6,0,3
1,<environment.Job instance at 0x145650b260a0>,4,17,[9 1],6,6,23,0,6
1,<environment.Job instance at 0x145650d73050>,5,3,[5 1],7,23,26,16,7
1,<environment.Job instance at 0x145650d73320>,6,1,[10  1],8,26,27,18,8
1,<environment.Job instance at 0x145650d73190>,7,1,[1 8],9,9,10,0,9
1,<environment.Job instance at 0x145650d73b90>,3,14,[1 6],5,10,24,5,9
1,<environment.Job instance at 0x145650d730f0>,9,2,[2 6],11,24,26,13,11
1,<environment.Job instance at 0x145650d685f0>,12,16,[10  2],14,27,43,13,16
1,<environment.Job instance at 0x145650d83550>,21,14,[2 8],25,43,57,18,29
1,<environment.Job instance at 0x145650d6f0a0>,31,16,[10  1],39,57,73,18,44
1,<environment.Job instance at 0x145650d6ad70>,32,3,[2 9],40,73,76,33,47
1,<environment.Job instance at 0x145650d6a690>,34,12,[7 1],44,73,85,29,56
1,<environment.Job instance at 0x145650d6a640>,35,3,[10  1],47,85,88,38,59
1,<environment.Job instance at 0x145650d6afa0>,36,3,[6 1],49,88,91,39,62
1,<environment.Job instance at 0x145650d6a050>,37,3,[8 1],50,91,94,41,65
1,<environment.Job instance at 0x145650d6a5a0>,38,2,[7 1],52,94,96,42,67
1,<environment.Job instance at 0x145650d6a910>,40,1,[7 1],56,96,97,40,68
1,<environment.Job instance at 0x145650d6a5f0>,41,2,[5 1],57,97,99,40,70
1,<environment.Job instance at 0x145650d6a3c0>,42,14,[2 5],58,88,102,30,73
1,<environment.Job instance at 0x145650d68230>,13,16,[ 2 10],15,102,118,87,91
1,<environment.Job instance at 0x1456505e85f0>,2,3,[8 1],3,3,6,0,3
1,<environment.Job instance at 0x145650d833c0>,3,3,[2 6],6,6,9,0,6
1,<environment.Job instance at 0x14565091acd0>,4,18,[1 5],7,9,27,2,7
1,<environment.Job instance at 0x14565091ab90>,6,1,[1 9],12,27,28,15,12
1,<environment.Job instance at 0x14565091af00>,7,3,[2 9],14,28,31,14,14
1,<environment.Job instance at 0x1456509220f0>,11,2,[ 1 10],20,31,33,11,22
1,<environment.Job instance at 0x1456509225f0>,13,3,[10  2],23,33,36,10,23
1,<environment.Job instance at 0x145650922820>,14,2,[1 6],27,36,38,9,27
1,<environment.Job instance at 0x145650922960>,15,3,[1 9],28,38,41,10,28
1,<environment.Job instance at 0x145650922a00>,17,1,[6 2],32,36,37,4,32
1,<environment.Job instance at 0x145650922c80>,18,3,[10  2],34,41,44,7,34
1,<environment.Job instance at 0x145650922aa0>,16,16,[2 7],31,44,60,13,34
1,<environment.Job instance at 0x1456508ea3c0>,23,3,[9 1],42,60,63,18,42
1,<environment.Job instance at 0x1456508ea4b0>,29,2,[6 1],49,49,51,0,49
1,<environment.Job instance at 0x1456508eab90>,30,2,[ 1 10],50,63,65,13,50
1,<environment.Job instance at 0x1456508ead20>,31,3,[9 2],52,65,68,13,52
1,<environment.Job instance at 0x1456508eae10>,32,2,[5 1],53,53,55,0,53
1,<environment.Job instance at 0x1456508eaa00>,28,17,[2 8],47,68,85,21,56
1,<environment.Job instance at 0x14565091e280>,35,2,[2 9],57,85,87,28,58
1,<environment.Job instance at 0x1456508eafa0>,33,17,[1 9],54,87,104,33,82
1,<environment.Job instance at 0x14566956a280>,1,1,[5 1],3,3,4,0,3
1,<environment.Job instance at 0x14566454c8c0>,5,3,[2 8],9,9,12,0,9
1,<environment.Job instance at 0x14566454ceb0>,7,2,[8 2],15,15,17,0,15
1,<environment.Job instance at 0x145650d701e0>,6,15,[2 7],10,24,39,14,24
1,<environment.Job instance at 0x145660039640>,13,2,[7 2],25,25,27,0,25
1,<environment.Job instance at 0x145650705fa0>,2,1,[9 1],5,6,7,1,6
1,<environment.Job instance at 0x145650705500>,3,17,[2 8],6,9,26,3,9
1,<environment.Job instance at 0x145650705640>,6,16,[1 6],11,26,42,15,13
1,<environment.Job instance at 0x1456639473c0>,8,3,[1 7],14,42,45,28,16
1,<environment.Job instance at 0x145663947b40>,10,1,[10  2],17,45,46,28,17
1,<environment.Job instance at 0x145663947d70>,11,2,[7 2],18,18,20,0,18
1,<environment.Job instance at 0x1456639478c0>,13,3,[1 5],20,46,49,26,20
1,<environment.Job instance at 0x145650660500>,17,2,[1 8],25,49,51,24,31
1,<environment.Job instance at 0x145650660410>,18,12,[1 7],27,51,63,24,34
1,<environment.Job instance at 0x145650660c80>,19,1,[ 1 10],29,63,64,34,35
1,<environment.Job instance at 0x145663947aa0>,12,16,[1 9],19,64,80,45,51
1,<environment.Job instance at 0x1456506601e0>,22,3,[6 2],32,51,54,19,51
1,<environment.Job instance at 0x145650660690>,27,3,[2 7],39,80,83,41,67
1,<environment.Job instance at 0x1456506608c0>,24,17,[5 2],34,80,97,46,68
1,<environment.Job instance at 0x145662105af0>,30,1,[1 7],42,83,84,41,68
1,<environment.Job instance at 0x145662105be0>,31,1,[6 2],43,97,98,54,69
1,<environment.Job instance at 0x145662105c80>,32,2,[2 7],44,84,86,40,69
1,<environment.Job instance at 0x145662105230>,29,3,[8 2],41,98,101,57,72
1,<environment.Job instance at 0x1456621057d0>,34,3,[7 1],46,75,78,29,75
1,<environment.Job instance at 0x1456696aacd0>,38,3,[5 2],52,86,89,34,82
1,<environment.Job instance at 0x145662105280>,33,16,[ 2 10],45,101,117,56,88
1,<environment.Job instance at 0x1456695d7af0>,40,1,[8 1],54,117,118,63,98
1,<environment.Job instance at 0x1456506605f0>,21,17,[2 9],31,127,144,96,127
1,<environment.Job instance at 0x1456502739b0>,5,3,[2 7],8,8,11,0,8
1,<environment.Job instance at 0x145650d43af0>,6,15,[7 2],9,9,24,0,9
1,<environment.Job instance at 0x145650d43b40>,7,15,[6 1],10,24,39,14,10
1,<environment.Job instance at 0x145650d43730>,8,2,[2 9],11,24,26,13,11
1,<environment.Job instance at 0x145650d43e60>,9,2,[1 5],12,13,15,1,13
1,<environment.Job instance at 0x145650d437d0>,10,16,[1 8],13,26,42,13,13
1,<environment.Job instance at 0x1456501ff500>,12,1,[9 1],16,39,40,23,16
1,<environment.Job instance at 0x1456501ff0f0>,11,14,[2 6],15,42,56,27,27
1,<environment.Job instance at 0x145650aaccd0>,17,2,[5 1],22,40,42,18,27
1,<environment.Job instance at 0x145650aac730>,18,1,[1 7],23,56,57,33,28
1,<environment.Job instance at 0x145650ee5780>,21,1,[5 1],28,42,43,14,28
1,<environment.Job instance at 0x145650ee5140>,22,1,[2 6],30,57,58,27,30
1,<environment.Job instance at 0x14566b7b3a00>,23,3,[2 6],31,58,61,27,32
1,<environment.Job instance at 0x14566b7b3e60>,24,2,[9 1],32,61,63,29,34
1,<environment.Job instance at 0x145650997b90>,26,2,[7 2],35,43,45,8,35
1,<environment.Job instance at 0x145650997f50>,27,2,[9 2],36,63,65,27,36
1,<environment.Job instance at 0x145650997870>,28,3,[5 1],37,45,48,8,37
1,<environment.Job instance at 0x1456638ac8c0>,29,2,[ 1 10],38,65,67,27,38
1,<environment.Job instance at 0x1456501ff050>,13,17,[2 5],17,67,84,50,55
1,<environment.Job instance at 0x1456638aca50>,37,1,[8 2],48,55,56,7,55
1,<environment.Job instance at 0x1456638ac4b0>,38,1,[5 2],49,56,57,7,55
1,<environment.Job instance at 0x1456638ac190>,39,1,[7 1],50,57,58,7,55
1,<environment.Job instance at 0x1456638ace10>,40,1,[1 8],51,61,62,10,55
1,<environment.Job instance at 0x1456638ac960>,41,2,[6 2],52,58,60,6,55
1,<environment.Job instance at 0x1456638ac050>,42,13,[2 9],53,84,97,31,68
1,<environment.Job instance at 0x1456638ac500>,43,1,[6 2],55,68,69,13,68
1,<environment.Job instance at 0x145650d64a00>,44,3,[8 2],56,69,72,13,68
1,<environment.Job instance at 0x145650d64280>,45,2,[ 1 10],58,97,99,39,72
1,<environment.Job instance at 0x1456638acf50>,35,13,[2 8],46,113,126,67,113
1,<environment.Job instance at 0x1456638acc30>,1,2,[7 2],2,2,4,0,2
1,<environment.Job instance at 0x1456638acf50>,2,3,[10  1],3,4,7,1,3
1,<environment.Job instance at 0x1456506f6af0>,3,3,[6 1],4,7,10,3,4
1,<environment.Job instance at 0x145650fc1b40>,5,3,[2 7],6,7,10,1,6
1,<environment.Job instance at 0x145650fc1a00>,6,1,[5 1],7,10,11,3,7
1,<environment.Job instance at 0x1456506f6640>,8,3,[5 2],9,10,13,1,9
1,<environment.Job instance at 0x145650fc1e10>,9,2,[8 2],10,13,15,3,10
1,<environment.Job instance at 0x145650fab230>,11,2,[2 5],12,12,14,0,12
1,<environment.Job instance at 0x145650fc1cd0>,10,3,[2 8],11,14,17,3,12
1,<environment.Job instance at 0x145650fab410>,13,22,[8 1],15,15,37,0,15
1,<environment.Job instance at 0x145650fab640>,14,15,[ 2 10],16,37,52,21,23
1,<environment.Job instance at 0x145650fab780>,18,3,[7 2],21,52,55,31,26
1,<environment.Job instance at 0x145650fab4b0>,19,2,[2 9],22,26,28,4,26
1,<environment.Job instance at 0x145650fab8c0>,20,2,[2 7],23,28,30,5,26
1,<environment.Job instance at 0x145650fabc30>,23,2,[10  1],27,55,57,28,38
1,<environment.Job instance at 0x145650fabaa0>,22,15,[2 9],26,57,72,31,43
1,<environment.Job instance at 0x145650fd4410>,32,2,[7 2],40,72,74,32,55
1,<environment.Job instance at 0x145650d64fa0>,1,2,[1 9],2,87,89,85,87
1,<environment.Job instance at 0x145650356370>,5,2,[10  2],7,127,129,120,127
1,<environment.Job instance at 0x1456503568c0>,6,1,[6 1],10,211,212,201,211
1,<environment.Job instance at 0x145650338e10>,7,1,[7 2],12,226,227,214,226
1,<environment.Job instance at 0x145650355f00>,8,2,[2 7],13,271,273,258,271
1,<environment.Job instance at 0x145650355960>,9,3,[2 5],14,402,405,388,402
1,<environment.Job instance at 0x145650355fa0>,11,12,[5 2],17,491,503,474,491
1,<environment.Job instance at 0x145650842cd0>,12,1,[10  1],18,503,504,485,491
1,<environment.Job instance at 0x1456508424b0>,13,3,[10  1],21,530,533,509,530
1,<environment.Job instance at 0x145650f10f00>,14,2,[ 2 10],22,848,850,826,848
1,<environment.Job instance at 0x145650f105f0>,15,3,[9 2],23,947,950,924,947
1,<environment.Job instance at 0x145650f10730>,16,1,[1 9],24,1141,1142,1117,1141
1,<environment.Job instance at 0x145665ac7f00>,17,1,[8 2],27,1182,1183,1155,1182
1,<environment.Job instance at 0x145665ac7a50>,18,22,[2 5],29,2227,2249,2198,2227
1,<environment.Job instance at 0x14566218a5a0>,19,1,[9 2],30,2688,2689,2658,2688
1,<environment.Job instance at 0x145665ac7b40>,20,1,[10  1],31,2737,2738,2706,2737
1,<environment.Job instance at 0x14566218ab90>,1,3,[1 9],2,2,5,0,2
1,<environment.Job instance at 0x145663a6bbe0>,2,13,[2 9],6,6,19,0,6
1,<environment.Job instance at 0x1456647c1190>,4,3,[2 8],8,19,22,11,8
1,<environment.Job instance at 0x1456647c1c80>,6,2,[2 9],11,22,24,11,11
1,<environment.Job instance at 0x1456647c12d0>,7,2,[8 2],12,19,21,7,12
1,<environment.Job instance at 0x1456647c16e0>,13,1,[5 1],18,39,40,21,39
1,<environment.Job instance at 0x1456647ae410>,17,12,[6 2],23,40,52,17,40
1,<environment.Job instance at 0x1456647aef50>,18,3,[1 7],24,40,43,16,40
1,<environment.Job instance at 0x1456647ae050>,21,14,[7 1],28,52,66,24,40
1,<environment.Job instance at 0x1456647ae0f0>,23,14,[9 2],30,66,80,36,59
1,<environment.Job instance at 0x1456506a43c0>,33,16,[2 9],42,80,96,38,70
1,<environment.Job instance at 0x1456506a4c80>,37,1,[5 2],48,96,97,48,70
1,<environment.Job instance at 0x1456506a49b0>,38,1,[8 2],49,97,98,48,70
1,<environment.Job instance at 0x1456506a4870>,39,2,[7 2],51,98,100,47,71
1,<environment.Job instance at 0x1456506a4c30>,40,3,[6 1],53,80,83,27,71
1,<environment.Job instance at 0x1456506a4500>,41,2,[10  1],54,100,102,46,73
1,<environment.Job instance at 0x1456506a4780>,42,1,[9 1],55,102,103,47,74
1,<environment.Job instance at 0x1456506a4a00>,43,3,[5 1],56,83,86,27,74
1,<environment.Job instance at 0x145650697190>,44,3,[1 6],57,74,77,17,74
1,<environment.Job instance at 0x1456506a4960>,34,23,[2 6],44,173,196,129,173
1,<environment.Job instance at 0x145668c09050>,1,3,[9 1],6,6,9,0,6
1,<environment.Job instance at 0x145668c19fa0>,0,2,[7 1],1,9,11,8,8
1,<environment.Job instance at 0x145668c195a0>,3,2,[1 8],9,9,11,0,9
1,<environment.Job instance at 0x14566ab44410>,4,1,[2 6],10,11,12,1,10
1,<environment.Job instance at 0x145650bf69b0>,5,2,[9 2],13,13,15,0,13
1,<environment.Job instance at 0x1456647ae910>,2,13,[2 5],8,15,28,7,14
1,<environment.Job instance at 0x145668c8d460>,2,2,[5 2],5,6,8,1,6
1,<environment.Job instance at 0x145668c8d4b0>,1,1,[7 1],4,8,9,4,6
1,<environment.Job instance at 0x145668c8de60>,4,3,[6 1],7,9,12,2,7
1,<environment.Job instance at 0x145668c8d820>,3,15,[1 9],6,8,23,2,7
1,<environment.Job instance at 0x145668c78d70>,8,2,[10  2],13,23,25,10,14
1,<environment.Job instance at 0x145668c78410>,10,2,[8 2],15,25,27,10,15
1,<environment.Job instance at 0x145650aac960>,14,2,[8 2],23,27,29,4,23
1,<environment.Job instance at 0x145650aac730>,15,17,[10  1],26,29,46,3,26
1,<environment.Job instance at 0x145650aac640>,20,14,[2 6],33,72,86,39,72
1,<environment.Job instance at 0x145650aacf00>,24,1,[1 7],40,86,87,46,74
1,<environment.Job instance at 0x1456503dbd70>,28,1,[9 1],44,86,87,42,74
1,<environment.Job instance at 0x1456503db960>,29,1,[ 2 10],45,87,88,42,75
1,<environment.Job instance at 0x1456503db190>,31,3,[ 1 10],51,88,91,37,75
1,<environment.Job instance at 0x1456503db640>,32,1,[8 2],52,75,76,23,75
1,<environment.Job instance at 0x145650aac370>,27,27,[1 9],43,246,273,203,246
1,<environment.Job instance at 0x1456508e2690>,0,3,[8 2],3,3,6,0,3
1,<environment.Job instance at 0x14565045c230>,2,3,[2 8],5,5,8,0,5
1,<environment.Job instance at 0x14566ab68410>,3,2,[7 1],6,6,8,0,6
1,<environment.Job instance at 0x1456647b0d20>,8,15,[10  2],13,13,28,0,13
1,<environment.Job instance at 0x14566442bcd0>,11,3,[5 1],17,28,31,11,17
1,<environment.Job instance at 0x145667731550>,16,2,[ 2 10],25,31,33,6,25
1,<environment.Job instance at 0x14566215a5f0>,17,3,[9 1],26,33,36,7,26
1,<environment.Job instance at 0x14566215ad70>,18,12,[9 1],27,36,48,9,28
1,<environment.Job instance at 0x145650958820>,21,3,[ 2 10],31,48,51,17,31
1,<environment.Job instance at 0x1456501fb460>,29,3,[1 9],42,42,45,0,42
1,<environment.Job instance at 0x145650615780>,30,14,[ 1 10],44,51,65,7,44
1,<environment.Job instance at 0x145650615d70>,31,1,[7 2],45,65,66,20,45
1,<environment.Job instance at 0x145663a24410>,33,3,[2 5],48,65,68,17,48
1,<environment.Job instance at 0x14565039ec80>,34,2,[6 2],49,66,68,17,49
1,<environment.Job instance at 0x145650274f50>,35,18,[2 9],50,68,86,18,57
1,<environment.Job instance at 0x145650274870>,36,3,[2 9],51,86,89,35,60
1,<environment.Job instance at 0x14566482b730>,42,2,[1 8],57,89,91,32,63
1,<environment.Job instance at 0x15006402e960>,1,3,[1 9],2,2,5,0,2
1,<environment.Job instance at 0x15005a3c9a00>,4,2,[7 2],5,5,7,0,5
1,<environment.Job instance at 0x15005a3c9d70>,5,3,[9 2],6,7,10,1,6
1,<environment.Job instance at 0x15006402ec30>,7,1,[2 6],8,10,11,2,8
1,<environment.Job instance at 0x15005a3c9fa0>,8,13,[6 1],9,10,23,1,9
1,<environment.Job instance at 0x15005a3cc190>,11,3,[1 8],13,13,16,0,13
1,<environment.Job instance at 0x15005a3cc4b0>,12,3,[1 8],14,16,19,2,14
1,<environment.Job instance at 0x15005a3cc5f0>,13,2,[8 1],17,23,25,6,17
1,<environment.Job instance at 0x15005a3cc280>,10,13,[2 8],12,19,32,7,17
1,<environment.Job instance at 0x15005a3bfb90>,18,2,[10  1],25,32,34,7,25
1,<environment.Job instance at 0x15005a3bf690>,19,3,[6 2],26,26,29,0,26
1,<environment.Job instance at 0x15005a3bf2d0>,21,3,[6 1],29,29,32,0,29
1,<environment.Job instance at 0x15005a3bfeb0>,24,12,[ 1 10],32,34,46,2,32
1,<environment.Job instance at 0x15005a3beaa0>,27,2,[2 7],36,46,48,10,37
1,<environment.Job instance at 0x15005a3be690>,28,2,[2 7],37,48,50,11,40
1,<environment.Job instance at 0x15005a3be140>,31,3,[9 2],41,50,53,9,41
1,<environment.Job instance at 0x15005a8badc0>,32,3,[2 9],42,53,56,11,42
1,<environment.Job instance at 0x15005a8c0690>,33,1,[2 7],43,56,57,13,43
1,<environment.Job instance at 0x15005c20d410>,39,3,[1 5],52,58,61,6,58
1,<environment.Job instance at 0x15005a8c23c0>,40,3,[1 6],53,61,64,8,58
1,<environment.Job instance at 0x15005af238c0>,42,1,[10  1],56,73,74,17,73
1,<environment.Job instance at 0x15005af2a730>,43,3,[7 2],57,74,77,17,73
1,<environment.Job instance at 0x15005a8c75f0>,44,3,[1 8],58,74,77,16,73
1,<environment.Job instance at 0x150061c7aa50>,45,3,[2 8],60,77,80,17,74
1,<environment.Job instance at 0x15005a608460>,46,2,[2 8],61,80,82,19,74
1,<environment.Job instance at 0x15005a5fd910>,47,1,[1 6],63,82,83,19,74
1,<environment.Job instance at 0x15005a866a00>,48,1,[2 9],65,83,84,18,74
1,<environment.Job instance at 0x15005a61daf0>,49,16,[8 2],66,84,100,18,74
1,<environment.Job instance at 0x15005a61d050>,50,12,[9 1],68,100,112,32,83
1,<environment.Job instance at 0x15005af2f820>,1,3,[6 1],3,3,6,0,3
1,<environment.Job instance at 0x15005c00f500>,0,2,[1 7],2,4,6,2,4
1,<environment.Job instance at 0x15005af2f280>,2,2,[2 5],5,6,8,1,5
1,<environment.Job instance at 0x15005a8c72d0>,4,1,[10  2],9,9,10,0,9
1,<environment.Job instance at 0x15005af2f410>,6,15,[2 9],12,13,28,1,13
1,<environment.Job instance at 0x15005af2f1e0>,7,1,[1 9],15,28,29,13,15
1,<environment.Job instance at 0x15005af2f640>,9,3,[1 5],17,29,32,12,17
1,<environment.Job instance at 0x15005af2f8c0>,10,3,[9 2],18,29,32,11,18
1,<environment.Job instance at 0x15005af2f050>,11,3,[10  1],19,32,35,13,19
1,<environment.Job instance at 0x15005c092230>,19,3,[2 9],29,35,38,6,29
1,<environment.Job instance at 0x15005c092500>,21,2,[6 2],33,38,40,5,33
1,<environment.Job instance at 0x15005c0920f0>,22,3,[6 2],36,40,43,4,36
1,<environment.Job instance at 0x15005c076410>,23,1,[1 6],37,38,39,1,37
1,<environment.Job instance at 0x15005c0764b0>,24,2,[2 5],38,39,41,1,38
1,<environment.Job instance at 0x15005c076910>,25,2,[ 1 10],39,43,45,4,39
1,<environment.Job instance at 0x15005c0760f0>,26,3,[2 9],40,45,48,5,40
1,<environment.Job instance at 0x15005c076230>,27,3,[7 2],41,48,51,7,41
1,<environment.Job instance at 0x15005c076cd0>,29,3,[ 2 10],44,51,54,7,44
1,<environment.Job instance at 0x15005c076730>,30,12,[2 8],45,54,66,9,45
1,<environment.Job instance at 0x15005af2ac30>,43,3,[2 8],62,66,69,4,62
1,<environment.Job instance at 0x15005af2a690>,45,15,[10  2],65,69,84,4,65
1,<environment.Job instance at 0x15005af2a7d0>,46,13,[ 1 10],66,84,97,18,68
1,<environment.Job instance at 0x15005af2aa00>,48,17,[1 9],69,97,114,28,91
1,<environment.Job instance at 0x15005af2af50>,6,2,[ 1 10],10,10,12,0,10
1,<environment.Job instance at 0x15005bfc5c30>,11,3,[5 2],16,19,22,3,19
1,<environment.Job instance at 0x15005bfc5a50>,14,1,[1 6],19,48,49,29,48
1,<environment.Job instance at 0x15005bfc1370>,15,1,[1 7],20,49,50,29,48
1,<environment.Job instance at 0x15005bfc1910>,16,3,[9 1],23,48,51,25,48
1,<environment.Job instance at 0x150041265780>,0,2,[8 2],1,1,3,0,1
1,<environment.Job instance at 0x150041265be0>,1,3,[8 1],2,3,6,1,2
1,<environment.Job instance at 0x150041259fa0>,3,3,[6 1],4,6,9,2,4
1,<environment.Job instance at 0x150041259500>,4,2,[10  1],5,9,11,4,5
1,<environment.Job instance at 0x15004164e690>,5,3,[ 2 10],7,11,14,4,7
1,<environment.Job instance at 0x15004164e550>,7,16,[1 6],9,14,30,5,10
1,<environment.Job instance at 0x150041259910>,9,17,[7 1],12,14,31,2,12
1,<environment.Job instance at 0x15004164e230>,12,15,[9 2],20,31,46,11,20
1,<environment.Job instance at 0x1500410b0910>,26,1,[2 8],42,46,47,4,42
1,<environment.Job instance at 0x1500410b0dc0>,28,2,[7 2],47,47,49,0,47
1,<environment.Job instance at 0x1500410b00a0>,29,2,[2 5],48,48,50,0,48
1,<environment.Job instance at 0x1500410b0d70>,30,14,[2 8],49,50,64,1,49
1,<environment.Job instance at 0x1500410b08c0>,36,15,[2 8],58,64,79,6,58
1,<environment.Job instance at 0x150041078780>,39,2,[6 2],62,62,64,0,62
1,<environment.Job instance at 0x1500410781e0>,40,1,[1 5],63,79,80,16,63
1,<environment.Job instance at 0x150041078e10>,41,16,[1 7],64,80,96,16,68
1,<environment.Job instance at 0x150041078e60>,44,3,[1 5],69,96,99,27,70
1,<environment.Job instance at 0x150041070550>,1,1,[7 1],2,2,3,0,2
1,<environment.Job instance at 0x1500410787d0>,2,18,[5 2],3,6,24,3,6
1,<environment.Job instance at 0x15004173b910>,4,3,[1 7],6,7,10,1,7
1,<environment.Job instance at 0x15004175e460>,8,3,[1 7],10,10,13,0,10
1,<environment.Job instance at 0x150041172870>,10,2,[1 7],14,14,16,0,14
1,<environment.Job instance at 0x150040ff9320>,14,2,[10  1],19,24,26,5,19
1,<environment.Job instance at 0x150041009370>,15,3,[2 7],20,20,23,0,20
1,<environment.Job instance at 0x15004172c370>,16,17,[7 1],22,26,43,4,22
1,<environment.Job instance at 0x15004179bd70>,17,1,[2 5],24,26,27,2,24
1,<environment.Job instance at 0x15004164ed20>,18,3,[1 8],25,27,30,2,27
1,<environment.Job instance at 0x15005cf6a640>,20,2,[7 2],29,43,45,14,29
1,<environment.Job instance at 0x15005cf6acd0>,21,3,[ 2 10],31,45,48,14,31
1,<environment.Job instance at 0x15005cf6a410>,23,2,[2 5],34,34,36,0,34
1,<environment.Job instance at 0x15005c221640>,24,1,[ 2 10],35,48,49,13,35
1,<environment.Job instance at 0x15005c20bb90>,25,14,[8 1],36,49,63,13,36
1,<environment.Job instance at 0x15005c20b140>,26,2,[ 1 10],37,63,65,26,37
1,<environment.Job instance at 0x150061d13410>,30,3,[1 9],42,49,52,7,42
1,<environment.Job instance at 0x15005c1f1dc0>,31,1,[6 1],43,65,66,22,43
1,<environment.Job instance at 0x15005c1f17d0>,32,3,[5 1],44,66,69,22,44
1,<environment.Job instance at 0x150061d10140>,33,3,[1 7],49,52,55,3,49
1,<environment.Job instance at 0x1500416cb280>,34,12,[7 1],51,69,81,18,52
1,<environment.Job instance at 0x150041191e10>,36,2,[10  1],53,81,83,28,54
1,<environment.Job instance at 0x150041744050>,43,1,[ 2 10],65,83,84,18,65
1,<environment.Job instance at 0x150041579410>,44,18,[5 2],67,84,102,17,73
1,<environment.Job instance at 0x150041191c30>,1,3,[5 2],4,4,7,0,4
1,<environment.Job instance at 0x1500410b0c80>,2,2,[ 2 10],5,7,9,2,5
1,<environment.Job instance at 0x150040dcdfa0>,9,2,[8 1],18,20,22,2,20
1,<environment.Job instance at 0x150040dcdc30>,10,2,[1 9],21,21,23,0,21
1,<environment.Job instance at 0x150040dd00f0>,13,3,[1 8],24,24,27,0,24
1,<environment.Job instance at 0x150040dd0780>,18,1,[7 2],31,40,41,9,40
1,<environment.Job instance at 0x150040dd0f50>,25,3,[10  2],40,41,44,1,40
1,<environment.Job instance at 0x150040dd24b0>,26,2,[2 9],41,44,46,3,41
1,<environment.Job instance at 0x150040dd25f0>,27,3,[9 1],44,46,49,2,44
1,<environment.Job instance at 0x150040dd2780>,34,2,[10  2],55,92,94,37,92
1,<environment.Job instance at 0x150040dd2910>,36,3,[9 2],58,94,97,36,93
1,<environment.Job instance at 0x150040dd2f50>,42,3,[1 7],68,94,97,26,93
1,<environment.Job instance at 0x150040dd50f0>,43,14,[1 6],69,97,111,28,95
1,<environment.Job instance at 0x150040f6b500>,0,3,[6 1],3,3,6,0,3
1,<environment.Job instance at 0x150040f6b140>,3,2,[2 5],6,6,8,0,6
1,<environment.Job instance at 0x150040dd2b40>,6,3,[8 1],9,9,12,0,9
1,<environment.Job instance at 0x150040f6b730>,7,3,[8 1],13,13,16,0,13
1,<environment.Job instance at 0x150040f6b5f0>,8,1,[10  1],14,16,17,2,14
1,<environment.Job instance at 0x150040f6bd70>,9,27,[1 7],15,17,44,2,15
1,<environment.Job instance at 0x150040f6b4b0>,13,1,[2 6],23,44,45,21,23
1,<environment.Job instance at 0x150040dec2d0>,14,2,[1 5],25,45,47,20,25
1,<environment.Job instance at 0x150040dec410>,15,2,[8 1],26,26,28,0,26
1,<environment.Job instance at 0x150040dec4b0>,16,3,[2 9],27,47,50,20,27
1,<environment.Job instance at 0x150040dec910>,18,3,[1 5],30,50,53,20,30
1,<environment.Job instance at 0x150040decb40>,19,2,[1 9],31,53,55,22,31
1,<environment.Job instance at 0x150040e62d70>,23,3,[1 6],37,55,58,18,37
1,<environment.Job instance at 0x150040e62d20>,24,2,[8 2],38,39,41,1,39
1,<environment.Job instance at 0x150040e51fa0>,26,3,[10  1],41,58,61,17,43
1,<environment.Job instance at 0x150040f6b460>,10,15,[2 8],18,61,76,43,47
1,<environment.Job instance at 0x150040e51cd0>,29,3,[1 9],44,76,79,32,50
1,<environment.Job instance at 0x150040e51550>,30,2,[1 8],46,79,81,33,52
1,<environment.Job instance at 0x150040e51780>,31,2,[1 5],48,81,83,33,54
1,<environment.Job instance at 0x150040e510a0>,32,15,[10  1],49,83,98,34,69
1,<environment.Job instance at 0x150041130a00>,0,2,[1 8],1,1,3,0,1
1,<environment.Job instance at 0x150041130e60>,1,3,[2 8],2,3,6,1,2
1,<environment.Job instance at 0x150040ecc7d0>,2,2,[2 8],3,6,8,3,3
1,<environment.Job instance at 0x150040ecc5f0>,3,3,[5 2],6,6,9,0,6
1,<environment.Job instance at 0x150041031460>,11,1,[5 2],17,18,19,1,18
1,<environment.Job instance at 0x15004140d4b0>,13,2,[ 1 10],20,20,22,0,20
1,<environment.Job instance at 0x15004140deb0>,14,3,[2 5],21,22,25,1,21
1,<environment.Job instance at 0x15004140d370>,16,2,[5 2],23,23,25,0,23
1,<environment.Job instance at 0x15004140dfa0>,19,1,[7 2],28,28,29,0,28
1,<environment.Job instance at 0x15005c2349b0>,23,3,[1 7],33,33,36,0,33
1,<environment.Job instance at 0x15005c234d70>,24,19,[2 9],36,36,55,0,36
1,<environment.Job instance at 0x15005c2346e0>,26,17,[9 2],38,55,72,17,43
1,<environment.Job instance at 0x15005c234b40>,29,1,[1 7],41,363,364,322,363
1,<environment.Job instance at 0x15005c234be0>,30,3,[2 7],42,393,396,351,393
1,<environment.Job instance at 0x15005c234960>,31,2,[1 5],43,1316,1318,1273,1316
1,<environment.Job instance at 0x15005c19d9b0>,32,1,[1 9],45,2057,2058,2012,2057
1,<environment.Job instance at 0x15005c08c320>,3,1,[2 5],4,4,5,0,4
1,<environment.Job instance at 0x150040fb15a0>,4,14,[2 8],5,5,19,0,5
1,<environment.Job instance at 0x150040fb15f0>,5,2,[7 1],6,6,8,0,6
1,<environment.Job instance at 0x150040fe6cd0>,23,1,[7 1],36,49,50,13,49
1,<environment.Job instance at 0x150040fe60a0>,24,2,[5 1],37,50,52,13,49
1,<environment.Job instance at 0x150040fe67d0>,25,14,[2 5],38,49,63,11,49
1,<environment.Job instance at 0x150040fe6190>,26,3,[5 2],40,52,55,12,49
1,<environment.Job instance at 0x150040fe64b0>,27,12,[1 5],41,55,67,14,49
1,<environment.Job instance at 0x150040fe6f00>,28,13,[7 2],42,63,76,21,49
1,<environment.Job instance at 0x150040fe6fa0>,29,3,[8 1],43,76,79,33,50
1,<environment.Job instance at 0x150040fe6c30>,30,3,[2 6],46,67,70,21,50
1,<environment.Job instance at 0x150040fd5af0>,34,3,[2 9],54,76,79,22,54
1,<environment.Job instance at 0x150040fe6e60>,31,18,[1 5],47,79,97,32,68
1,<environment.Job instance at 0x150040fd5d70>,39,16,[ 2 10],62,97,113,35,84
1,<environment.Job instance at 0x150040fd5690>,32,16,[1 5],51,144,160,93,144
1,<environment.Job instance at 0x15005a5f7dc0>,2,3,[10  2],4,4,7,0,4
1,<environment.Job instance at 0x150040fd5690>,3,3,[5 1],8,8,11,0,8
1,<environment.Job instance at 0x15005a5f7fa0>,5,2,[7 2],10,11,13,1,10
1,<environment.Job instance at 0x15005a5f7e10>,6,2,[6 2],11,13,15,2,11
1,<environment.Job instance at 0x15005a5f7370>,7,3,[9 1],12,15,18,3,12
1,<environment.Job instance at 0x1500411fc050>,9,2,[5 2],14,18,20,4,14
1,<environment.Job instance at 0x1500411fcd70>,11,21,[1 8],16,16,37,0,16
1,<environment.Job instance at 0x1500411fc0f0>,13,2,[6 1],19,20,22,1,19
1,<environment.Job instance at 0x1500411fc2d0>,14,2,[ 1 10],20,37,39,17,20
1,<environment.Job instance at 0x1500411fc230>,15,3,[9 2],22,22,25,0,22
1,<environment.Job instance at 0x1500411fc960>,16,2,[5 1],23,25,27,2,23
1,<environment.Job instance at 0x15005a5f9870>,20,15,[2 8],32,39,54,7,33
1,<environment.Job instance at 0x15005a5f9820>,23,2,[1 8],37,54,56,17,37
1,<environment.Job instance at 0x15005a5f91e0>,24,1,[10  2],38,56,57,18,38
1,<environment.Job instance at 0x15005a5f9e60>,25,3,[2 8],39,57,60,18,39
1,<environment.Job instance at 0x15005a5f9fa0>,26,15,[2 7],40,60,75,20,46
1,<environment.Job instance at 0x15005a5f9af0>,27,2,[8 2],45,46,48,1,46
1,<environment.Job instance at 0x15005a5f94b0>,29,3,[6 2],47,53,56,6,53
1,<environment.Job instance at 0x15005a5f95f0>,30,1,[8 1],49,57,58,8,53
1,<environment.Job instance at 0x15005a5f9f50>,31,3,[1 9],51,75,78,24,53
1,<environment.Job instance at 0x15005c05f500>,32,1,[2 9],54,78,79,24,54
1,<environment.Job instance at 0x15005c05f550>,33,2,[7 2],55,58,60,3,55
1,<environment.Job instance at 0x1500411fc1e0>,17,17,[1 9],24,410,427,386,410
1,<environment.Job instance at 0x15005c05faa0>,36,3,[9 2],58,440,443,382,440
1,<environment.Job instance at 0x15005c05f690>,37,2,[7 1],61,509,511,448,509
1,<environment.Job instance at 0x15005c05fb40>,38,16,[ 1 10],62,637,653,575,637
1,<environment.Job instance at 0x15005c05f7d0>,39,3,[2 5],64,676,679,612,676
1,<environment.Job instance at 0x15005c05fd70>,40,1,[8 1],65,695,696,630,695
1,<environment.Job instance at 0x15005c05f1e0>,43,18,[5 1],68,2033,2051,1965,2033
1,<environment.Job instance at 0x15005c05f5a0>,44,15,[6 1],69,2081,2096,2012,2081
1,<environment.Job instance at 0x15005c05f4b0>,4,3,[ 1 10],6,6,9,0,6
1,<environment.Job instance at 0x150040f6b0a0>,1,17,[9 2],3,9,26,6,7
1,<environment.Job instance at 0x15005af19a50>,13,3,[7 2],19,26,29,7,19
1,<environment.Job instance at 0x15005af19b90>,14,14,[1 5],21,23,37,2,23
1,<environment.Job instance at 0x15005af19b40>,15,12,[2 6],23,37,49,14,25
1,<environment.Job instance at 0x15005af19d20>,16,1,[9 1],25,29,30,4,26
1,<environment.Job instance at 0x15005af19e60>,17,17,[2 8],26,49,66,23,37
1,<environment.Job instance at 0x15005af08410>,23,14,[9 2],36,66,80,30,51
1,<environment.Job instance at 0x15005af08640>,27,3,[1 5],40,66,69,26,51
1,<environment.Job instance at 0x15005af08960>,29,3,[9 2],43,80,83,37,54
1,<environment.Job instance at 0x15005af08a00>,31,2,[1 8],45,69,71,24,61
1,<environment.Job instance at 0x15005af088c0>,32,12,[1 7],47,71,83,24,61
1,<environment.Job instance at 0x15005af08b40>,33,1,[ 1 10],49,83,84,34,62
1,<environment.Job instance at 0x15005af08af0>,30,13,[1 9],44,84,97,40,68
1,<environment.Job instance at 0x15005af08be0>,36,3,[6 2],52,97,100,45,71
1,<environment.Job instance at 0x15005af08dc0>,37,2,[6 2],53,100,102,47,73
1,<environment.Job instance at 0x15005af31280>,39,1,[6 1],56,84,85,28,78
1,<environment.Job instance at 0x15005af31320>,40,12,[ 1 10],57,102,114,45,85
1,<environment.Job instance at 0x15005af31230>,41,3,[2 7],59,97,100,38,85
1,<environment.Job instance at 0x15005af31500>,43,3,[8 2],61,114,117,53,88
1,<environment.Job instance at 0x15005af31b90>,48,3,[7 1],66,89,92,23,89
1,<environment.Job instance at 0x15005af08e10>,35,17,[2 9],51,117,134,66,107
1,<environment.Job instance at 0x1500411fe0a0>,0,3,[5 2],2,2,5,0,2
1,<environment.Job instance at 0x15005af2d2d0>,2,1,[8 1],4,5,6,1,4
1,<environment.Job instance at 0x15005af2d370>,3,1,[1 5],6,6,7,0,6
1,<environment.Job instance at 0x150061d6ab40>,4,1,[10  1],8,8,9,0,8
1,<environment.Job instance at 0x15005cf1b8c0>,15,2,[2 9],21,27,29,6,27
1,<environment.Job instance at 0x15005ced47d0>,16,2,[1 5],22,29,31,7,27
1,<environment.Job instance at 0x15005af2c320>,17,16,[1 8],23,31,47,8,27
1,<environment.Job instance at 0x15005cf5ed20>,11,15,[5 2],16,29,44,13,27
1,<environment.Job instance at 0x15005ced4b90>,19,1,[9 1],26,44,45,18,27
1,<environment.Job instance at 0x15005ced4460>,18,14,[2 6],25,47,61,22,32
1,<environment.Job instance at 0x15005af1c870>,21,2,[10  2],28,61,63,33,34
1,<environment.Job instance at 0x15005af16550>,23,2,[5 2],31,45,47,14,34
1,<environment.Job instance at 0x15005af16a00>,24,2,[5 1],32,47,49,15,34
1,<environment.Job instance at 0x150041072c30>,27,1,[6 2],37,49,50,12,43
1,<environment.Job instance at 0x15005c004820>,28,1,[5 1],38,50,51,12,43
1,<environment.Job instance at 0x150061d97d20>,30,3,[2 6],41,63,66,22,43
1,<environment.Job instance at 0x150040de1f50>,31,2,[9 1],42,66,68,24,43
1,<environment.Job instance at 0x150041448a50>,20,17,[2 5],27,68,85,41,56
1,<environment.Job instance at 0x1500412a6960>,33,2,[7 2],45,56,58,11,56
1,<environment.Job instance at 0x15005c0ac6e0>,34,2,[9 2],46,85,87,39,58
1,<environment.Job instance at 0x15005c0ac2d0>,35,3,[5 1],47,58,61,11,58
1,<environment.Job instance at 0x15005c0acfa0>,36,2,[ 1 10],48,87,89,39,60
1,<environment.Job instance at 0x15005c0acbe0>,37,13,[2 6],49,255,268,206,255
1,<environment.Job instance at 0x150041142fa0>,39,1,[8 2],53,1179,1180,1126,1179
1,<environment.Job instance at 0x1500411420f0>,40,17,[7 1],54,1344,1361,1290,1344
1,<environment.Job instance at 0x150041142af0>,41,17,[2 7],55,1565,1582,1510,1565
1,<environment.Job instance at 0x150041142730>,42,13,[2 8],56,1676,1689,1620,1676
1,<environment.Job instance at 0x150041142050>,44,1,[8 2],58,2821,2822,2763,2821
1,<environment.Job instance at 0x150041142be0>,1,2,[7 2],2,2,4,0,2
1,<environment.Job instance at 0x15004127ad20>,2,3,[10  1],3,4,7,1,3
1,<environment.Job instance at 0x150041142050>,5,3,[2 7],6,12,15,6,12
1,<environment.Job instance at 0x15004127a050>,10,3,[2 8],11,17,20,6,17
1,<environment.Job instance at 0x150063eb50f0>,15,3,[10  2],17,20,23,3,17
1,<environment.Job instance at 0x150063eb5f50>,16,3,[2 5],19,23,26,4,19
1,<environment.Job instance at 0x150063eb5be0>,17,17,[1 7],20,45,62,25,45
1,<environment.Job instance at 0x150063eb5aa0>,18,3,[7 2],21,48,51,27,48
1,<environment.Job instance at 0x150063eb5c30>,19,2,[2 9],22,62,64,40,56
1,<environment.Job instance at 0x150063eb5b90>,20,2,[2 7],23,64,66,41,59
1,<environment.Job instance at 0x150063eb5870>,21,18,[6 1],25,60,78,35,60
1,<environment.Job instance at 0x15005cedb460>,22,15,[2 9],26,66,81,40,64
1,<environment.Job instance at 0x15005cedb7d0>,23,2,[10  1],27,81,83,54,65
1,<environment.Job instance at 0x15005cedbc80>,24,22,[2 6],29,83,105,54,76
1,<environment.Job instance at 0x15005cedba00>,26,16,[6 2],31,83,99,52,77
1,<environment.Job instance at 0x15005cedb9b0>,27,1,[6 1],32,78,79,46,78
1,<environment.Job instance at 0x15005c1da8c0>,40,15,[10  2],54,105,120,51,91
1,<environment.Job instance at 0x15005c1dae10>,41,2,[7 2],55,99,101,44,91
1,<environment.Job instance at 0x15005c1daf50>,42,1,[1 5],57,120,121,63,92
1,<environment.Job instance at 0x15005c1da780>,46,2,[1 9],62,300,302,238,300
1,<environment.Job instance at 0x15005c1da280>,47,14,[1 6],63,305,319,242,305
1,<environment.Job instance at 0x15005c1da0f0>,48,1,[1 8],64,1281,1282,1217,1281
1,<environment.Job instance at 0x15005c1daeb0>,49,1,[2 9],66,2727,2728,2661,2727
1,<environment.Job instance at 0x15005c1da820>,50,2,[10  2],67,2803,2805,2736,2803
1,<environment.Job instance at 0x150061c57370>,0,1,[7 2],2,3,4,1,3
1,<environment.Job instance at 0x1500411280f0>,2,3,[2 5],4,4,7,0,4
1,<environment.Job instance at 0x150041128fa0>,1,2,[2 7],3,7,9,4,7
1,<environment.Job instance at 0x1500416c2be0>,5,1,[10  1],8,9,10,1,8
1,<environment.Job instance at 0x1500416c2910>,6,3,[10  1],11,11,14,0,11
1,<environment.Job instance at 0x1500416c2a50>,7,2,[ 2 10],12,14,16,2,12
1,<environment.Job instance at 0x1500416c2410>,8,3,[9 2],13,16,19,3,13
1,<environment.Job instance at 0x1500416c27d0>,12,1,[9 2],20,20,21,0,20
1,<environment.Job instance at 0x1500416c21e0>,13,1,[10  1],21,21,22,0,21
1,<environment.Job instance at 0x1500413b4960>,15,13,[7 2],24,24,37,0,24
1,<environment.Job instance at 0x1500413b49b0>,16,3,[6 2],26,37,40,11,26
1,<environment.Job instance at 0x1500413b4aa0>,21,1,[8 1],32,70,71,38,70
1,<environment.Job instance at 0x1500413b43c0>,22,2,[10  2],33,71,73,38,70
1,<environment.Job instance at 0x1500413b4500>,24,3,[9 2],35,74,77,39,74
1,<environment.Job instance at 0x1500413b4410>,25,1,[6 2],37,81,82,44,81
1,<environment.Job instance at 0x1500413b4370>,26,2,[ 1 10],38,117,119,79,117
1,<environment.Job instance at 0x150041524af0>,38,2,[2 9],61,149,151,88,149
1,<environment.Job instance at 0x150041524730>,39,2,[8 2],62,151,153,89,150
1,<environment.Job instance at 0x150040f49aa0>,1,12,[6 2],3,3,15,0,3
1,<environment.Job instance at 0x150040a76820>,4,3,[9 1],7,15,18,8,7
1,<environment.Job instance at 0x150040a766e0>,6,14,[ 2 10],9,18,32,9,9
1,<environment.Job instance at 0x150040a76730>,8,1,[1 9],11,15,16,4,11
1,<environment.Job instance at 0x150040a73140>,13,2,[8 2],16,32,34,16,16
1,<environment.Job instance at 0x150040a73370>,14,1,[9 2],17,34,35,17,17
1,<environment.Job instance at 0x150040a734b0>,15,2,[1 7],18,32,34,14,18
1,<environment.Job instance at 0x150040a735f0>,16,26,[1 6],21,34,60,13,31
1,<environment.Job instance at 0x150040a73910>,21,1,[5 2],28,35,36,7,31
1,<environment.Job instance at 0x150040a73780>,22,1,[8 2],29,36,37,7,31
1,<environment.Job instance at 0x150040a73af0>,23,2,[7 2],31,37,39,6,31
1,<environment.Job instance at 0x150040a73e10>,24,3,[6 1],33,39,42,6,33
1,<environment.Job instance at 0x150040a73f00>,25,2,[10  1],34,60,62,26,34
1,<environment.Job instance at 0x150040a73c30>,26,1,[9 1],35,42,43,7,35
1,<environment.Job instance at 0x150040a6e1e0>,27,3,[5 1],36,43,46,7,36
1,<environment.Job instance at 0x150040a6e370>,28,3,[1 6],37,62,65,25,37
1,<environment.Job instance at 0x150040a6e050>,31,2,[7 1],41,68,70,27,68
1,<environment.Job instance at 0x150040a6e5a0>,32,3,[9 1],46,73,76,27,73
1,<environment.Job instance at 0x150040a6e500>,34,2,[1 8],49,90,92,41,90
1,<environment.Job instance at 0x150040a73280>,17,16,[2 9],22,2195,2211,2173,2195
1,<environment.Job instance at 0x150040a6e3c0>,1,2,[5 2],3,3,5,0,3
1,<environment.Job instance at 0x150040e07d20>,2,2,[7 2],4,5,7,1,4
1,<environment.Job instance at 0x150040a6e4b0>,3,2,[5 2],6,7,9,1,6
1,<environment.Job instance at 0x150040e07460>,10,3,[2 8],13,13,16,0,13
1,<environment.Job instance at 0x150040e072d0>,11,3,[8 2],15,15,18,0,15
1,<environment.Job instance at 0x150040e07690>,12,1,[ 2 10],16,18,19,2,16
1,<environment.Job instance at 0x150041622960>,13,2,[1 6],17,19,21,2,17
1,<environment.Job instance at 0x150041622c30>,14,2,[8 1],18,19,21,1,18
1,<environment.Job instance at 0x150041622cd0>,15,1,[2 7],20,21,22,1,20
1,<environment.Job instance at 0x1500416222d0>,16,2,[1 8],21,22,24,1,21
1,<environment.Job instance at 0x150041622e10>,22,2,[1 7],29,33,35,4,33
1,<environment.Job instance at 0x1500416227d0>,23,3,[2 8],30,35,38,5,33
1,<environment.Job instance at 0x150041622aa0>,24,2,[6 2],31,35,37,4,35
1,<environment.Job instance at 0x15005bfd83c0>,29,2,[ 1 10],38,38,40,0,38
1,<environment.Job instance at 0x15005bfc0730>,34,2,[8 2],45,45,47,0,45
1,<environment.Job instance at 0x150041728640>,36,3,[8 1],48,48,51,0,48
1,<environment.Job instance at 0x150041728f00>,41,2,[7 1],58,68,70,10,68
1,<environment.Job instance at 0x150041728be0>,44,14,[2 6],63,70,84,7,70
1,<environment.Job instance at 0x15004121ff00>,2,27,[1 9],3,3,30,0,3
1,<environment.Job instance at 0x15005cb75050>,3,1,[9 1],4,4,5,0,4
1,<environment.Job instance at 0x15005cb28820>,6,3,[ 1 10],11,30,33,19,11
1,<environment.Job instance at 0x15005cb25370>,16,3,[2 8],25,33,36,8,25
1,<environment.Job instance at 0x15005cb284b0>,4,1,[ 2 10],5,36,37,31,33
1,<environment.Job instance at 0x15005cb25a50>,23,2,[5 1],35,37,39,2,35
1,<environment.Job instance at 0x15005cb25780>,22,15,[10  2],33,39,54,6,36
1,<environment.Job instance at 0x15005cb25d70>,25,3,[5 1],37,54,57,17,37
1,<environment.Job instance at 0x15005cb25eb0>,26,1,[1 9],39,54,55,15,39
1,<environment.Job instance at 0x15005cb25e60>,27,1,[2 7],40,55,56,15,40
1,<environment.Job instance at 0x15005cb258c0>,28,2,[1 8],41,56,58,15,41
1,<environment.Job instance at 0x15005cb2a3c0>,30,2,[ 2 10],45,58,60,13,45
1,<environment.Job instance at 0x15005cb2a500>,31,3,[9 1],46,60,63,14,46
1,<environment.Job instance at 0x15005cb25b40>,24,2,[ 2 10],36,63,65,27,48
1,<environment.Job instance at 0x15005cb2a910>,34,16,[9 2],50,65,81,15,53
1,<environment.Job instance at 0x15005cb205f0>,45,1,[7 2],65,81,82,16,65
1,<environment.Job instance at 0x15005cb20820>,46,1,[10  1],66,82,83,16,66
1,<environment.Job instance at 0x15005cb20500>,47,3,[2 5],68,83,86,15,68
1,<environment.Job instance at 0x15005cb20aa0>,48,2,[6 2],69,83,85,14,69
1,<environment.Job instance at 0x15005cafe230>,0,3,[2 9],1,1,4,0,1
1,<environment.Job instance at 0x15005cb256e0>,2,1,[10  1],3,4,5,1,3
1,<environment.Job instance at 0x150040d57190>,4,1,[7 1],5,5,6,0,5
1,<environment.Job instance at 0x150040d57140>,5,3,[9 2],6,6,9,0,6
1,<environment.Job instance at 0x150040d57b90>,6,2,[1 8],7,8,10,1,8
1,<environment.Job instance at 0x1500410bcd70>,8,3,[2 5],9,10,13,1,9
1,<environment.Job instance at 0x15005a61b5a0>,9,2,[8 1],10,10,12,0,10
1,<environment.Job instance at 0x1500410bceb0>,11,21,[9 2],12,13,34,1,13
1,<environment.Job instance at 0x150040c8b730>,14,2,[2 9],15,34,36,19,18
1,<environment.Job instance at 0x150040deee60>,17,17,[ 2 10],19,36,53,17,24
1,<environment.Job instance at 0x150061d5e5f0>,19,16,[5 2],23,53,69,30,40
1,<environment.Job instance at 0x150041482190>,20,1,[6 1],25,69,70,44,64
1,<environment.Job instance at 0x150040dee910>,22,2,[1 7],29,78,80,49,78
1,<environment.Job instance at 0x150061426d70>,23,3,[7 1],30,85,88,55,85
1,<environment.Job instance at 0x150041206870>,24,1,[6 1],31,95,96,64,95
1,<environment.Job instance at 0x150040ad1500>,25,15,[6 2],32,96,111,64,96
1,<environment.Job instance at 0x150040a01460>,26,3,[2 9],33,111,114,78,96
1,<environment.Job instance at 0x15005c2b3410>,30,2,[1 8],39,153,155,114,153
1,<environment.Job instance at 0x1500415045a0>,31,2,[1 5],40,161,163,121,161
1,<environment.Job instance at 0x1500411b1780>,15,13,[2 8],17,171,184,154,171
1,<environment.Job instance at 0x150041118320>,34,3,[9 2],43,184,187,141,177
1,<environment.Job instance at 0x150040ae5140>,40,17,[5 2],50,187,204,137,180
1,<environment.Job instance at 0x150040ae51e0>,41,2,[5 1],52,180,182,128,180
1,<environment.Job instance at 0x150040b9acd0>,45,1,[2 8],57,187,188,130,180
1,<environment.Job instance at 0x15005cf08d70>,47,12,[2 9],59,222,234,163,222
1,<environment.Job instance at 0x15005cb2a0f0>,1,1,[1 6],2,2,3,0,2
1,<environment.Job instance at 0x150061430820>,3,2,[5 1],4,4,6,0,4
1,<environment.Job instance at 0x150061430be0>,4,2,[7 2],5,6,8,1,5
1,<environment.Job instance at 0x150061430fa0>,5,1,[1 6],6,6,7,0,6
1,<environment.Job instance at 0x1500415d5870>,6,3,[2 6],7,7,10,0,7
1,<environment.Job instance at 0x1500415d5460>,7,3,[1 9],8,10,13,2,8
1,<environment.Job instance at 0x1500415d5b90>,8,3,[6 1],9,10,13,1,10
1,<environment.Job instance at 0x1500415d5d70>,10,2,[7 1],16,16,18,0,16
1,<environment.Job instance at 0x1500415d5af0>,11,17,[8 1],17,18,35,1,17
1,<environment.Job instance at 0x15006333bd20>,17,12,[ 1 10],23,35,47,12,27
1,<environment.Job instance at 0x15005cf5c8c0>,29,2,[2 9],44,61,63,17,61
1,<environment.Job instance at 0x15005cf5c3c0>,30,3,[2 6],45,63,66,18,61
1,<environment.Job instance at 0x15005cf5c140>,34,3,[1 9],51,66,69,15,61
1,<environment.Job instance at 0x15005cf5c780>,35,17,[1 5],52,69,86,17,61
1,<environment.Job instance at 0x1500612e21e0>,36,3,[8 1],54,61,64,7,61
1,<environment.Job instance at 0x1500612e26e0>,37,1,[1 8],55,86,87,31,61
1,<environment.Job instance at 0x1500612e2a00>,38,1,[10  2],59,87,88,28,61
1,<environment.Job instance at 0x1500612e2eb0>,39,2,[2 6],60,88,90,28,61
1,<environment.Job instance at 0x1500612e2050>,40,1,[1 5],61,69,70,8,61
1,<environment.Job instance at 0x150061cd7eb0>,41,3,[7 2],63,70,73,7,63
1,<environment.Job instance at 0x150061cd7af0>,42,1,[2 8],64,90,91,26,64
1,<environment.Job instance at 0x15005c14aeb0>,2,15,[ 2 10],4,4,19,0,4
1,<environment.Job instance at 0x1500414749b0>,3,1,[1 9],5,19,20,14,5
1,<environment.Job instance at 0x150041474910>,4,3,[6 2],6,20,23,14,6
1,<environment.Job instance at 0x15005c14ad20>,6,1,[2 6],8,20,21,12,12
1,<environment.Job instance at 0x150041474a00>,10,3,[2 5],15,21,24,6,16
1,<environment.Job instance at 0x150041498280>,11,18,[5 2],17,23,41,6,19
1,<environment.Job instance at 0x150041498820>,12,1,[1 6],18,24,25,6,24
1,<environment.Job instance at 0x150041498aa0>,14,2,[6 2],21,41,43,20,24
1,<environment.Job instance at 0x150041498690>,15,3,[2 7],22,26,29,4,26
1,<environment.Job instance at 0x1500414984b0>,16,1,[10  1],26,43,44,17,28
1,<environment.Job instance at 0x150041498c30>,17,3,[10  1],27,44,47,17,29
1,<environment.Job instance at 0x1500414989b0>,18,2,[6 1],28,47,49,19,29
1,<environment.Job instance at 0x150041498e60>,19,3,[1 5],29,34,37,5,34
1,<environment.Job instance at 0x150040a4e780>,20,2,[10  2],30,49,51,19,34
1,<environment.Job instance at 0x150040a4e640>,21,1,[9 1],31,51,52,20,34
1,<environment.Job instance at 0x150040a4e3c0>,22,1,[1 8],32,39,40,7,39
1,<environment.Job instance at 0x150040a4eb40>,25,1,[7 1],35,52,53,17,39
1,<environment.Job instance at 0x150040a4e4b0>,26,2,[7 2],36,53,55,17,39
1,<environment.Job instance at 0x150040a4ec80>,27,13,[10  1],38,55,68,17,39
1,<environment.Job instance at 0x150040a4e8c0>,28,3,[2 6],39,40,43,1,39
1,<environment.Job instance at 0x15004108d500>,29,2,[8 1],40,68,70,28,41
1,<environment.Job instance at 0x15004108d7d0>,30,1,[6 2],41,70,71,29,42
1,<environment.Job instance at 0x15004108d460>,31,1,[9 1],42,71,72,29,43
1,<environment.Job instance at 0x15004108d2d0>,32,1,[2 5],44,48,49,4,48
1,<environment.Job instance at 0x15004108d640>,33,3,[10  2],47,72,75,25,48
1,<environment.Job instance at 0x15004108d4b0>,34,1,[2 7],48,52,53,4,49
1,<environment.Job instance at 0x1474d3094960>,1,3,[1 9],2,2,5,0,2
1,<environment.Job instance at 0x1474c942fa00>,4,2,[7 2],5,5,7,0,5
1,<environment.Job instance at 0x1474c942fd70>,5,3,[9 2],6,7,10,1,6
1,<environment.Job instance at 0x1474d3094c30>,7,1,[2 6],8,10,11,2,8
1,<environment.Job instance at 0x1474c942ffa0>,8,13,[6 1],9,10,23,1,9
1,<environment.Job instance at 0x1474c9432140>,10,13,[2 8],12,13,26,1,13
1,<environment.Job instance at 0x1474c94324b0>,12,3,[1 8],14,26,29,12,14
1,<environment.Job instance at 0x1474c9432190>,11,3,[1 8],13,29,32,16,23
1,<environment.Job instance at 0x1474c9425b90>,18,2,[10  1],25,32,34,7,25
1,<environment.Job instance at 0x1474c9425aa0>,19,3,[6 2],26,26,29,0,26
1,<environment.Job instance at 0x1474c94252d0>,21,3,[6 1],29,29,32,0,29
1,<environment.Job instance at 0x1474c9425410>,23,2,[8 1],31,34,36,3,31
1,<environment.Job instance at 0x1474c9424dc0>,25,2,[2 8],34,34,36,0,34
1,<environment.Job instance at 0x1474c9424e10>,27,2,[2 7],36,36,38,0,36
1,<environment.Job instance at 0x1474c9424a00>,26,1,[2 7],35,38,39,3,36
1,<environment.Job instance at 0x1474c9424be0>,28,2,[2 7],37,39,41,2,38
1,<environment.Job instance at 0x1474c9424960>,30,15,[2 9],40,41,56,1,40
1,<environment.Job instance at 0x1474c9424780>,31,3,[9 2],41,56,59,15,41
1,<environment.Job instance at 0x1474c992dc30>,36,3,[10  2],48,59,62,11,48
1,<environment.Job instance at 0x1474c9424140>,32,3,[2 9],42,62,65,20,52
1,<environment.Job instance at 0x1474c966f9b0>,40,3,[1 6],53,56,59,3,53
1,<environment.Job instance at 0x1474c965a960>,43,3,[7 2],57,65,68,8,58
1,<environment.Job instance at 0x1474c966b190>,45,3,[2 8],60,65,68,5,60
1,<environment.Job instance at 0x1474c9684190>,46,2,[2 8],61,68,70,7,61
1,<environment.Job instance at 0x1474c96832d0>,48,1,[2 9],65,70,71,5,65
1,<environment.Job instance at 0x1474c966bf50>,44,3,[1 8],58,71,74,13,65
1,<environment.Job instance at 0x1474c9683050>,51,2,[8 2],69,71,73,2,69
1,<environment.Job instance at 0x1474c9683410>,52,2,[1 7],72,74,76,2,72
1,<environment.Job instance at 0x1474c9680f00>,53,3,[6 1],73,73,76,0,73
1,<environment.Job instance at 0x1474c9683b90>,50,12,[9 1],68,76,88,8,74
1,<environment.Job instance at 0x1474c9680e60>,55,16,[2 5],76,88,104,12,77
1,<environment.Job instance at 0x1474c9680140>,56,1,[10  2],79,104,105,25,79
1,<environment.Job instance at 0x1474d0d35780>,3,3,[1 5],7,7,10,0,7
1,<environment.Job instance at 0x1474d0d359b0>,4,3,[9 2],8,8,11,0,8
1,<environment.Job instance at 0x1474d0d35dc0>,5,3,[10  1],9,11,14,2,9
1,<environment.Job instance at 0x1474d0d357d0>,7,3,[2 9],12,14,17,2,12
1,<environment.Job instance at 0x1474d0d35e10>,8,3,[1 9],13,17,20,4,13
1,<environment.Job instance at 0x1474c9f952d0>,13,3,[2 9],19,20,23,1,19
1,<environment.Job instance at 0x1474c9f95b90>,18,2,[2 5],28,33,35,5,33
1,<environment.Job instance at 0x1474c9f95190>,19,2,[ 1 10],29,35,37,6,33
1,<environment.Job instance at 0x1474c9f95dc0>,20,3,[2 9],30,37,40,7,34
1,<environment.Job instance at 0x1474c9f95410>,21,3,[7 2],31,40,43,9,34
1,<environment.Job instance at 0x1474c9f953c0>,23,3,[ 2 10],34,43,46,9,38
1,<environment.Job instance at 0x1474c9f955f0>,25,1,[10  1],37,56,57,19,56
1,<environment.Job instance at 0x1474cb0eddc0>,26,2,[ 1 10],38,57,59,19,56
1,<environment.Job instance at 0x1474cb0ed410>,27,1,[7 2],40,59,60,19,56
1,<environment.Job instance at 0x1474cb0edd70>,28,2,[1 8],41,59,61,18,56
1,<environment.Job instance at 0x1474cb0ed0a0>,29,2,[2 6],42,61,63,19,56
1,<environment.Job instance at 0x1474cb0f88c0>,31,2,[1 9],46,63,65,17,59
1,<environment.Job instance at 0x1474cbd043c0>,0,3,[9 1],3,3,6,0,3
1,<environment.Job instance at 0x1474c9f95cd0>,2,1,[1 8],6,8,9,2,8
1,<environment.Job instance at 0x1474cb0cc3c0>,5,2,[1 8],9,15,17,6,15
1,<environment.Job instance at 0x1474cbc4b820>,3,15,[1 6],7,2014,2029,2007,2014
1,<environment.Job instance at 0x1474c01a6640>,0,2,[10  2],1,1,3,0,1
1,<environment.Job instance at 0x1474c01a6550>,3,2,[1 6],7,7,9,0,7
1,<environment.Job instance at 0x1474c01a6e10>,5,1,[2 8],12,12,13,0,12
1,<environment.Job instance at 0x1474c06855f0>,7,2,[7 2],17,19,21,2,19
1,<environment.Job instance at 0x1474c0685730>,10,3,[8 1],22,22,25,0,22
1,<environment.Job instance at 0x1474c0685690>,11,1,[7 2],23,25,26,2,23
1,<environment.Job instance at 0x1474c0685230>,12,2,[5 2],24,26,28,2,24
1,<environment.Job instance at 0x1474c0778960>,3,3,[5 1],4,4,7,0,4
1,<environment.Job instance at 0x1474c0650af0>,1,3,[1 9],2,8,11,6,8
1,<environment.Job instance at 0x1474c07782d0>,4,3,[1 7],9,11,14,2,9
1,<environment.Job instance at 0x1474c0778a00>,7,2,[10  1],13,14,16,1,13
1,<environment.Job instance at 0x1474c0778e10>,8,3,[1 9],14,16,19,2,14
1,<environment.Job instance at 0x1474c0773b40>,9,3,[1 8],18,19,22,1,18
1,<environment.Job instance at 0x1474c0773370>,10,2,[2 7],21,22,24,1,21
1,<environment.Job instance at 0x1474c07735a0>,11,2,[9 2],22,24,26,2,22
1,<environment.Job instance at 0x1474c942f5a0>,12,3,[5 2],23,26,29,3,23
1,<environment.Job instance at 0x1474cb1d2a50>,14,1,[ 2 10],25,29,30,4,28
1,<environment.Job instance at 0x1474c06a4c30>,17,13,[1 7],30,30,43,0,30
1,<environment.Job instance at 0x1474cb2c75f0>,18,12,[2 9],33,43,55,10,33
1,<environment.Job instance at 0x1474cbcbb8c0>,19,3,[5 2],34,34,37,0,34
1,<environment.Job instance at 0x1474c01dcf50>,20,2,[ 2 10],35,55,57,20,35
1,<environment.Job instance at 0x1474cb288d70>,21,15,[8 2],36,57,72,21,43
1,<environment.Job instance at 0x1474cbcb7c80>,25,3,[2 7],43,57,60,14,43
1,<environment.Job instance at 0x1474c06ac3c0>,24,1,[6 2],41,72,73,31,47
1,<environment.Job instance at 0x1474c01ac1e0>,27,2,[8 1],48,48,50,0,48
1,<environment.Job instance at 0x1474c01d5410>,28,2,[1 9],51,73,75,22,52
1,<environment.Job instance at 0x1474c01d5500>,30,1,[1 9],53,75,76,22,53
1,<environment.Job instance at 0x1474cb2f4aa0>,31,3,[1 8],54,60,63,6,54
1,<environment.Job instance at 0x1474c06e2190>,32,1,[9 2],55,76,77,21,55
1,<environment.Job instance at 0x1474c06e2820>,33,18,[ 1 10],56,77,95,21,77
1,<environment.Job instance at 0x1474c06e2370>,35,3,[ 2 10],60,95,98,35,82
1,<environment.Job instance at 0x1474c06b7820>,36,1,[7 2],61,98,99,37,85
1,<environment.Job instance at 0x1474c06b7500>,37,3,[9 1],62,99,102,37,85
1,<environment.Job instance at 0x1474c06b76e0>,38,16,[9 1],63,102,118,39,90
1,<environment.Job instance at 0x1474c06b78c0>,39,1,[6 2],65,118,119,53,98
1,<environment.Job instance at 0x1474c06b7550>,40,3,[2 7],66,118,121,52,100
1,<environment.Job instance at 0x1474c06b7a00>,41,14,[7 2],67,119,133,52,104
1,<environment.Job instance at 0x1474c06b70f0>,44,2,[2 9],71,133,135,62,112
1,<environment.Job instance at 0x1474c01cf6e0>,45,3,[9 1],74,135,138,61,114
1,<environment.Job instance at 0x1474cb3051e0>,47,16,[1 5],78,135,151,57,122
1,<environment.Job instance at 0x1474c06ac500>,1,2,[5 1],3,3,5,0,3
1,<environment.Job instance at 0x1474cb2e27d0>,2,1,[2 7],4,4,5,0,4
1,<environment.Job instance at 0x1474cb2e28c0>,3,2,[10  2],5,5,7,0,5
1,<environment.Job instance at 0x14749fde0dc0>,4,2,[6 1],6,7,9,1,6
1,<environment.Job instance at 0x1474c06ac1e0>,5,3,[9 2],8,9,12,1,8
1,<environment.Job instance at 0x14749fde0d20>,6,3,[6 2],11,12,15,1,11
1,<environment.Job instance at 0x14749fde0f50>,7,2,[5 2],12,15,17,3,12
1,<environment.Job instance at 0x14749fde31e0>,8,3,[1 7],13,13,16,0,13
1,<environment.Job instance at 0x14749fde0e10>,9,2,[9 2],15,17,19,2,17
1,<environment.Job instance at 0x14749fde30a0>,10,1,[7 2],16,19,20,3,18
1,<environment.Job instance at 0x14749fde34b0>,11,3,[1 7],18,18,21,0,18
1,<environment.Job instance at 0x14749fde37d0>,13,14,[1 9],20,21,35,1,20
1,<environment.Job instance at 0x14749fde3910>,14,3,[6 1],23,23,26,0,23
1,<environment.Job instance at 0x14749fde35a0>,16,2,[2 9],25,35,37,10,26
1,<environment.Job instance at 0x14749fde3c30>,17,2,[2 5],26,37,39,11,26
1,<environment.Job instance at 0x14749fde3aa0>,19,12,[5 2],28,37,49,9,28
1,<environment.Job instance at 0x14749fde63c0>,25,16,[2 8],39,39,55,0,39
1,<environment.Job instance at 0x14749fde67d0>,26,13,[ 2 10],42,55,68,13,42
1,<environment.Job instance at 0x14749fde6d70>,30,3,[2 9],47,68,71,21,47
1,<environment.Job instance at 0x14749fde83c0>,37,3,[1 6],57,71,74,14,57
1,<environment.Job instance at 0x14749fde84b0>,40,3,[10  1],61,74,77,13,61
1,<environment.Job instance at 0x14749fde8af0>,41,2,[1 7],62,77,79,15,62
1,<environment.Job instance at 0x14749fde8c30>,42,15,[1 5],63,79,94,16,65
1,<environment.Job instance at 0x14749fde8e10>,44,2,[1 8],66,94,96,28,67
1,<environment.Job instance at 0x14749fde8f50>,45,2,[1 5],68,79,81,11,68
1,<environment.Job instance at 0x14749fde8b40>,46,15,[10  1],69,96,111,27,82
1,<environment.Job instance at 0x14749fdea1e0>,50,2,[6 1],74,82,84,8,82
1,<environment.Job instance at 0x14749fdea370>,51,3,[10  1],76,111,114,35,85
1,<environment.Job instance at 0x14749fdea410>,52,3,[10  2],77,134,137,57,134
1,<environment.Job instance at 0x14749fdecf50>,0,2,[1 7],1,1,3,0,1
1,<environment.Job instance at 0x14749fdecfa0>,1,1,[1 5],2,3,4,1,3
1,<environment.Job instance at 0x14749fed79b0>,3,3,[1 6],4,4,7,0,4
1,<environment.Job instance at 0x14749ff7d780>,4,16,[1 5],5,7,23,2,5
1,<environment.Job instance at 0x14749ff7db40>,5,2,[ 1 10],6,23,25,17,6
1,<environment.Job instance at 0x14749fdeceb0>,7,15,[7 2],8,8,23,0,8
1,<environment.Job instance at 0x14749ff7d870>,8,16,[2 8],9,25,41,16,12
1,<environment.Job instance at 0x14749ff3e960>,24,3,[2 5],31,41,44,10,31
1,<environment.Job instance at 0x14749ff3e5a0>,22,1,[2 5],28,41,42,13,32
1,<environment.Job instance at 0x14749ff3e6e0>,26,2,[5 2],33,33,35,0,33
1,<environment.Job instance at 0x14749ff3e500>,27,1,[7 1],36,36,37,0,36
1,<environment.Job instance at 0x14749ff3ee60>,28,2,[7 1],37,37,39,0,37
1,<environment.Job instance at 0x14749ff26f00>,29,1,[7 2],38,39,40,1,38
1,<environment.Job instance at 0x14749ff26aa0>,30,3,[10  2],39,44,47,5,39
1,<environment.Job instance at 0x14749ff26e10>,31,2,[5 2],40,42,44,2,40
1,<environment.Job instance at 0x14749ff263c0>,32,15,[1 8],42,47,62,5,42
1,<environment.Job instance at 0x14749ff262d0>,33,3,[1 7],43,62,65,19,43
1,<environment.Job instance at 0x14749ff26190>,40,3,[2 7],52,83,86,31,83
1,<environment.Job instance at 0x1474d3097550>,1,2,[1 8],2,2,4,0,2
1,<environment.Job instance at 0x1474ceed8c30>,2,14,[6 1],3,3,17,0,3
1,<environment.Job instance at 0x1474cabde3c0>,3,1,[2 5],4,4,5,0,4
1,<environment.Job instance at 0x1474cabdedc0>,4,14,[2 8],5,5,19,0,5
1,<environment.Job instance at 0x1474cabdea50>,5,2,[7 1],6,17,19,11,6
1,<environment.Job instance at 0x1474cabdecd0>,6,3,[7 1],7,19,22,12,7
1,<environment.Job instance at 0x1474cabde640>,10,2,[10  2],12,22,24,10,12
1,<environment.Job instance at 0x1474cabdeaa0>,11,3,[7 1],16,24,27,8,16
1,<environment.Job instance at 0x1474cabde9b0>,12,3,[2 8],17,19,22,2,17
1,<environment.Job instance at 0x1474cabde6e0>,13,3,[1 9],18,24,27,6,18
1,<environment.Job instance at 0x1474cabde230>,15,3,[2 9],20,27,30,7,20
1,<environment.Job instance at 0x1474cabde410>,14,16,[10  1],19,30,46,11,21
1,<environment.Job instance at 0x1474cb2ed640>,18,3,[10  1],27,46,49,19,27
1,<environment.Job instance at 0x1474d0d72cd0>,25,14,[2 5],38,49,63,11,38
1,<environment.Job instance at 0x1474d0d723c0>,26,3,[5 2],40,49,52,9,40
1,<environment.Job instance at 0x1474cb1d2230>,27,12,[1 5],41,52,64,11,43
1,<environment.Job instance at 0x1474cb1d2410>,30,3,[2 6],46,64,67,18,46
1,<environment.Job instance at 0x1474cb1d2640>,32,16,[1 5],51,67,83,16,56
1,<environment.Job instance at 0x1474cb1d2aa0>,34,3,[2 9],54,83,86,29,57
1,<environment.Job instance at 0x1474cb1d2e10>,35,1,[10  2],55,86,87,31,58
1,<environment.Job instance at 0x1474c044fb40>,38,2,[ 1 10],60,87,89,27,60
1,<environment.Job instance at 0x1474c03751e0>,40,3,[10  2],63,89,92,26,63
1,<environment.Job instance at 0x1474c0195460>,41,2,[1 6],67,92,94,25,67
1,<environment.Job instance at 0x1474c0195d70>,42,3,[1 9],68,94,97,26,68
1,<environment.Job instance at 0x1474c0195eb0>,45,3,[10  2],74,97,100,23,80
1,<environment.Job instance at 0x1474c01952d0>,46,3,[5 1],78,81,84,3,81
1,<environment.Job instance at 0x1474cb2ed0a0>,16,23,[1 6],21,100,123,79,99
1,<environment.Job instance at 0x1474cbcf35a0>,1,3,[9 1],2,2,5,0,2
1,<environment.Job instance at 0x1474d0364960>,0,2,[6 2],1,5,7,4,2
1,<environment.Job instance at 0x1474d03385f0>,3,2,[5 2],4,7,9,3,4
1,<environment.Job instance at 0x1474d0338c80>,7,2,[6 1],9,9,11,0,9
1,<environment.Job instance at 0x1474c028c5f0>,8,2,[ 1 10],10,11,13,1,10
1,<environment.Job instance at 0x1474c028c960>,9,3,[9 2],12,13,16,1,12
1,<environment.Job instance at 0x1474c028c9b0>,10,2,[5 1],13,16,18,3,13
1,<environment.Job instance at 0x1474c028c550>,6,17,[2 8],7,16,33,9,14
1,<environment.Job instance at 0x1474c028cd70>,12,3,[9 2],15,33,36,18,15
1,<environment.Job instance at 0x1474c028ceb0>,13,2,[2 9],17,36,38,19,17
1,<environment.Job instance at 0x1474c028cc80>,15,1,[5 1],23,23,24,0,23
1,<environment.Job instance at 0x1474c02a13c0>,17,2,[1 8],27,33,35,6,27
1,<environment.Job instance at 0x1474c02a1500>,18,1,[10  2],28,38,39,10,28
1,<environment.Job instance at 0x1474c02a1690>,19,3,[2 8],29,39,42,10,29
1,<environment.Job instance at 0x1474c02a17d0>,20,15,[2 7],30,42,57,12,30
1,<environment.Job instance at 0x1474c02a1910>,21,2,[8 2],35,39,41,4,35
1,<environment.Job instance at 0x1474c02a1b90>,23,3,[6 2],37,41,44,4,37
1,<environment.Job instance at 0x1474c02a1dc0>,25,3,[1 9],41,57,60,16,41
1,<environment.Job instance at 0x1474c02a1f00>,26,1,[2 9],44,60,61,16,44
1,<environment.Job instance at 0x1474c02a1fa0>,27,2,[7 2],45,45,47,0,45
1,<environment.Job instance at 0x1474c027d410>,30,3,[9 2],48,61,64,13,48
1,<environment.Job instance at 0x1474c027d1e0>,31,2,[7 1],51,51,53,0,51
1,<environment.Job instance at 0x1474c028cc30>,11,17,[1 9],14,64,81,50,52
1,<environment.Job instance at 0x1474c027d4b0>,34,1,[8 1],55,55,56,0,55
1,<environment.Job instance at 0x1474c027daa0>,38,15,[6 1],59,64,79,5,60
1,<environment.Job instance at 0x1474c027db40>,39,3,[6 2],60,81,84,21,60
1,<environment.Job instance at 0x1474c027d870>,33,3,[2 5],54,81,84,27,61
1,<environment.Job instance at 0x1474c027df50>,40,1,[6 2],61,84,85,23,63
1,<environment.Job instance at 0x1474c027de60>,42,1,[7 1],64,79,80,15,64
1,<environment.Job instance at 0x1474c0289370>,43,12,[2 8],65,84,96,19,67
1,<environment.Job instance at 0x1474c027d9b0>,4,25,[8 1],9,9,34,0,9
1,<environment.Job instance at 0x14749fcccfa0>,5,16,[8 1],10,34,50,24,23
1,<environment.Job instance at 0x14749ffc7690>,14,12,[2 9],22,23,35,1,23
1,<environment.Job instance at 0x14749ffc70a0>,16,13,[1 9],24,35,48,11,26
1,<environment.Job instance at 0x14749ffc73c0>,17,2,[1 8],25,48,50,23,28
1,<environment.Job instance at 0x14749ffc7500>,19,1,[ 1 10],29,50,51,21,31
1,<environment.Job instance at 0x1474c0066a00>,22,3,[6 2],32,51,54,19,32
1,<environment.Job instance at 0x1474c0066960>,23,2,[6 2],33,54,56,21,33
1,<environment.Job instance at 0x1474c00668c0>,24,17,[5 2],34,56,73,22,44
1,<environment.Job instance at 0x1474c0066af0>,27,3,[2 7],39,51,54,12,44
1,<environment.Job instance at 0x1474c0066be0>,29,3,[8 2],41,73,76,32,47
1,<environment.Job instance at 0x1474c00665a0>,32,2,[2 7],44,54,56,10,47
1,<environment.Job instance at 0x1474c0066b90>,28,1,[1 6],40,56,57,16,47
1,<environment.Job instance at 0x14749fcd1910>,34,3,[7 1],46,76,79,30,50
1,<environment.Job instance at 0x14749fcd17d0>,35,14,[8 2],47,79,93,32,64
1,<environment.Job instance at 0x1474c0690820>,40,1,[8 1],54,93,94,39,91
1,<environment.Job instance at 0x1474c05ac730>,50,3,[2 7],68,91,94,23,91
1,<environment.Job instance at 0x1474c05ac370>,51,15,[7 2],69,94,109,25,91
1,<environment.Job instance at 0x1474c05aceb0>,52,15,[6 1],70,109,124,39,97
1,<environment.Job instance at 0x1474c067ef50>,57,1,[9 1],76,124,125,48,97
1,<environment.Job instance at 0x1474c05ac2d0>,58,17,[2 5],77,98,115,21,98
1,<environment.Job instance at 0x1474c067ec80>,59,2,[10  2],78,125,127,47,98
1,<environment.Job instance at 0x14749ffc74b0>,15,3,[9 2],23,253,256,230,253
1,<environment.Job instance at 0x14749fdd5b40>,0,2,[5 2],1,2,4,1,2
1,<environment.Job instance at 0x1474cb1d4aa0>,7,3,[2 6],11,11,14,0,11
1,<environment.Job instance at 0x1474c02a1870>,1,2,[5 1],2,12,14,10,12
1,<environment.Job instance at 0x1474cb1d4b40>,8,2,[9 1],12,14,16,2,12
1,<environment.Job instance at 0x1474cb1d4c30>,10,2,[7 2],15,16,18,1,15
1,<environment.Job instance at 0x1474cb1d4e60>,11,2,[9 2],16,18,20,2,16
1,<environment.Job instance at 0x1474cb1d4fa0>,12,3,[5 1],17,20,23,3,17
1,<environment.Job instance at 0x1474cb1d4eb0>,13,2,[ 1 10],18,23,25,5,18
1,<environment.Job instance at 0x1474cb208190>,14,13,[2 6],19,25,38,6,19
1,<environment.Job instance at 0x1474cb2088c0>,21,1,[8 2],28,55,56,27,55
1,<environment.Job instance at 0x1474cb208eb0>,32,14,[2 9],41,98,112,57,98
1,<environment.Job instance at 0x1474cb208d20>,33,2,[7 2],42,112,114,70,98
1,<environment.Job instance at 0x1474cb208e10>,34,3,[10  1],43,114,117,71,98
1,<environment.Job instance at 0x1474cb1f2280>,35,3,[6 1],44,98,101,54,98
1,<environment.Job instance at 0x1474cb1f23c0>,37,3,[2 7],46,117,120,71,114
1,<environment.Job instance at 0x1474cb1f25a0>,40,3,[5 2],49,122,125,73,122
1,<environment.Job instance at 0x1474cb1f2640>,41,2,[8 2],50,127,129,77,127
1,<environment.Job instance at 0x1474cb1f26e0>,42,3,[2 8],51,136,139,85,136
1,<environment.Job instance at 0x1474cb1f2780>,43,2,[2 5],52,140,142,88,140
1,<environment.Job instance at 0x1474cb1f2870>,47,3,[10  2],57,184,187,127,184
1,<environment.Job instance at 0x1474cb1f2fa0>,51,2,[2 9],62,236,238,174,236
1,<environment.Job instance at 0x1474cb1f2f50>,52,2,[2 7],63,247,249,184,247
1,<environment.Job instance at 0x1474cb2032d0>,55,2,[10  1],67,312,314,245,312
1,<environment.Job instance at 0x1474cb2035a0>,59,1,[6 1],72,369,370,297,369
1,<environment.Job instance at 0x1474cb203690>,62,1,[8 1],77,402,403,325,402
1,<environment.Job instance at 0x1474cb2086e0>,18,17,[2 7],25,411,428,386,411
1,<environment.Job instance at 0x14749fceae60>,1,3,[1 8],3,13,16,10,13
1,<environment.Job instance at 0x1474cbfdb870>,5,2,[6 1],9,14,16,5,14
1,<environment.Job instance at 0x1474c064d8c0>,6,17,[1 7],10,221,238,211,221
1,<environment.Job instance at 0x1474cb203870>,7,15,[10  2],14,238,253,224,224
1,<environment.Job instance at 0x1474cbfaf5f0>,25,3,[10  1],41,334,337,293,334
1,<environment.Job instance at 0x1474c0307230>,35,3,[6 2],56,344,347,288,344
1,<environment.Job instance at 0x1474c0527960>,39,2,[7 1],61,359,361,298,359
1,<environment.Job instance at 0x1474c050e870>,40,1,[8 1],62,361,362,299,360
1,<environment.Job instance at 0x1474cef08aa0>,41,2,[10  2],63,362,364,299,361
1,<environment.Job instance at 0x1474d03380a0>,43,3,[9 2],65,364,367,299,363
1,<environment.Job instance at 0x1474cbbccf00>,44,1,[6 2],67,367,368,300,363
1,<environment.Job instance at 0x1474cb27ef50>,46,2,[2 7],69,367,369,298,363
1,<environment.Job instance at 0x1474c0730140>,47,3,[9 2],71,369,372,298,363
1,<environment.Job instance at 0x1474cbbcc960>,48,3,[10  1],72,372,375,300,363
1,<environment.Job instance at 0x1474c05b1b40>,49,17,[1 8],78,375,392,297,363
1,<environment.Job instance at 0x1474c0307460>,37,15,[2 5],59,434,449,375,434
1,<environment.Job instance at 0x1474cb092d70>,1,3,[1 9],2,2,5,0,2
1,<environment.Job instance at 0x1474cb239780>,6,2,[2 9],11,11,13,0,11
1,<environment.Job instance at 0x1474cb239320>,7,2,[8 2],12,13,15,1,12
1,<environment.Job instance at 0x1474c0194a00>,18,3,[1 7],24,44,47,20,44
1,<environment.Job instance at 0x1474c0194aa0>,19,2,[6 2],26,44,46,18,44
1,<environment.Job instance at 0x1474d0d91cd0>,27,3,[5 2],34,106,109,72,106
1,<environment.Job instance at 0x1474c944d780>,31,2,[1 7],38,108,110,70,108
1,<environment.Job instance at 0x14749ffa32d0>,36,14,[ 1 10],47,134,148,87,134
1,<environment.Job instance at 0x14749ffa3af0>,40,3,[6 1],53,148,151,95,138
1,<environment.Job instance at 0x14749ffa3780>,43,3,[5 1],56,151,154,95,139
1,<environment.Job instance at 0x1474c00bdaa0>,0,3,[1 8],1,1,4,0,1
1,<environment.Job instance at 0x1474cb239190>,2,16,[9 1],4,12,28,8,12
1,<environment.Job instance at 0x1474cb21c280>,7,2,[5 2],16,28,30,12,16
1,<environment.Job instance at 0x1474cb21c1e0>,12,2,[5 2],21,28,30,7,21
1,<environment.Job instance at 0x1474cb21ca00>,13,21,[5 1],22,30,51,8,22
1,<environment.Job instance at 0x1474cb21c870>,14,3,[2 8],23,30,33,7,23
1,<environment.Job instance at 0x1474cb21c820>,15,3,[8 2],25,51,54,26,25
1,<environment.Job instance at 0x1474c80a4fa0>,18,2,[8 1],28,54,56,26,28
1,<environment.Job instance at 0x1474c80a4910>,22,3,[ 2 10],35,56,59,21,35
1,<environment.Job instance at 0x1474c80a4320>,23,2,[2 7],36,36,38,0,36
1,<environment.Job instance at 0x1474c06b4820>,25,2,[10  2],38,59,61,21,38
1,<environment.Job instance at 0x1474c06b43c0>,26,2,[1 7],39,39,41,0,39
1,<environment.Job instance at 0x1474c06b4500>,27,3,[2 8],40,41,44,1,40
1,<environment.Job instance at 0x1474c06b4460>,30,2,[5 2],45,45,47,0,45
1,<environment.Job instance at 0x1474c80a4050>,21,13,[7 1],32,61,74,29,46
1,<environment.Job instance at 0x1474c06b4f00>,32,3,[6 1],47,74,77,27,48
1,<environment.Job instance at 0x1474c06b47d0>,33,2,[ 1 10],48,77,79,29,62
1,<environment.Job instance at 0x1474cb0fca50>,42,2,[8 2],63,79,81,16,63
1,<environment.Job instance at 0x1474ceeed140>,44,3,[2 6],67,67,70,0,67
1,<environment.Job instance at 0x1474d0d76820>,45,2,[7 1],68,81,83,13,68
1,<environment.Job instance at 0x1474d0ce2a50>,2,27,[1 9],3,3,30,0,3
1,<environment.Job instance at 0x1474cb175550>,3,1,[9 1],4,4,5,0,4
1,<environment.Job instance at 0x14749fcdf820>,6,3,[ 1 10],11,30,33,19,11
1,<environment.Job instance at 0x14749fcdf140>,9,2,[8 1],15,15,17,0,15
1,<environment.Job instance at 0x14749fcff0a0>,10,13,[8 2],16,33,46,17,17
1,<environment.Job instance at 0x14749fcde230>,21,16,[1 6],32,33,49,1,32
1,<environment.Job instance at 0x14749fcded70>,30,2,[ 2 10],45,49,51,4,45
1,<environment.Job instance at 0x14749fcdeeb0>,31,3,[9 1],46,46,49,0,46
1,<environment.Job instance at 0x14749fcdeaf0>,32,12,[9 1],47,51,63,4,48
1,<environment.Job instance at 0x14749fcfa190>,34,16,[9 2],50,63,79,13,50
1,<environment.Job instance at 0x14749fcfa370>,35,3,[ 2 10],51,79,82,28,53
1,<environment.Job instance at 0x14749fcfadc0>,43,3,[1 9],62,82,85,20,62
1,<environment.Job instance at 0x14749fcee320>,47,3,[2 5],68,85,88,17,68
1,<environment.Job instance at 0x14749fcee410>,48,2,[6 2],69,85,87,16,69
1,<environment.Job instance at 0x14749fcee6e0>,50,3,[2 9],71,88,91,17,71
1,<environment.Job instance at 0x14749fceeaf0>,56,2,[1 8],77,96,98,19,96
1,<environment.Job instance at 0x14749fceec30>,58,3,[2 5],79,98,101,19,96
1,<environment.Job instance at 0x14749fcfa140>,2,17,[7 2],3,3,20,0,3
1,<environment.Job instance at 0x1474c8043c80>,4,2,[2 9],5,20,22,15,5
1,<environment.Job instance at 0x1474c80430f0>,5,13,[2 8],7,7,20,0,7
1,<environment.Job instance at 0x1474c8043870>,6,3,[7 2],8,22,25,14,8
1,<environment.Job instance at 0x1474c80b16e0>,7,17,[ 2 10],9,25,42,16,13
1,<environment.Job instance at 0x1474c80b1910>,10,1,[6 1],15,20,21,5,15
1,<environment.Job instance at 0x1474c80b1b40>,20,2,[1 8],29,114,116,85,114
1,<environment.Job instance at 0x1474c80b1780>,22,1,[1 5],31,118,119,87,118
1,<environment.Job instance at 0x1474c80b1280>,23,2,[9 1],32,123,125,91,123
1,<environment.Job instance at 0x1474cb0ff780>,24,3,[9 2],33,130,133,97,130
1,<environment.Job instance at 0x1474cb0ffb90>,26,2,[2 6],36,133,135,97,131
1,<environment.Job instance at 0x1474cb0ff190>,28,1,[2 7],38,135,136,97,132
1,<environment.Job instance at 0x1474cb0ffaf0>,29,2,[2 6],39,137,139,98,137
1,<environment.Job instance at 0x14749fcde6e0>,1,1,[5 1],2,2,3,0,2
1,<environment.Job instance at 0x1474c808ba00>,2,12,[ 1 10],3,3,15,0,3
1,<environment.Job instance at 0x14749fb3b1e0>,5,3,[5 2],8,15,18,7,8
1,<environment.Job instance at 0x14749fb3b6e0>,7,3,[2 7],10,15,18,5,10
1,<environment.Job instance at 0x1474c04b4e10>,10,1,[5 2],19,19,20,0,19
1,<environment.Job instance at 0x14749fcf95a0>,12,1,[7 2],22,22,23,0,22
1,<environment.Job instance at 0x1474c04d4640>,13,1,[2 8],23,23,24,0,23
1,<environment.Job instance at 0x14749fcf9b40>,14,2,[2 9],24,24,26,0,24
1,<environment.Job instance at 0x14749fb14f50>,15,3,[2 6],25,26,29,1,25
1,<environment.Job instance at 0x1474c04b4410>,16,2,[7 1],27,27,29,0,27
1,<environment.Job instance at 0x14749fb142d0>,17,1,[ 1 10],28,29,30,1,28
1,<environment.Job instance at 0x14749fb14af0>,19,3,[1 9],31,31,34,0,31
1,<environment.Job instance at 0x14749fb14910>,20,17,[1 5],32,34,51,2,32
1,<environment.Job instance at 0x1474d047a410>,21,3,[8 1],34,34,37,0,34
1,<environment.Job instance at 0x1474c0301870>,22,1,[1 8],35,51,52,16,35
1,<environment.Job instance at 0x1474d047aaa0>,23,1,[10  2],39,52,53,13,39
1,<environment.Job instance at 0x1474c02ed910>,24,2,[2 6],40,53,55,13,40
1,<environment.Job instance at 0x1474c9f7bd70>,25,1,[1 5],41,41,42,0,41
1,<environment.Job instance at 0x1474c02ed730>,26,3,[7 2],43,43,46,0,43
1,<environment.Job instance at 0x1474c02fa230>,27,1,[2 8],44,55,56,11,44
1,<environment.Job instance at 0x1474c02fa2d0>,29,3,[10  1],48,56,59,8,48
1,<environment.Job instance at 0x1474c02fa320>,31,3,[7 2],51,53,56,2,53
1,<environment.Job instance at 0x1474c02fac30>,34,1,[1 9],55,59,60,4,55
1,<environment.Job instance at 0x1474c02facd0>,35,3,[6 2],56,60,63,4,56
1,<environment.Job instance at 0x1474c031d140>,38,1,[1 5],60,61,62,1,61
1,<environment.Job instance at 0x1474c031d2d0>,40,24,[2 9],62,73,97,11,73
1,<environment.Job instance at 0x1474c0316e60>,43,1,[1 6],68,97,98,29,73
1,<environment.Job instance at 0x1474c0316780>,44,2,[2 6],70,98,100,28,73
1,<environment.Job instance at 0x1474c03164b0>,45,2,[6 2],71,97,99,26,73
1,<environment.Job instance at 0x1474c03160f0>,46,3,[2 7],72,100,103,28,74
1,<environment.Job instance at 0x1474c9f97eb0>,47,1,[10  1],76,103,104,27,76
1,<environment.Job instance at 0x1474d0480280>,48,3,[10  1],77,104,107,27,78
1,<environment.Job instance at 0x1474c02950f0>,49,2,[6 1],78,78,80,0,78
1,<environment.Job instance at 0x1474c9f8c780>,50,3,[1 5],79,107,110,28,81
1,<environment.Job instance at 0x14749ffcc960>,0,1,[9 1],1,2,3,1,2
1,<environment.Job instance at 0x1474c06b3730>,3,3,[2 7],4,4,7,0,4
1,<environment.Job instance at 0x1474d0e319b0>,4,1,[7 1],5,5,6,0,5
1,<environment.Job instance at 0x1474c031d230>,5,2,[7 2],6,6,8,0,6
1,<environment.Job instance at 0x14749ffccb40>,1,1,[1 8],2,7,8,5,7
1,<environment.Job instance at 0x1474cef08460>,7,3,[2 6],9,9,12,0,9
1,<environment.Job instance at 0x1474cef08960>,8,2,[8 1],10,10,12,0,10
1,<environment.Job instance at 0x1474cef08a00>,9,1,[6 2],11,12,13,1,11
1,<environment.Job instance at 0x1474cef08eb0>,10,1,[9 1],12,13,14,1,12
1,<environment.Job instance at 0x1474cef08af0>,12,3,[10  2],17,17,20,0,17
1,<environment.Job instance at 0x1474cbf71c80>,15,1,[7 2],21,25,26,4,25
1,<environment.Job instance at 0x1474cbf71370>,19,2,[1 5],26,28,30,2,28
1,<environment.Job instance at 0x1474cbf71cd0>,21,17,[10  1],28,30,47,2,29
1,<environment.Job instance at 0x1474cbf71780>,24,2,[2 6],31,47,49,16,31
1,<environment.Job instance at 0x1474cbf71fa0>,25,3,[1 9],32,49,52,17,32
1,<environment.Job instance at 0x1474cb0a9780>,26,2,[1 7],34,52,54,18,34
1,<environment.Job instance at 0x1474cb0a95f0>,27,3,[2 9],35,54,57,19,35
1,<environment.Job instance at 0x1474cb0a9050>,28,2,[6 1],36,47,49,11,36
1,<environment.Job instance at 0x1474c00a5780>,31,2,[7 1],40,49,51,9,40
1,<environment.Job instance at 0x1474c00a5e10>,32,14,[5 2],44,57,71,13,44
1,<environment.Job instance at 0x1474c00a52d0>,33,1,[ 1 10],45,71,72,26,45
1,<environment.Job instance at 0x1474c00a5fa0>,34,3,[1 9],46,72,75,26,46
1,<environment.Job instance at 0x1474c00a58c0>,35,2,[9 2],48,52,54,4,49
1,<environment.Job instance at 0x1474cbccfcd0>,36,3,[2 7],49,57,60,8,52
1,<environment.Job instance at 0x1474cbccf050>,41,13,[1 5],61,75,88,14,61
1,<environment.Job instance at 0x1474cbcf2230>,45,3,[2 9],66,88,91,22,66
1,<environment.Job instance at 0x1474cbcf2730>,46,13,[2 9],67,91,104,24,77
1,<environment.Job instance at 0x1474cbcf2370>,48,1,[9 1],70,77,78,7,77
1,<environment.Job instance at 0x1474cbcf2460>,53,1,[5 1],76,86,87,10,86
1,<environment.Job instance at 0x1474cbcf29b0>,54,3,[8 1],77,87,90,10,86
1,<environment.Job instance at 0x1474cbb95190>,56,3,[9 2],79,104,107,25,86
1,<environment.Job instance at 0x1474cbccfeb0>,38,22,[2 9],53,122,144,69,122
1,<environment.Job instance at 0x14749fa2ed20>,0,2,[1 6],6,6,8,0,6
1,<environment.Job instance at 0x14749fa2ec80>,2,2,[2 8],10,10,12,0,10
1,<environment.Job instance at 0x1474cb23b780>,3,1,[7 1],13,14,15,1,14
1,<environment.Job instance at 0x1474cb23beb0>,5,3,[6 2],16,16,19,0,16
1,<environment.Job instance at 0x1474cb23b820>,4,2,[2 6],14,17,19,3,17
1,<environment.Job instance at 0x1474cb23baa0>,7,2,[5 1],18,19,21,1,19
1,<environment.Job instance at 0x1474cb23bb90>,9,1,[7 2],20,21,22,1,20
1,<environment.Job instance at 0x1474cb23bd70>,8,3,[9 1],19,22,25,3,20
1,<environment.Job instance at 0x1474cb23b460>,11,3,[9 2],24,25,28,1,24
1,<environment.Job instance at 0x1474cb246a00>,12,2,[2 5],25,28,30,3,25
1,<environment.Job instance at 0x14749fd3a050>,14,3,[1 7],27,30,33,3,27
1,<environment.Job instance at 0x14749fd3a7d0>,15,1,[1 8],28,33,34,5,29
1,<environment.Job instance at 0x1474c013abe0>,17,1,[1 9],30,34,35,4,30
1,<environment.Job instance at 0x1474c013ae60>,18,2,[2 6],31,35,37,4,31
1,<environment.Job instance at 0x1474c013a320>,19,3,[ 2 10],32,37,40,5,32
1,<environment.Job instance at 0x1474c013aa50>,21,1,[8 1],36,40,41,4,37
1,<environment.Job instance at 0x1474c013ae10>,23,2,[1 6],38,40,42,2,38
1,<environment.Job instance at 0x1474c013a690>,24,1,[2 5],39,42,43,3,39
1,<environment.Job instance at 0x1474c013a5a0>,25,14,[ 2 10],40,43,57,3,40
1,<environment.Job instance at 0x1474c013a820>,22,3,[1 6],37,57,60,20,42
1,<environment.Job instance at 0x14749fea6460>,28,1,[5 2],43,57,58,14,45
1,<environment.Job instance at 0x1474c05b7640>,1,1,[ 2 10],2,2,3,0,2
1,<environment.Job instance at 0x1474c00e0960>,4,3,[10  1],7,7,10,0,7
1,<environment.Job instance at 0x1474c00e0320>,7,2,[1 5],10,10,12,0,10
1,<environment.Job instance at 0x1474c00e0c80>,8,13,[1 9],11,12,25,1,11
1,<environment.Job instance at 0x1474c00e0eb0>,9,2,[10  2],12,25,27,13,12
1,<environment.Job instance at 0x1474c00e0280>,10,15,[9 1],14,27,42,13,14
1,<environment.Job instance at 0x1474d0338e10>,22,1,[10  1],28,42,43,14,28
1,<environment.Job instance at 0x1474d0338dc0>,25,3,[6 1],32,43,46,11,32
1,<environment.Job instance at 0x1474d0338af0>,27,3,[2 5],34,43,46,9,34
1,<environment.Job instance at 0x1474d0338f50>,28,3,[2 8],36,46,49,10,36
1,<environment.Job instance at 0x14749faa5dc0>,30,3,[1 8],38,1046,1049,1008,1046
1,<environment.Job instance at 0x14749faa5050>,34,12,[6 1],43,1122,1134,1079,1122
1,<environment.Job instance at 0x14749faa5410>,35,13,[8 1],44,1201,1214,1157,1201
1,<environment.Job instance at 0x1474d0dd3dc0>,36,3,[2 8],45,1809,1812,1764,1809
1,<environment.Job instance at 0x1474d0dd3960>,37,2,[1 7],46,2802,2804,2756,2802
1,<environment.Job instance at 0x1494aaef2960>,1,3,[1 9],2,2,5,0,2
1,<environment.Job instance at 0x1494aaef2c30>,2,1,[2 5],3,5,6,2,3
1,<environment.Job instance at 0x1494aaef2f00>,3,1,[6 2],4,5,6,1,4
1,<environment.Job instance at 0x1494a128db40>,4,2,[7 2],5,6,8,1,5
1,<environment.Job instance at 0x1494a128dc80>,5,3,[9 2],6,8,11,2,6
1,<environment.Job instance at 0x1494a128dd70>,7,1,[2 6],8,11,12,3,9
1,<environment.Job instance at 0x1494a128da50>,9,2,[6 1],11,11,13,0,11
1,<environment.Job instance at 0x1494a1290190>,10,13,[2 8],12,12,25,0,12
1,<environment.Job instance at 0x1494a1290370>,11,3,[1 8],13,25,28,12,13
1,<environment.Job instance at 0x1494a12904b0>,12,3,[1 8],14,28,31,14,14
1,<environment.Job instance at 0x1494a12905f0>,13,2,[8 1],17,17,19,0,17
1,<environment.Job instance at 0x1494a12842d0>,14,2,[ 1 10],18,31,33,13,18
1,<environment.Job instance at 0x1494a17905f0>,15,1,[ 1 10],20,33,34,13,20
1,<environment.Job instance at 0x1494a12837d0>,16,1,[2 5],21,34,35,13,21
1,<environment.Job instance at 0x1494a1283be0>,17,17,[6 1],23,34,51,11,23
1,<environment.Job instance at 0x1494a1283550>,19,3,[6 2],26,26,29,0,26
1,<environment.Job instance at 0x1494a12832d0>,18,2,[10  1],25,51,53,26,26
1,<environment.Job instance at 0x1494a1283960>,21,3,[6 1],29,53,56,24,29
1,<environment.Job instance at 0x1494a12834b0>,23,2,[8 1],31,56,58,25,31
1,<environment.Job instance at 0x1494a1282dc0>,25,2,[2 8],34,35,37,1,34
1,<environment.Job instance at 0x1494a12824b0>,26,1,[2 7],35,37,38,2,35
1,<environment.Job instance at 0x1494a1282cd0>,27,2,[2 7],36,38,40,2,36
1,<environment.Job instance at 0x1494a1282be0>,28,2,[2 7],37,40,42,3,37
1,<environment.Job instance at 0x1494a12820f0>,31,3,[9 2],41,58,61,17,41
1,<environment.Job instance at 0x1494a1784cd0>,32,3,[2 9],42,42,45,0,42
1,<environment.Job instance at 0x1494a8c12960>,33,1,[2 7],43,45,46,2,43
1,<environment.Job instance at 0x1494a178c050>,39,3,[1 5],52,62,65,10,62
1,<environment.Job instance at 0x1494a8b43e10>,40,3,[1 6],53,65,68,12,65
1,<environment.Job instance at 0x1494a1786be0>,42,1,[10  1],56,97,98,41,97
1,<environment.Job instance at 0x1494a1786a00>,43,3,[7 2],57,98,101,41,97
1,<environment.Job instance at 0x1494a8b54870>,44,3,[1 8],58,98,101,40,97
1,<environment.Job instance at 0x1494a1783dc0>,45,3,[2 8],60,101,104,41,97
1,<environment.Job instance at 0x1494a1decd20>,46,2,[2 8],61,104,106,43,97
1,<environment.Job instance at 0x1494a14cc640>,47,1,[1 6],63,106,107,43,97
1,<environment.Job instance at 0x1494a14cc4b0>,48,1,[2 9],65,107,108,42,98
1,<environment.Job instance at 0x1494a14e2050>,49,16,[8 2],66,108,124,42,98
1,<environment.Job instance at 0x1494a14cc230>,50,12,[9 1],68,124,136,56,108
1,<environment.Job instance at 0x1494a14e1190>,53,3,[6 1],73,136,139,63,111
1,<environment.Job instance at 0x1494a14e2190>,52,2,[1 7],72,111,113,39,111
1,<environment.Job instance at 0x1494a14e1730>,56,1,[10  2],79,139,140,60,111
1,<environment.Job instance at 0x1494a14e1d70>,57,22,[1 5],80,113,135,33,112
1,<environment.Job instance at 0x1494a14e1af0>,59,1,[1 9],85,135,136,50,114
1,<environment.Job instance at 0x1494a14e1230>,58,15,[2 9],82,140,155,58,126
1,<environment.Job instance at 0x1494a14e1f50>,61,3,[1 5],87,136,139,49,126
1,<environment.Job instance at 0x1494a14e1870>,63,3,[10  1],89,155,158,66,129
1,<environment.Job instance at 0x1494aae943c0>,1,3,[2 9],2,2,5,0,2
1,<environment.Job instance at 0x1494a2fca1e0>,2,3,[1 9],3,5,8,2,3
1,<environment.Job instance at 0x1494a2fca5f0>,4,3,[1 9],5,8,11,3,5
1,<environment.Job instance at 0x1494a17842d0>,6,2,[ 2 10],7,11,13,4,7
1,<environment.Job instance at 0x1494a2fca0a0>,7,3,[2 9],9,13,16,4,11
1,<environment.Job instance at 0x1494a17845a0>,9,2,[6 2],13,16,18,3,13
1,<environment.Job instance at 0x1494a1784500>,10,3,[6 2],16,18,21,2,16
1,<environment.Job instance at 0x1494a1784f00>,12,2,[2 5],18,18,20,0,18
1,<environment.Job instance at 0x1494a1784dc0>,13,2,[ 1 10],19,21,23,2,19
1,<environment.Job instance at 0x1494a17846e0>,14,3,[2 9],20,23,26,3,20
1,<environment.Job instance at 0x1494a1784780>,15,3,[7 2],21,26,29,5,21
1,<environment.Job instance at 0x1494a1784410>,17,3,[ 2 10],24,29,32,5,24
1,<environment.Job instance at 0x1494a1df05f0>,18,12,[2 8],25,32,44,7,25
1,<environment.Job instance at 0x1494a1df34b0>,30,1,[5 1],41,43,44,2,43
1,<environment.Job instance at 0x1494a1df3230>,32,12,[9 2],44,44,56,0,44
1,<environment.Job instance at 0x1494a1df3870>,33,15,[10  2],45,56,71,11,46
1,<environment.Job instance at 0x1494a1df3410>,35,16,[8 1],47,71,87,24,58
1,<environment.Job instance at 0x1494a1df3460>,39,1,[ 2 10],52,87,88,35,59
1,<environment.Job instance at 0x1494a1df32d0>,36,17,[1 9],49,88,105,39,85
1,<environment.Job instance at 0x1494a2f446e0>,44,2,[ 1 10],60,105,107,45,85
1,<environment.Job instance at 0x1494a1df3500>,43,18,[1 8],56,367,385,311,367
1,<environment.Job instance at 0x1494a2f44730>,53,1,[1 7],70,392,393,322,392
1,<environment.Job instance at 0x1494a2f44eb0>,54,3,[9 1],73,393,396,320,393
1,<environment.Job instance at 0x1494a30ce960>,0,3,[5 1],3,3,6,0,3
1,<environment.Job instance at 0x1494a2f70d70>,2,3,[ 2 10],6,6,9,0,6
1,<environment.Job instance at 0x1494a2f70eb0>,3,2,[1 9],8,9,11,1,8
1,<environment.Job instance at 0x1494a2f70500>,4,2,[ 2 10],11,11,13,0,11
1,<environment.Job instance at 0x1494a2f70640>,5,3,[5 2],12,13,16,1,12
1,<environment.Job instance at 0x1494a2f70af0>,7,2,[ 2 10],14,16,18,2,14
1,<environment.Job instance at 0x1494a2f70e60>,8,2,[2 9],15,18,20,3,16
1,<environment.Job instance at 0x1494a2f70690>,10,19,[ 1 10],18,20,39,2,18
1,<environment.Job instance at 0x1494a2f707d0>,11,2,[9 1],19,39,41,20,19
1,<environment.Job instance at 0x1494a2f70c30>,12,3,[5 2],20,41,44,21,20
1,<environment.Job instance at 0x1494a2ec8eb0>,13,2,[ 1 10],21,44,46,23,21
1,<environment.Job instance at 0x1494a2ec8190>,16,1,[2 9],24,46,47,22,28
1,<environment.Job instance at 0x1494a2f706e0>,9,17,[ 2 10],16,47,64,31,35
1,<environment.Job instance at 0x1494a2ec8410>,21,2,[8 2],31,64,66,33,37
1,<environment.Job instance at 0x1494a2f3af00>,27,18,[8 1],38,66,84,28,55
1,<environment.Job instance at 0x1494a2f3ab90>,29,17,[1 6],41,64,81,23,55
1,<environment.Job instance at 0x1494a301b2d0>,31,1,[2 6],43,81,82,38,55
1,<environment.Job instance at 0x1494a301b0a0>,32,16,[9 1],46,84,100,38,71
1,<environment.Job instance at 0x1494a2ec53c0>,47,1,[2 8],72,82,83,10,72
1,<environment.Job instance at 0x1494a2ec55a0>,48,18,[10  1],76,100,118,24,89
1,<environment.Job instance at 0x1494a8b52d20>,57,15,[2 8],88,118,133,30,104
1,<environment.Job instance at 0x1494a2ec8870>,17,15,[1 7],25,133,148,108,120
1,<environment.Job instance at 0x149498043140>,1,2,[6 2],2,7,9,5,7
1,<environment.Job instance at 0x1494a0161960>,17,2,[5 2],22,1109,1111,1087,1109
1,<environment.Job instance at 0x1494a0161c30>,18,2,[1 7],24,1110,1112,1086,1110
1,<environment.Job instance at 0x1494a0161910>,19,2,[5 2],25,1116,1118,1091,1116
1,<environment.Job instance at 0x1494a0161af0>,20,1,[1 6],27,1132,1133,1105,1132
1,<environment.Job instance at 0x1494a01618c0>,21,12,[7 1],28,1137,1149,1109,1137
1,<environment.Job instance at 0x1494a0161b40>,22,2,[10  1],29,1149,1151,1120,1139
1,<environment.Job instance at 0x1494a0161870>,23,3,[2 7],30,1151,1154,1121,1147
1,<environment.Job instance at 0x1494a0161640>,25,1,[2 5],34,1147,1148,1113,1147
1,<environment.Job instance at 0x1494a0161730>,26,3,[1 8],35,1154,1157,1119,1147
1,<environment.Job instance at 0x1494a0161410>,27,12,[7 2],37,1151,1163,1114,1147
1,<environment.Job instance at 0x1494a0161d20>,28,2,[7 2],39,1163,1165,1124,1148
1,<environment.Job instance at 0x1494a0161140>,29,3,[ 2 10],41,1165,1168,1124,1154
1,<environment.Job instance at 0x1494a0161aa0>,31,2,[2 5],44,1157,1159,1113,1154
1,<environment.Job instance at 0x1494a0161320>,32,1,[ 2 10],45,1168,1169,1123,1154
1,<environment.Job instance at 0x1494a0161eb0>,34,2,[ 1 10],47,1169,1171,1122,1154
1,<environment.Job instance at 0x1494a0161e60>,35,3,[7 2],48,1171,1174,1123,1154
1,<environment.Job instance at 0x1494a01613c0>,37,13,[5 2],51,1174,1187,1123,1158
1,<environment.Job instance at 0x1494a0161a50>,39,1,[6 1],53,1187,1188,1134,1161
1,<environment.Job instance at 0x1494a3081640>,40,3,[5 1],54,1174,1177,1120,1171
1,<environment.Job instance at 0x1494a3081870>,41,3,[1 7],59,1177,1180,1118,1172
1,<environment.Job instance at 0x1494a30814b0>,44,2,[10  1],63,1188,1190,1125,1174
1,<environment.Job instance at 0x1494a3081140>,45,3,[1 9],64,1190,1193,1126,1174
1,<environment.Job instance at 0x1494a3081050>,46,3,[1 8],68,1180,1183,1112,1175
1,<environment.Job instance at 0x1494a30812d0>,48,2,[9 2],72,1193,1195,1121,1175
1,<environment.Job instance at 0x1494a3081370>,49,3,[5 2],73,1183,1186,1110,1175
1,<environment.Job instance at 0x1494a3081af0>,50,16,[7 2],74,1195,1211,1121,1182
1,<environment.Job instance at 0x1494a3081320>,51,1,[ 2 10],75,1211,1212,1136,1183
1,<environment.Job instance at 0x1494a3081d70>,52,18,[5 2],77,1212,1230,1135,1201
1,<environment.Job instance at 0x1494aa5b6eb0>,0,1,[6 2],1,2,3,1,2
1,<environment.Job instance at 0x1494a0161b90>,1,3,[2 7],3,4,7,1,4
1,<environment.Job instance at 0x1494a028b820>,3,2,[8 1],8,8,10,0,8
1,<environment.Job instance at 0x1494a028bf50>,4,2,[1 9],11,11,13,0,11
1,<environment.Job instance at 0x1494a3b0ca00>,5,2,[1 6],12,18,20,6,18
1,<environment.Job instance at 0x14947be8df50>,9,18,[ 1 10],16,40,58,24,40
1,<environment.Job instance at 0x1494a2ff1910>,10,2,[1 6],18,58,60,40,48
1,<environment.Job instance at 0x1494a2ff1a50>,11,3,[ 2 10],20,60,63,40,51
1,<environment.Job instance at 0x1494a31221e0>,13,3,[9 1],22,63,66,41,52
1,<environment.Job instance at 0x1494a3122280>,14,16,[9 1],23,66,82,43,53
1,<environment.Job instance at 0x1494a31228c0>,15,1,[6 2],25,82,83,57,72
1,<environment.Job instance at 0x1494a3122e10>,16,3,[2 7],26,82,85,56,73
1,<environment.Job instance at 0x1494a31225a0>,17,14,[7 2],27,83,97,56,73
1,<environment.Job instance at 0x1494a3122e60>,18,2,[ 1 10],29,97,99,68,81
1,<environment.Job instance at 0x1494a31280a0>,19,3,[10  2],30,99,102,69,81
1,<environment.Job instance at 0x1494a3122910>,20,2,[2 9],31,102,104,71,88
1,<environment.Job instance at 0x14947bec5870>,22,18,[6 2],36,104,122,68,94
1,<environment.Job instance at 0x1494a31284b0>,24,3,[5 1],40,122,125,82,103
1,<environment.Job instance at 0x1494a3128be0>,25,14,[1 6],42,115,129,73,115
1,<environment.Job instance at 0x1494a00a7190>,26,2,[5 1],43,125,127,82,115
1,<environment.Job instance at 0x1494a00a7870>,28,2,[10  2],45,129,131,84,115
1,<environment.Job instance at 0x14947bfe0a50>,29,2,[6 1],46,127,129,81,117
1,<environment.Job instance at 0x14949802c5f0>,30,3,[9 2],48,131,134,83,117
1,<environment.Job instance at 0x14947be9dbe0>,31,3,[6 2],51,134,137,83,118
1,<environment.Job instance at 0x1494a004b640>,32,2,[5 2],52,137,139,85,118
1,<environment.Job instance at 0x1494a00cc460>,33,3,[1 7],53,131,134,78,118
1,<environment.Job instance at 0x1494a00c34b0>,34,2,[9 2],55,139,141,84,118
1,<environment.Job instance at 0x1494980402d0>,35,1,[7 2],56,141,142,85,124
1,<environment.Job instance at 0x1494a00c33c0>,36,3,[1 7],58,134,137,76,124
1,<environment.Job instance at 0x1494a0019d20>,37,14,[1 6],59,137,151,78,128
1,<environment.Job instance at 0x1494a0019f50>,38,14,[1 9],60,151,165,91,139
1,<environment.Job instance at 0x1494a00195a0>,39,3,[6 1],63,142,145,79,139
1,<environment.Job instance at 0x1494a007a1e0>,41,2,[2 9],65,165,167,100,139
1,<environment.Job instance at 0x1494a007ab90>,42,2,[2 5],66,167,169,101,140
1,<environment.Job instance at 0x1494a007a3c0>,43,16,[2 9],67,169,185,102,156
1,<environment.Job instance at 0x1494a007af50>,44,12,[5 2],68,185,197,117,169
1,<environment.Job instance at 0x1494a0018c30>,48,27,[1 7],75,189,216,114,189
1,<environment.Job instance at 0x1494a0018fa0>,49,15,[2 8],78,216,231,138,203
1,<environment.Job instance at 0x1494a0018eb0>,50,16,[2 8],79,231,247,152,218
1,<environment.Job instance at 0x1494a00c6a50>,51,13,[ 2 10],82,247,260,165,231
1,<environment.Job instance at 0x1494a0018640>,52,1,[2 6],83,260,261,177,246
1,<environment.Job instance at 0x1494a3167aa0>,54,2,[8 1],86,260,262,174,246
1,<environment.Job instance at 0x1494a3157050>,55,3,[2 9],87,261,264,174,246
1,<environment.Job instance at 0x14947bf8ad70>,56,1,[5 1],89,246,247,157,246
1,<environment.Job instance at 0x1494a3167690>,1,3,[2 8],2,2,5,0,2
1,<environment.Job instance at 0x1494981fc500>,2,1,[1 8],5,6,7,1,6
1,<environment.Job instance at 0x14947bc65320>,4,3,[1 6],7,7,10,0,7
1,<environment.Job instance at 0x14947bc652d0>,5,2,[8 2],8,8,10,0,8
1,<environment.Job instance at 0x14947bc655a0>,7,3,[10  1],11,11,14,0,11
1,<environment.Job instance at 0x14947bc65730>,8,2,[1 7],12,14,16,2,12
1,<environment.Job instance at 0x14947bc657d0>,9,15,[1 5],13,16,31,3,13
1,<environment.Job instance at 0x14947bc65910>,10,3,[1 9],14,31,34,17,14
1,<environment.Job instance at 0x14947bc65a50>,11,2,[1 8],16,34,36,18,16
1,<environment.Job instance at 0x14947bc65b40>,12,2,[1 5],18,18,20,0,18
1,<environment.Job instance at 0x1494a3167d20>,3,16,[2 6],6,36,52,30,23
1,<environment.Job instance at 0x14947bc66140>,17,2,[6 1],24,24,26,0,24
1,<environment.Job instance at 0x14947bc66370>,18,3,[10  1],26,52,55,26,26
1,<environment.Job instance at 0x14947bc66460>,19,3,[10  2],27,55,58,28,29
1,<environment.Job instance at 0x14947bd10780>,0,1,[2 6],1,1,2,0,1
1,<environment.Job instance at 0x14947bd10e10>,1,3,[1 7],3,4,7,1,4
1,<environment.Job instance at 0x14947bd736e0>,3,14,[1 6],5,7,21,2,5
1,<environment.Job instance at 0x14947bc668c0>,5,3,[5 1],7,7,10,0,7
1,<environment.Job instance at 0x14947bd60dc0>,6,1,[10  1],8,21,22,13,8
1,<environment.Job instance at 0x14947bd60f50>,7,1,[1 8],9,22,23,13,9
1,<environment.Job instance at 0x14947bd605f0>,10,3,[9 2],12,12,15,0,12
1,<environment.Job instance at 0x14947bd60320>,11,2,[10  2],13,23,25,10,13
1,<environment.Job instance at 0x14947bc66780>,2,17,[2 7],4,25,42,21,14
1,<environment.Job instance at 0x14947bd60e10>,16,2,[7 2],20,25,27,5,25
1,<environment.Job instance at 0x14947bd60140>,13,16,[ 2 10],15,42,58,27,29
1,<environment.Job instance at 0x14947bd600a0>,18,2,[1 8],22,58,60,36,31
1,<environment.Job instance at 0x14947bd60c80>,19,14,[6 1],23,58,72,35,43
1,<environment.Job instance at 0x14947bd600f0>,21,14,[2 8],25,60,74,35,45
1,<environment.Job instance at 0x14947bd60910>,22,2,[7 1],26,72,74,46,45
1,<environment.Job instance at 0x14947bd6faa0>,26,1,[ 2 10],30,74,75,44,63
1,<environment.Job instance at 0x14947bd9c0f0>,35,3,[10  1],47,75,78,28,63
1,<environment.Job instance at 0x14947bd9c7d0>,36,3,[6 1],49,78,81,29,63
1,<environment.Job instance at 0x14947bd9c4b0>,37,3,[8 1],50,81,84,31,63
1,<environment.Job instance at 0x14947bd9caf0>,38,2,[7 1],52,84,86,32,63
1,<environment.Job instance at 0x14947bd9c140>,42,14,[2 5],58,78,92,20,63
1,<environment.Job instance at 0x14947bd52960>,49,16,[1 5],71,86,102,15,77
1,<environment.Job instance at 0x14947bd52b40>,51,3,[2 9],74,102,105,28,77
1,<environment.Job instance at 0x14947bd99cd0>,53,1,[5 2],76,92,93,16,77
1,<environment.Job instance at 0x1494a8b3f410>,55,2,[ 1 10],80,105,107,25,94
1,<environment.Job instance at 0x14947bd9c190>,39,18,[2 6],54,107,125,53,96
1,<environment.Job instance at 0x14947bd99640>,57,3,[10  2],83,125,128,42,99
1,<environment.Job instance at 0x14947bd99730>,58,2,[1 6],87,128,130,41,101
1,<environment.Job instance at 0x14947bd995f0>,59,3,[1 9],88,130,133,42,104
1,<environment.Job instance at 0x1494aadcfd20>,1,1,[6 2],2,2,3,0,2
1,<environment.Job instance at 0x1494aadcfe10>,2,3,[10  2],4,4,7,0,4
1,<environment.Job instance at 0x149498317960>,3,3,[5 1],8,8,11,0,8
1,<environment.Job instance at 0x149498317730>,4,1,[2 8],9,9,10,0,9
1,<environment.Job instance at 0x149498317410>,5,2,[7 2],10,11,13,1,10
1,<environment.Job instance at 0x1494aad06b90>,6,2,[6 2],11,13,15,2,11
1,<environment.Job instance at 0x1494aad063c0>,7,3,[9 1],12,15,18,3,13
1,<environment.Job instance at 0x1494aad06780>,9,2,[5 2],14,18,20,4,14
1,<environment.Job instance at 0x149498317af0>,8,14,[2 8],13,18,32,5,15
1,<environment.Job instance at 0x1494aad06550>,11,21,[1 8],16,32,53,16,24
1,<environment.Job instance at 0x1494aad06140>,15,3,[9 2],22,32,35,10,24
1,<environment.Job instance at 0x1494a314e410>,16,2,[5 1],23,24,26,1,24
1,<environment.Job instance at 0x1494a314eaf0>,18,3,[9 2],25,35,38,10,25
1,<environment.Job instance at 0x1494a314ebe0>,19,2,[2 9],27,53,55,26,27
1,<environment.Job instance at 0x1494a314e4b0>,20,15,[2 8],32,55,70,23,41
1,<environment.Job instance at 0x1494a0061960>,21,1,[5 1],33,41,42,8,41
1,<environment.Job instance at 0x1494a0061eb0>,22,13,[10  1],35,70,83,35,54
1,<environment.Job instance at 0x1494a0061b40>,27,2,[8 2],45,59,61,14,59
1,<environment.Job instance at 0x1494983c4b40>,29,3,[6 2],47,66,69,19,66
1,<environment.Job instance at 0x1494983c4aa0>,31,3,[1 9],51,83,86,32,67
1,<environment.Job instance at 0x1494a2f67be0>,33,2,[7 2],55,86,88,31,68
1,<environment.Job instance at 0x1494a0061e10>,26,15,[2 7],40,86,101,46,72
1,<environment.Job instance at 0x1494a2f676e0>,36,3,[9 2],58,101,104,43,75
1,<environment.Job instance at 0x1494a2f67820>,37,2,[7 1],61,104,106,43,103
1,<environment.Job instance at 0x1494a2f67460>,38,16,[ 1 10],62,270,286,208,270
1,<environment.Job instance at 0x1494a2f67dc0>,39,3,[2 5],64,625,628,561,625
1,<environment.Job instance at 0x1494a2f67f00>,40,1,[8 1],65,782,783,717,782
1,<environment.Job instance at 0x1494a2f67c30>,41,28,[5 1],66,1540,1568,1474,1540
1,<environment.Job instance at 0x1494a2f67e60>,42,13,[8 2],67,1568,1581,1501,1557
1,<environment.Job instance at 0x1494a2f673c0>,43,18,[5 1],68,1626,1644,1558,1626
1,<environment.Job instance at 0x1494a0137730>,44,15,[6 1],69,1644,1659,1575,1638
1,<environment.Job instance at 0x1494a0137f50>,45,3,[6 2],70,1699,1702,1629,1699
1,<environment.Job instance at 0x1494a0137370>,46,1,[6 2],71,1818,1819,1747,1818
1,<environment.Job instance at 0x1494a0137d20>,47,17,[9 2],73,1819,1836,1746,1819
1,<environment.Job instance at 0x1494a0137230>,48,1,[7 1],74,1856,1857,1782,1856
1,<environment.Job instance at 0x1494a01375f0>,49,12,[2 8],75,1891,1903,1816,1891
1,<environment.Job instance at 0x1494a82915a0>,50,3,[ 1 10],76,1940,1943,1864,1940
1,<environment.Job instance at 0x1494a8291640>,51,3,[1 5],77,1959,1962,1882,1959
1,<environment.Job instance at 0x1494a8291fa0>,52,3,[2 7],78,2013,2016,1935,2013
1,<environment.Job instance at 0x1494a8291d70>,53,13,[2 5],79,2600,2613,2521,2600
1,<environment.Job instance at 0x1494a8291af0>,54,2,[2 8],80,2643,2645,2563,2643
1,<environment.Job instance at 0x1494a8291690>,55,2,[5 1],81,2692,2694,2611,2692
1,<environment.Job instance at 0x1494a8291dc0>,56,1,[6 2],86,2767,2768,2681,2767
1,<environment.Job instance at 0x1494a8291c80>,57,1,[1 9],87,2891,2892,2804,2891
1,<environment.Job instance at 0x1494a8291f00>,58,3,[7 1],88,2899,2902,2811,2899
1,<environment.Job instance at 0x1494a8291500>,59,3,[7 2],89,2922,2925,2833,2922
1,<environment.Job instance at 0x1494a14c4e10>,1,12,[2 6],3,4,16,1,4
1,<environment.Job instance at 0x149498166b90>,6,16,[1 6],11,16,32,5,11
1,<environment.Job instance at 0x149498166f00>,7,2,[10  2],13,32,34,19,13
1,<environment.Job instance at 0x149498166f50>,8,3,[1 7],14,34,37,20,14
1,<environment.Job instance at 0x149498166af0>,9,14,[9 2],16,16,30,0,16
1,<environment.Job instance at 0x149498185230>,10,1,[10  2],17,37,38,20,17
1,<environment.Job instance at 0x149498185410>,11,2,[7 2],18,30,32,12,18
1,<environment.Job instance at 0x149498185550>,12,16,[1 9],19,38,54,19,25
1,<environment.Job instance at 0x1494981857d0>,17,2,[1 8],25,54,56,29,27
1,<environment.Job instance at 0x149498185c30>,19,1,[ 1 10],29,56,57,27,29
1,<environment.Job instance at 0x149498185640>,16,13,[1 9],24,57,70,33,41
1,<environment.Job instance at 0x149498185eb0>,22,3,[6 2],32,70,73,38,44
1,<environment.Job instance at 0x149498185f50>,23,2,[6 2],33,54,56,21,44
1,<environment.Job instance at 0x149498185d20>,25,1,[6 1],36,59,60,23,59
1,<environment.Job instance at 0x14949819b190>,26,12,[ 1 10],37,73,85,36,59
1,<environment.Job instance at 0x149498185a00>,27,3,[2 7],39,70,73,31,59
1,<environment.Job instance at 0x14949819b2d0>,28,1,[1 6],40,85,86,45,59
1,<environment.Job instance at 0x14949819b320>,29,3,[8 2],41,85,88,44,59
1,<environment.Job instance at 0x14949819b3c0>,30,1,[1 7],42,86,87,44,59
1,<environment.Job instance at 0x14949819b280>,31,1,[6 2],43,88,89,45,60
1,<environment.Job instance at 0x14949819b500>,32,2,[2 7],44,87,89,43,60
1,<environment.Job instance at 0x14949819b910>,34,3,[7 1],46,63,66,17,63
1,<environment.Job instance at 0x14949819baf0>,37,2,[7 2],50,89,91,39,63
1,<environment.Job instance at 0x14949819bb90>,38,3,[5 2],52,91,94,39,65
1,<environment.Job instance at 0x14949819bc30>,39,13,[2 8],53,89,102,36,73
1,<environment.Job instance at 0x14949819bc80>,40,1,[8 1],54,94,95,40,73
1,<environment.Job instance at 0x14949819bbe0>,41,1,[1 5],56,102,103,46,74
1,<environment.Job instance at 0x14949819bd20>,42,1,[10  1],58,103,104,45,75
1,<environment.Job instance at 0x14949819be60>,43,1,[5 2],59,95,96,36,75
1,<environment.Job instance at 0x149498185e10>,21,17,[2 9],31,104,121,73,92
1,<environment.Job instance at 0x14947bb47af0>,50,3,[2 7],68,121,124,53,95
1,<environment.Job instance at 0x14947bb47dc0>,52,15,[6 1],70,104,119,34,95
1,<environment.Job instance at 0x14947bb47eb0>,53,2,[2 9],71,124,126,53,97
1,<environment.Job instance at 0x14947bb47f50>,54,2,[1 5],72,126,128,54,99
1,<environment.Job instance at 0x14949818b870>,56,14,[2 6],75,128,142,53,113
1,<environment.Job instance at 0x149498175410>,57,1,[9 1],76,126,127,50,113
1,<environment.Job instance at 0x14949818b780>,59,2,[10  2],78,142,144,64,121
1,<environment.Job instance at 0x14949818b820>,61,2,[5 2],81,121,123,40,121
1,<environment.Job instance at 0x14949818b640>,62,2,[5 1],82,123,125,41,122
1,<environment.Job instance at 0x14949818b370>,63,1,[1 7],83,144,145,61,122
1,<environment.Job instance at 0x14949818ba50>,58,17,[2 5],77,145,162,68,136
1,<environment.Job instance at 0x14947bb47f00>,55,16,[1 8],73,166,182,93,166
1,<environment.Job instance at 0x1494a0230140>,0,3,[2 6],1,1,4,0,1
1,<environment.Job instance at 0x1494a0230410>,1,2,[9 1],2,4,6,2,2
1,<environment.Job instance at 0x1494aa142410>,3,2,[7 2],5,6,8,1,5
1,<environment.Job instance at 0x1494aa1429b0>,4,2,[9 2],6,8,10,2,7
1,<environment.Job instance at 0x1494aa142aa0>,6,2,[ 1 10],8,10,12,2,8
1,<environment.Job instance at 0x1494aa142690>,9,1,[8 2],13,480,481,467,480
1,<environment.Job instance at 0x1494aa142c30>,13,16,[6 1],17,492,508,475,492
1,<environment.Job instance at 0x1494aa142050>,14,1,[8 2],18,1114,1115,1096,1114
1,<environment.Job instance at 0x1494aa1426e0>,16,1,[7 1],20,2158,2159,2138,2158
1,<environment.Job instance at 0x14949819bf00>,1,2,[1 9],2,296,298,294,296
1,<environment.Job instance at 0x1494a2edcbe0>,5,2,[10  2],7,322,324,315,322
1,<environment.Job instance at 0x1494a2edce10>,6,1,[6 1],10,382,383,372,382
1,<environment.Job instance at 0x1494a2edcd70>,7,1,[7 2],12,710,711,698,710
1,<environment.Job instance at 0x1494a2edcd20>,8,2,[2 7],13,1019,1021,1006,1019
1,<environment.Job instance at 0x1494a2edceb0>,9,3,[2 5],14,2751,2754,2737,2751
1,<environment.Job instance at 0x1494a2edcfa0>,11,12,[5 2],17,2887,2899,2870,2887
1,<environment.Job instance at 0x1494a2ec90f0>,12,1,[10  1],18,2965,2966,2947,2965
1,<environment.Job instance at 0x1494a2ed6730>,0,1,[1 9],1,2,3,1,2
1,<environment.Job instance at 0x1494a2ec9050>,2,1,[6 1],3,3,4,0,3
1,<environment.Job instance at 0x1494a2ed65f0>,3,3,[5 2],4,4,7,0,4
1,<environment.Job instance at 0x1494a3076280>,5,2,[8 2],6,7,9,1,6
1,<environment.Job instance at 0x1494a3076fa0>,6,1,[9 2],7,9,10,2,7
1,<environment.Job instance at 0x1494a2ec90f0>,7,2,[1 7],8,8,10,0,8
1,<environment.Job instance at 0x1494a0071d20>,8,26,[1 6],11,11,37,0,11
1,<environment.Job instance at 0x1494a2f5a5a0>,13,1,[5 2],18,18,19,0,18
1,<environment.Job instance at 0x1494a3b3c6e0>,14,1,[8 2],19,19,20,0,19
1,<environment.Job instance at 0x1494a2f67870>,15,2,[7 2],21,22,24,1,22
1,<environment.Job instance at 0x1494a1763140>,16,3,[6 1],23,24,27,1,23
1,<environment.Job instance at 0x1494a2ed6690>,1,16,[1 8],2,37,53,35,24
1,<environment.Job instance at 0x14947bf02460>,18,1,[9 1],25,27,28,2,26
1,<environment.Job instance at 0x1494983ba9b0>,17,2,[10  1],24,53,55,29,26
1,<environment.Job instance at 0x1494a2f67780>,20,3,[1 6],27,55,58,28,32
1,<environment.Job instance at 0x1494a3dee870>,24,3,[9 1],36,38,41,2,38
1,<environment.Job instance at 0x1494a3b3a780>,26,2,[1 8],39,58,60,19,41
1,<environment.Job instance at 0x1494a50b37d0>,27,1,[2 6],40,60,61,20,57
1,<environment.Job instance at 0x1494a50bea00>,19,3,[5 1],26,428,431,402,428
1,<environment.Job instance at 0x14949822ba00>,0,2,[6 2],1,1,3,0,1
1,<environment.Job instance at 0x14949822bf00>,2,2,[5 2],5,6,8,1,6
1,<environment.Job instance at 0x14949822bbe0>,4,3,[6 1],7,8,11,1,7
1,<environment.Job instance at 0x14949822b690>,5,2,[ 1 10],8,11,13,3,8
1,<environment.Job instance at 0x14949822b500>,6,1,[7 1],9,13,14,4,9
1,<environment.Job instance at 0x14949822b550>,7,1,[2 6],12,13,14,1,12
1,<environment.Job instance at 0x14949822b6e0>,8,2,[10  2],13,14,16,1,13
1,<environment.Job instance at 0x14949822b0f0>,9,1,[5 1],14,16,17,2,14
1,<environment.Job instance at 0x14947bf53f00>,10,2,[8 2],15,17,19,2,15
1,<environment.Job instance at 0x14947bf53f50>,11,1,[6 1],16,19,20,3,16
1,<environment.Job instance at 0x14947bf53e10>,12,3,[8 1],18,20,23,2,18
1,<environment.Job instance at 0x14949822baf0>,3,15,[1 9],6,22,37,16,22
1,<environment.Job instance at 0x1494a14cdf50>,14,2,[8 2],23,37,39,14,23
1,<environment.Job instance at 0x1494a02dee10>,15,17,[10  1],26,39,56,13,27
1,<environment.Job instance at 0x1494983dc780>,20,14,[2 6],33,162,176,129,162
1,<environment.Job instance at 0x1494983dce10>,23,1,[1 7],38,176,177,138,163
1,<environment.Job instance at 0x1494983dc7d0>,28,1,[9 1],44,176,177,132,163
1,<environment.Job instance at 0x1494983dc370>,29,1,[ 2 10],45,177,178,132,163
1,<environment.Job instance at 0x1494983dc730>,30,12,[2 8],48,178,190,130,164
1,<environment.Job instance at 0x1494983dc320>,31,3,[ 1 10],51,190,193,139,164
1,<environment.Job instance at 0x1494983dcc80>,32,1,[8 2],52,164,165,112,164
1,<environment.Job instance at 0x1494983dcbe0>,33,18,[9 1],53,193,211,140,182
1,<environment.Job instance at 0x1494983dc690>,36,1,[7 1],57,182,183,125,182
1,<environment.Job instance at 0x1494983dcfa0>,37,1,[2 6],59,211,212,152,183
1,<environment.Job instance at 0x1494983dc0a0>,39,3,[8 2],63,183,186,120,183
1,<environment.Job instance at 0x1494981791e0>,42,2,[7 1],66,186,188,120,183
1,<environment.Job instance at 0x1494981790f0>,41,3,[2 8],65,212,215,147,186
1,<environment.Job instance at 0x149498179640>,43,28,[1 6],67,215,243,148,215
1,<environment.Job instance at 0x1494983dca00>,27,27,[1 9],43,265,292,222,265
1,<environment.Job instance at 0x1494a00e9fa0>,0,3,[ 2 10],1,1,4,0,1
1,<environment.Job instance at 0x1494a9b11640>,2,1,[9 2],4,4,5,0,4
1,<environment.Job instance at 0x1494a14cc6e0>,7,1,[2 9],11,12,13,1,12
1,<environment.Job instance at 0x1494a00e9460>,4,1,[5 1],6,13,14,7,13
1,<environment.Job instance at 0x1494a14ccb90>,10,1,[7 2],15,15,16,0,15
1,<environment.Job instance at 0x1494a14cca00>,11,1,[10  1],16,17,18,1,17
1,<environment.Job instance at 0x1494a14ccfa0>,12,3,[2 5],18,18,21,0,18
1,<environment.Job instance at 0x1494a14ccc30>,13,2,[6 2],19,20,22,1,20
1,<environment.Job instance at 0x1494a00fafa0>,15,3,[2 9],21,22,25,1,21
1,<environment.Job instance at 0x1494a00fa780>,16,1,[1 6],22,25,26,3,22
1,<environment.Job instance at 0x1494a00fa8c0>,17,1,[10  1],23,26,27,3,23
1,<environment.Job instance at 0x1494a14cc730>,14,18,[2 9],20,27,45,7,24
1,<environment.Job instance at 0x1494a00fa690>,19,1,[7 1],25,25,26,0,25
1,<environment.Job instance at 0x149498365140>,27,17,[7 2],33,45,62,12,35
1,<environment.Job instance at 0x1494981da050>,30,13,[2 8],37,45,58,8,37
1,<environment.Job instance at 0x1494981da8c0>,31,3,[7 2],38,62,65,24,38
1,<environment.Job instance at 0x1494981dac80>,33,1,[1 8],42,58,59,16,48
1,<environment.Job instance at 0x1494981dae60>,32,17,[ 2 10],39,65,82,26,53
1,<environment.Job instance at 0x1494981daeb0>,35,1,[6 1],45,82,83,37,54
1,<environment.Job instance at 0x14947bd28af0>,53,1,[2 7],68,97,98,29,97
1,<environment.Job instance at 0x1494a6d40b40>,54,2,[2 6],69,98,100,29,97
1,<environment.Job instance at 0x1494a02673c0>,55,17,[5 2],70,97,114,27,97
1,<environment.Job instance at 0x14947bd3ddc0>,56,2,[5 1],72,100,102,28,98
1,<environment.Job instance at 0x14947bd3df00>,57,2,[8 2],73,114,116,41,98
1,<environment.Job instance at 0x14947bd3d730>,59,14,[1 9],76,116,130,40,101
1,<environment.Job instance at 0x14949831a280>,60,1,[2 8],77,102,103,25,101
1,<environment.Job instance at 0x1494a30c41e0>,61,18,[10  2],78,130,148,52,119
1,<environment.Job instance at 0x1494aa186780>,64,3,[1 6],81,148,151,67,123
1,<environment.Job instance at 0x1494a2f1b780>,65,2,[1 8],83,151,153,68,124
1,<environment.Job instance at 0x14947bf4f370>,66,17,[7 1],84,148,165,64,136
1,<environment.Job instance at 0x1494a8289730>,69,1,[10  1],89,165,166,76,137
1,<environment.Job instance at 0x14947bbcae60>,42,17,[1 8],55,166,183,111,161
1,<environment.Job instance at 0x14947bec94b0>,1,1,[1 6],2,2,3,0,2
1,<environment.Job instance at 0x14947bec9410>,2,14,[1 8],3,3,17,0,3
1,<environment.Job instance at 0x1494a0279aa0>,6,3,[2 6],7,17,20,10,7
1,<environment.Job instance at 0x1494a305aeb0>,5,1,[1 6],6,20,21,14,8
1,<environment.Job instance at 0x1494a0279cd0>,7,3,[1 9],8,21,24,13,8
1,<environment.Job instance at 0x1494a0279e10>,10,2,[7 1],16,16,18,0,16
1,<environment.Job instance at 0x1494a02606e0>,17,12,[ 1 10],23,31,43,8,31
1,<environment.Job instance at 0x1494a0260870>,21,15,[8 1],29,43,58,14,41
1,<environment.Job instance at 0x1494a0253500>,30,3,[2 6],45,52,55,7,52
1,<environment.Job instance at 0x1494a02535f0>,34,3,[1 9],51,55,58,4,52
1,<environment.Job instance at 0x1494a0253820>,35,17,[1 5],52,58,75,6,52
1,<environment.Job instance at 0x1494a0253f00>,36,3,[8 1],54,58,61,4,54
1,<environment.Job instance at 0x1494a0253cd0>,37,1,[1 8],55,75,76,20,55
1,<environment.Job instance at 0x1494a028c2d0>,38,1,[10  2],59,76,77,17,59
1,<environment.Job instance at 0x1494a028c370>,39,2,[2 6],60,77,79,17,60
1,<environment.Job instance at 0x1494a028c4b0>,40,1,[1 5],61,61,62,0,61
1,<environment.Job instance at 0x1494a028c6e0>,41,3,[7 2],63,63,66,0,63
1,<environment.Job instance at 0x1494a028c7d0>,42,1,[2 8],64,79,80,15,64
1,<environment.Job instance at 0x1494a028cd20>,48,15,[ 2 10],74,80,95,6,79
1,<environment.Job instance at 0x1494a028cc30>,50,3,[6 2],76,95,98,19,80
1,<environment.Job instance at 0x1494a028ceb0>,52,1,[2 6],78,95,96,17,80
1,<environment.Job instance at 0x1494a02662d0>,53,1,[1 5],80,96,97,16,80
1,<environment.Job instance at 0x1494a0266640>,54,2,[2 8],81,97,99,16,81
1,<environment.Job instance at 0x1494a0266780>,55,24,[2 9],82,99,123,17,94
1,<environment.Job instance at 0x1494a02665f0>,56,3,[2 5],85,123,126,38,102
1,<environment.Job instance at 0x1494a0266550>,57,18,[5 2],87,123,141,36,112
1,<environment.Job instance at 0x1494a025dc80>,1,3,[2 7],2,2,5,0,2
1,<environment.Job instance at 0x1494a025daa0>,0,2,[6 2],1,3,5,2,3
1,<environment.Job instance at 0x1494a81cad20>,2,1,[10  1],6,7,8,1,7
1,<environment.Job instance at 0x1494a025db40>,3,3,[10  1],7,8,11,1,7
1,<environment.Job instance at 0x1494a3a3c1e0>,4,2,[6 1],8,11,13,3,8
1,<environment.Job instance at 0x1494a3a3c780>,5,3,[1 5],9,11,14,2,9
1,<environment.Job instance at 0x1494a3a3ce60>,6,2,[10  2],10,14,16,4,10
1,<environment.Job instance at 0x1494a3a3c910>,8,1,[1 8],12,18,19,6,18
1,<environment.Job instance at 0x1494983ceaf0>,14,3,[2 6],19,19,22,0,19
1,<environment.Job instance at 0x1494983ce230>,15,2,[8 1],20,20,22,0,20
1,<environment.Job instance at 0x1494983cec30>,16,1,[6 2],21,22,23,1,21
1,<environment.Job instance at 0x1494983cee60>,17,1,[9 1],22,23,24,1,22
1,<environment.Job instance at 0x1494983ce960>,18,1,[2 5],24,24,25,0,24
1,<environment.Job instance at 0x1494983ce320>,19,3,[10  2],27,27,30,0,27
1,<environment.Job instance at 0x1494a3daaaf0>,20,1,[2 7],28,30,31,2,28
1,<environment.Job instance at 0x1494a3daa820>,23,3,[9 1],32,32,35,0,32
1,<environment.Job instance at 0x1494a3a0a5a0>,27,3,[2 8],37,47,50,10,47
1,<environment.Job instance at 0x1494a3a0a050>,31,2,[2 6],41,57,59,16,57
1,<environment.Job instance at 0x1494a3a0abe0>,32,3,[1 9],42,59,62,17,57
1,<environment.Job instance at 0x1494a3a0a460>,33,2,[1 7],44,62,64,18,57
1,<environment.Job instance at 0x1494a3a0a8c0>,34,3,[2 9],45,64,67,19,57
1,<environment.Job instance at 0x1494a3095280>,38,2,[7 1],50,83,85,33,83
1,<environment.Job instance at 0x1494a306bfa0>,46,3,[1 7],65,113,116,48,113
1,<environment.Job instance at 0x1494a306b960>,49,2,[6 1],73,113,115,40,113
1,<environment.Job instance at 0x1494a306b0f0>,57,3,[5 1],83,134,137,51,134
1,<environment.Job instance at 0x1494a306be60>,61,3,[8 1],87,166,169,79,166
1,<environment.Job instance at 0x1494a306b460>,62,2,[6 2],88,169,171,81,166
1,<environment.Job instance at 0x14947bd26b40>,63,3,[9 2],89,171,174,82,166
1,<environment.Job instance at 0x1494983cef00>,10,3,[2 7],14,248,251,234,248
1,<environment.Job instance at 0x1494a0253fa0>,0,2,[1 6],6,7,9,1,7
1,<environment.Job instance at 0x14947bf76aa0>,2,2,[2 8],10,10,12,0,10
1,<environment.Job instance at 0x14949802a230>,4,2,[2 6],14,14,16,0,14
1,<environment.Job instance at 0x14949802a730>,5,3,[6 2],16,16,19,0,16
1,<environment.Job instance at 0x1494a3e13aa0>,6,12,[2 9],17,19,31,2,18
1,<environment.Job instance at 0x1494a3e13f00>,8,3,[9 1],19,31,34,12,19
1,<environment.Job instance at 0x1494a3e132d0>,11,3,[9 2],24,34,37,10,24
1,<environment.Job instance at 0x1494a3e2aa00>,14,3,[1 7],27,31,34,4,27
1,<environment.Job instance at 0x1494a3e2abe0>,17,1,[1 9],30,37,38,7,30
1,<environment.Job instance at 0x1494a3e2aeb0>,18,2,[2 6],31,38,40,7,32
1,<environment.Job instance at 0x1494a3e2ac30>,19,3,[ 2 10],32,40,43,8,32
1,<environment.Job instance at 0x14947bd7ad70>,21,1,[8 1],36,37,38,1,36
1,<environment.Job instance at 0x1494a1787410>,22,3,[1 6],37,43,46,6,37
1,<environment.Job instance at 0x1494a1787550>,23,2,[1 6],38,46,48,8,38
1,<environment.Job instance at 0x14947b867460>,24,1,[2 5],39,48,49,9,39
1,<environment.Job instance at 0x14947b851f00>,32,2,[1 6],55,67,69,12,67
1,<environment.Job instance at 0x14947b851820>,33,2,[1 8],56,69,71,13,67
1,<environment.Job instance at 0x14947b851780>,34,1,[6 1],57,67,68,10,67
1,<environment.Job instance at 0x14947b851370>,36,1,[6 1],60,68,69,8,67
1,<environment.Job instance at 0x14947b851e60>,37,1,[2 9],61,71,72,10,71
1,<environment.Job instance at 0x14947b8514b0>,38,1,[1 5],62,72,73,10,72
1,<environment.Job instance at 0x14947b8580a0>,39,16,[ 2 10],63,89,105,26,89
1,<environment.Job instance at 0x14947b858190>,40,3,[5 1],64,105,108,41,89
1,<environment.Job instance at 0x14947b858370>,41,3,[1 7],65,105,108,40,90
1,<environment.Job instance at 0x14947b858050>,42,3,[10  2],67,108,111,41,90
1,<environment.Job instance at 0x1494a3e28500>,43,17,[9 2],69,111,128,42,99
1,<environment.Job instance at 0x1494a17a4fa0>,48,1,[1 8],78,111,112,33,99
1,<environment.Job instance at 0x1494a17a4c30>,49,12,[7 2],79,128,140,49,111
1,<environment.Job instance at 0x1494a17a4640>,51,2,[7 2],81,140,142,59,113
1,<environment.Job instance at 0x1494a3e33be0>,52,1,[ 2 10],82,142,143,60,114
1,<environment.Job instance at 0x14947b842eb0>,53,16,[1 7],83,114,130,31,114
1,<environment.Job instance at 0x14947b842730>,55,3,[10  1],87,143,146,56,117
1,<environment.Job instance at 0x14947b8429b0>,56,1,[9 2],88,146,147,58,118
1,<environment.Job instance at 0x14947b851d70>,1,2,[10  2],2,2,4,0,2
1,<environment.Job instance at 0x1494a006f050>,4,2,[1 9],6,6,8,0,6
1,<environment.Job instance at 0x1494a006f0f0>,5,2,[1 7],9,10,12,1,10
1,<environment.Job instance at 0x14947bab45f0>,6,3,[1 8],10,12,15,2,11
1,<environment.Job instance at 0x14947ba01460>,8,2,[2 8],12,15,17,3,12
1,<environment.Job instance at 0x14947ba01370>,9,3,[1 7],13,17,20,4,13
1,<environment.Job instance at 0x14947ba01910>,10,2,[6 1],14,14,16,0,14
1,<environment.Job instance at 0x14947ba01870>,11,3,[7 2],15,16,19,1,15
1,<environment.Job instance at 0x14947ba01a00>,12,2,[8 1],16,19,21,3,16
1,<environment.Job instance at 0x14947ba01820>,13,15,[8 2],17,21,36,4,17
1,<environment.Job instance at 0x14947be86a00>,19,3,[2 5],24,24,27,0,24
1,<environment.Job instance at 0x14947be864b0>,20,3,[2 8],26,27,30,1,26
1,<environment.Job instance at 0x14947be86820>,22,3,[1 8],28,231,234,203,231
1,<environment.Job instance at 0x14947be86780>,26,12,[6 1],33,238,250,205,238
1,<environment.Job instance at 0x14947be865f0>,27,13,[8 1],34,581,594,547,581
1,<environment.Job instance at 0x14947be866e0>,28,3,[2 8],35,683,686,648,683
1,<environment.Job instance at 0x14947be86870>,29,2,[1 7],36,1313,1315,1277,1313
1,<environment.Job instance at 0x14947be86320>,30,2,[1 6],37,2745,2747,2708,2745
1,<environment.Job instance at 0x14947b892d20>,31,14,[ 2 10],38,2793,2807,2755,2793
1,<environment.Job instance at 0x14947b892eb0>,32,1,[2 7],40,2898,2899,2858,2898
1,<environment.Job instance at 0x1494a1770a50>,0,2,[2 8],1,1,3,0,1
1,<environment.Job instance at 0x1494a50be730>,2,15,[1 5],3,1789,1804,1786,1789
1,<environment.Job instance at 0x1494a1770c80>,6,2,[9 1],9,1852,1854,1843,1852
1,<environment.Job instance at 0x1494a17704b0>,7,18,[2 5],10,2047,2065,2037,2047
1,<environment.Job instance at 0x1494a1770230>,8,3,[10  2],11,2067,2070,2056,2067
1,<environment.Job instance at 0x1494a1770550>,9,1,[6 1],14,2345,2346,2331,2345
1,<environment.Job instance at 0x1494a17702d0>,10,3,[10  1],15,2369,2372,2354,2369
1,<environment.Job instance at 0x1494a17708c0>,11,3,[6 2],16,2380,2383,2364,2380
1,<environment.Job instance at 0x14947b9b83c0>,1,2,[2 8],3,3,5,0,3
1,<environment.Job instance at 0x14947b8b1730>,2,2,[8 1],4,4,6,0,4
1,<environment.Job instance at 0x1494a17708c0>,3,3,[2 8],7,7,10,0,7
1,<environment.Job instance at 0x14947b8b1cd0>,4,3,[9 1],8,10,13,2,8
1,<environment.Job instance at 0x14947b8b1aa0>,5,3,[2 9],10,13,16,3,10
1,<environment.Job instance at 0x14947b8b12d0>,6,2,[10  2],11,16,18,5,11
1,<environment.Job instance at 0x14947b8b1370>,7,2,[ 1 10],12,18,20,6,12
1,<environment.Job instance at 0x14947b8b1b40>,8,3,[ 1 10],14,20,23,6,14
1,<environment.Job instance at 0x14947b8b1d70>,11,2,[5 2],17,24,26,7,24
1,<environment.Job instance at 0x1494a14deb90>,17,2,[5 1],27,28,30,1,28
1,<environment.Job instance at 0x1494a14de280>,18,3,[6 1],28,30,33,2,28
1,<environment.Job instance at 0x1494a14dea00>,19,1,[10  1],29,33,34,4,29
1,<environment.Job instance at 0x1494a14dee10>,21,3,[ 2 10],31,41,44,10,41
1,<environment.Job instance at 0x1494a14de8c0>,23,1,[9 2],34,56,57,22,56
1,<environment.Job instance at 0x1494a14deeb0>,24,3,[2 9],35,57,60,22,56
1,<environment.Job instance at 0x1494a14de910>,25,3,[2 5],36,60,63,24,56
1,<environment.Job instance at 0x1494a14de730>,26,3,[1 7],37,63,66,26,56
1,<environment.Job instance at 0x1494a14de410>,27,2,[2 6],38,66,68,28,56
1,<environment.Job instance at 0x1494a14de960>,28,2,[5 2],39,60,62,21,56
1,<environment.Job instance at 0x1494a14de0a0>,30,2,[1 5],41,71,73,30,71
1,<environment.Job instance at 0x1494aade78c0>,32,1,[10  1],43,81,82,38,81
1,<environment.Job instance at 0x1494aade7780>,33,3,[1 7],45,82,85,37,82
1,<environment.Job instance at 0x1494a0032230>,34,1,[10  2],47,119,120,72,119
1,<environment.Job instance at 0x1494a00325a0>,45,3,[2 6],62,163,166,101,163
1,<environment.Job instance at 0x1494a0032500>,47,3,[2 8],66,179,182,113,179
1,<environment.Job instance at 0x14947bc52280>,48,2,[9 1],68,182,184,114,180
1,<environment.Job instance at 0x14947bc52190>,50,1,[1 9],70,182,183,112,180
1,<environment.Job instance at 0x14947bc52fa0>,51,1,[1 5],71,183,184,112,180
1,<environment.Job instance at 0x14947bc52af0>,54,3,[2 9],74,256,259,182,256
1,<environment.Job instance at 0x1494a50dfc80>,60,2,[2 5],81,297,299,216,297
1,<environment.Job instance at 0x1494a50df3c0>,64,2,[1 7],87,306,308,219,306
1,<environment.Job instance at 0x1508ba0a8960>,1,3,[1 9],2,2,5,0,2
1,<environment.Job instance at 0x1508ba0a8f00>,2,1,[2 5],3,5,6,2,3
1,<environment.Job instance at 0x1508b0443a50>,3,1,[6 2],4,5,6,1,4
1,<environment.Job instance at 0x1508b0443d70>,5,3,[9 2],6,6,9,0,6
1,<environment.Job instance at 0x1508ba0a8c30>,9,2,[6 1],11,11,13,0,11
1,<environment.Job instance at 0x1508b04460a0>,10,13,[2 8],12,12,25,0,12
1,<environment.Job instance at 0x1508b0446370>,11,3,[1 8],13,25,28,12,13
1,<environment.Job instance at 0x1508b04464b0>,12,3,[1 8],14,28,31,14,14
1,<environment.Job instance at 0x1508b04465f0>,13,2,[8 1],17,17,19,0,17
1,<environment.Job instance at 0x1508b043a2d0>,14,2,[ 1 10],18,31,33,13,18
1,<environment.Job instance at 0x1508b2c465a0>,15,1,[ 1 10],20,33,34,13,20
1,<environment.Job instance at 0x1508b0439820>,16,1,[2 5],21,34,35,13,21
1,<environment.Job instance at 0x1508b0439be0>,17,17,[6 1],23,34,51,11,23
1,<environment.Job instance at 0x1508b0f9dc80>,35,2,[1 8],45,46,48,1,46
1,<environment.Job instance at 0x1508b0941c30>,36,3,[10  2],48,51,54,3,48
1,<environment.Job instance at 0x1508b7e11a50>,37,2,[ 1 10],50,54,56,4,50
1,<environment.Job instance at 0x1508b0683690>,38,1,[8 1],51,56,57,5,51
1,<environment.Job instance at 0x1508b0682230>,39,3,[1 5],52,56,59,4,52
1,<environment.Job instance at 0x1508b08d0190>,40,3,[1 6],53,59,62,6,53
1,<environment.Job instance at 0x1508b06972d0>,45,3,[2 8],60,62,65,2,60
1,<environment.Job instance at 0x1508b0697a50>,46,2,[2 8],61,65,67,4,62
1,<environment.Job instance at 0x1508b06975f0>,47,1,[1 6],63,67,68,4,63
1,<environment.Job instance at 0x1508b0697e10>,48,1,[2 9],65,68,69,3,65
1,<environment.Job instance at 0x1508b06979b0>,49,16,[8 2],66,69,85,3,67
1,<environment.Job instance at 0x1508b0697870>,50,12,[9 1],68,85,97,17,68
1,<environment.Job instance at 0x1508b0697eb0>,51,2,[8 2],69,111,113,42,111
1,<environment.Job instance at 0x1508b0694aa0>,52,2,[1 7],72,423,425,351,423
1,<environment.Job instance at 0x1508b0694550>,53,3,[6 1],73,566,569,493,566
1,<environment.Job instance at 0x1508b0694460>,54,2,[2 5],75,918,920,843,918
1,<environment.Job instance at 0x1508b0694c80>,55,16,[2 5],76,2106,2122,2030,2106
1,<environment.Job instance at 0x1508b0694370>,56,1,[10  2],79,2149,2150,2070,2149
1,<environment.Job instance at 0x1508b067f190>,1,2,[6 2],3,3,5,0,3
1,<environment.Job instance at 0x1508b0682410>,2,3,[6 2],6,6,9,0,6
1,<environment.Job instance at 0x1508b216f5f0>,5,2,[ 1 10],9,9,11,0,9
1,<environment.Job instance at 0x1508b216fb90>,4,2,[2 5],8,11,13,3,9
1,<environment.Job instance at 0x1508b216ffa0>,6,3,[2 9],10,13,16,3,11
1,<environment.Job instance at 0x1508b216f4b0>,7,3,[7 2],11,16,19,5,11
1,<environment.Job instance at 0x1508b216f1e0>,9,3,[ 2 10],14,19,22,5,14
1,<environment.Job instance at 0x1508b216f410>,10,12,[2 8],15,22,34,7,15
1,<environment.Job instance at 0x1508b08f58c0>,12,2,[ 1 10],18,34,36,16,18
1,<environment.Job instance at 0x1508b08f5730>,13,1,[7 2],20,22,23,2,20
1,<environment.Job instance at 0x1508b08f5a00>,16,1,[1 5],23,36,37,13,29
1,<environment.Job instance at 0x1508b08f5500>,22,1,[5 1],31,33,34,2,33
1,<environment.Job instance at 0x1508b228a320>,24,12,[9 2],34,36,48,2,36
1,<environment.Job instance at 0x1508b228af50>,27,16,[8 1],37,48,64,11,37
1,<environment.Job instance at 0x1508b228af00>,29,13,[2 9],40,48,61,8,44
1,<environment.Job instance at 0x1508b228a640>,30,1,[2 8],41,61,62,20,44
1,<environment.Job instance at 0x1508b228a3c0>,33,1,[8 2],44,64,65,20,44
1,<environment.Job instance at 0x1508b228aa00>,28,17,[1 9],39,65,82,26,53
1,<environment.Job instance at 0x1508b228a6e0>,34,15,[5 1],45,65,80,20,57
1,<environment.Job instance at 0x1508b2287a50>,36,2,[ 1 10],50,82,84,32,57
1,<environment.Job instance at 0x1508b2287460>,35,18,[1 8],46,540,558,494,540
1,<environment.Job instance at 0x1508b22874b0>,38,3,[ 2 10],52,573,576,521,573
1,<environment.Job instance at 0x1508b2287d20>,51,2,[1 8],69,585,587,516,585
1,<environment.Job instance at 0x1508b7d5b910>,56,2,[7 2],75,590,592,515,590
1,<environment.Job instance at 0x1508b7d5bb90>,57,12,[6 1],76,592,604,516,591
1,<environment.Job instance at 0x1508b7d5b410>,58,28,[2 8],79,656,684,577,656
1,<environment.Job instance at 0x1508b7d5b280>,59,3,[5 1],83,658,661,575,658
1,<environment.Job instance at 0x1508b7d5b550>,60,15,[1 7],85,688,703,603,688
1,<environment.Job instance at 0x1508b7d5b1e0>,61,3,[ 2 10],86,703,706,617,688
1,<environment.Job instance at 0x1508b7d5b050>,63,2,[ 2 10],91,706,708,615,693
1,<environment.Job instance at 0x1508b7d5b4b0>,64,3,[5 2],92,695,698,603,695
1,<environment.Job instance at 0x1508b7d5b690>,65,15,[2 7],93,757,772,664,757
1,<environment.Job instance at 0x1508b7d5b3c0>,66,2,[ 2 10],94,772,774,678,757
1,<environment.Job instance at 0x1508b7d5bf50>,67,2,[2 9],95,774,776,679,758
1,<environment.Job instance at 0x1508b7d5bd20>,68,17,[ 2 10],96,1762,1779,1666,1762
1,<environment.Job instance at 0x1508b7d5bc30>,69,19,[ 1 10],98,1779,1798,1681,1770
1,<environment.Job instance at 0x1508b7d5baa0>,70,2,[9 1],99,1798,1800,1699,1771
1,<environment.Job instance at 0x1508b2287eb0>,55,3,[1 9],74,2211,2214,2137,2211
1,<environment.Job instance at 0x1508b2c9c690>,0,2,[ 1 10],1,1,3,0,1
1,<environment.Job instance at 0x1508b210c1e0>,2,1,[1 7],3,3,4,0,3
1,<environment.Job instance at 0x1508b20d2640>,3,1,[2 9],4,4,5,0,4
1,<environment.Job instance at 0x1508b20d22d0>,5,3,[ 2 10],7,7,10,0,7
1,<environment.Job instance at 0x1508b20d2550>,6,14,[10  1],9,10,24,1,9
1,<environment.Job instance at 0x1508b20af140>,7,12,[7 1],10,24,36,14,10
1,<environment.Job instance at 0x1508b2091280>,13,3,[ 2 10],17,36,39,19,17
1,<environment.Job instance at 0x1508b2091960>,16,17,[1 6],21,39,56,18,27
1,<environment.Job instance at 0x1508b2091c30>,22,12,[1 5],32,56,68,24,39
1,<environment.Job instance at 0x1508b2095190>,25,2,[8 1],36,39,41,3,39
1,<environment.Job instance at 0x1508b2095140>,27,2,[1 5],39,56,58,17,39
1,<environment.Job instance at 0x1508b2095f00>,28,3,[1 5],40,58,61,18,40
1,<environment.Job instance at 0x1508b2095320>,29,2,[10  2],41,68,70,27,41
1,<environment.Job instance at 0x1508b2095230>,30,3,[2 8],45,70,73,25,45
1,<environment.Job instance at 0x1508b212a820>,32,2,[1 6],47,73,75,26,47
1,<environment.Job instance at 0x1508b212aaa0>,38,14,[2 8],59,75,89,16,61
1,<environment.Job instance at 0x1508b20915a0>,15,16,[1 6],19,89,105,70,76
1,<environment.Job instance at 0x1508b20e02d0>,45,16,[1 7],69,108,124,39,108
1,<environment.Job instance at 0x1508b20e0690>,47,2,[6 2],72,116,118,44,116
1,<environment.Job instance at 0x1508b20e0dc0>,50,3,[ 2 10],75,124,127,49,119
1,<environment.Job instance at 0x1508b2091f00>,2,3,[1 8],5,5,8,0,5
1,<environment.Job instance at 0x1508b2f6f690>,1,1,[2 5],4,8,9,4,7
1,<environment.Job instance at 0x150873401be0>,4,2,[7 2],9,9,11,0,9
1,<environment.Job instance at 0x1508734018c0>,5,3,[ 2 10],11,11,14,0,11
1,<environment.Job instance at 0x150873401fa0>,6,14,[8 2],12,14,28,2,12
1,<environment.Job instance at 0x15087336b0a0>,10,2,[ 1 10],17,28,30,11,17
1,<environment.Job instance at 0x15087336bfa0>,11,3,[7 2],18,30,33,12,18
1,<environment.Job instance at 0x15087336b5a0>,12,21,[7 2],20,33,54,13,25
1,<environment.Job instance at 0x15087336b8c0>,17,3,[1 7],29,30,33,1,29
1,<environment.Job instance at 0x15087376ee10>,27,1,[ 2 10],45,54,55,9,45
1,<environment.Job instance at 0x15087376e780>,29,1,[1 8],48,48,49,0,48
1,<environment.Job instance at 0x15087376e5a0>,30,13,[1 7],50,55,68,5,50
1,<environment.Job instance at 0x15087376e320>,31,12,[2 9],53,68,80,15,53
1,<environment.Job instance at 0x1508b975eb40>,32,3,[5 2],54,55,58,1,54
1,<environment.Job instance at 0x1508732d42d0>,33,2,[ 2 10],55,80,82,25,55
1,<environment.Job instance at 0x1508732d4a00>,35,17,[10  1],58,82,99,24,70
1,<environment.Job instance at 0x1508730c4af0>,1,2,[5 1],3,3,5,0,3
1,<environment.Job instance at 0x15087372bf50>,2,1,[2 7],4,4,5,0,4
1,<environment.Job instance at 0x15087372b910>,3,2,[10  2],5,5,7,0,5
1,<environment.Job instance at 0x15087372be10>,4,2,[6 1],6,7,9,1,6
1,<environment.Job instance at 0x1508730adb40>,5,3,[9 2],8,9,12,1,8
1,<environment.Job instance at 0x1508736c2230>,6,3,[6 2],11,12,15,1,11
1,<environment.Job instance at 0x1508736c24b0>,7,2,[5 2],12,15,17,3,12
1,<environment.Job instance at 0x1508b22a8aa0>,8,3,[1 7],13,13,16,0,13
1,<environment.Job instance at 0x1508736c2b40>,9,2,[9 2],15,17,19,2,15
1,<environment.Job instance at 0x1508b22a8690>,11,3,[1 7],18,19,22,1,19
1,<environment.Job instance at 0x1508730493c0>,14,3,[6 1],23,23,26,0,23
1,<environment.Job instance at 0x1508b22a8e60>,12,14,[1 6],19,27,41,8,27
1,<environment.Job instance at 0x150873127be0>,19,12,[5 2],28,28,40,0,28
1,<environment.Job instance at 0x150873541af0>,21,3,[8 1],33,40,43,7,33
1,<environment.Job instance at 0x1508b7d5a0a0>,24,15,[2 8],38,41,56,3,39
1,<environment.Job instance at 0x1508735d75f0>,26,13,[ 2 10],42,56,69,14,42
1,<environment.Job instance at 0x1508733baa50>,27,1,[2 6],43,69,70,26,43
1,<environment.Job instance at 0x1508737378c0>,29,2,[8 1],46,46,48,0,46
1,<environment.Job instance at 0x150873737690>,30,3,[2 9],47,70,73,23,47
1,<environment.Job instance at 0x150873737550>,31,1,[5 1],49,49,50,0,49
1,<environment.Job instance at 0x150873737fa0>,32,3,[1 5],50,73,76,23,50
1,<environment.Job instance at 0x15087371d690>,33,2,[1 9],51,76,78,25,51
1,<environment.Job instance at 0x15087371dc80>,34,3,[2 8],52,78,81,26,52
1,<environment.Job instance at 0x1508733bbe60>,37,3,[1 6],57,81,84,24,57
1,<environment.Job instance at 0x1508733bbe10>,38,2,[8 2],58,73,75,15,59
1,<environment.Job instance at 0x1508733bb2d0>,39,14,[9 1],60,81,95,21,66
1,<environment.Job instance at 0x1508b2263d20>,43,3,[1 9],64,84,87,20,70
1,<environment.Job instance at 0x1508733bbf50>,42,15,[1 5],63,87,102,24,73
1,<environment.Job instance at 0x1508b21ac870>,45,2,[1 5],68,95,97,27,73
1,<environment.Job instance at 0x1508b2262190>,46,15,[10  1],69,118,133,49,118
1,<environment.Job instance at 0x1508b229de60>,50,2,[6 1],74,167,169,93,167
1,<environment.Job instance at 0x1508b229db40>,51,3,[10  1],76,172,175,96,172
1,<environment.Job instance at 0x1508b229da00>,52,3,[10  2],77,192,195,115,192
1,<environment.Job instance at 0x1508b7d854b0>,0,1,[6 2],1,2,3,1,2
1,<environment.Job instance at 0x1508b7d85320>,3,2,[10  1],4,4,6,0,4
1,<environment.Job instance at 0x1508b229d870>,4,2,[2 7],6,6,8,0,6
1,<environment.Job instance at 0x150872e21a00>,5,1,[5 2],7,7,8,0,7
1,<environment.Job instance at 0x150872e21af0>,6,1,[2 5],8,8,9,0,8
1,<environment.Job instance at 0x150872e21d20>,7,2,[ 1 10],10,10,12,0,10
1,<environment.Job instance at 0x150872e21dc0>,8,3,[2 5],11,12,15,1,11
1,<environment.Job instance at 0x150872e21be0>,10,2,[5 2],13,13,15,0,13
1,<environment.Job instance at 0x150872e232d0>,11,1,[7 1],16,16,17,0,16
1,<environment.Job instance at 0x150872e23320>,12,2,[7 1],17,17,19,0,17
1,<environment.Job instance at 0x150872e23550>,13,1,[7 2],18,19,20,1,18
1,<environment.Job instance at 0x150872e23690>,14,3,[10  2],19,20,23,1,19
1,<environment.Job instance at 0x150872e23870>,15,2,[5 2],20,23,25,3,20
1,<environment.Job instance at 0x150872e23aa0>,17,3,[1 7],23,23,26,0,23
1,<environment.Job instance at 0x150872e23be0>,26,1,[1 9],35,71,72,36,71
1,<environment.Job instance at 0x150872e245f0>,32,3,[1 7],43,77,80,34,77
1,<environment.Job instance at 0x150872e28f00>,63,3,[2 9],80,304,307,224,304
1,<environment.Job instance at 0x150872e29050>,66,3,[10  1],87,307,310,220,304
1,<environment.Job instance at 0x150872e28190>,2,3,[8 1],3,3,6,0,3
1,<environment.Job instance at 0x150872e2e230>,3,3,[2 6],6,6,9,0,6
1,<environment.Job instance at 0x150872f96f50>,4,18,[1 5],7,9,27,2,7
1,<environment.Job instance at 0x150872ea6050>,6,1,[1 9],12,27,28,15,12
1,<environment.Job instance at 0x150872ea6190>,7,3,[2 9],14,28,31,14,14
1,<environment.Job instance at 0x150872f1fe10>,11,2,[ 1 10],20,31,33,11,20
1,<environment.Job instance at 0x150872f1f460>,13,3,[10  2],23,33,36,10,23
1,<environment.Job instance at 0x150872f1f9b0>,14,2,[1 6],27,36,38,9,27
1,<environment.Job instance at 0x150872f1f410>,15,3,[1 9],28,38,41,10,28
1,<environment.Job instance at 0x150872f1f370>,17,1,[6 2],32,36,37,4,32
1,<environment.Job instance at 0x150872f1f280>,16,16,[2 7],31,41,57,10,32
1,<environment.Job instance at 0x150872f2f820>,18,3,[10  2],34,57,60,23,34
1,<environment.Job instance at 0x150872f2f870>,20,1,[2 8],39,60,61,21,42
1,<environment.Job instance at 0x150872f2fdc0>,23,3,[9 1],42,61,64,19,43
1,<environment.Job instance at 0x150872f20e60>,25,2,[5 2],44,44,46,0,44
1,<environment.Job instance at 0x150872f2f320>,24,14,[2 8],43,64,78,21,49
1,<environment.Job instance at 0x150872f20230>,29,2,[6 1],49,54,56,5,54
1,<environment.Job instance at 0x150872f20c80>,30,2,[ 1 10],50,78,80,28,55
1,<environment.Job instance at 0x150872f4a500>,38,13,[10  1],65,80,93,15,65
1,<environment.Job instance at 0x150872f4a550>,39,2,[1 8],67,93,95,26,67
1,<environment.Job instance at 0x150872f4a640>,40,1,[10  2],68,95,96,27,68
1,<environment.Job instance at 0x150872f4a0a0>,41,3,[2 8],69,96,99,27,70
1,<environment.Job instance at 0x150872f4a0f0>,43,2,[8 2],75,75,77,0,75
1,<environment.Job instance at 0x150872f4a190>,45,3,[6 2],77,96,99,19,77
1,<environment.Job instance at 0x150872f4ab90>,46,1,[8 1],79,93,94,14,79
1,<environment.Job instance at 0x150872f4a870>,47,3,[1 9],81,99,102,18,81
1,<environment.Job instance at 0x150872f4ad70>,48,1,[2 9],84,102,103,18,86
1,<environment.Job instance at 0x150872f6f0a0>,52,3,[9 2],88,103,106,15,88
1,<environment.Job instance at 0x1508b931dc80>,53,2,[7 1],91,99,101,8,91
1,<environment.Job instance at 0x1508731c19b0>,54,16,[ 1 10],92,166,182,74,166
1,<environment.Job instance at 0x1508b22de5f0>,56,1,[8 1],95,182,183,87,177
1,<environment.Job instance at 0x1508b7d1e370>,57,28,[5 1],96,218,246,122,218
1,<environment.Job instance at 0x1508736d2be0>,58,13,[8 2],97,246,259,149,243
1,<environment.Job instance at 0x150872f77320>,59,18,[5 1],98,318,336,220,318
1,<environment.Job instance at 0x1508736d27d0>,60,15,[6 1],99,472,487,373,472
1,<environment.Job instance at 0x1508b939fa00>,4,3,[ 1 10],6,6,9,0,6
1,<environment.Job instance at 0x1508b2f84410>,3,12,[2 8],5,9,21,4,6
1,<environment.Job instance at 0x1508b2f844b0>,8,2,[2 8],10,21,23,11,10
1,<environment.Job instance at 0x1508b1bdf320>,9,2,[5 1],11,11,13,0,11
1,<environment.Job instance at 0x1508b1bdffa0>,10,1,[6 2],16,18,19,2,18
1,<environment.Job instance at 0x1508b1bdf550>,12,3,[7 1],18,19,22,1,18
1,<environment.Job instance at 0x1508b1bdf1e0>,13,3,[7 2],19,22,25,3,19
1,<environment.Job instance at 0x1508b1bdf370>,14,14,[1 5],21,23,37,2,23
1,<environment.Job instance at 0x1508731bd8c0>,16,1,[9 1],25,25,26,0,25
1,<environment.Job instance at 0x1508b1bdf410>,15,12,[2 6],23,37,49,14,26
1,<environment.Job instance at 0x1508731bd500>,19,16,[8 1],30,30,46,0,30
1,<environment.Job instance at 0x1508731bde60>,21,2,[10  2],33,49,51,16,33
1,<environment.Job instance at 0x1508731bd5f0>,22,3,[1 7],34,51,54,17,34
1,<environment.Job instance at 0x1508731bddc0>,23,14,[9 2],36,51,65,15,36
1,<environment.Job instance at 0x1508731bd6e0>,24,1,[10  2],37,65,66,28,37
1,<environment.Job instance at 0x1508731bd5a0>,25,2,[7 2],38,46,48,8,38
1,<environment.Job instance at 0x1508b2c150f0>,30,13,[1 9],44,66,79,22,50
1,<environment.Job instance at 0x1508b2c15960>,31,2,[1 8],45,54,56,9,50
1,<environment.Job instance at 0x1508b2c15be0>,33,1,[ 1 10],49,79,80,30,51
1,<environment.Job instance at 0x1508731bd690>,26,16,[1 9],39,80,96,41,67
1,<environment.Job instance at 0x1508b2c15eb0>,36,3,[6 2],52,96,99,44,70
1,<environment.Job instance at 0x1508b2c15870>,37,2,[6 2],53,99,101,46,72
1,<environment.Job instance at 0x1508b2c15780>,38,17,[5 2],54,101,118,47,89
1,<environment.Job instance at 0x1508b2c15640>,39,1,[6 1],56,89,90,33,89
1,<environment.Job instance at 0x150873191c30>,41,3,[2 7],59,96,99,37,89
1,<environment.Job instance at 0x150873191500>,42,1,[1 6],60,99,100,39,91
1,<environment.Job instance at 0x150873191370>,43,3,[8 2],61,118,121,57,93
1,<environment.Job instance at 0x150873191dc0>,44,1,[1 7],62,100,101,38,93
1,<environment.Job instance at 0x150873191c80>,45,1,[6 2],63,121,122,58,93
1,<environment.Job instance at 0x150873191fa0>,46,2,[2 7],64,101,103,37,93
1,<environment.Job instance at 0x150873191230>,48,3,[7 1],66,122,125,56,96
1,<environment.Job instance at 0x1508731913c0>,40,12,[ 1 10],57,125,137,68,108
1,<environment.Job instance at 0x150873191640>,50,2,[1 9],69,122,124,53,108
1,<environment.Job instance at 0x150873191730>,51,2,[7 2],70,137,139,67,110
1,<environment.Job instance at 0x150873191870>,52,3,[5 2],72,111,114,39,111
1,<environment.Job instance at 0x1508b7d4fb90>,57,1,[5 2],79,114,115,35,111
1,<environment.Job instance at 0x1508b22411e0>,53,13,[2 8],73,137,150,64,121
1,<environment.Job instance at 0x1508b2236b90>,62,21,[2 5],85,150,171,65,142
1,<environment.Job instance at 0x1508b8cc95a0>,65,15,[7 2],89,142,157,53,142
1,<environment.Job instance at 0x1508b8cc9aa0>,66,15,[6 1],90,157,172,67,143
1,<environment.Job instance at 0x150873349460>,70,14,[2 6],95,171,185,76,156
1,<environment.Job instance at 0x1508b0439c30>,73,2,[10  2],98,185,187,87,158
1,<environment.Job instance at 0x1508b2c15820>,32,12,[1 7],47,193,205,146,193
1,<environment.Job instance at 0x1508b9ebc8c0>,0,2,[5 2],1,1,3,0,1
1,<environment.Job instance at 0x1508b9ebcaa0>,3,17,[9 1],6,8,25,2,8
1,<environment.Job instance at 0x15087357d6e0>,10,2,[7 2],15,25,27,10,15
1,<environment.Job instance at 0x15087357dcd0>,11,2,[9 2],16,27,29,11,16
1,<environment.Job instance at 0x15087357de10>,12,3,[5 1],17,29,32,12,17
1,<environment.Job instance at 0x15087358e1e0>,16,1,[8 2],23,539,540,516,539
1,<environment.Job instance at 0x15087358e5f0>,20,16,[6 1],27,790,806,763,790
1,<environment.Job instance at 0x15087358e730>,22,1,[5 2],29,1729,1730,1700,1729
1,<environment.Job instance at 0x1508ba0a8780>,1,2,[1 9],2,108,110,106,108
1,<environment.Job instance at 0x1508736ab960>,5,2,[10  2],7,110,112,103,108
1,<environment.Job instance at 0x1508736abe10>,6,1,[6 1],10,386,387,376,386
1,<environment.Job instance at 0x1508736ab8c0>,7,1,[7 2],12,470,471,458,470
1,<environment.Job instance at 0x1508736abd20>,8,2,[2 7],13,1097,1099,1084,1097
1,<environment.Job instance at 0x1508736abdc0>,9,3,[2 5],14,1469,1472,1455,1469
1,<environment.Job instance at 0x1508736ab730>,11,12,[5 2],17,1488,1500,1471,1488
1,<environment.Job instance at 0x150872f35fa0>,12,1,[10  1],18,1689,1690,1671,1689
1,<environment.Job instance at 0x1508736ab320>,13,3,[10  1],21,1882,1885,1861,1882
1,<environment.Job instance at 0x150872f35eb0>,14,2,[ 2 10],22,1917,1919,1895,1917
1,<environment.Job instance at 0x150872f35e60>,15,3,[9 2],23,1931,1934,1908,1931
1,<environment.Job instance at 0x150872f35d20>,16,1,[1 9],24,2391,2392,2367,2391
1,<environment.Job instance at 0x150873697050>,17,1,[8 2],27,2437,2438,2410,2437
1,<environment.Job instance at 0x1508b7d613c0>,1,16,[2 9],2,2,18,0,2
1,<environment.Job instance at 0x1508b2334f00>,5,1,[5 2],8,18,19,10,8
1,<environment.Job instance at 0x1508b233e140>,6,1,[8 2],9,19,20,10,9
1,<environment.Job instance at 0x150873697050>,7,2,[7 2],11,20,22,9,11
1,<environment.Job instance at 0x1508b233e1e0>,8,3,[6 1],13,13,16,0,13
1,<environment.Job instance at 0x1508b233e410>,9,2,[10  1],14,22,24,8,14
1,<environment.Job instance at 0x1508b233e3c0>,10,1,[9 1],15,24,25,9,15
1,<environment.Job instance at 0x1508b233e0a0>,11,3,[5 1],16,16,19,0,16
1,<environment.Job instance at 0x1508b233e870>,12,3,[1 6],17,19,22,2,17
1,<environment.Job instance at 0x150873401a50>,2,23,[2 6],4,34,57,30,34
1,<environment.Job instance at 0x1508b233eaa0>,16,3,[9 1],26,57,60,31,34
1,<environment.Job instance at 0x1508b233eaf0>,17,13,[2 5],28,60,73,32,44
1,<environment.Job instance at 0x1508b233eb40>,18,2,[1 8],29,57,59,28,44
1,<environment.Job instance at 0x1508b233ec30>,19,1,[2 6],30,73,74,43,56
1,<environment.Job instance at 0x1508b233ebe0>,20,2,[9 2],33,74,76,41,56
1,<environment.Job instance at 0x1508b233ee60>,21,1,[ 2 10],37,76,77,39,56
1,<environment.Job instance at 0x1508b975ed20>,4,14,[ 1 10],7,469,483,462,469
1,<environment.Job instance at 0x1508b2c63500>,29,2,[5 2],53,1762,1764,1709,1762
1,<environment.Job instance at 0x1508b2359140>,1,2,[8 2],3,3,5,0,3
1,<environment.Job instance at 0x150873389a00>,7,14,[2 6],13,128,142,115,128
1,<environment.Job instance at 0x1508735415a0>,11,1,[1 7],20,142,143,122,128
1,<environment.Job instance at 0x1508b1c17e10>,12,12,[2 8],21,482,494,461,482
1,<environment.Job instance at 0x1508b1c17fa0>,16,1,[ 2 10],25,494,495,469,482
1,<environment.Job instance at 0x1508b73cbaa0>,17,12,[2 8],28,522,534,494,522
1,<environment.Job instance at 0x1508735845a0>,19,1,[8 2],32,522,523,490,522
1,<environment.Job instance at 0x1508735a9140>,20,18,[9 1],33,534,552,501,523
1,<environment.Job instance at 0x1508735a90a0>,23,1,[7 1],37,527,528,490,527
1,<environment.Job instance at 0x1508b7cf6eb0>,34,15,[10  2],53,552,567,499,538
1,<environment.Job instance at 0x1508b7dbffa0>,47,3,[ 2 10],71,567,570,496,542
1,<environment.Job instance at 0x1508b2226050>,56,14,[ 1 10],84,570,584,486,555
1,<environment.Job instance at 0x1508b9770a00>,62,3,[2 9],91,584,587,493,566
1,<environment.Job instance at 0x1508b9770d70>,64,1,[10  1],93,587,588,494,566
1,<environment.Job instance at 0x1508b2bc40a0>,67,3,[9 2],96,588,591,492,584
1,<environment.Job instance at 0x1508b229d0f0>,70,3,[2 5],99,591,594,492,584
1,<environment.Job instance at 0x1508737f4690>,2,17,[7 2],3,4,21,1,4
1,<environment.Job instance at 0x1508737f4b90>,5,13,[2 8],7,7,20,0,7
1,<environment.Job instance at 0x150872dbeb90>,8,1,[1 8],12,20,21,8,12
1,<environment.Job instance at 0x1508b975ef00>,9,16,[5 2],13,21,37,8,13
1,<environment.Job instance at 0x150872dbecd0>,10,1,[6 1],15,37,38,22,15
1,<environment.Job instance at 0x1508b743c690>,15,15,[6 2],22,38,53,16,27
1,<environment.Job instance at 0x1508b743ce60>,16,3,[2 9],23,53,56,30,27
1,<environment.Job instance at 0x1508b743c140>,17,17,[1 8],25,115,132,90,115
1,<environment.Job instance at 0x1508b743c7d0>,19,16,[2 7],27,132,148,105,122
1,<environment.Job instance at 0x1508b743ca50>,21,2,[1 5],30,148,150,118,122
1,<environment.Job instance at 0x1508b743c550>,24,3,[9 2],33,122,125,89,122
1,<environment.Job instance at 0x1508b7e24e60>,30,17,[5 2],40,125,142,85,122
1,<environment.Job instance at 0x1508b7e242d0>,35,1,[2 8],47,150,151,103,122
1,<environment.Job instance at 0x1508b7e24190>,37,12,[2 9],49,151,163,102,134
1,<environment.Job instance at 0x1508b7e24230>,39,3,[1 6],51,163,166,112,137
1,<environment.Job instance at 0x15087317cb40>,41,17,[7 1],54,142,159,88,137
1,<environment.Job instance at 0x15087317ceb0>,42,16,[8 2],55,163,179,108,150
1,<environment.Job instance at 0x1508b73aad20>,49,2,[5 1],64,159,161,95,150
1,<environment.Job instance at 0x1508b73aa460>,50,2,[7 2],65,179,181,114,153
1,<environment.Job instance at 0x15087369d5f0>,56,2,[7 1],76,161,163,85,153
1,<environment.Job instance at 0x15087369d280>,57,17,[8 1],77,181,198,104,169
1,<environment.Job instance at 0x1508b743c190>,12,2,[1 7],19,235,237,216,235
1,<environment.Job instance at 0x1508b743cd20>,3,3,[2 6],5,5,8,0,5
1,<environment.Job instance at 0x1508b743c190>,4,2,[7 1],7,8,10,1,8
1,<environment.Job instance at 0x1508b8cc9eb0>,7,3,[1 9],11,11,14,0,11
1,<environment.Job instance at 0x1508b8cc9e60>,8,17,[1 5],12,14,31,2,12
1,<environment.Job instance at 0x1508b8cc9820>,9,3,[8 1],14,14,17,0,14
1,<environment.Job instance at 0x1508b8cc97d0>,10,1,[1 8],15,31,32,16,15
1,<environment.Job instance at 0x1508b8cc9b40>,11,1,[10  2],19,32,33,13,19
1,<environment.Job instance at 0x1508b8cc9a50>,12,2,[2 6],20,33,35,13,20
1,<environment.Job instance at 0x1508b8cc9aa0>,13,1,[1 5],21,21,22,0,21
1,<environment.Job instance at 0x1508b8cc9d20>,14,3,[7 2],23,23,26,0,23
1,<environment.Job instance at 0x1508b8cc9cd0>,15,1,[2 8],24,35,36,11,24
1,<environment.Job instance at 0x1508b22da690>,2,2,[2 9],4,36,38,32,26
1,<environment.Job instance at 0x150873117690>,17,3,[10  1],28,38,41,10,28
1,<environment.Job instance at 0x150873117280>,19,3,[7 2],31,41,44,10,34
1,<environment.Job instance at 0x1508731173c0>,25,1,[2 6],38,41,42,3,38
1,<environment.Job instance at 0x150873117460>,26,1,[1 5],40,50,51,10,50
1,<environment.Job instance at 0x1508b7cfa690>,30,18,[5 2],47,53,71,6,53
1,<environment.Job instance at 0x1508b7cfaf50>,31,1,[1 6],48,54,55,6,54
1,<environment.Job instance at 0x1508b7cfab90>,33,2,[6 2],51,71,73,20,54
1,<environment.Job instance at 0x1508b7cfac30>,34,3,[2 7],52,55,58,3,54
1,<environment.Job instance at 0x1508b7cfa550>,35,1,[10  1],56,73,74,17,56
1,<environment.Job instance at 0x1508b7cfa960>,36,3,[10  1],57,74,77,17,57
1,<environment.Job instance at 0x1508b7cfa140>,37,2,[6 1],58,77,79,19,58
1,<environment.Job instance at 0x1508b7cfa780>,38,3,[1 5],59,59,62,0,59
1,<environment.Job instance at 0x1508b7cfa5a0>,39,2,[10  2],60,79,81,19,60
1,<environment.Job instance at 0x150872df9d20>,40,1,[9 1],61,81,82,20,61
1,<environment.Job instance at 0x150872df9140>,41,1,[1 8],62,62,63,0,62
1,<environment.Job instance at 0x150872df95f0>,44,1,[7 1],65,82,83,17,76
1,<environment.Job instance at 0x150872df99b0>,45,2,[7 2],66,83,85,17,76
1,<environment.Job instance at 0x150872df9b40>,46,13,[10  1],68,85,98,17,76
1,<environment.Job instance at 0x150872df9af0>,47,3,[2 6],69,82,85,13,76
1,<environment.Job instance at 0x150872df96e0>,48,2,[8 1],70,98,100,28,76
1,<environment.Job instance at 0x150872df9cd0>,49,1,[6 2],71,100,101,29,76
1,<environment.Job instance at 0x150872df9a50>,50,1,[9 1],72,101,102,29,76
1,<environment.Job instance at 0x150872df9aa0>,51,1,[2 5],74,77,78,3,76
1,<environment.Job instance at 0x1508b7d912d0>,52,3,[10  2],77,102,105,25,77
1,<environment.Job instance at 0x1508b2096cd0>,53,1,[2 7],78,98,99,20,79
1,<environment.Job instance at 0x1508b04325f0>,2,3,[1 9],6,6,9,0,6
1,<environment.Job instance at 0x1508b0432370>,3,2,[9 2],8,9,11,1,9
1,<environment.Job instance at 0x1508b0432c30>,1,1,[ 1 10],5,11,12,6,11
1,<environment.Job instance at 0x1508737ca8c0>,7,3,[1 7],15,15,18,0,15
1,<environment.Job instance at 0x1508737ca960>,8,14,[2 5],17,21,35,4,21
1,<environment.Job instance at 0x1508737caeb0>,10,2,[6 1],23,23,25,0,23
1,<environment.Job instance at 0x1508737c2320>,14,13,[2 9],27,35,48,8,30
1,<environment.Job instance at 0x1508737cab40>,9,13,[1 5],21,48,61,27,32
1,<environment.Job instance at 0x1508737c2460>,16,1,[9 1],30,48,49,18,32
1,<environment.Job instance at 0x1508737ce140>,25,2,[1 6],46,61,63,15,46
1,<environment.Job instance at 0x1508737ce4b0>,27,2,[2 8],50,63,65,13,51
1,<environment.Job instance at 0x1508737ce640>,28,1,[7 1],53,53,54,0,53
1,<environment.Job instance at 0x1508737ce730>,29,2,[2 6],54,65,67,11,56
1,<environment.Job instance at 0x1508737ce3c0>,30,3,[6 2],56,56,59,0,56
1,<environment.Job instance at 0x1508737ce870>,32,2,[5 1],58,59,61,1,58
1,<environment.Job instance at 0x1508737cec80>,33,3,[9 1],59,67,70,8,59
1,<environment.Job instance at 0x1508737ceeb0>,36,3,[9 2],64,70,73,6,64
1,<environment.Job instance at 0x1508737ceb90>,37,2,[2 5],65,73,75,8,65
1,<environment.Job instance at 0x1508737d9320>,38,1,[1 9],66,67,68,1,66
1,<environment.Job instance at 0x1508737d9460>,39,3,[1 7],67,68,71,1,67
1,<environment.Job instance at 0x1508737d95a0>,40,1,[1 8],68,71,72,3,68
1,<environment.Job instance at 0x1508737d96e0>,41,20,[7 2],69,73,93,4,69
1,<environment.Job instance at 0x1508737f1640>,53,1,[5 2],83,93,94,10,87
1,<environment.Job instance at 0x1508737f1b40>,59,1,[6 1],97,108,109,11,108
1,<environment.Job instance at 0x1508737f1af0>,60,18,[10  2],99,109,127,10,108
1,<environment.Job instance at 0x1508737f1500>,54,12,[2 9],84,127,139,43,122
1,<environment.Job instance at 0x1508b7384140>,0,1,[2 9],1,1,2,0,1
1,<environment.Job instance at 0x1508b7384d20>,3,3,[5 1],4,4,7,0,4
1,<environment.Job instance at 0x1508737f1500>,4,3,[1 7],5,5,8,0,5
1,<environment.Job instance at 0x1508b7384f50>,5,3,[10  2],7,8,11,1,7
1,<environment.Job instance at 0x1508b7456b40>,11,1,[1 8],18,18,19,0,18
1,<environment.Job instance at 0x1508b74567d0>,12,12,[7 2],19,19,31,0,19
1,<environment.Job instance at 0x1508b7456eb0>,13,13,[1 9],20,31,44,11,21
1,<environment.Job instance at 0x1508b7456be0>,14,2,[7 2],21,44,46,23,23
1,<environment.Job instance at 0x1508b7456c80>,17,17,[5 2],25,46,63,21,34
1,<environment.Job instance at 0x1508b2baddc0>,25,1,[1 5],35,44,45,9,35
1,<environment.Job instance at 0x1508b2badcd0>,26,2,[1 9],36,63,65,27,36
1,<environment.Job instance at 0x1508b2badd20>,27,2,[1 7],39,45,47,6,41
1,<environment.Job instance at 0x1508b2bad050>,30,2,[2 8],42,47,49,5,42
1,<environment.Job instance at 0x150873459be0>,31,3,[1 7],43,49,52,6,43
1,<environment.Job instance at 0x150873459dc0>,32,2,[6 1],44,63,65,19,44
1,<environment.Job instance at 0x1508734595a0>,33,3,[7 2],45,65,68,20,45
1,<environment.Job instance at 0x1508734594b0>,34,2,[8 1],46,68,70,22,46
1,<environment.Job instance at 0x150873459eb0>,35,15,[8 2],47,70,85,23,56
1,<environment.Job instance at 0x150873459780>,39,3,[6 1],52,85,88,33,59
1,<environment.Job instance at 0x1508734598c0>,41,3,[2 5],54,59,62,5,59
1,<environment.Job instance at 0x15087366b0f0>,45,2,[2 5],60,65,67,5,60
1,<environment.Job instance at 0x15087366b2d0>,46,3,[1 9],61,85,88,24,64
1,<environment.Job instance at 0x150873459370>,40,16,[1 5],53,67,83,14,64
1,<environment.Job instance at 0x15087366b370>,49,13,[8 1],64,88,101,24,72
1,<environment.Job instance at 0x15087366b230>,51,2,[1 7],66,83,85,17,72
1,<environment.Job instance at 0x15087366ba50>,54,1,[2 7],70,88,89,18,76
1,<environment.Job instance at 0x15087366b8c0>,55,3,[8 2],71,101,104,30,76
1,<environment.Job instance at 0x15087366be60>,56,3,[ 2 10],72,104,107,32,78
1,<environment.Job instance at 0x1508b7d83be0>,57,2,[9 1],74,107,109,33,80
1,<environment.Job instance at 0x1508b7d83500>,58,1,[2 5],75,89,90,14,80
1,<environment.Job instance at 0x1508b7d830a0>,59,3,[1 8],77,90,93,13,80
1,<environment.Job instance at 0x1508b7d83190>,60,2,[2 8],80,93,95,13,80
1,<environment.Job instance at 0x1508b7d83280>,63,3,[1 8],85,95,98,10,88
1,<environment.Job instance at 0x1508b7d83870>,64,12,[1 7],86,107,119,21,90
1,<environment.Job instance at 0x1508b7d83550>,66,3,[10  1],88,119,122,31,93
1,<environment.Job instance at 0x1508b7d590a0>,67,3,[1 8],89,98,101,9,93
1,<environment.Job instance at 0x1508b7d592d0>,68,2,[2 9],90,122,124,32,95
1,<environment.Job instance at 0x1508b7d597d0>,69,2,[8 2],91,109,111,18,95
1,<environment.Job instance at 0x1508b7d59aa0>,70,2,[8 1],92,111,113,19,95
1,<environment.Job instance at 0x1508b7d59b40>,73,3,[ 2 10],97,124,127,27,98
1,<environment.Job instance at 0x15087366b410>,53,14,[ 2 10],68,132,146,64,132
1,<environment.Job instance at 0x1508b8cc95a0>,1,3,[2 5],3,3,6,0,3
1,<environment.Job instance at 0x1508b2f91b90>,2,13,[1 5],4,4,17,0,4
1,<environment.Job instance at 0x150872fcdf00>,7,16,[2 9],10,17,33,7,10
1,<environment.Job instance at 0x150872fcd500>,8,3,[2 6],11,33,36,22,11
1,<environment.Job instance at 0x1508b74bc460>,9,3,[2 6],12,36,39,24,12
1,<environment.Job instance at 0x1508734c1960>,10,1,[5 2],13,13,14,0,13
1,<environment.Job instance at 0x150872b8d5f0>,11,3,[7 1],14,14,17,0,14
1,<environment.Job instance at 0x150872fcd550>,12,2,[2 6],15,39,41,24,15
1,<environment.Job instance at 0x150872f63780>,13,3,[2 7],17,41,44,24,17
1,<environment.Job instance at 0x1508b74a7fa0>,15,3,[1 5],20,44,47,24,20
1,<environment.Job instance at 0x15087364b460>,16,2,[2 8],21,47,49,26,21
1,<environment.Job instance at 0x150872ff3410>,26,3,[10  1],35,75,78,40,75
1,<environment.Job instance at 0x150872ff3050>,27,3,[6 2],36,80,83,44,80
1,<environment.Job instance at 0x1508b0919550>,32,18,[1 9],41,128,146,87,128
1,<environment.Job instance at 0x1508b0919690>,33,1,[2 7],42,146,147,104,128
1,<environment.Job instance at 0x1508b09195f0>,34,3,[7 1],43,128,131,85,128
1,<environment.Job instance at 0x1508b0919820>,35,1,[8 2],44,146,147,102,128
1,<environment.Job instance at 0x1508b0919050>,36,28,[ 2 10],46,147,175,101,147
1,<environment.Job instance at 0x1508b09198c0>,37,15,[1 8],47,175,190,128,161
1,<environment.Job instance at 0x1508b0919a00>,38,2,[8 2],48,175,177,127,167
1,<environment.Job instance at 0x1508b0919780>,40,3,[10  1],51,190,193,139,168
1,<environment.Job instance at 0x1508b09247d0>,42,2,[10  1],54,193,195,139,170
1,<environment.Job instance at 0x1508b0924d70>,43,1,[ 1 10],57,195,196,138,170
1,<environment.Job instance at 0x1508b0924eb0>,44,1,[5 2],58,177,178,119,170
1,<environment.Job instance at 0x1508b09249b0>,45,1,[8 1],59,178,179,119,170
1,<environment.Job instance at 0x1508b0924870>,46,14,[1 6],61,196,210,135,182
1,<environment.Job instance at 0x1508b09240a0>,47,12,[1 7],64,210,222,146,196
1,<environment.Job instance at 0x1508b08f15f0>,49,3,[10  2],68,222,225,154,202
1,<environment.Job instance at 0x1508b08f1cd0>,51,3,[8 2],71,202,205,131,202
1,<environment.Job instance at 0x1508b08f1b40>,52,2,[2 5],74,225,227,151,203
1,<environment.Job instance at 0x150873467a50>,0,2,[10  1],1,1,3,0,1
1,<environment.Job instance at 0x1508734678c0>,2,1,[9 1],4,5,6,1,5
1,<environment.Job instance at 0x150872b5aeb0>,4,3,[9 2],6,6,9,0,6
1,<environment.Job instance at 0x150873467a00>,5,3,[10  2],8,9,12,1,8
1,<environment.Job instance at 0x150872b5ab90>,6,3,[ 1 10],9,12,15,3,9
1,<environment.Job instance at 0x150872b5a870>,7,2,[5 1],10,15,17,5,10
1,<environment.Job instance at 0x150872b5a370>,8,3,[ 2 10],12,17,20,5,12
1,<environment.Job instance at 0x150872b5a5a0>,11,3,[2 8],17,20,23,3,17
1,<environment.Job instance at 0x1508731460a0>,12,3,[9 1],18,23,26,5,18
1,<environment.Job instance at 0x150873146320>,13,3,[2 9],20,26,29,6,21
1,<environment.Job instance at 0x150873146460>,14,2,[10  2],21,29,31,8,21
1,<environment.Job instance at 0x150872f00460>,18,1,[7 2],26,31,32,5,26
1,<environment.Job instance at 0x150873146550>,17,1,[9 2],25,32,33,7,27
1,<environment.Job instance at 0x150872f00230>,19,2,[5 2],27,33,35,6,27
1,<environment.Job instance at 0x150872f00910>,21,2,[1 7],31,32,34,1,32
1,<environment.Job instance at 0x150872f00c80>,23,3,[6 1],34,35,38,1,34
1,<environment.Job instance at 0x150872c0f230>,24,16,[ 2 10],35,90,106,55,90
1,<environment.Job instance at 0x150872c0fc80>,26,3,[6 1],38,106,109,68,90
1,<environment.Job instance at 0x150872c0fe60>,27,1,[10  1],39,109,110,70,92
1,<environment.Job instance at 0x150872c0fd70>,28,15,[7 1],40,110,125,70,98
1,<environment.Job instance at 0x150872c0f3c0>,29,3,[ 2 10],41,125,128,84,99
1,<environment.Job instance at 0x150872c0f7d0>,30,17,[2 9],43,128,145,85,124
1,<environment.Job instance at 0x150872c0feb0>,31,1,[9 2],44,145,146,101,125
1,<environment.Job instance at 0x150872c0f370>,32,3,[2 9],45,146,149,101,126
1,<environment.Job instance at 0x1508b2290640>,33,3,[2 5],46,149,152,103,126
1,<environment.Job instance at 0x1508b22902d0>,34,3,[1 7],47,152,155,105,130
1,<environment.Job instance at 0x1508b2290cd0>,35,2,[2 6],48,155,157,107,134
1,<environment.Job instance at 0x1508b2290870>,36,2,[5 2],49,149,151,100,138
1,<environment.Job instance at 0x1508b2290780>,37,12,[ 1 10],50,157,169,107,140
1,<environment.Job instance at 0x1508b22903c0>,38,2,[1 5],51,169,171,118,148
1,<environment.Job instance at 0x1508b2290370>,39,12,[5 1],52,169,181,117,152
1,<environment.Job instance at 0x1508b2290aa0>,40,1,[10  1],53,181,182,128,153
1,<environment.Job instance at 0x1508b2290c30>,41,3,[1 7],55,171,174,116,159
1,<environment.Job instance at 0x1508b2290460>,42,1,[10  2],57,182,183,125,160
1,<environment.Job instance at 0x1508b2290a00>,43,1,[6 1],59,183,184,124,160
1,<environment.Job instance at 0x1508b2290b40>,44,13,[1 6],60,183,196,123,169
1,<environment.Job instance at 0x1508b2290af0>,45,2,[1 8],61,174,176,113,172
1,<environment.Job instance at 0x1508b2290230>,46,17,[6 1],62,184,201,122,172
1,<environment.Job instance at 0x1508b22900f0>,47,1,[8 1],63,201,202,138,178
1,<environment.Job instance at 0x1508b2be49b0>,48,3,[1 6],64,196,199,132,180
1,<environment.Job instance at 0x1508b2be4820>,49,2,[1 9],67,199,201,132,182
1,<environment.Job instance at 0x1508b2be40f0>,50,17,[2 7],68,201,218,133,195
1,<environment.Job instance at 0x1508b2be41e0>,51,12,[5 1],69,202,214,133,195
1,<environment.Job instance at 0x1508b2be4fa0>,52,16,[1 7],71,218,234,147,208
1,<environment.Job instance at 0x1508b2be4f00>,53,3,[2 6],72,234,237,162,208
1,<environment.Job instance at 0x1508b2be42d0>,55,3,[2 8],76,237,240,161,212
1,<environment.Job instance at 0x1508b2be4730>,56,2,[9 1],78,218,220,140,212
1,<environment.Job instance at 0x1508b2be4a50>,57,12,[5 2],79,220,232,141,212
1,<environment.Job instance at 0x1508b2be4e60>,58,1,[1 9],80,240,241,160,216
1,<environment.Job instance at 0x150872f1deb0>,60,26,[2 7],82,241,267,159,238
1,<environment.Job instance at 0x150872f1dfa0>,61,3,[2 8],83,267,270,184,241
1,<environment.Job instance at 0x150872f1dc80>,62,3,[2 9],84,270,273,186,244
1,<environment.Job instance at 0x150873281fa0>,64,1,[2 7],87,273,274,186,246
1,<environment.Job instance at 0x150873281a00>,65,1,[7 2],88,250,251,162,250
1,<environment.Job instance at 0x150873281230>,66,25,[1 7],89,274,299,185,274
1,<environment.Job instance at 0x150873281c30>,68,2,[2 5],91,299,301,208,276
1,<environment.Job instance at 0x150873281730>,69,15,[7 2],92,276,291,184,276
1,<environment.Job instance at 0x1508735e6f00>,70,1,[7 2],95,291,292,196,284
1,<environment.Job instance at 0x150872d83820>,1,3,[10  1],2,4,7,2,4
1,<environment.Job instance at 0x150872d839b0>,5,13,[2 5],7,7,20,0,7
1,<environment.Job instance at 0x150872d83e60>,8,1,[ 1 10],12,20,21,8,12
1,<environment.Job instance at 0x150872b38eb0>,9,3,[9 1],14,21,24,7,14
1,<environment.Job instance at 0x150872b38910>,10,1,[8 2],16,16,17,0,16
1,<environment.Job instance at 0x150872b38640>,11,3,[1 5],17,17,20,0,17
1,<environment.Job instance at 0x150872b38c80>,12,1,[10  1],19,24,25,5,19
1,<environment.Job instance at 0x150872b38230>,13,3,[8 1],20,25,28,5,20
1,<environment.Job instance at 0x150872b38280>,16,3,[1 7],23,25,28,2,23
1,<environment.Job instance at 0x150872cedbe0>,19,2,[5 2],27,28,30,1,27
1,<environment.Job instance at 0x150872cedb90>,20,1,[1 5],28,28,29,0,28
1,<environment.Job instance at 0x1508b7d4f230>,21,1,[8 2],29,30,31,1,29
1,<environment.Job instance at 0x1508b7d4f140>,22,2,[7 1],30,31,33,1,30
1,<environment.Job instance at 0x1508b7d4f870>,23,1,[10  1],31,33,34,2,31
1,<environment.Job instance at 0x1508b7d4faa0>,24,2,[ 1 10],32,34,36,2,32
1,<environment.Job instance at 0x1508b7d4f4b0>,25,2,[1 8],33,36,38,3,33
1,<environment.Job instance at 0x1508b7d4ff00>,26,3,[2 5],34,38,41,4,34
1,<environment.Job instance at 0x1508b7d4fb40>,28,2,[7 1],36,36,38,0,36
1,<environment.Job instance at 0x150873609a50>,29,15,[2 7],37,41,56,4,37
1,<environment.Job instance at 0x1508b2f97460>,38,2,[5 2],50,50,52,0,50
1,<environment.Job instance at 0x1508b213a0a0>,39,3,[1 5],51,56,59,5,51
1,<environment.Job instance at 0x1508b213a5a0>,40,1,[1 5],53,56,57,3,53
1,<environment.Job instance at 0x1508b213a6e0>,41,16,[8 1],54,57,73,3,54
1,<environment.Job instance at 0x1508b21b8280>,42,14,[2 8],55,59,73,4,55
1,<environment.Job instance at 0x1508b21b8c80>,48,1,[1 9],62,73,74,11,62
1,<environment.Job instance at 0x150873221500>,49,18,[5 2],63,74,92,11,63
1,<environment.Job instance at 0x1508b93edcd0>,50,2,[1 8],65,74,76,9,65
1,<environment.Job instance at 0x1508b93ed550>,52,3,[2 6],68,76,79,8,68
1,<environment.Job instance at 0x1508732f8f00>,51,16,[1 6],66,79,95,13,68
1,<environment.Job instance at 0x1508b20890a0>,60,2,[2 7],79,95,97,16,94
1,<environment.Job instance at 0x1508b7d52690>,65,1,[8 1],85,154,155,69,154
1,<environment.Job instance at 0x150873330af0>,1,3,[1 5],2,2,5,0,2
1,<environment.Job instance at 0x1508b21b85a0>,2,2,[5 2],3,3,5,0,3
1,<environment.Job instance at 0x1508b21b8f00>,4,1,[7 2],6,6,7,0,6
1,<environment.Job instance at 0x1508b21b83c0>,5,2,[2 8],7,7,9,0,7
1,<environment.Job instance at 0x1508b21c47d0>,6,12,[9 1],8,9,21,1,8
1,<environment.Job instance at 0x1508b21b8730>,7,3,[9 2],10,21,24,11,10
1,<environment.Job instance at 0x1508729c8640>,15,3,[10  2],19,24,27,5,19
1,<environment.Job instance at 0x1508729c8e10>,16,18,[2 5],20,27,45,7,20
1,<environment.Job instance at 0x1508729c8f00>,17,3,[2 7],21,45,48,24,22
1,<environment.Job instance at 0x1508729c82d0>,19,2,[1 6],23,48,50,25,23
1,<environment.Job instance at 0x1508729c81e0>,20,16,[1 9],24,50,66,26,37
1,<environment.Job instance at 0x1508729c8460>,24,2,[ 1 10],28,66,68,38,40
1,<environment.Job instance at 0x1508729c8dc0>,26,3,[5 2],30,40,43,10,40
1,<environment.Job instance at 0x1508b7d7fd70>,28,3,[5 2],35,68,71,33,56
1,<environment.Job instance at 0x1508b7d7f2d0>,29,15,[10  2],36,71,86,35,57
1,<environment.Job instance at 0x1508b7d7fbe0>,30,2,[8 2],37,86,88,49,59
1,<environment.Job instance at 0x150872db8f50>,50,2,[ 1 10],65,1031,1033,966,1031
1,<environment.Job instance at 0x150872b019b0>,58,17,[ 1 10],76,1058,1075,982,1058
1,<environment.Job instance at 0x150872b01910>,59,3,[1 6],79,1075,1078,996,1060
1,<environment.Job instance at 0x150872b013c0>,60,3,[2 6],80,1078,1081,998,1061
1,<environment.Job instance at 0x1508b5f0d140>,63,12,[9 1],83,1081,1093,998,1064
1,<environment.Job instance at 0x1508b5f0d050>,64,3,[7 2],85,1075,1078,990,1064
1,<environment.Job instance at 0x1508b5f0d5a0>,65,3,[1 6],87,1081,1084,994,1064
1,<environment.Job instance at 0x1508b5f0d460>,66,2,[1 6],89,1084,1086,995,1064
1,<environment.Job instance at 0x1508b5f0db40>,67,2,[8 1],93,1078,1080,985,1064
1,<environment.Job instance at 0x1508b5f0d640>,68,3,[9 2],94,1093,1096,999,1067
1,<environment.Job instance at 0x1508b5f0d870>,69,1,[2 8],96,1096,1097,1000,1068
1,<environment.Job instance at 0x1508b5f0d8c0>,70,2,[10  1],97,1097,1099,1000,1070
1,<environment.Job instance at 0x1508b5f0d730>,71,13,[1 8],98,1099,1112,1001,1083
1,<environment.Job instance at 0x14e8de311960>,1,3,[1 9],2,2,5,0,2
1,<environment.Job instance at 0x14e8de311c30>,2,1,[2 5],3,5,6,2,3
1,<environment.Job instance at 0x14e8de311f00>,3,1,[6 2],4,5,6,1,4
1,<environment.Job instance at 0x14e8d46acb90>,4,2,[7 2],5,6,8,1,5
1,<environment.Job instance at 0x14e8d46acc80>,5,3,[9 2],6,8,11,2,6
1,<environment.Job instance at 0x14e8d46acd70>,9,2,[6 1],11,11,13,0,11
1,<environment.Job instance at 0x14e8d46af0a0>,10,13,[2 8],12,12,25,0,12
1,<environment.Job instance at 0x14e8d46af370>,11,3,[1 8],13,25,28,12,13
1,<environment.Job instance at 0x14e8d46af4b0>,12,3,[1 8],14,28,31,14,14
1,<environment.Job instance at 0x14e8d46af5f0>,13,2,[8 1],17,17,19,0,17
1,<environment.Job instance at 0x14e8d6e04c30>,14,2,[ 1 10],18,31,33,13,18
1,<environment.Job instance at 0x14e8de2b77d0>,15,1,[ 1 10],20,33,34,13,20
1,<environment.Job instance at 0x14e8de2b0190>,16,1,[2 5],21,34,35,13,21
1,<environment.Job instance at 0x14e8d46a2730>,17,17,[6 1],23,34,51,11,23
1,<environment.Job instance at 0x14e8d46a20f0>,19,3,[6 2],26,51,54,25,29
1,<environment.Job instance at 0x14e8d46a1870>,27,2,[2 7],36,36,38,0,36
1,<environment.Job instance at 0x14e8d46a15a0>,30,15,[2 9],40,54,69,14,51
1,<environment.Job instance at 0x14e8d4babc30>,0,3,[7 2],1,1,4,0,1
1,<environment.Job instance at 0x14e8d46a11e0>,2,3,[ 2 10],4,4,7,0,4
1,<environment.Job instance at 0x14e8d4bab1e0>,3,12,[2 8],5,7,19,2,7
1,<environment.Job instance at 0x14e8d4babeb0>,7,2,[1 8],11,19,21,8,11
1,<environment.Job instance at 0x14e8d4bab6e0>,4,1,[10  1],7,21,22,14,11
1,<environment.Job instance at 0x14e8d4bab8c0>,8,2,[2 6],12,22,24,10,12
1,<environment.Job instance at 0x14e8dc031910>,10,2,[1 9],16,24,26,8,16
1,<environment.Job instance at 0x14e8dc0316e0>,19,13,[ 1 10],26,32,45,6,32
1,<environment.Job instance at 0x14e8dc031dc0>,23,1,[2 8],31,76,77,45,76
1,<environment.Job instance at 0x14e8dc0310a0>,24,1,[ 2 10],32,77,78,45,77
1,<environment.Job instance at 0x14e8d64e7690>,26,1,[8 2],34,81,82,47,81
1,<environment.Job instance at 0x14e8d64e7370>,29,2,[ 1 10],40,109,111,69,109
1,<environment.Job instance at 0x14e8d520f4b0>,59,2,[ 2 10],84,1317,1319,1233,1317
1,<environment.Job instance at 0x14e8d52128c0>,2,1,[2 6],3,3,4,0,3
1,<environment.Job instance at 0x14e8d6470140>,3,16,[9 1],6,6,22,0,6
1,<environment.Job instance at 0x14e8d6382230>,4,15,[9 2],10,22,37,12,10
1,<environment.Job instance at 0x14e8d6382a50>,6,12,[1 5],12,12,24,0,12
1,<environment.Job instance at 0x14e8d637dcd0>,7,2,[6 2],13,37,39,24,13
1,<environment.Job instance at 0x14e8d637de60>,14,3,[2 8],25,37,40,12,25
1,<environment.Job instance at 0x14e8d6310960>,20,2,[7 2],37,39,41,2,37
1,<environment.Job instance at 0x14e8d6310910>,21,2,[2 5],38,40,42,2,38
1,<environment.Job instance at 0x14e8d6310320>,23,3,[8 1],42,42,45,0,42
1,<environment.Job instance at 0x14e8d6310aa0>,24,1,[7 2],43,45,46,2,43
1,<environment.Job instance at 0x14e8d6310f50>,25,2,[5 2],44,46,48,2,44
1,<environment.Job instance at 0x14e8d6310eb0>,22,14,[2 8],39,50,64,11,50
1,<environment.Job instance at 0x14e8d6317460>,2,2,[10  1],3,3,5,0,3
1,<environment.Job instance at 0x14e8d01755f0>,3,3,[1 9],4,5,8,1,4
1,<environment.Job instance at 0x14e8d0175640>,4,3,[1 8],8,8,11,0,8
1,<environment.Job instance at 0x14e8d01752d0>,5,2,[2 7],11,14,16,3,14
1,<environment.Job instance at 0x14e8d0175550>,9,1,[ 2 10],15,16,17,1,15
1,<environment.Job instance at 0x14e8d0175af0>,10,18,[5 2],17,17,35,0,17
1,<environment.Job instance at 0x14e8d01750f0>,12,13,[1 7],20,21,34,1,21
1,<environment.Job instance at 0x14e8d0175e60>,13,12,[2 9],23,35,47,12,23
1,<environment.Job instance at 0x14e8d64354b0>,17,17,[10  1],28,47,64,19,37
1,<environment.Job instance at 0x14e8d6435190>,22,2,[8 1],38,38,40,0,38
1,<environment.Job instance at 0x14e8d0181d70>,23,2,[1 9],41,64,66,23,50
1,<environment.Job instance at 0x14e8d645ecd0>,30,3,[ 2 10],50,66,69,16,53
1,<environment.Job instance at 0x14e8d645e460>,31,1,[7 2],51,69,70,18,53
1,<environment.Job instance at 0x14e8d645edc0>,32,3,[9 1],52,70,73,18,54
1,<environment.Job instance at 0x14e8d645efa0>,34,1,[6 2],55,73,74,18,56
1,<environment.Job instance at 0x14e8d645e410>,35,3,[2 7],56,73,76,17,56
1,<environment.Job instance at 0x14e8d645e690>,36,14,[7 2],57,74,88,17,59
1,<environment.Job instance at 0x14e8d020a5a0>,44,14,[1 6],72,76,90,4,72
1,<environment.Job instance at 0x14e8d01d97d0>,49,3,[9 2],78,88,91,10,78
1,<environment.Job instance at 0x14e8d01d9690>,50,3,[6 2],81,91,94,10,81
1,<environment.Job instance at 0x14e8d01d92d0>,52,3,[1 7],83,90,93,7,83
1,<environment.Job instance at 0x14e8d01d9a00>,55,3,[1 7],88,93,96,5,88
1,<environment.Job instance at 0x14e8d645e1e0>,37,2,[ 1 10],59,96,98,37,89
1,<environment.Job instance at 0x14e8d01a2320>,58,3,[6 1],93,98,101,5,93
1,<environment.Job instance at 0x14e8d01a24b0>,59,26,[9 1],94,101,127,7,98
1,<environment.Job instance at 0x14e8d01a2780>,60,2,[2 9],95,98,100,3,98
1,<environment.Job instance at 0x14e8d01a25f0>,64,3,[8 1],99,127,130,28,103
1,<environment.Job instance at 0x14e8d01a2a50>,63,12,[5 2],98,130,142,32,117
1,<environment.Job instance at 0x14e8d01a2c80>,68,15,[2 8],108,127,142,19,117
1,<environment.Job instance at 0x14e8d01a2820>,69,16,[2 8],109,150,166,41,150
1,<environment.Job instance at 0x14e8d016faf0>,3,2,[8 1],6,6,8,0,6
1,<environment.Job instance at 0x14e89b259d70>,2,2,[1 5],5,8,10,3,8
1,<environment.Job instance at 0x14e8d016fdc0>,4,3,[2 9],7,10,13,3,9
1,<environment.Job instance at 0x14e8d016f1e0>,7,2,[1 9],11,13,15,2,11
1,<environment.Job instance at 0x14e8d6582910>,8,3,[2 8],12,15,18,3,12
1,<environment.Job instance at 0x14e8d6582f50>,9,1,[1 8],15,18,19,3,15
1,<environment.Job instance at 0x14e8d653e410>,12,2,[8 2],18,18,20,0,18
1,<environment.Job instance at 0x14e8d016fd20>,11,3,[1 6],17,19,22,2,18
1,<environment.Job instance at 0x14e8d653ec80>,14,3,[10  1],21,22,25,1,21
1,<environment.Job instance at 0x14e89b2cc500>,15,2,[1 7],22,25,27,3,22
1,<environment.Job instance at 0x14e89b2dea00>,16,15,[1 5],23,27,42,4,23
1,<environment.Job instance at 0x14e8d653ef00>,17,3,[1 9],24,42,45,18,24
1,<environment.Job instance at 0x14e89b450780>,18,2,[1 8],26,45,47,19,43
1,<environment.Job instance at 0x14e8d632b190>,31,3,[1 6],44,47,50,3,44
1,<environment.Job instance at 0x14e8d64fd6e0>,32,16,[1 5],45,50,66,5,45
1,<environment.Job instance at 0x14e8d64fd500>,33,2,[ 1 10],46,66,68,20,47
1,<environment.Job instance at 0x14e8d64fda00>,35,15,[7 2],48,48,63,0,48
1,<environment.Job instance at 0x14e8d64fd820>,34,17,[2 9],47,68,85,21,56
1,<environment.Job instance at 0x14e89b621050>,37,3,[6 1],50,63,66,13,56
1,<environment.Job instance at 0x14e89b6215f0>,38,2,[1 8],51,85,87,34,58
1,<environment.Job instance at 0x14e89b63a690>,39,3,[2 8],52,87,90,35,61
1,<environment.Job instance at 0x14e89b63abe0>,40,2,[2 8],53,90,92,37,63
1,<environment.Job instance at 0x14e89b63a3c0>,41,3,[5 2],56,85,88,29,63
1,<environment.Job instance at 0x14e89b61f960>,42,1,[6 2],58,88,89,30,63
1,<environment.Job instance at 0x14e89b63ac30>,43,2,[2 8],59,92,94,33,65
1,<environment.Job instance at 0x14e89b63a4b0>,44,1,[6 2],61,89,90,28,65
1,<environment.Job instance at 0x14e8d64d0fa0>,45,1,[2 9],62,94,95,32,66
1,<environment.Job instance at 0x14e8d6568a00>,47,2,[10  1],64,95,97,31,68
1,<environment.Job instance at 0x14e8d64d7e60>,50,1,[2 5],68,97,98,29,70
1,<environment.Job instance at 0x14e89b7c0780>,51,2,[ 1 10],70,98,100,28,71
1,<environment.Job instance at 0x14e89b4736e0>,52,3,[2 5],71,100,103,29,74
1,<environment.Job instance at 0x14e89b614e60>,58,3,[10  2],79,103,106,24,79
1,<environment.Job instance at 0x14e89b614eb0>,60,15,[1 8],82,106,121,24,92
1,<environment.Job instance at 0x14e89b614640>,61,3,[1 7],83,121,124,38,95
1,<environment.Job instance at 0x14e89b621eb0>,36,16,[2 8],49,334,350,285,334
1,<environment.Job instance at 0x14e89b43f690>,64,17,[9 2],88,367,384,279,367
1,<environment.Job instance at 0x14e89b43ff50>,65,1,[6 2],89,441,442,352,441
1,<environment.Job instance at 0x14e89b43faa0>,66,2,[1 5],90,527,529,437,527
1,<environment.Job instance at 0x14e89b43f2d0>,67,1,[1 7],91,1372,1373,1281,1372
1,<environment.Job instance at 0x14e89b43fa00>,68,3,[2 7],92,1761,1764,1669,1761
1,<environment.Job instance at 0x14e89b43f7d0>,69,2,[1 5],93,1841,1843,1748,1841
1,<environment.Job instance at 0x14e89b43f050>,70,1,[1 9],95,2207,2208,2112,2207
1,<environment.Job instance at 0x14e89b43f780>,71,1,[2 5],96,2212,2213,2116,2212
1,<environment.Job instance at 0x14e89b43fd20>,72,15,[7 1],97,2245,2260,2148,2245
1,<environment.Job instance at 0x14e89b636d20>,0,2,[2 6],1,1,3,0,1
1,<environment.Job instance at 0x14e89b43fdc0>,1,3,[9 2],2,3,6,1,2
1,<environment.Job instance at 0x14e89b636410>,2,2,[10  2],3,6,8,3,3
1,<environment.Job instance at 0x14e89b293730>,5,2,[1 6],7,8,10,1,7
1,<environment.Job instance at 0x14e89b0a5460>,4,16,[ 2 10],5,10,26,5,9
1,<environment.Job instance at 0x14e89b0a5730>,7,2,[7 2],10,26,28,16,10
1,<environment.Job instance at 0x14e89b0a5370>,6,15,[2 6],9,26,41,17,12
1,<environment.Job instance at 0x14e89b0a55a0>,11,1,[2 5],14,41,42,27,14
1,<environment.Job instance at 0x14e89b0a5b90>,12,14,[2 8],15,42,56,27,27
1,<environment.Job instance at 0x14e89b0a5e60>,17,1,[ 2 10],20,56,57,36,28
1,<environment.Job instance at 0x14e89b0a5f50>,18,2,[10  2],22,57,59,35,30
1,<environment.Job instance at 0x14e89b0a5fa0>,19,3,[7 1],26,30,33,4,30
1,<environment.Job instance at 0x14e89b0a6140>,20,3,[2 8],27,59,62,32,36
1,<environment.Job instance at 0x14e89b0a6230>,23,3,[2 9],30,62,65,32,36
1,<environment.Job instance at 0x14e89b0a87d0>,35,12,[1 5],51,65,77,14,58
1,<environment.Job instance at 0x14e89b0a64b0>,24,23,[1 6],31,77,100,46,71
1,<environment.Job instance at 0x14e89b0a8730>,37,3,[8 1],53,71,74,18,71
1,<environment.Job instance at 0x14e89b0a86e0>,42,3,[2 9],64,100,103,36,74
1,<environment.Job instance at 0x14e89b0a8820>,38,3,[2 6],56,103,106,47,83
1,<environment.Job instance at 0x14e89b0a8f00>,47,16,[ 2 10],72,106,122,34,93
1,<environment.Job instance at 0x14e89b0aa050>,48,3,[10  2],73,122,125,49,96
1,<environment.Job instance at 0x14e89b0aa370>,50,3,[1 9],78,125,128,47,99
1,<environment.Job instance at 0x14e89b0aa870>,52,1,[6 2],82,99,100,17,99
1,<environment.Job instance at 0x14e89b0aa910>,53,3,[10  2],84,128,131,44,102
1,<environment.Job instance at 0x14e89b0aab90>,54,3,[5 1],88,102,105,14,102
1,<environment.Job instance at 0x14e89b0aaa00>,55,1,[2 8],89,131,132,42,103
1,<environment.Job instance at 0x14e89b0aa730>,56,2,[7 2],90,131,133,41,104
1,<environment.Job instance at 0x14e89b0aac80>,57,2,[6 2],91,133,135,42,106
1,<environment.Job instance at 0x14e89b0aacd0>,58,3,[9 1],92,125,128,33,106
1,<environment.Job instance at 0x14e89b0aad20>,59,14,[2 8],93,132,146,39,117
1,<environment.Job instance at 0x14e89b0ac230>,64,2,[6 1],99,135,137,36,131
1,<environment.Job instance at 0x14e89b0ac500>,65,2,[ 1 10],100,146,148,46,131
1,<environment.Job instance at 0x14e89b0ac640>,66,3,[9 2],102,148,151,46,131
1,<environment.Job instance at 0x14e89b0ac4b0>,67,2,[5 1],103,137,139,34,131
1,<environment.Job instance at 0x14e89b0aca00>,68,17,[1 9],104,151,168,47,139
1,<environment.Job instance at 0x14e89b0acaa0>,69,3,[9 2],105,168,171,63,142
1,<environment.Job instance at 0x14e89b0accd0>,70,2,[2 9],107,171,173,64,144
1,<environment.Job instance at 0x14e89b0ac050>,62,21,[1 8],96,173,194,77,169
1,<environment.Job instance at 0x14e89b0a5b40>,1,1,[5 1],3,3,4,0,3
1,<environment.Job instance at 0x14e89b1de820>,5,3,[2 8],9,9,12,0,9
1,<environment.Job instance at 0x14e89b1deb40>,7,2,[8 2],15,15,17,0,15
1,<environment.Job instance at 0x14e89b1de9b0>,12,1,[2 9],24,27,28,3,27
1,<environment.Job instance at 0x14e89b1dee60>,13,2,[7 2],25,28,30,3,27
1,<environment.Job instance at 0x14e8d520bdc0>,0,3,[5 2],2,2,5,0,2
1,<environment.Job instance at 0x14e89b1deaf0>,2,1,[8 1],4,5,6,1,4
1,<environment.Job instance at 0x14e8dc019e60>,4,1,[10  1],8,8,9,0,8
1,<environment.Job instance at 0x14e8dc0195f0>,5,1,[5 2],9,9,10,0,9
1,<environment.Job instance at 0x14e8dc019c30>,11,15,[5 2],16,23,38,7,23
1,<environment.Job instance at 0x14e89b3958c0>,16,2,[1 5],22,27,29,5,27
1,<environment.Job instance at 0x14e89b395fa0>,17,16,[1 8],23,29,45,6,27
1,<environment.Job instance at 0x14e8dc019820>,15,2,[2 9],21,45,47,24,27
1,<environment.Job instance at 0x14e89b395a50>,19,1,[9 1],26,38,39,12,27
1,<environment.Job instance at 0x14e89b395140>,18,14,[2 6],25,47,61,22,32
1,<environment.Job instance at 0x14e89b395f50>,21,2,[10  2],28,61,63,33,34
1,<environment.Job instance at 0x14e89b395370>,23,2,[5 2],31,39,41,8,34
1,<environment.Job instance at 0x14e89b395820>,24,2,[5 1],32,41,43,9,34
1,<environment.Job instance at 0x14e89b3955a0>,25,1,[1 7],33,63,64,30,35
1,<environment.Job instance at 0x14e8d02f6370>,27,1,[6 2],37,43,44,6,42
1,<environment.Job instance at 0x14e8d02f6870>,29,1,[2 6],40,64,65,24,42
1,<environment.Job instance at 0x14e8d02f6190>,30,3,[2 6],41,65,68,24,42
1,<environment.Job instance at 0x14e8d02f6640>,31,2,[9 1],42,68,70,26,42
1,<environment.Job instance at 0x14e89b395b40>,20,17,[2 5],27,70,87,43,58
1,<environment.Job instance at 0x14e89b30ac30>,33,2,[7 2],45,58,60,13,58
1,<environment.Job instance at 0x14e89b30ac80>,34,2,[9 2],46,87,89,41,60
1,<environment.Job instance at 0x14e89b30aa00>,35,3,[5 1],47,63,66,16,60
1,<environment.Job instance at 0x14e89b30a1e0>,36,2,[ 1 10],48,89,91,41,62
1,<environment.Job instance at 0x14e89b30a8c0>,39,1,[8 2],53,66,67,13,62
1,<environment.Job instance at 0x14e89b30aaa0>,40,17,[7 1],54,70,87,16,63
1,<environment.Job instance at 0x14e8de2ae0f0>,49,13,[2 9],63,91,104,28,75
1,<environment.Job instance at 0x14e8d02945f0>,51,3,[8 2],66,104,107,38,78
1,<environment.Job instance at 0x14e8d0294c80>,52,2,[ 1 10],68,107,109,39,80
1,<environment.Job instance at 0x14e89b42f410>,56,2,[7 2],72,109,111,37,95
1,<environment.Job instance at 0x14e89b42fbe0>,57,3,[10  1],73,111,114,38,95
1,<environment.Job instance at 0x14e89b42f5f0>,58,3,[6 1],74,95,98,21,95
1,<environment.Job instance at 0x14e89b42f6e0>,60,3,[2 7],76,104,107,28,95
1,<environment.Job instance at 0x14e8d0193c30>,61,1,[5 1],77,98,99,21,95
1,<environment.Job instance at 0x14e89b30a140>,41,17,[2 7],55,114,131,59,102
1,<environment.Job instance at 0x14e89b42f320>,63,3,[5 2],79,114,117,35,102
1,<environment.Job instance at 0x14e8d62c0dc0>,64,2,[8 2],80,117,119,37,102
1,<environment.Job instance at 0x14e89b42fd20>,65,3,[2 8],81,131,134,50,105
1,<environment.Job instance at 0x14e8d6e42d70>,66,2,[2 5],82,109,111,27,105
1,<environment.Job instance at 0x14e8de2ab960>,67,13,[7 2],84,119,132,35,105
1,<environment.Job instance at 0x14e8d6df0910>,69,15,[ 2 10],86,134,149,48,120
1,<environment.Job instance at 0x14e8d6dfbbe0>,70,3,[10  2],87,149,152,62,123
1,<environment.Job instance at 0x14e8d6dfbaf0>,71,3,[2 5],89,152,155,63,126
1,<environment.Job instance at 0x14e8d720f140>,74,2,[2 9],92,155,157,63,128
1,<environment.Job instance at 0x14e8d01399b0>,75,2,[2 7],93,157,159,64,130
1,<environment.Job instance at 0x14e8d0139e10>,76,18,[6 1],95,152,170,57,141
1,<environment.Job instance at 0x14e8dbf9d280>,81,16,[6 2],101,170,186,69,157
1,<environment.Job instance at 0x14e8d62b4370>,1,3,[1 8],3,8,11,5,8
1,<environment.Job instance at 0x14e8dc0192d0>,5,2,[6 1],9,27,29,18,27
1,<environment.Job instance at 0x14e89b4d9f50>,7,15,[10  2],14,29,44,15,27
1,<environment.Job instance at 0x14e89b4d9f00>,9,1,[1 5],17,54,55,37,54
1,<environment.Job instance at 0x14e89b4f0320>,14,14,[1 6],23,135,149,112,135
1,<environment.Job instance at 0x14e89b4f08c0>,20,2,[2 7],33,149,151,116,135
1,<environment.Job instance at 0x14e89b4f0af0>,23,12,[5 2],37,136,148,99,136
1,<environment.Job instance at 0x14e89b4f0c30>,27,3,[9 2],43,151,154,108,136
1,<environment.Job instance at 0x14e89b4c4190>,34,13,[7 2],54,154,167,100,147
1,<environment.Job instance at 0x14e89b4c4320>,35,3,[6 2],56,148,151,92,148
1,<environment.Job instance at 0x14e89b4c4730>,41,2,[10  2],63,245,247,182,245
1,<environment.Job instance at 0x14e89b4c4b90>,47,3,[9 2],71,249,252,178,249
1,<environment.Job instance at 0x14e89b4c4d70>,50,2,[8 2],80,252,254,172,251
1,<environment.Job instance at 0x14e89b4c4e10>,52,3,[1 9],82,254,257,172,251
1,<environment.Job instance at 0x14e89b4c3230>,58,2,[8 2],92,281,283,189,281
1,<environment.Job instance at 0x14e89b4c4a50>,46,2,[2 7],69,703,705,634,703
1,<environment.Job instance at 0x14e89b4c44b0>,2,1,[6 1],3,3,4,0,3
1,<environment.Job instance at 0x14e8d6561e10>,3,3,[5 2],4,4,7,0,4
1,<environment.Job instance at 0x14e8d6561230>,5,2,[8 2],6,7,9,1,6
1,<environment.Job instance at 0x14e8dd5938c0>,6,1,[9 2],7,9,10,2,7
1,<environment.Job instance at 0x14e8dd593e10>,7,2,[1 7],8,8,10,0,8
1,<environment.Job instance at 0x14e8dd593fa0>,9,16,[2 9],12,12,28,0,12
1,<environment.Job instance at 0x14e8dd593c30>,15,2,[7 2],21,28,30,7,21
1,<environment.Job instance at 0x14e89b04fa00>,16,3,[6 1],23,23,26,0,23
1,<environment.Job instance at 0x14e89b04f140>,17,2,[10  1],24,30,32,6,24
1,<environment.Job instance at 0x14e89b04ff50>,18,1,[9 1],25,32,33,7,25
1,<environment.Job instance at 0x14e89b04f500>,19,3,[5 1],26,33,36,7,26
1,<environment.Job instance at 0x14e89b04f820>,20,3,[1 6],27,32,35,5,27
1,<environment.Job instance at 0x14e8dd593a50>,8,26,[1 6],11,61,87,50,61
1,<environment.Job instance at 0x14e89b04f410>,23,2,[7 1],31,61,63,30,61
1,<environment.Job instance at 0x14e89b04ff00>,24,3,[9 1],36,63,66,27,61
1,<environment.Job instance at 0x14e89b04fcd0>,25,13,[2 5],38,87,100,49,71
1,<environment.Job instance at 0x14e89b04fd20>,26,2,[1 8],39,100,102,61,75
1,<environment.Job instance at 0x14e89b04fc80>,27,1,[2 6],40,102,103,62,86
1,<environment.Job instance at 0x14e89b04fe10>,28,2,[9 2],43,100,102,57,87
1,<environment.Job instance at 0x14e89b04f780>,29,1,[ 2 10],47,103,104,56,87
1,<environment.Job instance at 0x14e8dd5930a0>,12,14,[ 1 10],17,211,225,194,211
1,<environment.Job instance at 0x14e89b677960>,1,2,[8 2],3,3,5,0,3
1,<environment.Job instance at 0x14e8de4b1aa0>,3,3,[2 6],7,7,10,0,7
1,<environment.Job instance at 0x14e8d649e4b0>,7,14,[2 6],13,105,119,92,105
1,<environment.Job instance at 0x14e8d649e640>,11,1,[1 7],20,119,120,99,105
1,<environment.Job instance at 0x14e8d649e780>,13,27,[5 2],22,105,132,83,105
1,<environment.Job instance at 0x14e8d649e7d0>,14,27,[1 9],23,133,160,110,133
1,<environment.Job instance at 0x14e8d649e8c0>,15,1,[9 1],24,134,135,110,134
1,<environment.Job instance at 0x14e8d649e820>,16,1,[ 2 10],25,160,161,135,134
1,<environment.Job instance at 0x14e8d649ea50>,17,12,[2 8],28,161,173,133,144
1,<environment.Job instance at 0x14e8d649eaf0>,18,3,[ 1 10],31,173,176,142,147
1,<environment.Job instance at 0x14e8d649ebe0>,19,1,[8 2],32,161,162,129,147
1,<environment.Job instance at 0x14e8d649ed20>,22,13,[8 2],36,176,189,140,160
1,<environment.Job instance at 0x14e8d649edc0>,23,1,[7 1],37,162,163,125,160
1,<environment.Job instance at 0x14e8d649ef00>,24,1,[2 6],39,176,177,137,160
1,<environment.Job instance at 0x14e8d649ee10>,25,3,[1 5],40,177,180,137,160
1,<environment.Job instance at 0x14e8d649ef50>,26,3,[8 2],43,163,166,120,160
1,<environment.Job instance at 0x14e8db63f0f0>,27,1,[1 7],44,180,181,136,160
1,<environment.Job instance at 0x14e8db63f140>,28,3,[2 8],45,181,184,136,160
1,<environment.Job instance at 0x14e8db63f0a0>,29,2,[7 1],46,166,168,120,160
1,<environment.Job instance at 0x14e8db63f230>,30,28,[1 6],47,184,212,137,183
1,<environment.Job instance at 0x14e8db63f5a0>,35,2,[5 1],55,189,191,134,183
1,<environment.Job instance at 0x14e8db63f5f0>,36,2,[ 2 10],56,212,214,156,186
1,<environment.Job instance at 0x14e8db63f6e0>,37,3,[5 1],57,191,194,134,186
1,<environment.Job instance at 0x14e8db63f820>,38,1,[1 9],59,214,215,155,186
1,<environment.Job instance at 0x14e8db63f8c0>,40,2,[1 8],61,215,217,154,188
1,<environment.Job instance at 0x14e8db63fa00>,41,1,[1 9],63,217,218,154,191
1,<environment.Job instance at 0x14e8db63fa50>,43,3,[9 1],66,194,197,128,191
1,<environment.Job instance at 0x14e8db63fb40>,44,12,[9 1],67,197,209,130,191
1,<environment.Job instance at 0x14e8db659190>,2,1,[6 1],5,6,7,1,6
1,<environment.Job instance at 0x14e8d4ba7e10>,4,2,[1 7],9,11,13,2,11
1,<environment.Job instance at 0x14e8d6359870>,7,15,[6 2],12,15,30,3,15
1,<environment.Job instance at 0x14e8d71dd140>,9,17,[1 8],15,24,41,9,24
1,<environment.Job instance at 0x14e89b1b63c0>,1,3,[7 2],3,3,6,0,3
1,<environment.Job instance at 0x14e8d5212730>,2,1,[2 8],4,5,6,1,5
1,<environment.Job instance at 0x14e8d00d4460>,4,3,[10  1],8,8,11,0,8
1,<environment.Job instance at 0x14e8d00d4aa0>,6,3,[7 2],11,13,16,2,13
1,<environment.Job instance at 0x14e8d635d910>,9,1,[1 9],15,16,17,1,15
1,<environment.Job instance at 0x14e8d635d960>,10,3,[6 2],16,17,20,1,16
1,<environment.Job instance at 0x14e8d635de10>,8,15,[ 2 10],14,20,35,6,17
1,<environment.Job instance at 0x14e8d4b49d20>,14,2,[2 8],21,35,37,14,22
1,<environment.Job instance at 0x14e8d4b494b0>,16,3,[2 5],25,37,40,12,25
1,<environment.Job instance at 0x14e8d00360f0>,18,1,[1 6],28,40,41,12,28
1,<environment.Job instance at 0x14e8d0036550>,19,2,[2 6],30,41,43,11,30
1,<environment.Job instance at 0x14e8d00362d0>,20,2,[6 2],31,35,37,4,31
1,<environment.Job instance at 0x14e8d0036a00>,21,3,[2 7],32,43,46,11,32
1,<environment.Job instance at 0x14e8d0036230>,22,1,[10  1],36,46,47,10,36
1,<environment.Job instance at 0x14e8d0036e60>,23,3,[10  1],37,47,50,10,37
1,<environment.Job instance at 0x14e8d0036cd0>,24,2,[6 1],38,38,40,0,38
1,<environment.Job instance at 0x14e8d0036dc0>,25,3,[1 5],39,50,53,11,39
1,<environment.Job instance at 0x14e8d00367d0>,26,2,[10  2],40,53,55,13,40
1,<environment.Job instance at 0x14e8d0036690>,27,1,[9 1],41,50,51,9,41
1,<environment.Job instance at 0x14e89b63a370>,28,1,[1 8],42,55,56,13,42
1,<environment.Job instance at 0x14e89b63abe0>,34,3,[2 6],49,56,59,7,49
1,<environment.Job instance at 0x14e8d5e5d280>,35,2,[8 1],50,51,53,1,50
1,<environment.Job instance at 0x14e8d5e5d780>,36,1,[6 2],51,55,56,4,51
1,<environment.Job instance at 0x14e8d5e5d550>,37,1,[9 1],52,59,60,7,52
1,<environment.Job instance at 0x14e8d5e5da50>,38,1,[2 5],54,60,61,6,54
1,<environment.Job instance at 0x14e8d5e5d500>,39,3,[10  2],57,61,64,4,57
1,<environment.Job instance at 0x14e8d6de71e0>,40,1,[2 7],58,64,65,6,58
1,<environment.Job instance at 0x14e8d6de7b90>,56,1,[5 1],77,2064,2065,1987,2064
1,<environment.Job instance at 0x14e8de212280>,58,2,[7 1],80,2067,2069,1987,2067
1,<environment.Job instance at 0x14e8de212370>,60,1,[ 1 10],85,2081,2082,1996,2081
1,<environment.Job instance at 0x14e8de2121e0>,61,3,[1 9],86,2082,2085,1996,2081
1,<environment.Job instance at 0x14e8de212d20>,62,2,[9 2],88,2085,2087,1997,2081
1,<environment.Job instance at 0x14e8db682550>,63,3,[2 7],89,2087,2090,1998,2081
1,<environment.Job instance at 0x14e8db682be0>,67,14,[2 5],97,2090,2104,1993,2088
1,<environment.Job instance at 0x14e8db6e29b0>,73,13,[2 9],107,2104,2117,1997,2088
1,<environment.Job instance at 0x14e8dd589550>,1,3,[5 1],3,3,6,0,3
1,<environment.Job instance at 0x14e89b72f460>,4,1,[5 1],6,62,63,56,62
1,<environment.Job instance at 0x14e89b2d9050>,1,2,[2 8],2,2,4,0,2
1,<environment.Job instance at 0x14e89b2d9870>,2,3,[1 7],3,4,7,1,3
1,<environment.Job instance at 0x14e8d0306960>,4,3,[7 2],5,5,8,0,5
1,<environment.Job instance at 0x14e8d03067d0>,5,2,[8 1],6,8,10,2,6
1,<environment.Job instance at 0x14e8da16a960>,7,1,[10  1],8,10,11,2,8
1,<environment.Job instance at 0x14e8d0306c30>,8,2,[8 2],10,11,13,1,10
1,<environment.Job instance at 0x14e8d0306eb0>,10,3,[6 1],12,13,16,1,12
1,<environment.Job instance at 0x14e8d0306cd0>,9,1,[1 6],11,13,14,2,13
1,<environment.Job instance at 0x14e8d0306f50>,12,3,[2 5],14,14,17,0,14
1,<environment.Job instance at 0x14e8d03112d0>,13,3,[2 8],16,17,20,1,16
1,<environment.Job instance at 0x14e8d0311320>,17,3,[1 9],21,21,24,0,21
1,<environment.Job instance at 0x14e8d0311d70>,26,3,[8 2],31,63,66,32,63
1,<environment.Job instance at 0x14e8d0311dc0>,27,3,[ 2 10],32,66,69,34,64
1,<environment.Job instance at 0x14e8d0309910>,72,1,[6 1],94,1480,1481,1386,1480
1,<environment.Job instance at 0x14e8d03090f0>,73,3,[10  1],95,1481,1484,1386,1480
1,<environment.Job instance at 0x14e8d03092d0>,74,3,[6 2],96,1484,1487,1388,1480
1,<environment.Job instance at 0x14e8d63db460>,2,2,[10  1],4,4,6,0,4
1,<environment.Job instance at 0x14e8d63db320>,3,1,[ 1 10],7,7,8,0,7
1,<environment.Job instance at 0x14e8d63db640>,4,1,[5 2],8,11,12,3,11
1,<environment.Job instance at 0x14e8d63db5f0>,5,1,[8 1],9,12,13,3,12
1,<environment.Job instance at 0x14e8d01357d0>,8,3,[2 7],15,15,18,0,15
1,<environment.Job instance at 0x14e8d0135780>,9,3,[10  2],18,19,22,1,19
1,<environment.Job instance at 0x14e8d63f5730>,11,3,[8 2],21,22,25,1,21
1,<environment.Job instance at 0x14e8d63f5d70>,12,2,[2 5],24,24,26,0,24
1,<environment.Job instance at 0x14e8d63f50f0>,16,2,[9 1],29,29,31,0,29
1,<environment.Job instance at 0x14e8d63f5690>,18,3,[1 7],33,40,43,7,40
1,<environment.Job instance at 0x14e8d63f5550>,19,1,[8 2],34,40,41,6,40
1,<environment.Job instance at 0x14e8d63f5050>,20,2,[10  1],35,43,45,8,40
1,<environment.Job instance at 0x14e8d63f5140>,21,2,[10  1],36,45,47,9,40
1,<environment.Job instance at 0x14e8d63f59b0>,23,2,[2 5],38,48,50,10,48
1,<environment.Job instance at 0x14e8d63f5370>,24,1,[1 7],39,50,51,11,48
1,<environment.Job instance at 0x14e8d6f58f00>,26,3,[2 9],42,51,54,9,48
1,<environment.Job instance at 0x14e8d6f58640>,30,3,[10  2],48,70,73,22,70
1,<environment.Job instance at 0x14e8d6f585f0>,31,1,[10  2],49,73,74,24,70
1,<environment.Job instance at 0x14e8d6f58780>,32,2,[7 1],50,74,76,24,70
1,<environment.Job instance at 0x14e8d6f58f50>,33,2,[10  1],51,76,78,25,70
1,<environment.Job instance at 0x14e8d6f58190>,34,1,[1 7],52,74,75,22,70
1,<environment.Job instance at 0x14e8d6f58280>,35,1,[9 1],54,78,79,24,70
1,<environment.Job instance at 0x14e8d6453c30>,0,2,[1 8],1,1,3,0,1
1,<environment.Job instance at 0x14e8d6453a00>,3,3,[1 6],4,4,7,0,4
1,<environment.Job instance at 0x14e8d63f5a50>,4,2,[1 9],7,7,9,0,7
1,<environment.Job instance at 0x14e89b707690>,6,12,[5 1],9,9,21,0,9
1,<environment.Job instance at 0x14e89b707b40>,7,16,[1 7],11,11,27,0,11
1,<environment.Job instance at 0x14e89b707c80>,8,3,[2 6],12,27,30,15,12
1,<environment.Job instance at 0x14e89b707d20>,9,17,[6 1],15,21,38,6,15
1,<environment.Job instance at 0x14e89b707eb0>,10,3,[2 8],16,30,33,14,16
1,<environment.Job instance at 0x14e89add03c0>,13,1,[1 9],20,33,34,13,20
1,<environment.Job instance at 0x14e89add0b90>,14,1,[1 5],21,34,35,13,21
1,<environment.Job instance at 0x14e89add0a00>,18,15,[8 1],26,38,53,12,28
1,<environment.Job instance at 0x14e89add08c0>,15,26,[2 7],22,35,61,13,32
1,<environment.Job instance at 0x14e89add0730>,25,1,[7 2],35,53,54,18,35
1,<environment.Job instance at 0x14e89add0af0>,26,1,[1 8],36,61,62,25,44
1,<environment.Job instance at 0x14e89add5a50>,34,17,[7 2],46,56,73,10,56
1,<environment.Job instance at 0x14e89add5be0>,38,1,[ 1 10],52,73,74,21,66
1,<environment.Job instance at 0x14e89adbde10>,50,1,[1 5],68,68,69,0,68
1,<environment.Job instance at 0x14e89adbdfa0>,51,1,[8 2],69,74,75,5,69
1,<environment.Job instance at 0x14e89adc22d0>,52,2,[7 1],70,75,77,5,70
1,<environment.Job instance at 0x14e89adc2460>,55,2,[1 8],73,74,76,1,73
1,<environment.Job instance at 0x14e89adc2870>,56,3,[2 5],74,76,79,2,74
1,<environment.Job instance at 0x14e89adc2960>,58,2,[7 1],76,77,79,1,76
1,<environment.Job instance at 0x14e89adc2c30>,59,15,[2 7],77,79,94,2,77
1,<environment.Job instance at 0x14e89adc2d70>,60,1,[2 5],78,94,95,16,89
1,<environment.Job instance at 0x14e89adf3730>,68,2,[5 2],90,90,92,0,90
1,<environment.Job instance at 0x14e89adf39b0>,69,3,[1 5],91,94,97,3,91
1,<environment.Job instance at 0x14e89adf3aa0>,70,1,[1 5],93,95,96,2,93
1,<environment.Job instance at 0x14e89adf3c80>,71,16,[8 1],94,96,112,2,94
1,<environment.Job instance at 0x14e8d64531e0>,73,15,[8 2],96,112,127,16,98
1,<environment.Job instance at 0x14e89b716780>,75,3,[7 1],99,127,130,28,113
1,<environment.Job instance at 0x14e89b716640>,80,2,[1 8],105,114,116,9,114
1,<environment.Job instance at 0x14e89aecda00>,81,16,[1 6],106,116,132,10,114
1,<environment.Job instance at 0x14e89aee90f0>,83,14,[10  1],109,140,154,31,140
1,<environment.Job instance at 0x14e89add5a00>,35,13,[2 5],47,371,384,324,371
1,<environment.Job instance at 0x14e8d026c3c0>,0,3,[5 1],1,2,5,1,2
1,<environment.Job instance at 0x14e8d026c5a0>,2,3,[9 1],4,5,8,1,4
1,<environment.Job instance at 0x14e8d026c550>,3,3,[8 2],5,8,11,3,5
1,<environment.Job instance at 0x14e89add5cd0>,1,2,[8 1],3,11,13,8,5
1,<environment.Job instance at 0x14e8d6458410>,5,2,[2 7],9,9,11,0,9
1,<environment.Job instance at 0x14e8d6458d20>,7,13,[ 2 10],12,13,26,1,12
1,<environment.Job instance at 0x14e8d0305aa0>,8,2,[1 9],13,26,28,13,13
1,<environment.Job instance at 0x14e89b0ae8c0>,16,3,[7 1],21,27,30,6,27
1,<environment.Job instance at 0x14e89b0ae0f0>,17,3,[8 2],22,30,33,8,27
1,<environment.Job instance at 0x14e8d63d8be0>,9,23,[1 5],14,29,52,15,29
1,<environment.Job instance at 0x14e89ad3f5a0>,21,16,[8 2],31,33,49,2,31
1,<environment.Job instance at 0x14e89af9e9b0>,28,3,[9 2],40,49,52,9,40
1,<environment.Job instance at 0x14e89b7c9230>,29,1,[ 2 10],41,52,53,11,41
1,<environment.Job instance at 0x14e8db71c870>,30,2,[6 2],42,53,55,11,42
1,<environment.Job instance at 0x14e8d00bfa50>,31,1,[1 5],44,53,54,9,44
1,<environment.Job instance at 0x14e8d6e67d20>,32,2,[5 2],45,55,57,10,45
1,<environment.Job instance at 0x14e89b01f1e0>,33,2,[8 1],46,57,59,11,46
1,<environment.Job instance at 0x14e8dc022fa0>,34,2,[8 1],47,59,61,12,47
1,<environment.Job instance at 0x14e8db638c30>,27,12,[9 1],38,61,73,23,48
1,<environment.Job instance at 0x14e8db6b7cd0>,36,3,[10  2],49,73,76,24,49
1,<environment.Job instance at 0x14e8db6b7e10>,38,3,[2 7],51,56,59,5,56
1,<environment.Job instance at 0x14e8dc022c80>,35,17,[ 2 10],48,76,93,28,65
1,<environment.Job instance at 0x14e89acad6e0>,40,2,[1 6],53,93,95,40,78
1,<environment.Job instance at 0x14e89acad410>,41,16,[1 9],54,95,111,41,84
1,<environment.Job instance at 0x14e8da1806e0>,56,3,[9 1],74,216,219,142,216
1,<environment.Job instance at 0x14e8da1804b0>,57,14,[2 5],76,219,233,143,219
1,<environment.Job instance at 0x14e8da180640>,58,2,[1 8],77,233,235,156,219
1,<environment.Job instance at 0x14e8da1803c0>,59,1,[5 1],78,222,223,144,222
1,<environment.Job instance at 0x14e8da180a00>,60,14,[1 7],79,235,249,156,223
1,<environment.Job instance at 0x14e8da1800f0>,61,2,[8 1],81,227,229,146,227
1,<environment.Job instance at 0x14e8da180690>,62,2,[6 2],83,229,231,146,227
1,<environment.Job instance at 0x14e8da180730>,63,2,[1 5],84,231,233,147,227
1,<environment.Job instance at 0x14e8da180be0>,64,2,[9 2],85,233,235,148,228
1,<environment.Job instance at 0x14e8da180500>,65,1,[9 1],88,235,236,147,229
1,<environment.Job instance at 0x14e89b028a50>,66,2,[9 1],89,236,238,147,232
1,<environment.Job instance at 0x14e89b028fa0>,67,2,[6 2],90,238,240,148,232
1,<environment.Job instance at 0x14e89b028c30>,68,2,[2 9],92,249,251,157,232
1,<environment.Job instance at 0x14e89b028aa0>,70,3,[7 1],94,240,243,146,232
1,<environment.Job instance at 0x14e89b0282d0>,71,2,[ 1 10],95,251,253,156,234
1,<environment.Job instance at 0x14e89b15f9b0>,0,3,[2 5],1,1,4,0,1
1,<environment.Job instance at 0x14e89b15f0a0>,3,3,[7 2],5,5,8,0,5
1,<environment.Job instance at 0x14e89b15fc80>,4,3,[1 6],7,7,10,0,7
1,<environment.Job instance at 0x14e89b15f640>,5,2,[1 6],9,10,12,1,9
1,<environment.Job instance at 0x14e89b15f4b0>,6,2,[8 1],13,13,15,0,13
1,<environment.Job instance at 0x14e89b15f7d0>,7,3,[9 2],14,15,18,1,14
1,<environment.Job instance at 0x14e89b15f3c0>,11,3,[5 1],20,20,23,0,20
1,<environment.Job instance at 0x14e8dd5665f0>,12,26,[5 2],22,22,48,0,22
1,<environment.Job instance at 0x14e89b7d9f00>,16,3,[2 6],27,33,36,6,33
1,<environment.Job instance at 0x14e89b7d95f0>,20,3,[1 9],36,48,51,12,36
1,<environment.Job instance at 0x14e89b7d9550>,21,1,[5 2],37,37,38,0,37
1,<environment.Job instance at 0x14e89b7d96e0>,22,1,[9 1],38,48,49,10,38
1,<environment.Job instance at 0x14e8d6e42820>,23,23,[9 1],40,49,72,9,43
1,<environment.Job instance at 0x14e89ae4b690>,27,2,[1 5],44,45,47,1,45
1,<environment.Job instance at 0x14e89ae4b870>,29,12,[5 1],48,72,84,24,55
1,<environment.Job instance at 0x14e89ae4bdc0>,31,1,[7 1],51,84,85,33,63
1,<environment.Job instance at 0x14e89b356af0>,39,3,[1 9],64,64,67,0,64
1,<environment.Job instance at 0x14e89b356730>,40,3,[2 7],66,72,75,6,66
1,<environment.Job instance at 0x14e89b356690>,41,3,[2 9],67,75,78,8,67
1,<environment.Job instance at 0x14e89b356aa0>,42,3,[6 1],69,85,88,16,69
1,<environment.Job instance at 0x14e89b3563c0>,43,18,[7 2],70,88,106,18,77
1,<environment.Job instance at 0x14e8dc041910>,45,2,[9 1],72,106,108,34,79
1,<environment.Job instance at 0x14e8d6e83e10>,68,3,[ 2 10],106,123,126,17,123
1,<environment.Job instance at 0x14e8d6de7820>,0,2,[ 1 10],1,1,3,0,1
1,<environment.Job instance at 0x14e89adbadc0>,1,1,[ 2 10],2,3,4,1,2
1,<environment.Job instance at 0x14e8d6de7370>,2,3,[1 9],4,4,7,0,4
1,<environment.Job instance at 0x14e89b0b0f50>,4,13,[ 1 10],7,7,20,0,7
1,<environment.Job instance at 0x14e89b0b0140>,5,2,[ 1 10],10,20,22,10,10
1,<environment.Job instance at 0x14e89b0b0960>,7,1,[1 6],12,22,23,10,12
1,<environment.Job instance at 0x14e89b0b06e0>,8,1,[1 8],13,23,24,10,13
1,<environment.Job instance at 0x14e89b0b0c80>,9,1,[8 2],15,22,23,7,15
1,<environment.Job instance at 0x14e89b0b08c0>,10,2,[10  2],16,24,26,8,16
1,<environment.Job instance at 0x14e89b0b0460>,12,14,[6 2],20,26,40,6,20
1,<environment.Job instance at 0x14e89b0b0c30>,13,1,[5 2],21,40,41,19,27
1,<environment.Job instance at 0x14e89b714f50>,19,1,[2 9],28,41,42,13,28
1,<environment.Job instance at 0x14e89b714dc0>,20,1,[10  2],29,42,43,13,29
1,<environment.Job instance at 0x14e89b7145f0>,21,2,[5 2],32,43,45,11,32
1,<environment.Job instance at 0x14e89b7147d0>,22,2,[10  1],33,45,47,12,33
1,<environment.Job instance at 0x14e89b714cd0>,23,17,[7 1],35,47,64,12,35
1,<environment.Job instance at 0x14e89b714050>,24,1,[7 2],36,64,65,28,36
1,<environment.Job instance at 0x14e89ad2a230>,25,15,[7 1],37,65,80,28,51
1,<environment.Job instance at 0x14e89ad2a320>,27,3,[1 9],44,51,54,7,51
1,<environment.Job instance at 0x14e89ad2a140>,28,1,[1 7],47,54,55,7,52
1,<environment.Job instance at 0x14e89ad2afa0>,32,2,[8 1],56,80,82,24,56
1,<environment.Job instance at 0x14e89ad2ac80>,33,3,[8 2],58,82,85,24,58
1,<environment.Job instance at 0x14e8d656d7d0>,41,3,[10  2],72,85,88,13,72
1,<environment.Job instance at 0x14e89ad2acd0>,34,14,[10  2],59,88,102,29,73
1,<environment.Job instance at 0x14e8db6d6550>,44,2,[9 1],77,102,104,25,78
1,<environment.Job instance at 0x14e8d6e37d20>,47,2,[6 2],82,104,106,22,82
1,<environment.Job instance at 0x14e8da16c1e0>,52,2,[1 7],93,102,104,9,93
1,<environment.Job instance at 0x14e8da16ca50>,49,3,[ 2 10],88,106,109,18,95
1,<environment.Job instance at 0x14e8d64a1c80>,57,2,[8 1],98,109,111,11,107
1,<environment.Job instance at 0x14e8d64a18c0>,58,3,[2 9],100,109,112,9,107
1,<environment.Job instance at 0x14e8d64a1d20>,59,1,[1 9],101,112,113,11,107
1,<environment.Job instance at 0x14e8d64a1e60>,61,2,[5 1],103,117,119,14,117
1,<environment.Job instance at 0x14e8d6295aa0>,62,3,[2 5],104,118,121,14,118
1,<environment.Job instance at 0x14e8d727f500>,65,1,[6 1],108,119,120,11,118
1,<environment.Job instance at 0x14e8d64a1190>,56,2,[10  1],97,2355,2357,2258,2355
1,<environment.Job instance at 0x14aed9336960>,1,3,[1 9],2,2,5,0,2
1,<environment.Job instance at 0x14aed9336a50>,2,1,[2 5],3,5,6,2,3
1,<environment.Job instance at 0x14aed9336c30>,4,2,[7 2],5,6,8,1,6
1,<environment.Job instance at 0x14aecf6d1a50>,3,1,[6 2],4,8,9,4,6
1,<environment.Job instance at 0x14aecf6d19b0>,9,2,[6 1],11,11,13,0,11
1,<environment.Job instance at 0x14aecf6d1dc0>,10,13,[2 8],12,12,25,0,12
1,<environment.Job instance at 0x14aecf6d40a0>,11,3,[1 8],13,25,28,12,13
1,<environment.Job instance at 0x14aecf6d4410>,12,3,[1 8],14,28,31,14,14
1,<environment.Job instance at 0x14aecf6d4550>,13,2,[8 1],17,17,19,0,17
1,<environment.Job instance at 0x14aecf6d45a0>,14,2,[ 1 10],18,31,33,13,18
1,<environment.Job instance at 0x14aed1f977d0>,15,1,[ 1 10],20,33,34,13,20
1,<environment.Job instance at 0x14aecf6c82d0>,16,1,[2 5],21,34,35,13,21
1,<environment.Job instance at 0x14aed1ecf910>,17,17,[6 1],23,34,51,11,23
1,<environment.Job instance at 0x14aecf6c7640>,18,2,[10  1],25,51,53,26,25
1,<environment.Job instance at 0x14aecf6c7b40>,19,3,[6 2],26,26,29,0,26
1,<environment.Job instance at 0x14aecf6c75f0>,21,3,[6 1],29,53,56,24,29
1,<environment.Job instance at 0x14aecf6c75a0>,23,2,[8 1],31,56,58,25,32
1,<environment.Job instance at 0x14aecf6c7c30>,25,2,[2 8],34,37,39,3,37
1,<environment.Job instance at 0x14aecfb83190>,0,2,[1 8],1,1,3,0,1
1,<environment.Job instance at 0x14aed13370a0>,1,2,[2 6],2,3,5,1,2
1,<environment.Job instance at 0x14aed0234640>,5,1,[2 5],8,8,9,0,8
1,<environment.Job instance at 0x14aed0234d70>,8,1,[5 1],11,12,13,1,12
1,<environment.Job instance at 0x14aed0234af0>,10,12,[9 2],14,15,27,1,15
1,<environment.Job instance at 0x14aed0234f50>,12,13,[ 1 10],16,131,144,115,131
1,<environment.Job instance at 0x14aed0234230>,14,17,[1 9],19,178,195,159,178
1,<environment.Job instance at 0x14aed0234d20>,15,13,[2 9],20,195,208,175,181
1,<environment.Job instance at 0x14aed0234dc0>,19,1,[8 2],24,208,209,184,182
1,<environment.Job instance at 0x14aed0237b90>,22,2,[ 1 10],30,209,211,179,182
1,<environment.Job instance at 0x14aed0237f00>,21,18,[1 8],26,211,229,185,200
1,<environment.Job instance at 0x14aed0237190>,24,3,[ 2 10],32,229,232,197,205
1,<environment.Job instance at 0x14aed21fdf50>,0,2,[10  2],1,1,3,0,1
1,<environment.Job instance at 0x14aed0232640>,1,3,[2 8],5,5,8,0,5
1,<environment.Job instance at 0x14aed12f9fa0>,2,1,[2 6],6,8,9,2,7
1,<environment.Job instance at 0x14aed1f33b90>,3,2,[1 6],7,9,11,2,7
1,<environment.Job instance at 0x14aed6f7f230>,7,2,[7 2],17,17,19,0,17
1,<environment.Job instance at 0x14aed6f7f5a0>,10,3,[8 1],22,22,25,0,22
1,<environment.Job instance at 0x14aed6f7f410>,11,1,[7 2],23,25,26,2,23
1,<environment.Job instance at 0x14aed6f7f640>,12,2,[5 2],24,26,28,2,24
1,<environment.Job instance at 0x14aed6f7fd70>,18,2,[6 2],32,35,37,3,35
1,<environment.Job instance at 0x14aed6739d70>,19,1,[1 5],33,47,48,14,47
1,<environment.Job instance at 0x14aed6739fa0>,21,3,[ 2 10],35,48,51,13,48
1,<environment.Job instance at 0x14aed1390050>,1,3,[2 7],3,3,6,0,3
1,<environment.Job instance at 0x14ae9a937dc0>,3,2,[8 1],8,8,10,0,8
1,<environment.Job instance at 0x14ae9a937b90>,4,2,[1 9],11,14,16,3,14
1,<environment.Job instance at 0x14ae9a937190>,8,1,[9 2],15,17,18,2,17
1,<environment.Job instance at 0x14ae9a937f50>,9,18,[ 1 10],16,32,50,16,32
1,<environment.Job instance at 0x14ae9a937050>,10,2,[1 6],18,50,52,32,39
1,<environment.Job instance at 0x14ae9a9379b0>,11,3,[ 2 10],20,52,55,32,39
1,<environment.Job instance at 0x14ae9a9371e0>,12,1,[7 2],21,50,51,29,43
1,<environment.Job instance at 0x14ae9a937cd0>,14,16,[9 1],23,55,71,32,43
1,<environment.Job instance at 0x14ae9a937780>,15,1,[6 2],25,51,52,26,49
1,<environment.Job instance at 0x14ae9a937230>,16,3,[2 7],26,71,74,45,60
1,<environment.Job instance at 0x14ae9a9370a0>,17,14,[7 2],27,71,85,44,60
1,<environment.Job instance at 0x14ae9a937aa0>,18,2,[ 1 10],29,85,87,56,67
1,<environment.Job instance at 0x14ae9a937eb0>,19,3,[10  2],30,87,90,57,70
1,<environment.Job instance at 0x14ae9a937c80>,20,2,[2 9],31,90,92,59,71
1,<environment.Job instance at 0x14aed21fdaf0>,21,3,[9 1],34,92,95,58,71
1,<environment.Job instance at 0x14aed21fd730>,22,18,[6 2],36,95,113,59,89
1,<environment.Job instance at 0x14aed21fdd20>,26,2,[5 1],43,129,131,86,129
1,<environment.Job instance at 0x14aed21fd690>,27,1,[2 7],44,135,136,91,135
1,<environment.Job instance at 0x14aed21fdcd0>,28,2,[10  2],45,136,138,91,135
1,<environment.Job instance at 0x14ae9a9dbc30>,29,2,[6 1],46,138,140,92,137
1,<environment.Job instance at 0x14aed21fd370>,30,3,[9 2],48,140,143,92,139
1,<environment.Job instance at 0x14aed21fd8c0>,31,3,[6 2],51,143,146,92,139
1,<environment.Job instance at 0x14ae9a9c27d0>,32,2,[5 2],52,146,148,94,142
1,<environment.Job instance at 0x14ae9a9cb140>,33,3,[1 7],53,142,145,89,142
1,<environment.Job instance at 0x14ae9a9c2820>,34,2,[9 2],55,148,150,93,143
1,<environment.Job instance at 0x14ae9a9fcaf0>,35,1,[7 2],56,150,151,94,145
1,<environment.Job instance at 0x14ae9a9c2730>,36,3,[1 7],58,145,148,87,145
1,<environment.Job instance at 0x14ae9a9fceb0>,37,14,[1 6],59,148,162,89,147
1,<environment.Job instance at 0x14ae9a9fc550>,38,14,[1 9],60,162,176,102,152
1,<environment.Job instance at 0x14aed6fd3c80>,39,3,[6 1],63,160,163,97,160
1,<environment.Job instance at 0x14aed6fd35a0>,41,2,[2 9],65,176,178,111,161
1,<environment.Job instance at 0x14ae9a9e4c30>,42,2,[2 5],66,178,180,112,162
1,<environment.Job instance at 0x14aed6fd38c0>,43,16,[2 9],67,180,196,113,167
1,<environment.Job instance at 0x14ae9a9b68c0>,44,12,[5 2],68,196,208,128,179
1,<environment.Job instance at 0x14ae9a9e4a00>,45,3,[8 1],69,181,184,112,181
1,<environment.Job instance at 0x14aed6fc0e10>,46,3,[8 1],73,184,187,111,181
1,<environment.Job instance at 0x14ae9a9d6910>,47,1,[10  1],74,208,209,134,200
1,<environment.Job instance at 0x14aed6fcf370>,48,27,[1 7],75,216,243,141,216
1,<environment.Job instance at 0x14ae9a9d6730>,49,15,[2 8],78,246,261,168,246
1,<environment.Job instance at 0x14ae9a9cce10>,50,16,[2 8],79,261,277,182,251
1,<environment.Job instance at 0x14ae9a9ccc80>,51,13,[ 2 10],82,277,290,195,263
1,<environment.Job instance at 0x14ae9a9ccb40>,52,1,[2 6],83,290,291,207,283
1,<environment.Job instance at 0x14ae9a9cc550>,53,2,[1 5],85,291,293,206,285
1,<environment.Job instance at 0x14ae9a9ccbe0>,54,2,[8 1],86,290,292,204,286
1,<environment.Job instance at 0x14ae9a9ccf00>,55,3,[2 9],87,293,296,206,289
1,<environment.Job instance at 0x14ae9a9cc820>,56,1,[5 1],89,292,293,203,291
1,<environment.Job instance at 0x14ae9a9cc460>,57,3,[1 5],90,302,305,212,302
1,<environment.Job instance at 0x14ae9a9c1b40>,58,2,[1 9],91,306,308,215,306
1,<environment.Job instance at 0x14ae9a9c1aa0>,59,3,[2 8],92,308,311,216,306
1,<environment.Job instance at 0x14ae9a9c1a50>,60,1,[1 8],95,311,312,216,308
1,<environment.Job instance at 0x14ae9a9c1af0>,61,16,[2 6],96,312,328,216,311
1,<environment.Job instance at 0x14ae9a9c1b90>,62,3,[1 6],97,328,331,231,315
1,<environment.Job instance at 0x14ae9a9c1fa0>,63,2,[8 2],98,317,319,219,317
1,<environment.Job instance at 0x14ae9a9c15f0>,64,14,[9 1],100,328,342,228,317
1,<environment.Job instance at 0x14ae9a9c1730>,65,3,[10  1],101,342,345,241,323
1,<environment.Job instance at 0x14ae9a9c18c0>,66,2,[1 7],102,334,336,232,334
1,<environment.Job instance at 0x14aed6fa98c0>,67,15,[1 5],103,365,380,262,365
1,<environment.Job instance at 0x14aed6fa9280>,68,3,[1 9],104,380,383,276,366
1,<environment.Job instance at 0x14aed6fa9320>,69,2,[1 8],106,383,385,277,372
1,<environment.Job instance at 0x14ae9aa0c910>,70,2,[1 5],108,385,387,277,380
1,<environment.Job instance at 0x14aed13fe640>,71,15,[10  1],109,387,402,278,382
1,<environment.Job instance at 0x14ae9aa0c500>,72,1,[2 8],110,402,403,292,393
1,<environment.Job instance at 0x14aed13fea00>,73,1,[8 2],111,402,403,291,395
1,<environment.Job instance at 0x14ae9a7153c0>,0,2,[1 7],1,1,3,0,1
1,<environment.Job instance at 0x14aed9237a00>,3,3,[1 6],4,5,8,1,5
1,<environment.Job instance at 0x14aecc1f7c80>,5,2,[ 1 10],6,8,10,2,6
1,<environment.Job instance at 0x14aed146bb90>,4,16,[1 5],5,10,26,5,6
1,<environment.Job instance at 0x14aecc1d0230>,10,2,[1 8],11,26,28,15,11
1,<environment.Job instance at 0x14aecc1d08c0>,11,3,[2 8],12,28,31,16,12
1,<environment.Job instance at 0x14aecc1d0af0>,12,2,[2 8],13,31,33,18,13
1,<environment.Job instance at 0x14aecc1d0c80>,13,3,[5 2],16,16,19,0,16
1,<environment.Job instance at 0x14aecc194730>,14,1,[6 2],18,19,20,1,18
1,<environment.Job instance at 0x14aecc194a50>,15,2,[2 8],19,33,35,14,19
1,<environment.Job instance at 0x14aecc194820>,16,1,[6 2],21,21,22,0,21
1,<environment.Job instance at 0x14aecc1947d0>,17,1,[2 9],22,35,36,13,22
1,<environment.Job instance at 0x14aecc1d0050>,9,3,[6 1],10,26,29,16,26
1,<environment.Job instance at 0x14aed15927d0>,21,1,[5 2],27,29,30,2,28
1,<environment.Job instance at 0x14aed1592be0>,22,1,[2 5],28,36,37,8,30
1,<environment.Job instance at 0x14aed1592550>,23,2,[ 1 10],30,37,39,7,30
1,<environment.Job instance at 0x14aecc06b050>,24,3,[2 5],31,39,42,8,32
1,<environment.Job instance at 0x14aecc17ae10>,26,2,[5 2],33,39,41,6,39
1,<environment.Job instance at 0x14aecc194870>,18,27,[ 2 10],23,42,69,19,40
1,<environment.Job instance at 0x14aecc1692d0>,30,3,[10  2],39,69,72,30,43
1,<environment.Job instance at 0x14aecc09ed70>,32,15,[1 8],42,364,379,322,364
1,<environment.Job instance at 0x14aecc09e280>,36,17,[9 2],48,393,410,345,393
1,<environment.Job instance at 0x14aed143e7d0>,37,1,[6 2],49,447,448,398,447
1,<environment.Job instance at 0x14aed143e230>,38,2,[1 5],50,501,503,451,501
1,<environment.Job instance at 0x14aed143e1e0>,39,1,[1 7],51,772,773,721,772
1,<environment.Job instance at 0x14aed143ebe0>,40,3,[2 7],52,873,876,821,873
1,<environment.Job instance at 0x14aed143e2d0>,41,2,[1 5],53,1058,1060,1005,1058
1,<environment.Job instance at 0x14aed143eb40>,42,1,[1 9],55,1355,1356,1300,1355
1,<environment.Job instance at 0x14aed1504190>,43,1,[2 5],56,1434,1435,1378,1434
1,<environment.Job instance at 0x14aed15045a0>,44,15,[7 1],57,1444,1459,1387,1444
1,<environment.Job instance at 0x14aed15040a0>,45,1,[2 6],58,1684,1685,1626,1684
1,<environment.Job instance at 0x14aed700f8c0>,46,1,[2 8],60,2675,2676,2615,2675
1,<environment.Job instance at 0x14aed700f280>,47,1,[2 6],61,2722,2723,2661,2722
1,<environment.Job instance at 0x14aed700f690>,48,3,[1 7],63,2793,2796,2730,2793
1,<environment.Job instance at 0x14ae9a6c4640>,2,3,[8 1],3,3,6,0,3
1,<environment.Job instance at 0x14aed700f690>,3,3,[2 6],6,6,9,0,6
1,<environment.Job instance at 0x14ae9a4df820>,5,16,[1 5],11,11,27,0,11
1,<environment.Job instance at 0x14ae9a4df6e0>,7,3,[2 9],14,27,30,13,14
1,<environment.Job instance at 0x14ae9a4dfa50>,8,1,[10  2],15,30,31,15,15
1,<environment.Job instance at 0x14ae9a4dffa0>,11,2,[ 1 10],20,31,33,11,20
1,<environment.Job instance at 0x14ae9a4e1140>,13,3,[10  2],23,33,36,10,23
1,<environment.Job instance at 0x14ae9a4e1410>,14,2,[1 6],27,36,38,9,27
1,<environment.Job instance at 0x14ae9a4e1550>,15,3,[1 9],28,38,41,10,28
1,<environment.Job instance at 0x14ae9a4e15f0>,17,1,[6 2],32,36,37,4,32
1,<environment.Job instance at 0x14ae9a4e1870>,18,3,[10  2],34,41,44,7,34
1,<environment.Job instance at 0x14ae9a4e1960>,19,3,[5 1],38,38,41,0,38
1,<environment.Job instance at 0x14ae9a4e1af0>,20,1,[2 8],39,44,45,5,39
1,<environment.Job instance at 0x14ae9a4e1c30>,21,2,[7 2],40,44,46,4,40
1,<environment.Job instance at 0x14ae9a4e1d70>,22,2,[6 2],41,46,48,5,41
1,<environment.Job instance at 0x14ae9a4e1eb0>,23,3,[9 1],42,48,51,6,42
1,<environment.Job instance at 0x14ae9a4e1f50>,24,14,[2 8],43,51,65,8,43
1,<environment.Job instance at 0x14ae9a4e1c80>,25,2,[5 2],44,51,53,7,44
1,<environment.Job instance at 0x14ae9a4e2320>,28,17,[2 8],47,65,82,18,53
1,<environment.Job instance at 0x14ae9a4e27d0>,32,2,[5 1],53,53,55,0,53
1,<environment.Job instance at 0x14ae9a4e29b0>,33,17,[1 9],54,82,99,28,70
1,<environment.Job instance at 0x14ae9a4e2a50>,34,3,[9 2],55,99,102,44,73
1,<environment.Job instance at 0x14ae9a4e2a00>,35,2,[2 9],57,102,104,45,76
1,<environment.Job instance at 0x14ae9a4e2be0>,37,1,[5 1],63,76,77,13,76
1,<environment.Job instance at 0x14ae9a4e2e60>,41,3,[2 8],69,104,107,35,78
1,<environment.Job instance at 0x14ae9a4e26e0>,36,15,[2 8],62,107,122,45,93
1,<environment.Job instance at 0x14ae9a4e41e0>,43,2,[8 2],75,104,106,29,93
1,<environment.Job instance at 0x14ae9a4e4280>,47,3,[1 9],81,122,125,41,103
1,<environment.Job instance at 0x14ae9a4e4910>,49,2,[7 2],85,106,108,21,103
1,<environment.Job instance at 0x14ae9a4e4a00>,52,3,[9 2],88,125,128,37,116
1,<environment.Job instance at 0x14ae9a4e4fa0>,58,13,[8 2],97,131,144,34,131
1,<environment.Job instance at 0x14ae9a4e72d0>,60,15,[6 1],99,144,159,45,131
1,<environment.Job instance at 0x14ae9a4e7370>,61,3,[6 2],100,159,162,59,133
1,<environment.Job instance at 0x14ae9a4e7410>,62,1,[6 2],101,162,163,61,134
1,<environment.Job instance at 0x14ae9a5bb8c0>,0,14,[1 5],1,3,17,2,3
1,<environment.Job instance at 0x14ae9a4ecaa0>,1,12,[2 6],3,17,29,14,5
1,<environment.Job instance at 0x14ae9a61de60>,10,1,[10  2],17,29,30,12,17
1,<environment.Job instance at 0x14ae9a61d780>,11,2,[7 2],18,18,20,0,18
1,<environment.Job instance at 0x14ae9a5bbd20>,6,16,[1 6],11,30,46,19,19
1,<environment.Job instance at 0x14ae9a61d820>,13,3,[1 5],20,46,49,26,20
1,<environment.Job instance at 0x14ae9a61d8c0>,15,3,[9 2],23,30,33,7,29
1,<environment.Job instance at 0x14ae9a61d460>,16,13,[1 9],24,49,62,25,33
1,<environment.Job instance at 0x14ae9a61d0a0>,17,2,[1 8],25,62,64,37,35
1,<environment.Job instance at 0x14ae9a61d550>,14,12,[2 9],22,64,76,42,47
1,<environment.Job instance at 0x14ae9a61df00>,25,1,[6 1],36,47,48,11,47
1,<environment.Job instance at 0x14ae9a5d0820>,27,3,[2 7],39,76,79,37,50
1,<environment.Job instance at 0x14ae9a5d01e0>,30,1,[1 7],42,79,80,37,51
1,<environment.Job instance at 0x14ae9a5d0190>,31,1,[6 2],43,62,63,19,51
1,<environment.Job instance at 0x14ae9a5d0410>,32,2,[2 7],44,80,82,36,53
1,<environment.Job instance at 0x14ae9a5d05a0>,26,12,[ 1 10],37,82,94,45,65
1,<environment.Job instance at 0x14ae9a5d0cd0>,34,3,[7 1],46,65,68,19,65
1,<environment.Job instance at 0x14ae9a5d0640>,36,2,[1 9],49,94,96,45,67
1,<environment.Job instance at 0x14ae9a5d0c30>,37,2,[7 2],50,76,78,26,67
1,<environment.Job instance at 0x14ae9a6183c0>,38,3,[5 2],52,78,81,26,67
1,<environment.Job instance at 0x14ae9a6189b0>,40,1,[8 1],54,68,69,14,67
1,<environment.Job instance at 0x14ae9a618d20>,41,1,[1 5],56,96,97,40,68
1,<environment.Job instance at 0x14ae9a618320>,42,1,[10  1],58,97,98,39,69
1,<environment.Job instance at 0x14ae9a618a50>,43,1,[5 2],59,81,82,22,69
1,<environment.Job instance at 0x14ae9a5d0f50>,33,16,[ 2 10],45,98,114,53,88
1,<environment.Job instance at 0x14ae9a618e60>,50,3,[2 7],68,114,117,46,89
1,<environment.Job instance at 0x14ae9a6180a0>,49,15,[5 2],66,114,129,48,100
1,<environment.Job instance at 0x14ae9a66eaa0>,52,15,[6 1],70,129,144,59,115
1,<environment.Job instance at 0x14ae9a66e500>,57,1,[9 1],76,144,145,68,116
1,<environment.Job instance at 0x14ae9a4fff00>,59,2,[10  2],78,145,147,67,118
1,<environment.Job instance at 0x14ae9a4ff8c0>,60,15,[9 2],80,147,162,67,133
1,<environment.Job instance at 0x14ae9a4ff1e0>,61,2,[5 2],81,162,164,81,135
1,<environment.Job instance at 0x14ae9a559cd0>,65,1,[6 2],87,164,165,77,138
1,<environment.Job instance at 0x14ae9a559320>,66,1,[5 1],88,162,163,74,138
1,<environment.Job instance at 0x14aecc2829b0>,71,2,[7 2],95,165,167,70,138
1,<environment.Job instance at 0x14aecc282f00>,72,2,[9 2],96,167,169,71,140
1,<environment.Job instance at 0x14aecc282c80>,73,3,[5 1],97,169,172,72,144
1,<environment.Job instance at 0x14ae9a8867d0>,74,2,[ 1 10],98,172,174,74,148
1,<environment.Job instance at 0x14aecc22a9b0>,77,1,[8 2],103,174,175,71,149
1,<environment.Job instance at 0x14ae9a8a7500>,78,17,[7 1],104,175,192,71,163
1,<environment.Job instance at 0x14aed667b9b0>,80,13,[2 8],106,174,187,68,163
1,<environment.Job instance at 0x14ae9a676780>,81,16,[6 1],107,192,208,85,179
1,<environment.Job instance at 0x14aecc023050>,82,1,[8 2],108,208,209,100,180
1,<environment.Job instance at 0x14aed7068c80>,83,1,[5 2],109,209,210,100,181
1,<environment.Job instance at 0x14aed923b5a0>,90,2,[ 1 10],118,210,212,92,192
1,<environment.Job instance at 0x14ae9a66ecd0>,56,14,[2 6],75,212,226,137,212
1,<environment.Job instance at 0x14aed13bd230>,1,2,[7 2],2,2,4,0,2
1,<environment.Job instance at 0x14ae9a6c0140>,2,3,[10  1],3,4,7,1,3
1,<environment.Job instance at 0x14ae9a6c0c80>,3,3,[6 1],4,7,10,3,4
1,<environment.Job instance at 0x14ae9a6c0b90>,5,3,[2 7],6,7,10,1,6
1,<environment.Job instance at 0x14ae9a6c0410>,8,3,[5 2],9,10,13,1,9
1,<environment.Job instance at 0x14aed6fcd050>,9,2,[8 2],10,13,15,3,11
1,<environment.Job instance at 0x14aed6fcda50>,10,3,[2 8],11,12,15,1,12
1,<environment.Job instance at 0x14aed6fcdd70>,11,2,[2 5],12,15,17,3,13
1,<environment.Job instance at 0x14aed1efcd20>,13,22,[8 1],15,15,37,0,15
1,<environment.Job instance at 0x14aed1efc370>,14,15,[ 2 10],16,37,52,21,23
1,<environment.Job instance at 0x14aed22abcd0>,18,3,[7 2],21,52,55,31,26
1,<environment.Job instance at 0x14aed22ab780>,22,15,[2 9],26,55,70,29,41
1,<environment.Job instance at 0x14ae9a7e7460>,23,2,[10  1],27,70,72,43,43
1,<environment.Job instance at 0x14ae9a7e7f00>,27,1,[6 1],32,55,56,23,43
1,<environment.Job instance at 0x14ae9a7e78c0>,28,2,[9 1],34,72,74,38,45
1,<environment.Job instance at 0x14ae9a7e72d0>,34,3,[1 8],43,52,55,9,47
1,<environment.Job instance at 0x14ae9a7e7960>,29,19,[1 5],36,72,91,36,62
1,<environment.Job instance at 0x14ae9a6cebe0>,42,1,[1 5],57,74,75,17,62
1,<environment.Job instance at 0x14ae9a6cee10>,43,14,[5 2],59,75,89,16,62
1,<environment.Job instance at 0x14aed152d0f0>,67,13,[7 2],94,208,221,114,208
1,<environment.Job instance at 0x14aed152d140>,68,3,[6 2],96,221,224,125,208
1,<environment.Job instance at 0x14aed152d960>,70,15,[2 5],99,232,247,133,232
1,<environment.Job instance at 0x14aed152dd70>,74,2,[10  2],103,247,249,144,235
1,<environment.Job instance at 0x14aed152d410>,72,2,[7 1],101,235,237,134,235
1,<environment.Job instance at 0x14aed152daa0>,76,3,[9 2],105,249,252,144,235
1,<environment.Job instance at 0x14aed152db40>,77,1,[6 2],107,237,238,130,236
1,<environment.Job instance at 0x14aed22ab050>,1,3,[1 9],2,2,5,0,2
1,<environment.Job instance at 0x14ae9a6b6d70>,4,3,[2 8],8,16,19,8,16
1,<environment.Job instance at 0x14ae9a3d7fa0>,11,2,[ 1 10],16,19,21,3,16
1,<environment.Job instance at 0x14ae9a3d7c80>,8,15,[10  1],13,23,38,10,23
1,<environment.Job instance at 0x14ae9a3d7a00>,13,1,[5 1],18,38,39,20,36
1,<environment.Job instance at 0x14ae9a3e42d0>,14,2,[2 6],19,41,43,22,41
1,<environment.Job instance at 0x14ae9a3e4190>,15,1,[8 1],20,43,44,23,43
1,<environment.Job instance at 0x14ae9a3e4370>,16,1,[7 2],22,47,48,25,47
1,<environment.Job instance at 0x14ae9a3e4410>,17,12,[6 2],23,58,70,35,58
1,<environment.Job instance at 0x14ae9a3e4550>,19,2,[6 2],26,70,72,44,58
1,<environment.Job instance at 0x14ae9a3e4500>,20,3,[9 1],27,72,75,45,61
1,<environment.Job instance at 0x14ae9a3e4730>,21,14,[7 1],28,75,89,47,63
1,<environment.Job instance at 0x14ae9a3e4640>,22,14,[ 2 10],29,246,260,217,246
1,<environment.Job instance at 0x14ae9a3e4870>,23,14,[9 2],30,260,274,230,246
1,<environment.Job instance at 0x14ae9a3e4780>,24,1,[1 9],31,274,275,243,249
1,<environment.Job instance at 0x14ae9a3e4c80>,30,1,[9 2],37,275,276,238,249
1,<environment.Job instance at 0x14ae9a3e4dc0>,31,2,[1 7],38,298,300,260,298
1,<environment.Job instance at 0x14ae9a3f1280>,37,1,[5 2],48,298,299,250,298
1,<environment.Job instance at 0x14ae9a3f13c0>,38,1,[8 2],49,300,301,251,300
1,<environment.Job instance at 0x14ae9a3f14b0>,39,2,[7 2],51,301,303,250,300
1,<environment.Job instance at 0x14ae9a3f1690>,40,3,[6 1],53,303,306,250,302
1,<environment.Job instance at 0x14ae9a3f1640>,41,2,[10  1],54,306,308,252,302
1,<environment.Job instance at 0x14ae9a3f1730>,42,1,[9 1],55,308,309,253,302
1,<environment.Job instance at 0x14ae9a3f1870>,44,3,[1 6],57,310,313,253,310
1,<environment.Job instance at 0x14ae9a3f18c0>,46,20,[8 1],60,310,330,250,310
1,<environment.Job instance at 0x14aecf9215a0>,0,2,[6 2],1,1,3,0,1
1,<environment.Job instance at 0x14aecf921a50>,2,2,[5 2],5,5,7,0,5
1,<environment.Job instance at 0x14aecf921690>,4,3,[6 1],7,7,10,0,7
1,<environment.Job instance at 0x14ae9a96bfa0>,5,2,[ 1 10],8,10,12,2,8
1,<environment.Job instance at 0x14aecf921cd0>,7,1,[2 6],12,12,13,0,12
1,<environment.Job instance at 0x14ae9a96b0a0>,8,2,[10  2],13,15,17,2,15
1,<environment.Job instance at 0x14ae9a96b500>,11,1,[6 1],16,17,18,1,16
1,<environment.Job instance at 0x14ae9a96b280>,9,1,[5 1],14,18,19,4,18
1,<environment.Job instance at 0x14ae9a96ba50>,12,3,[8 1],18,19,22,1,18
1,<environment.Job instance at 0x14ae9a96be60>,14,2,[8 2],23,23,25,0,23
1,<environment.Job instance at 0x14ae9a96bbe0>,16,3,[2 6],27,27,30,0,27
1,<environment.Job instance at 0x14ae9a96b6e0>,17,2,[7 1],28,28,30,0,28
1,<environment.Job instance at 0x14ae9a9407d0>,20,14,[2 6],33,309,323,276,309
1,<environment.Job instance at 0x14ae9a940230>,25,12,[2 8],41,327,339,286,327
1,<environment.Job instance at 0x14ae9a940280>,27,27,[1 9],43,467,494,424,467
1,<environment.Job instance at 0x14ae9a9406e0>,29,1,[ 2 10],45,494,495,449,467
1,<environment.Job instance at 0x14ae9a940e10>,31,3,[ 1 10],51,495,498,444,471
1,<environment.Job instance at 0x14ae9a940320>,36,1,[7 1],57,471,472,414,471
1,<environment.Job instance at 0x14ae9a940500>,37,1,[2 6],59,498,499,439,488
1,<environment.Job instance at 0x14aecc0457d0>,48,2,[5 1],75,489,491,414,489
1,<environment.Job instance at 0x14ae9a589dc0>,49,2,[ 2 10],76,499,501,423,498
1,<environment.Job instance at 0x14ae9a589820>,52,1,[2 7],80,506,507,426,506
1,<environment.Job instance at 0x14ae9a5896e0>,56,3,[9 1],86,507,510,421,506
1,<environment.Job instance at 0x14ae9a5890a0>,57,12,[9 1],87,510,522,423,507
1,<environment.Job instance at 0x14aed1e96870>,3,16,[5 2],4,4,20,0,4
1,<environment.Job instance at 0x14ae9a9cd910>,4,2,[2 9],5,20,22,15,5
1,<environment.Job instance at 0x14aecc106e60>,5,13,[2 8],7,7,20,0,7
1,<environment.Job instance at 0x14ae9a9cd9b0>,8,1,[1 8],12,22,23,10,12
1,<environment.Job instance at 0x14ae9a9cddc0>,9,16,[5 2],13,22,38,9,13
1,<environment.Job instance at 0x14ae9a9cdb40>,10,1,[6 1],15,20,21,5,15
1,<environment.Job instance at 0x14ae9a9ea1e0>,16,3,[2 9],23,38,41,15,27
1,<environment.Job instance at 0x14ae9a9ea280>,17,17,[1 8],25,41,58,16,29
1,<environment.Job instance at 0x14ae9a9ea730>,20,2,[1 8],29,60,62,31,60
1,<environment.Job instance at 0x14ae9a9ea910>,21,2,[1 5],30,62,64,32,61
1,<environment.Job instance at 0x14ae9a9ea0a0>,22,1,[1 5],31,74,75,43,74
1,<environment.Job instance at 0x14ae9a9ea960>,24,3,[9 2],33,74,77,41,74
1,<environment.Job instance at 0x14ae9a9eaaf0>,26,2,[2 6],36,108,110,72,108
1,<environment.Job instance at 0x14ae9a9eac80>,27,1,[ 1 10],37,110,111,73,108
1,<environment.Job instance at 0x14ae9a9ead20>,29,2,[2 6],39,111,113,72,109
1,<environment.Job instance at 0x14ae9a9eafa0>,32,2,[8 2],43,125,127,82,125
1,<environment.Job instance at 0x14ae9a9dc050>,40,2,[1 8],53,196,198,143,196
1,<environment.Job instance at 0x14ae9a9dc640>,44,1,[10  1],59,247,248,188,247
1,<environment.Job instance at 0x14ae9a9dce60>,52,3,[2 6],67,355,358,288,355
1,<environment.Job instance at 0x14ae9a9dcfa0>,53,3,[1 9],68,358,361,290,357
1,<environment.Job instance at 0x14ae9a9c6820>,64,2,[1 7],84,419,421,335,419
1,<environment.Job instance at 0x14ae9a9c68c0>,65,1,[6 2],87,421,422,334,421
1,<environment.Job instance at 0x14ae9a9c6af0>,68,3,[2 7],90,433,436,343,433
1,<environment.Job instance at 0x14ae9a9c6fa0>,75,2,[2 9],104,468,470,364,468
1,<environment.Job instance at 0x14ae9a9c6eb0>,76,3,[2 6],105,471,474,366,471
1,<environment.Job instance at 0x14aed1429780>,80,3,[1 9],111,474,477,363,472
1,<environment.Job instance at 0x14aed14297d0>,81,17,[1 5],112,477,494,365,472
1,<environment.Job instance at 0x14aed1429870>,82,3,[8 1],114,472,475,358,472
1,<environment.Job instance at 0x14aecc230820>,0,1,[1 5],1,1,2,0,1
1,<environment.Job instance at 0x14ae9a9ea9b0>,1,3,[7 2],3,3,6,0,3
1,<environment.Job instance at 0x14ae9aa79050>,4,3,[10  1],8,8,11,0,8
1,<environment.Job instance at 0x14aecc23c230>,6,3,[7 2],11,14,17,3,14
1,<environment.Job instance at 0x14aed65fd5f0>,9,1,[1 9],15,17,18,2,15
1,<environment.Job instance at 0x14aecc1cfc80>,10,3,[6 2],16,18,21,2,17
1,<environment.Job instance at 0x14aed14fe3c0>,13,1,[1 5],20,20,21,0,20
1,<environment.Job instance at 0x14aecfbd42d0>,14,2,[2 8],21,21,23,0,21
1,<environment.Job instance at 0x14ae9a7dc9b0>,15,24,[2 9],22,28,52,6,28
1,<environment.Job instance at 0x14ae9a96fe60>,19,2,[2 6],30,52,54,22,30
1,<environment.Job instance at 0x14ae9a96faa0>,20,2,[6 2],31,52,54,21,31
1,<environment.Job instance at 0x14ae9a7dc820>,21,3,[2 7],32,54,57,22,32
1,<environment.Job instance at 0x14aecc2d60a0>,22,1,[10  1],36,57,58,21,36
1,<environment.Job instance at 0x14aed3527a00>,23,3,[10  1],37,58,61,21,37
1,<environment.Job instance at 0x14aecc2b5050>,24,2,[6 1],38,38,40,0,38
1,<environment.Job instance at 0x14aed14d83c0>,25,3,[1 5],39,61,64,22,39
1,<environment.Job instance at 0x14ae9a91dd70>,26,2,[10  2],40,64,66,24,40
1,<environment.Job instance at 0x14aed22445f0>,27,1,[9 1],41,61,62,20,41
1,<environment.Job instance at 0x14aecc103b90>,28,1,[1 8],42,66,67,24,42
1,<environment.Job instance at 0x14aed65f2eb0>,30,3,[2 7],44,67,70,23,44
1,<environment.Job instance at 0x14aed1fb70f0>,32,2,[7 2],46,54,56,8,46
1,<environment.Job instance at 0x14aecc017fa0>,33,13,[10  1],48,70,83,22,55
1,<environment.Job instance at 0x14aed66ca370>,34,3,[2 6],49,83,86,34,57
1,<environment.Job instance at 0x14aed1fb7be0>,35,2,[8 1],50,62,64,12,57
1,<environment.Job instance at 0x14aed66ca280>,37,1,[9 1],52,66,67,14,57
1,<environment.Job instance at 0x14ae9a8b9a50>,39,3,[10  2],57,86,89,29,60
1,<environment.Job instance at 0x14ae9a8b9eb0>,40,1,[2 7],58,89,90,31,61
1,<environment.Job instance at 0x14aed673ccd0>,43,3,[9 1],62,407,410,345,407
1,<environment.Job instance at 0x14aed673c410>,45,1,[2 5],64,472,473,408,472
1,<environment.Job instance at 0x14aed7047820>,46,2,[1 5],66,472,474,406,472
1,<environment.Job instance at 0x14aed7047780>,47,3,[2 8],67,474,477,407,472
1,<environment.Job instance at 0x14aed517aaf0>,50,1,[8 2],70,477,478,407,477
1,<environment.Job instance at 0x14aed517ae60>,51,2,[2 6],71,477,479,406,477
1,<environment.Job instance at 0x14aed517a690>,52,3,[1 9],72,479,482,407,477
1,<environment.Job instance at 0x14aed517a320>,53,2,[1 7],74,482,484,408,477
1,<environment.Job instance at 0x14aed517a870>,54,3,[2 9],75,484,487,409,477
1,<environment.Job instance at 0x14aed517a5a0>,55,2,[6 1],76,478,480,402,477
1,<environment.Job instance at 0x14aed517a7d0>,57,16,[2 6],78,488,504,410,488
1,<environment.Job instance at 0x14aed517a280>,58,2,[7 1],80,488,490,408,488
1,<environment.Job instance at 0x14aed517a460>,60,1,[ 1 10],85,525,526,440,525
1,<environment.Job instance at 0x14aed517a9b0>,61,3,[1 9],86,526,529,440,525
1,<environment.Job instance at 0x14aed517abe0>,62,2,[9 2],88,529,531,441,525
1,<environment.Job instance at 0x14aed517adc0>,63,3,[2 7],89,531,534,442,525
1,<environment.Job instance at 0x14aed517a370>,66,3,[1 7],95,534,537,439,532
1,<environment.Job instance at 0x14ae9a745280>,67,14,[2 5],97,537,551,440,532
1,<environment.Job instance at 0x14ae9a745a00>,68,13,[1 5],101,537,550,436,532
1,<environment.Job instance at 0x14ae9a745f50>,69,2,[6 1],103,532,534,429,532
1,<environment.Job instance at 0x14ae9a745a50>,72,3,[2 9],106,551,554,445,532
1,<environment.Job instance at 0x14ae9a745190>,73,13,[2 9],107,554,567,447,538
1,<environment.Job instance at 0x14ae9a7452d0>,75,1,[9 1],110,567,568,457,561
1,<environment.Job instance at 0x14ae9a745eb0>,77,3,[5 1],113,575,578,462,575
1,<environment.Job instance at 0x14aed13f2050>,0,2,[1 6],6,8,10,2,8
1,<environment.Job instance at 0x14aed13f2fa0>,2,2,[2 8],10,10,12,0,10
1,<environment.Job instance at 0x14aed13f2f50>,3,1,[7 1],13,14,15,1,14
1,<environment.Job instance at 0x14aed13f2b90>,4,2,[2 6],14,15,17,1,15
1,<environment.Job instance at 0x14ae9a5c0230>,5,3,[6 2],16,16,19,0,16
1,<environment.Job instance at 0x14aed666eb90>,7,2,[5 1],18,19,21,1,18
1,<environment.Job instance at 0x14aed666edc0>,8,3,[9 1],19,21,24,2,19
1,<environment.Job instance at 0x14aed666e3c0>,9,1,[7 2],20,24,25,4,20
1,<environment.Job instance at 0x14aed666ee10>,11,3,[9 2],24,25,28,1,24
1,<environment.Job instance at 0x14aed6654370>,12,2,[2 5],25,28,30,3,25
1,<environment.Job instance at 0x14aed6654e60>,13,1,[1 9],26,30,31,4,26
1,<environment.Job instance at 0x14aed6654550>,14,3,[1 7],27,31,34,4,27
1,<environment.Job instance at 0x14aed6654f00>,17,1,[1 9],30,34,35,4,30
1,<environment.Job instance at 0x14aed6654f50>,18,2,[2 6],31,35,37,4,32
1,<environment.Job instance at 0x14aed66540f0>,19,3,[ 2 10],32,37,40,5,33
1,<environment.Job instance at 0x14aed14a6410>,21,1,[8 1],36,36,37,0,36
1,<environment.Job instance at 0x14aed14a62d0>,22,3,[1 6],37,40,43,3,37
1,<environment.Job instance at 0x14aed14a6730>,23,2,[1 6],38,43,45,5,38
1,<environment.Job instance at 0x14aed14a6500>,24,1,[2 5],39,45,46,6,39
1,<environment.Job instance at 0x14ae9a303af0>,39,16,[ 2 10],63,133,149,70,133
1,<environment.Job instance at 0x14ae9a3035f0>,40,3,[5 1],64,149,152,85,133
1,<environment.Job instance at 0x14ae9a303eb0>,41,3,[1 7],65,149,152,84,134
1,<environment.Job instance at 0x14ae9a3030a0>,42,3,[10  2],67,152,155,85,134
1,<environment.Job instance at 0x14ae9a303460>,43,17,[9 2],69,155,172,86,143
1,<environment.Job instance at 0x14ae9a303820>,48,1,[1 8],78,155,156,77,143
1,<environment.Job instance at 0x14ae9a3034b0>,51,2,[7 2],81,172,174,91,152
1,<environment.Job instance at 0x14ae9a303690>,52,1,[ 2 10],82,174,175,92,152
1,<environment.Job instance at 0x14ae9a303050>,50,13,[1 9],80,175,188,95,159
1,<environment.Job instance at 0x14ae9a303aa0>,54,17,[5 2],85,188,205,103,176
1,<environment.Job instance at 0x14ae9a3032d0>,60,2,[10  2],92,205,207,113,178
1,<environment.Job instance at 0x14ae9a669be0>,62,1,[1 5],95,188,189,93,178
1,<environment.Job instance at 0x14ae9a6699b0>,66,19,[5 2],101,207,226,106,197
1,<environment.Job instance at 0x14ae9a669910>,73,1,[10  1],108,226,227,118,198
1,<environment.Job instance at 0x14aed1e38af0>,77,16,[1 5],113,207,223,94,198
1,<environment.Job instance at 0x14ae9a311f50>,78,3,[2 5],114,591,594,477,591
1,<environment.Job instance at 0x14ae9a180a50>,81,3,[1 8],118,1131,1134,1013,1131
1,<environment.Job instance at 0x14aed65fb320>,1,15,[9 1],2,2,17,0,2
1,<environment.Job instance at 0x14aed65fb140>,0,3,[1 9],1,2,5,1,2
1,<environment.Job instance at 0x14aed223db40>,3,13,[8 1],4,17,30,13,4
1,<environment.Job instance at 0x14ae9a724820>,4,3,[2 8],5,17,20,12,5
1,<environment.Job instance at 0x14ae9a724c80>,9,3,[8 2],11,30,33,19,11
1,<environment.Job instance at 0x14ae9a7245f0>,10,3,[ 2 10],12,33,36,21,13
1,<environment.Job instance at 0x14aed157a730>,13,3,[1 8],17,20,23,3,18
1,<environment.Job instance at 0x14aed157a7d0>,16,15,[10  1],23,36,51,13,23
1,<environment.Job instance at 0x14aed157ad70>,17,3,[1 8],25,25,28,0,25
1,<environment.Job instance at 0x14aed157adc0>,19,3,[8 1],27,51,54,24,27
1,<environment.Job instance at 0x14aed157ab40>,20,3,[10  1],28,54,57,26,28
1,<environment.Job instance at 0x14aecc03a280>,21,3,[1 8],29,51,54,22,33
1,<environment.Job instance at 0x14aecc03a5a0>,25,16,[7 2],34,57,73,23,44
1,<environment.Job instance at 0x14aecc03a050>,27,3,[ 2 10],37,73,76,36,54
1,<environment.Job instance at 0x14aecc03aeb0>,29,13,[1 7],40,79,92,39,79
1,<environment.Job instance at 0x14aecc03a2d0>,30,16,[5 1],41,79,95,38,79
1,<environment.Job instance at 0x14aecc03a5f0>,31,3,[2 5],43,94,97,51,94
1,<environment.Job instance at 0x14aed0e6f5a0>,32,13,[1 5],44,95,108,51,95
1,<environment.Job instance at 0x14aed0e6f500>,33,15,[5 1],46,97,112,51,96
1,<environment.Job instance at 0x14aed0e6fbe0>,34,23,[2 5],47,123,146,76,123
1,<environment.Job instance at 0x14aed0e6f960>,35,1,[6 1],48,131,132,83,131
1,<environment.Job instance at 0x14aed0e6f780>,36,18,[8 2],49,132,150,83,131
1,<environment.Job instance at 0x14aed0e6fcd0>,37,16,[2 9],50,150,166,100,139
1,<environment.Job instance at 0x14aed0e6ff50>,38,3,[2 6],51,166,169,115,151
1,<environment.Job instance at 0x14aed0e6f190>,39,3,[2 6],52,169,172,117,157
1,<environment.Job instance at 0x14aed0e6f6e0>,40,1,[5 2],53,166,167,113,157
1,<environment.Job instance at 0x14aed0e6f3c0>,41,3,[7 1],54,160,163,106,160
1,<environment.Job instance at 0x14aed0e6f870>,42,2,[2 6],55,172,174,117,161
1,<environment.Job instance at 0x14aed0e6f690>,43,3,[2 7],57,174,177,117,161
1,<environment.Job instance at 0x14aed1f70370>,44,18,[1 6],58,180,198,122,180
1,<environment.Job instance at 0x14aed1f70690>,45,3,[1 5],60,198,201,138,189
1,<environment.Job instance at 0x14af1266d820>,0,3,[1 7],3,4,7,1,4
1,<environment.Job instance at 0x14aecc06bf00>,1,1,[8 2],4,4,5,0,4
1,<environment.Job instance at 0x14ae9a6b8be0>,2,2,[10  1],5,7,9,2,5
1,<environment.Job instance at 0x14aecc2ef960>,3,2,[10  1],6,9,11,3,6
1,<environment.Job instance at 0x14aecc2ef780>,8,3,[2 9],12,12,15,0,12
1,<environment.Job instance at 0x14ae9a6f5870>,10,1,[7 2],15,15,16,0,15
1,<environment.Job instance at 0x14ae9a6f5910>,12,3,[10  2],18,18,21,0,18
1,<environment.Job instance at 0x14ae9a6f5b40>,13,1,[10  2],19,21,22,2,19
1,<environment.Job instance at 0x14ae9a6f5cd0>,14,2,[7 1],20,22,24,2,20
1,<environment.Job instance at 0x14ae9a6f5eb0>,15,2,[10  1],21,24,26,3,21
1,<environment.Job instance at 0x14ae9a6e8370>,19,3,[9 2],26,27,30,1,27
1,<environment.Job instance at 0x14ae9a6e84b0>,20,3,[10  2],28,30,33,2,28
1,<environment.Job instance at 0x14ae9a6e85f0>,21,3,[ 1 10],29,33,36,4,29
1,<environment.Job instance at 0x14ae9a6e8730>,22,2,[5 1],30,36,38,6,30
1,<environment.Job instance at 0x14ae9a6e8820>,23,3,[ 2 10],32,38,41,6,32
1,<environment.Job instance at 0x14ae9a6e8960>,24,2,[2 8],33,36,38,3,33
1,<environment.Job instance at 0x14ae9a6e8aa0>,25,2,[8 1],34,41,43,7,34
1,<environment.Job instance at 0x14ae9a6e8af0>,26,3,[2 8],37,41,44,4,37
1,<environment.Job instance at 0x14ae9a6e8d20>,27,3,[9 1],38,44,47,6,38
1,<environment.Job instance at 0x14ae9a6e8e10>,28,3,[2 9],40,47,50,7,41
1,<environment.Job instance at 0x14ae9a6e8e60>,30,2,[ 1 10],42,50,52,8,42
1,<environment.Job instance at 0x14ae9a6be0f0>,31,3,[ 1 10],44,52,55,8,48
1,<environment.Job instance at 0x14ae9a6be410>,34,2,[5 2],47,55,57,8,51
1,<environment.Job instance at 0x14aed1eebd70>,1,3,[10  1],2,3,6,1,3
1,<environment.Job instance at 0x14ae9a6bea00>,3,1,[8 1],4,6,7,2,4
1,<environment.Job instance at 0x14ae9a198780>,2,3,[10  1],3,7,10,4,5
1,<environment.Job instance at 0x14ae9a1982d0>,6,2,[6 1],9,10,12,1,9
1,<environment.Job instance at 0x14ae9a198c80>,7,16,[6 1],10,12,28,2,10
1,<environment.Job instance at 0x14ae9a198aa0>,9,3,[9 1],14,28,31,14,14
1,<environment.Job instance at 0x14ae9a198d70>,11,3,[1 5],17,17,20,0,17
1,<environment.Job instance at 0x14ae9a198dc0>,13,3,[8 1],20,31,34,11,22
1,<environment.Job instance at 0x14ae9a09bd70>,16,3,[1 7],23,23,26,0,23
1,<environment.Job instance at 0x14ae9a198370>,8,1,[ 1 10],12,34,35,22,26
1,<environment.Job instance at 0x14ae9a09be10>,19,2,[5 2],27,35,37,8,27
1,<environment.Job instance at 0x14ae9a09b460>,20,1,[1 5],28,28,29,0,28
1,<environment.Job instance at 0x14ae9a09bf50>,21,1,[8 2],29,37,38,8,29
1,<environment.Job instance at 0x14ae9a09b960>,22,2,[7 1],30,38,40,8,30
1,<environment.Job instance at 0x14ae9a09b870>,23,1,[10  1],31,40,41,9,31
1,<environment.Job instance at 0x14ae9a09b3c0>,24,2,[ 1 10],32,41,43,9,32
1,<environment.Job instance at 0x14aed1ede6e0>,26,3,[2 5],34,35,38,1,34
1,<environment.Job instance at 0x14aed1ede050>,28,2,[7 1],36,43,45,7,37
1,<environment.Job instance at 0x14aed1edeaa0>,30,1,[2 5],38,38,39,0,38
1,<environment.Job instance at 0x14aed1ede0f0>,33,2,[2 5],43,62,64,19,62
1,<environment.Job instance at 0x14aed1ede870>,34,3,[1 5],46,62,65,16,62
1,<environment.Job instance at 0x14aed1ede690>,39,3,[1 5],51,64,67,13,62
1,<environment.Job instance at 0x14aed1ec33c0>,44,3,[1 7],58,92,95,34,92
1,<environment.Job instance at 0x14aed1ec3910>,45,3,[7 1],59,92,95,33,92
1,<environment.Job instance at 0x14aed1ec3f00>,46,2,[2 7],60,95,97,35,92
1,<environment.Job instance at 0x14aed1ec35a0>,50,2,[1 8],65,101,103,36,101
1,<environment.Job instance at 0x14aed1ec3b90>,52,3,[2 6],68,115,118,47,115
1,<environment.Job instance at 0x14ae9a0a9e60>,65,1,[8 1],85,197,198,112,197
1,<environment.Job instance at 0x14aecfb53cd0>,91,3,[10  2],119,287,290,168,287
1,<environment.Job instance at 0x14aecfb53140>,2,2,[1 6],3,3,5,0,3
1,<environment.Job instance at 0x14ae9a6e8780>,3,16,[1 9],4,16,32,12,16
1,<environment.Job instance at 0x14ae9a9e1f00>,7,2,[ 1 10],8,32,34,24,18
1,<environment.Job instance at 0x14ae9a9e16e0>,8,1,[5 1],9,18,19,9,18
1,<environment.Job instance at 0x14ae9a9e15f0>,9,3,[5 2],10,34,37,24,21
1,<environment.Job instance at 0x14ae9a9e1c30>,10,17,[6 2],14,37,54,23,25
1,<environment.Job instance at 0x14ae9a9e13c0>,13,2,[8 2],17,54,56,37,29
1,<environment.Job instance at 0x14ae9a9e1aa0>,15,1,[8 2],19,56,57,37,35
1,<environment.Job instance at 0x14ae9a9e1e10>,17,28,[ 2 10],21,69,97,48,69
1,<environment.Job instance at 0x14ae9a9e1a50>,18,3,[9 1],24,97,100,73,77
1,<environment.Job instance at 0x14ae9a9e1870>,19,14,[2 5],26,103,117,77,103
1,<environment.Job instance at 0x14ae9a9e1dc0>,23,2,[8 1],31,105,107,74,105
1,<environment.Job instance at 0x14ae9a9c00a0>,24,2,[6 2],33,107,109,74,105
1,<environment.Job instance at 0x14ae9a9c0370>,25,2,[1 5],34,119,121,85,119
1,<environment.Job instance at 0x14ae9a9c0410>,26,2,[9 2],35,120,122,85,120
1,<environment.Job instance at 0x14ae9a9c0500>,27,1,[9 1],38,123,124,85,123
1,<environment.Job instance at 0x14ae9a9c04b0>,28,2,[9 1],39,124,126,85,123
1,<environment.Job instance at 0x14ae9a9c0640>,29,2,[6 2],40,126,128,86,123
1,<environment.Job instance at 0x14ae9a9c0550>,30,2,[2 9],42,128,130,86,124
1,<environment.Job instance at 0x14ae9a9c0690>,31,17,[2 9],43,130,147,87,125
1,<environment.Job instance at 0x14ae9a9c06e0>,32,3,[7 1],44,132,135,88,132
1,<environment.Job instance at 0x14ae9a9c0870>,33,2,[ 1 10],45,147,149,102,138
1,<environment.Job instance at 0x14ae9a9d8d20>,66,1,[9 1],98,2549,2550,2451,2549
1,<environment.Job instance at 0x14ae9a9c30f0>,67,23,[9 1],100,2550,2573,2450,2549
1,<environment.Job instance at 0x14ae9a9c31e0>,68,14,[10  1],101,2573,2587,2472,2558
1,<environment.Job instance at 0x14ae9a9c3370>,69,18,[1 7],102,2587,2605,2485,2578
1,<environment.Job instance at 0x14ae9a9c3280>,70,16,[9 2],103,2587,2603,2484,2578
1,<environment.Job instance at 0x14ae9a9c35a0>,73,12,[5 1],108,2603,2615,2495,2586
1,<environment.Job instance at 0x14ae9a9c37d0>,74,1,[10  1],110,2615,2616,2505,2588
1,<environment.Job instance at 0x14ae9a9c38c0>,75,1,[7 1],111,2616,2617,2505,2589
1,<environment.Job instance at 0x14ae9a9c39b0>,76,2,[10  1],112,2617,2619,2505,2590
1,<environment.Job instance at 0x14ae9a9c3a00>,78,3,[6 2],114,2619,2622,2505,2593
1,<environment.Job instance at 0x14ae9a9c3730>,79,3,[2 5],118,2605,2608,2487,2595
1,<environment.Job instance at 0x14ae9a9c3b40>,80,2,[5 1],119,2608,2610,2489,2596
1,<environment.Job instance at 0x14ae9a9c3b40>,1,13,[2 8],3,3,16,0,3
1,<environment.Job instance at 0x14ae9a20b870>,2,3,[1 9],4,16,19,12,4
1,<environment.Job instance at 0x14ae9a2b1dc0>,3,3,[2 7],6,19,22,13,6
1,<environment.Job instance at 0x14aed14c0f50>,4,3,[2 9],7,22,25,15,7
1,<environment.Job instance at 0x14ae9a2b1a00>,5,3,[6 1],9,9,12,0,9
1,<environment.Job instance at 0x14ae9aae82d0>,7,15,[2 7],11,25,40,14,11
1,<environment.Job instance at 0x14aed85b0960>,8,2,[9 1],12,16,18,4,12
1,<environment.Job instance at 0x14aed2292be0>,14,2,[1 9],19,40,42,21,19
1,<environment.Job instance at 0x14aed21fecd0>,15,3,[6 2],20,25,28,5,20
1,<environment.Job instance at 0x14ae9a32f3c0>,16,3,[5 2],22,28,31,6,22
1,<environment.Job instance at 0x14aecc1ae780>,17,2,[1 8],23,42,44,19,23
1,<environment.Job instance at 0x14ae9a9a5230>,18,17,[9 1],24,40,57,16,28
1,<environment.Job instance at 0x14aed7083140>,21,1,[10  2],29,57,58,28,29
1,<environment.Job instance at 0x14aed65f2dc0>,35,3,[1 9],54,54,57,0,54
1,<environment.Job instance at 0x14aed6601640>,22,17,[7 2],31,58,75,27,55
1,<environment.Job instance at 0x14ae9a840af0>,37,13,[ 1 10],57,75,88,18,59
1,<environment.Job instance at 0x14ae9a22df00>,38,2,[ 1 10],60,88,90,28,61
1,<environment.Job instance at 0x14aed1f9d960>,40,1,[1 6],62,66,67,4,66
1,<environment.Job instance at 0x14aecc21af50>,50,2,[1 8],76,122,124,46,122
1,<environment.Job instance at 0x14ae9a91db40>,55,2,[10  1],83,158,160,75,158
1,<environment.Job instance at 0x14ae9a91d690>,60,3,[1 9],94,175,178,81,175
1,<environment.Job instance at 0x14ae9a91d190>,66,3,[8 2],108,204,207,96,204
1,<environment.Job instance at 0x14ae9a91dbe0>,68,2,[2 6],110,221,223,111,221
1,<environment.Job instance at 0x14ae9a91d5a0>,70,3,[1 6],112,238,241,126,238
1,<environment.Job instance at 0x14ae9a1060f0>,1,17,[6 1],3,3,20,0,3
1,<environment.Job instance at 0x14ae9a966cd0>,6,2,[6 2],12,20,22,8,12
1,<environment.Job instance at 0x14ae9a966780>,7,3,[5 2],17,22,25,5,17
1,<environment.Job instance at 0x14ae9a1a7550>,8,3,[ 2 10],18,25,28,7,18
1,<environment.Job instance at 0x14ae9a1a7870>,9,3,[1 5],20,20,23,0,20
1,<environment.Job instance at 0x14ae9a1a7be0>,12,2,[2 5],24,28,30,4,24
1,<environment.Job instance at 0x14ae9a4e1e60>,18,1,[1 9],31,31,32,0,31
1,<environment.Job instance at 0x14ae9a4e1870>,21,3,[2 5],34,41,44,7,41
1,<environment.Job instance at 0x14ae9a4e18c0>,25,3,[2 5],44,44,47,0,44
1,<environment.Job instance at 0x14ae9a74ab90>,26,2,[2 5],46,46,48,0,46
1,<environment.Job instance at 0x14ae9a74a780>,27,1,[2 9],47,48,49,1,47
1,<environment.Job instance at 0x14ae9a74a870>,29,15,[1 5],50,60,75,10,60
1,<environment.Job instance at 0x14ae9a74ac30>,30,2,[2 9],51,75,77,24,60
1,<environment.Job instance at 0x14ae9a74a910>,32,3,[2 6],53,77,80,24,60
1,<environment.Job instance at 0x14ae9a74a410>,36,2,[10  1],57,80,82,23,60
1,<environment.Job instance at 0x14ae9a74a5f0>,38,2,[7 2],59,60,62,1,60
1,<environment.Job instance at 0x14aed0e9fe10>,40,2,[9 1],61,62,64,1,61
1,<environment.Job instance at 0x14ae9a155140>,41,3,[9 1],63,64,67,1,63
1,<environment.Job instance at 0x14ae9a155b90>,42,14,[8 2],65,82,96,17,75
1,<environment.Job instance at 0x14ae9a1555f0>,43,3,[2 9],66,96,99,30,75
1,<environment.Job instance at 0x14aed351d730>,0,3,[1 8],2,2,5,0,2
1,<environment.Job instance at 0x14aecc232f00>,8,3,[10  2],13,13,16,0,13
1,<environment.Job instance at 0x14aecc2323c0>,9,3,[2 7],15,16,19,1,15
1,<environment.Job instance at 0x14ae9a0d38c0>,3,15,[2 8],5,19,34,14,16
1,<environment.Job instance at 0x14ae9a544730>,12,1,[1 5],21,34,35,13,21
1,<environment.Job instance at 0x14ae9a5445a0>,13,21,[6 2],22,22,43,0,22
1,<environment.Job instance at 0x14ae9a544410>,14,16,[6 1],24,43,59,19,33
1,<environment.Job instance at 0x14aed1ec3be0>,20,3,[7 1],34,59,62,25,34
1,<environment.Job instance at 0x14aed0e93aa0>,23,3,[2 9],37,43,46,6,37
1,<environment.Job instance at 0x14aed0e93320>,24,14,[ 1 10],38,62,76,24,47
1,<environment.Job instance at 0x14aed0e93140>,28,2,[6 2],43,76,78,33,49
1,<environment.Job instance at 0x14aed0e93500>,30,2,[2 6],46,58,60,12,58
1,<environment.Job instance at 0x14aed0e93be0>,31,2,[9 1],48,78,80,30,58
1,<environment.Job instance at 0x14aed0e93a50>,32,2,[8 1],50,80,82,30,58
1,<environment.Job instance at 0x14aed0e93c80>,33,1,[ 1 10],53,82,83,29,58
1,<environment.Job instance at 0x14ae9a9e11e0>,38,3,[1 6],62,76,79,14,62
1,<environment.Job instance at 0x14ae9a9e1be0>,39,1,[2 7],63,80,81,17,63
1,<environment.Job instance at 0x14ae9a9e1550>,40,12,[5 2],64,83,95,19,66
1,<environment.Job instance at 0x14ae9a9e1690>,41,16,[2 6],65,83,99,18,71
1,<environment.Job instance at 0x14ae9a9f1780>,44,3,[2 9],72,99,102,27,73
1,<environment.Job instance at 0x14ae9a9f1af0>,46,3,[7 1],76,95,98,19,76
1,<environment.Job instance at 0x14aed14f3af0>,47,3,[ 2 10],79,102,105,23,79
1,<environment.Job instance at 0x14aed14f32d0>,48,3,[7 2],81,105,108,24,81
1,<environment.Job instance at 0x14aed14f3aa0>,49,3,[9 2],83,108,111,25,83
1,<environment.Job instance at 0x14aed14f3690>,50,3,[1 6],86,105,108,19,86
1,<environment.Job instance at 0x14ae9a9f1230>,43,3,[1 8],68,108,111,40,87
1,<environment.Job instance at 0x14aecc2772d0>,54,3,[1 8],90,111,114,21,90
1,<environment.Job instance at 0x14aecc2770f0>,52,1,[2 7],88,114,115,26,93
1,<environment.Job instance at 0x14aed8596b90>,57,17,[10  2],95,115,132,20,103
1,<environment.Job instance at 0x14ae9a0ba3c0>,59,12,[8 1],97,132,144,35,115
1,<environment.Job instance at 0x14aed224c780>,63,2,[2 6],105,132,134,27,117
1,<environment.Job instance at 0x14aed0224c80>,67,2,[1 8],111,134,136,23,122
1,<environment.Job instance at 0x14ae9aafdb90>,69,13,[1 9],114,136,149,22,123
1,<environment.Job instance at 0x14aed21d4f00>,73,2,[1 7],119,149,151,30,123
1,<environment.Job instance at 0x14aed224cd20>,64,17,[2 7],108,156,173,48,156
1,<environment.Job instance at 0x1525a7d3c960>,1,3,[1 9],2,2,5,0,2
1,<environment.Job instance at 0x1525a7d3cf00>,2,1,[2 5],3,5,6,2,3
1,<environment.Job instance at 0x15259e0d7a00>,4,2,[7 2],5,5,7,0,5
1,<environment.Job instance at 0x15259e0d7d70>,5,3,[9 2],6,7,10,1,6
1,<environment.Job instance at 0x1525a7d3cc30>,9,2,[6 1],11,11,13,0,11
1,<environment.Job instance at 0x15259e0da0a0>,10,13,[2 8],12,12,25,0,12
1,<environment.Job instance at 0x15259e0da370>,11,3,[1 8],13,25,28,12,13
1,<environment.Job instance at 0x15259e0da4b0>,12,3,[1 8],14,28,31,14,14
1,<environment.Job instance at 0x15259e0da5f0>,13,2,[8 1],17,17,19,0,17
1,<environment.Job instance at 0x1525a7ce27d0>,14,2,[ 1 10],18,31,33,13,18
1,<environment.Job instance at 0x15259e0ce2d0>,15,1,[ 1 10],20,33,34,13,21
1,<environment.Job instance at 0x15259e0cdb40>,18,2,[10  1],25,34,36,9,25
1,<environment.Job instance at 0x15259e0cdaa0>,19,3,[6 2],26,26,29,0,26
1,<environment.Job instance at 0x15259e0cdbe0>,21,3,[6 1],29,36,39,7,29
1,<environment.Job instance at 0x15259e0cd3c0>,23,2,[8 1],31,39,41,8,31
1,<environment.Job instance at 0x15259e0cc730>,25,2,[2 8],34,36,38,2,34
1,<environment.Job instance at 0x15259e0cd870>,24,12,[ 1 10],32,41,53,9,34
1,<environment.Job instance at 0x15259e0ccd20>,31,3,[9 2],41,53,56,12,41
1,<environment.Job instance at 0x15259e0cc140>,32,3,[2 9],42,56,59,14,42
1,<environment.Job instance at 0x1525a7cde3c0>,33,1,[2 7],43,59,60,16,43
1,<environment.Job instance at 0x15259e5d52d0>,43,3,[7 2],57,59,62,2,57
1,<environment.Job instance at 0x15259e313f50>,44,3,[1 8],58,60,63,2,58
1,<environment.Job instance at 0x15259e313d20>,45,3,[2 8],60,63,66,3,60
1,<environment.Job instance at 0x15259e32c190>,46,2,[2 8],61,66,68,5,63
1,<environment.Job instance at 0x15259e32a460>,71,3,[2 9],99,161,164,62,161
1,<environment.Job instance at 0x15259fd3a690>,1,3,[2 8],2,2,5,0,2
1,<environment.Job instance at 0x15259e601550>,4,13,[ 1 10],6,6,19,0,6
1,<environment.Job instance at 0x15259e0cdc30>,6,17,[1 9],9,19,36,10,10
1,<environment.Job instance at 0x15259e5895a0>,7,13,[2 9],10,36,49,26,20
1,<environment.Job instance at 0x15259e589500>,17,3,[2 5],23,53,56,30,53
1,<environment.Job instance at 0x15259e589690>,18,1,[8 1],24,55,56,31,55
1,<environment.Job instance at 0x15259e589c30>,19,3,[5 2],26,56,59,30,55
1,<environment.Job instance at 0x1525a598f550>,22,1,[1 6],29,75,76,46,75
1,<environment.Job instance at 0x15259e589fa0>,13,18,[1 8],16,2404,2422,2388,2404
1,<environment.Job instance at 0x1525a092e4b0>,0,3,[8 1],2,2,5,0,2
1,<environment.Job instance at 0x15259e5997d0>,2,2,[5 2],4,5,7,1,5
1,<environment.Job instance at 0x1525a09278c0>,4,14,[6 1],7,8,22,1,8
1,<environment.Job instance at 0x15259fde8870>,6,16,[1 7],9,14,30,5,14
1,<environment.Job instance at 0x15259fde8e60>,9,1,[1 5],13,30,31,17,20
1,<environment.Job instance at 0x15259fde8140>,10,16,[1 7],14,31,47,17,23
1,<environment.Job instance at 0x15259fde8d70>,11,3,[ 2 10],15,47,50,32,28
1,<environment.Job instance at 0x15259fde8d20>,5,15,[2 8],8,230,245,222,230
1,<environment.Job instance at 0x15259fe09050>,33,3,[1 8],45,245,248,200,230
1,<environment.Job instance at 0x15259fda45a0>,45,3,[1 9],62,306,309,244,306
1,<environment.Job instance at 0x15259fda4140>,54,2,[2 7],81,330,332,249,330
1,<environment.Job instance at 0x15259fda4370>,56,3,[5 2],83,330,333,247,330
1,<environment.Job instance at 0x15259fe1f4b0>,63,3,[5 2],94,378,381,284,378
1,<environment.Job instance at 0x15259fe1f370>,64,2,[ 2 10],95,381,383,286,378
1,<environment.Job instance at 0x15259fe1f320>,69,3,[2 7],103,386,389,283,386
1,<environment.Job instance at 0x15259fec7550>,0,2,[2 9],1,1,3,0,1
1,<environment.Job instance at 0x1525a59b19b0>,1,3,[9 1],4,4,7,0,4
1,<environment.Job instance at 0x15259fec70a0>,3,16,[1 5],8,8,24,0,8
1,<environment.Job instance at 0x15259fec7050>,6,2,[5 1],13,13,15,0,13
1,<environment.Job instance at 0x15259fec7c30>,8,2,[10  2],15,24,26,9,15
1,<environment.Job instance at 0x15259fec7910>,9,2,[6 1],16,16,18,0,16
1,<environment.Job instance at 0x15259fec7320>,10,3,[9 2],18,18,21,0,18
1,<environment.Job instance at 0x1525a7404870>,11,3,[6 2],21,21,24,0,21
1,<environment.Job instance at 0x1525a7404d70>,13,3,[1 7],23,26,29,3,23
1,<environment.Job instance at 0x15259fec7af0>,7,1,[2 7],14,29,30,15,23
1,<environment.Job instance at 0x1525a74042d0>,14,2,[9 2],25,26,28,1,25
1,<environment.Job instance at 0x1525a74045f0>,16,3,[1 7],28,30,33,2,28
1,<environment.Job instance at 0x1525a7404f00>,19,3,[6 1],33,33,36,0,33
1,<environment.Job instance at 0x152584f89460>,21,2,[2 9],35,35,37,0,35
1,<environment.Job instance at 0x152584f895a0>,22,2,[2 5],36,37,39,1,36
1,<environment.Job instance at 0x152584f89140>,23,16,[2 9],37,39,55,2,37
1,<environment.Job instance at 0x152584f89b40>,25,3,[8 1],39,39,42,0,39
1,<environment.Job instance at 0x152584f89c80>,26,3,[8 1],43,43,46,0,43
1,<environment.Job instance at 0x152584f89c30>,24,12,[5 2],38,55,67,17,44
1,<environment.Job instance at 0x152584f83910>,27,1,[10  1],44,67,68,23,44
1,<environment.Job instance at 0x152584f838c0>,29,15,[2 8],48,68,83,20,54
1,<environment.Job instance at 0x152584f83960>,33,2,[1 5],55,55,57,0,55
1,<environment.Job instance at 0x152584f83730>,34,2,[8 1],56,68,70,12,56
1,<environment.Job instance at 0x152584f83230>,35,3,[2 9],57,83,86,26,57
1,<environment.Job instance at 0x152584f834b0>,36,1,[5 1],59,65,66,6,65
1,<environment.Job instance at 0x152584fc3eb0>,37,3,[1 5],60,86,89,26,66
1,<environment.Job instance at 0x152584fc3280>,42,3,[1 6],67,89,92,22,67
1,<environment.Job instance at 0x152584fc3910>,43,2,[8 2],68,70,72,2,68
1,<environment.Job instance at 0x152584fc3050>,44,14,[9 1],70,86,100,16,71
1,<environment.Job instance at 0x152584fc3410>,46,2,[1 7],72,92,94,20,80
1,<environment.Job instance at 0x1525a501dc30>,53,1,[8 2],81,81,82,0,81
1,<environment.Job instance at 0x15259fce9460>,57,3,[10  2],87,100,103,13,87
1,<environment.Job instance at 0x15259fe795f0>,1,3,[1 7],3,3,6,0,3
1,<environment.Job instance at 0x152584e95320>,8,3,[2 7],12,26,29,14,26
1,<environment.Job instance at 0x15258529aeb0>,44,3,[2 8],57,422,425,365,422
1,<environment.Job instance at 0x15259ff7f550>,59,12,[1 5],81,537,549,456,537
1,<environment.Job instance at 0x15259ff7f460>,60,13,[7 2],82,537,550,455,537
1,<environment.Job instance at 0x152585359320>,61,3,[8 1],83,550,553,467,537
1,<environment.Job instance at 0x15259ff7f5a0>,62,3,[2 6],86,549,552,463,537
1,<environment.Job instance at 0x152585359230>,63,18,[1 5],87,552,570,465,541
1,<environment.Job instance at 0x152584f4dd70>,64,16,[1 5],91,553,569,462,541
1,<environment.Job instance at 0x15258528e6e0>,72,3,[10  2],103,570,573,467,548
1,<environment.Job instance at 0x15258533afa0>,74,3,[1 9],108,573,576,465,548
1,<environment.Job instance at 0x15258528c0f0>,76,1,[6 2],112,569,570,457,549
1,<environment.Job instance at 0x15258528c960>,77,3,[10  2],114,576,579,462,550
1,<environment.Job instance at 0x15258528cf00>,78,3,[5 1],118,573,576,455,550
1,<environment.Job instance at 0x15258528c9b0>,79,1,[2 8],119,579,580,460,551
1,<environment.Job instance at 0x1525a59f9d70>,81,2,[6 2],121,579,581,458,552
1,<environment.Job instance at 0x1525a59f9370>,82,3,[9 1],122,581,584,459,558
1,<environment.Job instance at 0x152584f746e0>,84,2,[5 2],124,584,586,460,561
1,<environment.Job instance at 0x152585295500>,71,16,[ 2 10],102,586,602,484,573
1,<environment.Job instance at 0x152584f74370>,88,2,[6 1],129,602,604,473,583
1,<environment.Job instance at 0x152584f74b40>,86,21,[1 8],126,602,623,476,596
1,<environment.Job instance at 0x152584cf87d0>,0,3,[9 2],2,3,6,1,3
1,<environment.Job instance at 0x15259ff37780>,1,2,[5 1],3,6,8,3,3
1,<environment.Job instance at 0x15259ff50230>,3,3,[9 2],5,8,11,3,5
1,<environment.Job instance at 0x15259ff37690>,4,2,[2 9],7,11,13,4,7
1,<environment.Job instance at 0x152584ad3af0>,8,2,[1 8],17,18,20,1,18
1,<environment.Job instance at 0x152584ad3f50>,12,2,[8 2],25,25,27,0,25
1,<environment.Job instance at 0x152584ad3d70>,10,3,[2 8],19,27,30,8,27
1,<environment.Job instance at 0x152584ad4500>,16,3,[1 9],31,31,34,0,31
1,<environment.Job instance at 0x152584ad4690>,17,1,[2 9],34,34,35,0,34
1,<environment.Job instance at 0x152584ad46e0>,18,2,[7 2],35,36,38,1,36
1,<environment.Job instance at 0x152584ad4640>,19,12,[7 1],36,326,338,290,326
1,<environment.Job instance at 0x152584ad4b90>,23,16,[ 1 10],42,2118,2134,2076,2118
1,<environment.Job instance at 0x152584ad4aa0>,5,3,[2 7],8,8,11,0,8
1,<environment.Job instance at 0x152584baf230>,6,15,[7 2],9,9,24,0,9
1,<environment.Job instance at 0x152584baf730>,7,15,[6 1],10,24,39,14,10
1,<environment.Job instance at 0x152584baf280>,8,2,[2 9],11,24,26,13,11
1,<environment.Job instance at 0x152584baf550>,9,2,[1 5],12,12,14,0,12
1,<environment.Job instance at 0x152584bafc30>,10,16,[1 8],13,26,42,13,13
1,<environment.Job instance at 0x152584c29870>,16,2,[5 2],21,39,41,18,23
1,<environment.Job instance at 0x152584c29280>,17,2,[5 1],22,41,43,19,23
1,<environment.Job instance at 0x152584c29c80>,18,1,[1 7],23,23,24,0,23
1,<environment.Job instance at 0x152584baf2d0>,11,14,[2 6],15,42,56,27,34
1,<environment.Job instance at 0x152584bead70>,44,3,[8 2],56,117,120,61,117
1,<environment.Job instance at 0x152584beae60>,56,3,[5 2],69,166,169,97,166
1,<environment.Job instance at 0x152584bea5f0>,57,2,[8 2],70,169,171,99,166
1,<environment.Job instance at 0x152584bea050>,58,3,[2 8],71,166,169,95,166
1,<environment.Job instance at 0x152584beab40>,59,2,[2 5],72,169,171,97,166
1,<environment.Job instance at 0x152584bea0f0>,60,13,[7 2],74,171,184,97,166
1,<environment.Job instance at 0x152584b45730>,61,22,[8 1],75,184,206,109,177
1,<environment.Job instance at 0x152584b454b0>,71,2,[10  1],87,206,208,119,179
1,<environment.Job instance at 0x152584b455a0>,75,1,[6 1],92,208,209,116,182
1,<environment.Job instance at 0x152584af3230>,76,2,[9 1],94,209,211,115,182
1,<environment.Job instance at 0x152584b45cd0>,72,22,[2 6],89,182,204,93,182
1,<environment.Job instance at 0x152584b025a0>,78,1,[8 1],97,211,212,114,183
1,<environment.Job instance at 0x152584b025f0>,79,1,[5 1],99,212,213,113,184
1,<environment.Job instance at 0x152584b024b0>,80,2,[7 2],100,213,215,113,187
1,<environment.Job instance at 0x152584fe9cd0>,2,3,[2 5],4,4,7,0,4
1,<environment.Job instance at 0x152584bf96e0>,1,2,[2 7],3,7,9,4,4
1,<environment.Job instance at 0x152584fe9c80>,5,1,[10  1],8,9,10,1,8
1,<environment.Job instance at 0x152584fe9eb0>,6,3,[10  1],11,11,14,0,11
1,<environment.Job instance at 0x152584fe9f50>,7,2,[ 2 10],12,14,16,2,12
1,<environment.Job instance at 0x152584fe9780>,8,3,[9 2],13,16,19,3,13
1,<environment.Job instance at 0x152584fe90a0>,9,1,[1 9],14,19,20,5,14
1,<environment.Job instance at 0x152584fe9550>,12,1,[9 2],20,20,21,0,20
1,<environment.Job instance at 0x1525851ac820>,13,1,[10  1],21,21,22,0,21
1,<environment.Job instance at 0x152584fe9640>,10,1,[8 2],17,22,23,5,22
1,<environment.Job instance at 0x152584ff4230>,15,13,[7 2],24,24,37,0,24
1,<environment.Job instance at 0x152584ff4d20>,16,3,[6 2],26,37,40,11,26
1,<environment.Job instance at 0x152585013460>,21,1,[8 1],32,82,83,50,82
1,<environment.Job instance at 0x152585013b90>,24,3,[9 2],35,84,87,49,84
1,<environment.Job instance at 0x15259ff257d0>,26,2,[ 1 10],38,91,93,53,91
1,<environment.Job instance at 0x15259ff25d70>,28,3,[9 2],41,104,107,63,104
1,<environment.Job instance at 0x15259ff255f0>,29,3,[10  1],42,107,110,65,104
1,<environment.Job instance at 0x15259ff25eb0>,31,2,[8 2],50,116,118,66,116
1,<environment.Job instance at 0x15259ff25e10>,33,3,[1 9],52,123,126,71,123
1,<environment.Job instance at 0x152584d55eb0>,43,2,[ 1 10],66,172,174,106,172
1,<environment.Job instance at 0x152584d55910>,46,2,[2 6],69,174,176,105,172
1,<environment.Job instance at 0x152584d55a00>,48,1,[7 2],72,174,175,102,172
1,<environment.Job instance at 0x152584d550f0>,49,12,[6 2],73,175,187,102,172
1,<environment.Job instance at 0x152584d556e0>,50,3,[1 7],74,176,179,102,172
1,<environment.Job instance at 0x152584d55d20>,52,3,[9 1],77,187,190,110,172
1,<environment.Job instance at 0x152584d55230>,53,14,[7 1],78,190,204,112,175
1,<environment.Job instance at 0x152584d55730>,55,14,[9 2],80,204,218,124,189
1,<environment.Job instance at 0x1525853531e0>,58,1,[6 1],83,218,219,135,190
1,<environment.Job instance at 0x152585353f00>,59,3,[5 2],84,219,222,135,193
1,<environment.Job instance at 0x152585353be0>,64,26,[1 6],91,193,219,102,193
1,<environment.Job instance at 0x152585353690>,66,23,[2 6],94,219,242,125,213
1,<environment.Job instance at 0x152585353460>,69,1,[5 2],98,222,223,124,213
1,<environment.Job instance at 0x152585353730>,70,1,[8 2],99,223,224,124,213
1,<environment.Job instance at 0x152585353050>,71,2,[7 2],101,224,226,123,213
1,<environment.Job instance at 0x152585353280>,72,3,[6 1],103,226,229,123,213
1,<environment.Job instance at 0x15259c10aeb0>,73,2,[10  1],104,242,244,138,215
1,<environment.Job instance at 0x152585041550>,74,1,[9 1],105,244,245,139,216
1,<environment.Job instance at 0x152585041410>,75,3,[5 1],106,229,232,123,216
1,<environment.Job instance at 0x1525850419b0>,76,3,[1 6],107,244,247,137,218
1,<environment.Job instance at 0x1525852ebc30>,80,3,[9 1],116,277,280,161,277
1,<environment.Job instance at 0x1525852eb3c0>,82,2,[1 8],119,315,317,196,315
1,<environment.Job instance at 0x152584ff40f0>,18,15,[2 5],29,595,610,566,595
1,<environment.Job instance at 0x152585227b90>,0,3,[1 8],1,1,4,0,1
1,<environment.Job instance at 0x1525a59e3cd0>,2,16,[9 1],4,6,22,2,6
1,<environment.Job instance at 0x1525a0c70e60>,5,2,[5 2],13,22,24,9,13
1,<environment.Job instance at 0x1525a0c70f50>,4,15,[ 2 10],12,24,39,12,13
1,<environment.Job instance at 0x1525849db910>,14,3,[2 8],23,39,42,16,23
1,<environment.Job instance at 0x1525849dba50>,15,3,[8 2],25,39,42,14,25
1,<environment.Job instance at 0x1525849db190>,8,1,[ 2 10],17,42,43,25,32
1,<environment.Job instance at 0x1525849d5410>,22,3,[ 2 10],35,43,46,8,35
1,<environment.Job instance at 0x1525849d57d0>,25,2,[10  2],38,46,48,8,38
1,<environment.Job instance at 0x1525849d5910>,26,2,[1 7],39,48,50,9,39
1,<environment.Job instance at 0x1525849d5a50>,27,3,[2 8],40,50,53,10,40
1,<environment.Job instance at 0x1525849d5cd0>,29,1,[7 1],44,48,49,4,44
1,<environment.Job instance at 0x1525849d5d20>,30,2,[5 2],45,49,51,4,45
1,<environment.Job instance at 0x1525849d5f50>,31,15,[1 9],46,53,68,7,46
1,<environment.Job instance at 0x1525849d5dc0>,32,3,[6 1],47,51,54,4,47
1,<environment.Job instance at 0x1525849e81e0>,33,2,[ 1 10],48,68,70,20,48
1,<environment.Job instance at 0x1525849e8370>,34,1,[7 1],49,54,55,5,49
1,<environment.Job instance at 0x1525849e84b0>,35,1,[2 6],52,70,71,18,52
1,<environment.Job instance at 0x1525849e8500>,36,2,[10  2],53,71,73,18,53
1,<environment.Job instance at 0x1525849e85f0>,38,2,[8 2],55,73,75,18,55
1,<environment.Job instance at 0x1525849e8730>,37,1,[5 1],54,55,56,1,55
1,<environment.Job instance at 0x1525849e89b0>,39,1,[6 1],56,56,57,0,56
1,<environment.Job instance at 0x1525849e8af0>,40,3,[8 1],58,58,61,0,58
1,<environment.Job instance at 0x1525849e8d70>,42,2,[8 2],63,75,77,12,63
1,<environment.Job instance at 0x1525a0c71e10>,49,1,[ 2 10],74,77,78,3,74
1,<environment.Job instance at 0x1525a0c71230>,50,2,[2 8],75,75,77,0,75
1,<environment.Job instance at 0x1525a0c71370>,53,12,[2 8],81,81,93,0,81
1,<environment.Job instance at 0x152584dd2f50>,56,1,[9 1],84,93,94,9,84
1,<environment.Job instance at 0x1525a0c71140>,57,1,[ 2 10],85,94,95,9,88
1,<environment.Job instance at 0x152584bab460>,58,12,[2 8],88,95,107,7,90
1,<environment.Job instance at 0x152584bd6d20>,67,3,[8 2],103,103,106,0,103
1,<environment.Job instance at 0x152584dd6fa0>,69,3,[2 8],105,107,110,2,105
1,<environment.Job instance at 0x152584bb2af0>,72,1,[1 7],110,112,113,2,112
1,<environment.Job instance at 0x1525a0c6bb90>,75,15,[10  2],113,114,129,1,114
1,<environment.Job instance at 0x152584bc30a0>,83,2,[ 2 10],125,129,131,4,125
1,<environment.Job instance at 0x152584bc31e0>,84,3,[9 1],126,131,134,5,126
1,<environment.Job instance at 0x152584bc3370>,76,2,[5 1],115,134,136,19,128
1,<environment.Job instance at 0x152584f0bf50>,3,1,[2 8],5,5,6,0,5
1,<environment.Job instance at 0x152584f0b3c0>,5,1,[8 1],8,8,9,0,8
1,<environment.Job instance at 0x152584f0bfa0>,6,1,[1 8],10,10,11,0,10
1,<environment.Job instance at 0x152584f0bc80>,7,1,[2 9],11,11,12,0,11
1,<environment.Job instance at 0x1525a0895eb0>,8,3,[1 9],12,12,15,0,12
1,<environment.Job instance at 0x1525a08954b0>,10,1,[7 2],15,15,16,0,15
1,<environment.Job instance at 0x1525a0895d20>,11,1,[10  1],16,16,17,0,16
1,<environment.Job instance at 0x1525a0895870>,12,3,[2 5],18,18,21,0,18
1,<environment.Job instance at 0x1525a08955a0>,13,2,[6 2],19,19,21,0,19
1,<environment.Job instance at 0x1525a0895190>,15,3,[2 9],21,21,24,0,21
1,<environment.Job instance at 0x1525a08950a0>,16,1,[1 6],22,24,25,2,22
1,<environment.Job instance at 0x1525a0895500>,17,1,[10  1],23,25,26,2,23
1,<environment.Job instance at 0x1525a0895910>,18,17,[5 1],24,26,43,2,24
1,<environment.Job instance at 0x1525a08956e0>,19,1,[7 1],25,43,44,18,25
1,<environment.Job instance at 0x1525a0895140>,20,3,[9 2],26,44,47,18,26
1,<environment.Job instance at 0x152584ba20f0>,21,2,[1 8],27,27,29,0,27
1,<environment.Job instance at 0x152584ba2910>,23,3,[2 5],29,29,32,0,29
1,<environment.Job instance at 0x152584ba2050>,24,2,[8 1],30,47,49,17,30
1,<environment.Job instance at 0x152584ba2730>,27,17,[7 2],33,49,66,16,46
1,<environment.Job instance at 0x152584ba2140>,31,3,[7 2],38,66,69,28,46
1,<environment.Job instance at 0x152584ba2c30>,33,1,[1 8],42,53,54,11,53
1,<environment.Job instance at 0x152584ba2b90>,32,17,[ 2 10],39,69,86,30,57
1,<environment.Job instance at 0x152584ba2500>,35,1,[6 1],45,86,87,41,64
1,<environment.Job instance at 0x15259c101320>,37,2,[1 7],49,65,67,16,65
1,<environment.Job instance at 0x15259c101190>,38,3,[7 1],50,87,90,37,65
1,<environment.Job instance at 0x15259c101a00>,39,1,[6 1],51,90,91,39,65
1,<environment.Job instance at 0x15259c1013c0>,40,15,[6 2],52,91,106,39,77
1,<environment.Job instance at 0x15259c101370>,41,3,[2 9],53,86,89,33,77
1,<environment.Job instance at 0x15259c101e60>,42,17,[1 8],55,151,168,96,151
1,<environment.Job instance at 0x15259ff71d70>,0,1,[7 2],2,2,3,0,2
1,<environment.Job instance at 0x15259c1014b0>,1,1,[2 8],3,4,5,1,4
1,<environment.Job instance at 0x1525849d55f0>,3,3,[2 6],5,5,8,0,5
1,<environment.Job instance at 0x15259c101780>,4,2,[7 1],7,7,9,0,7
1,<environment.Job instance at 0x1525852d0e60>,7,3,[1 9],11,11,14,0,11
1,<environment.Job instance at 0x1525a09a1280>,8,17,[1 5],12,14,31,2,12
1,<environment.Job instance at 0x1525a09a1410>,9,3,[8 1],14,14,17,0,14
1,<environment.Job instance at 0x1525a09a1550>,10,1,[1 8],15,31,32,16,15
1,<environment.Job instance at 0x1525a09a16e0>,11,1,[10  2],19,32,33,13,19
1,<environment.Job instance at 0x1525a09a1820>,12,2,[2 6],20,33,35,13,20
1,<environment.Job instance at 0x1525a09a1960>,13,1,[1 5],21,21,22,0,21
1,<environment.Job instance at 0x1525a09a1aa0>,14,3,[7 2],23,23,26,0,23
1,<environment.Job instance at 0x1525a09a1b90>,15,1,[2 8],24,35,36,11,24
1,<environment.Job instance at 0x1525a09a1c30>,17,3,[10  1],28,36,39,8,28
1,<environment.Job instance at 0x1525a09a1d20>,16,18,[1 7],26,39,57,13,33
1,<environment.Job instance at 0x1525a0994320>,21,15,[ 2 10],34,57,72,23,47
1,<environment.Job instance at 0x1525a09b2dc0>,43,3,[2 7],64,72,75,8,64
1,<environment.Job instance at 0x1525a09b2d20>,46,13,[10  1],68,75,88,7,69
1,<environment.Job instance at 0x1525a09b9910>,53,1,[2 7],78,88,89,10,81
1,<environment.Job instance at 0x1525a09b9e60>,56,3,[9 1],82,89,92,7,83
1,<environment.Job instance at 0x1525a09b9cd0>,57,15,[6 1],83,92,107,9,86
1,<environment.Job instance at 0x1525a09a8230>,61,17,[10  1],88,107,124,19,95
1,<environment.Job instance at 0x1525a09a8820>,65,3,[1 9],92,95,98,3,95
1,<environment.Job instance at 0x1525a09a8a00>,67,3,[2 9],95,98,101,3,96
1,<environment.Job instance at 0x1525a09bb0a0>,71,2,[7 1],100,124,126,24,100
1,<environment.Job instance at 0x1525a09bb050>,73,1,[ 1 10],105,126,127,21,105
1,<environment.Job instance at 0x1525852ca640>,74,3,[1 9],106,127,130,21,106
1,<environment.Job instance at 0x152584bb1aa0>,75,2,[9 2],108,130,132,22,108
1,<environment.Job instance at 0x1525a0c84cd0>,76,3,[2 7],109,132,135,23,109
1,<environment.Job instance at 0x15259e0ea910>,81,13,[1 5],121,135,148,14,121
1,<environment.Job instance at 0x1525852c3b40>,82,2,[6 1],123,127,129,4,123
1,<environment.Job instance at 0x152584aca370>,85,3,[2 9],126,148,151,22,127
1,<environment.Job instance at 0x152584bead20>,86,13,[2 9],127,151,164,24,135
1,<environment.Job instance at 0x1525a5a5f820>,8,2,[1 6],16,17,19,1,17
1,<environment.Job instance at 0x15259c1106e0>,11,1,[7 1],23,25,26,2,25
1,<environment.Job instance at 0x15259c0f9280>,13,3,[6 2],26,28,31,2,28
1,<environment.Job instance at 0x152584dca550>,15,2,[5 1],28,31,33,3,29
1,<environment.Job instance at 0x1525a4ffd1e0>,16,3,[9 1],29,33,36,4,29
1,<environment.Job instance at 0x152585390f00>,19,3,[9 2],34,38,41,4,38
1,<environment.Job instance at 0x1525a4fe0be0>,20,2,[2 5],35,41,43,6,38
1,<environment.Job instance at 0x1525a5981280>,22,3,[1 7],37,38,41,1,38
1,<environment.Job instance at 0x1525a086daf0>,25,1,[1 9],40,54,55,14,54
1,<environment.Job instance at 0x1525a5a5a140>,26,2,[2 6],41,55,57,14,54
1,<environment.Job instance at 0x15259ff1b960>,27,3,[ 2 10],42,57,60,15,54
1,<environment.Job instance at 0x152584b45cd0>,29,1,[8 1],46,55,56,9,55
1,<environment.Job instance at 0x15259fe03f50>,30,3,[1 6],47,60,63,13,55
1,<environment.Job instance at 0x15259ff1bfa0>,31,2,[1 6],48,63,65,15,55
1,<environment.Job instance at 0x15259ff7c190>,75,2,[2 8],112,1141,1143,1029,1141
1,<environment.Job instance at 0x15259ff7c5a0>,77,2,[6 1],114,1141,1143,1027,1141
1,<environment.Job instance at 0x15259ff7c9b0>,78,3,[7 2],115,1143,1146,1028,1143
1,<environment.Job instance at 0x15259ff7ca00>,79,2,[8 1],116,1146,1148,1030,1143
1,<environment.Job instance at 0x15259ff7cd70>,80,15,[8 2],117,1148,1163,1031,1143
1,<environment.Job instance at 0x15259ff7caa0>,81,1,[10  1],118,1163,1164,1045,1143
1,<environment.Job instance at 0x15259ff7c5f0>,82,2,[8 2],120,1164,1166,1044,1143
1,<environment.Job instance at 0x15259ff7c2d0>,83,1,[1 6],121,1146,1147,1025,1146
1,<environment.Job instance at 0x15259ff7c6e0>,85,16,[1 5],123,1164,1180,1041,1155
1,<environment.Job instance at 0x15259ff7c780>,86,3,[2 5],124,1155,1158,1031,1155
1,<environment.Job instance at 0x1525a092dc80>,87,3,[2 8],126,1158,1161,1032,1155
1,<environment.Job instance at 0x1525a092d1e0>,89,3,[1 8],128,1180,1183,1052,1156
1,<environment.Job instance at 0x152584a2c910>,0,3,[1 9],1,1,4,0,1
1,<environment.Job instance at 0x15259ff7c0f0>,3,13,[8 1],4,4,17,0,4
1,<environment.Job instance at 0x152584a2c280>,4,3,[2 8],5,5,8,0,5
1,<environment.Job instance at 0x152584a2c780>,8,1,[2 7],10,10,11,0,10
1,<environment.Job instance at 0x15259e568190>,9,3,[8 2],11,17,20,6,11
1,<environment.Job instance at 0x15259e568280>,10,3,[ 2 10],12,20,23,8,12
1,<environment.Job instance at 0x15259e568fa0>,11,2,[9 1],14,23,25,9,14
1,<environment.Job instance at 0x15259e568320>,12,1,[2 5],15,15,16,0,15
1,<environment.Job instance at 0x15259e5683c0>,7,14,[ 2 10],8,25,39,17,17
1,<environment.Job instance at 0x15259ff50dc0>,14,2,[2 8],20,39,41,19,20
1,<environment.Job instance at 0x15259ff50a00>,13,3,[1 8],17,41,44,24,26
1,<environment.Job instance at 0x15259ff50460>,19,3,[8 1],27,39,42,12,27
1,<environment.Job instance at 0x15259ff50730>,20,3,[10  1],28,44,47,16,28
1,<environment.Job instance at 0x15259ff500a0>,21,3,[1 8],29,47,50,18,30
1,<environment.Job instance at 0x15259ff50550>,23,2,[8 2],31,42,44,11,31
1,<environment.Job instance at 0x152584ce8910>,24,2,[8 1],32,47,49,15,36
1,<environment.Job instance at 0x152584ce8820>,27,3,[ 2 10],37,50,53,13,37
1,<environment.Job instance at 0x152584ce8370>,26,1,[ 2 10],35,53,54,18,38
1,<environment.Job instance at 0x1525a6ff3a00>,29,13,[1 7],40,54,67,14,40
1,<environment.Job instance at 0x15259fe76aa0>,30,16,[5 1],41,54,70,13,41
1,<environment.Job instance at 0x15259fe76960>,31,3,[2 5],43,67,70,24,44
1,<environment.Job instance at 0x15259fe76730>,33,15,[5 1],46,70,85,24,56
1,<environment.Job instance at 0x15259fe76be0>,35,1,[6 1],48,85,86,37,78
1,<environment.Job instance at 0x15259fe760a0>,36,18,[8 2],49,86,104,37,78
1,<environment.Job instance at 0x15259fe76050>,37,16,[2 9],50,104,120,54,92
1,<environment.Job instance at 0x15259fe76e60>,38,3,[2 6],51,120,123,69,119
1,<environment.Job instance at 0x15259fe76190>,39,3,[2 6],52,135,138,83,135
1,<environment.Job instance at 0x15259fe76410>,40,1,[5 2],53,142,143,89,142
1,<environment.Job instance at 0x15259fe76cd0>,41,3,[7 1],54,143,146,89,142
1,<environment.Job instance at 0x15259fe76500>,43,3,[2 7],57,144,147,87,144
1,<environment.Job instance at 0x15259fe76a00>,44,18,[1 6],58,170,188,112,170
1,<environment.Job instance at 0x15259fe761e0>,45,3,[1 5],60,188,191,128,172
1,<environment.Job instance at 0x15259fe76640>,46,2,[2 8],61,191,193,130,179
1,<environment.Job instance at 0x152585220910>,0,3,[2 9],2,2,5,0,2
1,<environment.Job instance at 0x1525a08868c0>,4,3,[10  2],8,8,11,0,8
1,<environment.Job instance at 0x1525a0886690>,6,2,[7 1],10,11,13,1,10
1,<environment.Job instance at 0x1525a50fc730>,7,2,[10  1],11,13,15,2,11
1,<environment.Job instance at 0x1525a08867d0>,3,16,[5 2],6,16,32,10,16
1,<environment.Job instance at 0x1525a50fc9b0>,12,3,[10  2],18,32,35,14,26
1,<environment.Job instance at 0x1525a50fcf00>,15,3,[ 2 10],22,38,41,16,38
1,<environment.Job instance at 0x1525a50fc050>,16,2,[2 8],23,43,45,20,43
1,<environment.Job instance at 0x1525a50fcd20>,17,2,[8 1],24,55,57,31,55
1,<environment.Job instance at 0x1525a50fcaf0>,18,3,[2 8],27,89,92,62,89
1,<environment.Job instance at 0x1525a50fca50>,19,3,[9 1],28,92,95,64,92
1,<environment.Job instance at 0x1525a50fc230>,20,3,[2 9],30,95,98,65,92
1,<environment.Job instance at 0x1525a50fc460>,21,2,[10  2],31,100,102,69,100
1,<environment.Job instance at 0x1525a50fc6e0>,22,2,[ 1 10],32,137,139,105,137
1,<environment.Job instance at 0x1525a50fcaa0>,23,3,[ 1 10],34,150,153,116,150
1,<environment.Job instance at 0x1525a50fc500>,24,1,[9 2],35,153,154,118,151
1,<environment.Job instance at 0x1525a50fc320>,25,1,[7 2],36,154,155,118,153
1,<environment.Job instance at 0x1525a50fc140>,26,2,[5 2],37,156,158,119,156
1,<environment.Job instance at 0x15259fcf4370>,3,2,[5 1],4,4,6,0,4
1,<environment.Job instance at 0x1525a5aaa280>,2,3,[1 7],3,4,7,1,4
1,<environment.Job instance at 0x15259ff99730>,5,2,[5 2],7,7,9,0,7
1,<environment.Job instance at 0x15259ff995a0>,7,1,[8 2],9,9,10,0,9
1,<environment.Job instance at 0x15259ff99550>,6,1,[1 5],8,10,11,2,10
1,<environment.Job instance at 0x15259ff99780>,8,2,[7 1],10,10,12,0,10
1,<environment.Job instance at 0x15259ff99690>,9,1,[10  1],11,12,13,1,11
1,<environment.Job instance at 0x15259ff99d70>,10,2,[ 1 10],12,13,15,1,12
1,<environment.Job instance at 0x15259ff99eb0>,11,2,[1 8],13,15,17,2,13
1,<environment.Job instance at 0x15259ff99fa0>,12,3,[2 5],14,17,20,3,14
1,<environment.Job instance at 0x15259ffaa1e0>,14,2,[7 1],16,16,18,0,16
1,<environment.Job instance at 0x15259ffaa050>,16,1,[2 5],18,18,19,0,18
1,<environment.Job instance at 0x15259ffaa910>,25,3,[1 5],31,38,41,7,38
1,<environment.Job instance at 0x15259ffae0a0>,30,3,[1 7],38,65,68,27,65
1,<environment.Job instance at 0x15259ffae050>,31,3,[7 1],39,66,69,27,66
1,<environment.Job instance at 0x15259ffae640>,38,3,[2 6],48,110,113,62,110
1,<environment.Job instance at 0x15259ffaeaf0>,44,3,[8 2],55,116,119,61,116
1,<environment.Job instance at 0x15258491d2d0>,81,2,[1 6],103,248,250,145,248
1,<environment.Job instance at 0x1525a08b4320>,88,3,[5 2],110,279,282,169,279
1,<environment.Job instance at 0x152585012320>,90,3,[5 2],115,296,299,181,296
1,<environment.Job instance at 0x1525a501b5f0>,92,2,[8 2],117,299,301,182,297
1,<environment.Job instance at 0x15258491da50>,82,16,[1 9],104,381,397,277,381
1,<environment.Job instance at 0x152584c6e4b0>,0,2,[8 1],1,1,3,0,1
1,<environment.Job instance at 0x152584c6e690>,3,2,[9 2],5,5,7,0,5
1,<environment.Job instance at 0x152584c6ef50>,5,2,[9 1],9,11,13,2,11
1,<environment.Job instance at 0x152584c6eb90>,2,2,[1 5],4,11,13,7,11
1,<environment.Job instance at 0x152584c6ed20>,7,2,[2 9],12,13,15,1,12
1,<environment.Job instance at 0x152584c6e5f0>,9,3,[7 1],14,14,17,0,14
1,<environment.Job instance at 0x152584b486e0>,10,2,[ 1 10],15,17,19,2,15
1,<environment.Job instance at 0x152584b482d0>,12,2,[1 8],18,28,30,10,28
1,<environment.Job instance at 0x152584b48c80>,19,3,[1 6],29,30,33,1,29
1,<environment.Job instance at 0x152584b48820>,20,3,[2 6],30,33,36,3,32
1,<environment.Job instance at 0x152584b489b0>,21,3,[2 5],31,36,39,5,35
1,<environment.Job instance at 0x152584b48f00>,22,16,[7 2],32,35,51,3,35
1,<environment.Job instance at 0x152584b48910>,23,12,[9 1],33,51,63,18,35
1,<environment.Job instance at 0x152584b48be0>,24,3,[7 2],35,63,66,28,49
1,<environment.Job instance at 0x152585004140>,25,3,[1 6],37,53,56,16,53
1,<environment.Job instance at 0x152585004050>,26,2,[1 6],39,59,61,20,59
1,<environment.Job instance at 0x152585004640>,27,2,[8 1],43,66,68,23,59
1,<environment.Job instance at 0x152585004aa0>,28,3,[9 2],44,68,71,24,59
1,<environment.Job instance at 0x152585004e60>,29,1,[2 8],46,63,64,17,59
1,<environment.Job instance at 0x152585004500>,30,2,[10  1],47,71,73,24,59
1,<environment.Job instance at 0x1525850045a0>,31,13,[1 8],48,73,86,25,70
1,<environment.Job instance at 0x1525850049b0>,32,3,[5 1],50,73,76,23,72
1,<environment.Job instance at 0x1525850048c0>,33,26,[5 2],52,76,102,24,75
1,<environment.Job instance at 0x152585004910>,35,12,[2 8],55,97,109,42,97
1,<environment.Job instance at 0x1525850044b0>,36,14,[10  2],56,109,123,53,97
1,<environment.Job instance at 0x152585004a50>,37,3,[2 6],57,123,126,66,100
1,<environment.Job instance at 0x152585004fa0>,38,12,[6 1],60,123,135,63,106
1,<environment.Job instance at 0x152584bb8c80>,39,18,[1 6],61,128,146,67,128
1,<environment.Job instance at 0x152584bb8730>,40,14,[9 2],63,135,149,72,128
1,<environment.Job instance at 0x152584bb8e60>,41,3,[1 9],66,149,152,83,135
1,<environment.Job instance at 0x152584bb8370>,42,1,[5 2],67,152,153,85,136
1,<environment.Job instance at 0x152584bb8d20>,44,23,[9 1],70,153,176,83,147
1,<environment.Job instance at 0x152584bb8aa0>,48,2,[1 5],74,147,149,73,147
1,<environment.Job instance at 0x152584bb8d70>,51,1,[10  1],80,176,177,96,148
1,<environment.Job instance at 0x152584bb8f00>,52,1,[7 1],81,149,150,68,148
1,<environment.Job instance at 0x152584bb85f0>,53,2,[10  1],82,177,179,95,150
1,<environment.Job instance at 0x152584bb8b90>,54,1,[6 2],83,179,180,96,151
1,<environment.Job instance at 0x152584b42780>,55,3,[6 2],84,180,183,96,154
1,<environment.Job instance at 0x152584b42af0>,56,3,[2 5],88,179,182,91,154
1,<environment.Job instance at 0x152584b42a50>,57,2,[5 1],89,183,185,94,156
1,<environment.Job instance at 0x152584b425a0>,59,13,[2 8],93,182,195,89,166
1,<environment.Job instance at 0x152584b424b0>,60,3,[1 9],94,166,169,72,166
1,<environment.Job instance at 0x152584b429b0>,62,3,[2 9],97,195,198,98,169
1,<environment.Job instance at 0x152584b427d0>,63,3,[6 1],99,185,188,86,169
1,<environment.Job instance at 0x152584b42a00>,64,18,[7 2],100,198,216,98,187
1,<environment.Job instance at 0x152584b42f00>,66,2,[9 1],102,216,218,114,189
1,<environment.Job instance at 0x152584b42500>,68,3,[ 1 10],105,218,221,113,195
1,<environment.Job instance at 0x152584b42aa0>,70,2,[6 2],107,221,223,114,195
1,<environment.Job instance at 0x152584b421e0>,71,13,[6 1],108,223,236,115,207
1,<environment.Job instance at 0x152584bdff50>,74,3,[5 2],112,236,239,124,210
1,<environment.Job instance at 0x152584bdf320>,76,17,[9 1],114,239,256,125,227
1,<environment.Job instance at 0x152584f83730>,82,2,[10  1],125,256,258,131,229
1,<environment.Job instance at 0x152584f835f0>,84,1,[6 2],128,258,259,130,230
1,<environment.Job instance at 0x152584f83550>,85,1,[6 1],129,259,260,130,231
1,<environment.Job instance at 0x152584b48eb0>,18,17,[ 1 10],26,290,307,264,290
1,<environment.Job instance at 0x1525a08939b0>,0,1,[5 1],3,3,4,0,3
1,<environment.Job instance at 0x152584b48d70>,1,2,[1 9],4,6,8,2,6
1,<environment.Job instance at 0x152584b48eb0>,2,3,[ 2 10],6,8,11,2,7
1,<environment.Job instance at 0x15259fe59320>,3,2,[7 1],8,11,13,3,8
1,<environment.Job instance at 0x1525851a3eb0>,5,1,[ 2 10],12,13,14,1,13
1,<environment.Job instance at 0x15259fe59730>,4,2,[ 1 10],11,14,16,3,13
1,<environment.Job instance at 0x1525851a3e10>,6,3,[1 9],14,16,19,2,14
1,<environment.Job instance at 0x1525851a3f50>,8,13,[ 1 10],17,19,32,2,17
1,<environment.Job instance at 0x1525851760a0>,11,1,[1 6],22,32,33,10,22
1,<environment.Job instance at 0x152585176690>,12,1,[1 8],23,33,34,10,23
1,<environment.Job instance at 0x1525851767d0>,13,1,[8 2],25,32,33,7,25
1,<environment.Job instance at 0x1525851768c0>,14,2,[10  2],26,34,36,8,26
1,<environment.Job instance at 0x152585176c30>,19,3,[1 5],33,38,41,5,38
1,<environment.Job instance at 0x15258519a320>,26,2,[10  1],43,78,80,35,78
1,<environment.Job instance at 0x15258519a5a0>,31,3,[1 9],54,116,119,62,116
1,<environment.Job instance at 0x15258519a6e0>,34,3,[6 2],60,122,125,62,122
1,<environment.Job instance at 0x15258519aaf0>,36,2,[8 1],66,175,177,109,175
1,<environment.Job instance at 0x15258519afa0>,42,1,[8 1],73,177,178,104,177
1,<environment.Job instance at 0x15258517b640>,53,3,[ 2 10],98,224,227,126,224
1,<environment.Job instance at 0x15258517bc30>,62,3,[2 9],110,239,242,129,239
1,<environment.Job instance at 0x1525851741e0>,65,2,[5 1],113,258,260,145,258
1,<environment.Job instance at 0x1525851a3d70>,0,2,[2 9],1,1,3,0,1
1,<environment.Job instance at 0x15259fde06e0>,2,3,[2 6],3,4,7,1,4
1,<environment.Job instance at 0x152585176a00>,1,2,[6 2],2,4,6,2,4
1,<environment.Job instance at 0x152584706730>,5,1,[2 8],6,7,8,1,7
1,<environment.Job instance at 0x1525a6fd16e0>,7,2,[7 1],8,8,10,0,8
1,<environment.Job instance at 0x152584b914b0>,8,2,[7 2],9,10,12,1,9
1,<environment.Job instance at 0x152584b91f50>,9,1,[9 2],10,12,13,2,10
1,<environment.Job instance at 0x1525a511d550>,10,2,[9 1],11,13,15,2,12
1,<environment.Job instance at 0x152585354780>,11,3,[9 1],13,15,18,2,13
1,<environment.Job instance at 0x1525a511d230>,13,3,[2 9],16,18,21,2,16
1,<environment.Job instance at 0x152584cda5a0>,16,3,[9 1],21,23,26,2,23
1,<environment.Job instance at 0x1525a5a58af0>,18,2,[5 1],27,32,34,5,32
1,<environment.Job instance at 0x15259ffa0640>,21,17,[1 6],30,399,416,369,399
1,<environment.Job instance at 0x1525a085d230>,25,3,[9 1],37,1145,1148,1108,1145
1,<environment.Job instance at 0x1525846ae460>,4,23,[1 9],6,6,29,0,6
1,<environment.Job instance at 0x1525846ae960>,5,3,[1 8],8,29,32,21,8
1,<environment.Job instance at 0x1525846ae0f0>,6,3,[2 9],12,32,35,20,12
1,<environment.Job instance at 0x15258531ca00>,7,1,[8 2],14,29,30,15,14
1,<environment.Job instance at 0x15258531ccd0>,8,3,[7 1],16,16,19,0,16
1,<environment.Job instance at 0x15258531c910>,9,3,[ 2 10],19,35,38,16,19
1,<environment.Job instance at 0x15258531c050>,10,3,[7 2],21,38,41,17,21
1,<environment.Job instance at 0x15258531c870>,11,3,[9 2],23,41,44,18,23
1,<environment.Job instance at 0x15258531ceb0>,12,3,[1 6],26,38,41,12,26
1,<environment.Job instance at 0x152585332c30>,14,1,[2 7],28,44,45,16,28
1,<environment.Job instance at 0x152585332f50>,15,2,[2 5],29,45,47,16,29
1,<environment.Job instance at 0x152585332eb0>,16,3,[1 8],30,41,44,11,30
1,<environment.Job instance at 0x152585332730>,17,1,[10  2],31,47,48,16,31
1,<environment.Job instance at 0x1525846aee60>,3,16,[2 6],5,48,64,43,35
1,<environment.Job instance at 0x1525a50b4550>,21,12,[8 1],37,48,60,11,37
1,<environment.Job instance at 0x1525a50b4d20>,20,3,[9 2],36,64,67,28,38
1,<environment.Job instance at 0x1525a50b4c80>,22,2,[6 2],38,44,46,6,43
1,<environment.Job instance at 0x1525a50b4cd0>,24,13,[8 1],44,67,80,23,51
1,<environment.Job instance at 0x1525850ce7d0>,29,2,[1 8],51,64,66,13,52
1,<environment.Job instance at 0x15259c0d6910>,30,1,[8 2],53,60,61,7,54
1,<environment.Job instance at 0x15259c0d63c0>,32,2,[2 8],56,67,69,11,59
1,<environment.Job instance at 0x15259c0d6b40>,35,2,[1 7],59,75,77,16,75
1,<environment.Job instance at 0x1525a5003c30>,36,3,[6 2],60,89,92,29,89
1,<environment.Job instance at 0x1525a5003370>,38,1,[7 1],64,99,100,35,99
1,<environment.Job instance at 0x152584bed140>,43,15,[5 2],70,136,151,66,136
1,<environment.Job instance at 0x152584bedaa0>,44,13,[6 2],71,151,164,80,136
1,<environment.Job instance at 0x152584bed4b0>,46,2,[6 2],74,164,166,90,137
1,<environment.Job instance at 0x152584ade550>,47,3,[2 5],75,137,140,62,137
1,<environment.Job instance at 0x152584adec30>,48,12,[5 2],76,166,178,90,149
1,<environment.Job instance at 0x152584ade230>,51,16,[7 1],81,178,194,97,165
1,<environment.Job instance at 0x152584adeaf0>,62,2,[6 2],95,194,196,99,167
1,<environment.Job instance at 0x15259c048c80>,63,16,[5 1],98,196,212,98,183
1,<environment.Job instance at 0x152584708af0>,75,17,[8 1],113,212,229,99,200
1,<environment.Job instance at 0x1525847fd550>,77,2,[2 8],118,200,202,82,200
1,<environment.Job instance at 0x15259c0d61e0>,31,13,[1 9],54,232,245,178,232
1,<environment.Job instance at 0x15259fd3bc80>,0,2,[ 2 10],2,3,5,1,3
1,<environment.Job instance at 0x152584ade320>,2,1,[2 5],4,5,6,1,5
1,<environment.Job instance at 0x15258529ae10>,1,3,[2 8],3,6,9,3,6
1,<environment.Job instance at 0x15259fedad20>,6,12,[1 7],9,10,22,1,10
1,<environment.Job instance at 0x15259fedaa00>,7,1,[7 1],10,12,13,2,12
1,<environment.Job instance at 0x15259fedae10>,11,2,[7 1],14,14,16,0,14
1,<environment.Job instance at 0x15259feda230>,12,1,[1 6],16,22,23,6,16
1,<environment.Job instance at 0x152584cc3cd0>,13,2,[6 2],17,17,19,0,17
1,<environment.Job instance at 0x152584cc3e10>,14,2,[10  2],19,23,25,4,19
1,<environment.Job instance at 0x152584cc3320>,15,2,[2 7],23,25,27,2,23
1,<environment.Job instance at 0x152584cc3280>,16,3,[8 1],24,25,28,1,24
1,<environment.Job instance at 0x15259ff71fa0>,17,1,[8 2],26,28,29,2,26
1,<environment.Job instance at 0x15259ff71e60>,18,3,[8 2],28,29,32,1,28
1,<environment.Job instance at 0x15259ff71460>,19,2,[8 1],30,32,34,2,31
1,<environment.Job instance at 0x15259ff71cd0>,20,3,[2 7],31,31,34,0,31
1,<environment.Job instance at 0x15259ff714b0>,22,1,[8 1],36,36,37,0,36
1,<environment.Job instance at 0x15259ff710f0>,23,1,[10  1],37,37,38,0,37
1,<environment.Job instance at 0x15259ff71410>,25,2,[9 1],39,39,41,0,39
1,<environment.Job instance at 0x1525a092cfa0>,27,12,[7 1],41,41,53,0,41
1,<environment.Job instance at 0x1525a092cc80>,28,3,[10  1],42,53,56,11,42
1,<environment.Job instance at 0x1525a092ce60>,29,3,[7 1],43,56,59,13,43
1,<environment.Job instance at 0x1525a092ccd0>,30,2,[2 8],45,45,47,0,45
1,<environment.Job instance at 0x1525a092c320>,31,16,[1 9],46,1773,1789,1727,1773
1,<environment.Job instance at 0x1525a59a7960>,36,1,[10  1],55,1789,1790,1734,1773
1,<environment.Job instance at 0x1525a59a7a50>,37,1,[7 2],56,1790,1791,1734,1775
1,<environment.Job instance at 0x1525a59a76e0>,38,3,[1 7],57,1790,1793,1733,1775
1,<environment.Job instance at 0x1525a59a7910>,42,1,[1 6],66,1793,1794,1727,1775
1,<environment.Job instance at 0x1525a59a7640>,44,2,[6 2],69,1791,1793,1722,1775
1,<environment.Job instance at 0x1525a59a7230>,45,3,[1 6],70,1794,1797,1724,1775
1,<environment.Job instance at 0x1525a59a7820>,47,3,[ 2 10],72,1797,1800,1725,1787
1,<environment.Job instance at 0x153639a27960>,1,3,[1 9],2,3,6,1,3
1,<environment.Job instance at 0x15362fdc29b0>,4,2,[7 2],5,6,8,1,6
1,<environment.Job instance at 0x153639a27c30>,2,1,[2 5],3,8,9,5,8
1,<environment.Job instance at 0x15362fdc2dc0>,9,2,[6 1],11,11,13,0,11
1,<environment.Job instance at 0x15362fdc2fa0>,10,13,[2 8],12,12,25,0,12
1,<environment.Job instance at 0x15362fdc50a0>,11,3,[1 8],13,25,28,12,13
1,<environment.Job instance at 0x15362fdc5410>,12,3,[1 8],14,28,31,14,14
1,<environment.Job instance at 0x15362fdc5550>,13,2,[8 1],17,17,19,0,17
1,<environment.Job instance at 0x15362fdc55a0>,14,2,[ 1 10],18,31,33,13,18
1,<environment.Job instance at 0x15362fdb8780>,18,2,[10  1],25,33,35,8,25
1,<environment.Job instance at 0x15362fdb8640>,19,3,[6 2],26,26,29,0,26
1,<environment.Job instance at 0x15362fdb8050>,23,2,[8 1],31,58,60,27,58
1,<environment.Job instance at 0x15362fdb7500>,31,3,[9 2],41,60,63,19,58
1,<environment.Job instance at 0x15362fdb7d20>,32,3,[2 9],42,63,66,21,58
1,<environment.Job instance at 0x153632600dc0>,0,1,[2 8],1,1,2,0,1
1,<environment.Job instance at 0x15362fdb7dc0>,3,1,[8 2],4,5,6,1,5
1,<environment.Job instance at 0x153632600870>,5,18,[1 8],6,6,24,0,6
1,<environment.Job instance at 0x1536326006e0>,8,3,[ 2 10],12,30,33,18,30
1,<environment.Job instance at 0x1536302bb5a0>,12,15,[9 2],17,33,48,16,30
1,<environment.Job instance at 0x1536302bbb40>,13,18,[2 6],18,209,227,191,209
1,<environment.Job instance at 0x1536302bb960>,15,1,[1 7],20,227,228,207,214
1,<environment.Job instance at 0x153631aa3190>,1,1,[7 1],2,2,3,0,2
1,<environment.Job instance at 0x153631c07fa0>,2,18,[5 2],3,5,23,2,5
1,<environment.Job instance at 0x153631c080f0>,3,2,[8 2],5,23,25,18,5
1,<environment.Job instance at 0x153631a25e60>,6,1,[5 2],8,8,9,0,8
1,<environment.Job instance at 0x153631a25190>,8,3,[1 7],10,10,13,0,10
1,<environment.Job instance at 0x153631a25500>,10,2,[1 7],14,14,16,0,14
1,<environment.Job instance at 0x153631a2d500>,14,2,[10  1],19,25,27,6,19
1,<environment.Job instance at 0x153631aa5aa0>,15,3,[2 7],20,20,23,0,20
1,<environment.Job instance at 0x153631aa5a00>,16,17,[7 1],22,27,44,5,22
1,<environment.Job instance at 0x153631aa5c80>,18,3,[1 8],25,27,30,2,25
1,<environment.Job instance at 0x153631aa5dc0>,21,3,[ 2 10],31,44,47,13,31
1,<environment.Job instance at 0x153631aa5be0>,23,2,[2 5],34,34,36,0,34
1,<environment.Job instance at 0x153631aa5d70>,24,1,[ 2 10],35,47,48,12,36
1,<environment.Job instance at 0x153631afa0f0>,26,2,[ 1 10],37,48,50,11,37
1,<environment.Job instance at 0x153631afa2d0>,27,3,[7 2],38,50,53,12,38
1,<environment.Job instance at 0x153631afa050>,30,3,[1 9],42,53,56,11,42
1,<environment.Job instance at 0x153631afa1e0>,31,1,[6 1],43,53,54,10,43
1,<environment.Job instance at 0x153631afab90>,32,3,[5 1],44,54,57,10,44
1,<environment.Job instance at 0x153631b0a6e0>,33,3,[1 7],49,50,53,1,49
1,<environment.Job instance at 0x153631cd5eb0>,34,12,[7 1],51,57,69,6,51
1,<environment.Job instance at 0x153631af45a0>,38,3,[1 8],58,58,61,0,58
1,<environment.Job instance at 0x153631aa3a50>,40,2,[9 2],62,69,71,7,62
1,<environment.Job instance at 0x153631aa3fa0>,41,3,[5 2],63,71,74,8,63
1,<environment.Job instance at 0x153631aa3910>,39,2,[2 7],61,64,66,3,64
1,<environment.Job instance at 0x153631aa3730>,43,1,[ 2 10],65,74,75,9,65
1,<environment.Job instance at 0x153631aa3cd0>,44,18,[5 2],67,75,93,8,67
1,<environment.Job instance at 0x153631aa7870>,45,1,[1 8],68,70,71,2,70
1,<environment.Job instance at 0x153631aa7c30>,46,13,[1 7],70,75,88,5,73
1,<environment.Job instance at 0x153631aa7190>,48,3,[5 2],74,88,91,14,74
1,<environment.Job instance at 0x153631aa7820>,49,2,[ 2 10],75,93,95,18,75
1,<environment.Job instance at 0x153631aa7be0>,47,12,[2 9],73,95,107,22,79
1,<environment.Job instance at 0x15362c181d20>,54,3,[2 7],83,107,110,24,90
1,<environment.Job instance at 0x1536390c7e10>,0,3,[6 1],3,3,6,0,3
1,<environment.Job instance at 0x153626cf8820>,2,2,[2 9],5,5,7,0,5
1,<environment.Job instance at 0x153630261280>,6,3,[8 1],9,9,12,0,9
1,<environment.Job instance at 0x153630261230>,7,3,[8 1],13,13,16,0,13
1,<environment.Job instance at 0x153630261500>,8,1,[10  1],14,16,17,2,14
1,<environment.Job instance at 0x153630261140>,9,27,[1 7],15,17,44,2,15
1,<environment.Job instance at 0x153626c5b5f0>,14,2,[1 5],25,44,46,19,28
1,<environment.Job instance at 0x153626c5b960>,15,2,[8 1],26,28,30,2,28
1,<environment.Job instance at 0x153626c5b3c0>,16,3,[2 9],27,46,49,19,28
1,<environment.Job instance at 0x153626c5b280>,17,1,[5 1],29,30,31,1,30
1,<environment.Job instance at 0x153626c5bf50>,18,3,[1 5],30,49,52,19,30
1,<environment.Job instance at 0x153626c5b8c0>,19,2,[1 9],31,52,54,21,31
1,<environment.Job instance at 0x153626cdd8c0>,20,3,[2 8],32,54,57,22,32
1,<environment.Job instance at 0x153626cdd7d0>,21,1,[1 8],35,57,58,22,35
1,<environment.Job instance at 0x153626cdd460>,23,3,[1 6],37,58,61,21,38
1,<environment.Job instance at 0x153626cdd730>,24,2,[8 2],38,38,40,0,38
1,<environment.Job instance at 0x153626cdd280>,26,3,[10  1],41,61,64,20,41
1,<environment.Job instance at 0x153626cdd9b0>,27,2,[1 7],42,64,66,22,42
1,<environment.Job instance at 0x1536302618c0>,10,15,[2 8],18,66,81,48,52
1,<environment.Job instance at 0x153626cdd5f0>,29,3,[1 9],44,81,84,37,55
1,<environment.Job instance at 0x153626cdd3c0>,30,2,[1 8],46,84,86,38,57
1,<environment.Job instance at 0x153626cdd320>,31,2,[1 5],48,86,88,38,59
1,<environment.Job instance at 0x153630261f00>,11,16,[2 8],19,2004,2020,1985,2004
1,<environment.Job instance at 0x1536272c7230>,1,2,[1 8],2,2,4,0,2
1,<environment.Job instance at 0x1536272c74b0>,3,1,[2 5],4,4,5,0,4
1,<environment.Job instance at 0x1536269c4780>,4,14,[2 8],5,5,19,0,5
1,<environment.Job instance at 0x15362c143500>,5,2,[7 1],6,6,8,0,6
1,<environment.Job instance at 0x1536272c7640>,6,3,[7 1],7,8,11,1,7
1,<environment.Job instance at 0x1536272c7af0>,7,13,[10  1],8,19,32,11,8
1,<environment.Job instance at 0x1536272cc410>,9,1,[ 2 10],10,32,33,22,10
1,<environment.Job instance at 0x15362c16b870>,10,2,[10  2],12,33,35,21,12
1,<environment.Job instance at 0x1536272cce60>,11,3,[7 1],16,16,19,0,16
1,<environment.Job instance at 0x1536272cc820>,12,3,[2 8],17,35,38,18,17
1,<environment.Job instance at 0x1536272cc960>,13,3,[1 9],18,38,41,20,18
1,<environment.Job instance at 0x1536269a8eb0>,14,16,[10  1],19,41,57,22,28
1,<environment.Job instance at 0x1536269a8730>,18,3,[10  1],27,57,60,30,34
1,<environment.Job instance at 0x153627336c30>,23,1,[7 1],36,38,39,2,38
1,<environment.Job instance at 0x153627365820>,26,3,[5 2],40,60,63,20,41
1,<environment.Job instance at 0x1536273934b0>,29,3,[8 1],43,63,66,20,45
1,<environment.Job instance at 0x153627393730>,28,13,[7 2],42,66,79,24,50
1,<environment.Job instance at 0x153627393140>,31,18,[1 5],47,60,78,13,51
1,<environment.Job instance at 0x153627303280>,34,3,[2 9],54,79,82,25,54
1,<environment.Job instance at 0x153630283960>,35,1,[10  2],55,82,83,27,59
1,<environment.Job instance at 0x153627303230>,38,2,[ 1 10],60,83,85,23,60
1,<environment.Job instance at 0x1536273db960>,41,2,[1 6],67,85,87,18,71
1,<environment.Job instance at 0x15362c0a3b90>,42,3,[1 9],68,87,90,19,71
1,<environment.Job instance at 0x15362c0a3a50>,43,16,[2 7],71,90,106,19,77
1,<environment.Job instance at 0x15362730baf0>,44,1,[6 2],72,85,86,13,77
1,<environment.Job instance at 0x15362730beb0>,45,3,[10  2],74,106,109,32,80
1,<environment.Job instance at 0x1536326388c0>,46,3,[5 1],78,86,89,8,80
1,<environment.Job instance at 0x1536326382d0>,47,1,[2 8],79,109,110,30,81
1,<environment.Job instance at 0x153631c6d500>,48,2,[7 2],80,90,92,10,81
1,<environment.Job instance at 0x15362c03c2d0>,49,2,[6 2],81,92,94,11,81
1,<environment.Job instance at 0x153631c9bd20>,50,3,[9 1],82,110,113,28,84
1,<environment.Job instance at 0x1536269aa8c0>,52,2,[5 2],84,94,96,10,84
1,<environment.Job instance at 0x1536273036e0>,32,16,[1 5],51,110,126,59,97
1,<environment.Job instance at 0x15362735e5f0>,56,2,[6 1],89,97,99,8,97
1,<environment.Job instance at 0x15362735e370>,58,3,[9 2],92,113,116,21,97
1,<environment.Job instance at 0x15362735e0a0>,57,2,[ 1 10],90,126,128,36,99
1,<environment.Job instance at 0x15362735e050>,59,2,[5 1],93,99,101,6,99
1,<environment.Job instance at 0x15362735efa0>,61,3,[9 2],95,116,119,21,99
1,<environment.Job instance at 0x15362c0a7140>,62,2,[2 9],97,128,130,31,101
1,<environment.Job instance at 0x15362c0a70a0>,64,1,[5 1],103,119,120,16,110
1,<environment.Job instance at 0x15362735e780>,60,17,[1 9],94,130,147,36,118
1,<environment.Job instance at 0x15362c0a7c80>,67,1,[10  2],108,147,148,39,119
1,<environment.Job instance at 0x15362c0a70f0>,70,2,[8 2],115,120,122,5,119
1,<environment.Job instance at 0x1536269737d0>,1,17,[9 2],3,5,22,2,5
1,<environment.Job instance at 0x15362c1c80f0>,4,3,[ 1 10],6,22,25,16,6
1,<environment.Job instance at 0x153626771870>,5,3,[1 5],7,7,10,0,7
1,<environment.Job instance at 0x153626771960>,6,3,[2 7],8,25,28,17,8
1,<environment.Job instance at 0x153626771a00>,8,2,[2 8],10,28,30,18,10
1,<environment.Job instance at 0x153626771d20>,12,3,[7 1],18,25,28,7,18
1,<environment.Job instance at 0x153626771b40>,13,3,[7 2],19,28,31,9,19
1,<environment.Job instance at 0x153626772280>,14,14,[1 5],21,30,44,9,23
1,<environment.Job instance at 0x153626772460>,16,1,[9 1],25,31,32,6,25
1,<environment.Job instance at 0x1536267721e0>,15,12,[2 6],23,44,56,21,27
1,<environment.Job instance at 0x153626772b90>,24,1,[10  2],37,56,57,19,40
1,<environment.Job instance at 0x153626772aa0>,25,2,[7 2],38,40,42,2,40
1,<environment.Job instance at 0x1536267727d0>,20,16,[1 6],31,57,73,26,44
1,<environment.Job instance at 0x153626772be0>,27,3,[1 5],40,73,76,33,47
1,<environment.Job instance at 0x1536267750a0>,29,3,[9 2],43,57,60,14,47
1,<environment.Job instance at 0x1536267751e0>,31,2,[1 8],45,76,78,31,59
1,<environment.Job instance at 0x153626775320>,32,12,[1 7],47,78,90,31,62
1,<environment.Job instance at 0x153626775690>,33,1,[ 1 10],49,90,91,41,62
1,<environment.Job instance at 0x153626772e60>,30,13,[1 9],44,91,104,47,75
1,<environment.Job instance at 0x1536267757d0>,36,3,[6 2],52,75,78,23,75
1,<environment.Job instance at 0x1536267756e0>,37,2,[6 2],53,78,80,25,75
1,<environment.Job instance at 0x153626775820>,38,17,[5 2],54,104,121,50,92
1,<environment.Job instance at 0x1536267758c0>,39,1,[6 1],56,92,93,36,92
1,<environment.Job instance at 0x153626775a00>,41,3,[2 7],59,104,107,45,93
1,<environment.Job instance at 0x153626775d70>,42,1,[1 6],60,107,108,47,93
1,<environment.Job instance at 0x153626775aa0>,43,3,[8 2],61,121,124,60,95
1,<environment.Job instance at 0x153626775eb0>,44,1,[1 7],62,108,109,46,96
1,<environment.Job instance at 0x153626775fa0>,46,2,[2 7],64,109,111,45,96
1,<environment.Job instance at 0x1536267772d0>,48,3,[7 1],66,101,104,35,101
1,<environment.Job instance at 0x153626777410>,49,14,[8 2],67,124,138,57,111
1,<environment.Job instance at 0x1536267773c0>,50,2,[1 9],69,138,140,69,111
1,<environment.Job instance at 0x153626777550>,51,2,[7 2],70,140,142,70,113
1,<environment.Job instance at 0x1536267775f0>,52,3,[5 2],72,113,116,41,113
1,<environment.Job instance at 0x153626777690>,53,13,[2 8],73,116,129,43,113
1,<environment.Job instance at 0x1536267776e0>,54,1,[8 1],74,138,139,64,113
1,<environment.Job instance at 0x153626777780>,56,1,[10  1],78,142,143,64,114
1,<environment.Job instance at 0x153626777eb0>,63,15,[5 2],86,143,158,57,129
1,<environment.Job instance at 0x153626777e60>,64,3,[2 7],88,129,132,41,129
1,<environment.Job instance at 0x153626777050>,47,16,[ 2 10],65,158,174,93,145
1,<environment.Job instance at 0x153626777cd0>,67,2,[2 9],91,174,176,83,147
1,<environment.Job instance at 0x153626779230>,68,2,[1 5],92,147,149,55,147
1,<environment.Job instance at 0x153626779870>,71,1,[9 1],96,176,177,80,162
1,<environment.Job instance at 0x1536267794b0>,69,16,[1 8],93,176,192,83,163
1,<environment.Job instance at 0x153626779730>,73,2,[10  2],98,192,194,94,165
1,<environment.Job instance at 0x153626779500>,74,15,[9 2],100,177,192,77,165
1,<environment.Job instance at 0x153626779aa0>,75,2,[5 2],101,194,196,93,171
1,<environment.Job instance at 0x15362677b8c0>,91,1,[8 2],123,196,197,73,173
1,<environment.Job instance at 0x15362677bf00>,92,17,[7 1],124,197,214,73,185
1,<environment.Job instance at 0x15362677d230>,94,13,[2 8],126,194,207,68,185
1,<environment.Job instance at 0x15362677d2d0>,95,16,[6 1],127,214,230,87,201
1,<environment.Job instance at 0x153626769b90>,99,1,[1 8],131,207,208,76,201
1,<environment.Job instance at 0x15362687fc30>,102,1,[6 2],135,230,231,95,202
1,<environment.Job instance at 0x153626769500>,103,3,[8 2],136,231,234,95,205
1,<environment.Job instance at 0x1536267696e0>,104,2,[ 1 10],138,234,236,96,207
1,<environment.Job instance at 0x153626769780>,101,13,[2 9],133,208,221,75,208
1,<environment.Job instance at 0x153626786780>,1,2,[7 2],2,3,5,1,3
1,<environment.Job instance at 0x153626772a00>,2,3,[10  1],3,5,8,2,3
1,<environment.Job instance at 0x153626772b40>,3,3,[6 1],4,8,11,4,6
1,<environment.Job instance at 0x153626862190>,10,3,[2 8],11,15,18,4,15
1,<environment.Job instance at 0x153626862640>,11,2,[2 5],12,18,20,6,15
1,<environment.Job instance at 0x153626862dc0>,15,3,[10  2],17,59,62,42,59
1,<environment.Job instance at 0x153626862be0>,16,3,[2 5],19,62,65,43,59
1,<environment.Job instance at 0x153626862910>,18,3,[7 2],21,71,74,50,71
1,<environment.Job instance at 0x153626862730>,19,2,[2 9],22,75,77,53,75
1,<environment.Job instance at 0x1536268520a0>,20,2,[2 7],23,77,79,54,77
1,<environment.Job instance at 0x153626852870>,23,2,[10  1],27,123,125,96,123
1,<environment.Job instance at 0x153626852500>,34,3,[1 8],43,161,164,118,161
1,<environment.Job instance at 0x153626852230>,36,2,[7 2],46,162,164,116,162
1,<environment.Job instance at 0x153631bca050>,2,3,[1 7],4,4,7,0,4
1,<environment.Job instance at 0x1536325887d0>,3,2,[6 2],6,6,8,0,6
1,<environment.Job instance at 0x153631bca410>,4,3,[9 1],7,8,11,1,7
1,<environment.Job instance at 0x153631bca0a0>,6,14,[ 2 10],9,11,25,2,9
1,<environment.Job instance at 0x153631bca6e0>,7,14,[9 2],10,25,39,15,10
1,<environment.Job instance at 0x153631bca4b0>,8,1,[1 9],11,39,40,28,12
1,<environment.Job instance at 0x153631bca230>,10,1,[6 1],13,39,40,26,13
1,<environment.Job instance at 0x153631bcadc0>,11,3,[5 2],14,40,43,26,14
1,<environment.Job instance at 0x153631bcabe0>,12,16,[7 1],15,43,59,28,30
1,<environment.Job instance at 0x153626a13a50>,22,1,[8 2],29,59,60,30,31
1,<environment.Job instance at 0x153626a138c0>,23,2,[7 2],31,60,62,29,33
1,<environment.Job instance at 0x153626a13050>,24,3,[6 1],33,62,65,29,36
1,<environment.Job instance at 0x153631b95910>,31,2,[7 1],41,65,67,24,49
1,<environment.Job instance at 0x153631b955a0>,33,13,[2 5],48,59,72,11,59
1,<environment.Job instance at 0x153630282af0>,2,27,[1 9],3,3,30,0,3
1,<environment.Job instance at 0x153631b29410>,6,3,[ 1 10],11,30,33,19,11
1,<environment.Job instance at 0x153631b29870>,11,1,[7 1],17,17,18,0,17
1,<environment.Job instance at 0x153631b299b0>,12,1,[2 6],19,33,34,14,19
1,<environment.Job instance at 0x153631b29aa0>,13,3,[1 5],20,34,37,14,20
1,<environment.Job instance at 0x153631b29c30>,14,3,[8 2],23,33,36,10,23
1,<environment.Job instance at 0x153631b29d20>,15,1,[1 7],24,37,38,13,24
1,<environment.Job instance at 0x153631b29b90>,16,3,[2 8],25,38,41,13,25
1,<environment.Job instance at 0x153631b29fa0>,17,2,[7 1],26,36,38,10,32
1,<environment.Job instance at 0x153631b205f0>,22,15,[10  2],33,41,56,8,33
1,<environment.Job instance at 0x153631b20730>,23,2,[5 1],35,38,40,3,35
1,<environment.Job instance at 0x153631b20820>,24,2,[ 2 10],36,56,58,20,36
1,<environment.Job instance at 0x153631b209b0>,25,3,[5 1],37,58,61,21,37
1,<environment.Job instance at 0x153631b20af0>,26,1,[1 9],39,58,59,19,39
1,<environment.Job instance at 0x153631b20be0>,27,1,[2 7],40,59,60,19,40
1,<environment.Job instance at 0x153631b20d70>,28,2,[1 8],41,60,62,19,41
1,<environment.Job instance at 0x153631b20eb0>,29,1,[1 9],43,62,63,19,43
1,<environment.Job instance at 0x153631b20b40>,30,2,[ 2 10],45,63,65,18,45
1,<environment.Job instance at 0x153631b20d20>,31,3,[9 1],46,65,68,19,46
1,<environment.Job instance at 0x153631b382d0>,32,12,[9 1],47,68,80,21,51
1,<environment.Job instance at 0x153631b204b0>,21,16,[1 6],32,65,81,33,52
1,<environment.Job instance at 0x153631b387d0>,38,1,[2 8],55,81,82,26,55
1,<environment.Job instance at 0x153631b38af0>,39,1,[5 1],56,61,62,5,56
1,<environment.Job instance at 0x15362c125aa0>,47,3,[2 5],68,82,85,14,69
1,<environment.Job instance at 0x153631b38320>,35,3,[ 2 10],51,85,88,34,77
1,<environment.Job instance at 0x153626678c30>,59,2,[8 1],80,80,82,0,80
1,<environment.Job instance at 0x153631b34eb0>,60,27,[6 1],81,94,121,13,94
1,<environment.Job instance at 0x1536266b2370>,64,2,[2 9],85,94,96,9,94
1,<environment.Job instance at 0x153631a42050>,65,13,[2 8],87,96,109,9,95
1,<environment.Job instance at 0x153626861640>,66,3,[7 2],88,121,124,33,95
1,<environment.Job instance at 0x1536268128c0>,68,1,[1 8],92,109,110,17,105
1,<environment.Job instance at 0x1536266b2cd0>,67,17,[ 2 10],89,124,141,35,112
1,<environment.Job instance at 0x15362669af50>,70,1,[6 1],95,141,142,46,113
1,<environment.Job instance at 0x153626652820>,72,2,[1 7],99,120,122,21,120
1,<environment.Job instance at 0x153626652d20>,73,3,[7 1],100,142,145,42,120
1,<environment.Job instance at 0x153626652b90>,74,1,[6 1],101,145,146,44,120
1,<environment.Job instance at 0x153626652af0>,75,15,[6 2],102,146,161,44,132
1,<environment.Job instance at 0x153626652550>,76,3,[2 9],103,141,144,38,132
1,<environment.Job instance at 0x1536266a35f0>,77,17,[1 8],105,144,161,39,132
1,<environment.Job instance at 0x153626d84c30>,80,2,[1 8],109,174,176,65,174
1,<environment.Job instance at 0x153626d84dc0>,83,2,[9 1],112,176,178,64,176
1,<environment.Job instance at 0x1536266488c0>,89,2,[2 6],119,258,260,139,258
1,<environment.Job instance at 0x153626d7b050>,1,1,[1 6],2,2,3,0,2
1,<environment.Job instance at 0x153631b38410>,2,14,[1 8],3,3,17,0,3
1,<environment.Job instance at 0x153626d7b5f0>,3,2,[5 1],4,4,6,0,4
1,<environment.Job instance at 0x153626861780>,4,2,[7 2],5,6,8,1,5
1,<environment.Job instance at 0x153626861b90>,6,3,[2 6],7,17,20,10,7
1,<environment.Job instance at 0x153626861190>,7,3,[1 9],8,20,23,12,8
1,<environment.Job instance at 0x153631b38050>,8,3,[6 1],9,9,12,0,9
1,<environment.Job instance at 0x15362731c6e0>,10,2,[7 1],16,16,18,0,16
1,<environment.Job instance at 0x15362731c730>,11,17,[8 1],17,18,35,1,17
1,<environment.Job instance at 0x15362731ca00>,13,2,[2 5],19,23,25,4,19
1,<environment.Job instance at 0x15362731caa0>,14,3,[9 1],20,35,38,15,20
1,<environment.Job instance at 0x15362731c320>,16,1,[5 1],22,38,39,16,22
1,<environment.Job instance at 0x153626d7c550>,17,12,[ 1 10],23,39,51,16,23
1,<environment.Job instance at 0x153626d7cc30>,18,2,[1 7],24,25,27,1,24
1,<environment.Job instance at 0x153626d7c910>,19,1,[6 2],27,51,52,24,27
1,<environment.Job instance at 0x153626d7cbe0>,20,3,[5 2],28,52,55,24,28
1,<environment.Job instance at 0x153626d7c9b0>,22,3,[2 7],30,30,33,0,30
1,<environment.Job instance at 0x153626d7c500>,23,2,[8 2],32,55,57,23,32
1,<environment.Job instance at 0x153631a887d0>,30,3,[2 6],45,51,54,6,45
1,<environment.Job instance at 0x153631a837d0>,34,3,[1 9],51,57,60,6,51
1,<environment.Job instance at 0x153631a83500>,35,17,[1 5],52,60,77,8,52
1,<environment.Job instance at 0x153631a831e0>,36,3,[8 1],54,57,60,3,54
1,<environment.Job instance at 0x153631a886e0>,26,13,[7 2],40,60,73,20,58
1,<environment.Job instance at 0x153631a6aaf0>,38,1,[10  2],59,77,78,18,59
1,<environment.Job instance at 0x153631a6a8c0>,39,2,[2 6],60,78,80,18,60
1,<environment.Job instance at 0x153631a6ac30>,40,1,[1 5],61,73,74,12,61
1,<environment.Job instance at 0x153631a6ac80>,41,3,[7 2],63,74,77,11,63
1,<environment.Job instance at 0x153631a6a230>,42,1,[2 8],64,80,81,16,64
1,<environment.Job instance at 0x15362685e690>,44,3,[10  1],68,81,84,13,68
1,<environment.Job instance at 0x15362685e0f0>,46,3,[7 2],71,78,81,7,74
1,<environment.Job instance at 0x153631a21be0>,49,1,[1 9],75,84,85,9,75
1,<environment.Job instance at 0x153631a211e0>,50,3,[6 2],76,85,88,9,76
1,<environment.Job instance at 0x153631a21320>,54,2,[2 8],81,85,87,4,81
1,<environment.Job instance at 0x153630026b90>,55,24,[2 9],82,88,112,6,84
1,<environment.Job instance at 0x153630026410>,56,3,[2 5],85,112,115,27,86
1,<environment.Job instance at 0x15362ffec6e0>,61,3,[2 7],92,115,118,23,101
1,<environment.Job instance at 0x15362ffec780>,62,1,[10  1],96,118,119,22,101
1,<environment.Job instance at 0x15362ffec9b0>,63,3,[10  1],97,119,122,22,101
1,<environment.Job instance at 0x15362ffec690>,64,2,[6 1],98,101,103,3,101
1,<environment.Job instance at 0x15362ffec870>,65,3,[1 5],99,112,115,13,101
1,<environment.Job instance at 0x15362ffec0a0>,66,2,[10  2],100,122,124,22,101
1,<environment.Job instance at 0x15362ffec640>,67,1,[9 1],101,124,125,23,101
1,<environment.Job instance at 0x1536273c91e0>,68,1,[1 8],102,124,125,22,102
1,<environment.Job instance at 0x1536273c90f0>,74,3,[2 6],109,125,128,16,116
1,<environment.Job instance at 0x1536266c38c0>,83,3,[9 1],122,128,131,6,122
1,<environment.Job instance at 0x153631a2caf0>,84,15,[6 1],123,133,148,10,133
1,<environment.Job instance at 0x153631a2ca00>,85,1,[2 5],124,133,134,9,133
1,<environment.Job instance at 0x153631b5ef00>,86,2,[1 5],126,134,136,8,133
1,<environment.Job instance at 0x153631b5ee60>,87,3,[2 8],127,136,139,9,133
1,<environment.Job instance at 0x153632529b90>,92,3,[1 9],132,139,142,7,134
1,<environment.Job instance at 0x15363254b730>,94,3,[2 9],135,142,145,7,135
1,<environment.Job instance at 0x1536266cc550>,97,16,[2 6],138,145,161,7,138
1,<environment.Job instance at 0x153631b39910>,2,3,[1 9],6,6,9,0,6
1,<environment.Job instance at 0x153631b39a00>,3,2,[9 2],8,9,11,1,9
1,<environment.Job instance at 0x153631cccf50>,7,3,[1 7],15,15,18,0,15
1,<environment.Job instance at 0x153631ccce60>,4,3,[2 7],9,18,21,9,17
1,<environment.Job instance at 0x153631cbb050>,8,14,[2 5],17,21,35,4,20
1,<environment.Job instance at 0x153631cbb500>,9,13,[1 5],21,21,34,0,21
1,<environment.Job instance at 0x153631cbb640>,10,2,[6 1],23,34,36,11,23
1,<environment.Job instance at 0x153631cbba00>,13,3,[2 9],26,35,38,9,26
1,<environment.Job instance at 0x153631cbbb40>,14,13,[2 9],27,38,51,11,27
1,<environment.Job instance at 0x153631cbbb90>,16,1,[9 1],30,51,52,21,30
1,<environment.Job instance at 0x153631cc4640>,23,2,[6 2],38,52,54,14,38
1,<environment.Job instance at 0x153631cc4780>,24,3,[9 2],39,54,57,15,39
1,<environment.Job instance at 0x153631cc48c0>,25,2,[1 6],46,51,53,5,46
1,<environment.Job instance at 0x153631cc46e0>,27,2,[2 8],50,57,59,7,50
1,<environment.Job instance at 0x153631cc4b90>,28,1,[7 1],53,57,58,4,53
1,<environment.Job instance at 0x153631cc4c30>,29,2,[2 6],54,59,61,5,54
1,<environment.Job instance at 0x153631cc4e60>,30,3,[6 2],56,58,61,2,56
1,<environment.Job instance at 0x153631cc4f50>,31,12,[2 9],57,61,73,4,57
1,<environment.Job instance at 0x153631cc4f00>,32,2,[5 1],58,61,63,3,58
1,<environment.Job instance at 0x153631cc8190>,33,3,[9 1],59,73,76,14,59
1,<environment.Job instance at 0x153631cc83c0>,34,1,[7 2],60,76,77,16,60
1,<environment.Job instance at 0x153631cc84b0>,36,3,[9 2],64,77,80,13,64
1,<environment.Job instance at 0x153631cc8730>,37,2,[2 5],65,80,82,15,65
1,<environment.Job instance at 0x153631cc88c0>,38,1,[1 9],66,73,74,7,66
1,<environment.Job instance at 0x153631cc8a00>,39,3,[1 7],67,74,77,7,67
1,<environment.Job instance at 0x153631cc8b40>,40,1,[1 8],68,77,78,9,68
1,<environment.Job instance at 0x153631cc8c80>,41,20,[7 2],69,80,100,11,71
1,<environment.Job instance at 0x153631cc8f00>,44,3,[ 2 10],72,100,103,28,74
1,<environment.Job instance at 0x153631cc8d70>,45,13,[2 8],73,82,95,9,74
1,<environment.Job instance at 0x153631cda500>,48,2,[1 6],78,78,80,0,78
1,<environment.Job instance at 0x153631a5c6e0>,1,2,[2 8],2,2,4,0,2
1,<environment.Job instance at 0x153631cdc500>,2,3,[1 7],3,4,7,1,3
1,<environment.Job instance at 0x153631a33140>,3,2,[6 1],4,4,6,0,4
1,<environment.Job instance at 0x153635864be0>,4,3,[7 2],5,6,9,1,5
1,<environment.Job instance at 0x153635864c80>,5,2,[8 1],6,9,11,3,6
1,<environment.Job instance at 0x15362731ee60>,7,1,[10  1],8,11,12,3,8
1,<environment.Job instance at 0x1536267236e0>,8,2,[8 2],10,12,14,2,10
1,<environment.Job instance at 0x153626e3a8c0>,9,1,[1 6],11,12,13,1,11
1,<environment.Job instance at 0x15363770a190>,10,3,[6 1],12,14,17,2,12
1,<environment.Job instance at 0x15362733ad20>,13,3,[2 8],16,16,19,0,16
1,<environment.Job instance at 0x15363770a0f0>,11,16,[1 5],13,19,35,6,17
1,<environment.Job instance at 0x153626b7af00>,15,3,[1 8],18,35,38,17,18
1,<environment.Job instance at 0x1536302707d0>,16,2,[2 5],20,20,22,0,20
1,<environment.Job instance at 0x153631c387d0>,17,3,[1 9],21,38,41,17,21
1,<environment.Job instance at 0x15362c1681e0>,18,15,[9 1],22,22,37,0,22
1,<environment.Job instance at 0x153630270870>,19,12,[6 1],23,37,49,14,23
1,<environment.Job instance at 0x1536328eed20>,20,13,[8 1],24,92,105,68,92
1,<environment.Job instance at 0x15362c093910>,24,14,[ 2 10],28,885,899,857,885
1,<environment.Job instance at 0x15362c0934b0>,25,1,[2 7],30,2220,2221,2190,2220
1,<environment.Job instance at 0x15362c093640>,26,3,[8 2],31,2240,2243,2209,2240
1,<environment.Job instance at 0x15362c093500>,27,3,[ 2 10],32,2281,2284,2249,2281
1,<environment.Job instance at 0x15363299b820>,28,2,[9 1],34,2570,2572,2536,2570
1,<environment.Job instance at 0x15363250f410>,0,3,[1 7],3,3,6,0,3
1,<environment.Job instance at 0x1536376708c0>,1,1,[8 2],4,6,7,2,6
1,<environment.Job instance at 0x153637670690>,3,2,[10  1],6,7,9,1,6
1,<environment.Job instance at 0x15363250fa00>,2,2,[10  1],5,9,11,4,6
1,<environment.Job instance at 0x153637670910>,8,3,[2 9],12,12,15,0,12
1,<environment.Job instance at 0x1536376702d0>,9,1,[9 2],13,15,16,2,13
1,<environment.Job instance at 0x1536319c1b90>,12,3,[10  2],18,18,21,0,18
1,<environment.Job instance at 0x1536319c1690>,13,1,[10  2],19,21,22,2,19
1,<environment.Job instance at 0x153631c21b40>,14,2,[7 1],20,22,24,2,20
1,<environment.Job instance at 0x153631c21fa0>,15,2,[10  1],21,24,26,3,21
1,<environment.Job instance at 0x153631c21820>,19,3,[9 2],26,26,29,0,26
1,<environment.Job instance at 0x153631c21190>,20,3,[10  2],28,29,32,1,28
1,<environment.Job instance at 0x1536325945f0>,21,3,[ 1 10],29,32,35,3,29
1,<environment.Job instance at 0x153632594a00>,22,2,[5 1],30,35,37,5,30
1,<environment.Job instance at 0x153632594410>,23,3,[ 2 10],32,37,40,5,32
1,<environment.Job instance at 0x1536325942d0>,24,2,[2 8],33,35,37,2,33
1,<environment.Job instance at 0x153632594eb0>,25,2,[8 1],34,40,42,6,39
1,<environment.Job instance at 0x153632594820>,28,3,[2 9],40,45,48,5,45
1,<environment.Job instance at 0x1536325948c0>,30,2,[ 1 10],42,48,50,6,45
1,<environment.Job instance at 0x1536325940a0>,31,3,[ 1 10],44,50,53,6,46
1,<environment.Job instance at 0x153632594230>,32,1,[9 2],45,53,54,8,49
1,<environment.Job instance at 0x153627392e60>,33,1,[7 2],46,54,55,8,51
1,<environment.Job instance at 0x1536273926e0>,34,2,[5 2],47,55,57,8,52
1,<environment.Job instance at 0x1536267ebc30>,0,2,[8 1],1,1,3,0,1
1,<environment.Job instance at 0x1536267eb0a0>,2,3,[1 7],3,3,6,0,3
1,<environment.Job instance at 0x1536267ebe10>,4,17,[1 5],6,6,23,0,6
1,<environment.Job instance at 0x153626e2ba50>,5,2,[5 2],7,7,9,0,7
1,<environment.Job instance at 0x153626e2ba00>,7,1,[8 2],9,10,11,1,10
1,<environment.Job instance at 0x153638ce1280>,11,2,[1 8],13,23,25,10,14
1,<environment.Job instance at 0x153638ce1cd0>,10,2,[ 1 10],12,25,27,13,17
1,<environment.Job instance at 0x153626e3d2d0>,16,1,[2 5],18,18,19,0,18
1,<environment.Job instance at 0x153626e3d050>,20,3,[1 5],26,31,34,5,31
1,<environment.Job instance at 0x15362674a280>,22,2,[8 2],28,31,33,3,31
1,<environment.Job instance at 0x15362674af50>,28,14,[2 8],35,61,75,26,61
1,<environment.Job instance at 0x153626822eb0>,33,14,[ 2 10],41,83,97,42,83
1,<environment.Job instance at 0x1536268228c0>,37,16,[1 6],46,108,124,62,108
1,<environment.Job instance at 0x153631bbf3c0>,48,13,[ 2 10],62,129,142,67,129
1,<environment.Job instance at 0x1536325afaa0>,57,3,[7 1],71,142,145,71,134
1,<environment.Job instance at 0x1536325af8c0>,58,3,[8 2],72,145,148,73,134
1,<environment.Job instance at 0x153626876be0>,77,3,[10  2],99,216,219,117,216
1,<environment.Job instance at 0x153633bf3be0>,81,2,[1 6],103,241,243,138,241
1,<environment.Job instance at 0x153631c5f1e0>,86,2,[ 1 10],108,260,262,152,260
1,<environment.Job instance at 0x153630283eb0>,90,3,[5 2],115,277,280,162,277
1,<environment.Job instance at 0x153626a13410>,97,3,[9 1],124,294,297,170,294
1,<environment.Job instance at 0x153636ddcaa0>,105,2,[9 2],135,327,329,192,327
1,<environment.Job instance at 0x153626576820>,0,2,[2 9],2,2,4,0,2
1,<environment.Job instance at 0x1536267ebfa0>,2,3,[7 1],4,4,7,0,4
1,<environment.Job instance at 0x1536267eb0f0>,3,2,[ 1 10],5,7,9,2,5
1,<environment.Job instance at 0x153631ab5d70>,5,2,[1 8],8,9,11,1,9
1,<environment.Job instance at 0x153631ac0230>,7,1,[1 5],10,14,15,4,14
1,<environment.Job instance at 0x153631ac0140>,10,1,[2 5],14,14,15,0,14
1,<environment.Job instance at 0x153631ac0320>,11,17,[ 1 10],16,27,44,11,27
1,<environment.Job instance at 0x153631ac03c0>,12,3,[1 6],19,44,47,25,27
1,<environment.Job instance at 0x153631ac0690>,13,3,[2 6],20,47,50,27,27
1,<environment.Job instance at 0x153631ac06e0>,14,3,[2 5],21,50,53,29,28
1,<environment.Job instance at 0x153631ac0730>,15,16,[7 2],22,44,60,22,31
1,<environment.Job instance at 0x153631ac0780>,16,12,[9 1],23,60,72,37,43
1,<environment.Job instance at 0x153631ac0460>,17,3,[7 2],25,72,75,47,46
1,<environment.Job instance at 0x153631ac0820>,18,3,[1 6],27,55,58,28,55
1,<environment.Job instance at 0x153631acf0f0>,27,2,[7 2],44,75,77,31,55
1,<environment.Job instance at 0x153631acf370>,28,12,[2 8],45,72,84,27,55
1,<environment.Job instance at 0x153631acf140>,29,14,[10  2],46,84,98,38,69
1,<environment.Job instance at 0x153631adb690>,39,18,[1 7],62,98,116,36,87
1,<environment.Job instance at 0x153631adb820>,41,2,[1 5],64,116,118,52,89
1,<environment.Job instance at 0x153631adb8c0>,42,1,[2 5],65,116,117,51,89
1,<environment.Job instance at 0x153631adb960>,43,12,[5 1],68,98,110,30,89
1,<environment.Job instance at 0x153631adbb40>,44,1,[10  1],70,118,119,48,90
1,<environment.Job instance at 0x153631adbf00>,52,13,[2 8],83,119,132,36,103
1,<environment.Job instance at 0x153631aaf230>,53,3,[1 9],84,132,135,48,106
1,<environment.Job instance at 0x153631aaf0a0>,54,3,[2 7],86,135,138,49,109
1,<environment.Job instance at 0x153631aaf140>,55,3,[2 9],87,138,141,51,112
1,<environment.Job instance at 0x153631ccc5a0>,56,3,[6 1],89,112,115,23,112
1,<environment.Job instance at 0x153631ad9410>,57,18,[7 2],90,141,159,51,130
1,<environment.Job instance at 0x153631aa9410>,61,3,[ 1 10],95,160,163,65,160
1,<environment.Job instance at 0x153636d19140>,6,14,[6 2],10,12,26,2,12
1,<environment.Job instance at 0x15362675b820>,9,3,[1 5],13,15,18,2,15
1,<environment.Job instance at 0x15362675bfa0>,11,2,[1 8],16,19,21,3,19
1,<environment.Job instance at 0x15362675b0a0>,14,1,[10  2],19,26,27,7,19
1,<environment.Job instance at 0x15362675beb0>,15,2,[5 2],22,27,29,5,22
1,<environment.Job instance at 0x15362675ba50>,16,2,[10  1],23,29,31,6,23
1,<environment.Job instance at 0x15362675be60>,17,17,[7 1],25,31,48,6,25
1,<environment.Job instance at 0x15362675b870>,18,1,[7 2],26,48,49,22,28
1,<environment.Job instance at 0x1536267877d0>,19,15,[7 1],27,49,64,22,35
1,<environment.Job instance at 0x153626787b40>,20,13,[5 2],33,64,77,31,48
1,<environment.Job instance at 0x153626787190>,21,3,[1 9],34,52,55,18,52
1,<environment.Job instance at 0x153626787fa0>,23,14,[7 1],39,77,91,38,62
1,<environment.Job instance at 0x153626787780>,25,17,[6 2],45,91,108,46,79
1,<environment.Job instance at 0x153626787140>,31,3,[1 6],52,79,82,27,79
1,<environment.Job instance at 0x153626787370>,32,1,[8 1],53,108,109,55,80
1,<environment.Job instance at 0x153626787870>,33,1,[6 1],54,109,110,55,81
1,<environment.Job instance at 0x153626787cd0>,34,1,[1 9],58,82,83,24,81
1,<environment.Job instance at 0x153626787a50>,35,3,[10  2],62,110,113,48,84
1,<environment.Job instance at 0x153636d23640>,36,17,[6 1],63,113,130,50,101
1,<environment.Job instance at 0x153636d1c410>,43,3,[ 2 10],78,130,133,52,110
1,<environment.Job instance at 0x153636d23af0>,40,13,[7 2],71,133,146,62,117
1,<environment.Job instance at 0x153636d1caa0>,50,2,[10  1],87,146,148,59,128
1,<environment.Job instance at 0x153636d1c280>,51,2,[8 1],88,148,150,60,128
1,<environment.Job instance at 0x153636d1c050>,52,3,[2 9],90,148,151,58,128
1,<environment.Job instance at 0x153636d1c4b0>,53,1,[1 9],91,128,129,37,128
1,<environment.Job instance at 0x153636d1cbe0>,55,2,[5 1],93,150,152,57,137
1,<environment.Job instance at 0x15362674cfa0>,56,3,[2 5],94,137,140,43,137
1,<environment.Job instance at 0x15362674c690>,57,1,[6 1],95,152,153,57,139
1,<environment.Job instance at 0x15362674cd70>,58,1,[5 2],97,151,152,54,140
1,<environment.Job instance at 0x15362674c3c0>,59,1,[6 1],98,153,154,55,144
1,<environment.Job instance at 0x15362674c5a0>,60,3,[2 5],104,152,155,48,144
1,<environment.Job instance at 0x15362674ce60>,61,2,[2 5],106,144,146,38,144
1,<environment.Job instance at 0x15362674c820>,62,1,[2 9],107,155,156,48,147
1,<environment.Job instance at 0x15362674c190>,65,2,[2 9],111,189,191,78,189
1,<environment.Job instance at 0x153636d03280>,66,2,[6 2],112,201,203,89,201
1,<environment.Job instance at 0x153636d03a00>,67,3,[2 6],113,202,205,89,202
1,<environment.Job instance at 0x153636d03e10>,68,2,[1 6],114,205,207,91,202
1,<environment.Job instance at 0x153636d03cd0>,69,1,[2 5],115,213,214,98,213
1,<environment.Job instance at 0x153636d03fa0>,70,1,[2 8],116,218,219,102,218
1,<environment.Job instance at 0x153636d035a0>,71,2,[10  1],117,228,230,111,228
1,<environment.Job instance at 0x153636d03a50>,72,2,[7 1],118,230,232,112,230
1,<environment.Job instance at 0x153636d03f50>,74,1,[9 2],120,234,235,114,234
1,<environment.Job instance at 0x153636d03dc0>,75,2,[9 1],121,235,237,114,235
1,<environment.Job instance at 0x153636d03690>,76,3,[9 1],123,237,240,114,235
1,<environment.Job instance at 0x153636d03050>,78,3,[2 9],126,240,243,114,235
1,<environment.Job instance at 0x153636d03d20>,79,2,[1 9],128,238,240,110,238
1,<environment.Job instance at 0x153626753a00>,1,12,[1 7],2,2,14,0,2
1,<environment.Job instance at 0x15362c18c500>,3,3,[9 1],7,7,10,0,7
1,<environment.Job instance at 0x153626d71b40>,5,2,[7 1],9,10,12,1,9
1,<environment.Job instance at 0x153626d71a00>,6,3,[1 6],10,14,17,4,10
1,<environment.Job instance at 0x153626d71eb0>,7,1,[6 1],11,12,13,1,11
1,<environment.Job instance at 0x153626d71d20>,8,1,[1 5],12,17,18,5,12
1,<environment.Job instance at 0x153626d71d70>,9,2,[1 7],13,18,20,5,13
1,<environment.Job instance at 0x153631b6a500>,13,3,[1 9],17,20,23,3,17
1,<environment.Job instance at 0x153631b6a640>,14,3,[8 1],18,18,21,0,18
1,<environment.Job instance at 0x153631b6a1e0>,10,3,[1 7],14,23,26,9,18
1,<environment.Job instance at 0x153631b6a960>,16,3,[1 9],22,26,29,4,22
1,<environment.Job instance at 0x153631b6ac80>,18,3,[1 7],24,29,32,5,25
1,<environment.Job instance at 0x153631b6a690>,19,2,[1 8],25,37,39,12,37
1,<environment.Job instance at 0x153631b647d0>,29,13,[1 6],37,39,52,2,37
1,<environment.Job instance at 0x153631b64c30>,32,3,[1 8],42,52,55,10,42
1,<environment.Job instance at 0x153631b649b0>,34,20,[10  2],44,55,75,11,46
1,<environment.Job instance at 0x153631b64c80>,36,1,[1 5],47,75,76,28,57
1,<environment.Job instance at 0x153631b64d20>,37,1,[7 2],48,75,76,27,57
1,<environment.Job instance at 0x153631b64fa0>,38,3,[ 2 10],50,76,79,26,57
1,<environment.Job instance at 0x153631b761e0>,39,1,[6 2],51,79,80,28,57
1,<environment.Job instance at 0x153631b76190>,40,3,[10  2],53,80,83,27,57
1,<environment.Job instance at 0x153631b76050>,41,3,[2 7],55,83,86,28,57
1,<environment.Job instance at 0x153631b64cd0>,35,15,[2 8],45,86,101,41,72
1,<environment.Job instance at 0x153631b768c0>,44,1,[1 5],61,79,80,18,75
1,<environment.Job instance at 0x153631b76870>,43,13,[ 2 10],58,101,114,43,85
1,<environment.Job instance at 0x153631b76b40>,49,1,[1 6],67,114,115,47,86
1,<environment.Job instance at 0x153631b76fa0>,52,3,[7 1],74,86,89,12,86
1,<environment.Job instance at 0x153631b76e10>,53,1,[ 1 10],75,115,116,40,87
1,<environment.Job instance at 0x153631b90320>,55,3,[2 9],77,116,119,39,90
1,<environment.Job instance at 0x153631b903c0>,56,14,[ 1 10],78,119,133,41,104
1,<environment.Job instance at 0x153631b90460>,57,18,[2 8],79,133,151,54,122
1,<environment.Job instance at 0x153631b905f0>,60,2,[6 2],83,133,135,50,122
1,<environment.Job instance at 0x153631b90e60>,63,2,[9 1],88,151,153,63,124
1,<environment.Job instance at 0x153631b90d70>,64,2,[8 1],90,135,137,45,124
1,<environment.Job instance at 0x153631b90fa0>,65,1,[ 1 10],93,153,154,60,125
1,<environment.Job instance at 0x153631b9c1e0>,68,3,[2 7],96,154,157,58,129
1,<environment.Job instance at 0x153631b9c230>,70,3,[1 6],102,157,160,55,132
1,<environment.Job instance at 0x153631b9c460>,71,1,[2 7],103,160,161,57,139
1,<environment.Job instance at 0x153631b9c050>,69,14,[1 9],98,161,175,63,146
1,<environment.Job instance at 0x153631b9c870>,76,3,[2 9],112,175,178,63,164
1,<environment.Job instance at 0x153631b9c410>,74,23,[1 9],106,178,201,72,172
1,<environment.Job instance at 0x153631b9c820>,78,3,[7 1],116,172,175,56,172
1,<environment.Job instance at 0x153631b9caa0>,79,3,[ 2 10],119,201,204,82,175
1,<environment.Job instance at 0x153631b9ca00>,80,3,[7 2],121,204,207,83,178
1,<environment.Job instance at 0x153631b9cb90>,81,3,[9 2],123,207,210,84,181
1,<environment.Job instance at 0x153626d84c80>,84,1,[2 7],128,204,205,76,181
1,<environment.Job instance at 0x153626d84b90>,86,3,[1 8],130,205,208,75,181
1,<environment.Job instance at 0x153626d845a0>,87,1,[10  2],131,210,211,79,182
1,<environment.Job instance at 0x153626d84c30>,85,2,[2 5],129,211,213,82,184
1,<environment.Job instance at 0x153626d844b0>,90,3,[9 2],136,213,216,77,187
1,<environment.Job instance at 0x153626d84960>,88,18,[1 8],133,213,231,80,202
1,<environment.Job instance at 0x15363265dd20>,92,2,[6 2],138,211,213,73,202
1,<environment.Job instance at 0x153631b76f00>,51,14,[2 7],73,231,245,158,231
1,<environment.Job instance at 0x1536326534b0>,2,2,[2 6],5,5,7,0,5
1,<environment.Job instance at 0x153632653910>,1,13,[8 1],4,8,21,4,8
1,<environment.Job instance at 0x1536269c8b40>,4,1,[2 9],9,9,10,0,9
1,<environment.Job instance at 0x1536269c8280>,5,1,[2 6],10,10,11,0,10
1,<environment.Job instance at 0x15363257c460>,6,2,[1 8],11,11,13,0,11
1,<environment.Job instance at 0x1536269c8730>,7,1,[8 2],13,21,22,8,13
1,<environment.Job instance at 0x15363257c7d0>,8,13,[1 9],14,22,35,8,16
1,<environment.Job instance at 0x1536328d9460>,9,2,[2 8],16,18,20,2,18
1,<environment.Job instance at 0x153626e18320>,12,2,[1 7],19,35,37,16,29
1,<environment.Job instance at 0x153626e18780>,16,1,[1 5],25,69,70,44,69
1,<environment.Job instance at 0x1536263573c0>,23,2,[6 2],34,74,76,40,74
1,<environment.Job instance at 0x153626357e10>,25,12,[5 2],36,79,91,43,79
1,<environment.Job instance at 0x1536269dd370>,26,14,[2 8],38,148,162,110,148
1,<environment.Job instance at 0x1536264adc30>,27,1,[6 2],40,148,149,108,148
1,<environment.Job instance at 0x15362630c140>,29,1,[1 7],42,162,163,120,148
1,<environment.Job instance at 0x15363588b460>,33,15,[7 2],48,149,164,101,148
1,<environment.Job instance at 0x153626dd98c0>,34,13,[9 1],49,164,177,115,148
1,<environment.Job instance at 0x1536268da5a0>,35,2,[1 6],50,163,165,113,148
1,<environment.Job instance at 0x1536325de140>,37,2,[8 2],53,177,179,124,150
1,<environment.Job instance at 0x153637675870>,38,14,[2 8],54,177,191,123,162
1,<environment.Job instance at 0x1536264a4370>,39,2,[6 2],55,179,181,124,162
1,<environment.Job instance at 0x1536264a48c0>,40,16,[5 1],58,181,197,123,168
1,<environment.Job instance at 0x1536377a7b90>,42,1,[1 9],60,168,169,108,168
1,<environment.Job instance at 0x1536377a77d0>,43,1,[10  2],61,197,198,136,169
1,<environment.Job instance at 0x1536267471e0>,47,2,[7 2],67,198,200,131,171
1,<environment.Job instance at 0x153626747460>,48,13,[6 1],68,200,213,132,184
1,<environment.Job instance at 0x1536269ae0a0>,56,2,[6 2],81,213,215,132,186
1,<environment.Job instance at 0x1536269aef50>,57,1,[2 5],82,191,192,109,186
1,<environment.Job instance at 0x1536269ae9b0>,58,3,[2 8],86,192,195,106,186
1,<environment.Job instance at 0x1536269aeeb0>,59,2,[1 9],87,195,197,108,186
1,<environment.Job instance at 0x1536269aea50>,60,3,[2 6],88,198,201,110,186
1,<environment.Job instance at 0x1536269aed20>,61,2,[5 2],89,215,217,126,188
1,<environment.Job instance at 0x1536269aeaf0>,62,2,[ 2 10],92,217,219,125,190
1,<environment.Job instance at 0x1536269ae3c0>,63,3,[2 8],93,201,204,108,190
1,<environment.Job instance at 0x1536269ae320>,64,1,[2 5],94,204,205,110,190
1,<environment.Job instance at 0x15362647d410>,65,2,[5 1],95,215,217,120,190
1,<environment.Job instance at 0x15362647dfa0>,66,17,[6 2],96,219,236,123,207
1,<environment.Job instance at 0x15362647d820>,69,1,[7 1],100,236,237,136,208
1,<environment.Job instance at 0x15362647daf0>,70,2,[2 7],101,208,210,107,208
1,<environment.Job instance at 0x153636d2c820>,73,2,[7 1],104,237,239,133,226
1,<environment.Job instance at 0x153636d2cbe0>,75,2,[6 2],107,239,241,132,227
1,<environment.Job instance at 0x153636d2c0f0>,76,2,[10  2],109,241,243,132,227
1,<environment.Job instance at 0x153636d2c140>,77,2,[2 7],113,227,229,114,227
1,<environment.Job instance at 0x153636d2c050>,78,3,[8 1],114,243,246,129,227
1,<environment.Job instance at 0x153636d2cf00>,80,3,[8 2],118,246,249,128,227
1,<environment.Job instance at 0x153636d2cd70>,81,2,[8 1],120,249,251,129,229
1,<environment.Job instance at 0x153636d2c1e0>,82,3,[2 7],121,229,232,108,229
1,<environment.Job instance at 0x153636d438c0>,87,2,[9 1],129,251,253,122,234
1,<environment.Job instance at 0x153636d2cf50>,71,23,[2 9],102,253,276,151,247
1,<environment.Job instance at 0x153626940a50>,90,3,[10  1],132,276,279,144,250
1,<environment.Job instance at 0x153626940690>,91,3,[7 1],133,253,256,120,250
1,<environment.Job instance at 0x153626940960>,92,2,[2 8],135,279,281,144,252
1,<environment.Job instance at 0x153626940910>,93,16,[1 9],136,281,297,145,270
1,<environment.Job instance at 0x153626d55960>,95,3,[2 9],138,297,300,159,277
1,<environment.Job instance at 0x153626d556e0>,96,1,[2 9],139,300,301,161,283
1,<environment.Job instance at 0x15363588baf0>,32,15,[2 9],47,343,358,296,343
1,<environment.Job instance at 0x153638c94f00>,0,3,[1 8],4,4,7,0,4
1,<environment.Job instance at 0x1536267602d0>,3,3,[1 7],7,7,10,0,7
1,<environment.Job instance at 0x1536267608c0>,5,3,[1 8],10,10,13,0,10
1,<environment.Job instance at 0x153638c943c0>,2,1,[7 2],6,10,11,4,10
1,<environment.Job instance at 0x153626760870>,8,14,[2 9],18,19,33,1,19
1,<environment.Job instance at 0x15362fdc2140>,10,3,[1 6],20,33,36,13,20
1,<environment.Job instance at 0x15362fdc2500>,9,2,[6 2],19,33,35,14,20
1,<environment.Job instance at 0x1536273d8d20>,13,3,[6 2],23,35,38,12,23
1,<environment.Job instance at 0x1536273d8fa0>,15,1,[2 9],28,38,39,10,28
1,<environment.Job instance at 0x1536273d8780>,14,1,[9 2],27,39,40,12,29
1,<environment.Job instance at 0x153626a56190>,28,2,[2 7],45,106,108,61,106
1,<environment.Job instance at 0x15362652fb40>,29,2,[9 1],46,108,110,62,106
1,<environment.Job instance at 0x15362652f140>,36,2,[2 9],56,123,125,67,123
1,<environment.Job instance at 0x15362652feb0>,37,3,[9 1],57,125,128,68,123
1,<environment.Job instance at 0x1536265e2d20>,73,14,[1 5],106,432,446,326,432
1,<environment.Job instance at 0x153626370be0>,94,3,[10  1],136,467,470,331,467
1,<environment.Job instance at 0x153626a56c30>,18,3,[6 2],35,503,506,468,503
1,<environment.Job instance at 0x153627294690>,0,3,[10  1],1,1,4,0,1
1,<environment.Job instance at 0x153626a56460>,1,2,[1 6],2,4,6,2,2
1,<environment.Job instance at 0x153627294b90>,2,2,[5 2],3,6,8,3,6
1,<environment.Job instance at 0x1536272945a0>,7,3,[9 2],10,10,13,0,10
1,<environment.Job instance at 0x153627294a50>,8,3,[5 1],11,13,16,2,11
1,<environment.Job instance at 0x153627294d20>,9,2,[5 1],13,13,15,0,13
1,<environment.Job instance at 0x15362c0c62d0>,10,3,[1 9],14,15,18,1,14
1,<environment.Job instance at 0x15362c0c60a0>,11,2,[1 9],15,18,20,3,15
1,<environment.Job instance at 0x15362c0c6460>,12,3,[ 2 10],16,20,23,4,16
1,<environment.Job instance at 0x15362c0c6e10>,13,3,[2 6],17,23,26,6,17
1,<environment.Job instance at 0x1536267abfa0>,15,2,[1 8],19,26,28,7,19
1,<environment.Job instance at 0x1536267abf50>,14,2,[2 8],18,28,30,10,19
1,<environment.Job instance at 0x1536267ab500>,16,2,[7 1],20,23,25,3,20
1,<environment.Job instance at 0x1536267ab870>,21,3,[2 6],25,30,33,5,25
1,<environment.Job instance at 0x1536267ab780>,18,1,[1 7],22,33,34,11,25
1,<environment.Job instance at 0x1536267ab460>,22,3,[6 2],27,27,30,0,27
1,<environment.Job instance at 0x1536267abaa0>,23,3,[1 9],28,34,37,6,28
1,<environment.Job instance at 0x1536267ab550>,24,3,[1 7],30,37,40,7,30
1,<environment.Job instance at 0x153626508690>,25,2,[2 7],32,40,42,8,32
1,<environment.Job instance at 0x153673289640>,27,2,[5 1],34,34,36,0,34
1,<environment.Job instance at 0x15362728a550>,30,3,[10  2],39,42,45,3,39
1,<environment.Job instance at 0x15362728a1e0>,31,1,[1 7],40,45,46,5,40
1,<environment.Job instance at 0x15362728af50>,33,2,[9 2],42,45,47,3,42
1,<environment.Job instance at 0x15362728a0a0>,35,13,[1 5],45,46,59,1,45
1,<environment.Job instance at 0x1536268428c0>,36,3,[ 1 10],46,59,62,13,46
1,<environment.Job instance at 0x153626842aa0>,39,1,[10  2],49,62,63,13,49
1,<environment.Job instance at 0x153626842230>,38,2,[7 1],48,54,56,6,54
1,<environment.Job instance at 0x153626842870>,41,3,[10  2],55,63,66,8,55
1,<environment.Job instance at 0x1536268421e0>,42,13,[9 1],56,66,79,10,56
1,<environment.Job instance at 0x153626842eb0>,40,18,[1 6],54,66,84,12,56
1,<environment.Job instance at 0x1536268423c0>,43,1,[ 1 10],57,84,85,27,57
1,<environment.Job instance at 0x153626842f50>,44,1,[10  2],58,85,86,27,58
1,<environment.Job instance at 0x153633c109b0>,46,3,[6 1],60,79,82,19,60
1,<environment.Job instance at 0x153632563b40>,50,2,[8 1],67,82,84,15,68
1,<environment.Job instance at 0x1536325635a0>,52,13,[2 5],72,86,99,14,72
1,<environment.Job instance at 0x153633c10fa0>,47,13,[2 5],62,86,99,24,75
1,<environment.Job instance at 0x153626bf3460>,65,3,[1 8],87,99,102,12,87
1,<environment.Job instance at 0x153631c2b280>,71,3,[8 2],96,99,102,3,96
1,<environment.Job instance at 0x1536376879b0>,76,2,[6 2],105,105,107,0,105
1,<environment.Job instance at 0x1536263f6f00>,77,12,[2 8],106,106,118,0,106
1,<environment.Job instance at 0x1536263f6230>,78,13,[9 2],108,118,131,10,108
1,<environment.Job instance at 0x1536263f6d20>,79,18,[ 1 10],110,131,149,21,120
1,<environment.Job instance at 0x1536263f65a0>,83,2,[8 1],114,149,151,35,122
1,<environment.Job instance at 0x1536263f6aa0>,84,1,[10  1],115,151,152,36,123
1,<environment.Job instance at 0x153631ad3be0>,85,2,[5 1],116,152,154,36,125
1,<environment.Job instance at 0x153631ad3fa0>,86,1,[1 6],117,125,126,8,125
1,<environment.Job instance at 0x153631ad3460>,87,12,[5 2],118,152,164,34,135
1,<environment.Job instance at 0x153631ad3820>,88,3,[9 2],120,164,167,44,138
1,<environment.Job instance at 0x153631ad3af0>,90,1,[10  1],125,167,168,42,141
1,<environment.Job instance at 0x153631ad3eb0>,91,14,[6 1],126,168,182,42,153
1,<environment.Job instance at 0x153631ad3190>,92,12,[2 8],127,168,180,41,161
1,<environment.Job instance at 0x153631ad39b0>,93,2,[2 6],129,180,182,51,174
1,<environment.Job instance at 0x153626378780>,94,3,[1 6],130,182,185,52,179
1,<environment.Job instance at 0x1536263785f0>,95,3,[1 9],131,185,188,54,182
1,<environment.Job instance at 0x153626378230>,96,2,[7 2],132,182,184,50,182
1,<environment.Job instance at 0x153626378370>,97,2,[9 1],134,184,186,50,182
1,<environment.Job instance at 0x153626378690>,98,2,[2 6],138,188,190,50,182
1,<environment.Job instance at 0x1526d165b960>,1,3,[1 9],2,2,5,0,2
1,<environment.Job instance at 0x1526d165ba50>,2,1,[2 5],3,5,6,2,3
1,<environment.Job instance at 0x1526c79f6a00>,4,2,[7 2],5,5,7,0,5
1,<environment.Job instance at 0x1526c79f6d70>,5,3,[9 2],6,7,10,1,6
1,<environment.Job instance at 0x1526d165bc30>,7,1,[2 6],8,10,11,2,9
1,<environment.Job instance at 0x1526c79f6f50>,9,2,[6 1],11,11,13,0,11
1,<environment.Job instance at 0x1526c79f6cd0>,10,13,[2 8],12,12,25,0,12
1,<environment.Job instance at 0x1526c79f9370>,11,3,[1 8],13,25,28,12,13
1,<environment.Job instance at 0x1526c79f94b0>,12,3,[1 8],14,28,31,14,14
1,<environment.Job instance at 0x1526c79f95f0>,13,2,[8 1],17,17,19,0,17
1,<environment.Job instance at 0x1526c9840a50>,14,2,[ 1 10],18,31,33,13,18
1,<environment.Job instance at 0x1526c79ed2d0>,15,1,[ 1 10],20,33,34,13,20
1,<environment.Job instance at 0x1526d15fa190>,16,1,[2 5],21,34,35,13,21
1,<environment.Job instance at 0x1526c79eceb0>,18,2,[10  1],25,35,37,10,25
1,<environment.Job instance at 0x1526c79ec910>,19,3,[6 2],26,26,29,0,26
1,<environment.Job instance at 0x1526c79ec1e0>,24,12,[ 1 10],32,37,49,5,34
1,<environment.Job instance at 0x1526c79eb1e0>,30,15,[2 9],40,53,68,13,53
1,<environment.Job instance at 0x1526c7ee8640>,1,3,[ 2 10],2,13,16,11,13
1,<environment.Job instance at 0x1526c7ef7730>,5,15,[9 2],7,16,31,9,13
1,<environment.Job instance at 0x1526c7ef7870>,6,18,[2 6],8,347,365,339,347
1,<environment.Job instance at 0x1526c7ef71e0>,2,3,[2 5],3,2618,2621,2615,2618
1,<environment.Job instance at 0x1526c7ef7b90>,1,1,[2 5],4,4,5,0,4
1,<environment.Job instance at 0x1526c7ef71e0>,2,3,[1 8],5,5,8,0,5
1,<environment.Job instance at 0x1526c9662dc0>,4,2,[7 2],9,9,11,0,9
1,<environment.Job instance at 0x1526c96622d0>,5,3,[ 2 10],11,11,14,0,11
1,<environment.Job instance at 0x1526c96621e0>,6,14,[8 2],12,14,28,2,12
1,<environment.Job instance at 0x1526c9662fa0>,7,2,[2 5],14,14,16,0,14
1,<environment.Job instance at 0x1526c9662230>,8,1,[ 2 10],15,28,29,13,15
1,<environment.Job instance at 0x1526c96628c0>,9,14,[8 1],16,29,43,13,16
1,<environment.Job instance at 0x1526c9662f00>,10,2,[ 1 10],17,43,45,26,21
1,<environment.Job instance at 0x1526c96d93c0>,14,3,[1 9],22,29,32,7,22
1,<environment.Job instance at 0x1526c96d9500>,15,1,[6 1],23,45,46,22,23
1,<environment.Job instance at 0x1526c96d9c80>,16,3,[5 1],24,46,49,22,24
1,<environment.Job instance at 0x1526c96d9820>,17,3,[1 7],29,32,35,3,29
1,<environment.Job instance at 0x1526c96d9dc0>,22,3,[1 8],38,38,41,0,38
1,<environment.Job instance at 0x1526c96d92d0>,18,12,[7 1],31,49,61,18,41
1,<environment.Job instance at 0x1526c96f7230>,25,3,[5 2],43,46,49,3,43
1,<environment.Job instance at 0x1526c9726c30>,27,1,[ 2 10],45,61,62,16,45
1,<environment.Job instance at 0x1526c9726690>,28,18,[5 2],47,62,80,15,51
1,<environment.Job instance at 0x1526c9726910>,32,3,[5 2],54,62,65,8,54
1,<environment.Job instance at 0x1526c9726960>,33,2,[ 2 10],55,80,82,25,55
1,<environment.Job instance at 0x1526c9661a50>,35,17,[10  1],58,82,99,24,76
1,<environment.Job instance at 0x1526ce9d38c0>,47,2,[1 6],78,78,80,0,78
1,<environment.Job instance at 0x1526ca134190>,48,3,[ 2 10],80,99,102,19,81
1,<environment.Job instance at 0x1526ca24f730>,50,3,[9 1],82,102,105,20,82
1,<environment.Job instance at 0x1526c961edc0>,51,16,[9 1],83,105,121,22,92
1,<environment.Job instance at 0x1526c9693190>,53,3,[2 7],86,121,124,35,95
1,<environment.Job instance at 0x1526c95df460>,58,3,[9 1],94,124,127,30,98
1,<environment.Job instance at 0x1526c9675960>,61,3,[5 1],100,121,124,21,100
1,<environment.Job instance at 0x1526c9675aa0>,62,14,[1 6],102,102,116,0,102
1,<environment.Job instance at 0x1526c9675dc0>,63,2,[5 1],103,127,129,24,103
1,<environment.Job instance at 0x1526c9675cd0>,68,3,[6 2],111,129,132,18,111
1,<environment.Job instance at 0x1526c96dd0a0>,70,3,[1 7],113,116,119,3,113
1,<environment.Job instance at 0x1526c96dd230>,73,3,[1 7],118,124,127,6,118
1,<environment.Job instance at 0x1526c96dd0f0>,74,14,[1 6],119,127,141,8,120
1,<environment.Job instance at 0x1526c971f6e0>,76,3,[6 1],123,132,135,9,123
1,<environment.Job instance at 0x1526c96ddc80>,75,14,[1 9],120,141,155,21,128
1,<environment.Job instance at 0x1526ce9ae9b0>,82,3,[8 1],129,135,138,6,129
1,<environment.Job instance at 0x1526ce9aec80>,83,3,[8 1],133,138,141,5,133
1,<environment.Job instance at 0x1526cf2ada00>,84,1,[10  1],134,155,156,21,134
1,<environment.Job instance at 0x1526cf2ad140>,85,27,[1 7],135,156,183,21,154
1,<environment.Job instance at 0x1526ce9ccb90>,87,16,[2 8],139,183,199,44,170
1,<environment.Job instance at 0x1526ce9ccf00>,90,2,[1 5],145,199,201,54,172
1,<environment.Job instance at 0x1526ce9cc230>,91,2,[8 1],146,172,174,26,172
1,<environment.Job instance at 0x1526ce9ccdc0>,92,3,[2 9],147,201,204,54,175
1,<environment.Job instance at 0x1526ce9cce10>,93,1,[5 1],149,175,176,26,175
1,<environment.Job instance at 0x1526c95eeaf0>,80,16,[2 9],127,215,231,88,215
1,<environment.Job instance at 0x1526c406c9b0>,0,2,[1 9],1,2,4,1,2
1,<environment.Job instance at 0x15269a680640>,1,3,[2 8],2,4,7,2,3
1,<environment.Job instance at 0x1526c406cb90>,2,1,[1 8],5,7,8,2,6
1,<environment.Job instance at 0x1526c406cdc0>,4,3,[1 6],7,8,11,1,7
1,<environment.Job instance at 0x1526c406c370>,5,2,[8 2],8,8,10,0,8
1,<environment.Job instance at 0x1526c406c820>,3,16,[2 6],6,11,27,5,10
1,<environment.Job instance at 0x1526c406c640>,10,3,[1 9],14,27,30,13,14
1,<environment.Job instance at 0x1526c406ce10>,11,2,[1 8],16,30,32,14,16
1,<environment.Job instance at 0x1526c4115e10>,12,2,[1 5],18,32,34,14,18
1,<environment.Job instance at 0x1526c4115140>,13,15,[10  1],19,34,49,15,20
1,<environment.Job instance at 0x1526c41152d0>,15,1,[8 2],21,21,22,0,21
1,<environment.Job instance at 0x1526c4115690>,17,2,[6 1],24,167,169,143,167
1,<environment.Job instance at 0x1526c96d9460>,2,3,[8 1],3,3,6,0,3
1,<environment.Job instance at 0x1526c9794910>,3,3,[2 6],6,6,9,0,6
1,<environment.Job instance at 0x15269a5d74b0>,4,18,[1 5],7,9,27,2,7
1,<environment.Job instance at 0x15269a61b820>,6,1,[1 9],12,27,28,15,12
1,<environment.Job instance at 0x15269a61bdc0>,7,3,[2 9],14,28,31,14,14
1,<environment.Job instance at 0x15269a61b640>,8,1,[10  2],15,31,32,16,15
1,<environment.Job instance at 0x15269a61baf0>,9,1,[5 2],16,16,17,0,16
1,<environment.Job instance at 0x15269a6193c0>,11,2,[ 1 10],20,32,34,12,20
1,<environment.Job instance at 0x15269a619820>,13,3,[10  2],23,34,37,11,23
1,<environment.Job instance at 0x15269a619c30>,14,2,[1 6],27,37,39,10,27
1,<environment.Job instance at 0x15269a632960>,15,3,[1 9],28,39,42,11,28
1,<environment.Job instance at 0x15269a619050>,17,1,[6 2],32,37,38,5,32
1,<environment.Job instance at 0x15269a612820>,18,3,[10  2],34,42,45,8,34
1,<environment.Job instance at 0x1526c41e22d0>,19,3,[5 1],38,38,41,0,38
1,<environment.Job instance at 0x1526ca27b410>,20,1,[2 8],39,45,46,6,39
1,<environment.Job instance at 0x15269a96b9b0>,21,2,[7 2],40,45,47,5,40
1,<environment.Job instance at 0x15269a96b640>,22,2,[6 2],41,47,49,6,41
1,<environment.Job instance at 0x1526c988ac30>,23,3,[9 1],42,49,52,7,42
1,<environment.Job instance at 0x1526ca27e320>,25,2,[5 2],44,52,54,8,44
1,<environment.Job instance at 0x1526ca27e640>,26,27,[1 7],45,46,73,1,45
1,<environment.Job instance at 0x1526c41d44b0>,28,17,[2 8],47,73,90,26,61
1,<environment.Job instance at 0x15269ab96fa0>,35,2,[2 9],57,90,92,33,63
1,<environment.Job instance at 0x15269a8c11e0>,38,13,[10  1],65,92,105,27,76
1,<environment.Job instance at 0x1526c41ca8c0>,40,1,[10  2],68,105,106,37,77
1,<environment.Job instance at 0x1526c41cafa0>,41,3,[2 8],69,106,109,37,80
1,<environment.Job instance at 0x1526c4153e10>,39,2,[1 8],67,109,111,42,82
1,<environment.Job instance at 0x1526c41c8d20>,43,2,[8 2],75,83,85,8,83
1,<environment.Job instance at 0x1526c41cab40>,42,15,[2 7],70,111,126,41,97
1,<environment.Job instance at 0x1526c405d230>,45,3,[6 2],77,106,109,29,98
1,<environment.Job instance at 0x15269a61a3c0>,46,1,[8 1],79,109,110,30,102
1,<environment.Job instance at 0x15269a646a50>,47,3,[1 9],81,126,129,45,104
1,<environment.Job instance at 0x1526c41dc960>,50,12,[7 1],86,165,177,79,165
1,<environment.Job instance at 0x15269ab708c0>,52,3,[9 2],88,223,226,135,223
1,<environment.Job instance at 0x15269ab705a0>,53,2,[7 1],91,242,244,151,242
1,<environment.Job instance at 0x15269ab70460>,54,16,[ 1 10],92,274,290,182,274
1,<environment.Job instance at 0x15269ab70f50>,55,3,[2 5],94,290,293,196,278
1,<environment.Job instance at 0x1526ca29c780>,56,1,[8 1],95,307,308,212,307
1,<environment.Job instance at 0x1526ca29cd20>,57,28,[5 1],96,767,795,671,767
1,<environment.Job instance at 0x1526ca29c910>,58,13,[8 2],97,816,829,719,816
1,<environment.Job instance at 0x1526ca29c690>,59,18,[5 1],98,861,879,763,861
1,<environment.Job instance at 0x15269ab0cf50>,60,15,[6 1],99,879,894,780,875
1,<environment.Job instance at 0x1526c40ed550>,61,3,[6 2],100,894,897,794,891
1,<environment.Job instance at 0x1526c40ed050>,62,1,[6 2],101,921,922,820,921
1,<environment.Job instance at 0x1526c40ed960>,63,17,[9 2],103,1004,1021,901,1004
1,<environment.Job instance at 0x1526c40ed460>,64,1,[7 1],104,1148,1149,1044,1148
1,<environment.Job instance at 0x1526c40ed410>,65,12,[2 8],105,1239,1251,1134,1239
1,<environment.Job instance at 0x1526c40edb90>,66,3,[ 1 10],106,1586,1589,1480,1586
1,<environment.Job instance at 0x1526c40ed870>,67,3,[1 5],107,2115,2118,2008,2115
1,<environment.Job instance at 0x1526c40edcd0>,68,3,[2 7],108,2171,2174,2063,2171
1,<environment.Job instance at 0x1526c40edaa0>,69,13,[2 5],109,2429,2442,2320,2429
1,<environment.Job instance at 0x1526c40ed690>,70,2,[2 8],110,2448,2450,2338,2448
1,<environment.Job instance at 0x1526c40ede10>,71,2,[5 1],111,2614,2616,2503,2614
1,<environment.Job instance at 0x1526c40edaf0>,72,1,[6 2],116,2694,2695,2578,2694
1,<environment.Job instance at 0x1526c40ed820>,73,1,[1 9],117,2810,2811,2693,2810
1,<environment.Job instance at 0x1526c40edd20>,74,3,[7 1],118,2903,2906,2785,2903
1,<environment.Job instance at 0x1526c40ed910>,75,3,[7 2],119,2906,2909,2787,2903
1,<environment.Job instance at 0x15269a640190>,1,3,[6 2],2,2,5,0,2
1,<environment.Job instance at 0x1526c988f9b0>,2,2,[6 2],3,5,7,2,3
1,<environment.Job instance at 0x1526c988fb40>,4,1,[6 1],6,7,8,1,6
1,<environment.Job instance at 0x15269a3dfd70>,5,12,[ 1 10],7,8,20,1,7
1,<environment.Job instance at 0x15269a3dfe10>,6,3,[2 7],9,20,23,11,9
1,<environment.Job instance at 0x15269a3dfdc0>,7,1,[1 6],10,23,24,13,10
1,<environment.Job instance at 0x15269a3dfa50>,8,3,[8 2],11,20,23,9,11
1,<environment.Job instance at 0x15269a3dfcd0>,9,1,[1 7],12,24,25,12,12
1,<environment.Job instance at 0x15269a3e1050>,10,1,[6 2],13,23,24,10,13
1,<environment.Job instance at 0x15269a3e1320>,11,2,[2 7],14,25,27,11,14
1,<environment.Job instance at 0x15269a3e14b0>,12,16,[ 2 10],15,27,43,12,15
1,<environment.Job instance at 0x15269a3e1190>,15,2,[1 9],19,43,45,24,19
1,<environment.Job instance at 0x15269a3e19b0>,16,2,[7 2],20,24,26,4,20
1,<environment.Job instance at 0x15269a3e1a00>,17,3,[5 2],22,45,48,23,22
1,<environment.Job instance at 0x15269a3e1b40>,19,1,[8 1],24,26,27,2,24
1,<environment.Job instance at 0x15269a3e2140>,24,25,[9 1],31,48,73,17,45
1,<environment.Job instance at 0x15269a3e5410>,38,2,[10  2],48,73,75,25,48
1,<environment.Job instance at 0x15269a3e5460>,39,15,[9 2],50,75,90,25,61
1,<environment.Job instance at 0x15269a3e5870>,44,1,[6 2],57,90,91,33,62
1,<environment.Job instance at 0x15269a3e5820>,45,1,[5 1],58,91,92,33,63
1,<environment.Job instance at 0x15269a3e57d0>,46,1,[2 6],60,90,91,30,63
1,<environment.Job instance at 0x15269a3e56e0>,47,3,[2 6],61,91,94,30,67
1,<environment.Job instance at 0x15269a3e5f50>,50,2,[7 2],65,92,94,27,68
1,<environment.Job instance at 0x15269a3e7320>,51,2,[9 2],66,94,96,28,68
1,<environment.Job instance at 0x15269a3e7410>,52,3,[5 1],67,96,99,29,70
1,<environment.Job instance at 0x15269a3e7460>,53,2,[ 1 10],68,99,101,31,73
1,<environment.Job instance at 0x15269a3e7f00>,65,2,[6 2],82,148,150,66,148
1,<environment.Job instance at 0x15269a3e9230>,68,3,[8 2],86,157,160,71,157
1,<environment.Job instance at 0x15269a3e95f0>,74,3,[10  1],93,178,181,85,178
1,<environment.Job instance at 0x15269a3e9690>,75,3,[6 1],94,185,188,91,185
1,<environment.Job instance at 0x15269a3e90f0>,77,3,[2 7],96,185,188,89,185
1,<environment.Job instance at 0x15269a3e9e10>,85,22,[8 1],105,265,287,160,265
1,<environment.Job instance at 0x15269a3e9e60>,86,15,[ 2 10],106,287,302,181,273
1,<environment.Job instance at 0x15269a3e9f50>,87,3,[10  2],107,302,305,195,276
1,<environment.Job instance at 0x15269a3e9fa0>,88,3,[2 5],109,276,279,167,276
1,<environment.Job instance at 0x15269a3ec230>,91,2,[2 9],112,279,281,167,276
1,<environment.Job instance at 0x15269a3ec320>,92,2,[2 7],113,281,283,168,276
1,<environment.Job instance at 0x15269a3ec4b0>,94,15,[2 9],116,305,320,189,291
1,<environment.Job instance at 0x15269a3ec500>,95,2,[10  1],117,320,322,203,293
1,<environment.Job instance at 0x15269a3e9910>,89,17,[1 7],110,425,442,315,425
1,<environment.Job instance at 0x15269a3ec7d0>,99,1,[6 1],122,425,426,303,425
1,<environment.Job instance at 0x15269a3ec780>,100,2,[9 1],124,426,428,302,426
1,<environment.Job instance at 0x15269a3ec960>,102,1,[8 1],127,428,429,301,427
1,<environment.Job instance at 0x15269a3d7370>,103,1,[5 1],129,429,430,300,427
1,<environment.Job instance at 0x15269a4ebd20>,104,2,[7 2],130,430,432,300,427
1,<environment.Job instance at 0x15269a3d37d0>,108,2,[7 2],136,434,436,298,434
1,<environment.Job instance at 0x15269a379050>,1,2,[1 9],2,117,119,115,117
1,<environment.Job instance at 0x15269a493320>,5,2,[10  2],7,133,135,126,133
1,<environment.Job instance at 0x15269a493780>,6,1,[6 1],10,450,451,440,450
1,<environment.Job instance at 0x15269a493b90>,7,1,[7 2],12,470,471,458,470
1,<environment.Job instance at 0x15269a493dc0>,8,2,[2 7],13,697,699,684,697
1,<environment.Job instance at 0x15269a493f50>,9,3,[2 5],14,980,983,966,980
1,<environment.Job instance at 0x15269a4937d0>,11,12,[5 2],17,983,995,966,983
1,<environment.Job instance at 0x15269a493d20>,12,1,[10  1],18,995,996,977,993
1,<environment.Job instance at 0x15269a493e10>,13,3,[10  1],21,996,999,975,993
1,<environment.Job instance at 0x15269a493c30>,14,2,[ 2 10],22,999,1001,977,993
1,<environment.Job instance at 0x15269a493aa0>,15,3,[9 2],23,1001,1004,978,993
1,<environment.Job instance at 0x15269a493a00>,16,1,[1 9],24,1194,1195,1170,1194
1,<environment.Job instance at 0x15269a493be0>,17,1,[8 2],27,1252,1253,1225,1252
1,<environment.Job instance at 0x15269a493960>,18,22,[2 5],29,1829,1851,1800,1829
1,<environment.Job instance at 0x15269a493af0>,19,1,[9 2],30,2302,2303,2272,2302
1,<environment.Job instance at 0x15269a4932d0>,20,1,[10  1],31,2320,2321,2289,2320
1,<environment.Job instance at 0x15269a684d70>,1,2,[5 2],3,3,5,0,3
1,<environment.Job instance at 0x1526c9841a00>,2,2,[7 2],4,5,7,1,4
1,<environment.Job instance at 0x15269a6848c0>,3,2,[5 2],6,7,9,1,6
1,<environment.Job instance at 0x1526c9841820>,4,1,[ 2 10],7,9,10,2,7
1,<environment.Job instance at 0x1526c9841410>,7,16,[2 9],10,114,130,104,114
1,<environment.Job instance at 0x1526c96a31e0>,11,3,[8 2],15,130,133,115,114
1,<environment.Job instance at 0x1526c96a3230>,12,1,[ 2 10],16,133,134,117,114
1,<environment.Job instance at 0x1526c96a3eb0>,18,3,[ 2 10],25,134,137,109,114
1,<environment.Job instance at 0x1526c96a3f50>,19,2,[2 7],26,130,132,104,114
1,<environment.Job instance at 0x1526c96a37d0>,21,2,[10  2],28,137,139,109,114
1,<environment.Job instance at 0x1526c96a33c0>,22,2,[1 7],29,139,141,110,114
1,<environment.Job instance at 0x15269a643910>,30,1,[7 1],39,114,115,75,114
1,<environment.Job instance at 0x15269a643460>,31,1,[2 6],42,132,133,90,114
1,<environment.Job instance at 0x15269a643320>,35,1,[6 1],46,115,116,69,114
1,<environment.Job instance at 0x15269a6432d0>,36,3,[8 1],48,116,119,68,114
1,<environment.Job instance at 0x15269a6439b0>,37,15,[6 1],52,139,154,87,125
1,<environment.Job instance at 0x1526cf363460>,45,1,[ 2 10],64,154,155,90,126
1,<environment.Job instance at 0x1526cf363320>,46,2,[2 8],65,141,143,76,126
1,<environment.Job instance at 0x1526cf3639b0>,47,1,[1 7],68,143,144,75,126
1,<environment.Job instance at 0x1526cf363960>,48,1,[1 7],70,144,145,74,126
1,<environment.Job instance at 0x1526cf363c30>,49,12,[2 8],71,155,167,84,138
1,<environment.Job instance at 0x1526cf363910>,52,1,[9 1],74,167,168,93,149
1,<environment.Job instance at 0x1526cf363190>,54,12,[2 8],78,168,180,90,151
1,<environment.Job instance at 0x1526cf363aa0>,55,3,[ 1 10],81,180,183,99,154
1,<environment.Job instance at 0x1526d0280cd0>,60,1,[7 1],87,155,156,68,154
1,<environment.Job instance at 0x1526d0280fa0>,61,1,[2 6],89,183,184,94,155
1,<environment.Job instance at 0x1526d0280e10>,62,3,[1 5],90,184,187,94,158
1,<environment.Job instance at 0x1526d02807d0>,63,3,[8 2],93,158,161,65,158
1,<environment.Job instance at 0x1526d0280eb0>,64,1,[1 7],94,167,168,73,158
1,<environment.Job instance at 0x1526d0280dc0>,65,3,[2 8],95,187,190,92,161
1,<environment.Job instance at 0x1526d02800a0>,66,2,[7 1],96,161,163,65,161
1,<environment.Job instance at 0x1526d0280b90>,67,28,[1 6],97,190,218,93,189
1,<environment.Job instance at 0x1526d0280780>,72,2,[5 1],105,189,191,84,189
1,<environment.Job instance at 0x1526c79f6e10>,73,2,[ 2 10],106,218,220,112,191
1,<environment.Job instance at 0x1526d0280460>,74,3,[5 1],107,192,195,85,192
1,<environment.Job instance at 0x1526c79f6910>,75,1,[1 9],109,220,221,111,192
1,<environment.Job instance at 0x1526c79f62d0>,78,1,[1 9],113,221,222,108,193
1,<environment.Job instance at 0x1526ca5cf0a0>,80,3,[9 1],116,195,198,79,193
1,<environment.Job instance at 0x1526ca5cfa00>,81,12,[9 1],117,198,210,81,193
1,<environment.Job instance at 0x1526c40735f0>,83,16,[9 2],120,222,238,102,209
1,<environment.Job instance at 0x1526c96994b0>,85,15,[6 1],123,238,253,115,224
1,<environment.Job instance at 0x1526c962ac80>,99,3,[2 9],141,238,241,97,224
1,<environment.Job instance at 0x15269a57efa0>,100,1,[1 6],142,224,225,82,224
1,<environment.Job instance at 0x1526cf2f0be0>,101,1,[10  1],143,253,254,110,225
1,<environment.Job instance at 0x1526cf2f04b0>,103,1,[7 1],145,254,255,109,241
1,<environment.Job instance at 0x1526cf2f0eb0>,104,3,[9 2],146,255,258,109,241
1,<environment.Job instance at 0x1526cf2f00f0>,105,2,[1 8],147,241,243,94,241
1,<environment.Job instance at 0x1526d0280280>,70,16,[1 6],102,262,278,160,262
1,<environment.Job instance at 0x1526ce9be1e0>,2,17,[7 2],3,3,20,0,3
1,<environment.Job instance at 0x1526ca5cfd20>,3,16,[5 2],4,20,36,16,7
1,<environment.Job instance at 0x1526c4180a50>,6,3,[7 2],8,36,39,28,10
1,<environment.Job instance at 0x1526c4180f00>,8,1,[1 8],12,12,13,0,12
1,<environment.Job instance at 0x1526c4180d70>,7,17,[ 2 10],9,39,56,30,27
1,<environment.Job instance at 0x1526c419c1e0>,12,2,[1 7],19,27,29,8,27
1,<environment.Job instance at 0x1526c419c4b0>,16,3,[2 9],23,56,59,33,30
1,<environment.Job instance at 0x1526c419c460>,17,17,[1 8],25,201,218,176,201
1,<environment.Job instance at 0x1526c419c640>,19,16,[2 7],27,231,247,204,231
1,<environment.Job instance at 0x1526c419c780>,20,2,[1 8],29,247,249,218,231
1,<environment.Job instance at 0x1526c419ce10>,26,2,[2 6],36,249,251,213,231
1,<environment.Job instance at 0x1526c419ce60>,27,1,[ 1 10],37,251,252,214,231
1,<environment.Job instance at 0x1526c419cfa0>,28,1,[2 7],38,252,253,214,231
1,<environment.Job instance at 0x1526c419cb90>,29,2,[2 6],39,253,255,214,231
1,<environment.Job instance at 0x1526c419cf00>,30,17,[5 2],40,231,248,191,231
1,<environment.Job instance at 0x1526c4168050>,31,2,[5 1],42,248,250,206,231
1,<environment.Job instance at 0x1526c41681e0>,32,2,[8 2],43,252,254,209,231
1,<environment.Job instance at 0x1526c41684b0>,35,1,[2 8],47,329,330,282,329
1,<environment.Job instance at 0x1526c4168aa0>,45,1,[10  2],60,366,367,306,366
1,<environment.Job instance at 0x1526c4168dc0>,51,1,[1 6],66,396,397,330,396
1,<environment.Job instance at 0x1526c4168fa0>,53,3,[1 9],68,397,400,329,396
1,<environment.Job instance at 0x1526c41686e0>,54,3,[6 1],69,398,401,329,398
1,<environment.Job instance at 0x1526c416c140>,56,2,[7 1],76,416,418,340,416
1,<environment.Job instance at 0x1526c416c3c0>,60,3,[9 1],80,418,421,338,418
1,<environment.Job instance at 0x1526c416c640>,64,2,[1 7],84,451,453,367,451
1,<environment.Job instance at 0x1526c416c6e0>,65,1,[6 2],87,451,452,364,451
1,<environment.Job instance at 0x1526c416c780>,66,3,[5 2],88,456,459,368,456
1,<environment.Job instance at 0x1526c416c910>,68,3,[2 7],90,469,472,379,469
1,<environment.Job instance at 0x1526c416c0f0>,69,2,[8 2],92,469,471,377,469
1,<environment.Job instance at 0x1526c416c960>,71,1,[5 2],99,481,482,382,481
1,<environment.Job instance at 0x1526c416caa0>,74,1,[2 8],103,496,497,393,496
1,<environment.Job instance at 0x1526c416ce10>,75,2,[2 9],104,497,499,393,496
1,<environment.Job instance at 0x1526c416cd20>,76,3,[2 6],105,499,502,394,496
1,<environment.Job instance at 0x1526c416ccd0>,77,2,[7 1],107,498,500,391,498
1,<environment.Job instance at 0x1526c416cf00>,80,3,[1 9],111,502,505,391,498
1,<environment.Job instance at 0x1526c418f2d0>,87,3,[7 2],123,575,578,452,575
1,<environment.Job instance at 0x1526c417bbe0>,92,3,[7 2],131,665,668,534,665
1,<environment.Job instance at 0x1526c417b960>,95,1,[1 9],135,668,669,533,665
1,<environment.Job instance at 0x1526c417ba00>,96,3,[6 2],136,669,672,533,665
1,<environment.Job instance at 0x15269a8a6280>,0,2,[6 2],1,1,3,0,1
1,<environment.Job instance at 0x1526c402a4b0>,1,3,[2 7],2,2,5,0,2
1,<environment.Job instance at 0x1526c402ad70>,2,1,[10  1],6,7,8,1,7
1,<environment.Job instance at 0x15269a8a6aa0>,3,3,[10  1],7,8,11,1,7
1,<environment.Job instance at 0x15269a8a6690>,4,2,[6 1],8,11,13,3,8
1,<environment.Job instance at 0x15269a8a6af0>,5,3,[1 5],9,11,14,2,9
1,<environment.Job instance at 0x15269a8a6640>,10,3,[2 7],14,14,17,0,14
1,<environment.Job instance at 0x15269a23ae10>,14,3,[2 6],19,19,22,0,19
1,<environment.Job instance at 0x15269a23ab40>,15,2,[8 1],20,20,22,0,20
1,<environment.Job instance at 0x15269a23ac80>,16,1,[6 2],21,22,23,1,21
1,<environment.Job instance at 0x15269a23ae60>,17,1,[9 1],22,23,24,1,22
1,<environment.Job instance at 0x15269a23ac30>,18,1,[2 5],24,24,25,0,24
1,<environment.Job instance at 0x1526c4086280>,19,3,[10  2],27,27,30,0,27
1,<environment.Job instance at 0x1526c4086cd0>,20,1,[2 7],28,30,31,2,28
1,<environment.Job instance at 0x1526c417bd70>,23,3,[9 1],32,32,35,0,32
1,<environment.Job instance at 0x15269a7cef50>,31,2,[2 6],41,55,57,14,55
1,<environment.Job instance at 0x1526c40975f0>,32,3,[1 9],42,57,60,15,55
1,<environment.Job instance at 0x1526c4097820>,33,2,[1 7],44,60,62,16,55
1,<environment.Job instance at 0x1526c4097f50>,34,3,[2 9],45,62,65,17,55
1,<environment.Job instance at 0x1526c4097a50>,37,16,[2 6],48,65,81,17,56
1,<environment.Job instance at 0x15269a948e10>,41,3,[1 9],56,82,85,26,82
1,<environment.Job instance at 0x15269a948aa0>,42,2,[9 2],58,85,87,27,82
1,<environment.Job instance at 0x15269a9480a0>,43,3,[2 7],59,87,90,28,82
1,<environment.Job instance at 0x15269a948af0>,46,3,[1 7],65,90,93,25,82
1,<environment.Job instance at 0x15269a948460>,47,14,[2 5],67,93,107,26,84
1,<environment.Job instance at 0x15269a948fa0>,48,13,[1 5],71,93,106,22,84
1,<environment.Job instance at 0x15269a9482d0>,53,13,[2 9],77,107,120,30,91
1,<environment.Job instance at 0x15269a5c7140>,57,3,[5 1],83,106,109,23,99
1,<environment.Job instance at 0x1526ca1db140>,60,1,[5 1],86,117,118,31,117
1,<environment.Job instance at 0x1526ca1dbb90>,61,3,[8 1],87,118,121,31,117
1,<environment.Job instance at 0x1526ca1dbcd0>,62,2,[6 2],88,121,123,33,117
1,<environment.Job instance at 0x1526ca1dbdc0>,63,3,[9 2],89,123,126,34,117
1,<environment.Job instance at 0x1526c7a082d0>,68,2,[2 6],104,120,122,16,120
1,<environment.Job instance at 0x1526c7a08050>,69,3,[6 2],106,126,129,20,121
1,<environment.Job instance at 0x1526c7a08f00>,70,12,[2 9],107,129,141,22,121
1,<environment.Job instance at 0x1526c79e9a00>,75,3,[9 2],114,141,144,27,134
1,<environment.Job instance at 0x1526c79e95a0>,78,3,[1 7],117,141,144,24,134
1,<environment.Job instance at 0x1526c4184c30>,83,3,[ 2 10],122,144,147,22,134
1,<environment.Job instance at 0x1526c4184d70>,84,13,[2 8],123,147,160,24,140
1,<environment.Job instance at 0x1526cf2f0910>,1,1,[1 5],2,2,3,0,2
1,<environment.Job instance at 0x15269a89f320>,0,1,[2 9],1,3,4,2,3
1,<environment.Job instance at 0x15269a89f2d0>,3,3,[5 1],4,4,7,0,4
1,<environment.Job instance at 0x1526c982e280>,4,3,[1 7],5,5,8,0,5
1,<environment.Job instance at 0x1526c417be60>,5,3,[10  2],7,8,11,1,7
1,<environment.Job instance at 0x1526c982e5a0>,7,2,[9 2],11,11,13,0,11
1,<environment.Job instance at 0x1526c982e500>,8,2,[2 7],15,15,17,0,15
1,<environment.Job instance at 0x1526c982e4b0>,9,1,[8 1],16,16,17,0,16
1,<environment.Job instance at 0x15269a89f190>,2,16,[ 2 10],3,17,33,14,17
1,<environment.Job instance at 0x1526c982ea50>,11,1,[1 8],18,33,34,15,18
1,<environment.Job instance at 0x1526c982eb90>,12,12,[7 2],19,33,45,14,19
1,<environment.Job instance at 0x1526c982ecd0>,13,13,[1 9],20,45,58,25,29
1,<environment.Job instance at 0x1526c9846b90>,31,3,[1 7],43,58,61,15,45
1,<environment.Job instance at 0x1526c982ee60>,17,17,[5 2],25,58,75,33,47
1,<environment.Job instance at 0x1526c9852870>,36,1,[10  1],48,75,76,27,48
1,<environment.Job instance at 0x1526c98529b0>,37,2,[8 2],50,76,78,26,50
1,<environment.Job instance at 0x1526c9852aa0>,38,1,[1 6],51,61,62,10,51
1,<environment.Job instance at 0x1526c9852c30>,39,3,[6 1],52,52,55,0,52
1,<environment.Job instance at 0x1526c9852be0>,41,3,[2 5],54,62,65,8,56
1,<environment.Job instance at 0x1526c9852780>,42,3,[2 8],56,65,68,9,56
1,<environment.Job instance at 0x1526c9852d70>,40,16,[1 5],53,926,942,873,926
1,<environment.Job instance at 0x1526c9852f00>,44,3,[1 8],58,998,1001,940,998
1,<environment.Job instance at 0x1526c98170f0>,45,2,[2 5],60,1001,1003,941,998
1,<environment.Job instance at 0x1526c98171e0>,46,3,[1 9],61,1118,1121,1057,1118
1,<environment.Job instance at 0x1526c9817280>,47,15,[9 1],62,1118,1133,1056,1118
1,<environment.Job instance at 0x1526c98174b0>,48,12,[6 1],63,1165,1177,1102,1165
1,<environment.Job instance at 0x1526c9817550>,49,13,[8 1],64,1371,1384,1307,1371
1,<environment.Job instance at 0x1526c98175f0>,50,3,[2 8],65,1547,1550,1482,1547
1,<environment.Job instance at 0x1526c9817690>,51,2,[1 7],66,1619,1621,1553,1619
1,<environment.Job instance at 0x1526c9817730>,52,2,[1 6],67,2137,2139,2070,2137
1,<environment.Job instance at 0x1526c98177d0>,53,14,[ 2 10],68,2252,2266,2184,2252
1,<environment.Job instance at 0x15269a7ab0f0>,0,3,[10  1],1,1,4,0,1
1,<environment.Job instance at 0x15269a785370>,2,2,[10  1],4,4,6,0,4
1,<environment.Job instance at 0x1526c98176e0>,3,1,[ 1 10],7,7,8,0,7
1,<environment.Job instance at 0x1526c416d780>,4,1,[5 2],8,9,10,1,9
1,<environment.Job instance at 0x1526c416d690>,5,1,[8 1],9,10,11,1,9
1,<environment.Job instance at 0x1526c7a063c0>,6,14,[1 6],11,14,28,3,14
1,<environment.Job instance at 0x1526ca522320>,8,3,[2 7],15,28,31,13,15
1,<environment.Job instance at 0x15269a3feeb0>,7,12,[1 7],14,31,43,17,15
1,<environment.Job instance at 0x1526ce9e35a0>,11,3,[8 2],21,21,24,0,21
1,<environment.Job instance at 0x1526c9613cd0>,14,1,[8 1],26,26,27,0,26
1,<environment.Job instance at 0x15269a8c6f50>,15,3,[9 1],27,31,34,4,27
1,<environment.Job instance at 0x1526c9613640>,16,2,[9 1],29,34,36,5,30
1,<environment.Job instance at 0x1526ca149370>,18,3,[1 7],33,43,46,10,33
1,<environment.Job instance at 0x1526c853eaa0>,19,1,[8 2],34,36,37,2,34
1,<environment.Job instance at 0x1526ca14e4b0>,20,2,[10  1],35,46,48,11,35
1,<environment.Job instance at 0x1526ca14e050>,21,2,[10  1],36,48,50,12,36
1,<environment.Job instance at 0x1526c971ea00>,22,16,[10  2],37,50,66,13,37
1,<environment.Job instance at 0x1526cf2d30a0>,23,2,[2 5],38,66,68,28,42
1,<environment.Job instance at 0x1526ce90f7d0>,26,3,[2 9],42,68,71,26,47
1,<environment.Job instance at 0x1526ce90f320>,27,1,[9 2],43,71,72,28,51
1,<environment.Job instance at 0x1526ce90fb40>,28,1,[7 2],45,66,67,21,52
1,<environment.Job instance at 0x1526ce90f960>,29,16,[5 2],46,72,88,26,59
1,<environment.Job instance at 0x1526ca56a4b0>,30,3,[10  2],48,88,91,40,65
1,<environment.Job instance at 0x15269aa7f1e0>,31,1,[10  2],49,91,92,42,71
1,<environment.Job instance at 0x1526cf34eb90>,32,2,[7 1],50,92,94,42,74
1,<environment.Job instance at 0x1526ce90f550>,33,2,[10  1],51,94,96,43,76
1,<environment.Job instance at 0x1526ce9bec80>,34,1,[1 7],52,78,79,26,78
1,<environment.Job instance at 0x1526c7eb0050>,35,1,[9 1],54,96,97,42,78
1,<environment.Job instance at 0x15269a58d550>,1,3,[10  1],2,3,6,1,3
1,<environment.Job instance at 0x15269a58d460>,3,1,[8 1],4,6,7,2,4
1,<environment.Job instance at 0x15269a58d7d0>,6,2,[6 1],9,12,14,3,12
1,<environment.Job instance at 0x1526cf35f5a0>,9,3,[9 1],14,15,18,1,15
1,<environment.Job instance at 0x1526cf35feb0>,10,1,[8 2],16,18,19,2,18
1,<environment.Job instance at 0x1526cf35f690>,12,1,[10  1],19,22,23,3,22
1,<environment.Job instance at 0x1526cf35f960>,14,2,[8 1],21,23,25,2,22
1,<environment.Job instance at 0x1526cf35f730>,16,3,[1 7],23,23,26,0,23
1,<environment.Job instance at 0x1526cf35fc80>,15,1,[5 2],22,25,26,3,23
1,<environment.Job instance at 0x1526cf35f280>,17,2,[5 1],24,26,28,2,24
1,<environment.Job instance at 0x15269a797190>,19,2,[5 2],27,27,29,0,27
1,<environment.Job instance at 0x15269a797460>,20,1,[1 5],28,28,29,0,28
1,<environment.Job instance at 0x15269a7974b0>,21,1,[8 2],29,29,30,0,29
1,<environment.Job instance at 0x15269a7973c0>,22,2,[7 1],30,30,32,0,30
1,<environment.Job instance at 0x15269a797d20>,23,1,[10  1],31,32,33,1,31
1,<environment.Job instance at 0x15269a797780>,24,2,[ 1 10],32,33,35,1,32
1,<environment.Job instance at 0x1526c97235a0>,25,2,[1 8],33,35,37,2,33
1,<environment.Job instance at 0x1526c9723aa0>,26,3,[2 5],34,37,40,3,34
1,<environment.Job instance at 0x1526c9723730>,30,1,[2 5],38,38,39,0,38
1,<environment.Job instance at 0x1526ca5aa550>,36,2,[8 2],48,59,61,11,59
1,<environment.Job instance at 0x1526ca5aae60>,39,3,[1 5],51,64,67,13,64
1,<environment.Job instance at 0x1526ca5aa730>,44,3,[1 7],58,95,98,37,95
1,<environment.Job instance at 0x1526cb842e10>,47,14,[ 2 10],61,107,121,46,107
1,<environment.Job instance at 0x1526cb8427d0>,50,2,[1 8],65,137,139,72,137
1,<environment.Job instance at 0x1526cb8422d0>,51,16,[1 6],66,139,155,73,139
1,<environment.Job instance at 0x1526cb842a00>,52,3,[2 6],68,155,158,87,139
1,<environment.Job instance at 0x15269a2b3cd0>,62,13,[ 2 10],82,158,171,76,143
1,<environment.Job instance at 0x15269a970f50>,81,2,[2 8],107,216,218,109,216
1,<environment.Job instance at 0x1526ce960500>,89,2,[8 1],117,219,221,102,219
1,<environment.Job instance at 0x15269a5d6960>,93,3,[2 7],121,241,244,120,241
1,<environment.Job instance at 0x1526c406c960>,104,3,[5 2],135,307,310,172,307
1,<environment.Job instance at 0x1526c406c3c0>,105,15,[10  2],136,310,325,174,307
1,<environment.Job instance at 0x1526d09686e0>,0,2,[8 1],1,1,3,0,1
1,<environment.Job instance at 0x1526d0968a50>,1,2,[6 2],3,4,6,1,4
1,<environment.Job instance at 0x1526d0968c80>,3,2,[9 2],5,6,8,1,5
1,<environment.Job instance at 0x1526d09682d0>,2,2,[1 5],4,9,11,5,9
1,<environment.Job instance at 0x1526c40c1960>,6,2,[6 2],10,10,12,0,10
1,<environment.Job instance at 0x1526c40c1820>,7,2,[2 9],12,13,15,1,13
1,<environment.Job instance at 0x1526c40c1b90>,9,3,[7 1],14,14,17,0,14
1,<environment.Job instance at 0x1526d08d55a0>,10,2,[ 1 10],15,17,19,2,15
1,<environment.Job instance at 0x1526c40c1c80>,8,17,[2 9],13,244,261,231,244
1,<environment.Job instance at 0x1526d08d5550>,15,3,[2 8],21,261,264,240,244
1,<environment.Job instance at 0x1526d08d5d20>,19,3,[1 6],29,264,267,235,244
1,<environment.Job instance at 0x1526d08d5b90>,21,3,[2 5],31,267,270,236,244
1,<environment.Job instance at 0x1526d08d5c80>,20,3,[2 6],30,270,273,240,244
1,<environment.Job instance at 0x1526d08d50f0>,23,12,[9 1],33,273,285,240,256
1,<environment.Job instance at 0x1526d08d5e10>,24,3,[7 2],35,261,264,226,256
1,<environment.Job instance at 0x1526d08d52d0>,25,3,[1 6],37,273,276,236,256
1,<environment.Job instance at 0x1526d08d5640>,26,2,[1 6],39,276,278,237,256
1,<environment.Job instance at 0x1526d08d5320>,27,2,[8 1],43,256,258,213,256
1,<environment.Job instance at 0x1526d08d5a00>,28,3,[9 2],44,264,267,220,256
1,<environment.Job instance at 0x1526d08d5f50>,29,1,[2 8],46,285,286,239,257
1,<environment.Job instance at 0x15269a4eaaa0>,36,14,[10  2],56,286,300,230,271
1,<environment.Job instance at 0x15269a4ea730>,37,3,[2 6],57,300,303,243,274
1,<environment.Job instance at 0x15269a4ea190>,41,3,[1 9],66,278,281,212,274
1,<environment.Job instance at 0x15269a4ea370>,42,1,[5 2],67,285,286,218,274
1,<environment.Job instance at 0x15269a4ea1e0>,43,1,[9 1],68,303,304,235,275
1,<environment.Job instance at 0x15269a4ea7d0>,44,23,[9 1],70,304,327,234,298
1,<environment.Job instance at 0x1526c41baf00>,60,3,[1 9],94,309,312,215,309
1,<environment.Job instance at 0x1526c41ba3c0>,61,3,[2 7],96,327,330,231,309
1,<environment.Job instance at 0x1526c41ba500>,62,3,[2 9],97,330,333,233,309
1,<environment.Job instance at 0x1526c41ba4b0>,63,3,[6 1],99,327,330,228,309
1,<environment.Job instance at 0x1526c41ba730>,59,13,[2 8],93,333,346,240,317
1,<environment.Job instance at 0x15269ab03640>,73,3,[6 2],110,333,336,223,319
1,<environment.Job instance at 0x1526c41ba230>,65,15,[2 7],101,346,361,245,332
1,<environment.Job instance at 0x15269ab03370>,77,2,[2 8],117,361,363,244,334
1,<environment.Job instance at 0x15269ab03b90>,78,14,[2 8],118,363,377,245,348
1,<environment.Job instance at 0x1526cf3339b0>,81,13,[8 1],124,348,361,224,348
1,<environment.Job instance at 0x1526cf3333c0>,83,18,[8 1],127,361,379,234,350
1,<environment.Job instance at 0x1526cf333be0>,84,1,[6 2],128,379,380,251,351
1,<environment.Job instance at 0x15269a0342d0>,95,13,[ 1 10],147,380,393,233,379
1,<environment.Job instance at 0x1526cf333fa0>,1,1,[1 6],2,2,3,0,2
1,<environment.Job instance at 0x1526ca1b0230>,2,1,[1 8],3,3,4,0,3
1,<environment.Job instance at 0x1526ca295a00>,3,1,[8 2],5,5,6,0,5
1,<environment.Job instance at 0x15269a4f0870>,4,2,[10  2],6,6,8,0,6
1,<environment.Job instance at 0x15269a4f05f0>,6,14,[6 2],10,12,26,2,12
1,<environment.Job instance at 0x15269a4f0af0>,9,3,[1 5],13,20,23,7,20
1,<environment.Job instance at 0x15269a4f0eb0>,13,1,[2 9],18,26,27,8,22
1,<environment.Job instance at 0x15269a4d3370>,16,2,[10  1],23,27,29,4,23
1,<environment.Job instance at 0x15269a4d33c0>,17,17,[7 1],25,29,46,4,27
1,<environment.Job instance at 0x15269a4d36e0>,21,3,[1 9],34,34,37,0,34
1,<environment.Job instance at 0x15269a4d3af0>,22,1,[1 7],37,37,38,0,37
1,<environment.Job instance at 0x15269a4d3b40>,23,14,[7 1],39,46,60,7,39
1,<environment.Job instance at 0x15269a4d3d20>,24,3,[6 2],40,60,63,20,40
1,<environment.Job instance at 0x15269a4d3be0>,26,2,[8 1],46,63,65,17,46
1,<environment.Job instance at 0x15269a4d3fa0>,27,3,[8 2],48,65,68,17,49
1,<environment.Job instance at 0x15269a4f1410>,29,2,[2 6],50,50,52,0,50
1,<environment.Job instance at 0x15269a4f1550>,30,17,[1 9],51,68,85,17,56
1,<environment.Job instance at 0x15269a4f15f0>,31,3,[1 6],52,56,59,4,56
1,<environment.Job instance at 0x15269a4f1690>,32,1,[8 1],53,68,69,15,56
1,<environment.Job instance at 0x15269a4f1730>,33,1,[6 1],54,69,70,15,56
1,<environment.Job instance at 0x15269a4f1780>,34,1,[1 9],58,59,60,1,58
1,<environment.Job instance at 0x15269a4bbeb0>,40,13,[7 2],71,85,98,14,71
1,<environment.Job instance at 0x15269a4bb6e0>,41,2,[6 2],72,98,100,26,72
1,<environment.Job instance at 0x15269a4bbb40>,42,3,[5 2],77,100,103,23,77
1,<environment.Job instance at 0x15269a4bbaf0>,43,3,[ 2 10],78,103,106,25,78
1,<environment.Job instance at 0x15269a4bb960>,44,3,[1 5],80,85,88,5,80
1,<environment.Job instance at 0x15269a471780>,50,2,[10  1],87,106,108,19,106
1,<environment.Job instance at 0x15269a471640>,51,2,[8 1],88,108,110,20,106
1,<environment.Job instance at 0x15269a471230>,52,3,[2 9],90,108,111,18,106
1,<environment.Job instance at 0x15269a4715a0>,53,1,[1 9],91,111,112,20,106
1,<environment.Job instance at 0x15269a6889b0>,55,2,[5 1],93,118,120,25,118
1,<environment.Job instance at 0x15269a4719b0>,56,3,[2 5],94,118,121,24,118
1,<environment.Job instance at 0x1526ce957b90>,57,1,[6 1],95,120,121,25,118
1,<environment.Job instance at 0x15269a4711e0>,58,1,[5 2],97,121,122,24,118
1,<environment.Job instance at 0x15269a9ff5f0>,59,1,[6 1],98,122,123,24,118
1,<environment.Job instance at 0x15269abad9b0>,60,3,[2 5],104,121,124,17,118
1,<environment.Job instance at 0x1526c7ee8dc0>,61,2,[2 5],106,123,125,17,118
1,<environment.Job instance at 0x15269a0dd640>,64,15,[1 5],110,137,152,27,137
1,<environment.Job instance at 0x15269a0dde60>,65,2,[2 9],111,152,154,41,137
1,<environment.Job instance at 0x15269ab7f1e0>,66,2,[6 2],112,137,139,25,137
1,<environment.Job instance at 0x15269ab7ffa0>,67,3,[2 6],113,154,157,41,137
1,<environment.Job instance at 0x15269ab7f3c0>,71,2,[10  1],117,157,159,40,137
1,<environment.Job instance at 0x15269a0ca0a0>,76,3,[9 1],123,139,142,16,137
1,<environment.Job instance at 0x15269a0e9640>,77,14,[8 2],125,159,173,34,147
1,<environment.Job instance at 0x15269a0e9a50>,78,3,[2 9],126,173,176,47,147
1,<environment.Job instance at 0x15269a0e9320>,79,2,[1 9],128,176,178,48,149
1,<environment.Job instance at 0x1526ce93de60>,2,2,[1 7],3,3,5,0,3
1,<environment.Job instance at 0x15269a8f8aa0>,3,3,[1 7],4,5,8,1,4
1,<environment.Job instance at 0x15269a8f8f00>,5,2,[2 5],6,8,10,2,7
1,<environment.Job instance at 0x1526c967d6e0>,7,3,[8 1],8,8,11,0,8
1,<environment.Job instance at 0x1526c967d280>,8,1,[2 9],9,10,11,1,9
1,<environment.Job instance at 0x1526c967d550>,9,3,[1 9],12,12,15,0,12
1,<environment.Job instance at 0x1526c967d1e0>,10,1,[9 1],13,14,15,1,14
1,<environment.Job instance at 0x1526c967d320>,12,2,[1 8],15,15,17,0,15
1,<environment.Job instance at 0x1526c967da50>,14,3,[5 1],18,18,21,0,18
1,<environment.Job instance at 0x1526c967da00>,15,3,[9 2],19,21,24,2,19
1,<environment.Job instance at 0x1526c967d500>,11,3,[1 7],14,20,23,6,20
1,<environment.Job instance at 0x1526ce99ba50>,17,2,[ 1 10],21,24,26,3,21
1,<environment.Job instance at 0x1526ce99baa0>,18,1,[9 1],22,26,27,4,23
1,<environment.Job instance at 0x1526ce99baf0>,20,1,[6 2],24,27,28,3,24
1,<environment.Job instance at 0x1526ce99b910>,21,3,[7 2],26,28,31,2,26
1,<environment.Job instance at 0x1526ce98c2d0>,22,13,[1 6],27,46,59,19,46
1,<environment.Job instance at 0x1526ce98ca50>,25,3,[1 8],32,59,62,27,47
1,<environment.Job instance at 0x1526ce98c910>,26,16,[ 1 10],33,87,103,54,87
1,<environment.Job instance at 0x1526ce98c690>,27,20,[10  2],34,103,123,69,96
1,<environment.Job instance at 0x1526ce98c820>,29,1,[1 5],37,123,124,86,114
1,<environment.Job instance at 0x1526ce98c730>,30,1,[7 2],38,123,124,85,115
1,<environment.Job instance at 0x1526ce98c6e0>,31,3,[ 2 10],40,124,127,84,118
1,<environment.Job instance at 0x1526ce98c370>,32,1,[6 2],41,127,128,86,125
1,<environment.Job instance at 0x1526ce98c050>,33,3,[10  2],43,128,131,85,125
1,<environment.Job instance at 0x1526ce98ce60>,34,3,[2 7],45,131,134,86,130
1,<environment.Job instance at 0x1526ce99cdc0>,35,15,[7 2],46,131,146,85,130
1,<environment.Job instance at 0x1526ce99c8c0>,36,13,[ 2 10],48,146,159,98,131
1,<environment.Job instance at 0x1526ce99c820>,37,1,[1 5],51,159,160,108,151
1,<environment.Job instance at 0x1526ce99c7d0>,38,21,[6 2],52,159,180,107,157
1,<environment.Job instance at 0x1526ce99c3c0>,39,16,[6 1],54,180,196,126,168
1,<environment.Job instance at 0x1526ce99ce60>,40,1,[8 2],55,196,197,141,178
1,<environment.Job instance at 0x1526ce99cd70>,41,2,[ 2 10],56,197,199,141,182
1,<environment.Job instance at 0x1526ce99c6e0>,43,1,[ 1 10],62,199,200,137,182
1,<environment.Job instance at 0x1526ce99c5a0>,44,14,[2 7],63,182,196,119,182
1,<environment.Job instance at 0x1526ce99cb40>,45,3,[7 1],64,200,203,136,182
1,<environment.Job instance at 0x1526ce99c730>,46,1,[ 1 10],65,203,204,138,182
1,<environment.Job instance at 0x1526ce99c690>,47,18,[6 1],66,204,222,138,193
1,<environment.Job instance at 0x1526ce99c4b0>,48,3,[2 9],67,200,203,133,193
1,<environment.Job instance at 0x1526ce9afc80>,49,14,[ 1 10],68,222,236,154,209
1,<environment.Job instance at 0x1526ce9af3c0>,50,18,[2 8],69,236,254,167,225
1,<environment.Job instance at 0x1526ce9afaf0>,52,18,[8 1],72,236,254,164,225
1,<environment.Job instance at 0x1526ce9afb90>,53,2,[6 2],73,254,256,181,227
1,<environment.Job instance at 0x1526ce9af780>,54,16,[6 2],75,256,272,181,243
1,<environment.Job instance at 0x1526ce9afd20>,55,2,[2 6],76,254,256,178,243
1,<environment.Job instance at 0x1526ce9af9b0>,56,2,[9 1],78,272,274,194,245
1,<environment.Job instance at 0x1526ce9af190>,57,2,[8 1],80,274,276,194,247
1,<environment.Job instance at 0x1526ce9afdc0>,58,1,[ 1 10],83,276,277,193,248
1,<environment.Job instance at 0x1526ce9af960>,59,1,[8 1],84,277,278,193,259
1,<environment.Job instance at 0x1526ce9af8c0>,60,1,[8 1],85,278,279,193,259
1,<environment.Job instance at 0x1526ce9afa50>,61,3,[2 7],86,260,263,174,260
1,<environment.Job instance at 0x1526ce97c780>,62,14,[1 9],88,277,291,189,262
1,<environment.Job instance at 0x1526ce97ceb0>,63,3,[1 6],92,291,294,199,277
1,<environment.Job instance at 0x1526ce97cd70>,64,1,[2 7],93,294,295,201,285
1,<environment.Job instance at 0x1526ce97c460>,65,12,[5 2],94,291,303,197,285
1,<environment.Job instance at 0x1526ce97ccd0>,66,16,[2 6],95,295,311,200,285
1,<environment.Job instance at 0x1526ce97ce10>,67,23,[1 9],96,311,334,215,305
1,<environment.Job instance at 0x1526ce97c2d0>,68,3,[1 8],98,334,337,236,319
1,<environment.Job instance at 0x1526ce97c1e0>,69,3,[2 9],102,337,340,235,320
1,<environment.Job instance at 0x1526ce97c140>,70,1,[8 2],104,334,335,230,320
1,<environment.Job instance at 0x1526ce97c870>,71,3,[7 1],106,322,325,216,322
1,<environment.Job instance at 0x1526ce97c3c0>,72,3,[ 2 10],109,340,343,231,328
1,<environment.Job instance at 0x1526ce97cfa0>,73,3,[7 2],111,343,346,232,330
1,<environment.Job instance at 0x1526ce97cc80>,74,3,[9 2],113,346,349,233,331
1,<environment.Job instance at 0x1526ce998af0>,75,3,[1 6],116,343,346,227,334
1,<environment.Job instance at 0x1526ce998d70>,76,13,[1 5],117,346,359,229,338
1,<environment.Job instance at 0x1526ce998c80>,77,1,[2 7],118,359,360,241,341
1,<environment.Job instance at 0x1526ce998500>,78,2,[2 5],119,349,351,230,342
1,<environment.Job instance at 0x1526ce9981e0>,79,3,[1 8],120,360,363,240,342
1,<environment.Job instance at 0x1526ce998fa0>,80,1,[10  2],121,363,364,242,342
1,<environment.Job instance at 0x1526ce9987d0>,81,18,[1 8],123,364,382,241,356
1,<environment.Job instance at 0x1526ce998e10>,82,17,[10  2],125,382,399,257,370
1,<environment.Job instance at 0x1526ce998e60>,83,3,[9 2],126,371,374,245,371
1,<environment.Job instance at 0x15269a409640>,84,12,[8 1],127,399,411,272,382
1,<environment.Job instance at 0x15269a409eb0>,85,2,[6 2],128,411,413,283,384
1,<environment.Job instance at 0x15269a409aa0>,86,16,[ 2 10],133,413,429,280,404
1,<environment.Job instance at 0x15269a409320>,87,13,[8 1],134,429,442,295,417
1,<environment.Job instance at 0x15269a409960>,88,2,[2 6],135,429,431,294,421
1,<environment.Job instance at 0x15269a4099b0>,89,17,[2 7],138,434,451,296,434
1,<environment.Job instance at 0x15269a4096e0>,90,1,[2 9],139,451,452,312,437
1,<environment.Job instance at 0x15269a409d70>,91,1,[2 6],140,452,453,312,438
1,<environment.Job instance at 0x15269a409870>,92,2,[1 8],141,453,455,312,441
1,<environment.Job instance at 0x15269a409190>,93,1,[8 2],143,442,443,299,441
1,<environment.Job instance at 0x15269a409910>,94,13,[1 9],144,455,468,311,443
1,<environment.Job instance at 0x15269a4090a0>,95,2,[2 8],146,468,470,322,451
1,<environment.Job instance at 0x15269a409280>,96,2,[7 2],147,452,454,305,452
1,<environment.Job instance at 0x1526c98705a0>,5,21,[2 6],9,9,30,0,9
1,<environment.Job instance at 0x1526c9870820>,7,13,[6 2],11,11,24,0,11
1,<environment.Job instance at 0x1526c9870b40>,8,2,[5 2],13,24,26,11,13
1,<environment.Job instance at 0x1526c98707d0>,9,2,[6 2],14,26,28,12,14
1,<environment.Job instance at 0x1526c9870690>,10,3,[2 5],15,30,33,15,15
1,<environment.Job instance at 0x1526c9870d70>,11,12,[5 2],16,28,40,12,16
1,<environment.Job instance at 0x1526c9870eb0>,12,14,[2 8],18,33,47,15,18
1,<environment.Job instance at 0x1526c987a3c0>,19,15,[7 2],28,40,55,12,28
1,<environment.Job instance at 0x1526c987a910>,20,13,[9 1],29,55,68,26,39
1,<environment.Job instance at 0x1526c987abe0>,25,2,[6 2],35,68,70,33,41
1,<environment.Job instance at 0x1526c987ab90>,24,14,[2 8],34,68,82,34,53
1,<environment.Job instance at 0x1526c985a6e0>,38,17,[8 1],53,73,90,20,73
1,<environment.Job instance at 0x1526c9871d70>,53,1,[9 1],77,90,91,13,77
1,<environment.Job instance at 0x1526c98612d0>,54,12,[1 7],79,82,94,3,79
1,<environment.Job instance at 0x1526c98613c0>,55,1,[7 1],80,91,92,11,80
1,<environment.Job instance at 0x1526c98615f0>,56,2,[2 7],81,94,96,13,81
1,<environment.Job instance at 0x1526c9861a50>,59,2,[7 1],84,92,94,8,84
1,<environment.Job instance at 0x1526c9861b90>,60,1,[1 6],86,96,97,10,86
1,<environment.Job instance at 0x1526c9861c80>,61,2,[6 2],87,94,96,7,87
1,<environment.Job instance at 0x1526c9861e10>,62,2,[10  2],89,97,99,8,89
1,<environment.Job instance at 0x1526c9861f00>,63,2,[2 7],93,99,101,6,93
1,<environment.Job instance at 0x1526c9861be0>,64,3,[8 1],94,99,102,5,94
1,<environment.Job instance at 0x1526c98741e0>,65,1,[8 2],96,96,97,0,96
1,<environment.Job instance at 0x1526c98743c0>,66,3,[8 2],98,102,105,4,98
1,<environment.Job instance at 0x1526c9874690>,68,3,[2 7],101,101,104,0,101
1,<environment.Job instance at 0x1526c9874820>,69,1,[1 6],102,104,105,2,102
1,<environment.Job instance at 0x1526c9874a00>,70,1,[8 1],106,106,107,0,106
1,<environment.Job instance at 0x1526c9874aa0>,71,1,[10  1],107,107,108,0,107
1,<environment.Job instance at 0x1526c9878870>,73,2,[9 1],109,109,111,0,109
1,<environment.Job instance at 0x15269a9df460>,76,3,[10  1],112,112,115,0,112
1,<environment.Job instance at 0x1526c9878460>,77,3,[7 1],113,115,118,2,113
1,<environment.Job instance at 0x15269a836370>,78,2,[2 8],115,115,117,0,115
1,<environment.Job instance at 0x1526c98782d0>,79,16,[1 9],116,117,133,1,116
1,<environment.Job instance at 0x15269a1301e0>,83,3,[1 8],124,139,142,15,139
1,<environment.Job instance at 0x1526c96b8c80>,84,1,[10  1],125,142,143,17,142
1,<environment.Job instance at 0x15269a796e60>,85,1,[7 2],126,145,146,19,145
1,<environment.Job instance at 0x15269a68d280>,86,3,[1 7],127,145,148,18,145
1,<environment.Job instance at 0x15269a78eaa0>,88,3,[1 8],130,172,175,42,172
1,<environment.Job instance at 0x15269a38b190>,92,2,[6 2],139,178,180,39,178
1,<environment.Job instance at 0x15269a3b3190>,95,3,[ 2 10],142,213,216,71,213
1,<environment.Job instance at 0x15269a3b3b40>,96,3,[6 2],143,216,219,73,215
1,<environment.Job instance at 0x1526cb83d4b0>,97,1,[9 2],147,219,220,72,216
1,<environment.Job instance at 0x1526c98a65a0>,98,1,[2 9],148,229,230,81,229
1,<environment.Job instance at 0x15269a9cb780>,81,3,[2 9],118,438,441,320,438
1,<environment.Job instance at 0x1526c7e6c2d0>,1,3,[6 2],5,7,10,2,7
1,<environment.Job instance at 0x1526c4162550>,4,19,[8 1],8,74,93,66,74
1,<environment.Job instance at 0x1526c97edfa0>,7,2,[1 8],11,756,758,745,756
1,<environment.Job instance at 0x1526c97ed960>,9,15,[ 1 10],13,1168,1183,1155,1168
1,<environment.Job instance at 0x1526c97ed780>,10,1,[5 1],14,1216,1217,1202,1216
1,<environment.Job instance at 0x1526c97ed320>,11,2,[2 7],15,1434,1436,1419,1434
1,<environment.Job instance at 0x15269a3b0690>,13,1,[1 8],17,1696,1697,1679,1696
1,<environment.Job instance at 0x15269a3b0140>,14,2,[10  2],18,1727,1729,1709,1727
1,<environment.Job instance at 0x1526d0912af0>,15,1,[9 2],19,1796,1797,1777,1796
1,<environment.Job instance at 0x1526ca50a7d0>,16,14,[2 7],20,1990,2004,1970,1990
1,<environment.Job instance at 0x15269a64fb40>,17,1,[10  1],22,2124,2125,2102,2124
1,<environment.Job instance at 0x1526c9872af0>,19,2,[2 9],26,2128,2130,2102,2128
1,<environment.Job instance at 0x1526c9872b90>,20,3,[9 1],27,2133,2136,2106,2133
1,<environment.Job instance at 0x15269a0abb40>,1,2,[9 2],2,2,4,0,2
1,<environment.Job instance at 0x15269a0ab690>,3,13,[1 5],5,5,18,0,5
1,<environment.Job instance at 0x1526c853e2d0>,9,3,[10  2],15,18,21,3,15
1,<environment.Job instance at 0x15269a0ab050>,4,3,[ 1 10],6,21,24,15,16
1,<environment.Job instance at 0x1526c853e140>,11,1,[ 1 10],17,24,25,7,17
1,<environment.Job instance at 0x1526c853e410>,12,1,[10  2],18,25,26,7,18
1,<environment.Job instance at 0x1526c853edc0>,13,16,[5 1],19,26,42,7,19
1,<environment.Job instance at 0x1526c853e6e0>,14,3,[6 1],20,42,45,22,20
1,<environment.Job instance at 0x1526c853e9b0>,16,2,[2 8],23,26,28,3,23
1,<environment.Job instance at 0x1526c853e7d0>,17,3,[1 7],25,28,31,3,25
1,<environment.Job instance at 0x1526d08c8d70>,18,2,[8 1],27,45,47,18,27
1,<environment.Job instance at 0x1526d08c8a50>,19,3,[9 2],28,47,50,19,28
1,<environment.Job instance at 0x1526d08c8640>,20,13,[2 5],32,33,46,1,33
1,<environment.Job instance at 0x1526d08c8d20>,21,12,[2 7],33,50,62,17,33
1,<environment.Job instance at 0x1526d08c8e10>,24,3,[2 6],36,62,65,26,36
1,<environment.Job instance at 0x1526d08c8e60>,25,3,[8 1],37,50,53,13,37
1,<environment.Job instance at 0x1526d08c8fa0>,26,1,[6 1],38,53,54,15,38
1,<environment.Job instance at 0x1526d08c8dc0>,27,3,[6 1],39,54,57,15,39
1,<environment.Job instance at 0x1526d08c8820>,28,3,[9 1],40,65,68,25,40
1,<environment.Job instance at 0x15269a7658c0>,29,3,[2 9],41,68,71,27,42
1,<environment.Job instance at 0x15269a765910>,34,2,[5 1],48,57,59,9,48
1,<environment.Job instance at 0x15269a6ec5a0>,39,3,[8 2],56,59,62,3,56
1,<environment.Job instance at 0x15269a6ec230>,40,1,[2 8],57,71,72,14,63
1,<environment.Job instance at 0x15269a6ecc80>,44,2,[6 2],65,71,73,6,65
1,<environment.Job instance at 0x15269a6eca00>,45,12,[2 8],66,72,84,6,66
1,<environment.Job instance at 0x1526cf3a6be0>,47,18,[ 1 10],70,84,102,14,73
1,<environment.Job instance at 0x1526cf3a6820>,48,18,[2 6],71,102,120,31,91
1,<environment.Job instance at 0x15269a62dfa0>,50,13,[1 6],73,120,133,47,104
1,<environment.Job instance at 0x15269a8efa50>,56,3,[9 2],80,120,123,40,104
1,<environment.Job instance at 0x15269aae4960>,58,1,[10  1],85,133,134,48,118
1,<environment.Job instance at 0x15269a019b40>,60,12,[2 8],87,134,146,47,130
1,<environment.Job instance at 0x15269a019be0>,61,2,[2 6],89,146,148,57,130
1,<environment.Job instance at 0x15269a019cd0>,62,3,[1 6],90,148,151,58,130
1,<environment.Job instance at 0x15269a8215f0>,63,3,[1 9],91,151,154,60,130
1,<environment.Job instance at 0x1526c7ec7be0>,64,2,[7 2],92,130,132,38,130
1,<environment.Job instance at 0x1526c91bb5f0>,65,2,[9 1],94,148,150,54,130
1,<environment.Job instance at 0x15269a740410>,66,2,[2 6],98,154,156,56,130
1,<environment.Job instance at 0x15269ab35eb0>,67,3,[2 7],100,156,159,56,130
1,<environment.Job instance at 0x15269aae0d70>,68,3,[6 2],102,134,137,32,131
1,<environment.Job instance at 0x15269aa59050>,69,3,[2 5],104,159,162,55,133
1,<environment.Job instance at 0x1526c96620a0>,71,1,[2 6],107,162,163,55,137
1,<environment.Job instance at 0x1526ca174190>,72,2,[9 1],108,150,152,42,137
1,<environment.Job instance at 0x15269a1a7500>,80,3,[5 1],119,213,216,94,213
1,<environment.Job instance at 0x1526c7ee72d0>,81,1,[2 9],121,215,216,94,215
1,<environment.Job instance at 0x15269a39b960>,82,1,[5 2],122,216,217,94,215
1,<environment.Job instance at 0x15269a1a7dc0>,83,3,[6 2],123,217,220,94,215
1,<environment.Job instance at 0x15269ab66780>,88,2,[9 1],130,244,246,114,244
1,<environment.Job instance at 0x15269a1abbe0>,91,3,[6 1],133,246,249,113,244
1,<environment.Job instance at 0x15269a1ab7d0>,93,2,[1 7],136,265,267,129,265
1,<environment.Job instance at 0x15269a1abeb0>,94,3,[1 6],137,267,270,130,266
1,<environment.Job instance at 0x1526c967dbe0>,95,1,[7 1],138,267,268,129,267
1,<environment.Job instance at 0x1526c967d9b0>,97,1,[ 2 10],141,283,284,142,283
1,<environment.Job instance at 0x15269aa07410>,99,1,[2 8],143,284,285,141,283
1,<environment.Job instance at 0x1526cd494cd0>,100,3,[7 2],144,284,287,140,283
1,<environment.Job instance at 0x1526cd494280>,102,3,[2 7],146,285,288,139,283
1,<environment.Job instance at 0x1526d026b870>,105,2,[8 1],149,299,301,150,299
1,<environment.Job instance at 0x15269a765640>,30,14,[2 5],42,427,441,385,427
1,<environment.Job instance at 0x15269a1036e0>,0,3,[9 1],1,1,4,0,1
1,<environment.Job instance at 0x15269a9cfaf0>,3,2,[2 9],4,4,6,0,4
1,<environment.Job instance at 0x15269a9cf0f0>,5,18,[1 6],7,7,25,0,7
1,<environment.Job instance at 0x15269a9cfa00>,6,3,[9 1],8,8,11,0,8
1,<environment.Job instance at 0x15269a9cf3c0>,7,3,[9 1],9,11,14,2,9
1,<environment.Job instance at 0x1526c96a58c0>,9,1,[7 1],11,14,15,3,11
1,<environment.Job instance at 0x1526c96a5550>,10,14,[1 8],13,25,39,12,13
1,<environment.Job instance at 0x1526c96a5b90>,11,3,[10  1],15,39,42,24,34
1,<environment.Job instance at 0x1526c96a5fa0>,15,12,[5 1],23,42,54,19,41
1,<environment.Job instance at 0x1526c96a5870>,16,3,[9 2],24,69,72,45,69
1,<environment.Job instance at 0x1526c96a5a00>,17,3,[8 1],26,77,80,51,77
1,<environment.Job instance at 0x15269a521820>,18,18,[1 9],28,321,339,293,321
1,<environment.Job instance at 0x15269a521960>,19,2,[5 1],29,377,379,348,377
1,<environment.Job instance at 0x15269a521a50>,20,3,[1 9],31,383,386,352,383
1,<environment.Job instance at 0x15269a5213c0>,21,22,[1 7],32,1211,1233,1179,1211
1,<environment.Job instance at 0x15269a521f00>,22,1,[10  2],35,1261,1262,1226,1261
1,<environment.Job instance at 0x15269a521780>,23,28,[2 9],36,1535,1563,1499,1535
1,<environment.Job instance at 0x15269abb7dc0>,25,1,[1 6],38,1691,1692,1653,1691
1,<environment.Job instance at 0x15269abb7820>,26,1,[2 7],39,1708,1709,1669,1708
1,<environment.Job instance at 0x15269abb79b0>,27,2,[ 1 10],40,1739,1741,1699,1739
1,<environment.Job instance at 0x15269abb7870>,28,1,[7 1],41,1787,1788,1746,1787
1,<environment.Job instance at 0x15269abb7410>,29,2,[9 1],42,1851,1853,1809,1851
1,<environment.Job instance at 0x15269abb7aa0>,30,1,[5 1],44,1891,1892,1847,1891
1,<environment.Job instance at 0x15269abb75f0>,31,1,[2 7],45,2155,2156,2110,2155
1,<environment.Job instance at 0x15269abb7a00>,32,15,[5 1],46,2174,2189,2128,2174
1,<environment.Job instance at 0x15269abb7690>,33,1,[10  1],47,2207,2208,2160,2207
1,<environment.Job instance at 0x15269abb76e0>,34,1,[6 2],48,2222,2223,2174,2222
1,<environment.Job instance at 0x15269abb7320>,35,13,[ 2 10],49,2292,2305,2243,2292
1,<environment.Job instance at 0x15269abb75a0>,36,3,[ 1 10],50,2322,2325,2272,2322
1,<environment.Job instance at 0x1526cf33c410>,37,17,[1 7],51,2447,2464,2396,2447
1,<environment.Job instance at 0x1526cf33caf0>,38,2,[1 9],52,2502,2504,2450,2502
1,<environment.Job instance at 0x1526cf33c5a0>,40,1,[5 1],58,2550,2551,2492,2550
1,<environment.Job instance at 0x1526cf33c050>,41,22,[5 2],59,2628,2650,2569,2628
1,<environment.Job instance at 0x1526cf33caa0>,42,1,[5 1],60,2896,2897,2836,2896
1,<environment.Job instance at 0x1526cf33cd70>,44,12,[ 1 10],64,2950,2962,2886,2950
1,<environment.Job instance at 0x1553dbb13960>,1,3,[1 9],2,2,5,0,2
1,<environment.Job instance at 0x1553dbb13c30>,2,1,[2 5],3,5,6,2,3
1,<environment.Job instance at 0x1553dbb13f00>,3,1,[6 2],4,5,6,1,4
1,<environment.Job instance at 0x1553d1eaeb90>,4,2,[7 2],5,6,8,1,5
1,<environment.Job instance at 0x1553d1eaec80>,5,3,[9 2],6,8,11,2,6
1,<environment.Job instance at 0x1553d1eaed70>,9,2,[6 1],11,11,13,0,11
1,<environment.Job instance at 0x1553d1eb1410>,11,3,[1 8],13,14,17,1,14
1,<environment.Job instance at 0x1553d1eb15f0>,13,2,[8 1],17,17,19,0,17
1,<environment.Job instance at 0x1553d1eb10f0>,12,3,[1 8],14,18,21,4,18
1,<environment.Job instance at 0x1553d1ea4410>,18,2,[10  1],25,25,27,0,25
1,<environment.Job instance at 0x1553d1ea4a00>,19,3,[6 2],26,27,30,1,26
1,<environment.Job instance at 0x1553d1ea3cd0>,31,3,[9 2],41,54,57,13,54
1,<environment.Job instance at 0x1553d1ea3b90>,32,3,[2 9],42,57,60,15,54
1,<environment.Job instance at 0x1553d1ea3780>,35,2,[1 8],45,54,56,9,54
1,<environment.Job instance at 0x1553d239f320>,37,2,[ 1 10],50,60,62,10,54
1,<environment.Job instance at 0x1553d3cfbfa0>,38,1,[8 1],51,57,58,6,54
1,<environment.Job instance at 0x1553d20e5fa0>,39,3,[1 5],52,62,65,10,54
1,<environment.Job instance at 0x1553d2a0f460>,40,3,[1 6],53,65,68,12,54
1,<environment.Job instance at 0x1553d20ffaa0>,57,22,[1 5],80,2567,2589,2487,2567
1,<environment.Job instance at 0x1553d20ffc80>,59,1,[1 9],85,2794,2795,2709,2794
1,<environment.Job instance at 0x1553d20ffa00>,60,17,[8 1],86,2815,2832,2729,2815
1,<environment.Job instance at 0x1553d20ffb40>,61,3,[1 5],87,2824,2827,2737,2824
1,<environment.Job instance at 0x1553d20ff3c0>,62,3,[9 2],88,2837,2840,2749,2837
1,<environment.Job instance at 0x1553d3cef050>,0,3,[9 1],3,3,6,0,3
1,<environment.Job instance at 0x1553d20ff3c0>,2,1,[1 8],6,7,8,1,7
1,<environment.Job instance at 0x1553d3ce9280>,4,3,[7 2],8,8,11,0,8
1,<environment.Job instance at 0x1553d3ce9370>,5,2,[1 8],9,10,12,1,10
1,<environment.Job instance at 0x1553d9766410>,6,3,[1 7],11,17,20,6,17
1,<environment.Job instance at 0x1553d9766500>,9,3,[1 9],14,20,23,6,19
1,<environment.Job instance at 0x1553d97665f0>,10,2,[7 2],15,23,25,8,19
1,<environment.Job instance at 0x1553d9766cd0>,11,12,[6 1],16,25,37,9,19
1,<environment.Job instance at 0x1553d9766be0>,12,28,[2 8],19,25,53,6,25
1,<environment.Job instance at 0x1553d9766190>,13,3,[5 1],23,37,40,14,33
1,<environment.Job instance at 0x1553d97660f0>,14,15,[1 7],25,53,68,28,42
1,<environment.Job instance at 0x1553d9766eb0>,15,3,[ 2 10],26,68,71,42,43
1,<environment.Job instance at 0x1553d9766f50>,17,2,[ 2 10],31,71,73,40,46
1,<environment.Job instance at 0x1553d9766730>,18,3,[5 2],32,48,51,16,48
1,<environment.Job instance at 0x1553d9766f00>,19,15,[2 7],33,82,97,49,82
1,<environment.Job instance at 0x1553d9766fa0>,20,2,[ 2 10],34,97,99,63,82
1,<environment.Job instance at 0x1553d9832d20>,21,2,[2 9],35,99,101,64,86
1,<environment.Job instance at 0x1553d9832230>,22,17,[ 2 10],36,171,188,135,171
1,<environment.Job instance at 0x1553d9832320>,23,19,[ 1 10],38,188,207,150,178
1,<environment.Job instance at 0x1553d9832960>,24,2,[9 1],39,207,209,168,180
1,<environment.Job instance at 0x1553d9832280>,25,3,[5 2],40,209,212,169,185
1,<environment.Job instance at 0x1553d9832460>,26,2,[ 1 10],41,212,214,171,186
1,<environment.Job instance at 0x1553d98320a0>,27,13,[ 2 10],42,214,227,172,198
1,<environment.Job instance at 0x1553d9832b90>,28,1,[1 7],43,207,208,164,205
1,<environment.Job instance at 0x1553d98321e0>,30,15,[1 7],45,227,242,182,214
1,<environment.Job instance at 0x1553d9832aa0>,31,3,[ 2 10],47,242,245,195,217
1,<environment.Job instance at 0x1553d9832f00>,32,14,[10  1],49,245,259,196,230
1,<environment.Job instance at 0x1553d9832af0>,34,2,[8 2],51,232,234,181,232
1,<environment.Job instance at 0x1553d9832370>,36,2,[2 5],53,259,261,206,232
1,<environment.Job instance at 0x1553d2a113c0>,37,3,[6 1],54,234,237,180,232
1,<environment.Job instance at 0x1553d2a11af0>,38,2,[10  1],55,261,263,206,234
1,<environment.Job instance at 0x1553d2a11b40>,39,3,[ 2 10],57,263,266,206,238
1,<environment.Job instance at 0x1553d2a11460>,44,1,[2 6],63,266,267,203,242
1,<environment.Job instance at 0x1553d2a11640>,45,16,[9 1],66,267,283,201,254
1,<environment.Job instance at 0x1553d3b56fa0>,60,1,[2 8],92,283,284,191,255
1,<environment.Job instance at 0x1553d3b56e10>,61,18,[10  1],96,284,302,188,273
1,<environment.Job instance at 0x1553d3b56960>,62,2,[7 2],97,302,304,205,275
1,<environment.Job instance at 0x1553d3b560f0>,65,3,[8 1],102,304,307,202,278
1,<environment.Job instance at 0x1553d3b56f00>,66,1,[7 2],103,283,284,180,278
1,<environment.Job instance at 0x1553d3b56280>,67,2,[5 2],104,307,309,203,280
1,<environment.Job instance at 0x1553d2a14640>,70,15,[2 8],108,302,317,194,288
1,<environment.Job instance at 0x1553d2a148c0>,71,16,[1 7],109,317,333,208,307
1,<environment.Job instance at 0x1553d2a14b90>,73,2,[6 2],112,317,319,205,317
1,<environment.Job instance at 0x1553d2a14230>,74,1,[1 5],113,333,334,220,321
1,<environment.Job instance at 0x1553d2a14aa0>,75,16,[1 7],114,334,350,220,330
1,<environment.Job instance at 0x1553d2a14eb0>,76,3,[ 2 10],115,350,353,235,330
1,<environment.Job instance at 0x1553d2a14d20>,1,3,[1 9],2,2,5,0,2
1,<environment.Job instance at 0x1553d3b40050>,3,3,[5 1],4,9,12,5,9
1,<environment.Job instance at 0x1553d2a140a0>,4,3,[1 7],9,9,12,0,9
1,<environment.Job instance at 0x1553d3beb640>,7,2,[10  1],13,13,15,0,13
1,<environment.Job instance at 0x1553d3bebe10>,8,3,[1 9],14,15,18,1,14
1,<environment.Job instance at 0x1553d3bebcd0>,12,3,[5 2],23,23,26,0,23
1,<environment.Job instance at 0x1553d3beb280>,14,1,[ 2 10],25,26,27,1,25
1,<environment.Job instance at 0x1553d3bebf00>,15,18,[5 2],27,27,45,0,27
1,<environment.Job instance at 0x1553d3bc39b0>,16,1,[1 8],28,28,29,0,28
1,<environment.Job instance at 0x1553d3bc3870>,17,13,[1 7],30,30,43,0,30
1,<environment.Job instance at 0x1553d3bc38c0>,18,12,[2 9],33,45,57,12,33
1,<environment.Job instance at 0x1553d3bc3f00>,19,3,[5 2],34,57,60,23,34
1,<environment.Job instance at 0x1553d3b1d640>,20,2,[ 2 10],35,60,62,25,35
1,<environment.Job instance at 0x1553d3b1d910>,22,17,[10  1],38,62,79,24,50
1,<environment.Job instance at 0x1553d3b1d780>,27,2,[8 1],48,50,52,2,50
1,<environment.Job instance at 0x1553d3b1d7d0>,28,2,[1 9],51,79,81,28,53
1,<environment.Job instance at 0x1553d3b1d5f0>,29,2,[1 6],52,81,83,29,59
1,<environment.Job instance at 0x1553d3b11280>,30,1,[1 9],53,83,84,30,76
1,<environment.Job instance at 0x1553d3b11640>,31,3,[1 8],54,84,87,30,79
1,<environment.Job instance at 0x1553d3b11820>,32,1,[9 2],55,82,83,27,82
1,<environment.Job instance at 0x1553d3b116e0>,33,18,[ 1 10],56,87,105,31,82
1,<environment.Job instance at 0x1553d3b11e60>,34,2,[1 6],58,109,111,51,109
1,<environment.Job instance at 0x1553d3b112d0>,35,3,[ 2 10],60,111,114,51,111
1,<environment.Job instance at 0x1553d3b11c80>,36,1,[7 2],61,114,115,53,111
1,<environment.Job instance at 0x1553d3b11320>,37,3,[9 1],62,115,118,53,111
1,<environment.Job instance at 0x1553d3b11be0>,38,16,[9 1],63,118,134,55,111
1,<environment.Job instance at 0x1553d3b115a0>,39,1,[6 2],65,134,135,69,119
1,<environment.Job instance at 0x1553d3b11460>,40,3,[2 7],66,134,137,68,127
1,<environment.Job instance at 0x1553d3b11690>,41,14,[7 2],67,135,149,68,127
1,<environment.Job instance at 0x1553d3b11910>,42,2,[ 1 10],69,149,151,80,139
1,<environment.Job instance at 0x1553d3b12960>,44,2,[2 9],71,151,153,80,139
1,<environment.Job instance at 0x1553d3b12eb0>,45,3,[9 1],74,153,156,79,139
1,<environment.Job instance at 0x1553d3b12af0>,46,18,[6 2],76,156,174,80,145
1,<environment.Job instance at 0x1553d3b30960>,47,16,[1 5],78,153,169,75,149
1,<environment.Job instance at 0x1553d3be10f0>,48,3,[5 1],80,174,177,94,155
1,<environment.Job instance at 0x1553d3be1cd0>,49,14,[1 6],82,169,183,87,166
1,<environment.Job instance at 0x1553d3b7beb0>,50,2,[5 1],83,177,179,94,168
1,<environment.Job instance at 0x1553d3b7b410>,52,2,[10  2],85,183,185,98,169
1,<environment.Job instance at 0x1553d3b7bd20>,53,2,[6 1],86,179,181,93,171
1,<environment.Job instance at 0x1553d3b7b7d0>,54,3,[9 2],88,185,188,97,171
1,<environment.Job instance at 0x1553d3b7b5f0>,55,3,[6 2],91,188,191,97,171
1,<environment.Job instance at 0x1553d3b7b2d0>,56,2,[5 2],92,181,183,89,173
1,<environment.Job instance at 0x1553d3b7b190>,58,2,[9 2],95,191,193,96,173
1,<environment.Job instance at 0x1553d3b7b960>,59,1,[7 2],96,193,194,97,178
1,<environment.Job instance at 0x1553d3b7bdc0>,60,3,[1 7],98,185,188,87,180
1,<environment.Job instance at 0x1553d3b5b960>,61,14,[1 6],99,195,209,96,195
1,<environment.Job instance at 0x1553d3b5b140>,63,3,[6 1],103,195,198,92,195
1,<environment.Job instance at 0x1553d3b5bbe0>,65,2,[2 9],105,209,211,104,195
1,<environment.Job instance at 0x1553d3b5baf0>,66,2,[2 5],106,211,213,105,195
1,<environment.Job instance at 0x1553d3b5b6e0>,67,16,[2 9],107,213,229,106,205
1,<environment.Job instance at 0x1553d3b5b690>,68,12,[5 2],108,229,241,121,212
1,<environment.Job instance at 0x1553d3b5b5a0>,69,3,[8 1],109,212,215,103,212
1,<environment.Job instance at 0x1553d3b5b820>,70,3,[8 1],113,215,218,102,212
1,<environment.Job instance at 0x1553d4694460>,71,1,[10  1],114,241,242,127,213
1,<environment.Job instance at 0x1553d3af61e0>,72,27,[1 7],115,407,434,292,407
1,<environment.Job instance at 0x1553d3b40550>,73,15,[2 8],118,434,449,316,425
1,<environment.Job instance at 0x1553d4646aa0>,74,16,[2 8],119,449,465,330,448
1,<environment.Job instance at 0x1553d8e7a960>,75,13,[ 2 10],122,465,478,343,449
1,<environment.Job instance at 0x1553d8e2baa0>,76,1,[2 6],123,478,479,355,455
1,<environment.Job instance at 0x1553dadcd8c0>,77,2,[1 5],125,479,481,354,470
1,<environment.Job instance at 0x1553d3b93b40>,79,3,[2 9],127,481,484,354,470
1,<environment.Job instance at 0x1553d8e848c0>,80,1,[5 1],129,478,479,349,476
1,<environment.Job instance at 0x1553d8eacbe0>,81,3,[1 5],130,484,487,354,476
1,<environment.Job instance at 0x1553d9761eb0>,82,2,[1 9],131,487,489,356,476
1,<environment.Job instance at 0x1553d9761550>,83,3,[2 8],132,489,492,357,477
1,<environment.Job instance at 0x1553d469b640>,84,1,[1 8],135,492,493,357,477
1,<environment.Job instance at 0x1553d469b7d0>,85,16,[2 6],136,493,509,357,485
1,<environment.Job instance at 0x1553d2379640>,86,3,[1 6],137,509,512,372,487
1,<environment.Job instance at 0x1553d3bbffa0>,89,3,[10  1],141,512,515,371,487
1,<environment.Job instance at 0x1553d3ae65f0>,90,2,[1 7],142,515,517,373,488
1,<environment.Job instance at 0x1553d3ba1500>,92,3,[1 9],144,517,520,373,491
1,<environment.Job instance at 0x1553d3b5f960>,94,2,[1 5],148,520,522,372,493
1,<environment.Job instance at 0x1553d3aeebe0>,96,1,[2 8],150,522,523,372,508
1,<environment.Job instance at 0x1553d3aee280>,97,1,[8 2],151,508,509,357,508
1,<environment.Job instance at 0x1553d4787b90>,1,1,[1 5],2,3,4,1,3
1,<environment.Job instance at 0x1553d4787910>,3,3,[1 6],4,5,8,1,5
1,<environment.Job instance at 0x1553d4787fa0>,5,2,[ 1 10],6,8,10,2,6
1,<environment.Job instance at 0x1553d97ba460>,7,15,[7 2],8,10,25,2,8
1,<environment.Job instance at 0x1553d97ba410>,6,17,[2 9],7,25,42,18,13
1,<environment.Job instance at 0x1553d97ba050>,12,2,[2 8],13,13,15,0,13
1,<environment.Job instance at 0x1553d97bacd0>,13,3,[5 2],16,42,45,26,16
1,<environment.Job instance at 0x1553d97babe0>,14,1,[6 2],18,45,46,27,18
1,<environment.Job instance at 0x1553d97baf50>,15,2,[2 8],19,19,21,0,19
1,<environment.Job instance at 0x1553d8db93c0>,20,2,[2 7],26,42,44,16,26
1,<environment.Job instance at 0x1553d8db9050>,22,1,[2 5],28,44,45,16,28
1,<environment.Job instance at 0x1553d8db9a00>,23,2,[ 1 10],30,46,48,16,30
1,<environment.Job instance at 0x1553d01e0b40>,24,3,[2 5],31,48,51,17,31
1,<environment.Job instance at 0x1553d97ba280>,8,16,[2 8],9,51,67,42,38
1,<environment.Job instance at 0x1553d01e0cd0>,26,2,[5 2],33,48,50,15,38
1,<environment.Job instance at 0x1553d01e0d70>,27,1,[7 1],36,38,39,2,38
1,<environment.Job instance at 0x1553d01e0dc0>,28,2,[7 1],37,39,41,2,38
1,<environment.Job instance at 0x1553d01e06e0>,29,1,[7 2],38,50,51,12,38
1,<environment.Job instance at 0x1553d01e0be0>,30,3,[10  2],39,67,70,28,41
1,<environment.Job instance at 0x1553d01e05f0>,31,2,[5 2],40,51,53,11,41
1,<environment.Job instance at 0x1553d01e0640>,25,12,[6 1],32,53,65,21,43
1,<environment.Job instance at 0x1553d00cf690>,33,3,[1 7],43,70,73,27,44
1,<environment.Job instance at 0x1553d01e00a0>,32,15,[1 8],42,378,393,336,378
1,<environment.Job instance at 0x1553d00cfc30>,36,17,[9 2],48,386,403,338,386
1,<environment.Job instance at 0x1553c0dc4a00>,37,1,[6 2],49,427,428,378,427
1,<environment.Job instance at 0x1553c0dc4320>,38,2,[1 5],50,506,508,456,506
1,<environment.Job instance at 0x1553c0dc40a0>,39,1,[1 7],51,543,544,492,543
1,<environment.Job instance at 0x1553c0dc4be0>,40,3,[2 7],52,600,603,548,600
1,<environment.Job instance at 0x1553c0dc4c80>,41,2,[1 5],53,732,734,679,732
1,<environment.Job instance at 0x1553c0dc4e60>,42,1,[1 9],55,756,757,701,756
1,<environment.Job instance at 0x1553c0dc4dc0>,43,1,[2 5],56,1419,1420,1363,1419
1,<environment.Job instance at 0x1553c0dc4280>,44,15,[7 1],57,1443,1458,1386,1443
1,<environment.Job instance at 0x1553c0dc4b40>,45,1,[2 6],58,1493,1494,1435,1493
1,<environment.Job instance at 0x1553c0dc4d20>,46,1,[2 8],60,2663,2664,2603,2663
1,<environment.Job instance at 0x1553c0dc4910>,47,1,[2 6],61,2932,2933,2871,2932
1,<environment.Job instance at 0x1553d9824a00>,0,2,[6 2],1,1,3,0,1
1,<environment.Job instance at 0x1553d9824d70>,1,3,[9 1],2,3,6,1,2
1,<environment.Job instance at 0x1553d9824870>,3,2,[5 2],4,6,8,2,4
1,<environment.Job instance at 0x1553c0aa35f0>,5,21,[1 8],6,6,27,0,6
1,<environment.Job instance at 0x1553d97e9b40>,7,2,[6 1],9,9,11,0,9
1,<environment.Job instance at 0x1553d97e90f0>,8,2,[ 1 10],10,27,29,17,10
1,<environment.Job instance at 0x1553d97e9fa0>,9,3,[9 2],12,12,15,0,12
1,<environment.Job instance at 0x1553d97e9730>,10,2,[5 1],13,15,17,2,13
1,<environment.Job instance at 0x1553d97e9c30>,12,3,[9 2],15,17,20,2,15
1,<environment.Job instance at 0x1553c0bb0730>,13,2,[2 9],17,29,31,12,17
1,<environment.Job instance at 0x1553d3cf6500>,14,15,[2 8],22,31,46,9,22
1,<environment.Job instance at 0x1553c0b1c6e0>,17,2,[1 8],27,46,48,19,27
1,<environment.Job instance at 0x1553c0ada050>,18,1,[10  2],28,48,49,20,28
1,<environment.Job instance at 0x1553d0152370>,19,3,[2 8],29,49,52,20,29
1,<environment.Job instance at 0x1553d0156cd0>,25,3,[1 9],41,52,55,11,41
1,<environment.Job instance at 0x1553d0086870>,27,2,[7 2],45,45,47,0,45
1,<environment.Job instance at 0x1553c0abcf00>,20,15,[2 7],30,55,70,25,45
1,<environment.Job instance at 0x1553d010bb90>,30,3,[9 2],48,70,73,22,48
1,<environment.Job instance at 0x1553d010b230>,31,2,[7 1],51,51,53,0,51
1,<environment.Job instance at 0x1553d010baa0>,32,16,[ 1 10],52,210,226,158,210
1,<environment.Job instance at 0x1553d010b640>,33,3,[2 5],54,384,387,330,384
1,<environment.Job instance at 0x1553d010ba50>,34,1,[8 1],55,706,707,651,706
1,<environment.Job instance at 0x1553d010bd20>,36,13,[8 2],57,759,772,702,759
1,<environment.Job instance at 0x1553d010bfa0>,37,18,[5 1],58,772,790,714,766
1,<environment.Job instance at 0x1553c0dbc8c0>,39,3,[6 2],60,790,793,730,766
1,<environment.Job instance at 0x1553c0dbce10>,40,1,[6 2],61,793,794,732,769
1,<environment.Job instance at 0x1553c0dbc1e0>,41,17,[9 2],63,977,994,914,977
1,<environment.Job instance at 0x1553c0dbc500>,42,1,[7 1],64,1010,1011,946,1010
1,<environment.Job instance at 0x1553c0dbc7d0>,43,12,[2 8],65,1202,1214,1137,1202
1,<environment.Job instance at 0x1553c0dbc0a0>,44,3,[ 1 10],66,1327,1330,1261,1327
1,<environment.Job instance at 0x1553c0dbcf50>,45,3,[1 5],67,1368,1371,1301,1368
1,<environment.Job instance at 0x1553c0dbcf00>,46,3,[2 7],68,1499,1502,1431,1499
1,<environment.Job instance at 0x1553d3d718c0>,47,13,[2 5],69,1829,1842,1760,1829
1,<environment.Job instance at 0x1553d3d716e0>,48,2,[2 8],70,1999,2001,1929,1999
1,<environment.Job instance at 0x1553d3d71960>,49,2,[5 1],71,2531,2533,2460,2531
1,<environment.Job instance at 0x1553d3d71410>,50,1,[6 2],76,2866,2867,2790,2866
1,<environment.Job instance at 0x1553d3d79230>,51,1,[1 9],77,2884,2885,2807,2884
1,<environment.Job instance at 0x1553d3d791e0>,52,3,[7 1],78,2901,2904,2823,2901
1,<environment.Job instance at 0x1553d3d79e10>,53,3,[7 2],79,2920,2923,2841,2920
1,<environment.Job instance at 0x1553c0a9c910>,1,2,[5 1],2,2,4,0,2
1,<environment.Job instance at 0x1553c0894b40>,7,3,[2 6],11,11,14,0,11
1,<environment.Job instance at 0x1553c0894780>,10,2,[7 2],15,15,17,0,15
1,<environment.Job instance at 0x1553c0894eb0>,11,2,[9 2],16,17,19,1,16
1,<environment.Job instance at 0x1553c0894fa0>,12,3,[5 1],17,19,22,2,17
1,<environment.Job instance at 0x1553c0894f50>,13,2,[ 1 10],18,22,24,4,18
1,<environment.Job instance at 0x1553c08952d0>,14,13,[2 6],19,24,37,5,19
1,<environment.Job instance at 0x1553c0895370>,16,1,[8 2],23,24,25,1,24
1,<environment.Job instance at 0x1553c0829a50>,1,3,[1 9],2,2,5,0,2
1,<environment.Job instance at 0x1553c08955f0>,2,13,[2 9],6,6,19,0,6
1,<environment.Job instance at 0x1553c096ab90>,4,3,[2 8],8,19,22,11,18
1,<environment.Job instance at 0x1553c096a780>,9,28,[5 2],14,19,47,5,18
1,<environment.Job instance at 0x1553c096a960>,14,2,[2 6],19,28,30,9,28
1,<environment.Job instance at 0x1553c09ba820>,23,14,[9 2],30,47,61,17,32
1,<environment.Job instance at 0x1553c09ccfa0>,27,3,[5 2],34,34,37,0,34
1,<environment.Job instance at 0x1553c09cc7d0>,26,1,[6 1],33,61,62,28,35
1,<environment.Job instance at 0x1553c09cc410>,29,2,[8 2],36,62,64,26,36
1,<environment.Job instance at 0x1553c09cc1e0>,30,1,[9 2],37,64,65,27,37
1,<environment.Job instance at 0x1553c09cc5f0>,31,2,[1 7],38,38,40,0,38
1,<environment.Job instance at 0x1553c09cc190>,32,26,[1 6],41,42,68,1,42
1,<environment.Job instance at 0x1553c0905550>,36,14,[ 1 10],47,68,82,21,53
1,<environment.Job instance at 0x1553c0905690>,37,1,[5 2],48,65,66,17,59
1,<environment.Job instance at 0x1553c0905e60>,40,3,[6 1],53,82,85,29,59
1,<environment.Job instance at 0x1553c0905af0>,41,2,[10  1],54,85,87,31,59
1,<environment.Job instance at 0x1553c09050f0>,42,1,[9 1],55,66,67,11,59
1,<environment.Job instance at 0x1553c0905a50>,43,3,[5 1],56,87,90,31,61
1,<environment.Job instance at 0x1553c09055a0>,47,2,[7 1],61,99,101,38,99
1,<environment.Job instance at 0x1553c090d4b0>,48,3,[9 1],66,101,104,35,100
1,<environment.Job instance at 0x1553c090df00>,50,2,[1 8],69,114,116,45,114
1,<environment.Job instance at 0x1553c090d550>,51,1,[2 6],70,137,138,67,137
1,<environment.Job instance at 0x1553c090de10>,52,2,[9 2],73,139,141,66,139
1,<environment.Job instance at 0x1553c09cc820>,33,16,[2 9],42,1942,1958,1900,1942
1,<environment.Job instance at 0x1553c097ef00>,61,2,[5 2],93,1958,1960,1865,1953
1,<environment.Job instance at 0x1553c0b5d5a0>,75,1,[2 7],110,1992,1993,1882,1992
1,<environment.Job instance at 0x1553c09d13c0>,78,3,[ 2 10],115,1993,1996,1878,1992
1,<environment.Job instance at 0x1553dae10460>,79,2,[2 7],116,1996,1998,1880,1992
1,<environment.Job instance at 0x1553c0b27320>,80,22,[ 2 10],117,1998,2020,1881,1992
1,<environment.Job instance at 0x1553c0dd1af0>,81,2,[10  2],118,2020,2022,1902,1993
1,<environment.Job instance at 0x1553d97ef780>,83,3,[2 8],120,2022,2025,1902,1996
1,<environment.Job instance at 0x1553d8e2f6e0>,85,1,[7 1],124,1996,1997,1872,1996
1,<environment.Job instance at 0x1553d8e2faf0>,86,2,[5 2],125,2022,2024,1897,1996
1,<environment.Job instance at 0x1553c074ed20>,88,3,[6 1],127,2024,2027,1897,1998
1,<environment.Job instance at 0x1553c074ecd0>,89,2,[ 1 10],128,2027,2029,1899,2000
1,<environment.Job instance at 0x1553d3af6730>,90,1,[7 1],129,2029,2030,1900,2001
1,<environment.Job instance at 0x1553d025c280>,92,2,[10  2],133,2030,2032,1897,2003
1,<environment.Job instance at 0x1553d025cf00>,93,1,[5 1],134,2032,2033,1898,2004
1,<environment.Job instance at 0x1553c0b6a8c0>,94,2,[8 2],135,2033,2035,1898,2006
1,<environment.Job instance at 0x1553dbc096e0>,96,3,[8 1],138,2035,2038,1897,2009
1,<environment.Job instance at 0x1553c08815a0>,100,3,[2 6],147,2032,2035,1885,2017
1,<environment.Job instance at 0x1553d026ceb0>,87,15,[1 9],126,2071,2086,1945,2071
1,<environment.Job instance at 0x1553c088b500>,104,14,[2 6],153,2118,2132,1965,2118
1,<environment.Job instance at 0x1553c088b5f0>,106,2,[2 8],155,2132,2134,1977,2125
1,<environment.Job instance at 0x1553d8f258c0>,84,2,[6 2],121,2200,2202,2079,2200
1,<environment.Job instance at 0x1553d473a8c0>,2,27,[1 9],3,3,30,0,3
1,<environment.Job instance at 0x1553d982feb0>,3,1,[9 1],4,4,5,0,4
1,<environment.Job instance at 0x1553d982f550>,4,1,[ 2 10],5,30,31,25,5
1,<environment.Job instance at 0x1553d982f820>,6,3,[ 1 10],11,31,34,20,11
1,<environment.Job instance at 0x1553d982f370>,7,1,[8 2],12,34,35,22,12
1,<environment.Job instance at 0x1553d982f280>,9,2,[8 1],15,15,17,0,15
1,<environment.Job instance at 0x1553c0ba35f0>,11,1,[7 1],17,17,18,0,17
1,<environment.Job instance at 0x1553c0ba3b40>,12,1,[2 6],19,34,35,15,19
1,<environment.Job instance at 0x1553c0ba3910>,13,3,[1 5],20,35,38,15,20
1,<environment.Job instance at 0x1553c0ba3e60>,14,3,[8 2],23,35,38,12,23
1,<environment.Job instance at 0x1553c0ba3a00>,15,1,[1 7],24,38,39,14,25
1,<environment.Job instance at 0x1553c0ba30a0>,17,2,[7 1],26,26,28,0,26
1,<environment.Job instance at 0x1553c0ba3fa0>,21,16,[1 6],32,39,55,7,35
1,<environment.Job instance at 0x1553d9821dc0>,25,3,[5 1],37,38,41,1,37
1,<environment.Job instance at 0x1553d9821230>,28,2,[1 8],41,55,57,14,41
1,<environment.Job instance at 0x1553c0c03dc0>,30,2,[ 2 10],45,57,59,12,45
1,<environment.Job instance at 0x1553c0c03410>,31,3,[9 1],46,46,49,0,46
1,<environment.Job instance at 0x1553c0c03e60>,32,12,[9 1],47,59,71,12,48
1,<environment.Job instance at 0x1553c0ba30f0>,18,28,[1 6],27,59,87,32,58
1,<environment.Job instance at 0x1553d0243c80>,37,1,[9 2],54,71,72,17,58
1,<environment.Job instance at 0x1553d0243960>,38,1,[2 8],55,87,88,32,59
1,<environment.Job instance at 0x1553d3c13b90>,41,1,[1 8],60,88,89,28,62
1,<environment.Job instance at 0x1553d3c13370>,44,14,[ 1 10],64,89,103,25,74
1,<environment.Job instance at 0x1553d3c13960>,45,1,[7 2],65,75,76,10,75
1,<environment.Job instance at 0x1553d3c13230>,47,3,[2 5],68,103,106,35,77
1,<environment.Job instance at 0x1553d3c13c30>,48,2,[6 2],69,77,79,8,77
1,<environment.Job instance at 0x1553d3c13af0>,49,18,[2 9],70,106,124,36,95
1,<environment.Job instance at 0x1553d3c13d20>,50,3,[2 9],71,124,127,53,98
1,<environment.Job instance at 0x1553d3c13320>,52,1,[10  1],73,127,128,54,99
1,<environment.Job instance at 0x1553c0d8e640>,54,1,[7 1],75,103,104,28,100
1,<environment.Job instance at 0x1553d4a2e7d0>,55,3,[9 2],76,128,131,52,102
1,<environment.Job instance at 0x1553c0d8eb40>,56,2,[1 8],77,128,130,51,102
1,<environment.Job instance at 0x1553c0d8e870>,58,3,[2 5],79,131,134,52,105
1,<environment.Job instance at 0x1553c0d8edc0>,59,2,[8 1],80,105,107,25,105
1,<environment.Job instance at 0x1553c0a91550>,62,17,[7 2],83,131,148,48,120
1,<environment.Job instance at 0x1553d4742410>,63,16,[5 2],84,148,164,64,135
1,<environment.Job instance at 0x1553d4742280>,65,13,[2 8],87,135,148,48,135
1,<environment.Job instance at 0x1553d4742050>,66,3,[7 2],88,164,167,76,138
1,<environment.Job instance at 0x1553d4742c80>,67,17,[ 2 10],89,167,184,78,155
1,<environment.Job instance at 0x1553d4742870>,68,1,[1 8],92,155,156,63,155
1,<environment.Job instance at 0x1553d47424b0>,70,1,[6 1],95,184,185,89,156
1,<environment.Job instance at 0x1553d0093cd0>,72,2,[1 7],99,184,186,85,170
1,<environment.Job instance at 0x1553c0f29be0>,73,3,[7 1],100,185,188,85,170
1,<environment.Job instance at 0x1553d8dcfa00>,74,1,[6 1],101,188,189,87,170
1,<environment.Job instance at 0x1553d0269eb0>,75,15,[6 2],102,189,204,87,175
1,<environment.Job instance at 0x1553d97bd370>,76,3,[2 9],103,186,189,83,175
1,<environment.Job instance at 0x1553d3d29eb0>,77,17,[1 8],105,189,206,84,177
1,<environment.Job instance at 0x1553db9a08c0>,1,1,[5 1],2,2,3,0,2
1,<environment.Job instance at 0x1553c0d68230>,2,12,[ 1 10],3,3,15,0,3
1,<environment.Job instance at 0x1553d013e820>,4,1,[6 2],7,15,16,8,7
1,<environment.Job instance at 0x1553d017d4b0>,5,3,[5 2],8,16,19,8,8
1,<environment.Job instance at 0x1553d017d320>,7,3,[2 7],10,15,18,5,10
1,<environment.Job instance at 0x1553d017d730>,9,14,[2 9],17,19,33,2,18
1,<environment.Job instance at 0x1553d017d9b0>,12,1,[7 2],22,33,34,11,22
1,<environment.Job instance at 0x1553d017de10>,14,2,[2 9],24,34,36,10,24
1,<environment.Job instance at 0x1553d017df50>,15,3,[2 6],25,36,39,11,25
1,<environment.Job instance at 0x1553d018e4b0>,19,3,[1 9],31,39,42,8,31
1,<environment.Job instance at 0x1553d018e5a0>,20,17,[1 5],32,42,59,10,32
1,<environment.Job instance at 0x1553d017dc80>,13,1,[2 8],23,33,34,10,33
1,<environment.Job instance at 0x1553d018e7d0>,21,3,[8 1],34,34,37,0,34
1,<environment.Job instance at 0x1553d018e910>,22,1,[1 8],35,59,60,24,35
1,<environment.Job instance at 0x1553d018ea50>,23,1,[10  2],39,60,61,21,39
1,<environment.Job instance at 0x1553d018eb90>,24,2,[2 6],40,61,63,21,40
1,<environment.Job instance at 0x1553d018ecd0>,25,1,[1 5],41,42,43,1,41
1,<environment.Job instance at 0x1553d018ee10>,26,3,[7 2],43,43,46,0,43
1,<environment.Job instance at 0x1553d018ef00>,27,1,[2 8],44,63,64,19,44
1,<environment.Job instance at 0x1553d018f230>,29,3,[10  1],48,64,67,16,48
1,<environment.Job instance at 0x1553d018f050>,31,3,[7 2],51,52,55,1,52
1,<environment.Job instance at 0x1553d018fc30>,38,1,[1 5],60,67,68,7,61
1,<environment.Job instance at 0x1553d018f320>,32,28,[2 5],53,117,145,64,117
1,<environment.Job instance at 0x1553d3aef870>,73,17,[10  1],108,145,162,37,133
1,<environment.Job instance at 0x1553c0c61fa0>,80,2,[6 1],116,133,135,17,133
1,<environment.Job instance at 0x1553c0c61f00>,83,2,[7 1],120,135,137,15,133
1,<environment.Job instance at 0x1553c0c61af0>,86,3,[1 9],126,162,165,36,141
1,<environment.Job instance at 0x1553c0c61910>,88,3,[2 7],129,165,168,36,143
1,<environment.Job instance at 0x1553c0c616e0>,84,14,[5 2],124,165,179,41,150
1,<environment.Job instance at 0x1553c0c5d190>,91,3,[1 7],135,168,171,33,150
1,<environment.Job instance at 0x1553c0c61320>,90,22,[2 9],133,179,201,46,172
1,<environment.Job instance at 0x1553c0c5d3c0>,94,2,[6 1],143,179,181,36,172
1,<environment.Job instance at 0x1553c0c5da00>,97,3,[2 9],146,201,204,55,175
1,<environment.Job instance at 0x1553c0c5d960>,96,1,[10  2],145,204,205,59,181
1,<environment.Job instance at 0x1553c0c5d0a0>,99,12,[5 2],149,205,217,56,188
1,<environment.Job instance at 0x1553d019c820>,108,3,[9 2],159,217,220,58,211
1,<environment.Job instance at 0x1553c0c618c0>,82,16,[2 6],118,346,362,228,346
1,<environment.Job instance at 0x1553c0acfaf0>,0,2,[1 6],6,6,8,0,6
1,<environment.Job instance at 0x1553d1ec46e0>,2,2,[2 8],10,10,12,0,10
1,<environment.Job instance at 0x1553d1ec4e10>,3,1,[7 1],13,13,14,0,13
1,<environment.Job instance at 0x1553d1ec4a00>,4,2,[2 6],14,14,16,0,14
1,<environment.Job instance at 0x1553d1ec4460>,5,3,[6 2],16,16,19,0,16
1,<environment.Job instance at 0x1553d1ec4820>,7,2,[5 1],18,19,21,1,18
1,<environment.Job instance at 0x1553d1ec4be0>,8,3,[9 1],19,21,24,2,19
1,<environment.Job instance at 0x1553d1ec4280>,11,3,[9 2],24,24,27,0,24
1,<environment.Job instance at 0x1553d1ea60a0>,12,2,[2 5],25,27,29,2,25
1,<environment.Job instance at 0x1553d1ea6320>,13,1,[1 9],26,29,30,3,26
1,<environment.Job instance at 0x1553d1ea6c80>,14,3,[1 7],27,30,33,3,27
1,<environment.Job instance at 0x1553d1ea6190>,15,1,[1 8],28,33,34,5,28
1,<environment.Job instance at 0x1553d1ea6d20>,16,20,[7 2],29,33,53,4,33
1,<environment.Job instance at 0x1553d1ea60f0>,21,1,[8 1],36,53,54,17,36
1,<environment.Job instance at 0x1553c07a29b0>,22,3,[1 6],37,37,40,0,37
1,<environment.Job instance at 0x1553c07a24b0>,23,2,[1 6],38,40,42,2,40
1,<environment.Job instance at 0x1553c07855a0>,39,16,[ 2 10],63,166,182,103,166
1,<environment.Job instance at 0x1553c07856e0>,40,3,[5 1],64,182,185,118,166
1,<environment.Job instance at 0x1553c0785730>,41,3,[1 7],65,182,185,117,166
1,<environment.Job instance at 0x1553c07853c0>,42,3,[10  2],67,185,188,118,166
1,<environment.Job instance at 0x1553c0785e60>,46,1,[8 1],76,188,189,112,166
1,<environment.Job instance at 0x1553c0785f00>,47,15,[7 1],77,189,204,112,175
1,<environment.Job instance at 0x1553c07852d0>,51,2,[7 2],81,204,206,123,177
1,<environment.Job instance at 0x1553c0785f50>,52,1,[ 2 10],82,206,207,124,178
1,<environment.Job instance at 0x1553c0785af0>,54,17,[5 2],85,207,224,122,195
1,<environment.Job instance at 0x1553c0785cd0>,56,1,[9 2],88,224,225,136,196
1,<environment.Job instance at 0x1553c0785910>,57,17,[8 1],89,225,242,136,213
1,<environment.Job instance at 0x1553dada2be0>,60,2,[10  2],92,242,244,150,215
1,<environment.Job instance at 0x1553dada2e60>,66,19,[5 2],101,244,263,143,234
1,<environment.Job instance at 0x1553c0b58f50>,78,3,[2 5],114,234,237,120,234
1,<environment.Job instance at 0x1553c0b58eb0>,79,3,[2 8],116,237,240,121,234
1,<environment.Job instance at 0x1553d1e96b90>,100,3,[1 8],145,411,414,266,411
1,<environment.Job instance at 0x1553d018fd20>,1,3,[2 5],3,3,6,0,3
1,<environment.Job instance at 0x1553c07a4d70>,2,13,[1 5],4,4,17,0,4
1,<environment.Job instance at 0x1553d3b359b0>,4,23,[2 5],7,7,30,0,7
1,<environment.Job instance at 0x1553d3b35a00>,5,1,[6 1],8,17,18,9,9
1,<environment.Job instance at 0x1553d3b35b90>,7,16,[2 9],10,30,46,20,17
1,<environment.Job instance at 0x1553d3b35eb0>,11,3,[7 1],14,18,21,4,17
1,<environment.Job instance at 0x1553d3b15690>,16,2,[2 8],21,46,48,25,21
1,<environment.Job instance at 0x1553d3b35d70>,13,3,[2 7],17,1918,1921,1901,1918
1,<environment.Job instance at 0x1553d49ea500>,2,1,[8 1],3,3,4,0,3
1,<environment.Job instance at 0x1553d3b40190>,3,3,[1 6],4,4,7,0,4
1,<environment.Job instance at 0x1553d29f6320>,4,2,[1 9],7,8,10,1,8
1,<environment.Job instance at 0x1553d3b35d70>,5,17,[2 7],8,10,27,2,9
1,<environment.Job instance at 0x1553c0f379b0>,7,16,[1 7],11,27,43,16,15
1,<environment.Job instance at 0x1553d45e28c0>,10,3,[2 8],16,43,46,27,17
1,<environment.Job instance at 0x1553d45e2b40>,11,2,[9 1],18,27,29,9,18
1,<environment.Job instance at 0x1553d3bbf870>,12,12,[5 2],19,29,41,10,19
1,<environment.Job instance at 0x1553d981d9b0>,13,1,[1 9],20,46,47,26,20
1,<environment.Job instance at 0x1553c0b71d70>,14,1,[1 5],21,47,48,26,21
1,<environment.Job instance at 0x1553d97645f0>,17,3,[2 9],24,48,51,24,24
1,<environment.Job instance at 0x1553c0b715f0>,15,26,[2 7],22,51,77,29,48
1,<environment.Job instance at 0x1553c0ed0140>,25,1,[7 2],35,51,52,16,48
1,<environment.Job instance at 0x1553c0f27960>,26,1,[1 8],36,77,78,41,49
1,<environment.Job instance at 0x1553d8dba5a0>,27,2,[1 7],37,78,80,41,51
1,<environment.Job instance at 0x1553d02bb3c0>,29,2,[1 6],39,80,82,41,59
1,<environment.Job instance at 0x1553d8dba640>,28,22,[ 1 10],38,191,213,153,191
1,<environment.Job instance at 0x1553d7987aa0>,32,3,[10  1],43,213,216,170,191
1,<environment.Job instance at 0x1553d8dde6e0>,36,2,[6 1],49,216,218,167,191
1,<environment.Job instance at 0x1553c0a83d20>,39,3,[9 1],54,218,221,164,194
1,<environment.Job instance at 0x1553d00ba6e0>,40,1,[8 2],56,221,222,165,194
1,<environment.Job instance at 0x1553c0cc1b90>,41,3,[1 5],57,216,219,159,194
1,<environment.Job instance at 0x1553d00ba460>,42,1,[10  1],59,222,223,163,194
1,<environment.Job instance at 0x1553c0cc14b0>,43,3,[8 1],60,223,226,163,197
1,<environment.Job instance at 0x1553c0cc1f00>,44,2,[8 1],61,226,228,165,199
1,<environment.Job instance at 0x1553c0cc15f0>,45,1,[5 2],62,228,229,166,200
1,<environment.Job instance at 0x1553c0cc1870>,46,3,[1 7],63,219,222,156,200
1,<environment.Job instance at 0x1553c0cc17d0>,47,2,[5 1],64,228,230,164,201
1,<environment.Job instance at 0x1553c0cc1140>,48,17,[1 5],66,229,246,163,217
1,<environment.Job instance at 0x1553d3c50a00>,73,15,[8 2],96,230,245,134,217
1,<environment.Job instance at 0x1553d3c50640>,74,3,[1 7],98,223,226,125,217
1,<environment.Job instance at 0x1553d3c50960>,75,3,[7 1],99,245,248,146,219
1,<environment.Job instance at 0x1553d3c50690>,76,2,[2 7],100,226,228,126,219
1,<environment.Job instance at 0x1553d3c500a0>,72,14,[2 8],95,246,260,151,231
1,<environment.Job instance at 0x1553d3c502d0>,77,14,[ 2 10],101,260,274,159,245
1,<environment.Job instance at 0x1553c0c931e0>,80,2,[1 8],105,274,276,169,247
1,<environment.Job instance at 0x1553c0c935f0>,83,14,[10  1],109,276,290,167,261
1,<environment.Job instance at 0x1553c0c93230>,91,17,[6 2],121,290,307,169,278
1,<environment.Job instance at 0x1553c0c93910>,93,2,[1 9],123,307,309,184,280
1,<environment.Job instance at 0x1553d3cfc0f0>,95,1,[8 1],125,307,308,182,280
1,<environment.Job instance at 0x1553c0c93c30>,92,13,[ 2 10],122,309,322,187,293
1,<environment.Job instance at 0x1553d3cfc1e0>,106,16,[8 2],141,322,338,181,309
1,<environment.Job instance at 0x1553d3cfc7d0>,108,2,[5 2],143,338,340,195,311
1,<environment.Job instance at 0x1553d3cfca00>,111,2,[2 8],147,322,324,175,311
1,<environment.Job instance at 0x1553c0b693c0>,113,3,[9 2],150,340,343,190,314
1,<environment.Job instance at 0x1553c0b695f0>,114,1,[ 2 10],151,343,344,192,315
1,<environment.Job instance at 0x1553c08c38c0>,0,3,[2 7],1,1,4,0,1
1,<environment.Job instance at 0x1553c08c3140>,2,2,[1 6],3,4,6,1,4
1,<environment.Job instance at 0x1553c0771550>,1,2,[1 9],4,6,8,2,6
1,<environment.Job instance at 0x1553c08a3d70>,3,2,[7 1],8,8,10,0,8
1,<environment.Job instance at 0x1553d5cd46e0>,2,3,[ 2 10],6,10,13,4,8
1,<environment.Job instance at 0x1553c08a31e0>,4,2,[ 1 10],11,13,15,2,11
1,<environment.Job instance at 0x1553c08a3460>,6,3,[1 9],14,15,18,1,14
1,<environment.Job instance at 0x1553c08a3190>,9,2,[ 1 10],20,20,22,0,20
1,<environment.Job instance at 0x1553d0224f50>,11,1,[1 6],22,22,23,0,22
1,<environment.Job instance at 0x1553d0224f00>,12,1,[1 8],23,24,25,1,24
1,<environment.Job instance at 0x1553c0d87780>,13,1,[8 2],25,25,26,0,25
1,<environment.Job instance at 0x1553c0d87910>,14,2,[10  2],26,26,28,0,26
1,<environment.Job instance at 0x1553c0d87f50>,21,2,[1 8],36,66,68,30,66
1,<environment.Job instance at 0x1553c0d871e0>,26,2,[10  1],43,78,80,35,78
1,<environment.Job instance at 0x1553d23846e0>,31,3,[1 9],54,127,130,73,127
1,<environment.Job instance at 0x1553d2384b40>,36,2,[8 1],66,165,167,99,165
1,<environment.Job instance at 0x1553d2384e10>,37,3,[8 2],68,181,184,113,181
1,<environment.Job instance at 0x1553c0a9cfa0>,41,3,[1 6],72,237,240,165,237
1,<environment.Job instance at 0x1553c099fd70>,51,2,[6 2],92,246,248,154,246
1,<environment.Job instance at 0x1553c099f1e0>,53,3,[ 2 10],98,248,251,150,246
1,<environment.Job instance at 0x1553c099f640>,56,2,[1 7],103,268,270,165,268
1,<environment.Job instance at 0x1553c099f690>,58,16,[5 2],105,268,284,163,268
1,<environment.Job instance at 0x1553c099faf0>,63,1,[1 9],111,284,285,173,268
1,<environment.Job instance at 0x1553c0bbf1e0>,65,2,[5 1],113,270,272,157,269
1,<environment.Job instance at 0x1553c0970c30>,74,15,[1 5],130,285,300,155,271
1,<environment.Job instance at 0x1553c0970550>,75,2,[2 9],131,300,302,169,273
1,<environment.Job instance at 0x1553c0970460>,76,2,[6 2],132,285,287,153,273
1,<environment.Job instance at 0x1553c0970280>,77,3,[2 6],133,273,276,140,273
1,<environment.Job instance at 0x1553c09702d0>,78,2,[1 6],134,276,278,142,273
1,<environment.Job instance at 0x1553c0970aa0>,79,1,[2 5],135,278,279,143,273
1,<environment.Job instance at 0x1553c06fdaa0>,80,1,[2 8],136,279,280,143,273
1,<environment.Job instance at 0x1553c09709b0>,81,2,[10  1],137,302,304,165,275
1,<environment.Job instance at 0x1553c0970f00>,82,2,[7 1],138,287,289,149,275
1,<environment.Job instance at 0x1553c0970820>,83,2,[7 2],139,289,291,150,275
1,<environment.Job instance at 0x1553c0ca8c30>,84,1,[9 2],140,291,292,151,275
1,<environment.Job instance at 0x1553d0073550>,85,2,[9 1],141,292,294,151,275
1,<environment.Job instance at 0x1553d8dfd730>,86,3,[9 1],143,294,297,151,275
1,<environment.Job instance at 0x1553d984bd70>,87,14,[8 2],145,304,318,159,295
1,<environment.Job instance at 0x1553c099f870>,1,12,[1 7],2,2,14,0,2
1,<environment.Job instance at 0x1553c0802410>,3,3,[9 1],7,7,10,0,7
1,<environment.Job instance at 0x1553d4648910>,5,2,[7 1],9,10,12,1,9
1,<environment.Job instance at 0x1553d4648690>,6,3,[1 6],10,14,17,4,10
1,<environment.Job instance at 0x1553d4648af0>,7,1,[6 1],11,12,13,1,11
1,<environment.Job instance at 0x1553d4648780>,8,1,[1 5],12,17,18,5,12
1,<environment.Job instance at 0x1553d4648b90>,9,2,[1 7],13,18,20,5,13
1,<environment.Job instance at 0x1553d4648e10>,10,3,[1 7],14,20,23,6,14
1,<environment.Job instance at 0x1553d4648f50>,11,1,[1 8],15,23,24,8,15
1,<environment.Job instance at 0x1553d4648fa0>,12,2,[2 5],16,24,26,8,16
1,<environment.Job instance at 0x1553d462e140>,13,3,[1 9],17,26,29,9,17
1,<environment.Job instance at 0x1553d462e370>,14,3,[8 1],18,19,22,1,19
1,<environment.Job instance at 0x1553d462e0f0>,15,1,[2 9],19,29,30,10,20
1,<environment.Job instance at 0x1553d462e5f0>,16,3,[1 9],22,30,33,8,22
1,<environment.Job instance at 0x1553d462e870>,18,3,[1 7],24,33,36,9,24
1,<environment.Job instance at 0x1553d462e9b0>,19,2,[1 8],25,36,38,11,25
1,<environment.Job instance at 0x1553d462ec30>,21,3,[5 1],28,28,31,0,28
1,<environment.Job instance at 0x1553d462ed20>,22,3,[9 2],29,33,36,4,29
1,<environment.Job instance at 0x1553d462ebe0>,24,2,[ 1 10],31,38,40,7,31
1,<environment.Job instance at 0x1553d462ec80>,25,1,[9 1],32,32,33,0,32
1,<environment.Job instance at 0x1553c05791e0>,26,2,[1 5],33,40,42,7,33
1,<environment.Job instance at 0x1553c0579370>,27,1,[6 2],34,36,37,2,34
1,<environment.Job instance at 0x1553c0579280>,28,3,[7 2],36,40,43,4,36
1,<environment.Job instance at 0x1553c0579460>,29,13,[1 6],37,42,55,5,37
1,<environment.Job instance at 0x1553c05796e0>,30,19,[5 1],38,43,62,5,40
1,<environment.Job instance at 0x1553c05798c0>,32,3,[1 8],42,55,58,13,46
1,<environment.Job instance at 0x1553c0579cd0>,36,1,[1 5],47,58,59,11,52
1,<environment.Job instance at 0x1553c0579af0>,37,1,[7 2],48,62,63,14,54
1,<environment.Job instance at 0x1553c0579c80>,38,3,[ 2 10],50,63,66,13,54
1,<environment.Job instance at 0x1553c0579dc0>,39,1,[6 2],51,66,67,15,54
1,<environment.Job instance at 0x1553c0579f50>,40,3,[10  2],53,67,70,14,58
1,<environment.Job instance at 0x1553c057b1e0>,41,3,[2 7],55,70,73,15,65
1,<environment.Job instance at 0x1553c057b190>,42,15,[7 2],56,70,85,14,65
1,<environment.Job instance at 0x1553c057b280>,43,13,[ 2 10],58,85,98,27,71
1,<environment.Job instance at 0x1553c057b3c0>,44,1,[1 5],61,168,169,107,168
1,<environment.Job instance at 0x1553c057b4b0>,45,21,[6 2],62,185,206,123,185
1,<environment.Job instance at 0x1553c057b500>,46,16,[6 1],64,206,222,142,195
1,<environment.Job instance at 0x1553c057b690>,47,1,[8 2],65,222,223,157,209
1,<environment.Job instance at 0x1553c057b7d0>,48,2,[ 2 10],66,223,225,157,212
1,<environment.Job instance at 0x1553c057b6e0>,49,1,[1 6],67,214,215,147,214
1,<environment.Job instance at 0x1553c08c3d70>,50,1,[ 1 10],72,225,226,153,224
1,<environment.Job instance at 0x1553d4645c30>,51,14,[2 7],73,239,253,166,239
1,<environment.Job instance at 0x1553d4645500>,52,3,[7 1],74,240,243,166,240
1,<environment.Job instance at 0x1553d46454b0>,53,1,[ 1 10],75,253,254,178,245
1,<environment.Job instance at 0x1553d46455f0>,54,18,[6 1],76,258,276,182,258
1,<environment.Job instance at 0x1553d4645280>,55,3,[2 9],77,271,274,194,271
1,<environment.Job instance at 0x1553d4645780>,56,14,[ 1 10],78,278,292,200,278
1,<environment.Job instance at 0x1553d4645640>,57,18,[2 8],79,301,319,222,301
1,<environment.Job instance at 0x1553d46450f0>,59,18,[8 1],82,301,319,219,301
1,<environment.Job instance at 0x1553d46452d0>,60,2,[6 2],83,319,321,236,301
1,<environment.Job instance at 0x1553d46455a0>,61,16,[6 2],85,321,337,236,309
1,<environment.Job instance at 0x1553d98b8640>,62,2,[2 6],86,319,321,233,311
1,<environment.Job instance at 0x1553d98b8370>,63,2,[9 1],88,337,339,249,312
1,<environment.Job instance at 0x1553d98b85a0>,64,2,[8 1],90,339,341,249,312
1,<environment.Job instance at 0x1553d98b8a50>,65,1,[ 1 10],93,341,342,248,314
1,<environment.Job instance at 0x1553c0edaa50>,66,1,[8 1],94,342,343,248,315
1,<environment.Job instance at 0x1553d3b72dc0>,67,1,[8 1],95,343,344,248,317
1,<environment.Job instance at 0x1553d02f19b0>,68,3,[2 7],96,321,324,225,317
1,<environment.Job instance at 0x1553c0ec01e0>,69,14,[1 9],98,342,356,244,331
1,<environment.Job instance at 0x1553c0cf66e0>,70,3,[1 6],102,356,359,254,355
1,<environment.Job instance at 0x1553d982ab90>,71,1,[2 7],103,419,420,316,419
1,<environment.Job instance at 0x1553d9809a00>,72,12,[5 2],104,422,434,318,422
1,<environment.Job instance at 0x1553d982ae60>,73,16,[2 6],105,433,449,328,433
1,<environment.Job instance at 0x1553d03088c0>,74,23,[1 9],106,449,472,343,445
1,<environment.Job instance at 0x1553d982ac30>,75,3,[1 8],108,472,475,364,456
1,<environment.Job instance at 0x1553d982acd0>,76,3,[2 9],112,475,478,363,466
1,<environment.Job instance at 0x1553c0ee48c0>,77,1,[8 2],114,472,473,358,466
1,<environment.Job instance at 0x1553d98ac0a0>,78,3,[7 1],116,468,471,352,468
1,<environment.Job instance at 0x1553c0eb5320>,79,3,[ 2 10],119,478,481,359,468
1,<environment.Job instance at 0x1553d98311e0>,80,3,[7 2],121,482,485,361,482
1,<environment.Job instance at 0x1553d98312d0>,81,3,[9 2],123,485,488,362,482
1,<environment.Job instance at 0x1553d98313c0>,82,3,[1 6],126,483,486,357,483
1,<environment.Job instance at 0x1553d9831f50>,83,13,[1 5],127,502,515,375,502
1,<environment.Job instance at 0x1553d9831fa0>,84,1,[2 7],128,515,516,387,509
1,<environment.Job instance at 0x1553d98315a0>,85,2,[2 5],129,513,515,384,513
1,<environment.Job instance at 0x1553c0d7dbe0>,86,3,[1 8],130,530,533,400,530
1,<environment.Job instance at 0x1553c0d7d910>,87,1,[10  2],131,533,534,402,530
1,<environment.Job instance at 0x1553d989f1e0>,88,18,[1 8],133,541,559,408,541
1,<environment.Job instance at 0x1553d989f4b0>,89,17,[10  2],135,559,576,424,547
1,<environment.Job instance at 0x1553c0d9daa0>,90,3,[9 2],136,576,579,440,563
1,<environment.Job instance at 0x1553c0d9db40>,91,12,[8 1],137,579,591,442,563
1,<environment.Job instance at 0x1553c0d90640>,93,16,[ 2 10],143,591,607,448,579
1,<environment.Job instance at 0x1553d989c190>,94,13,[8 1],144,607,620,463,592
1,<environment.Job instance at 0x1553d989c7d0>,95,2,[2 6],145,607,609,462,601
1,<environment.Job instance at 0x1553d989caf0>,96,17,[2 7],148,609,626,461,607
1,<environment.Job instance at 0x1553d464a6e0>,97,1,[2 9],149,626,627,477,612
1,<environment.Job instance at 0x1553d464a550>,98,1,[2 6],150,627,628,477,612
1,<environment.Job instance at 0x1553d464ac30>,99,2,[1 8],151,628,630,477,614
1,<environment.Job instance at 0x1553d464a5f0>,100,1,[8 2],153,620,621,467,614
1,<environment.Job instance at 0x1553d4641dc0>,101,13,[1 9],154,630,643,476,614
1,<environment.Job instance at 0x1553d4641870>,102,2,[2 8],156,643,645,487,627
1,<environment.Job instance at 0x1553d4641320>,103,2,[7 2],157,643,645,486,629
1,<environment.Job instance at 0x1553d9831910>,0,3,[8 1],2,2,5,0,2
1,<environment.Job instance at 0x1553d9831e60>,2,1,[1 5],5,7,8,2,7
1,<environment.Job instance at 0x1553d9831730>,5,21,[2 6],9,9,30,0,9
1,<environment.Job instance at 0x1553d4642cd0>,6,15,[5 2],10,10,25,0,10
1,<environment.Job instance at 0x1553d4642730>,7,13,[6 2],11,25,38,14,11
1,<environment.Job instance at 0x1553d4642410>,8,2,[5 2],13,38,40,25,13
1,<environment.Job instance at 0x1553d4645b90>,9,2,[6 2],14,40,42,26,14
1,<environment.Job instance at 0x1553d4645460>,13,1,[6 2],20,42,43,22,27
1,<environment.Job instance at 0x1553c0a407d0>,19,15,[7 2],28,43,58,15,29
1,<environment.Job instance at 0x1553c0a40be0>,21,2,[1 6],30,30,32,0,30
1,<environment.Job instance at 0x1553c0a404b0>,25,2,[6 2],35,58,60,23,35
1,<environment.Job instance at 0x1553c0a40a00>,26,16,[5 1],38,60,76,22,47
1,<environment.Job instance at 0x1553c0a403c0>,28,1,[1 9],40,60,61,20,47
1,<environment.Job instance at 0x1553c0a40f50>,29,1,[10  2],41,76,77,35,48
1,<environment.Job instance at 0x1553c0a40d20>,30,3,[1 7],44,48,51,4,48
1,<environment.Job instance at 0x1553c0a40af0>,31,1,[6 2],45,77,78,32,49
1,<environment.Job instance at 0x1553c0a40dc0>,32,15,[7 2],46,78,93,32,64
1,<environment.Job instance at 0x1553c0d1ba00>,38,17,[8 1],53,93,110,40,81
1,<environment.Job instance at 0x1553c0797f50>,55,1,[7 1],80,110,111,30,83
1,<environment.Job instance at 0x1553c0784d20>,59,2,[7 1],84,111,113,27,84
1,<environment.Job instance at 0x1553c0784b90>,60,1,[1 6],86,86,87,0,86
1,<environment.Job instance at 0x1553c0784550>,61,2,[6 2],87,113,115,26,87
1,<environment.Job instance at 0x1553c07841e0>,62,2,[10  2],89,115,117,26,89
1,<environment.Job instance at 0x1553c07842d0>,63,2,[2 7],93,93,95,0,93
1,<environment.Job instance at 0x1553c0784b40>,64,3,[8 1],94,117,120,23,94
1,<environment.Job instance at 0x1553c0784c80>,65,1,[8 2],96,120,121,24,96
1,<environment.Job instance at 0x1553c0784320>,66,3,[8 2],98,121,124,23,98
1,<environment.Job instance at 0x1553d4646690>,74,12,[8 1],110,124,136,14,110
1,<environment.Job instance at 0x1553d4646f50>,76,3,[10  1],112,136,139,24,112
1,<environment.Job instance at 0x1553d0184320>,81,3,[2 9],118,124,127,6,123
1,<environment.Job instance at 0x1553d98b8f00>,83,3,[1 8],124,127,130,3,124
1,<environment.Job instance at 0x1553d9884cd0>,86,3,[1 7],127,130,133,3,127
1,<environment.Job instance at 0x1553c05680a0>,90,1,[1 6],136,144,145,8,144
1,<environment.Job instance at 0x1553d4665730>,92,2,[6 2],139,154,156,15,154
1,<environment.Job instance at 0x1553da742190>,93,3,[1 6],140,154,157,14,154
1,<environment.Job instance at 0x1553d9761870>,96,3,[6 2],143,166,169,23,166
1,<environment.Job instance at 0x1553d97a5fa0>,97,1,[9 2],147,169,170,22,166
1,<environment.Job instance at 0x1553d007f320>,3,1,[5 1],4,4,5,0,4
1,<environment.Job instance at 0x1553c0c53f50>,2,15,[ 1 10],3,5,20,2,4
1,<environment.Job instance at 0x1553d3b06d20>,8,1,[9 2],9,20,21,11,9
1,<environment.Job instance at 0x1553d3b06f50>,10,1,[10  1],12,21,22,9,12
1,<environment.Job instance at 0x1553d3aeb280>,12,2,[2 9],16,22,24,6,16
1,<environment.Job instance at 0x1553d3aeb460>,13,3,[9 1],17,24,27,7,17
1,<environment.Job instance at 0x1553d3aeb5f0>,14,17,[2 6],18,27,44,9,18
1,<environment.Job instance at 0x1553d3aeb730>,15,1,[1 6],19,20,21,1,19
1,<environment.Job instance at 0x1553d3aebf00>,26,3,[2 9],34,61,64,27,61
1,<environment.Job instance at 0x1553d3b010f0>,27,1,[10  2],35,64,65,29,61
1,<environment.Job instance at 0x1553d3b012d0>,31,18,[ 2 10],44,65,83,21,64
1,<environment.Job instance at 0x1553d3b01a00>,39,2,[1 9],54,96,98,42,96
1,<environment.Job instance at 0x1553d3b018c0>,40,1,[5 1],55,96,97,41,96
1,<environment.Job instance at 0x1553d3b01b40>,42,2,[2 7],58,98,100,40,96
1,<environment.Job instance at 0x1553d3b01d70>,44,3,[2 8],61,104,107,43,104
1,<environment.Job instance at 0x1553d3ad9730>,48,3,[ 2 10],65,123,126,58,123
1,<environment.Job instance at 0x1553d3ad96e0>,49,14,[1 5],66,128,142,62,128
1,<environment.Job instance at 0x1553d3ad9960>,54,1,[1 9],73,142,143,69,132
1,<environment.Job instance at 0x1553d3ad9b40>,56,3,[8 2],75,174,177,99,174
1,<environment.Job instance at 0x1553d3ad9b90>,57,3,[1 7],76,175,178,99,175
1,<environment.Job instance at 0x1553d3ad9d20>,58,2,[9 2],77,177,179,100,176
1,<environment.Job instance at 0x1553d3ad9e60>,59,2,[7 1],78,179,181,101,177
1,<environment.Job instance at 0x1553c0ba50f0>,62,1,[1 9],81,198,199,117,198
1,<environment.Job instance at 0x1553c0ba53c0>,66,2,[1 6],87,251,253,164,251
1,<environment.Job instance at 0x1553c0ba5690>,69,2,[2 8],95,253,255,158,251
1,<environment.Job instance at 0x1553c0ba5500>,70,3,[10  1],96,255,258,159,252
1,<environment.Job instance at 0x1553c0ba5a50>,73,3,[10  1],101,264,267,163,264
1,<environment.Job instance at 0x1553c0ba5c30>,75,2,[5 2],103,267,269,164,264
1,<environment.Job instance at 0x1553c0b6e050>,78,3,[10  1],106,269,272,163,264
1,<environment.Job instance at 0x1553c0ba5c80>,76,1,[5 1],104,267,268,163,264
1,<environment.Job instance at 0x1553c0b6e280>,80,3,[9 2],110,272,275,162,264
1,<environment.Job instance at 0x1553c0b6e370>,81,3,[5 1],111,275,278,164,264
1,<environment.Job instance at 0x1553c0b6e320>,82,2,[5 1],113,275,277,162,264
1,<environment.Job instance at 0x1553c0b6e460>,83,3,[1 9],114,277,280,163,264
1,<environment.Job instance at 0x1553c0b6e140>,79,13,[1 9],107,280,293,173,264
1,<environment.Job instance at 0x1553c0b6e4b0>,85,3,[ 2 10],116,293,296,177,267
1,<environment.Job instance at 0x1553c0b6e3c0>,84,2,[1 9],115,296,298,181,269
1,<environment.Job instance at 0x1553c0b6ebe0>,93,13,[8 2],124,298,311,174,282
1,<environment.Job instance at 0x1553c0b6eb90>,95,3,[6 2],127,311,314,184,285
1,<environment.Job instance at 0x1553c0b6ed20>,96,3,[1 9],128,314,317,186,288
1,<environment.Job instance at 0x1553d3ae3230>,97,3,[1 7],130,298,301,168,288
1,<environment.Job instance at 0x1553c0a02d20>,98,2,[2 7],132,301,303,169,288
1,<environment.Job instance at 0x1553d3acd6e0>,103,3,[10  2],139,317,320,178,292
1,<environment.Job instance at 0x1553d8e2fe60>,106,2,[9 2],142,320,322,178,293
1,<environment.Job instance at 0x1553d3acd960>,105,13,[ 1 10],141,322,335,181,306
1,<environment.Job instance at 0x1553d3acdaa0>,109,3,[ 1 10],146,335,338,189,309
1,<environment.Job instance at 0x1553d8ef4640>,114,3,[10  2],155,338,341,183,312
1,<environment.Job instance at 0x1553d1ecb460>,115,13,[9 1],156,341,354,185,325
1,<environment.Job instance at 0x1553d02975f0>,116,1,[ 1 10],157,354,355,197,326
1,<environment.Job instance at 0x1553d97cadc0>,117,1,[10  2],158,355,356,197,327
1,<environment.Job instance at 0x1553d3ad98c0>,53,12,[1 9],72,377,389,305,377
1,<environment.Job instance at 0x1553d009fa00>,1,2,[2 8],3,3,5,0,3
1,<environment.Job instance at 0x1553d3ad9a50>,2,3,[1 7],5,6,9,1,6
1,<environment.Job instance at 0x1553c0b79eb0>,3,2,[8 1],7,7,9,0,7
1,<environment.Job instance at 0x1553c0b79e60>,4,3,[9 2],8,9,12,1,8
1,<environment.Job instance at 0x1553c0de1690>,5,13,[2 5],12,13,26,1,13
1,<environment.Job instance at 0x1553c096a5f0>,6,12,[2 7],13,26,38,13,14
1,<environment.Job instance at 0x1553c0ca2550>,9,3,[2 6],16,38,41,22,16
1,<environment.Job instance at 0x1553c096ab90>,10,3,[8 1],17,17,20,0,17
1,<environment.Job instance at 0x1553d45ecb90>,11,1,[6 1],18,20,21,2,18
1,<environment.Job instance at 0x1553d9788cd0>,12,3,[6 1],19,21,24,2,19
1,<environment.Job instance at 0x1553d3aa7460>,13,3,[9 1],20,41,44,21,20
1,<environment.Job instance at 0x1553d9788690>,14,3,[2 9],21,44,47,23,21
1,<environment.Job instance at 0x1553d9788a00>,18,3,[1 8],27,41,44,14,27
1,<environment.Job instance at 0x1553d4648280>,15,14,[2 5],22,47,61,25,32
1,<environment.Job instance at 0x1553d3c3d500>,29,2,[6 2],45,47,49,2,45
1,<environment.Job instance at 0x1553c0909640>,30,12,[2 8],46,61,73,15,46
1,<environment.Job instance at 0x1553c0909d20>,31,13,[9 2],48,73,86,25,57
1,<environment.Job instance at 0x1553d01382d0>,35,13,[1 6],53,73,86,20,57
1,<environment.Job instance at 0x1553d47740f0>,36,2,[8 1],54,57,59,3,57
1,<environment.Job instance at 0x1553d4774c30>,37,1,[10  1],55,86,87,31,58
1,<environment.Job instance at 0x1553d47740a0>,38,2,[5 1],56,59,61,3,58
1,<environment.Job instance at 0x1553d4774a50>,39,1,[1 6],57,87,88,30,59
1,<environment.Job instance at 0x1553c07ff780>,40,12,[5 2],58,61,73,3,59
1,<environment.Job instance at 0x1553d36733c0>,41,3,[9 2],60,87,90,27,61
1,<environment.Job instance at 0x1553d3b77280>,46,2,[2 6],69,90,92,21,74
1,<environment.Job instance at 0x1553d3a9a3c0>,47,3,[1 6],70,92,95,22,74
1,<environment.Job instance at 0x1553d3a9ae60>,48,3,[1 9],71,95,98,24,74
1,<environment.Job instance at 0x1553d3a9a820>,49,2,[7 2],72,90,92,18,74
1,<environment.Job instance at 0x1553d3a9a140>,50,2,[9 1],74,92,94,18,74
1,<environment.Job instance at 0x1553d473e820>,51,2,[2 6],78,98,100,20,78
1,<environment.Job instance at 0x1553d473e500>,52,3,[2 7],80,100,103,20,81
1,<environment.Job instance at 0x1553d473ec30>,53,3,[6 2],82,98,101,16,82
1,<environment.Job instance at 0x1553d473ee60>,54,3,[2 5],84,103,106,19,84
1,<environment.Job instance at 0x1553d473e690>,56,1,[2 6],87,106,107,19,89
1,<environment.Job instance at 0x1553d473e960>,57,2,[9 1],88,94,96,6,89
1,<environment.Job instance at 0x1553d473ef50>,60,2,[7 2],92,116,118,24,116
1,<environment.Job instance at 0x1553d4774410>,0,3,[1 9],1,1,4,0,1
1,<environment.Job instance at 0x1553c0c9e190>,2,1,[10  2],5,5,6,0,5
1,<environment.Job instance at 0x1553d9761320>,3,28,[2 9],6,6,34,0,6
1,<environment.Job instance at 0x1553d9761dc0>,9,2,[9 1],12,34,36,22,12
1,<environment.Job instance at 0x1553c0f82dc0>,10,1,[5 1],14,15,16,1,15
1,<environment.Job instance at 0x1553c0f82cd0>,11,1,[2 7],15,36,37,21,16
1,<environment.Job instance at 0x1553c0f82f00>,13,1,[10  1],17,37,38,20,17
1,<environment.Job instance at 0x1553c0f82640>,14,1,[6 2],18,36,37,18,18
1,<environment.Job instance at 0x1553c0e4f0a0>,19,3,[1 7],26,38,41,12,26
1,<environment.Job instance at 0x1553c0e4f500>,20,1,[5 1],28,28,29,0,28
1,<environment.Job instance at 0x1553c0f82960>,15,13,[ 2 10],19,41,54,22,29
1,<environment.Job instance at 0x1553c0e4fbe0>,22,1,[5 1],30,30,31,0,30
1,<environment.Job instance at 0x1553d3c05140>,23,2,[1 6],32,54,56,22,37
1,<environment.Job instance at 0x1553d3c05820>,27,19,[7 2],38,54,73,16,44
1,<environment.Job instance at 0x1553d49b1820>,31,12,[1 8],42,56,68,14,44
1,<environment.Job instance at 0x1553d49b1dc0>,32,1,[2 5],43,68,69,25,45
1,<environment.Job instance at 0x1553d49b1be0>,34,2,[10  1],46,73,75,27,46
1,<environment.Job instance at 0x1553d49b1230>,35,25,[7 2],48,75,100,27,71
1,<environment.Job instance at 0x1553d3bcf050>,44,3,[7 2],58,100,103,42,75
1,<environment.Job instance at 0x1553d3bcfbe0>,45,2,[7 1],59,103,105,44,85
1,<environment.Job instance at 0x1553c054c280>,46,1,[9 2],60,105,106,45,89
1,<environment.Job instance at 0x1553c054c0a0>,47,2,[5 1],61,106,108,45,93
1,<environment.Job instance at 0x1553c054c4b0>,48,14,[2 9],62,106,120,44,95
1,<environment.Job instance at 0x1553c054c550>,49,3,[1 5],64,120,123,56,105
1,<environment.Job instance at 0x1553c054caf0>,50,15,[10  1],65,123,138,58,109
1,<environment.Job instance at 0x1553c054ca00>,51,17,[1 9],68,138,155,70,128
1,<environment.Job instance at 0x1553c054c910>,52,1,[5 1],69,138,139,69,132
1,<environment.Job instance at 0x1553c054c460>,53,3,[6 1],70,139,142,69,135
1,<environment.Job instance at 0x1553c054c960>,54,3,[8 2],73,155,158,82,136
1,<environment.Job instance at 0x1553d5cf5050>,56,3,[2 5],76,155,158,79,137
1,<environment.Job instance at 0x1553d3c24910>,57,1,[1 6],77,158,159,81,137
1,<environment.Job instance at 0x1553c0d94d70>,58,2,[8 1],78,142,144,64,137
1,<environment.Job instance at 0x1553c0edb9b0>,59,2,[1 7],79,159,161,80,137
1,<environment.Job instance at 0x1553c0edb140>,60,2,[7 2],80,158,160,78,137
1,<environment.Job instance at 0x1553c0edbb90>,61,2,[7 1],81,144,146,63,137
1,<environment.Job instance at 0x1553d3bc33c0>,2,16,[10  1],4,4,20,0,4
1,<environment.Job instance at 0x1553dae18eb0>,3,2,[2 8],5,20,22,15,5
1,<environment.Job instance at 0x1553dae18640>,7,3,[8 2],10,20,23,10,10
1,<environment.Job instance at 0x1553d3beb910>,8,2,[8 1],13,23,25,10,13
1,<environment.Job instance at 0x1553d3bebaf0>,10,3,[1 9],16,23,26,7,16
1,<environment.Job instance at 0x1553d4774320>,12,1,[6 1],20,25,26,5,20
1,<environment.Job instance at 0x1553d4774370>,13,1,[1 6],21,22,23,1,21
1,<environment.Job instance at 0x1553d4774f50>,14,3,[1 6],23,26,29,3,23
1,<environment.Job instance at 0x1553d47743c0>,16,12,[10  1],26,29,41,3,26
1,<environment.Job instance at 0x1553d4774f00>,17,3,[1 8],27,41,44,14,27
1,<environment.Job instance at 0x1553d4774780>,19,3,[1 6],29,44,47,15,29
1,<environment.Job instance at 0x1553d0308a00>,21,3,[6 1],31,41,44,10,33
1,<environment.Job instance at 0x1553d0308870>,24,23,[1 9],34,47,70,13,41
1,<environment.Job instance at 0x1553d0308910>,29,1,[8 1],40,54,55,14,54
1,<environment.Job instance at 0x1553d03085a0>,27,17,[1 9],38,70,87,32,58
1,<environment.Job instance at 0x1553d4665960>,31,2,[6 1],42,58,60,16,58
1,<environment.Job instance at 0x1553d4665460>,32,1,[6 1],44,60,61,16,58
1,<environment.Job instance at 0x1553d4665a50>,33,2,[2 5],46,87,89,41,61
1,<environment.Job instance at 0x1553d46654b0>,38,3,[ 2 10],53,98,101,45,98
1,<environment.Job instance at 0x1553d4665050>,39,1,[8 2],55,101,102,46,98
1,<environment.Job instance at 0x1553d46659b0>,40,2,[8 1],57,102,104,45,98
1,<environment.Job instance at 0x1553d4665c30>,41,1,[1 5],58,102,103,44,102
1,<environment.Job instance at 0x1553c0cef4b0>,42,3,[9 1],59,104,107,45,103
1,<environment.Job instance at 0x1553c0cef050>,43,2,[5 1],60,107,109,47,106
1,<environment.Job instance at 0x1553c0cef640>,44,3,[1 9],61,108,111,47,108
1,<environment.Job instance at 0x1553c0cef0f0>,45,1,[5 1],62,109,110,47,109
1,<environment.Job instance at 0x1553c0cef730>,46,15,[1 8],64,124,139,60,124
1,<environment.Job instance at 0x1553c0cef500>,47,2,[8 1],67,124,126,57,124
1,<environment.Job instance at 0x1553c0cef780>,48,3,[10  1],68,139,142,71,124
1,<environment.Job instance at 0x1553c0cefe10>,49,2,[2 7],72,142,144,70,125
1,<environment.Job instance at 0x1553c0cef140>,50,1,[9 2],74,126,127,52,125
1,<environment.Job instance at 0x1553c0cefd20>,51,18,[2 7],75,179,197,104,179
1,<environment.Job instance at 0x1553c0cef550>,52,2,[2 6],77,197,199,120,180
1,<environment.Job instance at 0x1553c0cef460>,56,1,[ 1 10],84,199,200,115,180
1,<environment.Job instance at 0x1553c0ceff00>,58,3,[8 2],87,180,183,93,180
1,<environment.Job instance at 0x1553d36455f0>,59,1,[1 9],88,200,201,112,186
1,<environment.Job instance at 0x1553d3645410>,62,16,[1 8],93,277,293,184,277
1,<environment.Job instance at 0x1553d3645050>,63,18,[2 7],95,485,503,390,485
1,<environment.Job instance at 0x1553c053ba00>,66,3,[6 1],100,485,488,385,485
1,<environment.Job instance at 0x1553d238a460>,67,2,[8 2],101,488,490,387,485
1,<environment.Job instance at 0x1510816a0960>,1,3,[1 9],2,2,5,0,2
1,<environment.Job instance at 0x151077a3ba50>,3,1,[6 2],4,5,6,1,4
1,<environment.Job instance at 0x151077a3ba00>,4,2,[7 2],5,6,8,1,5
1,<environment.Job instance at 0x151077a3bd70>,5,3,[9 2],6,8,11,2,6
1,<environment.Job instance at 0x1510816a0c30>,7,1,[2 6],8,11,12,3,8
1,<environment.Job instance at 0x151077a3bdc0>,9,2,[6 1],11,11,13,0,11
1,<environment.Job instance at 0x151077a3e050>,10,13,[2 8],12,12,25,0,12
1,<environment.Job instance at 0x151077a3e370>,11,3,[1 8],13,25,28,12,13
1,<environment.Job instance at 0x151077a3e4b0>,12,3,[1 8],14,28,31,14,14
1,<environment.Job instance at 0x151077a3e5f0>,13,2,[8 1],17,17,19,0,17
1,<environment.Job instance at 0x15107a294b40>,14,2,[ 1 10],18,31,33,13,18
1,<environment.Job instance at 0x1510816467d0>,15,1,[ 1 10],20,33,34,13,20
1,<environment.Job instance at 0x15108163f190>,16,1,[2 5],21,34,35,13,21
1,<environment.Job instance at 0x151077a310f0>,18,2,[10  1],25,35,37,10,25
1,<environment.Job instance at 0x151077a31730>,19,3,[6 2],26,26,29,0,26
1,<environment.Job instance at 0x151077a31500>,24,12,[ 1 10],32,43,55,11,43
1,<environment.Job instance at 0x151077a30d70>,31,3,[9 2],41,55,58,14,48
1,<environment.Job instance at 0x151077c7b820>,42,1,[10  1],56,185,186,129,185
1,<environment.Job instance at 0x151077ed8f50>,43,3,[7 2],57,187,190,130,187
1,<environment.Job instance at 0x151077c7b690>,44,3,[1 8],58,199,202,141,199
1,<environment.Job instance at 0x151077f36a00>,45,3,[2 8],60,209,212,149,209
1,<environment.Job instance at 0x151077c77f50>,46,2,[2 8],61,212,214,151,209
1,<environment.Job instance at 0x151077c90230>,50,12,[9 1],68,214,226,146,211
1,<environment.Job instance at 0x151077c8f230>,51,2,[8 2],69,211,213,142,211
1,<environment.Job instance at 0x151077c7a0f0>,52,2,[1 7],72,214,216,142,214
1,<environment.Job instance at 0x151077c8fe10>,53,3,[6 1],73,226,229,153,214
1,<environment.Job instance at 0x151077c8fc30>,54,2,[2 5],75,226,228,151,215
1,<environment.Job instance at 0x151077c8f9b0>,55,16,[2 5],76,228,244,152,217
1,<environment.Job instance at 0x151077c8f4b0>,58,15,[2 9],82,244,259,162,233
1,<environment.Job instance at 0x151077c8fd70>,61,3,[1 5],87,235,238,148,235
1,<environment.Job instance at 0x151077c8f5f0>,62,3,[9 2],88,259,262,171,235
1,<environment.Job instance at 0x151077c8faf0>,63,3,[10  1],89,262,265,173,236
1,<environment.Job instance at 0x151077c8c5f0>,65,3,[2 9],92,265,268,173,239
1,<environment.Job instance at 0x151077c8c370>,66,3,[1 9],93,268,271,175,242
1,<environment.Job instance at 0x151077c8c550>,68,3,[1 9],95,271,274,176,249
1,<environment.Job instance at 0x151077c8cf00>,69,1,[2 5],96,274,275,178,250
1,<environment.Job instance at 0x151077c8ca00>,70,2,[ 2 10],97,275,277,178,250
1,<environment.Job instance at 0x151077c8c140>,73,2,[6 2],103,277,279,174,254
1,<environment.Job instance at 0x151077c8cd20>,74,3,[6 2],106,279,282,173,256
1,<environment.Job instance at 0x151077c8ce60>,76,2,[2 5],108,277,279,169,260
1,<environment.Job instance at 0x151077c8eb90>,78,3,[2 9],110,282,285,172,260
1,<environment.Job instance at 0x151077c8ee10>,79,3,[7 2],111,285,288,174,260
1,<environment.Job instance at 0x151077c8ecd0>,81,3,[ 2 10],114,288,291,174,265
1,<environment.Job instance at 0x151077c8e3c0>,83,1,[10  1],117,291,292,174,266
1,<environment.Job instance at 0x151077c8e280>,84,2,[ 1 10],118,292,294,174,270
1,<environment.Job instance at 0x151077c8e550>,85,1,[7 2],120,294,295,174,289
1,<environment.Job instance at 0x151077c8e6e0>,86,2,[1 8],121,436,438,315,436
1,<environment.Job instance at 0x151077c8e410>,87,2,[2 6],122,463,465,341,463
1,<environment.Job instance at 0x151077c8e5a0>,88,1,[1 5],123,466,467,343,466
1,<environment.Job instance at 0x151077c8d550>,89,2,[1 9],126,574,576,448,574
1,<environment.Job instance at 0x151077c8d460>,90,1,[2 7],127,660,661,533,660
1,<environment.Job instance at 0x151077c8d8c0>,91,1,[2 5],128,725,726,597,725
1,<environment.Job instance at 0x151077c8de10>,92,15,[7 1],129,735,750,606,735
1,<environment.Job instance at 0x151077c8da50>,94,1,[5 1],131,1280,1281,1149,1280
1,<environment.Job instance at 0x151077c8dd20>,95,3,[2 8],132,1286,1289,1154,1286
1,<environment.Job instance at 0x15107a5fc870>,96,12,[9 2],134,1292,1304,1158,1292
1,<environment.Job instance at 0x151077c8d820>,97,15,[10  2],135,1304,1319,1169,1295
1,<environment.Job instance at 0x151077c999b0>,98,13,[ 1 10],136,1319,1332,1183,1314
1,<environment.Job instance at 0x151077c8d1e0>,100,17,[1 9],139,1332,1349,1193,1327
1,<environment.Job instance at 0x151077f31a50>,101,13,[2 9],140,1349,1362,1209,1343
1,<environment.Job instance at 0x15107a30a2d0>,102,1,[2 8],141,1443,1444,1302,1443
1,<environment.Job instance at 0x151079888b90>,103,1,[ 2 10],142,1447,1448,1305,1447
1,<environment.Job instance at 0x15107a310960>,105,1,[8 2],144,1545,1546,1401,1545
1,<environment.Job instance at 0x15107a6131e0>,106,15,[5 1],145,1596,1611,1451,1596
1,<environment.Job instance at 0x15107a295b40>,107,18,[1 8],146,1627,1645,1481,1627
1,<environment.Job instance at 0x151077f3ec80>,108,2,[ 1 10],150,1677,1679,1527,1677
1,<environment.Job instance at 0x151079768690>,0,3,[1 7],1,1,4,0,1
1,<environment.Job instance at 0x151077f3ec80>,2,27,[1 8],3,49,76,46,49
1,<environment.Job instance at 0x15107f378fa0>,6,28,[2 8],9,80,108,71,80
1,<environment.Job instance at 0x15107f378050>,7,3,[5 1],13,86,89,73,86
1,<environment.Job instance at 0x15107f378320>,8,15,[1 7],15,126,141,111,126
1,<environment.Job instance at 0x15107f378460>,9,3,[ 2 10],16,141,144,125,127
1,<environment.Job instance at 0x15107f378960>,10,2,[1 9],18,144,146,126,129
1,<environment.Job instance at 0x15107f378d70>,11,2,[ 2 10],21,146,148,125,133
1,<environment.Job instance at 0x15107f378550>,12,3,[5 2],22,148,151,126,139
1,<environment.Job instance at 0x15107f3781e0>,13,15,[2 7],23,148,163,125,141
1,<environment.Job instance at 0x15107f378eb0>,14,2,[ 2 10],24,163,165,139,154
1,<environment.Job instance at 0x15107f3789b0>,15,2,[2 9],25,177,179,152,177
1,<environment.Job instance at 0x15107f378cd0>,17,19,[ 1 10],28,276,295,248,276
1,<environment.Job instance at 0x15107859ef50>,18,2,[9 1],29,295,297,266,285
1,<environment.Job instance at 0x15107f378280>,19,3,[5 2],30,297,300,267,289
1,<environment.Job instance at 0x15107859e6e0>,20,2,[ 1 10],31,300,302,269,296
1,<environment.Job instance at 0x15107859efa0>,22,1,[1 7],33,296,297,263,296
1,<environment.Job instance at 0x15107859eb90>,23,1,[2 9],34,302,303,268,296
1,<environment.Job instance at 0x15107859e050>,24,15,[1 7],35,303,318,268,298
1,<environment.Job instance at 0x15107859ee10>,25,3,[ 2 10],37,318,321,281,301
1,<environment.Job instance at 0x15107859e870>,26,14,[10  1],39,321,335,282,306
1,<environment.Job instance at 0x15107859ea50>,27,12,[7 1],40,306,318,266,306
1,<environment.Job instance at 0x15107859e640>,28,2,[8 2],41,335,337,294,310
1,<environment.Job instance at 0x15107859e1e0>,29,3,[8 1],42,337,340,295,311
1,<environment.Job instance at 0x15107859e960>,30,2,[2 5],43,335,337,292,321
1,<environment.Job instance at 0x15107859e370>,32,2,[10  1],45,340,342,295,330
1,<environment.Job instance at 0x15107859ed70>,33,3,[ 2 10],47,342,345,295,335
1,<environment.Job instance at 0x15107859e4b0>,36,17,[1 6],51,345,362,294,336
1,<environment.Job instance at 0x15107859ec80>,37,17,[7 1],52,357,374,305,357
1,<environment.Job instance at 0x15107859e5a0>,38,1,[2 6],53,384,385,331,384
1,<environment.Job instance at 0x15107859e5f0>,39,16,[9 1],56,385,401,329,385
1,<environment.Job instance at 0x1510785a14b0>,40,15,[9 2],60,401,416,341,390
1,<environment.Job instance at 0x1510785a1910>,41,1,[9 1],61,416,417,355,407
1,<environment.Job instance at 0x1510785a1780>,42,12,[1 5],62,417,429,355,417
1,<environment.Job instance at 0x1510785a1050>,43,2,[6 2],63,424,426,361,424
1,<environment.Job instance at 0x1510785a1a00>,44,1,[9 1],65,492,493,427,492
1,<environment.Job instance at 0x1510785a1640>,45,2,[8 1],66,497,499,431,497
1,<environment.Job instance at 0x1510785a1d70>,46,1,[ 1 10],67,501,502,434,501
1,<environment.Job instance at 0x1510785a1140>,47,2,[1 5],69,502,504,433,501
1,<environment.Job instance at 0x1510785a1e60>,48,3,[1 5],70,514,517,444,514
1,<environment.Job instance at 0x1510785a1c30>,49,2,[10  2],71,517,519,446,514
1,<environment.Job instance at 0x1510785a1b40>,50,3,[2 8],75,524,527,449,524
1,<environment.Job instance at 0x1510785a1dc0>,51,1,[2 6],76,527,528,451,526
1,<environment.Job instance at 0x1510785a1190>,52,2,[1 6],77,540,542,463,540
1,<environment.Job instance at 0x1510785a1c80>,53,18,[7 2],79,549,567,470,549
1,<environment.Job instance at 0x1510785a12d0>,54,1,[2 8],82,651,652,569,651
1,<environment.Job instance at 0x1510785a1320>,55,18,[10  1],86,654,672,568,654
1,<environment.Job instance at 0x1510785a11e0>,56,2,[7 2],87,672,674,585,655
1,<environment.Job instance at 0x1510785a1500>,57,2,[2 5],88,678,680,590,678
1,<environment.Job instance at 0x1510785a15f0>,58,14,[2 8],89,682,696,593,682
1,<environment.Job instance at 0x1510785a16e0>,59,3,[8 1],92,684,687,592,684
1,<environment.Job instance at 0x1510785a1aa0>,60,1,[7 2],93,692,693,599,692
1,<environment.Job instance at 0x1510785a13c0>,61,2,[5 2],94,699,701,605,699
1,<environment.Job instance at 0x15107a30d320>,0,2,[2 7],1,1,3,0,1
1,<environment.Job instance at 0x151077a2a820>,1,2,[9 2],2,3,5,1,3
1,<environment.Job instance at 0x1510797322d0>,2,3,[5 2],3,5,8,2,4
1,<environment.Job instance at 0x151079676690>,6,1,[1 8],8,8,9,0,8
1,<environment.Job instance at 0x151079676960>,7,13,[1 7],10,10,23,0,10
1,<environment.Job instance at 0x1510796de0a0>,9,3,[5 2],14,14,17,0,14
1,<environment.Job instance at 0x1510796de320>,10,2,[ 2 10],15,23,25,8,15
1,<environment.Job instance at 0x151079676d70>,8,12,[2 9],13,25,37,12,16
1,<environment.Job instance at 0x1510796dedc0>,12,17,[10  1],18,37,54,19,27
1,<environment.Job instance at 0x15107976eeb0>,29,1,[6 2],45,54,55,9,45
1,<environment.Job instance at 0x151079771960>,33,3,[10  2],50,55,58,5,50
1,<environment.Job instance at 0x1510796bdbe0>,35,3,[9 1],54,58,61,4,54
1,<environment.Job instance at 0x15107966f9b0>,37,16,[1 5],58,58,74,0,58
1,<environment.Job instance at 0x15107966fbe0>,38,3,[5 1],60,61,64,1,60
1,<environment.Job instance at 0x15107966f500>,39,14,[1 6],62,74,88,12,62
1,<environment.Job instance at 0x15107966f820>,40,2,[5 1],63,64,66,1,63
1,<environment.Job instance at 0x15107966f3c0>,41,1,[2 7],64,88,89,24,64
1,<environment.Job instance at 0x15107966f460>,42,2,[10  2],65,89,91,24,65
1,<environment.Job instance at 0x15107966fc30>,43,2,[6 1],66,66,68,0,66
1,<environment.Job instance at 0x151079698b40>,51,14,[1 6],79,91,105,12,80
1,<environment.Job instance at 0x15107e9c5370>,53,3,[6 1],83,83,86,0,83
1,<environment.Job instance at 0x15107e9c5870>,52,14,[1 9],80,105,119,25,90
1,<environment.Job instance at 0x15107ea31960>,58,12,[5 2],88,91,103,3,90
1,<environment.Job instance at 0x15107e9f3820>,59,3,[8 1],89,103,106,14,90
1,<environment.Job instance at 0x151079620730>,60,3,[8 1],93,106,109,13,93
1,<environment.Job instance at 0x1510791fa5f0>,61,1,[10  1],94,119,120,25,94
1,<environment.Job instance at 0x151079620fa0>,63,15,[2 8],98,120,135,22,113
1,<environment.Job instance at 0x15107f2e6550>,65,13,[ 2 10],102,135,148,33,122
1,<environment.Job instance at 0x15107f2e69b0>,66,1,[2 6],103,148,149,45,122
1,<environment.Job instance at 0x15107f2e5370>,67,2,[1 5],105,149,151,44,122
1,<environment.Job instance at 0x1510796c9140>,68,2,[8 1],106,122,124,16,122
1,<environment.Job instance at 0x1510796c9d70>,69,3,[2 9],107,151,154,44,125
1,<environment.Job instance at 0x15107961ba00>,70,1,[5 1],109,125,126,16,125
1,<environment.Job instance at 0x15107961b780>,71,3,[1 5],110,154,157,44,128
1,<environment.Job instance at 0x15107961bb90>,72,2,[1 9],111,157,159,46,130
1,<environment.Job instance at 0x15107961b730>,73,3,[2 8],112,159,162,47,133
1,<environment.Job instance at 0x15107961bb40>,74,1,[1 8],115,162,163,47,134
1,<environment.Job instance at 0x15107961b370>,76,3,[1 6],117,163,166,46,139
1,<environment.Job instance at 0x15107961b0f0>,77,2,[8 2],118,148,150,30,139
1,<environment.Job instance at 0x15107f2ee7d0>,85,15,[10  1],129,166,181,37,161
1,<environment.Job instance at 0x1510740b6be0>,0,3,[2 5],1,1,4,0,1
1,<environment.Job instance at 0x15104a6da2d0>,2,2,[5 2],3,3,5,0,3
1,<environment.Job instance at 0x1510740b60f0>,3,1,[7 1],6,6,7,0,6
1,<environment.Job instance at 0x1510740b60a0>,4,2,[7 1],7,7,9,0,7
1,<environment.Job instance at 0x1510740b6d70>,6,3,[10  2],9,10,13,1,10
1,<environment.Job instance at 0x1510740b6eb0>,7,2,[5 2],10,13,15,3,10
1,<environment.Job instance at 0x1510740b6370>,9,3,[1 7],13,13,16,0,13
1,<environment.Job instance at 0x15107410b820>,16,3,[2 7],22,56,59,34,56
1,<environment.Job instance at 0x15107410bc80>,17,2,[1 5],23,60,62,37,60
1,<environment.Job instance at 0x15107410b5a0>,24,3,[1 7],33,159,162,126,159
1,<environment.Job instance at 0x15107410bdc0>,26,14,[1 6],35,164,178,129,164
1,<environment.Job instance at 0x151074146370>,37,2,[1 6],47,218,220,171,218
1,<environment.Job instance at 0x1510797b20f0>,51,3,[7 1],66,322,325,256,322
1,<environment.Job instance at 0x1510797b2fa0>,52,3,[2 8],67,322,325,255,322
1,<environment.Job instance at 0x1510797b2870>,53,3,[1 9],68,325,328,257,322
1,<environment.Job instance at 0x151074176cd0>,79,16,[ 2 10],112,510,526,398,510
1,<environment.Job instance at 0x151074176fa0>,85,3,[10  2],124,542,545,418,542
1,<environment.Job instance at 0x15104a918aa0>,86,3,[5 1],128,545,548,417,542
1,<environment.Job instance at 0x15104a918140>,90,3,[9 1],132,548,551,416,543
1,<environment.Job instance at 0x15107f3415f0>,107,1,[10  2],158,753,754,595,753
1,<environment.Job instance at 0x15107f341be0>,110,2,[8 2],165,857,859,692,857
1,<environment.Job instance at 0x15104a918190>,100,17,[1 9],144,912,929,768,912
1,<environment.Job instance at 0x15107416e820>,0,3,[1 9],1,1,4,0,1
1,<environment.Job instance at 0x15107410bf00>,1,1,[2 9],4,4,5,0,4
1,<environment.Job instance at 0x15104a7a09b0>,2,2,[7 2],5,5,7,0,5
1,<environment.Job instance at 0x15104a613410>,5,3,[9 2],8,267,270,259,267
1,<environment.Job instance at 0x1510742161e0>,9,1,[8 1],15,447,448,432,447
1,<environment.Job instance at 0x15104a72f1e0>,10,28,[5 1],16,1089,1117,1073,1089
1,<environment.Job instance at 0x15104a661c30>,12,18,[5 1],18,2822,2840,2804,2822
1,<environment.Job instance at 0x151079862e10>,0,3,[2 8],1,1,4,0,1
1,<environment.Job instance at 0x15107411e4b0>,1,2,[2 5],2,4,6,2,2
1,<environment.Job instance at 0x151079862870>,5,3,[10  2],7,7,10,0,7
1,<environment.Job instance at 0x15104a4244b0>,6,3,[2 5],9,10,13,1,9
1,<environment.Job instance at 0x15104a424320>,4,15,[ 2 10],6,13,28,7,10
1,<environment.Job instance at 0x15104a424690>,8,3,[7 2],11,28,31,17,11
1,<environment.Job instance at 0x15104a424780>,9,2,[2 9],12,31,33,19,12
1,<environment.Job instance at 0x15104a424550>,10,2,[2 7],13,28,30,15,13
1,<environment.Job instance at 0x15104a424280>,7,17,[1 7],10,33,50,23,21
1,<environment.Job instance at 0x15104a424d70>,16,16,[6 2],21,33,49,12,21
1,<environment.Job instance at 0x15104a424d20>,18,2,[9 1],24,49,51,25,24
1,<environment.Job instance at 0x15104a424fa0>,17,1,[6 1],22,31,32,9,27
1,<environment.Job instance at 0x15104a425370>,21,1,[5 1],29,32,33,3,29
1,<environment.Job instance at 0x15104a425190>,22,2,[7 2],30,51,53,21,30
1,<environment.Job instance at 0x15104a424f00>,19,19,[1 5],26,50,69,24,42
1,<environment.Job instance at 0x15104a425640>,24,3,[1 8],33,69,72,36,43
1,<environment.Job instance at 0x15104a425500>,25,1,[ 2 10],34,72,73,38,45
1,<environment.Job instance at 0x15104a425870>,26,2,[7 2],36,53,55,17,46
1,<environment.Job instance at 0x15104a425780>,27,1,[6 1],37,55,56,18,49
1,<environment.Job instance at 0x15104a4258c0>,28,2,[6 1],39,56,58,17,50
1,<environment.Job instance at 0x15104a425a50>,29,17,[1 7],40,73,90,33,62
1,<environment.Job instance at 0x15104a425c80>,30,15,[10  2],44,90,105,46,76
1,<environment.Job instance at 0x15104a425d70>,31,2,[7 2],45,79,81,34,79
1,<environment.Job instance at 0x15104a425e60>,32,1,[1 5],47,337,338,290,337
1,<environment.Job instance at 0x15104a428230>,36,2,[1 9],52,709,711,657,709
1,<environment.Job instance at 0x15104a428410>,37,14,[1 6],53,2187,2201,2134,2187
1,<environment.Job instance at 0x15104a3ba870>,0,2,[7 1],1,2,4,1,2
1,<environment.Job instance at 0x15104a3ba730>,1,3,[9 1],6,6,9,0,6
1,<environment.Job instance at 0x15104a4e3820>,3,2,[1 8],9,9,11,0,9
1,<environment.Job instance at 0x15104a4e3eb0>,4,1,[2 6],10,11,12,1,11
1,<environment.Job instance at 0x15104a4e33c0>,5,2,[9 2],13,13,15,0,13
1,<environment.Job instance at 0x15104a4e3a50>,6,1,[ 2 10],17,17,18,0,17
1,<environment.Job instance at 0x15104a4531e0>,0,3,[2 9],1,1,4,0,1
1,<environment.Job instance at 0x15107419c140>,4,1,[7 1],5,5,6,0,5
1,<environment.Job instance at 0x15107f355140>,5,3,[9 2],6,6,9,0,6
1,<environment.Job instance at 0x15107f3553c0>,6,2,[1 8],7,7,9,0,7
1,<environment.Job instance at 0x15107f355280>,8,3,[2 5],9,9,12,0,9
1,<environment.Job instance at 0x15107f355dc0>,9,2,[8 1],10,10,12,0,10
1,<environment.Job instance at 0x15107f3556e0>,11,21,[9 2],12,14,35,2,14
1,<environment.Job instance at 0x15107f355d20>,14,2,[2 9],15,35,37,20,16
1,<environment.Job instance at 0x15107f355c80>,15,13,[2 8],17,37,50,20,21
1,<environment.Job instance at 0x15107f355af0>,18,1,[1 8],22,29,30,7,29
1,<environment.Job instance at 0x15107f3552d0>,19,16,[5 2],23,37,53,14,32
1,<environment.Job instance at 0x151079763b40>,22,2,[1 7],29,50,52,21,35
1,<environment.Job instance at 0x151079763f50>,24,1,[6 1],31,36,37,5,36
1,<environment.Job instance at 0x151079763410>,25,15,[6 2],32,53,68,21,40
1,<environment.Job instance at 0x1510797631e0>,26,3,[2 9],33,68,71,35,43
1,<environment.Job instance at 0x151079763500>,27,17,[1 8],35,71,88,36,69
1,<environment.Job instance at 0x15107a24b910>,0,1,[9 1],1,2,3,1,2
1,<environment.Job instance at 0x151077c8a820>,1,1,[1 8],2,3,4,1,3
1,<environment.Job instance at 0x15107a3046e0>,7,3,[2 6],9,9,12,0,9
1,<environment.Job instance at 0x15107a304870>,8,2,[8 1],10,10,12,0,10
1,<environment.Job instance at 0x15107a304730>,9,1,[6 2],11,12,13,1,11
1,<environment.Job instance at 0x15107a304640>,10,1,[9 1],12,13,14,1,12
1,<environment.Job instance at 0x15107a304b90>,11,1,[2 5],14,14,15,0,14
1,<environment.Job instance at 0x15107a304c80>,12,3,[10  2],17,17,20,0,17
1,<environment.Job instance at 0x15107a304d20>,13,1,[2 7],18,20,21,2,18
1,<environment.Job instance at 0x15107a2ef690>,19,2,[1 5],26,26,28,0,26
1,<environment.Job instance at 0x15107a2ef780>,20,3,[2 8],27,28,31,1,27
1,<environment.Job instance at 0x15107a2ef7d0>,22,26,[5 2],29,29,55,0,29
1,<environment.Job instance at 0x15107a2efaf0>,23,1,[8 2],30,55,56,25,30
1,<environment.Job instance at 0x15107a31e460>,33,1,[ 1 10],45,56,57,11,45
1,<environment.Job instance at 0x15107a31e910>,34,3,[1 9],46,57,60,11,46
1,<environment.Job instance at 0x15107a31ea50>,35,2,[9 2],48,60,62,12,48
1,<environment.Job instance at 0x15107a31eb40>,36,3,[2 7],49,49,52,0,49
1,<environment.Job instance at 0x15107a31ec80>,40,14,[2 5],57,62,76,5,57
1,<environment.Job instance at 0x15107972eb90>,47,12,[5 2],69,69,81,0,69
1,<environment.Job instance at 0x15107a2fb3c0>,48,1,[9 1],70,81,82,11,70
1,<environment.Job instance at 0x15104a514c30>,55,2,[6 2],78,82,84,4,81
1,<environment.Job instance at 0x15104a2a24b0>,59,2,[2 8],90,101,103,11,101
1,<environment.Job instance at 0x1510740a1190>,63,12,[2 9],97,103,115,6,101
1,<environment.Job instance at 0x1510740a10a0>,64,2,[5 1],98,101,103,3,101
1,<environment.Job instance at 0x15104a337640>,67,17,[6 2],102,115,132,13,104
1,<environment.Job instance at 0x15107406f190>,76,3,[ 2 10],112,132,135,20,120
1,<environment.Job instance at 0x15104a346b90>,71,3,[1 7],107,120,123,13,120
1,<environment.Job instance at 0x15104a525b90>,79,3,[1 6],117,123,126,6,120
1,<environment.Job instance at 0x15104a525a50>,78,1,[8 1],116,135,136,19,120
1,<environment.Job instance at 0x15104a5252d0>,80,2,[1 6],118,126,128,8,120
1,<environment.Job instance at 0x15104a525140>,81,1,[2 5],119,128,129,9,120
1,<environment.Job instance at 0x15104abbbeb0>,82,14,[ 2 10],120,136,150,16,128
1,<environment.Job instance at 0x15104a5253c0>,77,13,[2 8],113,204,217,91,204
1,<environment.Job instance at 0x15107408f0f0>,86,12,[2 9],124,542,554,418,542
1,<environment.Job instance at 0x15107408feb0>,95,1,[1 5],142,554,555,412,542
1,<environment.Job instance at 0x15107409a3c0>,101,2,[9 2],151,554,556,403,542
1,<environment.Job instance at 0x15107409af50>,102,2,[2 7],155,556,558,401,543
1,<environment.Job instance at 0x15107409aeb0>,103,1,[8 1],156,543,544,387,543
1,<environment.Job instance at 0x15107409a4b0>,105,1,[1 8],158,555,556,397,552
1,<environment.Job instance at 0x15107409ac30>,107,13,[1 9],160,565,578,405,565
1,<environment.Job instance at 0x15107409a730>,108,2,[7 2],161,578,580,417,565
1,<environment.Job instance at 0x15107409a7d0>,110,16,[1 7],163,578,594,415,573
1,<environment.Job instance at 0x15107409ae60>,112,3,[10  1],167,594,597,427,573
1,<environment.Job instance at 0x15107409afa0>,113,1,[9 2],168,580,581,412,573
1,<environment.Job instance at 0x151074079d20>,1,2,[10  2],2,2,4,0,2
1,<environment.Job instance at 0x15104a361aa0>,3,1,[1 5],5,5,6,0,5
1,<environment.Job instance at 0x15104a3619b0>,4,2,[1 9],6,6,8,0,6
1,<environment.Job instance at 0x15104a361280>,5,2,[1 7],9,9,11,0,9
1,<environment.Job instance at 0x15104a3614b0>,6,3,[1 8],10,11,14,1,10
1,<environment.Job instance at 0x15104a361b90>,8,2,[2 8],12,14,16,2,12
1,<environment.Job instance at 0x15104a3610a0>,9,3,[1 7],13,16,19,3,13
1,<environment.Job instance at 0x15104a361320>,10,2,[6 1],14,14,16,0,14
1,<environment.Job instance at 0x15104a361140>,11,3,[7 2],15,16,19,1,15
1,<environment.Job instance at 0x15104a361550>,12,2,[8 1],16,19,21,3,16
1,<environment.Job instance at 0x15104a361370>,13,15,[8 2],17,21,36,4,17
1,<environment.Job instance at 0x15104a361af0>,14,1,[10  1],18,36,37,18,18
1,<environment.Job instance at 0x15104a337410>,19,3,[2 5],24,24,27,0,24
1,<environment.Job instance at 0x15104a3377d0>,20,3,[2 8],26,27,30,1,26
1,<environment.Job instance at 0x15104a337230>,22,3,[1 8],28,693,696,665,693
1,<environment.Job instance at 0x15104a3370f0>,26,12,[6 1],33,779,791,746,779
1,<environment.Job instance at 0x15104a337fa0>,27,13,[8 1],34,989,1002,955,989
1,<environment.Job instance at 0x15104a337870>,28,3,[2 8],35,1153,1156,1118,1153
1,<environment.Job instance at 0x15104a5038c0>,29,2,[1 7],36,1539,1541,1503,1539
1,<environment.Job instance at 0x15104a503d20>,30,2,[1 6],37,2015,2017,1978,2015
1,<environment.Job instance at 0x15104abc37d0>,1,1,[1 7],2,6,7,4,6
1,<environment.Job instance at 0x15107a241fa0>,2,1,[9 1],4,6,7,2,6
1,<environment.Job instance at 0x15104a5035f0>,5,3,[10  2],8,8,11,0,8
1,<environment.Job instance at 0x15107a238280>,6,3,[ 1 10],9,11,14,2,9
1,<environment.Job instance at 0x15107a2385f0>,9,2,[2 8],13,14,16,1,14
1,<environment.Job instance at 0x15107a238640>,10,2,[8 1],14,14,16,0,14
1,<environment.Job instance at 0x15107a238c80>,14,2,[10  2],21,21,23,0,21
1,<environment.Job instance at 0x15107a2383c0>,16,3,[ 1 10],24,24,27,0,24
1,<environment.Job instance at 0x15107a238f50>,17,1,[9 2],25,27,28,2,25
1,<environment.Job instance at 0x15107a238dc0>,15,2,[ 1 10],22,28,30,6,26
1,<environment.Job instance at 0x15107a238a50>,18,1,[7 2],26,30,31,4,26
1,<environment.Job instance at 0x15107a23c690>,27,1,[10  1],39,115,116,76,115
1,<environment.Job instance at 0x15107a23c820>,29,3,[ 2 10],41,127,130,86,127
1,<environment.Job instance at 0x15107a23c910>,31,1,[9 2],44,147,148,103,147
1,<environment.Job instance at 0x15107a23ca00>,32,3,[2 9],45,148,151,103,147
1,<environment.Job instance at 0x15107a23cb40>,34,3,[1 7],47,167,170,120,167
1,<environment.Job instance at 0x15107a23ca50>,35,2,[2 6],48,176,178,128,176
1,<environment.Job instance at 0x15107a23cb90>,36,2,[5 2],49,240,242,191,240
1,<environment.Job instance at 0x15107a23ceb0>,40,1,[10  1],53,401,402,348,401
1,<environment.Job instance at 0x15107a2652d0>,45,2,[1 8],61,460,462,399,460
1,<environment.Job instance at 0x15107a265230>,48,3,[1 6],64,533,536,469,533
1,<environment.Job instance at 0x15107a2655f0>,49,2,[1 9],67,561,563,494,561
1,<environment.Job instance at 0x15107a265b90>,58,1,[1 9],80,871,872,791,871
1,<environment.Job instance at 0x15107a265cd0>,61,3,[2 8],83,963,966,880,963
1,<environment.Job instance at 0x15107a23f0a0>,64,1,[2 7],87,979,980,892,979
1,<environment.Job instance at 0x15107a23f4b0>,70,1,[7 2],95,1152,1153,1057,1152
1,<environment.Job instance at 0x15107a23f960>,77,3,[10  1],103,1308,1311,1205,1308
1,<environment.Job instance at 0x15107a23f910>,78,1,[8 1],104,1311,1312,1207,1308
1,<environment.Job instance at 0x15107a23fb90>,81,2,[6 1],109,1345,1347,1236,1345
1,<environment.Job instance at 0x15107a23fc30>,83,1,[ 1 10],112,1449,1450,1337,1449
1,<environment.Job instance at 0x15107a23feb0>,84,3,[9 1],114,1489,1492,1375,1489
1,<environment.Job instance at 0x15107a23fd70>,85,1,[8 2],116,1532,1533,1416,1532
1,<environment.Job instance at 0x15107a25e190>,88,3,[8 1],120,1559,1562,1439,1559
1,<environment.Job instance at 0x15107a25e280>,89,2,[8 1],121,1582,1584,1461,1582
1,<environment.Job instance at 0x15107a25e410>,92,2,[5 1],124,1598,1600,1474,1598
1,<environment.Job instance at 0x15107a25e4b0>,94,2,[5 2],127,1634,1636,1507,1634
1,<environment.Job instance at 0x15107a25e690>,95,1,[1 5],128,1657,1658,1529,1657
1,<environment.Job instance at 0x15107a25e9b0>,100,2,[1 8],133,1795,1797,1662,1795
1,<environment.Job instance at 0x151077a3feb0>,0,3,[5 1],1,1,4,0,1
1,<environment.Job instance at 0x15107a254140>,1,2,[8 1],3,4,6,1,3
1,<environment.Job instance at 0x151077a3ff00>,2,3,[9 1],4,6,9,2,4
1,<environment.Job instance at 0x15104a7b9b90>,3,3,[8 2],5,9,12,4,5
1,<environment.Job instance at 0x151080ab22d0>,5,2,[2 7],9,9,11,0,9
1,<environment.Job instance at 0x151080ab23c0>,7,13,[ 2 10],12,12,25,0,12
1,<environment.Job instance at 0x151080ab28c0>,8,2,[1 9],13,25,27,12,13
1,<environment.Job instance at 0x1510798f8b40>,12,1,[8 2],17,27,28,10,17
1,<environment.Job instance at 0x1510797c76e0>,13,2,[7 1],18,25,27,7,18
1,<environment.Job instance at 0x1510797c7a00>,14,1,[5 1],19,28,29,9,19
1,<environment.Job instance at 0x1510797c7550>,15,2,[2 8],20,27,29,7,20
1,<environment.Job instance at 0x1510796a0730>,16,3,[7 1],21,29,32,8,21
1,<environment.Job instance at 0x15107a2fe820>,17,3,[8 2],22,32,35,10,22
1,<environment.Job instance at 0x1510796a06e0>,18,2,[10  1],24,35,37,11,24
1,<environment.Job instance at 0x15104a61f3c0>,22,3,[1 5],32,32,35,0,32
1,<environment.Job instance at 0x15104aa62e10>,23,2,[5 2],33,37,39,4,33
1,<environment.Job instance at 0x15104aa62dc0>,24,13,[8 1],35,39,52,4,35
1,<environment.Job instance at 0x15104a535500>,27,12,[9 1],38,52,64,14,38
1,<environment.Job instance at 0x15107420ba00>,28,3,[9 2],40,64,67,24,40
1,<environment.Job instance at 0x1510797b6fa0>,32,2,[5 2],45,67,69,22,45
1,<environment.Job instance at 0x15107d4e44b0>,34,2,[8 1],47,69,71,22,47
1,<environment.Job instance at 0x15107d4e4cd0>,36,3,[10  2],49,71,74,22,49
1,<environment.Job instance at 0x15107d4e4730>,38,3,[2 7],51,67,70,16,51
1,<environment.Job instance at 0x151079815690>,43,13,[8 1],56,74,87,18,71
1,<environment.Job instance at 0x151079643dc0>,44,1,[6 1],57,87,88,30,71
1,<environment.Job instance at 0x151079643b90>,45,2,[ 1 10],58,88,90,30,71
1,<environment.Job instance at 0x15104aa8ca50>,46,1,[5 1],59,90,91,31,71
1,<environment.Job instance at 0x15104aa8cc30>,47,3,[5 2],60,90,93,30,71
1,<environment.Job instance at 0x15104aa8cb90>,49,3,[5 2],65,91,94,26,83
1,<environment.Job instance at 0x15104a8fd730>,51,2,[8 2],67,94,96,27,86
1,<environment.Job instance at 0x15107a2c3f00>,3,3,[2 7],6,6,9,0,6
1,<environment.Job instance at 0x15107a2c3eb0>,2,3,[1 9],4,9,12,5,7
1,<environment.Job instance at 0x1510740a9e10>,5,3,[6 1],9,9,12,0,9
1,<environment.Job instance at 0x1510740a91e0>,4,3,[2 9],7,12,15,5,10
1,<environment.Job instance at 0x1510740a9cd0>,7,15,[2 7],11,15,30,4,11
1,<environment.Job instance at 0x1510740a9a50>,8,2,[9 1],12,30,32,18,12
1,<environment.Job instance at 0x15107b864eb0>,14,2,[1 9],19,56,58,37,56
1,<environment.Job instance at 0x15107b864f00>,15,3,[6 2],20,58,61,38,57
1,<environment.Job instance at 0x15107b864550>,16,3,[5 2],22,61,64,39,57
1,<environment.Job instance at 0x15107b864190>,17,2,[1 8],23,58,60,35,58
1,<environment.Job instance at 0x15107b864a00>,19,2,[2 8],27,64,66,37,64
1,<environment.Job instance at 0x15107b864780>,21,1,[10  2],29,89,90,60,89
1,<environment.Job instance at 0x15104a7f8e60>,26,1,[6 2],38,138,139,100,138
1,<environment.Job instance at 0x15104a7f8b40>,30,2,[1 9],44,148,150,104,148
1,<environment.Job instance at 0x15104a7f86e0>,31,3,[ 2 10],46,150,153,104,148
1,<environment.Job instance at 0x15104a7f8d70>,32,2,[7 1],48,148,150,100,148
1,<environment.Job instance at 0x15104a7f8870>,33,2,[ 1 10],51,153,155,102,150
1,<environment.Job instance at 0x15104a7f8140>,35,3,[1 9],54,155,158,101,150
1,<environment.Job instance at 0x1510791fad70>,38,2,[ 1 10],60,166,168,106,166
1,<environment.Job instance at 0x1510791faf00>,54,2,[5 2],82,275,277,193,275
1,<environment.Job instance at 0x151079765e60>,60,3,[1 9],94,301,304,207,301
1,<environment.Job instance at 0x15104a7f8b90>,29,1,[5 1],43,335,336,292,335
1,<environment.Job instance at 0x151079832640>,70,3,[1 6],112,371,374,259,371
1,<environment.Job instance at 0x151079832370>,77,2,[9 1],127,380,382,253,380
1,<environment.Job instance at 0x151079832780>,80,2,[6 2],132,390,392,258,390
1,<environment.Job instance at 0x151079832960>,82,3,[ 2 10],138,392,395,254,390
1,<environment.Job instance at 0x151079832be0>,83,3,[1 5],140,395,398,255,392
1,<environment.Job instance at 0x15107a1f2370>,86,2,[2 5],144,396,398,252,396
1,<environment.Job instance at 0x15107d4f2dc0>,1,2,[6 2],2,2,4,0,2
1,<environment.Job instance at 0x15104a47e640>,0,2,[2 9],1,4,6,3,2
1,<environment.Job instance at 0x15104a47e780>,2,3,[2 6],3,6,9,3,4
1,<environment.Job instance at 0x15104a47ec80>,5,1,[2 8],6,9,10,3,7
1,<environment.Job instance at 0x15104aa220f0>,8,2,[7 2],9,9,11,0,9
1,<environment.Job instance at 0x15104a47e370>,3,2,[1 6],4,10,12,6,10
1,<environment.Job instance at 0x15104a47e460>,10,2,[9 1],11,11,13,0,11
1,<environment.Job instance at 0x15104aa22f00>,13,3,[2 9],16,16,19,0,16
1,<environment.Job instance at 0x15107f2edd70>,14,2,[1 9],18,19,21,1,18
1,<environment.Job instance at 0x15107f2edc80>,16,3,[9 1],21,21,24,0,21
1,<environment.Job instance at 0x15107f2ed9b0>,17,3,[1 8],23,62,65,39,62
1,<environment.Job instance at 0x15107f2edd20>,20,2,[1 8],29,70,72,41,70
1,<environment.Job instance at 0x15107f2ed500>,21,17,[1 6],30,887,904,857,887
1,<environment.Job instance at 0x15107f2edbe0>,22,17,[10  2],31,904,921,873,892
1,<environment.Job instance at 0x15107964b190>,36,3,[8 1],48,901,904,853,901
1,<environment.Job instance at 0x15107964b6e0>,46,2,[ 1 10],61,921,923,860,920
1,<environment.Job instance at 0x15107964f820>,55,16,[ 1 10],73,923,939,850,920
1,<environment.Job instance at 0x15107964f9b0>,58,1,[1 5],77,939,940,862,920
1,<environment.Job instance at 0x15104a96f5a0>,59,1,[7 2],78,939,940,861,920
1,<environment.Job instance at 0x15104a96f370>,60,3,[ 2 10],80,940,943,860,920
1,<environment.Job instance at 0x15104a96f960>,61,1,[6 2],81,943,944,862,920
1,<environment.Job instance at 0x15104a96f3c0>,62,3,[10  2],83,944,947,861,920
1,<environment.Job instance at 0x15104a96f1e0>,63,3,[2 7],85,947,950,862,921
1,<environment.Job instance at 0x15104a96f410>,65,13,[ 2 10],88,950,963,862,935
1,<environment.Job instance at 0x15104a96fd20>,66,1,[1 5],91,943,944,852,935
1,<environment.Job instance at 0x15104a96fb90>,69,1,[8 2],95,948,949,853,948
1,<environment.Job instance at 0x15104a96f190>,70,2,[ 2 10],96,963,965,867,948
1,<environment.Job instance at 0x15104a96fc80>,71,1,[1 6],97,965,966,868,948
1,<environment.Job instance at 0x15104a96fa50>,72,1,[ 1 10],102,966,967,864,950
1,<environment.Job instance at 0x15104a96f230>,74,3,[7 1],104,967,970,863,950
1,<environment.Job instance at 0x15104a96f280>,75,1,[ 1 10],105,970,971,865,950
1,<environment.Job instance at 0x15107964f460>,57,15,[2 8],75,971,986,896,957
1,<environment.Job instance at 0x15104a96fcd0>,77,3,[2 9],107,967,970,860,957
1,<environment.Job instance at 0x15104a96fd70>,78,14,[ 1 10],108,986,1000,878,971
1,<environment.Job instance at 0x15104a96faf0>,79,18,[2 8],109,1000,1018,891,989
1,<environment.Job instance at 0x15107ea39f00>,84,2,[2 6],116,1018,1020,902,991
1,<environment.Job instance at 0x15104a53df50>,85,2,[9 1],118,1020,1022,902,993
1,<environment.Job instance at 0x15107ea39a50>,86,2,[8 1],120,1000,1002,880,993
1,<environment.Job instance at 0x15107ea39fa0>,87,1,[ 1 10],123,1022,1023,899,994
1,<environment.Job instance at 0x15107ea39d20>,88,1,[8 1],124,1002,1003,878,994
1,<environment.Job instance at 0x15107ea394b0>,89,1,[8 1],125,1003,1004,878,994
1,<environment.Job instance at 0x15107ea39230>,90,3,[2 7],126,1023,1026,897,997
1,<environment.Job instance at 0x15107ea393c0>,92,3,[1 6],132,1026,1029,894,1000
1,<environment.Job instance at 0x15107ea39410>,94,12,[5 2],134,1004,1016,870,1000
1,<environment.Job instance at 0x15107ea39c80>,95,16,[2 6],135,1029,1045,894,1016
1,<environment.Job instance at 0x15107ea395a0>,102,3,[7 2],151,1016,1019,865,1016
1,<environment.Job instance at 0x15107ea39eb0>,103,3,[9 2],153,1026,1029,873,1016
1,<environment.Job instance at 0x15107ea396e0>,104,3,[1 6],156,1045,1048,889,1019
1,<environment.Job instance at 0x151080d57c80>,107,2,[2 5],159,1048,1050,889,1021
1,<environment.Job instance at 0x151080d57fa0>,108,3,[1 8],160,1050,1053,890,1024
1,<environment.Job instance at 0x151080d57dc0>,109,1,[10  2],161,1053,1054,892,1025
1,<environment.Job instance at 0x1510741b2690>,112,3,[9 2],166,1045,1048,879,1036
1,<environment.Job instance at 0x151080d57d20>,110,18,[1 8],163,1054,1072,891,1043
1,<environment.Job instance at 0x1510741b2820>,114,2,[6 2],168,1043,1045,875,1043
1,<environment.Job instance at 0x151080d57c30>,1,13,[8 1],4,5,18,1,5
1,<environment.Job instance at 0x15104a4287d0>,2,2,[2 6],5,8,10,3,8
1,<environment.Job instance at 0x15104a57f550>,4,1,[2 9],9,10,11,1,9
1,<environment.Job instance at 0x15104a57f3c0>,5,1,[2 6],10,11,12,1,10
1,<environment.Job instance at 0x15107429c050>,6,2,[1 8],11,12,14,1,11
1,<environment.Job instance at 0x15104a57fa00>,7,1,[8 2],13,18,19,5,13
1,<environment.Job instance at 0x15107ea39050>,3,17,[2 7],8,14,31,6,14
1,<environment.Job instance at 0x15107429ce10>,9,2,[2 8],16,31,33,15,16
1,<environment.Job instance at 0x15107429caf0>,8,13,[1 9],14,33,46,19,17
1,<environment.Job instance at 0x15107987b1e0>,19,21,[2 6],29,46,67,17,38
1,<environment.Job instance at 0x15107987bc80>,26,14,[2 8],38,67,81,29,52
1,<environment.Job instance at 0x15107987b960>,27,1,[6 2],40,52,53,12,52
1,<environment.Job instance at 0x151049ffd730>,29,1,[1 7],42,81,82,39,53
1,<environment.Job instance at 0x151049ffd550>,30,2,[1 8],43,82,84,39,55
1,<environment.Job instance at 0x151049ffd5f0>,32,15,[2 9],47,84,99,37,70
1,<environment.Job instance at 0x151049ffdeb0>,34,13,[9 1],49,99,112,50,83
1,<environment.Job instance at 0x151049ffd6e0>,35,2,[1 6],50,99,101,49,83
1,<environment.Job instance at 0x151049ffd370>,39,2,[6 2],55,112,114,57,85
1,<environment.Job instance at 0x151049ff9190>,40,16,[5 1],58,114,130,56,101
1,<environment.Job instance at 0x151049ff9fa0>,47,2,[7 2],67,130,132,63,103
1,<environment.Job instance at 0x151049ff9230>,48,13,[6 1],68,132,145,64,116
1,<environment.Job instance at 0x151049ff9a00>,52,17,[8 1],73,145,162,72,133
1,<environment.Job instance at 0x151049ff9f00>,57,1,[2 5],82,133,134,51,133
1,<environment.Job instance at 0x15107f388820>,67,1,[9 1],97,162,163,65,134
1,<environment.Job instance at 0x15107f388690>,68,12,[1 7],99,134,146,35,134
1,<environment.Job instance at 0x15107f388410>,69,1,[7 1],100,163,164,63,135
1,<environment.Job instance at 0x15107406f3c0>,70,2,[2 7],101,146,148,45,135
1,<environment.Job instance at 0x15104a60f0a0>,71,23,[2 9],102,163,186,61,157
1,<environment.Job instance at 0x15108094f8c0>,73,2,[7 1],104,164,166,60,157
1,<environment.Job instance at 0x1510798922d0>,74,1,[1 6],106,157,158,51,157
1,<environment.Job instance at 0x15104a5e1320>,87,2,[9 1],129,186,188,57,159
1,<environment.Job instance at 0x151074260a00>,88,12,[8 1],130,166,178,36,159
1,<environment.Job instance at 0x15104a38a2d0>,89,12,[7 1],131,188,200,57,171
1,<environment.Job instance at 0x15104a67e5a0>,90,3,[10  1],132,200,203,68,174
1,<environment.Job instance at 0x15104a67e5f0>,91,3,[7 1],133,178,181,45,174
1,<environment.Job instance at 0x15104a77f780>,95,3,[2 9],138,188,191,50,187
1,<environment.Job instance at 0x15104a77fb40>,97,3,[1 8],144,191,194,47,187
1,<environment.Job instance at 0x15104a57ee60>,100,3,[1 7],147,194,197,47,187
1,<environment.Job instance at 0x15104a77fd70>,102,3,[1 8],150,197,200,47,188
1,<environment.Job instance at 0x15104a5e9af0>,106,2,[6 2],159,223,225,64,223
1,<environment.Job instance at 0x15107f32dcd0>,111,1,[9 2],167,230,231,63,230
1,<environment.Job instance at 0x15107f32db90>,113,18,[2 7],169,231,249,62,230
1,<environment.Job instance at 0x15107986d0f0>,1,3,[6 2],5,63,66,58,63
1,<environment.Job instance at 0x15104abbc8c0>,5,1,[8 2],9,69,70,60,69
1,<environment.Job instance at 0x15107e9445a0>,6,1,[1 6],10,222,223,212,222
1,<environment.Job instance at 0x15107e9444b0>,7,2,[1 8],11,343,345,332,343
1,<environment.Job instance at 0x15107e9447d0>,8,16,[9 2],12,386,402,374,386
1,<environment.Job instance at 0x15107e944f50>,9,15,[ 1 10],13,910,925,897,910
1,<environment.Job instance at 0x15104abdb370>,10,1,[5 1],14,995,996,981,995
1,<environment.Job instance at 0x15107e944c80>,11,2,[2 7],15,1166,1168,1151,1166
1,<environment.Job instance at 0x15107e944640>,12,2,[9 1],16,1168,1170,1152,1166
1,<environment.Job instance at 0x15107e944780>,13,1,[1 8],17,1388,1389,1371,1388
1,<environment.Job instance at 0x15107e944be0>,14,2,[10  2],18,1402,1404,1384,1402
1,<environment.Job instance at 0x15104a092960>,15,1,[9 2],19,1411,1412,1392,1411
1,<environment.Job instance at 0x15104a092190>,16,14,[2 7],20,1559,1573,1539,1559
1,<environment.Job instance at 0x15104a0924b0>,17,1,[10  1],22,1606,1607,1584,1606
1,<environment.Job instance at 0x15104a092550>,19,2,[2 9],26,1608,1610,1582,1608
1,<environment.Job instance at 0x1510791fdf50>,21,17,[2 6],28,1996,2013,1968,1996
1,<environment.Job instance at 0x1510791fd1e0>,22,1,[1 6],29,2566,2567,2537,2566
1,<environment.Job instance at 0x1510791fdc80>,23,17,[1 9],31,2801,2818,2770,2801
1,<environment.Job instance at 0x1510791fd6e0>,1,2,[2 8],3,3,5,0,3
1,<environment.Job instance at 0x1510785950f0>,2,3,[1 7],5,5,8,0,5
1,<environment.Job instance at 0x1510791fdc80>,3,2,[8 1],7,7,9,0,7
1,<environment.Job instance at 0x151074088500>,4,3,[9 2],8,9,12,1,8
1,<environment.Job instance at 0x1510740886e0>,5,13,[2 5],12,13,26,1,13
1,<environment.Job instance at 0x1510740883c0>,6,12,[2 7],13,26,38,13,15
1,<environment.Job instance at 0x151074088a50>,9,3,[2 6],16,38,41,22,16
1,<environment.Job instance at 0x151074088b40>,10,3,[8 1],17,17,20,0,17
1,<environment.Job instance at 0x151074088c80>,11,1,[6 1],18,20,21,2,18
1,<environment.Job instance at 0x151074088dc0>,12,3,[6 1],19,21,24,2,19
1,<environment.Job instance at 0x151074088f00>,13,3,[9 1],20,41,44,21,20
1,<environment.Job instance at 0x151074088eb0>,14,3,[2 9],21,44,47,23,21
1,<environment.Job instance at 0x15107408a320>,16,1,[10  2],25,47,48,22,25
1,<environment.Job instance at 0x15107408a410>,17,1,[5 1],26,26,27,0,26
1,<environment.Job instance at 0x15107408a5a0>,18,3,[1 8],27,41,44,14,27
1,<environment.Job instance at 0x15107408acd0>,24,3,[8 2],36,36,39,0,36
1,<environment.Job instance at 0x15107408af50>,27,3,[5 1],39,44,47,5,39
1,<environment.Job instance at 0x151074088e60>,15,14,[2 5],22,48,62,26,40
1,<environment.Job instance at 0x1510740a03c0>,29,2,[6 2],45,48,50,3,45
1,<environment.Job instance at 0x1510740a04b0>,30,12,[2 8],46,62,74,16,46
1,<environment.Job instance at 0x1510740a0640>,31,13,[9 2],48,74,87,26,58
1,<environment.Job instance at 0x1510740a0500>,37,1,[10  1],55,87,88,32,59
1,<environment.Job instance at 0x1510740a0be0>,38,2,[5 1],56,59,61,3,59
1,<environment.Job instance at 0x1510740a0d20>,40,12,[5 2],58,61,73,3,59
1,<environment.Job instance at 0x151074092140>,43,1,[10  1],65,88,89,23,65
1,<environment.Job instance at 0x1510740922d0>,44,14,[6 1],66,89,103,23,74
1,<environment.Job instance at 0x151074092370>,46,2,[2 6],69,89,91,20,74
1,<environment.Job instance at 0x1510740925f0>,47,3,[1 6],70,74,77,4,74
1,<environment.Job instance at 0x151074092730>,48,3,[1 9],71,91,94,20,74
1,<environment.Job instance at 0x1510740926e0>,49,2,[7 2],72,103,105,31,76
1,<environment.Job instance at 0x1510740928c0>,50,2,[9 1],74,105,107,31,99
1,<environment.Job instance at 0x151074092690>,51,2,[2 6],78,107,109,29,104
1,<environment.Job instance at 0x151074092960>,52,3,[2 7],80,162,165,82,162
1,<environment.Job instance at 0x151074092e60>,53,3,[6 2],82,178,181,96,178
1,<environment.Job instance at 0x151074092f00>,54,3,[2 5],84,190,193,106,190
1,<environment.Job instance at 0x151074092f50>,55,21,[1 9],85,193,214,108,190
1,<environment.Job instance at 0x151074092cd0>,56,1,[2 6],87,214,215,127,209
1,<environment.Job instance at 0x151074092eb0>,57,2,[9 1],88,210,212,122,210
1,<environment.Job instance at 0x151074092e10>,58,16,[ 1 10],90,215,231,125,215
1,<environment.Job instance at 0x1510740a6280>,59,18,[10  1],91,231,249,140,222
1,<environment.Job instance at 0x1510740a62d0>,60,2,[7 2],92,249,251,157,240
1,<environment.Job instance at 0x1510740a60a0>,1,2,[9 1],2,2,4,0,2
1,<environment.Job instance at 0x15104a4bc820>,4,15,[5 1],6,6,21,0,6
1,<environment.Job instance at 0x15107f2ff370>,8,3,[ 1 10],10,21,24,11,10
1,<environment.Job instance at 0x151049ffd4b0>,10,2,[1 9],12,12,14,0,12
1,<environment.Job instance at 0x15107f2ff460>,11,3,[1 7],16,18,21,2,18
1,<environment.Job instance at 0x15107974fd70>,12,1,[5 1],18,24,25,6,18
1,<environment.Job instance at 0x15107f308f50>,14,1,[5 1],20,24,25,4,20
1,<environment.Job instance at 0x15107f2ff3c0>,15,2,[1 6],22,25,27,3,22
1,<environment.Job instance at 0x15104a68aa50>,16,12,[ 1 10],24,27,39,3,24
1,<environment.Job instance at 0x15107b85deb0>,19,19,[7 2],28,39,58,11,29
1,<environment.Job instance at 0x1510797ae280>,21,13,[9 2],30,58,71,28,42
1,<environment.Job instance at 0x151079725fa0>,29,3,[2 9],40,71,74,31,45
1,<environment.Job instance at 0x15107f2cd960>,30,3,[1 6],41,45,48,4,45
1,<environment.Job instance at 0x15104aab7b40>,24,1,[2 5],33,48,49,15,45
1,<environment.Job instance at 0x15104a589f50>,32,2,[ 1 10],43,74,76,31,47
1,<environment.Job instance at 0x15107e961cd0>,33,1,[2 9],44,76,77,32,48
1,<environment.Job instance at 0x15107e9618c0>,34,21,[10  1],45,77,98,32,69
1,<environment.Job instance at 0x151078576910>,41,3,[1 5],54,98,101,44,91
1,<environment.Job instance at 0x151078576fa0>,42,15,[10  1],55,101,116,46,91
1,<environment.Job instance at 0x15107b88d3c0>,43,17,[1 9],58,117,134,59,117
1,<environment.Job instance at 0x15104a339910>,44,1,[5 1],59,126,127,67,126
1,<environment.Job instance at 0x15104a339780>,45,3,[6 1],60,127,130,67,126
1,<environment.Job instance at 0x15107a1a2230>,46,3,[8 2],63,134,137,71,126
1,<environment.Job instance at 0x15104a339960>,47,18,[7 1],65,137,155,72,126
1,<environment.Job instance at 0x15107d507d20>,48,3,[2 5],66,143,146,77,143
1,<environment.Job instance at 0x15107d507320>,49,1,[1 6],67,146,147,79,143
1,<environment.Job instance at 0x15107d5078c0>,50,2,[8 1],68,155,157,87,145
1,<environment.Job instance at 0x15107d507640>,51,2,[1 7],69,149,151,80,149
1,<environment.Job instance at 0x15104a2d0c80>,52,2,[7 2],70,157,159,87,149
1,<environment.Job instance at 0x15104a2d0e10>,53,2,[7 1],71,159,161,88,149
1,<environment.Job instance at 0x15104a2460a0>,0,1,[1 6],1,1,2,0,1
1,<environment.Job instance at 0x15104a2469b0>,1,3,[1 6],3,4,7,1,4
1,<environment.Job instance at 0x151077a1f460>,4,3,[1 8],7,7,10,0,7
1,<environment.Job instance at 0x151074141fa0>,5,1,[2 8],8,10,11,2,8
1,<environment.Job instance at 0x151074141b90>,6,3,[1 6],9,11,14,2,9
1,<environment.Job instance at 0x151074141460>,8,3,[6 1],11,11,14,0,11
1,<environment.Job instance at 0x151074141870>,9,1,[6 2],12,14,15,2,12
1,<environment.Job instance at 0x1510741419b0>,10,2,[8 1],13,15,17,2,13
1,<environment.Job instance at 0x151074141190>,12,20,[6 1],15,18,38,3,18
1,<environment.Job instance at 0x151080935d20>,15,3,[2 8],19,22,25,3,22
1,<environment.Job instance at 0x151080935370>,19,1,[6 1],24,38,39,14,24
1,<environment.Job instance at 0x1510809351e0>,20,2,[2 5],26,34,36,8,34
1,<environment.Job instance at 0x15107a2edf00>,25,3,[ 2 10],33,39,42,6,38
1,<environment.Job instance at 0x15107a2edaa0>,26,1,[8 2],35,42,43,7,38
1,<environment.Job instance at 0x15104a840f50>,29,3,[9 1],39,43,46,4,39
1,<environment.Job instance at 0x151077f603c0>,30,2,[5 1],40,46,48,6,43
1,<environment.Job instance at 0x1510741417d0>,11,23,[1 9],14,44,67,30,44
1,<environment.Job instance at 0x151077f60be0>,34,2,[8 1],47,48,50,1,48
1,<environment.Job instance at 0x15107a17f050>,36,2,[2 7],52,67,69,15,52
1,<environment.Job instance at 0x15107a17ff50>,37,1,[9 2],54,69,70,15,54
1,<environment.Job instance at 0x151077f605f0>,33,15,[1 8],44,69,84,25,55
1,<environment.Job instance at 0x15107a17f370>,39,2,[2 6],57,84,86,27,57
1,<environment.Job instance at 0x15104a260b90>,40,3,[6 2],58,70,73,12,58
1,<environment.Job instance at 0x15104a260f50>,41,1,[5 2],60,67,68,7,62
1,<environment.Job instance at 0x15104a260230>,43,1,[ 1 10],64,86,87,22,64
1,<environment.Job instance at 0x15107a5a6c30>,47,3,[7 1],70,73,76,3,71
1,<environment.Job instance at 0x15104a260370>,44,13,[9 2],65,87,100,22,72
1,<environment.Job instance at 0x1510802b7140>,49,16,[1 8],73,87,103,14,74
1,<environment.Job instance at 0x1510802b77d0>,50,18,[2 7],75,134,152,59,134
1,<environment.Job instance at 0x1510802b7b90>,53,3,[6 1],80,156,159,76,156
1,<environment.Job instance at 0x1510802b7190>,54,2,[8 2],81,161,163,80,161
1,<environment.Job instance at 0x1510802b71e0>,51,16,[1 8],76,2171,2187,2095,2171
1,<environment.Job instance at 0x15104a3ffbe0>,1,2,[7 2],2,2,4,0,2
1,<environment.Job instance at 0x1510798857d0>,2,1,[10  2],3,5,6,2,5
1,<environment.Job instance at 0x15104a8e2320>,3,3,[1 5],5,6,9,1,6
1,<environment.Job instance at 0x15107e975a00>,4,2,[6 2],6,6,8,0,6
1,<environment.Job instance at 0x15107e975b40>,5,3,[2 7],7,9,12,2,9
1,<environment.Job instance at 0x15107e9755a0>,7,2,[8 1],11,22,24,11,22
1,<environment.Job instance at 0x15107e975d20>,12,2,[2 7],19,59,61,40,59
1,<environment.Job instance at 0x15107e975190>,14,3,[5 2],22,61,64,39,61
1,<environment.Job instance at 0x15107e9758c0>,8,20,[1 9],12,186,206,174,186
1,<environment.Job instance at 0x15104a430140>,44,3,[ 2 10],67,293,296,226,293
1,<environment.Job instance at 0x15104a4300a0>,46,3,[6 1],70,296,299,226,293
1,<environment.Job instance at 0x15104a430c80>,47,3,[6 1],75,304,307,229,304
1,<environment.Job instance at 0x15104a430e10>,51,2,[8 1],80,311,313,231,311
1,<environment.Job instance at 0x15104a4cf3c0>,54,3,[1 6],86,321,324,235,321
1,<environment.Job instance at 0x15104a4cf1e0>,57,3,[1 6],89,336,339,247,336
1,<environment.Job instance at 0x15107972e870>,62,1,[7 2],103,340,341,237,340
1,<environment.Job instance at 0x15107972e460>,65,3,[8 1],106,341,344,235,341
1,<environment.Job instance at 0x15107972e280>,66,3,[6 1],107,344,347,237,341
1,<environment.Job instance at 0x15107972e3c0>,67,2,[6 2],111,347,349,236,343
1,<environment.Job instance at 0x151079878f50>,99,15,[9 1],155,1859,1874,1704,1859
1,<environment.Job instance at 0x153ec8394960>,1,3,[1 9],2,2,5,0,2
1,<environment.Job instance at 0x153ebe72fa00>,4,2,[7 2],5,6,8,1,6
1,<environment.Job instance at 0x153ec8394c30>,5,3,[9 2],6,8,11,2,6
1,<environment.Job instance at 0x153ebe72fbe0>,7,1,[2 6],8,11,12,3,9
1,<environment.Job instance at 0x153ebe72fcd0>,9,2,[6 1],11,11,13,0,11
1,<environment.Job instance at 0x153ebe72fe10>,8,13,[6 1],9,13,26,4,12
1,<environment.Job instance at 0x153ebe732370>,11,3,[1 8],13,13,16,0,13
1,<environment.Job instance at 0x153ebe7324b0>,12,3,[1 8],14,16,19,2,14
1,<environment.Job instance at 0x153ebe7325f0>,13,2,[8 1],17,26,28,9,17
1,<environment.Job instance at 0x153ec04b8a00>,14,2,[ 1 10],18,28,30,10,18
1,<environment.Job instance at 0x153ebe7262d0>,15,1,[ 1 10],20,30,31,10,20
1,<environment.Job instance at 0x153ebe725be0>,16,1,[2 5],21,21,22,0,21
1,<environment.Job instance at 0x153ebe732190>,10,13,[2 8],12,31,44,19,23
1,<environment.Job instance at 0x153ebe7255f0>,19,3,[6 2],26,31,34,5,26
1,<environment.Job instance at 0x153ebe725910>,23,2,[8 1],31,34,36,3,31
1,<environment.Job instance at 0x153ebe7249b0>,25,2,[2 8],34,44,46,10,34
1,<environment.Job instance at 0x153ebe724af0>,27,2,[2 7],36,46,48,10,36
1,<environment.Job instance at 0x153ebe724b90>,28,2,[2 7],37,48,50,11,38
1,<environment.Job instance at 0x153ec83360f0>,33,1,[2 7],43,50,51,7,43
1,<environment.Job instance at 0x153ebe7240a0>,30,15,[2 9],40,51,66,11,44
1,<environment.Job instance at 0x153ebec285a0>,35,2,[1 8],45,66,68,21,45
1,<environment.Job instance at 0x153ec57a45a0>,36,3,[10  2],48,68,71,20,48
1,<environment.Job instance at 0x153ebebf10f0>,37,2,[ 1 10],50,71,73,21,50
1,<environment.Job instance at 0x153ebe960320>,38,1,[8 1],51,51,52,0,51
1,<environment.Job instance at 0x153ebe96f9b0>,39,3,[1 5],52,73,76,21,53
1,<environment.Job instance at 0x153ebe96f820>,42,1,[10  1],56,76,77,20,58
1,<environment.Job instance at 0x153ebec200a0>,43,3,[7 2],57,73,76,16,58
1,<environment.Job instance at 0x153ebe96bf50>,44,3,[1 8],58,77,80,19,58
1,<environment.Job instance at 0x153ebe984230>,45,3,[2 8],60,80,83,20,60
1,<environment.Job instance at 0x153ebe983c80>,46,2,[2 8],61,279,281,218,279
1,<environment.Job instance at 0x153ebe9837d0>,47,1,[1 6],63,1060,1061,997,1060
1,<environment.Job instance at 0x153ebe983c30>,48,1,[2 9],65,1287,1288,1222,1287
1,<environment.Job instance at 0x153ebe983410>,49,16,[8 2],66,1308,1324,1242,1308
1,<environment.Job instance at 0x153ebe983d70>,50,12,[9 1],68,1324,1336,1256,1316
1,<environment.Job instance at 0x153ebe983f50>,51,2,[8 2],69,1336,1338,1267,1330
1,<environment.Job instance at 0x153ebe983730>,52,2,[1 7],72,1479,1481,1407,1479
1,<environment.Job instance at 0x153ebe983b90>,53,3,[6 1],73,1595,1598,1522,1595
1,<environment.Job instance at 0x153ebe9830f0>,54,2,[2 5],75,2207,2209,2132,2207
1,<environment.Job instance at 0x153ec0405e10>,0,3,[5 1],3,3,6,0,3
1,<environment.Job instance at 0x153ebe9830f0>,2,3,[ 2 10],6,6,9,0,6
1,<environment.Job instance at 0x153ec5fdaeb0>,3,2,[1 9],8,9,11,1,8
1,<environment.Job instance at 0x153ebe983690>,4,2,[ 2 10],11,14,16,3,14
1,<environment.Job instance at 0x153ec0422050>,5,3,[5 2],12,16,19,4,14
1,<environment.Job instance at 0x153ec0422410>,8,2,[2 9],15,19,21,4,15
1,<environment.Job instance at 0x153ec0422e10>,11,2,[9 1],19,21,23,2,19
1,<environment.Job instance at 0x153ec0422460>,12,3,[5 2],20,23,26,3,20
1,<environment.Job instance at 0x153ec0422280>,13,2,[ 1 10],21,26,28,5,21
1,<environment.Job instance at 0x153ec04220f0>,14,13,[ 2 10],22,28,41,6,22
1,<environment.Job instance at 0x153ebf295640>,15,1,[1 7],23,23,24,0,23
1,<environment.Job instance at 0x153ebf295d20>,16,1,[2 9],24,41,42,17,24
1,<environment.Job instance at 0x153ebf295780>,17,15,[1 7],25,42,57,17,28
1,<environment.Job instance at 0x153ebf295870>,19,14,[10  1],29,57,71,28,42
1,<environment.Job instance at 0x153ebf295eb0>,20,12,[7 1],30,42,54,12,42
1,<environment.Job instance at 0x153ebf295dc0>,22,3,[8 1],32,54,57,22,42
1,<environment.Job instance at 0x153ebf295a50>,23,2,[2 5],33,71,73,38,44
1,<environment.Job instance at 0x153ebf295d70>,24,3,[6 1],34,71,74,37,45
1,<environment.Job instance at 0x153ebf295410>,25,2,[10  1],35,74,76,39,47
1,<environment.Job instance at 0x153ebf295a00>,26,3,[ 2 10],37,76,79,39,50
1,<environment.Job instance at 0x153ebf295460>,28,16,[1 6],39,79,95,40,66
1,<environment.Job instance at 0x153ec03d78c0>,31,1,[2 6],43,73,74,30,66
1,<environment.Job instance at 0x153ec03d7f50>,32,16,[9 1],46,79,95,33,66
1,<environment.Job instance at 0x153ec03d7230>,33,15,[9 2],50,95,110,45,81
1,<environment.Job instance at 0x153ec03d7a00>,36,2,[6 2],53,110,112,57,83
1,<environment.Job instance at 0x153ec03d7550>,37,1,[9 1],55,112,113,57,84
1,<environment.Job instance at 0x153ec03d72d0>,38,2,[8 1],56,113,115,57,86
1,<environment.Job instance at 0x153ec03d7be0>,39,1,[ 1 10],57,115,116,58,87
1,<environment.Job instance at 0x153ec0382f00>,40,2,[1 5],59,95,97,36,87
1,<environment.Job instance at 0x153ec03824b0>,41,3,[1 5],60,97,100,37,87
1,<environment.Job instance at 0x153ec0382640>,47,1,[2 8],72,110,111,38,87
1,<environment.Job instance at 0x153ec0382280>,48,18,[10  1],76,116,134,40,105
1,<environment.Job instance at 0x153ebebfa230>,58,16,[1 7],89,136,152,47,136
1,<environment.Job instance at 0x153ec03dc960>,60,2,[6 2],92,156,158,64,156
1,<environment.Job instance at 0x153ebebef190>,61,1,[1 5],93,174,175,81,174
1,<environment.Job instance at 0x153ebe721c80>,62,16,[1 7],94,193,209,99,193
1,<environment.Job instance at 0x153ebc347640>,63,3,[ 2 10],95,209,212,114,202
1,<environment.Job instance at 0x153ec56aef50>,0,1,[6 2],1,1,2,0,1
1,<environment.Job instance at 0x153ec56ae6e0>,1,3,[2 7],3,3,6,0,3
1,<environment.Job instance at 0x153ec039a6e0>,3,2,[8 1],8,8,10,0,8
1,<environment.Job instance at 0x153ec039ad20>,4,2,[1 9],11,19,21,8,19
1,<environment.Job instance at 0x153ec0394320>,8,1,[9 2],15,21,22,6,19
1,<environment.Job instance at 0x153ec03944b0>,9,18,[ 1 10],16,32,50,16,32
1,<environment.Job instance at 0x153ec0394b40>,10,2,[1 6],18,50,52,32,47
1,<environment.Job instance at 0x153ec0394190>,11,3,[ 2 10],20,52,55,32,47
1,<environment.Job instance at 0x153ec0394e60>,12,1,[7 2],21,55,56,34,54
1,<environment.Job instance at 0x153ec03949b0>,13,3,[9 1],22,56,59,34,55
1,<environment.Job instance at 0x153ec0394370>,14,16,[9 1],23,59,75,36,57
1,<environment.Job instance at 0x153ec0394050>,15,1,[6 2],25,75,76,50,66
1,<environment.Job instance at 0x153ec03940f0>,16,3,[2 7],26,75,78,49,66
1,<environment.Job instance at 0x153ec0394280>,17,14,[7 2],27,76,90,49,66
1,<environment.Job instance at 0x153ec0394870>,18,2,[ 1 10],29,90,92,61,79
1,<environment.Job instance at 0x153ec03945a0>,19,3,[10  2],30,92,95,62,79
1,<environment.Job instance at 0x153ec03940a0>,20,2,[2 9],31,95,97,64,80
1,<environment.Job instance at 0x153ec0394c80>,21,3,[9 1],34,97,100,63,82
1,<environment.Job instance at 0x153ec0394960>,22,18,[6 2],36,100,118,64,97
1,<environment.Job instance at 0x153ec03fc320>,25,14,[1 6],42,118,132,76,118
1,<environment.Job instance at 0x153ec03fc280>,26,2,[5 1],43,126,128,83,126
1,<environment.Job instance at 0x153ec03fc6e0>,27,1,[2 7],44,132,133,88,129
1,<environment.Job instance at 0x153ec03fcd20>,28,2,[10  2],45,133,135,88,129
1,<environment.Job instance at 0x153ec03fc0a0>,29,2,[6 1],46,135,137,89,135
1,<environment.Job instance at 0x153ec03fc3c0>,30,3,[9 2],48,137,140,89,135
1,<environment.Job instance at 0x153ec03fc2d0>,31,3,[6 2],51,143,146,92,143
1,<environment.Job instance at 0x153ec03fc9b0>,32,2,[5 2],52,158,160,106,158
1,<environment.Job instance at 0x153ec03fc690>,33,3,[1 7],53,165,168,112,165
1,<environment.Job instance at 0x153ec03fcaf0>,34,2,[9 2],55,166,168,111,166
1,<environment.Job instance at 0x153ec03fc410>,35,1,[7 2],56,169,170,113,169
1,<environment.Job instance at 0x153ec03fc140>,36,3,[1 7],58,173,176,115,173
1,<environment.Job instance at 0x153ec03fc640>,37,14,[1 6],59,207,221,148,207
1,<environment.Job instance at 0x153ec03fc550>,38,14,[1 9],60,221,235,161,207
1,<environment.Job instance at 0x153ec03fce60>,39,3,[6 1],63,215,218,152,215
1,<environment.Job instance at 0x153ec0412f50>,41,2,[2 9],65,235,237,170,215
1,<environment.Job instance at 0x153ec0412d70>,42,2,[2 5],66,237,239,171,215
1,<environment.Job instance at 0x153ec0412a50>,43,16,[2 9],67,239,255,172,226
1,<environment.Job instance at 0x153ec0412a00>,44,12,[5 2],68,255,267,187,238
1,<environment.Job instance at 0x153ec0412c80>,47,1,[10  1],74,267,268,193,239
1,<environment.Job instance at 0x153ec0412be0>,50,16,[2 8],79,268,284,189,260
1,<environment.Job instance at 0x153ec0322dc0>,51,13,[ 2 10],82,284,297,202,271
1,<environment.Job instance at 0x153ec0400c30>,52,1,[2 6],83,297,298,214,294
1,<environment.Job instance at 0x153ec039a280>,53,2,[1 5],85,300,302,215,300
1,<environment.Job instance at 0x153ec04054b0>,54,2,[8 1],86,314,316,228,314
1,<environment.Job instance at 0x153ec0405dc0>,55,3,[2 9],87,315,318,228,315
1,<environment.Job instance at 0x153ec04051e0>,56,1,[5 1],89,334,335,245,334
1,<environment.Job instance at 0x153ec0405280>,57,3,[1 5],90,363,366,273,363
1,<environment.Job instance at 0x153ec0405aa0>,58,2,[1 9],91,376,378,285,376
1,<environment.Job instance at 0x153ec0405690>,59,3,[2 8],92,378,381,286,376
1,<environment.Job instance at 0x153ec04055a0>,60,1,[1 8],95,407,408,312,407
1,<environment.Job instance at 0x153ec0405be0>,61,16,[2 6],96,423,439,327,423
1,<environment.Job instance at 0x153ec0405af0>,62,3,[1 6],97,439,442,342,423
1,<environment.Job instance at 0x153ec0405f00>,63,2,[8 2],98,427,429,329,427
1,<environment.Job instance at 0x153ec04050f0>,64,14,[9 1],100,439,453,339,427
1,<environment.Job instance at 0x153ec0405190>,65,3,[10  1],101,453,456,352,443
1,<environment.Job instance at 0x153ec0405460>,66,2,[1 7],102,451,453,349,451
1,<environment.Job instance at 0x153ec0405410>,67,15,[1 5],103,458,473,355,458
1,<environment.Job instance at 0x153ec045b050>,68,3,[1 9],104,477,480,373,477
1,<environment.Job instance at 0x153ec045baf0>,69,2,[1 8],106,480,482,374,479
1,<environment.Job instance at 0x153ec045b410>,70,2,[1 5],108,491,493,383,491
1,<environment.Job instance at 0x153ec045bbe0>,71,15,[10  1],109,493,508,384,491
1,<environment.Job instance at 0x153ec045b0f0>,72,1,[2 8],110,508,509,398,493
1,<environment.Job instance at 0x153ec045b2d0>,73,1,[8 2],111,508,509,397,497
1,<environment.Job instance at 0x153ebe71b960>,1,3,[1 7],3,3,6,0,3
1,<environment.Job instance at 0x153ea55e39b0>,3,14,[1 6],5,6,20,1,5
1,<environment.Job instance at 0x153ea55e3aa0>,5,3,[5 1],7,7,10,0,7
1,<environment.Job instance at 0x153ea55e3460>,6,1,[10  1],8,20,21,12,8
1,<environment.Job instance at 0x153ea5611410>,7,1,[1 8],9,21,22,12,9
1,<environment.Job instance at 0x153ea5611280>,8,12,[9 2],10,21,33,11,10
1,<environment.Job instance at 0x153ea5611460>,10,3,[9 2],12,12,15,0,12
1,<environment.Job instance at 0x153ebc21b9b0>,13,16,[ 2 10],15,33,49,18,26
1,<environment.Job instance at 0x153ec100abe0>,18,2,[1 8],22,26,28,4,26
1,<environment.Job instance at 0x153ec100a370>,19,14,[6 1],23,49,63,26,34
1,<environment.Job instance at 0x153ec100a410>,22,2,[7 1],26,63,65,37,36
1,<environment.Job instance at 0x153ec100a640>,23,3,[7 1],27,65,68,38,39
1,<environment.Job instance at 0x153ec100a6e0>,30,3,[1 9],38,49,52,11,48
1,<environment.Job instance at 0x153ec100aa00>,24,13,[10  1],28,68,81,40,56
1,<environment.Job instance at 0x153ebc25edc0>,32,3,[2 9],40,56,59,16,56
1,<environment.Job instance at 0x153ebc25ed20>,33,23,[1 6],41,81,104,40,75
1,<environment.Job instance at 0x153ebc25e0f0>,40,1,[7 1],56,81,82,25,75
1,<environment.Job instance at 0x153ebc25e1e0>,41,2,[5 1],57,82,84,25,75
1,<environment.Job instance at 0x153ebc25ef00>,42,14,[2 5],58,104,118,46,89
1,<environment.Job instance at 0x153ec0497d70>,46,3,[8 1],63,89,92,26,89
1,<environment.Job instance at 0x153ec0497820>,47,3,[2 6],66,118,121,52,92
1,<environment.Job instance at 0x153ec0497550>,50,1,[1 9],72,121,122,49,108
1,<environment.Job instance at 0x153ec04974b0>,51,3,[2 9],74,122,125,48,108
1,<environment.Job instance at 0x153ec0497be0>,52,1,[10  2],75,125,126,50,110
1,<environment.Job instance at 0x153ec0497fa0>,49,16,[1 5],71,126,142,55,113
1,<environment.Job instance at 0x153ec0497910>,57,3,[10  2],83,142,145,59,123
1,<environment.Job instance at 0x153ec563cbe0>,58,2,[1 6],87,145,147,58,123
1,<environment.Job instance at 0x153ec563c0f0>,59,3,[1 9],88,147,150,59,124
1,<environment.Job instance at 0x153ec563c410>,61,1,[6 2],92,137,138,45,137
1,<environment.Job instance at 0x153ec563c1e0>,62,3,[10  2],94,150,153,56,137
1,<environment.Job instance at 0x153ec563c500>,63,3,[5 1],98,145,148,47,141
1,<environment.Job instance at 0x153ec563cf50>,64,1,[2 8],99,153,154,54,142
1,<environment.Job instance at 0x153ec563cb40>,65,2,[7 2],100,153,155,53,142
1,<environment.Job instance at 0x153ec563c960>,66,2,[6 2],101,155,157,54,142
1,<environment.Job instance at 0x153ec563c780>,67,3,[9 1],102,157,160,55,142
1,<environment.Job instance at 0x153ec563c370>,69,2,[5 2],104,160,162,56,149
1,<environment.Job instance at 0x153ec0497e10>,54,26,[2 8],78,160,186,82,157
1,<environment.Job instance at 0x153ec563dc80>,73,2,[6 1],109,177,179,68,177
1,<environment.Job instance at 0x153ec563da00>,74,2,[ 1 10],110,186,188,76,177
1,<environment.Job instance at 0x153ec563d2d0>,75,3,[9 2],112,188,191,76,177
1,<environment.Job instance at 0x153ec563d8c0>,76,2,[5 1],113,179,181,66,177
1,<environment.Job instance at 0x153ec563c8c0>,71,21,[1 8],106,188,209,82,180
1,<environment.Job instance at 0x153ec563d230>,78,3,[9 2],115,191,194,76,180
1,<environment.Job instance at 0x153ec76028c0>,79,2,[2 9],117,209,211,92,182
1,<environment.Job instance at 0x153ec7602370>,80,15,[2 8],122,211,226,89,197
1,<environment.Job instance at 0x153ec7602e10>,82,13,[10  1],125,226,239,101,210
1,<environment.Job instance at 0x153ec7602190>,84,1,[10  2],128,239,240,111,211
1,<environment.Job instance at 0x153ec7602690>,85,3,[2 8],129,240,243,111,214
1,<environment.Job instance at 0x153ec76024b0>,87,2,[8 2],135,214,216,79,214
1,<environment.Job instance at 0x153ec84f98c0>,89,3,[6 2],137,219,222,82,219
1,<environment.Job instance at 0x153ea55efb90>,93,2,[7 2],145,240,242,95,226
1,<environment.Job instance at 0x153ec822cb90>,99,3,[2 5],154,249,252,95,249
1,<environment.Job instance at 0x153ea5330b40>,102,13,[8 2],157,252,265,95,252
1,<environment.Job instance at 0x153ebc1bccd0>,104,15,[6 1],159,265,280,106,255
1,<environment.Job instance at 0x153ebc0bca00>,110,3,[ 1 10],166,280,283,114,255
1,<environment.Job instance at 0x153ec56addc0>,111,3,[1 5],167,255,258,88,255
1,<environment.Job instance at 0x153ec604b410>,112,3,[2 7],168,258,261,90,255
1,<environment.Job instance at 0x153ec75ff8c0>,113,13,[2 5],169,261,274,92,255
1,<environment.Job instance at 0x153ec0fd8e60>,114,2,[2 8],170,274,276,104,255
1,<environment.Job instance at 0x153ec04e1280>,115,2,[5 1],171,283,285,112,256
1,<environment.Job instance at 0x153ebe958280>,116,1,[6 2],176,285,286,109,257
1,<environment.Job instance at 0x153ec04cd4b0>,117,1,[1 9],177,276,277,99,257
1,<environment.Job instance at 0x153ec04d4910>,118,3,[7 1],178,286,289,108,260
1,<environment.Job instance at 0x153ea5698af0>,119,3,[7 2],179,289,292,110,263
1,<environment.Job instance at 0x153ebc25eb40>,39,18,[2 6],54,398,416,344,398
1,<environment.Job instance at 0x153ea52cd9b0>,2,1,[9 1],5,6,7,1,6
1,<environment.Job instance at 0x153ebc25e640>,3,17,[2 8],6,9,26,3,9
1,<environment.Job instance at 0x153ec0521d70>,5,16,[8 1],10,13,29,3,13
1,<environment.Job instance at 0x153ec0557870>,8,3,[1 7],14,26,29,12,14
1,<environment.Job instance at 0x153ec0557e10>,10,1,[10  2],17,29,30,12,17
1,<environment.Job instance at 0x153ec05571e0>,11,2,[7 2],18,30,32,12,18
1,<environment.Job instance at 0x153ec05473c0>,12,16,[1 9],19,32,48,13,19
1,<environment.Job instance at 0x153ec0547eb0>,13,3,[1 5],20,48,51,28,22
1,<environment.Job instance at 0x153ec0fba690>,15,3,[9 2],23,48,51,25,23
1,<environment.Job instance at 0x153ea544dcd0>,18,12,[1 7],27,51,63,24,34
1,<environment.Job instance at 0x153ebc313190>,23,2,[6 2],33,51,53,18,34
1,<environment.Job instance at 0x153ea54d7f00>,25,1,[6 1],36,43,44,7,43
1,<environment.Job instance at 0x153ea5495be0>,26,12,[ 1 10],37,63,75,26,46
1,<environment.Job instance at 0x153ea5362910>,27,3,[2 7],39,75,78,36,49
1,<environment.Job instance at 0x153ec6013910>,28,1,[1 6],40,78,79,38,50
1,<environment.Job instance at 0x153ebc0bcbe0>,29,3,[8 2],41,53,56,12,50
1,<environment.Job instance at 0x153ebc110870>,36,2,[1 9],49,79,81,30,56
1,<environment.Job instance at 0x153ebc110b40>,37,2,[7 2],50,75,77,25,63
1,<environment.Job instance at 0x153ebc0e4a00>,40,1,[8 1],54,77,78,23,68
1,<environment.Job instance at 0x153ebc0e42d0>,41,1,[1 5],56,81,82,25,68
1,<environment.Job instance at 0x153ebc0e4690>,42,1,[10  1],58,82,83,24,68
1,<environment.Job instance at 0x153ebc0e45a0>,43,1,[5 2],59,78,79,19,69
1,<environment.Job instance at 0x153ea52cd960>,6,16,[1 6],11,83,99,72,73
1,<environment.Job instance at 0x153ebc102aa0>,46,1,[10  2],63,99,100,36,73
1,<environment.Job instance at 0x153ebc1d7af0>,47,21,[ 2 10],64,100,121,36,94
1,<environment.Job instance at 0x153ebc1d7eb0>,48,21,[2 5],65,121,142,56,114
1,<environment.Job instance at 0x153ebc111dc0>,52,15,[6 1],70,121,136,51,115
1,<environment.Job instance at 0x153ea53440a0>,53,2,[2 9],71,142,144,71,118
1,<environment.Job instance at 0x153ebc0de500>,54,2,[1 5],72,136,138,64,122
1,<environment.Job instance at 0x153ebc0de3c0>,55,16,[1 8],73,144,160,71,131
1,<environment.Job instance at 0x153ea54ca5a0>,57,1,[9 1],76,144,145,68,131
1,<environment.Job instance at 0x153ea54ca910>,59,2,[10  2],78,160,162,82,133
1,<environment.Job instance at 0x153ea54ca410>,60,15,[9 2],80,145,160,65,133
1,<environment.Job instance at 0x153ea54cab40>,61,2,[5 2],81,138,140,57,133
1,<environment.Job instance at 0x153ea54ca0f0>,62,2,[5 1],82,140,142,58,133
1,<environment.Job instance at 0x153ea54ca550>,63,1,[1 7],83,162,163,79,134
1,<environment.Job instance at 0x153ea54ca320>,64,17,[9 1],86,162,179,76,150
1,<environment.Job instance at 0x153ea54caaf0>,67,1,[2 6],90,179,180,89,151
1,<environment.Job instance at 0x153ea54caa00>,71,2,[7 2],95,179,181,84,152
1,<environment.Job instance at 0x153ea54caf50>,72,2,[9 2],96,181,183,85,154
1,<environment.Job instance at 0x153ec05660f0>,74,2,[ 1 10],98,183,185,85,156
1,<environment.Job instance at 0x153ec0566190>,75,13,[2 6],99,1765,1778,1666,1765
1,<environment.Job instance at 0x153ea52b65f0>,1,2,[1 9],2,1105,1107,1103,1105
1,<environment.Job instance at 0x153ea511d550>,5,2,[10  2],7,1147,1149,1140,1147
1,<environment.Job instance at 0x153ea511d780>,6,1,[6 1],10,1192,1193,1182,1192
1,<environment.Job instance at 0x153ea511d6e0>,7,1,[7 2],12,1283,1284,1271,1283
1,<environment.Job instance at 0x153ea511d690>,8,2,[2 7],13,1896,1898,1883,1896
1,<environment.Job instance at 0x153ea511d820>,9,3,[2 5],14,1940,1943,1926,1940
1,<environment.Job instance at 0x153ea511d8c0>,11,12,[5 2],17,1979,1991,1962,1979
1,<environment.Job instance at 0x153ea511d9b0>,12,1,[10  1],18,1993,1994,1975,1993
1,<environment.Job instance at 0x153ea511dbe0>,13,3,[10  1],21,2010,2013,1989,2010
1,<environment.Job instance at 0x153ea511db90>,14,2,[ 2 10],22,2612,2614,2590,2612
1,<environment.Job instance at 0x153ea511db40>,15,3,[9 2],23,2614,2617,2591,2613
1,<environment.Job instance at 0x153ea511daf0>,16,1,[1 9],24,2979,2980,2955,2979
1,<environment.Job instance at 0x153ea50b1d20>,0,2,[6 2],1,1,3,0,1
1,<environment.Job instance at 0x153ea5250050>,2,2,[5 2],5,7,9,2,7
1,<environment.Job instance at 0x153ea5250e10>,4,3,[6 1],7,9,12,2,7
1,<environment.Job instance at 0x153ea52503c0>,5,2,[ 1 10],8,12,14,4,9
1,<environment.Job instance at 0x153ea5250eb0>,8,2,[10  2],13,14,16,1,13
1,<environment.Job instance at 0x153ea5250a00>,6,1,[7 1],9,16,17,7,13
1,<environment.Job instance at 0x153ea518e5f0>,10,2,[8 2],15,17,19,2,15
1,<environment.Job instance at 0x153ea518e460>,12,3,[8 1],18,19,22,1,19
1,<environment.Job instance at 0x153ea518e820>,14,2,[8 2],23,23,25,0,23
1,<environment.Job instance at 0x153ea518e3c0>,20,14,[2 6],33,306,320,273,306
1,<environment.Job instance at 0x153ea519faa0>,25,12,[2 8],41,326,338,285,326
1,<environment.Job instance at 0x153ea519f500>,26,27,[5 2],42,339,366,297,339
1,<environment.Job instance at 0x153ea5243e60>,44,1,[1 7],70,360,361,290,360
1,<environment.Job instance at 0x153ea5243b40>,46,16,[1 6],72,361,377,289,360
1,<environment.Job instance at 0x153ea5243820>,48,2,[5 1],75,366,368,291,362
1,<environment.Job instance at 0x153ea5243be0>,49,2,[ 2 10],76,377,379,301,370
1,<environment.Job instance at 0x153ea5243140>,52,1,[2 7],80,379,380,299,376
1,<environment.Job instance at 0x153ea5243500>,55,2,[ 2 10],85,380,382,295,378
1,<environment.Job instance at 0x153ea5243410>,60,3,[ 2 10],91,382,385,291,379
1,<environment.Job instance at 0x153ea5243780>,62,1,[9 2],94,401,402,307,401
1,<environment.Job instance at 0x153ea52430a0>,63,1,[2 8],95,402,403,307,401
1,<environment.Job instance at 0x153ea5243aa0>,64,1,[5 1],96,402,403,306,401
1,<environment.Job instance at 0x153ea522fc80>,68,3,[1 9],102,403,406,301,401
1,<environment.Job instance at 0x153ea522fdc0>,70,1,[7 2],105,407,408,302,407
1,<environment.Job instance at 0x153ea522f2d0>,71,1,[10  1],106,409,410,303,409
1,<environment.Job instance at 0x153ea522f690>,72,3,[2 5],108,410,413,302,410
1,<environment.Job instance at 0x153ea522f7d0>,73,2,[6 2],109,410,412,301,410
1,<environment.Job instance at 0x153ea522fcd0>,75,3,[2 9],111,424,427,313,424
1,<environment.Job instance at 0x153ea522f0a0>,76,1,[1 6],112,427,428,315,425
1,<environment.Job instance at 0x153ea522ff00>,80,3,[9 2],116,431,434,315,431
1,<environment.Job instance at 0x153ea522ffa0>,81,2,[1 8],117,431,433,314,431
1,<environment.Job instance at 0x153ea522f780>,83,3,[2 5],119,434,437,315,431
1,<environment.Job instance at 0x153ea513af00>,84,2,[8 1],120,434,436,314,431
1,<environment.Job instance at 0x153ea51dc910>,89,2,[2 9],125,478,480,353,478
1,<environment.Job instance at 0x153ea52138c0>,91,3,[7 2],128,480,483,352,478
1,<environment.Job instance at 0x153ea52135a0>,93,1,[1 8],132,490,491,358,490
1,<environment.Job instance at 0x153ea52136e0>,95,1,[6 1],135,521,522,386,521
1,<environment.Job instance at 0x153ea520d550>,98,3,[7 1],140,522,525,382,521
1,<environment.Job instance at 0x153ea53bca50>,99,1,[6 1],141,525,526,384,521
1,<environment.Job instance at 0x153ec055f320>,100,15,[6 2],142,526,541,384,524
1,<environment.Job instance at 0x153ec055f0a0>,101,3,[2 9],143,541,544,398,524
1,<environment.Job instance at 0x153ea51ba910>,102,17,[1 8],145,544,561,399,537
1,<environment.Job instance at 0x153ec05850f0>,104,16,[2 7],147,762,778,615,762
1,<environment.Job instance at 0x153ec6057730>,116,2,[5 1],162,937,939,775,937
1,<environment.Job instance at 0x153ea50fe7d0>,117,2,[8 2],163,939,941,776,937
1,<environment.Job instance at 0x153ebc02c460>,1,1,[1 6],2,2,3,0,2
1,<environment.Job instance at 0x153ebc28e5a0>,2,14,[1 8],3,4,18,1,4
1,<environment.Job instance at 0x153ebc28ed20>,4,2,[7 2],5,5,7,0,5
1,<environment.Job instance at 0x153ebc28eb90>,6,3,[2 6],7,18,21,11,7
1,<environment.Job instance at 0x153ebc28edc0>,7,3,[1 9],8,21,24,13,8
1,<environment.Job instance at 0x153ebc28ee60>,3,2,[5 1],4,9,11,5,9
1,<environment.Job instance at 0x153ebc28e960>,8,3,[6 1],9,11,14,2,9
1,<environment.Job instance at 0x153ebc316e60>,10,2,[7 1],16,16,18,0,16
1,<environment.Job instance at 0x153ebc316d20>,11,17,[8 1],17,18,35,1,17
1,<environment.Job instance at 0x153ebc316a00>,14,3,[9 1],20,35,38,15,20
1,<environment.Job instance at 0x153ebc309780>,20,3,[5 2],28,38,41,10,28
1,<environment.Job instance at 0x153ebc309fa0>,22,3,[2 7],30,30,33,0,30
1,<environment.Job instance at 0x153ebc309be0>,23,2,[8 2],32,41,43,9,32
1,<environment.Job instance at 0x153ebc309aa0>,24,14,[2 9],37,43,57,6,37
1,<environment.Job instance at 0x153ebc309c80>,27,1,[7 2],42,57,58,15,42
1,<environment.Job instance at 0x153ebc309050>,28,1,[2 8],43,57,58,14,43
1,<environment.Job instance at 0x153ebc309230>,29,2,[2 9],44,58,60,14,44
1,<environment.Job instance at 0x153ea532f910>,30,3,[2 6],45,60,63,15,45
1,<environment.Job instance at 0x153ea532faf0>,31,2,[7 1],47,47,49,0,47
1,<environment.Job instance at 0x153ea532f3c0>,32,1,[ 1 10],48,63,64,15,48
1,<environment.Job instance at 0x153ea539a690>,41,3,[7 2],63,64,67,1,63
1,<environment.Job instance at 0x153ea532f370>,33,26,[2 5],49,66,92,17,66
1,<environment.Job instance at 0x153ea539af50>,44,3,[10  1],68,92,95,24,68
1,<environment.Job instance at 0x153ebc2af320>,49,1,[1 9],75,95,96,20,75
1,<environment.Job instance at 0x153ebc2af410>,50,3,[6 2],76,76,79,0,76
1,<environment.Job instance at 0x153ec12da1e0>,2,2,[2 8],10,10,12,0,10
1,<environment.Job instance at 0x153ebec4caf0>,3,1,[7 1],13,13,14,0,13
1,<environment.Job instance at 0x153ebc17e640>,4,2,[2 6],14,14,16,0,14
1,<environment.Job instance at 0x153ebc17e410>,5,3,[6 2],16,16,19,0,16
1,<environment.Job instance at 0x153ebc17e4b0>,7,2,[5 1],18,19,21,1,18
1,<environment.Job instance at 0x153ebc17e960>,8,3,[9 1],19,21,24,2,19
1,<environment.Job instance at 0x153ebc17eaf0>,9,1,[7 2],20,24,25,4,20
1,<environment.Job instance at 0x153ebc17e870>,11,3,[9 2],24,25,28,1,24
1,<environment.Job instance at 0x153ebc17edc0>,12,2,[2 5],25,28,30,3,25
1,<environment.Job instance at 0x153ebc17ef50>,13,1,[1 9],26,30,31,4,26
1,<environment.Job instance at 0x153ebc1954b0>,17,1,[1 9],30,31,32,1,30
1,<environment.Job instance at 0x153ebc1955f0>,18,2,[2 6],31,32,34,1,31
1,<environment.Job instance at 0x153ebc195730>,19,3,[ 2 10],32,34,37,2,32
1,<environment.Job instance at 0x153ebc195870>,20,13,[2 8],33,37,50,4,33
1,<environment.Job instance at 0x153ebc17efa0>,14,3,[1 7],27,50,53,23,34
1,<environment.Job instance at 0x153ebc195b40>,22,3,[1 6],37,53,56,16,37
1,<environment.Job instance at 0x153ebc195cd0>,23,2,[1 6],38,56,58,18,38
1,<environment.Job instance at 0x153ea5042d70>,3,3,[2 5],5,5,8,0,5
1,<environment.Job instance at 0x153ea5042870>,4,2,[6 2],6,6,8,0,6
1,<environment.Job instance at 0x153ea5042fa0>,10,3,[10  1],15,17,20,2,17
1,<environment.Job instance at 0x153ea5042d20>,13,2,[7 1],18,20,22,2,18
1,<environment.Job instance at 0x153ec0f14f50>,14,3,[10  1],19,22,25,3,19
1,<environment.Job instance at 0x153ea5060280>,17,1,[2 7],22,38,39,16,38
1,<environment.Job instance at 0x153ea5060d20>,21,15,[1 8],27,59,74,32,59
1,<environment.Job instance at 0x153ea5060be0>,22,2,[8 2],28,59,61,31,59
1,<environment.Job instance at 0x153ea50606e0>,23,13,[6 1],29,61,74,32,59
1,<environment.Job instance at 0x153ea5060640>,24,3,[10  1],31,74,77,43,59
1,<environment.Job instance at 0x153ea5060a00>,25,14,[6 1],33,77,91,44,62
1,<environment.Job instance at 0x153ec0ef8320>,26,2,[10  1],34,91,93,57,64
1,<environment.Job instance at 0x153ec0ef83c0>,27,1,[ 1 10],37,93,94,56,65
1,<environment.Job instance at 0x153ec0ef8e10>,31,12,[1 7],44,77,89,33,65
1,<environment.Job instance at 0x153ec0ef80a0>,32,3,[2 7],45,94,97,49,68
1,<environment.Job instance at 0x153ec0ef8a50>,33,3,[10  2],48,97,100,49,71
1,<environment.Job instance at 0x153ec0ef8f50>,35,3,[8 2],51,94,97,43,72
1,<environment.Job instance at 0x153ec0ef8dc0>,34,17,[5 2],50,100,117,50,88
1,<environment.Job instance at 0x153ec0ef8820>,38,1,[8 1],56,117,118,61,89
1,<environment.Job instance at 0x153ec0ef8b40>,39,3,[9 1],57,118,121,61,94
1,<environment.Job instance at 0x153ec0ef8be0>,40,2,[9 1],59,121,123,62,95
1,<environment.Job instance at 0x153ea55beb40>,41,17,[2 6],60,123,140,63,111
1,<environment.Job instance at 0x153ea55be370>,42,3,[1 7],63,113,116,50,113
1,<environment.Job instance at 0x153ea55be550>,43,1,[8 2],64,123,124,59,113
1,<environment.Job instance at 0x153ea55beaa0>,44,2,[10  1],65,140,142,75,113
1,<environment.Job instance at 0x153ea55be460>,45,2,[10  1],66,142,144,76,116
1,<environment.Job instance at 0x153ea55be640>,46,16,[10  2],67,144,160,77,131
1,<environment.Job instance at 0x153ea55be820>,47,2,[2 5],68,160,162,92,133
1,<environment.Job instance at 0x153ec127b190>,51,1,[9 2],73,162,163,89,140
1,<environment.Job instance at 0x153ec12a84b0>,54,3,[10  2],78,163,166,85,140
1,<environment.Job instance at 0x153ec12a8050>,61,3,[9 2],86,166,169,80,140
1,<environment.Job instance at 0x153ec12a85a0>,62,3,[10  2],88,169,172,81,143
1,<environment.Job instance at 0x153ec12a8320>,63,3,[ 1 10],89,172,175,83,146
1,<environment.Job instance at 0x153ec12a8c80>,64,2,[5 1],90,160,162,70,146
1,<environment.Job instance at 0x153ec12a8eb0>,65,3,[ 2 10],92,175,178,83,149
1,<environment.Job instance at 0x153ec12a8b40>,66,2,[2 8],93,178,180,85,173
1,<environment.Job instance at 0x153ec12a8820>,67,2,[8 1],94,182,184,88,182
1,<environment.Job instance at 0x153ec12a81e0>,68,3,[2 8],97,182,185,85,182
1,<environment.Job instance at 0x153ea51d0dc0>,69,3,[9 1],98,185,188,87,185
1,<environment.Job instance at 0x153ea51d0f50>,70,3,[2 9],100,188,191,88,186
1,<environment.Job instance at 0x153ea51d0870>,71,2,[10  2],101,191,193,90,186
1,<environment.Job instance at 0x153ea51d0a00>,72,2,[ 1 10],102,193,195,91,186
1,<environment.Job instance at 0x153ea51d0a50>,73,3,[ 1 10],104,195,198,91,186
1,<environment.Job instance at 0x153ea51d0730>,74,1,[9 2],105,198,199,93,186
1,<environment.Job instance at 0x153ea51d0e10>,75,1,[7 2],106,199,200,93,189
1,<environment.Job instance at 0x153ea51d06e0>,76,2,[5 2],107,200,202,93,189
1,<environment.Job instance at 0x153ebff038c0>,1,3,[10  1],2,4,7,2,4
1,<environment.Job instance at 0x153ea51d0c30>,6,2,[6 1],9,9,11,0,9
1,<environment.Job instance at 0x153ec57365f0>,5,13,[2 5],7,9,22,2,9
1,<environment.Job instance at 0x153ec5736690>,8,1,[ 1 10],12,22,23,10,12
1,<environment.Job instance at 0x153ec5736a00>,9,3,[9 1],14,23,26,9,14
1,<environment.Job instance at 0x153ec5736500>,10,1,[8 2],16,16,17,0,16
1,<environment.Job instance at 0x153ec5736be0>,11,3,[1 5],17,17,20,0,17
1,<environment.Job instance at 0x153ec5736c80>,12,1,[10  1],19,26,27,7,19
1,<environment.Job instance at 0x153ec5736d70>,13,3,[8 1],20,27,30,7,20
1,<environment.Job instance at 0x153ec5736f00>,14,2,[8 1],21,30,32,9,21
1,<environment.Job instance at 0x153ec5736dc0>,15,1,[5 2],22,32,33,10,22
1,<environment.Job instance at 0x153ec5736af0>,16,3,[1 7],23,23,26,0,23
1,<environment.Job instance at 0x153ec573f320>,17,2,[5 1],24,32,34,8,24
1,<environment.Job instance at 0x153ec573f460>,18,17,[1 5],26,33,50,7,26
1,<environment.Job instance at 0x153ec573ff00>,26,3,[2 5],34,34,37,0,34
1,<environment.Job instance at 0x153ec5768140>,30,1,[2 5],38,38,39,0,38
1,<environment.Job instance at 0x153ec5768410>,33,2,[2 5],43,56,58,13,56
1,<environment.Job instance at 0x153ec5768640>,34,3,[1 5],46,56,59,10,56
1,<environment.Job instance at 0x153ec5768550>,36,2,[8 2],48,58,60,10,56
1,<environment.Job instance at 0x153ec57687d0>,38,2,[5 2],50,68,70,18,68
1,<environment.Job instance at 0x153ec5768820>,39,3,[1 5],51,68,71,17,68
1,<environment.Job instance at 0x153ec5768aa0>,42,14,[2 8],55,94,108,39,94
1,<environment.Job instance at 0x153ec5768f50>,44,3,[1 7],58,108,111,50,103
1,<environment.Job instance at 0x153ec5768fa0>,45,3,[7 1],59,103,106,44,103
1,<environment.Job instance at 0x153ec57570a0>,47,14,[ 2 10],61,111,125,50,103
1,<environment.Job instance at 0x153ec57572d0>,50,2,[1 8],65,135,137,70,135
1,<environment.Job instance at 0x153ec5757370>,51,16,[1 6],66,137,153,71,137
1,<environment.Job instance at 0x153ec5757410>,52,3,[2 6],68,153,156,85,137
1,<environment.Job instance at 0x153ec5757fa0>,65,1,[8 1],85,161,162,76,161
1,<environment.Job instance at 0x153ec5757e10>,66,18,[10  1],86,164,182,78,164
1,<environment.Job instance at 0x153ec573e0a0>,67,1,[8 2],87,182,183,95,164
1,<environment.Job instance at 0x153ec573e0f0>,68,2,[7 1],88,183,185,95,164
1,<environment.Job instance at 0x153ec573e190>,69,1,[5 1],89,185,186,96,164
1,<environment.Job instance at 0x153ec573e230>,70,2,[2 8],90,182,184,92,164
1,<environment.Job instance at 0x153ec573e2d0>,71,3,[7 1],91,186,189,95,164
1,<environment.Job instance at 0x153ec573e370>,72,3,[8 2],92,189,192,97,164
1,<environment.Job instance at 0x153ec573e4b0>,73,2,[10  1],94,192,194,98,165
1,<environment.Job instance at 0x153ec573efa0>,83,3,[9 2],110,222,225,112,222
1,<environment.Job instance at 0x153ec57314b0>,92,18,[2 5],120,241,259,121,241
1,<environment.Job instance at 0x153ec5731550>,93,3,[2 7],121,259,262,138,241
1,<environment.Job instance at 0x153ea571cc30>,3,3,[7 2],5,5,8,0,5
1,<environment.Job instance at 0x153ec56eeb40>,4,3,[1 6],7,8,11,1,8
1,<environment.Job instance at 0x153ebc370910>,6,2,[8 1],13,13,15,0,13
1,<environment.Job instance at 0x153ec05fa5a0>,7,3,[9 2],14,15,18,1,14
1,<environment.Job instance at 0x153ebc27c9b0>,9,2,[10  1],17,18,20,1,18
1,<environment.Job instance at 0x153ebc283dc0>,11,3,[5 1],20,20,23,0,20
1,<environment.Job instance at 0x153ec0318190>,10,13,[1 8],18,22,35,4,22
1,<environment.Job instance at 0x153ec05fa0f0>,13,2,[7 2],24,24,26,0,24
1,<environment.Job instance at 0x153ebec13870>,14,12,[2 8],25,35,47,10,25
1,<environment.Job instance at 0x153ebec136e0>,16,3,[2 6],27,47,50,20,27
1,<environment.Job instance at 0x153ec5638b90>,18,18,[1 6],31,50,68,19,39
1,<environment.Job instance at 0x153ec129bd20>,22,1,[9 1],38,50,51,12,39
1,<environment.Job instance at 0x153ec039bb90>,24,14,[10  1],41,68,82,27,53
1,<environment.Job instance at 0x153ebebfb0a0>,26,16,[9 2],43,82,98,39,69
1,<environment.Job instance at 0x153ea5764050>,27,2,[1 5],44,82,84,38,69
1,<environment.Job instance at 0x153ec05f3e60>,30,1,[10  1],50,98,99,48,70
1,<environment.Job instance at 0x153ebc1d8690>,34,3,[6 2],54,99,102,45,73
1,<environment.Job instance at 0x153ec41f2a50>,32,2,[10  1],52,102,104,50,75
1,<environment.Job instance at 0x153ebec2d0f0>,39,3,[1 9],64,104,107,40,80
1,<environment.Job instance at 0x153ebec2d550>,40,3,[2 7],66,99,102,33,80
1,<environment.Job instance at 0x153ea5375e10>,41,3,[2 9],67,107,110,40,81
1,<environment.Job instance at 0x153ea5375a00>,42,3,[6 1],69,104,107,35,81
1,<environment.Job instance at 0x153ea52b06e0>,45,2,[9 1],72,110,112,38,94
1,<environment.Job instance at 0x153ec56d7910>,47,3,[ 1 10],75,112,115,37,94
1,<environment.Job instance at 0x153ec05e4640>,38,13,[2 8],63,115,128,52,99
1,<environment.Job instance at 0x153ec56d7eb0>,51,2,[1 9],79,110,112,31,99
1,<environment.Job instance at 0x153ec05ec5a0>,52,3,[6 2],80,115,118,35,99
1,<environment.Job instance at 0x153ec60fde10>,53,3,[5 2],82,118,121,36,99
1,<environment.Job instance at 0x153ec60fd140>,54,2,[1 8],83,128,130,45,101
1,<environment.Job instance at 0x153ec60fd9b0>,55,17,[9 1],84,128,145,44,116
1,<environment.Job instance at 0x153ebc21a050>,60,13,[8 1],94,145,158,51,129
1,<environment.Job instance at 0x153ebc21a140>,61,2,[10  1],95,158,160,63,131
1,<environment.Job instance at 0x153ec045c0a0>,63,1,[6 2],98,160,161,62,132
1,<environment.Job instance at 0x153ec045c5f0>,64,1,[6 1],99,161,162,62,133
1,<environment.Job instance at 0x153ec045c0f0>,65,1,[8 1],100,162,163,62,134
1,<environment.Job instance at 0x153ec045cf50>,68,3,[ 2 10],106,163,166,57,137
1,<environment.Job instance at 0x153ec045ca00>,72,3,[1 9],114,137,140,23,137
1,<environment.Job instance at 0x153ec045cf00>,66,1,[5 1],103,166,167,63,141
1,<environment.Job instance at 0x153ebc2f5c80>,74,13,[ 1 10],117,167,180,50,154
1,<environment.Job instance at 0x153ebc2f5050>,75,2,[ 1 10],120,180,182,60,154
1,<environment.Job instance at 0x153ebc2f5b40>,77,1,[1 6],122,154,155,32,154
1,<environment.Job instance at 0x153ebc2f5af0>,78,1,[1 8],123,155,156,32,154
1,<environment.Job instance at 0x153ebc2f58c0>,80,2,[10  2],126,182,184,56,156
1,<environment.Job instance at 0x153ebc2f5870>,85,3,[1 5],133,208,211,75,208
1,<environment.Job instance at 0x153ea510a870>,89,1,[2 9],138,230,231,92,230
1,<environment.Job instance at 0x153ea510a960>,90,1,[10  2],139,233,234,94,233
1,<environment.Job instance at 0x153ea510a2d0>,92,2,[10  1],143,247,249,104,247
1,<environment.Job instance at 0x153ea514dfa0>,100,3,[6 2],160,260,263,100,260
1,<environment.Job instance at 0x153ea514d370>,102,2,[8 1],166,269,271,103,269
1,<environment.Job instance at 0x153ea514d9b0>,103,3,[8 2],168,271,274,103,270
1,<environment.Job instance at 0x153ea514da50>,105,2,[2 6],170,274,276,104,274
1,<environment.Job instance at 0x153ea5766cd0>,108,1,[8 1],173,275,276,102,275
1,<environment.Job instance at 0x153ea510ad20>,87,2,[1 8],136,309,311,173,309
1,<environment.Job instance at 0x153ea5612780>,1,17,[6 1],3,3,20,0,3
1,<environment.Job instance at 0x153ea5612640>,0,3,[10  2],2,20,23,18,3
1,<environment.Job instance at 0x153ebc2f5f00>,3,2,[9 1],7,23,25,16,7
1,<environment.Job instance at 0x153ea5612f00>,6,2,[6 2],12,25,27,13,12
1,<environment.Job instance at 0x153ec7a5d8c0>,7,3,[5 2],17,27,30,10,17
1,<environment.Job instance at 0x153ec7a5d730>,8,3,[ 2 10],18,30,33,12,18
1,<environment.Job instance at 0x153ec7a5d190>,12,2,[2 5],24,25,27,1,25
1,<environment.Job instance at 0x153ea57e31e0>,18,1,[1 9],31,45,46,14,45
1,<environment.Job instance at 0x153ea57e3fa0>,20,2,[5 1],33,50,52,17,50
1,<environment.Job instance at 0x153ea57e3910>,21,3,[2 5],34,50,53,16,50
1,<environment.Job instance at 0x153ea57e3e60>,25,3,[2 5],44,52,55,8,50
1,<environment.Job instance at 0x153ea57e3690>,26,2,[2 5],46,53,55,7,50
1,<environment.Job instance at 0x153ea57e3eb0>,27,1,[2 9],47,55,56,8,50
1,<environment.Job instance at 0x153ea57e32d0>,29,15,[1 5],50,89,104,39,89
1,<environment.Job instance at 0x153ebc10d6e0>,30,2,[2 9],51,104,106,53,89
1,<environment.Job instance at 0x153ebc10dd20>,31,2,[6 2],52,89,91,37,89
1,<environment.Job instance at 0x153ebc10daa0>,32,3,[2 6],53,106,109,53,89
1,<environment.Job instance at 0x153ebc10dc80>,33,2,[1 6],54,109,111,55,89
1,<environment.Job instance at 0x153ebc10dcd0>,34,1,[2 5],55,91,92,36,89
1,<environment.Job instance at 0x153ebc10df00>,35,1,[2 8],56,111,112,55,89
1,<environment.Job instance at 0x153ebc10de10>,36,2,[10  1],57,112,114,55,89
1,<environment.Job instance at 0x153ec0f1c2d0>,37,2,[7 1],58,92,94,34,89
1,<environment.Job instance at 0x153ec0f1c690>,38,2,[7 2],59,94,96,35,89
1,<environment.Job instance at 0x153ec0f1ceb0>,39,1,[9 2],60,96,97,36,89
1,<environment.Job instance at 0x153ec0f1c500>,40,2,[9 1],61,97,99,36,89
1,<environment.Job instance at 0x153ec0f1cf50>,41,3,[9 1],63,99,102,36,89
1,<environment.Job instance at 0x153ec0f1cb40>,43,3,[2 9],66,114,117,48,93
1,<environment.Job instance at 0x153ec123d5a0>,0,3,[1 6],2,3,6,1,3
1,<environment.Job instance at 0x153ec123d690>,1,1,[2 7],3,6,7,3,4
1,<environment.Job instance at 0x153ec125b320>,4,23,[1 9],6,7,30,1,6
1,<environment.Job instance at 0x153ec125b460>,5,3,[1 8],8,30,33,22,8
1,<environment.Job instance at 0x153ec125bcd0>,6,3,[2 9],12,33,36,21,12
1,<environment.Job instance at 0x153ec125b780>,7,1,[8 2],14,30,31,16,14
1,<environment.Job instance at 0x153ec125bdc0>,8,3,[7 1],16,16,19,0,16
1,<environment.Job instance at 0x153ec125bc30>,9,3,[ 2 10],19,36,39,17,19
1,<environment.Job instance at 0x153ea5354d20>,10,3,[7 2],21,39,42,18,21
1,<environment.Job instance at 0x153ea5354370>,12,3,[1 6],26,39,42,13,26
1,<environment.Job instance at 0x153ea5354be0>,15,2,[2 5],29,42,44,13,29
1,<environment.Job instance at 0x153ea53543c0>,16,3,[1 8],30,44,47,14,30
1,<environment.Job instance at 0x153ea5354780>,14,1,[2 7],28,47,48,19,31
1,<environment.Job instance at 0x153ec130a1e0>,19,17,[10  2],35,48,65,13,36
1,<environment.Job instance at 0x153ec130ae60>,22,2,[6 2],38,42,44,4,38
1,<environment.Job instance at 0x153ec130a780>,21,12,[8 1],37,65,77,28,48
1,<environment.Job instance at 0x153ec130a050>,27,1,[2 9],49,65,66,16,49
1,<environment.Job instance at 0x153ec130ab90>,28,1,[2 6],50,66,67,16,50
1,<environment.Job instance at 0x153ec130af50>,29,2,[1 8],51,67,69,16,51
1,<environment.Job instance at 0x153ec130aaa0>,30,1,[8 2],53,77,78,24,53
1,<environment.Job instance at 0x153ec25581e0>,32,2,[2 8],56,69,71,13,56
1,<environment.Job instance at 0x153ec25585f0>,33,2,[7 2],57,78,80,21,57
1,<environment.Job instance at 0x153ec130ac30>,23,16,[ 2 10],43,103,119,60,103
1,<environment.Job instance at 0x153ec2558500>,35,2,[1 7],59,119,121,60,106
1,<environment.Job instance at 0x153ec2558820>,37,3,[8 1],62,119,122,57,106
1,<environment.Job instance at 0x153ec25582d0>,38,1,[7 1],64,122,123,58,108
1,<environment.Job instance at 0x153ec2558af0>,39,1,[1 5],65,121,122,56,108
1,<environment.Job instance at 0x153ec2558d70>,40,15,[10  1],66,123,138,57,109
1,<environment.Job instance at 0x153ea5252640>,45,2,[5 2],73,138,140,65,120
1,<environment.Job instance at 0x153ea5252910>,46,2,[6 2],74,140,142,66,120
1,<environment.Job instance at 0x153ea51ae640>,49,14,[2 8],78,138,152,60,123
1,<environment.Job instance at 0x153ea51ae6e0>,50,1,[6 2],80,142,143,62,123
1,<environment.Job instance at 0x153ea51aedc0>,52,1,[1 7],82,152,153,70,124
1,<environment.Job instance at 0x153ea51aef50>,57,13,[9 1],89,152,165,63,136
1,<environment.Job instance at 0x153ea51aebe0>,58,2,[1 6],90,153,155,63,136
1,<environment.Job instance at 0x153ea5664be0>,65,1,[1 9],100,158,159,58,158
1,<environment.Job instance at 0x153ea5664500>,66,1,[10  2],101,165,166,64,158
1,<environment.Job instance at 0x153ec8289910>,67,3,[1 7],104,159,162,55,158
1,<environment.Job instance at 0x153ea5357550>,70,2,[7 2],107,166,168,59,158
1,<environment.Job instance at 0x153ea5357960>,71,13,[6 1],108,168,181,60,158
1,<environment.Job instance at 0x153ea4cf4cd0>,72,2,[1 5],109,162,164,53,158
1,<environment.Job instance at 0x153ea4cf4d70>,73,2,[6 1],110,181,183,71,158
1,<environment.Job instance at 0x153ea4cf44b0>,74,15,[2 8],112,166,181,54,158
1,<environment.Job instance at 0x153ec2571730>,75,17,[8 1],113,183,200,70,173
1,<environment.Job instance at 0x153ea51c9f00>,90,1,[9 1],137,200,201,63,173
1,<environment.Job instance at 0x153ea51c9fa0>,91,12,[1 7],139,181,193,42,173
1,<environment.Job instance at 0x153ec84f95a0>,92,1,[7 1],140,201,202,61,173
1,<environment.Job instance at 0x153ea5788eb0>,93,2,[2 7],141,193,195,52,173
1,<environment.Job instance at 0x153ea5788870>,94,23,[2 9],142,201,224,59,195
1,<environment.Job instance at 0x153ea5788640>,96,2,[7 1],144,202,204,58,195
1,<environment.Job instance at 0x153ebc12ca00>,97,1,[1 6],146,195,196,49,195
1,<environment.Job instance at 0x153ebc0f1910>,110,2,[9 1],169,224,226,55,197
1,<environment.Job instance at 0x153ebc0f16e0>,111,12,[8 1],170,204,216,34,197
1,<environment.Job instance at 0x153ebc0f1dc0>,112,12,[7 1],171,226,238,55,209
1,<environment.Job instance at 0x153ebc0f1c30>,114,3,[7 1],173,216,219,43,209
1,<environment.Job instance at 0x153ec2569e60>,118,3,[2 9],178,226,229,48,209
1,<environment.Job instance at 0x153ec7a5d370>,0,3,[1 8],4,4,7,0,4
1,<environment.Job instance at 0x153ec130adc0>,1,1,[10  1],5,7,8,2,5
1,<environment.Job instance at 0x153ebc18dbe0>,2,1,[7 2],6,6,7,0,6
1,<environment.Job instance at 0x153ea52750a0>,3,3,[1 7],7,8,11,1,7
1,<environment.Job instance at 0x153ec12455a0>,4,1,[2 9],8,11,12,3,8
1,<environment.Job instance at 0x153ea5275a00>,5,3,[1 8],10,12,15,2,10
1,<environment.Job instance at 0x153ec12457d0>,7,1,[1 6],16,18,19,2,18
1,<environment.Job instance at 0x153ec1245c30>,9,2,[6 2],19,19,21,0,19
1,<environment.Job instance at 0x153ec12459b0>,10,3,[1 6],20,20,23,0,20
1,<environment.Job instance at 0x153ec1245aa0>,8,14,[2 9],18,23,37,5,21
1,<environment.Job instance at 0x153ec1245f50>,12,3,[ 2 10],22,37,40,15,22
1,<environment.Job instance at 0x153ec124e1e0>,14,1,[9 2],27,40,41,13,27
1,<environment.Job instance at 0x153ec124e4b0>,16,18,[2 7],29,1460,1478,1431,1460
1,<environment.Job instance at 0x153ec124e820>,22,1,[8 2],39,1470,1471,1431,1470
1,<environment.Job instance at 0x153ec124e8c0>,23,1,[1 6],40,1478,1479,1438,1470
1,<environment.Job instance at 0x153ec124e960>,24,2,[1 8],41,1630,1632,1589,1630
1,<environment.Job instance at 0x153ec124ea00>,25,16,[9 2],42,1641,1657,1599,1641
1,<environment.Job instance at 0x153ec124eaa0>,26,15,[ 1 10],43,1800,1815,1757,1800
1,<environment.Job instance at 0x153ec124eb40>,27,1,[5 1],44,1824,1825,1780,1824
1,<environment.Job instance at 0x153ec124ebe0>,28,2,[2 7],45,1908,1910,1863,1908
1,<environment.Job instance at 0x153ec124ec80>,29,2,[9 1],46,1928,1930,1882,1928
1,<environment.Job instance at 0x153ec124ed20>,30,1,[1 8],47,1969,1970,1922,1969
1,<environment.Job instance at 0x153ec124edc0>,31,2,[10  2],48,1978,1980,1930,1978
1,<environment.Job instance at 0x153ec124ee60>,32,1,[9 2],49,2066,2067,2017,2066
1,<environment.Job instance at 0x153ec124efa0>,33,14,[2 7],50,2210,2224,2160,2210
1,<environment.Job instance at 0x153ec124ef50>,34,1,[10  1],52,2224,2225,2172,2222
1,<environment.Job instance at 0x153ec125c2d0>,37,3,[9 1],57,2240,2243,2183,2240
1,<environment.Job instance at 0x153ebc0bd7d0>,1,2,[9 2],2,2,4,0,2
1,<environment.Job instance at 0x153ec0ed5a00>,3,13,[1 5],5,5,18,0,5
1,<environment.Job instance at 0x153ec0ed5a50>,4,3,[ 1 10],6,24,27,18,24
1,<environment.Job instance at 0x153ec0ed5870>,10,13,[9 1],16,27,40,11,24
1,<environment.Job instance at 0x153ea5476190>,11,1,[ 1 10],17,40,41,23,24
1,<environment.Job instance at 0x153ea5476140>,14,3,[6 1],20,41,44,21,24
1,<environment.Job instance at 0x153ea54762d0>,15,13,[2 5],22,41,54,19,25
1,<environment.Job instance at 0x153ec0eb6140>,20,13,[2 5],32,44,57,12,32
1,<environment.Job instance at 0x153ea54765f0>,16,2,[2 8],23,57,59,34,33
1,<environment.Job instance at 0x153ec0edd6e0>,23,14,[7 1],35,54,68,19,39
1,<environment.Job instance at 0x153ec0edd820>,28,3,[9 1],40,68,71,28,42
1,<environment.Job instance at 0x153ec0edda00>,25,3,[8 1],37,71,74,34,45
1,<environment.Job instance at 0x153ec0ec2cd0>,31,1,[10  2],45,74,75,29,46
1,<environment.Job instance at 0x153ec0ec20f0>,32,1,[5 1],46,75,76,29,50
1,<environment.Job instance at 0x153ea4e0d4b0>,39,3,[8 2],56,76,79,20,56
1,<environment.Job instance at 0x153ea4e0d320>,40,1,[2 8],57,59,60,2,57
1,<environment.Job instance at 0x153ea4e0dc30>,41,1,[5 1],58,75,76,17,58
1,<environment.Job instance at 0x153ea4e0d370>,42,3,[5 1],59,79,82,20,59
1,<environment.Job instance at 0x153ea4e0d0f0>,43,18,[5 2],60,79,97,19,68
1,<environment.Job instance at 0x153ea4e0d780>,48,18,[2 6],71,82,100,11,72
1,<environment.Job instance at 0x153ea4e0da50>,49,15,[5 2],72,97,112,25,83
1,<environment.Job instance at 0x153ea4e0d190>,51,2,[8 1],74,112,114,38,85
1,<environment.Job instance at 0x153ea5470d20>,53,2,[5 1],76,100,102,24,85
1,<environment.Job instance at 0x153ea5470870>,54,1,[1 6],77,102,103,25,85
1,<environment.Job instance at 0x153ea4e0d550>,50,13,[1 6],73,103,116,30,87
1,<environment.Job instance at 0x153ea5470550>,56,3,[9 2],80,114,117,34,88
1,<environment.Job instance at 0x153ec0edb550>,60,12,[2 8],87,117,129,30,108
1,<environment.Job instance at 0x153ec0edb820>,61,2,[2 6],89,129,131,40,108
1,<environment.Job instance at 0x153ec0edbe10>,62,3,[1 6],90,131,134,41,108
1,<environment.Job instance at 0x153ec0edb730>,63,3,[1 9],91,134,137,43,108
1,<environment.Job instance at 0x153ec0edbcd0>,64,2,[7 2],92,117,119,25,108
1,<environment.Job instance at 0x153ec100df00>,65,2,[9 1],94,131,133,37,108
1,<environment.Job instance at 0x153ec100d960>,67,3,[2 7],100,137,140,37,111
1,<environment.Job instance at 0x153ec100d9b0>,68,3,[6 2],102,119,122,17,111
1,<environment.Job instance at 0x153ec100d320>,69,3,[2 5],104,140,143,36,114
1,<environment.Job instance at 0x153ec100d460>,75,2,[7 2],112,129,131,17,129
1,<environment.Job instance at 0x153ea57781e0>,0,3,[1 9],1,1,4,0,1
1,<environment.Job instance at 0x153ea5318aa0>,2,1,[10  2],5,5,6,0,5
1,<environment.Job instance at 0x153ea5778be0>,3,28,[2 9],6,6,34,0,6
1,<environment.Job instance at 0x153ea55af870>,4,3,[8 1],7,7,10,0,7
1,<environment.Job instance at 0x153ea5660a00>,13,1,[10  1],17,34,35,17,17
1,<environment.Job instance at 0x153ea5660190>,16,3,[ 1 10],20,35,38,15,21
1,<environment.Job instance at 0x153ea5660780>,18,2,[1 9],22,38,40,16,22
1,<environment.Job instance at 0x153ea5660e10>,19,3,[1 7],26,40,43,14,26
1,<environment.Job instance at 0x153ea5660b90>,20,1,[5 1],28,28,29,0,28
1,<environment.Job instance at 0x153ea5660a50>,17,17,[1 7],21,43,60,22,31
1,<environment.Job instance at 0x153ea5660870>,23,2,[1 6],32,60,62,28,33
1,<environment.Job instance at 0x153ea562e730>,34,2,[10  1],46,74,76,28,74
1,<environment.Job instance at 0x153ea562e870>,36,1,[ 2 10],49,76,77,27,74
1,<environment.Job instance at 0x153ea562e8c0>,37,3,[2 9],50,77,80,27,74
1,<environment.Job instance at 0x153ea562e9b0>,38,3,[1 6],51,80,83,29,74
1,<environment.Job instance at 0x153ea513c8c0>,1,3,[1 6],3,3,6,0,3
1,<environment.Job instance at 0x153ec05a9550>,4,3,[1 8],7,8,11,1,8
1,<environment.Job instance at 0x153ea51914b0>,6,3,[1 6],9,11,14,2,9
1,<environment.Job instance at 0x153ea5191730>,8,3,[6 1],11,11,14,0,11
1,<environment.Job instance at 0x153ea5191dc0>,9,1,[6 2],12,14,15,2,12
1,<environment.Job instance at 0x153ec602d550>,10,2,[8 1],13,15,17,2,13
1,<environment.Job instance at 0x153ea50367d0>,12,20,[6 1],15,17,37,2,15
1,<environment.Job instance at 0x153ebc0c9780>,13,3,[2 9],17,18,21,1,18
1,<environment.Job instance at 0x153ebc1db910>,15,3,[2 8],19,21,24,2,19
1,<environment.Job instance at 0x153ea51d0190>,16,1,[8 1],20,37,38,17,20
1,<environment.Job instance at 0x153ea51d0a00>,17,17,[9 1],21,38,55,17,26
1,<environment.Job instance at 0x153ea51d0c30>,20,2,[2 5],26,26,28,0,26
1,<environment.Job instance at 0x153ea54703c0>,21,3,[2 8],28,28,31,0,28
1,<environment.Job instance at 0x153ea572d190>,22,1,[5 1],29,55,56,26,29
1,<environment.Job instance at 0x153ec055f230>,26,1,[8 2],35,165,166,130,165
1,<environment.Job instance at 0x153ea53ccdc0>,27,2,[8 1],37,167,169,130,167
1,<environment.Job instance at 0x153ea53cce60>,28,1,[1 5],38,182,183,144,182
1,<environment.Job instance at 0x153ea5579280>,31,3,[1 9],41,322,325,281,322
1,<environment.Job instance at 0x153ea55110a0>,32,1,[5 1],42,356,357,314,356
1,<environment.Job instance at 0x153ea5579a50>,34,2,[8 1],47,392,394,345,392
1,<environment.Job instance at 0x153ea56c4e60>,35,3,[10  1],48,419,422,371,419
1,<environment.Job instance at 0x153ebe730550>,37,1,[9 2],54,446,447,392,446
1,<environment.Job instance at 0x153ebc1db1e0>,14,17,[1 9],18,516,533,498,516
1,<environment.Job instance at 0x153ebe730230>,47,3,[7 1],70,523,526,453,523
1,<environment.Job instance at 0x153ec2558320>,0,2,[8 1],1,2,4,1,2
1,<environment.Job instance at 0x153ea56ad780>,2,1,[7 2],4,4,5,0,4
1,<environment.Job instance at 0x153ec2558910>,3,1,[5 1],5,5,6,0,5
1,<environment.Job instance at 0x153ec2558640>,4,2,[5 1],8,8,10,0,8
1,<environment.Job instance at 0x153ea4d5e5a0>,5,2,[2 7],9,9,11,0,9
1,<environment.Job instance at 0x153ec2558550>,1,20,[1 9],2,11,31,9,11
1,<environment.Job instance at 0x153ea4d5e050>,8,3,[2 8],13,31,34,18,20
1,<environment.Job instance at 0x153ea4e6ce60>,18,3,[1 7],29,34,37,5,29
1,<environment.Job instance at 0x153ea4e6cb90>,20,3,[10  2],34,37,40,3,34
1,<environment.Job instance at 0x153ea4e6c7d0>,21,1,[9 1],35,35,36,0,35
1,<environment.Job instance at 0x153ea4f4af50>,22,2,[8 2],36,40,42,4,36
1,<environment.Job instance at 0x153ea4f4a5a0>,23,2,[6 1],37,42,44,5,37
1,<environment.Job instance at 0x153ea4f4a500>,24,1,[2 6],38,40,41,2,38
1,<environment.Job instance at 0x153ea4f4a960>,25,2,[2 7],39,41,43,2,39
1,<environment.Job instance at 0x153ea4f4a780>,26,1,[1 7],40,43,44,3,40
1,<environment.Job instance at 0x153ea4f4a9b0>,27,1,[1 7],43,44,45,1,43
1,<environment.Job instance at 0x153ea4f4a8c0>,28,3,[6 2],44,44,47,0,44
1,<environment.Job instance at 0x153ea4f4a5f0>,29,1,[8 2],45,47,48,2,46
1,<environment.Job instance at 0x153ea4f4a140>,31,3,[8 1],47,48,51,1,47
1,<environment.Job instance at 0x153ea4f4aeb0>,32,3,[5 1],48,51,54,3,48
1,<environment.Job instance at 0x153ea4f4a190>,33,2,[9 1],49,54,56,5,49
1,<environment.Job instance at 0x153ea4f554b0>,34,3,[7 1],51,56,59,5,51
1,<environment.Job instance at 0x153ea4f55050>,35,1,[1 9],54,54,55,0,54
1,<environment.Job instance at 0x153ea4f550f0>,36,14,[7 1],55,59,73,4,55
1,<environment.Job instance at 0x153ea4f55370>,37,3,[ 2 10],57,73,76,16,57
1,<environment.Job instance at 0x153ea4f55780>,38,3,[6 2],58,76,79,18,58
1,<environment.Job instance at 0x153ea4f55820>,39,3,[6 1],60,79,82,19,60
1,<environment.Job instance at 0x153ea4f55af0>,40,3,[6 1],65,82,85,17,66
1,<environment.Job instance at 0x153ea4f55690>,41,3,[7 2],66,85,88,19,67
1,<environment.Job instance at 0x153ec0349640>,43,3,[1 7],69,69,72,0,69
1,<environment.Job instance at 0x153ec0349d70>,44,2,[8 1],70,88,90,18,70
1,<environment.Job instance at 0x153ea4ebd1e0>,50,3,[1 6],79,79,82,0,79
1,<environment.Job instance at 0x153ebc208960>,52,2,[1 5],86,86,88,0,86
1,<environment.Job instance at 0x153ebc2082d0>,53,1,[7 2],90,90,91,0,90
1,<environment.Job instance at 0x153ebc208500>,54,16,[2 6],91,91,107,0,91
1,<environment.Job instance at 0x153ebc208870>,55,1,[7 2],93,93,94,0,93
1,<environment.Job instance at 0x153ebc208320>,56,1,[10  2],94,107,108,13,94
1,<environment.Job instance at 0x153ebc208370>,57,13,[1 8],95,108,121,13,95
1,<environment.Job instance at 0x153ec829c780>,58,3,[8 1],96,96,99,0,96
1,<environment.Job instance at 0x153ea4f439b0>,59,3,[6 1],97,99,102,2,97
1,<environment.Job instance at 0x153ea564ba50>,62,2,[2 7],105,121,123,16,117
1,<environment.Job instance at 0x153ebfef88c0>,66,2,[1 6],112,123,125,11,118
1,<environment.Job instance at 0x153ec600fbe0>,67,13,[1 7],114,221,234,107,221
1,<environment.Job instance at 0x153ea5553050>,68,3,[1 9],115,234,237,119,221
1,<environment.Job instance at 0x153ec0367eb0>,70,13,[8 2],117,221,234,104,221
1,<environment.Job instance at 0x153ea5092c80>,73,3,[9 2],120,237,240,117,221
1,<environment.Job instance at 0x153ea4d0cfa0>,74,13,[6 1],121,240,253,119,224
1,<environment.Job instance at 0x153ec0ead960>,80,1,[2 6],130,240,241,110,224
1,<environment.Job instance at 0x153ec0eadb90>,81,3,[7 1],131,234,237,103,224
1,<environment.Job instance at 0x153ec0ead050>,82,3,[1 7],133,237,240,104,224
1,<environment.Job instance at 0x153ec41edfa0>,84,2,[5 1],136,253,255,117,227
1,<environment.Job instance at 0x153ec6026500>,85,1,[8 1],137,255,256,118,227
1,<environment.Job instance at 0x153ec41ed140>,86,3,[2 9],138,241,244,103,228
1,<environment.Job instance at 0x153ec41edd70>,87,18,[2 5],139,244,262,105,233
1,<environment.Job instance at 0x153ea57d4230>,89,1,[6 1],141,256,257,115,244
1,<environment.Job instance at 0x153ebc09fd70>,91,21,[10  2],144,262,283,118,254
1,<environment.Job instance at 0x153ec049dd20>,96,3,[9 1],152,283,286,131,257
1,<environment.Job instance at 0x153ec569fc30>,98,2,[8 1],154,260,262,106,260
1,<environment.Job instance at 0x153ec569f050>,97,3,[2 6],153,286,289,133,260
1,<environment.Job instance at 0x153ec569f280>,101,2,[2 8],157,289,291,132,262
1,<environment.Job instance at 0x153ec0fef780>,107,3,[2 8],165,291,294,126,266
1,<environment.Job instance at 0x153ec569f410>,99,12,[10  2],155,370,382,215,370
1,<environment.Job instance at 0x153ea54d77d0>,1,18,[6 2],3,4,22,1,4
1,<environment.Job instance at 0x153ebebc38c0>,5,3,[6 1],10,22,25,12,10
1,<environment.Job instance at 0x153ebebc3f50>,6,2,[1 6],11,11,13,0,11
1,<environment.Job instance at 0x153ebebc3460>,7,1,[1 8],12,13,14,1,12
1,<environment.Job instance at 0x153ebebc30a0>,8,2,[8 1],16,25,27,9,16
1,<environment.Job instance at 0x153ebebc3dc0>,9,3,[5 2],17,27,30,10,17
1,<environment.Job instance at 0x153ea54d7190>,4,13,[ 2 10],8,30,43,22,17
1,<environment.Job instance at 0x153ebebc3aa0>,10,2,[ 1 10],18,43,45,25,19
1,<environment.Job instance at 0x153ebebc36e0>,11,13,[6 2],19,45,58,26,29
1,<environment.Job instance at 0x153ec8218e10>,17,17,[9 1],25,58,75,33,46
1,<environment.Job instance at 0x153ec8218dc0>,19,2,[10  2],28,75,77,47,48
1,<environment.Job instance at 0x153ec8218910>,20,3,[10  1],31,77,80,46,51
1,<environment.Job instance at 0x153ec045f9b0>,22,2,[2 5],33,56,58,23,56
1,<environment.Job instance at 0x153ec045f5a0>,23,1,[10  1],34,80,81,46,56
1,<environment.Job instance at 0x153ec045fe60>,21,16,[ 1 10],32,81,97,49,68
1,<environment.Job instance at 0x153ec045ff50>,30,3,[7 2],46,97,100,51,77
1,<environment.Job instance at 0x153ec045fbe0>,31,2,[2 9],48,100,102,52,85
1,<environment.Job instance at 0x153ec045f370>,32,3,[ 2 10],49,102,105,53,86
1,<environment.Job instance at 0x153ec045f140>,33,2,[1 8],50,97,99,47,86
1,<environment.Job instance at 0x153ec045faf0>,29,17,[2 8],45,105,122,60,93
1,<environment.Job instance at 0x153ea50965a0>,36,3,[2 5],56,122,125,66,96
1,<environment.Job instance at 0x153ea5096dc0>,37,13,[1 8],57,125,138,68,109
1,<environment.Job instance at 0x153ebe96f9b0>,39,3,[ 1 10],60,138,141,78,112
1,<environment.Job instance at 0x153ebe96f5a0>,40,1,[1 7],61,141,142,80,113
1,<environment.Job instance at 0x153ebe96faa0>,41,1,[9 1],65,125,126,60,113
1,<environment.Job instance at 0x153ebe96f820>,42,1,[5 1],66,113,114,47,113
1,<environment.Job instance at 0x153ebe96f370>,43,15,[7 1],67,141,156,74,127
1,<environment.Job instance at 0x153ebe96f4b0>,45,1,[1 5],70,142,143,72,127
1,<environment.Job instance at 0x153ebe96f320>,48,3,[8 1],76,128,131,52,128
1,<environment.Job instance at 0x153ebe96f280>,49,3,[7 2],82,131,134,49,128
1,<environment.Job instance at 0x153ec5fbf460>,52,2,[10  2],86,156,158,70,129
1,<environment.Job instance at 0x153ec5fbf3c0>,54,2,[2 7],88,143,145,55,129
1,<environment.Job instance at 0x153ec5fbfeb0>,57,2,[6 2],91,134,136,43,129
1,<environment.Job instance at 0x153ec5fbf190>,58,3,[2 9],92,145,148,53,129
1,<environment.Job instance at 0x153ec5fbf5f0>,59,2,[10  2],93,158,160,65,131
1,<environment.Job instance at 0x153ebc036410>,60,1,[10  2],95,160,161,65,132
1,<environment.Job instance at 0x153ea5585a50>,61,2,[1 9],96,148,150,52,132
1,<environment.Job instance at 0x153ea5585fa0>,62,15,[5 2],98,161,176,63,147
1,<environment.Job instance at 0x153ec60431e0>,72,17,[7 1],112,176,193,64,164
1,<environment.Job instance at 0x153ea4f3e460>,76,1,[2 7],120,164,165,44,164
1,<environment.Job instance at 0x153ec6043820>,78,3,[ 1 10],124,193,196,69,167
1,<environment.Job instance at 0x153ec60433c0>,79,15,[9 2],126,196,211,70,182
1,<environment.Job instance at 0x153ec03ef690>,82,3,[5 1],129,211,214,82,185
1,<environment.Job instance at 0x153ec03c28c0>,86,2,[10  1],136,214,216,78,187
1,<environment.Job instance at 0x153ec03c2eb0>,87,2,[ 1 10],137,216,218,79,189
1,<environment.Job instance at 0x153ebc2b6910>,91,15,[6 2],141,218,233,77,204
1,<environment.Job instance at 0x153ebc2b6eb0>,92,16,[1 5],144,218,234,74,205
1,<environment.Job instance at 0x153ebc2b6fa0>,93,3,[ 2 10],146,234,237,88,208
1,<environment.Job instance at 0x153ebc2b61e0>,94,1,[9 1],147,233,234,86,208
1,<environment.Job instance at 0x153ebc2b63c0>,95,14,[1 7],148,237,251,89,222
1,<environment.Job instance at 0x153ec822c730>,99,3,[1 5],153,251,254,98,225
1,<environment.Job instance at 0x153ec822ccd0>,100,3,[1 9],154,254,257,100,228
1,<environment.Job instance at 0x153ec822c550>,101,1,[2 9],155,257,258,102,229
1,<environment.Job instance at 0x153ec822caf0>,104,3,[1 6],158,258,261,100,241
1,<environment.Job instance at 0x153ec822c370>,103,15,[2 8],157,261,276,104,247
1,<environment.Job instance at 0x153ea5768370>,107,19,[1 8],164,276,295,112,266
1,<environment.Job instance at 0x153ec566cdc0>,112,3,[1 5],171,295,298,124,270
1,<environment.Job instance at 0x153ea5325780>,113,13,[6 1],172,270,283,98,270
1,<environment.Job instance at 0x153ea5325370>,115,1,[6 2],174,283,284,109,271
1,<environment.Job instance at 0x153ebebc3280>,13,19,[2 7],21,307,326,286,307
1,<environment.Job instance at 0x14e6a2036960>,1,3,[1 9],2,2,5,0,2
1,<environment.Job instance at 0x14e6a2036a50>,2,1,[2 5],3,5,6,2,3
1,<environment.Job instance at 0x14e6983d1a50>,3,1,[6 2],4,5,6,1,4
1,<environment.Job instance at 0x14e6983d1a00>,4,2,[7 2],5,6,8,1,5
1,<environment.Job instance at 0x14e6983d1d70>,5,3,[9 2],6,8,11,2,6
1,<environment.Job instance at 0x14e6a2036c30>,7,1,[2 6],8,11,12,3,8
1,<environment.Job instance at 0x14e6983d1dc0>,8,13,[6 1],9,11,24,2,9
1,<environment.Job instance at 0x14e6983d41e0>,11,3,[1 8],13,13,16,0,13
1,<environment.Job instance at 0x14e6983d44b0>,12,3,[1 8],14,16,19,2,14
1,<environment.Job instance at 0x14e6983d45f0>,13,2,[8 1],17,24,26,7,17
1,<environment.Job instance at 0x14e6983d40a0>,10,13,[2 8],12,19,32,7,17
1,<environment.Job instance at 0x14e6983c7b90>,18,2,[10  1],25,32,34,7,25
1,<environment.Job instance at 0x14e6983c7a50>,19,3,[6 2],26,26,29,0,26
1,<environment.Job instance at 0x14e6983c7190>,24,12,[ 1 10],32,38,50,6,38
1,<environment.Job instance at 0x14e6983c6fa0>,28,2,[2 7],37,50,52,13,38
1,<environment.Job instance at 0x14e698f32460>,43,3,[7 2],57,72,75,15,72
1,<environment.Job instance at 0x14e69fd51f50>,44,3,[1 8],58,156,159,98,156
1,<environment.Job instance at 0x14e6986023c0>,45,3,[2 8],60,159,162,99,159
1,<environment.Job instance at 0x14e698625af0>,56,1,[10  2],79,210,211,131,210
1,<environment.Job instance at 0x14e6986254b0>,57,22,[1 5],80,211,233,131,211
1,<environment.Job instance at 0x14e69860d2d0>,58,15,[2 9],82,233,248,151,222
1,<environment.Job instance at 0x14e6986228c0>,63,3,[10  1],89,248,251,159,236
1,<environment.Job instance at 0x14e698622b40>,66,3,[1 9],93,251,254,158,237
1,<environment.Job instance at 0x14e698622be0>,68,3,[1 9],95,254,257,159,237
1,<environment.Job instance at 0x14e698622190>,69,1,[2 5],96,257,258,161,238
1,<environment.Job instance at 0x14e698622d20>,70,2,[ 2 10],97,258,260,161,238
1,<environment.Job instance at 0x14e6986220f0>,71,3,[2 9],99,260,263,161,238
1,<environment.Job instance at 0x14e6986245a0>,72,13,[7 2],102,263,276,161,247
1,<environment.Job instance at 0x14e698624cd0>,73,2,[6 2],103,276,278,173,250
1,<environment.Job instance at 0x14e698624640>,74,3,[6 2],106,278,281,172,253
1,<environment.Job instance at 0x14e698624690>,81,3,[ 2 10],114,281,284,167,262
1,<environment.Job instance at 0x14e698624460>,78,3,[2 9],110,284,287,174,262
1,<environment.Job instance at 0x14e698624a50>,83,1,[10  1],117,287,288,170,262
1,<environment.Job instance at 0x14e6986238c0>,84,2,[ 1 10],118,288,290,170,262
1,<environment.Job instance at 0x14e6986236e0>,85,1,[7 2],120,290,291,170,262
1,<environment.Job instance at 0x14e698623460>,86,2,[1 8],121,263,265,142,263
1,<environment.Job instance at 0x14e698623eb0>,87,2,[2 6],122,265,267,143,263
1,<environment.Job instance at 0x14e698623e10>,88,1,[1 5],123,267,268,144,263
1,<environment.Job instance at 0x14e698624f50>,82,12,[2 8],115,268,280,153,265
1,<environment.Job instance at 0x14e6986233c0>,89,2,[1 9],126,291,293,165,270
1,<environment.Job instance at 0x14e6988f0640>,95,3,[2 8],132,328,331,196,328
1,<environment.Job instance at 0x14e69af92cd0>,98,13,[ 1 10],136,350,363,214,350
1,<environment.Job instance at 0x14e6988f4820>,102,1,[2 8],141,379,380,238,379
1,<environment.Job instance at 0x14e6986260f0>,105,1,[8 2],144,380,381,236,380
1,<environment.Job instance at 0x14e698621dc0>,118,3,[9 1],163,455,458,292,455
1,<environment.Job instance at 0x14e6983b4b90>,122,3,[7 2],168,710,713,542,710
1,<environment.Job instance at 0x14e69886e870>,0,2,[ 2 10],1,1,3,0,1
1,<environment.Job instance at 0x14e698621f50>,3,2,[ 2 10],4,4,6,0,4
1,<environment.Job instance at 0x14e6988d0820>,4,2,[2 9],5,6,8,1,6
1,<environment.Job instance at 0x14e6988d03c0>,6,19,[ 1 10],8,8,27,0,8
1,<environment.Job instance at 0x14e6988d0f00>,7,2,[9 1],9,27,29,18,9
1,<environment.Job instance at 0x14e698f34cd0>,9,2,[ 1 10],11,29,31,18,12
1,<environment.Job instance at 0x14e698f34dc0>,11,1,[1 7],13,27,28,14,13
1,<environment.Job instance at 0x14e698f34910>,12,1,[2 9],14,31,32,17,14
1,<environment.Job instance at 0x14e6988d0410>,10,13,[ 2 10],12,32,45,20,16
1,<environment.Job instance at 0x14e698f34500>,14,3,[ 2 10],17,45,48,28,19
1,<environment.Job instance at 0x14e698f34190>,20,3,[6 1],24,48,51,24,25
1,<environment.Job instance at 0x14e698f34c80>,21,2,[10  1],25,51,53,26,27
1,<environment.Job instance at 0x14e698f37910>,24,16,[1 6],29,53,69,24,40
1,<environment.Job instance at 0x14e698f37aa0>,27,1,[2 6],33,48,49,15,40
1,<environment.Job instance at 0x14e698f37eb0>,28,16,[9 1],36,53,69,17,40
1,<environment.Job instance at 0x14e698f37b40>,29,15,[9 2],40,69,84,29,55
1,<environment.Job instance at 0x14e698f37dc0>,31,12,[1 5],42,69,81,27,57
1,<environment.Job instance at 0x14e69a0a27d0>,40,1,[2 6],56,84,85,28,59
1,<environment.Job instance at 0x14e69a0bde10>,48,3,[8 1],72,84,87,12,72
1,<environment.Job instance at 0x14e69a0bd550>,49,1,[7 2],73,87,88,14,74
1,<environment.Job instance at 0x14e6988659b0>,1,3,[9 1],2,2,5,0,2
1,<environment.Job instance at 0x14e6988d2370>,0,1,[7 2],1,5,6,4,2
1,<environment.Job instance at 0x14e69a119d70>,4,3,[2 7],6,6,9,0,6
1,<environment.Job instance at 0x14e69a119820>,6,2,[ 1 10],9,9,11,0,9
1,<environment.Job instance at 0x14e69a119730>,7,3,[10  2],10,11,14,1,10
1,<environment.Job instance at 0x14e69a119e60>,8,2,[2 9],11,14,16,3,11
1,<environment.Job instance at 0x14e69a119410>,9,3,[9 1],14,16,19,2,14
1,<environment.Job instance at 0x14e69a119140>,10,18,[6 2],16,19,37,3,16
1,<environment.Job instance at 0x14e69a119cd0>,12,3,[5 1],20,37,40,17,20
1,<environment.Job instance at 0x14e69a119280>,13,14,[1 6],22,22,36,0,22
1,<environment.Job instance at 0x14e69a119050>,14,2,[5 1],23,37,39,14,23
1,<environment.Job instance at 0x14e69ab42c30>,15,1,[2 7],24,36,37,12,24
1,<environment.Job instance at 0x14e69ab42f50>,16,2,[10  2],25,40,42,15,25
1,<environment.Job instance at 0x14e69ab47050>,17,2,[6 1],26,42,44,16,27
1,<environment.Job instance at 0x14e69ab478c0>,18,3,[9 2],28,44,47,16,28
1,<environment.Job instance at 0x14e69ab475a0>,20,2,[5 2],32,47,49,15,33
1,<environment.Job instance at 0x14e69ab47af0>,19,3,[6 2],31,49,52,18,34
1,<environment.Job instance at 0x14e69ab89a00>,24,3,[1 7],38,42,45,4,39
1,<environment.Job instance at 0x14e69ab895f0>,27,3,[6 1],43,52,55,9,43
1,<environment.Job instance at 0x14e69ab89a50>,25,14,[1 6],39,47,61,8,47
1,<environment.Job instance at 0x14e69ac26550>,32,12,[5 2],48,55,67,7,48
1,<environment.Job instance at 0x14e69ac26aa0>,33,3,[8 1],49,67,70,18,49
1,<environment.Job instance at 0x14e69ac26e10>,34,3,[8 1],53,70,73,17,53
1,<environment.Job instance at 0x14e69a2e0190>,35,1,[10  1],54,73,74,19,54
1,<environment.Job instance at 0x14e69a088320>,39,13,[ 2 10],62,74,87,12,64
1,<environment.Job instance at 0x14e69a088500>,40,1,[2 6],63,65,66,2,65
1,<environment.Job instance at 0x14e69a088460>,42,2,[8 1],66,87,89,21,67
1,<environment.Job instance at 0x14e69a0370a0>,53,3,[10  1],81,89,92,8,81
1,<environment.Job instance at 0x14e69a0fea00>,54,2,[1 7],82,87,89,5,83
1,<environment.Job instance at 0x14e69a0fea50>,55,15,[1 5],83,92,107,9,88
1,<environment.Job instance at 0x14e69ab82cd0>,56,3,[1 9],84,107,110,23,88
1,<environment.Job instance at 0x14e69a0fe910>,57,2,[1 8],86,110,112,24,88
1,<environment.Job instance at 0x14e69a1040f0>,58,2,[1 5],88,92,94,4,88
1,<environment.Job instance at 0x14e69abe7a00>,1,3,[7 1],6,6,9,0,6
1,<environment.Job instance at 0x14e65f692690>,3,3,[1 9],8,8,11,0,8
1,<environment.Job instance at 0x14e69fced460>,5,3,[2 9],10,11,14,1,10
1,<environment.Job instance at 0x14e69fcedbe0>,8,3,[10  1],17,17,20,0,17
1,<environment.Job instance at 0x14e69fced910>,9,3,[6 1],19,20,23,1,19
1,<environment.Job instance at 0x14e69fced6e0>,10,3,[8 1],20,23,26,3,20
1,<environment.Job instance at 0x14e69fced410>,11,2,[7 1],22,26,28,4,22
1,<environment.Job instance at 0x14e69fcedb90>,13,1,[7 1],26,28,29,2,26
1,<environment.Job instance at 0x14e69fcedb40>,14,2,[5 1],27,29,31,2,27
1,<environment.Job instance at 0x14e69fced9b0>,15,14,[2 5],28,28,42,0,28
1,<environment.Job instance at 0x14e69fcedfa0>,16,3,[5 2],30,31,34,1,30
1,<environment.Job instance at 0x14e69a14ed20>,17,12,[1 5],31,34,46,3,31
1,<environment.Job instance at 0x14e69a14e910>,20,3,[2 6],36,46,49,10,36
1,<environment.Job instance at 0x14e69fced230>,12,18,[2 6],24,49,67,25,38
1,<environment.Job instance at 0x14e69a14e1e0>,23,1,[1 9],42,67,68,25,42
1,<environment.Job instance at 0x14e69a14e8c0>,24,3,[2 9],44,68,71,24,44
1,<environment.Job instance at 0x14e69a14ea00>,25,1,[10  2],45,71,72,26,45
1,<environment.Job instance at 0x14e69a14ec80>,26,1,[5 2],46,46,47,0,46
1,<environment.Job instance at 0x14e69ac70eb0>,28,2,[ 1 10],50,72,74,22,50
1,<environment.Job instance at 0x14e69ac708c0>,30,3,[10  2],53,74,77,21,53
1,<environment.Job instance at 0x14e69ac70500>,31,2,[1 6],57,77,79,20,59
1,<environment.Job instance at 0x14e69ac706e0>,33,16,[2 7],61,79,95,18,68
1,<environment.Job instance at 0x14e69ac70780>,36,3,[5 1],68,68,71,0,68
1,<environment.Job instance at 0x14e65f66eeb0>,37,1,[2 8],69,95,96,26,69
1,<environment.Job instance at 0x14e65f66e230>,38,2,[7 2],70,77,79,7,70
1,<environment.Job instance at 0x14e65f66efa0>,39,2,[6 2],71,79,81,8,71
1,<environment.Job instance at 0x14e65f66e0f0>,40,3,[9 1],72,96,99,24,72
1,<environment.Job instance at 0x14e65f66e3c0>,42,2,[5 2],74,81,83,7,75
1,<environment.Job instance at 0x14e69ac70690>,27,26,[2 8],48,99,125,51,96
1,<environment.Job instance at 0x14e65f6f9190>,46,2,[6 1],79,99,101,20,96
1,<environment.Job instance at 0x14e65f6f9870>,47,2,[ 1 10],80,125,127,45,98
1,<environment.Job instance at 0x14e65f6f92d0>,48,3,[9 2],82,127,130,45,101
1,<environment.Job instance at 0x14e65f6f9b40>,49,2,[5 1],83,101,103,18,101
1,<environment.Job instance at 0x14e65f6f9820>,51,3,[9 2],85,130,133,45,104
1,<environment.Job instance at 0x14e65f6f9f50>,52,2,[2 9],87,133,135,46,106
1,<environment.Job instance at 0x14e69a142500>,54,1,[5 1],93,109,110,16,109
1,<environment.Job instance at 0x14e69a1427d0>,56,2,[1 8],97,127,129,30,121
1,<environment.Job instance at 0x14e69a142140>,57,1,[10  2],98,135,136,37,121
1,<environment.Job instance at 0x14e69a142410>,58,3,[2 8],99,136,139,37,121
1,<environment.Job instance at 0x14e65f6f9640>,50,17,[1 9],84,139,156,55,127
1,<environment.Job instance at 0x14e69a142fa0>,60,2,[8 2],105,136,138,31,127
1,<environment.Job instance at 0x14e69a142e10>,62,3,[6 2],107,156,159,49,153
1,<environment.Job instance at 0x14e69a142780>,63,1,[8 1],109,159,160,50,159
1,<environment.Job instance at 0x14e6a219be10>,65,1,[2 9],114,162,163,48,162
1,<environment.Job instance at 0x14e65f06ab90>,0,3,[8 2],1,1,4,0,1
1,<environment.Job instance at 0x14e6a132d960>,2,1,[6 2],3,4,5,1,4
1,<environment.Job instance at 0x14e69a18ab40>,3,2,[2 7],4,4,6,0,4
1,<environment.Job instance at 0x14e69a18a910>,5,3,[7 1],6,6,9,0,6
1,<environment.Job instance at 0x14e69a15e460>,7,2,[1 9],9,9,11,0,9
1,<environment.Job instance at 0x14e69a191f00>,8,2,[7 2],10,11,13,1,10
1,<environment.Job instance at 0x14e69a191690>,9,3,[5 2],12,13,16,1,12
1,<environment.Job instance at 0x14e65efe4190>,10,13,[2 8],13,13,26,0,13
1,<environment.Job instance at 0x14e65efe4d70>,11,1,[8 1],14,16,17,2,14
1,<environment.Job instance at 0x14e65f103550>,16,25,[9 1],21,26,51,5,22
1,<environment.Job instance at 0x14e65effa5f0>,17,1,[10  2],23,51,52,28,28
1,<environment.Job instance at 0x14e65efed870>,22,15,[7 2],29,52,67,23,38
1,<environment.Job instance at 0x14e69a29fd20>,28,1,[9 1],36,67,68,31,39
1,<environment.Job instance at 0x14e69a23f230>,27,14,[2 6],35,52,66,17,40
1,<environment.Job instance at 0x14e69af69eb0>,29,17,[2 5],37,68,85,31,59
1,<environment.Job instance at 0x14e65f4c4640>,60,3,[8 2],76,122,125,46,122
1,<environment.Job instance at 0x14e65f55adc0>,66,3,[10  1],83,147,150,64,147
1,<environment.Job instance at 0x14e65f55af00>,69,3,[2 7],86,160,163,74,160
1,<environment.Job instance at 0x14e65f55abe0>,72,3,[5 2],89,168,171,79,168
1,<environment.Job instance at 0x14e65f55ae60>,73,2,[8 2],90,171,173,81,169
1,<environment.Job instance at 0x14e65f55aa00>,74,3,[2 8],91,169,172,78,169
1,<environment.Job instance at 0x14e65f62b0f0>,137,1,[8 1],182,637,638,455,637
1,<environment.Job instance at 0x14e65f62b7d0>,138,2,[10  2],183,638,640,455,637
1,<environment.Job instance at 0x14e65f62b320>,139,14,[9 1],184,640,654,456,637
1,<environment.Job instance at 0x14e65f62b640>,140,3,[9 2],185,654,657,469,637
1,<environment.Job instance at 0x14e65f527a50>,141,1,[6 2],187,657,658,470,637
1,<environment.Job instance at 0x14e65f5273c0>,142,2,[ 1 10],188,658,660,470,637
1,<environment.Job instance at 0x14e65f527550>,143,2,[2 7],189,660,662,471,637
1,<environment.Job instance at 0x14e65f6f72d0>,21,3,[2 7],28,710,713,682,710
1,<environment.Job instance at 0x14e69fcce190>,0,3,[9 2],1,1,4,0,1
1,<environment.Job instance at 0x14e65efa38c0>,3,2,[8 2],10,10,12,0,10
1,<environment.Job instance at 0x14e65edacaa0>,5,3,[1 9],12,12,15,0,12
1,<environment.Job instance at 0x14e65edaccd0>,6,13,[2 9],16,16,29,0,16
1,<environment.Job instance at 0x14e65edb0370>,26,14,[ 2 10],39,41,55,2,41
1,<environment.Job instance at 0x14e65edb0640>,31,3,[5 2],44,64,67,20,64
1,<environment.Job instance at 0x14e65edb0780>,33,2,[8 2],46,77,79,31,77
1,<environment.Job instance at 0x14e65edb0a00>,37,16,[2 9],52,79,95,27,77
1,<environment.Job instance at 0x14e65edb0cd0>,40,14,[ 1 10],57,95,109,38,81
1,<environment.Job instance at 0x14e65edb3c30>,53,13,[2 5],78,125,138,47,125
1,<environment.Job instance at 0x14e65edb5500>,56,2,[9 2],83,138,140,55,125
1,<environment.Job instance at 0x14e65eda5230>,104,3,[2 6],157,337,340,180,337
1,<environment.Job instance at 0x14e65ed43a50>,0,3,[8 2],3,3,6,0,3
1,<environment.Job instance at 0x14e65ee54a50>,2,3,[2 8],5,5,8,0,5
1,<environment.Job instance at 0x14e65eef1960>,3,2,[7 1],6,7,9,1,7
1,<environment.Job instance at 0x14e65eef1910>,5,1,[1 7],10,10,11,0,10
1,<environment.Job instance at 0x14e65ed9c820>,4,28,[1 6],7,12,40,5,12
1,<environment.Job instance at 0x14e65eef1780>,9,2,[5 1],15,15,17,0,15
1,<environment.Job instance at 0x14e65eeaadc0>,10,2,[ 2 10],16,40,42,24,16
1,<environment.Job instance at 0x14e65eeaa410>,11,3,[5 1],17,26,29,9,26
1,<environment.Job instance at 0x14e65ef37050>,25,1,[5 1],36,36,37,0,36
1,<environment.Job instance at 0x14e65ef37230>,26,1,[8 1],38,38,39,0,38
1,<environment.Job instance at 0x14e65ef37370>,27,1,[1 8],40,42,43,2,40
1,<environment.Job instance at 0x14e65ef376e0>,28,1,[2 9],41,43,44,2,41
1,<environment.Job instance at 0x14e65ef371e0>,29,3,[1 9],42,44,47,2,42
1,<environment.Job instance at 0x14e65ef37c30>,30,14,[ 1 10],44,47,61,3,45
1,<environment.Job instance at 0x14e65ee1e190>,33,3,[2 5],48,61,64,13,48
1,<environment.Job instance at 0x14e65ee1e0a0>,34,2,[6 2],49,61,63,12,49
1,<environment.Job instance at 0x14e65ee1e500>,37,1,[1 6],52,64,65,12,52
1,<environment.Job instance at 0x14e65ee1ebe0>,38,1,[10  1],53,65,66,12,53
1,<environment.Job instance at 0x14e65ee1ee60>,40,1,[7 1],55,77,78,22,77
1,<environment.Job instance at 0x14e65ee1e460>,41,3,[9 2],56,78,81,22,77
1,<environment.Job instance at 0x14e65ee1e820>,42,2,[1 8],57,77,79,20,77
1,<environment.Job instance at 0x14e65ee1e910>,44,3,[2 5],59,81,84,22,77
1,<environment.Job instance at 0x14e65ee1ed70>,45,2,[8 1],60,81,83,21,77
1,<environment.Job instance at 0x14e65ee3a1e0>,50,2,[2 9],65,127,129,62,127
1,<environment.Job instance at 0x14e65ee3a320>,51,13,[2 8],67,129,142,62,127
1,<environment.Job instance at 0x14e65eea2eb0>,52,3,[7 2],68,129,132,61,127
1,<environment.Job instance at 0x14e65eea2f00>,53,17,[ 2 10],69,142,159,73,135
1,<environment.Job instance at 0x14e65eee5d70>,0,3,[7 2],1,2,5,1,2
1,<environment.Job instance at 0x14e69a190dc0>,3,1,[1 9],5,5,6,0,5
1,<environment.Job instance at 0x14e69a190d70>,4,3,[6 2],6,6,9,0,6
1,<environment.Job instance at 0x14e69a190640>,6,1,[2 6],8,9,10,1,9
1,<environment.Job instance at 0x14e69a190910>,7,1,[1 5],10,12,13,2,12
1,<environment.Job instance at 0x14e65f20d230>,10,3,[2 5],15,16,19,1,16
1,<environment.Job instance at 0x14e65f20d190>,11,18,[5 2],17,17,35,0,17
1,<environment.Job instance at 0x14e65f20d7d0>,12,1,[1 6],18,19,20,1,18
1,<environment.Job instance at 0x14e65f20d050>,13,2,[2 6],20,21,23,1,21
1,<environment.Job instance at 0x14e65f20d4b0>,15,3,[2 7],22,25,28,3,25
1,<environment.Job instance at 0x14e65f20d690>,16,1,[10  1],26,35,36,9,35
1,<environment.Job instance at 0x14e65f20de60>,18,2,[6 1],28,41,43,13,41
1,<environment.Job instance at 0x14e65f20dc30>,19,3,[1 5],29,41,44,12,41
1,<environment.Job instance at 0x14e65f20d910>,21,1,[9 1],31,43,44,12,41
1,<environment.Job instance at 0x14e65f20d640>,22,1,[1 8],32,44,45,12,42
1,<environment.Job instance at 0x14e65f20dd20>,24,3,[2 7],34,45,48,11,42
1,<environment.Job instance at 0x14e69a0f9eb0>,25,1,[7 1],35,44,45,9,42
1,<environment.Job instance at 0x14e69a0f9e60>,26,2,[7 2],36,45,47,9,42
1,<environment.Job instance at 0x14e69a0f95a0>,27,13,[10  1],38,48,61,10,42
1,<environment.Job instance at 0x14e69a0f97d0>,28,3,[2 6],39,61,64,22,45
1,<environment.Job instance at 0x14e69a0f9d20>,30,1,[6 2],41,47,48,6,45
1,<environment.Job instance at 0x14e69a0f94b0>,31,1,[9 1],42,64,65,22,45
1,<environment.Job instance at 0x14e69ab7d9b0>,32,1,[2 5],44,65,66,21,45
1,<environment.Job instance at 0x14e698f14640>,33,3,[10  2],47,66,69,19,47
1,<environment.Job instance at 0x14e698f140a0>,34,1,[2 7],48,69,70,21,48
1,<environment.Job instance at 0x14e65f4749b0>,75,3,[8 1],107,356,359,249,356
1,<environment.Job instance at 0x14e69f3e11e0>,76,2,[6 2],108,359,361,251,356
1,<environment.Job instance at 0x14e65f1ff050>,77,3,[9 2],109,361,364,252,356
1,<environment.Job instance at 0x14e65f543050>,78,2,[1 6],116,356,358,240,356
1,<environment.Job instance at 0x14e69f2ddc80>,82,2,[2 6],124,358,360,234,356
1,<environment.Job instance at 0x14e69f3e1eb0>,83,3,[6 2],126,364,367,238,356
1,<environment.Job instance at 0x14e69f3a70f0>,84,12,[2 9],127,367,379,240,356
1,<environment.Job instance at 0x14e69f3a7a00>,85,2,[5 1],128,367,369,239,356
1,<environment.Job instance at 0x14e69f3a7780>,87,1,[7 2],130,379,380,249,356
1,<environment.Job instance at 0x14e69ac6ffa0>,90,2,[2 5],135,364,366,229,358
1,<environment.Job instance at 0x14e69ac6ff50>,92,3,[1 7],137,360,363,223,359
1,<environment.Job instance at 0x14e69ac6f910>,93,1,[1 8],138,363,364,225,361
1,<environment.Job instance at 0x14e69ac6fcd0>,95,1,[1 9],140,380,381,240,361
1,<environment.Job instance at 0x14e69ac6f8c0>,96,2,[2 6],141,381,383,240,362
1,<environment.Job instance at 0x14e69ac6fe60>,97,3,[ 2 10],142,383,386,241,362
1,<environment.Job instance at 0x14e69ac6fb40>,98,13,[2 8],143,386,399,243,370
1,<environment.Job instance at 0x14e69aee8fa0>,99,1,[8 1],146,370,371,224,370
1,<environment.Job instance at 0x14e69aee8d70>,100,3,[1 6],147,399,402,252,374
1,<environment.Job instance at 0x14e65f18cf50>,101,2,[1 6],148,402,404,254,375
1,<environment.Job instance at 0x14e699fc9370>,102,1,[2 5],149,379,380,230,378
1,<environment.Job instance at 0x14e69f2e2f00>,4,3,[10  1],7,7,10,0,7
1,<environment.Job instance at 0x14e65f70c870>,5,1,[9 2],8,10,11,2,8
1,<environment.Job instance at 0x14e65f70c6e0>,6,17,[8 1],9,11,28,2,9
1,<environment.Job instance at 0x14e65f70caf0>,7,2,[1 5],10,10,12,0,10
1,<environment.Job instance at 0x14e65f70cb40>,8,13,[1 9],11,12,25,1,11
1,<environment.Job instance at 0x14e65f71d2d0>,13,2,[1 7],19,25,27,6,19
1,<environment.Job instance at 0x14e65f71d320>,14,3,[1 8],20,27,30,7,20
1,<environment.Job instance at 0x14e65f71d3c0>,16,2,[2 8],22,30,32,8,22
1,<environment.Job instance at 0x14e65f71d730>,17,3,[1 7],23,32,35,9,23
1,<environment.Job instance at 0x14e65f71d870>,18,2,[6 1],24,28,30,4,24
1,<environment.Job instance at 0x14e65f71d9b0>,19,3,[7 2],25,30,33,5,25
1,<environment.Job instance at 0x14e65f71daf0>,20,2,[8 1],26,33,35,7,26
1,<environment.Job instance at 0x14e65f71dc30>,21,15,[8 2],27,35,50,8,27
1,<environment.Job instance at 0x14e65f71dd70>,22,1,[10  1],28,50,51,22,29
1,<environment.Job instance at 0x14e65f7234b0>,27,3,[2 5],34,35,38,1,34
1,<environment.Job instance at 0x14e65f7237d0>,30,3,[1 8],38,455,458,417,455
1,<environment.Job instance at 0x14e65f723a50>,34,12,[6 1],43,524,536,481,524
1,<environment.Job instance at 0x14e65f723af0>,35,13,[8 1],44,536,549,492,535
1,<environment.Job instance at 0x14e65f723b90>,36,3,[2 8],45,770,773,725,770
1,<environment.Job instance at 0x14e65f723c30>,37,2,[1 7],46,1882,1884,1836,1882
1,<environment.Job instance at 0x14e69a10fe60>,0,3,[ 2 10],2,2,5,0,2
1,<environment.Job instance at 0x14e65f723c30>,2,2,[8 1],4,5,7,1,4
1,<environment.Job instance at 0x14e65f723b40>,1,2,[2 8],3,7,9,4,7
1,<environment.Job instance at 0x14e69a10fb90>,3,3,[2 8],7,9,12,2,7
1,<environment.Job instance at 0x14e69a10f2d0>,5,3,[2 9],10,12,15,2,10
1,<environment.Job instance at 0x14e69a10ff50>,6,2,[10  2],11,15,17,4,11
1,<environment.Job instance at 0x14e69a10f550>,7,2,[ 1 10],12,17,19,5,12
1,<environment.Job instance at 0x14e69a10f190>,8,3,[ 1 10],14,19,22,5,14
1,<environment.Job instance at 0x14e69a168f50>,11,2,[5 2],17,22,24,5,17
1,<environment.Job instance at 0x14e69a10f5a0>,10,1,[7 2],16,24,25,8,19
1,<environment.Job instance at 0x14e69a1689b0>,13,2,[1 7],21,32,34,11,32
1,<environment.Job instance at 0x14e69a168b40>,17,2,[5 1],27,32,34,5,32
1,<environment.Job instance at 0x14e69a168d20>,18,3,[6 1],28,34,37,6,32
1,<environment.Job instance at 0x14e69a1682d0>,19,1,[10  1],29,45,46,16,45
1,<environment.Job instance at 0x14e69a1680f0>,20,15,[7 1],30,46,61,16,45
1,<environment.Job instance at 0x14e69a168410>,23,1,[9 2],34,61,62,27,46
1,<environment.Job instance at 0x14e69a168140>,24,3,[2 9],35,47,50,12,47
1,<environment.Job instance at 0x14e69a168230>,25,3,[2 5],36,50,53,14,48
1,<environment.Job instance at 0x14e65f530a00>,26,3,[1 7],37,53,56,16,48
1,<environment.Job instance at 0x14e65f5309b0>,27,2,[2 6],38,56,58,18,48
1,<environment.Job instance at 0x14e65f530d70>,28,2,[5 2],39,62,64,23,48
1,<environment.Job instance at 0x14e65f530fa0>,29,12,[ 1 10],40,64,76,24,53
1,<environment.Job instance at 0x14e65f530640>,30,2,[1 5],41,58,60,17,56
1,<environment.Job instance at 0x14e65f5308c0>,31,12,[5 1],42,76,88,34,60
1,<environment.Job instance at 0x14e65f530190>,32,1,[10  1],43,88,89,45,60
1,<environment.Job instance at 0x14e65f530960>,33,3,[1 7],45,76,79,31,64
1,<environment.Job instance at 0x14e65f533370>,34,1,[10  2],47,89,90,42,69
1,<environment.Job instance at 0x14e65f09b8c0>,35,1,[6 1],49,90,91,41,73
1,<environment.Job instance at 0x14e65f09b4b0>,36,13,[1 6],50,90,103,40,77
1,<environment.Job instance at 0x14e65f09b690>,37,2,[1 8],51,79,81,28,78
1,<environment.Job instance at 0x14e65f09bd70>,38,17,[6 1],52,91,108,39,81
1,<environment.Job instance at 0x14e65f09b500>,39,1,[8 1],53,108,109,55,83
1,<environment.Job instance at 0x14e65f09bbe0>,40,3,[1 6],54,103,106,49,90
1,<environment.Job instance at 0x14e65f09b730>,41,2,[1 9],57,106,108,49,90
1,<environment.Job instance at 0x14e65f09ba00>,42,17,[2 7],58,108,125,50,105
1,<environment.Job instance at 0x14e65f09b2d0>,43,12,[5 1],59,109,121,50,105
1,<environment.Job instance at 0x14e65f09b370>,44,16,[1 7],61,125,141,64,115
1,<environment.Job instance at 0x14e65f09ba50>,45,3,[2 6],62,141,144,79,120
1,<environment.Job instance at 0x14e65f09bf50>,46,17,[6 1],65,121,138,56,121
1,<environment.Job instance at 0x14e65f09bc30>,47,3,[2 8],66,144,147,78,124
1,<environment.Job instance at 0x14e65f09b460>,48,2,[9 1],68,138,140,70,125
1,<environment.Job instance at 0x14e65f09b5f0>,49,12,[5 2],69,140,152,71,126
1,<environment.Job instance at 0x14e65f09bf00>,50,1,[1 9],70,152,153,82,139
1,<environment.Job instance at 0x14e65f09bcd0>,51,1,[1 5],71,147,148,76,139
1,<environment.Job instance at 0x14e65ef4c280>,52,26,[2 7],72,167,193,95,167
1,<environment.Job instance at 0x14e65ef4cc80>,53,3,[2 8],73,193,196,120,168
1,<environment.Job instance at 0x14e65ef4ca00>,54,3,[2 9],74,196,199,122,172
1,<environment.Job instance at 0x14e65ef4c6e0>,55,15,[8 1],76,174,189,98,174
1,<environment.Job instance at 0x14e65ef4c550>,56,1,[2 7],77,199,200,122,176
1,<environment.Job instance at 0x14e65ef4c820>,57,1,[7 2],78,189,190,111,181
1,<environment.Job instance at 0x14e65ef4c140>,58,25,[1 7],79,200,225,121,198
1,<environment.Job instance at 0x14e65ef4c3c0>,59,1,[ 2 10],80,225,226,145,200
1,<environment.Job instance at 0x14e65ef4c870>,60,2,[2 5],81,226,228,145,202
1,<environment.Job instance at 0x14e65ef4cd70>,61,15,[7 2],82,202,217,120,202
1,<environment.Job instance at 0x14e65ef4ce10>,62,1,[7 2],85,217,218,132,205
1,<environment.Job instance at 0x14e65ef4c960>,63,1,[1 8],86,228,229,142,206
1,<environment.Job instance at 0x14e65ef4c410>,64,2,[1 7],87,229,231,142,209
1,<environment.Job instance at 0x14e65ef4cb90>,65,22,[ 1 10],88,231,253,143,224
1,<environment.Job instance at 0x14e65ef4c780>,66,2,[1 6],89,253,255,164,226
1,<environment.Job instance at 0x14e65f089e60>,68,3,[10  1],92,255,258,163,229
1,<environment.Job instance at 0x14e65f089140>,69,3,[10  1],93,258,261,165,235
1,<environment.Job instance at 0x14e65f089d70>,70,1,[8 1],94,253,254,159,238
1,<environment.Job instance at 0x14e65f089fa0>,71,17,[7 2],96,261,278,165,249
1,<environment.Job instance at 0x14e65f089c30>,72,13,[2 5],97,261,274,164,257
1,<environment.Job instance at 0x14e65f089550>,73,2,[6 1],99,278,280,179,262
1,<environment.Job instance at 0x14e65f089050>,74,16,[6 1],100,280,296,180,268
1,<environment.Job instance at 0x14e65f089af0>,75,1,[ 1 10],102,296,297,194,269
1,<environment.Job instance at 0x14e65f089870>,76,3,[9 1],104,297,300,193,271
1,<environment.Job instance at 0x14e65f0890a0>,77,1,[8 2],106,300,301,194,273
1,<environment.Job instance at 0x14e65f089280>,78,3,[1 5],107,274,277,167,273
1,<environment.Job instance at 0x14e65f0894b0>,79,1,[10  1],109,301,302,192,273
1,<environment.Job instance at 0x14e65f089aa0>,80,3,[8 1],110,302,305,192,276
1,<environment.Job instance at 0x14e65f089dc0>,81,2,[8 1],111,305,307,194,281
1,<environment.Job instance at 0x14e65f089960>,82,1,[5 2],112,307,308,195,283
1,<environment.Job instance at 0x14e65f089320>,84,2,[5 1],114,307,309,193,288
1,<environment.Job instance at 0x14e65f6baf00>,85,17,[1 5],116,308,325,192,300
1,<environment.Job instance at 0x14e65f6baeb0>,86,2,[5 2],117,309,311,192,300
1,<environment.Job instance at 0x14e65f6ba820>,87,1,[1 5],118,302,303,184,301
1,<environment.Job instance at 0x14e65f6ba690>,88,1,[8 2],119,311,312,192,301
1,<environment.Job instance at 0x14e65f5d8aa0>,89,2,[7 1],120,312,314,192,301
1,<environment.Job instance at 0x14e65f5d8e10>,90,1,[10  1],121,325,326,204,302
1,<environment.Job instance at 0x14e65f5d8780>,91,2,[ 1 10],122,326,328,204,305
1,<environment.Job instance at 0x14e65f5d8eb0>,92,2,[1 8],123,328,330,205,306
1,<environment.Job instance at 0x14e65f5d84b0>,93,3,[2 5],124,314,317,190,306
1,<environment.Job instance at 0x14e65f5d83c0>,94,18,[10  1],125,330,348,205,319
1,<environment.Job instance at 0x14e65f4bb7d0>,96,15,[2 7],127,348,363,221,336
1,<environment.Job instance at 0x14e65f4bb910>,97,1,[2 5],128,363,364,235,341
1,<environment.Job instance at 0x14e69a168780>,22,17,[2 9],33,741,758,708,741
1,<environment.Job instance at 0x14e65ef7b870>,1,3,[1 5],2,2,5,0,2
1,<environment.Job instance at 0x14e65f357500>,2,2,[5 2],3,3,5,0,3
1,<environment.Job instance at 0x14e69a0b2e60>,7,3,[9 2],10,10,13,0,10
1,<environment.Job instance at 0x14e69a0e8230>,8,1,[ 2 10],11,13,14,2,11
1,<environment.Job instance at 0x14e69a0e8050>,9,2,[6 2],12,14,16,2,12
1,<environment.Job instance at 0x14e69a0e8460>,10,1,[1 5],14,14,15,0,14
1,<environment.Job instance at 0x14e69a0e85a0>,11,2,[5 2],15,16,18,1,15
1,<environment.Job instance at 0x14e69a0e8730>,12,2,[8 1],16,18,20,2,16
1,<environment.Job instance at 0x14e69a0e8870>,13,2,[8 1],17,20,22,3,17
1,<environment.Job instance at 0x14e69a0b2d20>,6,12,[9 1],8,22,34,14,18
1,<environment.Job instance at 0x14e69a0e8af0>,15,3,[10  2],19,34,37,15,19
1,<environment.Job instance at 0x14e69a0e89b0>,14,17,[ 2 10],18,37,54,19,26
1,<environment.Job instance at 0x14e69a0bb5a0>,30,2,[8 2],37,198,200,161,198
1,<environment.Job instance at 0x14e69889f690>,0,2,[ 1 10],1,1,3,0,1
1,<environment.Job instance at 0x14e69889f6e0>,2,3,[1 9],4,4,7,0,4
1,<environment.Job instance at 0x14e69a0e9c30>,4,13,[ 1 10],7,8,21,1,8
1,<environment.Job instance at 0x14e6a2036b90>,5,2,[ 1 10],10,21,23,11,10
1,<environment.Job instance at 0x14e69f2f79b0>,7,1,[1 6],12,23,24,11,12
1,<environment.Job instance at 0x14e699fd0190>,8,1,[1 8],13,24,25,11,13
1,<environment.Job instance at 0x14e69f2f7870>,9,1,[8 2],15,23,24,8,15
1,<environment.Job instance at 0x14e69ab67af0>,10,2,[10  2],16,25,27,9,16
1,<environment.Job instance at 0x14e6a1ebd410>,13,1,[5 2],21,24,25,3,21
1,<environment.Job instance at 0x14e6a1ebd9b0>,14,18,[10  2],22,27,45,5,22
1,<environment.Job instance at 0x14e69a07edc0>,15,3,[1 5],23,45,48,22,23
1,<environment.Job instance at 0x14e65f241c30>,20,1,[10  2],29,48,49,19,30
1,<environment.Job instance at 0x14e6983d1410>,21,2,[5 2],32,45,47,13,32
1,<environment.Job instance at 0x14e65f005c30>,22,2,[10  1],33,49,51,16,33
1,<environment.Job instance at 0x14e699fbacd0>,16,14,[1 7],24,51,65,27,36
1,<environment.Job instance at 0x14e69a0b62d0>,27,3,[1 9],44,65,68,21,44
1,<environment.Job instance at 0x14e65f75d1e0>,28,1,[1 7],47,68,69,21,47
1,<environment.Job instance at 0x14e69f400500>,30,3,[6 2],50,51,54,1,50
1,<environment.Job instance at 0x14e65efd5230>,31,17,[6 2],55,68,85,13,61
1,<environment.Job instance at 0x14e69fcd6eb0>,37,3,[1 6],62,69,72,7,62
1,<environment.Job instance at 0x14e69a0905f0>,41,3,[10  2],72,85,88,13,72
1,<environment.Job instance at 0x14e69fcd67d0>,38,1,[8 1],63,88,89,25,73
1,<environment.Job instance at 0x14e69a0904b0>,43,1,[2 8],74,74,75,0,74
1,<environment.Job instance at 0x14e69a090550>,44,2,[9 1],77,89,91,12,77
1,<environment.Job instance at 0x14e69f3f1f00>,46,13,[7 2],81,91,104,10,81
1,<environment.Job instance at 0x14e69f3f10f0>,47,2,[6 2],82,104,106,22,82
1,<environment.Job instance at 0x14e69f3f1d20>,48,3,[5 2],87,106,109,19,87
1,<environment.Job instance at 0x14e69f3f1780>,49,3,[ 2 10],88,109,112,21,95
1,<environment.Job instance at 0x14e65efea780>,56,2,[10  1],97,112,114,15,97
1,<environment.Job instance at 0x14e65efeae60>,57,2,[8 1],98,114,116,16,99
1,<environment.Job instance at 0x14e65efeae10>,58,3,[2 9],100,114,117,14,100
1,<environment.Job instance at 0x14e65efeaeb0>,59,1,[1 9],101,117,118,16,102
1,<environment.Job instance at 0x14e69fc7cf00>,61,2,[5 1],103,106,108,3,104
1,<environment.Job instance at 0x14e69fc7c780>,63,1,[6 1],105,116,117,11,105
1,<environment.Job instance at 0x14e69fc7c500>,64,1,[5 2],107,118,119,11,111
1,<environment.Job instance at 0x14e69fc7cbe0>,66,3,[2 5],114,118,121,4,115
1,<environment.Job instance at 0x14e69fc7cdc0>,67,2,[2 5],116,119,121,3,118
1,<environment.Job instance at 0x14e69fc7cb40>,68,1,[2 9],117,138,139,21,138
1,<environment.Job instance at 0x14e69fc7c5a0>,70,15,[1 5],120,144,159,24,144
1,<environment.Job instance at 0x14e69fc7c690>,71,2,[2 9],121,159,161,38,145
1,<environment.Job instance at 0x14e69fc7ce10>,73,3,[2 6],123,161,164,38,151
1,<environment.Job instance at 0x14e69af697d0>,74,2,[1 6],124,164,166,40,154
1,<environment.Job instance at 0x14e69af69dc0>,75,1,[2 5],125,157,158,32,157
1,<environment.Job instance at 0x14e69af691e0>,76,1,[2 8],126,166,167,40,157
1,<environment.Job instance at 0x14e69af69370>,77,2,[10  1],127,167,169,40,158
1,<environment.Job instance at 0x14e69af69050>,78,2,[7 1],128,158,160,30,158
1,<environment.Job instance at 0x14e69af69a50>,79,2,[7 2],129,161,163,32,158
1,<environment.Job instance at 0x14e69af69c80>,80,1,[9 2],130,164,165,34,158
1,<environment.Job instance at 0x14e69af693c0>,81,2,[9 1],131,169,171,38,158
1,<environment.Job instance at 0x14e69af69d20>,82,3,[9 1],133,171,174,38,159
1,<environment.Job instance at 0x14e69af69e10>,83,14,[8 2],135,174,188,39,160
1,<environment.Job instance at 0x14e69af69af0>,84,3,[2 9],136,188,191,52,173
1,<environment.Job instance at 0x14e69af698c0>,85,2,[1 9],138,191,193,53,173
1,<environment.Job instance at 0x14e65f171be0>,0,3,[1 8],2,2,5,0,2
1,<environment.Job instance at 0x14e65f1715f0>,9,3,[2 7],15,15,18,0,15
1,<environment.Job instance at 0x14e699fba320>,3,15,[2 8],5,18,33,13,16
1,<environment.Job instance at 0x14e69abd4e60>,12,1,[1 5],21,33,34,12,21
1,<environment.Job instance at 0x14e69abd4960>,13,21,[6 2],22,22,43,0,22
1,<environment.Job instance at 0x14e69fd0ab90>,20,3,[7 1],34,43,46,9,34
1,<environment.Job instance at 0x14e69fd0adc0>,21,1,[ 1 10],35,46,47,11,35
1,<environment.Job instance at 0x14e69fd0a280>,22,18,[6 1],36,47,65,11,40
1,<environment.Job instance at 0x14e65edfc3c0>,27,18,[8 1],42,65,83,23,54
1,<environment.Job instance at 0x14e65f013910>,36,3,[2 7],56,66,69,10,66
1,<environment.Job instance at 0x14e65edfc7d0>,29,16,[6 2],45,83,99,38,70
1,<environment.Job instance at 0x14e65f013050>,38,3,[1 6],62,70,73,8,70
1,<environment.Job instance at 0x14e65f013640>,39,1,[2 7],63,73,74,10,70
1,<environment.Job instance at 0x14e65f0135a0>,40,12,[5 2],64,99,111,35,82
1,<environment.Job instance at 0x14e65f013dc0>,41,16,[2 6],65,82,98,17,82
1,<environment.Job instance at 0x14e65f013be0>,43,3,[1 8],68,98,101,30,82
1,<environment.Job instance at 0x14e65f013190>,44,3,[2 9],72,111,114,39,85
1,<environment.Job instance at 0x14e69a2a4190>,46,3,[7 1],76,111,114,35,85
1,<environment.Job instance at 0x14e69a2a49b0>,47,3,[ 2 10],79,114,117,35,88
1,<environment.Job instance at 0x14e69a2a4a50>,48,3,[7 2],81,117,120,36,91
1,<environment.Job instance at 0x14e69a2a4820>,49,3,[9 2],83,120,123,37,94
1,<environment.Job instance at 0x14e69fc88910>,50,3,[1 6],86,101,104,15,94
1,<environment.Job instance at 0x14e69f34fd20>,54,3,[1 8],90,104,107,14,95
1,<environment.Job instance at 0x14e699fba690>,58,3,[9 2],96,123,126,27,118
1,<environment.Job instance at 0x14e69a0711e0>,61,16,[ 2 10],103,126,142,23,119
1,<environment.Job instance at 0x14e65ead79b0>,64,17,[2 7],108,142,159,34,130
1,<environment.Job instance at 0x14e65ecf72d0>,65,1,[2 9],109,159,160,50,131
1,<environment.Job instance at 0x14e65f15ecd0>,66,1,[2 6],110,160,161,50,132
1,<environment.Job instance at 0x14e65eb86690>,67,2,[1 8],111,161,163,50,134
1,<environment.Job instance at 0x14e69af4baf0>,68,1,[8 2],113,142,143,29,134
1,<environment.Job instance at 0x14e65f4331e0>,70,2,[2 8],116,163,165,47,141
1,<environment.Job instance at 0x14e65f01b0a0>,71,2,[7 2],117,143,145,26,141
1,<environment.Job instance at 0x14e65f0131e0>,42,23,[1 9],66,197,220,131,197
1,<environment.Job instance at 0x14e65f793280>,75,3,[8 1],122,197,200,75,197
1,<environment.Job instance at 0x14e65f11da00>,76,1,[7 1],124,200,201,76,197
1,<environment.Job instance at 0x14e65f572690>,82,13,[6 2],131,220,233,89,204
1,<environment.Job instance at 0x14e69ac2b870>,84,2,[6 2],134,233,235,99,206
1,<environment.Job instance at 0x14e6a1fd6fa0>,85,3,[2 5],135,220,223,85,206
1,<environment.Job instance at 0x14e65f125dc0>,86,12,[5 2],136,235,247,99,218
1,<environment.Job instance at 0x14e6a16edd20>,87,14,[2 8],138,223,237,85,218
1,<environment.Job instance at 0x14e65ededcd0>,88,1,[6 2],140,247,248,107,219
1,<environment.Job instance at 0x14e69fd56af0>,90,1,[1 7],142,249,250,107,249
1,<environment.Job instance at 0x14e69f2e2f50>,102,14,[9 1],159,249,263,90,249
1,<environment.Job instance at 0x14e69f2e2e60>,103,1,[1 9],160,250,251,90,249
1,<environment.Job instance at 0x14e65f6bb050>,104,1,[10  2],161,263,264,102,249
1,<environment.Job instance at 0x14e65f6bbe10>,105,3,[1 7],164,251,254,87,249
1,<environment.Job instance at 0x14e65f4d5550>,106,1,[6 2],165,264,265,99,249
1,<environment.Job instance at 0x14e65f4d53c0>,107,15,[7 2],166,265,280,99,252
1,<environment.Job instance at 0x14e65f4d5190>,109,13,[6 1],168,280,293,112,265
1,<environment.Job instance at 0x14e69f3a4af0>,114,1,[ 2 10],175,293,294,118,269
1,<environment.Job instance at 0x14e69f3a40f0>,115,2,[2 8],178,269,271,91,269
1,<environment.Job instance at 0x14e69f3a4730>,116,16,[8 1],180,294,310,114,281
1,<environment.Job instance at 0x14e69f3a4550>,119,3,[2 8],186,281,284,95,281
1,<environment.Job instance at 0x14e65f40e320>,0,2,[ 2 10],2,2,4,0,2
1,<environment.Job instance at 0x14e65f40e910>,1,3,[2 8],3,4,7,1,3
1,<environment.Job instance at 0x14e6a16feeb0>,6,12,[1 7],9,9,21,0,9
1,<environment.Job instance at 0x14e6a16fecd0>,8,2,[2 7],11,21,23,10,11
1,<environment.Job instance at 0x14e6a1fd6460>,11,2,[7 1],14,14,16,0,14
1,<environment.Job instance at 0x14e6a133a500>,12,1,[1 6],16,23,24,7,16
1,<environment.Job instance at 0x14e6a133a0a0>,13,2,[6 2],17,17,19,0,17
1,<environment.Job instance at 0x14e6a133a6e0>,14,2,[10  2],19,24,26,5,19
1,<environment.Job instance at 0x14e6a133a370>,15,2,[2 7],23,26,28,3,23
1,<environment.Job instance at 0x14e6a133a050>,16,3,[8 1],24,26,29,2,24
1,<environment.Job instance at 0x14e6a133a550>,17,1,[8 2],26,29,30,3,26
1,<environment.Job instance at 0x14e6a133a2d0>,18,3,[8 2],28,30,33,2,28
1,<environment.Job instance at 0x14e6a133abe0>,19,2,[8 1],30,33,35,3,30
1,<environment.Job instance at 0x14e6a133a1e0>,20,3,[2 7],31,31,34,0,31
1,<environment.Job instance at 0x14e6a133aeb0>,21,1,[1 6],32,34,35,2,32
1,<environment.Job instance at 0x14e69ac6f140>,23,1,[10  1],37,38,39,1,38
1,<environment.Job instance at 0x14e69ac6f9b0>,25,2,[9 1],39,39,41,0,39
1,<environment.Job instance at 0x14e69ac6fb90>,24,15,[2 8],38,41,56,3,41
1,<environment.Job instance at 0x14e699fdbb40>,36,1,[10  1],55,64,65,9,64
1,<environment.Job instance at 0x14e699fdba50>,37,1,[7 2],56,65,66,9,64
1,<environment.Job instance at 0x14e699fdbc30>,38,3,[1 7],57,65,68,8,65
1,<environment.Job instance at 0x14e699fdb8c0>,39,1,[2 9],58,68,69,10,67
1,<environment.Job instance at 0x14e65f720960>,40,3,[1 8],60,69,72,9,67
1,<environment.Job instance at 0x14e65f720370>,42,1,[1 6],66,75,76,9,75
1,<environment.Job instance at 0x14e65f720e10>,44,2,[6 2],69,90,92,21,90
1,<environment.Job instance at 0x14e65f720aa0>,45,3,[1 6],70,91,94,21,91
1,<environment.Job instance at 0x14e65f720780>,47,3,[ 2 10],72,206,209,134,206
1,<environment.Job instance at 0x14e69fcb5690>,50,1,[2 9],78,250,251,172,250
1,<environment.Job instance at 0x14e69fcb5cd0>,54,1,[1 8],86,252,253,166,252
1,<environment.Job instance at 0x14e65f6ab910>,71,2,[2 9],106,349,351,243,349
1,<environment.Job instance at 0x14e65f6abcd0>,72,3,[9 1],107,354,357,247,354
1,<environment.Job instance at 0x14e65f6abe10>,74,1,[1 6],109,369,370,260,369
1,<environment.Job instance at 0x14e65f6abc80>,79,2,[2 8],115,375,377,260,375
1,<environment.Job instance at 0x14e698610640>,83,3,[7 2],121,417,420,296,417
1,<environment.Job instance at 0x14e69a1f39b0>,85,3,[2 9],124,420,423,296,419
1,<environment.Job instance at 0x14e69abd4f50>,107,3,[ 2 10],155,545,548,390,545
1,<environment.Job instance at 0x14e65edb59b0>,110,3,[ 2 10],158,549,552,391,549
1,<environment.Job instance at 0x14e69ab423c0>,111,2,[5 1],159,552,554,393,551
1,<environment.Job instance at 0x14e69ab424b0>,113,1,[1 9],163,552,553,389,551
1,<environment.Job instance at 0x14e65f3bf730>,121,1,[1 9],171,603,604,432,603
1,<environment.Job instance at 0x14e69ac04460>,0,3,[10  1],1,1,4,0,1
1,<environment.Job instance at 0x14e69ac04730>,2,2,[5 2],3,4,6,1,3
1,<environment.Job instance at 0x14e65f622500>,1,2,[1 6],2,4,6,2,4
1,<environment.Job instance at 0x14e65f5c8e10>,4,3,[8 1],5,6,9,1,5
1,<environment.Job instance at 0x14e65f5c8c80>,5,3,[10  1],6,9,12,3,6
1,<environment.Job instance at 0x14e69ac042d0>,3,1,[5 1],4,12,13,8,9
1,<environment.Job instance at 0x14e65f5c8f50>,7,3,[9 2],10,13,16,3,10
1,<environment.Job instance at 0x14e65f5fa0a0>,8,3,[5 1],11,16,19,5,11
1,<environment.Job instance at 0x14e65f5c8fa0>,9,2,[5 1],13,16,18,3,13
1,<environment.Job instance at 0x14e65f5fa460>,10,3,[1 9],14,18,21,4,14
1,<environment.Job instance at 0x14e65f5fa5f0>,11,2,[1 9],15,21,23,6,15
1,<environment.Job instance at 0x14e65f5fa730>,12,3,[ 2 10],16,23,26,7,16
1,<environment.Job instance at 0x14e65f5fa870>,13,3,[2 6],17,26,29,9,18
1,<environment.Job instance at 0x14e65f5fa640>,14,2,[2 8],18,29,31,11,19
1,<environment.Job instance at 0x14e65f5fab90>,16,2,[7 1],20,20,22,0,20
1,<environment.Job instance at 0x14e69a13d1e0>,21,3,[2 6],25,31,34,6,25
1,<environment.Job instance at 0x14e69a13d370>,22,3,[6 2],27,28,31,1,28
1,<environment.Job instance at 0x14e65f5facd0>,17,2,[2 9],21,34,36,13,28
1,<environment.Job instance at 0x14e69a13d5f0>,24,3,[1 7],30,36,39,6,30
1,<environment.Job instance at 0x14e69a13d6e0>,25,2,[2 7],32,39,41,7,32
1,<environment.Job instance at 0x14e69a13d9b0>,27,2,[5 1],34,35,37,1,35
1,<environment.Job instance at 0x14e69a13de10>,30,3,[10  2],39,41,44,2,39
1,<environment.Job instance at 0x14e69a13df50>,31,1,[1 7],40,44,45,4,40
1,<environment.Job instance at 0x14e69a1381e0>,33,2,[9 2],42,44,46,2,42
1,<environment.Job instance at 0x14e69a1382d0>,35,13,[1 5],45,45,58,0,45
1,<environment.Job instance at 0x14e69a1385f0>,36,3,[ 1 10],46,58,61,12,46
1,<environment.Job instance at 0x14e69a138500>,38,2,[7 1],48,55,57,7,55
1,<environment.Job instance at 0x14e69a138b90>,42,13,[9 1],56,61,74,5,56
1,<environment.Job instance at 0x14e65f5ee820>,48,2,[2 8],63,74,76,11,63
1,<environment.Job instance at 0x14e69f317a00>,47,13,[2 5],62,76,89,14,63
1,<environment.Job instance at 0x14e65f5ee140>,49,3,[1 7],65,65,68,0,65
1,<environment.Job instance at 0x14e65f5eed20>,50,2,[8 1],67,74,76,7,67
1,<environment.Job instance at 0x14e65f5ee370>,51,3,[9 2],68,89,92,21,68
1,<environment.Job instance at 0x14e65f5eef00>,52,13,[2 5],72,76,89,4,72
1,<environment.Job instance at 0x14e65f5ee6e0>,54,13,[7 2],74,92,105,18,76
1,<environment.Job instance at 0x14e65efdd500>,61,3,[2 9],81,105,108,24,82
1,<environment.Job instance at 0x14e65f2e51e0>,62,14,[2 5],82,108,122,26,95
1,<environment.Job instance at 0x14e65f5e1e10>,76,2,[6 2],105,108,110,3,105
1,<environment.Job instance at 0x14e65f5e1370>,77,12,[2 8],106,122,134,16,106
1,<environment.Job instance at 0x14e65f5e18c0>,78,13,[9 2],108,134,147,26,118
1,<environment.Job instance at 0x14e65f1f64b0>,79,18,[ 1 10],110,147,165,37,136
1,<environment.Job instance at 0x14e65f4a7690>,83,2,[8 1],114,165,167,51,138
1,<environment.Job instance at 0x14e65f4a7280>,88,3,[9 2],120,167,170,47,146
1,<environment.Job instance at 0x14e65f1f6b40>,82,13,[1 6],113,165,178,52,149
1,<environment.Job instance at 0x14e65f4a75f0>,90,1,[10  1],125,178,179,53,162
1,<environment.Job instance at 0x14e65f4a7aa0>,91,14,[6 1],126,179,193,53,167
1,<environment.Job instance at 0x14e65f4a7050>,93,2,[2 6],129,181,183,52,181
1,<environment.Job instance at 0x14e65f4a7320>,94,3,[1 6],130,191,194,61,191
1,<environment.Job instance at 0x14e65f4a7a00>,95,3,[1 9],131,194,197,63,191
1,<environment.Job instance at 0x14e65f4a78c0>,96,2,[7 2],132,197,199,65,194
1,<environment.Job instance at 0x14e65f4a71e0>,97,2,[9 1],134,195,197,61,195
1,<environment.Job instance at 0x14e65f4a8fa0>,98,2,[2 6],138,197,199,59,195
1,<environment.Job instance at 0x14e65f4a82d0>,99,3,[2 7],140,199,202,59,195
1,<environment.Job instance at 0x14e65f4a8410>,101,3,[2 5],144,202,205,58,195
1,<environment.Job instance at 0x14e65f4a8d70>,102,21,[1 9],145,205,226,60,197
1,<environment.Job instance at 0x14e65f4a8f00>,103,1,[2 6],147,226,227,79,199
1,<environment.Job instance at 0x14e65f4a8460>,104,2,[9 1],148,205,207,57,199
1,<environment.Job instance at 0x14e65f4a8500>,105,16,[ 1 10],150,227,243,77,216
1,<environment.Job instance at 0x14e65f4a8c30>,106,18,[10  1],151,243,261,92,232
1,<environment.Job instance at 0x14e65f4a8b90>,107,2,[7 2],152,261,263,109,239
1,<environment.Job instance at 0x14e65f4979b0>,2,18,[8 2],3,3,21,0,3
1,<environment.Job instance at 0x14e65efdd9b0>,4,17,[8 1],6,21,38,15,9
1,<environment.Job instance at 0x14e65efdf280>,16,3,[9 2],24,94,97,70,94
1,<environment.Job instance at 0x14e65efcc230>,20,3,[1 9],31,105,108,74,105
1,<environment.Job instance at 0x14e65efcc410>,22,1,[10  2],35,108,109,73,107
1,<environment.Job instance at 0x14e65efcc460>,25,1,[1 6],38,128,129,90,128
1,<environment.Job instance at 0x14e65efcc500>,27,2,[ 1 10],40,129,131,89,128
1,<environment.Job instance at 0x14e65efcc8c0>,29,2,[9 1],42,131,133,89,129
1,<environment.Job instance at 0x14e65efcce10>,30,1,[5 1],44,133,134,89,129
1,<environment.Job instance at 0x14e65ee43730>,54,2,[10  1],76,359,361,283,359
1,<environment.Job instance at 0x14e65ee431e0>,65,2,[7 1],89,477,479,388,477
1,<environment.Job instance at 0x14e65ee430a0>,66,1,[9 2],90,479,480,389,477
1,<environment.Job instance at 0x14e65ee43c80>,67,2,[5 1],91,480,482,389,477
1,<environment.Job instance at 0x14e65efc2c30>,68,14,[2 9],92,480,494,388,477
1,<environment.Job instance at 0x14e65efc2a50>,69,3,[1 5],94,477,480,383,477
1,<environment.Job instance at 0x14e65efc2230>,70,15,[10  1],95,494,509,399,480
1,<environment.Job instance at 0x14e65efc2d70>,71,17,[1 9],98,509,526,411,497
1,<environment.Job instance at 0x14e65efc2320>,76,3,[2 5],106,526,529,420,505
1,<environment.Job instance at 0x14e65ee6a190>,94,2,[1 9],129,529,531,400,507
1,<environment.Job instance at 0x14e65ee64050>,95,2,[5 2],131,526,528,395,507
1,<environment.Job instance at 0x14e65ee6a8c0>,92,12,[ 1 10],126,531,543,405,514
1,<environment.Job instance at 0x14e65ee64f50>,98,2,[ 1 10],135,543,545,408,523
1,<environment.Job instance at 0x14e65ee647d0>,100,3,[2 9],137,545,548,408,523
1,<environment.Job instance at 0x14e65ee64be0>,101,1,[10  1],138,548,549,410,523
1,<environment.Job instance at 0x14e65ee64230>,103,3,[6 1],141,523,526,382,523
1,<environment.Job instance at 0x14e69f35cd70>,109,3,[10  2],151,549,552,398,523
1,<environment.Job instance at 0x14e69f35c5a0>,106,2,[7 2],146,552,554,406,526
1,<environment.Job instance at 0x14e69f35cc80>,120,1,[10  2],168,554,555,386,528
1,<environment.Job instance at 0x14e69f35c0a0>,121,27,[6 1],169,555,582,386,554
1,<environment.Job instance at 0x14e65f713aa0>,2,16,[10  1],4,5,21,1,5
1,<environment.Job instance at 0x14e69fd07c30>,7,3,[8 2],10,21,24,11,10
1,<environment.Job instance at 0x14e69fced320>,10,3,[1 9],16,24,27,8,16
1,<environment.Job instance at 0x14e69fced500>,12,1,[6 1],20,24,25,4,20
1,<environment.Job instance at 0x14e69fced730>,13,1,[1 6],21,21,22,0,21
1,<environment.Job instance at 0x14e69fced870>,14,3,[1 6],23,27,30,4,23
1,<environment.Job instance at 0x14e69fced6e0>,17,3,[1 8],27,30,33,3,27
1,<environment.Job instance at 0x14e69fcede60>,21,3,[6 1],31,31,34,0,31
1,<environment.Job instance at 0x14e69fd12050>,22,1,[6 2],32,34,35,2,34
1,<environment.Job instance at 0x14e69fd12410>,24,23,[1 9],34,35,58,1,34
1,<environment.Job instance at 0x14e69fd12460>,26,3,[2 9],37,58,61,21,37
1,<environment.Job instance at 0x14e69fd12780>,27,17,[1 9],38,61,78,23,49
1,<environment.Job instance at 0x14e69fd129b0>,30,17,[9 1],41,61,78,20,49
1,<environment.Job instance at 0x14e69fd12a50>,31,2,[6 1],42,49,51,7,49
1,<environment.Job instance at 0x14e69fd12a00>,32,1,[6 1],44,51,52,7,49
1,<environment.Job instance at 0x14e69fd12aa0>,33,2,[2 5],46,78,80,32,51
1,<environment.Job instance at 0x14e69fd12c30>,34,3,[2 8],48,80,83,32,54
1,<environment.Job instance at 0x14e69fd12c80>,35,1,[5 1],49,54,55,5,54
1,<environment.Job instance at 0x14e65f40f140>,39,1,[8 2],55,78,79,23,55
1,<environment.Job instance at 0x14e65f40f0a0>,40,2,[8 1],57,57,59,0,57
1,<environment.Job instance at 0x14e65f40f8c0>,41,1,[1 5],58,79,80,21,58
1,<environment.Job instance at 0x14e65f40fa50>,42,3,[9 1],59,83,86,24,59
1,<environment.Job instance at 0x14e65f40fb90>,43,2,[5 1],60,80,82,20,64
1,<environment.Job instance at 0x14e65f40fc80>,47,2,[8 1],67,86,88,19,67
1,<environment.Job instance at 0x14e65f41e1e0>,48,3,[10  1],68,88,91,20,68
1,<environment.Job instance at 0x14e65f41e370>,52,2,[2 6],77,86,88,9,77
1,<environment.Job instance at 0x14e65f41e820>,53,3,[6 2],78,91,94,13,78
1,<environment.Job instance at 0x14e65f41e870>,54,1,[5 2],80,82,83,2,80
1,<environment.Job instance at 0x14e65f41eaf0>,55,17,[2 7],83,91,108,8,83
1,<environment.Job instance at 0x14e65f41eb40>,56,1,[ 1 10],84,108,109,24,85
1,<environment.Job instance at 0x14e65f41eeb0>,58,3,[8 2],87,94,97,7,87
1,<environment.Job instance at 0x14e65f41edc0>,59,1,[1 9],88,109,110,21,88
1,<environment.Job instance at 0x14e65f41ee60>,60,3,[7 1],90,97,100,7,90
1,<environment.Job instance at 0x14e65f40a280>,61,17,[8 1],92,109,126,17,97
1,<environment.Job instance at 0x14e65f40a410>,63,18,[2 7],95,110,128,15,99
1,<environment.Job instance at 0x14e65f40a4b0>,64,16,[1 8],96,128,144,32,116
1,<environment.Job instance at 0x14e65f40a780>,66,3,[6 1],100,126,129,26,118
1,<environment.Job instance at 0x14e65f40a640>,67,2,[8 2],101,129,131,28,120
1,<environment.Job instance at 0x14e65f40a370>,62,16,[1 8],93,958,974,865,958
1,<environment.Job instance at 0x14e65f5c8820>,83,3,[7 1],119,1028,1031,909,1028
1,<environment.Job instance at 0x14e69fcf3410>,86,2,[8 1],123,1031,1033,908,1031
1,<environment.Job instance at 0x14e65f139460>,88,1,[1 6],129,1035,1036,906,1035
1,<environment.Job instance at 0x14e65f139370>,90,2,[2 7],132,1051,1053,919,1051
1,<environment.Job instance at 0x14e69fcf5a50>,95,3,[9 1],139,1061,1064,922,1061
1,<environment.Job instance at 0x14e65f403fa0>,0,3,[6 2],1,1,4,0,1
1,<environment.Job instance at 0x14e65f497870>,1,2,[7 2],2,4,6,2,2
1,<environment.Job instance at 0x14e65f34b230>,3,3,[1 5],5,5,8,0,5
1,<environment.Job instance at 0x14e65eaeb050>,5,3,[2 7],7,8,11,1,7
1,<environment.Job instance at 0x14e699b68550>,7,2,[8 1],11,12,14,1,12
1,<environment.Job instance at 0x14e69af247d0>,9,1,[7 2],14,14,15,0,14
1,<environment.Job instance at 0x14e65ed8b050>,10,1,[5 1],15,16,17,1,16
1,<environment.Job instance at 0x14e69a214140>,11,2,[5 1],18,18,20,0,18
1,<environment.Job instance at 0x14e69a214e10>,12,2,[2 7],19,32,34,13,32
1,<environment.Job instance at 0x14e69a214d70>,15,3,[2 8],23,41,44,18,41
1,<environment.Job instance at 0x14e6a12ddb40>,16,1,[2 8],25,44,45,19,42
1,<environment.Job instance at 0x14e6a12dd4b0>,17,1,[6 2],26,52,53,26,52
1,<environment.Job instance at 0x14e6a12dda00>,18,2,[1 7],27,57,59,30,57
1,<environment.Job instance at 0x14e69f3900a0>,20,3,[6 1],29,57,60,28,57
1,<environment.Job instance at 0x14e69af242d0>,8,20,[1 9],12,363,383,351,363
1,<environment.Job instance at 0x14e65ee12d70>,44,3,[ 2 10],67,383,386,316,370
1,<environment.Job instance at 0x14e69a03d9b0>,47,3,[6 1],75,370,373,295,370
1,<environment.Job instance at 0x14e69a1495f0>,50,3,[1 7],79,394,397,315,394
1,<environment.Job instance at 0x14e699fe5870>,54,3,[1 6],86,416,419,330,416
1,<environment.Job instance at 0x14e699fe58c0>,57,3,[1 6],89,419,422,330,419
1,<environment.Job instance at 0x14e65ea75b90>,65,3,[8 1],106,459,462,353,459
1,<environment.Job instance at 0x14e65ea75a50>,66,3,[6 1],107,480,483,373,480
1,<environment.Job instance at 0x14e65ea4a6e0>,73,2,[1 6],122,484,486,362,484
1,<environment.Job instance at 0x14e65f377050>,79,3,[6 2],129,494,497,365,494
1,<environment.Job instance at 0x14e65f377f50>,80,3,[9 2],130,497,500,367,495
1,<environment.Job instance at 0x14e698f37410>,84,3,[2 8],136,536,539,400,536
1,<environment.Job instance at 0x14e698f37b90>,87,1,[2 6],140,554,555,414,554
1,<environment.Job instance at 0x14e698f375a0>,88,3,[7 1],141,558,561,417,558
1,<environment.Job instance at 0x14e698f37a50>,100,1,[5 1],156,604,605,448,604
1,<environment.Job instance at 0x14e698f37050>,101,3,[2 6],159,604,607,445,604
1,<environment.Job instance at 0x14e698f379b0>,103,3,[9 1],162,621,624,459,621
1,<environment.Job instance at 0x14e699b96410>,105,2,[8 1],164,624,626,460,623
1,<environment.Job instance at 0x14e699b96690>,114,3,[2 8],175,646,649,471,646
1,<environment.Job instance at 0x14e69f391690>,123,1,[10  2],186,718,719,532,718
1,<environment.Job instance at 0x14e65f1a0af0>,2,14,[1 9],4,6,20,2,6
1,<environment.Job instance at 0x14e65f1a0c80>,4,13,[ 2 10],8,20,33,12,8
1,<environment.Job instance at 0x14e65f1a0820>,5,3,[6 1],10,12,15,2,12
1,<environment.Job instance at 0x14e65f2fdb40>,8,2,[8 1],16,16,18,0,16
1,<environment.Job instance at 0x14e65f2fdd70>,9,3,[5 2],17,33,36,16,17
1,<environment.Job instance at 0x14e65f2fd910>,10,2,[ 1 10],18,36,38,18,18
1,<environment.Job instance at 0x14e65f2fd690>,14,2,[1 6],22,33,35,11,22
1,<environment.Job instance at 0x14e65f1a0280>,3,13,[1 9],6,38,51,32,23
1,<environment.Job instance at 0x14e65f2fd640>,15,3,[8 2],23,51,54,28,25
1,<environment.Job instance at 0x14e65f2fd410>,16,13,[2 7],24,51,64,27,35
1,<environment.Job instance at 0x14e65f62b730>,19,2,[10  2],28,64,66,36,37
1,<environment.Job instance at 0x14e65f62bb40>,20,3,[10  1],31,66,69,35,40
1,<environment.Job instance at 0x14e65f62be60>,22,2,[2 5],33,69,71,36,42
1,<environment.Job instance at 0x14e65f62b460>,23,1,[10  1],34,71,72,37,43
1,<environment.Job instance at 0x14e65f62b4b0>,25,1,[8 1],37,62,63,25,62
1,<environment.Job instance at 0x14e65f62b6e0>,24,24,[2 7],36,72,96,36,67
1,<environment.Job instance at 0x14e69af1a280>,27,18,[2 5],39,96,114,57,85
1,<environment.Job instance at 0x14e65ee6fcd0>,30,3,[7 2],46,85,88,39,85
1,<environment.Job instance at 0x14e65ee6f3c0>,31,2,[2 9],48,114,116,66,87
1,<environment.Job instance at 0x14e65ee6f780>,32,3,[ 2 10],49,116,119,67,90
1,<environment.Job instance at 0x14e65ee6f730>,33,2,[1 8],50,119,121,69,92
1,<environment.Job instance at 0x14e65ee6f550>,35,18,[7 2],53,92,110,39,92
1,<environment.Job instance at 0x14e65ee6f4b0>,36,3,[2 5],56,110,113,54,92
1,<environment.Job instance at 0x14e65ee6ffa0>,37,13,[1 8],57,121,134,64,105
1,<environment.Job instance at 0x14e65ee6f2d0>,39,3,[ 1 10],60,134,137,74,108
1,<environment.Job instance at 0x14e65ee6f320>,40,1,[1 7],61,137,138,76,109
1,<environment.Job instance at 0x14e65ee6f460>,41,1,[9 1],65,119,120,54,109
1,<environment.Job instance at 0x14e65ee6fe10>,42,1,[5 1],66,113,114,47,109
1,<environment.Job instance at 0x14e65ee6f8c0>,38,3,[2 5],58,138,141,80,112
1,<environment.Job instance at 0x14e65ed456e0>,47,1,[8 1],74,123,124,49,123
1,<environment.Job instance at 0x14e65ed45230>,48,3,[8 1],76,124,127,48,123
1,<environment.Job instance at 0x14e65ed45a50>,49,3,[7 2],82,127,130,45,123
1,<environment.Job instance at 0x14e69fd55820>,64,3,[10  2],100,336,339,236,336
1,<environment.Job instance at 0x14e69fd55a50>,65,1,[8 2],101,343,344,242,343
1,<environment.Job instance at 0x14e65f166050>,66,1,[ 1 10],103,367,368,264,367
1,<environment.Job instance at 0x14e65e9ffdc0>,70,1,[2 9],110,379,380,269,379
1,<environment.Job instance at 0x14e65f754b40>,75,3,[6 2],119,410,413,291,410
1,<environment.Job instance at 0x14e65ebe7a50>,81,2,[1 8],128,480,482,352,480
1,<environment.Job instance at 0x14e65f3eb730>,86,2,[10  1],136,485,487,349,485
1,<environment.Job instance at 0x14e65f593af0>,87,2,[ 1 10],137,487,489,350,486
1,<environment.Job instance at 0x14e69abbe550>,90,1,[7 2],140,539,540,399,539
1,<environment.Job instance at 0x14e69ac63280>,94,1,[9 1],147,542,543,395,542
1,<environment.Job instance at 0x14e65ef56460>,99,3,[1 5],153,562,565,409,562
1,<environment.Job instance at 0x14e65ede2e60>,100,3,[1 9],154,566,569,412,566
1,<environment.Job instance at 0x14e65ede25a0>,101,1,[2 9],155,569,570,414,569
1,<environment.Job instance at 0x14e65f3ddc30>,104,3,[1 6],158,592,595,434,592
1,<environment.Job instance at 0x14e65f3ddcd0>,108,2,[9 1],165,601,603,436,601
1,<environment.Job instance at 0x14e65f2fd5a0>,12,16,[2 9],20,742,758,722,742
1,<environment.Job instance at 0x14e65efe9910>,0,1,[10  2],1,3,4,2,3
1,<environment.Job instance at 0x14e6a12cbc30>,2,1,[2 6],4,4,5,0,4
1,<environment.Job instance at 0x14e65eabc780>,1,1,[5 2],3,5,6,2,5
1,<environment.Job instance at 0x14e69a0c89b0>,3,1,[5 2],6,7,8,1,7
1,<environment.Job instance at 0x14e6a12cb230>,4,13,[1 7],7,10,23,3,10
1,<environment.Job instance at 0x14e69a0c8c80>,6,3,[9 2],13,13,16,0,13
1,<environment.Job instance at 0x14e69a0c8dc0>,9,2,[5 1],17,17,19,0,17
1,<environment.Job instance at 0x14e69a0c80a0>,10,2,[1 5],18,23,25,5,18
1,<environment.Job instance at 0x14e69a0c8780>,11,16,[6 1],19,19,35,0,19
1,<environment.Job instance at 0x14e69af25500>,13,2,[6 2],21,35,37,14,21
1,<environment.Job instance at 0x14e69af25eb0>,14,16,[9 1],23,37,53,14,24
1,<environment.Job instance at 0x14e69af25280>,18,3,[2 7],30,30,33,0,30
1,<environment.Job instance at 0x14e69af25f50>,23,1,[7 2],38,53,54,15,38
1,<environment.Job instance at 0x14e65f1e4190>,24,2,[5 2],39,54,56,15,39
1,<environment.Job instance at 0x14e65f1e48c0>,25,2,[1 5],40,45,47,5,45
1,<environment.Job instance at 0x14e65f1e4af0>,28,3,[5 1],43,54,57,11,45
1,<environment.Job instance at 0x14e65f1e4640>,29,14,[10  1],45,57,71,12,45
1,<environment.Job instance at 0x14e65f1e4eb0>,30,1,[1 7],46,87,88,41,87
1,<environment.Job instance at 0x14e65f1e49b0>,33,14,[5 2],53,88,102,35,88
1,<environment.Job instance at 0x14e65f1e4d70>,34,12,[2 6],54,96,108,42,96
1,<environment.Job instance at 0x14e65f1e4410>,35,2,[2 5],55,108,110,53,96
1,<environment.Job instance at 0x14e65f1e4780>,37,18,[10  2],57,110,128,53,99
1,<environment.Job instance at 0x14e65f1e4140>,38,3,[9 1],60,128,131,68,102
1,<environment.Job instance at 0x14e69a0345f0>,39,3,[2 6],61,131,134,70,120
1,<environment.Job instance at 0x14e69a034f00>,40,2,[ 1 10],62,134,136,72,124
1,<environment.Job instance at 0x14e69a0342d0>,41,2,[2 7],65,136,138,71,126
1,<environment.Job instance at 0x14e69a034820>,42,13,[10  1],67,138,151,71,126
1,<environment.Job instance at 0x14e69a034780>,43,1,[10  1],70,151,152,81,126
1,<environment.Job instance at 0x14e69a034230>,44,16,[1 8],71,152,168,81,151
1,<environment.Job instance at 0x14e69a034b40>,45,16,[10  2],74,168,184,94,156
1,<environment.Job instance at 0x14e69a034640>,46,25,[2 9],75,184,209,109,183
1,<environment.Job instance at 0x14e69a034c30>,47,1,[7 2],77,209,210,132,190
1,<environment.Job instance at 0x14e69a034d70>,48,3,[2 9],78,210,213,132,190
1,<environment.Job instance at 0x14e69a034eb0>,49,2,[2 6],81,213,215,132,193
1,<environment.Job instance at 0x14e69a034af0>,50,2,[5 1],82,194,196,112,194
1,<environment.Job instance at 0x14e69a034fa0>,52,3,[9 2],85,215,218,130,195
1,<environment.Job instance at 0x14e69a0345a0>,53,12,[2 7],86,218,230,132,201
1,<environment.Job instance at 0x14e69a034be0>,54,2,[6 2],87,213,215,126,203
1,<environment.Job instance at 0x14e69a034500>,55,3,[10  2],88,230,233,142,205
1,<environment.Job instance at 0x14e69a0340f0>,56,3,[1 9],89,233,236,144,213
1,<environment.Job instance at 0x14e69a0348c0>,57,1,[7 1],90,218,219,128,214
1,<environment.Job instance at 0x14e65f41bc80>,61,2,[2 5],95,236,238,141,221
1,<environment.Job instance at 0x14e65f41beb0>,62,2,[ 2 10],96,238,240,142,226
1,<environment.Job instance at 0x14e65ebe7280>,71,1,[1 9],109,240,241,131,226
1,<environment.Job instance at 0x14e65ebe7e60>,72,12,[8 2],110,241,253,131,226
1,<environment.Job instance at 0x14e65ebe7d20>,73,16,[2 5],111,248,264,137,248
1,<environment.Job instance at 0x14e65ebe7fa0>,76,14,[2 7],114,264,278,150,250
1,<environment.Job instance at 0x14e65ebe7dc0>,77,1,[10  2],115,278,279,163,263
1,<environment.Job instance at 0x14e65ebe75a0>,78,17,[2 9],116,279,296,163,269
1,<environment.Job instance at 0x14e65ebe7820>,79,2,[1 7],119,296,298,177,283
1,<environment.Job instance at 0x14e65ebe7550>,80,3,[2 6],120,298,301,178,285
1,<environment.Job instance at 0x14e65ebe76e0>,81,1,[8 2],121,296,297,175,287
1,<environment.Job instance at 0x14e69f34eb90>,82,13,[2 5],122,301,314,179,290
1,<environment.Job instance at 0x14e65ebe7500>,83,2,[9 1],123,314,316,191,294
1,<environment.Job instance at 0x149cf17cc960>,1,3,[1 9],2,2,5,0,2
1,<environment.Job instance at 0x149cf17ccc30>,2,1,[2 5],3,5,6,2,4
1,<environment.Job instance at 0x149cf17ccf00>,4,2,[7 2],5,6,8,1,6
1,<environment.Job instance at 0x149ce7b67a00>,5,3,[9 2],6,8,11,2,7
1,<environment.Job instance at 0x149ce7b67f00>,7,1,[2 6],8,11,12,3,8
1,<environment.Job instance at 0x149ce7b67e10>,8,13,[6 1],9,11,24,2,9
1,<environment.Job instance at 0x149ce7b6a050>,11,3,[1 8],13,13,16,0,13
1,<environment.Job instance at 0x149ce7b6a4b0>,12,3,[1 8],14,16,19,2,14
1,<environment.Job instance at 0x149ce7b6a5f0>,13,2,[8 1],17,24,26,7,17
1,<environment.Job instance at 0x149ce7b5e2d0>,14,2,[ 1 10],18,26,28,8,18
1,<environment.Job instance at 0x149cea2f0f00>,15,1,[ 1 10],20,28,29,8,20
1,<environment.Job instance at 0x149ce7b5d820>,16,1,[2 5],21,21,22,0,21
1,<environment.Job instance at 0x149ce7b6a280>,10,13,[2 8],12,29,42,17,21
1,<environment.Job instance at 0x149ce7b5d5f0>,19,3,[6 2],26,29,32,3,26
1,<environment.Job instance at 0x149ce7b5d690>,21,3,[6 1],29,32,35,3,29
1,<environment.Job instance at 0x149ce7b5d4b0>,23,2,[8 1],31,35,37,4,31
1,<environment.Job instance at 0x149ce7b5ce10>,24,12,[ 1 10],32,42,54,10,33
1,<environment.Job instance at 0x149ce7b5cd20>,27,2,[2 7],36,54,56,18,36
1,<environment.Job instance at 0x149ce7b5c5a0>,28,2,[2 7],37,56,58,19,37
1,<environment.Job instance at 0x149cf03d83c0>,31,3,[9 2],41,58,61,17,41
1,<environment.Job instance at 0x149cf176e3c0>,32,3,[2 9],42,61,64,19,42
1,<environment.Job instance at 0x149cef41d320>,33,1,[2 7],43,64,65,21,43
1,<environment.Job instance at 0x149ceebc4640>,43,3,[7 2],57,100,103,43,100
1,<environment.Job instance at 0x149ce98eda00>,44,3,[1 8],58,101,104,43,101
1,<environment.Job instance at 0x149ce7da3190>,45,3,[2 8],60,104,107,44,103
1,<environment.Job instance at 0x149ce7da66e0>,47,1,[1 6],63,107,108,44,105
1,<environment.Job instance at 0x149ce7ffb0a0>,48,1,[2 9],65,109,110,44,109
1,<environment.Job instance at 0x149ce7dbc190>,49,16,[8 2],66,110,126,44,109
1,<environment.Job instance at 0x149ce7dbb230>,51,2,[8 2],69,126,128,57,109
1,<environment.Job instance at 0x149ce7dbc230>,52,2,[1 7],72,113,115,41,113
1,<environment.Job instance at 0x149ce7dbb370>,53,3,[6 1],73,128,131,55,113
1,<environment.Job instance at 0x149ce7dbbeb0>,54,2,[2 5],75,118,120,43,118
1,<environment.Job instance at 0x149ce7dbb730>,56,1,[10  2],79,232,233,153,232
1,<environment.Job instance at 0x149ce7dbbc30>,59,1,[1 9],85,517,518,432,517
1,<environment.Job instance at 0x149ce7dbb870>,60,17,[8 1],86,519,536,433,519
1,<environment.Job instance at 0x149ce7dbbe10>,61,3,[1 5],87,635,638,548,635
1,<environment.Job instance at 0x149ce7dbb9b0>,62,3,[9 2],88,636,639,548,636
1,<environment.Job instance at 0x149ce7dbbc80>,63,3,[10  1],89,639,642,550,638
1,<environment.Job instance at 0x149ce7db8fa0>,64,12,[9 1],91,642,654,551,641
1,<environment.Job instance at 0x149ce7db8370>,65,3,[2 9],92,654,657,562,641
1,<environment.Job instance at 0x149ce7db8460>,68,3,[1 9],95,657,660,562,657
1,<environment.Job instance at 0x149ce7db8dc0>,70,2,[ 2 10],97,660,662,563,660
1,<environment.Job instance at 0x149ce7dbacd0>,73,2,[6 2],103,676,678,573,676
1,<environment.Job instance at 0x149ce7dbaaf0>,74,3,[6 2],106,684,687,578,684
1,<environment.Job instance at 0x149ce7db9780>,79,3,[7 2],111,704,707,593,704
1,<environment.Job instance at 0x149ce7db94b0>,81,3,[ 2 10],114,710,713,596,710
1,<environment.Job instance at 0x149ce8085fa0>,83,1,[10  1],117,728,729,611,728
1,<environment.Job instance at 0x149cea728af0>,87,2,[2 6],122,735,737,613,735
1,<environment.Job instance at 0x149ce7dbb0f0>,58,15,[2 9],82,783,798,701,783
1,<environment.Job instance at 0x149ce7db70a0>,102,1,[2 8],141,814,815,673,814
1,<environment.Job instance at 0x149cea3bcf50>,94,1,[5 1],131,1330,1331,1199,1330
1,<environment.Job instance at 0x149ce80112d0>,0,2,[ 1 10],1,2,4,1,2
1,<environment.Job instance at 0x149ceeb0eaa0>,2,1,[1 7],3,4,5,1,3
1,<environment.Job instance at 0x149ce8011280>,3,1,[2 9],4,5,6,1,4
1,<environment.Job instance at 0x149ce97b5d70>,4,15,[1 7],5,6,21,1,5
1,<environment.Job instance at 0x149cea3bcf50>,5,3,[ 2 10],7,21,24,14,7
1,<environment.Job instance at 0x149ce97b50f0>,7,12,[7 1],10,24,36,14,10
1,<environment.Job instance at 0x149ce97b59b0>,8,2,[8 2],11,11,13,0,11
1,<environment.Job instance at 0x149ce97b5190>,9,3,[8 1],12,13,16,1,12
1,<environment.Job instance at 0x149ce97b5820>,10,2,[2 5],13,24,26,11,13
1,<environment.Job instance at 0x149ceeb51640>,11,3,[6 1],14,16,19,2,14
1,<environment.Job instance at 0x149ceeb51500>,12,2,[10  1],15,36,38,21,15
1,<environment.Job instance at 0x149ceeb511e0>,13,3,[ 2 10],17,38,41,21,17
1,<environment.Job instance at 0x149ceeb36730>,1,13,[ 2 10],2,41,54,39,25
1,<environment.Job instance at 0x149cba8aac80>,19,16,[9 1],26,54,70,28,41
1,<environment.Job instance at 0x149ce80586e0>,21,1,[9 1],31,70,71,39,42
1,<environment.Job instance at 0x149cef4b7730>,23,2,[6 2],33,71,73,38,44
1,<environment.Job instance at 0x149ce97ccfa0>,24,1,[9 1],35,73,74,38,45
1,<environment.Job instance at 0x149cef4b7500>,25,2,[8 1],36,74,76,38,47
1,<environment.Job instance at 0x149ce8004af0>,26,1,[ 1 10],37,76,77,39,48
1,<environment.Job instance at 0x149ceeb2cfa0>,27,2,[1 5],39,54,56,15,48
1,<environment.Job instance at 0x149ce8085a50>,28,3,[1 5],40,56,59,16,48
1,<environment.Job instance at 0x149ce8085730>,29,2,[10  2],41,77,79,36,50
1,<environment.Job instance at 0x149cea3770f0>,31,1,[2 6],46,71,72,25,50
1,<environment.Job instance at 0x149cef41e730>,32,2,[1 6],47,59,61,12,50
1,<environment.Job instance at 0x149ce99b0af0>,33,18,[7 2],49,79,97,30,68
1,<environment.Job instance at 0x149cef42c0f0>,39,3,[8 1],62,97,100,35,71
1,<environment.Job instance at 0x149ce98f1230>,43,14,[6 1],67,100,114,33,85
1,<environment.Job instance at 0x149ce98f1d70>,45,16,[1 7],69,85,101,16,85
1,<environment.Job instance at 0x149ce98f1f00>,47,2,[6 2],72,114,116,42,96
1,<environment.Job instance at 0x149cf0e940f0>,48,1,[1 5],73,101,102,28,98
1,<environment.Job instance at 0x149cf0e94f50>,50,3,[ 2 10],75,116,119,41,111
1,<environment.Job instance at 0x149ce802c0f0>,1,2,[5 1],3,3,5,0,3
1,<environment.Job instance at 0x149ce97c4730>,2,1,[2 7],4,4,5,0,4
1,<environment.Job instance at 0x149ce97c4d70>,3,2,[10  2],5,5,7,0,5
1,<environment.Job instance at 0x149ce97c40a0>,4,2,[6 1],6,7,9,1,6
1,<environment.Job instance at 0x149ceeae5cd0>,5,3,[9 2],8,9,12,1,8
1,<environment.Job instance at 0x149ce97c4b40>,6,3,[6 2],11,12,15,1,11
1,<environment.Job instance at 0x149ce97c4be0>,8,3,[1 7],13,13,16,0,13
1,<environment.Job instance at 0x149ce97c4190>,7,2,[5 2],12,15,17,3,14
1,<environment.Job instance at 0x149ce97c40f0>,9,2,[9 2],15,17,19,2,15
1,<environment.Job instance at 0x149ce9750410>,11,3,[1 7],18,18,21,0,18
1,<environment.Job instance at 0x149ce9750280>,13,14,[1 9],20,21,35,1,20
1,<environment.Job instance at 0x149ce97508c0>,14,3,[6 1],23,23,26,0,23
1,<environment.Job instance at 0x149ce9826b40>,16,2,[2 9],25,35,37,10,25
1,<environment.Job instance at 0x149ce9826820>,17,2,[2 5],26,37,39,11,26
1,<environment.Job instance at 0x149ce98267d0>,18,16,[2 9],27,39,55,12,27
1,<environment.Job instance at 0x149ce98266e0>,19,12,[5 2],28,55,67,27,38
1,<environment.Job instance at 0x149ce9826190>,25,16,[2 8],39,55,71,16,42
1,<environment.Job instance at 0x149ce980a7d0>,27,1,[2 6],43,71,72,28,43
1,<environment.Job instance at 0x149ce97ba370>,34,3,[2 8],52,72,75,20,53
1,<environment.Job instance at 0x149ce97baaa0>,33,2,[1 9],51,75,77,24,56
1,<environment.Job instance at 0x149ce97ba5a0>,37,3,[1 6],57,77,80,20,57
1,<environment.Job instance at 0x149ce97babe0>,38,2,[8 2],58,67,69,9,58
1,<environment.Job instance at 0x149ce97bae60>,39,14,[9 1],60,75,89,15,60
1,<environment.Job instance at 0x149ce97ba280>,40,3,[10  1],61,89,92,28,64
1,<environment.Job instance at 0x149ce97b5410>,43,3,[1 9],64,80,83,16,65
1,<environment.Job instance at 0x149ce97b5b40>,44,2,[1 8],66,83,85,17,68
1,<environment.Job instance at 0x149ce97b5960>,45,2,[1 5],68,85,87,17,83
1,<environment.Job instance at 0x149ce97b90f0>,57,3,[1 6],84,92,95,8,84
1,<environment.Job instance at 0x149ce97b9460>,58,16,[1 5],85,95,111,10,85
1,<environment.Job instance at 0x149ceebc86e0>,59,2,[ 1 10],86,111,113,25,86
1,<environment.Job instance at 0x149ceeb16280>,63,3,[6 1],90,98,101,8,98
1,<environment.Job instance at 0x149ceebd5be0>,64,2,[1 8],91,113,115,22,98
1,<environment.Job instance at 0x149ce98f3050>,65,3,[2 8],92,115,118,23,98
1,<environment.Job instance at 0x149ce98f4c80>,66,2,[2 8],93,118,120,25,98
1,<environment.Job instance at 0x149ce404a7d0>,68,1,[6 2],98,101,102,3,98
1,<environment.Job instance at 0x149ceeb6b280>,69,2,[2 8],99,120,122,21,99
1,<environment.Job instance at 0x149ceeb6b2d0>,70,1,[6 2],101,102,103,1,101
1,<environment.Job instance at 0x149ceeb41410>,71,1,[2 9],102,122,123,20,102
1,<environment.Job instance at 0x149ceeb16be0>,60,17,[2 9],87,123,140,36,111
1,<environment.Job instance at 0x149ce982a0a0>,75,1,[5 2],107,113,114,6,112
1,<environment.Job instance at 0x149cea410a50>,80,2,[5 2],113,117,119,4,117
1,<environment.Job instance at 0x149ceeb91640>,83,1,[7 2],118,119,120,1,118
1,<environment.Job instance at 0x149ceeb514b0>,84,3,[10  2],119,140,143,21,120
1,<environment.Job instance at 0x149cbab5a230>,2,3,[8 1],3,3,6,0,3
1,<environment.Job instance at 0x149cbab5a140>,3,3,[2 6],6,6,9,0,6
1,<environment.Job instance at 0x149cbab5a870>,4,18,[1 5],7,9,27,2,7
1,<environment.Job instance at 0x149cbab45370>,6,1,[1 9],12,27,28,15,12
1,<environment.Job instance at 0x149cbab456e0>,7,3,[2 9],14,28,31,14,14
1,<environment.Job instance at 0x149cbab45550>,8,1,[10  2],15,31,32,16,15
1,<environment.Job instance at 0x149cbab45050>,11,2,[ 1 10],20,32,34,12,20
1,<environment.Job instance at 0x149ce41f5910>,13,3,[10  2],23,34,37,11,23
1,<environment.Job instance at 0x149ce41f5640>,14,2,[1 6],27,37,39,10,27
1,<environment.Job instance at 0x149ce41f5500>,15,3,[1 9],28,39,42,11,28
1,<environment.Job instance at 0x149ce41f55f0>,17,1,[6 2],32,37,38,5,32
1,<environment.Job instance at 0x149ce41f57d0>,18,3,[10  2],34,42,45,8,34
1,<environment.Job instance at 0x149ce41f58c0>,19,3,[5 1],38,38,41,0,38
1,<environment.Job instance at 0x149ce41f50f0>,21,2,[7 2],40,45,47,5,40
1,<environment.Job instance at 0x149ce41f5e10>,22,2,[6 2],41,47,49,6,41
1,<environment.Job instance at 0x149ce41f5cd0>,23,3,[9 1],42,49,52,7,42
1,<environment.Job instance at 0x149ce4252cd0>,25,2,[5 2],44,52,54,8,44
1,<environment.Job instance at 0x149ce41f5b40>,24,14,[2 8],43,52,66,9,45
1,<environment.Job instance at 0x149ce4252a00>,31,3,[9 2],52,66,69,14,52
1,<environment.Job instance at 0x149ce4252050>,32,2,[5 1],53,60,62,7,60
1,<environment.Job instance at 0x149ce4252370>,35,2,[2 9],57,69,71,12,61
1,<environment.Job instance at 0x149ce42522d0>,36,15,[2 8],62,71,86,9,65
1,<environment.Job instance at 0x149ce4252640>,37,1,[5 1],63,65,66,2,65
1,<environment.Job instance at 0x149ce4252b90>,26,27,[1 7],45,86,113,41,84
1,<environment.Job instance at 0x149ce41eb7d0>,43,2,[8 2],75,84,86,9,84
1,<environment.Job instance at 0x149cba7913c0>,0,2,[5 2],1,1,3,0,1
1,<environment.Job instance at 0x149ce42d3500>,7,3,[2 6],11,11,14,0,11
1,<environment.Job instance at 0x149cef4a52d0>,8,2,[9 1],12,14,16,2,12
1,<environment.Job instance at 0x149cba91bb90>,10,2,[7 2],15,16,18,1,15
1,<environment.Job instance at 0x149cba91beb0>,11,2,[9 2],16,18,20,2,16
1,<environment.Job instance at 0x149cba91baa0>,12,3,[5 1],17,20,23,3,17
1,<environment.Job instance at 0x149cba91b9b0>,13,2,[ 1 10],18,23,25,5,18
1,<environment.Job instance at 0x149cba792d20>,14,13,[2 6],19,25,38,6,19
1,<environment.Job instance at 0x149cbab4afa0>,19,13,[2 8],26,38,51,12,26
1,<environment.Job instance at 0x149cbaa0a190>,20,16,[6 1],27,27,43,0,27
1,<environment.Job instance at 0x149cba894be0>,21,1,[8 2],28,43,44,15,28
1,<environment.Job instance at 0x149ce99924b0>,22,1,[5 2],29,44,45,15,29
1,<environment.Job instance at 0x149cba894280>,23,1,[7 1],30,45,46,15,30
1,<environment.Job instance at 0x149cbaa43c30>,24,1,[1 8],31,51,52,20,31
1,<environment.Job instance at 0x149cbab64640>,25,2,[6 2],32,46,48,14,32
1,<environment.Job instance at 0x149ce4253d20>,26,13,[2 9],33,52,65,19,36
1,<environment.Job instance at 0x149cef446550>,29,2,[ 1 10],38,65,67,27,38
1,<environment.Job instance at 0x149ce98df910>,30,13,[10  1],39,67,80,28,51
1,<environment.Job instance at 0x149ce98df280>,31,1,[5 1],40,51,52,11,51
1,<environment.Job instance at 0x149ce98cc910>,33,2,[7 2],42,80,82,38,58
1,<environment.Job instance at 0x149ce98cc280>,34,3,[10  1],43,82,85,39,58
1,<environment.Job instance at 0x149ce98cceb0>,35,3,[6 1],44,58,61,14,58
1,<environment.Job instance at 0x149ce98ccaf0>,37,3,[2 7],46,85,88,39,59
1,<environment.Job instance at 0x149ce99b6690>,40,3,[5 2],49,85,88,36,61
1,<environment.Job instance at 0x149ce99b67d0>,41,2,[8 2],50,88,90,38,61
1,<environment.Job instance at 0x149ce99b6e10>,42,3,[2 8],51,88,91,37,62
1,<environment.Job instance at 0x149ce99b6f50>,43,2,[2 5],52,80,82,28,62
1,<environment.Job instance at 0x149ce99b6d70>,46,15,[ 2 10],56,91,106,35,77
1,<environment.Job instance at 0x149ce99b6050>,47,3,[10  2],57,106,109,49,80
1,<environment.Job instance at 0x149cba794500>,48,3,[2 5],59,109,112,50,83
1,<environment.Job instance at 0x149cbab3f230>,50,3,[7 2],61,109,112,48,83
1,<environment.Job instance at 0x149cbab6f410>,51,2,[2 9],62,112,114,50,85
1,<environment.Job instance at 0x149ce98e3af0>,54,15,[2 9],66,114,129,48,100
1,<environment.Job instance at 0x149cbab73870>,55,2,[10  1],67,129,131,62,102
1,<environment.Job instance at 0x149ce98cc640>,32,14,[2 9],41,196,210,155,196
1,<environment.Job instance at 0x149ce98e3b90>,62,1,[8 1],77,196,197,119,196
1,<environment.Job instance at 0x149ce98e3a00>,58,16,[6 2],71,212,228,141,212
1,<environment.Job instance at 0x149cbaa67280>,67,1,[ 2 10],84,228,229,144,212
1,<environment.Job instance at 0x149cbaa67910>,73,2,[7 2],95,229,231,134,212
1,<environment.Job instance at 0x149cbaa67410>,74,1,[1 5],97,214,215,117,214
1,<environment.Job instance at 0x149cbaa67e10>,78,2,[1 9],102,231,233,129,215
1,<environment.Job instance at 0x149cbaa67b40>,79,14,[1 6],103,233,247,130,218
1,<environment.Job instance at 0x149ce99c4960>,88,12,[5 2],117,237,249,120,237
1,<environment.Job instance at 0x149ce99c4c30>,90,3,[10  1],121,249,252,128,240
1,<environment.Job instance at 0x149ce99c4af0>,96,1,[9 2],130,253,254,123,253
1,<environment.Job instance at 0x149ce99c4320>,97,1,[10  1],131,254,255,123,253
1,<environment.Job instance at 0x149ce99c4e60>,91,2,[ 2 10],122,255,257,133,254
1,<environment.Job instance at 0x149ce99c49b0>,99,13,[7 2],134,257,270,123,254
1,<environment.Job instance at 0x149ce99c4c80>,100,3,[6 2],136,270,273,134,256
1,<environment.Job instance at 0x149cbab70b90>,102,15,[2 5],139,278,293,139,278
1,<environment.Job instance at 0x149cbab70be0>,104,2,[7 1],141,278,280,137,278
1,<environment.Job instance at 0x149cbab70f00>,105,1,[8 1],142,280,281,138,278
1,<environment.Job instance at 0x149cbab70fa0>,106,2,[10  2],143,293,295,150,278
1,<environment.Job instance at 0x149cbab70a50>,108,3,[9 2],145,295,298,150,279
1,<environment.Job instance at 0x149cbab706e0>,109,1,[6 2],147,281,282,134,279
1,<environment.Job instance at 0x149cbab70870>,113,3,[10  1],152,298,301,146,280
1,<environment.Job instance at 0x149cbab702d0>,110,2,[ 1 10],148,301,303,153,280
1,<environment.Job instance at 0x149cbab708c0>,115,2,[8 2],160,282,284,122,280
1,<environment.Job instance at 0x149cbab70780>,117,3,[1 9],162,303,306,141,280
1,<environment.Job instance at 0x149cbab707d0>,114,17,[1 8],158,306,323,148,294
1,<environment.Job instance at 0x149ce99bf280>,120,3,[2 8],168,323,326,155,310
1,<environment.Job instance at 0x149ce99aaf00>,134,3,[1 7],184,326,329,142,310
1,<environment.Job instance at 0x149ce99aa7d0>,135,2,[6 2],186,310,312,124,310
1,<environment.Job instance at 0x149ce99aa2d0>,136,3,[9 1],187,312,315,125,310
1,<environment.Job instance at 0x149ce99aa410>,137,14,[7 1],188,315,329,127,310
1,<environment.Job instance at 0x149ce99aa3c0>,138,14,[ 2 10],189,329,343,140,314
1,<environment.Job instance at 0x149ce99aa320>,139,14,[9 2],190,343,357,153,328
1,<environment.Job instance at 0x149ce99aa190>,140,1,[1 9],191,357,358,166,329
1,<environment.Job instance at 0x149ce99aa280>,142,1,[6 1],193,357,358,164,330
1,<environment.Job instance at 0x149ce99aa230>,141,16,[1 8],192,358,374,166,354
1,<environment.Job instance at 0x149ce42cafa0>,1,16,[2 9],2,2,18,0,2
1,<environment.Job instance at 0x149cba566c80>,5,1,[5 2],8,18,19,10,8
1,<environment.Job instance at 0x149cba566e10>,6,1,[8 2],9,19,20,10,9
1,<environment.Job instance at 0x149cba566be0>,7,2,[7 2],11,20,22,9,11
1,<environment.Job instance at 0x149cba566f50>,8,3,[6 1],13,13,16,0,13
1,<environment.Job instance at 0x149cba569050>,9,2,[10  1],14,22,24,8,14
1,<environment.Job instance at 0x149cba5690f0>,10,1,[9 1],15,24,25,9,15
1,<environment.Job instance at 0x149cba5694b0>,11,3,[5 1],16,16,19,0,16
1,<environment.Job instance at 0x149cba5695f0>,12,3,[1 6],17,19,22,2,17
1,<environment.Job instance at 0x149cba566d20>,4,14,[ 1 10],7,39,53,32,39
1,<environment.Job instance at 0x149cba5698c0>,18,2,[1 8],29,53,55,24,39
1,<environment.Job instance at 0x149cba5699b0>,19,1,[2 6],30,55,56,25,39
1,<environment.Job instance at 0x149cba569960>,20,2,[9 2],33,53,55,20,39
1,<environment.Job instance at 0x149cba569c80>,21,1,[ 2 10],37,56,57,19,39
1,<environment.Job instance at 0x149cba56caa0>,40,1,[ 2 10],66,947,948,881,947
1,<environment.Job instance at 0x149cba56cd20>,44,2,[1 8],71,988,990,917,988
1,<environment.Job instance at 0x149cba56f280>,52,2,[6 2],81,1049,1051,968,1049
1,<environment.Job instance at 0x149cba56f500>,56,3,[6 1],87,1070,1073,983,1070
1,<environment.Job instance at 0x149cba56f640>,57,2,[ 1 10],88,1078,1080,990,1078
1,<environment.Job instance at 0x149cba56fb90>,66,2,[8 2],103,1277,1279,1174,1277
1,<environment.Job instance at 0x149cba56ff00>,69,2,[7 1],108,1292,1294,1184,1292
1,<environment.Job instance at 0x149cba571230>,74,2,[2 8],115,1399,1401,1284,1399
1,<environment.Job instance at 0x149cba571550>,81,1,[ 2 10],125,1410,1411,1285,1410
1,<environment.Job instance at 0x149cba571820>,83,3,[ 1 10],131,1455,1458,1324,1455
1,<environment.Job instance at 0x149cba571d20>,94,2,[7 1],146,1562,1564,1416,1562
1,<environment.Job instance at 0x149cba574050>,98,16,[1 6],152,1563,1579,1411,1563
1,<environment.Job instance at 0x149cba574140>,99,15,[10  2],153,1579,1594,1426,1566
1,<environment.Job instance at 0x149cba574780>,108,3,[9 1],166,1566,1569,1400,1566
1,<environment.Job instance at 0x149cba574a00>,112,3,[ 2 10],171,1594,1597,1423,1568
1,<environment.Job instance at 0x149cba574c30>,114,1,[9 2],174,1597,1598,1423,1593
1,<environment.Job instance at 0x149cba574be0>,115,1,[2 8],175,1598,1599,1423,1593
1,<environment.Job instance at 0x149cba574c80>,117,1,[8 1],178,1598,1599,1420,1593
1,<environment.Job instance at 0x149cba574eb0>,118,1,[1 8],180,1597,1598,1417,1593
1,<environment.Job instance at 0x149cba574e60>,119,1,[2 9],181,1599,1600,1418,1593
1,<environment.Job instance at 0x149cba574f00>,120,3,[1 9],182,1600,1603,1418,1593
1,<environment.Job instance at 0x149cba4f60a0>,123,1,[10  1],186,1610,1611,1424,1610
1,<environment.Job instance at 0x149cba4f62d0>,124,3,[2 5],188,1611,1614,1423,1610
1,<environment.Job instance at 0x149cba4f61e0>,125,2,[6 2],189,1611,1613,1422,1610
1,<environment.Job instance at 0x149cba4f6370>,126,18,[2 9],190,1614,1632,1424,1614
1,<environment.Job instance at 0x149cba4f6320>,127,3,[2 9],191,1632,1635,1441,1615
1,<environment.Job instance at 0x149cba4f64b0>,128,1,[1 6],192,1635,1636,1443,1615
1,<environment.Job instance at 0x149cba4f63c0>,129,1,[10  1],193,1636,1637,1443,1618
1,<environment.Job instance at 0x149cba4f6640>,132,3,[9 2],196,1637,1640,1441,1618
1,<environment.Job instance at 0x149cba4f66e0>,133,2,[1 8],197,1637,1639,1440,1620
1,<environment.Job instance at 0x149cba569870>,17,13,[2 5],28,1777,1790,1749,1777
1,<environment.Job instance at 0x149cba5003c0>,2,17,[7 2],3,3,20,0,3
1,<environment.Job instance at 0x149cba675f50>,3,16,[5 2],4,20,36,16,7
1,<environment.Job instance at 0x149cba675730>,6,3,[7 2],8,36,39,28,10
1,<environment.Job instance at 0x149cba675410>,8,1,[1 8],12,12,13,0,12
1,<environment.Job instance at 0x149cba675d20>,9,16,[5 2],13,20,36,7,13
1,<environment.Job instance at 0x149cba675a50>,12,2,[1 7],19,36,38,17,19
1,<environment.Job instance at 0x149cba6754b0>,13,3,[7 1],20,39,42,19,21
1,<environment.Job instance at 0x149cba6669b0>,15,15,[6 2],22,42,57,20,31
1,<environment.Job instance at 0x149cba6666e0>,17,17,[1 8],25,84,101,59,84
1,<environment.Job instance at 0x149ced605280>,2,3,[1 9],6,6,9,0,6
1,<environment.Job instance at 0x149cba89d0a0>,3,2,[9 2],8,9,11,1,9
1,<environment.Job instance at 0x149ced605dc0>,4,3,[2 7],9,17,20,8,17
1,<environment.Job instance at 0x149ced605b90>,8,14,[2 5],17,21,35,4,21
1,<environment.Job instance at 0x149ced605c30>,10,2,[6 1],23,23,25,0,23
1,<environment.Job instance at 0x149ce42ac2d0>,12,1,[10  2],25,35,36,10,25
1,<environment.Job instance at 0x149ce42ac190>,13,3,[2 9],26,36,39,10,26
1,<environment.Job instance at 0x149ce42ac1e0>,14,13,[2 9],27,39,52,12,27
1,<environment.Job instance at 0x149ced60c0f0>,22,3,[8 1],37,37,40,0,37
1,<environment.Job instance at 0x149ced60c780>,24,3,[9 2],39,52,55,13,39
1,<environment.Job instance at 0x149ced60c870>,25,2,[1 6],46,52,54,6,46
1,<environment.Job instance at 0x149ced605910>,9,13,[1 5],21,54,67,33,48
1,<environment.Job instance at 0x149ced60caf0>,27,2,[2 8],50,67,69,17,50
1,<environment.Job instance at 0x149ced60c370>,28,1,[7 1],53,55,56,2,53
1,<environment.Job instance at 0x149ced60cd70>,29,2,[2 6],54,69,71,15,54
1,<environment.Job instance at 0x149ceea8dfa0>,30,3,[6 2],56,56,59,0,56
1,<environment.Job instance at 0x149ceea8dc80>,31,12,[2 9],57,71,83,14,57
1,<environment.Job instance at 0x149ceea8d960>,33,3,[9 1],59,59,62,0,59
1,<environment.Job instance at 0x149ce9944730>,36,3,[9 2],64,64,67,0,64
1,<environment.Job instance at 0x149ce99447d0>,37,2,[2 5],65,83,85,18,65
1,<environment.Job instance at 0x149ce9944280>,38,1,[1 9],66,85,86,19,66
1,<environment.Job instance at 0x149ce99448c0>,39,3,[1 7],67,86,89,19,67
1,<environment.Job instance at 0x149cbabdabe0>,43,2,[2 6],71,89,91,18,71
1,<environment.Job instance at 0x149cbabdaa50>,44,3,[ 2 10],72,91,94,19,72
1,<environment.Job instance at 0x149cf1659fa0>,46,1,[8 1],76,76,77,0,76
1,<environment.Job instance at 0x149ceeaa40f0>,47,3,[1 6],77,94,97,17,77
1,<environment.Job instance at 0x149cef47f780>,48,2,[1 6],78,97,99,19,78
1,<environment.Job instance at 0x149cba93f780>,49,1,[2 5],79,83,84,4,79
1,<environment.Job instance at 0x149cf1659f00>,45,13,[2 8],73,99,112,26,83
1,<environment.Job instance at 0x149cba93fdc0>,50,14,[ 2 10],80,112,126,32,103
1,<environment.Job instance at 0x149cba93fc30>,53,1,[5 2],83,126,127,43,114
1,<environment.Job instance at 0x149ce976fa50>,1,3,[2 5],3,3,6,0,3
1,<environment.Job instance at 0x149ce4145be0>,2,13,[1 5],4,4,17,0,4
1,<environment.Job instance at 0x149ce4231c80>,4,23,[2 5],7,7,30,0,7
1,<environment.Job instance at 0x149ce4231d70>,5,1,[6 1],8,17,18,9,8
1,<environment.Job instance at 0x149ce4231c30>,6,18,[8 2],9,18,36,9,9
1,<environment.Job instance at 0x149ce424b960>,11,3,[7 1],14,36,39,22,14
1,<environment.Job instance at 0x149ce424b500>,12,2,[2 6],15,30,32,15,15
1,<environment.Job instance at 0x149ce424bf50>,13,3,[2 7],17,32,35,15,17
1,<environment.Job instance at 0x149ce424b4b0>,16,2,[2 8],21,35,37,14,22
1,<environment.Job instance at 0x149ce4231eb0>,7,16,[2 9],10,37,53,27,24
1,<environment.Job instance at 0x149ce98bc500>,1,3,[10  1],2,2,5,0,2
1,<environment.Job instance at 0x149ce98bb370>,2,3,[10  1],3,5,8,2,3
1,<environment.Job instance at 0x149ce98bb4b0>,3,1,[8 1],4,8,9,4,6
1,<environment.Job instance at 0x149ce98bbdc0>,5,13,[2 5],7,8,21,1,7
1,<environment.Job instance at 0x149cba41dc80>,8,1,[ 1 10],12,21,22,9,12
1,<environment.Job instance at 0x149cba41df50>,9,3,[9 1],14,22,25,8,14
1,<environment.Job instance at 0x149cba41d1e0>,10,1,[8 2],16,16,17,0,16
1,<environment.Job instance at 0x149cba41d870>,11,3,[1 5],17,17,20,0,17
1,<environment.Job instance at 0x149cba41daf0>,12,1,[10  1],19,25,26,6,19
1,<environment.Job instance at 0x149cba41db40>,13,3,[8 1],20,26,29,6,20
1,<environment.Job instance at 0x149ce98b5d20>,14,2,[8 1],21,29,31,8,21
1,<environment.Job instance at 0x149ce98b55f0>,15,1,[5 2],22,31,32,9,22
1,<environment.Job instance at 0x149ce98b5910>,16,3,[1 7],23,26,29,3,23
1,<environment.Job instance at 0x149ce98b59b0>,17,2,[5 1],24,31,33,7,24
1,<environment.Job instance at 0x149ce98b5a50>,19,2,[5 2],27,32,34,5,27
1,<environment.Job instance at 0x149ce98b50a0>,21,1,[8 2],29,34,35,5,29
1,<environment.Job instance at 0x149ceebb4eb0>,22,2,[7 1],30,35,37,5,30
1,<environment.Job instance at 0x149ceebb4fa0>,23,1,[10  1],31,37,38,6,31
1,<environment.Job instance at 0x149ceebb40f0>,24,2,[ 1 10],32,38,40,6,32
1,<environment.Job instance at 0x149ceebb4730>,25,2,[1 8],33,33,35,0,33
1,<environment.Job instance at 0x149ceebb4410>,26,3,[2 5],34,40,43,6,34
1,<environment.Job instance at 0x149ceebca460>,29,15,[2 7],37,43,58,6,37
1,<environment.Job instance at 0x149ce98b5dc0>,18,17,[1 5],26,58,75,32,49
1,<environment.Job instance at 0x149ceebd2460>,38,2,[5 2],50,50,52,0,50
1,<environment.Job instance at 0x149ceebd2780>,39,3,[1 5],51,58,61,7,51
1,<environment.Job instance at 0x149ceebd29b0>,42,14,[2 8],55,75,89,20,60
1,<environment.Job instance at 0x149ceeba7be0>,46,2,[2 7],60,89,91,29,62
1,<environment.Job instance at 0x149ceeba7af0>,48,1,[1 9],62,91,92,29,63
1,<environment.Job instance at 0x149ceeba7190>,50,2,[1 8],65,92,94,27,65
1,<environment.Job instance at 0x149ceeba7550>,52,3,[2 6],68,94,97,26,77
1,<environment.Job instance at 0x149ceebe2d70>,58,3,[8 2],75,92,95,17,91
1,<environment.Job instance at 0x149ceeba7820>,51,16,[1 6],66,97,113,31,91
1,<environment.Job instance at 0x149ceebe2640>,60,2,[2 7],79,113,115,34,91
1,<environment.Job instance at 0x149ceebe2780>,62,13,[ 2 10],82,115,128,33,99
1,<environment.Job instance at 0x149ceebe2960>,63,2,[1 9],83,128,130,45,101
1,<environment.Job instance at 0x149ceebe29b0>,64,23,[1 5],84,130,153,46,124
1,<environment.Job instance at 0x149ceebc9af0>,77,3,[1 5],102,130,133,28,124
1,<environment.Job instance at 0x149ceebc9b90>,78,2,[5 2],103,133,135,30,124
1,<environment.Job instance at 0x149ceebc96e0>,79,13,[8 1],105,135,148,30,134
1,<environment.Job instance at 0x149cef4ea410>,91,3,[10  2],119,153,156,34,134
1,<environment.Job instance at 0x149cef4ea4b0>,92,18,[2 5],120,156,174,36,145
1,<environment.Job instance at 0x149ce99e2c80>,95,2,[1 6],123,174,176,51,147
1,<environment.Job instance at 0x149ce4198910>,96,16,[1 9],124,176,192,52,164
1,<environment.Job instance at 0x149cba98f2d0>,98,13,[8 1],126,175,188,49,175
1,<environment.Job instance at 0x149ce432b050>,99,1,[6 1],127,188,189,61,175
1,<environment.Job instance at 0x149ce9804a50>,100,2,[ 1 10],128,192,194,64,175
1,<environment.Job instance at 0x149ce86c6b90>,103,17,[6 2],134,194,211,60,182
1,<environment.Job instance at 0x149cba50c5a0>,104,3,[5 2],135,211,214,76,185
1,<environment.Job instance at 0x149cba50cf50>,105,15,[10  2],136,214,229,78,200
1,<environment.Job instance at 0x149cba5b8d70>,110,28,[ 2 10],141,230,258,89,230
1,<environment.Job instance at 0x149cba5b80a0>,112,14,[2 5],146,258,272,112,246
1,<environment.Job instance at 0x149cba5b8410>,113,2,[1 8],147,272,274,125,248
1,<environment.Job instance at 0x149cba5b8730>,114,1,[5 1],148,258,259,110,248
1,<environment.Job instance at 0x149cba5b8500>,115,14,[1 7],149,274,288,125,259
1,<environment.Job instance at 0x149cba5b8780>,116,2,[8 1],151,259,261,108,259
1,<environment.Job instance at 0x149cbab37690>,117,2,[6 2],153,261,263,108,259
1,<environment.Job instance at 0x149cba4bd5f0>,118,2,[1 5],154,263,265,109,259
1,<environment.Job instance at 0x149cba4bd640>,119,2,[9 2],155,272,274,117,259
1,<environment.Job instance at 0x149cef448870>,120,1,[9 1],158,274,275,116,261
1,<environment.Job instance at 0x149cef448eb0>,121,2,[9 1],159,275,277,116,261
1,<environment.Job instance at 0x149ce433bfa0>,122,2,[6 2],160,265,267,105,262
1,<environment.Job instance at 0x149cef448910>,123,2,[2 9],162,288,290,126,265
1,<environment.Job instance at 0x149cba7a2640>,124,17,[2 9],163,290,307,127,279
1,<environment.Job instance at 0x149cba7a2b90>,125,3,[7 1],164,286,289,122,286
1,<environment.Job instance at 0x149cba55c0a0>,126,2,[ 1 10],165,307,309,142,286
1,<environment.Job instance at 0x149cba465640>,3,14,[10  2],6,6,20,0,6
1,<environment.Job instance at 0x149cba6fff00>,4,3,[2 6],7,20,23,13,7
1,<environment.Job instance at 0x149cba6ffe10>,5,12,[6 1],10,20,32,10,10
1,<environment.Job instance at 0x149ce41d0820>,2,12,[2 8],5,23,35,18,11
1,<environment.Job instance at 0x149cba707140>,10,1,[9 1],18,35,36,17,18
1,<environment.Job instance at 0x149cba707230>,6,18,[1 6],11,35,53,24,24
1,<environment.Job instance at 0x149cba707500>,13,18,[1 7],22,53,71,31,42
1,<environment.Job instance at 0x149cba7078c0>,16,1,[2 5],25,71,72,46,44
1,<environment.Job instance at 0x149cba7077d0>,18,1,[10  1],30,72,73,42,44
1,<environment.Job instance at 0x149cba707be0>,19,1,[7 1],31,44,45,13,44
1,<environment.Job instance at 0x149cba707960>,20,2,[10  1],32,73,75,41,46
1,<environment.Job instance at 0x149cba707aa0>,21,1,[6 2],33,46,47,13,46
1,<environment.Job instance at 0x149cba707b40>,22,3,[6 2],34,47,50,13,46
1,<environment.Job instance at 0x149cba707f00>,23,3,[2 5],38,75,78,37,49
1,<environment.Job instance at 0x149cba707f50>,27,3,[1 9],44,78,81,34,52
1,<environment.Job instance at 0x149cba7115a0>,28,3,[2 7],46,81,84,35,55
1,<environment.Job instance at 0x149cba711870>,29,3,[2 9],47,84,87,37,58
1,<environment.Job instance at 0x149cba711730>,30,3,[6 1],49,58,61,9,58
1,<environment.Job instance at 0x149cba711140>,26,13,[2 8],43,87,100,44,72
1,<environment.Job instance at 0x149cba711c30>,33,2,[9 1],52,78,80,26,72
1,<environment.Job instance at 0x149cba711dc0>,35,3,[ 1 10],55,100,103,45,82
1,<environment.Job instance at 0x149ce99c2460>,40,3,[6 2],60,94,97,34,94
1,<environment.Job instance at 0x149ce99c25a0>,42,2,[1 8],63,103,105,40,95
1,<environment.Job instance at 0x149ce99c2820>,46,1,[10  2],69,117,118,48,117
1,<environment.Job instance at 0x149ce99c2a50>,49,2,[10  1],75,145,147,70,145
1,<environment.Job instance at 0x149ce9995050>,56,3,[ 2 10],86,160,163,74,160
1,<environment.Job instance at 0x149ce9995820>,63,2,[ 1 10],100,195,197,95,195
1,<environment.Job instance at 0x149ce9995e10>,68,2,[10  2],106,224,226,118,224
1,<environment.Job instance at 0x149ce99c4050>,75,2,[1 8],116,311,313,195,311
1,<environment.Job instance at 0x149ce99c4690>,79,2,[5 2],122,444,446,322,444
1,<environment.Job instance at 0x149ce99c4d70>,88,3,[6 2],140,622,625,482,622
1,<environment.Job instance at 0x149ce99ba2d0>,95,3,[1 6],152,662,665,510,662
1,<environment.Job instance at 0x149cba71bc30>,99,3,[10  2],162,665,668,503,664
1,<environment.Job instance at 0x149ce4298320>,102,2,[9 1],167,738,740,571,738
1,<environment.Job instance at 0x149cba71bb40>,105,2,[6 2],172,751,753,579,751
1,<environment.Job instance at 0x149cba475e10>,107,3,[ 2 10],178,753,756,575,752
1,<environment.Job instance at 0x149cba71be10>,108,3,[1 5],180,756,759,576,756
1,<environment.Job instance at 0x149ce403f550>,111,2,[2 5],184,758,760,574,758
1,<environment.Job instance at 0x149ce410f7d0>,0,3,[2 5],4,4,7,0,4
1,<environment.Job instance at 0x149cf0a835a0>,5,2,[2 9],11,11,13,0,11
1,<environment.Job instance at 0x149ce41365f0>,6,2,[6 2],12,13,15,1,12
1,<environment.Job instance at 0x149cea69bf50>,7,3,[2 6],13,13,16,0,13
1,<environment.Job instance at 0x149cba6baa50>,8,2,[1 6],14,16,18,2,14
1,<environment.Job instance at 0x149ce40a10f0>,9,1,[2 5],15,18,19,3,15
1,<environment.Job instance at 0x149ce40a1730>,10,1,[2 8],16,19,20,3,16
1,<environment.Job instance at 0x149ce411a960>,11,2,[10  1],17,20,22,3,17
1,<environment.Job instance at 0x149ceeae4c80>,4,15,[1 5],10,22,37,12,17
1,<environment.Job instance at 0x149ceeb9d1e0>,15,2,[9 1],21,22,24,1,22
1,<environment.Job instance at 0x149cea392640>,16,3,[9 1],23,24,27,1,23
1,<environment.Job instance at 0x149cba8d5870>,13,2,[7 2],19,27,29,8,26
1,<environment.Job instance at 0x149ce42caeb0>,18,3,[2 9],26,37,40,11,26
1,<environment.Job instance at 0x149ce97d3730>,21,3,[9 1],31,31,34,0,31
1,<environment.Job instance at 0x149ce9a32be0>,22,3,[1 8],33,40,43,7,33
1,<environment.Job instance at 0x149cea319230>,25,2,[1 8],39,43,45,4,39
1,<environment.Job instance at 0x149ce97d26e0>,53,2,[1 5],73,216,218,143,216
1,<environment.Job instance at 0x149ce40f1870>,67,3,[10  2],93,230,233,137,230
1,<environment.Job instance at 0x149ce40f1370>,68,3,[2 7],95,233,236,138,231
1,<environment.Job instance at 0x149ce40f1b90>,70,13,[ 2 10],98,260,273,162,260
1,<environment.Job instance at 0x149cea6e6b40>,87,2,[6 2],123,594,596,471,594
1,<environment.Job instance at 0x149ce42716e0>,90,2,[9 1],128,612,614,484,612
1,<environment.Job instance at 0x149ce4271af0>,91,2,[8 1],130,614,616,484,612
1,<environment.Job instance at 0x149ce4271820>,95,3,[2 7],136,614,617,478,612
1,<environment.Job instance at 0x149ce42715a0>,96,14,[1 9],138,617,631,479,614
1,<environment.Job instance at 0x149ce42719b0>,97,3,[1 6],142,631,634,489,614
1,<environment.Job instance at 0x149ce42710a0>,102,3,[1 8],148,638,641,490,638
1,<environment.Job instance at 0x149ce4271910>,103,3,[2 9],152,641,644,489,638
1,<environment.Job instance at 0x149cbaba70f0>,104,1,[8 2],154,639,640,485,639
1,<environment.Job instance at 0x149cbaba7230>,107,3,[7 2],161,644,647,483,639
1,<environment.Job instance at 0x149cbaba7410>,108,3,[9 2],163,647,650,484,641
1,<environment.Job instance at 0x149cbaba79b0>,109,3,[1 6],166,644,647,478,641
1,<environment.Job instance at 0x149cbaba73c0>,110,13,[1 5],167,647,660,480,641
1,<environment.Job instance at 0x149cbaba7c80>,113,3,[1 8],170,660,663,490,642
1,<environment.Job instance at 0x149ce436e280>,126,2,[1 8],191,696,698,505,696
1,<environment.Job instance at 0x149ce436e550>,127,1,[8 2],193,696,697,503,696
1,<environment.Job instance at 0x149cea304f50>,129,2,[2 8],196,698,700,502,696
1,<environment.Job instance at 0x149cea3043c0>,130,2,[7 2],197,697,699,500,696
1,<environment.Job instance at 0x149cf0e7ef50>,0,3,[8 1],2,2,5,0,2
1,<environment.Job instance at 0x149ce976aa00>,2,1,[1 5],5,6,7,1,6
1,<environment.Job instance at 0x149cbaba7e10>,1,1,[7 1],4,6,7,2,6
1,<environment.Job instance at 0x149ce976a5f0>,5,21,[2 6],9,9,30,0,9
1,<environment.Job instance at 0x149ce976a550>,6,15,[5 2],10,10,25,0,10
1,<environment.Job instance at 0x149ce976a8c0>,7,13,[6 2],11,25,38,14,11
1,<environment.Job instance at 0x149ce976a690>,8,2,[5 2],13,38,40,25,13
1,<environment.Job instance at 0x149ceeb0ef50>,9,2,[6 2],14,40,42,26,14
1,<environment.Job instance at 0x149ceeb0e910>,10,3,[2 5],15,30,33,15,15
1,<environment.Job instance at 0x149ceeb0e140>,11,12,[5 2],16,42,54,26,25
1,<environment.Job instance at 0x149ce97b99b0>,15,1,[1 7],22,33,34,11,25
1,<environment.Job instance at 0x149ce97b96e0>,16,2,[1 8],23,34,36,11,25
1,<environment.Job instance at 0x149ce97b95f0>,19,15,[7 2],28,54,69,26,40
1,<environment.Job instance at 0x149ce97b98c0>,24,14,[2 8],34,42,56,8,42
1,<environment.Job instance at 0x149ce97b9be0>,26,16,[5 1],38,69,85,31,56
1,<environment.Job instance at 0x149cbab2b2d0>,33,2,[7 2],47,85,87,38,58
1,<environment.Job instance at 0x149cbab2b410>,34,13,[6 1],48,87,100,39,71
1,<environment.Job instance at 0x149cbab2b190>,35,2,[1 5],49,71,73,22,71
1,<environment.Job instance at 0x149cbab2bd20>,36,2,[6 1],50,100,102,50,73
1,<environment.Job instance at 0x149cbab2b280>,38,17,[8 1],53,102,119,49,90
1,<environment.Job instance at 0x149cea6a85f0>,40,2,[2 8],58,90,92,32,90
1,<environment.Job instance at 0x149cea6a8460>,44,3,[2 8],66,98,101,32,98
1,<environment.Job instance at 0x149cea6a8a00>,41,16,[8 1],60,119,135,59,106
1,<environment.Job instance at 0x149cf0a5c960>,48,2,[ 2 10],72,135,137,63,108
1,<environment.Job instance at 0x149cf0a5c140>,52,17,[6 2],76,137,154,61,125
1,<environment.Job instance at 0x149cf0a5c050>,60,1,[1 6],86,126,127,40,126
1,<environment.Job instance at 0x149cf0a5c780>,59,2,[7 1],84,154,156,70,127
1,<environment.Job instance at 0x149cba7a2460>,62,2,[10  2],89,156,158,67,129
1,<environment.Job instance at 0x149ce9338050>,63,2,[2 7],93,129,131,36,129
1,<environment.Job instance at 0x149ce804ec80>,64,3,[8 1],94,158,161,64,132
1,<environment.Job instance at 0x149ce804e550>,65,1,[8 2],96,161,162,65,133
1,<environment.Job instance at 0x149ce804efa0>,66,3,[8 2],98,162,165,64,136
1,<environment.Job instance at 0x149ce804e780>,67,2,[8 1],100,165,167,65,138
1,<environment.Job instance at 0x149ce804ebe0>,69,1,[1 6],102,138,139,36,138
1,<environment.Job instance at 0x149cba30f0f0>,70,1,[8 1],106,167,168,61,139
1,<environment.Job instance at 0x149cef4eaeb0>,71,1,[10  1],107,168,169,61,140
1,<environment.Job instance at 0x149ce432f640>,74,12,[8 1],110,169,181,59,152
1,<environment.Job instance at 0x149cea43c640>,76,3,[10  1],112,181,184,69,155
1,<environment.Job instance at 0x149cef481b40>,77,3,[7 1],113,184,187,71,158
1,<environment.Job instance at 0x149cef45e460>,78,2,[2 8],115,162,164,47,162
1,<environment.Job instance at 0x149ce42c7820>,81,3,[2 9],118,165,168,47,165
1,<environment.Job instance at 0x149cef4d0320>,82,1,[2 9],119,169,170,50,165
1,<environment.Job instance at 0x149cba9e6aa0>,83,3,[1 8],124,170,173,46,165
1,<environment.Job instance at 0x149ce931ec30>,84,1,[10  1],125,187,188,62,165
1,<environment.Job instance at 0x149ce931e5a0>,85,1,[7 2],126,188,189,62,165
1,<environment.Job instance at 0x149ce413cc30>,86,3,[1 7],127,173,176,46,165
1,<environment.Job instance at 0x149ce86ca320>,87,1,[2 9],128,176,177,48,165
1,<environment.Job instance at 0x149ce86caf00>,88,3,[1 8],130,177,180,47,165
1,<environment.Job instance at 0x149ce7b5d1e0>,89,14,[ 1 10],133,189,203,56,189
1,<environment.Job instance at 0x149ce7b5deb0>,90,1,[1 6],136,203,204,67,190
1,<environment.Job instance at 0x149ce4350690>,91,14,[2 9],138,204,218,66,203
1,<environment.Job instance at 0x149cba644c80>,92,2,[6 2],139,218,220,79,203
1,<environment.Job instance at 0x149cba644f00>,93,3,[1 6],140,218,221,78,203
1,<environment.Job instance at 0x149ce404e2d0>,94,26,[ 2 10],141,223,249,82,223
1,<environment.Job instance at 0x149ce404e4b0>,96,3,[6 2],143,249,252,106,223
1,<environment.Job instance at 0x149ce404eaf0>,97,1,[9 2],147,252,253,105,225
1,<environment.Job instance at 0x149cbab29e60>,98,1,[2 9],148,253,254,105,231
1,<environment.Job instance at 0x149cbab29960>,99,18,[2 7],149,254,272,105,243
1,<environment.Job instance at 0x149ce432be10>,1,18,[ 2 10],4,4,22,0,4
1,<environment.Job instance at 0x149ce432b4b0>,7,1,[7 2],12,22,23,10,12
1,<environment.Job instance at 0x149ce432bc80>,8,12,[1 5],13,22,34,9,13
1,<environment.Job instance at 0x149ce4320c80>,14,3,[2 8],21,34,37,13,21
1,<environment.Job instance at 0x149ce43201e0>,23,12,[1 9],32,37,49,5,32
1,<environment.Job instance at 0x149cf0a46eb0>,26,3,[8 2],35,49,52,14,35
1,<environment.Job instance at 0x149cf0a46280>,27,3,[1 7],36,49,52,13,36
1,<environment.Job instance at 0x149cf0a46a50>,29,2,[7 1],38,38,40,0,38
1,<environment.Job instance at 0x149ceebe2af0>,33,13,[1 6],42,52,65,10,42
1,<environment.Job instance at 0x149ceebe2f50>,34,3,[5 1],43,43,46,0,43
1,<environment.Job instance at 0x149ceebe2e60>,35,15,[7 2],44,52,67,8,44
1,<environment.Job instance at 0x149ceebe2a50>,37,16,[2 7],50,65,81,15,56
1,<environment.Job instance at 0x149cba8e3f50>,43,3,[10  1],61,81,84,20,64
1,<environment.Job instance at 0x149cef4eae10>,44,2,[1 6],62,84,86,22,66
1,<environment.Job instance at 0x149cea3f5b40>,50,3,[9 2],70,84,87,14,70
1,<environment.Job instance at 0x149cea3f5370>,51,3,[5 1],71,71,74,0,71
1,<environment.Job instance at 0x149cea3f5190>,52,2,[5 1],73,74,76,1,74
1,<environment.Job instance at 0x149cea2e5910>,54,2,[1 9],75,87,89,12,75
1,<environment.Job instance at 0x149ce9779f00>,55,3,[ 2 10],76,89,92,13,76
1,<environment.Job instance at 0x149ce4125c30>,56,3,[2 6],77,92,95,15,77
1,<environment.Job instance at 0x149cba436280>,57,2,[2 8],78,95,97,17,78
1,<environment.Job instance at 0x149cea2ce280>,58,2,[1 8],79,97,99,18,80
1,<environment.Job instance at 0x149ce4075230>,60,2,[2 9],81,99,101,18,81
1,<environment.Job instance at 0x149cba452870>,61,1,[1 7],82,86,87,4,82
1,<environment.Job instance at 0x149cba5d78c0>,62,2,[7 1],83,87,89,4,83
1,<environment.Job instance at 0x149ce436e2d0>,66,3,[1 9],88,101,104,13,89
1,<environment.Job instance at 0x149cba4fca50>,67,3,[1 7],90,104,107,14,90
1,<environment.Job instance at 0x149ce99df500>,68,2,[2 7],92,107,109,15,92
1,<environment.Job instance at 0x149ce97cd690>,71,1,[2 9],96,109,110,13,96
1,<environment.Job instance at 0x149ce7da37d0>,72,1,[ 1 10],98,110,111,12,98
1,<environment.Job instance at 0x149cba7a7a00>,73,3,[10  2],99,111,114,12,99
1,<environment.Job instance at 0x149cea6ddd20>,74,1,[1 7],100,114,115,14,102
1,<environment.Job instance at 0x149ceea8deb0>,78,13,[1 5],105,115,128,10,108
1,<environment.Job instance at 0x149ceea8d2d0>,79,3,[ 1 10],106,128,131,22,108
1,<environment.Job instance at 0x149ce4320370>,15,26,[2 6],22,131,157,109,130
1,<environment.Job instance at 0x149ceea8d1e0>,81,2,[7 1],108,134,136,26,134
1,<environment.Job instance at 0x149ceea8de10>,82,1,[10  2],109,157,158,48,136
1,<environment.Job instance at 0x149ceea8da50>,83,18,[1 6],114,158,176,44,151
1,<environment.Job instance at 0x149ceea8d050>,84,3,[10  2],115,176,179,61,152
1,<environment.Job instance at 0x149ceea8d690>,85,13,[9 1],116,158,171,42,152
1,<environment.Job instance at 0x149ceea8d780>,86,1,[ 1 10],117,179,180,62,153
1,<environment.Job instance at 0x149cba62ecd0>,94,3,[9 2],128,171,174,43,153
1,<environment.Job instance at 0x149cba62e820>,95,13,[2 5],132,180,193,48,164
1,<environment.Job instance at 0x149cba62e460>,98,14,[7 1],135,180,194,45,165
1,<environment.Job instance at 0x149cba62e140>,99,3,[2 6],136,193,196,57,167
1,<environment.Job instance at 0x149cba62e190>,106,1,[10  2],145,196,197,51,177
1,<environment.Job instance at 0x149cea403280>,114,3,[8 2],156,197,200,41,177
1,<environment.Job instance at 0x149cea403460>,115,1,[2 8],157,197,198,40,177
1,<environment.Job instance at 0x149cea403500>,119,2,[6 2],165,194,196,29,177
1,<environment.Job instance at 0x149cbab09640>,120,12,[2 8],166,198,210,32,181
1,<environment.Job instance at 0x149cf03f7cd0>,121,13,[9 2],168,210,223,42,194
1,<environment.Job instance at 0x149cf03f7280>,123,18,[2 6],171,223,241,52,212
1,<environment.Job instance at 0x149cba666d20>,126,2,[8 1],174,223,225,49,221
1,<environment.Job instance at 0x149cba666d70>,125,13,[1 6],173,241,254,68,225
1,<environment.Job instance at 0x149cba6667d0>,129,1,[1 6],177,254,255,77,226
1,<environment.Job instance at 0x149ce9a2b3c0>,135,12,[2 8],187,374,386,187,374
1,<environment.Job instance at 0x149cbaa17aa0>,137,3,[1 6],190,386,389,196,381
1,<environment.Job instance at 0x149cbaa17c80>,138,3,[1 9],191,389,392,198,381
1,<environment.Job instance at 0x149cbaa17fa0>,139,2,[7 2],192,382,384,190,382
1,<environment.Job instance at 0x149cbaa17b90>,140,2,[9 1],194,386,388,192,383
1,<environment.Job instance at 0x149cbaa179b0>,141,2,[2 6],198,392,394,194,387
1,<environment.Job instance at 0x149ce406ddc0>,0,3,[6 2],2,3,6,1,3
1,<environment.Job instance at 0x149ce4320be0>,1,3,[2 5],4,5,8,1,5
1,<environment.Job instance at 0x149ceea75e10>,3,1,[2 6],7,8,9,1,7
1,<environment.Job instance at 0x149cba9b05a0>,4,2,[9 1],8,9,11,1,8
1,<environment.Job instance at 0x149ceea75b40>,2,21,[1 9],5,10,31,5,10
1,<environment.Job instance at 0x149cba9b0500>,7,2,[7 2],12,31,33,19,12
1,<environment.Job instance at 0x149cba9b0e10>,15,3,[6 2],23,44,47,21,44
1,<environment.Job instance at 0x149cba9b0e60>,19,1,[8 1],28,86,87,58,86
1,<environment.Job instance at 0x149cba80d460>,26,3,[1 6],37,108,111,71,108
1,<environment.Job instance at 0x149cba80d8c0>,32,3,[7 2],44,120,123,76,120
1,<environment.Job instance at 0x149cba80d960>,33,1,[2 8],45,122,123,77,122
1,<environment.Job instance at 0x149cba80dbe0>,35,1,[10  2],47,129,130,82,129
1,<environment.Job instance at 0x149cba80dd20>,37,2,[8 1],49,142,144,93,142
1,<environment.Job instance at 0x149cba80de60>,39,3,[9 1],51,144,147,93,144
1,<environment.Job instance at 0x149cba80df00>,42,2,[2 9],54,149,151,95,149
1,<environment.Job instance at 0x149ce43b9730>,0,3,[10  2],1,1,4,0,1
1,<environment.Job instance at 0x149cba8342d0>,1,2,[8 2],2,4,6,2,2
1,<environment.Job instance at 0x149ce43b96e0>,3,3,[7 2],5,6,9,1,5
1,<environment.Job instance at 0x149ce43b9410>,4,2,[6 2],7,9,11,2,7
1,<environment.Job instance at 0x149ce43b9dc0>,8,3,[10  1],12,12,15,0,12
1,<environment.Job instance at 0x149ce43b9d20>,9,2,[5 1],14,15,17,1,14
1,<environment.Job instance at 0x149ce43b91e0>,13,3,[9 1],20,20,23,0,20
1,<environment.Job instance at 0x149ce43ac230>,14,3,[9 2],23,23,26,0,23
1,<environment.Job instance at 0x149ce43ac0a0>,15,3,[5 1],25,26,29,1,25
1,<environment.Job instance at 0x149ce43ac3c0>,17,12,[9 1],27,29,41,2,27
1,<environment.Job instance at 0x149ce43ac640>,18,1,[2 7],28,28,29,0,28
1,<environment.Job instance at 0x149ce43ac140>,19,17,[2 7],30,41,58,11,32
1,<environment.Job instance at 0x149ce9826230>,0,2,[ 2 10],2,2,4,0,2
1,<environment.Job instance at 0x149ce43acaa0>,1,2,[8 1],3,4,6,1,4
1,<environment.Job instance at 0x149ce43ac5f0>,3,3,[9 1],5,6,9,1,5
1,<environment.Job instance at 0x149ce97b7d70>,4,1,[9 2],6,9,10,3,6
1,<environment.Job instance at 0x149cba6a8140>,6,3,[7 2],10,10,13,0,10
1,<environment.Job instance at 0x149ce97a2140>,7,2,[ 2 10],11,13,15,2,11
1,<environment.Job instance at 0x149ce97a23c0>,9,1,[10  1],17,18,19,1,18
1,<environment.Job instance at 0x149ce97a2730>,11,24,[2 7],21,93,117,72,93
1,<environment.Job instance at 0x149ce97a2960>,16,3,[6 2],31,93,96,62,93
1,<environment.Job instance at 0x149ce97a2820>,17,2,[7 2],32,96,98,64,93
1,<environment.Job instance at 0x149ce97a28c0>,18,1,[10  2],33,117,118,84,93
1,<environment.Job instance at 0x149ce97a2aa0>,19,3,[1 5],35,118,121,83,93
1,<environment.Job instance at 0x149ce97a2af0>,20,2,[6 2],36,98,100,62,93
1,<environment.Job instance at 0x149ce97a2b90>,21,3,[2 7],37,1197,1200,1160,1197
1,<environment.Job instance at 0x149ce97a12d0>,1,1,[2 6],3,3,4,0,3
1,<environment.Job instance at 0x149ce97b7c80>,3,3,[2 8],5,5,8,0,5
1,<environment.Job instance at 0x149ce41d5370>,4,2,[5 2],7,7,9,0,7
1,<environment.Job instance at 0x149cba5f1b40>,6,15,[8 1],9,9,24,0,9
1,<environment.Job instance at 0x149cba19f780>,7,3,[1 8],10,38,41,28,38
1,<environment.Job instance at 0x149cba586050>,12,1,[10  2],16,45,46,29,45
1,<environment.Job instance at 0x149ce41854b0>,13,13,[8 2],18,48,61,30,48
1,<environment.Job instance at 0x149ce4185f50>,14,16,[1 8],19,279,295,260,279
1,<environment.Job instance at 0x149cef528cd0>,16,2,[6 1],22,290,292,268,290
1,<environment.Job instance at 0x149cba6145a0>,20,13,[ 2 10],28,399,412,371,399
1,<environment.Job instance at 0x149cef528460>,21,3,[6 1],30,412,415,382,407
1,<environment.Job instance at 0x149cba3859b0>,24,2,[8 1],36,415,417,379,407
1,<environment.Job instance at 0x149ce7da3550>,25,3,[5 2],37,417,420,380,408
1,<environment.Job instance at 0x149ce7da3460>,27,13,[6 2],39,420,433,381,411
1,<environment.Job instance at 0x149ce976a820>,30,2,[1 6],42,412,414,370,412
1,<environment.Job instance at 0x149cba80db90>,34,15,[2 9],47,433,448,386,419
1,<environment.Job instance at 0x149ceb98d7d0>,36,3,[10  1],51,448,451,397,422
1,<environment.Job instance at 0x149cba80dd20>,35,2,[10  2],48,451,453,403,424
1,<environment.Job instance at 0x149cea6e6dc0>,38,2,[2 5],53,430,432,377,430
1,<environment.Job instance at 0x149ce41838c0>,37,16,[ 1 10],52,453,469,401,440
1,<environment.Job instance at 0x149cea6e6910>,41,1,[8 1],57,441,442,384,441
1,<environment.Job instance at 0x149cea6e6d20>,39,1,[10  1],54,469,470,415,441
1,<environment.Job instance at 0x149cba76b050>,42,13,[1 6],58,470,483,412,454
1,<environment.Job instance at 0x149cba76b320>,44,13,[9 1],60,470,483,410,454
1,<environment.Job instance at 0x149ce99ba640>,46,3,[7 2],66,483,486,417,462
1,<environment.Job instance at 0x149ce99bacd0>,47,2,[2 9],68,486,488,418,465
1,<environment.Job instance at 0x149cea3cf370>,49,2,[1 8],70,483,485,413,475
1,<environment.Job instance at 0x149ce98e4780>,45,17,[2 8],65,488,505,423,476
1,<environment.Job instance at 0x149ce999d320>,52,3,[2 5],76,505,508,429,479
1,<environment.Job instance at 0x149ce999d8c0>,54,3,[2 5],78,505,508,427,490
1,<environment.Job instance at 0x149ce999dc30>,55,3,[ 1 10],80,508,511,428,492
1,<environment.Job instance at 0x149ce999d1e0>,53,13,[1 8],77,511,524,434,495
1,<environment.Job instance at 0x149ce999d3c0>,58,1,[5 1],86,495,496,409,495
1,<environment.Job instance at 0x149cea321460>,65,3,[7 2],102,496,499,394,496
1,<environment.Job instance at 0x149cea321f50>,69,3,[2 9],107,524,527,417,505
1,<environment.Job instance at 0x149cea725fa0>,75,2,[10  2],113,535,537,422,535
1,<environment.Job instance at 0x149cea725b40>,80,3,[10  2],120,566,569,446,566
1,<environment.Job instance at 0x149cef483460>,83,3,[ 2 10],124,577,580,453,577
1,<environment.Job instance at 0x149cef483fa0>,84,2,[8 1],125,580,582,455,577
1,<environment.Job instance at 0x149cef4832d0>,86,1,[2 9],130,580,581,450,577
1,<environment.Job instance at 0x149cef483aa0>,88,17,[7 1],132,582,599,450,577
1,<environment.Job instance at 0x149cef483cd0>,81,1,[8 2],121,599,600,478,577
1,<environment.Job instance at 0x149cef483050>,89,15,[ 1 10],136,600,615,464,586
1,<environment.Job instance at 0x149cef483140>,91,3,[6 2],139,615,618,476,589
1,<environment.Job instance at 0x149cef483820>,92,1,[2 7],140,589,590,449,589
1,<environment.Job instance at 0x149cef4833c0>,93,2,[8 1],142,618,620,476,591
1,<environment.Job instance at 0x149cef4837d0>,94,3,[ 1 10],144,620,623,476,594
1,<environment.Job instance at 0x149cba5ea2d0>,102,2,[10  1],156,623,625,467,598
1,<environment.Job instance at 0x149cba5ea140>,103,2,[ 1 10],157,625,627,468,598
1,<environment.Job instance at 0x149cba5ea500>,104,14,[7 1],158,627,641,469,612
1,<environment.Job instance at 0x149cba5ea5a0>,105,13,[5 2],159,641,654,482,625
1,<environment.Job instance at 0x149cba5eab90>,108,16,[1 5],164,627,643,463,625
1,<environment.Job instance at 0x149cba5eac30>,110,1,[9 1],167,654,655,487,626
1,<environment.Job instance at 0x149cba5ea960>,112,15,[8 2],169,655,670,486,641
1,<environment.Job instance at 0x149cba5ea9b0>,115,3,[1 5],173,643,646,470,641
1,<environment.Job instance at 0x149cba313870>,116,3,[1 9],174,670,673,496,644
1,<environment.Job instance at 0x149cba313a50>,120,3,[1 6],178,646,649,468,644
1,<environment.Job instance at 0x149cba313e10>,121,2,[5 1],179,649,651,470,644
1,<environment.Job instance at 0x149cba313a00>,122,1,[2 5],183,651,652,468,644
1,<environment.Job instance at 0x149cba313b40>,124,2,[9 1],185,670,672,485,651
1,<environment.Job instance at 0x149cba313dc0>,123,19,[1 8],184,673,692,489,665
1,<environment.Job instance at 0x149cba313050>,127,2,[10  1],189,692,694,503,672
1,<environment.Job instance at 0x149cba313140>,128,3,[1 5],191,694,697,503,672
1,<environment.Job instance at 0x149cba313410>,131,1,[6 2],194,673,674,479,673
1,<environment.Job instance at 0x149cba22d7d0>,1,2,[2 6],3,3,5,0,3
1,<environment.Job instance at 0x149cba22d190>,3,2,[2 8],10,10,12,0,10
1,<environment.Job instance at 0x149cba22daa0>,4,1,[10  2],11,12,13,1,11
1,<environment.Job instance at 0x149cba22d910>,5,1,[5 2],13,13,14,0,13
1,<environment.Job instance at 0x149cba163190>,6,1,[2 6],14,14,15,0,14
1,<environment.Job instance at 0x149cba163f00>,7,1,[5 2],16,16,17,0,16
1,<environment.Job instance at 0x149cba163a00>,8,13,[1 7],17,17,30,0,17
1,<environment.Job instance at 0x149cba163050>,10,3,[9 2],23,23,26,0,23
1,<environment.Job instance at 0x149cba381e60>,11,2,[6 1],24,26,28,2,26
1,<environment.Job instance at 0x149cba381e10>,13,2,[5 1],27,28,30,1,27
1,<environment.Job instance at 0x149cba381a00>,14,2,[1 5],28,30,32,2,28
1,<environment.Job instance at 0x149cba381280>,15,16,[6 1],29,30,46,1,29
1,<environment.Job instance at 0x149cba381190>,16,15,[2 9],30,32,47,2,30
1,<environment.Job instance at 0x149cba381be0>,17,2,[6 2],31,47,49,16,31
1,<environment.Job instance at 0x149cbaadf960>,18,16,[9 1],33,49,65,16,43
1,<environment.Job instance at 0x149cf03fba50>,27,1,[7 2],48,65,66,17,49
1,<environment.Job instance at 0x149cf03fb050>,29,2,[1 5],50,59,61,9,59
1,<environment.Job instance at 0x149cf03fb820>,32,3,[5 1],53,66,69,13,62
1,<environment.Job instance at 0x149cf03fb190>,33,14,[10  1],55,69,83,14,64
1,<environment.Job instance at 0x149cf03fb280>,34,1,[1 7],56,68,69,12,68
1,<environment.Job instance at 0x149cf03fb500>,35,1,[1 8],57,83,84,26,68
1,<environment.Job instance at 0x149cf03fb7d0>,36,18,[5 1],58,83,101,25,72
1,<environment.Job instance at 0x149cef5616e0>,39,2,[2 5],65,84,86,19,72
1,<environment.Job instance at 0x149cef561550>,40,3,[6 2],66,101,104,35,88
1,<environment.Job instance at 0x149cba3245a0>,52,3,[2 9],88,104,107,16,100
1,<environment.Job instance at 0x149cba3248c0>,49,16,[10  2],84,107,123,23,100
1,<environment.Job instance at 0x149cba5a82d0>,56,3,[9 2],95,123,126,28,100
1,<environment.Job instance at 0x149cea6bfb40>,57,12,[2 7],96,126,138,30,109
1,<environment.Job instance at 0x149cef4e19b0>,58,2,[6 2],97,126,128,29,109
1,<environment.Job instance at 0x149cba5a8280>,59,3,[10  2],98,138,141,40,112
1,<environment.Job instance at 0x149ceebabd20>,60,3,[1 9],99,141,144,42,115
1,<environment.Job instance at 0x149ceebab5f0>,61,1,[7 1],100,128,129,28,115
1,<environment.Job instance at 0x149cba156050>,63,3,[6 2],103,129,132,26,115
1,<environment.Job instance at 0x149cbaaf40f0>,71,3,[5 2],115,132,135,17,115
1,<environment.Job instance at 0x149cbabc2820>,73,3,[9 2],117,144,147,27,118
1,<environment.Job instance at 0x149cf0e94280>,64,1,[5 2],104,135,136,31,120
1,<environment.Job instance at 0x149cba49afa0>,78,3,[1 6],122,144,147,22,130
1,<environment.Job instance at 0x149cba49a640>,79,3,[2 7],123,147,150,24,130
1,<environment.Job instance at 0x149cba49aa00>,80,14,[2 7],124,150,164,26,137
1,<environment.Job instance at 0x149cba49ae60>,83,2,[1 7],129,164,166,35,141
1,<environment.Job instance at 0x149cba49a1e0>,84,3,[2 6],130,166,169,36,141
1,<environment.Job instance at 0x149cba39a9b0>,85,1,[8 2],131,147,148,16,141
1,<environment.Job instance at 0x149ce86bd190>,77,16,[2 5],121,169,185,48,156
1,<environment.Job instance at 0x149cba755fa0>,87,2,[9 1],133,164,166,31,156
1,<environment.Job instance at 0x149cbab0aa00>,92,12,[1 6],139,185,197,46,171
1,<environment.Job instance at 0x149cbab0a4b0>,93,3,[2 7],141,197,200,56,171
1,<environment.Job instance at 0x149cea2ea140>,111,17,[1 5],164,372,389,208,372
1,<environment.Job instance at 0x149ce436eeb0>,2,3,[5 1],3,3,6,0,3
1,<environment.Job instance at 0x149ce436ebe0>,3,3,[7 2],4,6,9,2,4
1,<environment.Job instance at 0x149cea354be0>,5,3,[1 7],7,7,10,0,7
1,<environment.Job instance at 0x149cea354780>,6,16,[7 1],8,10,26,2,10
1,<environment.Job instance at 0x149cea354190>,8,3,[2 6],10,10,13,0,10
1,<environment.Job instance at 0x149cf0ad0fa0>,12,2,[1 8],15,15,17,0,15
1,<environment.Job instance at 0x149cf0ad0690>,13,16,[2 8],16,17,33,1,17
1,<environment.Job instance at 0x149cf0ad0730>,15,1,[8 1],18,26,27,8,18
1,<environment.Job instance at 0x149cf0ad0640>,14,16,[1 9],17,33,49,16,21
1,<environment.Job instance at 0x149cea43ca50>,19,2,[2 5],26,49,51,23,26
1,<environment.Job instance at 0x149cea43c3c0>,20,17,[8 1],28,28,45,0,28
1,<environment.Job instance at 0x149cea43c050>,24,1,[8 2],32,49,50,17,32
1,<environment.Job instance at 0x149ce991d0a0>,25,1,[1 7],33,51,52,18,33
1,<environment.Job instance at 0x149ce991da50>,26,2,[8 1],34,45,47,11,34
1,<environment.Job instance at 0x149ce991d280>,27,3,[6 1],35,50,53,15,35
1,<environment.Job instance at 0x149cea43ceb0>,23,3,[1 9],31,52,55,21,36
1,<environment.Job instance at 0x149ce99afe10>,30,1,[8 1],39,47,48,8,39
1,<environment.Job instance at 0x149ce99afeb0>,31,3,[7 1],40,53,56,13,40
1,<environment.Job instance at 0x149ce99afe60>,36,2,[2 7],47,55,57,8,53
1,<environment.Job instance at 0x149ce99afd70>,37,3,[1 5],48,57,60,9,53
1,<environment.Job instance at 0x149ce99af9b0>,38,3,[1 8],49,60,63,11,53
1,<environment.Job instance at 0x149ce99af870>,39,3,[1 5],50,57,60,7,53
1,<environment.Job instance at 0x149ce99af3c0>,40,3,[1 6],52,63,66,11,53
1,<environment.Job instance at 0x149ce8032a50>,41,1,[8 1],54,56,57,2,54
1,<environment.Job instance at 0x149ce80320a0>,42,1,[8 1],55,60,61,5,55
1,<environment.Job instance at 0x149ce8032050>,43,13,[1 6],59,66,79,7,59
1,<environment.Job instance at 0x149cba7abaa0>,45,1,[1 9],65,79,80,14,66
1,<environment.Job instance at 0x149cba7ab6e0>,46,2,[10  1],66,80,82,14,67
