iteration,job object,job ID,job Length,job ressource requirement,job enter time,job start time,job finish time,job waiting time,current time
1,<environment.Job instance at 0x7f30d76e2280>,10,1,[7 3],11,-1,19,-1,18
1,<environment.Job instance at 0x7f30d76e2320>,11,2,[3 9],12,-1,20,-1,18
1,<environment.Job instance at 0x7f30d76e23c0>,12,3,[6 3],13,-1,21,-1,18
1,<environment.Job instance at 0x7f30d76e25a0>,15,3,[10  2],16,-1,32,-1,29
1,<environment.Job instance at 0x7f30d76e26e0>,17,3,[10  3],18,-1,33,-1,30
1,<environment.Job instance at 0x7f30d76e2230>,19,17,[12  3],20,-1,62,-1,45
1,<environment.Job instance at 0x7f30d76e21e0>,20,1,[3 7],21,-1,46,-1,45
1,<environment.Job instance at 0x7f30d76e28c0>,21,3,[ 2 10],22,-1,48,-1,45
1,<environment.Job instance at 0x7f30d76e29b0>,22,2,[12  3],23,-1,47,-1,45
1,<environment.Job instance at 0x7f30d76e2af0>,24,3,[5 9],25,-1,50,-1,47
1,<environment.Job instance at 0x7f30d76e2b90>,25,3,[1 6],26,-1,50,-1,47
1,<environment.Job instance at 0x7f30d76e2c30>,26,22,[2 9],27,-1,69,-1,47
1,<environment.Job instance at 0x7f30d76e2cd0>,27,2,[6 4],28,-1,49,-1,47
1,<environment.Job instance at 0x7f30d76e2d70>,28,2,[5 9],29,-1,49,-1,47
1,<environment.Job instance at 0x7f30d76e2f50>,30,1,[5 5],31,-1,48,-1,47
1,<environment.Job instance at 0x7f30d7828780>,3,18,[ 4 12],4,-1,22,-1,4
1,<environment.Job instance at 0x7f30d784c4b0>,8,1,[5 7],9,-1,11,-1,10
1,<environment.Job instance at 0x7f30d784c640>,10,24,[ 3 10],11,-1,35,-1,11
1,<environment.Job instance at 0x7f30d784cd70>,11,2,[9 2],12,-1,14,-1,12
1,<environment.Job instance at 0x7f30d784cd20>,2,27,[ 3 13],3,-1,30,-1,3
1,<environment.Job instance at 0x7f30d784ceb0>,9,3,[5 3],10,-1,14,-1,11
1,<environment.Job instance at 0x7f30d6e76690>,11,18,[ 3 13],12,-1,30,-1,12
1,<environment.Job instance at 0x7f30d6e76910>,12,2,[4 8],13,-1,15,-1,13
1,<environment.Job instance at 0x7f30d6e760a0>,17,18,[ 3 12],18,-1,37,-1,19
1,<environment.Job instance at 0x7f30d6e3daf0>,20,2,[5 6],21,-1,23,-1,21
1,<environment.Job instance at 0x7f30d6e3da50>,21,18,[11  5],22,-1,44,-1,26
1,<environment.Job instance at 0x7f30d6e3d140>,22,14,[14  1],23,-1,40,-1,26
1,<environment.Job instance at 0x7f30d6e3d410>,23,3,[1 5],24,-1,29,-1,26
1,<environment.Job instance at 0x7f30d6e3d1e0>,26,2,[9 1],27,-1,36,-1,34
1,<environment.Job instance at 0x7f30d70a2550>,16,22,[11  3],17,-1,42,-1,20
1,<environment.Job instance at 0x7f30d6e88230>,20,3,[9 1],21,-1,41,-1,38
1,<environment.Job instance at 0x7f30d73d9a50>,22,1,[ 5 10],23,-1,41,-1,40
1,<environment.Job instance at 0x7f30d6ca4780>,10,2,[8 3],11,-1,18,-1,16
1,<environment.Job instance at 0x7f30d8348af0>,12,2,[7 1],13,-1,15,-1,13
1,<environment.Job instance at 0x7f30d8348960>,13,2,[3 5],14,-1,16,-1,14
1,<environment.Job instance at 0x7f30d836ddc0>,15,2,[4 6],16,-1,27,-1,25
1,<environment.Job instance at 0x7f30d83481e0>,16,2,[6 5],17,-1,27,-1,25
1,<environment.Job instance at 0x7f30d8348500>,18,3,[5 1],19,-1,28,-1,25
1,<environment.Job instance at 0x7f30d7db5d70>,12,2,[1 5],13,-1,19,-1,17
1,<environment.Job instance at 0x7f30d825db40>,3,27,[7 5],4,-1,31,-1,4
1,<environment.Job instance at 0x7f30d7cede60>,19,3,[9 3],20,-1,51,-1,48
1,<environment.Job instance at 0x7f30d7cedbe0>,20,1,[ 4 12],21,-1,49,-1,48
1,<environment.Job instance at 0x7f30d7ced460>,21,1,[10  1],22,-1,50,-1,49
1,<environment.Job instance at 0x7f30d826d0a0>,12,27,[5 5],13,-1,40,-1,13
1,<environment.Job instance at 0x7f30d826daf0>,14,25,[1 7],15,-1,43,-1,18
1,<environment.Job instance at 0x7f30d79524b0>,18,2,[7 3],19,-1,21,-1,19
1,<environment.Job instance at 0x7f30d8354280>,13,3,[ 5 13],14,-1,23,-1,20
1,<environment.Job instance at 0x7f30d83544b0>,16,17,[13  2],17,-1,50,-1,33
1,<environment.Job instance at 0x7f30d8354550>,17,1,[11  4],18,-1,34,-1,33
1,<environment.Job instance at 0x7f30d83545f0>,18,1,[5 3],19,-1,34,-1,33
1,<environment.Job instance at 0x7f30d7098870>,5,12,[ 3 13],6,-1,18,-1,6
1,<environment.Job instance at 0x7f30e0977fa0>,16,2,[ 3 10],17,-1,25,-1,23
1,<environment.Job instance at 0x7f30e0977f50>,21,17,[14  3],22,-1,53,-1,36
1,<environment.Job instance at 0x7f30d71a4190>,24,15,[ 2 13],25,-1,52,-1,37
1,<environment.Job instance at 0x7f30d7b13640>,11,13,[12  4],12,-1,25,-1,12
1,<environment.Job instance at 0x7f30d76a85a0>,19,3,[5 9],20,-1,43,-1,40
1,<environment.Job instance at 0x7f30d762c730>,20,2,[6 4],21,-1,42,-1,40
1,<environment.Job instance at 0x7f30d82b02d0>,21,2,[3 5],22,-1,42,-1,40
1,<environment.Job instance at 0x7f30d6e955f0>,3,1,[4 9],4,-1,5,-1,4
1,<environment.Job instance at 0x7f30d71b6320>,10,27,[6 4],11,-1,38,-1,11
1,<environment.Job instance at 0x7f30d71a3a50>,17,2,[ 2 10],18,-1,20,-1,18
1,<environment.Job instance at 0x7f30d73f2050>,18,2,[5 8],19,-1,38,-1,36
1,<environment.Job instance at 0x7f30d73f2c30>,19,3,[14  1],20,-1,40,-1,37
1,<environment.Job instance at 0x7f30d73f2f50>,20,20,[4 6],21,-1,66,-1,46
1,<environment.Job instance at 0x7f30d75a2780>,3,3,[8 4],4,-1,8,-1,5
1,<environment.Job instance at 0x7f30d75a2870>,5,12,[10  1],6,-1,18,-1,6
1,<environment.Job instance at 0x7f30d7e74050>,17,2,[7 4],18,-1,42,-1,40
1,<environment.Job instance at 0x7f30d7a7bc30>,11,3,[1 9],12,-1,24,-1,21
1,<environment.Job instance at 0x7f30d7d901e0>,15,1,[5 8],16,-1,41,-1,40
1,<environment.Job instance at 0x7f30d7a8f5a0>,17,2,[9 3],18,-1,47,-1,45
1,<environment.Job instance at 0x7f30d7a83d70>,19,1,[5 4],20,-1,49,-1,48
1,<environment.Job instance at 0x7f30d8103550>,20,23,[9 4],21,-1,71,-1,48
1,<environment.Job instance at 0x7f30d8103550>,2,12,[ 5 13],3,-1,15,-1,3
1,<environment.Job instance at 0x7f30d6d31af0>,3,24,[ 5 11],4,-1,28,-1,4
1,<environment.Job instance at 0x7f30d6c805a0>,3,1,[12  4],4,-1,5,-1,4
1,<environment.Job instance at 0x7f30d7289870>,10,2,[ 2 12],11,-1,13,-1,11
1,<environment.Job instance at 0x7f30d6f7a3c0>,15,23,[8 4],16,-1,40,-1,17
1,<environment.Job instance at 0x7f30d6f7ab90>,21,3,[2 6],22,-1,44,-1,41
1,<environment.Job instance at 0x7f30d6f7a730>,24,15,[11  1],25,-1,64,-1,49
1,<environment.Job instance at 0x7f30d78a4780>,5,1,[ 2 10],6,-1,9,-1,8
1,<environment.Job instance at 0x7f30d71876e0>,8,2,[ 1 13],9,-1,11,-1,9
1,<environment.Job instance at 0x7f30d810cb90>,10,28,[ 2 14],11,-1,39,-1,11
1,<environment.Job instance at 0x7f30d70bb550>,11,28,[5 1],12,-1,40,-1,12
1,<environment.Job instance at 0x7f30d7a6cbe0>,12,3,[1 8],13,-1,16,-1,13
1,<environment.Job instance at 0x7f30d7e00410>,23,23,[7 4],24,-1,59,-1,36
1,<environment.Job instance at 0x7f59e6d6c5f0>,1,15,[ 1 14],2,-1,17,-1,2
1,<environment.Job instance at 0x7f59dd617e60>,6,12,[11  4],7,-1,21,-1,9
1,<environment.Job instance at 0x7f59dd5955a0>,15,3,[10  2],16,-1,38,-1,35
1,<environment.Job instance at 0x7f59dd5958c0>,17,3,[10  3],18,-1,38,-1,35
1,<environment.Job instance at 0x7f59dd595140>,19,17,[12  3],20,-1,68,-1,51
1,<environment.Job instance at 0x7f59dd595960>,20,1,[3 7],21,-1,52,-1,51
1,<environment.Job instance at 0x7f59dd595a00>,21,3,[ 2 10],22,-1,54,-1,51
1,<environment.Job instance at 0x7f59dd595aa0>,22,2,[12  3],23,-1,53,-1,51
1,<environment.Job instance at 0x7f59dd595be0>,24,3,[5 9],25,-1,56,-1,53
1,<environment.Job instance at 0x7f59dd75d5a0>,8,22,[5 6],9,-1,49,-1,27
1,<environment.Job instance at 0x7f59dd2832d0>,21,17,[ 4 14],22,-1,58,-1,41
1,<environment.Job instance at 0x7f59dd757c80>,2,14,[14  1],3,-1,17,-1,3
1,<environment.Job instance at 0x7f59dcd22a00>,6,2,[9 1],7,-1,9,-1,7
1,<environment.Job instance at 0x7f59dcd22f00>,11,2,[9 3],12,-1,17,-1,15
1,<environment.Job instance at 0x7f59dcd2afa0>,15,15,[ 3 14],16,-1,31,-1,16
1,<environment.Job instance at 0x7f59dcd2a0a0>,19,3,[1 7],20,-1,35,-1,32
1,<environment.Job instance at 0x7f59dcd2ad70>,22,2,[4 9],23,-1,41,-1,39
1,<environment.Job instance at 0x7f59dcd2a910>,24,1,[7 1],25,-1,44,-1,43
1,<environment.Job instance at 0x7f59dcd2a4b0>,27,3,[ 2 10],28,-1,61,-1,58
1,<environment.Job instance at 0x7f59dcd2a870>,29,3,[5 5],30,-1,61,-1,58
1,<environment.Job instance at 0x7f59dcdc69b0>,16,23,[5 8],17,-1,64,-1,41
1,<environment.Job instance at 0x7f59dd95c0f0>,23,27,[5 3],24,-1,68,-1,41
1,<environment.Job instance at 0x7f59dcb70460>,15,2,[9 2],16,-1,31,-1,29
1,<environment.Job instance at 0x7f59dcb70730>,16,2,[5 1],17,-1,31,-1,29
1,<environment.Job instance at 0x7f59dcb70280>,17,1,[1 7],18,-1,30,-1,29
1,<environment.Job instance at 0x7f59dcb70820>,18,12,[12  2],19,-1,41,-1,29
1,<environment.Job instance at 0x7f59dcb709b0>,20,2,[8 3],21,-1,42,-1,40
1,<environment.Job instance at 0x7f59dcb70b40>,21,19,[ 3 14],22,-1,59,-1,40
1,<environment.Job instance at 0x7f59dcb70b90>,22,2,[14  5],23,-1,42,-1,40
1,<environment.Job instance at 0x7f59dcbb64b0>,9,1,[8 5],10,-1,12,-1,11
1,<environment.Job instance at 0x7f59dcbc0190>,15,2,[4 6],16,-1,40,-1,38
1,<environment.Job instance at 0x7f59dcbc0960>,16,2,[6 5],17,-1,40,-1,38
1,<environment.Job instance at 0x7f59dcbc0cd0>,21,18,[ 4 13],22,-1,68,-1,50
1,<environment.Job instance at 0x7f59dcbc0eb0>,22,2,[9 3],23,-1,52,-1,50
1,<environment.Job instance at 0x7f59dcbc0c80>,25,2,[2 6],26,-1,55,-1,53
1,<environment.Job instance at 0x7f59dd1bf0f0>,1,25,[10  4],2,-1,27,-1,2
1,<environment.Job instance at 0x7f59de1cc230>,12,2,[6 3],13,-1,15,-1,13
1,<environment.Job instance at 0x7f59de1cc820>,13,24,[3 6],14,-1,38,-1,14
1,<environment.Job instance at 0x7f59de1ccc30>,14,2,[4 8],15,-1,17,-1,15
1,<environment.Job instance at 0x7f59de1cc8c0>,17,27,[9 5],18,-1,51,-1,24
1,<environment.Job instance at 0x7f59de1cc320>,19,3,[9 2],20,-1,27,-1,24
1,<environment.Job instance at 0x7f59de1cceb0>,21,3,[10  4],22,-1,45,-1,42
1,<environment.Job instance at 0x7f59de1cce60>,22,2,[6 4],23,-1,44,-1,42
1,<environment.Job instance at 0x7f59de1cc910>,23,2,[ 3 14],24,-1,44,-1,42
1,<environment.Job instance at 0x7f59ddd87960>,24,2,[1 9],25,-1,44,-1,42
1,<environment.Job instance at 0x7f59ddd874b0>,3,1,[5 2],4,-1,7,-1,6
1,<environment.Job instance at 0x7f59dcd51dc0>,9,3,[12  1],10,-1,17,-1,14
1,<environment.Job instance at 0x7f59dcd51eb0>,13,2,[ 4 10],14,-1,33,-1,31
1,<environment.Job instance at 0x7f59dcd51cd0>,14,2,[5 3],15,-1,33,-1,31
1,<environment.Job instance at 0x7f59dcd4bc80>,18,3,[ 2 10],19,-1,47,-1,44
1,<environment.Job instance at 0x7f59dcd4b640>,19,16,[ 5 13],20,-1,60,-1,44
1,<environment.Job instance at 0x7f59dcd4b370>,20,3,[9 1],21,-1,47,-1,44
1,<environment.Job instance at 0x7f59dcd4bdc0>,21,2,[5 6],22,-1,46,-1,44
1,<environment.Job instance at 0x7f59dd0497d0>,22,2,[3 5],23,-1,46,-1,44
1,<environment.Job instance at 0x7f59dcba94b0>,11,1,[11  1],12,-1,14,-1,13
1,<environment.Job instance at 0x7f59dcffcd70>,21,24,[1 9],22,-1,66,-1,42
1,<environment.Job instance at 0x7f59dcffc8c0>,22,3,[ 3 10],23,-1,46,-1,43
1,<environment.Job instance at 0x7f59dcffca50>,24,1,[2 5],25,-1,44,-1,43
1,<environment.Job instance at 0x7f59dcffcd20>,25,2,[9 3],26,-1,45,-1,43
1,<environment.Job instance at 0x7f59dcffc5f0>,27,23,[10  4],28,-1,75,-1,52
1,<environment.Job instance at 0x7f59dcffc690>,30,3,[7 3],31,-1,59,-1,56
1,<environment.Job instance at 0x7f59dccc5b90>,11,15,[ 2 14],12,-1,27,-1,12
1,<environment.Job instance at 0x7f59dccc5dc0>,14,2,[10  3],15,-1,18,-1,16
1,<environment.Job instance at 0x7f59dccc5f00>,19,1,[8 3],20,-1,22,-1,21
1,<environment.Job instance at 0x7f59dd45d320>,4,2,[9 2],5,-1,7,-1,5
1,<environment.Job instance at 0x7f59dd260370>,11,13,[12  4],12,-1,25,-1,12
1,<environment.Job instance at 0x7f59dd260410>,19,3,[5 9],20,-1,41,-1,38
1,<environment.Job instance at 0x7f59dd260a00>,20,2,[6 4],21,-1,40,-1,38
1,<environment.Job instance at 0x7f59dd260f50>,21,2,[3 5],22,-1,40,-1,38
1,<environment.Job instance at 0x7f59dd43e500>,25,2,[2 9],26,-1,54,-1,52
1,<environment.Job instance at 0x7f59dd43eaa0>,27,1,[3 6],28,-1,54,-1,53
1,<environment.Job instance at 0x7f59dd27f050>,15,3,[1 9],16,-1,40,-1,37
1,<environment.Job instance at 0x7f59dd27fdc0>,19,2,[9 1],20,-1,54,-1,52
1,<environment.Job instance at 0x7f59dd6f9e10>,5,16,[ 2 11],6,-1,22,-1,6
1,<environment.Job instance at 0x7f59dd3e8460>,25,17,[ 3 10],26,-1,64,-1,47
1,<environment.Job instance at 0x7f59dd3e8fa0>,26,13,[3 9],27,-1,60,-1,47
1,<environment.Job instance at 0x7f59dd3e82d0>,27,2,[ 3 10],28,-1,49,-1,47
1,<environment.Job instance at 0x7f59ddbe9460>,12,12,[ 5 13],13,-1,38,-1,26
1,<environment.Job instance at 0x7f59ddbe98c0>,13,24,[ 5 11],14,-1,50,-1,26
1,<environment.Job instance at 0x7f59ddbe9d20>,15,14,[ 1 10],16,-1,47,-1,33
1,<environment.Job instance at 0x7f59dd39b5f0>,10,2,[ 2 12],11,-1,13,-1,11
1,<environment.Job instance at 0x7f59dd39b0a0>,14,3,[2 7],15,-1,19,-1,16
1,<environment.Job instance at 0x7f59dd1747d0>,21,3,[2 6],22,-1,50,-1,47
1,<environment.Job instance at 0x7f59dd174b90>,23,3,[8 3],24,-1,52,-1,49
1,<environment.Job instance at 0x7f59dd174e60>,24,15,[11  1],25,-1,64,-1,49
1,<environment.Job instance at 0x7f59dc7da960>,13,23,[7 4],14,-1,38,-1,15
1,<environment.Job instance at 0x7f59de148fa0>,15,12,[2 8],16,-1,29,-1,17
1,<environment.Job instance at 0x7f59ddd271e0>,18,18,[13  5],19,-1,47,-1,29
1,<environment.Job instance at 0x7f59dcf194b0>,20,2,[5 5],21,-1,31,-1,29
1,<environment.Job instance at 0x7f59dcf19550>,22,13,[2 9],23,-1,56,-1,43
1,<environment.Job instance at 0x7f59dc920780>,23,3,[13  5],24,-1,46,-1,43
1,<environment.Job instance at 0x7f59dd97d500>,24,3,[4 5],25,-1,46,-1,43
1,<environment.Job instance at 0x7f59dd4ce730>,7,25,[9 4],8,-1,33,-1,8
1,<environment.Job instance at 0x7f59dd4ce910>,8,2,[7 5],9,-1,11,-1,9
1,<environment.Job instance at 0x7f59dd4cea00>,10,12,[10  1],11,-1,36,-1,24
1,<environment.Job instance at 0x7f59dd4ced70>,15,2,[4 8],16,-1,26,-1,24
1,<environment.Job instance at 0x7f59dd4cecd0>,17,2,[1 8],18,-1,37,-1,35
1,<environment.Job instance at 0x7f59dd4cefa0>,18,2,[10  5],19,-1,37,-1,35
1,<environment.Job instance at 0x7f59dd4d1190>,19,28,[6 1],20,-1,63,-1,35
1,<environment.Job instance at 0x7f59dd4d1140>,20,3,[2 8],21,-1,38,-1,35
1,<environment.Job instance at 0x7f59dd4d12d0>,22,18,[ 2 12],23,-1,53,-1,35
1,<environment.Job instance at 0x7f59dd4d1370>,23,1,[8 5],24,-1,36,-1,35
1,<environment.Job instance at 0x7f59dd4d15a0>,25,3,[7 5],26,-1,51,-1,48
1,<environment.Job instance at 0x7f59ddc71190>,15,1,[1 9],16,-1,41,-1,40
1,<environment.Job instance at 0x7f59ddc715a0>,17,1,[10  4],18,-1,44,-1,43
1,<environment.Job instance at 0x7f59ddc71050>,18,2,[3 6],19,-1,45,-1,43
1,<environment.Job instance at 0x7f59ddc10780>,21,3,[8 5],22,-1,61,-1,58
1,<environment.Job instance at 0x7f59dd549dc0>,15,25,[ 3 14],16,-1,56,-1,31
1,<environment.Job instance at 0x7f59dd549f00>,18,3,[10  2],19,-1,50,-1,47
1,<environment.Job instance at 0x7fef14387aa0>,9,17,[ 4 10],10,-1,34,-1,17
1,<environment.Job instance at 0x7fef143879b0>,10,1,[7 3],11,-1,18,-1,17
1,<environment.Job instance at 0x7fef14387b40>,11,2,[3 9],12,-1,19,-1,17
1,<environment.Job instance at 0x7fef14387be0>,12,3,[6 3],13,-1,20,-1,17
1,<environment.Job instance at 0x7fef14387dc0>,15,3,[10  2],16,-1,33,-1,30
1,<environment.Job instance at 0x7fef143878c0>,17,3,[10  3],18,-1,45,-1,42
1,<environment.Job instance at 0x7fef14387f50>,19,17,[12  3],20,-1,62,-1,45
1,<environment.Job instance at 0x7fef1438a190>,20,1,[3 7],21,-1,46,-1,45
1,<environment.Job instance at 0x7fef1438a230>,21,3,[ 2 10],22,-1,48,-1,45
1,<environment.Job instance at 0x7fef1438a2d0>,22,2,[12  3],23,-1,47,-1,45
1,<environment.Job instance at 0x7fef1438a410>,24,3,[5 9],25,-1,50,-1,47
1,<environment.Job instance at 0x7fef1438a4b0>,25,3,[1 6],26,-1,50,-1,47
1,<environment.Job instance at 0x7fef1438a550>,26,22,[2 9],27,-1,70,-1,48
1,<environment.Job instance at 0x7fef1438a5f0>,27,2,[6 4],28,-1,50,-1,48
1,<environment.Job instance at 0x7fef1438a690>,28,2,[5 9],29,-1,50,-1,48
1,<environment.Job instance at 0x7fef1438a0a0>,30,1,[5 5],31,-1,56,-1,55
1,<environment.Job instance at 0x7fef14ac2460>,16,3,[5 6],17,-1,32,-1,29
1,<environment.Job instance at 0x7fef14ac2500>,17,2,[ 4 10],18,-1,31,-1,29
1,<environment.Job instance at 0x7fef14ac2aa0>,20,3,[7 2],21,-1,38,-1,35
1,<environment.Job instance at 0x7fef13d95d20>,26,2,[4 8],27,-1,59,-1,57
1,<environment.Job instance at 0x7fef13ac2690>,27,3,[5 3],28,-1,60,-1,57
1,<environment.Job instance at 0x7fef13fdd460>,29,2,[10  4],30,-1,59,-1,57
1,<environment.Job instance at 0x7fef13cd00a0>,16,2,[8 2],17,-1,23,-1,21
1,<environment.Job instance at 0x7fef13cdafa0>,25,3,[5 5],26,-1,71,-1,68
1,<environment.Job instance at 0x7fef13cda870>,26,22,[11  3],27,-1,90,-1,68
1,<environment.Job instance at 0x7fef13d9e0f0>,1,18,[ 5 11],2,-1,20,-1,2
1,<environment.Job instance at 0x7fef14343280>,7,18,[ 1 10],8,-1,35,-1,17
1,<environment.Job instance at 0x7fef140486e0>,14,28,[9 1],15,-1,45,-1,17
1,<environment.Job instance at 0x7fef14048d70>,16,15,[ 5 10],17,-1,36,-1,21
1,<environment.Job instance at 0x7fef13d90cd0>,17,1,[7 2],18,-1,22,-1,21
1,<environment.Job instance at 0x7fef13d90e60>,18,16,[14  3],19,-1,37,-1,21
1,<environment.Job instance at 0x7fef13ed8fa0>,21,13,[3 6],22,-1,36,-1,23
1,<environment.Job instance at 0x7fef14325be0>,26,3,[7 5],27,-1,53,-1,50
1,<environment.Job instance at 0x7fef13e9ea50>,27,3,[4 9],28,-1,53,-1,50
1,<environment.Job instance at 0x7fef138f02d0>,11,3,[3 6],12,-1,19,-1,16
1,<environment.Job instance at 0x7fef138f0690>,17,1,[4 8],18,-1,28,-1,27
1,<environment.Job instance at 0x7fef138f0a50>,21,2,[3 8],22,-1,46,-1,44
1,<environment.Job instance at 0x7fef138f0af0>,22,27,[ 2 13],23,-1,71,-1,44
1,<environment.Job instance at 0x7fef138f0c30>,24,1,[3 8],25,-1,51,-1,50
1,<environment.Job instance at 0x7fef13d2b7d0>,12,2,[1 5],13,-1,19,-1,17
1,<environment.Job instance at 0x7fef13d2bb90>,14,22,[1 9],15,-1,69,-1,47
1,<environment.Job instance at 0x7fef13d44d70>,22,2,[6 3],23,-1,67,-1,65
1,<environment.Job instance at 0x7fef13d44f00>,23,24,[3 6],24,-1,91,-1,67
1,<environment.Job instance at 0x7fef13d44050>,24,2,[4 8],25,-1,69,-1,67
1,<environment.Job instance at 0x7fef1431ce60>,7,14,[9 1],8,-1,29,-1,15
1,<environment.Job instance at 0x7fef1431cb90>,11,1,[5 5],12,-1,16,-1,15
1,<environment.Job instance at 0x7fef1431c550>,13,2,[ 4 10],14,-1,20,-1,18
1,<environment.Job instance at 0x7fef1431c460>,14,2,[5 3],15,-1,20,-1,18
1,<environment.Job instance at 0x7fef14718be0>,18,3,[ 2 10],19,-1,39,-1,36
1,<environment.Job instance at 0x7fef14718820>,19,16,[ 5 13],20,-1,52,-1,36
1,<environment.Job instance at 0x7fef147188c0>,20,3,[9 1],21,-1,39,-1,36
1,<environment.Job instance at 0x7fef14718cd0>,21,2,[5 6],22,-1,38,-1,36
1,<environment.Job instance at 0x7fef14718280>,22,2,[3 5],23,-1,38,-1,36
1,<environment.Job instance at 0x7fef147181e0>,23,17,[1 8],24,-1,53,-1,36
1,<environment.Job instance at 0x7fef142e5a50>,24,14,[ 3 14],25,-1,50,-1,36
1,<environment.Job instance at 0x7fef142e51e0>,25,24,[3 9],26,-1,60,-1,36
1,<environment.Job instance at 0x7fef142e5550>,26,17,[9 1],27,-1,54,-1,37
1,<environment.Job instance at 0x7fef142e5640>,27,3,[10  3],28,-1,40,-1,37
1,<environment.Job instance at 0x7fef142e5fa0>,28,12,[ 2 10],29,-1,49,-1,37
1,<environment.Job instance at 0x7fef142e5690>,30,1,[2 9],31,-1,38,-1,37
1,<environment.Job instance at 0x7fef142e5500>,31,3,[9 3],32,-1,40,-1,37
1,<environment.Job instance at 0x7fef142e5aa0>,34,15,[ 1 10],35,-1,70,-1,55
1,<environment.Job instance at 0x7fef13de6e10>,35,1,[12  4],36,-1,56,-1,55
1,<environment.Job instance at 0x7fef13de6820>,36,2,[9 2],37,-1,57,-1,55
1,<environment.Job instance at 0x7fef13de6d70>,37,2,[5 2],38,-1,57,-1,55
1,<environment.Job instance at 0x7fef13de6640>,38,2,[6 5],39,-1,57,-1,55
1,<environment.Job instance at 0x7fef13de6f50>,39,3,[8 5],40,-1,58,-1,55
1,<environment.Job instance at 0x7fef13de6f00>,41,15,[14  1],42,-1,70,-1,55
1,<environment.Job instance at 0x7fef144ef3c0>,42,27,[5 5],43,-1,82,-1,55
1,<environment.Job instance at 0x7fef144ef5f0>,43,14,[3 6],44,-1,76,-1,62
1,<environment.Job instance at 0x7fef144efb90>,44,25,[1 7],45,-1,87,-1,62
1,<environment.Job instance at 0x7fef144ef910>,45,1,[3 6],46,-1,63,-1,62
1,<environment.Job instance at 0x7fef144ef690>,46,15,[ 5 10],47,-1,77,-1,62
1,<environment.Job instance at 0x7fef144efe60>,48,2,[7 3],49,-1,64,-1,62
1,<environment.Job instance at 0x7fef144ef820>,49,14,[2 6],50,-1,76,-1,62
1,<environment.Job instance at 0x7fef144efc80>,50,2,[6 5],51,-1,64,-1,62
1,<environment.Job instance at 0x7fef144efd70>,51,14,[1 9],52,-1,76,-1,62
1,<environment.Job instance at 0x7fef144efa00>,52,12,[4 9],53,-1,74,-1,62
1,<environment.Job instance at 0x7fef1404a9b0>,11,24,[1 9],12,-1,37,-1,13
1,<environment.Job instance at 0x7fef1404a2d0>,15,2,[9 3],16,-1,18,-1,16
1,<environment.Job instance at 0x7fef1404a410>,17,23,[10  4],18,-1,50,-1,27
1,<environment.Job instance at 0x7fef14361730>,23,3,[ 5 13],24,-1,43,-1,40
1,<environment.Job instance at 0x7fef13c0ecd0>,26,17,[13  2],27,-1,72,-1,55
1,<environment.Job instance at 0x7fef13c0e320>,27,1,[11  4],28,-1,56,-1,55
1,<environment.Job instance at 0x7fef13b38d20>,28,1,[5 3],29,-1,56,-1,55
1,<environment.Job instance at 0x7fef1463f0f0>,12,2,[5 5],13,-1,15,-1,13
1,<environment.Job instance at 0x7fef1463f7d0>,13,1,[7 1],14,-1,15,-1,14
1,<environment.Job instance at 0x7fef1463f2d0>,14,15,[ 2 13],15,-1,30,-1,15
1,<environment.Job instance at 0x7fef1411fa50>,19,28,[1 8],20,-1,54,-1,26
1,<environment.Job instance at 0x7fef1411f3c0>,22,3,[1 9],23,-1,41,-1,38
1,<environment.Job instance at 0x7fef1411f050>,23,2,[6 5],24,-1,40,-1,38
1,<environment.Job instance at 0x7fef1411f690>,24,1,[7 3],25,-1,39,-1,38
1,<environment.Job instance at 0x7fef1411fd70>,25,3,[7 2],26,-1,41,-1,38
1,<environment.Job instance at 0x7fef1411f230>,28,18,[13  3],29,-1,70,-1,52
1,<environment.Job instance at 0x7fef13cdd1e0>,18,2,[4 5],19,-1,32,-1,30
1,<environment.Job instance at 0x7fef13cdd910>,19,23,[6 5],20,-1,60,-1,37
1,<environment.Job instance at 0x7fef13cdda50>,21,2,[5 7],22,-1,40,-1,38
1,<environment.Job instance at 0x7fef13cddaf0>,22,1,[4 6],23,-1,39,-1,38
1,<environment.Job instance at 0x7fef13cdd8c0>,23,1,[4 9],24,-1,39,-1,38
1,<environment.Job instance at 0x7fef13cddcd0>,25,3,[9 2],26,-1,42,-1,39
1,<environment.Job instance at 0x7fef13cddc30>,26,2,[8 4],27,-1,41,-1,39
1,<environment.Job instance at 0x7fef13cdde10>,27,3,[10  4],28,-1,42,-1,39
1,<environment.Job instance at 0x7fef13e13c80>,11,3,[5 2],12,-1,15,-1,12
1,<environment.Job instance at 0x7fef13e13730>,18,2,[5 8],19,-1,40,-1,38
1,<environment.Job instance at 0x7fef13e13410>,19,3,[14  1],20,-1,41,-1,38
1,<environment.Job instance at 0x7fef13a09a50>,25,16,[ 2 11],26,-1,76,-1,60
1,<environment.Job instance at 0x7fef13a09870>,26,3,[8 3],27,-1,63,-1,60
1,<environment.Job instance at 0x7fef13a090a0>,27,1,[10  5],28,-1,61,-1,60
1,<environment.Job instance at 0x7fef13a09640>,28,2,[13  3],29,-1,62,-1,60
1,<environment.Job instance at 0x7fef13a09cd0>,29,1,[5 1],30,-1,61,-1,60
1,<environment.Job instance at 0x7fef13a096e0>,30,12,[1 7],31,-1,80,-1,68
1,<environment.Job instance at 0x7fef13a09730>,31,3,[6 4],32,-1,71,-1,68
1,<environment.Job instance at 0x7fef13a09280>,32,17,[ 2 10],33,-1,85,-1,68
1,<environment.Job instance at 0x7fef14129730>,15,12,[8 5],16,-1,38,-1,26
1,<environment.Job instance at 0x7fef142ed870>,24,3,[ 3 10],25,-1,39,-1,36
1,<environment.Job instance at 0x7fef142edb90>,25,1,[7 3],26,-1,37,-1,36
1,<environment.Job instance at 0x7fef142ed960>,26,3,[5 4],27,-1,39,-1,36
1,<environment.Job instance at 0x7fef142ed5a0>,27,2,[7 2],28,-1,38,-1,36
1,<environment.Job instance at 0x7fef142ed1e0>,28,12,[ 4 10],29,-1,48,-1,36
1,<environment.Job instance at 0x7fef142edf00>,29,1,[5 7],30,-1,37,-1,36
1,<environment.Job instance at 0x7fef142ed280>,30,14,[ 2 10],31,-1,50,-1,36
1,<environment.Job instance at 0x7fef14da7190>,31,3,[3 9],32,-1,39,-1,36
1,<environment.Job instance at 0x7fef14da7370>,32,16,[ 3 10],33,-1,60,-1,44
1,<environment.Job instance at 0x7fef14da7e10>,35,17,[ 3 10],36,-1,71,-1,54
1,<environment.Job instance at 0x7fef14da7af0>,37,2,[ 3 10],38,-1,65,-1,63
1,<environment.Job instance at 0x7fef1475a960>,12,12,[ 5 13],13,-1,36,-1,24
1,<environment.Job instance at 0x7fef1475a640>,13,24,[ 5 11],14,-1,48,-1,24
1,<environment.Job instance at 0x7fef144d8230>,21,20,[ 5 13],22,-1,79,-1,59
1,<environment.Job instance at 0x7fef144d8d20>,22,1,[5 1],23,-1,60,-1,59
1,<environment.Job instance at 0x7fef14d32f00>,7,14,[ 3 14],8,-1,22,-1,8
1,<environment.Job instance at 0x7fef1481b140>,16,1,[2 6],17,-1,27,-1,26
1,<environment.Job instance at 0x7fef13678140>,20,1,[ 2 10],21,-1,43,-1,42
1,<environment.Job instance at 0x7fef14c5a820>,22,1,[9 5],23,-1,43,-1,42
1,<environment.Job instance at 0x7fef14674780>,24,28,[4 5],25,-1,84,-1,56
1,<environment.Job instance at 0x7fef14646be0>,25,3,[9 2],26,-1,59,-1,56
1,<environment.Job instance at 0x7fef1d4fd320>,27,2,[ 5 13],28,-1,58,-1,56
1,<environment.Job instance at 0x7fef1d4fd320>,3,24,[5 3],4,-1,28,-1,4
1,<environment.Job instance at 0x7fef13b42c80>,12,2,[3 6],13,-1,17,-1,15
1,<environment.Job instance at 0x7fef13b427d0>,13,16,[ 1 12],14,-1,31,-1,15
1,<environment.Job instance at 0x7fef13b42cd0>,14,12,[9 1],15,-1,34,-1,22
1,<environment.Job instance at 0x7fef13b42aa0>,16,1,[6 3],17,-1,23,-1,22
1,<environment.Job instance at 0x7fef13b42640>,18,19,[ 3 11],19,-1,51,-1,32
1,<environment.Job instance at 0x7fef13b42a50>,22,13,[7 2],23,-1,59,-1,46
1,<environment.Job instance at 0x7fef13b42910>,23,3,[8 2],24,-1,49,-1,46
1,<environment.Job instance at 0x7fef13b4e820>,25,3,[5 3],26,-1,59,-1,56
1,<environment.Job instance at 0x7fef13b4e3c0>,27,3,[1 9],28,-1,70,-1,67
1,<environment.Job instance at 0x7fef13b4ebe0>,28,13,[4 6],29,-1,80,-1,67
1,<environment.Job instance at 0x7fef13b4ec30>,29,15,[10  2],30,-1,82,-1,67
1,<environment.Job instance at 0x7fef14f45500>,7,24,[5 9],8,-1,32,-1,8
1,<environment.Job instance at 0x7fef1da35dc0>,10,2,[1 6],11,-1,13,-1,11
1,<environment.Job instance at 0x7fef1da35eb0>,11,28,[3 6],12,-1,40,-1,12
1,<environment.Job instance at 0x7fef14faaaf0>,15,16,[7 3],16,-1,52,-1,36
1,<environment.Job instance at 0x7fef148d87d0>,19,26,[2 6],20,-1,62,-1,36
1,<environment.Job instance at 0x7fef143a1e10>,13,2,[2 7],14,-1,38,-1,36
1,<environment.Job instance at 0x7fef146f7c30>,24,2,[6 1],25,-1,38,-1,36
1,<environment.Job instance at 0x7fef14e71410>,27,1,[ 1 13],28,-1,49,-1,48
1,<environment.Job instance at 0x7fef14e71460>,28,26,[8 2],29,-1,74,-1,48
1,<environment.Job instance at 0x7fef13d53410>,29,2,[9 3],30,-1,50,-1,48
1,<environment.Job instance at 0x7fef14e71f00>,31,1,[5 4],32,-1,53,-1,52
1,<environment.Job instance at 0x7fef14085b90>,3,24,[10  2],4,-1,28,-1,4
1,<environment.Job instance at 0x7fef140700a0>,14,3,[9 3],15,-1,19,-1,16
1,<environment.Job instance at 0x7fef14070640>,16,1,[5 2],17,-1,18,-1,17
1,<environment.Job instance at 0x7fef14f89cd0>,19,28,[3 9],20,-1,68,-1,40
1,<environment.Job instance at 0x7fef14f89230>,20,3,[ 4 10],21,-1,43,-1,40
1,<environment.Job instance at 0x7fef14f89280>,21,2,[2 9],22,-1,42,-1,40
1,<environment.Job instance at 0x7fef14f893c0>,22,23,[3 7],23,-1,63,-1,40
1,<environment.Job instance at 0x7fef14f89690>,23,3,[8 1],24,-1,44,-1,41
1,<environment.Job instance at 0x7fef1375cd70>,23,14,[14  4],24,-1,71,-1,57
1,<environment.Job instance at 0x7fef1375c690>,25,3,[ 1 13],26,-1,60,-1,57
1,<environment.Job instance at 0x7fef1375c2d0>,26,2,[14  2],27,-1,59,-1,57
1,<environment.Job instance at 0x7fef1375cc30>,27,15,[ 5 12],28,-1,72,-1,57
1,<environment.Job instance at 0x7fe244f5f320>,1,15,[ 1 14],2,-1,17,-1,2
1,<environment.Job instance at 0x7fe23b7e7870>,6,12,[11  4],7,-1,20,-1,8
1,<environment.Job instance at 0x7fe23b7e7b40>,11,2,[3 9],12,-1,24,-1,22
1,<environment.Job instance at 0x7fe23b7e7dc0>,15,3,[10  2],16,-1,38,-1,35
1,<environment.Job instance at 0x7fe23b7e7f00>,17,3,[10  3],18,-1,50,-1,47
1,<environment.Job instance at 0x7fe23b7e7a50>,19,17,[12  3],20,-1,67,-1,50
1,<environment.Job instance at 0x7fe23b7e9140>,20,1,[3 7],21,-1,51,-1,50
1,<environment.Job instance at 0x7fe23b7e91e0>,21,3,[ 2 10],22,-1,53,-1,50
1,<environment.Job instance at 0x7fe23b7e9460>,22,2,[12  3],23,-1,52,-1,50
1,<environment.Job instance at 0x7fe23b7e9370>,24,3,[5 9],25,-1,55,-1,52
1,<environment.Job instance at 0x7fe23b7e9500>,25,3,[1 6],26,-1,55,-1,52
1,<environment.Job instance at 0x7fe23b7e95a0>,26,22,[2 9],27,-1,74,-1,52
1,<environment.Job instance at 0x7fe23b7e9640>,27,2,[6 4],28,-1,54,-1,52
1,<environment.Job instance at 0x7fe23b7e96e0>,28,2,[5 9],29,-1,54,-1,52
1,<environment.Job instance at 0x7fe23b7e9820>,30,1,[5 5],31,-1,61,-1,60
1,<environment.Job instance at 0x7fe23b7e9a00>,33,2,[5 3],34,-1,71,-1,69
1,<environment.Job instance at 0x7fe23b7e9aa0>,34,3,[9 5],35,-1,72,-1,69
1,<environment.Job instance at 0x7fe23b7e9320>,36,2,[5 1],37,-1,78,-1,76
1,<environment.Job instance at 0x7fe23b861320>,5,19,[14  4],6,-1,25,-1,6
1,<environment.Job instance at 0x7fe23be9ca50>,12,2,[2 5],13,-1,16,-1,14
1,<environment.Job instance at 0x7fe23be9cb90>,14,2,[4 7],15,-1,17,-1,15
1,<environment.Job instance at 0x7fe23be9ca00>,15,23,[3 7],16,-1,39,-1,16
1,<environment.Job instance at 0x7fe23bceb370>,16,2,[4 8],17,-1,19,-1,17
1,<environment.Job instance at 0x7fe23bceb960>,17,3,[5 3],18,-1,21,-1,18
1,<environment.Job instance at 0x7fe23bceb6e0>,18,12,[10  1],19,-1,31,-1,19
1,<environment.Job instance at 0x7fe23bcebb40>,19,2,[10  4],20,-1,22,-1,20
1,<environment.Job instance at 0x7fe23ae4fa00>,27,3,[7 4],28,-1,49,-1,46
1,<environment.Job instance at 0x7fe23b1eea00>,31,18,[ 3 13],32,-1,80,-1,62
1,<environment.Job instance at 0x7fe23b129780>,32,2,[4 8],33,-1,64,-1,62
1,<environment.Job instance at 0x7fe23b2bc500>,33,3,[1 6],34,-1,65,-1,62
1,<environment.Job instance at 0x7fe23ae4f640>,12,1,[ 5 10],13,-1,20,-1,19
1,<environment.Job instance at 0x7fe23ae4f140>,14,1,[9 4],15,-1,20,-1,19
1,<environment.Job instance at 0x7fe23ae4f780>,15,25,[3 9],16,-1,44,-1,19
1,<environment.Job instance at 0x7fe244ba9910>,19,23,[2 8],20,-1,53,-1,30
1,<environment.Job instance at 0x7fe244ba9f50>,21,1,[5 1],22,-1,32,-1,31
1,<environment.Job instance at 0x7fe244ba9730>,22,2,[8 2],23,-1,33,-1,31
1,<environment.Job instance at 0x7fe244ba9780>,23,1,[3 9],24,-1,32,-1,31
1,<environment.Job instance at 0x7fe23ae96410>,27,2,[9 3],28,-1,50,-1,48
1,<environment.Job instance at 0x7fe23b4edb40>,21,19,[ 3 14],22,-1,61,-1,42
1,<environment.Job instance at 0x7fe23b28a7d0>,25,12,[12  4],26,-1,72,-1,60
1,<environment.Job instance at 0x7fe23ad5fdc0>,7,16,[ 5 13],8,-1,24,-1,8
1,<environment.Job instance at 0x7fe23ad5fcd0>,12,2,[6 1],13,-1,16,-1,14
1,<environment.Job instance at 0x7fe23ad64320>,14,18,[13  2],15,-1,33,-1,15
1,<environment.Job instance at 0x7fe23ad643c0>,15,1,[5 7],16,-1,17,-1,16
1,<environment.Job instance at 0x7fe23ad64410>,16,2,[3 5],17,-1,19,-1,17
1,<environment.Job instance at 0x7fe23ad644b0>,17,2,[9 1],18,-1,20,-1,18
1,<environment.Job instance at 0x7fe23ad64af0>,23,1,[2 8],24,-1,39,-1,38
1,<environment.Job instance at 0x7fe23ad64d20>,27,2,[5 9],28,-1,60,-1,58
1,<environment.Job instance at 0x7fe23ad64e60>,29,1,[4 6],30,-1,59,-1,58
1,<environment.Job instance at 0x7fe23ad64f00>,30,1,[2 5],31,-1,59,-1,58
1,<environment.Job instance at 0x7fe23ad66050>,33,1,[2 8],34,-1,74,-1,73
1,<environment.Job instance at 0x7fe23ae020a0>,3,27,[7 5],4,-1,31,-1,4
1,<environment.Job instance at 0x7fe23ae02690>,15,25,[3 7],16,-1,47,-1,22
1,<environment.Job instance at 0x7fe23adb4a50>,19,3,[9 3],20,-1,53,-1,50
1,<environment.Job instance at 0x7fe23adb4b90>,20,1,[ 4 12],21,-1,51,-1,50
1,<environment.Job instance at 0x7fe23adb4cd0>,21,1,[10  1],22,-1,51,-1,50
1,<environment.Job instance at 0x7fe23adb4f50>,24,12,[13  3],25,-1,62,-1,50
1,<environment.Job instance at 0x7fe23b9cdcd0>,11,1,[11  1],12,-1,14,-1,13
1,<environment.Job instance at 0x7fe23bc89780>,21,24,[1 9],22,-1,66,-1,42
1,<environment.Job instance at 0x7fe23bc89050>,22,3,[ 3 10],23,-1,45,-1,42
1,<environment.Job instance at 0x7fe23bc89f50>,24,1,[2 5],25,-1,43,-1,42
1,<environment.Job instance at 0x7fe23bc89fa0>,25,2,[9 3],26,-1,44,-1,42
1,<environment.Job instance at 0x7fe23bc89820>,27,23,[10  4],28,-1,75,-1,52
1,<environment.Job instance at 0x7fe23bc89aa0>,29,3,[3 6],30,-1,59,-1,56
1,<environment.Job instance at 0x7fe23bc89a00>,30,3,[7 3],31,-1,59,-1,56
1,<environment.Job instance at 0x7fe23bc89dc0>,33,3,[ 5 13],34,-1,72,-1,69
1,<environment.Job instance at 0x7fe23bc89dc0>,3,18,[ 1 10],4,-1,25,-1,7
1,<environment.Job instance at 0x7fe23ad9afa0>,6,2,[ 3 10],7,-1,13,-1,11
1,<environment.Job instance at 0x7fe23ad9b780>,14,15,[ 2 13],15,-1,30,-1,15
1,<environment.Job instance at 0x7fe23ad72f00>,21,1,[11  4],22,-1,37,-1,36
1,<environment.Job instance at 0x7fe23ad72c80>,24,13,[1 8],25,-1,60,-1,47
1,<environment.Job instance at 0x7fe23ad720a0>,25,3,[10  4],26,-1,50,-1,47
1,<environment.Job instance at 0x7fe23ad725f0>,26,14,[1 7],27,-1,61,-1,47
1,<environment.Job instance at 0x7fe23ad72820>,27,2,[ 2 10],28,-1,49,-1,47
1,<environment.Job instance at 0x7fe23ad72870>,28,22,[7 5],29,-1,69,-1,47
1,<environment.Job instance at 0x7fe23ad72c30>,30,18,[ 5 10],31,-1,70,-1,52
1,<environment.Job instance at 0x7fe23ad72730>,31,2,[2 6],32,-1,54,-1,52
1,<environment.Job instance at 0x7fe23ad72500>,32,24,[1 6],33,-1,76,-1,52
1,<environment.Job instance at 0x7fe23b145a00>,37,13,[ 4 10],38,-1,92,-1,79
1,<environment.Job instance at 0x7fe23bc47140>,5,16,[ 2 11],6,-1,22,-1,6
1,<environment.Job instance at 0x7fe23bc47b90>,17,3,[8 1],18,-1,23,-1,20
1,<environment.Job instance at 0x7fe23bc47f00>,21,21,[4 7],22,-1,63,-1,42
1,<environment.Job instance at 0x7fe23bc47f50>,22,17,[ 2 11],23,-1,59,-1,42
1,<environment.Job instance at 0x7fe23bc55460>,27,1,[2 6],28,-1,59,-1,58
1,<environment.Job instance at 0x7fe23bc55550>,28,3,[8 3],29,-1,61,-1,58
1,<environment.Job instance at 0x7fe23c2d4c80>,11,3,[1 9],12,-1,23,-1,20
1,<environment.Job instance at 0x7fe23c2d4910>,15,1,[5 8],16,-1,42,-1,41
1,<environment.Job instance at 0x7fe23c2d4500>,17,2,[9 3],18,-1,47,-1,45
1,<environment.Job instance at 0x7fe23c2d4780>,19,1,[5 4],20,-1,49,-1,48
1,<environment.Job instance at 0x7fe23c2d4f00>,20,23,[9 4],21,-1,71,-1,48
1,<environment.Job instance at 0x7fe23bf8aaf0>,6,25,[6 3],7,-1,32,-1,7
1,<environment.Job instance at 0x7fe23bf8a230>,8,2,[2 8],9,-1,12,-1,10
1,<environment.Job instance at 0x7fe23bf8ae10>,10,2,[5 4],11,-1,13,-1,11
1,<environment.Job instance at 0x7fe23bf8aa00>,14,1,[14  5],15,-1,16,-1,15
1,<environment.Job instance at 0x7fe23bf8a640>,15,2,[ 2 10],16,-1,18,-1,16
1,<environment.Job instance at 0x7fe23bf8ac30>,16,2,[7 1],17,-1,19,-1,17
1,<environment.Job instance at 0x7fe23c398550>,28,3,[6 1],29,-1,41,-1,38
1,<environment.Job instance at 0x7fe23c398eb0>,29,3,[8 2],30,-1,41,-1,38
1,<environment.Job instance at 0x7fe23c398910>,30,2,[ 2 12],31,-1,40,-1,38
1,<environment.Job instance at 0x7fe23b6bbe10>,13,23,[7 4],14,-1,38,-1,15
1,<environment.Job instance at 0x7fe244a14e10>,20,2,[5 5],21,-1,44,-1,42
1,<environment.Job instance at 0x7fe23b94f4b0>,23,3,[13  5],24,-1,59,-1,56
1,<environment.Job instance at 0x7fe23b94f140>,24,3,[4 5],25,-1,59,-1,56
1,<environment.Job instance at 0x7fe23b94fd70>,26,27,[5 2],27,-1,101,-1,74
1,<environment.Job instance at 0x7fe23b94f5f0>,27,14,[ 3 14],28,-1,88,-1,74
1,<environment.Job instance at 0x7fe23b94f550>,29,18,[ 2 10],30,-1,92,-1,74
1,<environment.Job instance at 0x7fe23b94f820>,31,1,[8 4],32,-1,75,-1,74
1,<environment.Job instance at 0x7fe23b94f6e0>,32,1,[2 5],33,-1,75,-1,74
1,<environment.Job instance at 0x7fe23b94f320>,33,2,[ 4 10],34,-1,76,-1,74
1,<environment.Job instance at 0x7fe23b89cf00>,2,18,[ 2 12],3,-1,21,-1,3
1,<environment.Job instance at 0x7fe23b6a7b40>,13,24,[5 3],14,-1,43,-1,19
1,<environment.Job instance at 0x7fe23bbe5140>,17,2,[11  4],18,-1,37,-1,35
1,<environment.Job instance at 0x7fe23b86caa0>,20,3,[8 3],21,-1,48,-1,45
1,<environment.Job instance at 0x7fe23be86230>,21,28,[9 4],22,-1,73,-1,45
1,<environment.Job instance at 0x7fe23be86460>,22,2,[3 6],23,-1,47,-1,45
1,<environment.Job instance at 0x7fe23af0d9b0>,23,16,[ 1 12],24,-1,61,-1,45
1,<environment.Job instance at 0x7fe23b988820>,24,12,[9 1],25,-1,78,-1,66
1,<environment.Job instance at 0x7fe23befbc80>,28,19,[ 3 11],29,-1,85,-1,66
1,<environment.Job instance at 0x7fe24494faa0>,7,24,[5 9],8,-1,32,-1,8
1,<environment.Job instance at 0x7fe24494f4b0>,9,3,[1 7],10,-1,16,-1,13
1,<environment.Job instance at 0x7fe23bec56e0>,13,2,[2 7],14,-1,16,-1,14
1,<environment.Job instance at 0x7fe23bec5820>,14,3,[10  5],15,-1,18,-1,15
1,<environment.Job instance at 0x7fe23bec5eb0>,18,2,[4 6],19,-1,32,-1,30
1,<environment.Job instance at 0x7fe23abccb90>,19,26,[2 6],20,-1,56,-1,30
1,<environment.Job instance at 0x7fe23b0b1b40>,18,2,[1 9],19,-1,52,-1,50
1,<environment.Job instance at 0x7fe23b0b1230>,23,3,[6 2],24,-1,71,-1,68
1,<environment.Job instance at 0x7fe23b0b1320>,24,1,[7 4],25,-1,69,-1,68
1,<environment.Job instance at 0x7fe23b3c40f0>,25,3,[9 2],26,-1,71,-1,68
1,<environment.Job instance at 0x7fe23b3c4640>,26,25,[7 3],27,-1,93,-1,68
1,<environment.Job instance at 0x7fe23b3c4b40>,27,3,[8 1],28,-1,71,-1,68
1,<environment.Job instance at 0x7fe23b3c4d70>,28,3,[10  4],29,-1,71,-1,68
1,<environment.Job instance at 0x7fe23b4c00f0>,13,1,[5 4],14,-1,16,-1,15
1,<environment.Job instance at 0x7fe23adc95a0>,14,3,[8 2],15,-1,18,-1,15
1,<environment.Job instance at 0x7fe23c0400f0>,15,1,[1 8],16,-1,17,-1,16
1,<environment.Job instance at 0x7fe23b667050>,17,16,[11  1],18,-1,44,-1,28
1,<environment.Job instance at 0x7fe23bec5820>,18,3,[ 4 10],19,-1,31,-1,28
1,<environment.Job instance at 0x7fe23b2465f0>,25,1,[6 1],26,-1,60,-1,59
1,<environment.Job instance at 0x7fe23aff8280>,26,1,[ 5 10],27,-1,60,-1,59
1,<environment.Job instance at 0x7fe23aff8960>,27,16,[ 5 13],28,-1,75,-1,59
1,<environment.Job instance at 0x7fe23b6005f0>,28,1,[1 9],29,-1,60,-1,59
1,<environment.Job instance at 0x7fe23b58bc30>,29,2,[13  4],30,-1,61,-1,59
1,<environment.Job instance at 0x7fe23b7fbeb0>,30,2,[5 2],31,-1,61,-1,59
1,<environment.Job instance at 0x7fe23acafc80>,32,1,[2 9],33,-1,74,-1,73
1,<environment.Job instance at 0x7fe23b132550>,33,20,[ 5 12],34,-1,93,-1,73
1,<environment.Job instance at 0x7fe23adc80f0>,34,2,[ 5 11],35,-1,75,-1,73
1,<environment.Job instance at 0x7fe23bab7280>,1,27,[8 5],2,-1,29,-1,2
1,<environment.Job instance at 0x7fe23b8498c0>,13,26,[7 1],14,-1,40,-1,14
1,<environment.Job instance at 0x7fe23b849c30>,16,1,[7 3],17,-1,30,-1,29
1,<environment.Job instance at 0x7fe23b849e10>,19,1,[7 1],20,-1,45,-1,44
1,<environment.Job instance at 0x7fe23b849eb0>,20,3,[5 1],21,-1,47,-1,44
1,<environment.Job instance at 0x7fe23b849f50>,21,2,[3 8],22,-1,46,-1,44
1,<environment.Job instance at 0x7fe23b81a230>,25,3,[6 4],26,-1,75,-1,72
1,<environment.Job instance at 0x7fe23b81a370>,27,3,[1 8],28,-1,75,-1,72
1,<environment.Job instance at 0x7fe23b81a500>,28,3,[3 6],29,-1,75,-1,72
1,<environment.Job instance at 0x7fe23b81a780>,30,12,[4 6],31,-1,87,-1,75
1,<environment.Job instance at 0x7fe23b81a820>,31,3,[10  1],32,-1,78,-1,75
1,<environment.Job instance at 0x7fe23b81a8c0>,32,18,[1 9],33,-1,93,-1,75
1,<environment.Job instance at 0x7fe23b81a960>,33,2,[2 6],34,-1,77,-1,75
1,<environment.Job instance at 0x7fe23b170870>,4,2,[1 9],5,-1,8,-1,6
1,<environment.Job instance at 0x7fe23b170140>,6,24,[4 5],7,-1,31,-1,7
1,<environment.Job instance at 0x7fe23b150b40>,7,24,[4 8],8,-1,32,-1,8
1,<environment.Job instance at 0x7fe23b150140>,8,3,[9 5],9,-1,12,-1,9
1,<environment.Job instance at 0x7fe23b150730>,9,3,[5 4],10,-1,13,-1,10
1,<environment.Job instance at 0x7fe23b150690>,10,2,[3 5],11,-1,13,-1,11
1,<environment.Job instance at 0x7fe23b179dc0>,23,1,[9 4],24,-1,28,-1,27
1,<environment.Job instance at 0x7fe23b179410>,24,3,[ 1 12],25,-1,30,-1,27
1,<environment.Job instance at 0x7fe23b179e10>,25,14,[12  1],26,-1,41,-1,27
1,<environment.Job instance at 0x7fe23b179640>,35,28,[ 4 12],36,-1,100,-1,72
1,<environment.Job instance at 0x7fe23c0e0870>,15,3,[9 1],16,-1,43,-1,40
1,<environment.Job instance at 0x7fe23c0e04b0>,17,27,[8 5],18,-1,80,-1,53
1,<environment.Job instance at 0x7fe23b84a7d0>,19,3,[ 1 12],20,-1,56,-1,53
1,<environment.Job instance at 0x7fe23b84a190>,21,1,[2 7],22,-1,54,-1,53
1,<environment.Job instance at 0x7fe23b84aa50>,22,1,[1 8],23,-1,54,-1,53
1,<environment.Job instance at 0x7fe23b84a690>,23,17,[13  3],24,-1,70,-1,53
1,<environment.Job instance at 0x7fe23b84aa00>,24,3,[13  1],25,-1,56,-1,53
1,<environment.Job instance at 0x7f630e786320>,1,15,[ 1 14],2,-1,17,-1,2
1,<environment.Job instance at 0x7f630500eaf0>,10,1,[7 3],11,-1,19,-1,18
1,<environment.Job instance at 0x7f630500eb90>,11,2,[3 9],12,-1,20,-1,18
1,<environment.Job instance at 0x7f630500ec30>,12,3,[6 3],13,-1,21,-1,18
1,<environment.Job instance at 0x7f630500ee10>,15,3,[10  2],16,-1,33,-1,30
1,<environment.Job instance at 0x7f630500ef50>,17,3,[10  3],18,-1,33,-1,30
1,<environment.Job instance at 0x7f630500eaa0>,19,17,[12  3],20,-1,63,-1,46
1,<environment.Job instance at 0x7f63050100a0>,20,1,[3 7],21,-1,47,-1,46
1,<environment.Job instance at 0x7f63050100f0>,21,3,[ 2 10],22,-1,49,-1,46
1,<environment.Job instance at 0x7f6305010280>,22,2,[12  3],23,-1,48,-1,46
1,<environment.Job instance at 0x7f63050103c0>,24,3,[5 9],25,-1,51,-1,48
1,<environment.Job instance at 0x7f6305010460>,25,3,[1 6],26,-1,51,-1,48
1,<environment.Job instance at 0x7f6305010500>,26,22,[2 9],27,-1,75,-1,53
1,<environment.Job instance at 0x7f63050105a0>,27,2,[6 4],28,-1,55,-1,53
1,<environment.Job instance at 0x7f6305010640>,28,2,[5 9],29,-1,55,-1,53
1,<environment.Job instance at 0x7f6305010960>,30,1,[5 5],31,-1,54,-1,53
1,<environment.Job instance at 0x7f63050109b0>,33,2,[5 3],34,-1,67,-1,65
1,<environment.Job instance at 0x7f6305010aa0>,34,3,[9 5],35,-1,68,-1,65
1,<environment.Job instance at 0x7f6305010be0>,36,2,[5 1],37,-1,83,-1,81
1,<environment.Job instance at 0x7f6305435910>,11,1,[9 4],12,-1,13,-1,12
1,<environment.Job instance at 0x7f6305435960>,12,27,[ 3 13],13,-1,40,-1,13
1,<environment.Job instance at 0x7f6304a91dc0>,22,2,[4 8],23,-1,42,-1,40
1,<environment.Job instance at 0x7f630553a460>,23,3,[1 6],24,-1,43,-1,40
1,<environment.Job instance at 0x7f6304ae3b40>,27,18,[ 3 12],28,-1,76,-1,58
1,<environment.Job instance at 0x7f63046e8050>,28,3,[2 7],29,-1,61,-1,58
1,<environment.Job instance at 0x7f6304a1ed20>,30,2,[5 6],31,-1,60,-1,58
1,<environment.Job instance at 0x7f6304a1bd20>,31,18,[11  5],32,-1,76,-1,58
1,<environment.Job instance at 0x7f6304a1b780>,32,14,[14  1],33,-1,72,-1,58
1,<environment.Job instance at 0x7f6304adfeb0>,33,3,[1 5],34,-1,61,-1,58
1,<environment.Job instance at 0x7f6304b25f50>,36,2,[9 1],37,-1,75,-1,73
1,<environment.Job instance at 0x7f630472e190>,37,3,[1 8],38,-1,76,-1,73
1,<environment.Job instance at 0x7f63046b0410>,16,23,[5 8],17,-1,77,-1,54
1,<environment.Job instance at 0x7f63046b0c80>,23,27,[5 3],24,-1,81,-1,54
1,<environment.Job instance at 0x7f63046b0230>,29,3,[ 4 12],30,-1,90,-1,87
1,<environment.Job instance at 0x7f6304a53410>,22,1,[13  3],23,-1,41,-1,40
1,<environment.Job instance at 0x7f6304abc280>,27,1,[4 8],28,-1,67,-1,66
1,<environment.Job instance at 0x7f6304c6b550>,31,2,[3 8],32,-1,84,-1,82
1,<environment.Job instance at 0x7f63053bc0f0>,32,27,[ 2 13],33,-1,109,-1,82
1,<environment.Job instance at 0x7f6304980320>,1,25,[10  4],2,-1,27,-1,2
1,<environment.Job instance at 0x7f630458b4b0>,12,2,[6 3],13,-1,15,-1,13
1,<environment.Job instance at 0x7f630458b870>,13,24,[3 6],14,-1,38,-1,14
1,<environment.Job instance at 0x7f630458b8c0>,14,2,[4 8],15,-1,17,-1,15
1,<environment.Job instance at 0x7f630458ba00>,17,27,[9 5],18,-1,51,-1,24
1,<environment.Job instance at 0x7f630458bcd0>,21,3,[10  4],22,-1,45,-1,42
1,<environment.Job instance at 0x7f630458bd70>,22,2,[6 4],23,-1,44,-1,42
1,<environment.Job instance at 0x7f630458be10>,23,2,[ 3 14],24,-1,44,-1,42
1,<environment.Job instance at 0x7f630458bfa0>,24,2,[1 9],25,-1,44,-1,42
1,<environment.Job instance at 0x7f630458e4b0>,29,1,[10  5],30,-1,74,-1,73
1,<environment.Job instance at 0x7f630458e5f0>,31,2,[7 4],32,-1,78,-1,76
1,<environment.Job instance at 0x7f63045d0b90>,5,1,[12  4],6,-1,7,-1,6
1,<environment.Job instance at 0x7f63045d0410>,11,15,[14  1],12,-1,27,-1,12
1,<environment.Job instance at 0x7f63045d00a0>,12,27,[5 5],13,-1,40,-1,13
1,<environment.Job instance at 0x7f63045d0c80>,14,25,[1 7],15,-1,40,-1,15
1,<environment.Job instance at 0x7f63045c5410>,20,2,[6 5],21,-1,25,-1,23
1,<environment.Job instance at 0x7f6305571140>,7,2,[2 6],8,-1,20,-1,18
1,<environment.Job instance at 0x7f63056af730>,11,15,[ 2 14],12,-1,34,-1,19
1,<environment.Job instance at 0x7f63056af4b0>,15,12,[ 3 13],16,-1,31,-1,19
1,<environment.Job instance at 0x7f63056afaf0>,26,2,[ 3 10],27,-1,51,-1,49
1,<environment.Job instance at 0x7f6305855460>,27,3,[5 1],28,-1,52,-1,49
1,<environment.Job instance at 0x7f6305855780>,28,2,[5 4],29,-1,51,-1,49
1,<environment.Job instance at 0x7f6305855f00>,33,1,[7 1],34,-1,64,-1,63
1,<environment.Job instance at 0x7f6305855c30>,34,15,[ 2 13],35,-1,78,-1,63
1,<environment.Job instance at 0x7f6305855f50>,37,3,[12  4],38,-1,88,-1,85
1,<environment.Job instance at 0x7f6305855cd0>,39,28,[1 8],40,-1,113,-1,85
1,<environment.Job instance at 0x7f6304e79280>,11,2,[2 9],12,-1,14,-1,12
1,<environment.Job instance at 0x7f6304e99b40>,21,2,[5 7],22,-1,63,-1,61
1,<environment.Job instance at 0x7f6304e99e10>,22,1,[4 6],23,-1,62,-1,61
1,<environment.Job instance at 0x7f6304e99a00>,23,1,[4 9],24,-1,62,-1,61
1,<environment.Job instance at 0x7f6304e99730>,26,2,[8 4],27,-1,63,-1,61
1,<environment.Job instance at 0x7f6304895370>,3,14,[ 1 11],4,-1,18,-1,4
1,<environment.Job instance at 0x7f63045cd4b0>,9,1,[5 1],10,-1,11,-1,10
1,<environment.Job instance at 0x7f63045cd550>,8,2,[13  3],9,-1,12,-1,10
1,<environment.Job instance at 0x7f63045b1cd0>,14,12,[9 1],15,-1,44,-1,32
1,<environment.Job instance at 0x7f63045afdc0>,22,17,[ 2 11],23,-1,55,-1,38
1,<environment.Job instance at 0x7f63045af6e0>,24,1,[ 2 11],25,-1,54,-1,53
1,<environment.Job instance at 0x7f63045afbe0>,25,2,[4 7],26,-1,55,-1,53
1,<environment.Job instance at 0x7f63045af0f0>,27,1,[2 6],28,-1,54,-1,53
1,<environment.Job instance at 0x7f63045af230>,28,3,[8 3],29,-1,56,-1,53
1,<environment.Job instance at 0x7f63053271e0>,3,1,[12  4],4,-1,5,-1,4
1,<environment.Job instance at 0x7f6305327d20>,12,3,[5 9],13,-1,17,-1,14
1,<environment.Job instance at 0x7f63052feaf0>,14,3,[2 7],15,-1,18,-1,15
1,<environment.Job instance at 0x7f63052fe460>,15,23,[8 4],16,-1,39,-1,16
1,<environment.Job instance at 0x7f630543ed70>,21,3,[2 6],22,-1,43,-1,40
1,<environment.Job instance at 0x7f630543e3c0>,23,3,[8 3],24,-1,51,-1,48
1,<environment.Job instance at 0x7f630543e8c0>,24,15,[11  1],25,-1,63,-1,48
1,<environment.Job instance at 0x7f630543ef00>,26,1,[7 4],27,-1,65,-1,64
1,<environment.Job instance at 0x7f630543e7d0>,28,3,[2 7],29,-1,67,-1,64
1,<environment.Job instance at 0x7f630543e820>,31,20,[ 5 13],32,-1,99,-1,79
1,<environment.Job instance at 0x7f630543ee10>,32,1,[5 1],33,-1,80,-1,79
1,<environment.Job instance at 0x7f6304860dc0>,2,1,[2 5],3,-1,4,-1,3
1,<environment.Job instance at 0x7f630e20e730>,17,2,[ 5 13],18,-1,29,-1,27
1,<environment.Job instance at 0x7f630e20ec80>,19,1,[4 5],20,-1,43,-1,42
1,<environment.Job instance at 0x7f630e20ed20>,21,25,[10  1],22,-1,67,-1,42
1,<environment.Job instance at 0x7f630e20ebe0>,23,2,[5 1],24,-1,44,-1,42
1,<environment.Job instance at 0x7f630e20e0a0>,24,13,[ 5 10],25,-1,55,-1,42
1,<environment.Job instance at 0x7f630e20e410>,26,3,[5 1],27,-1,58,-1,55
1,<environment.Job instance at 0x7f630e20e500>,27,1,[2 6],28,-1,56,-1,55
1,<environment.Job instance at 0x7f6304df2f50>,32,2,[1 7],33,-1,87,-1,85
1,<environment.Job instance at 0x7f630474c7d0>,7,13,[14  4],8,-1,21,-1,8
1,<environment.Job instance at 0x7f63046be9b0>,15,1,[1 9],16,-1,19,-1,18
1,<environment.Job instance at 0x7f63046be050>,17,1,[10  4],18,-1,26,-1,25
1,<environment.Job instance at 0x7f63046beaa0>,18,2,[3 6],19,-1,27,-1,25
1,<environment.Job instance at 0x7f63046be550>,21,3,[8 5],22,-1,43,-1,40
1,<environment.Job instance at 0x7f6304e50e10>,22,12,[ 1 10],23,-1,52,-1,40
1,<environment.Job instance at 0x7f6304e50b40>,23,2,[13  2],24,-1,42,-1,40
1,<environment.Job instance at 0x7f6304e50eb0>,25,25,[1 6],26,-1,81,-1,56
1,<environment.Job instance at 0x7f6304e50230>,26,1,[5 5],27,-1,57,-1,56
1,<environment.Job instance at 0x7f6304e50d20>,28,3,[ 1 10],29,-1,66,-1,63
1,<environment.Job instance at 0x7f6304e504b0>,29,3,[9 3],30,-1,68,-1,65
1,<environment.Job instance at 0x7f6304e50370>,31,3,[1 8],32,-1,68,-1,65
1,<environment.Job instance at 0x7f63053389b0>,7,1,[10  2],8,-1,10,-1,9
1,<environment.Job instance at 0x7f6304f21960>,9,1,[9 4],10,-1,11,-1,10
1,<environment.Job instance at 0x7f630534b190>,13,3,[3 9],14,-1,21,-1,18
1,<environment.Job instance at 0x7f630534b870>,14,27,[6 1],15,-1,45,-1,18
1,<environment.Job instance at 0x7f63054b4a50>,16,17,[ 5 11],17,-1,38,-1,21
1,<environment.Job instance at 0x7f63054b45a0>,18,3,[3 8],19,-1,33,-1,30
1,<environment.Job instance at 0x7f630563d9b0>,21,24,[14  3],22,-1,66,-1,42
1,<environment.Job instance at 0x7f630563dc80>,22,1,[1 8],23,-1,43,-1,42
1,<environment.Job instance at 0x7f63057fcbe0>,23,24,[10  2],24,-1,66,-1,42
1,<environment.Job instance at 0x7f630568daa0>,24,2,[3 6],25,-1,44,-1,42
1,<environment.Job instance at 0x7f63057fc140>,25,3,[2 8],26,-1,45,-1,42
1,<environment.Job instance at 0x7f6305b20c80>,26,1,[9 2],27,-1,43,-1,42
1,<environment.Job instance at 0x7f6305059f00>,27,1,[5 3],28,-1,43,-1,42
1,<environment.Job instance at 0x7f6305380d20>,29,3,[10  1],30,-1,63,-1,60
1,<environment.Job instance at 0x7f6305c59d70>,31,2,[1 9],32,-1,62,-1,60
1,<environment.Job instance at 0x7f6305c597d0>,32,3,[10  4],33,-1,63,-1,60
1,<environment.Job instance at 0x7f63056e3e60>,34,3,[9 3],35,-1,71,-1,68
1,<environment.Job instance at 0x7f630e22a5a0>,36,1,[5 2],37,-1,77,-1,76
1,<environment.Job instance at 0x7f6304fbf2d0>,10,25,[5 3],11,-1,40,-1,15
1,<environment.Job instance at 0x7f6304fbf140>,15,2,[8 1],16,-1,19,-1,17
1,<environment.Job instance at 0x7f6304fbf4b0>,17,1,[ 4 10],18,-1,19,-1,18
1,<environment.Job instance at 0x7f6304fbf870>,19,28,[3 9],20,-1,50,-1,22
1,<environment.Job instance at 0x7f63049aa690>,20,3,[ 4 10],21,-1,25,-1,22
1,<environment.Job instance at 0x7f6304e273c0>,21,2,[2 9],22,-1,24,-1,22
1,<environment.Job instance at 0x7f6304e1b5a0>,22,23,[3 7],23,-1,50,-1,27
1,<environment.Job instance at 0x7f6304e1b460>,23,3,[8 1],24,-1,30,-1,27
1,<environment.Job instance at 0x7f63042bf550>,26,3,[ 5 14],27,-1,39,-1,36
1,<environment.Job instance at 0x7f63057720a0>,33,1,[5 4],34,-1,72,-1,71
1,<environment.Job instance at 0x7f630563adc0>,34,3,[8 2],35,-1,74,-1,71
1,<environment.Job instance at 0x7f6304cffdc0>,35,1,[1 8],36,-1,72,-1,71
1,<environment.Job instance at 0x7f630563af00>,37,16,[11  1],38,-1,97,-1,81
1,<environment.Job instance at 0x7f6305afe9b0>,38,3,[ 4 10],39,-1,84,-1,81
1,<environment.Job instance at 0x7f63052e9cd0>,5,3,[ 1 13],6,-1,9,-1,6
1,<environment.Job instance at 0x7f63052e9960>,6,2,[14  2],7,-1,9,-1,7
1,<environment.Job instance at 0x7f63052e9b40>,7,15,[ 5 12],8,-1,23,-1,8
1,<environment.Job instance at 0x7f63052e9370>,9,2,[10  2],10,-1,12,-1,10
1,<environment.Job instance at 0x7f63052e9d70>,10,2,[14  4],11,-1,13,-1,11
1,<environment.Job instance at 0x7f63052e9140>,11,27,[8 5],12,-1,39,-1,12
1,<environment.Job instance at 0x7f63052e9410>,12,2,[10  3],13,-1,15,-1,13
1,<environment.Job instance at 0x7f63054ac280>,26,1,[7 3],27,-1,76,-1,75
1,<environment.Job instance at 0x7f6305b5e870>,10,2,[3 5],11,-1,13,-1,11
1,<environment.Job instance at 0x7f6304a22780>,6,24,[4 5],7,-1,36,-1,12
1,<environment.Job instance at 0x7f6304e42230>,20,2,[7 5],21,-1,28,-1,26
1,<environment.Job instance at 0x7f63053b4280>,21,2,[ 2 10],22,-1,28,-1,26
1,<environment.Job instance at 0x7f6304c0d690>,22,23,[6 2],23,-1,50,-1,27
1,<environment.Job instance at 0x7f6305b3e410>,23,1,[9 4],24,-1,28,-1,27
1,<environment.Job instance at 0x7f6304e108c0>,24,3,[ 1 12],25,-1,30,-1,27
1,<environment.Job instance at 0x7f6304c63460>,25,14,[12  1],26,-1,41,-1,27
1,<environment.Job instance at 0x7f6304e34af0>,29,3,[4 5],30,-1,45,-1,42
1,<environment.Job instance at 0x7f630531c4b0>,30,2,[1 5],31,-1,44,-1,42
1,<environment.Job instance at 0x7f6304a0a190>,31,1,[3 6],32,-1,43,-1,42
1,<environment.Job instance at 0x7f63056f3410>,33,1,[11  3],34,-1,45,-1,44
1,<environment.Job instance at 0x7f63056f3910>,34,14,[ 5 10],35,-1,58,-1,44
1,<environment.Job instance at 0x7f63056f3e10>,35,28,[ 4 12],36,-1,72,-1,44
1,<environment.Job instance at 0x7f630438a8c0>,7,27,[8 5],8,-1,35,-1,8
1,<environment.Job instance at 0x7f6304ac7500>,5,3,[9 1],6,-1,29,-1,26
1,<environment.Job instance at 0x7f630436d410>,18,3,[1 7],19,-1,40,-1,37
1,<environment.Job instance at 0x7f630436d4b0>,19,3,[7 3],20,-1,40,-1,37
1,<environment.Job instance at 0x7f63045cf1e0>,9,3,[4 8],10,-1,13,-1,10
1,<environment.Job instance at 0x7f630439c190>,17,2,[9 2],18,-1,27,-1,25
1,<environment.Job instance at 0x7f630439cc80>,18,2,[13  1],19,-1,27,-1,25
1,<environment.Job instance at 0x7f630439c410>,21,26,[7 2],22,-1,65,-1,39
1,<environment.Job instance at 0x7f63045bbc80>,25,3,[9 4],26,-1,59,-1,56
1,<environment.Job instance at 0x7f63045bbb90>,30,2,[8 1],31,-1,82,-1,80
1,<environment.Job instance at 0x7f63045bb8c0>,31,23,[5 9],32,-1,103,-1,80
1,<environment.Job instance at 0x7f63045bbdc0>,33,3,[ 1 14],34,-1,89,-1,86
1,<environment.Job instance at 0x7f63045bbfa0>,34,1,[ 2 10],35,-1,87,-1,86
1,<environment.Job instance at 0x7f63045bb370>,35,3,[8 5],36,-1,89,-1,86
1,<environment.Job instance at 0x7f63045bb2d0>,36,1,[ 3 13],37,-1,87,-1,86
1,<environment.Job instance at 0x7f63043ab6e0>,25,3,[9 3],26,-1,84,-1,81
1,<environment.Job instance at 0x7f97ec40b320>,1,15,[ 1 14],2,-1,17,-1,2
1,<environment.Job instance at 0x7f97e2c93870>,6,12,[11  4],7,-1,20,-1,8
1,<environment.Job instance at 0x7f97e2c938c0>,8,17,[ 2 10],9,-1,27,-1,10
1,<environment.Job instance at 0x7f97e2c93a50>,10,1,[7 3],11,-1,12,-1,11
1,<environment.Job instance at 0x7f97e2c93af0>,11,2,[3 9],12,-1,14,-1,12
1,<environment.Job instance at 0x7f97e2c93b90>,12,3,[6 3],13,-1,16,-1,13
1,<environment.Job instance at 0x7f97e2c93f00>,17,3,[10  3],18,-1,33,-1,30
1,<environment.Job instance at 0x7f97e2c93cd0>,19,17,[12  3],20,-1,47,-1,30
1,<environment.Job instance at 0x7f97e2c95190>,20,1,[3 7],21,-1,31,-1,30
1,<environment.Job instance at 0x7f97e2c95140>,21,3,[ 2 10],22,-1,33,-1,30
1,<environment.Job instance at 0x7f97e2c95280>,22,2,[12  3],23,-1,32,-1,30
1,<environment.Job instance at 0x7f97e2c953c0>,24,3,[5 9],25,-1,34,-1,31
1,<environment.Job instance at 0x7f97e2c95500>,26,22,[2 9],27,-1,66,-1,44
1,<environment.Job instance at 0x7f97e2c955a0>,27,2,[6 4],28,-1,46,-1,44
1,<environment.Job instance at 0x7f97e2c95640>,28,2,[5 9],29,-1,46,-1,44
1,<environment.Job instance at 0x7f97e2c95910>,30,1,[5 5],31,-1,45,-1,44
1,<environment.Job instance at 0x7f97e2c95be0>,33,2,[5 3],34,-1,58,-1,56
1,<environment.Job instance at 0x7f97e2c95c80>,34,3,[9 5],35,-1,59,-1,56
1,<environment.Job instance at 0x7f97e2c95dc0>,36,2,[5 1],37,-1,74,-1,72
1,<environment.Job instance at 0x7f97e2c99280>,43,28,[6 4],44,-1,119,-1,91
1,<environment.Job instance at 0x7f97e2c993c0>,44,17,[ 5 12],45,-1,108,-1,91
1,<environment.Job instance at 0x7f97e2c990f0>,2,27,[ 3 13],3,-1,30,-1,3
1,<environment.Job instance at 0x7f97e32d8500>,11,18,[ 3 13],12,-1,30,-1,12
1,<environment.Job instance at 0x7f97e32d8fa0>,12,2,[4 8],13,-1,15,-1,13
1,<environment.Job instance at 0x7f97e3404be0>,17,18,[ 3 12],18,-1,37,-1,19
1,<environment.Job instance at 0x7f97e2380690>,20,2,[5 6],21,-1,23,-1,21
1,<environment.Job instance at 0x7f97e3404910>,21,18,[11  5],22,-1,45,-1,27
1,<environment.Job instance at 0x7f97e271a5a0>,22,14,[14  1],23,-1,41,-1,27
1,<environment.Job instance at 0x7f97e26a4e10>,23,3,[1 5],24,-1,30,-1,27
1,<environment.Job instance at 0x7f97e274f550>,26,2,[9 1],27,-1,36,-1,34
1,<environment.Job instance at 0x7f97e27ad140>,27,3,[1 8],28,-1,37,-1,34
1,<environment.Job instance at 0x7f97e276c370>,31,2,[9 3],32,-1,68,-1,66
1,<environment.Job instance at 0x7f97e276c140>,32,3,[8 5],33,-1,70,-1,67
1,<environment.Job instance at 0x7f97e276c6e0>,35,15,[ 3 14],36,-1,96,-1,81
1,<environment.Job instance at 0x7f97e23dde60>,37,12,[14  5],38,-1,93,-1,81
1,<environment.Job instance at 0x7f97e23dd910>,39,3,[1 7],40,-1,84,-1,81
1,<environment.Job instance at 0x7f97e27528c0>,42,2,[4 9],43,-1,99,-1,97
1,<environment.Job instance at 0x7f97e23bb730>,9,3,[ 4 12],10,-1,14,-1,11
1,<environment.Job instance at 0x7f97e23bb640>,11,18,[ 5 11],12,-1,30,-1,12
1,<environment.Job instance at 0x7f97e23bb4b0>,18,28,[7 4],19,-1,82,-1,54
1,<environment.Job instance at 0x7f97e23bb690>,19,1,[9 2],20,-1,55,-1,54
1,<environment.Job instance at 0x7f97e24a7280>,21,1,[8 3],22,-1,55,-1,54
1,<environment.Job instance at 0x7f97e24a7eb0>,22,1,[3 8],23,-1,56,-1,55
1,<environment.Job instance at 0x7f97e24a7be0>,24,28,[9 1],25,-1,97,-1,69
1,<environment.Job instance at 0x7f97e24a7aa0>,27,1,[7 2],28,-1,85,-1,84
1,<environment.Job instance at 0x7f97e24a7cd0>,28,16,[14  3],29,-1,100,-1,84
1,<environment.Job instance at 0x7f97e26a63c0>,2,27,[ 2 13],3,-1,30,-1,3
1,<environment.Job instance at 0x7f97e2c7afa0>,8,1,[12  5],9,-1,10,-1,9
1,<environment.Job instance at 0x7f97e269ee60>,9,1,[8 5],10,-1,11,-1,10
1,<environment.Job instance at 0x7f97e276cbe0>,16,2,[6 5],17,-1,26,-1,24
1,<environment.Job instance at 0x7f97e276c460>,18,3,[5 1],19,-1,27,-1,24
1,<environment.Job instance at 0x7f97e27e1b90>,20,14,[ 3 10],21,-1,43,-1,29
1,<environment.Job instance at 0x7f97e27e1d20>,21,18,[ 4 13],22,-1,47,-1,29
1,<environment.Job instance at 0x7f97e2d8caa0>,22,2,[9 3],23,-1,31,-1,29
1,<environment.Job instance at 0x7f97e302ea50>,24,3,[5 8],25,-1,41,-1,38
1,<environment.Job instance at 0x7f97e2907be0>,25,2,[2 6],26,-1,40,-1,38
1,<environment.Job instance at 0x7f97e26f1be0>,27,16,[ 5 13],28,-1,54,-1,38
1,<environment.Job instance at 0x7f97e302e280>,28,2,[1 7],29,-1,40,-1,38
1,<environment.Job instance at 0x7f97e2914960>,29,3,[8 4],30,-1,41,-1,38
1,<environment.Job instance at 0x7f97e28e7a50>,30,13,[ 4 10],31,-1,53,-1,40
1,<environment.Job instance at 0x7f97e2359be0>,32,2,[6 1],33,-1,42,-1,40
1,<environment.Job instance at 0x7f97e23a4d20>,34,18,[13  2],35,-1,69,-1,51
1,<environment.Job instance at 0x7f97e2399c80>,35,1,[5 7],36,-1,52,-1,51
1,<environment.Job instance at 0x7f97e23993c0>,36,2,[3 5],37,-1,53,-1,51
1,<environment.Job instance at 0x7f97e2356c30>,37,2,[9 1],38,-1,53,-1,51
1,<environment.Job instance at 0x7f97e23db230>,40,18,[11  4],41,-1,85,-1,67
1,<environment.Job instance at 0x7f97e23db910>,43,1,[2 8],44,-1,73,-1,72
1,<environment.Job instance at 0x7f97e23a10a0>,47,2,[5 9],48,-1,95,-1,93
1,<environment.Job instance at 0x7f97e23a1280>,49,1,[4 6],50,-1,97,-1,96
1,<environment.Job instance at 0x7f97e23a1460>,50,1,[2 5],51,-1,97,-1,96
1,<environment.Job instance at 0x7f97e26567d0>,3,27,[7 5],4,-1,31,-1,4
1,<environment.Job instance at 0x7f97e26545f0>,10,2,[9 4],11,-1,19,-1,17
1,<environment.Job instance at 0x7f97e2644aa0>,14,3,[2 5],15,-1,37,-1,34
1,<environment.Job instance at 0x7f97e2644050>,15,25,[3 7],16,-1,59,-1,34
1,<environment.Job instance at 0x7f97e265b870>,19,3,[9 3],20,-1,51,-1,48
1,<environment.Job instance at 0x7f97e265b910>,20,1,[ 4 12],21,-1,49,-1,48
1,<environment.Job instance at 0x7f97e265b730>,21,1,[10  1],22,-1,49,-1,48
1,<environment.Job instance at 0x7f97e265bb90>,23,1,[5 2],24,-1,50,-1,49
1,<environment.Job instance at 0x7f97e265b2d0>,24,12,[13  3],25,-1,61,-1,49
1,<environment.Job instance at 0x7f97e26be910>,13,3,[ 5 13],14,-1,23,-1,20
1,<environment.Job instance at 0x7f97e26e1a50>,16,17,[13  2],17,-1,50,-1,33
1,<environment.Job instance at 0x7f97e26e1af0>,17,1,[11  4],18,-1,34,-1,33
1,<environment.Job instance at 0x7f97e26e19b0>,18,1,[5 3],19,-1,34,-1,33
1,<environment.Job instance at 0x7f97e26e1b90>,22,17,[ 2 12],23,-1,85,-1,68
1,<environment.Job instance at 0x7f97e26e15f0>,23,1,[8 5],24,-1,69,-1,68
1,<environment.Job instance at 0x7f97e26e1d20>,25,24,[10  2],26,-1,101,-1,77
1,<environment.Job instance at 0x7f97e33a73c0>,11,13,[12  4],12,-1,25,-1,12
1,<environment.Job instance at 0x7f97e33a79b0>,19,3,[5 9],20,-1,42,-1,39
1,<environment.Job instance at 0x7f97e33a7a00>,20,2,[6 4],21,-1,41,-1,39
1,<environment.Job instance at 0x7f97e29cef50>,21,2,[3 5],22,-1,41,-1,39
1,<environment.Job instance at 0x7f97e29ce5a0>,27,1,[3 6],28,-1,56,-1,55
1,<environment.Job instance at 0x7f97e29ce0f0>,30,3,[10  4],31,-1,72,-1,69
1,<environment.Job instance at 0x7f97e29ce5f0>,32,13,[ 5 10],33,-1,86,-1,73
1,<environment.Job instance at 0x7f97e29ce0a0>,34,3,[7 4],35,-1,86,-1,83
1,<environment.Job instance at 0x7f97e29ceb40>,35,3,[9 4],36,-1,86,-1,83
1,<environment.Job instance at 0x7f97e29ce370>,36,2,[5 5],37,-1,85,-1,83
1,<environment.Job instance at 0x7f97e38cddc0>,37,1,[10  3],38,-1,84,-1,83
1,<environment.Job instance at 0x7f97e28ec370>,11,3,[5 2],12,-1,15,-1,12
1,<environment.Job instance at 0x7f97e28d05a0>,18,2,[5 8],19,-1,38,-1,36
1,<environment.Job instance at 0x7f97e28d0b40>,19,3,[14  1],20,-1,39,-1,36
1,<environment.Job instance at 0x7f97e28d0960>,20,20,[4 6],21,-1,61,-1,41
1,<environment.Job instance at 0x7f97e28d0460>,21,2,[8 4],22,-1,43,-1,41
1,<environment.Job instance at 0x7f97e28d0320>,22,2,[8 4],23,-1,43,-1,41
1,<environment.Job instance at 0x7f97e28d0190>,23,14,[ 1 11],24,-1,55,-1,41
1,<environment.Job instance at 0x7f97e28d1050>,25,16,[ 2 11],26,-1,58,-1,42
1,<environment.Job instance at 0x7f97e32de050>,26,3,[8 3],27,-1,45,-1,42
1,<environment.Job instance at 0x7f97e28d1cd0>,27,1,[10  5],28,-1,43,-1,42
1,<environment.Job instance at 0x7f97e292cc30>,28,2,[13  3],29,-1,44,-1,42
1,<environment.Job instance at 0x7f97e3308eb0>,29,1,[5 1],30,-1,45,-1,44
1,<environment.Job instance at 0x7f97e33085a0>,34,12,[9 1],35,-1,83,-1,71
1,<environment.Job instance at 0x7f97e2509d70>,36,13,[4 7],37,-1,84,-1,71
1,<environment.Job instance at 0x7f97e25148c0>,37,3,[8 1],38,-1,74,-1,71
1,<environment.Job instance at 0x7f97e28fc2d0>,42,17,[ 2 11],43,-1,108,-1,91
1,<environment.Job instance at 0x7f97e250f910>,15,1,[5 8],16,-1,40,-1,39
1,<environment.Job instance at 0x7f97e250f3c0>,17,2,[9 3],18,-1,51,-1,49
1,<environment.Job instance at 0x7f97e250f190>,19,1,[5 4],20,-1,53,-1,52
1,<environment.Job instance at 0x7f97e250fbe0>,20,23,[9 4],21,-1,75,-1,52
1,<environment.Job instance at 0x7f97e250f460>,23,1,[10  1],24,-1,74,-1,73
1,<environment.Job instance at 0x7f97e250fc30>,26,2,[5 9],27,-1,92,-1,90
1,<environment.Job instance at 0x7f97e250f820>,27,2,[10  3],28,-1,92,-1,90
1,<environment.Job instance at 0x7f97e250f370>,28,28,[10  4],29,-1,118,-1,90
1,<environment.Job instance at 0x7f97e252a910>,31,1,[7 3],32,-1,94,-1,93
1,<environment.Job instance at 0x7f97e3201190>,15,23,[8 4],16,-1,44,-1,21
1,<environment.Job instance at 0x7f97e31f4d20>,21,3,[2 6],22,-1,40,-1,37
1,<environment.Job instance at 0x7f97e2505280>,23,3,[8 3],24,-1,42,-1,39
1,<environment.Job instance at 0x7f97e31f4a50>,24,15,[11  1],25,-1,54,-1,39
1,<environment.Job instance at 0x7f97e3043d70>,26,1,[7 4],27,-1,54,-1,53
1,<environment.Job instance at 0x7f97e372eb40>,28,3,[2 7],29,-1,61,-1,58
1,<environment.Job instance at 0x7f97e3043730>,31,20,[ 5 13],32,-1,88,-1,68
1,<environment.Job instance at 0x7f97e3385eb0>,32,1,[5 1],33,-1,69,-1,68
1,<environment.Job instance at 0x7f97e3355230>,35,1,[6 4],36,-1,98,-1,97
1,<environment.Job instance at 0x7f97e3041550>,36,3,[6 1],37,-1,100,-1,97
1,<environment.Job instance at 0x7f97e32029b0>,37,1,[5 1],38,-1,98,-1,97
1,<environment.Job instance at 0x7f97e3355cd0>,39,1,[8 1],40,-1,98,-1,97
1,<environment.Job instance at 0x7f97e3725af0>,40,24,[7 2],41,-1,121,-1,97
1,<environment.Job instance at 0x7f97e318a3c0>,9,1,[4 5],10,-1,12,-1,11
1,<environment.Job instance at 0x7f97e318a820>,11,25,[10  1],12,-1,37,-1,12
1,<environment.Job instance at 0x7f97e2bad9b0>,22,2,[1 7],23,-1,53,-1,51
1,<environment.Job instance at 0x7f97e2bad500>,27,25,[9 4],28,-1,108,-1,83
1,<environment.Job instance at 0x7f97e2bad6e0>,28,2,[7 5],29,-1,85,-1,83
1,<environment.Job instance at 0x7f97e2bad690>,30,12,[10  1],31,-1,106,-1,94
1,<environment.Job instance at 0x7f97e2badaa0>,31,1,[5 5],32,-1,95,-1,94
1,<environment.Job instance at 0x7f97e2166910>,8,3,[ 1 10],9,-1,15,-1,12
1,<environment.Job instance at 0x7f97e210e9b0>,11,3,[1 8],12,-1,16,-1,13
1,<environment.Job instance at 0x7f97e210ebe0>,13,3,[3 8],14,-1,17,-1,14
1,<environment.Job instance at 0x7f97e210e320>,27,24,[5 9],28,-1,91,-1,67
1,<environment.Job instance at 0x7f97e210ed70>,30,2,[1 6],31,-1,69,-1,67
1,<environment.Job instance at 0x7f97e210e820>,31,28,[3 6],32,-1,95,-1,67
1,<environment.Job instance at 0x7f97e216c9b0>,33,2,[2 7],34,-1,82,-1,80
1,<environment.Job instance at 0x7f97e216c2d0>,34,3,[10  5],35,-1,83,-1,80
1,<environment.Job instance at 0x7f97e216cdc0>,38,2,[4 6],39,-1,101,-1,99
1,<environment.Job instance at 0x7f97e216cb40>,39,26,[2 6],40,-1,125,-1,99
1,<environment.Job instance at 0x7f97e2ba00a0>,18,2,[1 9],19,-1,53,-1,51
1,<environment.Job instance at 0x7f97e2ba0050>,19,14,[5 1],20,-1,82,-1,68
1,<environment.Job instance at 0x7f97e365a8c0>,27,3,[8 1],28,-1,71,-1,68
1,<environment.Job instance at 0x7f97e365a230>,28,3,[10  4],29,-1,71,-1,68
1,<environment.Job instance at 0x7f97e365a190>,30,26,[6 4],31,-1,104,-1,78
1,<environment.Job instance at 0x7f97e365aa00>,31,1,[2 5],32,-1,79,-1,78
1,<environment.Job instance at 0x7f97e365aaf0>,32,13,[ 3 10],33,-1,91,-1,78
1,<environment.Job instance at 0x7f97e365afa0>,33,14,[ 4 10],34,-1,93,-1,79
1,<environment.Job instance at 0x7f97e365a3c0>,34,1,[5 5],35,-1,80,-1,79
1,<environment.Job instance at 0x7f97e252a5a0>,6,1,[ 5 10],7,-1,9,-1,8
1,<environment.Job instance at 0x7f97e1f64be0>,12,1,[2 9],13,-1,14,-1,13
1,<environment.Job instance at 0x7f97e1f64870>,13,20,[ 5 12],14,-1,34,-1,14
1,<environment.Job instance at 0x7f97e1f64e10>,14,2,[ 5 11],15,-1,17,-1,15
1,<environment.Job instance at 0x7f97e2494460>,24,1,[6 1],25,-1,37,-1,36
1,<environment.Job instance at 0x7f97e24945f0>,27,3,[9 4],28,-1,55,-1,52
1,<environment.Job instance at 0x7f97e2494550>,29,13,[ 4 14],30,-1,66,-1,53
1,<environment.Job instance at 0x7f97e2494cd0>,30,2,[8 2],31,-1,55,-1,53
1,<environment.Job instance at 0x7f97e2f5c9b0>,33,3,[2 7],34,-1,68,-1,65
1,<environment.Job instance at 0x7f97e2f5c820>,34,1,[4 6],35,-1,66,-1,65
1,<environment.Job instance at 0x7f97e2f5c230>,35,3,[10  5],36,-1,68,-1,65
1,<environment.Job instance at 0x7f97e2f5c140>,36,16,[13  1],37,-1,81,-1,65
1,<environment.Job instance at 0x7f97e2f5c190>,39,3,[6 2],40,-1,92,-1,89
1,<environment.Job instance at 0x7f97e2f5cb90>,41,1,[6 3],42,-1,93,-1,92
1,<environment.Job instance at 0x7f97e2f5c5a0>,43,3,[10  4],44,-1,99,-1,96
1,<environment.Job instance at 0x7f97e2f5c4b0>,44,1,[4 8],45,-1,97,-1,96
1,<environment.Job instance at 0x7f97e2f5c4b0>,3,17,[13  5],4,-1,21,-1,4
1,<environment.Job instance at 0x7f97e32bf4b0>,15,2,[ 3 11],16,-1,54,-1,52
1,<environment.Job instance at 0x7f97e32bf0a0>,17,1,[10  3],18,-1,68,-1,67
1,<environment.Job instance at 0x7f97e32bf6e0>,10,1,[2 5],11,-1,68,-1,67
1,<environment.Job instance at 0x7f97e32bf5a0>,25,2,[9 1],26,-1,84,-1,82
1,<environment.Job instance at 0x7f97e32bfd70>,29,2,[1 7],30,-1,100,-1,98
1,<environment.Job instance at 0x7f97e2b2ef50>,30,3,[ 3 12],31,-1,101,-1,98
1,<environment.Job instance at 0x7f97e286f550>,4,1,[5 9],5,-1,6,-1,5
1,<environment.Job instance at 0x7f97e286f190>,9,13,[ 1 11],10,-1,23,-1,10
1,<environment.Job instance at 0x7f97e3896cd0>,10,25,[5 5],11,-1,37,-1,12
1,<environment.Job instance at 0x7f97e3896dc0>,12,1,[1 7],13,-1,14,-1,13
1,<environment.Job instance at 0x7f97e38965a0>,13,3,[ 4 11],14,-1,17,-1,14
1,<environment.Job instance at 0x7f97e3896690>,14,2,[7 5],15,-1,17,-1,15
1,<environment.Job instance at 0x7f97e3896280>,17,1,[10  1],18,-1,19,-1,18
1,<environment.Job instance at 0x7f97e3896640>,18,3,[2 6],19,-1,22,-1,19
1,<environment.Job instance at 0x7f97e3896b40>,24,1,[2 9],25,-1,57,-1,56
1,<environment.Job instance at 0x7f97e3896500>,27,2,[10  2],28,-1,73,-1,71
1,<environment.Job instance at 0x7f97e3896820>,28,16,[14  4],29,-1,87,-1,71
1,<environment.Job instance at 0x7f97e3881230>,33,3,[6 5],34,-1,91,-1,88
1,<environment.Job instance at 0x7f97e2cac280>,7,1,[8 4],8,-1,10,-1,9
1,<environment.Job instance at 0x7f97e2cacf50>,9,2,[3 9],10,-1,12,-1,10
1,<environment.Job instance at 0x7f97e2089960>,23,3,[4 7],24,-1,61,-1,58
1,<environment.Job instance at 0x7f97e2089b90>,24,13,[10  1],25,-1,71,-1,58
1,<environment.Job instance at 0x7f97e2651690>,25,3,[8 5],26,-1,61,-1,58
1,<environment.Job instance at 0x7f97e2651c80>,27,13,[7 1],28,-1,74,-1,61
1,<environment.Job instance at 0x7f97e2651b40>,28,3,[4 7],29,-1,64,-1,61
1,<environment.Job instance at 0x7f97e2651730>,29,3,[4 8],30,-1,64,-1,61
1,<environment.Job instance at 0x7f97e26519b0>,30,12,[3 8],31,-1,73,-1,61
1,<environment.Job instance at 0x7f97e2651050>,31,18,[7 1],32,-1,79,-1,61
1,<environment.Job instance at 0x7f97e2651780>,33,15,[ 2 12],34,-1,76,-1,61
1,<environment.Job instance at 0x7f97e26510f0>,34,2,[10  2],35,-1,63,-1,61
1,<environment.Job instance at 0x7f97e2651f00>,35,16,[3 5],36,-1,77,-1,61
1,<environment.Job instance at 0x7f97e2651640>,36,14,[6 2],37,-1,75,-1,61
1,<environment.Job instance at 0x7f97e2651140>,37,2,[9 2],38,-1,63,-1,61
1,<environment.Job instance at 0x7f97e2651410>,38,2,[13  1],39,-1,63,-1,61
1,<environment.Job instance at 0x7f97e26515a0>,39,14,[7 3],40,-1,75,-1,61
1,<environment.Job instance at 0x7f97e2651e60>,40,14,[8 2],41,-1,75,-1,61
1,<environment.Job instance at 0x7f97e2651c30>,41,26,[7 2],42,-1,87,-1,61
1,<environment.Job instance at 0x7f97e2651960>,42,17,[1 5],43,-1,78,-1,61
1,<environment.Job instance at 0x7f97e2651eb0>,43,3,[8 2],44,-1,64,-1,61
1,<environment.Job instance at 0x7f97e24e9730>,6,13,[ 5 11],7,-1,20,-1,7
1,<environment.Job instance at 0x7f97e24e9190>,7,1,[7 5],8,-1,20,-1,19
1,<environment.Job instance at 0x7f97e26ec050>,8,17,[13  5],9,-1,26,-1,9
1,<environment.Job instance at 0x7f97e26d2a50>,29,23,[5 7],30,-1,113,-1,90
1,<environment.Job instance at 0x7f97e26d26e0>,31,13,[1 7],32,-1,104,-1,91
1,<environment.Job instance at 0x7f97e26d2fa0>,32,2,[5 3],33,-1,93,-1,91
1,<environment.Job instance at 0x7f97e2718d70>,33,25,[ 1 10],34,-1,116,-1,91
1,<environment.Job instance at 0x7f97e32bdf50>,5,15,[12  5],6,-1,21,-1,6
1,<environment.Job instance at 0x7f97e28d1050>,11,3,[9 2],12,-1,18,-1,15
1,<environment.Job instance at 0x7f97e28dc280>,12,1,[5 5],13,-1,16,-1,15
1,<environment.Job instance at 0x7f97e28dc3c0>,14,3,[10  5],15,-1,27,-1,24
1,<environment.Job instance at 0x7f97e28dc500>,15,3,[6 3],16,-1,27,-1,24
1,<environment.Job instance at 0x7f97e28dc2d0>,16,2,[6 5],17,-1,26,-1,24
1,<environment.Job instance at 0x7f97e28dc5f0>,17,2,[9 5],18,-1,26,-1,24
1,<environment.Job instance at 0x7f97e28dc730>,19,1,[1 5],20,-1,34,-1,33
1,<environment.Job instance at 0x7f97e28dc7d0>,20,1,[10  3],21,-1,34,-1,33
1,<environment.Job instance at 0x7f97e28dc9b0>,23,2,[2 7],24,-1,58,-1,56
1,<environment.Job instance at 0x7f97e28dcaa0>,24,1,[1 7],25,-1,57,-1,56
1,<environment.Job instance at 0x7f97e28dca00>,25,3,[3 6],26,-1,59,-1,56
1,<environment.Job instance at 0x7f97e28dccd0>,28,2,[7 3],29,-1,71,-1,69
1,<environment.Job instance at 0x7f97e28dceb0>,31,3,[5 2],32,-1,84,-1,81
1,<environment.Job instance at 0x7f97e28dc960>,33,18,[ 5 13],34,-1,103,-1,85
1,<environment.Job instance at 0x7f97e28c00a0>,35,1,[3 8],36,-1,99,-1,98
1,<environment.Job instance at 0x7f97e28c02d0>,37,2,[7 1],38,-1,100,-1,98
1,<environment.Job instance at 0x7f97e28c0370>,38,2,[5 5],39,-1,100,-1,98
1,<environment.Job instance at 0x7f0762fad320>,1,15,[ 1 14],2,-1,17,-1,2
1,<environment.Job instance at 0x7f0759835af0>,10,1,[7 3],11,-1,19,-1,18
1,<environment.Job instance at 0x7f0759835b90>,11,2,[3 9],12,-1,20,-1,18
1,<environment.Job instance at 0x7f0759835c30>,12,3,[6 3],13,-1,21,-1,18
1,<environment.Job instance at 0x7f0759835e10>,15,3,[10  2],16,-1,33,-1,30
1,<environment.Job instance at 0x7f0759835f50>,17,3,[10  3],18,-1,33,-1,30
1,<environment.Job instance at 0x7f0759835aa0>,19,17,[12  3],20,-1,63,-1,46
1,<environment.Job instance at 0x7f07598370a0>,20,1,[3 7],21,-1,47,-1,46
1,<environment.Job instance at 0x7f07598370f0>,21,3,[ 2 10],22,-1,49,-1,46
1,<environment.Job instance at 0x7f0759837280>,22,2,[12  3],23,-1,48,-1,46
1,<environment.Job instance at 0x7f07598373c0>,24,3,[5 9],25,-1,51,-1,48
1,<environment.Job instance at 0x7f0759837460>,25,3,[1 6],26,-1,51,-1,48
1,<environment.Job instance at 0x7f0759837500>,26,22,[2 9],27,-1,78,-1,56
1,<environment.Job instance at 0x7f07598375a0>,27,2,[6 4],28,-1,58,-1,56
1,<environment.Job instance at 0x7f0759837640>,28,2,[5 9],29,-1,58,-1,56
1,<environment.Job instance at 0x7f07598376e0>,29,13,[1 6],30,-1,69,-1,56
1,<environment.Job instance at 0x7f0759837960>,30,1,[5 5],31,-1,57,-1,56
1,<environment.Job instance at 0x7f07598379b0>,33,2,[5 3],34,-1,67,-1,65
1,<environment.Job instance at 0x7f0759837aa0>,34,3,[9 5],35,-1,68,-1,65
1,<environment.Job instance at 0x7f0759837be0>,36,2,[5 1],37,-1,83,-1,81
1,<environment.Job instance at 0x7f0759837e60>,40,1,[1 8],41,-1,100,-1,99
1,<environment.Job instance at 0x7f075983b050>,43,28,[6 4],44,-1,137,-1,109
1,<environment.Job instance at 0x7f075983b0a0>,44,17,[ 5 12],45,-1,126,-1,109
1,<environment.Job instance at 0x7f0759cfcfa0>,3,3,[1 6],4,-1,8,-1,5
1,<environment.Job instance at 0x7f07599202d0>,10,2,[5 6],11,-1,13,-1,11
1,<environment.Job instance at 0x7f0759920460>,11,18,[11  5],12,-1,39,-1,21
1,<environment.Job instance at 0x7f0759920af0>,16,2,[9 1],17,-1,38,-1,36
1,<environment.Job instance at 0x7f0759920140>,17,3,[1 8],18,-1,39,-1,36
1,<environment.Job instance at 0x7f0758f7be60>,21,2,[9 3],22,-1,64,-1,62
1,<environment.Job instance at 0x7f0759920410>,22,3,[8 5],23,-1,65,-1,62
1,<environment.Job instance at 0x7f07599200f0>,23,3,[2 9],24,-1,66,-1,63
1,<environment.Job instance at 0x7f07592db690>,25,15,[ 3 14],26,-1,85,-1,70
1,<environment.Job instance at 0x7f0758f24f50>,7,1,[7 2],8,-1,10,-1,9
1,<environment.Job instance at 0x7f0758f242d0>,11,13,[3 6],12,-1,52,-1,39
1,<environment.Job instance at 0x7f0758f23e10>,17,3,[4 9],18,-1,47,-1,44
1,<environment.Job instance at 0x7f0758f23f00>,20,28,[7 3],21,-1,85,-1,57
1,<environment.Job instance at 0x7f0758f23af0>,22,3,[3 9],23,-1,63,-1,60
1,<environment.Job instance at 0x7f0758f23a00>,25,3,[6 4],26,-1,78,-1,75
1,<environment.Job instance at 0x7f0758ed5b40>,31,3,[1 8],32,-1,108,-1,105
1,<environment.Job instance at 0x7f0759154d20>,10,18,[11  4],11,-1,33,-1,15
1,<environment.Job instance at 0x7f0758ef8d70>,13,1,[2 8],14,-1,16,-1,15
1,<environment.Job instance at 0x7f075924ce60>,19,1,[4 6],20,-1,44,-1,43
1,<environment.Job instance at 0x7f075924c410>,20,1,[2 5],21,-1,44,-1,43
1,<environment.Job instance at 0x7f07593240a0>,23,1,[2 8],24,-1,54,-1,53
1,<environment.Job instance at 0x7f075945ceb0>,30,1,[5 1],31,-1,105,-1,104
1,<environment.Job instance at 0x7f07594b3190>,31,25,[10  4],32,-1,129,-1,104
1,<environment.Job instance at 0x7f07594b3eb0>,32,2,[1 5],33,-1,106,-1,104
1,<environment.Job instance at 0x7f0759c30fa0>,4,14,[ 3 14],5,-1,19,-1,5
1,<environment.Job instance at 0x7f075920a140>,14,15,[ 1 10],15,-1,63,-1,48
1,<environment.Job instance at 0x7f0759ca7aa0>,24,25,[1 7],25,-1,73,-1,48
1,<environment.Job instance at 0x7f0759ca79b0>,22,27,[5 5],23,-1,75,-1,48
1,<environment.Job instance at 0x7f0759ca7e60>,25,1,[3 6],26,-1,49,-1,48
1,<environment.Job instance at 0x7f0759c75870>,28,2,[7 3],29,-1,55,-1,53
1,<environment.Job instance at 0x7f0758dec6e0>,30,2,[6 5],31,-1,60,-1,58
1,<environment.Job instance at 0x7f0759c34c30>,36,27,[5 8],37,-1,130,-1,103
1,<environment.Job instance at 0x7f0759f19dc0>,39,1,[ 4 10],40,-1,104,-1,103
1,<environment.Job instance at 0x7f0759623cd0>,40,1,[10  3],41,-1,104,-1,103
1,<environment.Job instance at 0x7f0758e20370>,41,24,[4 8],42,-1,127,-1,103
1,<environment.Job instance at 0x7f0758e200a0>,42,3,[1 7],43,-1,106,-1,103
1,<environment.Job instance at 0x7f0758e20a00>,43,3,[9 4],44,-1,106,-1,103
1,<environment.Job instance at 0x7f0758e20730>,44,2,[4 8],45,-1,105,-1,103
1,<environment.Job instance at 0x7f075956afa0>,5,12,[ 3 13],6,-1,18,-1,6
1,<environment.Job instance at 0x7f0758e20f00>,16,2,[ 3 10],17,-1,30,-1,28
1,<environment.Job instance at 0x7f0758e20230>,17,3,[5 1],18,-1,31,-1,28
1,<environment.Job instance at 0x7f0758e20910>,18,2,[5 4],19,-1,30,-1,28
1,<environment.Job instance at 0x7f07594acdc0>,20,1,[5 1],21,-1,35,-1,34
1,<environment.Job instance at 0x7f07594ac550>,21,17,[14  3],22,-1,51,-1,34
1,<environment.Job instance at 0x7f07594ac0f0>,22,2,[5 5],23,-1,36,-1,34
1,<environment.Job instance at 0x7f07594acaa0>,23,1,[7 1],24,-1,35,-1,34
1,<environment.Job instance at 0x7f0758e54a00>,24,15,[ 2 13],25,-1,49,-1,34
1,<environment.Job instance at 0x7f0758e54960>,26,17,[ 1 10],27,-1,62,-1,45
1,<environment.Job instance at 0x7f0758e54dc0>,27,3,[12  4],28,-1,48,-1,45
1,<environment.Job instance at 0x7f0758e54e10>,29,28,[1 8],30,-1,77,-1,49
1,<environment.Job instance at 0x7f0758e54af0>,32,3,[1 9],33,-1,64,-1,61
1,<environment.Job instance at 0x7f0758e547d0>,33,2,[6 5],34,-1,63,-1,61
1,<environment.Job instance at 0x7f0758e54230>,34,1,[7 3],35,-1,62,-1,61
1,<environment.Job instance at 0x7f0758e54910>,35,3,[7 2],36,-1,64,-1,61
1,<environment.Job instance at 0x7f0758e53320>,38,18,[13  3],39,-1,96,-1,78
1,<environment.Job instance at 0x7f0758e53e60>,39,3,[4 9],40,-1,81,-1,78
1,<environment.Job instance at 0x7f0758e53910>,43,3,[1 8],44,-1,96,-1,93
1,<environment.Job instance at 0x7f0758e53be0>,44,3,[5 2],45,-1,96,-1,93
1,<environment.Job instance at 0x7f0758e53190>,45,24,[8 3],46,-1,117,-1,93
1,<environment.Job instance at 0x7f0758e53f50>,46,1,[4 7],47,-1,94,-1,93
1,<environment.Job instance at 0x7f0758e53550>,47,1,[7 4],48,-1,94,-1,93
1,<environment.Job instance at 0x7f07592b2280>,15,3,[1 9],16,-1,40,-1,37
1,<environment.Job instance at 0x7f07592b2cd0>,17,13,[ 4 10],18,-1,65,-1,52
1,<environment.Job instance at 0x7f07592b2e60>,19,2,[9 1],20,-1,54,-1,52
1,<environment.Job instance at 0x7f07592b2230>,22,3,[1 9],23,-1,67,-1,64
1,<environment.Job instance at 0x7f07592b20a0>,23,13,[5 1],24,-1,77,-1,64
1,<environment.Job instance at 0x7f07592b2d20>,24,3,[ 2 12],25,-1,67,-1,64
1,<environment.Job instance at 0x7f07592b2dc0>,25,2,[3 5],26,-1,66,-1,64
1,<environment.Job instance at 0x7f07592b21e0>,26,12,[1 5],27,-1,76,-1,64
1,<environment.Job instance at 0x7f07592b22d0>,27,2,[8 4],28,-1,66,-1,64
1,<environment.Job instance at 0x7f07592b2140>,28,14,[9 1],29,-1,78,-1,64
1,<environment.Job instance at 0x7f07592b2d70>,29,17,[1 9],30,-1,81,-1,64
1,<environment.Job instance at 0x7f075a3239b0>,30,1,[9 4],31,-1,65,-1,64
1,<environment.Job instance at 0x7f075a323c80>,31,2,[ 3 14],32,-1,66,-1,64
1,<environment.Job instance at 0x7f075a323e60>,33,3,[10  3],34,-1,72,-1,69
1,<environment.Job instance at 0x7f075a323e10>,34,3,[3 6],35,-1,72,-1,69
1,<environment.Job instance at 0x7f075a3237d0>,35,1,[8 4],36,-1,70,-1,69
1,<environment.Job instance at 0x7f075a323190>,36,13,[12  4],37,-1,82,-1,69
1,<environment.Job instance at 0x7f075a323230>,37,27,[9 3],38,-1,96,-1,69
1,<environment.Job instance at 0x7f075a323910>,39,18,[ 5 10],40,-1,106,-1,88
1,<environment.Job instance at 0x7f075a323500>,42,1,[6 3],43,-1,89,-1,88
1,<environment.Job instance at 0x7f075a323be0>,44,17,[5 1],45,-1,117,-1,100
1,<environment.Job instance at 0x7f075a323dc0>,46,12,[ 2 11],47,-1,112,-1,100
1,<environment.Job instance at 0x7f075a323a50>,47,12,[7 2],48,-1,112,-1,100
1,<environment.Job instance at 0x7f075a323320>,48,24,[4 7],49,-1,124,-1,100
1,<environment.Job instance at 0x7f0758f74140>,6,1,[5 1],7,-1,8,-1,7
1,<environment.Job instance at 0x7f07592364b0>,24,3,[ 3 10],25,-1,51,-1,48
1,<environment.Job instance at 0x7f0758f5b370>,25,1,[7 3],26,-1,49,-1,48
1,<environment.Job instance at 0x7f075910e910>,26,3,[5 4],27,-1,51,-1,48
1,<environment.Job instance at 0x7f075910ef50>,27,2,[7 2],28,-1,50,-1,48
1,<environment.Job instance at 0x7f07592229b0>,28,12,[ 4 10],29,-1,60,-1,48
1,<environment.Job instance at 0x7f0759222500>,29,1,[5 7],30,-1,49,-1,48
1,<environment.Job instance at 0x7f0759222640>,30,14,[ 2 10],31,-1,66,-1,52
1,<environment.Job instance at 0x7f0759222dc0>,31,3,[3 9],32,-1,55,-1,52
1,<environment.Job instance at 0x7f07590f6d70>,32,16,[ 3 10],33,-1,70,-1,54
1,<environment.Job instance at 0x7f0759e81960>,7,2,[6 3],8,-1,10,-1,8
1,<environment.Job instance at 0x7f0759e81320>,8,2,[2 8],9,-1,12,-1,10
1,<environment.Job instance at 0x7f075a295730>,10,2,[5 4],11,-1,13,-1,11
1,<environment.Job instance at 0x7f075a295780>,11,2,[3 8],12,-1,14,-1,12
1,<environment.Job instance at 0x7f075a295eb0>,12,1,[6 3],13,-1,14,-1,13
1,<environment.Job instance at 0x7f075a2950f0>,13,2,[14  3],14,-1,16,-1,14
1,<environment.Job instance at 0x7f075a295f50>,14,1,[14  5],15,-1,16,-1,15
1,<environment.Job instance at 0x7f075a2958c0>,15,2,[ 2 10],16,-1,18,-1,16
1,<environment.Job instance at 0x7f075a295410>,16,2,[7 1],17,-1,19,-1,17
1,<environment.Job instance at 0x7f075a2954b0>,19,1,[1 8],20,-1,23,-1,22
1,<environment.Job instance at 0x7f075a295c30>,20,1,[8 1],21,-1,23,-1,22
1,<environment.Job instance at 0x7f075a295870>,26,3,[5 8],27,-1,43,-1,40
1,<environment.Job instance at 0x7f0759537aa0>,28,3,[6 1],29,-1,56,-1,53
1,<environment.Job instance at 0x7f0759537f50>,29,3,[8 2],30,-1,56,-1,53
1,<environment.Job instance at 0x7f0759537cd0>,30,2,[ 2 12],31,-1,55,-1,53
1,<environment.Job instance at 0x7f0759537870>,31,21,[4 9],32,-1,110,-1,89
1,<environment.Job instance at 0x7f07595375f0>,3,2,[ 4 10],4,-1,6,-1,4
1,<environment.Job instance at 0x7f07598ef280>,12,1,[9 5],13,-1,16,-1,15
1,<environment.Job instance at 0x7f07598ef370>,15,3,[9 2],16,-1,19,-1,16
1,<environment.Job instance at 0x7f07598ef8c0>,17,2,[ 5 13],18,-1,20,-1,18
1,<environment.Job instance at 0x7f0759911280>,22,12,[10  4],23,-1,53,-1,41
1,<environment.Job instance at 0x7f07599110a0>,23,2,[5 1],24,-1,43,-1,41
1,<environment.Job instance at 0x7f0759911af0>,24,13,[ 5 10],25,-1,54,-1,41
1,<environment.Job instance at 0x7f0759919280>,25,15,[8 1],26,-1,56,-1,41
1,<environment.Job instance at 0x7f075940fb90>,26,3,[5 1],27,-1,44,-1,41
1,<environment.Job instance at 0x7f07599191e0>,27,1,[2 6],28,-1,42,-1,41
1,<environment.Job instance at 0x7f075a444690>,32,2,[1 7],33,-1,74,-1,72
1,<environment.Job instance at 0x7f07591c0280>,3,2,[13  2],4,-1,7,-1,5
1,<environment.Job instance at 0x7f07591c0d70>,8,3,[ 1 10],9,-1,15,-1,12
1,<environment.Job instance at 0x7f07596c70f0>,11,3,[1 8],12,-1,21,-1,18
1,<environment.Job instance at 0x7f07596c7c80>,13,3,[3 8],14,-1,22,-1,19
1,<environment.Job instance at 0x7f07596c7640>,18,2,[6 3],19,-1,38,-1,36
1,<environment.Job instance at 0x7f07596c7780>,19,2,[1 9],20,-1,38,-1,36
1,<environment.Job instance at 0x7f07596c7b40>,22,1,[5 9],23,-1,53,-1,52
1,<environment.Job instance at 0x7f07596c75f0>,23,1,[2 6],24,-1,53,-1,52
1,<environment.Job instance at 0x7f07596c7550>,27,24,[5 9],28,-1,102,-1,78
1,<environment.Job instance at 0x7f07596c77d0>,29,3,[1 7],30,-1,81,-1,78
1,<environment.Job instance at 0x7f0759b3faa0>,30,2,[1 6],31,-1,80,-1,78
1,<environment.Job instance at 0x7f0759b3fe10>,31,28,[3 6],32,-1,106,-1,78
1,<environment.Job instance at 0x7f0759b3f550>,32,14,[ 4 10],33,-1,92,-1,78
1,<environment.Job instance at 0x7f0759b3f0f0>,33,2,[2 7],34,-1,80,-1,78
1,<environment.Job instance at 0x7f0759b3f280>,34,3,[10  5],35,-1,81,-1,78
1,<environment.Job instance at 0x7f0759b3f0a0>,38,2,[4 6],39,-1,105,-1,103
1,<environment.Job instance at 0x7f0759b3f690>,39,26,[2 6],40,-1,129,-1,103
1,<environment.Job instance at 0x7f0758be1c80>,17,3,[8 1],18,-1,33,-1,30
1,<environment.Job instance at 0x7f0758be1870>,18,3,[10  4],19,-1,33,-1,30
1,<environment.Job instance at 0x7f0758c36c80>,24,1,[5 5],25,-1,60,-1,59
1,<environment.Job instance at 0x7f0758c36fa0>,28,21,[5 1],29,-1,116,-1,95
1,<environment.Job instance at 0x7f0759626af0>,9,13,[ 4 14],10,-1,23,-1,10
1,<environment.Job instance at 0x7f0759d91140>,21,1,[6 3],22,-1,36,-1,35
1,<environment.Job instance at 0x7f07596e3370>,23,3,[10  4],24,-1,52,-1,49
1,<environment.Job instance at 0x7f07596e3c80>,24,1,[4 8],25,-1,50,-1,49
1,<environment.Job instance at 0x7f07596e3780>,26,27,[2 9],27,-1,76,-1,49
1,<environment.Job instance at 0x7f07596e35a0>,31,1,[10  1],32,-1,82,-1,81
1,<environment.Job instance at 0x7f07596e3cd0>,35,3,[ 1 13],36,-1,100,-1,97
1,<environment.Job instance at 0x7f07596e3690>,36,2,[14  2],37,-1,99,-1,97
1,<environment.Job instance at 0x7f07596e3aa0>,37,15,[ 5 12],38,-1,112,-1,97
1,<environment.Job instance at 0x7f07596e3870>,39,2,[10  2],40,-1,106,-1,104
1,<environment.Job instance at 0x7f07596e3be0>,40,2,[14  4],41,-1,106,-1,104
1,<environment.Job instance at 0x7f07596e39b0>,41,27,[8 5],42,-1,131,-1,104
1,<environment.Job instance at 0x7f07596e3640>,42,2,[10  3],43,-1,106,-1,104
1,<environment.Job instance at 0x7f07596e3b40>,43,1,[1 7],44,-1,105,-1,104
1,<environment.Job instance at 0x7f075a3c7910>,44,16,[11  4],45,-1,120,-1,104
1,<environment.Job instance at 0x7f075a388b90>,5,1,[4 9],6,-1,8,-1,7
1,<environment.Job instance at 0x7f0759d56a00>,7,2,[9 4],8,-1,10,-1,8
1,<environment.Job instance at 0x7f0759907370>,8,12,[10  3],9,-1,21,-1,9
1,<environment.Job instance at 0x7f07599075f0>,9,13,[10  4],10,-1,23,-1,10
1,<environment.Job instance at 0x7f07599072d0>,10,20,[ 4 10],11,-1,31,-1,11
1,<environment.Job instance at 0x7f0759c54820>,11,1,[ 3 10],12,-1,13,-1,12
1,<environment.Job instance at 0x7f0759a4a7d0>,13,14,[ 4 10],14,-1,28,-1,14
1,<environment.Job instance at 0x7f0759759730>,14,2,[1 9],15,-1,17,-1,15
1,<environment.Job instance at 0x7f0759759dc0>,17,24,[4 8],18,-1,43,-1,19
1,<environment.Job instance at 0x7f0759759f00>,18,3,[9 5],19,-1,22,-1,19
1,<environment.Job instance at 0x7f0759759550>,19,3,[5 4],20,-1,23,-1,20
1,<environment.Job instance at 0x7f0759759230>,20,2,[3 5],21,-1,23,-1,21
1,<environment.Job instance at 0x7f07597598c0>,22,2,[1 9],23,-1,25,-1,23
1,<environment.Job instance at 0x7f0759759050>,23,1,[3 7],24,-1,25,-1,24
1,<environment.Job instance at 0x7f075a439140>,24,3,[8 5],25,-1,28,-1,25
1,<environment.Job instance at 0x7f075a439690>,25,2,[9 5],26,-1,28,-1,26
1,<environment.Job instance at 0x7f0759709690>,43,1,[11  3],44,-1,103,-1,102
1,<environment.Job instance at 0x7f0759709b40>,44,14,[ 5 10],45,-1,116,-1,102
1,<environment.Job instance at 0x7f0759709f00>,45,28,[ 4 12],46,-1,130,-1,102
1,<environment.Job instance at 0x7f075a3257d0>,4,3,[13  1],5,-1,8,-1,5
1,<environment.Job instance at 0x7f075a325a50>,15,25,[4 5],16,-1,49,-1,24
1,<environment.Job instance at 0x7f075a325410>,8,3,[1 7],9,-1,27,-1,24
1,<environment.Job instance at 0x7f075942a8c0>,17,3,[2 7],18,-1,27,-1,24
1,<environment.Job instance at 0x7f075942a5f0>,18,1,[ 4 14],19,-1,25,-1,24
1,<environment.Job instance at 0x7f075942ae10>,19,1,[5 6],20,-1,25,-1,24
1,<environment.Job instance at 0x7f0758b36500>,34,1,[12  5],35,-1,72,-1,71
1,<environment.Job instance at 0x7f0758b361e0>,35,3,[3 9],36,-1,74,-1,71
1,<environment.Job instance at 0x7f0758b36910>,37,26,[ 3 10],38,-1,97,-1,71
1,<environment.Job instance at 0x7f0758b362d0>,40,2,[5 4],41,-1,85,-1,83
1,<environment.Job instance at 0x7f0758b36f50>,41,3,[12  2],42,-1,86,-1,83
1,<environment.Job instance at 0x7f07590f8500>,42,1,[2 6],43,-1,84,-1,83
1,<environment.Job instance at 0x7f07590f85f0>,43,3,[6 1],44,-1,86,-1,83
1,<environment.Job instance at 0x7f07590f8c30>,44,1,[7 3],45,-1,84,-1,83
1,<environment.Job instance at 0x7f07590f8690>,45,3,[8 1],46,-1,86,-1,83
1,<environment.Job instance at 0x7f07590f83c0>,46,2,[5 9],47,-1,85,-1,83
1,<environment.Job instance at 0x7f07590f8aa0>,47,2,[5 8],48,-1,85,-1,83
1,<environment.Job instance at 0x7f07590f8b40>,48,3,[6 2],49,-1,86,-1,83
1,<environment.Job instance at 0x7f07590f8190>,49,2,[10  1],50,-1,85,-1,83
1,<environment.Job instance at 0x7f07590f8910>,52,1,[7 4],53,-1,101,-1,100
1,<environment.Job instance at 0x7f0758ce2c80>,54,3,[14  3],55,-1,103,-1,100
1,<environment.Job instance at 0x7f07595ad8c0>,3,3,[ 1 14],4,-1,7,-1,4
1,<environment.Job instance at 0x7f07595ad550>,5,3,[8 5],6,-1,9,-1,6
1,<environment.Job instance at 0x7f0758e12d70>,6,1,[ 3 13],7,-1,8,-1,7
1,<environment.Job instance at 0x7f0758e12050>,7,22,[2 9],8,-1,39,-1,17
1,<environment.Job instance at 0x7f0759c8ca00>,19,1,[9 3],20,-1,28,-1,27
1,<environment.Job instance at 0x7f0759c8c730>,27,12,[ 2 12],28,-1,81,-1,69
1,<environment.Job instance at 0x7f0759c8ce60>,28,14,[13  4],29,-1,83,-1,69
1,<environment.Job instance at 0x7f0759c8cc30>,29,20,[ 3 11],30,-1,89,-1,69
1,<environment.Job instance at 0x7f0759c8c500>,30,1,[1 9],31,-1,70,-1,69
1,<environment.Job instance at 0x7f075914da50>,32,1,[1 5],33,-1,86,-1,85
1,<environment.Job instance at 0x7f075914d730>,34,2,[3 6],35,-1,87,-1,85
1,<environment.Job instance at 0x7f075914d280>,36,1,[7 4],37,-1,101,-1,100
1,<environment.Job instance at 0x7f0759bad500>,3,26,[10  4],4,-1,30,-1,4
1,<environment.Job instance at 0x7f0759ad1780>,8,2,[3 8],9,-1,11,-1,9
1,<environment.Job instance at 0x7f0759ad1e10>,12,1,[3 6],13,-1,30,-1,29
1,<environment.Job instance at 0x7f0759ad1910>,13,2,[5 5],14,-1,31,-1,29
1,<environment.Job instance at 0x7f0759ad19b0>,14,13,[ 5 11],15,-1,42,-1,29
1,<environment.Job instance at 0x7f0759ad1fa0>,17,28,[7 2],18,-1,71,-1,43
1,<environment.Job instance at 0x7f0759ba6370>,19,27,[ 3 10],20,-1,70,-1,43
1,<environment.Job instance at 0x7f0759ba64b0>,21,1,[7 2],22,-1,44,-1,43
1,<environment.Job instance at 0x7f0759ba6550>,22,26,[9 1],23,-1,69,-1,43
1,<environment.Job instance at 0x7f0759ba65f0>,23,2,[4 9],24,-1,45,-1,43
1,<environment.Job instance at 0x7f0759ba6960>,30,3,[8 5],31,-1,89,-1,86
1,<environment.Job instance at 0x7f0759ba6be0>,32,2,[4 9],33,-1,96,-1,94
1,<environment.Job instance at 0x7f0759ba6d20>,34,2,[3 8],35,-1,96,-1,94
1,<environment.Job instance at 0x7f0759ba6dc0>,35,3,[ 1 10],36,-1,97,-1,94
1,<environment.Job instance at 0x7f0759ba6f00>,37,27,[9 4],38,-1,130,-1,103
1,<environment.Job instance at 0x7f0759589690>,14,3,[ 1 12],15,-1,23,-1,20
1,<environment.Job instance at 0x7f0759589280>,15,3,[ 1 10],16,-1,23,-1,20
1,<environment.Job instance at 0x7f0758e75c30>,20,25,[6 2],21,-1,61,-1,36
1,<environment.Job instance at 0x7f0758e75d70>,22,3,[14  1],23,-1,40,-1,37
1,<environment.Job instance at 0x7f0758e67e60>,23,1,[ 4 12],24,-1,38,-1,37
1,<environment.Job instance at 0x7f0759bb70f0>,25,1,[3 5],26,-1,47,-1,46
1,<environment.Job instance at 0x7f0758e8bf50>,31,18,[14  2],32,-1,94,-1,76
1,<environment.Job instance at 0x7f0758e8b7d0>,35,15,[12  5],36,-1,94,-1,79
1,<environment.Job instance at 0x7f0758f03230>,38,20,[ 4 13],39,-1,117,-1,97
1,<environment.Job instance at 0x7f0758f036e0>,39,12,[10  1],40,-1,109,-1,97
1,<environment.Job instance at 0x7f0758f03460>,41,3,[9 2],42,-1,100,-1,97
1,<environment.Job instance at 0x7f0758f03780>,42,1,[5 5],43,-1,98,-1,97
1,<environment.Job instance at 0x7f0758e8f050>,44,3,[10  5],45,-1,109,-1,106
1,<environment.Job instance at 0x7f0758e8f960>,45,3,[6 3],46,-1,109,-1,106
1,<environment.Job instance at 0x7f0758e8fd20>,46,2,[6 5],47,-1,108,-1,106
1,<environment.Job instance at 0x7f0758e8f3c0>,47,2,[9 5],48,-1,108,-1,106
1,<environment.Job instance at 0x7f0758e8fd70>,49,1,[1 5],50,-1,110,-1,109
1,<environment.Job instance at 0x7f0758e8f500>,50,1,[10  3],51,-1,110,-1,109
1,<environment.Job instance at 0x7f0759c77aa0>,2,18,[ 3 13],3,-1,21,-1,3
1,<environment.Job instance at 0x7f0759978870>,17,1,[1 9],18,-1,35,-1,34
1,<environment.Job instance at 0x7f0759978410>,18,3,[7 1],19,-1,37,-1,34
1,<environment.Job instance at 0x7f0759978190>,19,2,[10  5],20,-1,36,-1,34
1,<environment.Job instance at 0x7f0759978eb0>,20,1,[5 8],21,-1,35,-1,34
1,<environment.Job instance at 0x7f0759978690>,22,26,[9 3],23,-1,60,-1,34
1,<environment.Job instance at 0x7f0758e41fa0>,24,3,[5 3],25,-1,42,-1,39
1,<environment.Job instance at 0x7f0758e41960>,26,3,[12  4],27,-1,57,-1,54
1,<environment.Job instance at 0x7f0758e41a00>,34,2,[ 4 10],35,-1,75,-1,73
1,<environment.Job instance at 0x7f0758e41c80>,36,15,[ 1 11],37,-1,100,-1,85
1,<environment.Job instance at 0x7f075a37a1e0>,14,1,[8 2],15,-1,25,-1,24
1,<environment.Job instance at 0x7f075a37a190>,18,3,[ 2 10],19,-1,44,-1,41
1,<environment.Job instance at 0x7f075a3476e0>,19,1,[8 3],20,-1,42,-1,41
1,<environment.Job instance at 0x7f075a347e10>,20,3,[8 1],21,-1,44,-1,41
1,<environment.Job instance at 0x7f0759e5d5f0>,24,1,[10  2],25,-1,56,-1,55
1,<environment.Job instance at 0x7f075a25b690>,25,27,[1 5],26,-1,82,-1,55
1,<environment.Job instance at 0x7f0759e080a0>,34,3,[5 1],35,-1,95,-1,92
1,<environment.Job instance at 0x7f283d1c3320>,1,15,[ 1 14],2,-1,17,-1,2
1,<environment.Job instance at 0x7f2833a4baf0>,10,1,[7 3],11,-1,19,-1,18
1,<environment.Job instance at 0x7f2833a4bb90>,11,2,[3 9],12,-1,20,-1,18
1,<environment.Job instance at 0x7f2833a4bc30>,12,3,[6 3],13,-1,21,-1,18
1,<environment.Job instance at 0x7f2833a4be10>,15,3,[10  2],16,-1,32,-1,29
1,<environment.Job instance at 0x7f2833a4bf50>,17,3,[10  3],18,-1,33,-1,30
1,<environment.Job instance at 0x7f2833a4b9b0>,19,17,[12  3],20,-1,62,-1,45
1,<environment.Job instance at 0x7f2833a4d0a0>,20,1,[3 7],21,-1,46,-1,45
1,<environment.Job instance at 0x7f2833a4d1e0>,21,3,[ 2 10],22,-1,48,-1,45
1,<environment.Job instance at 0x7f2833a4d280>,22,2,[12  3],23,-1,47,-1,45
1,<environment.Job instance at 0x7f2833a4d3c0>,24,3,[5 9],25,-1,50,-1,47
1,<environment.Job instance at 0x7f2833a4d460>,25,3,[1 6],26,-1,50,-1,47
1,<environment.Job instance at 0x7f2833a4d500>,26,22,[2 9],27,-1,71,-1,49
1,<environment.Job instance at 0x7f2833a4d5a0>,27,2,[6 4],28,-1,51,-1,49
1,<environment.Job instance at 0x7f2833a4d640>,28,2,[5 9],29,-1,51,-1,49
1,<environment.Job instance at 0x7f2833a4d730>,30,1,[5 5],31,-1,50,-1,49
1,<environment.Job instance at 0x7f2833a4d870>,33,2,[5 3],34,-1,66,-1,64
1,<environment.Job instance at 0x7f2833a4daa0>,34,3,[9 5],35,-1,67,-1,64
1,<environment.Job instance at 0x7f2833a4dbe0>,36,2,[5 1],37,-1,82,-1,80
1,<environment.Job instance at 0x7f2833a4de60>,40,1,[1 8],41,-1,99,-1,98
1,<environment.Job instance at 0x7f2833a51050>,43,28,[6 4],44,-1,136,-1,108
1,<environment.Job instance at 0x7f2833a510a0>,44,17,[ 5 12],45,-1,125,-1,108
1,<environment.Job instance at 0x7f2833a51410>,46,3,[5 4],47,-1,117,-1,114
1,<environment.Job instance at 0x7f2833a51500>,47,1,[2 6],48,-1,115,-1,114
1,<environment.Job instance at 0x7f2833a51500>,2,14,[14  1],3,-1,17,-1,3
1,<environment.Job instance at 0x7f2833ac5050>,6,2,[9 1],7,-1,9,-1,7
1,<environment.Job instance at 0x7f2833f161e0>,11,2,[9 3],12,-1,17,-1,15
1,<environment.Job instance at 0x7f2833ac5a00>,15,15,[ 3 14],16,-1,31,-1,16
1,<environment.Job instance at 0x7f2833197780>,33,1,[5 6],34,-1,95,-1,94
1,<environment.Job instance at 0x7f28331970f0>,34,2,[8 5],35,-1,96,-1,94
1,<environment.Job instance at 0x7f283359b410>,36,2,[8 2],37,-1,101,-1,99
1,<environment.Job instance at 0x7f283313c7d0>,22,2,[14  5],23,-1,58,-1,56
1,<environment.Job instance at 0x7f2833406500>,1,25,[10  4],2,-1,27,-1,2
1,<environment.Job instance at 0x7f283353ce10>,12,2,[6 3],13,-1,15,-1,13
1,<environment.Job instance at 0x7f2833465d20>,13,24,[3 6],14,-1,38,-1,14
1,<environment.Job instance at 0x7f28334657d0>,14,2,[4 8],15,-1,17,-1,15
1,<environment.Job instance at 0x7f283353cbe0>,17,27,[9 5],18,-1,51,-1,24
1,<environment.Job instance at 0x7f283348c190>,21,3,[10  4],22,-1,45,-1,42
1,<environment.Job instance at 0x7f2833176780>,22,2,[6 4],23,-1,44,-1,42
1,<environment.Job instance at 0x7f28331bdcd0>,23,2,[ 3 14],24,-1,44,-1,42
1,<environment.Job instance at 0x7f2833560af0>,24,2,[1 9],25,-1,44,-1,42
1,<environment.Job instance at 0x7f28336cd6e0>,29,1,[10  5],30,-1,74,-1,73
1,<environment.Job instance at 0x7f283363ee60>,31,2,[7 4],32,-1,78,-1,76
1,<environment.Job instance at 0x7f283363ee10>,34,3,[ 3 12],35,-1,102,-1,99
1,<environment.Job instance at 0x7f283363eb40>,35,27,[5 5],36,-1,126,-1,99
1,<environment.Job instance at 0x7f2833693c30>,38,13,[14  4],39,-1,114,-1,101
1,<environment.Job instance at 0x7f28333f8910>,11,1,[11  1],12,-1,14,-1,13
1,<environment.Job instance at 0x7f283341f640>,21,24,[1 9],22,-1,66,-1,42
1,<environment.Job instance at 0x7f283341f500>,22,3,[ 3 10],23,-1,45,-1,42
1,<environment.Job instance at 0x7f2833415eb0>,24,1,[2 5],25,-1,43,-1,42
1,<environment.Job instance at 0x7f28334153c0>,25,2,[9 3],26,-1,44,-1,42
1,<environment.Job instance at 0x7f2833415870>,27,23,[10  4],28,-1,75,-1,52
1,<environment.Job instance at 0x7f2833415b90>,29,3,[3 6],30,-1,59,-1,56
1,<environment.Job instance at 0x7f2833415cd0>,30,3,[7 3],31,-1,59,-1,56
1,<environment.Job instance at 0x7f2833415050>,33,3,[ 5 13],34,-1,72,-1,69
1,<environment.Job instance at 0x7f28333ed370>,36,17,[13  2],37,-1,101,-1,84
1,<environment.Job instance at 0x7f28333ed460>,37,1,[11  4],38,-1,85,-1,84
1,<environment.Job instance at 0x7f28333ed500>,38,1,[5 3],39,-1,85,-1,84
1,<environment.Job instance at 0x7f28337701e0>,42,17,[ 2 12],43,-1,134,-1,117
1,<environment.Job instance at 0x7f2833005500>,43,1,[8 5],44,-1,118,-1,117
1,<environment.Job instance at 0x7f2833c90820>,45,24,[10  2],46,-1,142,-1,118
1,<environment.Job instance at 0x7f2833069a50>,10,1,[9 5],11,-1,12,-1,11
1,<environment.Job instance at 0x7f2833069d70>,11,13,[12  4],12,-1,25,-1,12
1,<environment.Job instance at 0x7f2833069500>,14,24,[4 5],15,-1,40,-1,16
1,<environment.Job instance at 0x7f2833e6b500>,27,1,[3 6],28,-1,59,-1,58
1,<environment.Job instance at 0x7f2833e6b460>,30,3,[10  4],31,-1,74,-1,71
1,<environment.Job instance at 0x7f2833e638c0>,35,3,[9 4],36,-1,88,-1,85
1,<environment.Job instance at 0x7f2833e63500>,36,2,[5 5],37,-1,87,-1,85
1,<environment.Job instance at 0x7f2833e63a50>,37,1,[10  3],38,-1,86,-1,85
1,<environment.Job instance at 0x7f2833e63fa0>,3,14,[ 1 11],4,-1,18,-1,4
1,<environment.Job instance at 0x7f28334627d0>,8,2,[13  3],9,-1,11,-1,9
1,<environment.Job instance at 0x7f2833462e10>,9,1,[5 1],10,-1,11,-1,10
1,<environment.Job instance at 0x7f28344d44b0>,22,17,[ 2 11],23,-1,61,-1,44
1,<environment.Job instance at 0x7f2833831500>,33,3,[8 4],34,-1,101,-1,98
1,<environment.Job instance at 0x7f2833831050>,35,12,[10  1],36,-1,125,-1,113
1,<environment.Job instance at 0x7f2833831fa0>,37,14,[ 4 10],38,-1,129,-1,115
1,<environment.Job instance at 0x7f2833831dc0>,39,1,[ 5 14],40,-1,116,-1,115
1,<environment.Job instance at 0x7f28338310f0>,40,2,[5 1],41,-1,117,-1,115
1,<environment.Job instance at 0x7f28336f49b0>,11,18,[11  2],12,-1,32,-1,14
1,<environment.Job instance at 0x7f28336f4500>,12,12,[ 5 13],13,-1,26,-1,14
1,<environment.Job instance at 0x7f28336f3e60>,13,24,[ 5 11],14,-1,38,-1,14
1,<environment.Job instance at 0x7f28336f3d20>,15,14,[ 1 10],16,-1,40,-1,26
1,<environment.Job instance at 0x7f2833ce6320>,13,23,[7 4],14,-1,38,-1,15
1,<environment.Job instance at 0x7f2833ce6c30>,15,12,[2 8],16,-1,30,-1,18
1,<environment.Job instance at 0x7f283302cb90>,20,2,[5 5],21,-1,44,-1,42
1,<environment.Job instance at 0x7f283302cc30>,23,3,[13  5],24,-1,59,-1,56
1,<environment.Job instance at 0x7f283302ca00>,24,3,[4 5],25,-1,59,-1,56
1,<environment.Job instance at 0x7f283302c3c0>,26,27,[5 2],27,-1,101,-1,74
1,<environment.Job instance at 0x7f283302c320>,27,14,[ 3 14],28,-1,88,-1,74
1,<environment.Job instance at 0x7f283302c1e0>,31,1,[8 4],32,-1,90,-1,89
1,<environment.Job instance at 0x7f283302cfa0>,32,1,[2 5],33,-1,90,-1,89
1,<environment.Job instance at 0x7f283302ceb0>,33,2,[ 4 10],34,-1,91,-1,89
1,<environment.Job instance at 0x7f283302cf50>,35,3,[5 6],36,-1,95,-1,92
1,<environment.Job instance at 0x7f283302c140>,36,1,[2 6],37,-1,93,-1,92
1,<environment.Job instance at 0x7f28335ea500>,7,13,[14  4],8,-1,21,-1,8
1,<environment.Job instance at 0x7f2833d7a7d0>,15,1,[1 9],16,-1,19,-1,18
1,<environment.Job instance at 0x7f2833d7d410>,17,1,[10  4],18,-1,26,-1,25
1,<environment.Job instance at 0x7f2833d7df00>,18,2,[3 6],19,-1,27,-1,25
1,<environment.Job instance at 0x7f2833d7dd70>,21,3,[8 5],22,-1,43,-1,40
1,<environment.Job instance at 0x7f2833d7d870>,22,12,[ 1 10],23,-1,52,-1,40
1,<environment.Job instance at 0x7f2833d7d960>,23,2,[13  2],24,-1,42,-1,40
1,<environment.Job instance at 0x7f2833d4b5a0>,25,25,[1 6],26,-1,76,-1,51
1,<environment.Job instance at 0x7f2833d4b3c0>,26,1,[5 5],27,-1,52,-1,51
1,<environment.Job instance at 0x7f2833d7d7d0>,28,3,[ 1 10],29,-1,66,-1,63
1,<environment.Job instance at 0x7f28337f97d0>,29,3,[9 3],30,-1,66,-1,63
1,<environment.Job instance at 0x7f2833ab84b0>,30,27,[11  2],31,-1,90,-1,63
1,<environment.Job instance at 0x7f28338214b0>,33,3,[3 8],34,-1,68,-1,65
1,<environment.Job instance at 0x7f28340bc410>,35,24,[8 3],36,-1,101,-1,77
1,<environment.Job instance at 0x7f2833ae5460>,38,2,[6 3],39,-1,91,-1,89
1,<environment.Job instance at 0x7f2833ae5a50>,39,2,[1 9],40,-1,91,-1,89
1,<environment.Job instance at 0x7f2833803500>,42,1,[5 9],43,-1,106,-1,105
1,<environment.Job instance at 0x7f2833bd9870>,43,1,[2 6],44,-1,106,-1,105
1,<environment.Job instance at 0x7f2833692780>,13,3,[ 4 10],14,-1,36,-1,33
1,<environment.Job instance at 0x7f28330f5730>,14,3,[10  2],15,-1,36,-1,33
1,<environment.Job instance at 0x7f28330f5370>,15,27,[4 5],16,-1,60,-1,33
1,<environment.Job instance at 0x7f28330f5a50>,16,1,[12  2],17,-1,34,-1,33
1,<environment.Job instance at 0x7f28330f5050>,18,2,[1 9],19,-1,35,-1,33
1,<environment.Job instance at 0x7f28330f5e60>,27,3,[8 1],28,-1,73,-1,70
1,<environment.Job instance at 0x7f28330f50a0>,28,3,[10  4],29,-1,73,-1,70
1,<environment.Job instance at 0x7f28330f5230>,30,26,[6 4],31,-1,96,-1,70
1,<environment.Job instance at 0x7f28330f5410>,31,1,[2 5],32,-1,71,-1,70
1,<environment.Job instance at 0x7f28330f50f0>,32,13,[ 3 10],33,-1,87,-1,74
1,<environment.Job instance at 0x7f283415edc0>,34,1,[5 5],35,-1,83,-1,82
1,<environment.Job instance at 0x7f2832e43a50>,9,13,[ 4 14],10,-1,23,-1,10
1,<environment.Job instance at 0x7f2832e1b410>,28,18,[ 5 10],29,-1,80,-1,62
1,<environment.Job instance at 0x7f2832e1baf0>,30,13,[2 8],31,-1,75,-1,62
1,<environment.Job instance at 0x7f2832e1bdc0>,31,1,[10  1],32,-1,63,-1,62
1,<environment.Job instance at 0x7f2832e1b140>,32,22,[8 1],33,-1,84,-1,62
1,<environment.Job instance at 0x7f2832e1bb40>,33,14,[14  4],34,-1,76,-1,62
1,<environment.Job instance at 0x7f2832e1b320>,35,3,[ 1 13],36,-1,77,-1,74
1,<environment.Job instance at 0x7f2832e1b2d0>,36,2,[14  2],37,-1,76,-1,74
1,<environment.Job instance at 0x7f2832e1b1e0>,37,15,[ 5 12],38,-1,89,-1,74
1,<environment.Job instance at 0x7f2832e1beb0>,38,16,[9 1],39,-1,91,-1,75
1,<environment.Job instance at 0x7f2832e1bcd0>,39,2,[10  2],40,-1,77,-1,75
1,<environment.Job instance at 0x7f2832e1ba50>,40,2,[14  4],41,-1,77,-1,75
1,<environment.Job instance at 0x7f2832e1b370>,41,27,[8 5],42,-1,102,-1,75
1,<environment.Job instance at 0x7f2832e1b640>,42,2,[10  3],43,-1,77,-1,75
1,<environment.Job instance at 0x7f2832e1bb90>,43,1,[1 7],44,-1,76,-1,75
1,<environment.Job instance at 0x7f2832e24140>,44,16,[11  4],45,-1,91,-1,75
1,<environment.Job instance at 0x7f2832e24690>,45,14,[1 7],46,-1,89,-1,75
1,<environment.Job instance at 0x7f2832e24fa0>,46,3,[8 2],47,-1,78,-1,75
1,<environment.Job instance at 0x7f2832e242d0>,47,18,[1 9],48,-1,93,-1,75
1,<environment.Job instance at 0x7f2832e24500>,48,16,[13  2],49,-1,91,-1,75
1,<environment.Job instance at 0x7f2832e24050>,53,26,[7 1],54,-1,124,-1,98
1,<environment.Job instance at 0x7f2832e247d0>,56,1,[7 3],57,-1,116,-1,115
1,<environment.Job instance at 0x7f2832e248c0>,57,15,[ 4 10],58,-1,130,-1,115
1,<environment.Job instance at 0x7f2832e24550>,58,12,[ 1 10],59,-1,127,-1,115
1,<environment.Job instance at 0x7f2832e24780>,59,1,[7 1],60,-1,116,-1,115
1,<environment.Job instance at 0x7f2832e24730>,60,3,[5 1],61,-1,118,-1,115
1,<environment.Job instance at 0x7f2832e24f50>,61,2,[3 8],62,-1,117,-1,115
1,<environment.Job instance at 0x7f28338ed050>,3,14,[ 4 10],4,-1,19,-1,5
1,<environment.Job instance at 0x7f28338ed4b0>,7,24,[4 8],8,-1,32,-1,8
1,<environment.Job instance at 0x7f28338edcd0>,4,2,[1 9],5,-1,10,-1,8
1,<environment.Job instance at 0x7f28331601e0>,29,3,[4 5],30,-1,57,-1,54
1,<environment.Job instance at 0x7f2833160460>,30,2,[1 5],31,-1,56,-1,54
1,<environment.Job instance at 0x7f2833160370>,31,1,[3 6],32,-1,55,-1,54
1,<environment.Job instance at 0x7f283cc287d0>,39,1,[ 4 13],40,-1,117,-1,116
1,<environment.Job instance at 0x7f283cc28a00>,40,1,[7 5],41,-1,117,-1,116
1,<environment.Job instance at 0x7f283cc280a0>,42,2,[3 5],43,-1,118,-1,116
1,<environment.Job instance at 0x7f283cc28780>,43,14,[ 2 11],44,-1,130,-1,116
1,<environment.Job instance at 0x7f2833c59fa0>,6,2,[5 3],7,-1,9,-1,7
1,<environment.Job instance at 0x7f28331e11e0>,41,1,[5 3],42,-1,83,-1,82
1,<environment.Job instance at 0x7f28331e1190>,43,3,[7 1],44,-1,87,-1,84
1,<environment.Job instance at 0x7f2833c42640>,45,3,[ 1 10],46,-1,100,-1,97
1,<environment.Job instance at 0x7f2833c422d0>,46,1,[11  3],47,-1,98,-1,97
1,<environment.Job instance at 0x7f2833c42f50>,47,1,[8 4],48,-1,98,-1,97
1,<environment.Job instance at 0x7f2833c42960>,49,2,[3 9],50,-1,99,-1,97
1,<environment.Job instance at 0x7f2833d4b1e0>,6,1,[7 4],7,-1,8,-1,7
1,<environment.Job instance at 0x7f28333edeb0>,18,1,[3 6],19,-1,22,-1,21
1,<environment.Job instance at 0x7f283346ee60>,21,23,[1 8],22,-1,50,-1,27
1,<environment.Job instance at 0x7f283346e4b0>,25,15,[ 1 10],26,-1,55,-1,40
1,<environment.Job instance at 0x7f283346ed70>,26,13,[ 5 11],27,-1,53,-1,40
1,<environment.Job instance at 0x7f283346e550>,27,1,[7 5],28,-1,41,-1,40
1,<environment.Job instance at 0x7f283346e910>,28,1,[10  1],29,-1,41,-1,40
1,<environment.Job instance at 0x7f283346ecd0>,29,3,[3 5],30,-1,43,-1,40
1,<environment.Job instance at 0x7f283346e870>,30,3,[ 2 10],31,-1,43,-1,40
1,<environment.Job instance at 0x7f283346e140>,34,2,[1 5],35,-1,53,-1,51
1,<environment.Job instance at 0x7f283346ebe0>,35,3,[9 4],36,-1,54,-1,51
1,<environment.Job instance at 0x7f283346ea00>,36,25,[8 1],37,-1,76,-1,51
1,<environment.Job instance at 0x7f2834188aa0>,44,28,[7 4],45,-1,104,-1,76
1,<environment.Job instance at 0x7f2833fae820>,13,2,[1 7],14,-1,26,-1,24
1,<environment.Job instance at 0x7f2833faeaa0>,17,3,[8 3],18,-1,57,-1,54
1,<environment.Job instance at 0x7f2833fae5f0>,18,2,[1 7],19,-1,56,-1,54
1,<environment.Job instance at 0x7f2833faec30>,21,1,[3 9],22,-1,69,-1,68
1,<environment.Job instance at 0x7f2833fae910>,22,13,[13  5],23,-1,81,-1,68
1,<environment.Job instance at 0x7f2833fae5a0>,23,3,[6 1],24,-1,71,-1,68
1,<environment.Job instance at 0x7f2833faeb90>,25,2,[ 2 12],26,-1,70,-1,68
1,<environment.Job instance at 0x7f2833fafaf0>,26,1,[3 9],27,-1,69,-1,68
1,<environment.Job instance at 0x7f2833faf8c0>,29,23,[5 7],30,-1,108,-1,85
1,<environment.Job instance at 0x7f2833fafe60>,32,2,[5 3],33,-1,102,-1,100
1,<environment.Job instance at 0x7f2833fafdc0>,33,25,[ 1 10],34,-1,125,-1,100
1,<environment.Job instance at 0x7f2833faff50>,35,2,[5 2],36,-1,114,-1,112
1,<environment.Job instance at 0x7f2833faf960>,36,12,[14  2],37,-1,124,-1,112
1,<environment.Job instance at 0x7f2833faf640>,38,1,[ 5 14],39,-1,120,-1,119
1,<environment.Job instance at 0x7f28330b6500>,39,1,[5 1],40,-1,120,-1,119
1,<environment.Job instance at 0x7f28330b6460>,40,1,[2 9],41,-1,120,-1,119
1,<environment.Job instance at 0x7f2833ffd550>,3,2,[2 7],4,-1,6,-1,4
1,<environment.Job instance at 0x7f2833ffdc30>,4,1,[1 7],5,-1,6,-1,5
1,<environment.Job instance at 0x7f2833ffde60>,8,2,[7 3],9,-1,12,-1,10
1,<environment.Job instance at 0x7f2833ffd820>,15,1,[3 8],16,-1,25,-1,24
1,<environment.Job instance at 0x7f28334a0230>,37,1,[8 1],38,-1,107,-1,106
1,<environment.Job instance at 0x7f28346986e0>,6,2,[5 1],7,-1,10,-1,8
1,<environment.Job instance at 0x7f2834687460>,12,3,[3 8],13,-1,24,-1,21
1,<environment.Job instance at 0x7f28346874b0>,14,1,[4 6],15,-1,28,-1,27
1,<environment.Job instance at 0x7f2834687500>,17,3,[5 6],18,-1,48,-1,45
1,<environment.Job instance at 0x7f2834687b40>,19,17,[ 1 11],20,-1,62,-1,45
1,<environment.Job instance at 0x7f283415f320>,23,1,[6 3],24,-1,59,-1,58
1,<environment.Job instance at 0x7f2833adb550>,24,17,[12  2],25,-1,75,-1,58
1,<environment.Job instance at 0x7f28331e12d0>,27,3,[6 1],28,-1,77,-1,74
1,<environment.Job instance at 0x7f28331e1190>,28,1,[1 6],29,-1,75,-1,74
1,<environment.Job instance at 0x7f2833d78230>,29,13,[ 1 10],30,-1,98,-1,85
1,<environment.Job instance at 0x7f2833d789b0>,30,1,[9 2],31,-1,86,-1,85
1,<environment.Job instance at 0x7f2833d788c0>,31,2,[1 9],32,-1,87,-1,85
1,<environment.Job instance at 0x7f2833d78e10>,32,1,[ 1 11],33,-1,86,-1,85
1,<environment.Job instance at 0x7f2833d780a0>,33,3,[9 3],34,-1,88,-1,85
1,<environment.Job instance at 0x7f2833349f00>,34,12,[ 3 12],35,-1,97,-1,85
1,<environment.Job instance at 0x7f2834032140>,35,17,[14  3],36,-1,102,-1,85
1,<environment.Job instance at 0x7f2834032640>,37,24,[1 8],38,-1,110,-1,86
1,<environment.Job instance at 0x7f2834032dc0>,40,2,[1 7],41,-1,94,-1,92
1,<environment.Job instance at 0x7f2834032e10>,42,24,[7 2],43,-1,125,-1,101
1,<environment.Job instance at 0x7f28340326e0>,44,27,[5 1],45,-1,137,-1,110
1,<environment.Job instance at 0x7f2834032be0>,45,1,[ 5 12],46,-1,111,-1,110
1,<environment.Job instance at 0x7f283313b370>,5,1,[4 8],6,-1,7,-1,6
1,<environment.Job instance at 0x7f283313ba00>,6,23,[ 1 13],7,-1,30,-1,7
1,<environment.Job instance at 0x7f283313bd20>,7,2,[ 2 11],8,-1,10,-1,8
1,<environment.Job instance at 0x7f283313b230>,14,24,[7 3],15,-1,39,-1,15
1,<environment.Job instance at 0x7f2833163c30>,24,19,[ 5 12],25,-1,64,-1,45
1,<environment.Job instance at 0x7f2833163500>,25,27,[2 8],26,-1,72,-1,45
1,<environment.Job instance at 0x7f28331630f0>,26,2,[3 7],27,-1,47,-1,45
1,<environment.Job instance at 0x7f2833163f00>,28,1,[9 4],29,-1,48,-1,47
1,<environment.Job instance at 0x7f2833163dc0>,29,1,[ 4 13],30,-1,48,-1,47
1,<environment.Job instance at 0x7f2833163820>,31,1,[10  1],32,-1,60,-1,59
1,<environment.Job instance at 0x7f2833163c80>,32,24,[5 7],33,-1,83,-1,59
1,<environment.Job instance at 0x7f2833163960>,34,1,[4 6],35,-1,63,-1,62
1,<environment.Job instance at 0x7f2833163320>,35,2,[4 5],36,-1,64,-1,62
1,<environment.Job instance at 0x7f28331635f0>,37,1,[ 3 10],38,-1,78,-1,77
1,<environment.Job instance at 0x7f2833163690>,38,1,[4 5],39,-1,78,-1,77
1,<environment.Job instance at 0x7f2833163640>,40,1,[11  4],41,-1,78,-1,77
1,<environment.Job instance at 0x7f28331632d0>,41,1,[5 7],42,-1,78,-1,77
1,<environment.Job instance at 0x7f283321b280>,46,23,[ 2 10],47,-1,136,-1,113
1,<environment.Job instance at 0x7f283321bbe0>,47,3,[ 2 10],48,-1,116,-1,113
1,<environment.Job instance at 0x7f283321b640>,48,3,[10  5],49,-1,116,-1,113
1,<environment.Job instance at 0x7f2832fe3370>,16,14,[ 5 11],17,-1,31,-1,17
1,<environment.Job instance at 0x7f2832fe3910>,23,3,[4 6],24,-1,27,-1,24
1,<environment.Job instance at 0x7f2832fe35a0>,19,22,[14  5],20,-1,46,-1,24
1,<environment.Job instance at 0x7f5a92f80af0>,10,1,[7 3],11,-1,22,-1,21
1,<environment.Job instance at 0x7f5a92f80b90>,11,2,[3 9],12,-1,23,-1,21
1,<environment.Job instance at 0x7f5a92f80c30>,12,3,[6 3],13,-1,24,-1,21
1,<environment.Job instance at 0x7f5a92f80e10>,15,3,[10  2],16,-1,37,-1,34
1,<environment.Job instance at 0x7f5a92f80eb0>,16,12,[1 8],17,-1,46,-1,34
1,<environment.Job instance at 0x7f5a92f808c0>,17,3,[10  3],18,-1,37,-1,34
1,<environment.Job instance at 0x7f5a92f80960>,19,17,[12  3],20,-1,66,-1,49
1,<environment.Job instance at 0x7f5a92f83190>,20,1,[3 7],21,-1,50,-1,49
1,<environment.Job instance at 0x7f5a92f83140>,21,3,[ 2 10],22,-1,52,-1,49
1,<environment.Job instance at 0x7f5a92f833c0>,22,2,[12  3],23,-1,51,-1,49
1,<environment.Job instance at 0x7f5a92f83460>,24,3,[5 9],25,-1,54,-1,51
1,<environment.Job instance at 0x7f5a92f83500>,25,3,[1 6],26,-1,54,-1,51
1,<environment.Job instance at 0x7f5a92f835a0>,26,22,[2 9],27,-1,74,-1,52
1,<environment.Job instance at 0x7f5a92f83640>,27,2,[6 4],28,-1,54,-1,52
1,<environment.Job instance at 0x7f5a92f836e0>,28,2,[5 9],29,-1,54,-1,52
1,<environment.Job instance at 0x7f5a92f83820>,30,1,[5 5],31,-1,53,-1,52
1,<environment.Job instance at 0x7f5a92f83a00>,33,2,[5 3],34,-1,70,-1,68
1,<environment.Job instance at 0x7f5a92f832d0>,34,3,[9 5],35,-1,71,-1,68
1,<environment.Job instance at 0x7f5a92f83af0>,36,2,[5 1],37,-1,86,-1,84
1,<environment.Job instance at 0x7f5a92f83e60>,40,1,[1 8],41,-1,103,-1,102
1,<environment.Job instance at 0x7f5a92f86050>,43,28,[6 4],44,-1,140,-1,112
1,<environment.Job instance at 0x7f5a92f860a0>,44,17,[ 5 12],45,-1,129,-1,112
1,<environment.Job instance at 0x7f5a92f86280>,46,3,[5 4],47,-1,121,-1,118
1,<environment.Job instance at 0x7f5a92f86320>,47,1,[2 6],48,-1,119,-1,118
1,<environment.Job instance at 0x7f5a92f865f0>,49,2,[1 9],50,-1,127,-1,125
1,<environment.Job instance at 0x7f5a92f86690>,50,27,[9 1],51,-1,152,-1,125
1,<environment.Job instance at 0x7f5a92f867d0>,51,2,[4 9],52,-1,127,-1,125
1,<environment.Job instance at 0x7f5a92f868c0>,52,3,[ 3 11],53,-1,128,-1,125
1,<environment.Job instance at 0x7f5a92f86960>,53,18,[ 4 12],54,-1,143,-1,125
1,<environment.Job instance at 0x7f5a93480d20>,5,15,[ 3 14],6,-1,21,-1,6
1,<environment.Job instance at 0x7f5a93480e60>,7,12,[14  5],8,-1,20,-1,8
1,<environment.Job instance at 0x7f5a930e04b0>,12,2,[4 9],13,-1,16,-1,14
1,<environment.Job instance at 0x7f5a930e0d20>,14,1,[7 1],15,-1,19,-1,18
1,<environment.Job instance at 0x7f5a930e0cd0>,17,3,[ 2 10],18,-1,21,-1,18
1,<environment.Job instance at 0x7f5a930e0910>,23,1,[5 6],24,-1,43,-1,42
1,<environment.Job instance at 0x7f5a929910a0>,24,2,[8 5],25,-1,44,-1,42
1,<environment.Job instance at 0x7f5a926c95a0>,29,3,[4 8],30,-1,67,-1,64
1,<environment.Job instance at 0x7f5a929b86e0>,31,3,[1 5],32,-1,67,-1,64
1,<environment.Job instance at 0x7f5a92a5ce60>,32,1,[10  1],33,-1,65,-1,64
1,<environment.Job instance at 0x7f5a92a5cd70>,36,22,[11  3],37,-1,101,-1,79
1,<environment.Job instance at 0x7f5a92b06780>,40,3,[9 1],41,-1,98,-1,95
1,<environment.Job instance at 0x7f5a92ad3140>,42,1,[ 5 10],43,-1,96,-1,95
1,<environment.Job instance at 0x7f5a92a91140>,44,1,[9 4],45,-1,106,-1,105
1,<environment.Job instance at 0x7f5a92a88640>,45,25,[3 9],46,-1,130,-1,105
1,<environment.Job instance at 0x7f5a92a88690>,46,1,[7 4],47,-1,106,-1,105
1,<environment.Job instance at 0x7f5a926715f0>,5,12,[12  4],6,-1,18,-1,6
1,<environment.Job instance at 0x7f5a92671c30>,9,1,[8 5],10,-1,17,-1,16
1,<environment.Job instance at 0x7f5a92671190>,10,1,[9 5],11,-1,17,-1,16
1,<environment.Job instance at 0x7f5a92671be0>,11,18,[ 5 14],12,-1,34,-1,16
1,<environment.Job instance at 0x7f5a92766500>,14,1,[3 7],15,-1,30,-1,29
1,<environment.Job instance at 0x7f5a92766c80>,15,2,[7 1],16,-1,31,-1,29
1,<environment.Job instance at 0x7f5a92766f00>,20,2,[10  1],21,-1,47,-1,45
1,<environment.Job instance at 0x7f5a92766fa0>,22,2,[9 4],23,-1,49,-1,47
1,<environment.Job instance at 0x7f5a92766dc0>,23,3,[14  5],24,-1,50,-1,47
1,<environment.Job instance at 0x7f5a92766b90>,24,2,[1 7],25,-1,49,-1,47
1,<environment.Job instance at 0x7f5a927666e0>,25,1,[ 4 10],26,-1,48,-1,47
1,<environment.Job instance at 0x7f5a92766820>,27,1,[9 4],28,-1,48,-1,47
1,<environment.Job instance at 0x7f5a927664b0>,28,17,[12  1],29,-1,64,-1,47
1,<environment.Job instance at 0x7f5a92824500>,31,3,[3 6],32,-1,63,-1,60
1,<environment.Job instance at 0x7f5a92824cd0>,32,1,[13  3],33,-1,61,-1,60
1,<environment.Job instance at 0x7f5a92824910>,37,1,[4 8],38,-1,91,-1,90
1,<environment.Job instance at 0x7f5a92824b40>,41,2,[3 8],42,-1,109,-1,107
1,<environment.Job instance at 0x7f5a928249b0>,42,27,[ 2 13],43,-1,134,-1,107
1,<environment.Job instance at 0x7f5a92824e60>,44,1,[3 8],45,-1,119,-1,118
1,<environment.Job instance at 0x7f5a92f3efa0>,4,3,[ 3 12],5,-1,8,-1,5
1,<environment.Job instance at 0x7f5a92f3e280>,5,27,[5 5],6,-1,33,-1,6
1,<environment.Job instance at 0x7f5a92f86460>,8,13,[14  4],9,-1,22,-1,9
1,<environment.Job instance at 0x7f5a929b8690>,14,13,[14  5],15,-1,32,-1,19
1,<environment.Job instance at 0x7f5a925f5b40>,29,3,[9 3],30,-1,93,-1,90
1,<environment.Job instance at 0x7f5a925eeb90>,30,1,[ 4 12],31,-1,91,-1,90
1,<environment.Job instance at 0x7f5a933993c0>,31,1,[10  1],32,-1,91,-1,90
1,<environment.Job instance at 0x7f5a925ee730>,33,1,[5 2],34,-1,103,-1,102
1,<environment.Job instance at 0x7f5a92649f50>,34,12,[13  3],35,-1,114,-1,102
1,<environment.Job instance at 0x7f5a933936e0>,9,27,[14  1],10,-1,45,-1,18
1,<environment.Job instance at 0x7f5a93393d20>,10,1,[6 5],11,-1,19,-1,18
1,<environment.Job instance at 0x7f5a93393f50>,12,2,[11  4],13,-1,20,-1,18
1,<environment.Job instance at 0x7f5a93393a00>,14,1,[5 7],15,-1,39,-1,38
1,<environment.Job instance at 0x7f5a93388cd0>,15,12,[11  5],16,-1,50,-1,38
1,<environment.Job instance at 0x7f5a93388820>,16,27,[4 5],17,-1,65,-1,38
1,<environment.Job instance at 0x7f5a933aab40>,22,3,[11  3],23,-1,68,-1,65
1,<environment.Job instance at 0x7f5a933aa460>,25,1,[8 1],26,-1,78,-1,77
1,<environment.Job instance at 0x7f5a933aa500>,27,2,[2 6],28,-1,84,-1,82
1,<environment.Job instance at 0x7f5a929bd690>,28,2,[5 5],29,-1,84,-1,82
1,<environment.Job instance at 0x7f5a9339c230>,29,1,[5 7],30,-1,83,-1,82
1,<environment.Job instance at 0x7f5a9339c370>,31,15,[ 2 14],32,-1,97,-1,82
1,<environment.Job instance at 0x7f5a933b0fa0>,34,2,[10  3],35,-1,94,-1,92
1,<environment.Job instance at 0x7f5a933b0460>,35,12,[ 3 13],36,-1,104,-1,92
1,<environment.Job instance at 0x7f5a936664b0>,39,1,[8 3],40,-1,123,-1,122
1,<environment.Job instance at 0x7f5a9253c460>,41,3,[1 6],42,-1,131,-1,128
1,<environment.Job instance at 0x7f5a9253ac30>,42,3,[4 9],43,-1,131,-1,128
1,<environment.Job instance at 0x7f5a93bc5af0>,10,27,[6 4],11,-1,38,-1,11
1,<environment.Job instance at 0x7f5a933e7b90>,15,3,[10  4],16,-1,20,-1,17
1,<environment.Job instance at 0x7f5a933e7190>,17,2,[ 2 10],18,-1,20,-1,18
1,<environment.Job instance at 0x7f5a92584500>,17,2,[7 2],18,-1,21,-1,19
1,<environment.Job instance at 0x7f5a92584b90>,19,1,[5 7],20,-1,21,-1,20
1,<environment.Job instance at 0x7f5a925846e0>,20,14,[ 2 10],21,-1,39,-1,25
1,<environment.Job instance at 0x7f5a9c100500>,25,17,[ 3 10],26,-1,62,-1,45
1,<environment.Job instance at 0x7f5a9c100410>,27,2,[ 3 10],28,-1,47,-1,45
1,<environment.Job instance at 0x7f5a9c100e60>,31,3,[1 9],32,-1,67,-1,64
1,<environment.Job instance at 0x7f5a9c1001e0>,35,1,[5 8],36,-1,92,-1,91
1,<environment.Job instance at 0x7f5a9c1004b0>,37,2,[9 3],38,-1,93,-1,91
1,<environment.Job instance at 0x7f5a9c100640>,39,1,[5 4],40,-1,93,-1,92
1,<environment.Job instance at 0x7f5a9c1008c0>,40,23,[9 4],41,-1,115,-1,92
1,<environment.Job instance at 0x7f5a92d01320>,16,1,[7 4],17,-1,55,-1,54
1,<environment.Job instance at 0x7f5a92d0d370>,21,20,[ 5 13],22,-1,89,-1,69
1,<environment.Job instance at 0x7f5a9373f910>,22,1,[5 1],23,-1,70,-1,69
1,<environment.Job instance at 0x7f5a939bd5f0>,25,1,[6 4],26,-1,89,-1,88
1,<environment.Job instance at 0x7f5a939a0460>,27,1,[5 1],28,-1,89,-1,88
1,<environment.Job instance at 0x7f5a939a0320>,29,1,[8 1],30,-1,89,-1,88
1,<environment.Job instance at 0x7f5a939a0640>,30,24,[7 2],31,-1,112,-1,88
1,<environment.Job instance at 0x7f5a92f2d320>,33,3,[10  3],34,-1,105,-1,102
1,<environment.Job instance at 0x7f5a9366d410>,35,15,[ 1 12],36,-1,120,-1,105
1,<environment.Job instance at 0x7f5a92ce7050>,37,1,[7 3],38,-1,122,-1,121
1,<environment.Job instance at 0x7f5a92bbdd20>,3,1,[8 5],4,-1,5,-1,4
1,<environment.Job instance at 0x7f5a934164b0>,15,1,[5 9],16,-1,44,-1,43
1,<environment.Job instance at 0x7f5a93416c30>,17,2,[11  4],18,-1,53,-1,51
1,<environment.Job instance at 0x7f5a93416eb0>,20,3,[8 3],21,-1,67,-1,64
1,<environment.Job instance at 0x7f5a93434f50>,21,28,[9 4],22,-1,92,-1,64
1,<environment.Job instance at 0x7f5a934346e0>,22,2,[3 6],23,-1,66,-1,64
1,<environment.Job instance at 0x7f5a93434dc0>,23,16,[ 1 12],24,-1,80,-1,64
1,<environment.Job instance at 0x7f5a93434500>,26,1,[6 3],27,-1,80,-1,79
1,<environment.Job instance at 0x7f5a92985050>,13,3,[3 9],14,-1,24,-1,21
1,<environment.Job instance at 0x7f5a92985960>,14,27,[6 1],15,-1,48,-1,21
1,<environment.Job instance at 0x7f5a92985dc0>,18,3,[3 8],19,-1,38,-1,35
1,<environment.Job instance at 0x7f5a929856e0>,21,24,[14  3],22,-1,71,-1,47
1,<environment.Job instance at 0x7f5a92985280>,22,1,[1 8],23,-1,48,-1,47
1,<environment.Job instance at 0x7f5a9297edc0>,23,24,[10  2],24,-1,71,-1,47
1,<environment.Job instance at 0x7f5a9297e500>,24,2,[3 6],25,-1,49,-1,47
1,<environment.Job instance at 0x7f5a9297ef00>,25,3,[2 8],26,-1,50,-1,47
1,<environment.Job instance at 0x7f5a9295d0a0>,26,1,[9 2],27,-1,48,-1,47
1,<environment.Job instance at 0x7f5a92ec3870>,27,1,[5 3],28,-1,48,-1,47
1,<environment.Job instance at 0x7f5a9297e230>,29,3,[10  1],30,-1,68,-1,65
1,<environment.Job instance at 0x7f5a9c148780>,31,2,[1 9],32,-1,67,-1,65
1,<environment.Job instance at 0x7f5a92b61690>,32,3,[10  4],33,-1,68,-1,65
1,<environment.Job instance at 0x7f5a92786a00>,34,3,[9 3],35,-1,78,-1,75
1,<environment.Job instance at 0x7f5a9276c3c0>,36,1,[5 2],37,-1,82,-1,81
1,<environment.Job instance at 0x7f5a9c154b40>,40,13,[12  1],41,-1,120,-1,107
1,<environment.Job instance at 0x7f5a9275dd20>,41,16,[ 5 11],42,-1,123,-1,107
1,<environment.Job instance at 0x7f5a92772b90>,43,3,[ 4 10],44,-1,113,-1,110
1,<environment.Job instance at 0x7f5a925f3140>,44,3,[10  2],45,-1,113,-1,110
1,<environment.Job instance at 0x7f5a92b885a0>,45,27,[4 5],46,-1,137,-1,110
1,<environment.Job instance at 0x7f5a925f3b90>,46,1,[12  2],47,-1,111,-1,110
1,<environment.Job instance at 0x7f5a92ea48c0>,48,2,[1 9],49,-1,112,-1,110
1,<environment.Job instance at 0x7f5a92eb1320>,49,14,[5 1],50,-1,131,-1,117
1,<environment.Job instance at 0x7f5a92eb15a0>,51,2,[ 5 10],52,-1,127,-1,125
1,<environment.Job instance at 0x7f5a92edf280>,7,16,[ 5 13],8,-1,24,-1,8
1,<environment.Job instance at 0x7f5a92eb15a0>,12,1,[2 9],13,-1,15,-1,14
1,<environment.Job instance at 0x7f5a934926e0>,14,2,[ 5 11],15,-1,17,-1,15
1,<environment.Job instance at 0x7f5a93492eb0>,24,1,[6 1],25,-1,38,-1,37
1,<environment.Job instance at 0x7f5a93492d70>,27,3,[9 4],28,-1,56,-1,53
1,<environment.Job instance at 0x7f5a93652a50>,29,13,[ 4 14],30,-1,66,-1,53
1,<environment.Job instance at 0x7f5a93652aa0>,30,2,[8 2],31,-1,55,-1,53
1,<environment.Job instance at 0x7f5a93652410>,34,1,[4 6],35,-1,67,-1,66
1,<environment.Job instance at 0x7f5a936525a0>,35,3,[10  5],36,-1,69,-1,66
1,<environment.Job instance at 0x7f5a936523c0>,36,16,[13  1],37,-1,82,-1,66
1,<environment.Job instance at 0x7f5a93652d70>,39,3,[6 2],40,-1,85,-1,82
1,<environment.Job instance at 0x7f5a925a0870>,41,1,[6 3],42,-1,83,-1,82
1,<environment.Job instance at 0x7f5a925a06e0>,43,3,[10  4],44,-1,99,-1,96
1,<environment.Job instance at 0x7f5a925a07d0>,46,27,[2 9],47,-1,123,-1,96
1,<environment.Job instance at 0x7f5a923b4aa0>,13,14,[ 4 10],14,-1,50,-1,36
1,<environment.Job instance at 0x7f5a923b4f00>,16,24,[4 5],17,-1,60,-1,36
1,<environment.Job instance at 0x7f5a923b4e10>,17,24,[4 8],18,-1,60,-1,36
1,<environment.Job instance at 0x7f5a923b49b0>,18,3,[9 5],19,-1,39,-1,36
1,<environment.Job instance at 0x7f5a923b4140>,19,3,[5 4],20,-1,39,-1,36
1,<environment.Job instance at 0x7f5a923b4910>,20,2,[3 5],21,-1,38,-1,36
1,<environment.Job instance at 0x7f5a923b4230>,22,2,[1 9],23,-1,38,-1,36
1,<environment.Job instance at 0x7f5a923b4d70>,23,1,[3 7],24,-1,37,-1,36
1,<environment.Job instance at 0x7f5a923b4d20>,24,3,[8 5],25,-1,39,-1,36
1,<environment.Job instance at 0x7f5a923b4780>,25,2,[9 5],26,-1,38,-1,36
1,<environment.Job instance at 0x7f5a92dae870>,6,2,[5 3],7,-1,11,-1,9
1,<environment.Job instance at 0x7f5a937d6dc0>,9,2,[4 8],10,-1,12,-1,10
1,<environment.Job instance at 0x7f5a937d64b0>,10,2,[13  2],11,-1,13,-1,11
1,<environment.Job instance at 0x7f5a92f6a5f0>,9,1,[9 1],10,-1,12,-1,11
1,<environment.Job instance at 0x7f5a92f6afa0>,11,23,[1 8],12,-1,41,-1,18
1,<environment.Job instance at 0x7f5a9259ecd0>,15,15,[ 1 10],16,-1,37,-1,22
1,<environment.Job instance at 0x7f5a9259eeb0>,16,13,[ 5 11],17,-1,35,-1,22
1,<environment.Job instance at 0x7f5a9259e320>,17,1,[7 5],18,-1,23,-1,22
1,<environment.Job instance at 0x7f5a9259e230>,18,1,[10  1],19,-1,23,-1,22
1,<environment.Job instance at 0x7f5a9259e6e0>,19,3,[3 5],20,-1,25,-1,22
1,<environment.Job instance at 0x7f5a9259edc0>,20,3,[ 2 10],21,-1,25,-1,22
1,<environment.Job instance at 0x7f5a9259e960>,24,2,[1 5],25,-1,34,-1,32
1,<environment.Job instance at 0x7f5a9259e050>,25,3,[9 4],26,-1,36,-1,33
1,<environment.Job instance at 0x7f5a9259e3c0>,26,25,[8 1],27,-1,58,-1,33
1,<environment.Job instance at 0x7f5a9259ec80>,27,18,[ 1 10],28,-1,58,-1,40
1,<environment.Job instance at 0x7f5a926a30f0>,31,3,[4 5],32,-1,43,-1,40
1,<environment.Job instance at 0x7f5a926a3820>,32,3,[10  3],33,-1,43,-1,40
1,<environment.Job instance at 0x7f5a926a3cd0>,42,3,[8 4],43,-1,105,-1,102
1,<environment.Job instance at 0x7f5a9273e550>,3,3,[6 1],4,-1,7,-1,4
1,<environment.Job instance at 0x7f5a9273ecd0>,5,2,[ 2 12],6,-1,8,-1,6
1,<environment.Job instance at 0x7f5a924787d0>,6,1,[3 9],7,-1,8,-1,7
1,<environment.Job instance at 0x7f5a924786e0>,9,23,[5 7],10,-1,33,-1,10
1,<environment.Job instance at 0x7f5a92478230>,15,2,[5 2],16,-1,22,-1,20
1,<environment.Job instance at 0x7f5a92478c30>,16,12,[14  2],17,-1,32,-1,20
1,<environment.Job instance at 0x7f5a92478500>,17,19,[ 2 10],18,-1,47,-1,28
1,<environment.Job instance at 0x7f5a924782d0>,18,1,[ 5 14],19,-1,29,-1,28
1,<environment.Job instance at 0x7f5a92478eb0>,19,1,[5 1],20,-1,29,-1,28
1,<environment.Job instance at 0x7f5a92478550>,20,1,[2 9],21,-1,29,-1,28
1,<environment.Job instance at 0x7f5a92478050>,23,3,[3 6],24,-1,31,-1,28
1,<environment.Job instance at 0x7f5a924789b0>,25,2,[5 7],26,-1,36,-1,34
1,<environment.Job instance at 0x7f5a92478410>,27,3,[10  5],28,-1,40,-1,37
1,<environment.Job instance at 0x7f5a9386caa0>,32,2,[4 5],33,-1,69,-1,67
1,<environment.Job instance at 0x7f5a9386c370>,34,2,[8 4],35,-1,82,-1,80
1,<environment.Job instance at 0x7f5a9386c640>,35,2,[11  4],36,-1,82,-1,80
1,<environment.Job instance at 0x7f5a9386c1e0>,36,1,[6 4],37,-1,81,-1,80
1,<environment.Job instance at 0x7f5a9386c0f0>,38,2,[6 3],39,-1,97,-1,95
1,<environment.Job instance at 0x7f5a9386cb90>,41,3,[ 1 10],42,-1,111,-1,108
1,<environment.Job instance at 0x7f5a9363e7d0>,44,14,[ 1 12],45,-1,136,-1,122
1,<environment.Job instance at 0x7f5a9363ec80>,45,2,[8 4],46,-1,124,-1,122
1,<environment.Job instance at 0x7f5a9363e460>,46,23,[ 5 12],47,-1,145,-1,122
1,<environment.Job instance at 0x7f5a9354c410>,10,2,[8 4],11,-1,13,-1,11
1,<environment.Job instance at 0x7f5a9354c140>,11,1,[3 9],12,-1,14,-1,13
1,<environment.Job instance at 0x7f5a9340c8c0>,33,3,[5 2],34,-1,98,-1,95
1,<environment.Job instance at 0x7f5a9340c5a0>,35,1,[8 4],36,-1,96,-1,95
1,<environment.Job instance at 0x7f5a9340c500>,36,12,[1 9],37,-1,107,-1,95
1,<environment.Job instance at 0x7f5a9340c230>,37,2,[4 5],38,-1,97,-1,95
1,<environment.Job instance at 0x7f5a9340cc80>,40,3,[1 9],41,-1,116,-1,113
1,<environment.Job instance at 0x7f5a9340c6e0>,41,2,[3 5],42,-1,115,-1,113
1,<environment.Job instance at 0x7f5a928774b0>,4,27,[5 1],5,-1,32,-1,5
1,<environment.Job instance at 0x7f5a92877190>,5,1,[ 5 12],6,-1,7,-1,6
1,<environment.Job instance at 0x7f5a92877320>,10,1,[9 5],11,-1,13,-1,12
1,<environment.Job instance at 0x7f5a93400730>,12,2,[7 3],13,-1,15,-1,13
1,<environment.Job instance at 0x7f5a93400f00>,13,2,[8 4],14,-1,16,-1,14
1,<environment.Job instance at 0x7f5a93400460>,14,14,[ 4 10],15,-1,39,-1,25
1,<environment.Job instance at 0x7f5a93400c80>,20,3,[13  5],21,-1,28,-1,25
1,<environment.Job instance at 0x7f5a93400050>,21,3,[6 4],22,-1,28,-1,25
1,<environment.Job instance at 0x7f5a93401320>,34,1,[10  2],35,-1,84,-1,83
1,<environment.Job instance at 0x7f5a934014b0>,35,27,[1 5],36,-1,110,-1,83
1,<environment.Job instance at 0x7f5a93401aa0>,36,18,[ 2 10],37,-1,130,-1,112
1,<environment.Job instance at 0x7f5a934016e0>,44,3,[5 1],45,-1,119,-1,116
1,<environment.Job instance at 0x7f5a93401730>,45,12,[8 1],46,-1,135,-1,123
1,<environment.Job instance at 0x7f5a934010a0>,48,12,[10  1],49,-1,135,-1,123
1,<environment.Job instance at 0x7f5a9c6f8140>,2,3,[14  5],3,-1,6,-1,3
1,<environment.Job instance at 0x7f5a939fef50>,21,2,[ 1 10],22,-1,52,-1,50
1,<environment.Job instance at 0x7f5a9275c230>,24,1,[6 3],25,-1,51,-1,50
1,<environment.Job instance at 0x7f5a9273b320>,26,26,[5 7],27,-1,89,-1,63
1,<environment.Job instance at 0x7f5a9273b460>,27,2,[1 6],28,-1,65,-1,63
1,<environment.Job instance at 0x7f5a9273bc30>,28,3,[10  2],29,-1,66,-1,63
1,<environment.Job instance at 0x7f5a9273bf00>,29,13,[ 2 14],30,-1,76,-1,63
1,<environment.Job instance at 0x7f5a9273b4b0>,30,1,[7 3],31,-1,64,-1,63
1,<environment.Job instance at 0x7f5a93286370>,35,3,[4 7],36,-1,91,-1,88
1,<environment.Job instance at 0x7f5a93286190>,36,3,[ 4 11],37,-1,91,-1,88
1,<environment.Job instance at 0x7f5a9274aa50>,44,3,[11  3],45,-1,131,-1,128
1,<environment.Job instance at 0x7f5a92bd03c0>,7,28,[6 3],8,-1,36,-1,8
1,<environment.Job instance at 0x7f5a92a91c30>,20,1,[3 6],21,-1,36,-1,35
1,<environment.Job instance at 0x7f5a92a91050>,29,18,[13  1],30,-1,101,-1,83
1,<environment.Job instance at 0x7f5a92a91870>,31,1,[1 6],32,-1,95,-1,94
1,<environment.Job instance at 0x7f5a92a91af0>,32,25,[2 8],33,-1,119,-1,94
1,<environment.Job instance at 0x7f5a92a918c0>,33,2,[ 4 10],34,-1,96,-1,94
1,<environment.Job instance at 0x7f5a92a91e10>,34,15,[ 3 14],35,-1,109,-1,94
1,<environment.Job instance at 0x7f5a92a251e0>,37,3,[7 4],38,-1,100,-1,97
1,<environment.Job instance at 0x7f5a92a25730>,40,12,[ 3 11],41,-1,124,-1,112
1,<environment.Job instance at 0x7f5a92a255f0>,41,28,[1 5],42,-1,140,-1,112
1,<environment.Job instance at 0x7f5a92a258c0>,42,2,[3 8],43,-1,114,-1,112
1,<environment.Job instance at 0x7f5a92a25c80>,45,2,[1 7],46,-1,131,-1,129
1,<environment.Job instance at 0x7f5a92b3b2d0>,3,28,[10  5],4,-1,32,-1,4
1,<environment.Job instance at 0x7f5a93241eb0>,7,27,[3 7],8,-1,35,-1,8
1,<environment.Job instance at 0x7f5a932595a0>,17,3,[5 9],18,-1,32,-1,29
1,<environment.Job instance at 0x7f5a93259870>,19,2,[5 5],20,-1,41,-1,39
1,<environment.Job instance at 0x7f5a932599b0>,20,1,[5 1],21,-1,40,-1,39
1,<environment.Job instance at 0x7f5a93259a00>,21,18,[ 5 10],22,-1,75,-1,57
1,<environment.Job instance at 0x7f5a93259cd0>,26,15,[9 2],27,-1,73,-1,58
1,<environment.Job instance at 0x7f5a93259e60>,27,17,[ 5 14],28,-1,75,-1,58
1,<environment.Job instance at 0x7f5a93259d20>,30,2,[10  4],31,-1,77,-1,75
1,<environment.Job instance at 0x7f5a9262d1e0>,31,14,[ 2 10],32,-1,89,-1,75
1,<environment.Job instance at 0x7f5a9262d280>,32,2,[4 8],33,-1,77,-1,75
1,<environment.Job instance at 0x7f5a9262d190>,33,3,[10  2],34,-1,78,-1,75
1,<environment.Job instance at 0x7f5a9262d3c0>,34,2,[9 1],35,-1,77,-1,75
1,<environment.Job instance at 0x7f5a9262d460>,35,1,[7 1],36,-1,76,-1,75
1,<environment.Job instance at 0x7f5a9262d550>,36,1,[6 4],37,-1,76,-1,75
1,<environment.Job instance at 0x7f5a9262d5f0>,37,12,[7 2],38,-1,87,-1,75
1,<environment.Job instance at 0x7f5a9262d690>,38,2,[3 8],39,-1,77,-1,75
1,<environment.Job instance at 0x7f5a9262d640>,39,3,[ 1 10],40,-1,78,-1,75
1,<environment.Job instance at 0x7f5a9262d820>,40,13,[7 2],41,-1,88,-1,75
1,<environment.Job instance at 0x7f5a9262d910>,41,1,[5 8],42,-1,76,-1,75
1,<environment.Job instance at 0x7f5a9262d870>,42,2,[8 4],43,-1,77,-1,75
1,<environment.Job instance at 0x7f5a9262da50>,43,2,[7 1],44,-1,77,-1,75
1,<environment.Job instance at 0x7f5a9262daf0>,44,3,[2 5],45,-1,78,-1,75
1,<environment.Job instance at 0x7f5a9262dc30>,45,1,[7 4],46,-1,76,-1,75
1,<environment.Job instance at 0x7f5a9262dc80>,46,1,[5 9],47,-1,76,-1,75
1,<environment.Job instance at 0x7f5a9262dcd0>,47,2,[5 5],48,-1,77,-1,75
1,<environment.Job instance at 0x7f5a9262dd70>,48,3,[9 4],49,-1,78,-1,75
1,<environment.Job instance at 0x7f5a9262de10>,49,12,[2 9],50,-1,87,-1,75
1,<environment.Job instance at 0x7f5a9262df00>,51,26,[6 3],52,-1,109,-1,83
1,<environment.Job instance at 0x7f5a926325f0>,57,1,[ 5 12],58,-1,109,-1,108
1,<environment.Job instance at 0x7f5a92632550>,58,1,[ 2 10],59,-1,109,-1,108
1,<environment.Job instance at 0x7f5a92632690>,59,3,[12  2],60,-1,111,-1,108
1,<environment.Job instance at 0x7f5a92632730>,60,14,[5 1],61,-1,122,-1,108
1,<environment.Job instance at 0x7f5a926327d0>,61,3,[11  1],62,-1,111,-1,108
1,<environment.Job instance at 0x7f5a92632910>,63,1,[10  2],64,-1,127,-1,126
1,<environment.Job instance at 0x7f5a926329b0>,64,2,[8 5],65,-1,128,-1,126
1,<environment.Job instance at 0x7f5a92632a50>,65,27,[8 5],66,-1,153,-1,126
1,<environment.Job instance at 0x7fa9eeae9af0>,10,1,[7 3],11,-1,22,-1,21
1,<environment.Job instance at 0x7fa9eeae9b90>,11,2,[3 9],12,-1,23,-1,21
1,<environment.Job instance at 0x7fa9eeae9c30>,12,3,[6 3],13,-1,24,-1,21
1,<environment.Job instance at 0x7fa9eeae9e10>,15,3,[10  2],16,-1,37,-1,34
1,<environment.Job instance at 0x7fa9eeae98c0>,17,3,[10  3],18,-1,49,-1,46
1,<environment.Job instance at 0x7fa9eeae9960>,19,17,[12  3],20,-1,66,-1,49
1,<environment.Job instance at 0x7fa9eeaec190>,20,1,[3 7],21,-1,50,-1,49
1,<environment.Job instance at 0x7fa9eeaec140>,21,3,[ 2 10],22,-1,52,-1,49
1,<environment.Job instance at 0x7fa9eeaec3c0>,22,2,[12  3],23,-1,51,-1,49
1,<environment.Job instance at 0x7fa9eeaec460>,24,3,[5 9],25,-1,54,-1,51
1,<environment.Job instance at 0x7fa9eeaec500>,25,3,[1 6],26,-1,54,-1,51
1,<environment.Job instance at 0x7fa9eeaec5a0>,26,22,[2 9],27,-1,73,-1,51
1,<environment.Job instance at 0x7fa9eeaec640>,27,2,[6 4],28,-1,53,-1,51
1,<environment.Job instance at 0x7fa9eeaec6e0>,28,2,[5 9],29,-1,53,-1,51
1,<environment.Job instance at 0x7fa9eeaec820>,30,1,[5 5],31,-1,60,-1,59
1,<environment.Job instance at 0x7fa9eeaeca00>,33,2,[5 3],34,-1,78,-1,76
1,<environment.Job instance at 0x7fa9eeaec2d0>,34,3,[9 5],35,-1,79,-1,76
1,<environment.Job instance at 0x7fa9eeaecaf0>,36,2,[5 1],37,-1,94,-1,92
1,<environment.Job instance at 0x7fa9eeaece60>,40,1,[1 8],41,-1,111,-1,110
1,<environment.Job instance at 0x7fa9eeaef050>,43,28,[6 4],44,-1,148,-1,120
1,<environment.Job instance at 0x7fa9eeaef0a0>,44,17,[ 5 12],45,-1,137,-1,120
1,<environment.Job instance at 0x7fa9eeaef3c0>,46,3,[5 4],47,-1,129,-1,126
1,<environment.Job instance at 0x7fa9eeaef320>,47,1,[2 6],48,-1,127,-1,126
1,<environment.Job instance at 0x7fa9eeaef5f0>,49,2,[1 9],50,-1,135,-1,133
1,<environment.Job instance at 0x7fa9eeaef500>,50,27,[9 1],51,-1,160,-1,133
1,<environment.Job instance at 0x7fa9eeaef820>,51,2,[4 9],52,-1,135,-1,133
1,<environment.Job instance at 0x7fa9eeaef690>,52,3,[ 3 11],53,-1,136,-1,133
1,<environment.Job instance at 0x7fa9eeaef910>,53,18,[ 4 12],54,-1,151,-1,133
1,<environment.Job instance at 0x7fa9eeb635f0>,7,3,[ 2 10],8,-1,12,-1,9
1,<environment.Job instance at 0x7fa9ef1a7d70>,16,2,[8 2],17,-1,26,-1,24
1,<environment.Job instance at 0x7fa9ee500af0>,25,3,[5 5],26,-1,63,-1,60
1,<environment.Job instance at 0x7fa9ee6a1320>,26,22,[11  3],27,-1,82,-1,60
1,<environment.Job instance at 0x7fa9ee22c2d0>,30,3,[9 1],31,-1,79,-1,76
1,<environment.Job instance at 0x7fa9ee5c1a00>,32,1,[ 5 10],33,-1,77,-1,76
1,<environment.Job instance at 0x7fa9ee59e500>,34,1,[9 4],35,-1,86,-1,85
1,<environment.Job instance at 0x7fa9ee5c5370>,35,25,[3 9],36,-1,110,-1,85
1,<environment.Job instance at 0x7fa9ee5c56e0>,36,1,[7 4],37,-1,86,-1,85
1,<environment.Job instance at 0x7fa9ee5abb40>,41,1,[5 1],42,-1,125,-1,124
1,<environment.Job instance at 0x7fa9ee603500>,43,1,[3 9],44,-1,125,-1,124
1,<environment.Job instance at 0x7fa9ee1b1c80>,46,26,[9 1],47,-1,165,-1,139
1,<environment.Job instance at 0x7fa9ee603050>,47,2,[9 3],48,-1,141,-1,139
1,<environment.Job instance at 0x7fa9ee1fb460>,11,3,[3 6],12,-1,28,-1,25
1,<environment.Job instance at 0x7fa9ee213050>,21,2,[3 8],22,-1,45,-1,43
1,<environment.Job instance at 0x7fa9ee213c30>,22,27,[ 2 13],23,-1,70,-1,43
1,<environment.Job instance at 0x7fa9ee213870>,24,1,[3 8],25,-1,45,-1,44
1,<environment.Job instance at 0x7fa9ee213140>,28,1,[12  5],29,-1,77,-1,76
1,<environment.Job instance at 0x7fa9ee213780>,29,1,[8 5],30,-1,77,-1,76
1,<environment.Job instance at 0x7fa9ee213a00>,32,2,[7 1],33,-1,92,-1,90
1,<environment.Job instance at 0x7fa9ee213be0>,33,2,[3 5],34,-1,92,-1,90
1,<environment.Job instance at 0x7fa9ee213f00>,35,2,[4 6],36,-1,108,-1,106
1,<environment.Job instance at 0x7fa9ee216c80>,36,2,[6 5],37,-1,108,-1,106
1,<environment.Job instance at 0x7fa9ee216f50>,41,18,[ 4 13],42,-1,138,-1,120
1,<environment.Job instance at 0x7fa9ee216550>,42,2,[9 3],43,-1,122,-1,120
1,<environment.Job instance at 0x7fa9ef000050>,44,3,[5 8],45,-1,137,-1,134
1,<environment.Job instance at 0x7fa9ef00fd20>,45,2,[2 6],46,-1,136,-1,134
1,<environment.Job instance at 0x7fa9ef00fb40>,47,16,[ 5 13],48,-1,151,-1,135
1,<environment.Job instance at 0x7fa9ee969280>,48,2,[1 7],49,-1,137,-1,135
1,<environment.Job instance at 0x7fa9ee969460>,49,3,[8 4],50,-1,138,-1,135
1,<environment.Job instance at 0x7fa9ee969820>,50,13,[ 4 10],51,-1,148,-1,135
1,<environment.Job instance at 0x7fa9eeffb0a0>,52,2,[6 1],53,-1,138,-1,136
1,<environment.Job instance at 0x7fa9eeaef4b0>,13,2,[ 4 10],14,-1,29,-1,27
1,<environment.Job instance at 0x7fa9ef2b05a0>,14,2,[5 3],15,-1,29,-1,27
1,<environment.Job instance at 0x7fa9ee6cda00>,18,3,[ 2 10],19,-1,42,-1,39
1,<environment.Job instance at 0x7fa9ee6cd690>,19,16,[ 5 13],20,-1,55,-1,39
1,<environment.Job instance at 0x7fa9ee6cd870>,20,3,[9 1],21,-1,42,-1,39
1,<environment.Job instance at 0x7fa9ee4fd500>,21,2,[5 6],22,-1,41,-1,39
1,<environment.Job instance at 0x7fa9ee4fdb90>,22,2,[3 5],23,-1,41,-1,39
1,<environment.Job instance at 0x7fa9ee4fd0a0>,24,14,[ 3 14],25,-1,69,-1,55
1,<environment.Job instance at 0x7fa9ee4fd370>,25,24,[3 9],26,-1,79,-1,55
1,<environment.Job instance at 0x7fa9ee775fa0>,27,3,[10  3],28,-1,59,-1,56
1,<environment.Job instance at 0x7fa9ee4fd9b0>,28,12,[ 2 10],29,-1,68,-1,56
1,<environment.Job instance at 0x7fa9eec53410>,34,15,[ 1 10],35,-1,87,-1,72
1,<environment.Job instance at 0x7fa9ef13d140>,35,1,[12  4],36,-1,73,-1,72
1,<environment.Job instance at 0x7fa9ee302e10>,36,2,[9 2],37,-1,74,-1,72
1,<environment.Job instance at 0x7fa9ee3020f0>,37,2,[5 2],38,-1,74,-1,72
1,<environment.Job instance at 0x7fa9ee717dc0>,38,2,[6 5],39,-1,74,-1,72
1,<environment.Job instance at 0x7fa9ee717b90>,39,3,[8 5],40,-1,75,-1,72
1,<environment.Job instance at 0x7fa9ee717730>,40,13,[3 8],41,-1,85,-1,72
1,<environment.Job instance at 0x7fa9ee58e0f0>,41,15,[14  1],42,-1,87,-1,72
1,<environment.Job instance at 0x7fa9ee58ed20>,42,27,[5 5],43,-1,99,-1,72
1,<environment.Job instance at 0x7fa9ee58e4b0>,43,14,[3 6],44,-1,86,-1,72
1,<environment.Job instance at 0x7fa9ee58e690>,44,25,[1 7],45,-1,97,-1,72
1,<environment.Job instance at 0x7fa9ee58e780>,45,1,[3 6],46,-1,73,-1,72
1,<environment.Job instance at 0x7fa9ee58eeb0>,46,15,[ 5 10],47,-1,87,-1,72
1,<environment.Job instance at 0x7fa9ee59ee10>,48,2,[7 3],49,-1,87,-1,85
1,<environment.Job instance at 0x7fa9ee762050>,50,2,[6 5],51,-1,88,-1,86
1,<environment.Job instance at 0x7fa9ee7625a0>,56,27,[5 8],57,-1,156,-1,129
1,<environment.Job instance at 0x7fa9ee762c80>,57,3,[5 6],58,-1,132,-1,129
1,<environment.Job instance at 0x7fa9ee777370>,59,1,[ 4 10],60,-1,140,-1,139
1,<environment.Job instance at 0x7fa9ef69b370>,60,1,[10  3],61,-1,140,-1,139
1,<environment.Job instance at 0x7fa9ee593690>,61,24,[4 8],62,-1,163,-1,139
1,<environment.Job instance at 0x7fa9ee205a00>,62,3,[1 7],63,-1,142,-1,139
1,<environment.Job instance at 0x7fa9ef69b4b0>,63,3,[9 4],64,-1,142,-1,139
1,<environment.Job instance at 0x7fa9ee54dbe0>,64,2,[4 8],65,-1,141,-1,139
1,<environment.Job instance at 0x7fa9ef1e8fa0>,12,2,[5 5],13,-1,15,-1,13
1,<environment.Job instance at 0x7fa9ef1e8320>,13,1,[7 1],14,-1,15,-1,14
1,<environment.Job instance at 0x7fa9ef1e8f00>,14,15,[ 2 13],15,-1,30,-1,15
1,<environment.Job instance at 0x7fa9ef1b95f0>,19,28,[1 8],20,-1,54,-1,26
1,<environment.Job instance at 0x7fa9ef1b9820>,23,2,[6 5],24,-1,40,-1,38
1,<environment.Job instance at 0x7fa9ef1b96e0>,24,1,[7 3],25,-1,39,-1,38
1,<environment.Job instance at 0x7fa9ef1c6f50>,25,3,[7 2],26,-1,41,-1,38
1,<environment.Job instance at 0x7fa9ef1c6050>,28,18,[13  3],29,-1,72,-1,54
1,<environment.Job instance at 0x7fa9ef1c6730>,29,3,[4 9],30,-1,57,-1,54
1,<environment.Job instance at 0x7fa9ef1db5a0>,34,3,[5 2],35,-1,85,-1,82
1,<environment.Job instance at 0x7fa9ef1db690>,35,24,[8 3],36,-1,106,-1,82
1,<environment.Job instance at 0x7fa9ef1db140>,36,1,[4 7],37,-1,83,-1,82
1,<environment.Job instance at 0x7fa9ef1db280>,37,1,[7 4],38,-1,83,-1,82
1,<environment.Job instance at 0x7fa9ee1275a0>,42,2,[7 4],43,-1,108,-1,106
1,<environment.Job instance at 0x7fa9ee109140>,44,2,[9 2],45,-1,108,-1,106
1,<environment.Job instance at 0x7fa9ee0d9af0>,49,2,[ 4 10],50,-1,138,-1,136
1,<environment.Job instance at 0x7fa9ee0d9aa0>,50,1,[9 5],51,-1,137,-1,136
1,<environment.Job instance at 0x7fa9ee0d9910>,51,13,[12  4],52,-1,149,-1,136
1,<environment.Job instance at 0x7fa9ee10bf50>,11,3,[5 2],12,-1,15,-1,12
1,<environment.Job instance at 0x7fa9ee10b8c0>,18,2,[5 8],19,-1,38,-1,36
1,<environment.Job instance at 0x7fa9ee10baf0>,19,3,[14  1],20,-1,39,-1,36
1,<environment.Job instance at 0x7fa9ee0cdaa0>,26,3,[8 3],27,-1,77,-1,74
1,<environment.Job instance at 0x7fa9ee0cdc80>,27,1,[10  5],28,-1,75,-1,74
1,<environment.Job instance at 0x7fa9ee0cdaf0>,28,2,[13  3],29,-1,76,-1,74
1,<environment.Job instance at 0x7fa9ee0cd500>,29,1,[5 1],30,-1,75,-1,74
1,<environment.Job instance at 0x7fa9ee0cda00>,31,3,[6 4],32,-1,84,-1,81
1,<environment.Job instance at 0x7fa9ee0cd960>,32,17,[ 2 10],33,-1,98,-1,81
1,<environment.Job instance at 0x7fa9ee0cab90>,34,12,[9 1],35,-1,105,-1,93
1,<environment.Job instance at 0x7fa9ee0caf00>,35,2,[6 3],36,-1,95,-1,93
1,<environment.Job instance at 0x7fa9ee0cab40>,37,3,[8 1],38,-1,97,-1,94
1,<environment.Job instance at 0x7fa9ee0ca7d0>,40,24,[10  4],41,-1,133,-1,109
1,<environment.Job instance at 0x7fa9ee0ca6e0>,41,21,[4 7],42,-1,131,-1,110
1,<environment.Job instance at 0x7fa9ee0ca730>,42,17,[ 2 11],43,-1,127,-1,110
1,<environment.Job instance at 0x7fa9ee0ca960>,44,1,[ 2 11],45,-1,124,-1,123
1,<environment.Job instance at 0x7fa9ee0ca820>,45,2,[4 7],46,-1,125,-1,123
1,<environment.Job instance at 0x7fa9ee0c71e0>,47,1,[2 6],48,-1,124,-1,123
1,<environment.Job instance at 0x7fa9ee0c7be0>,48,3,[8 3],49,-1,126,-1,123
1,<environment.Job instance at 0x7fa9ef47fd20>,12,12,[ 5 13],13,-1,36,-1,24
1,<environment.Job instance at 0x7fa9ef47f7d0>,13,24,[ 5 11],14,-1,48,-1,24
1,<environment.Job instance at 0x7fa9ef47f3c0>,15,14,[ 1 10],16,-1,38,-1,24
1,<environment.Job instance at 0x7fa9f7e9d780>,20,13,[11  2],21,-1,67,-1,54
1,<environment.Job instance at 0x7fa9f7e9d0a0>,22,14,[3 9],23,-1,87,-1,73
1,<environment.Job instance at 0x7fa9f7cae320>,28,15,[7 3],29,-1,97,-1,82
1,<environment.Job instance at 0x7fa9f7cae730>,30,14,[10  1],31,-1,101,-1,87
1,<environment.Job instance at 0x7fa9f7cae5a0>,31,3,[1 9],32,-1,90,-1,87
1,<environment.Job instance at 0x7fa9f7cae910>,32,3,[7 1],33,-1,90,-1,87
1,<environment.Job instance at 0x7fa9f7cae460>,33,22,[5 2],34,-1,109,-1,87
1,<environment.Job instance at 0x7fa9eea07d20>,6,27,[5 2],7,-1,34,-1,7
1,<environment.Job instance at 0x7fa9eea2a820>,7,14,[ 3 14],8,-1,22,-1,8
1,<environment.Job instance at 0x7fa9eea28af0>,20,1,[ 2 10],21,-1,37,-1,36
1,<environment.Job instance at 0x7fa9eea28dc0>,21,2,[1 5],22,-1,38,-1,36
1,<environment.Job instance at 0x7fa9eea28eb0>,22,1,[9 5],23,-1,37,-1,36
1,<environment.Job instance at 0x7fa9eea23640>,24,28,[4 5],25,-1,75,-1,47
1,<environment.Job instance at 0x7fa9eea23230>,25,3,[9 2],26,-1,50,-1,47
1,<environment.Job instance at 0x7fa9ee2113c0>,27,2,[ 5 13],28,-1,55,-1,53
1,<environment.Job instance at 0x7fa9ef2e9d70>,29,1,[4 5],30,-1,63,-1,62
1,<environment.Job instance at 0x7fa9ee23d5a0>,31,25,[10  1],32,-1,91,-1,66
1,<environment.Job instance at 0x7fa9ef2b4190>,33,2,[5 1],34,-1,76,-1,74
1,<environment.Job instance at 0x7fa9ee708cd0>,37,1,[2 6],38,-1,90,-1,89
1,<environment.Job instance at 0x7fa9ee73f910>,42,2,[1 7],43,-1,121,-1,119
1,<environment.Job instance at 0x7fa9ef2e4780>,7,24,[5 9],8,-1,32,-1,8
1,<environment.Job instance at 0x7fa9ef2e4640>,9,3,[1 7],10,-1,16,-1,13
1,<environment.Job instance at 0x7fa9ef2e8c30>,13,2,[2 7],14,-1,16,-1,14
1,<environment.Job instance at 0x7fa9ef2e8dc0>,14,3,[10  5],15,-1,18,-1,15
1,<environment.Job instance at 0x7fa9ef2e81e0>,18,2,[4 6],19,-1,32,-1,30
1,<environment.Job instance at 0x7fa9ef2e8500>,19,26,[2 6],20,-1,56,-1,30
1,<environment.Job instance at 0x7fa9eeade780>,10,25,[5 3],11,-1,40,-1,15
1,<environment.Job instance at 0x7fa9eeaf25a0>,15,2,[8 1],16,-1,18,-1,16
1,<environment.Job instance at 0x7fa9eee2c0f0>,17,1,[ 4 10],18,-1,19,-1,18
1,<environment.Job instance at 0x7fa9eeb04e60>,23,3,[8 1],24,-1,44,-1,41
1,<environment.Job instance at 0x7fa9eee3d730>,26,3,[ 5 14],27,-1,58,-1,55
1,<environment.Job instance at 0x7fa9eeb025a0>,33,1,[5 4],34,-1,91,-1,90
1,<environment.Job instance at 0x7fa9eee1f8c0>,34,3,[8 2],35,-1,93,-1,90
1,<environment.Job instance at 0x7fa9eee1fe60>,35,1,[1 8],36,-1,91,-1,90
1,<environment.Job instance at 0x7fa9eea8daf0>,37,16,[11  1],38,-1,115,-1,99
1,<environment.Job instance at 0x7fa9eee1f780>,38,3,[ 4 10],39,-1,102,-1,99
1,<environment.Job instance at 0x7fa9eeaac230>,43,3,[5 3],44,-1,136,-1,133
1,<environment.Job instance at 0x7fa9eeaa74b0>,45,1,[6 1],46,-1,134,-1,133
1,<environment.Job instance at 0x7fa9eeaa7640>,46,1,[ 5 10],47,-1,134,-1,133
1,<environment.Job instance at 0x7fa9eeaa78c0>,47,16,[ 5 13],48,-1,149,-1,133
1,<environment.Job instance at 0x7fa9eeaa7a00>,48,1,[1 9],49,-1,134,-1,133
1,<environment.Job instance at 0x7fa9eeaa7b40>,49,2,[13  4],50,-1,135,-1,133
1,<environment.Job instance at 0x7fa9eeaa7fa0>,50,2,[5 2],51,-1,135,-1,133
1,<environment.Job instance at 0x7fa9eecf9140>,10,1,[2 5],11,-1,32,-1,31
1,<environment.Job instance at 0x7fa9eecf9960>,12,3,[4 6],13,-1,46,-1,43
1,<environment.Job instance at 0x7fa9eecf9a50>,13,1,[5 5],14,-1,44,-1,43
1,<environment.Job instance at 0x7fa9eecf95a0>,15,2,[ 3 11],16,-1,45,-1,43
1,<environment.Job instance at 0x7fa9eecf9050>,16,15,[ 3 10],17,-1,67,-1,52
1,<environment.Job instance at 0x7fa9eecf9cd0>,17,1,[10  3],18,-1,53,-1,52
1,<environment.Job instance at 0x7fa9eecf9f00>,20,3,[8 1],21,-1,58,-1,55
1,<environment.Job instance at 0x7fa9eecf9d70>,22,3,[ 4 11],23,-1,69,-1,66
1,<environment.Job instance at 0x7fa9ee81b320>,27,3,[5 2],28,-1,89,-1,86
1,<environment.Job instance at 0x7fa9ee81b4b0>,28,24,[5 6],29,-1,110,-1,86
1,<environment.Job instance at 0x7fa9ee81b2d0>,29,2,[1 7],30,-1,88,-1,86
1,<environment.Job instance at 0x7fa9ee81b460>,30,3,[ 3 12],31,-1,89,-1,86
1,<environment.Job instance at 0x7fa9ee81bdc0>,35,1,[4 9],36,-1,108,-1,107
1,<environment.Job instance at 0x7fa9ee81bf50>,37,2,[9 4],38,-1,109,-1,107
1,<environment.Job instance at 0x7fa9ee81b3c0>,38,12,[10  3],39,-1,119,-1,107
1,<environment.Job instance at 0x7fa9ee81b820>,39,13,[10  4],40,-1,129,-1,116
1,<environment.Job instance at 0x7fa9ee81bfa0>,40,20,[ 4 10],41,-1,136,-1,116
1,<environment.Job instance at 0x7fa9ee81bd20>,41,1,[ 3 10],42,-1,117,-1,116
1,<environment.Job instance at 0x7fa9ee81ba00>,43,14,[ 4 10],44,-1,135,-1,121
1,<environment.Job instance at 0x7fa9ee81b280>,44,2,[1 9],45,-1,123,-1,121
1,<environment.Job instance at 0x7fa9ee81be60>,46,24,[4 5],47,-1,145,-1,121
1,<environment.Job instance at 0x7fa9ee81b6e0>,47,24,[4 8],48,-1,145,-1,121
1,<environment.Job instance at 0x7fa9ee81b550>,48,3,[9 5],49,-1,124,-1,121
1,<environment.Job instance at 0x7fa9f814f320>,49,3,[5 4],50,-1,124,-1,121
1,<environment.Job instance at 0x7fa9f814f190>,50,2,[3 5],51,-1,123,-1,121
1,<environment.Job instance at 0x7fa9f814f640>,51,12,[3 5],52,-1,133,-1,121
1,<environment.Job instance at 0x7fa9f814f370>,52,2,[1 9],53,-1,123,-1,121
1,<environment.Job instance at 0x7fa9f814faa0>,53,1,[3 7],54,-1,122,-1,121
1,<environment.Job instance at 0x7fa9eef331e0>,54,3,[8 5],55,-1,124,-1,121
1,<environment.Job instance at 0x7fa9eef33410>,55,2,[9 5],56,-1,123,-1,121
1,<environment.Job instance at 0x7fa9edec6d20>,4,3,[13  1],5,-1,8,-1,5
1,<environment.Job instance at 0x7fa9ede63e10>,8,3,[1 7],9,-1,15,-1,12
1,<environment.Job instance at 0x7fa9ede639b0>,15,25,[4 5],16,-1,41,-1,16
1,<environment.Job instance at 0x7fa9ede63b40>,16,2,[ 1 10],17,-1,19,-1,17
1,<environment.Job instance at 0x7fa9ede637d0>,17,3,[2 7],18,-1,27,-1,24
1,<environment.Job instance at 0x7fa9ede631e0>,19,1,[5 6],20,-1,25,-1,24
1,<environment.Job instance at 0x7fa9edf457d0>,37,26,[ 3 10],38,-1,123,-1,97
1,<environment.Job instance at 0x7fa9ee5403c0>,6,1,[7 4],7,-1,8,-1,7
1,<environment.Job instance at 0x7fa9ee540a50>,8,2,[7 4],9,-1,17,-1,15
1,<environment.Job instance at 0x7fa9ee540870>,15,2,[8 1],16,-1,18,-1,16
1,<environment.Job instance at 0x7fa9ee540550>,16,1,[ 3 11],17,-1,18,-1,17
1,<environment.Job instance at 0x7fa9ef0d1460>,25,15,[ 1 10],26,-1,70,-1,55
1,<environment.Job instance at 0x7fa9ef0d10a0>,27,1,[7 5],28,-1,56,-1,55
1,<environment.Job instance at 0x7fa9ef0d1320>,28,1,[10  1],29,-1,56,-1,55
1,<environment.Job instance at 0x7fa9ef0d1a50>,29,3,[3 5],30,-1,58,-1,55
1,<environment.Job instance at 0x7fa9ef0d13c0>,30,3,[ 2 10],31,-1,58,-1,55
1,<environment.Job instance at 0x7fa9ef0d1960>,34,2,[1 5],35,-1,79,-1,77
1,<environment.Job instance at 0x7fa9ef0d1370>,35,3,[9 4],36,-1,80,-1,77
1,<environment.Job instance at 0x7fa9ef0d1b40>,36,25,[8 1],37,-1,102,-1,77
1,<environment.Job instance at 0x7fa9ef503370>,2,13,[13  5],3,-1,16,-1,3
1,<environment.Job instance at 0x7fa9eecf96e0>,15,2,[5 2],16,-1,25,-1,23
1,<environment.Job instance at 0x7fa9eecf9d70>,16,12,[14  2],17,-1,35,-1,23
1,<environment.Job instance at 0x7fa9eecf9d20>,17,19,[ 2 10],18,-1,69,-1,50
1,<environment.Job instance at 0x7fa9ee4e80a0>,25,2,[5 7],26,-1,52,-1,50
1,<environment.Job instance at 0x7fa9ee4e8820>,27,3,[10  5],28,-1,59,-1,56
1,<environment.Job instance at 0x7fa9ee4e8050>,30,12,[ 1 13],31,-1,86,-1,74
1,<environment.Job instance at 0x7fa9ee4e8730>,32,2,[4 5],33,-1,76,-1,74
1,<environment.Job instance at 0x7fa9ee4e86e0>,34,2,[8 4],35,-1,89,-1,87
1,<environment.Job instance at 0x7fa9ee4e8af0>,35,2,[11  4],36,-1,89,-1,87
1,<environment.Job instance at 0x7fa9ee4e8190>,36,1,[6 4],37,-1,88,-1,87
1,<environment.Job instance at 0x7fa9ee4e8a00>,38,2,[6 3],39,-1,104,-1,102
1,<environment.Job instance at 0x7fa9ef430730>,22,18,[ 3 13],23,-1,72,-1,54
1,<environment.Job instance at 0x7fa9eeba3eb0>,4,1,[8 2],5,-1,6,-1,5
1,<environment.Job instance at 0x7fa9eeba3dc0>,5,3,[14  3],6,-1,9,-1,6
1,<environment.Job instance at 0x7fa9eeba3c80>,10,3,[8 1],11,-1,14,-1,11
1,<environment.Job instance at 0x7fa9ee8cbe10>,15,27,[1 5],16,-1,47,-1,20
1,<environment.Job instance at 0x7fa9ee8cb280>,17,2,[ 1 10],18,-1,22,-1,20
1,<environment.Job instance at 0x7fa9ee8cbb90>,18,1,[4 7],19,-1,22,-1,21
1,<environment.Job instance at 0x7fa9ee8cb3c0>,19,3,[13  3],20,-1,24,-1,21
1,<environment.Job instance at 0x7fa9ee8cb8c0>,26,1,[10  1],27,-1,52,-1,51
1,<environment.Job instance at 0x7fa9eeb9eaf0>,39,1,[1 7],40,-1,120,-1,119
1,<environment.Job instance at 0x7fa9eeb9e190>,42,3,[10  5],43,-1,122,-1,119
1,<environment.Job instance at 0x7fa9eeb9ee10>,43,2,[4 5],44,-1,121,-1,119
1,<environment.Job instance at 0x7fa9ef6ee780>,11,23,[8 4],12,-1,40,-1,17
1,<environment.Job instance at 0x7fa9ef6ee320>,16,2,[ 2 12],17,-1,19,-1,17
1,<environment.Job instance at 0x7fa9ef6eea00>,17,2,[1 9],18,-1,20,-1,18
1,<environment.Job instance at 0x7fa9ef6ee460>,18,2,[7 4],19,-1,21,-1,19
1,<environment.Job instance at 0x7fa9ef6ee8c0>,19,1,[5 4],20,-1,21,-1,20
1,<environment.Job instance at 0x7fa9ef6ee410>,20,1,[3 6],21,-1,22,-1,21
1,<environment.Job instance at 0x7fa9ef6ee960>,22,2,[6 2],23,-1,35,-1,33
1,<environment.Job instance at 0x7fa9ef6ee370>,24,3,[ 3 10],25,-1,36,-1,33
1,<environment.Job instance at 0x7fa9ef6ee870>,25,27,[6 2],26,-1,60,-1,33
1,<environment.Job instance at 0x7fa9ef6ee280>,26,2,[9 1],27,-1,35,-1,33
1,<environment.Job instance at 0x7fa9ef6da820>,28,3,[ 3 12],29,-1,51,-1,48
1,<environment.Job instance at 0x7fa9ef6dae60>,37,3,[6 1],38,-1,99,-1,96
1,<environment.Job instance at 0x7fa9ef1b0280>,55,2,[10  4],56,-1,137,-1,135
1,<environment.Job instance at 0x7fa9ef1b0c30>,56,14,[ 5 11],57,-1,149,-1,135
1,<environment.Job instance at 0x7fa9edfd0500>,59,22,[14  5],60,-1,158,-1,136
1,<environment.Job instance at 0x7fa9ede3e780>,10,27,[3 8],11,-1,39,-1,12
1,<environment.Job instance at 0x7fa9ef5f5690>,11,16,[ 3 14],12,-1,28,-1,12
1,<environment.Job instance at 0x7fa9ef5fbeb0>,7,14,[9 1],8,-1,28,-1,14
1,<environment.Job instance at 0x7fa9eeb78230>,18,1,[7 4],19,-1,27,-1,26
1,<environment.Job instance at 0x7fa9ef5e0320>,19,3,[ 1 10],20,-1,29,-1,26
1,<environment.Job instance at 0x7fa9ef196cd0>,30,3,[2 6],31,-1,62,-1,59
1,<environment.Job instance at 0x7fa9ede0ecd0>,37,1,[10  1],38,-1,90,-1,89
1,<environment.Job instance at 0x7fa9ede0ea50>,39,1,[3 8],40,-1,90,-1,89
1,<environment.Job instance at 0x7fa9ede0ec30>,40,23,[ 1 12],41,-1,112,-1,89
1,<environment.Job instance at 0x7fa9ede0ee10>,42,28,[1 7],43,-1,130,-1,102
1,<environment.Job instance at 0x7fa9ede0e3c0>,45,26,[ 4 10],46,-1,134,-1,108
1,<environment.Job instance at 0x7fa9ede0e730>,46,1,[7 2],47,-1,109,-1,108
1,<environment.Job instance at 0x7fa9ede0e190>,49,22,[12  5],50,-1,141,-1,119
1,<environment.Job instance at 0x7fa9ef5da820>,50,2,[ 4 10],51,-1,121,-1,119
1,<environment.Job instance at 0x7fa9ee49c780>,7,1,[ 5 12],8,-1,9,-1,8
1,<environment.Job instance at 0x7fa9ef172d20>,8,1,[ 2 10],9,-1,11,-1,10
1,<environment.Job instance at 0x7fa9ef172e10>,13,1,[10  2],14,-1,17,-1,16
1,<environment.Job instance at 0x7fa9ef172c80>,16,22,[9 5],17,-1,139,-1,117
1,<environment.Job instance at 0x7fa9ef186320>,32,2,[10  2],33,-1,119,-1,117
1,<environment.Job instance at 0x7fa9ef186910>,33,1,[3 5],34,-1,118,-1,117
1,<environment.Job instance at 0x7fa9ef186a00>,34,3,[10  1],35,-1,120,-1,117
1,<environment.Job instance at 0x7fa9ef1865a0>,35,1,[10  4],36,-1,118,-1,117
1,<environment.Job instance at 0x7fa9ef186f50>,36,1,[1 6],37,-1,118,-1,117
1,<environment.Job instance at 0x7fa9ef186cd0>,37,15,[3 5],38,-1,133,-1,118
1,<environment.Job instance at 0x7fa9ef186780>,38,13,[14  1],39,-1,131,-1,118
1,<environment.Job instance at 0x7fa9ef186c30>,39,13,[3 8],40,-1,131,-1,118
1,<environment.Job instance at 0x7fa9ef186280>,40,20,[9 2],41,-1,149,-1,129
1,<environment.Job instance at 0x7fa9ef1860a0>,41,15,[ 3 13],42,-1,144,-1,129
1,<environment.Job instance at 0x7fa9ef186190>,42,17,[4 7],43,-1,146,-1,129
1,<environment.Job instance at 0x7fa9ef186640>,43,18,[2 9],44,-1,147,-1,129
1,<environment.Job instance at 0x7fa9ef1869b0>,44,15,[9 1],45,-1,144,-1,129
1,<environment.Job instance at 0x7fa9ef186fa0>,45,3,[3 8],46,-1,132,-1,129
1,<environment.Job instance at 0x7fa9ef16fcd0>,46,26,[ 4 10],47,-1,155,-1,129
1,<environment.Job instance at 0x7fa9ef16fe60>,47,12,[3 5],48,-1,141,-1,129
1,<environment.Job instance at 0x7fa9ef16f0a0>,48,3,[6 2],49,-1,132,-1,129
1,<environment.Job instance at 0x7fa9ef16f5f0>,49,17,[7 1],50,-1,146,-1,129
1,<environment.Job instance at 0x7fa9ef16fbe0>,50,13,[1 5],51,-1,142,-1,129
1,<environment.Job instance at 0x7fa9ef16fdc0>,51,3,[ 2 12],52,-1,132,-1,129
1,<environment.Job instance at 0x7fa9ef16fa00>,52,14,[5 6],53,-1,143,-1,129
1,<environment.Job instance at 0x7fa9ef16f1e0>,53,13,[2 7],54,-1,142,-1,129
1,<environment.Job instance at 0x7fa9ef16f780>,54,19,[1 7],55,-1,148,-1,129
1,<environment.Job instance at 0x7fa9ef16fe10>,55,13,[13  4],56,-1,142,-1,129
1,<environment.Job instance at 0x7fa9ef16ff50>,56,25,[ 3 12],57,-1,154,-1,129
1,<environment.Job instance at 0x7fa9ef16f6e0>,57,17,[7 2],58,-1,146,-1,129
1,<environment.Job instance at 0x7fa9ef16f5a0>,58,1,[2 8],59,-1,130,-1,129
1,<environment.Job instance at 0x7fa9ef16f3c0>,59,1,[8 5],60,-1,130,-1,129
1,<environment.Job instance at 0x7fa9ef16f9b0>,60,1,[8 2],61,-1,130,-1,129
1,<environment.Job instance at 0x7fa9ef16f370>,61,3,[5 9],62,-1,132,-1,129
1,<environment.Job instance at 0x7fa9ef16f190>,62,1,[1 9],63,-1,130,-1,129
1,<environment.Job instance at 0x7fa9ef16ff00>,63,2,[7 1],64,-1,131,-1,129
1,<environment.Job instance at 0x7fa9ee0670a0>,64,25,[7 4],65,-1,154,-1,129
1,<environment.Job instance at 0x7fa9ee0670f0>,65,22,[9 2],66,-1,152,-1,130
1,<environment.Job instance at 0x7fa9ee067230>,66,28,[6 2],67,-1,158,-1,130
1,<environment.Job instance at 0x7fa9ee067cd0>,67,3,[7 1],68,-1,133,-1,130
1,<environment.Job instance at 0x7fa9ee0677d0>,68,19,[2 5],69,-1,149,-1,130
1,<environment.Job instance at 0x7fa9ee067fa0>,69,3,[5 8],70,-1,133,-1,130
1,<environment.Job instance at 0x7fa9ee0671e0>,70,1,[ 2 11],71,-1,131,-1,130
1,<environment.Job instance at 0x7fa9ee080960>,71,21,[7 2],72,-1,151,-1,130
1,<environment.Job instance at 0x7fa9ee080500>,72,14,[ 4 14],73,-1,144,-1,130
1,<environment.Job instance at 0x7fa9ee080d70>,73,22,[10  1],74,-1,152,-1,130
1,<environment.Job instance at 0x7fa9ee0805a0>,74,2,[8 2],75,-1,132,-1,130
1,<environment.Job instance at 0x7fa9ee0800f0>,75,14,[7 2],76,-1,144,-1,130
1,<environment.Job instance at 0x7fa9ee080c80>,76,18,[10  3],77,-1,151,-1,133
1,<environment.Job instance at 0x7fa9ee080140>,77,16,[3 9],78,-1,149,-1,133
1,<environment.Job instance at 0x7fa9ee080780>,78,1,[8 1],79,-1,134,-1,133
1,<environment.Job instance at 0x7fa9ee080f00>,79,3,[7 2],80,-1,136,-1,133
1,<environment.Job instance at 0x7fa9ee080e60>,80,18,[ 2 13],81,-1,151,-1,133
1,<environment.Job instance at 0x7fa9ee080b90>,81,1,[3 6],82,-1,134,-1,133
1,<environment.Job instance at 0x7fa9ee080af0>,82,17,[1 9],83,-1,150,-1,133
1,<environment.Job instance at 0x7fa9ee080050>,83,1,[7 5],84,-1,134,-1,133
1,<environment.Job instance at 0x7fa9ee080e10>,84,17,[10  1],85,-1,150,-1,133
1,<environment.Job instance at 0x7fa9ee069460>,85,2,[1 9],86,-1,135,-1,133
1,<environment.Job instance at 0x7fa9ee5ed410>,6,2,[12  3],7,-1,9,-1,7
1,<environment.Job instance at 0x7fa9ee5ed910>,11,1,[8 4],12,-1,17,-1,16
1,<environment.Job instance at 0x7fa9ee5eda50>,12,2,[ 1 10],13,-1,18,-1,16
1,<environment.Job instance at 0x7fa9ee5edbe0>,14,3,[14  3],15,-1,33,-1,30
1,<environment.Job instance at 0x7fa9ee5edc80>,15,2,[5 1],16,-1,32,-1,30
1,<environment.Job instance at 0x7fa9ee5edeb0>,16,2,[4 7],17,-1,32,-1,30
1,<environment.Job instance at 0x7fa9ee5edf50>,17,2,[10  1],18,-1,32,-1,30
1,<environment.Job instance at 0x7fa9ee5eddc0>,19,15,[13  3],20,-1,45,-1,30
1,<environment.Job instance at 0x7fa9ee5edf00>,20,24,[7 2],21,-1,54,-1,30
1,<environment.Job instance at 0x7fa9ee5e7280>,22,25,[7 5],23,-1,55,-1,30
1,<environment.Job instance at 0x7fa9ee5e7500>,26,3,[12  5],27,-1,64,-1,61
1,<environment.Job instance at 0x7fa9ee5e7640>,28,2,[5 8],29,-1,65,-1,63
1,<environment.Job instance at 0x7fa9ee5e7b40>,35,3,[9 1],36,-1,111,-1,108
1,<environment.Job instance at 0x7f2b274e8320>,1,15,[ 1 14],2,-1,17,-1,2
1,<environment.Job instance at 0x7f2b1dd70870>,6,12,[11  4],7,-1,20,-1,8
1,<environment.Job instance at 0x7f2b1dd70e10>,15,3,[10  2],16,-1,38,-1,35
1,<environment.Job instance at 0x7f2b1dd70f50>,17,3,[10  3],18,-1,50,-1,47
1,<environment.Job instance at 0x7f2b1dd70a00>,19,17,[12  3],20,-1,67,-1,50
1,<environment.Job instance at 0x7f2b1dd72190>,20,1,[3 7],21,-1,51,-1,50
1,<environment.Job instance at 0x7f2b1dd72230>,21,3,[ 2 10],22,-1,53,-1,50
1,<environment.Job instance at 0x7f2b1dd724b0>,22,2,[12  3],23,-1,52,-1,50
1,<environment.Job instance at 0x7f2b1dd72690>,27,2,[6 4],28,-1,72,-1,70
1,<environment.Job instance at 0x7f2b1dd72730>,28,2,[5 9],29,-1,72,-1,70
1,<environment.Job instance at 0x7f2b1dd72870>,30,1,[5 5],31,-1,71,-1,70
1,<environment.Job instance at 0x7f2b1dd72a50>,33,2,[5 3],34,-1,89,-1,87
1,<environment.Job instance at 0x7f2b1dd72af0>,34,3,[9 5],35,-1,90,-1,87
1,<environment.Job instance at 0x7f2b1dd72140>,36,2,[5 1],37,-1,105,-1,103
1,<environment.Job instance at 0x7f2b1dd72fa0>,40,1,[1 8],41,-1,122,-1,121
1,<environment.Job instance at 0x7f2b1dd76050>,43,28,[6 4],44,-1,159,-1,131
1,<environment.Job instance at 0x7f2b1dd760f0>,44,17,[ 5 12],45,-1,148,-1,131
1,<environment.Job instance at 0x7f2b1dd762d0>,46,3,[5 4],47,-1,140,-1,137
1,<environment.Job instance at 0x7f2b1dd765a0>,47,1,[2 6],48,-1,138,-1,137
1,<environment.Job instance at 0x7f2b1dd76460>,49,2,[1 9],50,-1,146,-1,144
1,<environment.Job instance at 0x7f2b1dd76730>,50,27,[9 1],51,-1,171,-1,144
1,<environment.Job instance at 0x7f2b1dd76960>,51,2,[4 9],52,-1,146,-1,144
1,<environment.Job instance at 0x7f2b1dd76690>,52,3,[ 3 11],53,-1,147,-1,144
1,<environment.Job instance at 0x7f2b1dd76af0>,53,18,[ 4 12],54,-1,162,-1,144
1,<environment.Job instance at 0x7f2b274e7280>,4,2,[8 5],5,-1,7,-1,5
1,<environment.Job instance at 0x7f2b1e3b6cd0>,16,22,[11  3],17,-1,43,-1,21
1,<environment.Job instance at 0x7f2b1e3b6690>,22,1,[ 5 10],23,-1,40,-1,39
1,<environment.Job instance at 0x7f2b1d461820>,24,1,[9 4],25,-1,49,-1,48
1,<environment.Job instance at 0x7f2b1d882d70>,25,25,[3 9],26,-1,73,-1,48
1,<environment.Job instance at 0x7f2b1d417870>,26,1,[7 4],27,-1,49,-1,48
1,<environment.Job instance at 0x7f2b1d836a50>,31,1,[5 1],32,-1,88,-1,87
1,<environment.Job instance at 0x7f2b1d44ca00>,32,2,[8 2],33,-1,89,-1,87
1,<environment.Job instance at 0x7f2b1d885870>,33,1,[3 9],34,-1,88,-1,87
1,<environment.Job instance at 0x7f2b1d4285f0>,37,2,[9 3],38,-1,115,-1,113
1,<environment.Job instance at 0x7f2b1d818550>,40,18,[5 1],41,-1,149,-1,131
1,<environment.Job instance at 0x7f2b1d818fa0>,43,3,[5 4],44,-1,134,-1,131
1,<environment.Job instance at 0x7f2b1d8270f0>,45,16,[ 3 10],46,-1,163,-1,147
1,<environment.Job instance at 0x7f2b1d827aa0>,46,23,[5 8],47,-1,170,-1,147
1,<environment.Job instance at 0x7f2b1d827190>,47,3,[4 9],48,-1,150,-1,147
1,<environment.Job instance at 0x7f2b1d8270a0>,48,2,[ 3 10],49,-1,149,-1,147
1,<environment.Job instance at 0x7f2b1d827910>,49,1,[10  3],50,-1,148,-1,147
1,<environment.Job instance at 0x7f2b1d827460>,50,2,[3 8],51,-1,149,-1,147
1,<environment.Job instance at 0x7f2b1d888730>,51,2,[12  1],52,-1,149,-1,147
1,<environment.Job instance at 0x7f2b1d888f00>,52,14,[9 2],53,-1,163,-1,149
1,<environment.Job instance at 0x7f2b1d824fa0>,2,27,[ 2 13],3,-1,30,-1,3
1,<environment.Job instance at 0x7f2b1d3e9d70>,4,1,[3 8],5,-1,7,-1,6
1,<environment.Job instance at 0x7f2b1d41c4b0>,21,18,[ 4 13],22,-1,72,-1,54
1,<environment.Job instance at 0x7f2b1d41c820>,16,2,[6 5],17,-1,56,-1,54
1,<environment.Job instance at 0x7f2b1d45b0f0>,27,16,[ 5 13],28,-1,73,-1,57
1,<environment.Job instance at 0x7f2b1d45b820>,28,2,[1 7],29,-1,59,-1,57
1,<environment.Job instance at 0x7f2b1d45ba00>,29,3,[8 4],30,-1,60,-1,57
1,<environment.Job instance at 0x7f2b1d45bb90>,30,13,[ 4 10],31,-1,87,-1,74
1,<environment.Job instance at 0x7f2b1d45b5a0>,35,1,[5 7],36,-1,75,-1,74
1,<environment.Job instance at 0x7f2b1d45b7d0>,36,2,[3 5],37,-1,76,-1,74
1,<environment.Job instance at 0x7f2b1d45b230>,37,2,[9 1],38,-1,76,-1,74
1,<environment.Job instance at 0x7f2b1e2097d0>,40,18,[11  4],41,-1,109,-1,91
1,<environment.Job instance at 0x7f2b1dba8dc0>,43,1,[2 8],44,-1,107,-1,106
1,<environment.Job instance at 0x7f2b1e218870>,47,2,[5 9],48,-1,123,-1,121
1,<environment.Job instance at 0x7f2b1e29c960>,49,1,[4 6],50,-1,122,-1,121
1,<environment.Job instance at 0x7f2b1db0eb40>,50,1,[2 5],51,-1,122,-1,121
1,<environment.Job instance at 0x7f2b1e2b3aa0>,53,1,[2 8],54,-1,137,-1,136
1,<environment.Job instance at 0x7f2b1d776c30>,5,1,[12  4],6,-1,7,-1,6
1,<environment.Job instance at 0x7f2b1d4d02d0>,12,27,[5 5],13,-1,40,-1,13
1,<environment.Job instance at 0x7f2b1d4d03c0>,11,15,[14  1],12,-1,28,-1,13
1,<environment.Job instance at 0x7f2b1d84c640>,14,25,[1 7],15,-1,40,-1,15
1,<environment.Job instance at 0x7f2b1d81d410>,32,3,[1 7],33,-1,84,-1,81
1,<environment.Job instance at 0x7f2b1d7875f0>,33,3,[9 4],34,-1,84,-1,81
1,<environment.Job instance at 0x7f2b1e3196e0>,34,2,[4 8],35,-1,83,-1,81
1,<environment.Job instance at 0x7f2b1e1ce960>,11,13,[12  4],12,-1,25,-1,12
1,<environment.Job instance at 0x7f2b1e1c47d0>,20,2,[6 4],21,-1,42,-1,40
1,<environment.Job instance at 0x7f2b1e1c41e0>,21,2,[3 5],22,-1,42,-1,40
1,<environment.Job instance at 0x7f2b1e1c4a00>,25,2,[2 9],26,-1,69,-1,67
1,<environment.Job instance at 0x7f2b1d7b8a50>,3,3,[8 4],4,-1,8,-1,5
1,<environment.Job instance at 0x7f2b1d7b88c0>,5,12,[10  1],6,-1,18,-1,6
1,<environment.Job instance at 0x7f2b1dac39b0>,20,16,[ 3 10],21,-1,72,-1,56
1,<environment.Job instance at 0x7f2b1dac3e10>,22,3,[4 8],23,-1,59,-1,56
1,<environment.Job instance at 0x7f2b1dac3af0>,24,2,[1 6],25,-1,70,-1,68
1,<environment.Job instance at 0x7f2b1dac6f00>,26,1,[5 1],27,-1,71,-1,70
1,<environment.Job instance at 0x7f2b1dac6dc0>,27,27,[ 2 11],28,-1,97,-1,70
1,<environment.Job instance at 0x7f2b1dac6870>,28,3,[2 6],29,-1,73,-1,70
1,<environment.Job instance at 0x7f2b1dac6a50>,29,3,[11  2],30,-1,73,-1,70
1,<environment.Job instance at 0x7f2b1dac6a00>,30,2,[3 9],31,-1,72,-1,70
1,<environment.Job instance at 0x7f2b1dac6cd0>,31,2,[7 1],32,-1,72,-1,70
1,<environment.Job instance at 0x7f2b1dac6960>,32,1,[12  5],33,-1,71,-1,70
1,<environment.Job instance at 0x7f2b1dac6280>,33,3,[10  3],34,-1,73,-1,70
1,<environment.Job instance at 0x7f2b1d38c4b0>,37,3,[7 5],38,-1,87,-1,84
1,<environment.Job instance at 0x7f2b1d38cc30>,39,1,[8 2],40,-1,99,-1,98
1,<environment.Job instance at 0x7f2b1d38c0f0>,44,3,[ 3 10],45,-1,118,-1,115
1,<environment.Job instance at 0x7f2b1d38ccd0>,45,1,[7 3],46,-1,116,-1,115
1,<environment.Job instance at 0x7f2b1d38cc80>,46,3,[5 4],47,-1,118,-1,115
1,<environment.Job instance at 0x7f2b1d38c5a0>,47,2,[7 2],48,-1,117,-1,115
1,<environment.Job instance at 0x7f2b1d38cd70>,48,12,[ 4 10],49,-1,129,-1,117
1,<environment.Job instance at 0x7f2b1d38c690>,49,1,[5 7],50,-1,118,-1,117
1,<environment.Job instance at 0x7f2b1d38cd20>,51,3,[3 9],52,-1,128,-1,125
1,<environment.Job instance at 0x7f2b1d3723c0>,55,17,[ 3 10],56,-1,164,-1,147
1,<environment.Job instance at 0x7f2b1e1ce550>,3,1,[12  4],4,-1,5,-1,4
1,<environment.Job instance at 0x7f2b1e1ce4b0>,10,2,[ 2 12],11,-1,13,-1,11
1,<environment.Job instance at 0x7f2b1e412aa0>,12,3,[5 9],13,-1,17,-1,14
1,<environment.Job instance at 0x7f2b1dbd7190>,15,23,[8 4],16,-1,42,-1,19
1,<environment.Job instance at 0x7f2b1dbd7410>,21,3,[2 6],22,-1,35,-1,32
1,<environment.Job instance at 0x7f2b1dbd75a0>,23,3,[8 3],24,-1,35,-1,32
1,<environment.Job instance at 0x7f2b1dbd7d20>,24,15,[11  1],25,-1,47,-1,32
1,<environment.Job instance at 0x7f2b1dbd72d0>,26,1,[7 4],27,-1,49,-1,48
1,<environment.Job instance at 0x7f2b1dbd78c0>,28,3,[2 7],29,-1,51,-1,48
1,<environment.Job instance at 0x7f2b1d3603c0>,31,20,[ 5 13],32,-1,86,-1,66
1,<environment.Job instance at 0x7f2b1d360c80>,32,1,[5 1],33,-1,67,-1,66
1,<environment.Job instance at 0x7f2b1e8a9f50>,35,1,[6 4],36,-1,93,-1,92
1,<environment.Job instance at 0x7f2b1e8a9e10>,36,3,[6 1],37,-1,95,-1,92
1,<environment.Job instance at 0x7f2b1e8a9e60>,37,1,[5 1],38,-1,93,-1,92
1,<environment.Job instance at 0x7f2b1e8a9230>,39,1,[8 1],40,-1,93,-1,92
1,<environment.Job instance at 0x7f2b1e8a9280>,40,24,[7 2],41,-1,116,-1,92
1,<environment.Job instance at 0x7f2b1dea06e0>,42,15,[ 2 10],43,-1,116,-1,101
1,<environment.Job instance at 0x7f2b1dea0aa0>,43,3,[10  3],44,-1,104,-1,101
1,<environment.Job instance at 0x7f2b1dbe3c30>,45,15,[ 1 12],46,-1,124,-1,109
1,<environment.Job instance at 0x7f2b1dbe3190>,47,1,[7 3],48,-1,111,-1,110
1,<environment.Job instance at 0x7f2b1dbe37d0>,48,20,[ 1 10],49,-1,130,-1,110
1,<environment.Job instance at 0x7f2b1dbe35a0>,50,3,[5 3],51,-1,131,-1,128
1,<environment.Job instance at 0x7f2b1dbe3cd0>,52,2,[5 7],53,-1,130,-1,128
1,<environment.Job instance at 0x7f2b1dbe3550>,53,14,[ 4 10],54,-1,150,-1,136
1,<environment.Job instance at 0x7f2b1dbe3460>,55,1,[ 2 10],56,-1,144,-1,143
1,<environment.Job instance at 0x7f2b1dbe38c0>,3,24,[5 3],4,-1,28,-1,4
1,<environment.Job instance at 0x7f2b1d45a0a0>,16,1,[6 3],17,-1,34,-1,33
1,<environment.Job instance at 0x7f2b1d4687d0>,23,3,[8 2],24,-1,79,-1,76
1,<environment.Job instance at 0x7f2b1d468410>,25,3,[5 3],26,-1,83,-1,80
1,<environment.Job instance at 0x7f2b1d770cd0>,35,3,[10  4],36,-1,139,-1,136
1,<environment.Job instance at 0x7f2b1e18caa0>,36,1,[ 4 10],37,-1,137,-1,136
1,<environment.Job instance at 0x7f2b1d772d70>,37,13,[14  4],38,-1,149,-1,136
1,<environment.Job instance at 0x7f2b1e547e60>,9,13,[8 2],10,-1,91,-1,78
1,<environment.Job instance at 0x7f2b1e55dc80>,27,3,[8 1],28,-1,81,-1,78
1,<environment.Job instance at 0x7f2b1e55df50>,28,3,[10  4],29,-1,81,-1,78
1,<environment.Job instance at 0x7f2b1e55d5a0>,30,26,[6 4],31,-1,104,-1,78
1,<environment.Job instance at 0x7f2b1e55deb0>,31,1,[2 5],32,-1,79,-1,78
1,<environment.Job instance at 0x7f2b1e55d370>,32,13,[ 3 10],33,-1,91,-1,78
1,<environment.Job instance at 0x7f2b1e8cab90>,33,14,[ 4 10],34,-1,92,-1,78
1,<environment.Job instance at 0x7f2b1e8ca960>,34,1,[5 5],35,-1,79,-1,78
1,<environment.Job instance at 0x7f2b1e3e7870>,3,14,[14  4],4,-1,18,-1,4
1,<environment.Job instance at 0x7f2b1de7f730>,5,3,[ 1 13],6,-1,9,-1,6
1,<environment.Job instance at 0x7f2b1e4dc960>,6,2,[14  2],7,-1,9,-1,7
1,<environment.Job instance at 0x7f2b1e4dcbe0>,7,15,[ 5 12],8,-1,23,-1,8
1,<environment.Job instance at 0x7f2b1de7ff50>,10,2,[14  4],11,-1,14,-1,12
1,<environment.Job instance at 0x7f2b1e4e4b40>,12,2,[10  3],13,-1,15,-1,13
1,<environment.Job instance at 0x7f2b1e4c9140>,13,1,[1 7],14,-1,15,-1,14
1,<environment.Job instance at 0x7f2b1e4c9280>,14,16,[11  4],15,-1,31,-1,15
1,<environment.Job instance at 0x7f2b1e4c9500>,16,3,[8 2],17,-1,21,-1,18
1,<environment.Job instance at 0x7f2b1e4c9c80>,20,1,[5 2],21,-1,22,-1,21
1,<environment.Job instance at 0x7f2b1e4c98c0>,21,14,[ 2 12],22,-1,36,-1,22
1,<environment.Job instance at 0x7f2b1de95550>,26,1,[7 3],27,-1,58,-1,57
1,<environment.Job instance at 0x7f2b1e4c52d0>,27,15,[ 4 10],28,-1,72,-1,57
1,<environment.Job instance at 0x7f2b1d384870>,28,12,[ 1 10],29,-1,69,-1,57
1,<environment.Job instance at 0x7f2b1e4c5500>,29,1,[7 1],30,-1,58,-1,57
1,<environment.Job instance at 0x7f2b1d759f00>,30,3,[5 1],31,-1,60,-1,57
1,<environment.Job instance at 0x7f2b1e14fd70>,31,2,[3 8],32,-1,59,-1,57
1,<environment.Job instance at 0x7f2b1d5766e0>,35,3,[6 4],36,-1,81,-1,78
1,<environment.Job instance at 0x7f2b1d781b90>,37,3,[1 8],38,-1,81,-1,78
1,<environment.Job instance at 0x7f2b1e15caf0>,38,3,[3 6],39,-1,81,-1,78
1,<environment.Job instance at 0x7f2b1d32c370>,41,3,[10  1],42,-1,92,-1,89
1,<environment.Job instance at 0x7f2b1d32c9b0>,42,18,[1 9],43,-1,107,-1,89
1,<environment.Job instance at 0x7f2b1d32cfa0>,43,2,[2 6],44,-1,91,-1,89
1,<environment.Job instance at 0x7f2b1d821be0>,44,18,[7 1],45,-1,109,-1,91
1,<environment.Job instance at 0x7f2b1d351e10>,45,1,[7 3],46,-1,92,-1,91
1,<environment.Job instance at 0x7f2b1d821cd0>,46,3,[5 5],47,-1,94,-1,91
1,<environment.Job instance at 0x7f2b1d767910>,47,2,[3 7],48,-1,93,-1,91
1,<environment.Job instance at 0x7f2b1d767320>,49,25,[3 6],50,-1,128,-1,103
1,<environment.Job instance at 0x7f2b1d74eeb0>,51,16,[ 5 12],52,-1,131,-1,115
1,<environment.Job instance at 0x7f2b1d74ebe0>,52,3,[2 8],53,-1,118,-1,115
1,<environment.Job instance at 0x7f2b1d74ec30>,53,17,[13  5],54,-1,132,-1,115
1,<environment.Job instance at 0x7f2b1d74ef50>,55,17,[1 7],56,-1,132,-1,115
1,<environment.Job instance at 0x7f2b1d74ec80>,56,16,[1 5],57,-1,131,-1,115
1,<environment.Job instance at 0x7f2b1d74eb40>,57,2,[5 2],58,-1,117,-1,115
1,<environment.Job instance at 0x7f2b1d76e500>,58,13,[10  4],59,-1,128,-1,115
1,<environment.Job instance at 0x7f2b1d76e870>,60,1,[2 5],61,-1,126,-1,125
1,<environment.Job instance at 0x7f2b1d77a140>,61,12,[7 2],62,-1,137,-1,125
1,<environment.Job instance at 0x7f2b1d77a190>,62,3,[4 6],63,-1,128,-1,125
1,<environment.Job instance at 0x7f2b1d77a910>,63,1,[5 5],64,-1,126,-1,125
1,<environment.Job instance at 0x7f2b1d77a5a0>,64,18,[ 4 10],65,-1,144,-1,126
1,<environment.Job instance at 0x7f2b1d77a8c0>,65,2,[ 3 11],66,-1,128,-1,126
1,<environment.Job instance at 0x7f2b1d77a730>,66,15,[ 3 10],67,-1,141,-1,126
1,<environment.Job instance at 0x7f2b1d77a0f0>,67,1,[10  3],68,-1,127,-1,126
1,<environment.Job instance at 0x7f2b1d77ac30>,70,3,[8 1],71,-1,130,-1,127
1,<environment.Job instance at 0x7f2b1d77a500>,72,3,[ 4 11],73,-1,140,-1,137
1,<environment.Job instance at 0x7f2b1d77a1e0>,3,3,[10  2],4,-1,7,-1,4
1,<environment.Job instance at 0x7f2b1dcd4370>,17,1,[10  1],18,-1,33,-1,32
1,<environment.Job instance at 0x7f2b1dcd49b0>,18,3,[2 6],19,-1,35,-1,32
1,<environment.Job instance at 0x7f2b1dcd4410>,24,1,[2 9],25,-1,92,-1,91
1,<environment.Job instance at 0x7f2b1dcd4c30>,27,2,[10  2],28,-1,108,-1,106
1,<environment.Job instance at 0x7f2b1dcd4280>,28,16,[14  4],29,-1,122,-1,106
1,<environment.Job instance at 0x7f2b1dcd4550>,29,17,[ 1 10],30,-1,142,-1,125
1,<environment.Job instance at 0x7f2b1e26b7d0>,35,3,[9 1],36,-1,128,-1,125
1,<environment.Job instance at 0x7f2b1e26b5a0>,37,27,[8 5],38,-1,165,-1,138
1,<environment.Job instance at 0x7f2b1e26bf00>,39,3,[ 1 12],40,-1,141,-1,138
1,<environment.Job instance at 0x7f2b1d0e2e10>,4,1,[ 2 10],5,-1,8,-1,7
1,<environment.Job instance at 0x7f2b1d0e2eb0>,7,22,[2 9],8,-1,45,-1,23
1,<environment.Job instance at 0x7f2b1d0e25f0>,18,26,[2 5],19,-1,49,-1,23
1,<environment.Job instance at 0x7f2b1d1af870>,19,1,[9 3],20,-1,24,-1,23
1,<environment.Job instance at 0x7f2b1d1af460>,28,14,[13  4],29,-1,81,-1,67
1,<environment.Job instance at 0x7f2b1d1afb90>,29,20,[ 3 11],30,-1,87,-1,67
1,<environment.Job instance at 0x7f2b1d1af9b0>,30,1,[1 9],31,-1,68,-1,67
1,<environment.Job instance at 0x7f2b1d1af280>,32,1,[1 5],33,-1,84,-1,83
1,<environment.Job instance at 0x7f2b1d1afd70>,34,2,[3 6],35,-1,85,-1,83
1,<environment.Job instance at 0x7f2b1d4dbeb0>,38,2,[7 4],39,-1,105,-1,103
1,<environment.Job instance at 0x7f2b1d4dbd70>,39,2,[2 6],40,-1,105,-1,103
1,<environment.Job instance at 0x7f2b1d4db4b0>,41,2,[6 3],42,-1,119,-1,117
1,<environment.Job instance at 0x7f2b1d4db410>,42,2,[2 8],43,-1,119,-1,117
1,<environment.Job instance at 0x7f2b1d4db5f0>,45,2,[8 1],46,-1,126,-1,124
1,<environment.Job instance at 0x7f2b1d4db960>,46,1,[ 3 11],47,-1,125,-1,124
1,<environment.Job instance at 0x7f2b1d4db9b0>,48,1,[3 6],49,-1,129,-1,128
1,<environment.Job instance at 0x7f2b1db2d5f0>,49,1,[9 1],50,-1,129,-1,128
1,<environment.Job instance at 0x7f2b1db2d730>,51,23,[1 8],52,-1,170,-1,147
1,<environment.Job instance at 0x7f2b1da1b0a0>,8,17,[13  5],9,-1,26,-1,9
1,<environment.Job instance at 0x7f2b26ed7690>,18,2,[1 7],19,-1,43,-1,41
1,<environment.Job instance at 0x7f2b26ed7730>,21,1,[3 9],22,-1,56,-1,55
1,<environment.Job instance at 0x7f2b1e1eb6e0>,22,13,[13  5],23,-1,68,-1,55
1,<environment.Job instance at 0x7f2b1e1ebf50>,25,2,[ 2 12],26,-1,69,-1,67
1,<environment.Job instance at 0x7f2b1e1eb5f0>,26,1,[3 9],27,-1,68,-1,67
1,<environment.Job instance at 0x7f2b1e1eb690>,29,23,[5 7],30,-1,123,-1,100
1,<environment.Job instance at 0x7f2b1d932c30>,32,2,[5 3],33,-1,102,-1,100
1,<environment.Job instance at 0x7f2b1d932500>,33,25,[ 1 10],34,-1,125,-1,100
1,<environment.Job instance at 0x7f2b1d932e10>,36,12,[14  2],37,-1,116,-1,104
1,<environment.Job instance at 0x7f2b1d932370>,38,1,[ 5 14],39,-1,119,-1,118
1,<environment.Job instance at 0x7f2b1d932c80>,39,1,[5 1],40,-1,119,-1,118
1,<environment.Job instance at 0x7f2b1d932a50>,40,1,[2 9],41,-1,119,-1,118
1,<environment.Job instance at 0x7f2b1d395dc0>,45,2,[5 7],46,-1,136,-1,134
1,<environment.Job instance at 0x7f2b1d395190>,47,3,[10  5],48,-1,150,-1,147
1,<environment.Job instance at 0x7f2b1decc8c0>,17,14,[ 3 12],18,-1,38,-1,24
1,<environment.Job instance at 0x7f2b1decc280>,19,2,[9 5],20,-1,26,-1,24
1,<environment.Job instance at 0x7f2b1decc500>,20,1,[8 3],21,-1,25,-1,24
1,<environment.Job instance at 0x7f2b1decc190>,21,2,[10  3],22,-1,26,-1,24
1,<environment.Job instance at 0x7f2b1deccb90>,22,3,[ 4 10],23,-1,27,-1,24
1,<environment.Job instance at 0x7f2b1e8a15a0>,24,2,[7 5],25,-1,27,-1,25
1,<environment.Job instance at 0x7f2b1df194b0>,25,23,[7 3],26,-1,52,-1,29
1,<environment.Job instance at 0x7f2b1e8a10f0>,26,2,[ 2 10],27,-1,31,-1,29
1,<environment.Job instance at 0x7f2b1df192d0>,28,1,[9 5],29,-1,46,-1,45
1,<environment.Job instance at 0x7f2b1df19190>,32,18,[ 3 13],33,-1,65,-1,47
1,<environment.Job instance at 0x7f2b1df19140>,29,22,[9 1],30,-1,136,-1,114
1,<environment.Job instance at 0x7f2b1d500550>,50,1,[5 8],51,-1,115,-1,114
1,<environment.Job instance at 0x7f2b1d500cd0>,52,26,[9 3],53,-1,151,-1,125
1,<environment.Job instance at 0x7f2b1d5004b0>,54,3,[5 3],55,-1,129,-1,126
1,<environment.Job instance at 0x7f2b1da4bbe0>,56,3,[12  4],57,-1,144,-1,141
1,<environment.Job instance at 0x7f2b1d360af0>,4,1,[8 2],5,-1,6,-1,5
1,<environment.Job instance at 0x7f2b1e8becd0>,5,3,[14  3],6,-1,9,-1,6
1,<environment.Job instance at 0x7f2b1e8be730>,8,3,[ 2 10],9,-1,27,-1,24
1,<environment.Job instance at 0x7f2b1e8bed70>,14,1,[10  2],15,-1,25,-1,24
1,<environment.Job instance at 0x7f2b1e8beb40>,16,18,[ 2 10],17,-1,46,-1,28
1,<environment.Job instance at 0x7f2b1d3123c0>,24,3,[5 1],25,-1,47,-1,44
1,<environment.Job instance at 0x7f2b1e18ce60>,33,3,[6 5],34,-1,92,-1,89
1,<environment.Job instance at 0x7f2b1e36f960>,47,2,[ 4 10],48,-1,139,-1,137
1,<environment.Job instance at 0x7f2b1e36f6e0>,48,3,[8 2],49,-1,140,-1,137
1,<environment.Job instance at 0x7f2b1df0d5f0>,4,3,[11  3],5,-1,8,-1,5
1,<environment.Job instance at 0x7f2b1e9a1e60>,6,2,[ 2 12],7,-1,9,-1,7
1,<environment.Job instance at 0x7f2b1e9a1e10>,7,2,[1 9],8,-1,10,-1,8
1,<environment.Job instance at 0x7f2b1e9a1050>,10,1,[3 6],11,-1,12,-1,11
1,<environment.Job instance at 0x7f2b1df0de60>,12,2,[6 2],13,-1,16,-1,14
1,<environment.Job instance at 0x7f2b1e9a1730>,14,3,[ 3 10],15,-1,18,-1,15
1,<environment.Job instance at 0x7f2b1e9a1dc0>,15,27,[6 2],16,-1,44,-1,17
1,<environment.Job instance at 0x7f2b1e9a1500>,21,2,[7 3],22,-1,25,-1,23
1,<environment.Job instance at 0x7f2b1da224b0>,27,3,[6 1],28,-1,67,-1,64
1,<environment.Job instance at 0x7f2b1da22960>,33,1,[6 2],34,-1,90,-1,89
1,<environment.Job instance at 0x7f2b1da22eb0>,35,1,[ 4 14],36,-1,90,-1,89
1,<environment.Job instance at 0x7f2b1df15780>,37,3,[1 9],38,-1,92,-1,89
1,<environment.Job instance at 0x7f2b1df15d70>,38,2,[2 7],39,-1,91,-1,89
1,<environment.Job instance at 0x7f2b1df15b40>,39,2,[5 3],40,-1,91,-1,89
1,<environment.Job instance at 0x7f2b1df15d20>,40,1,[3 7],41,-1,90,-1,89
1,<environment.Job instance at 0x7f2b1df15280>,41,1,[4 6],42,-1,90,-1,89
1,<environment.Job instance at 0x7f2b1df15640>,43,2,[2 7],44,-1,104,-1,102
1,<environment.Job instance at 0x7f2b1df153c0>,45,2,[10  4],46,-1,104,-1,102
1,<environment.Job instance at 0x7f2b1df152d0>,46,14,[ 5 11],47,-1,116,-1,102
1,<environment.Job instance at 0x7f2b1df155a0>,47,1,[10  4],48,-1,103,-1,102
1,<environment.Job instance at 0x7f2b1df15c30>,48,1,[2 9],49,-1,103,-1,102
1,<environment.Job instance at 0x7f2b1df15910>,49,22,[14  5],50,-1,124,-1,102
1,<environment.Job instance at 0x7f2b1df15c80>,51,1,[ 5 10],52,-1,109,-1,108
1,<environment.Job instance at 0x7f2b1df15eb0>,52,12,[11  2],53,-1,120,-1,108
1,<environment.Job instance at 0x7f2b1dda7d70>,57,1,[10  4],58,-1,134,-1,133
1,<environment.Job instance at 0x7f2b1d7f6230>,1,1,[12  2],2,-1,3,-1,2
1,<environment.Job instance at 0x7f2b1d9f98c0>,17,1,[10  1],18,-1,27,-1,26
1,<environment.Job instance at 0x7f2b1e7030a0>,19,1,[3 8],20,-1,27,-1,26
1,<environment.Job instance at 0x7f2b1e7039b0>,20,23,[ 1 12],21,-1,49,-1,26
1,<environment.Job instance at 0x7f2b1e7032d0>,25,26,[ 4 10],26,-1,100,-1,74
1,<environment.Job instance at 0x7f2b1e703230>,26,1,[7 2],27,-1,75,-1,74
1,<environment.Job instance at 0x7f2b1d6972d0>,29,22,[12  5],30,-1,96,-1,74
1,<environment.Job instance at 0x7f2b1d697050>,30,2,[ 4 10],31,-1,76,-1,74
1,<environment.Job instance at 0x7f2b1d6973c0>,31,17,[ 3 10],32,-1,104,-1,87
1,<environment.Job instance at 0x7f2b1d697960>,33,1,[1 7],34,-1,89,-1,88
1,<environment.Job instance at 0x7f2b1d697d70>,34,27,[3 7],35,-1,115,-1,88
1,<environment.Job instance at 0x7f2b1d6975f0>,38,1,[7 1],39,-1,110,-1,109
1,<environment.Job instance at 0x7f2b1d6976e0>,39,2,[1 8],40,-1,111,-1,109
1,<environment.Job instance at 0x7f2b1e6becd0>,40,1,[2 9],41,-1,110,-1,109
1,<environment.Job instance at 0x7f2b1e6be5a0>,44,3,[1 9],45,-1,128,-1,125
1,<environment.Job instance at 0x7f2b1e6be5f0>,47,2,[10  4],48,-1,151,-1,149
1,<environment.Job instance at 0x7f2b1d02deb0>,4,3,[10  1],5,-1,8,-1,5
1,<environment.Job instance at 0x7f2b1d4921e0>,15,3,[3 8],16,-1,44,-1,41
1,<environment.Job instance at 0x7f2b1d492780>,16,26,[ 4 10],17,-1,67,-1,41
1,<environment.Job instance at 0x7f2b1d492190>,21,3,[ 2 12],22,-1,44,-1,41
1,<environment.Job instance at 0x7f2b1d145050>,25,13,[13  4],26,-1,84,-1,71
1,<environment.Job instance at 0x7f2b1e94b140>,26,25,[ 3 12],27,-1,96,-1,71
1,<environment.Job instance at 0x7f2b1e94bb90>,28,1,[2 8],29,-1,72,-1,71
1,<environment.Job instance at 0x7f2b1da165a0>,29,1,[8 5],30,-1,72,-1,71
1,<environment.Job instance at 0x7f2b1da164b0>,30,1,[8 2],31,-1,72,-1,71
1,<environment.Job instance at 0x7f2b1e5a6910>,31,3,[5 9],32,-1,74,-1,71
1,<environment.Job instance at 0x7f2b1e5a6820>,32,1,[1 9],33,-1,72,-1,71
1,<environment.Job instance at 0x7f2b1e5a6aa0>,33,2,[7 1],34,-1,73,-1,71
1,<environment.Job instance at 0x7f2b1e5a6eb0>,34,25,[7 4],35,-1,96,-1,71
1,<environment.Job instance at 0x7f2b1e5a6550>,35,22,[9 2],36,-1,134,-1,112
1,<environment.Job instance at 0x7f2b1d4ad190>,43,22,[10  1],44,-1,134,-1,112
1,<environment.Job instance at 0x7f2b1d4adbe0>,44,2,[8 2],45,-1,114,-1,112
1,<environment.Job instance at 0x7f2b1d4ad460>,45,14,[7 2],46,-1,127,-1,113
1,<environment.Job instance at 0x7f2b1d4ad2d0>,46,18,[10  3],47,-1,132,-1,114
1,<environment.Job instance at 0x7f2b1e5a63c0>,36,28,[6 2],37,-1,147,-1,119
1,<environment.Job instance at 0x7f2b1d4adb90>,42,14,[ 4 14],43,-1,133,-1,119
1,<environment.Job instance at 0x7f2b1d4ad370>,50,18,[ 2 13],51,-1,137,-1,119
1,<environment.Job instance at 0x7f2b1d4ae5f0>,53,1,[7 5],54,-1,120,-1,119
1,<environment.Job instance at 0x7f2b1d4ae550>,55,2,[1 9],56,-1,131,-1,129
1,<environment.Job instance at 0x7f2b1e10dfa0>,13,3,[5 5],14,-1,17,-1,14
1,<environment.Job instance at 0x7f2b1ddf0dc0>,20,2,[7 1],21,-1,49,-1,47
1,<environment.Job instance at 0x7f2b1ddf01e0>,26,3,[3 8],27,-1,70,-1,67
1,<environment.Job instance at 0x7f2b1ddf0a50>,27,3,[3 5],28,-1,70,-1,67
1,<environment.Job instance at 0x7f2b1ddf08c0>,28,13,[ 5 13],29,-1,80,-1,67
1,<environment.Job instance at 0x7f2b1ddf0320>,29,3,[3 5],30,-1,70,-1,67
1,<environment.Job instance at 0x7f2b1ddf0280>,30,1,[4 6],31,-1,68,-1,67
1,<environment.Job instance at 0x7f2b1d50afa0>,31,1,[2 7],32,-1,68,-1,67
1,<environment.Job instance at 0x7f2b1d50ae10>,32,3,[ 5 13],33,-1,70,-1,67
1,<environment.Job instance at 0x7f2b1d50a370>,42,1,[10  2],43,-1,124,-1,123
1,<environment.Job instance at 0x7f2b1d50abe0>,44,26,[8 5],45,-1,154,-1,128
1,<environment.Job instance at 0x7f2b1d50ac80>,46,2,[5 2],47,-1,137,-1,135
1,<environment.Job instance at 0x7f2b1d50aaa0>,48,2,[1 6],49,-1,147,-1,145
1,<environment.Job instance at 0x7f2b1e541d20>,49,3,[9 2],50,-1,148,-1,145
1,<environment.Job instance at 0x7f2b1d5778c0>,8,27,[9 1],9,-1,45,-1,18
1,<environment.Job instance at 0x7f2b1d5873c0>,15,26,[6 1],16,-1,44,-1,18
1,<environment.Job instance at 0x7f2b1d587370>,20,26,[4 5],21,-1,86,-1,60
1,<environment.Job instance at 0x7f2b1d587730>,22,2,[7 2],23,-1,78,-1,76
1,<environment.Job instance at 0x7fb7e131b8c0>,6,12,[11  4],7,-1,22,-1,10
1,<environment.Job instance at 0x7fb7e131baa0>,10,1,[7 3],11,-1,21,-1,20
1,<environment.Job instance at 0x7fb7e131bb40>,11,2,[3 9],12,-1,22,-1,20
1,<environment.Job instance at 0x7fb7e131bdc0>,15,3,[10  2],16,-1,36,-1,33
1,<environment.Job instance at 0x7fb7e131b9b0>,19,17,[12  3],20,-1,65,-1,48
1,<environment.Job instance at 0x7fb7e131d320>,20,1,[3 7],21,-1,49,-1,48
1,<environment.Job instance at 0x7fb7e131d190>,21,3,[ 2 10],22,-1,51,-1,48
1,<environment.Job instance at 0x7fb7e131d050>,22,2,[12  3],23,-1,50,-1,48
1,<environment.Job instance at 0x7fb7e131d460>,24,3,[5 9],25,-1,53,-1,50
1,<environment.Job instance at 0x7fb7e131d500>,25,3,[1 6],26,-1,53,-1,50
1,<environment.Job instance at 0x7fb7e131d5a0>,26,22,[2 9],27,-1,72,-1,50
1,<environment.Job instance at 0x7fb7e131d640>,27,2,[6 4],28,-1,52,-1,50
1,<environment.Job instance at 0x7fb7e131d6e0>,28,2,[5 9],29,-1,52,-1,50
1,<environment.Job instance at 0x7fb7e131d820>,30,1,[5 5],31,-1,59,-1,58
1,<environment.Job instance at 0x7fb7e131d1e0>,33,2,[5 3],34,-1,77,-1,75
1,<environment.Job instance at 0x7fb7e131daa0>,34,3,[9 5],35,-1,78,-1,75
1,<environment.Job instance at 0x7fb7e131daf0>,36,2,[5 1],37,-1,93,-1,91
1,<environment.Job instance at 0x7fb7e131de60>,40,1,[1 8],41,-1,110,-1,109
1,<environment.Job instance at 0x7fb7e1320050>,43,28,[6 4],44,-1,147,-1,119
1,<environment.Job instance at 0x7fb7e13200a0>,44,17,[ 5 12],45,-1,136,-1,119
1,<environment.Job instance at 0x7fb7e1320280>,47,1,[2 6],48,-1,126,-1,125
1,<environment.Job instance at 0x7fb7e1320500>,49,2,[1 9],50,-1,137,-1,135
1,<environment.Job instance at 0x7fb7e1320820>,50,27,[9 1],51,-1,162,-1,135
1,<environment.Job instance at 0x7fb7e1320690>,51,2,[4 9],52,-1,137,-1,135
1,<environment.Job instance at 0x7fb7e1320910>,52,3,[ 3 11],53,-1,138,-1,135
1,<environment.Job instance at 0x7fb7e13209b0>,53,18,[ 4 12],54,-1,153,-1,135
1,<environment.Job instance at 0x7fb7e1320c30>,57,3,[8 4],58,-1,146,-1,143
1,<environment.Job instance at 0x7fb7e1320dc0>,58,1,[5 7],59,-1,144,-1,143
1,<environment.Job instance at 0x7fb7e1320eb0>,60,24,[ 3 10],61,-1,180,-1,156
1,<environment.Job instance at 0x7fb7e1320f50>,61,2,[9 2],62,-1,158,-1,156
1,<environment.Job instance at 0x7fb7e17835f0>,12,1,[ 5 10],13,-1,21,-1,20
1,<environment.Job instance at 0x7fb7e1783780>,14,1,[9 4],15,-1,21,-1,20
1,<environment.Job instance at 0x7fb7e1783b40>,15,25,[3 9],16,-1,45,-1,20
1,<environment.Job instance at 0x7fb7e1783aa0>,21,1,[5 1],22,-1,32,-1,31
1,<environment.Job instance at 0x7fb7e1783af0>,22,2,[8 2],23,-1,33,-1,31
1,<environment.Job instance at 0x7fb7e0dd23c0>,23,1,[3 9],24,-1,32,-1,31
1,<environment.Job instance at 0x7fb7e0dc70f0>,26,26,[9 1],27,-1,78,-1,52
1,<environment.Job instance at 0x7fb7e0dc7e10>,27,2,[9 3],28,-1,54,-1,52
1,<environment.Job instance at 0x7fb7e0c6d960>,33,3,[5 4],34,-1,85,-1,82
1,<environment.Job instance at 0x7fb7e0df54b0>,35,16,[ 3 10],36,-1,115,-1,99
1,<environment.Job instance at 0x7fb7e0dbcd20>,37,3,[4 9],38,-1,102,-1,99
1,<environment.Job instance at 0x7fb7e09bb370>,38,2,[ 3 10],39,-1,101,-1,99
1,<environment.Job instance at 0x7fb7e0dbc5a0>,39,1,[10  3],40,-1,100,-1,99
1,<environment.Job instance at 0x7fb7e0dbc280>,40,2,[3 8],41,-1,101,-1,99
1,<environment.Job instance at 0x7fb7e0dc3eb0>,41,2,[12  1],42,-1,101,-1,99
1,<environment.Job instance at 0x7fb7e0dc3280>,42,14,[9 2],43,-1,118,-1,104
1,<environment.Job instance at 0x7fb7e0dc3b90>,43,27,[5 3],44,-1,131,-1,104
1,<environment.Job instance at 0x7fb7e0dc3960>,44,17,[10  2],45,-1,121,-1,104
1,<environment.Job instance at 0x7fb7e0dc3f00>,46,13,[5 1],47,-1,118,-1,105
1,<environment.Job instance at 0x7fb7e09e6fa0>,47,1,[1 6],48,-1,106,-1,105
1,<environment.Job instance at 0x7fb7e0e73460>,48,22,[9 2],49,-1,128,-1,106
1,<environment.Job instance at 0x7fb7e0dc98c0>,49,3,[ 4 12],50,-1,109,-1,106
1,<environment.Job instance at 0x7fb7e0e73780>,51,18,[ 5 11],52,-1,140,-1,122
1,<environment.Job instance at 0x7fb7e0e27be0>,53,12,[5 1],54,-1,134,-1,122
1,<environment.Job instance at 0x7fb7e0e21320>,55,17,[8 1],56,-1,152,-1,135
1,<environment.Job instance at 0x7fb7e0e21cd0>,57,18,[ 1 10],58,-1,154,-1,136
1,<environment.Job instance at 0x7fb7e0e215a0>,58,28,[7 4],59,-1,164,-1,136
1,<environment.Job instance at 0x7fb7e0e21e60>,59,1,[9 2],60,-1,137,-1,136
1,<environment.Job instance at 0x7fb7e0e21370>,60,2,[4 5],61,-1,138,-1,136
1,<environment.Job instance at 0x7fb7e0e21190>,61,1,[8 3],62,-1,137,-1,136
1,<environment.Job instance at 0x7fb7e0e11460>,62,1,[3 8],63,-1,137,-1,136
1,<environment.Job instance at 0x7fb7e0e11aa0>,64,28,[9 1],65,-1,175,-1,147
1,<environment.Job instance at 0x7fb7e0e115a0>,66,15,[ 5 10],67,-1,167,-1,152
1,<environment.Job instance at 0x7fb7e0e115f0>,67,1,[7 2],68,-1,153,-1,152
1,<environment.Job instance at 0x7fb7e0d841e0>,68,16,[14  3],69,-1,168,-1,152
1,<environment.Job instance at 0x7fb7e0a371e0>,7,16,[ 5 13],8,-1,24,-1,8
1,<environment.Job instance at 0x7fb7e0a37f00>,10,13,[ 4 10],11,-1,24,-1,11
1,<environment.Job instance at 0x7fb7e0a37050>,8,2,[1 7],9,-1,14,-1,12
1,<environment.Job instance at 0x7fb7e0a45c30>,11,16,[2 8],12,-1,28,-1,12
1,<environment.Job instance at 0x7fb7e0a45e60>,15,1,[5 7],16,-1,17,-1,16
1,<environment.Job instance at 0x7fb7e0a45140>,16,2,[3 5],17,-1,19,-1,17
1,<environment.Job instance at 0x7fb7e0a45550>,17,2,[9 1],18,-1,21,-1,19
1,<environment.Job instance at 0x7fb7e0a45dc0>,23,1,[2 8],24,-1,33,-1,32
1,<environment.Job instance at 0x7fb7e0a45af0>,27,2,[5 9],28,-1,54,-1,52
1,<environment.Job instance at 0x7fb7e0a48fa0>,37,16,[ 3 10],38,-1,112,-1,96
1,<environment.Job instance at 0x7fb7e0a48e10>,39,22,[1 6],40,-1,125,-1,103
1,<environment.Job instance at 0x7fb7e0a480f0>,40,1,[5 1],41,-1,105,-1,104
1,<environment.Job instance at 0x7fb7e0a48960>,41,25,[10  4],42,-1,129,-1,104
1,<environment.Job instance at 0x7fb7e0a48190>,42,2,[1 5],43,-1,106,-1,104
1,<environment.Job instance at 0x7fb7e0a48820>,44,22,[1 9],45,-1,133,-1,111
1,<environment.Job instance at 0x7fb7e0a486e0>,46,3,[2 7],47,-1,114,-1,111
1,<environment.Job instance at 0x7fb7e0a488c0>,47,13,[ 1 10],48,-1,124,-1,111
1,<environment.Job instance at 0x7fb7e0a48a50>,48,3,[4 7],49,-1,114,-1,111
1,<environment.Job instance at 0x7fb7e11a1910>,49,18,[ 2 10],50,-1,129,-1,111
1,<environment.Job instance at 0x7fb7e1e086e0>,52,2,[6 3],53,-1,131,-1,129
1,<environment.Job instance at 0x7fb7e11508c0>,53,24,[3 6],54,-1,153,-1,129
1,<environment.Job instance at 0x7fb7e10dab90>,54,2,[4 8],55,-1,131,-1,129
1,<environment.Job instance at 0x7fb7e1a57780>,58,14,[3 6],59,-1,161,-1,147
1,<environment.Job instance at 0x7fb7e10dafa0>,59,3,[9 2],60,-1,150,-1,147
1,<environment.Job instance at 0x7fb7e0fe9e10>,11,1,[11  1],12,-1,14,-1,13
1,<environment.Job instance at 0x7fb7e0a2db90>,18,3,[9 1],19,-1,29,-1,26
1,<environment.Job instance at 0x7fb7e0dc31e0>,22,3,[ 3 10],23,-1,55,-1,52
1,<environment.Job instance at 0x7fb7e0debe10>,24,1,[2 5],25,-1,59,-1,58
1,<environment.Job instance at 0x7fb7e0e30050>,25,2,[9 3],26,-1,60,-1,58
1,<environment.Job instance at 0x7fb7e0fa1eb0>,27,23,[10  4],28,-1,97,-1,74
1,<environment.Job instance at 0x7fb7e09d5550>,33,3,[ 5 13],34,-1,92,-1,89
1,<environment.Job instance at 0x7fb7e09a7f50>,36,17,[13  2],37,-1,119,-1,102
1,<environment.Job instance at 0x7fb7e09a71e0>,37,1,[11  4],38,-1,103,-1,102
1,<environment.Job instance at 0x7fb7e09a78c0>,38,1,[5 3],39,-1,103,-1,102
1,<environment.Job instance at 0x7fb7e09a7c80>,42,17,[ 2 12],43,-1,154,-1,137
1,<environment.Job instance at 0x7fb7e09a7910>,43,1,[8 5],44,-1,138,-1,137
1,<environment.Job instance at 0x7fb7e0a62aa0>,45,24,[10  2],46,-1,162,-1,138
1,<environment.Job instance at 0x7fb7e1e422d0>,9,23,[6 5],10,-1,53,-1,30
1,<environment.Job instance at 0x7fb7e0d609b0>,21,1,[11  4],22,-1,31,-1,30
1,<environment.Job instance at 0x7fb7e0d60230>,25,3,[10  4],26,-1,46,-1,43
1,<environment.Job instance at 0x7fb7e0dcd7d0>,27,2,[ 2 10],28,-1,45,-1,43
1,<environment.Job instance at 0x7fb7e1529d70>,37,13,[ 4 10],38,-1,124,-1,111
1,<environment.Job instance at 0x7fb7e08d8780>,39,2,[9 1],40,-1,113,-1,111
1,<environment.Job instance at 0x7fb7e0d60d20>,42,3,[1 9],43,-1,126,-1,123
1,<environment.Job instance at 0x7fb7e0906190>,43,13,[5 1],44,-1,136,-1,123
1,<environment.Job instance at 0x7fb7e104a320>,44,3,[ 2 12],45,-1,126,-1,123
1,<environment.Job instance at 0x7fb7e093ec30>,45,2,[3 5],46,-1,125,-1,123
1,<environment.Job instance at 0x7fb7e0d45730>,46,12,[1 5],47,-1,135,-1,123
1,<environment.Job instance at 0x7fb7e090b7d0>,47,2,[8 4],48,-1,125,-1,123
1,<environment.Job instance at 0x7fb7e1751e10>,48,14,[9 1],49,-1,139,-1,125
1,<environment.Job instance at 0x7fb7e19dc2d0>,50,1,[9 4],51,-1,139,-1,138
1,<environment.Job instance at 0x7fb7e09608c0>,51,2,[ 3 14],52,-1,140,-1,138
1,<environment.Job instance at 0x7fb7e0959460>,53,3,[10  3],54,-1,141,-1,138
1,<environment.Job instance at 0x7fb7e09187d0>,54,3,[3 6],55,-1,141,-1,138
1,<environment.Job instance at 0x7fb7e0d5c320>,55,1,[8 4],56,-1,139,-1,138
1,<environment.Job instance at 0x7fb7e0d5c730>,56,13,[12  4],57,-1,151,-1,138
1,<environment.Job instance at 0x7fb7e0d5ce10>,57,27,[9 3],58,-1,165,-1,138
1,<environment.Job instance at 0x7fb7e0927280>,60,2,[2 7],61,-1,158,-1,156
1,<environment.Job instance at 0x7fb7e10463c0>,11,3,[1 9],12,-1,23,-1,20
1,<environment.Job instance at 0x7fb7e1046500>,15,1,[5 8],16,-1,41,-1,40
1,<environment.Job instance at 0x7fb7e1046b40>,17,2,[9 3],18,-1,47,-1,45
1,<environment.Job instance at 0x7fb7e10465a0>,19,1,[5 4],20,-1,49,-1,48
1,<environment.Job instance at 0x7fb7e1046050>,20,23,[9 4],21,-1,71,-1,48
1,<environment.Job instance at 0x7fb7e104d730>,30,3,[5 7],31,-1,107,-1,104
1,<environment.Job instance at 0x7fb7e104d8c0>,31,1,[7 3],32,-1,105,-1,104
1,<environment.Job instance at 0x7fb7e104de60>,35,12,[7 1],36,-1,149,-1,137
1,<environment.Job instance at 0x7fb7e0918b40>,37,3,[6 3],38,-1,157,-1,154
1,<environment.Job instance at 0x7fb7e09183c0>,38,17,[12  1],39,-1,171,-1,154
1,<environment.Job instance at 0x7fb7e0918640>,39,1,[2 5],40,-1,155,-1,154
1,<environment.Job instance at 0x7fb7e0918d20>,40,26,[4 9],41,-1,180,-1,154
1,<environment.Job instance at 0x7fb7e0918370>,41,1,[6 5],42,-1,155,-1,154
1,<environment.Job instance at 0x7fb7e09184b0>,42,16,[13  1],43,-1,170,-1,154
1,<environment.Job instance at 0x7fb7e0918960>,44,2,[9 3],45,-1,156,-1,154
1,<environment.Job instance at 0x7fb7e1529d70>,13,23,[7 4],14,-1,38,-1,15
1,<environment.Job instance at 0x7fb7e08b9e60>,17,17,[10  4],18,-1,39,-1,22
1,<environment.Job instance at 0x7fb7e08b90a0>,18,18,[13  5],19,-1,40,-1,22
1,<environment.Job instance at 0x7fb7e08b9c30>,20,2,[5 5],21,-1,26,-1,24
1,<environment.Job instance at 0x7fb7e08b9280>,23,3,[13  5],24,-1,40,-1,37
1,<environment.Job instance at 0x7fb7e08b9dc0>,24,3,[4 5],25,-1,40,-1,37
1,<environment.Job instance at 0x7fb7ea4e0af0>,30,22,[2 5],31,-1,95,-1,73
1,<environment.Job instance at 0x7fb7e1d7e6e0>,31,1,[8 4],32,-1,74,-1,73
1,<environment.Job instance at 0x7fb7e1d7ea50>,32,1,[2 5],33,-1,74,-1,73
1,<environment.Job instance at 0x7fb7e1d7eaa0>,33,2,[ 4 10],34,-1,75,-1,73
1,<environment.Job instance at 0x7fb7e1e4f780>,40,1,[ 2 10],41,-1,109,-1,108
1,<environment.Job instance at 0x7fb7e1e4ffa0>,41,2,[1 5],42,-1,110,-1,108
1,<environment.Job instance at 0x7fb7e1e4f460>,42,1,[9 5],43,-1,109,-1,108
1,<environment.Job instance at 0x7fb7e1e4f550>,45,3,[9 2],46,-1,130,-1,127
1,<environment.Job instance at 0x7fb7e1e4fbe0>,47,2,[ 5 13],48,-1,129,-1,127
1,<environment.Job instance at 0x7fb7e1e4f280>,49,1,[4 5],50,-1,143,-1,142
1,<environment.Job instance at 0x7fb7e1e4fdc0>,51,25,[10  1],52,-1,167,-1,142
1,<environment.Job instance at 0x7fb7e1e4fa00>,52,12,[10  4],53,-1,154,-1,142
1,<environment.Job instance at 0x7fb7e09220a0>,53,2,[5 1],54,-1,144,-1,142
1,<environment.Job instance at 0x7fb7e0922500>,54,13,[ 5 10],55,-1,155,-1,142
1,<environment.Job instance at 0x7fb7e09227d0>,56,3,[5 1],57,-1,158,-1,155
1,<environment.Job instance at 0x7fb7e0922e10>,57,1,[2 6],58,-1,156,-1,155
1,<environment.Job instance at 0x7fb7e124eb40>,7,24,[5 9],8,-1,32,-1,8
1,<environment.Job instance at 0x7fb7e124e320>,9,3,[1 7],10,-1,16,-1,13
1,<environment.Job instance at 0x7fb7e1249aa0>,13,2,[2 7],14,-1,16,-1,14
1,<environment.Job instance at 0x7fb7e12494b0>,14,3,[10  5],15,-1,18,-1,15
1,<environment.Job instance at 0x7fb7e1249d70>,18,2,[4 6],19,-1,33,-1,31
1,<environment.Job instance at 0x7fb7e17cf5f0>,19,26,[2 6],20,-1,57,-1,31
1,<environment.Job instance at 0x7fb7e1ab8320>,35,25,[ 3 14],36,-1,139,-1,114
1,<environment.Job instance at 0x7fb7e0a29a50>,6,3,[ 5 14],7,-1,10,-1,7
1,<environment.Job instance at 0x7fb7e0a29fa0>,13,1,[5 4],14,-1,18,-1,17
1,<environment.Job instance at 0x7fb7e0a29460>,14,3,[8 2],15,-1,24,-1,21
1,<environment.Job instance at 0x7fb7e0a29960>,15,1,[1 8],16,-1,23,-1,22
1,<environment.Job instance at 0x7fb7e11aca00>,17,16,[11  1],18,-1,39,-1,23
1,<environment.Job instance at 0x7fb7e11ace10>,18,3,[ 4 10],19,-1,26,-1,23
1,<environment.Job instance at 0x7fb7e11ac730>,25,1,[6 1],26,-1,62,-1,61
1,<environment.Job instance at 0x7fb7e11acb90>,26,1,[ 5 10],27,-1,62,-1,61
1,<environment.Job instance at 0x7fb7e11ac5f0>,27,16,[ 5 13],28,-1,77,-1,61
1,<environment.Job instance at 0x7fb7e11ac780>,28,1,[1 9],29,-1,62,-1,61
1,<environment.Job instance at 0x7fb7e11ace60>,29,2,[13  4],30,-1,63,-1,61
1,<environment.Job instance at 0x7fb7e117fc30>,30,2,[5 2],31,-1,63,-1,61
1,<environment.Job instance at 0x7fb7e117fb90>,32,1,[2 9],33,-1,62,-1,61
1,<environment.Job instance at 0x7fb7e117fb40>,33,20,[ 5 12],34,-1,81,-1,61
1,<environment.Job instance at 0x7fb7e117f910>,34,2,[ 5 11],35,-1,63,-1,61
1,<environment.Job instance at 0x7fb7e117f140>,36,1,[5 9],37,-1,74,-1,73
1,<environment.Job instance at 0x7fb7e117f460>,37,2,[10  2],38,-1,75,-1,73
1,<environment.Job instance at 0x7fb7e117f3c0>,38,2,[8 5],39,-1,75,-1,73
1,<environment.Job instance at 0x7fb7e117fe60>,41,2,[ 5 11],42,-1,92,-1,90
1,<environment.Job instance at 0x7fb7e10069b0>,44,1,[6 1],45,-1,106,-1,105
1,<environment.Job instance at 0x7fb7e10066e0>,49,13,[ 4 14],50,-1,132,-1,119
1,<environment.Job instance at 0x7fb7e10065f0>,50,2,[8 2],51,-1,121,-1,119
1,<environment.Job instance at 0x7fb7e10063c0>,53,3,[2 7],54,-1,133,-1,130
1,<environment.Job instance at 0x7fb7e1006780>,54,1,[4 6],55,-1,131,-1,130
1,<environment.Job instance at 0x7fb7e10065a0>,55,3,[10  5],56,-1,133,-1,130
1,<environment.Job instance at 0x7fb7e1006dc0>,56,16,[13  1],57,-1,146,-1,130
1,<environment.Job instance at 0x7fb7e1006320>,59,3,[6 2],60,-1,149,-1,146
1,<environment.Job instance at 0x7fb7e1018690>,61,1,[6 3],62,-1,148,-1,147
1,<environment.Job instance at 0x7fb7e15f66e0>,4,2,[1 9],5,-1,8,-1,6
1,<environment.Job instance at 0x7fb7e187d230>,6,24,[4 5],7,-1,31,-1,7
1,<environment.Job instance at 0x7fb7e187d500>,7,24,[4 8],8,-1,32,-1,8
1,<environment.Job instance at 0x7fb7e187d550>,8,3,[9 5],9,-1,12,-1,9
1,<environment.Job instance at 0x7fb7e187d9b0>,9,3,[5 4],10,-1,13,-1,10
1,<environment.Job instance at 0x7fb7e187d820>,10,2,[3 5],11,-1,13,-1,11
1,<environment.Job instance at 0x7fb7e187fc80>,23,1,[9 4],24,-1,27,-1,26
1,<environment.Job instance at 0x7fb7e18840a0>,24,3,[ 1 12],25,-1,29,-1,26
1,<environment.Job instance at 0x7fb7e187faf0>,25,14,[12  1],26,-1,40,-1,26
1,<environment.Job instance at 0x7fb7e0f3d3c0>,35,28,[ 4 12],36,-1,96,-1,68
1,<environment.Job instance at 0x7fb7e0eccb40>,39,1,[ 4 13],40,-1,83,-1,82
1,<environment.Job instance at 0x7fb7e0ecc320>,40,1,[7 5],41,-1,83,-1,82
1,<environment.Job instance at 0x7fb7e11a3730>,42,2,[3 5],43,-1,89,-1,87
1,<environment.Job instance at 0x7fb7e0eef730>,43,14,[ 2 11],44,-1,101,-1,87
1,<environment.Job instance at 0x7fb7e0eefeb0>,47,2,[6 5],48,-1,118,-1,116
1,<environment.Job instance at 0x7fb7e0ec8370>,55,24,[5 2],56,-1,175,-1,151
1,<environment.Job instance at 0x7fb7e0ec8a00>,57,3,[7 5],58,-1,159,-1,156
1,<environment.Job instance at 0x7fb7e0ec8730>,58,1,[5 6],59,-1,157,-1,156
1,<environment.Job instance at 0x7fb7e0ec86e0>,59,1,[3 8],60,-1,157,-1,156
1,<environment.Job instance at 0x7fb7e0ec8eb0>,60,25,[6 2],61,-1,181,-1,156
1,<environment.Job instance at 0x7fb7e0d70cd0>,7,1,[8 4],8,-1,10,-1,9
1,<environment.Job instance at 0x7fb7e1e6eeb0>,9,2,[3 9],10,-1,12,-1,10
1,<environment.Job instance at 0x7fb7e1704690>,23,3,[4 7],24,-1,65,-1,62
1,<environment.Job instance at 0x7fb7e17040a0>,24,13,[10  1],25,-1,75,-1,62
1,<environment.Job instance at 0x7fb7e17044b0>,25,3,[8 5],26,-1,65,-1,62
1,<environment.Job instance at 0x7fb7e17042d0>,27,13,[7 1],28,-1,79,-1,66
1,<environment.Job instance at 0x7fb7e17046e0>,28,3,[4 7],29,-1,69,-1,66
1,<environment.Job instance at 0x7fb7e17045a0>,29,3,[4 8],30,-1,69,-1,66
1,<environment.Job instance at 0x7fb7e1704460>,33,15,[ 2 12],34,-1,99,-1,84
1,<environment.Job instance at 0x7fb7e1704870>,34,2,[10  2],35,-1,86,-1,84
1,<environment.Job instance at 0x7fb7e1704d70>,37,2,[9 2],38,-1,90,-1,88
1,<environment.Job instance at 0x7fb7e1704c30>,38,2,[13  1],39,-1,90,-1,88
1,<environment.Job instance at 0x7fb7e1704aa0>,41,26,[7 2],42,-1,128,-1,102
1,<environment.Job instance at 0x7fb7e17045f0>,43,3,[8 2],44,-1,118,-1,115
1,<environment.Job instance at 0x7fb7e076f870>,3,26,[10  4],4,-1,30,-1,4
1,<environment.Job instance at 0x7fb7e076f820>,5,24,[4 7],6,-1,30,-1,6
1,<environment.Job instance at 0x7fb7e076f320>,15,3,[2 8],16,-1,19,-1,16
1,<environment.Job instance at 0x7fb7e06ecaa0>,18,3,[4 5],19,-1,32,-1,29
1,<environment.Job instance at 0x7fb7e06ecfa0>,19,27,[ 3 10],20,-1,56,-1,29
1,<environment.Job instance at 0x7fb7e06ec0f0>,21,1,[7 2],22,-1,32,-1,31
1,<environment.Job instance at 0x7fb7e06ec9b0>,22,26,[9 1],23,-1,57,-1,31
1,<environment.Job instance at 0x7fb7e06ecaf0>,23,2,[4 9],24,-1,33,-1,31
1,<environment.Job instance at 0x7fb7e0780d20>,38,3,[6 2],39,-1,114,-1,111
1,<environment.Job instance at 0x7fb7e0780500>,41,3,[2 9],42,-1,115,-1,112
1,<environment.Job instance at 0x7fb7e0780c30>,43,1,[8 3],44,-1,129,-1,128
1,<environment.Job instance at 0x7fb7e0780050>,48,17,[13  5],49,-1,160,-1,143
1,<environment.Job instance at 0x7fb7e10cba50>,4,1,[1 7],5,-1,6,-1,5
1,<environment.Job instance at 0x7fb7e10cbdc0>,5,3,[3 6],6,-1,14,-1,11
1,<environment.Job instance at 0x7fb7e10cbc80>,13,18,[ 5 13],14,-1,32,-1,14
1,<environment.Job instance at 0x7fb7e10cbeb0>,17,2,[7 1],18,-1,22,-1,20
1,<environment.Job instance at 0x7fb7e0943af0>,18,2,[5 5],19,-1,22,-1,20
1,<environment.Job instance at 0x7fb7e0943fa0>,22,2,[6 4],23,-1,38,-1,36
1,<environment.Job instance at 0x7fb7e0943460>,23,1,[5 3],24,-1,37,-1,36
1,<environment.Job instance at 0x7fb7e09438c0>,25,1,[5 1],26,-1,53,-1,52
1,<environment.Job instance at 0x7fb7e0943d20>,27,13,[6 1],28,-1,69,-1,56
1,<environment.Job instance at 0x7fb7e0943c80>,28,3,[6 1],29,-1,59,-1,56
1,<environment.Job instance at 0x7fb7e0943be0>,30,1,[9 3],31,-1,69,-1,68
1,<environment.Job instance at 0x7fb7e09433c0>,31,1,[2 5],32,-1,69,-1,68
1,<environment.Job instance at 0x7fb7e0943a50>,34,2,[7 3],35,-1,71,-1,69
1,<environment.Job instance at 0x7fb7e1c87cd0>,37,1,[8 1],38,-1,88,-1,87
1,<environment.Job instance at 0x7fb7e1c87640>,39,3,[9 5],40,-1,102,-1,99
1,<environment.Job instance at 0x7fb7e1c87e60>,40,2,[8 4],41,-1,101,-1,99
1,<environment.Job instance at 0x7fb7e1c87410>,41,1,[3 9],42,-1,100,-1,99
1,<environment.Job instance at 0x7fb7e1c875f0>,42,1,[2 9],43,-1,100,-1,99
1,<environment.Job instance at 0x7fb7ea4e42d0>,4,27,[5 1],5,-1,32,-1,5
1,<environment.Job instance at 0x7fb7ea4e4410>,8,3,[13  2],9,-1,12,-1,9
1,<environment.Job instance at 0x7fb7e19f3e10>,12,2,[7 3],13,-1,17,-1,15
1,<environment.Job instance at 0x7fb7e1d31c30>,18,3,[7 1],19,-1,27,-1,24
1,<environment.Job instance at 0x7fb7e1d317d0>,20,3,[13  5],21,-1,30,-1,27
1,<environment.Job instance at 0x7fb7e1d31960>,21,3,[6 4],22,-1,30,-1,27
1,<environment.Job instance at 0x7fb7e1d31370>,24,1,[8 2],25,-1,43,-1,42
1,<environment.Job instance at 0x7fb7e1d31b40>,25,3,[14  3],26,-1,45,-1,42
1,<environment.Job instance at 0x7fb7e11875a0>,28,3,[ 2 10],29,-1,61,-1,58
1,<environment.Job instance at 0x7fb7e1187550>,29,1,[8 3],30,-1,59,-1,58
1,<environment.Job instance at 0x7fb7e1187c80>,30,3,[8 1],31,-1,61,-1,58
1,<environment.Job instance at 0x7fb7e1187730>,34,1,[10  2],35,-1,73,-1,72
1,<environment.Job instance at 0x7fb7e1187820>,35,27,[1 5],36,-1,99,-1,72
1,<environment.Job instance at 0x7fb7e1187370>,46,1,[10  1],47,-1,134,-1,133
1,<environment.Job instance at 0x7fb7e1187b40>,48,12,[10  1],49,-1,149,-1,137
1,<environment.Job instance at 0x7fb7e117a140>,11,23,[8 4],12,-1,48,-1,25
1,<environment.Job instance at 0x7fb7e117a730>,16,2,[ 2 12],17,-1,27,-1,25
1,<environment.Job instance at 0x7fb7e17ec370>,19,1,[5 4],20,-1,26,-1,25
1,<environment.Job instance at 0x7fb7e17ec500>,20,1,[3 6],21,-1,26,-1,25
1,<environment.Job instance at 0x7fb7e17ecfa0>,24,3,[ 3 10],25,-1,37,-1,34
1,<environment.Job instance at 0x7fb7e17ec3c0>,25,27,[6 2],26,-1,61,-1,34
1,<environment.Job instance at 0x7fb7e17ec7d0>,26,2,[9 1],27,-1,36,-1,34
1,<environment.Job instance at 0x7fb7e17ec870>,28,3,[ 3 12],29,-1,51,-1,48
1,<environment.Job instance at 0x7fb7e17ec460>,31,2,[7 3],32,-1,67,-1,65
1,<environment.Job instance at 0x7fb7e189d0f0>,34,3,[8 2],35,-1,83,-1,80
1,<environment.Job instance at 0x7fb7e189d500>,37,3,[6 1],38,-1,94,-1,91
1,<environment.Job instance at 0x7fb7e189d410>,45,1,[ 4 14],46,-1,125,-1,124
1,<environment.Job instance at 0x7fb7ea4d1a50>,50,1,[3 7],51,-1,128,-1,127
1,<environment.Job instance at 0x7fb7ea4d1fa0>,51,1,[4 6],52,-1,128,-1,127
1,<environment.Job instance at 0x7fb7ea4d1e10>,53,2,[2 7],54,-1,142,-1,140
1,<environment.Job instance at 0x7fb7ea4d16e0>,56,14,[ 5 11],57,-1,154,-1,140
1,<environment.Job instance at 0x7fb7ea4d1dc0>,57,1,[10  4],58,-1,141,-1,140
1,<environment.Job instance at 0x7fb7ea4d19b0>,58,1,[2 9],59,-1,141,-1,140
1,<environment.Job instance at 0x7fb7ea4d1910>,59,22,[14  5],60,-1,162,-1,140
1,<environment.Job instance at 0x7fb7ea4d1960>,61,1,[ 5 10],62,-1,148,-1,147
1,<environment.Job instance at 0x7fb7ea4d15f0>,62,12,[11  2],63,-1,159,-1,147
1,<environment.Job instance at 0x7fb7e0a1f5a0>,17,1,[10  1],18,-1,27,-1,26
1,<environment.Job instance at 0x7fb7e0a1f140>,19,1,[3 8],20,-1,27,-1,26
1,<environment.Job instance at 0x7fb7e0a1f780>,20,23,[ 1 12],21,-1,49,-1,26
1,<environment.Job instance at 0x7fb7e0a33460>,25,26,[ 4 10],26,-1,84,-1,58
1,<environment.Job instance at 0x7fb7e0a1f8c0>,14,17,[4 5],15,-1,75,-1,58
1,<environment.Job instance at 0x7fb7e0a33190>,22,28,[1 7],23,-1,86,-1,58
1,<environment.Job instance at 0x7fb7e0a335f0>,27,16,[7 4],28,-1,74,-1,58
1,<environment.Job instance at 0x7fb7e0a33c80>,30,2,[ 4 10],31,-1,60,-1,58
1,<environment.Job instance at 0x7fb7e0a33dc0>,26,1,[7 2],27,-1,59,-1,58
1,<environment.Job instance at 0x7fb7e0a33be0>,33,1,[1 7],34,-1,77,-1,76
1,<environment.Job instance at 0x7fb7e0a33550>,34,27,[3 7],35,-1,103,-1,76
1,<environment.Job instance at 0x7fb7e0a33e60>,35,3,[4 7],36,-1,79,-1,76
1,<environment.Job instance at 0x7fb7e0a1a6e0>,38,1,[7 1],39,-1,91,-1,90
1,<environment.Job instance at 0x7fb7e0a1a690>,39,2,[1 8],40,-1,92,-1,90
1,<environment.Job instance at 0x7fb7e0a1a640>,40,1,[2 9],41,-1,91,-1,90
1,<environment.Job instance at 0x7fb7e121cb40>,1,15,[ 3 13],2,-1,17,-1,2
1,<environment.Job instance at 0x7fb7e1c9de10>,16,25,[ 3 12],17,-1,66,-1,41
1,<environment.Job instance at 0x7fb7e0ad4190>,26,28,[6 2],27,-1,109,-1,81
1,<environment.Job instance at 0x7fb7e0ad4be0>,29,3,[5 8],30,-1,84,-1,81
1,<environment.Job instance at 0x7fb7e0ad45a0>,30,1,[ 2 11],31,-1,82,-1,81
1,<environment.Job instance at 0x7fb7e0aec910>,33,22,[10  1],34,-1,130,-1,108
1,<environment.Job instance at 0x7fb7e0aec8c0>,34,2,[8 2],35,-1,110,-1,108
1,<environment.Job instance at 0x7fb7e0aec4b0>,38,1,[8 1],39,-1,120,-1,119
1,<environment.Job instance at 0x7fb7e0aecfa0>,39,3,[7 2],40,-1,122,-1,119
1,<environment.Job instance at 0x7fb7e0aec050>,40,18,[ 2 13],41,-1,137,-1,119
1,<environment.Job instance at 0x7fb7e0aeceb0>,41,1,[3 6],42,-1,120,-1,119
1,<environment.Job instance at 0x7fb7e0aec5a0>,43,1,[7 5],44,-1,132,-1,131
1,<environment.Job instance at 0x7fb7e1e38960>,45,2,[1 9],46,-1,138,-1,136
1,<environment.Job instance at 0x7fb7e1e387d0>,47,3,[12  2],48,-1,155,-1,152
1,<environment.Job instance at 0x7fb7e10a8320>,5,23,[1 8],6,-1,46,-1,23
1,<environment.Job instance at 0x7fb7e109eaa0>,22,1,[10  2],23,-1,51,-1,50
1,<environment.Job instance at 0x7fb7e109e190>,24,26,[8 5],25,-1,76,-1,50
1,<environment.Job instance at 0x7fb7e109eaf0>,26,2,[5 2],27,-1,60,-1,58
1,<environment.Job instance at 0x7fb7e109e960>,28,2,[1 6],29,-1,69,-1,67
1,<environment.Job instance at 0x7fb7e10af550>,29,3,[9 2],30,-1,70,-1,67
1,<environment.Job instance at 0x7fb7e0efaf00>,32,3,[9 1],33,-1,83,-1,80
1,<environment.Job instance at 0x7fb7e0efa410>,33,24,[3 7],34,-1,104,-1,80
1,<environment.Job instance at 0x7fb7e0efa2d0>,40,3,[ 4 10],41,-1,121,-1,118
1,<environment.Job instance at 0x7fb7e0f34aa0>,41,3,[14  4],42,-1,121,-1,118
1,<environment.Job instance at 0x7fb7e0f34cd0>,42,16,[ 4 12],43,-1,134,-1,118
1,<environment.Job instance at 0x7fb7e0f34910>,43,2,[5 4],44,-1,120,-1,118
1,<environment.Job instance at 0x7fb7e0f34c80>,44,1,[10  5],45,-1,119,-1,118
1,<environment.Job instance at 0x7fb7e0f34e60>,46,15,[14  5],47,-1,134,-1,119
1,<environment.Job instance at 0x7fb7e0f34c30>,47,2,[9 2],48,-1,121,-1,119
1,<environment.Job instance at 0x7fb7e0f34be0>,49,3,[10  4],50,-1,139,-1,136
1,<environment.Job instance at 0x7fb7e0dd56e0>,16,1,[7 2],17,-1,18,-1,17
1,<environment.Job instance at 0x7fb7e0dd5a00>,17,25,[9 5],18,-1,43,-1,18
1,<environment.Job instance at 0x7fb7e0dd5cd0>,18,2,[ 1 13],19,-1,21,-1,19
1,<environment.Job instance at 0x7fb7e0de0c30>,19,2,[5 8],20,-1,22,-1,20
1,<environment.Job instance at 0x7fb7e1709cd0>,21,1,[2 5],22,-1,26,-1,25
1,<environment.Job instance at 0x7fb7e0de0960>,22,2,[3 7],23,-1,27,-1,25
1,<environment.Job instance at 0x7fb7e076b0a0>,23,1,[6 3],24,-1,26,-1,25
1,<environment.Job instance at 0x7fb7e0ded730>,25,15,[ 3 14],26,-1,41,-1,26
1,<environment.Job instance at 0x7fb7e06f7fa0>,26,2,[6 3],27,-1,29,-1,27
1,<environment.Job instance at 0x7fb7e0a78820>,28,15,[ 5 14],29,-1,44,-1,29
1,<environment.Job instance at 0x7fb7e0d13aa0>,29,1,[8 4],30,-1,31,-1,30
1,<environment.Job instance at 0x7fb7e0f68d20>,39,2,[5 9],40,-1,90,-1,88
1,<environment.Job instance at 0x7fb7e0f68c30>,40,2,[5 1],41,-1,90,-1,88
1,<environment.Job instance at 0x7fb7e0f68550>,41,1,[10  5],42,-1,89,-1,88
1,<environment.Job instance at 0x7fb7e0f680a0>,42,3,[1 6],43,-1,91,-1,88
1,<environment.Job instance at 0x7fb7e0f680f0>,43,12,[10  3],44,-1,100,-1,88
1,<environment.Job instance at 0x7fb7e0f68050>,44,14,[10  2],45,-1,102,-1,88
1,<environment.Job instance at 0x7fb7e0f68820>,45,1,[2 9],46,-1,89,-1,88
1,<environment.Job instance at 0x7fb7e0f5b190>,46,3,[1 5],47,-1,91,-1,88
1,<environment.Job instance at 0x7fb7e0f5b4b0>,47,1,[5 4],48,-1,89,-1,88
1,<environment.Job instance at 0x7fb7e0f5b820>,49,3,[7 3],50,-1,91,-1,88
1,<environment.Job instance at 0x7fb7e0f5b910>,50,2,[5 2],51,-1,90,-1,88
1,<environment.Job instance at 0x7fb7e170feb0>,54,2,[9 2],55,-1,106,-1,104
1,<environment.Job instance at 0x7fb7e170f190>,56,3,[ 2 10],57,-1,124,-1,121
1,<environment.Job instance at 0x7fb7e16fb140>,58,1,[2 6],59,-1,122,-1,121
1,<environment.Job instance at 0x7fb7e0e50460>,60,26,[ 5 14],61,-1,161,-1,135
1,<environment.Job instance at 0x7fb7e16fb8c0>,62,16,[ 2 13],63,-1,159,-1,143
1,<environment.Job instance at 0x7fb7e17035a0>,63,27,[2 5],64,-1,170,-1,143
1,<environment.Job instance at 0x7fb7e1703aa0>,64,1,[3 5],65,-1,144,-1,143
1,<environment.Job instance at 0x7fb7e16e15f0>,67,2,[9 2],68,-1,154,-1,152
1,<environment.Job instance at 0x7fb7e16e1e60>,68,16,[10  1],69,-1,169,-1,153
1,<environment.Job instance at 0x7fb7e0890aa0>,15,2,[ 3 10],16,-1,21,-1,19
1,<environment.Job instance at 0x7fb7e08991e0>,24,2,[9 4],25,-1,57,-1,55
1,<environment.Job instance at 0x7fb7e0899280>,25,2,[2 8],26,-1,57,-1,55
1,<environment.Job instance at 0x7fb7e0899320>,26,3,[ 2 12],27,-1,58,-1,55
1,<environment.Job instance at 0x7fb7e0899460>,28,16,[12  5],29,-1,85,-1,69
1,<environment.Job instance at 0x7fb7e0899500>,29,25,[4 9],30,-1,94,-1,69
1,<environment.Job instance at 0x7fb7e08995a0>,30,2,[2 5],31,-1,71,-1,69
1,<environment.Job instance at 0x7fb7e0899780>,33,2,[ 3 12],34,-1,74,-1,72
1,<environment.Job instance at 0x7fb7e0899910>,34,3,[5 3],35,-1,75,-1,72
1,<environment.Job instance at 0x7fb7e0899960>,35,1,[5 5],36,-1,73,-1,72
1,<environment.Job instance at 0x7fb7e0899aa0>,38,2,[2 5],39,-1,89,-1,87
1,<environment.Job instance at 0x7fb7e0899c30>,39,18,[14  4],40,-1,105,-1,87
1,<environment.Job instance at 0x7fb7e0899e60>,41,13,[ 2 13],42,-1,114,-1,101
1,<environment.Job instance at 0x7fb7e08af050>,42,3,[ 2 14],43,-1,104,-1,101
1,<environment.Job instance at 0x7fb7e08af0a0>,43,1,[9 4],44,-1,102,-1,101
1,<environment.Job instance at 0x7fb7e08af320>,46,3,[3 5],47,-1,121,-1,118
1,<environment.Job instance at 0x7fb7e08af460>,48,2,[ 1 10],49,-1,120,-1,118
1,<environment.Job instance at 0x7fb7e08af6e0>,52,12,[11  5],53,-1,161,-1,149
1,<environment.Job instance at 0x7fb7e08af780>,53,3,[9 5],54,-1,152,-1,149
1,<environment.Job instance at 0x7fb7e08afb90>,57,2,[6 3],58,-1,155,-1,153
1,<environment.Job instance at 0x7fe52ab06af0>,10,1,[7 3],11,-1,22,-1,21
1,<environment.Job instance at 0x7fe52ab06b90>,11,2,[3 9],12,-1,23,-1,21
1,<environment.Job instance at 0x7fe52ab06c30>,12,3,[6 3],13,-1,24,-1,21
1,<environment.Job instance at 0x7fe52ab06e10>,15,3,[10  2],16,-1,37,-1,34
1,<environment.Job instance at 0x7fe52ab068c0>,17,3,[10  3],18,-1,49,-1,46
1,<environment.Job instance at 0x7fe52ab06960>,19,17,[12  3],20,-1,66,-1,49
1,<environment.Job instance at 0x7fe52ab09190>,20,1,[3 7],21,-1,50,-1,49
1,<environment.Job instance at 0x7fe52ab09140>,21,3,[ 2 10],22,-1,52,-1,49
1,<environment.Job instance at 0x7fe52ab093c0>,22,2,[12  3],23,-1,51,-1,49
1,<environment.Job instance at 0x7fe52ab09460>,24,3,[5 9],25,-1,54,-1,51
1,<environment.Job instance at 0x7fe52ab09500>,25,3,[1 6],26,-1,54,-1,51
1,<environment.Job instance at 0x7fe52ab095a0>,26,22,[2 9],27,-1,80,-1,58
1,<environment.Job instance at 0x7fe52ab09640>,27,2,[6 4],28,-1,60,-1,58
1,<environment.Job instance at 0x7fe52ab096e0>,28,2,[5 9],29,-1,60,-1,58
1,<environment.Job instance at 0x7fe52ab09820>,30,1,[5 5],31,-1,60,-1,59
1,<environment.Job instance at 0x7fe52ab09a00>,33,2,[5 3],34,-1,78,-1,76
1,<environment.Job instance at 0x7fe52ab092d0>,34,3,[9 5],35,-1,79,-1,76
1,<environment.Job instance at 0x7fe52ab09af0>,36,2,[5 1],37,-1,94,-1,92
1,<environment.Job instance at 0x7fe52ab09e60>,40,1,[1 8],41,-1,111,-1,110
1,<environment.Job instance at 0x7fe52ab0c050>,43,28,[6 4],44,-1,148,-1,120
1,<environment.Job instance at 0x7fe52ab0c0a0>,44,17,[ 5 12],45,-1,137,-1,120
1,<environment.Job instance at 0x7fe52ab0c3c0>,46,3,[5 4],47,-1,129,-1,126
1,<environment.Job instance at 0x7fe52ab0c320>,47,1,[2 6],48,-1,127,-1,126
1,<environment.Job instance at 0x7fe52ab0c5f0>,49,2,[1 9],50,-1,135,-1,133
1,<environment.Job instance at 0x7fe52ab0c500>,50,27,[9 1],51,-1,160,-1,133
1,<environment.Job instance at 0x7fe52ab0c870>,51,2,[4 9],52,-1,135,-1,133
1,<environment.Job instance at 0x7fe52ab0c7d0>,52,3,[ 3 11],53,-1,136,-1,133
1,<environment.Job instance at 0x7fe52ab0c960>,53,18,[ 4 12],54,-1,151,-1,133
1,<environment.Job instance at 0x7fe52ab0cbe0>,57,3,[8 4],58,-1,147,-1,144
1,<environment.Job instance at 0x7fe52ab0c550>,58,1,[5 7],59,-1,145,-1,144
1,<environment.Job instance at 0x7fe52ab0cdc0>,59,14,[ 2 10],60,-1,162,-1,148
1,<environment.Job instance at 0x7fe52ab0ce60>,60,24,[ 3 10],61,-1,172,-1,148
1,<environment.Job instance at 0x7fe52ab0ceb0>,61,2,[9 2],62,-1,150,-1,148
1,<environment.Job instance at 0x7fe52b277d20>,9,23,[2 8],10,-1,39,-1,16
1,<environment.Job instance at 0x7fe52b277730>,12,2,[8 2],13,-1,18,-1,16
1,<environment.Job instance at 0x7fe52b2775a0>,13,1,[3 9],14,-1,17,-1,16
1,<environment.Job instance at 0x7fe52b2770f0>,16,26,[9 1],17,-1,43,-1,17
1,<environment.Job instance at 0x7fe52b2770a0>,17,2,[9 3],18,-1,20,-1,18
1,<environment.Job instance at 0x7fe52b1dcf00>,25,16,[ 3 10],26,-1,123,-1,107
1,<environment.Job instance at 0x7fe52b232d20>,37,1,[1 6],38,-1,111,-1,110
1,<environment.Job instance at 0x7fe52b2325a0>,38,22,[9 2],39,-1,140,-1,118
1,<environment.Job instance at 0x7fe52b232e10>,41,18,[ 5 11],42,-1,136,-1,118
1,<environment.Job instance at 0x7fe52b232460>,43,12,[5 1],44,-1,147,-1,135
1,<environment.Job instance at 0x7fe52b232870>,47,18,[ 1 10],48,-1,177,-1,159
1,<environment.Job instance at 0x7fe52b232410>,48,28,[7 4],49,-1,187,-1,159
1,<environment.Job instance at 0x7fe52b2320f0>,49,1,[9 2],50,-1,160,-1,159
1,<environment.Job instance at 0x7fe52b232500>,50,2,[4 5],51,-1,161,-1,159
1,<environment.Job instance at 0x7fe52b232aa0>,51,1,[8 3],52,-1,160,-1,159
1,<environment.Job instance at 0x7fe52b232370>,52,1,[3 8],53,-1,160,-1,159
1,<environment.Job instance at 0x7fe52b232910>,54,28,[9 1],55,-1,194,-1,166
1,<environment.Job instance at 0x7fe52a2987d0>,7,2,[5 9],8,-1,11,-1,9
1,<environment.Job instance at 0x7fe52a293eb0>,9,1,[4 6],10,-1,11,-1,10
1,<environment.Job instance at 0x7fe52a293190>,10,1,[2 5],11,-1,12,-1,11
1,<environment.Job instance at 0x7fe52a293870>,20,1,[5 1],21,-1,59,-1,58
1,<environment.Job instance at 0x7fe52a293550>,21,25,[10  4],22,-1,83,-1,58
1,<environment.Job instance at 0x7fe52a293780>,22,2,[1 5],23,-1,60,-1,58
1,<environment.Job instance at 0x7fe52a290280>,32,2,[6 3],33,-1,135,-1,133
1,<environment.Job instance at 0x7fe52a290d20>,33,24,[3 6],34,-1,157,-1,133
1,<environment.Job instance at 0x7fe52a290910>,34,2,[4 8],35,-1,135,-1,133
1,<environment.Job instance at 0x7fe52a28b8c0>,37,27,[9 5],38,-1,195,-1,168
1,<environment.Job instance at 0x7fe52a28bc30>,39,3,[9 2],40,-1,171,-1,168
1,<environment.Job instance at 0x7fe52a6f6820>,13,1,[8 5],14,-1,25,-1,24
1,<environment.Job instance at 0x7fe52a6f65a0>,15,24,[10  2],16,-1,48,-1,24
1,<environment.Job instance at 0x7fe52a6f60a0>,16,14,[ 5 10],17,-1,39,-1,25
1,<environment.Job instance at 0x7fe52a6f64b0>,19,27,[14  1],20,-1,70,-1,43
1,<environment.Job instance at 0x7fe52a6f63c0>,20,1,[6 5],21,-1,44,-1,43
1,<environment.Job instance at 0x7fe52a6f6af0>,22,2,[11  4],23,-1,56,-1,54
1,<environment.Job instance at 0x7fe52a6f6780>,24,1,[5 7],25,-1,64,-1,63
1,<environment.Job instance at 0x7fe52a2acdc0>,25,12,[11  5],26,-1,75,-1,63
1,<environment.Job instance at 0x7fe52a6f6190>,26,27,[4 5],27,-1,90,-1,63
1,<environment.Job instance at 0x7fe52a2acaa0>,29,12,[9 1],30,-1,90,-1,78
1,<environment.Job instance at 0x7fe52a2acb90>,32,3,[11  3],33,-1,93,-1,90
1,<environment.Job instance at 0x7fe52a2ac2d0>,35,1,[8 1],36,-1,103,-1,102
1,<environment.Job instance at 0x7fe52a5c8910>,37,2,[2 6],38,-1,114,-1,112
1,<environment.Job instance at 0x7fe52a5c8690>,38,2,[5 5],39,-1,114,-1,112
1,<environment.Job instance at 0x7fe52a5c8eb0>,39,1,[5 7],40,-1,113,-1,112
1,<environment.Job instance at 0x7fe533efd780>,40,3,[1 6],41,-1,115,-1,112
1,<environment.Job instance at 0x7fe533efde10>,41,15,[ 2 14],42,-1,127,-1,112
1,<environment.Job instance at 0x7fe52a5ed280>,42,3,[4 9],43,-1,115,-1,112
1,<environment.Job instance at 0x7fe52a5ed690>,43,12,[ 2 10],44,-1,124,-1,112
1,<environment.Job instance at 0x7fe52a5ed190>,44,2,[10  3],45,-1,114,-1,112
1,<environment.Job instance at 0x7fe52a5ed780>,45,12,[ 3 13],46,-1,124,-1,112
1,<environment.Job instance at 0x7fe52a5edaf0>,49,1,[8 3],50,-1,133,-1,132
1,<environment.Job instance at 0x7fe52a5edc80>,51,3,[1 6],52,-1,151,-1,148
1,<environment.Job instance at 0x7fe52a5ed0f0>,52,3,[4 9],53,-1,151,-1,148
1,<environment.Job instance at 0x7fe52a5ed500>,53,18,[ 1 10],54,-1,166,-1,148
1,<environment.Job instance at 0x7fe52a5ed140>,55,12,[6 1],56,-1,160,-1,148
1,<environment.Job instance at 0x7fe52a5ed960>,56,2,[ 3 10],57,-1,150,-1,148
1,<environment.Job instance at 0x7fe52a5ed550>,57,3,[5 1],58,-1,151,-1,148
1,<environment.Job instance at 0x7fe52a5ede10>,58,2,[5 4],59,-1,150,-1,148
1,<environment.Job instance at 0x7fe52a5ed320>,59,14,[9 5],60,-1,162,-1,148
1,<environment.Job instance at 0x7fe52a5ed0a0>,60,1,[5 1],61,-1,149,-1,148
1,<environment.Job instance at 0x7fe52a5edbe0>,61,17,[14  3],62,-1,165,-1,148
1,<environment.Job instance at 0x7fe52a60aa00>,62,2,[5 5],63,-1,150,-1,148
1,<environment.Job instance at 0x7fe52a60ad20>,63,1,[7 1],64,-1,149,-1,148
1,<environment.Job instance at 0x7fe52a5ed410>,64,15,[ 2 13],65,-1,163,-1,148
1,<environment.Job instance at 0x7fe52a7fa410>,65,17,[ 5 10],66,-1,165,-1,148
1,<environment.Job instance at 0x7fe52a519820>,66,17,[ 1 10],67,-1,165,-1,148
1,<environment.Job instance at 0x7fe52a519780>,67,3,[12  4],68,-1,151,-1,148
1,<environment.Job instance at 0x7fe52a519d20>,69,28,[1 8],70,-1,190,-1,162
1,<environment.Job instance at 0x7fe52b58f6e0>,4,3,[ 2 12],5,-1,8,-1,5
1,<environment.Job instance at 0x7fe52b1c5d70>,11,2,[ 3 14],12,-1,14,-1,12
1,<environment.Job instance at 0x7fe52b1c5e60>,14,3,[3 6],15,-1,20,-1,17
1,<environment.Job instance at 0x7fe52b4f4cd0>,17,27,[9 3],18,-1,45,-1,18
1,<environment.Job instance at 0x7fe533c282d0>,29,12,[4 6],30,-1,67,-1,55
1,<environment.Job instance at 0x7fe533c284b0>,30,13,[5 3],31,-1,68,-1,55
1,<environment.Job instance at 0x7fe52b4cdf50>,38,2,[5 8],39,-1,92,-1,90
1,<environment.Job instance at 0x7fe52b4cdd70>,39,3,[14  1],40,-1,93,-1,90
1,<environment.Job instance at 0x7fe52b172370>,40,20,[4 6],41,-1,116,-1,96
1,<environment.Job instance at 0x7fe52b1727d0>,41,2,[8 4],42,-1,98,-1,96
1,<environment.Job instance at 0x7fe52b172320>,42,2,[8 4],43,-1,98,-1,96
1,<environment.Job instance at 0x7fe52b164c30>,43,14,[ 1 11],44,-1,110,-1,96
1,<environment.Job instance at 0x7fe52b164730>,45,16,[ 2 11],46,-1,112,-1,96
1,<environment.Job instance at 0x7fe52b164e10>,46,3,[8 3],47,-1,99,-1,96
1,<environment.Job instance at 0x7fe52b164780>,47,1,[10  5],48,-1,97,-1,96
1,<environment.Job instance at 0x7fe52b164e60>,48,2,[13  3],49,-1,98,-1,96
1,<environment.Job instance at 0x7fe533c2bd20>,49,1,[5 1],50,-1,97,-1,96
1,<environment.Job instance at 0x7fe533c2b320>,50,12,[1 7],51,-1,108,-1,96
1,<environment.Job instance at 0x7fe533c2be60>,51,3,[6 4],52,-1,99,-1,96
1,<environment.Job instance at 0x7fe533c2b640>,52,17,[ 2 10],53,-1,113,-1,96
1,<environment.Job instance at 0x7fe533c2bb90>,54,12,[9 1],55,-1,137,-1,125
1,<environment.Job instance at 0x7fe52b1d0b40>,60,24,[10  4],61,-1,149,-1,125
1,<environment.Job instance at 0x7fe52b595dc0>,61,21,[4 7],62,-1,146,-1,125
1,<environment.Job instance at 0x7fe52ae70d20>,62,17,[ 2 11],63,-1,142,-1,125
1,<environment.Job instance at 0x7fe52b287320>,63,15,[4 9],64,-1,140,-1,125
1,<environment.Job instance at 0x7fe52b287b90>,64,1,[ 2 11],65,-1,126,-1,125
1,<environment.Job instance at 0x7fe52b2870a0>,65,2,[4 7],66,-1,127,-1,125
1,<environment.Job instance at 0x7fe52b287d70>,67,1,[2 6],68,-1,137,-1,136
1,<environment.Job instance at 0x7fe52b287960>,68,3,[8 3],69,-1,139,-1,136
1,<environment.Job instance at 0x7fe52a195f50>,72,15,[4 8],73,-1,177,-1,162
1,<environment.Job instance at 0x7fe52a0f2140>,73,3,[8 4],74,-1,165,-1,162
1,<environment.Job instance at 0x7fe52a1f9690>,10,13,[11  2],11,-1,49,-1,36
1,<environment.Job instance at 0x7fe52a983e60>,20,14,[10  1],21,-1,89,-1,75
1,<environment.Job instance at 0x7fe52a983410>,21,3,[1 9],22,-1,78,-1,75
1,<environment.Job instance at 0x7fe52a9832d0>,22,3,[7 1],23,-1,78,-1,75
1,<environment.Job instance at 0x7fe52a983960>,23,22,[5 2],24,-1,97,-1,75
1,<environment.Job instance at 0x7fe52a983780>,28,12,[ 4 10],29,-1,102,-1,90
1,<environment.Job instance at 0x7fe52a983910>,29,3,[10  5],30,-1,93,-1,90
1,<environment.Job instance at 0x7fe52a983050>,30,16,[ 2 10],31,-1,106,-1,90
1,<environment.Job instance at 0x7fe52a983d20>,31,2,[1 6],32,-1,92,-1,90
1,<environment.Job instance at 0x7fe52a1edbe0>,33,2,[3 5],34,-1,105,-1,103
1,<environment.Job instance at 0x7fe52a1eddc0>,35,18,[ 5 10],36,-1,122,-1,104
1,<environment.Job instance at 0x7fe52a1ed280>,36,25,[6 3],37,-1,129,-1,104
1,<environment.Job instance at 0x7fe52a1ede10>,37,2,[6 3],38,-1,106,-1,104
1,<environment.Job instance at 0x7fe52a1ed640>,38,2,[2 8],39,-1,106,-1,104
1,<environment.Job instance at 0x7fe52a1ed2d0>,39,12,[9 4],40,-1,116,-1,104
1,<environment.Job instance at 0x7fe52a1ed1e0>,40,2,[5 4],41,-1,106,-1,104
1,<environment.Job instance at 0x7fe52a1ed320>,41,2,[3 8],42,-1,106,-1,104
1,<environment.Job instance at 0x7fe52a1edb90>,42,1,[6 3],43,-1,105,-1,104
1,<environment.Job instance at 0x7fe52a1eda50>,43,2,[14  3],44,-1,106,-1,104
1,<environment.Job instance at 0x7fe52a1ed730>,44,1,[14  5],45,-1,105,-1,104
1,<environment.Job instance at 0x7fe52a1ed230>,45,2,[ 2 10],46,-1,106,-1,104
1,<environment.Job instance at 0x7fe52a1edc30>,46,2,[7 1],47,-1,106,-1,104
1,<environment.Job instance at 0x7fe52a1ed410>,49,1,[1 8],50,-1,122,-1,121
1,<environment.Job instance at 0x7fe52a1ed8c0>,50,1,[8 1],51,-1,122,-1,121
1,<environment.Job instance at 0x7fe52a587b40>,52,2,[3 6],53,-1,140,-1,138
1,<environment.Job instance at 0x7fe52a5870a0>,53,1,[12  4],54,-1,139,-1,138
1,<environment.Job instance at 0x7fe52a587eb0>,54,3,[4 5],55,-1,141,-1,138
1,<environment.Job instance at 0x7fe52a587190>,56,3,[5 8],57,-1,159,-1,156
1,<environment.Job instance at 0x7fe52a06a2d0>,10,12,[10  1],11,-1,23,-1,11
1,<environment.Job instance at 0x7fe52a06a3c0>,11,1,[5 5],12,-1,13,-1,12
1,<environment.Job instance at 0x7fe52a06a4b0>,13,12,[10  1],14,-1,29,-1,17
1,<environment.Job instance at 0x7fe52a06a1e0>,17,2,[1 8],18,-1,33,-1,31
1,<environment.Job instance at 0x7fe52a06a8c0>,18,2,[10  5],19,-1,33,-1,31
1,<environment.Job instance at 0x7fe52a06a960>,19,28,[6 1],20,-1,59,-1,31
1,<environment.Job instance at 0x7fe52a06aa00>,20,3,[2 8],21,-1,34,-1,31
1,<environment.Job instance at 0x7fe52a06acd0>,23,1,[8 5],24,-1,44,-1,43
1,<environment.Job instance at 0x7fe52a06ad70>,25,3,[7 5],26,-1,52,-1,49
1,<environment.Job instance at 0x7fe52a06aeb0>,27,12,[2 8],28,-1,61,-1,49
1,<environment.Job instance at 0x7fe52a06b280>,31,13,[10  4],32,-1,75,-1,62
1,<environment.Job instance at 0x7fe52a06b370>,33,24,[5 3],34,-1,99,-1,75
1,<environment.Job instance at 0x7fe52a06b4b0>,35,1,[5 9],36,-1,78,-1,77
1,<environment.Job instance at 0x7fe52a06b690>,37,2,[11  4],38,-1,80,-1,78
1,<environment.Job instance at 0x7fe52a06b730>,38,12,[9 3],39,-1,90,-1,78
1,<environment.Job instance at 0x7fe52a06b7d0>,39,13,[6 4],40,-1,91,-1,78
1,<environment.Job instance at 0x7fe52a06b870>,40,3,[8 3],41,-1,81,-1,78
1,<environment.Job instance at 0x7fe52a06b910>,41,28,[9 4],42,-1,106,-1,78
1,<environment.Job instance at 0x7fe52a06b9b0>,42,2,[3 6],43,-1,80,-1,78
1,<environment.Job instance at 0x7fe52a06b5a0>,43,16,[ 1 12],44,-1,94,-1,78
1,<environment.Job instance at 0x7fe52a06baa0>,44,12,[9 1],45,-1,90,-1,78
1,<environment.Job instance at 0x7fe52a06bc80>,45,15,[3 9],46,-1,93,-1,78
1,<environment.Job instance at 0x7fe52a06bd20>,46,1,[6 3],47,-1,79,-1,78
1,<environment.Job instance at 0x7fe52a06bdc0>,47,17,[1 9],48,-1,95,-1,78
1,<environment.Job instance at 0x7fe52a06be60>,48,19,[ 3 11],49,-1,97,-1,78
1,<environment.Job instance at 0x7fe52a06f320>,53,3,[8 2],54,-1,128,-1,125
1,<environment.Job instance at 0x7fe52a06f460>,55,3,[5 3],56,-1,132,-1,129
1,<environment.Job instance at 0x7fe52a06f5a0>,57,3,[1 9],58,-1,149,-1,146
1,<environment.Job instance at 0x7fe52a06f870>,61,1,[4 5],62,-1,170,-1,169
1,<environment.Job instance at 0x7fe52a06fb40>,62,3,[8 1],63,-1,172,-1,169
1,<environment.Job instance at 0x7fe52ab7c280>,16,1,[5 2],17,-1,30,-1,29
1,<environment.Job instance at 0x7fe52ab7c190>,19,13,[8 2],20,-1,75,-1,62
1,<environment.Job instance at 0x7fe52ab7c8c0>,23,3,[ 4 10],24,-1,72,-1,69
1,<environment.Job instance at 0x7fe52ab7c730>,24,3,[10  2],25,-1,72,-1,69
1,<environment.Job instance at 0x7fe52ab7c690>,25,27,[4 5],26,-1,96,-1,69
1,<environment.Job instance at 0x7fe52ab7caf0>,26,1,[12  2],27,-1,70,-1,69
1,<environment.Job instance at 0x7fe52ab7ca00>,28,2,[1 9],29,-1,71,-1,69
1,<environment.Job instance at 0x7fe529d945f0>,1,27,[8 5],2,-1,29,-1,2
1,<environment.Job instance at 0x7fe52b0ee410>,8,16,[13  2],9,-1,25,-1,9
1,<environment.Job instance at 0x7fe529d2d7d0>,10,1,[5 2],11,-1,18,-1,17
1,<environment.Job instance at 0x7fe529d2d960>,13,26,[7 1],14,-1,43,-1,17
1,<environment.Job instance at 0x7fe52a0bc5a0>,18,12,[ 1 10],19,-1,53,-1,41
1,<environment.Job instance at 0x7fe529d3e5f0>,19,1,[7 1],20,-1,42,-1,41
1,<environment.Job instance at 0x7fe529d3e3c0>,20,3,[5 1],21,-1,44,-1,41
1,<environment.Job instance at 0x7fe529d3e690>,21,2,[3 8],22,-1,43,-1,41
1,<environment.Job instance at 0x7fe529d3eb40>,25,3,[6 4],26,-1,63,-1,60
1,<environment.Job instance at 0x7fe52a424280>,27,3,[1 8],28,-1,68,-1,65
1,<environment.Job instance at 0x7fe52b13af00>,28,3,[3 6],29,-1,68,-1,65
1,<environment.Job instance at 0x7fe529e9c320>,31,3,[10  1],32,-1,77,-1,74
1,<environment.Job instance at 0x7fe529e9c190>,35,1,[7 3],36,-1,97,-1,96
1,<environment.Job instance at 0x7fe529e9cc80>,36,3,[5 5],37,-1,99,-1,96
1,<environment.Job instance at 0x7fe529e9c410>,37,2,[3 7],38,-1,98,-1,96
1,<environment.Job instance at 0x7fe529dca550>,39,25,[3 6],40,-1,136,-1,111
1,<environment.Job instance at 0x7fe529e9ceb0>,41,16,[ 5 12],42,-1,140,-1,124
1,<environment.Job instance at 0x7fe529ee9c80>,42,3,[2 8],43,-1,127,-1,124
1,<environment.Job instance at 0x7fe529ee95a0>,43,17,[13  5],44,-1,141,-1,124
1,<environment.Job instance at 0x7fe529ee9c30>,47,2,[5 2],48,-1,142,-1,140
1,<environment.Job instance at 0x7fe52a627b40>,50,1,[2 5],51,-1,149,-1,148
1,<environment.Job instance at 0x7fe52a738fa0>,52,3,[4 6],53,-1,157,-1,154
1,<environment.Job instance at 0x7fe52afb04b0>,53,1,[5 5],54,-1,155,-1,154
1,<environment.Job instance at 0x7fe52b1ffc80>,54,18,[ 4 10],55,-1,183,-1,165
1,<environment.Job instance at 0x7fe52a51e140>,57,1,[10  3],58,-1,166,-1,165
1,<environment.Job instance at 0x7fe52a7b83c0>,14,3,[13  1],15,-1,19,-1,16
1,<environment.Job instance at 0x7fe52b4d32d0>,16,13,[ 2 10],17,-1,44,-1,31
1,<environment.Job instance at 0x7fe52b164140>,18,3,[1 7],19,-1,46,-1,43
1,<environment.Job instance at 0x7fe52b302dc0>,19,3,[7 3],20,-1,46,-1,43
1,<environment.Job instance at 0x7fe52b4cb6e0>,32,3,[5 8],33,-1,95,-1,92
1,<environment.Job instance at 0x7fe52b1b6640>,34,2,[3 9],35,-1,102,-1,100
1,<environment.Job instance at 0x7fe52b1b6a50>,35,1,[1 7],36,-1,101,-1,100
1,<environment.Job instance at 0x7fe52b1b6410>,36,2,[5 3],37,-1,103,-1,101
1,<environment.Job instance at 0x7fe52b614f00>,37,1,[4 7],38,-1,102,-1,101
1,<environment.Job instance at 0x7fe52b4c9d70>,39,2,[4 8],40,-1,105,-1,103
1,<environment.Job instance at 0x7fe52b54d960>,40,2,[13  2],41,-1,105,-1,103
1,<environment.Job instance at 0x7fe52b4ee6e0>,43,15,[ 2 10],44,-1,136,-1,121
1,<environment.Job instance at 0x7fe52b25cf00>,44,1,[12  5],45,-1,122,-1,121
1,<environment.Job instance at 0x7fe52b27d5f0>,45,3,[3 9],46,-1,124,-1,121
1,<environment.Job instance at 0x7fe52b287140>,47,26,[ 3 10],48,-1,147,-1,121
1,<environment.Job instance at 0x7fe52a256fa0>,50,2,[5 4],51,-1,135,-1,133
1,<environment.Job instance at 0x7fe52a256410>,51,3,[12  2],52,-1,136,-1,133
1,<environment.Job instance at 0x7fe52a256820>,52,1,[2 6],53,-1,134,-1,133
1,<environment.Job instance at 0x7fe52a256730>,53,3,[6 1],54,-1,138,-1,135
1,<environment.Job instance at 0x7fe52a2564b0>,54,1,[7 3],55,-1,136,-1,135
1,<environment.Job instance at 0x7fe52a256230>,55,3,[8 1],56,-1,145,-1,142
1,<environment.Job instance at 0x7fe52a7b8280>,13,17,[13  3],14,-1,159,-1,142
1,<environment.Job instance at 0x7fe52b275320>,56,2,[5 9],57,-1,144,-1,142
1,<environment.Job instance at 0x7fe52b275d70>,58,3,[6 2],59,-1,145,-1,142
1,<environment.Job instance at 0x7fe52a22b3c0>,59,2,[10  1],60,-1,144,-1,142
1,<environment.Job instance at 0x7fe52a22b9b0>,64,3,[14  3],65,-1,156,-1,153
1,<environment.Job instance at 0x7fe52a22b2d0>,67,3,[6 5],68,-1,172,-1,169
1,<environment.Job instance at 0x7fe52a22b500>,68,1,[2 8],69,-1,170,-1,169
1,<environment.Job instance at 0x7fe52a22b550>,69,2,[6 3],70,-1,171,-1,169
1,<environment.Job instance at 0x7fe52a254910>,71,1,[5 3],72,-1,170,-1,169
1,<environment.Job instance at 0x7fe52abbe640>,6,13,[ 5 11],7,-1,20,-1,7
1,<environment.Job instance at 0x7fe52abbe0f0>,7,1,[7 5],8,-1,20,-1,19
1,<environment.Job instance at 0x7fe52b472500>,19,3,[7 4],20,-1,56,-1,53
1,<environment.Job instance at 0x7fe52b472550>,20,2,[3 9],21,-1,56,-1,54
1,<environment.Job instance at 0x7fe52b4725a0>,21,3,[4 5],22,-1,58,-1,55
1,<environment.Job instance at 0x7fe52b4726e0>,22,3,[10  3],23,-1,58,-1,55
1,<environment.Job instance at 0x7fe52b472d20>,24,28,[7 4],25,-1,85,-1,57
1,<environment.Job instance at 0x7fe52b4723c0>,28,2,[7 1],29,-1,95,-1,93
1,<environment.Job instance at 0x7fe52a60a500>,32,3,[8 4],33,-1,122,-1,119
1,<environment.Job instance at 0x7fe52a60aaa0>,35,3,[9 3],36,-1,142,-1,139
1,<environment.Job instance at 0x7fe52a60a820>,37,3,[6 1],38,-1,142,-1,139
1,<environment.Job instance at 0x7fe52a60a5f0>,38,12,[ 1 10],39,-1,151,-1,139
1,<environment.Job instance at 0x7fe52a60ac80>,39,3,[5 3],40,-1,152,-1,149
1,<environment.Job instance at 0x7fe52a60ad20>,41,3,[10  1],42,-1,156,-1,153
1,<environment.Job instance at 0x7fe52a69df00>,44,2,[6 5],45,-1,166,-1,164
1,<environment.Job instance at 0x7fe529e5ebe0>,8,1,[1 5],9,-1,11,-1,10
1,<environment.Job instance at 0x7fe529e275a0>,14,3,[ 1 12],15,-1,23,-1,20
1,<environment.Job instance at 0x7fe529e27be0>,15,3,[ 1 10],16,-1,23,-1,20
1,<environment.Job instance at 0x7fe529e27320>,20,25,[6 2],21,-1,64,-1,39
1,<environment.Job instance at 0x7fe52ae9baf0>,21,2,[5 2],22,-1,41,-1,39
1,<environment.Job instance at 0x7fe52ae9ba50>,22,3,[14  1],23,-1,42,-1,39
1,<environment.Job instance at 0x7fe52ae9b8c0>,23,1,[ 4 12],24,-1,40,-1,39
1,<environment.Job instance at 0x7fe52ae9bd70>,25,1,[3 5],26,-1,45,-1,44
1,<environment.Job instance at 0x7fe52ae9b320>,31,18,[14  2],32,-1,78,-1,60
1,<environment.Job instance at 0x7fe52ae9be10>,33,3,[1 8],34,-1,63,-1,60
1,<environment.Job instance at 0x7fe52ae9bc30>,35,15,[12  5],36,-1,92,-1,77
1,<environment.Job instance at 0x7fe52ae9bcd0>,37,27,[4 8],38,-1,122,-1,95
1,<environment.Job instance at 0x7fe52ae9b870>,38,20,[ 4 13],39,-1,115,-1,95
1,<environment.Job instance at 0x7fe52ae9b5f0>,41,3,[9 2],42,-1,98,-1,95
1,<environment.Job instance at 0x7fe52ae9b050>,42,1,[5 5],43,-1,96,-1,95
1,<environment.Job instance at 0x7fe52a047dc0>,46,2,[6 5],47,-1,110,-1,108
1,<environment.Job instance at 0x7fe52a047500>,47,2,[9 5],48,-1,110,-1,108
1,<environment.Job instance at 0x7fe52a047690>,49,1,[1 5],50,-1,120,-1,119
1,<environment.Job instance at 0x7fe52a047730>,50,1,[10  3],51,-1,120,-1,119
1,<environment.Job instance at 0x7fe52a047230>,54,1,[1 7],55,-1,141,-1,140
1,<environment.Job instance at 0x7fe52a047be0>,58,2,[7 3],59,-1,160,-1,158
1,<environment.Job instance at 0x7fe52b08df00>,6,2,[5 1],7,-1,17,-1,15
1,<environment.Job instance at 0x7fe529d9e0f0>,2,3,[14  5],3,-1,6,-1,3
1,<environment.Job instance at 0x7fe52a61d0a0>,9,14,[ 2 10],10,-1,54,-1,40
1,<environment.Job instance at 0x7fe52a5fe960>,41,23,[8 4],42,-1,139,-1,116
1,<environment.Job instance at 0x7fe52a5feb40>,44,3,[11  3],45,-1,128,-1,125
1,<environment.Job instance at 0x7fe52a5fec80>,46,2,[ 2 12],47,-1,140,-1,138
1,<environment.Job instance at 0x7fe52a5fed20>,47,2,[1 9],48,-1,140,-1,138
1,<environment.Job instance at 0x7fe52a5fedc0>,48,2,[7 4],49,-1,140,-1,138
1,<environment.Job instance at 0x7fe52a5fee60>,49,1,[5 4],50,-1,139,-1,138
1,<environment.Job instance at 0x7fe52a5fef00>,50,1,[3 6],51,-1,139,-1,138
1,<environment.Job instance at 0x7fe52a5f30f0>,52,2,[6 2],53,-1,144,-1,142
1,<environment.Job instance at 0x7fe52a5f34b0>,54,3,[ 3 10],55,-1,157,-1,154
1,<environment.Job instance at 0x7fe52a5f3320>,55,27,[6 2],56,-1,181,-1,154
1,<environment.Job instance at 0x7fe52a5f3550>,56,2,[9 1],57,-1,156,-1,154
1,<environment.Job instance at 0x7fe52a5f33c0>,58,3,[ 3 12],59,-1,160,-1,157
1,<environment.Job instance at 0x7fe52af0fb90>,10,27,[3 8],11,-1,50,-1,23
1,<environment.Job instance at 0x7fe52af0ffa0>,11,16,[ 3 14],12,-1,39,-1,23
1,<environment.Job instance at 0x7fe52af0f9b0>,16,3,[5 6],17,-1,35,-1,32
1,<environment.Job instance at 0x7fe52b22fc30>,18,1,[7 4],19,-1,46,-1,45
1,<environment.Job instance at 0x7fe52b22f460>,19,3,[ 1 10],20,-1,48,-1,45
1,<environment.Job instance at 0x7fe52a401460>,27,3,[6 5],28,-1,71,-1,68
1,<environment.Job instance at 0x7fe52a401a50>,30,3,[2 6],31,-1,71,-1,68
1,<environment.Job instance at 0x7fe52a4011e0>,33,2,[7 2],34,-1,91,-1,89
1,<environment.Job instance at 0x7fe529ec43c0>,37,1,[10  1],38,-1,99,-1,98
1,<environment.Job instance at 0x7fe529ec4050>,39,1,[3 8],40,-1,99,-1,98
1,<environment.Job instance at 0x7fe529ec4c80>,40,23,[ 1 12],41,-1,121,-1,98
1,<environment.Job instance at 0x7fe529ec4c30>,41,13,[ 3 10],42,-1,115,-1,102
1,<environment.Job instance at 0x7fe529f27550>,45,26,[ 4 10],46,-1,142,-1,116
1,<environment.Job instance at 0x7fe529dfcaa0>,46,1,[7 2],47,-1,117,-1,116
1,<environment.Job instance at 0x7fe529dfd5a0>,49,22,[12  5],50,-1,150,-1,128
1,<environment.Job instance at 0x7fe529dfd0f0>,50,2,[ 4 10],51,-1,130,-1,128
1,<environment.Job instance at 0x7fe529dfd3c0>,53,1,[1 7],54,-1,158,-1,157
1,<environment.Job instance at 0x7fe529dfda50>,54,27,[3 7],55,-1,184,-1,157
1,<environment.Job instance at 0x7fe529dfd820>,55,3,[4 7],56,-1,160,-1,157
1,<environment.Job instance at 0x7fe529dfd4b0>,58,1,[7 1],59,-1,161,-1,160
1,<environment.Job instance at 0x7fe529dfdd70>,59,2,[1 8],60,-1,162,-1,160
1,<environment.Job instance at 0x7fe529dfd6e0>,60,1,[2 9],61,-1,161,-1,160
1,<environment.Job instance at 0x7fe52adb8c80>,3,1,[3 5],4,-1,5,-1,4
1,<environment.Job instance at 0x7fe52a3b9230>,6,1,[1 6],7,-1,8,-1,7
1,<environment.Job instance at 0x7fe52a95a500>,15,3,[3 8],16,-1,44,-1,41
1,<environment.Job instance at 0x7fe52a95a5f0>,16,26,[ 4 10],17,-1,67,-1,41
1,<environment.Job instance at 0x7fe52a95a690>,21,3,[ 2 12],22,-1,46,-1,43
1,<environment.Job instance at 0x7fe52a95aa00>,25,13,[13  4],26,-1,86,-1,73
1,<environment.Job instance at 0x7fe52a95abe0>,26,25,[ 3 12],27,-1,98,-1,73
1,<environment.Job instance at 0x7fe52a95a870>,28,1,[2 8],29,-1,74,-1,73
1,<environment.Job instance at 0x7fe529f9ddc0>,29,1,[8 5],30,-1,74,-1,73
1,<environment.Job instance at 0x7fe529f9d190>,30,1,[8 2],31,-1,74,-1,73
1,<environment.Job instance at 0x7fe529f9d870>,31,3,[5 9],32,-1,76,-1,73
1,<environment.Job instance at 0x7fe529f9d550>,32,1,[1 9],33,-1,74,-1,73
1,<environment.Job instance at 0x7fe529f9de60>,33,2,[7 1],34,-1,75,-1,73
1,<environment.Job instance at 0x7fe529f9d690>,34,25,[7 4],35,-1,98,-1,73
1,<environment.Job instance at 0x7fe529f9de10>,35,22,[9 2],36,-1,137,-1,115
1,<environment.Job instance at 0x7fe52ad069b0>,43,22,[10  1],44,-1,137,-1,115
1,<environment.Job instance at 0x7fe529f9d7d0>,36,28,[6 2],37,-1,143,-1,115
1,<environment.Job instance at 0x7fe529f9daf0>,42,14,[ 4 14],43,-1,129,-1,115
1,<environment.Job instance at 0x7fe52ad060a0>,44,2,[8 2],45,-1,117,-1,115
1,<environment.Job instance at 0x7fe52ad06be0>,48,1,[8 1],49,-1,117,-1,116
1,<environment.Job instance at 0x7fe52ad06c30>,49,3,[7 2],50,-1,119,-1,116
1,<environment.Job instance at 0x7fe52ad06d20>,50,18,[ 2 13],51,-1,134,-1,116
1,<environment.Job instance at 0x7fe52ad06410>,51,1,[3 6],52,-1,117,-1,116
1,<environment.Job instance at 0x7fe52ad06910>,53,1,[7 5],54,-1,130,-1,129
1,<environment.Job instance at 0x7fe52a6d63c0>,57,3,[12  2],58,-1,146,-1,143
1,<environment.Job instance at 0x7fe52af7aeb0>,62,26,[5 7],63,-1,185,-1,159
1,<environment.Job instance at 0x7fe529d7e1e0>,8,13,[ 5 13],9,-1,22,-1,9
1,<environment.Job instance at 0x7fe529d7e0a0>,9,3,[3 5],10,-1,14,-1,11
1,<environment.Job instance at 0x7fe529d7e4b0>,12,3,[ 5 13],13,-1,16,-1,13
1,<environment.Job instance at 0x7fe529d7e550>,16,1,[8 5],17,-1,20,-1,19
1,<environment.Job instance at 0x7fe529d7eeb0>,22,1,[10  2],23,-1,32,-1,31
1,<environment.Job instance at 0x7fe529d7ef00>,24,26,[8 5],25,-1,57,-1,31
1,<environment.Job instance at 0x7fe52a6a12d0>,26,2,[5 2],27,-1,45,-1,43
1,<environment.Job instance at 0x7fe52a6a1410>,28,2,[1 6],29,-1,50,-1,48
1,<environment.Job instance at 0x7fe52a6a14b0>,29,3,[9 2],30,-1,51,-1,48
1,<environment.Job instance at 0x7fe52a6a1500>,32,3,[9 1],33,-1,68,-1,65
1,<environment.Job instance at 0x7fe52a6a1730>,33,24,[3 7],34,-1,89,-1,65
1,<environment.Job instance at 0x7fe52a6a1a50>,38,1,[10  4],39,-1,100,-1,99
1,<environment.Job instance at 0x7fe52a6a1c30>,41,3,[14  4],42,-1,102,-1,99
1,<environment.Job instance at 0x7fe52a6a1cd0>,42,16,[ 4 12],43,-1,115,-1,99
1,<environment.Job instance at 0x7fe52a6a1f00>,43,2,[5 4],44,-1,101,-1,99
1,<environment.Job instance at 0x7fe52a6a1eb0>,44,1,[10  5],45,-1,100,-1,99
1,<environment.Job instance at 0x7fe52a6a1e10>,46,15,[14  5],47,-1,130,-1,115
1,<environment.Job instance at 0x7fe52a675b90>,47,2,[9 2],48,-1,117,-1,115
1,<environment.Job instance at 0x7fe52a675550>,49,3,[10  4],50,-1,120,-1,117
1,<environment.Job instance at 0x7fe52a6752d0>,52,2,[2 8],53,-1,137,-1,135
1,<environment.Job instance at 0x7fe52a675280>,54,1,[8 4],55,-1,144,-1,143
1,<environment.Job instance at 0x7fe52a675f50>,55,25,[ 4 10],56,-1,168,-1,143
1,<environment.Job instance at 0x7fe52a6754b0>,59,16,[ 3 12],60,-1,178,-1,162
1,<environment.Job instance at 0x7fe52a675820>,65,2,[5 8],66,-1,169,-1,167
1,<environment.Job instance at 0x7fe52b1787d0>,7,25,[9 5],8,-1,34,-1,9
1,<environment.Job instance at 0x7fe529f6acd0>,8,2,[ 1 13],9,-1,11,-1,9
1,<environment.Job instance at 0x7fe529f87050>,15,15,[ 3 14],16,-1,32,-1,17
1,<environment.Job instance at 0x7fe52a4d3be0>,24,2,[6 5],25,-1,41,-1,39
1,<environment.Job instance at 0x7fe52b61ecd0>,29,2,[5 9],30,-1,73,-1,71
1,<environment.Job instance at 0x7fe52a6884b0>,30,2,[5 1],31,-1,73,-1,71
1,<environment.Job instance at 0x7fe52a5cc0f0>,31,1,[10  5],32,-1,72,-1,71
1,<environment.Job instance at 0x7fe52b186910>,32,3,[1 6],33,-1,74,-1,71
1,<environment.Job instance at 0x7fe52a43c230>,33,12,[10  3],34,-1,83,-1,71
1,<environment.Job instance at 0x7fe52a44d5f0>,35,1,[2 9],36,-1,72,-1,71
1,<environment.Job instance at 0x7fe52a5aba50>,36,3,[1 5],37,-1,74,-1,71
1,<environment.Job instance at 0x7fe52b132410>,37,1,[5 4],38,-1,72,-1,71
1,<environment.Job instance at 0x7fe52b625140>,39,3,[7 3],40,-1,81,-1,78
1,<environment.Job instance at 0x7fe52b625aa0>,40,2,[5 2],41,-1,80,-1,78
1,<environment.Job instance at 0x7fe52b2ced20>,44,2,[9 2],45,-1,94,-1,92
1,<environment.Job instance at 0x7fe52a742500>,46,3,[ 2 10],47,-1,110,-1,107
1,<environment.Job instance at 0x7fe52a526cd0>,48,1,[2 6],49,-1,109,-1,108
1,<environment.Job instance at 0x7fe52a526a50>,50,26,[ 5 14],51,-1,151,-1,125
1,<environment.Job instance at 0x7fe52a5a4fa0>,52,16,[ 2 13],53,-1,141,-1,125
1,<environment.Job instance at 0x7fe52b3e18c0>,53,27,[2 5],54,-1,152,-1,125
1,<environment.Job instance at 0x7fe529f87e10>,18,15,[ 5 14],19,-1,140,-1,125
1,<environment.Job instance at 0x7fe52b3e1f50>,54,1,[3 5],55,-1,126,-1,125
1,<environment.Job instance at 0x7fe52b6609b0>,57,2,[9 2],58,-1,141,-1,139
1,<environment.Job instance at 0x7fe52acb4230>,60,1,[4 5],61,-1,156,-1,155
1,<environment.Job instance at 0x7fe52add6be0>,61,2,[1 5],62,-1,157,-1,155
1,<environment.Job instance at 0x7fe52add6550>,62,2,[10  2],63,-1,157,-1,155
1,<environment.Job instance at 0x7fe52a6bb0a0>,64,1,[4 5],65,-1,158,-1,157
1,<environment.Job instance at 0x7fe52b3723c0>,8,16,[12  5],9,-1,25,-1,9
1,<environment.Job instance at 0x7fe52b372c30>,9,25,[4 9],10,-1,35,-1,10
1,<environment.Job instance at 0x7fe52b372910>,13,2,[ 3 12],14,-1,19,-1,17
1,<environment.Job instance at 0x7fe52afd1640>,16,13,[ 1 10],17,-1,37,-1,24
1,<environment.Job instance at 0x7fe52afd1a50>,20,14,[10  2],21,-1,38,-1,24
1,<environment.Job instance at 0x7fe52afd17d0>,21,13,[ 2 13],22,-1,37,-1,24
1,<environment.Job instance at 0x7fe52afd12d0>,22,3,[ 2 14],23,-1,27,-1,24
1,<environment.Job instance at 0x7fe52afd1b90>,23,1,[9 4],24,-1,25,-1,24
1,<environment.Job instance at 0x7fe52b186a50>,32,12,[11  5],33,-1,75,-1,63
1,<environment.Job instance at 0x7fe52aeaaaa0>,33,3,[9 5],34,-1,66,-1,63
1,<environment.Job instance at 0x7fe52aeaa910>,34,3,[5 4],35,-1,66,-1,63
1,<environment.Job instance at 0x7fe52aeaa640>,35,13,[5 1],36,-1,79,-1,66
1,<environment.Job instance at 0x7fe52aeaacd0>,37,2,[6 3],38,-1,72,-1,70
1,<environment.Job instance at 0x7fe52aeaa0f0>,40,3,[5 6],41,-1,85,-1,82
1,<environment.Job instance at 0x7fe52b29aaf0>,44,2,[4 6],45,-1,102,-1,100
1,<environment.Job instance at 0x7fe52ab33820>,45,2,[ 2 10],46,-1,102,-1,100
1,<environment.Job instance at 0x7fe52af56820>,52,1,[5 6],53,-1,141,-1,140
1,<environment.Job instance at 0x7fe52af56fa0>,53,1,[6 2],54,-1,141,-1,140
1,<environment.Job instance at 0x7fe52af56460>,55,2,[ 2 10],56,-1,146,-1,144
1,<environment.Job instance at 0x7fe52af562d0>,56,2,[4 5],57,-1,146,-1,144
1,<environment.Job instance at 0x7fe52af56140>,57,2,[10  1],58,-1,146,-1,144
1,<environment.Job instance at 0x7fe52af56c80>,58,2,[ 1 10],59,-1,146,-1,144
1,<environment.Job instance at 0x7fe52af567d0>,59,13,[11  2],60,-1,157,-1,144
1,<environment.Job instance at 0x7fe52af565f0>,60,3,[10  2],61,-1,147,-1,144
1,<environment.Job instance at 0x7fe52af56640>,61,3,[4 8],62,-1,147,-1,144
1,<environment.Job instance at 0x7fe52af564b0>,62,2,[ 5 13],63,-1,146,-1,144
1,<environment.Job instance at 0x7fe529ffda50>,63,2,[7 1],64,-1,146,-1,144
1,<environment.Job instance at 0x7fe529ffd7d0>,64,17,[ 3 11],65,-1,161,-1,144
1,<environment.Job instance at 0x7fe529ffdc30>,66,24,[8 4],67,-1,180,-1,156
1,<environment.Job instance at 0x7fe52a5e6820>,14,3,[9 4],15,-1,23,-1,20
1,<environment.Job instance at 0x7fe52a59be10>,16,1,[ 5 14],17,-1,21,-1,20
1,<environment.Job instance at 0x7fe52a59b460>,17,18,[ 5 13],18,-1,38,-1,20
1,<environment.Job instance at 0x7fe529d37640>,23,12,[ 5 12],24,-1,49,-1,37
1,<environment.Job instance at 0x7fe52b52a870>,25,3,[6 3],26,-1,53,-1,50
1,<environment.Job instance at 0x7fe52abc4f50>,28,3,[8 5],29,-1,72,-1,69
1,<environment.Job instance at 0x7fe52abc4be0>,29,1,[3 7],30,-1,70,-1,69
1,<environment.Job instance at 0x7fe52ab13a50>,31,3,[6 5],32,-1,73,-1,70
1,<environment.Job instance at 0x7fe52a5cc640>,39,3,[7 1],40,-1,123,-1,120
1,<environment.Job instance at 0x7fe52a5cca50>,40,1,[5 8],41,-1,121,-1,120
1,<environment.Job instance at 0x7fe52a5cc3c0>,41,18,[14  1],42,-1,138,-1,120
1,<environment.Job instance at 0x7fe52b178230>,45,2,[8 3],46,-1,131,-1,129
1,<environment.Job instance at 0x7fe52b1785f0>,48,18,[ 1 13],49,-1,165,-1,147
1,<environment.Job instance at 0x7efc01f43320>,1,15,[ 1 14],2,-1,17,-1,2
1,<environment.Job instance at 0x7efbf87cbaf0>,10,1,[7 3],11,-1,19,-1,18
1,<environment.Job instance at 0x7efbf87cbb90>,11,2,[3 9],12,-1,20,-1,18
1,<environment.Job instance at 0x7efbf87cbc30>,12,3,[6 3],13,-1,21,-1,18
1,<environment.Job instance at 0x7efbf87cbe10>,15,3,[10  2],16,-1,33,-1,30
1,<environment.Job instance at 0x7efbf87cbf50>,17,3,[10  3],18,-1,33,-1,30
1,<environment.Job instance at 0x7efbf87cbaa0>,19,17,[12  3],20,-1,63,-1,46
1,<environment.Job instance at 0x7efbf87cd0a0>,20,1,[3 7],21,-1,47,-1,46
1,<environment.Job instance at 0x7efbf87cd0f0>,21,3,[ 2 10],22,-1,49,-1,46
1,<environment.Job instance at 0x7efbf87cd280>,22,2,[12  3],23,-1,48,-1,46
1,<environment.Job instance at 0x7efbf87cd3c0>,24,3,[5 9],25,-1,51,-1,48
1,<environment.Job instance at 0x7efbf87cd460>,25,3,[1 6],26,-1,51,-1,48
1,<environment.Job instance at 0x7efbf87cd500>,26,22,[2 9],27,-1,75,-1,53
1,<environment.Job instance at 0x7efbf87cd5a0>,27,2,[6 4],28,-1,55,-1,53
1,<environment.Job instance at 0x7efbf87cd640>,28,2,[5 9],29,-1,55,-1,53
1,<environment.Job instance at 0x7efbf87cd960>,30,1,[5 5],31,-1,54,-1,53
1,<environment.Job instance at 0x7efbf87cd9b0>,33,2,[5 3],34,-1,67,-1,65
1,<environment.Job instance at 0x7efbf87cdaa0>,34,3,[9 5],35,-1,68,-1,65
1,<environment.Job instance at 0x7efbf87cdbe0>,36,2,[5 1],37,-1,83,-1,81
1,<environment.Job instance at 0x7efbf87cde60>,40,1,[1 8],41,-1,100,-1,99
1,<environment.Job instance at 0x7efbf87d1050>,43,28,[6 4],44,-1,137,-1,109
1,<environment.Job instance at 0x7efbf87d10a0>,44,17,[ 5 12],45,-1,126,-1,109
1,<environment.Job instance at 0x7efbf87d1410>,46,3,[5 4],47,-1,118,-1,115
1,<environment.Job instance at 0x7efbf87d14b0>,47,1,[2 6],48,-1,116,-1,115
1,<environment.Job instance at 0x7efbf87d1550>,49,2,[1 9],50,-1,124,-1,122
1,<environment.Job instance at 0x7efbf87d1640>,50,27,[9 1],51,-1,149,-1,122
1,<environment.Job instance at 0x7efbf87d1780>,51,2,[4 9],52,-1,124,-1,122
1,<environment.Job instance at 0x7efbf87d1370>,52,3,[ 3 11],53,-1,125,-1,122
1,<environment.Job instance at 0x7efbf87d1960>,53,18,[ 4 12],54,-1,140,-1,122
1,<environment.Job instance at 0x7efbf87d1b90>,57,3,[8 4],58,-1,136,-1,133
1,<environment.Job instance at 0x7efbf87d1c30>,58,1,[5 7],59,-1,134,-1,133
1,<environment.Job instance at 0x7efbf87d1cd0>,59,14,[ 2 10],60,-1,147,-1,133
1,<environment.Job instance at 0x7efbf87d1d70>,60,24,[ 3 10],61,-1,157,-1,133
1,<environment.Job instance at 0x7efbf87d1e10>,61,2,[9 2],62,-1,135,-1,133
1,<environment.Job instance at 0x7efbf87d1fa0>,64,12,[6 1],65,-1,170,-1,158
1,<environment.Job instance at 0x7efbf87d40a0>,66,3,[ 2 10],67,-1,161,-1,158
1,<environment.Job instance at 0x7efbf87d42d0>,67,26,[5 4],68,-1,184,-1,158
1,<environment.Job instance at 0x7efbf87d4370>,68,22,[5 6],69,-1,185,-1,163
1,<environment.Job instance at 0x7efbf87d4550>,71,1,[8 2],72,-1,166,-1,165
1,<environment.Job instance at 0x7efbf87d4690>,73,3,[10  4],74,-1,182,-1,179
1,<environment.Job instance at 0x7efbf87d4820>,74,1,[6 2],75,-1,180,-1,179
1,<environment.Job instance at 0x7efbf87d47d0>,75,3,[6 4],76,-1,182,-1,179
1,<environment.Job instance at 0x7efbf87d4780>,76,13,[1 5],77,-1,192,-1,179
1,<environment.Job instance at 0x7efbf8ea2af0>,16,23,[5 8],17,-1,62,-1,39
1,<environment.Job instance at 0x7efbf8ea2500>,18,2,[ 3 10],19,-1,41,-1,39
1,<environment.Job instance at 0x7efbf8ea2820>,19,1,[10  3],20,-1,40,-1,39
1,<environment.Job instance at 0x7efbf8ea2910>,20,2,[3 8],21,-1,41,-1,39
1,<environment.Job instance at 0x7efbf8ea2640>,21,2,[12  1],22,-1,41,-1,39
1,<environment.Job instance at 0x7efbf8ea2a50>,23,27,[5 3],24,-1,78,-1,51
1,<environment.Job instance at 0x7efbf8ea45f0>,27,1,[1 6],28,-1,76,-1,75
1,<environment.Job instance at 0x7efbf8ea4190>,37,18,[ 1 10],38,-1,172,-1,154
1,<environment.Job instance at 0x7efbf8ea4550>,39,1,[9 2],40,-1,155,-1,154
1,<environment.Job instance at 0x7efbf8ea4c80>,40,2,[4 5],41,-1,156,-1,154
1,<environment.Job instance at 0x7efbf8ea40a0>,41,1,[8 3],42,-1,155,-1,154
1,<environment.Job instance at 0x7efbf8ea4d70>,42,1,[3 8],43,-1,155,-1,154
1,<environment.Job instance at 0x7efbf8ea4c30>,44,28,[9 1],45,-1,197,-1,169
1,<environment.Job instance at 0x7efbf7efc8c0>,7,13,[ 1 10],8,-1,23,-1,10
1,<environment.Job instance at 0x7efbf7effa50>,8,3,[4 7],9,-1,13,-1,10
1,<environment.Job instance at 0x7efbf7efceb0>,14,2,[4 8],15,-1,20,-1,18
1,<environment.Job instance at 0x7efbf7efc410>,17,27,[9 5],18,-1,80,-1,53
1,<environment.Job instance at 0x7efbf7efc640>,19,3,[9 2],20,-1,56,-1,53
1,<environment.Job instance at 0x7efbf7efcb90>,21,3,[10  4],22,-1,74,-1,71
1,<environment.Job instance at 0x7efbf7efccd0>,22,2,[6 4],23,-1,73,-1,71
1,<environment.Job instance at 0x7efbf7efcaf0>,23,2,[ 3 14],24,-1,73,-1,71
1,<environment.Job instance at 0x7efbf7efc0a0>,24,2,[1 9],25,-1,73,-1,71
1,<environment.Job instance at 0x7efbf7efa820>,29,1,[10  5],30,-1,103,-1,102
1,<environment.Job instance at 0x7efbf7efacd0>,31,2,[7 4],32,-1,107,-1,105
1,<environment.Job instance at 0x7efbf7efae10>,34,3,[ 3 12],35,-1,131,-1,128
1,<environment.Job instance at 0x7efbf7efaa00>,35,27,[5 5],36,-1,155,-1,128
1,<environment.Job instance at 0x7efbf7efa550>,38,13,[14  4],39,-1,143,-1,130
1,<environment.Job instance at 0x7efbf7efa320>,41,3,[3 7],42,-1,149,-1,146
1,<environment.Job instance at 0x7efbf7efa050>,43,27,[7 5],44,-1,185,-1,158
1,<environment.Job instance at 0x7efbf8124e60>,44,13,[14  5],45,-1,171,-1,158
1,<environment.Job instance at 0x7efc019d4e10>,11,15,[ 2 14],12,-1,27,-1,12
1,<environment.Job instance at 0x7efc019d4d70>,14,2,[10  3],15,-1,18,-1,16
1,<environment.Job instance at 0x7efc019c03c0>,21,3,[1 6],22,-1,38,-1,35
1,<environment.Job instance at 0x7efc019c0690>,22,3,[4 9],23,-1,38,-1,35
1,<environment.Job instance at 0x7efc019c0cd0>,23,18,[ 1 10],24,-1,114,-1,96
1,<environment.Job instance at 0x7efbf8ede320>,36,17,[ 1 10],37,-1,115,-1,98
1,<environment.Job instance at 0x7efbf8edeb90>,37,3,[12  4],38,-1,101,-1,98
1,<environment.Job instance at 0x7efbf8edee10>,39,28,[1 8],40,-1,126,-1,98
1,<environment.Job instance at 0x7efbf8ede9b0>,42,3,[1 9],43,-1,112,-1,109
1,<environment.Job instance at 0x7efbf8edeaa0>,43,2,[6 5],44,-1,111,-1,109
1,<environment.Job instance at 0x7efbf8ede2d0>,44,1,[7 3],45,-1,110,-1,109
1,<environment.Job instance at 0x7efbf8edea00>,45,3,[7 2],46,-1,112,-1,109
1,<environment.Job instance at 0x7efbf8edeaf0>,48,18,[13  3],49,-1,141,-1,123
1,<environment.Job instance at 0x7efbf8edef50>,49,3,[4 9],50,-1,126,-1,123
1,<environment.Job instance at 0x7efbf8590dc0>,53,3,[1 8],54,-1,150,-1,147
1,<environment.Job instance at 0x7efbf85901e0>,54,3,[5 2],55,-1,150,-1,147
1,<environment.Job instance at 0x7efbf8590820>,55,24,[8 3],56,-1,171,-1,147
1,<environment.Job instance at 0x7efbf8590230>,56,1,[4 7],57,-1,148,-1,147
1,<environment.Job instance at 0x7efbf85905f0>,57,1,[7 4],58,-1,148,-1,147
1,<environment.Job instance at 0x7efbf8590140>,61,3,[5 9],62,-1,170,-1,167
1,<environment.Job instance at 0x7efbf85908c0>,62,2,[7 4],63,-1,169,-1,167
1,<environment.Job instance at 0x7efbf8590690>,63,3,[5 5],64,-1,170,-1,167
1,<environment.Job instance at 0x7efbf8590960>,64,2,[9 2],65,-1,169,-1,167
1,<environment.Job instance at 0x7efbf9359640>,5,16,[ 2 11],6,-1,22,-1,6
1,<environment.Job instance at 0x7efbf9359690>,8,2,[13  3],9,-1,11,-1,9
1,<environment.Job instance at 0x7efbf9359cd0>,9,1,[5 1],10,-1,12,-1,11
1,<environment.Job instance at 0x7efc01997780>,24,1,[ 2 11],25,-1,61,-1,60
1,<environment.Job instance at 0x7efc01997eb0>,25,2,[4 7],26,-1,62,-1,60
1,<environment.Job instance at 0x7efc01997910>,27,1,[2 6],28,-1,61,-1,60
1,<environment.Job instance at 0x7efc01997e60>,28,3,[8 3],29,-1,63,-1,60
1,<environment.Job instance at 0x7efbf8673f50>,15,23,[8 4],16,-1,39,-1,16
1,<environment.Job instance at 0x7efbf82003c0>,26,1,[7 4],27,-1,63,-1,62
1,<environment.Job instance at 0x7efbf8200af0>,28,3,[2 7],29,-1,72,-1,69
1,<environment.Job instance at 0x7efbf82008c0>,31,20,[ 5 13],32,-1,104,-1,84
1,<environment.Job instance at 0x7efbf8200410>,32,1,[5 1],33,-1,85,-1,84
1,<environment.Job instance at 0x7efbf81fedc0>,35,1,[6 4],36,-1,110,-1,109
1,<environment.Job instance at 0x7efbf81fe8c0>,36,3,[6 1],37,-1,112,-1,109
1,<environment.Job instance at 0x7efbf81fe500>,37,1,[5 1],38,-1,110,-1,109
1,<environment.Job instance at 0x7efbf81fe960>,39,1,[8 1],40,-1,110,-1,109
1,<environment.Job instance at 0x7efbf81fe910>,40,24,[7 2],41,-1,133,-1,109
1,<environment.Job instance at 0x7efbf81fecd0>,43,3,[10  3],44,-1,126,-1,123
1,<environment.Job instance at 0x7efbf81ec730>,45,15,[ 1 12],46,-1,141,-1,126
1,<environment.Job instance at 0x7efbf81ecaa0>,47,1,[7 3],48,-1,143,-1,142
1,<environment.Job instance at 0x7efbf81ecd70>,48,20,[ 1 10],49,-1,162,-1,142
1,<environment.Job instance at 0x7efbf81ecaf0>,50,3,[5 3],51,-1,163,-1,160
1,<environment.Job instance at 0x7efbf81ecf50>,52,2,[5 7],53,-1,162,-1,160
1,<environment.Job instance at 0x7efbf81ec320>,53,14,[ 4 10],54,-1,175,-1,161
1,<environment.Job instance at 0x7efbf81ecb90>,55,1,[ 2 10],56,-1,176,-1,175
1,<environment.Job instance at 0x7efbf7d2f730>,7,13,[14  4],8,-1,21,-1,8
1,<environment.Job instance at 0x7efbf7d2fdc0>,15,1,[1 9],16,-1,19,-1,18
1,<environment.Job instance at 0x7efbf7d2ff00>,17,1,[10  4],18,-1,26,-1,25
1,<environment.Job instance at 0x7efbf7d2fc80>,18,2,[3 6],19,-1,27,-1,25
1,<environment.Job instance at 0x7efbf7d31230>,21,3,[8 5],22,-1,43,-1,40
1,<environment.Job instance at 0x7efbf7d312d0>,22,12,[ 1 10],23,-1,53,-1,41
1,<environment.Job instance at 0x7efbf7d31370>,23,2,[13  2],24,-1,43,-1,41
1,<environment.Job instance at 0x7efbf7d315a0>,25,25,[1 6],26,-1,83,-1,58
1,<environment.Job instance at 0x7efbf7d31690>,26,1,[5 5],27,-1,60,-1,59
1,<environment.Job instance at 0x7efbf7d31730>,28,3,[ 1 10],29,-1,66,-1,63
1,<environment.Job instance at 0x7efbf7d317d0>,29,3,[9 3],30,-1,66,-1,63
1,<environment.Job instance at 0x7efbf7d31870>,30,27,[11  2],31,-1,90,-1,63
1,<environment.Job instance at 0x7efbf7d31910>,31,3,[1 8],32,-1,66,-1,63
1,<environment.Job instance at 0x7efbf7d319b0>,32,20,[ 5 10],33,-1,140,-1,120
1,<environment.Job instance at 0x7efbf7d34550>,47,24,[5 9],48,-1,171,-1,147
1,<environment.Job instance at 0x7efbf7d345a0>,49,3,[1 7],50,-1,150,-1,147
1,<environment.Job instance at 0x7efbf7d34730>,50,2,[1 6],51,-1,149,-1,147
1,<environment.Job instance at 0x7efbf7d347d0>,51,28,[3 6],52,-1,175,-1,147
1,<environment.Job instance at 0x7efbf7d34870>,52,14,[ 4 10],53,-1,172,-1,158
1,<environment.Job instance at 0x7efbf7d34c30>,58,2,[4 6],59,-1,168,-1,166
1,<environment.Job instance at 0x7efbf7d34d70>,59,26,[2 6],60,-1,192,-1,166
1,<environment.Job instance at 0x7efbf82492d0>,10,25,[5 3],11,-1,40,-1,15
1,<environment.Job instance at 0x7efbf82cdcd0>,15,2,[8 1],16,-1,18,-1,16
1,<environment.Job instance at 0x7efbf82cd870>,17,1,[ 4 10],18,-1,19,-1,18
1,<environment.Job instance at 0x7efbf82cd0f0>,20,3,[ 4 10],21,-1,33,-1,30
1,<environment.Job instance at 0x7efbf82cd780>,21,2,[2 9],22,-1,32,-1,30
1,<environment.Job instance at 0x7efbf82cdf50>,22,23,[3 7],23,-1,53,-1,30
1,<environment.Job instance at 0x7efbf82cdc80>,23,3,[8 1],24,-1,33,-1,30
1,<environment.Job instance at 0x7efbf8d3fb90>,33,1,[5 4],34,-1,79,-1,78
1,<environment.Job instance at 0x7efbf8d3f500>,34,3,[8 2],35,-1,81,-1,78
1,<environment.Job instance at 0x7efbf8d3f0f0>,35,1,[1 8],36,-1,79,-1,78
1,<environment.Job instance at 0x7efbf85e9c80>,37,16,[11  1],38,-1,103,-1,87
1,<environment.Job instance at 0x7efbf85e9870>,38,3,[ 4 10],39,-1,90,-1,87
1,<environment.Job instance at 0x7efbf85e9910>,39,12,[3 9],40,-1,100,-1,88
1,<environment.Job instance at 0x7efbf85e96e0>,43,3,[5 3],44,-1,114,-1,111
1,<environment.Job instance at 0x7efbf85e9be0>,44,14,[ 3 10],45,-1,125,-1,111
1,<environment.Job instance at 0x7efbf85e9820>,45,1,[6 1],46,-1,112,-1,111
1,<environment.Job instance at 0x7efbf85e9320>,46,1,[ 5 10],47,-1,112,-1,111
1,<environment.Job instance at 0x7efbf85e98c0>,47,16,[ 5 13],48,-1,127,-1,111
1,<environment.Job instance at 0x7efbf85e9460>,48,1,[1 9],49,-1,112,-1,111
1,<environment.Job instance at 0x7efbf85e9050>,49,2,[13  4],50,-1,113,-1,111
1,<environment.Job instance at 0x7efbf938a550>,50,2,[5 2],51,-1,113,-1,111
1,<environment.Job instance at 0x7efbf938a2d0>,52,1,[2 9],53,-1,112,-1,111
1,<environment.Job instance at 0x7efbf938a7d0>,53,20,[ 5 12],54,-1,131,-1,111
1,<environment.Job instance at 0x7efbf938a320>,54,2,[ 5 11],55,-1,113,-1,111
1,<environment.Job instance at 0x7efbf938adc0>,56,1,[5 9],57,-1,120,-1,119
1,<environment.Job instance at 0x7efbf938aaa0>,57,2,[10  2],58,-1,121,-1,119
1,<environment.Job instance at 0x7efbf938a640>,58,2,[8 5],59,-1,121,-1,119
1,<environment.Job instance at 0x7efbf938a500>,60,13,[10  1],61,-1,149,-1,136
1,<environment.Job instance at 0x7efbf938a690>,61,2,[ 5 11],62,-1,138,-1,136
1,<environment.Job instance at 0x7efbf938ad20>,62,2,[5 3],63,-1,138,-1,136
1,<environment.Job instance at 0x7efbf938a230>,64,1,[6 1],65,-1,137,-1,136
1,<environment.Job instance at 0x7efbf8359cd0>,67,3,[9 4],68,-1,148,-1,145
1,<environment.Job instance at 0x7efbf83595f0>,68,13,[8 2],69,-1,158,-1,145
1,<environment.Job instance at 0x7efbf8359b90>,69,13,[ 4 14],70,-1,158,-1,145
1,<environment.Job instance at 0x7efbf8359780>,70,2,[8 2],71,-1,147,-1,145
1,<environment.Job instance at 0x7efbf83593c0>,73,3,[2 7],74,-1,155,-1,152
1,<environment.Job instance at 0x7efbf8359f00>,74,1,[4 6],75,-1,153,-1,152
1,<environment.Job instance at 0x7efbf8359af0>,75,3,[10  5],76,-1,155,-1,152
1,<environment.Job instance at 0x7efbf935b690>,76,16,[13  1],77,-1,168,-1,152
1,<environment.Job instance at 0x7efbf935baf0>,79,3,[6 2],80,-1,173,-1,170
1,<environment.Job instance at 0x7efbf935bb90>,81,1,[6 3],82,-1,180,-1,179
1,<environment.Job instance at 0x7efbf871f140>,4,2,[1 9],5,-1,8,-1,6
1,<environment.Job instance at 0x7efbf7b604b0>,6,24,[4 5],7,-1,31,-1,7
1,<environment.Job instance at 0x7efbf7b60fa0>,7,24,[4 8],8,-1,32,-1,8
1,<environment.Job instance at 0x7efbf7b60af0>,8,3,[9 5],9,-1,12,-1,9
1,<environment.Job instance at 0x7efbf7b60a00>,9,3,[5 4],10,-1,13,-1,10
1,<environment.Job instance at 0x7efbf7b60be0>,10,2,[3 5],11,-1,13,-1,11
1,<environment.Job instance at 0x7efbf7b60b40>,12,2,[1 9],13,-1,15,-1,13
1,<environment.Job instance at 0x7efbf7a11870>,13,1,[3 7],14,-1,15,-1,14
1,<environment.Job instance at 0x7efbf7a11690>,14,3,[8 5],15,-1,18,-1,15
1,<environment.Job instance at 0x7efbf81d7370>,15,2,[9 5],16,-1,18,-1,16
1,<environment.Job instance at 0x7efbf7a5a640>,29,3,[4 5],30,-1,62,-1,59
1,<environment.Job instance at 0x7efbf7a2e280>,30,2,[1 5],31,-1,61,-1,59
1,<environment.Job instance at 0x7efbf7a5afa0>,31,1,[3 6],32,-1,60,-1,59
1,<environment.Job instance at 0x7efbf7a2eeb0>,33,1,[11  3],34,-1,67,-1,66
1,<environment.Job instance at 0x7efbf7a2ee10>,35,28,[ 4 12],36,-1,101,-1,73
1,<environment.Job instance at 0x7efbf7b591e0>,39,1,[ 4 13],40,-1,91,-1,90
1,<environment.Job instance at 0x7efbf7b59460>,40,1,[7 5],41,-1,91,-1,90
1,<environment.Job instance at 0x7efbf7b599b0>,43,14,[ 2 11],44,-1,115,-1,101
1,<environment.Job instance at 0x7efbf7a29640>,47,2,[6 5],48,-1,128,-1,126
1,<environment.Job instance at 0x7efbf7b837d0>,51,1,[6 2],52,-1,145,-1,144
1,<environment.Job instance at 0x7efbf7a78730>,57,3,[7 5],58,-1,178,-1,175
1,<environment.Job instance at 0x7efbf7b83500>,58,1,[5 6],59,-1,176,-1,175
1,<environment.Job instance at 0x7efbf84f7c80>,59,1,[3 8],60,-1,176,-1,175
1,<environment.Job instance at 0x7efbf8a59960>,60,25,[6 2],61,-1,200,-1,175
1,<environment.Job instance at 0x7efbf8c155f0>,20,14,[8 2],21,-1,122,-1,108
1,<environment.Job instance at 0x7efbf90c6cd0>,42,2,[5 4],43,-1,153,-1,151
1,<environment.Job instance at 0x7efbf8843aa0>,43,15,[ 3 10],44,-1,167,-1,152
1,<environment.Job instance at 0x7efbf80d23c0>,13,2,[1 7],14,-1,24,-1,22
1,<environment.Job instance at 0x7efbf831c5a0>,17,3,[8 3],18,-1,43,-1,40
1,<environment.Job instance at 0x7efbf831c0f0>,18,2,[1 7],19,-1,42,-1,40
1,<environment.Job instance at 0x7efbf831c730>,21,1,[3 9],22,-1,55,-1,54
1,<environment.Job instance at 0x7efbf831c780>,22,13,[13  5],23,-1,67,-1,54
1,<environment.Job instance at 0x7efbf831c280>,23,3,[6 1],24,-1,57,-1,54
1,<environment.Job instance at 0x7efbf88d6640>,25,2,[ 2 12],26,-1,66,-1,64
1,<environment.Job instance at 0x7efbf88d6820>,26,1,[3 9],27,-1,65,-1,64
1,<environment.Job instance at 0x7efbf88d6910>,29,23,[5 7],30,-1,104,-1,81
1,<environment.Job instance at 0x7efbf88d6af0>,32,2,[5 3],33,-1,98,-1,96
1,<environment.Job instance at 0x7efbf88d6a50>,33,25,[ 1 10],34,-1,121,-1,96
1,<environment.Job instance at 0x7efbf88d6f00>,35,2,[5 2],36,-1,110,-1,108
1,<environment.Job instance at 0x7efbf88d6d20>,36,12,[14  2],37,-1,120,-1,108
1,<environment.Job instance at 0x7efbf88d68c0>,37,19,[ 2 10],38,-1,132,-1,113
1,<environment.Job instance at 0x7efbf896a690>,43,3,[3 6],44,-1,116,-1,113
1,<environment.Job instance at 0x7efbf896ad20>,45,2,[5 7],46,-1,128,-1,126
1,<environment.Job instance at 0x7efbf7b6fbe0>,7,2,[4 5],8,-1,11,-1,9
1,<environment.Job instance at 0x7efbf7b6f640>,10,3,[1 9],11,-1,14,-1,11
1,<environment.Job instance at 0x7efbf7b6f5f0>,11,2,[3 5],12,-1,14,-1,12
1,<environment.Job instance at 0x7efbf7b6f910>,17,1,[1 9],18,-1,33,-1,32
1,<environment.Job instance at 0x7efbf7b58c80>,19,2,[10  5],20,-1,34,-1,32
1,<environment.Job instance at 0x7efbf7b58190>,20,1,[5 8],21,-1,33,-1,32
1,<environment.Job instance at 0x7efbf7b588c0>,22,26,[9 3],23,-1,63,-1,37
1,<environment.Job instance at 0x7efbf7b581e0>,26,3,[12  4],27,-1,62,-1,59
1,<environment.Job instance at 0x7efbf7b58cd0>,28,1,[5 9],29,-1,73,-1,72
1,<environment.Job instance at 0x7efbf7b58d70>,29,2,[ 1 10],30,-1,74,-1,72
1,<environment.Job instance at 0x7efbf7b29960>,34,2,[ 4 10],35,-1,86,-1,84
1,<environment.Job instance at 0x7efbf7b29140>,36,15,[ 1 11],37,-1,107,-1,92
1,<environment.Job instance at 0x7efbf7b29b90>,39,2,[1 6],40,-1,108,-1,106
1,<environment.Job instance at 0x7efbf7b4c870>,42,2,[4 8],43,-1,122,-1,120
1,<environment.Job instance at 0x7efbf7b4c9b0>,43,2,[10  3],44,-1,122,-1,120
1,<environment.Job instance at 0x7efbf7b4c140>,45,3,[10  5],46,-1,138,-1,135
1,<environment.Job instance at 0x7efbf7b4c460>,48,12,[14  5],49,-1,159,-1,147
1,<environment.Job instance at 0x7efbf7b4c1e0>,49,2,[5 2],50,-1,149,-1,147
1,<environment.Job instance at 0x7efbf7b4c280>,50,2,[1 6],51,-1,149,-1,147
1,<environment.Job instance at 0x7efbf7b4c7d0>,52,2,[9 5],53,-1,166,-1,164
1,<environment.Job instance at 0x7efbf89cbeb0>,6,23,[ 1 13],7,-1,30,-1,7
1,<environment.Job instance at 0x7efbf89cb410>,7,2,[ 2 11],8,-1,10,-1,8
1,<environment.Job instance at 0x7efbf89cbf00>,14,24,[7 3],15,-1,39,-1,15
1,<environment.Job instance at 0x7efbf90cc410>,22,2,[6 5],23,-1,45,-1,43
1,<environment.Job instance at 0x7efbf90cceb0>,24,19,[ 5 12],25,-1,79,-1,60
1,<environment.Job instance at 0x7efbf90cc870>,25,27,[2 8],26,-1,87,-1,60
1,<environment.Job instance at 0x7efbf8e78410>,28,1,[9 4],29,-1,61,-1,60
1,<environment.Job instance at 0x7efbf8e78a00>,29,1,[ 4 13],30,-1,61,-1,60
1,<environment.Job instance at 0x7efbf8e78550>,31,1,[10  1],32,-1,63,-1,62
1,<environment.Job instance at 0x7efbf8e787d0>,32,24,[5 7],33,-1,86,-1,62
1,<environment.Job instance at 0x7efbf9350280>,33,3,[4 8],34,-1,65,-1,62
1,<environment.Job instance at 0x7efbf9350500>,34,1,[4 6],35,-1,63,-1,62
1,<environment.Job instance at 0x7efbf9350690>,35,2,[4 5],36,-1,64,-1,62
1,<environment.Job instance at 0x7efbf9350640>,37,1,[ 3 10],38,-1,78,-1,77
1,<environment.Job instance at 0x7efbf9350230>,38,1,[4 5],39,-1,78,-1,77
1,<environment.Job instance at 0x7efbf9350960>,39,23,[6 1],40,-1,100,-1,77
1,<environment.Job instance at 0x7efbf93506e0>,40,1,[11  4],41,-1,78,-1,77
1,<environment.Job instance at 0x7efbf9350f50>,41,1,[5 7],42,-1,78,-1,77
1,<environment.Job instance at 0x7efbf93504b0>,46,23,[ 2 10],47,-1,137,-1,114
1,<environment.Job instance at 0x7efbf93509b0>,47,3,[ 2 10],48,-1,117,-1,114
1,<environment.Job instance at 0x7efbf9350c30>,48,3,[10  5],49,-1,117,-1,114
1,<environment.Job instance at 0x7efbf93502d0>,50,15,[ 1 11],51,-1,144,-1,129
1,<environment.Job instance at 0x7efbf7efd780>,51,2,[11  4],52,-1,131,-1,129
1,<environment.Job instance at 0x7efbf7efd2d0>,52,3,[14  5],53,-1,132,-1,129
1,<environment.Job instance at 0x7efbf7efd690>,53,2,[7 1],54,-1,131,-1,129
1,<environment.Job instance at 0x7efbf7efd050>,60,2,[3 9],61,-1,149,-1,147
1,<environment.Job instance at 0x7efbf7efd5f0>,61,1,[6 4],62,-1,148,-1,147
1,<environment.Job instance at 0x7efbf9398910>,7,28,[6 3],8,-1,36,-1,8
1,<environment.Job instance at 0x7efbf8274e60>,20,1,[3 6],21,-1,36,-1,35
1,<environment.Job instance at 0x7efbf7bd8820>,32,25,[2 8],33,-1,126,-1,101
1,<environment.Job instance at 0x7efbf7bd88c0>,33,2,[ 4 10],34,-1,103,-1,101
1,<environment.Job instance at 0x7efbf7bd8960>,34,15,[ 3 14],35,-1,116,-1,101
1,<environment.Job instance at 0x7efbf7bd8a00>,37,3,[7 4],38,-1,119,-1,116
1,<environment.Job instance at 0x7efbf7bd8dc0>,40,12,[ 3 11],41,-1,140,-1,128
1,<environment.Job instance at 0x7efbf7bd8e60>,41,28,[1 5],42,-1,156,-1,128
1,<environment.Job instance at 0x7efbf7bd8f50>,42,2,[3 8],43,-1,130,-1,128
1,<environment.Job instance at 0x7efbf7bd20a0>,45,2,[1 7],46,-1,162,-1,160
1,<environment.Job instance at 0x7efbf8bf38c0>,4,1,[5 7],5,-1,6,-1,5
1,<environment.Job instance at 0x7efbf8bf37d0>,7,1,[ 5 12],8,-1,9,-1,8
1,<environment.Job instance at 0x7efbf8bf3a50>,8,1,[ 2 10],9,-1,10,-1,9
1,<environment.Job instance at 0x7efbf8bf3b40>,9,3,[12  2],10,-1,14,-1,11
1,<environment.Job instance at 0x7efbf8bef730>,11,3,[11  1],12,-1,15,-1,12
1,<environment.Job instance at 0x7efbf92fccd0>,11,3,[7 1],12,-1,15,-1,12
1,<environment.Job instance at 0x7efbf92fca50>,15,1,[5 5],16,-1,24,-1,23
1,<environment.Job instance at 0x7efbf92fc410>,25,23,[1 8],26,-1,95,-1,72
1,<environment.Job instance at 0x7efbf87f9c30>,28,13,[ 5 13],29,-1,85,-1,72
1,<environment.Job instance at 0x7efbf87f9fa0>,29,3,[3 5],30,-1,75,-1,72
1,<environment.Job instance at 0x7efbf87f90f0>,31,1,[2 7],32,-1,73,-1,72
1,<environment.Job instance at 0x7efbf87f9e10>,32,3,[ 5 13],33,-1,75,-1,72
1,<environment.Job instance at 0x7efbf87f9500>,36,1,[8 5],37,-1,91,-1,90
1,<environment.Job instance at 0x7efbf9235320>,44,26,[8 5],45,-1,142,-1,116
1,<environment.Job instance at 0x7efbf9235fa0>,52,3,[9 1],53,-1,154,-1,151
1,<environment.Job instance at 0x7efbf92356e0>,53,24,[3 7],54,-1,175,-1,151
1,<environment.Job instance at 0x7efbf86a9870>,7,1,[9 1],8,-1,9,-1,8
1,<environment.Job instance at 0x7efbf86a9fa0>,16,1,[7 2],17,-1,18,-1,17
1,<environment.Job instance at 0x7efbf86d3190>,17,25,[9 5],18,-1,43,-1,18
1,<environment.Job instance at 0x7efbf86d3230>,18,2,[ 1 13],19,-1,21,-1,19
1,<environment.Job instance at 0x7efbf86d32d0>,19,2,[5 8],20,-1,22,-1,20
1,<environment.Job instance at 0x7efbf86d34b0>,21,1,[2 5],22,-1,27,-1,26
1,<environment.Job instance at 0x7efbf86d3550>,22,2,[3 7],23,-1,28,-1,26
1,<environment.Job instance at 0x7efbf86d35f0>,23,1,[6 3],24,-1,27,-1,26
1,<environment.Job instance at 0x7efbf86d3730>,25,15,[ 3 14],26,-1,41,-1,26
1,<environment.Job instance at 0x7efbf86d3910>,26,2,[6 3],27,-1,29,-1,27
1,<environment.Job instance at 0x7efbf86d38c0>,28,15,[ 5 14],29,-1,44,-1,29
1,<environment.Job instance at 0x7efbf86d3af0>,29,1,[8 4],30,-1,31,-1,30
1,<environment.Job instance at 0x7efbf86d3e60>,34,2,[6 5],35,-1,57,-1,55
1,<environment.Job instance at 0x7efbf86d3d20>,37,2,[ 1 11],38,-1,75,-1,73
1,<environment.Job instance at 0x7efbf86d3fa0>,38,27,[4 6],39,-1,100,-1,73
1,<environment.Job instance at 0x7efbf86ad1e0>,39,2,[5 9],40,-1,75,-1,73
1,<environment.Job instance at 0x7efbf86ad2d0>,40,2,[5 1],41,-1,75,-1,73
1,<environment.Job instance at 0x7efbf86ad4b0>,41,1,[10  5],42,-1,74,-1,73
1,<environment.Job instance at 0x7efbf86ad550>,42,3,[1 6],43,-1,76,-1,73
1,<environment.Job instance at 0x7efbf86ad5f0>,43,12,[10  3],44,-1,87,-1,75
1,<environment.Job instance at 0x7efbf86ad690>,45,1,[2 9],46,-1,76,-1,75
1,<environment.Job instance at 0x7efbf86ad730>,46,3,[1 5],47,-1,79,-1,76
1,<environment.Job instance at 0x7efbf86ad7d0>,47,1,[5 4],48,-1,77,-1,76
1,<environment.Job instance at 0x7efbf86ad870>,49,3,[7 3],50,-1,86,-1,83
1,<environment.Job instance at 0x7efbf86ad9b0>,50,2,[5 2],51,-1,86,-1,84
1,<environment.Job instance at 0x7efbf86adf50>,56,3,[ 2 10],57,-1,110,-1,107
1,<environment.Job instance at 0x7efbf86add70>,58,1,[2 6],59,-1,120,-1,119
1,<environment.Job instance at 0x7efbf79f1230>,60,26,[ 5 14],61,-1,151,-1,125
1,<environment.Job instance at 0x7efbf79f1320>,62,16,[ 2 13],63,-1,150,-1,134
1,<environment.Job instance at 0x7efbf79f1410>,63,27,[2 5],64,-1,161,-1,134
1,<environment.Job instance at 0x7efbf79f1460>,64,1,[3 5],65,-1,135,-1,134
1,<environment.Job instance at 0x7efbf79f1780>,67,2,[9 2],68,-1,152,-1,150
1,<environment.Job instance at 0x7efbf79f18c0>,70,1,[4 5],71,-1,158,-1,157
1,<environment.Job instance at 0x7efbf79f1960>,71,2,[1 5],72,-1,159,-1,157
1,<environment.Job instance at 0x7efbf79f1a00>,72,2,[10  2],73,-1,159,-1,157
1,<environment.Job instance at 0x7efbf79f1be0>,74,1,[4 5],75,-1,174,-1,173
1,<environment.Job instance at 0x7efbf8efee60>,6,3,[ 2 12],7,-1,10,-1,7
1,<environment.Job instance at 0x7efbf8efec30>,8,16,[12  5],9,-1,25,-1,9
1,<environment.Job instance at 0x7efbf8efee10>,9,25,[4 9],10,-1,35,-1,10
1,<environment.Job instance at 0x7efbf7d7beb0>,13,2,[ 3 12],14,-1,18,-1,16
1,<environment.Job instance at 0x7efbf8ea4eb0>,21,13,[ 2 13],22,-1,42,-1,29
1,<environment.Job instance at 0x7efbf8ea4be0>,22,3,[ 2 14],23,-1,32,-1,29
1,<environment.Job instance at 0x7efbf8ea4050>,23,1,[9 4],24,-1,31,-1,30
1,<environment.Job instance at 0x7efc01b90fa0>,28,2,[ 1 10],29,-1,53,-1,51
1,<environment.Job instance at 0x7efbf8706be0>,32,12,[11  5],33,-1,82,-1,70
1,<environment.Job instance at 0x7efbf7c41870>,33,3,[9 5],34,-1,73,-1,70
1,<environment.Job instance at 0x7efbf87066e0>,34,3,[5 4],35,-1,73,-1,70
1,<environment.Job instance at 0x7efbf8f5b640>,37,2,[6 3],38,-1,79,-1,77
1,<environment.Job instance at 0x7efbf8d8ddc0>,44,2,[4 6],45,-1,120,-1,118
1,<environment.Job instance at 0x7efbf8d8d0a0>,45,2,[ 2 10],46,-1,120,-1,118
1,<environment.Job instance at 0x7efbf809f320>,60,3,[10  2],61,-1,182,-1,179
1,<environment.Job instance at 0x7efbf809f820>,61,3,[4 8],62,-1,182,-1,179
1,<environment.Job instance at 0x7efbf809ff50>,62,2,[ 5 13],63,-1,181,-1,179
1,<environment.Job instance at 0x7efbf809f640>,63,2,[7 1],64,-1,181,-1,179
1,<environment.Job instance at 0x7efbf809f8c0>,64,17,[ 3 11],65,-1,196,-1,179
1,<environment.Job instance at 0x7efbf809fe60>,66,24,[8 4],67,-1,203,-1,179
1,<environment.Job instance at 0x7efbf91b6870>,4,3,[9 4],5,-1,9,-1,6
1,<environment.Job instance at 0x7efbf91b6410>,6,1,[ 5 14],7,-1,8,-1,7
1,<environment.Job instance at 0x7efbf91b6550>,7,18,[ 5 13],8,-1,26,-1,8
1,<environment.Job instance at 0x7efbf91b6820>,10,2,[10  1],11,-1,13,-1,11
1,<environment.Job instance at 0x7efbf91b6c80>,13,12,[ 5 12],14,-1,26,-1,14
1,<environment.Job instance at 0x7efbf8ecb500>,19,1,[3 7],20,-1,25,-1,24
1,<environment.Job instance at 0x7efbf8ecb410>,26,2,[5 4],27,-1,70,-1,68
1,<environment.Job instance at 0x7efbf8ecb550>,29,3,[7 1],30,-1,80,-1,77
1,<environment.Job instance at 0x7efbf83f3230>,30,1,[5 8],31,-1,78,-1,77
1,<environment.Job instance at 0x7efbf83f3500>,31,18,[14  1],32,-1,95,-1,77
1,<environment.Job instance at 0x7efbf83f3870>,32,3,[5 7],33,-1,80,-1,77
1,<environment.Job instance at 0x7efbf83f3140>,35,2,[8 3],36,-1,92,-1,90
1,<environment.Job instance at 0x7efbf83f3f50>,38,18,[ 1 13],39,-1,126,-1,108
1,<environment.Job instance at 0x7efbf7c32cd0>,45,26,[ 2 12],46,-1,194,-1,168
1,<environment.Job instance at 0x7efbf8b6b820>,7,2,[10  4],8,-1,10,-1,8
1,<environment.Job instance at 0x7efbf91d4d70>,15,13,[11  5],16,-1,62,-1,49
1,<environment.Job instance at 0x7efbf91efdc0>,16,24,[8 3],17,-1,73,-1,49
1,<environment.Job instance at 0x7efbf91d4500>,18,12,[ 4 11],19,-1,61,-1,49
1,<environment.Job instance at 0x7efbf8b5baa0>,21,3,[ 3 11],22,-1,64,-1,61
1,<environment.Job instance at 0x7efbf8b5bc30>,23,2,[2 9],24,-1,66,-1,64
1,<environment.Job instance at 0x7efbf7ed81e0>,25,2,[1 8],26,-1,81,-1,79
1,<environment.Job instance at 0x7efbf7a9dd70>,30,3,[4 6],31,-1,100,-1,97
1,<environment.Job instance at 0x7efbf8cec690>,32,13,[ 4 11],33,-1,128,-1,115
1,<environment.Job instance at 0x7efbf7d185f0>,35,3,[8 4],36,-1,118,-1,115
1,<environment.Job instance at 0x7efbf92fca00>,36,1,[3 9],37,-1,116,-1,115
1,<environment.Job instance at 0x7efc01b90460>,43,14,[12  2],44,-1,163,-1,149
1,<environment.Job instance at 0x7efc01b90f50>,44,2,[9 3],45,-1,151,-1,149
1,<environment.Job instance at 0x7efbf7ee3a50>,45,3,[4 8],46,-1,152,-1,149
1,<environment.Job instance at 0x7efbf7ee3f50>,46,13,[9 1],47,-1,166,-1,153
1,<environment.Job instance at 0x7efbf8b77e60>,52,2,[6 1],53,-1,179,-1,177
1,<environment.Job instance at 0x7f029dc69320>,1,15,[ 1 14],2,-1,17,-1,2
1,<environment.Job instance at 0x7f02944f1af0>,10,1,[7 3],11,-1,19,-1,18
1,<environment.Job instance at 0x7f02944f1b90>,11,2,[3 9],12,-1,20,-1,18
1,<environment.Job instance at 0x7f02944f1c30>,12,3,[6 3],13,-1,21,-1,18
1,<environment.Job instance at 0x7f02944f1e10>,15,3,[10  2],16,-1,33,-1,30
1,<environment.Job instance at 0x7f02944f1f50>,17,3,[10  3],18,-1,33,-1,30
1,<environment.Job instance at 0x7f02944f1aa0>,19,17,[12  3],20,-1,63,-1,46
1,<environment.Job instance at 0x7f02944f30a0>,20,1,[3 7],21,-1,47,-1,46
1,<environment.Job instance at 0x7f02944f30f0>,21,3,[ 2 10],22,-1,49,-1,46
1,<environment.Job instance at 0x7f02944f3280>,22,2,[12  3],23,-1,48,-1,46
1,<environment.Job instance at 0x7f02944f33c0>,24,3,[5 9],25,-1,51,-1,48
1,<environment.Job instance at 0x7f02944f3460>,25,3,[1 6],26,-1,51,-1,48
1,<environment.Job instance at 0x7f02944f3500>,26,22,[2 9],27,-1,72,-1,50
1,<environment.Job instance at 0x7f02944f35a0>,27,2,[6 4],28,-1,52,-1,50
1,<environment.Job instance at 0x7f02944f3640>,28,2,[5 9],29,-1,52,-1,50
1,<environment.Job instance at 0x7f02944f3960>,30,1,[5 5],31,-1,51,-1,50
1,<environment.Job instance at 0x7f02944f39b0>,33,2,[5 3],34,-1,67,-1,65
1,<environment.Job instance at 0x7f02944f3aa0>,34,3,[9 5],35,-1,68,-1,65
1,<environment.Job instance at 0x7f02944f3be0>,36,2,[5 1],37,-1,83,-1,81
1,<environment.Job instance at 0x7f02944f3e60>,40,1,[1 8],41,-1,100,-1,99
1,<environment.Job instance at 0x7f02944f7050>,43,28,[6 4],44,-1,137,-1,109
1,<environment.Job instance at 0x7f02944f70a0>,44,17,[ 5 12],45,-1,126,-1,109
1,<environment.Job instance at 0x7f02944f7410>,46,3,[5 4],47,-1,118,-1,115
1,<environment.Job instance at 0x7f02944f74b0>,47,1,[2 6],48,-1,116,-1,115
1,<environment.Job instance at 0x7f02944f7550>,49,2,[1 9],50,-1,124,-1,122
1,<environment.Job instance at 0x7f02944f7780>,50,27,[9 1],51,-1,149,-1,122
1,<environment.Job instance at 0x7f02944f7820>,51,2,[4 9],52,-1,124,-1,122
1,<environment.Job instance at 0x7f02944f7870>,52,3,[ 3 11],53,-1,125,-1,122
1,<environment.Job instance at 0x7f02944f7910>,53,18,[ 4 12],54,-1,140,-1,122
1,<environment.Job instance at 0x7f02944f7b90>,57,3,[8 4],58,-1,136,-1,133
1,<environment.Job instance at 0x7f02944f7c30>,58,1,[5 7],59,-1,134,-1,133
1,<environment.Job instance at 0x7f02944f7cd0>,59,14,[ 2 10],60,-1,151,-1,137
1,<environment.Job instance at 0x7f02944f7d70>,60,24,[ 3 10],61,-1,161,-1,137
1,<environment.Job instance at 0x7f02944f7e10>,61,2,[9 2],62,-1,139,-1,137
1,<environment.Job instance at 0x7f02944fa0a0>,66,3,[ 2 10],67,-1,162,-1,159
1,<environment.Job instance at 0x7f02944fa2d0>,67,26,[5 4],68,-1,185,-1,159
1,<environment.Job instance at 0x7f02944fa370>,68,22,[5 6],69,-1,184,-1,162
1,<environment.Job instance at 0x7f02944fa460>,71,1,[8 2],72,-1,178,-1,177
1,<environment.Job instance at 0x7f02944fa690>,73,3,[10  4],74,-1,182,-1,179
1,<environment.Job instance at 0x7f02944fa730>,74,1,[6 2],75,-1,180,-1,179
1,<environment.Job instance at 0x7f02944fa7d0>,75,3,[6 4],76,-1,182,-1,179
1,<environment.Job instance at 0x7f02945896e0>,6,23,[5 8],7,-1,39,-1,16
1,<environment.Job instance at 0x7f0294676a50>,17,1,[1 6],18,-1,24,-1,23
1,<environment.Job instance at 0x7f02946769b0>,18,22,[9 2],19,-1,78,-1,56
1,<environment.Job instance at 0x7f0294676d20>,27,18,[ 1 10],28,-1,118,-1,100
1,<environment.Job instance at 0x7f029499c870>,29,1,[9 2],30,-1,101,-1,100
1,<environment.Job instance at 0x7f029499cc30>,30,2,[4 5],31,-1,102,-1,100
1,<environment.Job instance at 0x7f029499c2d0>,31,1,[8 3],32,-1,101,-1,100
1,<environment.Job instance at 0x7f029499cd70>,32,1,[3 8],33,-1,101,-1,100
1,<environment.Job instance at 0x7f029499c3c0>,34,28,[9 1],35,-1,128,-1,100
1,<environment.Job instance at 0x7f029499c370>,46,3,[7 5],47,-1,168,-1,165
1,<environment.Job instance at 0x7f029499c280>,47,3,[4 9],48,-1,168,-1,165
1,<environment.Job instance at 0x7f0294993a50>,50,28,[7 3],51,-1,209,-1,181
1,<environment.Job instance at 0x7f0294103870>,9,1,[10  5],10,-1,12,-1,11
1,<environment.Job instance at 0x7f0294103780>,11,2,[7 4],12,-1,14,-1,12
1,<environment.Job instance at 0x7f0293ff11e0>,18,13,[14  4],19,-1,43,-1,30
1,<environment.Job instance at 0x7f0293ff1be0>,21,3,[3 7],22,-1,49,-1,46
1,<environment.Job instance at 0x7f0293ff15a0>,23,27,[7 5],24,-1,83,-1,56
1,<environment.Job instance at 0x7f0293ff12d0>,24,13,[14  5],25,-1,69,-1,56
1,<environment.Job instance at 0x7f0293d30690>,30,2,[9 4],31,-1,88,-1,86
1,<environment.Job instance at 0x7f0293d30f00>,32,13,[8 1],33,-1,104,-1,91
1,<environment.Job instance at 0x7f0293d30820>,34,3,[2 5],35,-1,102,-1,99
1,<environment.Job instance at 0x7f0293d30780>,35,25,[3 7],36,-1,124,-1,99
1,<environment.Job instance at 0x7f0293c1cfa0>,39,3,[9 3],40,-1,119,-1,116
1,<environment.Job instance at 0x7f0293c1c410>,40,1,[ 4 12],41,-1,117,-1,116
1,<environment.Job instance at 0x7f0293c1c730>,41,1,[10  1],42,-1,117,-1,116
1,<environment.Job instance at 0x7f0293c1c6e0>,43,1,[5 2],44,-1,117,-1,116
1,<environment.Job instance at 0x7f0293c1c190>,44,12,[13  3],45,-1,128,-1,116
1,<environment.Job instance at 0x7f0293c18500>,49,3,[12  1],50,-1,162,-1,159
1,<environment.Job instance at 0x7f0293c18b90>,51,1,[5 5],52,-1,177,-1,176
1,<environment.Job instance at 0x7f0293c184b0>,53,2,[ 4 10],54,-1,190,-1,188
1,<environment.Job instance at 0x7f0293c18910>,54,2,[5 3],55,-1,190,-1,188
1,<environment.Job instance at 0x7f0293e39140>,3,1,[7 1],4,-1,5,-1,4
1,<environment.Job instance at 0x7f0293e39050>,4,15,[ 2 13],5,-1,20,-1,5
1,<environment.Job instance at 0x7f0293e18c30>,7,3,[12  4],8,-1,12,-1,9
1,<environment.Job instance at 0x7f0293e39fa0>,9,28,[1 8],10,-1,38,-1,10
1,<environment.Job instance at 0x7f0293e39f50>,12,3,[1 9],13,-1,16,-1,13
1,<environment.Job instance at 0x7f0293e390f0>,13,2,[6 5],14,-1,16,-1,14
1,<environment.Job instance at 0x7f0293e398c0>,14,1,[7 3],15,-1,16,-1,15
1,<environment.Job instance at 0x7f0293e39410>,15,3,[7 2],16,-1,19,-1,16
1,<environment.Job instance at 0x7f0293e39d70>,19,3,[4 9],20,-1,29,-1,26
1,<environment.Job instance at 0x7f0293d5ac80>,25,24,[8 3],26,-1,68,-1,44
1,<environment.Job instance at 0x7f0293d5a2d0>,26,1,[4 7],27,-1,45,-1,44
1,<environment.Job instance at 0x7f0293d5a8c0>,27,1,[7 4],28,-1,45,-1,44
1,<environment.Job instance at 0x7f0293d5a4b0>,39,2,[ 4 10],40,-1,108,-1,106
1,<environment.Job instance at 0x7f0293d5a320>,40,1,[9 5],41,-1,107,-1,106
1,<environment.Job instance at 0x7f0293d5a460>,41,13,[12  4],42,-1,119,-1,106
1,<environment.Job instance at 0x7f0293d85640>,44,24,[4 5],45,-1,146,-1,122
1,<environment.Job instance at 0x7f0293d85550>,49,3,[5 9],50,-1,150,-1,147
1,<environment.Job instance at 0x7f0293d85820>,50,2,[6 4],51,-1,149,-1,147
1,<environment.Job instance at 0x7f0293d85a50>,51,2,[3 5],52,-1,149,-1,147
1,<environment.Job instance at 0x7f0293d855a0>,55,2,[2 9],56,-1,168,-1,166
1,<environment.Job instance at 0x7f02941ab820>,57,1,[3 6],58,-1,179,-1,178
1,<environment.Job instance at 0x7f02941f77d0>,60,3,[10  4],61,-1,191,-1,188
1,<environment.Job instance at 0x7f029d6ce870>,16,1,[5 1],17,-1,28,-1,27
1,<environment.Job instance at 0x7f029d6ce730>,17,27,[ 2 11],18,-1,54,-1,27
1,<environment.Job instance at 0x7f029d6ce5f0>,19,3,[11  2],20,-1,30,-1,27
1,<environment.Job instance at 0x7f0294edf0a0>,20,2,[3 9],21,-1,29,-1,27
1,<environment.Job instance at 0x7f029d6ce2d0>,21,2,[7 1],22,-1,29,-1,27
1,<environment.Job instance at 0x7f0294edf5f0>,22,1,[12  5],23,-1,28,-1,27
1,<environment.Job instance at 0x7f02945eadc0>,29,1,[8 2],30,-1,60,-1,59
1,<environment.Job instance at 0x7f02945eab90>,35,1,[7 3],36,-1,77,-1,76
1,<environment.Job instance at 0x7f02945ea960>,36,3,[5 4],37,-1,79,-1,76
1,<environment.Job instance at 0x7f02945eae10>,37,2,[7 2],38,-1,78,-1,76
1,<environment.Job instance at 0x7f02945ea8c0>,39,1,[5 7],40,-1,88,-1,87
1,<environment.Job instance at 0x7f02945c3eb0>,47,2,[ 3 10],48,-1,152,-1,150
1,<environment.Job instance at 0x7f02945c3b90>,51,3,[1 9],52,-1,172,-1,169
1,<environment.Job instance at 0x7f02945c30f0>,55,1,[5 8],56,-1,190,-1,189
1,<environment.Job instance at 0x7f02945c3e60>,57,2,[9 3],58,-1,191,-1,189
1,<environment.Job instance at 0x7f0294450c30>,28,18,[13  5],29,-1,101,-1,83
1,<environment.Job instance at 0x7f0294450d70>,30,2,[5 5],31,-1,88,-1,86
1,<environment.Job instance at 0x7f0294450500>,33,3,[13  5],34,-1,102,-1,99
1,<environment.Job instance at 0x7f0294450f50>,34,3,[4 5],35,-1,102,-1,99
1,<environment.Job instance at 0x7f0294450d20>,36,27,[5 2],37,-1,142,-1,115
1,<environment.Job instance at 0x7f0294450460>,37,14,[ 3 14],38,-1,129,-1,115
1,<environment.Job instance at 0x7f0294450190>,41,1,[8 4],42,-1,137,-1,136
1,<environment.Job instance at 0x7f0294450aa0>,42,1,[2 5],43,-1,143,-1,142
1,<environment.Job instance at 0x7f029436e640>,43,2,[ 4 10],44,-1,144,-1,142
1,<environment.Job instance at 0x7f029436eb90>,45,3,[5 6],46,-1,151,-1,148
1,<environment.Job instance at 0x7f029436e910>,46,1,[2 6],47,-1,150,-1,149
1,<environment.Job instance at 0x7f029436e5f0>,50,1,[ 2 10],51,-1,171,-1,170
1,<environment.Job instance at 0x7f029436ef50>,51,2,[1 5],52,-1,189,-1,187
1,<environment.Job instance at 0x7f029436e280>,55,3,[9 2],56,-1,190,-1,187
1,<environment.Job instance at 0x7f029436ea00>,57,2,[ 5 13],58,-1,189,-1,187
1,<environment.Job instance at 0x7f0293a56fa0>,15,25,[ 3 14],16,-1,56,-1,31
1,<environment.Job instance at 0x7f0293a57050>,18,3,[10  2],19,-1,50,-1,47
1,<environment.Job instance at 0x7f0293a57230>,20,2,[4 6],21,-1,62,-1,60
1,<environment.Job instance at 0x7f0293a57460>,21,3,[ 4 13],22,-1,63,-1,60
1,<environment.Job instance at 0x7f0293a57500>,23,14,[ 2 10],24,-1,79,-1,65
1,<environment.Job instance at 0x7f0293a57550>,24,27,[13  3],25,-1,92,-1,65
1,<environment.Job instance at 0x7f0293a57690>,25,2,[3 9],26,-1,67,-1,65
1,<environment.Job instance at 0x7f0293a57730>,26,2,[5 7],27,-1,67,-1,65
1,<environment.Job instance at 0x7f0293a577d0>,27,1,[8 1],28,-1,66,-1,65
1,<environment.Job instance at 0x7f0293a57870>,28,3,[9 5],29,-1,68,-1,65
1,<environment.Job instance at 0x7f0293a57b40>,30,2,[8 4],31,-1,77,-1,75
1,<environment.Job instance at 0x7f0293a57c80>,31,2,[3 9],32,-1,77,-1,75
1,<environment.Job instance at 0x7f0293a57d20>,32,14,[ 2 10],33,-1,106,-1,92
1,<environment.Job instance at 0x7f0293a57cd0>,37,1,[10  2],38,-1,103,-1,102
1,<environment.Job instance at 0x7f0293a58190>,39,1,[9 4],40,-1,118,-1,117
1,<environment.Job instance at 0x7f0293a584b0>,44,27,[6 1],45,-1,161,-1,134
1,<environment.Job instance at 0x7f0293a585f0>,46,17,[ 5 11],47,-1,152,-1,135
1,<environment.Job instance at 0x7f0293a58aa0>,51,24,[14  3],52,-1,182,-1,158
1,<environment.Job instance at 0x7f0293a588c0>,52,1,[1 8],53,-1,159,-1,158
1,<environment.Job instance at 0x7f0293a58b90>,53,24,[10  2],54,-1,182,-1,158
1,<environment.Job instance at 0x7f0293a58c30>,54,2,[3 6],55,-1,160,-1,158
1,<environment.Job instance at 0x7f0293a58cd0>,55,3,[2 8],56,-1,161,-1,158
1,<environment.Job instance at 0x7f0293a58d70>,56,1,[9 2],57,-1,159,-1,158
1,<environment.Job instance at 0x7f0293a58e10>,57,1,[5 3],58,-1,159,-1,158
1,<environment.Job instance at 0x7f0293a58f50>,59,3,[10  1],60,-1,179,-1,176
1,<environment.Job instance at 0x7f0293a5c0a0>,61,2,[1 9],62,-1,178,-1,176
1,<environment.Job instance at 0x7f0293a5c280>,62,3,[10  4],63,-1,179,-1,176
1,<environment.Job instance at 0x7f0293a5c3c0>,64,3,[9 3],65,-1,188,-1,185
1,<environment.Job instance at 0x7f02949190f0>,38,16,[13  2],39,-1,186,-1,170
1,<environment.Job instance at 0x7f0294919960>,40,1,[5 2],41,-1,185,-1,184
1,<environment.Job instance at 0x7f0294919230>,41,14,[ 2 12],42,-1,198,-1,184
1,<environment.Job instance at 0x7f02949195f0>,43,26,[7 1],44,-1,210,-1,184
1,<environment.Job instance at 0x7f0293f52370>,15,3,[9 1],16,-1,44,-1,41
1,<environment.Job instance at 0x7f029441b230>,24,3,[13  1],25,-1,78,-1,75
1,<environment.Job instance at 0x7f02937525a0>,26,13,[ 2 10],27,-1,90,-1,77
1,<environment.Job instance at 0x7f029386b6e0>,28,3,[1 7],29,-1,90,-1,87
1,<environment.Job instance at 0x7f029386bdc0>,29,3,[7 3],30,-1,90,-1,87
1,<environment.Job instance at 0x7f029386b690>,32,3,[5 8],33,-1,102,-1,99
1,<environment.Job instance at 0x7f029386ba50>,33,2,[6 2],34,-1,101,-1,99
1,<environment.Job instance at 0x7f029386baf0>,35,25,[4 5],36,-1,136,-1,111
1,<environment.Job instance at 0x7f0293887af0>,36,2,[ 1 10],37,-1,113,-1,111
1,<environment.Job instance at 0x7f029386b140>,37,3,[2 7],38,-1,114,-1,111
1,<environment.Job instance at 0x7f0293887e60>,38,1,[ 4 14],39,-1,112,-1,111
1,<environment.Job instance at 0x7f0293887690>,39,1,[5 6],40,-1,112,-1,111
1,<environment.Job instance at 0x7f0293887320>,42,3,[5 8],43,-1,129,-1,126
1,<environment.Job instance at 0x7f0293887f00>,44,2,[3 9],45,-1,128,-1,126
1,<environment.Job instance at 0x7f0293887190>,45,1,[1 7],46,-1,127,-1,126
1,<environment.Job instance at 0x7f0293887a50>,46,2,[5 3],47,-1,128,-1,126
1,<environment.Job instance at 0x7f0293887870>,47,1,[4 7],48,-1,127,-1,126
1,<environment.Job instance at 0x7f02940eadc0>,49,2,[4 8],50,-1,131,-1,129
1,<environment.Job instance at 0x7f02940eac80>,50,2,[13  2],51,-1,131,-1,129
1,<environment.Job instance at 0x7f0293be64b0>,53,15,[ 2 10],54,-1,164,-1,149
1,<environment.Job instance at 0x7f02944eaa50>,54,1,[12  5],55,-1,150,-1,149
1,<environment.Job instance at 0x7f02941bc4b0>,55,3,[3 9],56,-1,152,-1,149
1,<environment.Job instance at 0x7f0293f35e10>,57,26,[ 3 10],58,-1,178,-1,152
1,<environment.Job instance at 0x7f02940c7870>,58,12,[10  4],59,-1,166,-1,154
1,<environment.Job instance at 0x7f0294080640>,60,2,[5 4],61,-1,161,-1,159
1,<environment.Job instance at 0x7f0293fdba00>,61,3,[12  2],62,-1,162,-1,159
1,<environment.Job instance at 0x7f0294dd8230>,62,1,[2 6],63,-1,160,-1,159
1,<environment.Job instance at 0x7f0293ffdfa0>,63,3,[6 1],64,-1,162,-1,159
1,<environment.Job instance at 0x7f0293ffdeb0>,64,1,[7 3],65,-1,160,-1,159
1,<environment.Job instance at 0x7f0294c92640>,65,3,[8 1],66,-1,162,-1,159
1,<environment.Job instance at 0x7f0294c926e0>,66,2,[5 9],67,-1,161,-1,159
1,<environment.Job instance at 0x7f029371b640>,67,2,[5 8],68,-1,161,-1,159
1,<environment.Job instance at 0x7f029371bd70>,68,3,[6 2],69,-1,162,-1,159
1,<environment.Job instance at 0x7f029371b780>,69,2,[10  1],70,-1,161,-1,159
1,<environment.Job instance at 0x7f029371b460>,70,12,[2 5],71,-1,173,-1,161
1,<environment.Job instance at 0x7f029371baf0>,72,1,[7 4],73,-1,170,-1,169
1,<environment.Job instance at 0x7f029371bf50>,74,3,[14  3],75,-1,176,-1,173
1,<environment.Job instance at 0x7f0294126f00>,75,13,[7 4],76,-1,186,-1,173
1,<environment.Job instance at 0x7f02941261e0>,76,16,[3 8],77,-1,189,-1,173
1,<environment.Job instance at 0x7f0294007e10>,77,3,[6 5],78,-1,176,-1,173
1,<environment.Job instance at 0x7f0294007370>,78,1,[2 8],79,-1,174,-1,173
1,<environment.Job instance at 0x7f0294007a00>,79,2,[6 3],80,-1,175,-1,173
1,<environment.Job instance at 0x7f02940078c0>,81,1,[5 3],82,-1,185,-1,184
1,<environment.Job instance at 0x7f0294df2f50>,12,3,[10  3],13,-1,20,-1,17
1,<environment.Job instance at 0x7f0294f0dd70>,44,2,[5 2],45,-1,182,-1,180
1,<environment.Job instance at 0x7f0294f0da00>,45,3,[5 2],46,-1,183,-1,180
1,<environment.Job instance at 0x7f0294567910>,46,2,[14  1],47,-1,182,-1,180
1,<environment.Job instance at 0x7f0294f14e60>,47,2,[5 5],48,-1,182,-1,180
1,<environment.Job instance at 0x7f029d6fdcd0>,5,15,[12  5],6,-1,21,-1,6
1,<environment.Job instance at 0x7f0295042320>,11,3,[9 2],12,-1,18,-1,15
1,<environment.Job instance at 0x7f0295042050>,12,1,[5 5],13,-1,16,-1,15
1,<environment.Job instance at 0x7f0295042f00>,14,3,[10  5],15,-1,27,-1,24
1,<environment.Job instance at 0x7f0295042e60>,15,3,[6 3],16,-1,27,-1,24
1,<environment.Job instance at 0x7f0295042230>,16,2,[6 5],17,-1,26,-1,24
1,<environment.Job instance at 0x7f0295042be0>,17,2,[9 5],18,-1,26,-1,24
1,<environment.Job instance at 0x7f0295042910>,19,1,[1 5],20,-1,34,-1,33
1,<environment.Job instance at 0x7f02950424b0>,20,1,[10  3],21,-1,34,-1,33
1,<environment.Job instance at 0x7f029488c730>,23,2,[2 7],24,-1,58,-1,56
1,<environment.Job instance at 0x7f029488c7d0>,24,1,[1 7],25,-1,57,-1,56
1,<environment.Job instance at 0x7f029488c410>,25,3,[3 6],26,-1,59,-1,56
1,<environment.Job instance at 0x7f029488c320>,28,2,[7 3],29,-1,71,-1,69
1,<environment.Job instance at 0x7f029488c5f0>,31,3,[5 2],32,-1,84,-1,81
1,<environment.Job instance at 0x7f029442ae60>,33,18,[ 5 13],34,-1,103,-1,85
1,<environment.Job instance at 0x7f029442abe0>,35,1,[3 8],36,-1,99,-1,98
1,<environment.Job instance at 0x7f029442aaa0>,37,2,[7 1],38,-1,100,-1,98
1,<environment.Job instance at 0x7f029442ac30>,38,2,[5 5],39,-1,100,-1,98
1,<environment.Job instance at 0x7f029442a9b0>,42,2,[6 4],43,-1,117,-1,115
1,<environment.Job instance at 0x7f0293efb320>,43,1,[5 3],44,-1,116,-1,115
1,<environment.Job instance at 0x7f0293efb190>,45,1,[5 1],46,-1,131,-1,130
1,<environment.Job instance at 0x7f0293efb550>,48,3,[6 1],49,-1,146,-1,143
1,<environment.Job instance at 0x7f0293efb0f0>,50,1,[9 3],51,-1,149,-1,148
1,<environment.Job instance at 0x7f0293efbdc0>,51,1,[2 5],52,-1,149,-1,148
1,<environment.Job instance at 0x7f0293efbc30>,54,2,[7 3],55,-1,151,-1,149
1,<environment.Job instance at 0x7f0293efbaf0>,57,1,[8 1],58,-1,168,-1,167
1,<environment.Job instance at 0x7f0295132dc0>,59,3,[9 5],60,-1,183,-1,180
1,<environment.Job instance at 0x7f02951325a0>,60,2,[8 4],61,-1,182,-1,180
1,<environment.Job instance at 0x7f0295132870>,61,1,[3 9],62,-1,181,-1,180
1,<environment.Job instance at 0x7f0295132e10>,62,1,[2 9],63,-1,181,-1,180
1,<environment.Job instance at 0x7f02938782d0>,8,3,[7 1],9,-1,13,-1,10
1,<environment.Job instance at 0x7f0293878640>,10,3,[13  5],11,-1,14,-1,11
1,<environment.Job instance at 0x7f0293878e60>,11,3,[6 4],12,-1,15,-1,12
1,<environment.Job instance at 0x7f029387feb0>,24,1,[10  2],25,-1,56,-1,55
1,<environment.Job instance at 0x7f029387faa0>,25,27,[1 5],26,-1,82,-1,55
1,<environment.Job instance at 0x7f029387ff50>,27,2,[ 1 10],28,-1,75,-1,73
1,<environment.Job instance at 0x7f029387f7d0>,28,1,[4 7],29,-1,74,-1,73
1,<environment.Job instance at 0x7f029387fd20>,29,3,[13  3],30,-1,76,-1,73
1,<environment.Job instance at 0x7f02937a4410>,36,1,[10  1],37,-1,100,-1,99
1,<environment.Job instance at 0x7f02937a4820>,43,3,[6 5],44,-1,141,-1,138
1,<environment.Job instance at 0x7f02937a43c0>,44,3,[6 4],45,-1,141,-1,138
1,<environment.Job instance at 0x7f02937a4910>,49,1,[1 7],50,-1,165,-1,164
1,<environment.Job instance at 0x7f02937a4460>,51,3,[4 7],52,-1,168,-1,165
1,<environment.Job instance at 0x7f02937a4d70>,52,3,[10  5],53,-1,168,-1,165
1,<environment.Job instance at 0x7f02937a49b0>,53,2,[4 5],54,-1,167,-1,165
1,<environment.Job instance at 0x7f0294b8cb40>,16,14,[ 5 11],17,-1,31,-1,17
1,<environment.Job instance at 0x7f0294b8c780>,19,22,[14  5],20,-1,42,-1,20
1,<environment.Job instance at 0x7f0294b8c820>,21,1,[ 5 10],22,-1,24,-1,23
1,<environment.Job instance at 0x7f0293a107d0>,23,3,[4 6],24,-1,27,-1,24
1,<environment.Job instance at 0x7f0293a100a0>,32,3,[4 6],33,-1,61,-1,58
1,<environment.Job instance at 0x7f0293a10d70>,33,2,[1 5],34,-1,60,-1,58
1,<environment.Job instance at 0x7f029d667820>,35,3,[10  1],36,-1,79,-1,76
1,<environment.Job instance at 0x7f029d667140>,36,1,[7 5],37,-1,77,-1,76
1,<environment.Job instance at 0x7f029d6670f0>,37,25,[6 5],38,-1,101,-1,76
1,<environment.Job instance at 0x7f029d667190>,38,3,[6 4],39,-1,79,-1,76
1,<environment.Job instance at 0x7f029d667730>,39,1,[9 5],40,-1,77,-1,76
1,<environment.Job instance at 0x7f029d6676e0>,42,2,[5 3],43,-1,83,-1,81
1,<environment.Job instance at 0x7f029d667f50>,43,13,[ 4 10],44,-1,95,-1,82
1,<environment.Job instance at 0x7f029dbef500>,45,1,[1 9],46,-1,92,-1,91
1,<environment.Job instance at 0x7f029dbefa00>,46,2,[1 9],47,-1,93,-1,91
1,<environment.Job instance at 0x7f029dbefbe0>,48,25,[5 7],49,-1,119,-1,94
1,<environment.Job instance at 0x7f029dbef690>,49,13,[ 3 12],50,-1,107,-1,94
1,<environment.Job instance at 0x7f0294d47050>,50,3,[5 1],51,-1,97,-1,94
1,<environment.Job instance at 0x7f0294d47d70>,53,2,[1 5],54,-1,107,-1,105
1,<environment.Job instance at 0x7f0294d47a50>,56,1,[7 2],57,-1,106,-1,105
1,<environment.Job instance at 0x7f0294d47690>,58,3,[12  5],59,-1,116,-1,113
1,<environment.Job instance at 0x7f0294d47fa0>,59,1,[8 4],60,-1,114,-1,113
1,<environment.Job instance at 0x7f029375e960>,64,3,[9 3],65,-1,143,-1,140
1,<environment.Job instance at 0x7f029375eaf0>,65,26,[14  3],66,-1,166,-1,140
1,<environment.Job instance at 0x7f029375eb90>,66,3,[10  1],67,-1,143,-1,140
1,<environment.Job instance at 0x7f029375eaa0>,67,28,[6 3],68,-1,168,-1,140
1,<environment.Job instance at 0x7f029375e730>,68,2,[10  3],69,-1,142,-1,140
1,<environment.Job instance at 0x7f029375e460>,69,1,[2 6],70,-1,141,-1,140
1,<environment.Job instance at 0x7f029375e640>,72,2,[1 7],73,-1,158,-1,156
1,<environment.Job instance at 0x7f029db570a0>,3,28,[10  5],4,-1,32,-1,4
1,<environment.Job instance at 0x7f0294075af0>,2,22,[13  5],3,-1,27,-1,5
1,<environment.Job instance at 0x7f0293ab19b0>,7,27,[3 7],8,-1,35,-1,8
1,<environment.Job instance at 0x7f0293ab1d20>,13,3,[8 3],14,-1,27,-1,24
1,<environment.Job instance at 0x7f02944622d0>,19,2,[5 5],20,-1,26,-1,24
1,<environment.Job instance at 0x7f0294462320>,20,1,[5 1],21,-1,25,-1,24
1,<environment.Job instance at 0x7f0294462730>,24,3,[4 8],25,-1,45,-1,42
1,<environment.Job instance at 0x7f02944628c0>,25,25,[2 7],26,-1,67,-1,42
1,<environment.Job instance at 0x7f0294462910>,27,17,[ 5 14],28,-1,59,-1,42
1,<environment.Job instance at 0x7f0294462c30>,30,2,[10  4],31,-1,61,-1,59
1,<environment.Job instance at 0x7f0294462d70>,32,2,[4 8],33,-1,74,-1,72
1,<environment.Job instance at 0x7f0294462e10>,33,3,[10  2],34,-1,75,-1,72
1,<environment.Job instance at 0x7f0294462eb0>,34,2,[9 1],35,-1,74,-1,72
1,<environment.Job instance at 0x7f0294462f50>,35,1,[7 1],36,-1,73,-1,72
1,<environment.Job instance at 0x7f0294462fa0>,36,1,[6 4],37,-1,73,-1,72
1,<environment.Job instance at 0x7f0294472280>,38,2,[3 8],39,-1,74,-1,72
1,<environment.Job instance at 0x7f0294472320>,39,3,[ 1 10],40,-1,75,-1,72
1,<environment.Job instance at 0x7f0294472460>,41,1,[5 8],42,-1,84,-1,83
1,<environment.Job instance at 0x7f0294472550>,42,2,[8 4],43,-1,85,-1,83
1,<environment.Job instance at 0x7f02944725f0>,43,2,[7 1],44,-1,85,-1,83
1,<environment.Job instance at 0x7f0294472730>,44,3,[2 5],45,-1,86,-1,83
1,<environment.Job instance at 0x7f02944727d0>,45,1,[7 4],46,-1,84,-1,83
1,<environment.Job instance at 0x7f0294472870>,46,1,[5 9],47,-1,84,-1,83
1,<environment.Job instance at 0x7f0294472910>,47,2,[5 5],48,-1,85,-1,83
1,<environment.Job instance at 0x7f02944729b0>,48,3,[9 4],49,-1,86,-1,83
1,<environment.Job instance at 0x7f0294472b90>,51,26,[6 3],52,-1,123,-1,97
1,<environment.Job instance at 0x7f0294472f50>,57,1,[ 5 12],58,-1,129,-1,128
1,<environment.Job instance at 0x7f0294472640>,58,1,[ 2 10],59,-1,129,-1,128
1,<environment.Job instance at 0x7f0294460230>,59,3,[12  2],60,-1,131,-1,128
1,<environment.Job instance at 0x7f02944603c0>,61,3,[11  1],62,-1,131,-1,128
1,<environment.Job instance at 0x7f0294460500>,63,1,[10  2],64,-1,131,-1,130
1,<environment.Job instance at 0x7f02944605a0>,64,2,[8 5],65,-1,132,-1,130
1,<environment.Job instance at 0x7f0294460640>,65,27,[8 5],66,-1,157,-1,130
1,<environment.Job instance at 0x7f0294460820>,68,24,[7 4],69,-1,174,-1,150
1,<environment.Job instance at 0x7f0294460960>,70,1,[9 3],71,-1,161,-1,160
1,<environment.Job instance at 0x7f0294460af0>,72,1,[ 3 10],73,-1,165,-1,164
1,<environment.Job instance at 0x7f0294460cd0>,74,1,[5 4],75,-1,178,-1,177
1,<environment.Job instance at 0x7f0294460c80>,75,2,[5 4],76,-1,179,-1,177
1,<environment.Job instance at 0x7f0294460dc0>,76,2,[7 5],77,-1,179,-1,177
1,<environment.Job instance at 0x7f0294460eb0>,77,13,[ 2 13],78,-1,190,-1,177
1,<environment.Job instance at 0x7f0294460fa0>,78,17,[ 1 13],79,-1,194,-1,177
1,<environment.Job instance at 0x7f0294460e10>,79,2,[12  1],80,-1,179,-1,177
1,<environment.Job instance at 0x7f029408b730>,81,24,[ 3 14],82,-1,201,-1,177
1,<environment.Job instance at 0x7f029408b640>,82,2,[10  2],83,-1,179,-1,177
1,<environment.Job instance at 0x7f029408b8c0>,83,1,[3 5],84,-1,178,-1,177
1,<environment.Job instance at 0x7f029408b050>,84,3,[10  1],85,-1,180,-1,177
1,<environment.Job instance at 0x7f029408bf50>,85,1,[10  4],86,-1,178,-1,177
1,<environment.Job instance at 0x7f029408baa0>,86,1,[1 6],87,-1,178,-1,177
1,<environment.Job instance at 0x7f029408bbe0>,88,13,[14  1],89,-1,202,-1,189
1,<environment.Job instance at 0x7f0293a026e0>,5,25,[10  3],6,-1,31,-1,6
1,<environment.Job instance at 0x7f0293a02910>,9,14,[8 1],10,-1,40,-1,26
1,<environment.Job instance at 0x7f029399a7d0>,21,12,[5 6],22,-1,38,-1,26
1,<environment.Job instance at 0x7f029399ad70>,22,25,[7 5],23,-1,51,-1,26
1,<environment.Job instance at 0x7f0294623b90>,23,17,[2 5],24,-1,43,-1,26
1,<environment.Job instance at 0x7f02937a8050>,35,3,[9 1],36,-1,101,-1,98
1,<environment.Job instance at 0x7f0294790690>,48,1,[ 2 10],49,-1,169,-1,168
1,<environment.Job instance at 0x7f0294790e60>,51,3,[7 1],52,-1,185,-1,182
1,<environment.Job instance at 0x7f0294e3f870>,8,27,[9 1],9,-1,36,-1,9
1,<environment.Job instance at 0x7f0294bdbb40>,10,2,[ 4 10],11,-1,13,-1,11
1,<environment.Job instance at 0x7f0294bdbaa0>,11,16,[14  3],12,-1,28,-1,12
1,<environment.Job instance at 0x7f0294bdb2d0>,12,22,[8 5],13,-1,77,-1,55
1,<environment.Job instance at 0x7f0294bdb730>,22,2,[7 2],23,-1,68,-1,66
1,<environment.Job instance at 0x7f0293949e10>,14,16,[12  4],15,-1,40,-1,24
1,<environment.Job instance at 0x7f0293936b40>,18,16,[11  4],19,-1,65,-1,49
1,<environment.Job instance at 0x7f0293936f00>,24,2,[9 4],25,-1,51,-1,49
1,<environment.Job instance at 0x7f0293936f50>,25,2,[2 8],26,-1,51,-1,49
1,<environment.Job instance at 0x7f02939363c0>,26,3,[ 2 12],27,-1,52,-1,49
1,<environment.Job instance at 0x7f0293936a50>,28,16,[12  5],29,-1,69,-1,53
1,<environment.Job instance at 0x7f02939365a0>,29,25,[4 9],30,-1,78,-1,53
1,<environment.Job instance at 0x7f02939365f0>,30,2,[2 5],31,-1,55,-1,53
1,<environment.Job instance at 0x7f02939212d0>,38,2,[2 5],39,-1,80,-1,78
1,<environment.Job instance at 0x7f02939210a0>,39,18,[14  4],40,-1,96,-1,78
1,<environment.Job instance at 0x7f02939217d0>,41,13,[ 2 13],42,-1,105,-1,92
1,<environment.Job instance at 0x7f0293921910>,42,3,[ 2 14],43,-1,95,-1,92
1,<environment.Job instance at 0x7f02939219b0>,43,1,[9 4],44,-1,93,-1,92
1,<environment.Job instance at 0x7f0293921c30>,46,3,[3 5],47,-1,111,-1,108
1,<environment.Job instance at 0x7f0293921d70>,48,2,[ 1 10],49,-1,110,-1,108
1,<environment.Job instance at 0x7f0293921c80>,52,12,[11  5],53,-1,150,-1,138
1,<environment.Job instance at 0x7f029394d1e0>,53,3,[9 5],54,-1,141,-1,138
1,<environment.Job instance at 0x7f0293921cd0>,54,3,[5 4],55,-1,141,-1,138
1,<environment.Job instance at 0x7f029394d3c0>,57,2,[6 3],58,-1,141,-1,139
1,<environment.Job instance at 0x7f0294eabe10>,14,3,[9 4],15,-1,22,-1,19
1,<environment.Job instance at 0x7f0293fdc410>,19,2,[10  4],20,-1,36,-1,34
1,<environment.Job instance at 0x7f0293adfb40>,20,2,[10  1],21,-1,36,-1,34
1,<environment.Job instance at 0x7f02942cad20>,22,17,[ 5 13],23,-1,64,-1,47
1,<environment.Job instance at 0x7f02942ca550>,23,12,[ 5 12],24,-1,59,-1,47
1,<environment.Job instance at 0x7f02942ca500>,25,3,[6 3],26,-1,54,-1,51
1,<environment.Job instance at 0x7f02939c3e10>,28,3,[8 5],29,-1,82,-1,79
1,<environment.Job instance at 0x7f0293ff65f0>,29,1,[3 7],30,-1,80,-1,79
1,<environment.Job instance at 0x7f0293ff6550>,31,3,[6 5],32,-1,82,-1,79
1,<environment.Job instance at 0x7f0293c689b0>,40,1,[5 8],41,-1,125,-1,124
1,<environment.Job instance at 0x7f0293c68370>,41,18,[14  1],42,-1,142,-1,124
1,<environment.Job instance at 0x7f0293c68190>,45,2,[8 3],46,-1,138,-1,136
1,<environment.Job instance at 0x7f0293712280>,4,3,[5 5],5,-1,8,-1,5
1,<environment.Job instance at 0x7f0293712820>,6,27,[4 9],7,-1,34,-1,7
1,<environment.Job instance at 0x7f0294d2bb90>,15,13,[11  5],16,-1,63,-1,50
1,<environment.Job instance at 0x7f0294d2b5f0>,16,24,[8 3],17,-1,74,-1,50
1,<environment.Job instance at 0x7f0294d2b870>,18,12,[ 4 11],19,-1,62,-1,50
1,<environment.Job instance at 0x7f0294d2b320>,21,3,[ 3 11],22,-1,66,-1,63
1,<environment.Job instance at 0x7f0293e43140>,32,13,[ 4 11],33,-1,129,-1,116
1,<environment.Job instance at 0x7f0293e43aa0>,36,1,[3 9],37,-1,117,-1,116
1,<environment.Job instance at 0x7f0294e3c0f0>,43,14,[12  2],44,-1,178,-1,164
1,<environment.Job instance at 0x7f0294e3c9b0>,44,2,[9 3],45,-1,166,-1,164
1,<environment.Job instance at 0x7f02941c3550>,4,25,[5 5],5,-1,30,-1,5
1,<environment.Job instance at 0x7f8b9edc4640>,1,1,[3 7],2,-1,3,-1,2
1,<environment.Job instance at 0x7f8b95673cd0>,6,1,[9 5],7,-1,8,-1,7
1,<environment.Job instance at 0x7f8b955f16e0>,16,15,[ 1 11],17,-1,56,-1,41
1,<environment.Job instance at 0x7f8b955f1460>,17,2,[3 5],18,-1,43,-1,41
1,<environment.Job instance at 0x7f8b955f1820>,19,2,[5 5],20,-1,51,-1,49
1,<environment.Job instance at 0x7f8b94d43050>,8,12,[ 1 10],9,-1,22,-1,10
1,<environment.Job instance at 0x7f8b94d43b90>,13,2,[9 2],14,-1,21,-1,19
1,<environment.Job instance at 0x7f8b94d437d0>,14,12,[ 2 10],15,-1,31,-1,19
1,<environment.Job instance at 0x7f8b94d43aa0>,16,1,[8 4],17,-1,20,-1,19
1,<environment.Job instance at 0x7f8b94d43d20>,17,3,[4 8],18,-1,22,-1,19
1,<environment.Job instance at 0x7f8b94d84960>,19,3,[3 5],20,-1,29,-1,26
1,<environment.Job instance at 0x7f8b94d84d70>,21,1,[1 9],22,-1,27,-1,26
1,<environment.Job instance at 0x7f8b9565b4b0>,3,14,[13  1],4,-1,19,-1,5
1,<environment.Job instance at 0x7f8b95349780>,10,3,[ 5 12],11,-1,14,-1,11
1,<environment.Job instance at 0x7f8b9532a870>,11,2,[ 2 10],12,-1,17,-1,15
1,<environment.Job instance at 0x7f8b94d785f0>,15,3,[ 1 10],16,-1,19,-1,16
1,<environment.Job instance at 0x7f8b94d78780>,16,2,[ 3 10],17,-1,19,-1,17
1,<environment.Job instance at 0x7f8b94db7460>,20,19,[ 5 11],21,-1,43,-1,24
1,<environment.Job instance at 0x7f8b95197d20>,24,3,[13  5],25,-1,52,-1,49
1,<environment.Job instance at 0x7f8b94bcbc80>,9,27,[5 4],10,-1,37,-1,10
1,<environment.Job instance at 0x7f8b94bcbd70>,10,1,[7 4],11,-1,12,-1,11
1,<environment.Job instance at 0x7f8b94bcc050>,17,2,[1 8],18,-1,38,-1,36
1,<environment.Job instance at 0x7f8b94bcc0f0>,18,2,[4 8],19,-1,38,-1,36
1,<environment.Job instance at 0x7f8b94bcc320>,19,25,[10  1],20,-1,61,-1,36
1,<environment.Job instance at 0x7f8b94c2cfa0>,9,12,[14  3],10,-1,22,-1,10
1,<environment.Job instance at 0x7f8b94bf59b0>,10,25,[2 7],11,-1,36,-1,11
1,<environment.Job instance at 0x7f8b94bf5aa0>,13,1,[3 7],14,-1,15,-1,14
1,<environment.Job instance at 0x7f8b94bf5820>,14,25,[4 7],15,-1,40,-1,15
1,<environment.Job instance at 0x7f8b94bf5fa0>,15,1,[8 4],16,-1,17,-1,16
1,<environment.Job instance at 0x7f8b94bf5550>,16,1,[6 1],17,-1,18,-1,17
1,<environment.Job instance at 0x7f8b95fc55a0>,3,26,[ 1 10],4,-1,30,-1,4
1,<environment.Job instance at 0x7f8b9ecbbd70>,5,16,[ 3 12],6,-1,22,-1,6
1,<environment.Job instance at 0x7f8b95f24f00>,13,14,[12  3],14,-1,29,-1,15
1,<environment.Job instance at 0x7f8b95f243c0>,14,2,[8 4],15,-1,17,-1,15
1,<environment.Job instance at 0x7f8b95f24a50>,15,3,[6 3],16,-1,19,-1,16
1,<environment.Job instance at 0x7f8b95f24870>,16,25,[2 7],17,-1,42,-1,17
1,<environment.Job instance at 0x7f8b95f24f50>,17,3,[ 5 10],18,-1,21,-1,18
1,<environment.Job instance at 0x7f8b95f24e60>,18,1,[6 2],19,-1,20,-1,19
1,<environment.Job instance at 0x7f8b94bb3b40>,1,17,[ 3 14],2,-1,19,-1,2
1,<environment.Job instance at 0x7f8b94d9eaa0>,11,3,[3 9],12,-1,23,-1,20
1,<environment.Job instance at 0x7f8b94d9edc0>,14,2,[ 4 10],15,-1,34,-1,32
1,<environment.Job instance at 0x7f8b951a9d70>,6,15,[ 5 14],7,-1,22,-1,7
1,<environment.Job instance at 0x7f8b951a9410>,8,26,[3 8],9,-1,35,-1,9
1,<environment.Job instance at 0x7f8b95fa9640>,22,16,[12  1],23,-1,62,-1,46
1,<environment.Job instance at 0x7f8b95fa9f50>,23,3,[1 5],24,-1,49,-1,46
1,<environment.Job instance at 0x7f8b951d2c80>,3,27,[4 8],4,-1,31,-1,4
1,<environment.Job instance at 0x7f8b952f5320>,7,3,[12  4],8,-1,11,-1,8
1,<environment.Job instance at 0x7f8b952f5410>,15,3,[5 4],16,-1,37,-1,34
1,<environment.Job instance at 0x7f8b95c01050>,28,2,[3 7],29,-1,43,-1,41
1,<environment.Job instance at 0x7f8b951feb40>,8,1,[12  2],9,-1,16,-1,15
1,<environment.Job instance at 0x7f8b95203230>,14,3,[5 1],15,-1,24,-1,21
1,<environment.Job instance at 0x7f8b95203460>,15,2,[2 6],16,-1,23,-1,21
1,<environment.Job instance at 0x7f8b95203500>,16,3,[ 1 11],17,-1,24,-1,21
1,<environment.Job instance at 0x7f8b9e85dbe0>,17,3,[8 4],18,-1,45,-1,42
1,<environment.Job instance at 0x7f8b95a857d0>,15,1,[8 2],16,-1,44,-1,43
1,<environment.Job instance at 0x7f8b95a855a0>,16,13,[ 4 14],17,-1,56,-1,43
1,<environment.Job instance at 0x7f8b95a85050>,17,1,[9 5],18,-1,44,-1,43
1,<environment.Job instance at 0x7f8b96251730>,9,3,[9 4],10,-1,13,-1,10
1,<environment.Job instance at 0x7f8b96263a50>,19,3,[9 3],20,-1,45,-1,42
1,<environment.Job instance at 0x7f8b96263690>,20,1,[9 2],21,-1,43,-1,42
1,<environment.Job instance at 0x7f8b96005280>,8,12,[ 4 12],9,-1,21,-1,9
1,<environment.Job instance at 0x7f8b94a8aa00>,10,13,[ 5 10],11,-1,27,-1,14
1,<environment.Job instance at 0x7f8b94a8a500>,15,1,[4 6],16,-1,23,-1,22
1,<environment.Job instance at 0x7f8b94ce1e10>,17,2,[2 9],18,-1,24,-1,22
1,<environment.Job instance at 0x7f8b94ce1320>,18,3,[3 5],19,-1,25,-1,22
1,<environment.Job instance at 0x7f8b94ce1370>,19,2,[7 5],20,-1,24,-1,22
1,<environment.Job instance at 0x7f8b94ce1a00>,20,13,[9 4],21,-1,35,-1,22
1,<environment.Job instance at 0x7f8b94ce10f0>,21,14,[ 1 10],22,-1,36,-1,22
1,<environment.Job instance at 0x7f8b94ce1500>,22,2,[5 8],23,-1,25,-1,23
1,<environment.Job instance at 0x7f8b94ce1c30>,23,3,[9 1],24,-1,27,-1,24
1,<environment.Job instance at 0x7f8b94ce1410>,24,3,[1 8],25,-1,28,-1,25
1,<environment.Job instance at 0x7f8b950fe0f0>,8,1,[12  2],9,-1,12,-1,11
1,<environment.Job instance at 0x7f8b9524e2d0>,5,26,[2 8],6,-1,32,-1,6
1,<environment.Job instance at 0x7f8b9524e5f0>,7,28,[7 2],8,-1,36,-1,8
1,<environment.Job instance at 0x7f8b9524e910>,16,28,[5 8],17,-1,54,-1,26
1,<environment.Job instance at 0x7f8b9524eb90>,18,1,[11  1],19,-1,27,-1,26
1,<environment.Job instance at 0x7f8b9524ee10>,19,17,[ 3 13],20,-1,43,-1,26
1,<environment.Job instance at 0x7f8b9524ed70>,20,23,[5 9],21,-1,49,-1,26
1,<environment.Job instance at 0x7f8b9524e140>,21,2,[ 2 10],22,-1,28,-1,26
1,<environment.Job instance at 0x7f8b94d1af00>,23,26,[10  5],24,-1,58,-1,32
1,<environment.Job instance at 0x7f8b94d1a780>,24,18,[ 1 11],25,-1,50,-1,32
1,<environment.Job instance at 0x7f8b95423820>,11,1,[2 8],12,-1,18,-1,17
1,<environment.Job instance at 0x7f8b95423e10>,13,2,[8 4],14,-1,19,-1,17
1,<environment.Job instance at 0x7f8b954238c0>,14,25,[2 8],15,-1,42,-1,17
1,<environment.Job instance at 0x7f8b9e7c4280>,15,17,[13  3],16,-1,34,-1,17
1,<environment.Job instance at 0x7f8b9e7c4fa0>,16,13,[ 3 13],17,-1,30,-1,17
1,<environment.Job instance at 0x7f8b9e7c45f0>,17,3,[8 1],18,-1,22,-1,19
1,<environment.Job instance at 0x7f8b9e7c40f0>,20,3,[11  5],21,-1,36,-1,33
1,<environment.Job instance at 0x7f8b9e7c4410>,22,2,[ 2 10],23,-1,43,-1,41
1,<environment.Job instance at 0x7f8b95132a50>,12,2,[10  5],13,-1,24,-1,22
1,<environment.Job instance at 0x7f8b951e25a0>,13,2,[2 7],14,-1,24,-1,22
1,<environment.Job instance at 0x7f8b95c27c80>,17,27,[7 1],18,-1,65,-1,38
1,<environment.Job instance at 0x7f8b96005eb0>,18,2,[6 4],19,-1,40,-1,38
1,<environment.Job instance at 0x7f8b95a2fa00>,21,24,[1 7],22,-1,73,-1,49
1,<environment.Job instance at 0x7f8b95b97370>,22,3,[4 6],23,-1,52,-1,49
1,<environment.Job instance at 0x7f8b95347820>,23,24,[5 9],24,-1,73,-1,49
1,<environment.Job instance at 0x7f8b957e9730>,24,3,[14  3],25,-1,52,-1,49
1,<environment.Job instance at 0x7f8b957e9f00>,25,13,[ 4 13],26,-1,62,-1,49
1,<environment.Job instance at 0x7ff2e63b4a00>,16,15,[ 1 11],17,-1,58,-1,43
1,<environment.Job instance at 0x7ff2e63b4be0>,19,2,[5 5],20,-1,47,-1,45
1,<environment.Job instance at 0x7ff2e63b4d20>,21,1,[6 4],22,-1,60,-1,59
1,<environment.Job instance at 0x7ff2e63b4dc0>,22,1,[12  1],23,-1,60,-1,59
1,<environment.Job instance at 0x7ff2e63b4e60>,23,16,[ 1 11],24,-1,75,-1,59
1,<environment.Job instance at 0x7ff2e63b4f50>,24,2,[6 5],25,-1,61,-1,59
1,<environment.Job instance at 0x7ff2e63b4fa0>,25,1,[9 2],26,-1,60,-1,59
1,<environment.Job instance at 0x7ff2e63b7320>,27,13,[11  4],28,-1,72,-1,59
1,<environment.Job instance at 0x7ff2e63b73c0>,28,2,[ 3 10],29,-1,61,-1,59
1,<environment.Job instance at 0x7ff2e5b3b7d0>,16,3,[ 4 12],17,-1,23,-1,20
1,<environment.Job instance at 0x7ff2e6924d70>,10,3,[7 1],11,-1,43,-1,40
1,<environment.Job instance at 0x7ff2e5b441e0>,23,2,[4 5],24,-1,42,-1,40
1,<environment.Job instance at 0x7ff2e5abc690>,9,3,[11  5],10,-1,14,-1,11
1,<environment.Job instance at 0x7ff2e5b4ab40>,18,27,[8 5],19,-1,67,-1,40
1,<environment.Job instance at 0x7ff2e5b4aaa0>,19,17,[14  2],20,-1,57,-1,40
1,<environment.Job instance at 0x7ff2e5b4ae10>,20,12,[11  1],21,-1,52,-1,40
1,<environment.Job instance at 0x7ff2e5b4a190>,21,1,[7 3],22,-1,41,-1,40
1,<environment.Job instance at 0x7ff2e5b4a320>,22,1,[2 7],23,-1,41,-1,40
1,<environment.Job instance at 0x7ff2e5b4a9b0>,12,28,[3 7],13,-1,83,-1,55
1,<environment.Job instance at 0x7ff2e607f7d0>,10,2,[6 1],11,-1,14,-1,12
1,<environment.Job instance at 0x7ff2e60a1730>,12,18,[ 3 10],13,-1,36,-1,18
1,<environment.Job instance at 0x7ff2e5be5b40>,23,1,[3 6],24,-1,37,-1,36
1,<environment.Job instance at 0x7ff2e68a0a00>,24,1,[ 3 12],25,-1,37,-1,36
1,<environment.Job instance at 0x7ff2e5e21500>,26,2,[4 9],27,-1,43,-1,41
1,<environment.Job instance at 0x7ff2e5b29410>,27,2,[10  1],28,-1,43,-1,41
1,<environment.Job instance at 0x7ff2e5abee10>,29,27,[5 4],30,-1,77,-1,50
1,<environment.Job instance at 0x7ff2e5e005a0>,30,1,[7 4],31,-1,51,-1,50
1,<environment.Job instance at 0x7ff2e598bfa0>,7,21,[ 1 10],8,-1,29,-1,8
1,<environment.Job instance at 0x7ff2e598fc80>,19,12,[14  3],20,-1,32,-1,20
1,<environment.Job instance at 0x7ff2e598fdc0>,20,25,[2 7],21,-1,47,-1,22
1,<environment.Job instance at 0x7ff2e5992050>,24,25,[4 7],25,-1,53,-1,28
1,<environment.Job instance at 0x7ff2e59920a0>,25,1,[8 4],26,-1,29,-1,28
1,<environment.Job instance at 0x7ff2e59921e0>,26,1,[6 1],27,-1,29,-1,28
1,<environment.Job instance at 0x7ff2e5992690>,31,1,[7 4],32,-1,58,-1,57
1,<environment.Job instance at 0x7ff2e59926e0>,3,26,[ 1 10],4,-1,30,-1,4
1,<environment.Job instance at 0x7ff2e59b9050>,5,16,[ 3 12],6,-1,22,-1,6
1,<environment.Job instance at 0x7ff2e59b92d0>,13,14,[12  3],14,-1,29,-1,15
1,<environment.Job instance at 0x7ff2e59b9b40>,14,2,[8 4],15,-1,17,-1,15
1,<environment.Job instance at 0x7ff2e59b9b90>,15,3,[6 3],16,-1,19,-1,16
1,<environment.Job instance at 0x7ff2e59b9aa0>,16,25,[2 7],17,-1,42,-1,17
1,<environment.Job instance at 0x7ff2e59b9d70>,17,3,[ 5 10],18,-1,21,-1,18
1,<environment.Job instance at 0x7ff2e59b9780>,18,1,[6 2],19,-1,20,-1,19
1,<environment.Job instance at 0x7ff2e59b9c80>,19,14,[ 3 10],20,-1,44,-1,30
1,<environment.Job instance at 0x7ff2e6088dc0>,15,3,[8 1],16,-1,28,-1,25
1,<environment.Job instance at 0x7ff2e6050aa0>,24,3,[5 5],25,-1,59,-1,56
1,<environment.Job instance at 0x7ff2e60501e0>,2,16,[12  1],3,-1,19,-1,3
1,<environment.Job instance at 0x7ff2e6050f00>,7,1,[3 7],8,-1,10,-1,9
1,<environment.Job instance at 0x7ff2e6346780>,10,12,[ 5 13],11,-1,23,-1,11
1,<environment.Job instance at 0x7ff2e64c6780>,14,2,[ 4 10],15,-1,24,-1,22
1,<environment.Job instance at 0x7ff2e5e57690>,5,2,[9 1],6,-1,12,-1,10
1,<environment.Job instance at 0x7ff2e5b4a7d0>,11,25,[9 2],12,-1,44,-1,19
1,<environment.Job instance at 0x7ff2e5b4a410>,12,1,[3 9],13,-1,20,-1,19
1,<environment.Job instance at 0x7ff2e5b4a730>,13,13,[13  1],14,-1,32,-1,19
1,<environment.Job instance at 0x7ff2e5b4a0f0>,14,2,[ 3 10],15,-1,21,-1,19
1,<environment.Job instance at 0x7ff2e6b0d7d0>,9,24,[10  4],10,-1,34,-1,10
1,<environment.Job instance at 0x7ff2e6b0d960>,11,1,[9 1],12,-1,14,-1,13
1,<environment.Job instance at 0x7ff2e6b0dc80>,14,2,[ 3 10],15,-1,17,-1,15
1,<environment.Job instance at 0x7ff2e6afb370>,22,16,[14  3],23,-1,56,-1,40
1,<environment.Job instance at 0x7ff2e6f85dc0>,13,3,[4 5],14,-1,42,-1,39
1,<environment.Job instance at 0x7ff2e6f85f00>,17,1,[9 5],18,-1,55,-1,54
1,<environment.Job instance at 0x7ff2e6f85d70>,16,13,[ 4 14],17,-1,67,-1,54
1,<environment.Job instance at 0x7ff2e697daa0>,9,3,[9 3],10,-1,13,-1,10
1,<environment.Job instance at 0x7ff2e697d410>,10,1,[9 2],11,-1,12,-1,11
1,<environment.Job instance at 0x7ff2e5984e60>,10,14,[ 4 14],11,-1,25,-1,11
1,<environment.Job instance at 0x7ff2e68d5500>,11,1,[5 5],12,-1,14,-1,13
1,<environment.Job instance at 0x7ff2e68d5190>,16,1,[ 4 14],17,-1,22,-1,21
1,<environment.Job instance at 0x7ff2e68d5fa0>,17,2,[8 4],18,-1,23,-1,21
1,<environment.Job instance at 0x7ff2e68d55f0>,20,3,[5 3],21,-1,37,-1,34
1,<environment.Job instance at 0x7ff2e5d8ef50>,21,1,[3 7],22,-1,35,-1,34
1,<environment.Job instance at 0x7ff2e589d910>,14,1,[10  3],15,-1,40,-1,39
1,<environment.Job instance at 0x7ff2e589d6e0>,17,27,[1 7],18,-1,79,-1,52
1,<environment.Job instance at 0x7ff2e589da00>,19,3,[12  2],20,-1,55,-1,52
1,<environment.Job instance at 0x7ff2e6e15f50>,20,2,[9 2],21,-1,54,-1,52
1,<environment.Job instance at 0x7ff2e5765c30>,21,13,[13  3],22,-1,65,-1,52
1,<environment.Job instance at 0x7ff2e69c8780>,8,1,[5 7],9,-1,11,-1,10
1,<environment.Job instance at 0x7ff2e66dc8c0>,10,2,[5 8],11,-1,13,-1,11
1,<environment.Job instance at 0x7ff2e66dc1e0>,11,3,[7 4],12,-1,15,-1,12
1,<environment.Job instance at 0x7ff2e66dcaf0>,16,24,[3 5],17,-1,41,-1,17
1,<environment.Job instance at 0x7ff2e66dcdc0>,17,28,[7 2],18,-1,46,-1,18
1,<environment.Job instance at 0x7ff2ef7c5b40>,23,3,[4 8],24,-1,51,-1,48
1,<environment.Job instance at 0x7ff2e5ffdf00>,11,1,[2 8],12,-1,25,-1,24
1,<environment.Job instance at 0x7ff2e6908820>,3,2,[2 7],4,-1,6,-1,4
1,<environment.Job instance at 0x7ff2e6446a50>,5,2,[9 4],6,-1,8,-1,6
1,<environment.Job instance at 0x7ff2e5a44f00>,7,27,[7 1],8,-1,35,-1,8
1,<environment.Job instance at 0x7ff2e69a7eb0>,11,24,[1 7],12,-1,36,-1,12
1,<environment.Job instance at 0x7ff2efa82690>,13,24,[5 9],14,-1,38,-1,14
1,<environment.Job instance at 0x7ff2e6cf8c80>,14,3,[14  3],15,-1,18,-1,15
1,<environment.Job instance at 0x7ff2e5b985f0>,15,13,[ 4 13],16,-1,29,-1,16
1,<environment.Job instance at 0x7ff2e705e410>,18,2,[2 6],19,-1,22,-1,20
1,<environment.Job instance at 0x7ff2e6520190>,23,22,[ 3 10],24,-1,58,-1,36
1,<environment.Job instance at 0x7ff2e6ae91e0>,24,2,[6 2],25,-1,38,-1,36
1,<environment.Job instance at 0x7ff2e601d960>,26,2,[ 2 10],27,-1,41,-1,39
1,<environment.Job instance at 0x7ff2e69387d0>,29,3,[3 5],30,-1,62,-1,59
1,<environment.Job instance at 0x7ff2e6c4ba00>,30,2,[11  1],31,-1,61,-1,59
1,<environment.Job instance at 0x7ff2e7041140>,31,24,[5 4],32,-1,83,-1,59
1,<environment.Job instance at 0x7ff2e55bd4b0>,7,12,[12  4],8,-1,20,-1,8
1,<environment.Job instance at 0x7ff2e55db460>,21,18,[ 1 14],22,-1,67,-1,49
1,<environment.Job instance at 0x7ff2e61214b0>,1,17,[ 3 14],2,-1,19,-1,2
1,<environment.Job instance at 0x7ff2e55db4b0>,2,2,[ 3 12],3,-1,5,-1,3
1,<environment.Job instance at 0x7ff2e6121d70>,13,24,[12  3],14,-1,38,-1,14
1,<environment.Job instance at 0x7ff2e55db460>,10,1,[3 6],11,-1,18,-1,17
1,<environment.Job instance at 0x7ff2e5810af0>,18,1,[ 2 10],19,-1,25,-1,24
1,<environment.Job instance at 0x7ff2e59ef550>,6,2,[7 3],7,-1,10,-1,8
1,<environment.Job instance at 0x7ff2e59ef640>,11,1,[8 1],12,-1,29,-1,28
1,<environment.Job instance at 0x7ff2e59ef190>,13,26,[6 1],14,-1,55,-1,29
1,<environment.Job instance at 0x7ff2e59ef5a0>,19,27,[ 4 10],20,-1,56,-1,29
1,<environment.Job instance at 0x7ff2e6203280>,21,3,[5 5],22,-1,44,-1,41
1,<environment.Job instance at 0x7ff2e6203fa0>,23,26,[1 9],24,-1,67,-1,41
1,<environment.Job instance at 0x7ff2e6203910>,24,3,[9 2],25,-1,44,-1,41
1,<environment.Job instance at 0x7ff2e6203550>,25,17,[ 4 11],26,-1,58,-1,41
1,<environment.Job instance at 0x7ff2e6203960>,26,24,[7 5],27,-1,65,-1,41
1,<environment.Job instance at 0x7ff2e5dc0fa0>,27,3,[4 8],28,-1,44,-1,41
1,<environment.Job instance at 0x7f5294660f50>,16,15,[ 1 11],17,-1,57,-1,42
1,<environment.Job instance at 0x7f5294660fa0>,17,2,[3 5],18,-1,44,-1,42
1,<environment.Job instance at 0x7f52946620a0>,19,2,[5 5],20,-1,48,-1,46
1,<environment.Job instance at 0x7f5294662320>,21,1,[6 4],22,-1,62,-1,61
1,<environment.Job instance at 0x7f52946623c0>,22,1,[12  1],23,-1,62,-1,61
1,<environment.Job instance at 0x7f5294662460>,23,16,[ 1 11],24,-1,77,-1,61
1,<environment.Job instance at 0x7f5294662370>,24,2,[6 5],25,-1,63,-1,61
1,<environment.Job instance at 0x7f5294662640>,25,1,[9 2],26,-1,62,-1,61
1,<environment.Job instance at 0x7f5294662820>,27,13,[11  4],28,-1,74,-1,61
1,<environment.Job instance at 0x7f52946628c0>,28,2,[ 3 10],29,-1,63,-1,61
1,<environment.Job instance at 0x7f5294662a00>,30,3,[6 5],31,-1,69,-1,66
1,<environment.Job instance at 0x7f5294662b40>,32,1,[5 6],33,-1,67,-1,66
1,<environment.Job instance at 0x7f5294cad7d0>,8,1,[12  3],9,-1,10,-1,9
1,<environment.Job instance at 0x7f5294d8be60>,22,1,[10  2],23,-1,58,-1,57
1,<environment.Job instance at 0x7f5294d8bfa0>,23,1,[9 2],24,-1,58,-1,57
1,<environment.Job instance at 0x7f5294d8bb40>,24,1,[ 1 14],25,-1,58,-1,57
1,<environment.Job instance at 0x7f5294d8ba00>,25,3,[5 7],26,-1,60,-1,57
1,<environment.Job instance at 0x7f5294d8b870>,26,1,[3 8],27,-1,58,-1,57
1,<environment.Job instance at 0x7f5294d8bbe0>,28,12,[13  2],29,-1,78,-1,66
1,<environment.Job instance at 0x7f5294d8b640>,29,3,[ 5 12],30,-1,69,-1,66
1,<environment.Job instance at 0x7f5293d00730>,6,25,[ 4 10],7,-1,32,-1,7
1,<environment.Job instance at 0x7f5293d76870>,16,2,[5 8],17,-1,20,-1,18
1,<environment.Job instance at 0x7f5293d765f0>,17,2,[2 8],18,-1,21,-1,19
1,<environment.Job instance at 0x7f5293d76e60>,18,1,[9 3],19,-1,20,-1,19
1,<environment.Job instance at 0x7f5293d76a50>,20,3,[ 5 12],21,-1,38,-1,35
1,<environment.Job instance at 0x7f5293d76230>,21,2,[ 2 10],22,-1,37,-1,35
1,<environment.Job instance at 0x7f5293d761e0>,22,1,[5 2],23,-1,36,-1,35
1,<environment.Job instance at 0x7f5293d76af0>,30,19,[ 5 11],31,-1,86,-1,67
1,<environment.Job instance at 0x7f5294cf5730>,7,2,[1 8],8,-1,11,-1,9
1,<environment.Job instance at 0x7f5294cf5a50>,8,2,[4 8],9,-1,11,-1,9
1,<environment.Job instance at 0x7f5294cf5820>,9,25,[10  1],10,-1,36,-1,11
1,<environment.Job instance at 0x7f5294cf50a0>,13,2,[ 3 14],14,-1,32,-1,30
1,<environment.Job instance at 0x7f5294cf5e10>,14,1,[10  1],15,-1,31,-1,30
1,<environment.Job instance at 0x7f5294cf55f0>,21,16,[14  5],22,-1,68,-1,52
1,<environment.Job instance at 0x7f5294af1be0>,23,3,[2 5],24,-1,70,-1,67
1,<environment.Job instance at 0x7f5294cf5af0>,24,2,[14  4],25,-1,69,-1,67
1,<environment.Job instance at 0x7f5295142370>,5,2,[1 9],6,-1,9,-1,7
1,<environment.Job instance at 0x7f5295142c30>,7,18,[ 1 11],8,-1,26,-1,8
1,<environment.Job instance at 0x7f5295142910>,9,3,[9 2],10,-1,13,-1,10
1,<environment.Job instance at 0x7f5295142640>,10,2,[3 8],11,-1,13,-1,11
1,<environment.Job instance at 0x7f5295142fa0>,11,18,[ 2 14],12,-1,30,-1,12
1,<environment.Job instance at 0x7f5295142a00>,12,28,[10  1],13,-1,41,-1,13
1,<environment.Job instance at 0x7f5295142d70>,13,2,[5 6],14,-1,16,-1,14
1,<environment.Job instance at 0x7f5295137410>,18,26,[7 2],19,-1,45,-1,19
1,<environment.Job instance at 0x7f52951375a0>,19,2,[5 5],20,-1,22,-1,20
1,<environment.Job instance at 0x7f5295167230>,20,3,[ 3 10],21,-1,24,-1,21
1,<environment.Job instance at 0x7f5295167500>,22,23,[6 3],23,-1,46,-1,23
1,<environment.Job instance at 0x7f5295167a50>,23,26,[ 1 10],24,-1,50,-1,24
1,<environment.Job instance at 0x7f52951675a0>,25,16,[ 3 12],26,-1,45,-1,29
1,<environment.Job instance at 0x7f52943aaa50>,1,17,[ 3 14],2,-1,19,-1,2
1,<environment.Job instance at 0x7f52945c8d70>,11,3,[3 9],12,-1,22,-1,19
1,<environment.Job instance at 0x7f52945c8230>,16,3,[5 4],17,-1,36,-1,33
1,<environment.Job instance at 0x7f52945c8b40>,20,3,[6 2],21,-1,50,-1,47
1,<environment.Job instance at 0x7f52945c8820>,21,1,[6 4],22,-1,48,-1,47
1,<environment.Job instance at 0x7f52945c8690>,2,16,[12  1],3,-1,19,-1,3
1,<environment.Job instance at 0x7f5293c33fa0>,7,1,[3 7],8,-1,11,-1,10
1,<environment.Job instance at 0x7f5293c37230>,10,12,[ 5 13],11,-1,23,-1,11
1,<environment.Job instance at 0x7f5293c375a0>,14,2,[ 4 10],15,-1,17,-1,15
1,<environment.Job instance at 0x7f5293c37780>,15,17,[12  2],16,-1,33,-1,16
1,<environment.Job instance at 0x7f5293c37820>,16,3,[2 9],17,-1,39,-1,36
1,<environment.Job instance at 0x7f5294284550>,3,13,[13  1],4,-1,17,-1,4
1,<environment.Job instance at 0x7f5294e3f9b0>,13,2,[ 2 13],14,-1,16,-1,14
1,<environment.Job instance at 0x7f5294e3f320>,17,1,[2 8],18,-1,19,-1,18
1,<environment.Job instance at 0x7f5294e3fcd0>,18,1,[12  2],19,-1,20,-1,19
1,<environment.Job instance at 0x7f5294e3fb90>,19,3,[6 5],20,-1,23,-1,20
1,<environment.Job instance at 0x7f5294e3f5f0>,22,26,[5 5],23,-1,61,-1,35
1,<environment.Job instance at 0x7f5294e3ff50>,24,3,[5 1],25,-1,51,-1,48
1,<environment.Job instance at 0x7f5294e3f910>,25,2,[2 6],26,-1,50,-1,48
1,<environment.Job instance at 0x7f5294e3faa0>,26,3,[ 1 11],27,-1,51,-1,48
1,<environment.Job instance at 0x7f5294a26af0>,31,28,[6 2],32,-1,96,-1,68
1,<environment.Job instance at 0x7f5294a266e0>,32,2,[6 2],33,-1,70,-1,68
1,<environment.Job instance at 0x7f5294a26320>,33,2,[1 8],34,-1,70,-1,68
1,<environment.Job instance at 0x7f5294a26dc0>,34,1,[5 4],35,-1,69,-1,68
1,<environment.Job instance at 0x7f5294a26be0>,35,3,[ 5 10],36,-1,71,-1,68
1,<environment.Job instance at 0x7f5294a26640>,36,26,[5 4],37,-1,94,-1,68
1,<environment.Job instance at 0x7f5294a26190>,37,3,[1 9],38,-1,71,-1,68
1,<environment.Job instance at 0x7f5294a265a0>,38,3,[5 2],39,-1,71,-1,68
1,<environment.Job instance at 0x7f5294a26a00>,40,1,[5 8],41,-1,70,-1,69
1,<environment.Job instance at 0x7f5294a26230>,41,18,[ 2 14],42,-1,87,-1,69
1,<environment.Job instance at 0x7f5294a26410>,42,17,[ 4 13],43,-1,86,-1,69
1,<environment.Job instance at 0x7f5294a260f0>,43,25,[7 3],44,-1,94,-1,69
1,<environment.Job instance at 0x7f52938d25f0>,2,16,[14  3],3,-1,19,-1,3
1,<environment.Job instance at 0x7f52938efb40>,4,22,[6 5],5,-1,27,-1,5
1,<environment.Job instance at 0x7f529523b190>,7,3,[8 4],8,-1,13,-1,10
1,<environment.Job instance at 0x7f529480b190>,17,3,[14  4],18,-1,68,-1,65
1,<environment.Job instance at 0x7f529480b730>,18,13,[14  1],19,-1,78,-1,65
1,<environment.Job instance at 0x7f52941bbc30>,19,2,[1 8],20,-1,67,-1,65
1,<environment.Job instance at 0x7f52941bb370>,20,22,[4 7],21,-1,88,-1,66
1,<environment.Job instance at 0x7f52941bb460>,22,2,[5 1],23,-1,69,-1,67
1,<environment.Job instance at 0x7f5294dc19b0>,24,3,[ 5 10],25,-1,70,-1,67
1,<environment.Job instance at 0x7f52941bb730>,25,12,[ 2 10],26,-1,79,-1,67
1,<environment.Job instance at 0x7f52941bba00>,26,2,[8 2],27,-1,69,-1,67
1,<environment.Job instance at 0x7f52942db1e0>,27,26,[9 4],28,-1,93,-1,67
1,<environment.Job instance at 0x7f529431ecd0>,11,1,[10  2],12,-1,28,-1,27
1,<environment.Job instance at 0x7f529501bbe0>,14,3,[4 6],15,-1,47,-1,44
1,<environment.Job instance at 0x7f529501b780>,15,2,[4 7],16,-1,46,-1,44
1,<environment.Job instance at 0x7f52950bad70>,16,1,[5 3],17,-1,45,-1,44
1,<environment.Job instance at 0x7f5293c18dc0>,8,12,[ 4 12],9,-1,21,-1,9
1,<environment.Job instance at 0x7f5294342730>,11,18,[13  4],12,-1,31,-1,13
1,<environment.Job instance at 0x7f5294342af0>,13,1,[6 4],14,-1,15,-1,14
1,<environment.Job instance at 0x7f5294342c30>,16,13,[7 3],17,-1,45,-1,32
1,<environment.Job instance at 0x7f52951930a0>,27,23,[3 7],28,-1,55,-1,32
1,<environment.Job instance at 0x7f5295193500>,30,14,[ 4 14],31,-1,61,-1,47
1,<environment.Job instance at 0x7f5295193a50>,31,1,[5 5],32,-1,48,-1,47
1,<environment.Job instance at 0x7f5295193370>,32,2,[8 5],33,-1,49,-1,47
1,<environment.Job instance at 0x7f5294938f50>,6,2,[9 4],7,-1,10,-1,8
1,<environment.Job instance at 0x7f5294938190>,9,3,[2 6],10,-1,13,-1,10
1,<environment.Job instance at 0x7f5294938780>,15,2,[5 7],16,-1,43,-1,41
1,<environment.Job instance at 0x7f5294938500>,17,1,[5 4],18,-1,42,-1,41
1,<environment.Job instance at 0x7f529491ecd0>,18,2,[3 6],19,-1,43,-1,41
1,<environment.Job instance at 0x7f529491ef00>,20,28,[2 8],21,-1,70,-1,42
1,<environment.Job instance at 0x7f529491e5a0>,22,3,[ 4 14],23,-1,62,-1,59
1,<environment.Job instance at 0x7f529491e9b0>,23,13,[ 1 13],24,-1,72,-1,59
1,<environment.Job instance at 0x7f529491e6e0>,24,1,[10  3],25,-1,60,-1,59
1,<environment.Job instance at 0x7f529491e0a0>,27,27,[1 7],28,-1,96,-1,69
1,<environment.Job instance at 0x7f529491e0a0>,8,1,[5 7],9,-1,11,-1,10
1,<environment.Job instance at 0x7f52944d06e0>,10,2,[5 8],11,-1,13,-1,11
1,<environment.Job instance at 0x7f52944d0780>,11,3,[7 4],12,-1,15,-1,12
1,<environment.Job instance at 0x7f52944d0f00>,16,24,[3 5],17,-1,41,-1,17
1,<environment.Job instance at 0x7f52938f35a0>,17,28,[7 2],18,-1,46,-1,18
1,<environment.Job instance at 0x7f52938f3820>,23,3,[4 8],24,-1,50,-1,47
1,<environment.Job instance at 0x7f52938f3b90>,26,28,[5 8],27,-1,91,-1,63
1,<environment.Job instance at 0x7f52938f3280>,27,3,[8 1],28,-1,66,-1,63
1,<environment.Job instance at 0x7f52938f3050>,28,1,[11  1],29,-1,64,-1,63
1,<environment.Job instance at 0x7f52938f3c30>,29,17,[ 3 13],30,-1,80,-1,63
1,<environment.Job instance at 0x7f52938f33c0>,30,23,[5 9],31,-1,86,-1,63
1,<environment.Job instance at 0x7f52938f3460>,31,2,[ 2 10],32,-1,65,-1,63
1,<environment.Job instance at 0x7f5293b7e6e0>,4,25,[2 8],5,-1,30,-1,5
1,<environment.Job instance at 0x7f5294736a00>,7,3,[8 1],8,-1,11,-1,8
1,<environment.Job instance at 0x7f5293da61e0>,12,2,[ 2 10],13,-1,21,-1,19
1,<environment.Job instance at 0x7f5293da6dc0>,15,2,[7 1],16,-1,23,-1,21
1,<environment.Job instance at 0x7f5293da6c80>,16,1,[5 8],17,-1,22,-1,21
1,<environment.Job instance at 0x7f52939c3500>,19,1,[6 4],20,-1,48,-1,47
1,<environment.Job instance at 0x7f52939c3820>,23,2,[2 8],24,-1,54,-1,52
1,<environment.Job instance at 0x7f52939c3960>,26,3,[6 2],27,-1,72,-1,69
1,<environment.Job instance at 0x7f5293addfa0>,10,1,[1 6],11,-1,13,-1,12
1,<environment.Job instance at 0x7f5294fb2910>,19,3,[ 5 11],20,-1,32,-1,29
1,<environment.Job instance at 0x7f5294fb2b40>,22,1,[9 3],23,-1,45,-1,44
1,<environment.Job instance at 0x7f5294fb2d20>,23,3,[ 3 10],24,-1,47,-1,44
1,<environment.Job instance at 0x7f5294fb2410>,25,1,[2 7],26,-1,53,-1,52
1,<environment.Job instance at 0x7f5294fb2c80>,26,24,[5 3],27,-1,76,-1,52
1,<environment.Job instance at 0x7f5294fb2dc0>,27,18,[ 4 14],28,-1,70,-1,52
1,<environment.Job instance at 0x7f5294fb2690>,28,3,[5 3],29,-1,55,-1,52
1,<environment.Job instance at 0x7f5294fb21e0>,29,1,[5 9],30,-1,53,-1,52
1,<environment.Job instance at 0x7f5294d94e60>,3,28,[2 8],4,-1,32,-1,4
1,<environment.Job instance at 0x7f52944e0730>,12,1,[5 9],13,-1,14,-1,13
1,<environment.Job instance at 0x7f52944bf050>,25,1,[10  5],26,-1,66,-1,65
1,<environment.Job instance at 0x7f52944bf0f0>,26,2,[7 3],27,-1,67,-1,65
1,<environment.Job instance at 0x7f52944bf230>,27,3,[1 9],28,-1,68,-1,65
1,<environment.Job instance at 0x7f52944bf2d0>,28,16,[ 5 10],29,-1,81,-1,65
1,<environment.Job instance at 0x7f5293f12d20>,5,13,[ 2 13],6,-1,19,-1,6
1,<environment.Job instance at 0x7f52951fb640>,6,17,[12  2],7,-1,24,-1,7
1,<environment.Job instance at 0x7f52951fb280>,7,28,[7 4],8,-1,36,-1,8
1,<environment.Job instance at 0x7f52951fbdc0>,10,25,[10  4],11,-1,36,-1,11
1,<environment.Job instance at 0x7f5293ce9f50>,20,12,[ 5 10],21,-1,53,-1,41
1,<environment.Job instance at 0x7f529d7c0fa0>,3,2,[3 5],4,-1,7,-1,5
1,<environment.Job instance at 0x7f52944016e0>,2,26,[10  2],3,-1,33,-1,7
1,<environment.Job instance at 0x7f529d7c06e0>,9,2,[9 5],10,-1,12,-1,10
1,<environment.Job instance at 0x7f5293afe910>,10,2,[7 4],11,-1,13,-1,11
1,<environment.Job instance at 0x7f5293afe8c0>,11,2,[5 8],12,-1,14,-1,12
1,<environment.Job instance at 0x7f5293afed70>,14,2,[ 1 12],15,-1,17,-1,15
1,<environment.Job instance at 0x7f5293afeaa0>,15,1,[7 2],16,-1,17,-1,16
1,<environment.Job instance at 0x7f5293afe0a0>,23,1,[ 1 10],24,-1,39,-1,38
1,<environment.Job instance at 0x7f5293a8bb90>,26,23,[8 1],27,-1,77,-1,54
1,<environment.Job instance at 0x7f5293a8be60>,27,2,[ 5 14],28,-1,56,-1,54
1,<environment.Job instance at 0x7f5293a8bfa0>,28,1,[4 6],29,-1,55,-1,54
1,<environment.Job instance at 0x7f5293a8b320>,29,3,[10  1],30,-1,57,-1,54
1,<environment.Job instance at 0x7f5293a8b820>,30,1,[3 5],31,-1,55,-1,54
1,<environment.Job instance at 0x7f529401e190>,8,17,[5 8],9,-1,26,-1,9
1,<environment.Job instance at 0x7f529401e7d0>,12,2,[12  5],13,-1,20,-1,18
1,<environment.Job instance at 0x7f529401eeb0>,13,1,[4 7],14,-1,19,-1,18
1,<environment.Job instance at 0x7f52938c84b0>,14,2,[5 8],15,-1,20,-1,18
1,<environment.Job instance at 0x7f529401e0f0>,15,3,[ 1 10],16,-1,21,-1,18
1,<environment.Job instance at 0x7f5293a30b90>,16,1,[ 5 10],17,-1,19,-1,18
1,<environment.Job instance at 0x7f5293a30b40>,18,1,[5 2],19,-1,33,-1,32
1,<environment.Job instance at 0x7f5293a30140>,20,1,[6 1],21,-1,49,-1,48
1,<environment.Job instance at 0x7f5293a57a00>,21,24,[2 7],22,-1,72,-1,48
1,<environment.Job instance at 0x7f5293a578c0>,22,17,[ 3 11],23,-1,65,-1,48
1,<environment.Job instance at 0x7f5294c74b40>,26,2,[9 4],27,-1,57,-1,55
1,<environment.Job instance at 0x7f5294c74c30>,27,26,[8 5],28,-1,81,-1,55
1,<environment.Job instance at 0x7f5293e0a5f0>,28,1,[5 5],29,-1,56,-1,55
1,<environment.Job instance at 0x7f8361e27f50>,16,15,[ 1 11],17,-1,58,-1,43
1,<environment.Job instance at 0x7f8361e290a0>,19,2,[5 5],20,-1,47,-1,45
1,<environment.Job instance at 0x7f8361e29280>,21,1,[6 4],22,-1,60,-1,59
1,<environment.Job instance at 0x7f8361e29320>,22,1,[12  1],23,-1,60,-1,59
1,<environment.Job instance at 0x7f8361e293c0>,23,16,[ 1 11],24,-1,75,-1,59
1,<environment.Job instance at 0x7f8361e29550>,25,1,[9 2],26,-1,60,-1,59
1,<environment.Job instance at 0x7f8361e29820>,27,13,[11  4],28,-1,74,-1,61
1,<environment.Job instance at 0x7f8361e29730>,28,2,[ 3 10],29,-1,63,-1,61
1,<environment.Job instance at 0x7f8361e29c30>,32,1,[5 6],33,-1,80,-1,79
1,<environment.Job instance at 0x7f8361f04230>,24,2,[8 4],25,-1,75,-1,73
1,<environment.Job instance at 0x7f836148fa50>,10,19,[ 5 11],11,-1,31,-1,12
1,<environment.Job instance at 0x7f8361512cd0>,19,12,[14  3],20,-1,35,-1,23
1,<environment.Job instance at 0x7f83615125a0>,20,25,[2 7],21,-1,48,-1,23
1,<environment.Job instance at 0x7f8361512820>,22,16,[2 9],23,-1,49,-1,33
1,<environment.Job instance at 0x7f8361b78230>,25,1,[8 4],26,-1,34,-1,33
1,<environment.Job instance at 0x7f83614d4af0>,26,1,[6 1],27,-1,34,-1,33
1,<environment.Job instance at 0x7f8361928050>,29,12,[4 6],30,-1,55,-1,43
1,<environment.Job instance at 0x7f8361dce730>,33,2,[5 2],34,-1,67,-1,65
1,<environment.Job instance at 0x7f8361901460>,34,3,[6 2],35,-1,68,-1,65
1,<environment.Job instance at 0x7f83621c2f00>,38,12,[1 5],39,-1,88,-1,76
1,<environment.Job instance at 0x7f8361392550>,9,2,[13  5],10,-1,12,-1,10
1,<environment.Job instance at 0x7f83613934b0>,26,2,[7 1],27,-1,58,-1,56
1,<environment.Job instance at 0x7f8361393780>,27,2,[ 3 12],28,-1,58,-1,56
1,<environment.Job instance at 0x7f8361393730>,28,24,[5 8],29,-1,80,-1,56
1,<environment.Job instance at 0x7f8361393a50>,29,1,[2 9],30,-1,57,-1,56
1,<environment.Job instance at 0x7f8361393910>,30,27,[3 7],31,-1,83,-1,56
1,<environment.Job instance at 0x7f8361393b40>,31,17,[ 3 14],32,-1,73,-1,56
1,<environment.Job instance at 0x7f8361393be0>,32,1,[8 3],33,-1,57,-1,56
1,<environment.Job instance at 0x7f8361393c80>,33,2,[ 1 11],34,-1,58,-1,56
1,<environment.Job instance at 0x7f8361393e10>,35,1,[8 2],36,-1,61,-1,60
1,<environment.Job instance at 0x7f8361393f00>,37,19,[13  2],38,-1,89,-1,70
1,<environment.Job instance at 0x7f8362238370>,6,15,[ 5 14],7,-1,22,-1,7
1,<environment.Job instance at 0x7f8362238140>,9,3,[5 2],10,-1,14,-1,11
1,<environment.Job instance at 0x7f8362238050>,11,23,[9 3],12,-1,35,-1,12
1,<environment.Job instance at 0x7f8362973780>,15,23,[5 5],16,-1,44,-1,21
1,<environment.Job instance at 0x7f83629732d0>,16,1,[6 3],17,-1,22,-1,21
1,<environment.Job instance at 0x7f83629735f0>,22,16,[12  1],23,-1,66,-1,50
1,<environment.Job instance at 0x7f83629730f0>,23,3,[1 5],24,-1,53,-1,50
1,<environment.Job instance at 0x7f8362973410>,24,15,[1 8],25,-1,72,-1,57
1,<environment.Job instance at 0x7f8362973dc0>,26,3,[5 8],27,-1,60,-1,57
1,<environment.Job instance at 0x7f8362973d70>,27,1,[3 7],28,-1,58,-1,57
1,<environment.Job instance at 0x7f83622c08c0>,12,1,[3 9],13,-1,34,-1,33
1,<environment.Job instance at 0x7f8361800550>,13,13,[13  1],14,-1,46,-1,33
1,<environment.Job instance at 0x7f83618002d0>,14,2,[ 3 10],15,-1,35,-1,33
1,<environment.Job instance at 0x7f83618000a0>,19,3,[3 6],20,-1,52,-1,49
1,<environment.Job instance at 0x7f8361800690>,20,3,[1 6],21,-1,52,-1,49
1,<environment.Job instance at 0x7f83618008c0>,22,2,[7 3],23,-1,52,-1,50
1,<environment.Job instance at 0x7f83618009b0>,23,2,[ 2 13],24,-1,52,-1,50
1,<environment.Job instance at 0x7f83622c05a0>,2,16,[14  3],3,-1,20,-1,4
1,<environment.Job instance at 0x7f8361576c30>,14,28,[ 4 10],15,-1,64,-1,36
1,<environment.Job instance at 0x7f8361563190>,15,2,[1 6],16,-1,38,-1,36
1,<environment.Job instance at 0x7f83615631e0>,16,14,[ 5 12],17,-1,50,-1,36
1,<environment.Job instance at 0x7f83615637d0>,17,3,[14  4],18,-1,39,-1,36
1,<environment.Job instance at 0x7f8361563eb0>,18,13,[14  1],19,-1,49,-1,36
1,<environment.Job instance at 0x7f8361563af0>,19,2,[1 8],20,-1,38,-1,36
1,<environment.Job instance at 0x7f8361563d70>,20,22,[4 7],21,-1,95,-1,73
1,<environment.Job instance at 0x7f8361b1b460>,29,17,[ 1 10],30,-1,93,-1,76
1,<environment.Job instance at 0x7f8361dcc7d0>,30,1,[8 2],31,-1,77,-1,76
1,<environment.Job instance at 0x7f8361dda280>,31,2,[3 6],32,-1,78,-1,76
1,<environment.Job instance at 0x7f8361f55d20>,12,2,[10  4],13,-1,17,-1,15
1,<environment.Job instance at 0x7f8361f55910>,13,3,[2 6],14,-1,18,-1,15
1,<environment.Job instance at 0x7f8361f718c0>,16,2,[3 5],17,-1,32,-1,30
1,<environment.Job instance at 0x7f8361f712d0>,17,1,[ 4 10],18,-1,31,-1,30
1,<environment.Job instance at 0x7f8361f71af0>,18,24,[11  1],19,-1,54,-1,30
1,<environment.Job instance at 0x7f8361f71eb0>,19,3,[9 4],20,-1,33,-1,30
1,<environment.Job instance at 0x7f8361f71690>,20,12,[8 1],21,-1,42,-1,30
1,<environment.Job instance at 0x7f8361f71050>,24,3,[2 5],25,-1,43,-1,40
1,<environment.Job instance at 0x7f8361f6f3c0>,29,3,[9 3],30,-1,71,-1,68
1,<environment.Job instance at 0x7f8361f6f640>,30,1,[9 2],31,-1,69,-1,68
1,<environment.Job instance at 0x7f8361f7daf0>,7,23,[3 7],8,-1,31,-1,8
1,<environment.Job instance at 0x7f8361f8a5a0>,10,14,[ 4 14],11,-1,25,-1,11
1,<environment.Job instance at 0x7f8361e218c0>,11,1,[5 5],12,-1,18,-1,17
1,<environment.Job instance at 0x7f8362912eb0>,21,3,[5 7],22,-1,66,-1,63
1,<environment.Job instance at 0x7f8362912dc0>,23,2,[5 8],24,-1,65,-1,63
1,<environment.Job instance at 0x7f8362912910>,25,12,[11  4],26,-1,83,-1,71
1,<environment.Job instance at 0x7f8361220b90>,6,23,[5 8],7,-1,30,-1,7
1,<environment.Job instance at 0x7f8361186be0>,19,28,[ 2 11],20,-1,57,-1,29
1,<environment.Job instance at 0x7f8361186140>,23,3,[ 4 10],24,-1,50,-1,47
1,<environment.Job instance at 0x7f8362853a00>,2,2,[10  5],3,-1,5,-1,3
1,<environment.Job instance at 0x7f836152d0a0>,7,27,[7 1],8,-1,35,-1,8
1,<environment.Job instance at 0x7f836152ddc0>,11,24,[1 7],12,-1,36,-1,12
1,<environment.Job instance at 0x7f836152daf0>,13,24,[5 9],14,-1,38,-1,14
1,<environment.Job instance at 0x7f836152d0f0>,14,3,[14  3],15,-1,18,-1,15
1,<environment.Job instance at 0x7f836152d280>,15,13,[ 4 13],16,-1,29,-1,16
1,<environment.Job instance at 0x7f836260c6e0>,24,2,[6 2],25,-1,47,-1,45
1,<environment.Job instance at 0x7f836260cc30>,26,2,[ 2 10],27,-1,51,-1,49
1,<environment.Job instance at 0x7f836260c9b0>,29,3,[3 5],30,-1,76,-1,73
1,<environment.Job instance at 0x7f836260c820>,30,2,[11  1],31,-1,75,-1,73
1,<environment.Job instance at 0x7f836260c3c0>,31,24,[5 4],32,-1,97,-1,73
1,<environment.Job instance at 0x7f83621d86e0>,7,14,[ 3 13],8,-1,22,-1,8
1,<environment.Job instance at 0x7f83621d84b0>,8,1,[9 4],9,-1,13,-1,12
1,<environment.Job instance at 0x7f836b1dbaa0>,12,1,[2 8],13,-1,14,-1,13
1,<environment.Job instance at 0x7f836b1db050>,13,1,[7 2],14,-1,15,-1,14
1,<environment.Job instance at 0x7f836b1db780>,14,13,[11  5],15,-1,28,-1,15
1,<environment.Job instance at 0x7f836b1dbcd0>,15,2,[10  2],16,-1,18,-1,16
1,<environment.Job instance at 0x7f836b1dbc80>,16,3,[3 7],17,-1,20,-1,17
1,<environment.Job instance at 0x7f836156ad70>,23,13,[4 9],24,-1,43,-1,30
1,<environment.Job instance at 0x7f836156a7d0>,28,26,[2 7],29,-1,84,-1,58
1,<environment.Job instance at 0x7f836156aaf0>,29,3,[ 5 11],30,-1,61,-1,58
1,<environment.Job instance at 0x7f8361d9d0f0>,32,1,[9 3],33,-1,69,-1,68
1,<environment.Job instance at 0x7f8361d9de60>,33,3,[ 3 10],34,-1,71,-1,68
1,<environment.Job instance at 0x7f8361d9daa0>,35,1,[2 7],36,-1,72,-1,71
1,<environment.Job instance at 0x7f8361d9d5a0>,36,24,[5 3],37,-1,95,-1,71
1,<environment.Job instance at 0x7f8361d9d8c0>,37,18,[ 4 14],38,-1,89,-1,71
1,<environment.Job instance at 0x7f8361d9d690>,38,3,[5 3],39,-1,74,-1,71
1,<environment.Job instance at 0x7f8361d9d5f0>,39,1,[5 9],40,-1,72,-1,71
1,<environment.Job instance at 0x7f8361d9d7d0>,40,22,[7 3],41,-1,98,-1,76
1,<environment.Job instance at 0x7f8361d9db90>,41,17,[ 3 14],42,-1,93,-1,76
1,<environment.Job instance at 0x7f8361d9d050>,42,2,[ 3 12],43,-1,78,-1,76
1,<environment.Job instance at 0x7f8361d9dfa0>,43,2,[ 4 10],44,-1,78,-1,76
1,<environment.Job instance at 0x7f8361d9dcd0>,44,14,[10  1],45,-1,92,-1,78
1,<environment.Job instance at 0x7f8361d9dc80>,45,3,[7 3],46,-1,81,-1,78
1,<environment.Job instance at 0x7f836226de60>,19,14,[ 3 10],20,-1,65,-1,51
1,<environment.Job instance at 0x7f836226d5f0>,25,1,[10  5],26,-1,64,-1,63
1,<environment.Job instance at 0x7f836226df00>,26,2,[7 3],27,-1,65,-1,63
1,<environment.Job instance at 0x7f836226dd70>,27,3,[1 9],28,-1,66,-1,63
1,<environment.Job instance at 0x7f8361c967d0>,2,1,[ 3 10],3,-1,4,-1,3
1,<environment.Job instance at 0x7f8361c965a0>,6,3,[ 1 10],7,-1,11,-1,8
1,<environment.Job instance at 0x7f8361cbefa0>,11,3,[6 4],12,-1,24,-1,21
1,<environment.Job instance at 0x7f8361cbe6e0>,16,3,[3 8],17,-1,25,-1,22
1,<environment.Job instance at 0x7f8361cbee10>,21,3,[ 5 10],22,-1,38,-1,35
1,<environment.Job instance at 0x7f8361ca0a00>,24,2,[1 9],25,-1,44,-1,42
1,<environment.Job instance at 0x7f8361ca0820>,26,2,[6 2],27,-1,57,-1,55
1,<environment.Job instance at 0x7f8361ca09b0>,27,14,[14  4],28,-1,69,-1,55
1,<environment.Job instance at 0x7f8361ca0af0>,28,3,[6 4],29,-1,58,-1,55
1,<environment.Job instance at 0x7f83625eb500>,7,2,[ 5 14],8,-1,10,-1,8
1,<environment.Job instance at 0x7f8361932cd0>,8,1,[4 6],9,-1,17,-1,16
1,<environment.Job instance at 0x7f8361932eb0>,16,2,[7 3],17,-1,41,-1,39
1,<environment.Job instance at 0x7f8361932280>,23,18,[ 5 11],24,-1,84,-1,66
1,<environment.Job instance at 0x7f836b060a00>,25,3,[7 5],26,-1,69,-1,66
1,<environment.Job instance at 0x7f83627d9870>,3,15,[ 3 14],4,-1,19,-1,4
1,<environment.Job instance at 0x7f83627b3820>,4,2,[10  1],5,-1,7,-1,5
1,<environment.Job instance at 0x7f83627d90f0>,9,2,[9 2],10,-1,14,-1,12
1,<environment.Job instance at 0x7f836117aeb0>,21,2,[9 5],22,-1,47,-1,45
1,<environment.Job instance at 0x7f836117a1e0>,22,3,[4 5],23,-1,48,-1,45
1,<environment.Job instance at 0x7f8361e19a00>,23,1,[2 6],24,-1,46,-1,45
1,<environment.Job instance at 0x7f8361e19aa0>,26,14,[ 4 13],27,-1,67,-1,53
1,<environment.Job instance at 0x7f8361e19d20>,28,3,[8 4],29,-1,60,-1,57
1,<environment.Job instance at 0x7f8361e19a50>,29,1,[8 2],30,-1,58,-1,57
1,<environment.Job instance at 0x7f83627c0c30>,30,2,[5 8],31,-1,59,-1,57
1,<environment.Job instance at 0x7f83627c0370>,31,3,[2 7],32,-1,62,-1,59
1,<environment.Job instance at 0x7f83627c0500>,32,2,[5 4],33,-1,61,-1,59
1,<environment.Job instance at 0x7f83627c0190>,34,1,[4 7],35,-1,72,-1,71
1,<environment.Job instance at 0x7f8361fc6e60>,4,26,[12  3],5,-1,31,-1,5
1,<environment.Job instance at 0x7f8361fc60a0>,8,1,[10  3],9,-1,10,-1,9
1,<environment.Job instance at 0x7f8361f24be0>,11,25,[1 7],12,-1,46,-1,21
1,<environment.Job instance at 0x7f8361f24dc0>,14,1,[8 4],15,-1,22,-1,21
1,<environment.Job instance at 0x7f8361f24410>,15,1,[9 2],16,-1,22,-1,21
1,<environment.Job instance at 0x7f8361f24690>,19,2,[ 2 11],20,-1,23,-1,21
1,<environment.Job instance at 0x7f8361f24fa0>,24,1,[10  2],25,-1,30,-1,29
1,<environment.Job instance at 0x7f8361d52500>,14,1,[6 1],15,-1,16,-1,15
1,<environment.Job instance at 0x7f8361d526e0>,15,1,[8 2],16,-1,17,-1,16
1,<environment.Job instance at 0x7f8361d529b0>,18,1,[1 7],19,-1,29,-1,28
1,<environment.Job instance at 0x7f8361d52a50>,19,2,[6 3],20,-1,30,-1,28
1,<environment.Job instance at 0x7f8361d52af0>,20,1,[5 6],21,-1,29,-1,28
1,<environment.Job instance at 0x7f8361d52cd0>,23,1,[ 5 10],24,-1,45,-1,44
1,<environment.Job instance at 0x7f8361d52d70>,24,2,[2 5],25,-1,46,-1,44
1,<environment.Job instance at 0x7f8361d52f00>,28,22,[4 8],29,-1,96,-1,74
1,<environment.Job instance at 0x7f8170174f50>,16,15,[ 1 11],17,-1,56,-1,41
1,<environment.Job instance at 0x7f8170174fa0>,17,2,[3 5],18,-1,43,-1,41
1,<environment.Job instance at 0x7f8170176280>,21,1,[6 4],22,-1,54,-1,53
1,<environment.Job instance at 0x7f81701763c0>,22,1,[12  1],23,-1,54,-1,53
1,<environment.Job instance at 0x7f8170176320>,23,16,[ 1 11],24,-1,69,-1,53
1,<environment.Job instance at 0x7f8170176500>,24,2,[6 5],25,-1,55,-1,53
1,<environment.Job instance at 0x7f8170176640>,25,1,[9 2],26,-1,54,-1,53
1,<environment.Job instance at 0x7f8170176820>,27,13,[11  4],28,-1,70,-1,57
1,<environment.Job instance at 0x7f81701768c0>,28,2,[ 3 10],29,-1,59,-1,57
1,<environment.Job instance at 0x7f8170176b40>,32,1,[5 6],33,-1,76,-1,75
1,<environment.Job instance at 0x7f8170176dc0>,35,1,[9 1],36,-1,77,-1,76
1,<environment.Job instance at 0x7f8170176e10>,37,2,[8 4],38,-1,90,-1,88
1,<environment.Job instance at 0x7f8170176f50>,39,1,[2 7],40,-1,89,-1,88
1,<environment.Job instance at 0x7f8170450d20>,9,3,[ 5 12],10,-1,13,-1,10
1,<environment.Job instance at 0x7f8170450be0>,18,12,[ 1 10],19,-1,48,-1,36
1,<environment.Job instance at 0x7f816facc500>,22,26,[2 7],23,-1,82,-1,56
1,<environment.Job instance at 0x7f816f7e3460>,23,2,[9 2],24,-1,58,-1,56
1,<environment.Job instance at 0x7f816fb81500>,24,12,[ 2 10],25,-1,74,-1,62
1,<environment.Job instance at 0x7f816f894960>,26,1,[8 4],27,-1,63,-1,62
1,<environment.Job instance at 0x7f816fb80730>,27,3,[4 8],28,-1,65,-1,62
1,<environment.Job instance at 0x7f816fb80640>,29,3,[3 5],30,-1,66,-1,63
1,<environment.Job instance at 0x7f816f8bd640>,31,1,[1 9],32,-1,70,-1,69
1,<environment.Job instance at 0x7f816fb821e0>,38,2,[7 2],39,-1,90,-1,88
1,<environment.Job instance at 0x7f816fc3f460>,39,3,[11  5],40,-1,91,-1,88
1,<environment.Job instance at 0x7f816fc17730>,40,1,[4 7],41,-1,89,-1,88
1,<environment.Job instance at 0x7f816f881f50>,4,1,[8 3],5,-1,6,-1,5
1,<environment.Job instance at 0x7f816f8812d0>,12,18,[ 3 10],13,-1,85,-1,67
1,<environment.Job instance at 0x7f816fe39d20>,11,2,[5 8],12,-1,14,-1,12
1,<environment.Job instance at 0x7f817049a1e0>,15,2,[1 9],16,-1,30,-1,28
1,<environment.Job instance at 0x7f816fb81960>,17,18,[ 1 11],18,-1,46,-1,28
1,<environment.Job instance at 0x7f816fb81410>,20,2,[3 8],21,-1,45,-1,43
1,<environment.Job instance at 0x7f8170130fa0>,21,18,[ 2 14],22,-1,61,-1,43
1,<environment.Job instance at 0x7f816fb815a0>,22,28,[10  1],23,-1,71,-1,43
1,<environment.Job instance at 0x7f816fcc8690>,23,2,[5 6],24,-1,45,-1,43
1,<environment.Job instance at 0x7f816f8232d0>,25,2,[2 5],26,-1,45,-1,43
1,<environment.Job instance at 0x7f816f852a50>,28,26,[7 2],29,-1,93,-1,67
1,<environment.Job instance at 0x7f816f852640>,29,2,[5 5],30,-1,69,-1,67
1,<environment.Job instance at 0x7f816f898230>,30,3,[ 3 10],31,-1,72,-1,69
1,<environment.Job instance at 0x7f816fc80dc0>,33,26,[ 1 10],34,-1,101,-1,75
1,<environment.Job instance at 0x7f816fc4e280>,35,16,[ 3 12],36,-1,96,-1,80
1,<environment.Job instance at 0x7f816f6f1cd0>,18,1,[5 3],19,-1,39,-1,38
1,<environment.Job instance at 0x7f816f6f1d20>,19,2,[6 1],20,-1,40,-1,38
1,<environment.Job instance at 0x7f816f6f1e60>,21,1,[ 3 11],22,-1,39,-1,38
1,<environment.Job instance at 0x7f816f6f1fa0>,22,2,[4 9],23,-1,40,-1,38
1,<environment.Job instance at 0x7f816f6f3460>,27,2,[5 4],28,-1,62,-1,60
1,<environment.Job instance at 0x7f816f6f3500>,28,3,[ 5 12],29,-1,63,-1,60
1,<environment.Job instance at 0x7f816f6f3640>,30,2,[5 2],31,-1,73,-1,71
1,<environment.Job instance at 0x7f816f6f3780>,32,1,[1 6],33,-1,89,-1,88
1,<environment.Job instance at 0x7f816f6f3730>,3,27,[4 8],4,-1,31,-1,4
1,<environment.Job instance at 0x7f816f71bcd0>,24,3,[5 2],25,-1,57,-1,54
1,<environment.Job instance at 0x7f816f71b960>,25,1,[4 7],26,-1,55,-1,54
1,<environment.Job instance at 0x7f816f71beb0>,26,1,[7 2],27,-1,55,-1,54
1,<environment.Job instance at 0x7f816f71bd70>,28,2,[3 7],29,-1,56,-1,54
1,<environment.Job instance at 0x7f816f71b4b0>,32,14,[14  5],33,-1,99,-1,85
1,<environment.Job instance at 0x7f816f71b7d0>,35,2,[9 1],36,-1,89,-1,87
1,<environment.Job instance at 0x7f816f71b500>,36,2,[10  5],37,-1,89,-1,87
1,<environment.Job instance at 0x7f81709cd0a0>,8,2,[6 2],9,-1,12,-1,10
1,<environment.Job instance at 0x7f81709cdbe0>,10,2,[8 4],11,-1,13,-1,11
1,<environment.Job instance at 0x7f81709cd910>,11,1,[9 1],12,-1,13,-1,12
1,<environment.Job instance at 0x7f81709cd0f0>,16,27,[1 8],17,-1,44,-1,17
1,<environment.Job instance at 0x7f81709cd550>,17,2,[1 8],18,-1,20,-1,18
1,<environment.Job instance at 0x7f81793390f0>,22,16,[14  3],23,-1,49,-1,33
1,<environment.Job instance at 0x7f81793397d0>,24,22,[6 5],25,-1,106,-1,84
1,<environment.Job instance at 0x7f8170ba0370>,9,25,[13  2],10,-1,35,-1,10
1,<environment.Job instance at 0x7f8170ba0be0>,10,20,[ 3 10],11,-1,31,-1,11
1,<environment.Job instance at 0x7f8170ba05f0>,11,1,[10  2],12,-1,13,-1,12
1,<environment.Job instance at 0x7f8170ba0960>,14,3,[4 6],15,-1,26,-1,23
1,<environment.Job instance at 0x7f816f7099b0>,15,2,[4 7],16,-1,25,-1,23
1,<environment.Job instance at 0x7f816f7097d0>,16,1,[5 3],17,-1,24,-1,23
1,<environment.Job instance at 0x7f816f709e10>,17,18,[ 5 10],18,-1,45,-1,27
1,<environment.Job instance at 0x7f816f747dc0>,22,2,[10  4],23,-1,44,-1,42
1,<environment.Job instance at 0x7f8170b762d0>,23,3,[2 6],24,-1,45,-1,42
1,<environment.Job instance at 0x7f8170b767d0>,26,2,[3 5],27,-1,61,-1,59
1,<environment.Job instance at 0x7f8170b769b0>,27,1,[ 4 10],28,-1,60,-1,59
1,<environment.Job instance at 0x7f8170b76230>,28,24,[11  1],29,-1,83,-1,59
1,<environment.Job instance at 0x7f8170b76190>,29,3,[9 4],30,-1,62,-1,59
1,<environment.Job instance at 0x7f8170b76e60>,30,12,[8 1],31,-1,71,-1,59
1,<environment.Job instance at 0x7f816f718fa0>,31,3,[8 5],32,-1,62,-1,59
1,<environment.Job instance at 0x7f816fbc7c80>,33,12,[9 5],34,-1,71,-1,59
1,<environment.Job instance at 0x7f816f718c80>,34,3,[2 5],35,-1,62,-1,59
1,<environment.Job instance at 0x7f81701facd0>,7,23,[3 7],8,-1,38,-1,15
1,<environment.Job instance at 0x7f81701fd820>,6,25,[5 8],7,-1,40,-1,15
1,<environment.Job instance at 0x7f817050b050>,15,12,[11  4],16,-1,28,-1,16
1,<environment.Job instance at 0x7f817050b280>,18,3,[10  1],19,-1,23,-1,20
1,<environment.Job instance at 0x7f817050b410>,19,27,[8 1],20,-1,47,-1,20
1,<environment.Job instance at 0x7f817050b320>,20,21,[5 3],21,-1,43,-1,22
1,<environment.Job instance at 0x7f817050b820>,22,14,[ 1 10],23,-1,37,-1,23
1,<environment.Job instance at 0x7f817050b870>,24,3,[4 9],25,-1,40,-1,37
1,<environment.Job instance at 0x7f817050b9b0>,26,2,[7 1],27,-1,39,-1,37
1,<environment.Job instance at 0x7f817050b3c0>,27,23,[ 1 10],28,-1,60,-1,37
1,<environment.Job instance at 0x7f817050bb90>,29,14,[11  4],30,-1,63,-1,49
1,<environment.Job instance at 0x7f817050bc30>,30,28,[ 1 10],31,-1,77,-1,49
1,<environment.Job instance at 0x7f817050bcd0>,31,15,[ 3 10],32,-1,64,-1,49
1,<environment.Job instance at 0x7f817050bd70>,32,2,[3 6],33,-1,51,-1,49
1,<environment.Job instance at 0x7f817050beb0>,34,14,[5 3],35,-1,64,-1,50
1,<environment.Job instance at 0x7f817050baf0>,35,2,[5 8],36,-1,52,-1,50
1,<environment.Job instance at 0x7f817050b500>,36,1,[ 4 10],37,-1,51,-1,50
1,<environment.Job instance at 0x7f8170503460>,40,2,[5 8],41,-1,71,-1,69
1,<environment.Job instance at 0x7f8170503500>,41,3,[7 4],42,-1,72,-1,69
1,<environment.Job instance at 0x7f81705036e0>,44,1,[4 6],45,-1,85,-1,84
1,<environment.Job instance at 0x7f8170503780>,45,26,[2 8],46,-1,110,-1,84
1,<environment.Job instance at 0x7f8170503820>,46,24,[3 5],47,-1,108,-1,84
1,<environment.Job instance at 0x7f81705038c0>,47,28,[7 2],48,-1,112,-1,84
1,<environment.Job instance at 0x7f8170583a50>,15,17,[13  3],16,-1,44,-1,27
1,<environment.Job instance at 0x7f8170583820>,16,13,[ 3 13],17,-1,40,-1,27
1,<environment.Job instance at 0x7f8170583d20>,17,3,[8 1],18,-1,30,-1,27
1,<environment.Job instance at 0x7f8170583aa0>,20,3,[11  5],21,-1,46,-1,43
1,<environment.Job instance at 0x7f816fbf75a0>,22,2,[ 2 10],23,-1,52,-1,50
1,<environment.Job instance at 0x7f816fbf7870>,25,2,[7 1],26,-1,69,-1,67
1,<environment.Job instance at 0x7f816fbf71e0>,26,1,[5 8],27,-1,68,-1,67
1,<environment.Job instance at 0x7f817095ee60>,1,24,[5 4],2,-1,26,-1,2
1,<environment.Job instance at 0x7f8170205410>,4,2,[ 1 11],5,-1,7,-1,5
1,<environment.Job instance at 0x7f816ff0c0a0>,16,26,[3 5],17,-1,43,-1,17
1,<environment.Job instance at 0x7f816ff0c2d0>,22,17,[9 1],23,-1,64,-1,47
1,<environment.Job instance at 0x7f816fdd3320>,26,16,[ 4 10],27,-1,63,-1,47
1,<environment.Job instance at 0x7f816fdd31e0>,30,3,[7 1],31,-1,80,-1,77
1,<environment.Job instance at 0x7f816fdd3460>,31,3,[6 3],32,-1,80,-1,77
1,<environment.Job instance at 0x7f816fdd3910>,32,18,[5 1],33,-1,95,-1,77
1,<environment.Job instance at 0x7f816fdd3b90>,33,3,[4 5],34,-1,80,-1,77
1,<environment.Job instance at 0x7f816fdd35a0>,34,1,[3 6],35,-1,78,-1,77
1,<environment.Job instance at 0x7f816fdd3be0>,35,2,[5 5],36,-1,79,-1,77
1,<environment.Job instance at 0x7f816fdd36e0>,36,3,[9 3],37,-1,80,-1,77
1,<environment.Job instance at 0x7f816fdd3370>,37,12,[12  4],38,-1,89,-1,77
1,<environment.Job instance at 0x7f816fdd30a0>,38,17,[8 3],39,-1,100,-1,83
1,<environment.Job instance at 0x7f816fb9a7d0>,1,17,[ 3 14],2,-1,19,-1,2
1,<environment.Job instance at 0x7f81705b4b40>,10,1,[3 6],11,-1,14,-1,13
1,<environment.Job instance at 0x7f81701b1550>,13,24,[12  3],14,-1,38,-1,14
1,<environment.Job instance at 0x7f816f756820>,20,1,[6 3],21,-1,33,-1,32
1,<environment.Job instance at 0x7f816f756dc0>,22,17,[13  1],23,-1,49,-1,32
1,<environment.Job instance at 0x7f816fde8460>,24,1,[10  1],25,-1,41,-1,40
1,<environment.Job instance at 0x7f81709582d0>,30,2,[7 2],31,-1,63,-1,61
1,<environment.Job instance at 0x7f8170958820>,34,2,[2 7],35,-1,88,-1,86
1,<environment.Job instance at 0x7f8170958140>,35,1,[7 5],36,-1,87,-1,86
1,<environment.Job instance at 0x7f8170738c30>,7,1,[6 4],8,-1,12,-1,11
1,<environment.Job instance at 0x7f81701807d0>,19,3,[5 3],20,-1,31,-1,28
1,<environment.Job instance at 0x7f816f6d99b0>,21,2,[3 6],22,-1,30,-1,28
1,<environment.Job instance at 0x7f817094f370>,22,24,[13  3],23,-1,52,-1,28
1,<environment.Job instance at 0x7f817094fb90>,24,1,[6 4],25,-1,46,-1,45
1,<environment.Job instance at 0x7f816f6d90f0>,25,13,[ 2 13],26,-1,58,-1,45
1,<environment.Job instance at 0x7f8170c83280>,26,17,[12  2],27,-1,62,-1,45
1,<environment.Job instance at 0x7f816fdbb0f0>,27,28,[7 4],28,-1,73,-1,45
1,<environment.Job instance at 0x7f816fe490f0>,28,17,[ 1 10],29,-1,67,-1,50
1,<environment.Job instance at 0x7f816fd31320>,26,23,[8 1],27,-1,82,-1,59
1,<environment.Job instance at 0x7f816f418730>,27,2,[ 5 14],28,-1,61,-1,59
1,<environment.Job instance at 0x7f816f4e4b40>,28,1,[4 6],29,-1,60,-1,59
1,<environment.Job instance at 0x7f8170263730>,29,3,[10  1],30,-1,62,-1,59
1,<environment.Job instance at 0x7f816f9abe60>,30,1,[3 5],31,-1,60,-1,59
1,<environment.Job instance at 0x7f81704c17d0>,2,17,[ 3 11],3,-1,20,-1,3
1,<environment.Job instance at 0x7f81701236e0>,6,2,[9 4],7,-1,9,-1,7
1,<environment.Job instance at 0x7f817011f190>,8,1,[5 5],9,-1,11,-1,10
1,<environment.Job instance at 0x7f817011faa0>,13,15,[ 3 14],14,-1,35,-1,20
1,<environment.Job instance at 0x7f817011f6e0>,14,2,[10  1],15,-1,22,-1,20
1,<environment.Job instance at 0x7f817011f8c0>,16,1,[ 2 10],17,-1,21,-1,20
1,<environment.Job instance at 0x7f817011f870>,17,1,[7 4],18,-1,21,-1,20
1,<environment.Job instance at 0x7f817011fe60>,18,18,[ 1 10],19,-1,38,-1,20
1,<environment.Job instance at 0x7f817011f2d0>,19,2,[9 2],20,-1,22,-1,20
1,<environment.Job instance at 0x7f817011f730>,20,2,[ 4 10],21,-1,23,-1,21
1,<environment.Job instance at 0x7f81701242d0>,21,27,[2 5],22,-1,49,-1,22
1,<environment.Job instance at 0x7f8170124be0>,22,1,[2 8],23,-1,24,-1,23
1,<environment.Job instance at 0x7f8170124a50>,25,2,[1 8],26,-1,40,-1,38
1,<environment.Job instance at 0x7f8170124870>,26,13,[ 1 10],27,-1,51,-1,38
1,<environment.Job instance at 0x7f8170bd36e0>,4,26,[12  3],5,-1,31,-1,5
1,<environment.Job instance at 0x7f8170bd32d0>,7,24,[4 8],8,-1,38,-1,14
1,<environment.Job instance at 0x7f8170d8b140>,14,1,[8 4],15,-1,16,-1,15
1,<environment.Job instance at 0x7f8170d8b550>,15,1,[9 2],16,-1,17,-1,16
1,<environment.Job instance at 0x7f8170d8ba50>,16,2,[8 5],17,-1,19,-1,17
1,<environment.Job instance at 0x7f8170d8b4b0>,17,3,[4 5],18,-1,26,-1,23
1,<environment.Job instance at 0x7f8170d06be0>,24,1,[10  2],25,-1,26,-1,25
1,<environment.Job instance at 0x7f8179302460>,31,3,[3 8],32,-1,83,-1,80
1,<environment.Job instance at 0x7f8170b8b780>,3,17,[ 1 11],4,-1,21,-1,4
1,<environment.Job instance at 0x7f8179302460>,8,1,[1 7],9,-1,24,-1,23
1,<environment.Job instance at 0x7f8170b8bb90>,14,2,[2 5],15,-1,25,-1,23
1,<environment.Job instance at 0x7f8170b934b0>,20,1,[7 3],21,-1,42,-1,41
1,<environment.Job instance at 0x7f8170b93550>,21,2,[3 8],22,-1,43,-1,41
1,<environment.Job instance at 0x7f8170b93640>,22,28,[7 1],23,-1,69,-1,41
1,<environment.Job instance at 0x7f8170b93780>,23,28,[ 3 10],24,-1,69,-1,41
1,<environment.Job instance at 0x7f8170b93870>,24,1,[6 2],25,-1,42,-1,41
1,<environment.Job instance at 0x7f8170b937d0>,25,17,[ 3 13],26,-1,58,-1,41
1,<environment.Job instance at 0x7f8170b93b40>,29,3,[2 7],30,-1,73,-1,70
1,<environment.Job instance at 0x7f8170b930a0>,30,1,[8 4],31,-1,71,-1,70
1,<environment.Job instance at 0x7f8170b93dc0>,32,3,[5 4],33,-1,73,-1,70
1,<environment.Job instance at 0x7f8170b93e60>,33,2,[5 5],34,-1,72,-1,70
1,<environment.Job instance at 0x7f8170b93f50>,34,3,[10  5],35,-1,73,-1,70
1,<environment.Job instance at 0x7f8170ba7b90>,36,2,[3 8],37,-1,77,-1,75
1,<environment.Job instance at 0x7f8170ba76e0>,37,2,[6 5],38,-1,77,-1,75
1,<environment.Job instance at 0x7f8170ba7780>,38,1,[10  4],39,-1,76,-1,75
1,<environment.Job instance at 0x7f8170ba7c30>,39,3,[ 3 11],40,-1,78,-1,75
1,<environment.Job instance at 0x7f8170b783c0>,10,1,[1 5],11,-1,17,-1,16
1,<environment.Job instance at 0x7f8170b88aa0>,12,3,[8 2],13,-1,34,-1,31
1,<environment.Job instance at 0x7f8170b88780>,16,1,[9 2],17,-1,49,-1,48
1,<environment.Job instance at 0x7f8170b88960>,17,2,[13  2],18,-1,50,-1,48
1,<environment.Job instance at 0x7f8170b88460>,18,2,[3 8],19,-1,50,-1,48
1,<environment.Job instance at 0x7f8170b88690>,19,2,[7 2],20,-1,50,-1,48
1,<environment.Job instance at 0x7f8170b88410>,20,3,[5 3],21,-1,51,-1,48
1,<environment.Job instance at 0x7f8170b88500>,25,2,[4 6],26,-1,91,-1,89
1,<environment.Job instance at 0x7f8170b885f0>,26,3,[14  2],27,-1,92,-1,89
1,<environment.Job instance at 0x7f816f423eb0>,4,2,[4 7],5,-1,8,-1,6
1,<environment.Job instance at 0x7f816fde1140>,21,15,[12  5],22,-1,56,-1,41
1,<environment.Job instance at 0x7f816fde1730>,26,3,[7 5],27,-1,66,-1,63
1,<environment.Job instance at 0x7f816fde1640>,28,3,[9 4],29,-1,66,-1,63
1,<environment.Job instance at 0x7fec1e519e60>,16,15,[ 1 11],17,-1,56,-1,41
1,<environment.Job instance at 0x7fec1e519fa0>,17,2,[3 5],18,-1,43,-1,41
1,<environment.Job instance at 0x7fec1e51b0f0>,19,2,[5 5],20,-1,48,-1,46
1,<environment.Job instance at 0x7fec1e51b3c0>,21,1,[6 4],22,-1,61,-1,60
1,<environment.Job instance at 0x7fec1e51b280>,22,1,[12  1],23,-1,61,-1,60
1,<environment.Job instance at 0x7fec1e51b500>,23,16,[ 1 11],24,-1,76,-1,60
1,<environment.Job instance at 0x7fec1e51b410>,24,2,[6 5],25,-1,62,-1,60
1,<environment.Job instance at 0x7fec1e51b690>,25,1,[9 2],26,-1,61,-1,60
1,<environment.Job instance at 0x7fec1e51b910>,28,2,[ 3 10],29,-1,62,-1,60
1,<environment.Job instance at 0x7fec1e51ba50>,30,3,[6 5],31,-1,81,-1,78
1,<environment.Job instance at 0x7fec1e51bb90>,32,1,[5 6],33,-1,79,-1,78
1,<environment.Job instance at 0x7fec1e51be10>,35,1,[9 1],36,-1,95,-1,94
1,<environment.Job instance at 0x7fec1e8c71e0>,6,1,[ 4 10],7,-1,8,-1,7
1,<environment.Job instance at 0x7fec1e8c7b90>,12,26,[2 7],13,-1,45,-1,19
1,<environment.Job instance at 0x7fec1e8c7dc0>,13,2,[9 2],14,-1,21,-1,19
1,<environment.Job instance at 0x7fec1e096d70>,14,12,[ 2 10],15,-1,32,-1,20
1,<environment.Job instance at 0x7fec1db86190>,16,1,[8 4],17,-1,21,-1,20
1,<environment.Job instance at 0x7fec1dc3b410>,17,3,[4 8],18,-1,23,-1,20
1,<environment.Job instance at 0x7fec1de64b40>,19,3,[3 5],20,-1,24,-1,21
1,<environment.Job instance at 0x7fec1e03b190>,21,1,[1 9],22,-1,36,-1,35
1,<environment.Job instance at 0x7fec1dc38870>,9,27,[5 4],10,-1,37,-1,10
1,<environment.Job instance at 0x7fec1dc38be0>,10,1,[7 4],11,-1,12,-1,11
1,<environment.Job instance at 0x7fec1dc38b40>,17,2,[1 8],18,-1,38,-1,36
1,<environment.Job instance at 0x7fec1dc3aaf0>,18,2,[4 8],19,-1,38,-1,36
1,<environment.Job instance at 0x7fec1dc3a2d0>,19,25,[10  1],20,-1,61,-1,36
1,<environment.Job instance at 0x7fec1dc3a730>,23,2,[ 3 14],24,-1,66,-1,64
1,<environment.Job instance at 0x7fec1dc3aa00>,24,1,[10  1],25,-1,65,-1,64
1,<environment.Job instance at 0x7fec1dc3a7d0>,28,3,[5 3],29,-1,85,-1,82
1,<environment.Job instance at 0x7fec1dc3a8c0>,29,2,[2 8],30,-1,84,-1,82
1,<environment.Job instance at 0x7fec1dc3aaa0>,30,23,[ 3 10],31,-1,105,-1,82
1,<environment.Job instance at 0x7fec1dc3a870>,31,16,[14  5],32,-1,98,-1,82
1,<environment.Job instance at 0x7fec1dc3a820>,33,3,[2 5],34,-1,87,-1,84
1,<environment.Job instance at 0x7fec1dc3ae60>,34,2,[14  4],35,-1,86,-1,84
1,<environment.Job instance at 0x7fec1dc3abe0>,35,12,[10  1],36,-1,96,-1,84
1,<environment.Job instance at 0x7fec1dc3bd70>,36,1,[5 5],37,-1,85,-1,84
1,<environment.Job instance at 0x7fec1dc3bf00>,38,1,[13  1],39,-1,95,-1,94
1,<environment.Job instance at 0x7fec1dc3bc30>,39,12,[14  2],40,-1,106,-1,94
1,<environment.Job instance at 0x7fec1dc3b870>,40,2,[7 2],41,-1,96,-1,94
1,<environment.Job instance at 0x7fec1dc3b820>,42,2,[9 4],43,-1,101,-1,99
1,<environment.Job instance at 0x7fec1dc3b730>,43,3,[1 9],44,-1,102,-1,99
1,<environment.Job instance at 0x7fec1dc3b0f0>,44,3,[5 1],45,-1,102,-1,99
1,<environment.Job instance at 0x7fec1e196cd0>,5,16,[ 3 12],6,-1,22,-1,6
1,<environment.Job instance at 0x7fec1df26780>,13,14,[12  3],14,-1,35,-1,21
1,<environment.Job instance at 0x7fec1e19a820>,14,2,[8 4],15,-1,23,-1,21
1,<environment.Job instance at 0x7fec1e19a2d0>,15,3,[6 3],16,-1,24,-1,21
1,<environment.Job instance at 0x7fec1e19a5f0>,16,25,[2 7],17,-1,46,-1,21
1,<environment.Job instance at 0x7fec1e19a190>,17,3,[ 5 10],18,-1,24,-1,21
1,<environment.Job instance at 0x7fec1e19ae10>,18,1,[6 2],19,-1,22,-1,21
1,<environment.Job instance at 0x7fec1e19a550>,19,14,[ 3 10],20,-1,46,-1,32
1,<environment.Job instance at 0x7fec1dc04550>,23,13,[9 4],24,-1,47,-1,34
1,<environment.Job instance at 0x7fec1dc250f0>,41,3,[1 5],42,-1,95,-1,92
1,<environment.Job instance at 0x7fec1dba8050>,42,3,[8 5],43,-1,95,-1,92
1,<environment.Job instance at 0x7fec1dba8500>,43,27,[9 5],44,-1,119,-1,92
1,<environment.Job instance at 0x7fec1dba8370>,44,14,[10  1],45,-1,112,-1,98
1,<environment.Job instance at 0x7fec1dba8550>,45,17,[14  2],46,-1,115,-1,98
1,<environment.Job instance at 0x7fec1dba87d0>,46,2,[7 1],47,-1,100,-1,98
1,<environment.Job instance at 0x7fec1dba8640>,47,2,[ 3 12],48,-1,100,-1,98
1,<environment.Job instance at 0x7fec1dba8280>,48,24,[5 8],49,-1,122,-1,98
1,<environment.Job instance at 0x7fec1dba8820>,49,1,[2 9],50,-1,99,-1,98
1,<environment.Job instance at 0x7fec1dba8b90>,50,27,[3 7],51,-1,125,-1,98
1,<environment.Job instance at 0x7fec1dbd9c80>,51,17,[ 3 14],52,-1,115,-1,98
1,<environment.Job instance at 0x7fec1dbd9be0>,52,1,[8 3],53,-1,99,-1,98
1,<environment.Job instance at 0x7fec1dbd95a0>,53,2,[ 1 11],54,-1,100,-1,98
1,<environment.Job instance at 0x7fec1dbd9aa0>,55,1,[8 2],56,-1,99,-1,98
1,<environment.Job instance at 0x7fec1ebeb1e0>,6,15,[ 5 14],7,-1,22,-1,7
1,<environment.Job instance at 0x7fec1ec0f820>,8,26,[3 8],9,-1,35,-1,9
1,<environment.Job instance at 0x7fec1ec08eb0>,22,16,[12  1],23,-1,62,-1,46
1,<environment.Job instance at 0x7fec1ec08140>,23,3,[1 5],24,-1,49,-1,46
1,<environment.Job instance at 0x7fec1ec08910>,25,15,[ 1 10],26,-1,86,-1,71
1,<environment.Job instance at 0x7fec1db1c640>,30,12,[ 5 13],31,-1,93,-1,81
1,<environment.Job instance at 0x7fec1ebfd8c0>,31,2,[2 8],32,-1,83,-1,81
1,<environment.Job instance at 0x7fec1dd38be0>,32,3,[7 4],33,-1,84,-1,81
1,<environment.Job instance at 0x7fec1e48a190>,33,15,[ 1 10],34,-1,98,-1,83
1,<environment.Job instance at 0x7fec1db36af0>,34,2,[ 4 10],35,-1,85,-1,83
1,<environment.Job instance at 0x7fec1de5f5f0>,35,17,[12  2],36,-1,100,-1,83
1,<environment.Job instance at 0x7fec1db67230>,36,3,[2 9],37,-1,86,-1,83
1,<environment.Job instance at 0x7fec1e97b820>,40,3,[9 1],41,-1,100,-1,97
1,<environment.Job instance at 0x7fec1db04050>,42,1,[5 3],43,-1,98,-1,97
1,<environment.Job instance at 0x7fec1e911c80>,7,1,[2 8],8,-1,24,-1,23
1,<environment.Job instance at 0x7fec1e911fa0>,12,26,[5 5],13,-1,49,-1,23
1,<environment.Job instance at 0x7fec1e9111e0>,21,28,[6 2],22,-1,68,-1,40
1,<environment.Job instance at 0x7fec1e911e10>,22,2,[6 2],23,-1,42,-1,40
1,<environment.Job instance at 0x7fec1e911c30>,23,2,[1 8],24,-1,42,-1,40
1,<environment.Job instance at 0x7fec1e911640>,24,1,[5 4],25,-1,41,-1,40
1,<environment.Job instance at 0x7fec1e910550>,25,3,[ 5 10],26,-1,43,-1,40
1,<environment.Job instance at 0x7fec1e910140>,26,26,[5 4],27,-1,66,-1,40
1,<environment.Job instance at 0x7fec1e910a50>,27,3,[1 9],28,-1,43,-1,40
1,<environment.Job instance at 0x7fec1e9105a0>,28,3,[5 2],29,-1,43,-1,40
1,<environment.Job instance at 0x7fec1e9104b0>,30,1,[5 8],31,-1,49,-1,48
1,<environment.Job instance at 0x7fec1e910d20>,31,18,[ 2 14],32,-1,66,-1,48
1,<environment.Job instance at 0x7fec1e910500>,32,17,[ 4 13],33,-1,65,-1,48
1,<environment.Job instance at 0x7fec1e910320>,33,25,[7 3],34,-1,73,-1,48
1,<environment.Job instance at 0x7fec1e910e60>,36,3,[10  1],37,-1,70,-1,67
1,<environment.Job instance at 0x7fec1e910870>,41,13,[12  2],42,-1,107,-1,94
1,<environment.Job instance at 0x7fec1e9100a0>,42,1,[4 6],43,-1,95,-1,94
1,<environment.Job instance at 0x7fec1e910e10>,44,1,[7 3],45,-1,95,-1,94
1,<environment.Job instance at 0x7fec1e910050>,45,3,[13  3],46,-1,97,-1,94
1,<environment.Job instance at 0x7fec1f053550>,9,3,[8 1],10,-1,14,-1,11
1,<environment.Job instance at 0x7fec1db1d640>,15,1,[8 2],16,-1,41,-1,40
1,<environment.Job instance at 0x7fec1db1df00>,16,13,[ 4 14],17,-1,53,-1,40
1,<environment.Job instance at 0x7fec1db1d8c0>,17,1,[9 5],18,-1,41,-1,40
1,<environment.Job instance at 0x7fec1dc07aa0>,8,12,[ 4 12],9,-1,21,-1,9
1,<environment.Job instance at 0x7fec1e1390a0>,13,1,[6 4],14,-1,16,-1,15
1,<environment.Job instance at 0x7fec1dc0a9b0>,15,1,[4 6],16,-1,17,-1,16
1,<environment.Job instance at 0x7fec1e434e60>,21,14,[ 1 10],22,-1,41,-1,27
1,<environment.Job instance at 0x7fec1dc0a910>,22,2,[5 8],23,-1,29,-1,27
1,<environment.Job instance at 0x7fec1dc0a730>,23,3,[9 1],24,-1,30,-1,27
1,<environment.Job instance at 0x7fec1dc2bbe0>,24,3,[1 8],25,-1,30,-1,27
1,<environment.Job instance at 0x7fec1e4e45a0>,31,1,[5 5],32,-1,78,-1,77
1,<environment.Job instance at 0x7fec1e4e4d70>,32,2,[8 5],33,-1,79,-1,77
1,<environment.Job instance at 0x7fec1e244730>,36,1,[ 4 14],37,-1,92,-1,91
1,<environment.Job instance at 0x7fec1f0eb0f0>,37,2,[8 4],38,-1,93,-1,91
1,<environment.Job instance at 0x7fec1e25b140>,23,2,[5 8],24,-1,70,-1,68
1,<environment.Job instance at 0x7fec1dc7e4b0>,15,17,[13  3],16,-1,53,-1,36
1,<environment.Job instance at 0x7fec1dc7e370>,16,13,[ 3 13],17,-1,49,-1,36
1,<environment.Job instance at 0x7fec1e3343c0>,17,3,[8 1],18,-1,39,-1,36
1,<environment.Job instance at 0x7fec1dc7e0f0>,20,3,[11  5],21,-1,51,-1,48
1,<environment.Job instance at 0x7fec1e801aa0>,21,16,[ 3 10],22,-1,67,-1,51
1,<environment.Job instance at 0x7fec1e95f410>,25,2,[7 1],26,-1,53,-1,51
1,<environment.Job instance at 0x7fec1dc79b90>,26,1,[5 8],27,-1,52,-1,51
1,<environment.Job instance at 0x7fec1dc79140>,27,15,[10  2],28,-1,90,-1,75
1,<environment.Job instance at 0x7fec1ed796e0>,33,2,[2 8],34,-1,81,-1,79
1,<environment.Job instance at 0x7fec1e3c0b40>,35,22,[4 5],36,-1,114,-1,92
1,<environment.Job instance at 0x7fec1e3f2b40>,36,3,[6 2],37,-1,95,-1,92
1,<environment.Job instance at 0x7fec1f037140>,37,13,[6 1],38,-1,105,-1,92
1,<environment.Job instance at 0x7fec1f054140>,42,3,[ 3 10],43,-1,99,-1,96
1,<environment.Job instance at 0x7fec1ed64d70>,43,20,[ 2 11],44,-1,116,-1,96
1,<environment.Job instance at 0x7fec1e95da50>,44,2,[8 1],45,-1,98,-1,96
1,<environment.Job instance at 0x7fec1ed77f50>,45,3,[5 4],46,-1,99,-1,96
1,<environment.Job instance at 0x7fec1dc92910>,46,1,[7 1],47,-1,97,-1,96
1,<environment.Job instance at 0x7fec1dc92280>,47,12,[ 3 12],48,-1,108,-1,96
1,<environment.Job instance at 0x7fec1dc92640>,48,24,[9 2],49,-1,120,-1,96
1,<environment.Job instance at 0x7fec1e19e460>,9,17,[ 2 14],10,-1,27,-1,10
1,<environment.Job instance at 0x7fec1dbdf2d0>,13,26,[5 4],14,-1,40,-1,14
1,<environment.Job instance at 0x7fec1dbdf370>,14,13,[ 5 14],15,-1,28,-1,15
1,<environment.Job instance at 0x7fec1dbdf820>,20,3,[7 1],21,-1,32,-1,29
1,<environment.Job instance at 0x7fec1dbdfdc0>,21,3,[6 3],22,-1,32,-1,29
1,<environment.Job instance at 0x7fec1dbdf6e0>,23,3,[4 5],24,-1,32,-1,29
1,<environment.Job instance at 0x7fec1dbdfeb0>,25,2,[5 5],26,-1,33,-1,31
1,<environment.Job instance at 0x7fec1dbdf640>,26,3,[9 3],27,-1,34,-1,31
1,<environment.Job instance at 0x7fec1dbdf320>,27,12,[12  4],28,-1,43,-1,31
1,<environment.Job instance at 0x7fec1ee035a0>,29,22,[9 3],30,-1,101,-1,79
1,<environment.Job instance at 0x7fec1d991050>,4,1,[10  1],5,-1,6,-1,5
1,<environment.Job instance at 0x7fec1d991eb0>,10,2,[7 2],11,-1,14,-1,12
1,<environment.Job instance at 0x7fec1d979370>,20,3,[ 3 14],21,-1,30,-1,27
1,<environment.Job instance at 0x7fec1d9790a0>,21,1,[4 5],22,-1,28,-1,27
1,<environment.Job instance at 0x7fec1d9797d0>,22,13,[13  2],23,-1,40,-1,27
1,<environment.Job instance at 0x7fec1d9790f0>,23,28,[2 8],24,-1,55,-1,27
1,<environment.Job instance at 0x7fec1d9f5b90>,25,1,[3 5],26,-1,28,-1,27
1,<environment.Job instance at 0x7fec1d9f5870>,28,3,[ 4 10],29,-1,47,-1,44
1,<environment.Job instance at 0x7fec1d9f5280>,30,3,[5 8],31,-1,49,-1,46
1,<environment.Job instance at 0x7fec1d9f5eb0>,31,2,[6 5],32,-1,48,-1,46
1,<environment.Job instance at 0x7fec1d9f55a0>,32,1,[5 9],33,-1,47,-1,46
1,<environment.Job instance at 0x7fec1d9f5cd0>,33,2,[6 4],34,-1,48,-1,46
1,<environment.Job instance at 0x7fec1d9f5730>,34,3,[ 4 10],35,-1,49,-1,46
1,<environment.Job instance at 0x7fec1d9f5320>,35,3,[11  4],36,-1,49,-1,46
1,<environment.Job instance at 0x7fec1d9f5aa0>,38,12,[2 9],39,-1,71,-1,59
1,<environment.Job instance at 0x7fec1d9f56e0>,39,14,[ 3 10],40,-1,73,-1,59
1,<environment.Job instance at 0x7fec1d94a2d0>,45,1,[10  5],46,-1,94,-1,93
1,<environment.Job instance at 0x7fec1d94a870>,46,2,[7 3],47,-1,95,-1,93
1,<environment.Job instance at 0x7fec1d94a5f0>,47,3,[1 9],48,-1,96,-1,93
1,<environment.Job instance at 0x7fec1d94a5f0>,6,3,[ 1 10],7,-1,11,-1,8
1,<environment.Job instance at 0x7fec1e4b35a0>,11,3,[6 4],12,-1,24,-1,21
1,<environment.Job instance at 0x7fec1e4b3cd0>,15,2,[13  1],16,-1,23,-1,21
1,<environment.Job instance at 0x7fec1e4b34b0>,16,3,[3 8],17,-1,24,-1,21
1,<environment.Job instance at 0x7fec1de2daf0>,21,3,[ 5 10],22,-1,38,-1,35
1,<environment.Job instance at 0x7fec1de2dd20>,24,2,[1 9],25,-1,43,-1,41
1,<environment.Job instance at 0x7fec1de2d730>,26,2,[6 2],27,-1,44,-1,42
1,<environment.Job instance at 0x7fec1de2d190>,27,14,[14  4],28,-1,56,-1,42
1,<environment.Job instance at 0x7fec1de2da00>,28,3,[6 4],29,-1,45,-1,42
1,<environment.Job instance at 0x7fec1e6370f0>,8,2,[10  1],9,-1,12,-1,10
1,<environment.Job instance at 0x7fec1e637460>,10,3,[5 7],11,-1,14,-1,11
1,<environment.Job instance at 0x7fec1e637190>,11,2,[6 1],12,-1,14,-1,12
1,<environment.Job instance at 0x7fec1e637640>,18,1,[5 8],19,-1,24,-1,23
1,<environment.Job instance at 0x7fec1e6372d0>,19,28,[6 1],20,-1,51,-1,23
1,<environment.Job instance at 0x7fec1e6375f0>,20,1,[ 1 14],21,-1,24,-1,23
1,<environment.Job instance at 0x7fec1e84b6e0>,21,2,[1 9],22,-1,25,-1,23
1,<environment.Job instance at 0x7fec1e84bf50>,22,3,[5 8],23,-1,26,-1,23
1,<environment.Job instance at 0x7fec1e84b1e0>,23,1,[7 1],24,-1,25,-1,24
1,<environment.Job instance at 0x7fec1db9ebe0>,7,13,[13  3],8,-1,21,-1,8
1,<environment.Job instance at 0x7fec1eb680f0>,21,1,[1 9],22,-1,44,-1,43
1,<environment.Job instance at 0x7fec1eb68910>,23,2,[12  4],24,-1,45,-1,43
1,<environment.Job instance at 0x7fec1e045140>,26,3,[10  3],27,-1,63,-1,60
1,<environment.Job instance at 0x7fec1e0456e0>,27,12,[11  1],28,-1,72,-1,60
1,<environment.Job instance at 0x7fec1e0455a0>,28,2,[2 8],29,-1,62,-1,60
1,<environment.Job instance at 0x7fec1e045550>,29,1,[ 2 10],30,-1,61,-1,60
1,<environment.Job instance at 0x7fec1e045dc0>,30,12,[10  1],31,-1,73,-1,61
1,<environment.Job instance at 0x7fec1e045640>,31,3,[7 5],32,-1,64,-1,61
1,<environment.Job instance at 0x7fec1e045f00>,32,1,[7 2],33,-1,62,-1,61
1,<environment.Job instance at 0x7fec1e045f50>,34,27,[4 9],35,-1,96,-1,69
1,<environment.Job instance at 0x7fec1dd03f00>,38,2,[3 6],39,-1,79,-1,77
1,<environment.Job instance at 0x7fec1e42dd70>,14,1,[10  1],15,-1,24,-1,23
1,<environment.Job instance at 0x7fec1e42d190>,15,12,[ 3 10],16,-1,37,-1,25
1,<environment.Job instance at 0x7fec1e42daa0>,16,2,[ 4 10],17,-1,27,-1,25
1,<environment.Job instance at 0x7fec1e6c6780>,17,3,[4 5],18,-1,28,-1,25
1,<environment.Job instance at 0x7fec1e6c6dc0>,19,3,[1 6],20,-1,44,-1,41
1,<environment.Job instance at 0x7fec1dc0bfa0>,17,18,[13  1],18,-1,52,-1,34
1,<environment.Job instance at 0x7fec1dc0b910>,19,2,[5 8],20,-1,38,-1,36
1,<environment.Job instance at 0x7fec1dc0b7d0>,20,2,[5 7],21,-1,38,-1,36
1,<environment.Job instance at 0x7fec1dc0b1e0>,21,15,[ 4 11],22,-1,51,-1,36
1,<environment.Job instance at 0x7fec1e6fd7d0>,12,3,[14  5],13,-1,25,-1,22
1,<environment.Job instance at 0x7fec1dfa6af0>,13,1,[2 5],14,-1,23,-1,22
1,<environment.Job instance at 0x7fec1dfa6960>,14,2,[4 7],15,-1,25,-1,23
1,<environment.Job instance at 0x7fec1dfa6500>,15,2,[5 5],16,-1,25,-1,23
1,<environment.Job instance at 0x7fec1dfa6e60>,19,2,[3 7],20,-1,69,-1,67
1,<environment.Job instance at 0x7fec1dfa6f00>,23,1,[5 6],24,-1,85,-1,84
1,<environment.Job instance at 0x7fec1dfa6690>,24,3,[8 4],25,-1,90,-1,87
1,<environment.Job instance at 0x7fec1dfa6780>,25,2,[9 3],26,-1,89,-1,87
1,<environment.Job instance at 0x7fec1dfa6e10>,26,2,[4 6],27,-1,89,-1,87
1,<environment.Job instance at 0x7fec1dfa6190>,27,2,[3 7],28,-1,89,-1,87
1,<environment.Job instance at 0x7fec1d944a00>,31,15,[12  5],32,-1,112,-1,97
1,<environment.Job instance at 0x7fec1dd41500>,17,1,[8 3],18,-1,23,-1,22
1,<environment.Job instance at 0x7fec1dd416e0>,18,1,[5 5],19,-1,23,-1,22
1,<environment.Job instance at 0x7fec1dd41e60>,19,25,[10  3],20,-1,47,-1,22
1,<environment.Job instance at 0x7fec1dd40190>,20,2,[1 9],21,-1,24,-1,22
1,<environment.Job instance at 0x7fec1dd40af0>,22,3,[10  3],23,-1,31,-1,28
1,<environment.Job instance at 0x7fec1dd40e60>,25,22,[11  2],26,-1,61,-1,39
1,<environment.Job instance at 0x7fec1dd405f0>,27,18,[ 3 11],28,-1,66,-1,48
1,<environment.Job instance at 0x7fec1dd40370>,28,1,[9 2],29,-1,49,-1,48
1,<environment.Job instance at 0x7fec1dd40550>,29,3,[5 8],30,-1,51,-1,48
1,<environment.Job instance at 0x7fec1dd405a0>,30,27,[5 7],31,-1,75,-1,48
1,<environment.Job instance at 0x7fec1e64f3c0>,14,3,[10  5],15,-1,24,-1,21
1,<environment.Job instance at 0x7fec1e64f500>,17,13,[ 5 11],18,-1,46,-1,33
1,<environment.Job instance at 0x7fec1e64f6e0>,19,3,[ 5 12],20,-1,49,-1,46
1,<environment.Job instance at 0x7fec1e64faa0>,23,3,[8 1],24,-1,67,-1,64
1,<environment.Job instance at 0x7fec1e64fd20>,27,26,[1 8],28,-1,112,-1,86
1,<environment.Job instance at 0x7f51f188c6e0>,4,1,[5 6],5,-1,6,-1,5
1,<environment.Job instance at 0x7f51f188c500>,6,1,[9 5],7,-1,8,-1,7
1,<environment.Job instance at 0x7f51f188ce60>,16,15,[ 1 11],17,-1,51,-1,36
1,<environment.Job instance at 0x7f51f188cf50>,17,2,[3 5],18,-1,38,-1,36
1,<environment.Job instance at 0x7f51f188e050>,19,2,[5 5],20,-1,40,-1,38
1,<environment.Job instance at 0x7f51f188e190>,21,1,[6 4],22,-1,54,-1,53
1,<environment.Job instance at 0x7f51f188e410>,22,1,[12  1],23,-1,54,-1,53
1,<environment.Job instance at 0x7f51f188e500>,23,16,[ 1 11],24,-1,69,-1,53
1,<environment.Job instance at 0x7f51f188e3c0>,24,2,[6 5],25,-1,55,-1,53
1,<environment.Job instance at 0x7f51f188e370>,25,1,[9 2],26,-1,54,-1,53
1,<environment.Job instance at 0x7f51f188e460>,27,13,[11  4],28,-1,69,-1,56
1,<environment.Job instance at 0x7f51f188e640>,28,2,[ 3 10],29,-1,58,-1,56
1,<environment.Job instance at 0x7f51f188e9b0>,32,1,[5 6],33,-1,59,-1,58
1,<environment.Job instance at 0x7f51f188ee10>,37,2,[8 4],38,-1,83,-1,81
1,<environment.Job instance at 0x7f51f188eeb0>,39,1,[2 7],40,-1,84,-1,83
1,<environment.Job instance at 0x7f51f18921e0>,41,23,[10  4],42,-1,121,-1,98
1,<environment.Job instance at 0x7f51f20537d0>,18,2,[7 2],19,-1,32,-1,30
1,<environment.Job instance at 0x7f51f2053960>,19,3,[11  5],20,-1,33,-1,30
1,<environment.Job instance at 0x7f51f2053e60>,20,1,[4 7],21,-1,31,-1,30
1,<environment.Job instance at 0x7f51f20539b0>,21,17,[5 9],22,-1,63,-1,46
1,<environment.Job instance at 0x7f51f135d690>,25,23,[1 5],26,-1,69,-1,46
1,<environment.Job instance at 0x7f51f1359f00>,27,18,[7 1],28,-1,67,-1,49
1,<environment.Job instance at 0x7f51f1228fa0>,28,27,[8 5],29,-1,76,-1,49
1,<environment.Job instance at 0x7f51f1349e60>,29,17,[14  2],30,-1,66,-1,49
1,<environment.Job instance at 0x7f51f129f640>,30,12,[11  1],31,-1,61,-1,49
1,<environment.Job instance at 0x7f51f129fd20>,31,1,[7 3],32,-1,50,-1,49
1,<environment.Job instance at 0x7f51f1356140>,32,1,[2 7],33,-1,50,-1,49
1,<environment.Job instance at 0x7f51f1356500>,34,3,[7 1],35,-1,56,-1,53
1,<environment.Job instance at 0x7f51f0eeb2d0>,35,1,[10  4],36,-1,54,-1,53
1,<environment.Job instance at 0x7f51f0f05b90>,36,25,[ 4 10],37,-1,78,-1,53
1,<environment.Job instance at 0x7f51f129cd20>,37,1,[4 9],38,-1,54,-1,53
1,<environment.Job instance at 0x7f51f13a4730>,39,3,[8 4],40,-1,69,-1,66
1,<environment.Job instance at 0x7f51f13a4c30>,40,12,[4 8],41,-1,78,-1,66
1,<environment.Job instance at 0x7f51f1332730>,43,14,[13  1],44,-1,95,-1,81
1,<environment.Job instance at 0x7f51f13cccd0>,50,3,[ 5 12],51,-1,111,-1,108
1,<environment.Job instance at 0x7f51f132d050>,51,2,[ 2 10],52,-1,110,-1,108
1,<environment.Job instance at 0x7f51f137f870>,52,1,[5 2],53,-1,109,-1,108
1,<environment.Job instance at 0x7f51f0f38820>,3,2,[ 3 14],4,-1,6,-1,4
1,<environment.Job instance at 0x7f51f0f384b0>,4,1,[10  1],5,-1,6,-1,5
1,<environment.Job instance at 0x7f51f0f38640>,9,2,[2 8],10,-1,12,-1,10
1,<environment.Job instance at 0x7f51f0f383c0>,10,23,[ 3 10],11,-1,34,-1,11
1,<environment.Job instance at 0x7f51f0f385f0>,11,16,[14  5],12,-1,28,-1,12
1,<environment.Job instance at 0x7f51f0f389b0>,13,3,[2 5],14,-1,17,-1,14
1,<environment.Job instance at 0x7f51f0f38d70>,14,2,[14  4],15,-1,17,-1,15
1,<environment.Job instance at 0x7f51f0f38140>,15,12,[10  1],16,-1,41,-1,29
1,<environment.Job instance at 0x7f51f0f7de10>,22,2,[9 4],23,-1,31,-1,29
1,<environment.Job instance at 0x7f51f0f7d5a0>,23,3,[1 9],24,-1,32,-1,29
1,<environment.Job instance at 0x7f51f0f7d190>,24,3,[5 1],25,-1,32,-1,29
1,<environment.Job instance at 0x7f51f0f7d9b0>,26,1,[1 5],27,-1,40,-1,39
1,<environment.Job instance at 0x7f51f0f7df00>,27,21,[ 1 10],28,-1,92,-1,71
1,<environment.Job instance at 0x7f51f0f7d500>,37,3,[5 5],38,-1,74,-1,71
1,<environment.Job instance at 0x7f51f0f7d640>,38,3,[8 2],39,-1,74,-1,71
1,<environment.Job instance at 0x7f51f0f42b40>,39,12,[14  3],40,-1,83,-1,71
1,<environment.Job instance at 0x7f51f0f42be0>,40,25,[2 7],41,-1,96,-1,71
1,<environment.Job instance at 0x7f51f1c6ca00>,44,25,[4 7],45,-1,112,-1,87
1,<environment.Job instance at 0x7f51f1c6ce10>,45,1,[8 4],46,-1,88,-1,87
1,<environment.Job instance at 0x7f51f1d9a3c0>,46,1,[6 1],47,-1,88,-1,87
1,<environment.Job instance at 0x7f51f1023280>,7,2,[2 8],8,-1,10,-1,8
1,<environment.Job instance at 0x7f51f1292820>,8,2,[ 2 10],9,-1,12,-1,10
1,<environment.Job instance at 0x7f51f17d0190>,10,14,[8 5],11,-1,70,-1,56
1,<environment.Job instance at 0x7f51f13aef00>,21,17,[ 3 14],22,-1,73,-1,56
1,<environment.Job instance at 0x7f51f0fd6640>,22,1,[8 3],23,-1,57,-1,56
1,<environment.Job instance at 0x7f51f140fb40>,23,2,[ 1 11],24,-1,58,-1,56
1,<environment.Job instance at 0x7f51f1349050>,24,14,[6 3],25,-1,70,-1,56
1,<environment.Job instance at 0x7f51f13b08c0>,25,1,[8 2],26,-1,57,-1,56
1,<environment.Job instance at 0x7f51f1343190>,26,12,[4 6],27,-1,68,-1,56
1,<environment.Job instance at 0x7f51f1515e60>,27,19,[13  2],28,-1,75,-1,56
1,<environment.Job instance at 0x7f51f0f38910>,29,2,[2 7],30,-1,64,-1,62
1,<environment.Job instance at 0x7f51f151b6e0>,30,13,[4 8],31,-1,75,-1,62
1,<environment.Job instance at 0x7f51f1905f50>,31,3,[3 9],32,-1,65,-1,62
1,<environment.Job instance at 0x7f51fac50fa0>,32,18,[ 4 10],33,-1,80,-1,62
1,<environment.Job instance at 0x7f51f0ef4960>,36,3,[5 4],37,-1,81,-1,78
1,<environment.Job instance at 0x7f51f0ef41e0>,37,12,[5 7],38,-1,90,-1,78
1,<environment.Job instance at 0x7f51f1f3d960>,43,20,[ 5 10],44,-1,120,-1,100
1,<environment.Job instance at 0x7f51f1f3d320>,44,13,[10  4],45,-1,117,-1,104
1,<environment.Job instance at 0x7f51f1f3d9b0>,47,16,[5 1],48,-1,120,-1,104
1,<environment.Job instance at 0x7f51f1f3da00>,48,1,[5 3],49,-1,105,-1,104
1,<environment.Job instance at 0x7f51f1f3dc80>,49,2,[6 1],50,-1,106,-1,104
1,<environment.Job instance at 0x7f51f1f3d690>,50,3,[4 6],51,-1,107,-1,104
1,<environment.Job instance at 0x7f51f1f3db40>,51,1,[ 3 11],52,-1,105,-1,104
1,<environment.Job instance at 0x7f51f1329230>,52,2,[4 9],53,-1,106,-1,104
1,<environment.Job instance at 0x7f51f12e5d20>,4,27,[7 2],5,-1,32,-1,5
1,<environment.Job instance at 0x7f51f12a9960>,9,19,[13  2],10,-1,29,-1,10
1,<environment.Job instance at 0x7f51f15ad0a0>,12,16,[14  3],13,-1,125,-1,109
1,<environment.Job instance at 0x7f51f123bf50>,25,2,[1 6],26,-1,111,-1,109
1,<environment.Job instance at 0x7f51f123b910>,27,3,[14  4],28,-1,112,-1,109
1,<environment.Job instance at 0x7f51f123b8c0>,28,13,[14  1],29,-1,122,-1,109
1,<environment.Job instance at 0x7f51f123baa0>,29,2,[1 8],30,-1,111,-1,109
1,<environment.Job instance at 0x7f51f123b460>,30,22,[4 7],31,-1,131,-1,109
1,<environment.Job instance at 0x7f51f0e47500>,9,3,[9 3],10,-1,13,-1,10
1,<environment.Job instance at 0x7f51f0e47b40>,10,1,[9 2],11,-1,12,-1,11
1,<environment.Job instance at 0x7f51f0e47aa0>,22,3,[5 5],23,-1,65,-1,62
1,<environment.Job instance at 0x7f51f0ecb280>,27,15,[ 2 12],28,-1,110,-1,95
1,<environment.Job instance at 0x7f51f0ecbe60>,28,3,[6 3],29,-1,98,-1,95
1,<environment.Job instance at 0x7f51f1f71f50>,6,2,[9 4],7,-1,10,-1,8
1,<environment.Job instance at 0x7f51f1f86690>,12,1,[8 2],13,-1,14,-1,13
1,<environment.Job instance at 0x7f51f1f86d20>,17,1,[5 4],18,-1,48,-1,47
1,<environment.Job instance at 0x7f51f1f6ae60>,18,2,[3 6],19,-1,49,-1,47
1,<environment.Job instance at 0x7f51f1f6a780>,20,28,[2 8],21,-1,76,-1,48
1,<environment.Job instance at 0x7f51f1f6ac30>,22,3,[ 4 14],23,-1,68,-1,65
1,<environment.Job instance at 0x7f51f1f6a4b0>,23,13,[ 1 13],24,-1,78,-1,65
1,<environment.Job instance at 0x7f51f1f6a500>,24,1,[10  3],25,-1,66,-1,65
1,<environment.Job instance at 0x7f51f22c9640>,29,3,[12  2],30,-1,90,-1,87
1,<environment.Job instance at 0x7f51f1f6ac80>,30,2,[9 2],31,-1,89,-1,87
1,<environment.Job instance at 0x7f51f1286c30>,31,13,[13  3],32,-1,100,-1,87
1,<environment.Job instance at 0x7f51f1ddbbe0>,6,23,[5 8],7,-1,30,-1,7
1,<environment.Job instance at 0x7f51f1decd20>,19,28,[ 2 11],20,-1,58,-1,30
1,<environment.Job instance at 0x7f51f1dec190>,20,2,[4 7],21,-1,32,-1,30
1,<environment.Job instance at 0x7f51f1de2960>,23,3,[ 4 10],24,-1,49,-1,46
1,<environment.Job instance at 0x7f51f1de22d0>,24,13,[ 2 10],25,-1,59,-1,46
1,<environment.Job instance at 0x7f51f1de2f50>,28,3,[3 9],29,-1,75,-1,72
1,<environment.Job instance at 0x7f51f1dc38c0>,31,1,[2 8],32,-1,75,-1,74
1,<environment.Job instance at 0x7f51f1dc3be0>,33,2,[8 4],34,-1,88,-1,86
1,<environment.Job instance at 0x7f51f1dc37d0>,34,25,[2 8],35,-1,111,-1,86
1,<environment.Job instance at 0x7f51f1dc3230>,35,17,[13  3],36,-1,103,-1,86
1,<environment.Job instance at 0x7f51f1dc31e0>,36,13,[ 3 13],37,-1,99,-1,86
1,<environment.Job instance at 0x7f51f1dc3cd0>,37,3,[8 1],38,-1,89,-1,86
1,<environment.Job instance at 0x7f51f1dc3410>,40,3,[11  5],41,-1,105,-1,102
1,<environment.Job instance at 0x7f51f1dc3550>,42,2,[ 2 10],43,-1,104,-1,102
1,<environment.Job instance at 0x7f51f1f71690>,1,24,[5 4],2,-1,26,-1,2
1,<environment.Job instance at 0x7f51f1bb91e0>,11,2,[9 4],12,-1,14,-1,12
1,<environment.Job instance at 0x7f51f1ba1370>,23,26,[5 4],24,-1,74,-1,48
1,<environment.Job instance at 0x7f51f1ba11e0>,24,13,[ 5 14],25,-1,61,-1,48
1,<environment.Job instance at 0x7f51f110cd20>,28,3,[1 8],29,-1,68,-1,65
1,<environment.Job instance at 0x7f51f110cfa0>,29,18,[ 1 11],30,-1,83,-1,65
1,<environment.Job instance at 0x7f51f1122b90>,30,3,[7 1],31,-1,68,-1,65
1,<environment.Job instance at 0x7f51f11223c0>,31,3,[6 3],32,-1,68,-1,65
1,<environment.Job instance at 0x7f51f0e37410>,33,3,[4 5],34,-1,78,-1,75
1,<environment.Job instance at 0x7f51f0e375a0>,34,1,[3 6],35,-1,76,-1,75
1,<environment.Job instance at 0x7f51f0f430a0>,35,2,[5 5],36,-1,77,-1,75
1,<environment.Job instance at 0x7f51f1baff00>,36,3,[9 3],37,-1,78,-1,75
1,<environment.Job instance at 0x7f51f17797d0>,37,12,[12  4],38,-1,87,-1,75
1,<environment.Job instance at 0x7f51f1e78dc0>,4,1,[10  1],5,-1,6,-1,5
1,<environment.Job instance at 0x7f51f1e785a0>,10,2,[7 2],11,-1,14,-1,12
1,<environment.Job instance at 0x7f51f23dd690>,15,1,[7 5],16,-1,19,-1,18
1,<environment.Job instance at 0x7f51f23dd9b0>,18,3,[9 3],19,-1,28,-1,25
1,<environment.Job instance at 0x7f51f23dd5a0>,20,3,[ 3 14],21,-1,35,-1,32
1,<environment.Job instance at 0x7f51f23dd280>,21,1,[4 5],22,-1,33,-1,32
1,<environment.Job instance at 0x7f51f23dde60>,22,13,[13  2],23,-1,45,-1,32
1,<environment.Job instance at 0x7f51f23dd370>,23,28,[2 8],24,-1,60,-1,32
1,<environment.Job instance at 0x7f51f23ddf50>,24,3,[5 7],25,-1,35,-1,32
1,<environment.Job instance at 0x7f51f23ddaa0>,25,1,[3 5],26,-1,33,-1,32
1,<environment.Job instance at 0x7f51f23dd640>,30,3,[5 8],31,-1,52,-1,49
1,<environment.Job instance at 0x7f51f23dd3c0>,31,2,[6 5],32,-1,51,-1,49
1,<environment.Job instance at 0x7f51f23ddb90>,32,1,[5 9],33,-1,50,-1,49
1,<environment.Job instance at 0x7f51f17a5b40>,33,2,[6 4],34,-1,51,-1,49
1,<environment.Job instance at 0x7f51f17a55a0>,34,3,[ 4 10],35,-1,52,-1,49
1,<environment.Job instance at 0x7f51f17a5f50>,35,3,[11  4],36,-1,52,-1,49
1,<environment.Job instance at 0x7f51f17a5f00>,39,14,[ 3 10],40,-1,92,-1,78
1,<environment.Job instance at 0x7f51f17a5780>,45,1,[10  5],46,-1,108,-1,107
1,<environment.Job instance at 0x7f51f17a5550>,46,2,[7 3],47,-1,109,-1,107
1,<environment.Job instance at 0x7f51f17a5640>,47,3,[1 9],48,-1,110,-1,107
1,<environment.Job instance at 0x7f51f127f370>,5,2,[13  1],6,-1,8,-1,6
1,<environment.Job instance at 0x7f51f127f8c0>,11,3,[ 5 10],12,-1,16,-1,13
1,<environment.Job instance at 0x7f51f1ef9c30>,14,2,[1 9],15,-1,17,-1,15
1,<environment.Job instance at 0x7f51f1ef9d20>,16,2,[6 2],17,-1,19,-1,17
1,<environment.Job instance at 0x7f51f1ef9870>,17,14,[14  4],18,-1,32,-1,18
1,<environment.Job instance at 0x7f51f0cea8c0>,31,1,[7 1],32,-1,99,-1,98
1,<environment.Job instance at 0x7f51f0ceacd0>,34,1,[1 7],35,-1,99,-1,98
1,<environment.Job instance at 0x7f51f19f31e0>,16,1,[3 9],17,-1,29,-1,28
1,<environment.Job instance at 0x7f51f1649550>,17,24,[4 8],18,-1,52,-1,28
1,<environment.Job instance at 0x7f51f1649be0>,18,1,[10  3],19,-1,29,-1,28
1,<environment.Job instance at 0x7f51f1649c80>,19,15,[7 1],20,-1,43,-1,28
1,<environment.Job instance at 0x7f51f16497d0>,20,3,[8 2],21,-1,31,-1,28
1,<environment.Job instance at 0x7f51f1649730>,21,25,[1 7],22,-1,53,-1,28
1,<environment.Job instance at 0x7f51f1649a00>,22,3,[6 3],23,-1,31,-1,28
1,<environment.Job instance at 0x7f51f1649960>,24,1,[8 4],25,-1,38,-1,37
1,<environment.Job instance at 0x7f51f16492d0>,25,1,[9 2],26,-1,38,-1,37
1,<environment.Job instance at 0x7f51f16490a0>,26,2,[8 5],27,-1,39,-1,37
1,<environment.Job instance at 0x7f51f16495f0>,27,3,[4 5],28,-1,40,-1,37
1,<environment.Job instance at 0x7f51f16493c0>,28,1,[7 5],29,-1,38,-1,37
1,<environment.Job instance at 0x7f51f1649640>,29,2,[ 2 11],30,-1,39,-1,37
1,<environment.Job instance at 0x7f51f1649f00>,30,3,[4 8],31,-1,40,-1,37
1,<environment.Job instance at 0x7f51f1649870>,31,3,[2 9],32,-1,40,-1,37
1,<environment.Job instance at 0x7f51f1649f50>,34,1,[10  2],35,-1,56,-1,55
1,<environment.Job instance at 0x7f51f1910c80>,36,14,[10  3],37,-1,79,-1,65
1,<environment.Job instance at 0x7f51f19109b0>,37,18,[10  1],38,-1,83,-1,65
1,<environment.Job instance at 0x7f51f1910910>,40,13,[3 5],41,-1,90,-1,77
1,<environment.Job instance at 0x7f51f1910230>,41,3,[3 8],42,-1,80,-1,77
1,<environment.Job instance at 0x7f51f1910eb0>,42,18,[7 1],43,-1,98,-1,80
1,<environment.Job instance at 0x7f51f1910870>,43,3,[5 7],44,-1,83,-1,80
1,<environment.Job instance at 0x7f51f1910410>,44,18,[5 1],45,-1,99,-1,81
1,<environment.Job instance at 0x7f51f1910640>,45,2,[6 1],46,-1,83,-1,81
1,<environment.Job instance at 0x7f51f208a370>,48,26,[ 1 10],49,-1,132,-1,106
1,<environment.Job instance at 0x7f51f208aa00>,49,15,[ 5 13],50,-1,121,-1,106
1,<environment.Job instance at 0x7f51f208a5f0>,50,13,[1 9],51,-1,119,-1,106
1,<environment.Job instance at 0x7f51f208af50>,51,1,[7 1],52,-1,107,-1,106
1,<environment.Job instance at 0x7f51f208aaa0>,52,2,[9 4],53,-1,108,-1,106
1,<environment.Job instance at 0x7f51f208a6e0>,53,2,[6 2],54,-1,108,-1,106
1,<environment.Job instance at 0x7f51f20816e0>,3,1,[ 5 10],4,-1,5,-1,4
1,<environment.Job instance at 0x7f51f12ba550>,8,22,[4 8],9,-1,31,-1,9
1,<environment.Job instance at 0x7f51f12ba9b0>,13,28,[ 3 10],14,-1,50,-1,22
1,<environment.Job instance at 0x7f51f20810a0>,10,1,[7 3],11,-1,23,-1,22
1,<environment.Job instance at 0x7f51f12bac30>,15,17,[ 3 13],16,-1,39,-1,22
1,<environment.Job instance at 0x7f51f22b7c80>,9,3,[14  1],10,-1,13,-1,10
1,<environment.Job instance at 0x7f51f22b77d0>,10,3,[7 2],11,-1,16,-1,13
1,<environment.Job instance at 0x7f51f22b7870>,18,16,[ 1 13],19,-1,41,-1,25
1,<environment.Job instance at 0x7f51f22b7550>,19,3,[9 2],20,-1,28,-1,25
1,<environment.Job instance at 0x7f51f22b7af0>,20,3,[5 7],21,-1,28,-1,25
1,<environment.Job instance at 0x7f51f1ceb550>,21,2,[2 5],22,-1,27,-1,25
1,<environment.Job instance at 0x7f51f1ceb5f0>,22,2,[6 2],23,-1,27,-1,25
1,<environment.Job instance at 0x7f51f1cebe60>,24,26,[2 9],25,-1,55,-1,29
1,<environment.Job instance at 0x7f51f1cebbe0>,27,17,[ 5 14],28,-1,63,-1,46
1,<environment.Job instance at 0x7f51f1ceb050>,28,2,[12  2],29,-1,48,-1,46
1,<environment.Job instance at 0x7f51f1cebaa0>,30,12,[10  5],31,-1,58,-1,46
1,<environment.Job instance at 0x7f51f1ceb820>,32,22,[5 5],33,-1,96,-1,74
1,<environment.Job instance at 0x7f51f1ceb5a0>,35,12,[3 9],36,-1,86,-1,74
1,<environment.Job instance at 0x7f51f1ceb910>,36,14,[3 9],37,-1,89,-1,75
1,<environment.Job instance at 0x7f51f1cebc80>,37,1,[5 2],38,-1,76,-1,75
1,<environment.Job instance at 0x7f51f1cebb90>,38,12,[3 6],39,-1,88,-1,76
1,<environment.Job instance at 0x7f51f1c97e60>,41,3,[6 2],42,-1,96,-1,93
1,<environment.Job instance at 0x7f51f1eeb4b0>,7,1,[9 4],8,-1,9,-1,8
1,<environment.Job instance at 0x7f51f1eeb8c0>,17,2,[9 4],18,-1,44,-1,42
1,<environment.Job instance at 0x7f51f0b5eaa0>,4,1,[4 7],5,-1,7,-1,6
1,<environment.Job instance at 0x7f51f1a07c30>,12,2,[ 4 10],13,-1,19,-1,17
1,<environment.Job instance at 0x7f51f0b4ad20>,14,1,[14  3],15,-1,35,-1,34
1,<environment.Job instance at 0x7f51f0b4aaa0>,16,18,[ 4 10],17,-1,59,-1,41
1,<environment.Job instance at 0x7f51f0b4a500>,19,23,[ 5 10],20,-1,71,-1,48
1,<environment.Job instance at 0x7f51f0b4a730>,20,3,[7 4],21,-1,51,-1,48
1,<environment.Job instance at 0x7f51f0b4a370>,22,14,[5 1],23,-1,71,-1,57
1,<environment.Job instance at 0x7f51f0b4a2d0>,24,2,[5 3],25,-1,63,-1,61
1,<environment.Job instance at 0x7f51f0b4a4b0>,25,14,[3 9],26,-1,77,-1,63
1,<environment.Job instance at 0x7f51f0b381e0>,26,16,[11  3],27,-1,79,-1,63
1,<environment.Job instance at 0x7f51f0b38e60>,29,2,[5 3],30,-1,79,-1,77
1,<environment.Job instance at 0x7f51f0b38fa0>,30,17,[ 4 10],31,-1,94,-1,77
1,<environment.Job instance at 0x7f51f0b38dc0>,31,21,[6 1],32,-1,103,-1,82
1,<environment.Job instance at 0x7f51f0b38b40>,33,3,[4 9],34,-1,86,-1,83
1,<environment.Job instance at 0x7f51f23a9f00>,37,2,[3 8],38,-1,105,-1,103
1,<environment.Job instance at 0x7f51f0b38190>,38,1,[7 3],39,-1,104,-1,103
1,<environment.Job instance at 0x7f51f0b38410>,39,1,[ 4 10],40,-1,104,-1,103
1,<environment.Job instance at 0x7f51f1a35370>,40,13,[10  4],41,-1,117,-1,104
1,<environment.Job instance at 0x7f51f1a35a50>,41,12,[7 2],42,-1,119,-1,107
1,<environment.Job instance at 0x7f51f1a355f0>,42,21,[5 9],43,-1,128,-1,107
1,<environment.Job instance at 0x7f51f1dea050>,6,3,[5 2],7,-1,12,-1,9
1,<environment.Job instance at 0x7f51f0b08410>,9,24,[5 5],10,-1,34,-1,10
1,<environment.Job instance at 0x7f51f0b08460>,10,13,[3 6],11,-1,34,-1,21
1,<environment.Job instance at 0x7f51f0b08c80>,16,1,[6 4],17,-1,22,-1,21
1,<environment.Job instance at 0x7f51f0b08b40>,17,27,[2 6],18,-1,48,-1,21
1,<environment.Job instance at 0x7f51f0b08960>,18,27,[9 4],19,-1,48,-1,21
1,<environment.Job instance at 0x7f51f0b08d70>,21,12,[ 1 10],22,-1,47,-1,35
1,<environment.Job instance at 0x7f51f0b08320>,23,2,[3 8],24,-1,38,-1,36
1,<environment.Job instance at 0x7f51f0b085a0>,24,1,[11  4],25,-1,37,-1,36
1,<environment.Job instance at 0x7f51f0b08e60>,25,3,[7 5],26,-1,39,-1,36
1,<environment.Job instance at 0x7f51f0b087d0>,26,14,[ 2 14],27,-1,50,-1,36
1,<environment.Job instance at 0x7f51f0b086e0>,27,1,[6 2],28,-1,37,-1,36
1,<environment.Job instance at 0x7f51f0b08f00>,28,3,[7 2],29,-1,40,-1,37
1,<environment.Job instance at 0x7f51f0b082d0>,29,3,[10  5],30,-1,40,-1,37
1,<environment.Job instance at 0x7f51f16f4410>,31,1,[13  2],32,-1,55,-1,54
1,<environment.Job instance at 0x7f51f16f4aa0>,35,22,[ 3 12],36,-1,94,-1,72
1,<environment.Job instance at 0x7f51f16f4960>,38,12,[8 1],39,-1,99,-1,87
1,<environment.Job instance at 0x7f51f16f4fa0>,39,15,[12  4],40,-1,102,-1,87
1,<environment.Job instance at 0x7f51f16f4a00>,40,1,[5 6],41,-1,88,-1,87
1,<environment.Job instance at 0x7f51f16f44b0>,41,17,[13  2],42,-1,104,-1,87
1,<environment.Job instance at 0x7f51f0c9d550>,44,12,[10  4],45,-1,117,-1,105
1,<environment.Job instance at 0x7f51f0c9dd70>,45,3,[6 2],46,-1,108,-1,105
1,<environment.Job instance at 0x7f51f0c9d050>,47,2,[3 5],48,-1,107,-1,105
1,<environment.Job instance at 0x7f51f0e4b6e0>,10,1,[7 3],11,-1,13,-1,12
1,<environment.Job instance at 0x7f51f0e4b960>,14,3,[11  5],15,-1,20,-1,17
1,<environment.Job instance at 0x7f51f0e4bcd0>,18,2,[7 5],19,-1,37,-1,35
1,<environment.Job instance at 0x7f51f0e5c280>,26,13,[5 1],27,-1,77,-1,64
1,<environment.Job instance at 0x7f51f0e5c320>,27,3,[9 5],28,-1,67,-1,64
1,<environment.Job instance at 0x7f51f0e5c3c0>,28,3,[7 1],29,-1,67,-1,64
1,<environment.Job instance at 0x7f51f0e5c460>,29,14,[ 5 10],30,-1,79,-1,65
1,<environment.Job instance at 0x7f51f0e5c780>,32,2,[ 3 12],33,-1,83,-1,81
1,<environment.Job instance at 0x7f51f0e5c820>,33,3,[1 7],34,-1,84,-1,81
1,<environment.Job instance at 0x7f7201ad0320>,1,1,[3 7],2,-1,3,-1,2
1,<environment.Job instance at 0x7f71f8358eb0>,16,15,[ 1 11],17,-1,56,-1,41
1,<environment.Job instance at 0x7f71f8358f50>,17,2,[3 5],18,-1,43,-1,41
1,<environment.Job instance at 0x7f71f835a320>,21,1,[6 4],22,-1,54,-1,53
1,<environment.Job instance at 0x7f71f835a370>,22,1,[12  1],23,-1,54,-1,53
1,<environment.Job instance at 0x7f71f835a280>,23,16,[ 1 11],24,-1,69,-1,53
1,<environment.Job instance at 0x7f71f835a460>,24,2,[6 5],25,-1,55,-1,53
1,<environment.Job instance at 0x7f71f835a690>,25,1,[9 2],26,-1,54,-1,53
1,<environment.Job instance at 0x7f71f835a780>,27,13,[11  4],28,-1,70,-1,57
1,<environment.Job instance at 0x7f71f835a820>,28,2,[ 3 10],29,-1,59,-1,57
1,<environment.Job instance at 0x7f71f835aaa0>,32,1,[5 6],33,-1,76,-1,75
1,<environment.Job instance at 0x7f71f835ad20>,35,1,[9 1],36,-1,78,-1,77
1,<environment.Job instance at 0x7f71f835ad70>,37,2,[8 4],38,-1,90,-1,88
1,<environment.Job instance at 0x7f71f835aeb0>,39,1,[2 7],40,-1,89,-1,88
1,<environment.Job instance at 0x7f71f835af50>,40,12,[10  2],41,-1,105,-1,93
1,<environment.Job instance at 0x7f71f835e4b0>,45,2,[9 3],46,-1,118,-1,116
1,<environment.Job instance at 0x7f71f835e5f0>,47,1,[1 7],48,-1,117,-1,116
1,<environment.Job instance at 0x7f71f881e730>,12,28,[3 7],13,-1,41,-1,13
1,<environment.Job instance at 0x7f71f7c77230>,20,12,[11  1],21,-1,56,-1,44
1,<environment.Job instance at 0x7f71f84a1640>,21,1,[7 3],22,-1,45,-1,44
1,<environment.Job instance at 0x7f71f7d68640>,22,1,[2 7],23,-1,45,-1,44
1,<environment.Job instance at 0x7f71f7ca1f00>,24,3,[7 1],25,-1,47,-1,44
1,<environment.Job instance at 0x7f71f7c7fc30>,25,1,[10  4],26,-1,45,-1,44
1,<environment.Job instance at 0x7f71f7a161e0>,26,25,[ 4 10],27,-1,69,-1,44
1,<environment.Job instance at 0x7f71f79bc910>,27,1,[4 9],28,-1,45,-1,44
1,<environment.Job instance at 0x7f71f7aa0f00>,29,3,[8 4],30,-1,65,-1,62
1,<environment.Job instance at 0x7f71f7e2bc80>,33,14,[13  1],34,-1,91,-1,77
1,<environment.Job instance at 0x7f71f7ea4be0>,36,2,[5 8],37,-1,94,-1,92
1,<environment.Job instance at 0x7f71f7e26780>,37,2,[2 8],38,-1,94,-1,92
1,<environment.Job instance at 0x7f71f7e2ba50>,38,1,[9 3],39,-1,93,-1,92
1,<environment.Job instance at 0x7f71f7e679b0>,40,3,[ 5 12],41,-1,112,-1,109
1,<environment.Job instance at 0x7f71f7e67550>,41,2,[ 2 10],42,-1,111,-1,109
1,<environment.Job instance at 0x7f71f7a21be0>,42,1,[5 2],43,-1,110,-1,109
1,<environment.Job instance at 0x7f71f7e67780>,45,3,[ 1 10],46,-1,122,-1,119
1,<environment.Job instance at 0x7f71f7e49730>,46,2,[ 3 10],47,-1,121,-1,119
1,<environment.Job instance at 0x7f71f7a454b0>,10,13,[ 3 10],11,-1,46,-1,33
1,<environment.Job instance at 0x7f71f7a45f50>,20,25,[2 7],21,-1,58,-1,33
1,<environment.Job instance at 0x7f71f7a71820>,31,1,[7 4],32,-1,67,-1,66
1,<environment.Job instance at 0x7f71f7a71370>,33,2,[5 2],34,-1,82,-1,80
1,<environment.Job instance at 0x7f71f7a71460>,34,3,[6 2],35,-1,83,-1,80
1,<environment.Job instance at 0x7f71f81a3820>,41,2,[5 8],42,-1,114,-1,112
1,<environment.Job instance at 0x7f71f81a3f50>,42,16,[ 4 10],43,-1,135,-1,119
1,<environment.Job instance at 0x7f71f7d6b960>,27,2,[5 4],28,-1,77,-1,75
1,<environment.Job instance at 0x7f71f79e0e10>,28,3,[ 5 12],29,-1,78,-1,75
1,<environment.Job instance at 0x7f71f7fa00a0>,32,1,[1 6],33,-1,106,-1,105
1,<environment.Job instance at 0x7f71f874fc80>,11,25,[9 2],12,-1,42,-1,17
1,<environment.Job instance at 0x7f71f874f3c0>,12,1,[3 9],13,-1,18,-1,17
1,<environment.Job instance at 0x7f71f874f0f0>,13,13,[13  1],14,-1,30,-1,17
1,<environment.Job instance at 0x7f71f875edc0>,14,2,[ 3 10],15,-1,19,-1,17
1,<environment.Job instance at 0x7f71f8759550>,22,2,[7 3],23,-1,50,-1,48
1,<environment.Job instance at 0x7f71f8759190>,23,2,[ 2 13],24,-1,50,-1,48
1,<environment.Job instance at 0x7f71f8785050>,27,1,[2 8],28,-1,68,-1,67
1,<environment.Job instance at 0x7f71f8785870>,28,1,[12  2],29,-1,68,-1,67
1,<environment.Job instance at 0x7f71f8785c80>,29,3,[6 5],30,-1,70,-1,67
1,<environment.Job instance at 0x7f71f87855f0>,32,26,[5 5],33,-1,110,-1,84
1,<environment.Job instance at 0x7f71f8785f50>,34,3,[5 1],35,-1,102,-1,99
1,<environment.Job instance at 0x7f71f8785b90>,35,2,[2 6],36,-1,101,-1,99
1,<environment.Job instance at 0x7f71f8a20e10>,36,3,[ 1 11],37,-1,102,-1,99
1,<environment.Job instance at 0x7f71f80a2730>,41,28,[6 2],42,-1,145,-1,117
1,<environment.Job instance at 0x7f71f80a2320>,42,2,[6 2],43,-1,119,-1,117
1,<environment.Job instance at 0x7f71f7998f00>,43,2,[1 8],44,-1,119,-1,117
1,<environment.Job instance at 0x7f71f8171910>,44,1,[5 4],45,-1,118,-1,117
1,<environment.Job instance at 0x7f71f8fa36e0>,45,3,[ 5 10],46,-1,120,-1,117
1,<environment.Job instance at 0x7f71f7998eb0>,46,26,[5 4],47,-1,143,-1,117
1,<environment.Job instance at 0x7f71f7d9acd0>,47,3,[1 9],48,-1,120,-1,117
1,<environment.Job instance at 0x7f71f79537d0>,48,3,[5 2],49,-1,120,-1,117
1,<environment.Job instance at 0x7f71f79538c0>,50,1,[5 8],51,-1,118,-1,117
1,<environment.Job instance at 0x7f71f79445a0>,51,18,[ 2 14],52,-1,135,-1,117
1,<environment.Job instance at 0x7f71f79440f0>,52,17,[ 4 13],53,-1,134,-1,117
1,<environment.Job instance at 0x7f71f87757d0>,53,25,[7 3],54,-1,142,-1,117
1,<environment.Job instance at 0x7f71f7d9e410>,13,3,[4 5],14,-1,30,-1,27
1,<environment.Job instance at 0x7f71f7d9ee10>,17,1,[9 5],18,-1,44,-1,43
1,<environment.Job instance at 0x7f71f7d9ec30>,19,15,[ 1 11],20,-1,60,-1,45
1,<environment.Job instance at 0x7f71f7d9e5a0>,21,1,[5 4],22,-1,58,-1,57
1,<environment.Job instance at 0x7f71f798aa00>,28,2,[5 6],29,-1,119,-1,117
1,<environment.Job instance at 0x7f71f87b1fa0>,30,26,[3 8],31,-1,143,-1,117
1,<environment.Job instance at 0x7f71f87b1190>,31,1,[4 8],32,-1,118,-1,117
1,<environment.Job instance at 0x7f71f87b19b0>,32,1,[2 5],33,-1,118,-1,117
1,<environment.Job instance at 0x7f71f795ce10>,7,23,[3 7],8,-1,38,-1,15
1,<environment.Job instance at 0x7f71f7945b90>,8,1,[5 7],9,-1,11,-1,10
1,<environment.Job instance at 0x7f71f7f97230>,10,2,[5 8],11,-1,13,-1,11
1,<environment.Job instance at 0x7f71f7f975f0>,11,3,[7 4],12,-1,15,-1,12
1,<environment.Job instance at 0x7f71f7f97b90>,14,1,[4 6],15,-1,16,-1,15
1,<environment.Job instance at 0x7f71f7fa43c0>,15,26,[2 8],16,-1,42,-1,16
1,<environment.Job instance at 0x7f71f7f9ce10>,16,24,[3 5],17,-1,41,-1,17
1,<environment.Job instance at 0x7f71f7f9cb40>,17,28,[7 2],18,-1,46,-1,18
1,<environment.Job instance at 0x7f71f8b5de10>,23,3,[4 8],24,-1,46,-1,43
1,<environment.Job instance at 0x7f71f8b35a50>,26,28,[5 8],27,-1,89,-1,61
1,<environment.Job instance at 0x7f71f8b35a00>,27,3,[8 1],28,-1,64,-1,61
1,<environment.Job instance at 0x7f71f7fbbc30>,28,1,[11  1],29,-1,62,-1,61
1,<environment.Job instance at 0x7f71f7fbac80>,29,17,[ 3 13],30,-1,78,-1,61
1,<environment.Job instance at 0x7f71f7fbacd0>,30,23,[5 9],31,-1,84,-1,61
1,<environment.Job instance at 0x7f71f7fbaa00>,31,2,[ 2 10],32,-1,63,-1,61
1,<environment.Job instance at 0x7f71f80e55f0>,33,26,[10  5],34,-1,88,-1,62
1,<environment.Job instance at 0x7f71f80e3780>,34,18,[ 1 11],35,-1,80,-1,62
1,<environment.Job instance at 0x7f71f7cd5550>,36,17,[5 1],37,-1,90,-1,73
1,<environment.Job instance at 0x7f71f80eeb90>,40,1,[14  5],41,-1,89,-1,88
1,<environment.Job instance at 0x7f71f80d1320>,41,1,[2 5],42,-1,89,-1,88
1,<environment.Job instance at 0x7f71f8b33690>,42,12,[1 7],43,-1,108,-1,96
1,<environment.Job instance at 0x7f71f8b3a9b0>,44,1,[10  2],45,-1,104,-1,103
1,<environment.Job instance at 0x7f71f80e8a00>,46,23,[5 8],47,-1,126,-1,103
1,<environment.Job instance at 0x7f71f80e8e10>,47,3,[ 4 11],48,-1,106,-1,103
1,<environment.Job instance at 0x7f71f7f7dc30>,49,17,[ 2 10],50,-1,133,-1,116
1,<environment.Job instance at 0x7f71f7f7d370>,50,3,[4 8],51,-1,119,-1,116
1,<environment.Job instance at 0x7f71f80d7280>,51,2,[2 6],52,-1,118,-1,116
1,<environment.Job instance at 0x7f71f80d7b90>,53,3,[5 4],54,-1,121,-1,118
1,<environment.Job instance at 0x7f71f838b1e0>,7,27,[7 1],8,-1,39,-1,12
1,<environment.Job instance at 0x7f71f8b3f6e0>,13,24,[5 9],14,-1,38,-1,14
1,<environment.Job instance at 0x7f71f8b3f3c0>,14,3,[14  3],15,-1,18,-1,15
1,<environment.Job instance at 0x7f71f8b3fdc0>,15,13,[ 4 13],16,-1,29,-1,16
1,<environment.Job instance at 0x7f71f8b3fd20>,23,22,[ 3 10],24,-1,60,-1,38
1,<environment.Job instance at 0x7f71f8b3f320>,24,2,[6 2],25,-1,40,-1,38
1,<environment.Job instance at 0x7f71f8b3ff00>,26,2,[ 2 10],27,-1,55,-1,53
1,<environment.Job instance at 0x7f71f8b3f730>,29,3,[3 5],30,-1,69,-1,66
1,<environment.Job instance at 0x7f71f7cc0910>,30,2,[11  1],31,-1,68,-1,66
1,<environment.Job instance at 0x7f71f7cc00f0>,31,24,[5 4],32,-1,90,-1,66
1,<environment.Job instance at 0x7f71f7cc0780>,33,14,[11  2],34,-1,98,-1,84
1,<environment.Job instance at 0x7f71f7cc0870>,34,2,[ 1 11],35,-1,86,-1,84
1,<environment.Job instance at 0x7f71f7cc0410>,36,17,[10  1],37,-1,106,-1,89
1,<environment.Job instance at 0x7f71f7cc0640>,39,2,[5 6],40,-1,91,-1,89
1,<environment.Job instance at 0x7f71f7cc00a0>,40,2,[8 2],41,-1,91,-1,89
1,<environment.Job instance at 0x7f71f7cc0af0>,41,2,[9 4],42,-1,91,-1,89
1,<environment.Job instance at 0x7f71f7cc08c0>,42,1,[4 8],43,-1,90,-1,89
1,<environment.Job instance at 0x7f71f7cc0230>,43,3,[5 3],44,-1,92,-1,89
1,<environment.Job instance at 0x7f71f7cc05a0>,44,3,[6 2],45,-1,92,-1,89
1,<environment.Job instance at 0x7f71f7cc0820>,45,14,[4 9],46,-1,112,-1,98
1,<environment.Job instance at 0x7f71f8391140>,46,26,[3 5],47,-1,124,-1,98
1,<environment.Job instance at 0x7f71f8391f00>,48,2,[1 8],49,-1,107,-1,105
1,<environment.Job instance at 0x7f71f8391960>,49,17,[ 2 14],50,-1,122,-1,105
1,<environment.Job instance at 0x7f71f8391690>,53,26,[5 4],54,-1,145,-1,119
1,<environment.Job instance at 0x7f71f8391780>,54,13,[ 5 14],55,-1,132,-1,119
1,<environment.Job instance at 0x7f71f8391500>,56,16,[ 4 10],57,-1,135,-1,119
1,<environment.Job instance at 0x7f71f80e30a0>,1,17,[ 3 14],2,-1,19,-1,2
1,<environment.Job instance at 0x7f71f89cf730>,13,24,[12  3],14,-1,38,-1,14
1,<environment.Job instance at 0x7f71f89cf7d0>,14,2,[11  5],15,-1,17,-1,15
1,<environment.Job instance at 0x7f71f84dd460>,30,2,[7 2],31,-1,80,-1,78
1,<environment.Job instance at 0x7f71f79381e0>,34,2,[2 7],35,-1,93,-1,91
1,<environment.Job instance at 0x7f71f7938550>,35,1,[7 5],36,-1,92,-1,91
1,<environment.Job instance at 0x7f71f83a47d0>,36,3,[5 5],37,-1,94,-1,91
1,<environment.Job instance at 0x7f71f83890f0>,40,3,[ 3 14],41,-1,111,-1,108
1,<environment.Job instance at 0x7f71f8505410>,41,1,[4 5],42,-1,109,-1,108
1,<environment.Job instance at 0x7f71f8505190>,42,13,[13  2],43,-1,121,-1,108
1,<environment.Job instance at 0x7f71f7ed9690>,43,28,[2 8],44,-1,136,-1,108
1,<environment.Job instance at 0x7f71f84241e0>,44,3,[5 7],45,-1,111,-1,108
1,<environment.Job instance at 0x7f71f8424b90>,45,1,[3 5],46,-1,109,-1,108
1,<environment.Job instance at 0x7f71f8424b40>,46,3,[4 9],47,-1,111,-1,108
1,<environment.Job instance at 0x7f71f8424b40>,6,3,[ 1 10],7,-1,11,-1,8
1,<environment.Job instance at 0x7f71f823bc80>,11,3,[6 4],12,-1,29,-1,26
1,<environment.Job instance at 0x7f71f861ecd0>,18,1,[5 5],19,-1,27,-1,26
1,<environment.Job instance at 0x7f71f861e410>,21,3,[ 5 10],22,-1,49,-1,46
1,<environment.Job instance at 0x7f71f861eb40>,24,2,[1 9],25,-1,63,-1,61
1,<environment.Job instance at 0x7f71f861ec80>,26,2,[6 2],27,-1,63,-1,61
1,<environment.Job instance at 0x7f71f861e960>,27,14,[14  4],28,-1,75,-1,61
1,<environment.Job instance at 0x7f71f861e730>,28,3,[6 4],29,-1,64,-1,61
1,<environment.Job instance at 0x7f71f861e780>,32,3,[13  3],33,-1,85,-1,82
1,<environment.Job instance at 0x7f71f861ec30>,33,12,[ 5 11],34,-1,94,-1,82
1,<environment.Job instance at 0x7f71f77f3190>,8,2,[12  3],9,-1,11,-1,9
1,<environment.Job instance at 0x7f71f77d7fa0>,28,1,[5 2],29,-1,78,-1,77
1,<environment.Job instance at 0x7f71f8ea4190>,3,18,[ 3 13],4,-1,22,-1,4
1,<environment.Job instance at 0x7f71f78c48c0>,7,24,[4 8],8,-1,32,-1,8
1,<environment.Job instance at 0x7f71f8c4d640>,18,1,[7 5],19,-1,20,-1,19
1,<environment.Job instance at 0x7f71f7d28be0>,4,27,[3 9],5,-1,32,-1,5
1,<environment.Job instance at 0x7f71f7e31b40>,26,2,[6 5],27,-1,83,-1,81
1,<environment.Job instance at 0x7f71f7e315f0>,27,3,[3 7],28,-1,84,-1,81
1,<environment.Job instance at 0x7f7201522870>,28,3,[1 9],29,-1,84,-1,81
1,<environment.Job instance at 0x7f7201522460>,32,3,[14  5],33,-1,114,-1,111
1,<environment.Job instance at 0x7f72015221e0>,33,1,[2 5],34,-1,112,-1,111
1,<environment.Job instance at 0x7f7201522140>,34,2,[4 7],35,-1,113,-1,111
1,<environment.Job instance at 0x7f7201522690>,35,2,[5 5],36,-1,113,-1,111
1,<environment.Job instance at 0x7f71f8447a00>,10,16,[11  4],11,-1,29,-1,13
1,<environment.Job instance at 0x7f71f84477d0>,13,1,[9 1],14,-1,15,-1,14
1,<environment.Job instance at 0x7f71f8447690>,14,2,[3 7],15,-1,17,-1,15
1,<environment.Job instance at 0x7f71f8447500>,15,15,[11  3],16,-1,31,-1,16
1,<environment.Job instance at 0x7f71f7b64d70>,22,3,[10  3],23,-1,27,-1,24
1,<environment.Job instance at 0x7f71f7b645f0>,23,3,[5 9],24,-1,27,-1,24
1,<environment.Job instance at 0x7f71f7b64cd0>,24,14,[ 1 10],25,-1,44,-1,30
1,<environment.Job instance at 0x7f71f7b64e60>,25,22,[11  2],26,-1,52,-1,30
1,<environment.Job instance at 0x7f71f7b64550>,27,18,[ 3 11],28,-1,48,-1,30
1,<environment.Job instance at 0x7f71f7b64f50>,28,1,[9 2],29,-1,31,-1,30
1,<environment.Job instance at 0x7f71f7b64500>,29,3,[5 8],30,-1,33,-1,30
1,<environment.Job instance at 0x7f71f7b64190>,30,27,[5 7],31,-1,58,-1,31
1,<environment.Job instance at 0x7f71f7b64320>,32,2,[3 7],33,-1,44,-1,42
1,<environment.Job instance at 0x7f71f7b64140>,33,2,[4 9],34,-1,44,-1,42
1,<environment.Job instance at 0x7f71f7b741e0>,36,3,[1 5],37,-1,63,-1,60
1,<environment.Job instance at 0x7f71f7b747d0>,40,13,[ 3 10],41,-1,107,-1,94
1,<environment.Job instance at 0x7f71f7b74460>,43,3,[9 1],44,-1,103,-1,100
1,<environment.Job instance at 0x7f71f7b74dc0>,44,17,[12  2],45,-1,117,-1,100
1,<environment.Job instance at 0x7f71f7b74b90>,46,2,[12  3],47,-1,109,-1,107
1,<environment.Job instance at 0x7f71f7b525a0>,47,1,[5 9],48,-1,108,-1,107
1,<environment.Job instance at 0x7f71f760e500>,26,3,[ 3 11],27,-1,106,-1,103
1,<environment.Job instance at 0x7f71f760e5a0>,30,2,[10  3],31,-1,120,-1,118
1,<environment.Job instance at 0x7f71f8c4ac80>,4,3,[9 3],5,-1,8,-1,5
1,<environment.Job instance at 0x7f71f89f3280>,5,2,[11  3],6,-1,8,-1,6
1,<environment.Job instance at 0x7f72016e24b0>,9,28,[9 2],10,-1,38,-1,10
1,<environment.Job instance at 0x7f72019c7aa0>,12,27,[1 6],13,-1,41,-1,14
1,<environment.Job instance at 0x7f71f7fdf2d0>,23,13,[ 1 10],24,-1,93,-1,80
1,<environment.Job instance at 0x7f71f8c9ffa0>,24,12,[1 8],25,-1,92,-1,80
1,<environment.Job instance at 0x7f71f8de0be0>,25,2,[6 3],26,-1,82,-1,80
1,<environment.Job instance at 0x7f71f8de0b90>,26,1,[2 8],27,-1,81,-1,80
1,<environment.Job instance at 0x7f71f88a0e60>,27,13,[7 1],28,-1,93,-1,80
1,<environment.Job instance at 0x7f71f88a0910>,28,2,[5 1],29,-1,82,-1,80
1,<environment.Job instance at 0x7f71f88a0aa0>,29,12,[9 5],30,-1,92,-1,80
1,<environment.Job instance at 0x7f71f88a04b0>,30,13,[9 4],31,-1,96,-1,83
1,<environment.Job instance at 0x7f71f88a00f0>,31,3,[ 5 10],32,-1,86,-1,83
1,<environment.Job instance at 0x7f71f88a0b90>,32,16,[ 5 13],33,-1,99,-1,83
1,<environment.Job instance at 0x7f71f8cbda50>,34,1,[9 3],35,-1,84,-1,83
1,<environment.Job instance at 0x7f71f8cbdf00>,35,15,[4 9],36,-1,98,-1,83
1,<environment.Job instance at 0x7f71f8cbd370>,36,3,[3 7],37,-1,86,-1,83
1,<environment.Job instance at 0x7f71f8cbd3c0>,37,13,[9 5],38,-1,99,-1,86
1,<environment.Job instance at 0x7f71f8cbd7d0>,38,12,[4 9],39,-1,98,-1,86
1,<environment.Job instance at 0x7f71f8cbd780>,39,1,[6 4],40,-1,87,-1,86
1,<environment.Job instance at 0x7f71f8cbdaf0>,40,1,[1 6],41,-1,87,-1,86
1,<environment.Job instance at 0x7f71f8cbd5a0>,41,24,[1 9],42,-1,110,-1,86
1,<environment.Job instance at 0x7f71f8cbd4b0>,42,13,[6 3],43,-1,101,-1,88
1,<environment.Job instance at 0x7f71f8cbda00>,43,2,[4 9],44,-1,90,-1,88
1,<environment.Job instance at 0x7f71f8cbd870>,44,2,[3 9],45,-1,90,-1,88
1,<environment.Job instance at 0x7f71f8cbd140>,45,16,[ 3 10],46,-1,104,-1,88
1,<environment.Job instance at 0x7f71f8cbdd20>,46,1,[5 8],47,-1,89,-1,88
1,<environment.Job instance at 0x7f71f81a6690>,14,1,[7 4],15,-1,16,-1,15
1,<environment.Job instance at 0x7f71f81a6c30>,17,17,[13  2],18,-1,35,-1,18
1,<environment.Job instance at 0x7f71f81a6640>,22,26,[12  1],23,-1,70,-1,44
1,<environment.Job instance at 0x7f71f81a6050>,25,1,[4 5],26,-1,60,-1,59
1,<environment.Job instance at 0x7f71f81a6af0>,27,1,[10  1],28,-1,63,-1,62
1,<environment.Job instance at 0x7f71f81a6d20>,31,3,[10  1],32,-1,92,-1,89
1,<environment.Job instance at 0x7f71f817aaa0>,33,1,[2 5],34,-1,91,-1,90
1,<environment.Job instance at 0x7f71f817a280>,34,2,[7 5],35,-1,92,-1,90
1,<environment.Job instance at 0x7f71f817a050>,36,3,[ 4 10],37,-1,106,-1,103
1,<environment.Job instance at 0x7f71f817a140>,37,1,[4 7],38,-1,104,-1,103
1,<environment.Job instance at 0x7f71f817ac80>,41,1,[7 3],42,-1,119,-1,118
1,<environment.Job instance at 0x7f71f817a730>,43,1,[4 8],44,-1,119,-1,118
1,<environment.Job instance at 0x7f71f7c94b40>,12,15,[11  1],13,-1,39,-1,24
1,<environment.Job instance at 0x7f71f7c94730>,7,19,[8 5],8,-1,43,-1,24
1,<environment.Job instance at 0x7f71f7c94eb0>,14,13,[10  1],15,-1,37,-1,24
1,<environment.Job instance at 0x7f71f7c94f50>,15,15,[5 1],16,-1,39,-1,24
1,<environment.Job instance at 0x7f71f7c94cd0>,13,2,[6 1],14,-1,26,-1,24
1,<environment.Job instance at 0x7f71f7c94dc0>,16,23,[6 3],17,-1,47,-1,24
1,<environment.Job instance at 0x7f71f7c94e60>,18,3,[1 5],19,-1,27,-1,24
1,<environment.Job instance at 0x7f71f7c94f00>,17,1,[7 2],18,-1,25,-1,24
1,<environment.Job instance at 0x7f71f7c77230>,21,3,[ 1 12],22,-1,41,-1,38
1,<environment.Job instance at 0x7f71f7c772d0>,22,1,[5 6],23,-1,39,-1,38
1,<environment.Job instance at 0x7f71f7c77370>,23,2,[4 8],24,-1,40,-1,38
1,<environment.Job instance at 0x7f71f7c775a0>,24,24,[2 5],25,-1,62,-1,38
1,<environment.Job instance at 0x7f71f7c770a0>,19,15,[5 5],20,-1,53,-1,38
1,<environment.Job instance at 0x7f71f7c775f0>,25,1,[6 4],26,-1,39,-1,38
1,<environment.Job instance at 0x7f71f7c77730>,27,2,[7 5],28,-1,40,-1,38
1,<environment.Job instance at 0x7f71f7c777d0>,28,3,[10  3],29,-1,41,-1,38
1,<environment.Job instance at 0x7f71f7c77910>,30,21,[3 8],31,-1,70,-1,49
1,<environment.Job instance at 0x7f71f7c77b90>,34,2,[4 7],35,-1,51,-1,49
1,<environment.Job instance at 0x7f71f7c77c30>,35,16,[ 4 10],36,-1,65,-1,49
1,<environment.Job instance at 0x7f71f7c77cd0>,36,12,[11  5],37,-1,61,-1,49
1,<environment.Job instance at 0x7f71f7c77d70>,37,1,[2 8],38,-1,50,-1,49
1,<environment.Job instance at 0x7f71f7c77550>,39,3,[1 5],40,-1,60,-1,57
1,<environment.Job instance at 0x7f71f7c77fa0>,41,12,[2 8],42,-1,69,-1,57
1,<environment.Job instance at 0x7f71f7c842d0>,42,2,[10  5],43,-1,59,-1,57
1,<environment.Job instance at 0x7f71f7c844b0>,43,1,[9 2],44,-1,58,-1,57
1,<environment.Job instance at 0x7f71f7c84550>,44,2,[1 5],45,-1,59,-1,57
1,<environment.Job instance at 0x7f71f7c845f0>,45,22,[10  4],46,-1,88,-1,66
1,<environment.Job instance at 0x7f71f7c847d0>,48,1,[6 1],49,-1,73,-1,72
1,<environment.Job instance at 0x7f71f7c84820>,49,26,[9 2],50,-1,98,-1,72
1,<environment.Job instance at 0x7f71f7c84960>,51,24,[5 9],52,-1,111,-1,87
1,<environment.Job instance at 0x7f71f7c84a00>,52,2,[4 7],53,-1,89,-1,87
1,<environment.Job instance at 0x7f71f7c84aa0>,53,2,[6 2],54,-1,89,-1,87
1,<environment.Job instance at 0x7f71f7c84be0>,55,2,[ 2 14],56,-1,91,-1,89
1,<environment.Job instance at 0x7f71f7c84c80>,56,1,[8 2],57,-1,90,-1,89
1,<environment.Job instance at 0x7f71f7c84780>,57,1,[7 3],58,-1,90,-1,89
1,<environment.Job instance at 0x7f71f7c84eb0>,58,3,[5 4],59,-1,92,-1,89
1,<environment.Job instance at 0x7f71f7c84f00>,59,22,[10  3],60,-1,111,-1,89
1,<environment.Job instance at 0x7f71f7c84f50>,60,17,[ 5 12],61,-1,106,-1,89
1,<environment.Job instance at 0x7f71f7c84fa0>,61,14,[9 1],62,-1,103,-1,89
1,<environment.Job instance at 0x7f71f7ca3190>,62,12,[6 1],63,-1,101,-1,89
1,<environment.Job instance at 0x7f71f7ca3230>,63,17,[5 9],64,-1,106,-1,89
1,<environment.Job instance at 0x7f71f7ca32d0>,64,1,[ 1 13],65,-1,90,-1,89
1,<environment.Job instance at 0x7f71f7ca3410>,65,3,[5 4],66,-1,92,-1,89
1,<environment.Job instance at 0x7f71f7ca33c0>,66,2,[ 3 10],67,-1,91,-1,89
1,<environment.Job instance at 0x7f71f7ca30a0>,67,18,[1 8],68,-1,107,-1,89
1,<environment.Job instance at 0x7f71f7ca34b0>,68,2,[5 4],69,-1,91,-1,89
1,<environment.Job instance at 0x7f71f7ca3550>,69,14,[4 9],70,-1,103,-1,89
1,<environment.Job instance at 0x7f71f7ca35f0>,70,2,[5 5],71,-1,91,-1,89
1,<environment.Job instance at 0x7f71f7870730>,73,12,[9 4],74,-1,122,-1,110
1,<environment.Job instance at 0x7f71f8a4f410>,74,12,[1 8],75,-1,122,-1,110
1,<environment.Job instance at 0x7f9dbb8de6e0>,4,1,[5 6],5,-1,6,-1,5
1,<environment.Job instance at 0x7f9dbb8deeb0>,16,15,[ 1 11],17,-1,51,-1,36
1,<environment.Job instance at 0x7f9dbb8def50>,17,2,[3 5],18,-1,38,-1,36
1,<environment.Job instance at 0x7f9dbb8e0050>,19,2,[5 5],20,-1,40,-1,38
1,<environment.Job instance at 0x7f9dbb8e01e0>,21,1,[6 4],22,-1,55,-1,54
1,<environment.Job instance at 0x7f9dbb8e0460>,22,1,[12  1],23,-1,55,-1,54
1,<environment.Job instance at 0x7f9dbb8e0550>,23,16,[ 1 11],24,-1,70,-1,54
1,<environment.Job instance at 0x7f9dbb8e0410>,24,2,[6 5],25,-1,56,-1,54
1,<environment.Job instance at 0x7f9dbb8e0640>,25,1,[9 2],26,-1,55,-1,54
1,<environment.Job instance at 0x7f9dbb8e0730>,27,13,[11  4],28,-1,68,-1,55
1,<environment.Job instance at 0x7f9dbb8e08c0>,28,2,[ 3 10],29,-1,57,-1,55
1,<environment.Job instance at 0x7f9dbb8e0910>,30,3,[6 5],31,-1,62,-1,59
1,<environment.Job instance at 0x7f9dbb8e0a50>,32,1,[5 6],33,-1,60,-1,59
1,<environment.Job instance at 0x7f9dbb8e4280>,41,23,[10  4],42,-1,137,-1,114
1,<environment.Job instance at 0x7f9dbb8e45f0>,47,1,[1 7],48,-1,125,-1,124
1,<environment.Job instance at 0x7f9dbb8e4730>,2,28,[3 7],3,-1,31,-1,3
1,<environment.Job instance at 0x7f9dbb962d70>,5,23,[1 5],6,-1,32,-1,9
1,<environment.Job instance at 0x7f9dbb962960>,10,12,[11  1],11,-1,23,-1,11
1,<environment.Job instance at 0x7f9dbbf9c410>,11,1,[7 3],12,-1,13,-1,12
1,<environment.Job instance at 0x7f9dbbf9c500>,12,1,[2 7],13,-1,14,-1,13
1,<environment.Job instance at 0x7f9dbbf9cb90>,19,3,[8 4],20,-1,31,-1,28
1,<environment.Job instance at 0x7f9dbb2f1f00>,23,14,[13  1],24,-1,58,-1,44
1,<environment.Job instance at 0x7f9dbafbacd0>,30,3,[ 5 12],31,-1,83,-1,80
1,<environment.Job instance at 0x7f9dbafa9aa0>,31,2,[ 2 10],32,-1,82,-1,80
1,<environment.Job instance at 0x7f9dbb2ef050>,32,1,[5 2],33,-1,81,-1,80
1,<environment.Job instance at 0x7f9dbb367410>,33,12,[ 2 10],34,-1,92,-1,80
1,<environment.Job instance at 0x7f9dbb37b460>,35,3,[ 1 10],36,-1,96,-1,93
1,<environment.Job instance at 0x7f9dbb37b370>,36,2,[ 3 10],37,-1,95,-1,93
1,<environment.Job instance at 0x7f9dbb207eb0>,40,19,[ 5 11],41,-1,121,-1,102
1,<environment.Job instance at 0x7f9dbaf921e0>,4,25,[4 7],5,-1,30,-1,5
1,<environment.Job instance at 0x7f9dbafdd280>,25,2,[1 9],26,-1,78,-1,76
1,<environment.Job instance at 0x7f9dbafdda00>,27,18,[ 1 11],28,-1,94,-1,76
1,<environment.Job instance at 0x7f9dbafdde10>,28,15,[ 4 10],29,-1,91,-1,76
1,<environment.Job instance at 0x7f9dbafdd7d0>,29,3,[9 2],30,-1,79,-1,76
1,<environment.Job instance at 0x7f9dbafdd410>,30,2,[3 8],31,-1,78,-1,76
1,<environment.Job instance at 0x7f9dbafddb90>,31,18,[ 2 14],32,-1,94,-1,76
1,<environment.Job instance at 0x7f9dbafdd050>,32,28,[10  1],33,-1,104,-1,76
1,<environment.Job instance at 0x7f9dbafdda50>,33,2,[5 6],34,-1,78,-1,76
1,<environment.Job instance at 0x7f9dbaf900f0>,35,2,[2 5],36,-1,83,-1,81
1,<environment.Job instance at 0x7f9dbaf90640>,38,26,[7 2],39,-1,126,-1,100
1,<environment.Job instance at 0x7f9dbaf90a00>,39,2,[5 5],40,-1,102,-1,100
1,<environment.Job instance at 0x7f9dbaf90be0>,40,3,[ 3 10],41,-1,103,-1,100
1,<environment.Job instance at 0x7f9dbaf90190>,42,23,[6 3],43,-1,123,-1,100
1,<environment.Job instance at 0x7f9dbaf907d0>,43,26,[ 1 10],44,-1,126,-1,100
1,<environment.Job instance at 0x7f9dbbd790f0>,45,16,[ 3 12],46,-1,122,-1,106
1,<environment.Job instance at 0x7f9dbbd79d70>,47,1,[8 3],48,-1,117,-1,116
1,<environment.Job instance at 0x7f9dbb565280>,13,3,[8 2],14,-1,18,-1,15
1,<environment.Job instance at 0x7f9dbb2f74b0>,15,1,[4 9],16,-1,17,-1,16
1,<environment.Job instance at 0x7f9dbb2f7050>,16,15,[ 5 14],17,-1,32,-1,17
1,<environment.Job instance at 0x7f9dbb841d20>,18,26,[3 8],19,-1,55,-1,29
1,<environment.Job instance at 0x7f9dbb2db190>,19,3,[5 2],20,-1,32,-1,29
1,<environment.Job instance at 0x7f9dbaf947d0>,25,23,[5 5],26,-1,92,-1,69
1,<environment.Job instance at 0x7f9dbafa7f50>,26,1,[6 3],27,-1,70,-1,69
1,<environment.Job instance at 0x7f9dbb556fa0>,32,16,[12  1],33,-1,115,-1,99
1,<environment.Job instance at 0x7f9dbb5561e0>,33,3,[1 5],34,-1,102,-1,99
1,<environment.Job instance at 0x7f9dbb957870>,35,15,[ 1 10],36,-1,116,-1,101
1,<environment.Job instance at 0x7f9dbaf53280>,36,3,[5 8],37,-1,104,-1,101
1,<environment.Job instance at 0x7f9dbb0049b0>,37,1,[3 7],38,-1,102,-1,101
1,<environment.Job instance at 0x7f9dbb004f50>,40,12,[ 5 13],41,-1,132,-1,120
1,<environment.Job instance at 0x7f9dbb004af0>,41,2,[2 8],42,-1,122,-1,120
1,<environment.Job instance at 0x7f9dbb004b40>,42,3,[7 4],43,-1,123,-1,120
1,<environment.Job instance at 0x7f9dbaff0780>,43,15,[ 1 10],44,-1,135,-1,120
1,<environment.Job instance at 0x7f9dbaff0b90>,44,2,[ 4 10],45,-1,122,-1,120
1,<environment.Job instance at 0x7f9dbaff0960>,45,17,[12  2],46,-1,137,-1,120
1,<environment.Job instance at 0x7f9dbaff01e0>,46,3,[2 9],47,-1,123,-1,120
1,<environment.Job instance at 0x7f9dbb2a2730>,11,18,[ 2 14],12,-1,30,-1,12
1,<environment.Job instance at 0x7f9dbb2a2500>,12,17,[ 4 13],13,-1,30,-1,13
1,<environment.Job instance at 0x7f9dbb2a2230>,13,25,[7 3],14,-1,39,-1,14
1,<environment.Job instance at 0x7f9dbb6e10f0>,16,3,[10  1],17,-1,21,-1,18
1,<environment.Job instance at 0x7f9dbb924d70>,24,1,[7 3],25,-1,34,-1,33
1,<environment.Job instance at 0x7f9dbb924f50>,25,3,[13  3],26,-1,36,-1,33
1,<environment.Job instance at 0x7f9dbaf008c0>,34,2,[ 3 10],35,-1,68,-1,66
1,<environment.Job instance at 0x7f9dbaf16dc0>,37,2,[1 8],38,-1,83,-1,81
1,<environment.Job instance at 0x7f9dbaeda0f0>,42,16,[14  3],43,-1,128,-1,112
1,<environment.Job instance at 0x7f9dbaf38640>,7,1,[ 4 10],8,-1,9,-1,8
1,<environment.Job instance at 0x7f9dbaf38e60>,8,24,[11  1],9,-1,33,-1,9
1,<environment.Job instance at 0x7f9dbaf35410>,20,1,[9 2],21,-1,40,-1,39
1,<environment.Job instance at 0x7f9dbae99e60>,12,3,[ 4 14],13,-1,39,-1,36
1,<environment.Job instance at 0x7f9dbae997d0>,13,13,[ 1 13],14,-1,49,-1,36
1,<environment.Job instance at 0x7f9dbae99e10>,14,1,[10  3],15,-1,37,-1,36
1,<environment.Job instance at 0x7f9dbb324280>,28,2,[2 7],29,-1,108,-1,106
1,<environment.Job instance at 0x7f9dbb3248c0>,31,1,[ 2 14],32,-1,118,-1,117
1,<environment.Job instance at 0x7f9dbb324eb0>,34,1,[ 3 10],35,-1,130,-1,129
1,<environment.Job instance at 0x7f9dbb324690>,35,2,[2 5],36,-1,131,-1,129
1,<environment.Job instance at 0x7f9dbb324be0>,36,25,[5 8],37,-1,154,-1,129
1,<environment.Job instance at 0x7f9dbb304370>,4,25,[2 8],5,-1,30,-1,5
1,<environment.Job instance at 0x7f9dbb304190>,6,13,[ 3 13],7,-1,20,-1,7
1,<environment.Job instance at 0x7f9dbb32d3c0>,12,2,[ 2 10],13,-1,15,-1,13
1,<environment.Job instance at 0x7f9dbb329c30>,16,1,[5 8],17,-1,18,-1,17
1,<environment.Job instance at 0x7f9dbb3251e0>,21,18,[8 1],22,-1,79,-1,61
1,<environment.Job instance at 0x7f9dbaf934b0>,26,3,[6 2],27,-1,64,-1,61
1,<environment.Job instance at 0x7f9dbc07e460>,27,13,[6 1],28,-1,74,-1,61
1,<environment.Job instance at 0x7f9dbb325910>,29,1,[4 8],30,-1,64,-1,63
1,<environment.Job instance at 0x7f9dbc2e8c30>,30,1,[9 4],31,-1,64,-1,63
1,<environment.Job instance at 0x7f9dbc2e8b40>,31,25,[8 1],32,-1,88,-1,63
1,<environment.Job instance at 0x7f9dbb894320>,32,3,[ 3 10],33,-1,66,-1,63
1,<environment.Job instance at 0x7f9dbc2e86e0>,33,20,[ 2 11],34,-1,83,-1,63
1,<environment.Job instance at 0x7f9dbb31cdc0>,34,2,[8 1],35,-1,65,-1,63
1,<environment.Job instance at 0x7f9dbc080230>,35,3,[5 4],36,-1,66,-1,63
1,<environment.Job instance at 0x7f9dbb88f190>,36,1,[7 1],37,-1,64,-1,63
1,<environment.Job instance at 0x7f9dbc306a00>,37,12,[ 3 12],38,-1,75,-1,63
1,<environment.Job instance at 0x7f9dbb305d20>,38,24,[9 2],39,-1,87,-1,63
1,<environment.Job instance at 0x7f9dbb305870>,40,16,[4 8],41,-1,84,-1,68
1,<environment.Job instance at 0x7f9dbc0a3f00>,43,16,[10  1],44,-1,95,-1,79
1,<environment.Job instance at 0x7f9dbc0a3eb0>,44,14,[4 9],45,-1,93,-1,79
1,<environment.Job instance at 0x7f9dbc0872d0>,45,1,[1 9],46,-1,80,-1,79
1,<environment.Job instance at 0x7f9dbc07d8c0>,46,14,[7 5],47,-1,93,-1,79
1,<environment.Job instance at 0x7f9dbb890230>,47,15,[ 1 10],48,-1,94,-1,79
1,<environment.Job instance at 0x7f9dbc0876e0>,48,15,[14  4],49,-1,94,-1,79
1,<environment.Job instance at 0x7f9dbc095050>,49,12,[6 2],50,-1,91,-1,79
1,<environment.Job instance at 0x7f9dbc095280>,50,1,[5 1],51,-1,80,-1,79
1,<environment.Job instance at 0x7f9dbc0950f0>,51,16,[9 1],52,-1,95,-1,79
1,<environment.Job instance at 0x7f9dbc095230>,52,2,[10  5],53,-1,81,-1,79
1,<environment.Job instance at 0x7f9dbc095550>,53,2,[2 7],54,-1,81,-1,79
1,<environment.Job instance at 0x7f9dbc095fa0>,57,27,[7 1],58,-1,124,-1,97
1,<environment.Job instance at 0x7f9dbc095aa0>,58,2,[6 4],59,-1,99,-1,97
1,<environment.Job instance at 0x7f9dbc095a00>,59,12,[5 5],60,-1,109,-1,97
1,<environment.Job instance at 0x7f9dbc095eb0>,60,13,[6 1],61,-1,110,-1,97
1,<environment.Job instance at 0x7f9dbc0952d0>,61,24,[1 7],62,-1,121,-1,97
1,<environment.Job instance at 0x7f9dbc095910>,62,3,[4 6],63,-1,100,-1,97
1,<environment.Job instance at 0x7f9dbc095370>,63,24,[5 9],64,-1,121,-1,97
1,<environment.Job instance at 0x7f9dbc0916e0>,64,3,[14  3],65,-1,100,-1,97
1,<environment.Job instance at 0x7f9dbc091280>,65,13,[ 4 13],66,-1,110,-1,97
1,<environment.Job instance at 0x7f9dbb7d3fa0>,70,13,[7 2],71,-1,130,-1,117
1,<environment.Job instance at 0x7f9dbb7d3cd0>,72,14,[4 5],73,-1,134,-1,120
1,<environment.Job instance at 0x7f9dbb7c91e0>,73,22,[ 3 10],74,-1,142,-1,120
1,<environment.Job instance at 0x7f9dbb7c9280>,74,2,[6 2],75,-1,122,-1,120
1,<environment.Job instance at 0x7f9dbbf976e0>,7,14,[ 3 13],8,-1,22,-1,8
1,<environment.Job instance at 0x7f9dbb5da870>,14,13,[11  5],15,-1,33,-1,20
1,<environment.Job instance at 0x7f9dbb81e640>,20,1,[1 6],21,-1,22,-1,21
1,<environment.Job instance at 0x7f9dbb8b99b0>,21,1,[1 6],22,-1,24,-1,23
1,<environment.Job instance at 0x7f9dbb8b94b0>,28,26,[2 7],29,-1,95,-1,69
1,<environment.Job instance at 0x7f9dbb8b9780>,29,3,[ 5 11],30,-1,72,-1,69
1,<environment.Job instance at 0x7f9dbb8b9aa0>,32,1,[9 3],33,-1,85,-1,84
1,<environment.Job instance at 0x7f9dbb8b9f50>,33,3,[ 3 10],34,-1,87,-1,84
1,<environment.Job instance at 0x7f9dbb8b9870>,35,1,[2 7],36,-1,86,-1,85
1,<environment.Job instance at 0x7f9dbb8b9690>,36,24,[5 3],37,-1,109,-1,85
1,<environment.Job instance at 0x7f9dbb8b9370>,37,18,[ 4 14],38,-1,103,-1,85
1,<environment.Job instance at 0x7f9dbb8b9f00>,38,3,[5 3],39,-1,88,-1,85
1,<environment.Job instance at 0x7f9dbb8b9460>,39,1,[5 9],40,-1,86,-1,85
1,<environment.Job instance at 0x7f9dbb8b9960>,41,17,[ 3 14],42,-1,123,-1,106
1,<environment.Job instance at 0x7f9dbb890690>,42,2,[ 3 12],43,-1,108,-1,106
1,<environment.Job instance at 0x7f9dbb8905f0>,43,2,[ 4 10],44,-1,108,-1,106
1,<environment.Job instance at 0x7f9dbb606e60>,7,1,[6 4],8,-1,11,-1,10
1,<environment.Job instance at 0x7f9dbb605f00>,15,2,[4 8],16,-1,26,-1,24
1,<environment.Job instance at 0x7f9dbb540280>,18,13,[6 1],19,-1,51,-1,38
1,<environment.Job instance at 0x7f9dbb6057d0>,14,14,[5 1],15,-1,57,-1,43
1,<environment.Job instance at 0x7f9dbb632d20>,24,1,[6 4],25,-1,44,-1,43
1,<environment.Job instance at 0x7f9dbc2e10f0>,26,17,[12  2],27,-1,60,-1,43
1,<environment.Job instance at 0x7f9dbc2e1e60>,27,28,[7 4],28,-1,71,-1,43
1,<environment.Job instance at 0x7f9dbc3ec870>,28,17,[ 1 10],29,-1,60,-1,43
1,<environment.Job instance at 0x7f9dbb432b40>,29,2,[7 3],30,-1,45,-1,43
1,<environment.Job instance at 0x7f9dbb9b2e60>,30,25,[10  4],31,-1,68,-1,43
1,<environment.Job instance at 0x7f9dbc3ecb40>,31,3,[3 7],32,-1,46,-1,43
1,<environment.Job instance at 0x7f9dbbf9e500>,32,1,[ 3 10],33,-1,44,-1,43
1,<environment.Job instance at 0x7f9dbc414f50>,35,15,[10  3],36,-1,72,-1,57
1,<environment.Job instance at 0x7f9dbc42fe10>,36,3,[ 1 10],37,-1,60,-1,57
1,<environment.Job instance at 0x7f9dbc312190>,37,3,[ 5 11],38,-1,60,-1,57
1,<environment.Job instance at 0x7f9dbb9bc1e0>,25,13,[ 2 13],26,-1,70,-1,57
1,<environment.Job instance at 0x7f9dbc312780>,39,13,[ 5 10],40,-1,70,-1,57
1,<environment.Job instance at 0x7f9dbbf85230>,38,2,[ 1 10],39,-1,59,-1,57
1,<environment.Job instance at 0x7f9dbbf9dd20>,41,3,[6 4],42,-1,60,-1,57
1,<environment.Job instance at 0x7f9dbc419be0>,43,3,[5 6],44,-1,72,-1,69
1,<environment.Job instance at 0x7f9dbc419780>,44,3,[6 4],45,-1,72,-1,69
1,<environment.Job instance at 0x7f9dbbf65c30>,45,2,[13  1],46,-1,71,-1,69
1,<environment.Job instance at 0x7f9dbb9b48c0>,46,3,[3 8],47,-1,72,-1,69
1,<environment.Job instance at 0x7f9dbb403c30>,22,24,[13  3],23,-1,105,-1,81
1,<environment.Job instance at 0x7f9dbb9b0f00>,51,3,[ 5 10],52,-1,84,-1,81
1,<environment.Job instance at 0x7f9dbbf63820>,54,2,[1 9],55,-1,98,-1,96
1,<environment.Job instance at 0x7f9dbbf63050>,57,14,[14  4],58,-1,126,-1,112
1,<environment.Job instance at 0x7f9dbbf63140>,58,3,[6 4],59,-1,115,-1,112
1,<environment.Job instance at 0x7f9dbc223870>,8,2,[10  1],9,-1,12,-1,10
1,<environment.Job instance at 0x7f9dbc223230>,11,2,[6 1],12,-1,14,-1,12
1,<environment.Job instance at 0x7f9dbc29e640>,18,1,[5 8],19,-1,24,-1,23
1,<environment.Job instance at 0x7f9dbc29e3c0>,19,28,[6 1],20,-1,51,-1,23
1,<environment.Job instance at 0x7f9dbc29e320>,20,1,[ 1 14],21,-1,24,-1,23
1,<environment.Job instance at 0x7f9dbc29eb40>,21,2,[1 9],22,-1,25,-1,23
1,<environment.Job instance at 0x7f9dbc29e9b0>,23,1,[7 1],24,-1,25,-1,24
1,<environment.Job instance at 0x7f9dbc29ee60>,26,3,[5 3],27,-1,44,-1,41
1,<environment.Job instance at 0x7f9dbc29e730>,27,3,[5 8],28,-1,44,-1,41
1,<environment.Job instance at 0x7f9dbc29e4b0>,28,2,[12  3],29,-1,43,-1,41
1,<environment.Job instance at 0x7f9dbaffcc30>,32,26,[ 5 14],33,-1,86,-1,60
1,<environment.Job instance at 0x7f9dbaffc460>,42,2,[12  5],43,-1,126,-1,124
1,<environment.Job instance at 0x7f9dbaffc4b0>,43,1,[4 7],44,-1,125,-1,124
1,<environment.Job instance at 0x7f9dbaffc550>,44,2,[5 8],45,-1,126,-1,124
1,<environment.Job instance at 0x7f9dbb28b500>,45,3,[ 1 10],46,-1,127,-1,124
1,<environment.Job instance at 0x7f9dbb28bb90>,46,1,[ 5 10],47,-1,125,-1,124
1,<environment.Job instance at 0x7f9dbacfdb40>,16,1,[3 9],17,-1,29,-1,28
1,<environment.Job instance at 0x7f9dbacfd960>,17,24,[4 8],18,-1,52,-1,28
1,<environment.Job instance at 0x7f9dbacfd1e0>,18,1,[10  3],19,-1,29,-1,28
1,<environment.Job instance at 0x7f9dbacfdeb0>,19,15,[7 1],20,-1,43,-1,28
1,<environment.Job instance at 0x7f9dbacfda50>,20,3,[8 2],21,-1,31,-1,28
1,<environment.Job instance at 0x7f9dbacfd460>,21,25,[1 7],22,-1,53,-1,28
1,<environment.Job instance at 0x7f9dbacfd280>,22,3,[6 3],23,-1,31,-1,28
1,<environment.Job instance at 0x7f9dbacfd6e0>,23,15,[8 3],24,-1,43,-1,28
1,<environment.Job instance at 0x7f9dbacfd4b0>,24,1,[8 4],25,-1,29,-1,28
1,<environment.Job instance at 0x7f9dbacfd5f0>,25,1,[9 2],26,-1,29,-1,28
1,<environment.Job instance at 0x7f9dbacfd2d0>,26,2,[8 5],27,-1,30,-1,28
1,<environment.Job instance at 0x7f9dbacfdaa0>,27,3,[4 5],28,-1,31,-1,28
1,<environment.Job instance at 0x7f9dbacfdc30>,28,1,[7 5],29,-1,30,-1,29
1,<environment.Job instance at 0x7f9dbacfd640>,29,2,[ 2 11],30,-1,32,-1,30
1,<environment.Job instance at 0x7f9dbacfdd70>,30,3,[4 8],31,-1,34,-1,31
1,<environment.Job instance at 0x7f9dbacfd910>,31,3,[2 9],32,-1,35,-1,32
1,<environment.Job instance at 0x7f9dbac4c960>,34,1,[10  2],35,-1,52,-1,51
1,<environment.Job instance at 0x7f9dbac4cf50>,36,14,[10  3],37,-1,70,-1,56
1,<environment.Job instance at 0x7f9dbac4ce60>,37,18,[10  1],38,-1,78,-1,60
1,<environment.Job instance at 0x7f9dbac4cc30>,40,13,[3 5],41,-1,79,-1,66
1,<environment.Job instance at 0x7f9dbac4c870>,41,3,[3 8],42,-1,69,-1,66
1,<environment.Job instance at 0x7f9dbac4c0a0>,42,18,[7 1],43,-1,84,-1,66
1,<environment.Job instance at 0x7f9dbac4ca00>,43,3,[5 7],44,-1,69,-1,66
1,<environment.Job instance at 0x7f9dbac4c550>,44,18,[5 1],45,-1,84,-1,66
1,<environment.Job instance at 0x7f9dbac4c5f0>,45,2,[6 1],46,-1,68,-1,66
1,<environment.Job instance at 0x7f9dbb9902d0>,16,2,[6 5],17,-1,37,-1,35
1,<environment.Job instance at 0x7f9dbb990c30>,17,3,[3 7],18,-1,39,-1,36
1,<environment.Job instance at 0x7f9dbb990190>,22,3,[14  5],23,-1,63,-1,60
1,<environment.Job instance at 0x7f9dbb9900a0>,23,1,[2 5],24,-1,61,-1,60
1,<environment.Job instance at 0x7f9dbb990640>,24,2,[4 7],25,-1,62,-1,60
1,<environment.Job instance at 0x7f9dbb990320>,25,2,[5 5],26,-1,62,-1,60
1,<environment.Job instance at 0x7f9dbbb4d550>,29,2,[3 7],30,-1,96,-1,94
1,<environment.Job instance at 0x7f9dbbb4df00>,32,1,[12  1],33,-1,110,-1,109
1,<environment.Job instance at 0x7f9dbbb4d780>,33,1,[5 6],34,-1,110,-1,109
1,<environment.Job instance at 0x7f9dbbb4d690>,35,2,[9 3],36,-1,114,-1,112
1,<environment.Job instance at 0x7f9dbbb4d4b0>,36,2,[4 6],37,-1,114,-1,112
1,<environment.Job instance at 0x7f9dbbb4d640>,37,2,[3 7],38,-1,114,-1,112
1,<environment.Job instance at 0x7f9dbbb4daf0>,38,2,[5 1],39,-1,114,-1,112
1,<environment.Job instance at 0x7f9dbc49ff00>,41,15,[12  5],42,-1,127,-1,112
1,<environment.Job instance at 0x7f9dbc2a5aa0>,7,18,[ 3 11],8,-1,26,-1,8
1,<environment.Job instance at 0x7f9dbc2a50a0>,8,1,[9 2],9,-1,11,-1,10
1,<environment.Job instance at 0x7f9dbb790960>,10,27,[5 7],11,-1,38,-1,11
1,<environment.Job instance at 0x7f9dbb790d20>,13,2,[4 9],14,-1,16,-1,14
1,<environment.Job instance at 0x7f9dbb7905a0>,23,3,[9 1],24,-1,66,-1,63
1,<environment.Job instance at 0x7f9dbb7902d0>,24,17,[12  2],25,-1,80,-1,63
1,<environment.Job instance at 0x7f9dbb790a00>,26,2,[12  3],27,-1,78,-1,76
1,<environment.Job instance at 0x7f9dbb790f00>,27,1,[5 9],28,-1,77,-1,76
1,<environment.Job instance at 0x7f9dbadb9280>,34,2,[1 7],35,-1,123,-1,121
1,<environment.Job instance at 0x7f9dbadb9be0>,35,2,[ 4 10],36,-1,123,-1,121
1,<environment.Job instance at 0x7f9dbbe3d7d0>,25,2,[3 9],26,-1,43,-1,41
1,<environment.Job instance at 0x7f9dbbe3d5a0>,32,1,[6 5],33,-1,75,-1,74
1,<environment.Job instance at 0x7f9dbbe4fd70>,37,2,[10  3],38,-1,94,-1,92
1,<environment.Job instance at 0x7f9dbbe4f9b0>,39,24,[5 5],40,-1,127,-1,103
1,<environment.Job instance at 0x7f9dbbe4ff50>,41,15,[13  4],42,-1,119,-1,104
1,<environment.Job instance at 0x7f9dbbe4f960>,43,3,[ 4 13],44,-1,108,-1,105
1,<environment.Job instance at 0x7f9dbbe140f0>,47,27,[2 6],48,-1,150,-1,123
1,<environment.Job instance at 0x7f9dbbe14140>,48,27,[9 4],49,-1,150,-1,123
1,<environment.Job instance at 0x7f9dbbbebd20>,10,25,[ 2 10],11,-1,36,-1,11
1,<environment.Job instance at 0x7f9dbc226be0>,20,1,[7 3],21,-1,30,-1,29
1,<environment.Job instance at 0x7f9dbc226d20>,21,16,[9 1],22,-1,46,-1,30
1,<environment.Job instance at 0x7f9dbc226f50>,23,25,[2 8],24,-1,70,-1,45
1,<environment.Job instance at 0x7f9dbc226870>,24,3,[11  5],25,-1,48,-1,45
1,<environment.Job instance at 0x7f9dbb87ef50>,30,3,[5 5],31,-1,63,-1,60
1,<environment.Job instance at 0x7f9dbc2269b0>,31,2,[5 7],32,-1,62,-1,60
1,<environment.Job instance at 0x7f9dbb87e140>,32,1,[10  3],33,-1,61,-1,60
1,<environment.Job instance at 0x7f9dbb87e1e0>,37,3,[9 5],38,-1,89,-1,86
1,<environment.Job instance at 0x7f9dbb87ec80>,38,3,[7 1],39,-1,89,-1,86
1,<environment.Job instance at 0x7f9dbb87e370>,41,17,[ 1 10],42,-1,123,-1,106
1,<environment.Job instance at 0x7f9dbb87e2d0>,42,2,[ 3 12],43,-1,108,-1,106
1,<environment.Job instance at 0x7f9dbb87e410>,43,3,[1 7],44,-1,109,-1,106
1,<environment.Job instance at 0x7f9dbb87e870>,46,13,[1 5],47,-1,128,-1,115
1,<environment.Job instance at 0x7f9dbb27b910>,10,2,[2 7],11,-1,17,-1,15
1,<environment.Job instance at 0x7f9dbc1df550>,11,1,[5 3],12,-1,16,-1,15
1,<environment.Job instance at 0x7f9dbb293e10>,12,1,[9 4],13,-1,16,-1,15
1,<environment.Job instance at 0x7f9dbb2939b0>,13,3,[3 8],14,-1,18,-1,15
1,<environment.Job instance at 0x7f9dbb293820>,14,3,[4 5],15,-1,18,-1,15
1,<environment.Job instance at 0x7f9dbb293aa0>,15,1,[11  3],16,-1,17,-1,16
1,<environment.Job instance at 0x7f9dbb2899b0>,16,3,[10  4],17,-1,20,-1,17
1,<environment.Job instance at 0x7f9dbc0b9690>,4,1,[ 1 13],5,-1,7,-1,6
1,<environment.Job instance at 0x7f9dbc0bd370>,10,2,[5 5],11,-1,17,-1,15
1,<environment.Job instance at 0x7f9dbc0b19b0>,19,2,[10  1],20,-1,54,-1,52
1,<environment.Job instance at 0x7f9dbc0b1a50>,24,1,[2 5],25,-1,66,-1,65
1,<environment.Job instance at 0x7f9dbc0b18c0>,29,1,[3 6],30,-1,89,-1,88
1,<environment.Job instance at 0x7f9dbc0b1d20>,30,14,[ 3 11],31,-1,102,-1,88
1,<environment.Job instance at 0x7f9dbc0b1320>,31,2,[1 7],32,-1,90,-1,88
1,<environment.Job instance at 0x7f9dbc0b1690>,32,1,[5 8],33,-1,89,-1,88
1,<environment.Job instance at 0x7f9dbc0b40a0>,37,3,[7 2],38,-1,129,-1,126
1,<environment.Job instance at 0x7f9dbc0b41e0>,38,1,[1 9],39,-1,128,-1,127
1,<environment.Job instance at 0x7f9dbb974b90>,17,2,[5 3],18,-1,39,-1,37
1,<environment.Job instance at 0x7f9dbb9749b0>,18,14,[ 5 12],19,-1,51,-1,37
1,<environment.Job instance at 0x7f9dbb9740a0>,19,2,[3 6],20,-1,39,-1,37
1,<environment.Job instance at 0x7f9dbb974be0>,20,14,[ 3 14],21,-1,51,-1,37
1,<environment.Job instance at 0x7f9dbb974690>,21,18,[13  4],22,-1,55,-1,37
1,<environment.Job instance at 0x7f9dbb9594b0>,28,3,[5 5],29,-1,69,-1,66
1,<environment.Job instance at 0x7f9dbb94f960>,29,25,[ 3 13],30,-1,91,-1,66
1,<environment.Job instance at 0x7f9dbb94faf0>,30,1,[ 1 11],31,-1,67,-1,66
1,<environment.Job instance at 0x7f9dbb94f7d0>,33,2,[6 4],34,-1,81,-1,79
1,<environment.Job instance at 0x7f9dbb94f230>,36,1,[ 5 10],37,-1,96,-1,95
1,<environment.Job instance at 0x7f9dbb954af0>,37,1,[2 8],38,-1,96,-1,95
1,<environment.Job instance at 0x7f9dbb954820>,39,1,[1 6],40,-1,112,-1,111
1,<environment.Job instance at 0x7f9dbb954dc0>,40,1,[3 7],41,-1,112,-1,111
1,<environment.Job instance at 0x7f9dbb954690>,41,15,[13  1],42,-1,126,-1,111
1,<environment.Job instance at 0x7f55314defa0>,16,15,[ 1 11],17,-1,56,-1,41
1,<environment.Job instance at 0x7f55314decd0>,17,2,[3 5],18,-1,43,-1,41
1,<environment.Job instance at 0x7f55314e00a0>,19,2,[5 5],20,-1,51,-1,49
1,<environment.Job instance at 0x7f55314e0820>,27,13,[11  4],28,-1,84,-1,71
1,<environment.Job instance at 0x7f55314e08c0>,28,2,[ 3 10],29,-1,73,-1,71
1,<environment.Job instance at 0x7f55314e0b40>,32,1,[5 6],33,-1,89,-1,88
1,<environment.Job instance at 0x7f55314e0d20>,35,1,[9 1],36,-1,106,-1,105
1,<environment.Job instance at 0x7f55314e0730>,39,1,[2 7],40,-1,106,-1,105
1,<environment.Job instance at 0x7f55314e40f0>,41,23,[10  4],42,-1,156,-1,133
1,<environment.Job instance at 0x7f55315579b0>,6,25,[ 4 10],7,-1,32,-1,7
1,<environment.Job instance at 0x7f5531b9c410>,16,2,[5 8],17,-1,21,-1,19
1,<environment.Job instance at 0x7f5531b9c460>,17,2,[2 8],18,-1,21,-1,19
1,<environment.Job instance at 0x7f5531b9c0a0>,18,1,[9 3],19,-1,20,-1,19
1,<environment.Job instance at 0x7f5531b9c1e0>,20,3,[ 5 12],21,-1,38,-1,35
1,<environment.Job instance at 0x7f5531b9c3c0>,21,2,[ 2 10],22,-1,37,-1,35
1,<environment.Job instance at 0x7f5531b9c550>,22,1,[5 2],23,-1,36,-1,35
1,<environment.Job instance at 0x7f5530e043c0>,25,3,[ 1 10],26,-1,52,-1,49
1,<environment.Job instance at 0x7f5531b9c320>,26,2,[ 3 10],27,-1,51,-1,49
1,<environment.Job instance at 0x7f5530ba84b0>,30,19,[ 5 11],31,-1,83,-1,64
1,<environment.Job instance at 0x7f5530e05140>,34,3,[13  5],35,-1,114,-1,111
1,<environment.Job instance at 0x7f5530f43280>,37,1,[3 7],38,-1,115,-1,114
1,<environment.Job instance at 0x7f5530f93550>,42,2,[6 1],43,-1,141,-1,139
1,<environment.Job instance at 0x7f5530f93d70>,43,3,[10  3],44,-1,142,-1,139
1,<environment.Job instance at 0x7f5530f43960>,44,1,[8 3],45,-1,140,-1,139
1,<environment.Job instance at 0x7f5530ff85f0>,45,2,[6 4],46,-1,141,-1,139
1,<environment.Job instance at 0x7f5530bcf0f0>,5,2,[1 9],6,-1,9,-1,7
1,<environment.Job instance at 0x7f5530bcf780>,7,18,[ 1 11],8,-1,26,-1,8
1,<environment.Job instance at 0x7f5530bcfc30>,10,2,[3 8],11,-1,13,-1,11
1,<environment.Job instance at 0x7f5530bcfaa0>,11,18,[ 2 14],12,-1,30,-1,12
1,<environment.Job instance at 0x7f5530bcf730>,12,28,[10  1],13,-1,41,-1,13
1,<environment.Job instance at 0x7f5530bcf550>,13,2,[5 6],14,-1,16,-1,14
1,<environment.Job instance at 0x7f553a8a05a0>,18,26,[7 2],19,-1,45,-1,19
1,<environment.Job instance at 0x7f553a8a0b40>,19,2,[5 5],20,-1,22,-1,20
1,<environment.Job instance at 0x7f553a8a0d20>,20,3,[ 3 10],21,-1,24,-1,21
1,<environment.Job instance at 0x7f5530b96d20>,22,23,[6 3],23,-1,46,-1,23
1,<environment.Job instance at 0x7f5530b96b90>,23,26,[ 1 10],24,-1,50,-1,24
1,<environment.Job instance at 0x7f553a8a0d70>,25,16,[ 3 12],26,-1,46,-1,30
1,<environment.Job instance at 0x7f5530b960f0>,33,14,[12  3],34,-1,75,-1,61
1,<environment.Job instance at 0x7f5530b96190>,34,2,[8 4],35,-1,63,-1,61
1,<environment.Job instance at 0x7f5530b96d70>,36,25,[2 7],37,-1,86,-1,61
1,<environment.Job instance at 0x7f5530b96f00>,37,3,[ 5 10],38,-1,64,-1,61
1,<environment.Job instance at 0x7f5530b96cd0>,38,1,[6 2],39,-1,62,-1,61
1,<environment.Job instance at 0x7f5530b961e0>,39,14,[ 3 10],40,-1,81,-1,67
1,<environment.Job instance at 0x7f5530b967d0>,40,2,[10  2],41,-1,69,-1,67
1,<environment.Job instance at 0x7f5530b96730>,41,1,[13  2],42,-1,68,-1,67
1,<environment.Job instance at 0x7f5531a98e10>,46,3,[7 3],47,-1,95,-1,92
1,<environment.Job instance at 0x7f553135d870>,47,2,[7 2],48,-1,94,-1,92
1,<environment.Job instance at 0x7f553135d320>,48,2,[10  5],49,-1,94,-1,92
1,<environment.Job instance at 0x7f553135d140>,49,2,[13  5],50,-1,94,-1,92
1,<environment.Job instance at 0x7f553135de60>,50,3,[1 7],51,-1,95,-1,92
1,<environment.Job instance at 0x7f553135da00>,51,3,[8 1],52,-1,95,-1,92
1,<environment.Job instance at 0x7f5531289960>,55,1,[9 1],56,-1,110,-1,109
1,<environment.Job instance at 0x7f553135dcd0>,56,12,[14  5],57,-1,121,-1,109
1,<environment.Job instance at 0x7f55312c9f00>,57,2,[2 8],58,-1,111,-1,109
1,<environment.Job instance at 0x7f553135d820>,58,2,[ 2 10],59,-1,111,-1,109
1,<environment.Job instance at 0x7f5530da52d0>,59,13,[10  3],60,-1,125,-1,112
1,<environment.Job instance at 0x7f5531326820>,61,3,[1 5],62,-1,124,-1,121
1,<environment.Job instance at 0x7f5531326500>,62,3,[8 5],63,-1,124,-1,121
1,<environment.Job instance at 0x7f5531660b90>,63,27,[9 5],64,-1,148,-1,121
1,<environment.Job instance at 0x7f5531660d20>,64,14,[10  1],65,-1,143,-1,129
1,<environment.Job instance at 0x7f5531987960>,65,17,[14  2],66,-1,146,-1,129
1,<environment.Job instance at 0x7f5530ee2e10>,66,2,[7 1],67,-1,131,-1,129
1,<environment.Job instance at 0x7f5531660fa0>,67,2,[ 3 12],68,-1,131,-1,129
1,<environment.Job instance at 0x7f5531660c30>,68,24,[5 8],69,-1,153,-1,129
1,<environment.Job instance at 0x7f5531a045a0>,69,1,[2 9],70,-1,130,-1,129
1,<environment.Job instance at 0x7f5531a04690>,70,27,[3 7],71,-1,156,-1,129
1,<environment.Job instance at 0x7f5531a04500>,71,17,[ 3 14],72,-1,146,-1,129
1,<environment.Job instance at 0x7f55310d2b40>,72,1,[8 3],73,-1,130,-1,129
1,<environment.Job instance at 0x7f55318ad0f0>,73,2,[ 1 11],74,-1,131,-1,129
1,<environment.Job instance at 0x7f5531a048c0>,75,1,[8 2],76,-1,130,-1,129
1,<environment.Job instance at 0x7f55318c0b40>,77,19,[13  2],78,-1,152,-1,133
1,<environment.Job instance at 0x7f55314846e0>,2,16,[12  1],3,-1,19,-1,3
1,<environment.Job instance at 0x7f55318c0b40>,7,1,[3 7],8,-1,11,-1,10
1,<environment.Job instance at 0x7f5531129cd0>,10,12,[ 5 13],11,-1,23,-1,11
1,<environment.Job instance at 0x7f55319e2be0>,14,2,[ 4 10],15,-1,23,-1,21
1,<environment.Job instance at 0x7f5531032780>,16,3,[2 9],17,-1,28,-1,25
1,<environment.Job instance at 0x7f553a8d5370>,20,3,[9 1],21,-1,45,-1,42
1,<environment.Job instance at 0x7f5530f3ebe0>,22,1,[5 3],23,-1,43,-1,42
1,<environment.Job instance at 0x7f5530fa0b90>,26,1,[2 5],27,-1,62,-1,61
1,<environment.Job instance at 0x7f5531a41460>,29,19,[13  2],30,-1,95,-1,76
1,<environment.Job instance at 0x7f5530b94c80>,35,1,[ 4 11],36,-1,116,-1,115
1,<environment.Job instance at 0x7f5530b57370>,36,2,[4 7],37,-1,117,-1,115
1,<environment.Job instance at 0x7f5530b575a0>,37,3,[12  4],38,-1,118,-1,115
1,<environment.Job instance at 0x7f5530b6a2d0>,38,2,[ 2 10],39,-1,117,-1,115
1,<environment.Job instance at 0x7f5530b57aa0>,40,2,[6 4],41,-1,131,-1,129
1,<environment.Job instance at 0x7f5530b95a50>,41,1,[10  5],42,-1,130,-1,129
1,<environment.Job instance at 0x7f5530b95190>,42,1,[3 5],43,-1,130,-1,129
1,<environment.Job instance at 0x7f5530b958c0>,43,3,[7 1],44,-1,132,-1,129
1,<environment.Job instance at 0x7f5530b95f50>,45,3,[5 4],46,-1,132,-1,129
1,<environment.Job instance at 0x7f5530b95640>,47,1,[7 3],48,-1,138,-1,137
1,<environment.Job instance at 0x7f5530f0c5f0>,2,16,[14  3],3,-1,19,-1,3
1,<environment.Job instance at 0x7f5530e99050>,7,3,[8 4],8,-1,12,-1,9
1,<environment.Job instance at 0x7f5530e92b90>,14,28,[ 4 10],15,-1,63,-1,35
1,<environment.Job instance at 0x7f5530e92eb0>,15,2,[1 6],16,-1,37,-1,35
1,<environment.Job instance at 0x7f5530e92960>,16,14,[ 5 12],17,-1,49,-1,35
1,<environment.Job instance at 0x7f5530e92690>,17,3,[14  4],18,-1,38,-1,35
1,<environment.Job instance at 0x7f5530eab690>,18,13,[14  1],19,-1,48,-1,35
1,<environment.Job instance at 0x7f5530eab6e0>,19,2,[1 8],20,-1,37,-1,35
1,<environment.Job instance at 0x7f5530eac780>,37,1,[9 3],38,-1,123,-1,122
1,<environment.Job instance at 0x7f5530eac0f0>,38,2,[7 4],39,-1,124,-1,122
1,<environment.Job instance at 0x7f5530a7bfa0>,8,12,[ 4 12],9,-1,21,-1,9
1,<environment.Job instance at 0x7f5531223c30>,13,1,[6 4],14,-1,16,-1,15
1,<environment.Job instance at 0x7f5531223870>,15,1,[4 6],16,-1,17,-1,16
1,<environment.Job instance at 0x7f55311fcc30>,21,14,[ 1 10],22,-1,46,-1,32
1,<environment.Job instance at 0x7f55311fc5f0>,22,2,[5 8],23,-1,34,-1,32
1,<environment.Job instance at 0x7f55311fccd0>,23,3,[9 1],24,-1,35,-1,32
1,<environment.Job instance at 0x7f55311fcd20>,24,3,[1 8],25,-1,35,-1,32
1,<environment.Job instance at 0x7f55311fca50>,31,1,[5 5],32,-1,72,-1,71
1,<environment.Job instance at 0x7f55311fce10>,32,2,[8 5],33,-1,73,-1,71
1,<environment.Job instance at 0x7f55311fcb40>,35,13,[9 2],36,-1,100,-1,87
1,<environment.Job instance at 0x7f55311fc870>,36,1,[ 4 14],37,-1,88,-1,87
1,<environment.Job instance at 0x7f55311fceb0>,37,2,[8 4],38,-1,89,-1,87
1,<environment.Job instance at 0x7f5530ac6410>,40,3,[5 3],41,-1,103,-1,100
1,<environment.Job instance at 0x7f5530ac65a0>,41,1,[3 7],42,-1,101,-1,100
1,<environment.Job instance at 0x7f5530ac6e60>,43,3,[2 6],44,-1,121,-1,118
1,<environment.Job instance at 0x7f5530ac62d0>,44,15,[14  2],45,-1,133,-1,118
1,<environment.Job instance at 0x7f5530aca280>,46,16,[11  3],47,-1,136,-1,120
1,<environment.Job instance at 0x7f5530aca230>,47,2,[10  2],48,-1,122,-1,120
1,<environment.Job instance at 0x7f5530aca2d0>,48,28,[ 4 14],49,-1,148,-1,120
1,<environment.Job instance at 0x7f5530aca0f0>,52,3,[10  1],53,-1,142,-1,139
1,<environment.Job instance at 0x7f5530aca320>,53,3,[5 5],54,-1,142,-1,139
1,<environment.Job instance at 0x7f5530acaa00>,54,3,[2 7],55,-1,142,-1,139
1,<environment.Job instance at 0x7f5530aca820>,56,1,[5 7],57,-1,140,-1,139
1,<environment.Job instance at 0x7f5530aca640>,57,18,[12  5],58,-1,157,-1,139
1,<environment.Job instance at 0x7f5530aca6e0>,58,1,[12  2],59,-1,140,-1,139
1,<environment.Job instance at 0x7f5530aca050>,59,3,[7 5],60,-1,142,-1,139
1,<environment.Job instance at 0x7f5530aca460>,60,3,[7 5],61,-1,142,-1,139
1,<environment.Job instance at 0x7f5530acf690>,61,3,[1 7],62,-1,142,-1,139
1,<environment.Job instance at 0x7f5530acfe10>,62,3,[1 9],63,-1,142,-1,139
1,<environment.Job instance at 0x7f5530acfd20>,63,16,[14  1],64,-1,155,-1,139
1,<environment.Job instance at 0x7f55319e8460>,8,1,[5 7],9,-1,11,-1,10
1,<environment.Job instance at 0x7f553191d550>,10,2,[5 8],11,-1,13,-1,11
1,<environment.Job instance at 0x7f553191d3c0>,11,3,[7 4],12,-1,15,-1,12
1,<environment.Job instance at 0x7f553191de10>,16,24,[3 5],17,-1,41,-1,17
1,<environment.Job instance at 0x7f553191d460>,17,28,[7 2],18,-1,46,-1,18
1,<environment.Job instance at 0x7f553191d140>,23,3,[4 8],24,-1,50,-1,47
1,<environment.Job instance at 0x7f5530a7c5f0>,26,28,[5 8],27,-1,90,-1,62
1,<environment.Job instance at 0x7f5530a7c910>,27,3,[8 1],28,-1,65,-1,62
1,<environment.Job instance at 0x7f5530a7cd20>,28,1,[11  1],29,-1,63,-1,62
1,<environment.Job instance at 0x7f5530a7c550>,29,17,[ 3 13],30,-1,79,-1,62
1,<environment.Job instance at 0x7f5530a7caa0>,30,23,[5 9],31,-1,85,-1,62
1,<environment.Job instance at 0x7f5530a7c730>,31,2,[ 2 10],32,-1,64,-1,62
1,<environment.Job instance at 0x7f5530a7cc30>,33,26,[10  5],34,-1,95,-1,69
1,<environment.Job instance at 0x7f5530a7cfa0>,34,18,[ 1 11],35,-1,87,-1,69
1,<environment.Job instance at 0x7f5530a7c5a0>,36,17,[5 1],37,-1,105,-1,88
1,<environment.Job instance at 0x7f5530a7c640>,40,1,[14  5],41,-1,100,-1,99
1,<environment.Job instance at 0x7f5530a7c8c0>,41,1,[2 5],42,-1,100,-1,99
1,<environment.Job instance at 0x7f5530a7c320>,44,1,[10  2],45,-1,114,-1,113
1,<environment.Job instance at 0x7f5530a7c190>,46,23,[5 8],47,-1,136,-1,113
1,<environment.Job instance at 0x7f5530ae53c0>,47,3,[ 4 11],48,-1,116,-1,113
1,<environment.Job instance at 0x7f5530ae5320>,50,3,[4 8],51,-1,131,-1,128
1,<environment.Job instance at 0x7f5530ae5d20>,51,2,[2 6],52,-1,130,-1,128
1,<environment.Job instance at 0x7f553112beb0>,13,14,[11  2],14,-1,37,-1,23
1,<environment.Job instance at 0x7f553112b690>,14,2,[ 1 11],15,-1,25,-1,23
1,<environment.Job instance at 0x7f55311205f0>,19,2,[5 6],20,-1,53,-1,51
1,<environment.Job instance at 0x7f5531120e10>,20,2,[8 2],21,-1,53,-1,51
1,<environment.Job instance at 0x7f5531120690>,21,2,[9 4],22,-1,53,-1,51
1,<environment.Job instance at 0x7f55311206e0>,22,1,[4 8],23,-1,52,-1,51
1,<environment.Job instance at 0x7f5531119eb0>,23,3,[5 3],24,-1,54,-1,51
1,<environment.Job instance at 0x7f5531120140>,24,3,[6 2],25,-1,54,-1,51
1,<environment.Job instance at 0x7f5531caafa0>,25,14,[4 9],26,-1,109,-1,95
1,<environment.Job instance at 0x7f5531ca1aa0>,33,26,[5 4],34,-1,121,-1,95
1,<environment.Job instance at 0x7f55311b8e60>,34,13,[ 5 14],35,-1,108,-1,95
1,<environment.Job instance at 0x7f553119b140>,35,16,[1 5],36,-1,111,-1,95
1,<environment.Job instance at 0x7f55311a6690>,36,16,[ 4 10],37,-1,111,-1,95
1,<environment.Job instance at 0x7f55311b8f50>,40,3,[7 1],41,-1,118,-1,115
1,<environment.Job instance at 0x7f5530eea780>,41,3,[6 3],42,-1,118,-1,115
1,<environment.Job instance at 0x7f55311ad960>,42,18,[5 1],43,-1,140,-1,122
1,<environment.Job instance at 0x7f553151df50>,8,3,[ 4 10],9,-1,13,-1,10
1,<environment.Job instance at 0x7f553151d050>,11,2,[6 5],12,-1,14,-1,12
1,<environment.Job instance at 0x7f553151d230>,12,1,[5 9],13,-1,14,-1,13
1,<environment.Job instance at 0x7f553151d320>,14,3,[ 4 10],15,-1,18,-1,15
1,<environment.Job instance at 0x7f553151d4b0>,15,3,[11  4],16,-1,19,-1,16
1,<environment.Job instance at 0x7f5530ebf640>,25,1,[10  5],26,-1,58,-1,57
1,<environment.Job instance at 0x7f5530ebfc80>,26,2,[7 3],27,-1,59,-1,57
1,<environment.Job instance at 0x7f5530ebf730>,27,3,[1 9],28,-1,60,-1,57
1,<environment.Job instance at 0x7f5530ebfe10>,31,1,[8 1],32,-1,94,-1,93
1,<environment.Job instance at 0x7f5530ebf780>,32,2,[6 4],33,-1,95,-1,93
1,<environment.Job instance at 0x7f5530ebf410>,33,26,[6 1],34,-1,119,-1,93
1,<environment.Job instance at 0x7f5530ebf8c0>,34,1,[10  2],35,-1,94,-1,93
1,<environment.Job instance at 0x7f5530ec9a00>,35,2,[5 8],36,-1,95,-1,93
1,<environment.Job instance at 0x7f5530ec9e60>,36,1,[11  3],37,-1,94,-1,93
1,<environment.Job instance at 0x7f5530ec9140>,37,1,[2 6],38,-1,94,-1,93
1,<environment.Job instance at 0x7f5530ec9c30>,38,18,[ 1 11],39,-1,111,-1,93
1,<environment.Job instance at 0x7f5530ec9870>,39,27,[ 4 10],40,-1,120,-1,93
1,<environment.Job instance at 0x7f5530ec97d0>,43,26,[1 9],44,-1,126,-1,100
1,<environment.Job instance at 0x7f5530ec9280>,45,17,[ 4 11],46,-1,117,-1,100
1,<environment.Job instance at 0x7f5530ec9aa0>,46,24,[7 5],47,-1,124,-1,100
1,<environment.Job instance at 0x7f5530ec9410>,49,12,[13  1],50,-1,126,-1,114
1,<environment.Job instance at 0x7f5530ec91e0>,51,2,[4 6],52,-1,116,-1,114
1,<environment.Job instance at 0x7f5530ec9d70>,52,2,[10  3],53,-1,116,-1,114
1,<environment.Job instance at 0x7f5530ec9b40>,55,24,[2 7],56,-1,152,-1,128
1,<environment.Job instance at 0x7f55315217d0>,57,1,[6 4],58,-1,135,-1,134
1,<environment.Job instance at 0x7f5531521e60>,59,3,[3 9],60,-1,137,-1,134
1,<environment.Job instance at 0x7f5531521f00>,60,2,[6 5],61,-1,136,-1,134
1,<environment.Job instance at 0x7f5531521f00>,2,26,[10  2],3,-1,29,-1,3
1,<environment.Job instance at 0x7f5531a15b40>,8,14,[13  1],9,-1,23,-1,9
1,<environment.Job instance at 0x7f5531a15910>,9,2,[9 5],10,-1,12,-1,10
1,<environment.Job instance at 0x7f5531a20d70>,14,2,[ 1 12],15,-1,17,-1,15
1,<environment.Job instance at 0x7f553119f730>,17,2,[5 9],18,-1,21,-1,19
1,<environment.Job instance at 0x7f553177f8c0>,19,1,[2 6],20,-1,21,-1,20
1,<environment.Job instance at 0x7f55311b0fa0>,23,1,[ 1 10],24,-1,25,-1,24
1,<environment.Job instance at 0x7f5531ed4500>,26,23,[8 1],27,-1,64,-1,41
1,<environment.Job instance at 0x7f553a684140>,27,2,[ 5 14],28,-1,43,-1,41
1,<environment.Job instance at 0x7f5531eb8460>,28,1,[4 6],29,-1,42,-1,41
1,<environment.Job instance at 0x7f5531eb8140>,29,3,[10  1],30,-1,44,-1,41
1,<environment.Job instance at 0x7f5531ebcb90>,30,1,[3 5],31,-1,42,-1,41
1,<environment.Job instance at 0x7f5531a2a5a0>,38,2,[8 3],39,-1,91,-1,89
1,<environment.Job instance at 0x7f553a6b5050>,40,2,[7 4],41,-1,91,-1,89
1,<environment.Job instance at 0x7f5531a382d0>,41,1,[1 6],42,-1,90,-1,89
1,<environment.Job instance at 0x7f5531a2a0a0>,43,18,[ 5 11],44,-1,113,-1,95
1,<environment.Job instance at 0x7f553177b2d0>,45,3,[7 5],46,-1,99,-1,96
1,<environment.Job instance at 0x7f5531ecf5f0>,48,2,[10  1],49,-1,116,-1,114
1,<environment.Job instance at 0x7f55317620f0>,49,24,[5 8],50,-1,138,-1,114
1,<environment.Job instance at 0x7f55317625a0>,50,3,[5 7],51,-1,117,-1,114
1,<environment.Job instance at 0x7f55317645f0>,51,2,[6 1],52,-1,116,-1,114
1,<environment.Job instance at 0x7f55317649b0>,53,2,[ 1 12],54,-1,128,-1,126
1,<environment.Job instance at 0x7f5531764af0>,54,3,[5 2],55,-1,129,-1,126
1,<environment.Job instance at 0x7f5531764be0>,55,3,[5 1],56,-1,129,-1,126
1,<environment.Job instance at 0x7f5531764c80>,58,1,[5 8],59,-1,133,-1,132
1,<environment.Job instance at 0x7f5531764cd0>,59,28,[6 1],60,-1,160,-1,132
1,<environment.Job instance at 0x7f5531764dc0>,60,1,[ 1 14],61,-1,133,-1,132
1,<environment.Job instance at 0x7f5531757230>,61,2,[1 9],62,-1,134,-1,132
1,<environment.Job instance at 0x7f5531757280>,62,3,[5 8],63,-1,135,-1,132
1,<environment.Job instance at 0x7f5531757550>,63,1,[7 1],64,-1,133,-1,132
1,<environment.Job instance at 0x7f5531757640>,64,18,[ 4 10],65,-1,150,-1,132
1,<environment.Job instance at 0x7f5531d24af0>,7,13,[13  3],8,-1,21,-1,8
1,<environment.Job instance at 0x7f5531d24280>,16,3,[4 5],17,-1,41,-1,38
1,<environment.Job instance at 0x7f5531d24870>,17,28,[5 3],18,-1,66,-1,38
1,<environment.Job instance at 0x7f5531d242d0>,18,1,[6 1],19,-1,39,-1,38
1,<environment.Job instance at 0x7f55315c21e0>,21,1,[1 9],22,-1,56,-1,55
1,<environment.Job instance at 0x7f55315c2640>,23,2,[12  4],24,-1,62,-1,60
1,<environment.Job instance at 0x7f55315c23c0>,26,3,[10  3],27,-1,81,-1,78
1,<environment.Job instance at 0x7f55315c25a0>,27,12,[11  1],28,-1,90,-1,78
1,<environment.Job instance at 0x7f55315c2eb0>,28,2,[2 8],29,-1,80,-1,78
1,<environment.Job instance at 0x7f55315c2aa0>,29,1,[ 2 10],30,-1,79,-1,78
1,<environment.Job instance at 0x7f55315c2c80>,30,12,[10  1],31,-1,94,-1,82
1,<environment.Job instance at 0x7f55315c26e0>,31,3,[7 5],32,-1,85,-1,82
1,<environment.Job instance at 0x7f55315c2f50>,32,1,[7 2],33,-1,83,-1,82
1,<environment.Job instance at 0x7f55315c2500>,34,27,[4 9],35,-1,113,-1,86
1,<environment.Job instance at 0x7f55315c2820>,36,3,[4 7],37,-1,99,-1,96
1,<environment.Job instance at 0x7f55315c2b40>,38,2,[3 6],39,-1,98,-1,96
1,<environment.Job instance at 0x7f5531300910>,42,3,[5 2],43,-1,126,-1,123
1,<environment.Job instance at 0x7f5531300230>,43,18,[ 3 13],44,-1,141,-1,123
1,<environment.Job instance at 0x7f55313006e0>,44,26,[12  3],45,-1,149,-1,123
1,<environment.Job instance at 0x7f5531300f50>,46,1,[3 9],47,-1,131,-1,130
1,<environment.Job instance at 0x7f5531300140>,47,24,[4 8],48,-1,154,-1,130
1,<environment.Job instance at 0x7f5531300500>,48,1,[10  3],49,-1,131,-1,130
1,<environment.Job instance at 0x7f5531300c30>,50,3,[8 2],51,-1,134,-1,131
1,<environment.Job instance at 0x7f5531300e10>,51,25,[1 7],52,-1,156,-1,131
1,<environment.Job instance at 0x7f5531300280>,52,3,[6 3],53,-1,134,-1,131
1,<environment.Job instance at 0x7f5531300cd0>,54,1,[8 4],55,-1,139,-1,138
1,<environment.Job instance at 0x7f5531300aa0>,55,1,[9 2],56,-1,139,-1,138
1,<environment.Job instance at 0x7f5531300d20>,56,2,[8 5],57,-1,140,-1,138
1,<environment.Job instance at 0x7f55313002d0>,57,3,[4 5],58,-1,142,-1,139
1,<environment.Job instance at 0x7f5531300b90>,58,1,[7 5],59,-1,140,-1,139
1,<environment.Job instance at 0x7f55313003c0>,59,2,[ 2 11],60,-1,141,-1,139
1,<environment.Job instance at 0x7f55313007d0>,60,3,[4 8],61,-1,142,-1,139
1,<environment.Job instance at 0x7f5531300870>,61,3,[2 9],62,-1,142,-1,139
1,<environment.Job instance at 0x7f553095eaa0>,3,1,[ 5 10],4,-1,5,-1,4
1,<environment.Job instance at 0x7f553095ec80>,8,22,[4 8],9,-1,31,-1,9
1,<environment.Job instance at 0x7f553095ed20>,10,1,[7 3],11,-1,12,-1,11
1,<environment.Job instance at 0x7f553095e0f0>,11,2,[3 8],12,-1,15,-1,13
1,<environment.Job instance at 0x7f553095e460>,13,28,[ 3 10],14,-1,42,-1,14
1,<environment.Job instance at 0x7f553095ee10>,14,1,[6 2],15,-1,17,-1,16
1,<environment.Job instance at 0x7f5530927be0>,4,27,[3 9],5,-1,32,-1,5
1,<environment.Job instance at 0x7f5530d4feb0>,11,3,[6 2],12,-1,25,-1,22
1,<environment.Job instance at 0x7f5530d4f9b0>,14,3,[7 1],15,-1,38,-1,35
1,<environment.Job instance at 0x7f5530d4fd70>,15,3,[10  2],16,-1,38,-1,35
1,<environment.Job instance at 0x7f5530d4f6e0>,16,2,[ 5 10],17,-1,37,-1,35
1,<environment.Job instance at 0x7f5530d4f190>,17,3,[10  3],18,-1,38,-1,35
1,<environment.Job instance at 0x7f55318d5c30>,26,2,[6 5],27,-1,85,-1,83
1,<environment.Job instance at 0x7f55318d5190>,27,3,[3 7],28,-1,86,-1,83
1,<environment.Job instance at 0x7f55318d5410>,28,3,[1 9],29,-1,86,-1,83
1,<environment.Job instance at 0x7f553081b370>,7,18,[ 3 11],8,-1,26,-1,8
1,<environment.Job instance at 0x7f5531c6daa0>,8,1,[9 2],9,-1,13,-1,12
1,<environment.Job instance at 0x7f5531c6df50>,12,2,[3 7],13,-1,15,-1,13
1,<environment.Job instance at 0x7f5531c6ddc0>,13,2,[4 9],14,-1,16,-1,14
1,<environment.Job instance at 0x7f5531c6d960>,16,3,[1 5],17,-1,24,-1,21
1,<environment.Job instance at 0x7f5531c6d2d0>,26,2,[12  3],27,-1,116,-1,114
1,<environment.Job instance at 0x7f5530f9d910>,27,1,[5 9],28,-1,115,-1,114
1,<environment.Job instance at 0x7f55313aed20>,10,15,[13  3],11,-1,26,-1,11
1,<environment.Job instance at 0x7f5531985370>,22,1,[6 5],23,-1,35,-1,34
1,<environment.Job instance at 0x7f55319850f0>,26,3,[5 2],27,-1,53,-1,50
1,<environment.Job instance at 0x7f5531985870>,27,2,[10  3],28,-1,52,-1,50
1,<environment.Job instance at 0x7f55319854b0>,29,24,[5 5],30,-1,86,-1,62
1,<environment.Job instance at 0x7f5531985500>,31,15,[13  4],32,-1,78,-1,63
1,<environment.Job instance at 0x7f5531985be0>,32,3,[4 6],33,-1,67,-1,64
1,<environment.Job instance at 0x7f5531985e10>,33,3,[ 4 13],34,-1,67,-1,64
1,<environment.Job instance at 0x7f5531db99b0>,38,27,[9 4],39,-1,122,-1,95
1,<environment.Job instance at 0x7f5531db9960>,41,12,[ 1 10],42,-1,115,-1,103
1,<environment.Job instance at 0x7f5531db98c0>,43,2,[3 8],44,-1,111,-1,109
1,<environment.Job instance at 0x7f5531db9f00>,44,1,[11  4],45,-1,110,-1,109
1,<environment.Job instance at 0x7f5531db9820>,45,3,[7 5],46,-1,112,-1,109
1,<environment.Job instance at 0x7f5531db9eb0>,46,14,[ 2 14],47,-1,123,-1,109
1,<environment.Job instance at 0x7f5531db9aa0>,47,1,[6 2],48,-1,110,-1,109
1,<environment.Job instance at 0x7f5531db9410>,48,3,[7 2],49,-1,112,-1,109
1,<environment.Job instance at 0x7f5531db9e60>,49,3,[10  5],50,-1,112,-1,109
1,<environment.Job instance at 0x7f55313a45f0>,51,1,[13  2],52,-1,128,-1,127
1,<environment.Job instance at 0x7f5530ac0280>,3,25,[2 8],4,-1,29,-1,4
1,<environment.Job instance at 0x7f5530ac0460>,4,3,[11  5],5,-1,8,-1,5
1,<environment.Job instance at 0x7f5530ac0dc0>,8,2,[7 5],9,-1,11,-1,9
1,<environment.Job instance at 0x7f5530af2c80>,22,2,[ 3 12],23,-1,53,-1,51
1,<environment.Job instance at 0x7f5530af8190>,32,23,[ 3 10],33,-1,121,-1,98
1,<environment.Job instance at 0x7f5530af8050>,36,1,[ 1 10],37,-1,124,-1,123
1,<environment.Job instance at 0x7f5530af80a0>,37,2,[ 3 13],38,-1,125,-1,123
1,<environment.Job instance at 0x7f5530af8aa0>,40,1,[ 3 10],41,-1,136,-1,135
1,<environment.Job instance at 0x7f5530af8910>,42,3,[4 8],43,-1,138,-1,135
1,<environment.Job instance at 0x7f5530af88c0>,43,12,[13  3],44,-1,147,-1,135
1,<environment.Job instance at 0x7f5530ad47d0>,44,16,[ 3 12],45,-1,151,-1,135
1,<environment.Job instance at 0x7f5530bdac80>,8,3,[3 9],9,-1,24,-1,21
1,<environment.Job instance at 0x7f5530bdaeb0>,16,2,[4 9],17,-1,35,-1,33
1,<environment.Job instance at 0x7f5530bc80f0>,24,1,[5 9],25,-1,72,-1,71
1,<environment.Job instance at 0x7f5530bc8460>,25,3,[6 4],26,-1,74,-1,71
1,<environment.Job instance at 0x7f5530bc8410>,26,12,[ 1 10],27,-1,86,-1,74
1,<environment.Job instance at 0x7f5530bc85f0>,29,1,[9 4],30,-1,84,-1,83
1,<environment.Job instance at 0x7f5530bc8a00>,30,1,[7 4],31,-1,84,-1,83
1,<environment.Job instance at 0x7f5530bc8370>,32,2,[5 3],33,-1,90,-1,88
1,<environment.Job instance at 0x7f5531447820>,36,26,[12  3],37,-1,135,-1,109
1,<environment.Job instance at 0x7f5531447d70>,37,1,[10  2],38,-1,110,-1,109
1,<environment.Job instance at 0x7f55314477d0>,39,1,[9 5],40,-1,110,-1,109
1,<environment.Job instance at 0x7f55314479b0>,40,28,[7 5],41,-1,137,-1,109
1,<environment.Job instance at 0x7f5531086780>,5,3,[12  4],6,-1,9,-1,6
1,<environment.Job instance at 0x7f5531086aa0>,6,3,[ 5 14],7,-1,10,-1,7
1,<environment.Job instance at 0x7f5530c21a00>,7,23,[ 1 14],8,-1,31,-1,8
1,<environment.Job instance at 0x7f5530c21aa0>,8,2,[ 4 11],9,-1,11,-1,9
1,<environment.Job instance at 0x7f5530c213c0>,9,16,[ 1 11],10,-1,26,-1,10
1,<environment.Job instance at 0x7f5530c21960>,10,1,[7 1],11,-1,12,-1,11
1,<environment.Job instance at 0x7f5530c212d0>,11,25,[10  4],12,-1,37,-1,12
1,<environment.Job instance at 0x7f5531086f50>,14,1,[6 2],15,-1,16,-1,15
1,<environment.Job instance at 0x7f5530c21c30>,13,1,[5 3],14,-1,16,-1,15
1,<environment.Job instance at 0x7f5530c21be0>,17,3,[ 2 12],18,-1,21,-1,18
1,<environment.Job instance at 0x7f5530c21500>,19,12,[1 7],20,-1,44,-1,32
1,<environment.Job instance at 0x7f55310ac7d0>,27,14,[10  4],28,-1,63,-1,49
1,<environment.Job instance at 0x7f55310ace10>,28,26,[1 9],29,-1,75,-1,49
1,<environment.Job instance at 0x7f55310acd70>,29,1,[9 3],30,-1,50,-1,49
1,<environment.Job instance at 0x7f55310acd20>,30,1,[3 8],31,-1,50,-1,49
1,<environment.Job instance at 0x7f5531f63d70>,31,1,[9 2],32,-1,50,-1,49
1,<environment.Job instance at 0x7f55310ac370>,32,18,[4 7],33,-1,68,-1,50
1,<environment.Job instance at 0x7f55310b1f50>,33,12,[8 3],34,-1,62,-1,50
1,<environment.Job instance at 0x7f5531f634b0>,34,19,[3 5],35,-1,69,-1,50
1,<environment.Job instance at 0x7f55310b1280>,35,22,[1 8],36,-1,72,-1,50
1,<environment.Job instance at 0x7f5531d2dcd0>,36,2,[3 9],37,-1,52,-1,50
1,<environment.Job instance at 0x7f55310b1910>,37,23,[2 9],38,-1,73,-1,50
1,<environment.Job instance at 0x7f55310b1640>,38,2,[5 6],39,-1,52,-1,50
1,<environment.Job instance at 0x7f553ab93550>,39,15,[10  5],40,-1,76,-1,61
1,<environment.Job instance at 0x7f553ab93960>,40,20,[10  1],41,-1,81,-1,61
1,<environment.Job instance at 0x7f553ab93e10>,41,2,[4 7],42,-1,63,-1,61
1,<environment.Job instance at 0x7f5531dae190>,42,1,[ 3 10],43,-1,62,-1,61
1,<environment.Job instance at 0x7f553ab93190>,43,2,[7 5],44,-1,63,-1,61
1,<environment.Job instance at 0x7f553ab93370>,44,3,[3 8],45,-1,64,-1,61
1,<environment.Job instance at 0x7f55307de370>,45,16,[6 1],46,-1,78,-1,62
1,<environment.Job instance at 0x7f55307deaa0>,46,2,[2 9],47,-1,64,-1,62
1,<environment.Job instance at 0x7f55307de730>,47,1,[4 8],48,-1,63,-1,62
1,<environment.Job instance at 0x7f55307f8dc0>,49,3,[ 5 10],50,-1,68,-1,65
1,<environment.Job instance at 0x7f55307f8e10>,50,21,[2 6],51,-1,86,-1,65
1,<environment.Job instance at 0x7f55307f83c0>,51,2,[10  5],52,-1,67,-1,65
1,<environment.Job instance at 0x7f55307f89b0>,52,2,[14  2],53,-1,67,-1,65
1,<environment.Job instance at 0x7f55307f84b0>,53,3,[5 5],54,-1,68,-1,65
1,<environment.Job instance at 0x7f55307f8410>,54,2,[2 5],55,-1,67,-1,65
1,<environment.Job instance at 0x7f55307f8320>,55,26,[ 3 11],56,-1,91,-1,65
1,<environment.Job instance at 0x7f55307f8500>,56,2,[7 4],57,-1,67,-1,65
1,<environment.Job instance at 0x7f55307f8eb0>,58,13,[2 8],59,-1,91,-1,78
1,<environment.Job instance at 0x7f5531dd0d20>,60,3,[9 5],61,-1,81,-1,78
1,<environment.Job instance at 0x7f553109f960>,62,14,[10  2],63,-1,97,-1,83
1,<environment.Job instance at 0x7f553109f230>,63,2,[7 3],64,-1,85,-1,83
1,<environment.Job instance at 0x7f5530babfa0>,66,3,[ 2 10],67,-1,101,-1,98
1,<environment.Job instance at 0x7f5530c0f960>,68,2,[10  5],69,-1,111,-1,109
1,<environment.Job instance at 0x7f5530c0faa0>,69,1,[4 5],70,-1,110,-1,109
1,<environment.Job instance at 0x7f5530c0fb40>,71,3,[5 5],72,-1,115,-1,112
1,<environment.Job instance at 0x7f5530c0fa00>,72,3,[7 2],73,-1,115,-1,112
1,<environment.Job instance at 0x7f5531b250a0>,73,3,[5 5],74,-1,115,-1,112
1,<environment.Job instance at 0x7f55315666e0>,74,24,[ 4 12],75,-1,136,-1,112
1,<environment.Job instance at 0x7f5531557500>,75,3,[11  4],76,-1,115,-1,112
1,<environment.Job instance at 0x7f5530c0f730>,76,14,[7 2],77,-1,128,-1,114
1,<environment.Job instance at 0x7f5531cbefa0>,78,12,[5 8],79,-1,126,-1,114
1,<environment.Job instance at 0x7f5531cacfa0>,79,16,[6 1],80,-1,130,-1,114
1,<environment.Job instance at 0x7f553148b5a0>,17,13,[8 2],18,-1,53,-1,40
1,<environment.Job instance at 0x7f5530c4db40>,19,2,[10  3],20,-1,42,-1,40
1,<environment.Job instance at 0x7f5530c4d8c0>,22,13,[ 1 10],23,-1,72,-1,59
1,<environment.Job instance at 0x7f5530c4df00>,23,13,[ 3 12],24,-1,72,-1,59
1,<environment.Job instance at 0x7f5530c4d370>,26,3,[9 4],27,-1,77,-1,74
1,<environment.Job instance at 0x7f5530c4dd20>,27,1,[1 5],28,-1,75,-1,74
1,<environment.Job instance at 0x7f55319257d0>,31,14,[ 4 10],32,-1,103,-1,89
1,<environment.Job instance at 0x7f5531925640>,32,3,[3 6],33,-1,92,-1,89
1,<environment.Job instance at 0x7f5531925870>,36,2,[7 1],37,-1,124,-1,122
1,<environment.Job instance at 0x7f5531925190>,37,3,[3 5],38,-1,125,-1,122
1,<environment.Job instance at 0x7f5531925820>,38,3,[ 4 12],39,-1,125,-1,122
1,<environment.Job instance at 0x7f5531925af0>,42,3,[5 1],43,-1,140,-1,137
1,<environment.Job instance at 0x7f553149fdc0>,44,17,[ 3 10],45,-1,155,-1,138
1,<environment.Job instance at 0x7f5532087640>,1,12,[ 2 13],2,-1,14,-1,2
1,<environment.Job instance at 0x7f55315f52d0>,17,17,[ 5 10],18,-1,53,-1,36
1,<environment.Job instance at 0x7f55315f5820>,24,2,[11  4],25,-1,38,-1,36
1,<environment.Job instance at 0x7f55315f58c0>,25,2,[6 1],26,-1,38,-1,36
1,<environment.Job instance at 0x7f55315f5dc0>,33,3,[5 6],34,-1,73,-1,70
1,<environment.Job instance at 0x7f55315f5e60>,34,2,[ 4 10],35,-1,72,-1,70
1,<environment.Job instance at 0x7f55315e24b0>,36,3,[10  2],37,-1,73,-1,70
1,<environment.Job instance at 0x7f55315e23c0>,37,27,[4 8],38,-1,97,-1,70
1,<environment.Job instance at 0x7f55315e25a0>,39,1,[1 5],40,-1,71,-1,70
1,<environment.Job instance at 0x7f55315e28c0>,41,2,[ 4 14],42,-1,84,-1,82
1,<environment.Job instance at 0x7f55315e2820>,42,1,[3 5],43,-1,83,-1,82
1,<environment.Job instance at 0x7f55315e2870>,43,1,[13  4],44,-1,83,-1,82
1,<environment.Job instance at 0x7f55315e2a00>,45,18,[ 1 10],46,-1,115,-1,97
1,<environment.Job instance at 0x7f55315e2aa0>,46,22,[2 9],47,-1,119,-1,97
1,<environment.Job instance at 0x7f55315e2b40>,47,16,[12  1],48,-1,113,-1,97
1,<environment.Job instance at 0x7f55315e2c80>,49,18,[ 5 14],50,-1,115,-1,97
1,<environment.Job instance at 0x7f55315e2dc0>,51,2,[2 9],52,-1,114,-1,112
1,<environment.Job instance at 0x7f55315d0050>,55,26,[10  1],56,-1,156,-1,130
1,<environment.Job instance at 0x7f51fe14df50>,16,15,[ 1 11],17,-1,56,-1,41
1,<environment.Job instance at 0x7f51fe14f0f0>,19,2,[5 5],20,-1,53,-1,51
1,<environment.Job instance at 0x7f51fe14f2d0>,21,1,[6 4],22,-1,66,-1,65
1,<environment.Job instance at 0x7f51fe14f320>,22,1,[12  1],23,-1,66,-1,65
1,<environment.Job instance at 0x7f51fe14f280>,23,16,[ 1 11],24,-1,81,-1,65
1,<environment.Job instance at 0x7f51fe14f460>,24,2,[6 5],25,-1,67,-1,65
1,<environment.Job instance at 0x7f51fe14f550>,25,1,[9 2],26,-1,66,-1,65
1,<environment.Job instance at 0x7f51fe14f8c0>,28,2,[ 3 10],29,-1,75,-1,73
1,<environment.Job instance at 0x7f51fe14fb40>,32,1,[5 6],33,-1,88,-1,87
1,<environment.Job instance at 0x7f51fe14fd20>,35,1,[9 1],36,-1,103,-1,102
1,<environment.Job instance at 0x7f51fe14f730>,37,2,[8 4],38,-1,104,-1,102
1,<environment.Job instance at 0x7f51fe14fa50>,39,1,[2 7],40,-1,103,-1,102
1,<environment.Job instance at 0x7f51fe1530f0>,41,23,[10  4],42,-1,135,-1,112
1,<environment.Job instance at 0x7f51fe1535f0>,47,1,[1 7],48,-1,144,-1,143
1,<environment.Job instance at 0x7f51fe5b4960>,3,14,[13  1],4,-1,18,-1,4
1,<environment.Job instance at 0x7f51fdc5fdc0>,3,26,[ 1 10],4,-1,30,-1,4
1,<environment.Job instance at 0x7f51fd838410>,7,1,[8 3],8,-1,9,-1,8
1,<environment.Job instance at 0x7f51fd877960>,18,1,[6 2],19,-1,48,-1,47
1,<environment.Job instance at 0x7f51fd8770f0>,19,14,[ 3 10],20,-1,62,-1,48
1,<environment.Job instance at 0x7f51fd8778c0>,20,2,[10  2],21,-1,50,-1,48
1,<environment.Job instance at 0x7f51fd877c80>,21,1,[13  2],22,-1,49,-1,48
1,<environment.Job instance at 0x7f51fd877460>,26,3,[7 3],27,-1,69,-1,66
1,<environment.Job instance at 0x7f51fd877fa0>,27,2,[7 2],28,-1,69,-1,67
1,<environment.Job instance at 0x7f51fd877d70>,28,2,[10  5],29,-1,69,-1,67
1,<environment.Job instance at 0x7f51fd87b3c0>,29,2,[13  5],30,-1,69,-1,67
1,<environment.Job instance at 0x7f51fd87bb90>,30,3,[1 7],31,-1,71,-1,68
1,<environment.Job instance at 0x7f51fd87bf00>,31,3,[8 1],32,-1,73,-1,70
1,<environment.Job instance at 0x7f51fd87b0f0>,35,1,[9 1],36,-1,89,-1,88
1,<environment.Job instance at 0x7f51fd87b140>,37,2,[2 8],38,-1,91,-1,89
1,<environment.Job instance at 0x7f51fd87bc30>,38,2,[ 2 10],39,-1,91,-1,89
1,<environment.Job instance at 0x7f51fd87bbe0>,41,3,[1 5],42,-1,122,-1,119
1,<environment.Job instance at 0x7f51fd87bb40>,42,3,[8 5],43,-1,127,-1,124
1,<environment.Job instance at 0x7f51fd87b7d0>,45,17,[14  2],46,-1,155,-1,138
1,<environment.Job instance at 0x7f51fe6736e0>,46,2,[7 1],47,-1,140,-1,138
1,<environment.Job instance at 0x7f51fdf857d0>,47,2,[ 3 12],48,-1,140,-1,138
1,<environment.Job instance at 0x7f51fe885640>,48,24,[5 8],49,-1,162,-1,138
1,<environment.Job instance at 0x7f51fe673be0>,49,1,[2 9],50,-1,139,-1,138
1,<environment.Job instance at 0x7f51fdfd2e10>,50,27,[3 7],51,-1,165,-1,138
1,<environment.Job instance at 0x7f51fdfd2370>,51,17,[ 3 14],52,-1,155,-1,138
1,<environment.Job instance at 0x7f51fdfd2870>,52,1,[8 3],53,-1,139,-1,138
1,<environment.Job instance at 0x7f51fdfd2e60>,53,2,[ 1 11],54,-1,140,-1,138
1,<environment.Job instance at 0x7f51fe565a00>,5,1,[ 4 11],6,-1,7,-1,6
1,<environment.Job instance at 0x7f51fe5657d0>,6,2,[4 7],7,-1,10,-1,8
1,<environment.Job instance at 0x7f51fdca0a50>,8,2,[ 2 10],9,-1,11,-1,9
1,<environment.Job instance at 0x7f51fe7076e0>,28,2,[3 7],29,-1,54,-1,52
1,<environment.Job instance at 0x7f51fdda7d20>,32,14,[14  5],33,-1,92,-1,78
1,<environment.Job instance at 0x7f51fd89dc80>,41,25,[9 2],42,-1,139,-1,114
1,<environment.Job instance at 0x7f51fdd7c5f0>,42,1,[3 9],43,-1,115,-1,114
1,<environment.Job instance at 0x7f51fdd7c5a0>,43,13,[13  1],44,-1,127,-1,114
1,<environment.Job instance at 0x7f51fdd7caf0>,44,2,[ 3 10],45,-1,116,-1,114
1,<environment.Job instance at 0x7f51fd8139b0>,47,2,[ 4 12],48,-1,130,-1,128
1,<environment.Job instance at 0x7f51fd813690>,48,18,[11  2],49,-1,146,-1,128
1,<environment.Job instance at 0x7f51fd813730>,49,3,[3 6],50,-1,131,-1,128
1,<environment.Job instance at 0x7f51fd813320>,50,3,[1 6],51,-1,131,-1,128
1,<environment.Job instance at 0x7f51fd8131e0>,52,2,[7 3],53,-1,143,-1,141
1,<environment.Job instance at 0x7f51fd813a50>,53,2,[ 2 13],54,-1,143,-1,141
1,<environment.Job instance at 0x7f51fec8ebe0>,15,1,[8 2],16,-1,44,-1,43
1,<environment.Job instance at 0x7f51fec8eeb0>,16,13,[ 4 14],17,-1,56,-1,43
1,<environment.Job instance at 0x7f51fec8efa0>,17,1,[9 5],18,-1,44,-1,43
1,<environment.Job instance at 0x7f51fec674b0>,19,15,[ 1 11],20,-1,58,-1,43
1,<environment.Job instance at 0x7f51fec67eb0>,21,1,[5 4],22,-1,58,-1,57
1,<environment.Job instance at 0x7f51fd6ec1e0>,8,1,[12  2],9,-1,11,-1,10
1,<environment.Job instance at 0x7f51fd6ec5a0>,12,3,[1 9],13,-1,16,-1,13
1,<environment.Job instance at 0x7f51fde752d0>,16,24,[4 5],17,-1,41,-1,17
1,<environment.Job instance at 0x7f51fde75460>,17,2,[6 2],18,-1,20,-1,18
1,<environment.Job instance at 0x7f51fde75eb0>,18,15,[11  2],19,-1,34,-1,19
1,<environment.Job instance at 0x7f51fde75f50>,21,13,[5 1],22,-1,52,-1,39
1,<environment.Job instance at 0x7f51fde75280>,22,2,[10  5],23,-1,41,-1,39
1,<environment.Job instance at 0x7f51fde75870>,26,2,[9 4],27,-1,45,-1,43
1,<environment.Job instance at 0x7f51fde75730>,27,23,[4 8],28,-1,66,-1,43
1,<environment.Job instance at 0x7f51fde75140>,28,12,[1 7],29,-1,55,-1,43
1,<environment.Job instance at 0x7f51fde75b40>,29,3,[2 6],30,-1,46,-1,43
1,<environment.Job instance at 0x7f51fde759b0>,30,17,[ 4 10],31,-1,60,-1,43
1,<environment.Job instance at 0x7f51fde75e10>,31,12,[2 9],32,-1,57,-1,45
1,<environment.Job instance at 0x7f51fde75a00>,32,1,[8 2],33,-1,46,-1,45
1,<environment.Job instance at 0x7f51fde75af0>,33,21,[2 8],34,-1,76,-1,55
1,<environment.Job instance at 0x7f51fd70b140>,37,1,[5 4],38,-1,56,-1,55
1,<environment.Job instance at 0x7f51fd70b550>,38,2,[3 6],39,-1,57,-1,55
1,<environment.Job instance at 0x7f51fd70b190>,40,28,[2 8],41,-1,92,-1,64
1,<environment.Job instance at 0x7f51fd70b9b0>,42,3,[ 4 14],43,-1,74,-1,71
1,<environment.Job instance at 0x7f51fd70b4b0>,43,13,[ 1 13],44,-1,84,-1,71
1,<environment.Job instance at 0x7f51fd70b0a0>,44,1,[10  3],45,-1,72,-1,71
1,<environment.Job instance at 0x7f51fd70b2d0>,45,13,[1 5],46,-1,84,-1,71
1,<environment.Job instance at 0x7f51fde99460>,55,12,[ 2 10],56,-1,144,-1,132
1,<environment.Job instance at 0x7f51fde99c30>,58,2,[2 7],59,-1,139,-1,137
1,<environment.Job instance at 0x7f51fde99280>,61,1,[ 2 14],62,-1,146,-1,145
1,<environment.Job instance at 0x7f51fe5ad640>,11,1,[2 8],12,-1,18,-1,17
1,<environment.Job instance at 0x7f51fe5ad0f0>,13,2,[8 4],14,-1,19,-1,17
1,<environment.Job instance at 0x7f51fe5adeb0>,14,25,[2 8],15,-1,42,-1,17
1,<environment.Job instance at 0x7f51fe5ad7d0>,15,17,[13  3],16,-1,34,-1,17
1,<environment.Job instance at 0x7f51fe5addc0>,16,13,[ 3 13],17,-1,30,-1,17
1,<environment.Job instance at 0x7f51fe5adfa0>,17,3,[8 1],18,-1,21,-1,18
1,<environment.Job instance at 0x7f51fe5ad910>,20,3,[11  5],21,-1,36,-1,33
1,<environment.Job instance at 0x7f51fe5adf00>,29,1,[6 4],30,-1,65,-1,64
1,<environment.Job instance at 0x7f51fe03c730>,18,26,[2 7],19,-1,48,-1,22
1,<environment.Job instance at 0x7f51fde172d0>,19,3,[ 5 11],20,-1,25,-1,22
1,<environment.Job instance at 0x7f51fe069730>,22,1,[9 3],23,-1,38,-1,37
1,<environment.Job instance at 0x7f51fe069e60>,23,3,[ 3 10],24,-1,40,-1,37
1,<environment.Job instance at 0x7f51fe069a50>,25,1,[2 7],26,-1,43,-1,42
1,<environment.Job instance at 0x7f51fe069d70>,26,24,[5 3],27,-1,66,-1,42
1,<environment.Job instance at 0x7f51fde111e0>,27,18,[ 4 14],28,-1,60,-1,42
1,<environment.Job instance at 0x7f51fe8351e0>,28,3,[5 3],29,-1,45,-1,42
1,<environment.Job instance at 0x7f51fe83f370>,29,1,[5 9],30,-1,43,-1,42
1,<environment.Job instance at 0x7f51fe83f780>,30,22,[7 3],31,-1,76,-1,54
1,<environment.Job instance at 0x7f51feca6c30>,32,2,[ 3 12],33,-1,56,-1,54
1,<environment.Job instance at 0x7f51fde11b40>,33,2,[ 4 10],34,-1,56,-1,54
1,<environment.Job instance at 0x7f51fecb7690>,34,14,[10  1],35,-1,69,-1,55
1,<environment.Job instance at 0x7f51fe7558c0>,35,3,[7 3],36,-1,58,-1,55
1,<environment.Job instance at 0x7f51fe031320>,37,3,[4 5],38,-1,58,-1,55
1,<environment.Job instance at 0x7f51fecd4dc0>,40,1,[3 6],41,-1,71,-1,70
1,<environment.Job instance at 0x7f51fe776d20>,41,2,[ 3 10],42,-1,72,-1,70
1,<environment.Job instance at 0x7f51fe758550>,43,24,[12  3],44,-1,98,-1,74
1,<environment.Job instance at 0x7f51fe762280>,44,2,[11  5],45,-1,76,-1,74
1,<environment.Job instance at 0x7f51fecab550>,48,1,[ 2 10],49,-1,91,-1,90
1,<environment.Job instance at 0x7f51fe763e10>,50,1,[6 3],51,-1,105,-1,104
1,<environment.Job instance at 0x7f51fe78b140>,52,17,[13  1],53,-1,121,-1,104
1,<environment.Job instance at 0x7f51fe78b7d0>,54,1,[10  1],55,-1,106,-1,105
1,<environment.Job instance at 0x7f51fe78bc80>,57,3,[2 7],58,-1,124,-1,121
1,<environment.Job instance at 0x7f51fe78baa0>,60,2,[7 2],61,-1,139,-1,137
1,<environment.Job instance at 0x7f51fe855320>,6,3,[ 1 10],7,-1,11,-1,8
1,<environment.Job instance at 0x7f51fd83edc0>,18,1,[5 5],19,-1,27,-1,26
1,<environment.Job instance at 0x7f51fd83e0a0>,20,22,[7 5],21,-1,134,-1,112
1,<environment.Job instance at 0x7f51fecac5a0>,2,17,[ 3 11],3,-1,20,-1,3
1,<environment.Job instance at 0x7f51feb5fe60>,6,2,[9 4],7,-1,9,-1,7
1,<environment.Job instance at 0x7f51feb7e280>,7,26,[8 5],8,-1,34,-1,8
1,<environment.Job instance at 0x7f51feb7edc0>,13,15,[ 3 14],14,-1,38,-1,23
1,<environment.Job instance at 0x7f51feb7ed20>,14,2,[10  1],15,-1,25,-1,23
1,<environment.Job instance at 0x7f51feb7ebe0>,16,1,[ 2 10],17,-1,24,-1,23
1,<environment.Job instance at 0x7f51feb7e460>,17,1,[7 4],18,-1,24,-1,23
1,<environment.Job instance at 0x7f51feb7e3c0>,18,18,[ 1 10],19,-1,55,-1,37
1,<environment.Job instance at 0x7f51fec49730>,19,2,[9 2],20,-1,39,-1,37
1,<environment.Job instance at 0x7f51fec49280>,20,2,[ 4 10],21,-1,39,-1,37
1,<environment.Job instance at 0x7f51fec57eb0>,21,27,[2 5],22,-1,64,-1,37
1,<environment.Job instance at 0x7f51fec57820>,22,1,[2 8],23,-1,38,-1,37
1,<environment.Job instance at 0x7f51fec46c80>,25,2,[1 8],26,-1,43,-1,41
1,<environment.Job instance at 0x7f51fec46f50>,26,13,[ 1 10],27,-1,55,-1,42
1,<environment.Job instance at 0x7f51feb67c80>,29,12,[10  2],30,-1,85,-1,73
1,<environment.Job instance at 0x7f51fd955230>,31,2,[9 5],32,-1,75,-1,73
1,<environment.Job instance at 0x7f51fd72fd20>,32,3,[4 5],33,-1,76,-1,73
1,<environment.Job instance at 0x7f51fd72fcd0>,33,1,[2 6],34,-1,74,-1,73
1,<environment.Job instance at 0x7f51fe8819b0>,35,12,[6 1],36,-1,85,-1,73
1,<environment.Job instance at 0x7f51fdecdaf0>,36,14,[ 4 13],37,-1,87,-1,73
1,<environment.Job instance at 0x7f51fdec7500>,38,3,[8 4],39,-1,83,-1,80
1,<environment.Job instance at 0x7f51fe8763c0>,39,1,[8 2],40,-1,81,-1,80
1,<environment.Job instance at 0x7f51fdec7fa0>,40,2,[5 8],41,-1,82,-1,80
1,<environment.Job instance at 0x7f51feb4c8c0>,41,3,[2 7],42,-1,83,-1,80
1,<environment.Job instance at 0x7f51fded8870>,42,2,[5 4],43,-1,82,-1,80
1,<environment.Job instance at 0x7f51fe22ea00>,3,25,[9 5],4,-1,29,-1,4
1,<environment.Job instance at 0x7f51fe22ed70>,10,17,[ 2 13],11,-1,28,-1,11
1,<environment.Job instance at 0x7f51fe22ee10>,19,3,[1 6],20,-1,40,-1,37
1,<environment.Job instance at 0x7f51fe6bf230>,26,12,[2 5],27,-1,66,-1,54
1,<environment.Job instance at 0x7f51fe6bff50>,27,1,[8 3],28,-1,55,-1,54
1,<environment.Job instance at 0x7f51fe6bf370>,28,2,[8 3],29,-1,56,-1,54
1,<environment.Job instance at 0x7f51fe6bfb90>,29,2,[ 1 10],30,-1,56,-1,54
1,<environment.Job instance at 0x7f51fe6bfe10>,33,17,[ 1 11],34,-1,102,-1,85
1,<environment.Job instance at 0x7f51fe6bf460>,34,1,[6 1],35,-1,86,-1,85
1,<environment.Job instance at 0x7f51fe6bfc30>,35,1,[8 2],36,-1,86,-1,85
1,<environment.Job instance at 0x7f51fe1203c0>,38,1,[1 7],39,-1,99,-1,98
1,<environment.Job instance at 0x7f51fe120730>,39,2,[6 3],40,-1,100,-1,98
1,<environment.Job instance at 0x7f51fe120cd0>,40,1,[5 6],41,-1,99,-1,98
1,<environment.Job instance at 0x7f51fe120a00>,43,1,[ 5 10],44,-1,115,-1,114
1,<environment.Job instance at 0x7f51fe120500>,44,2,[2 5],45,-1,116,-1,114
1,<environment.Job instance at 0x7f51fe1201e0>,47,22,[7 5],48,-1,146,-1,124
1,<environment.Job instance at 0x7f51fe120960>,48,22,[4 8],49,-1,156,-1,134
1,<environment.Job instance at 0x7f51fe120b40>,50,1,[7 3],51,-1,135,-1,134
1,<environment.Job instance at 0x7f51fe120140>,51,2,[3 8],52,-1,136,-1,134
1,<environment.Job instance at 0x7f51fe120eb0>,52,28,[7 1],53,-1,162,-1,134
1,<environment.Job instance at 0x7f51fe120dc0>,53,28,[ 3 10],54,-1,162,-1,134
1,<environment.Job instance at 0x7f51fe2a86e0>,54,1,[6 2],55,-1,135,-1,134
1,<environment.Job instance at 0x7f51fe2a8f50>,55,17,[ 3 13],56,-1,151,-1,134
1,<environment.Job instance at 0x7f51fd5af410>,7,28,[4 9],8,-1,36,-1,8
1,<environment.Job instance at 0x7f51fd519e10>,18,16,[ 1 13],19,-1,45,-1,29
1,<environment.Job instance at 0x7f51fd5195f0>,19,3,[9 2],20,-1,32,-1,29
1,<environment.Job instance at 0x7f51fd519230>,20,3,[5 7],21,-1,32,-1,29
1,<environment.Job instance at 0x7f51fd519eb0>,21,2,[2 5],22,-1,31,-1,29
1,<environment.Job instance at 0x7f51fd519550>,24,26,[2 9],25,-1,55,-1,29
1,<environment.Job instance at 0x7f51fd5b3a50>,27,17,[ 5 14],28,-1,65,-1,48
1,<environment.Job instance at 0x7f51fd5b3960>,28,2,[12  2],29,-1,50,-1,48
1,<environment.Job instance at 0x7f51fd5b33c0>,30,12,[10  5],31,-1,64,-1,52
1,<environment.Job instance at 0x7f51fd5b3e10>,34,27,[3 9],35,-1,91,-1,64
1,<environment.Job instance at 0x7f51fd5b3230>,36,14,[3 9],37,-1,94,-1,80
1,<environment.Job instance at 0x7f51fd5b30a0>,37,1,[5 2],38,-1,81,-1,80
1,<environment.Job instance at 0x7f51fd5b3b40>,41,3,[6 2],42,-1,96,-1,93
1,<environment.Job instance at 0x7f51fd5b3d70>,44,3,[7 1],45,-1,109,-1,106
1,<environment.Job instance at 0x7f51fd5b3640>,45,3,[10  2],46,-1,109,-1,106
1,<environment.Job instance at 0x7f51fd627050>,46,2,[ 5 10],47,-1,108,-1,106
1,<environment.Job instance at 0x7f51fd6270f0>,47,3,[10  3],48,-1,109,-1,106
1,<environment.Job instance at 0x7f51fd627b40>,48,12,[5 2],49,-1,118,-1,106
1,<environment.Job instance at 0x7f51fd6273c0>,53,12,[7 1],54,-1,154,-1,142
1,<environment.Job instance at 0x7f51fdae56e0>,17,1,[8 3],18,-1,23,-1,22
1,<environment.Job instance at 0x7f51fdae5f50>,18,1,[5 5],19,-1,23,-1,22
1,<environment.Job instance at 0x7f51fdae5910>,19,25,[10  3],20,-1,47,-1,22
1,<environment.Job instance at 0x7f51fdae52d0>,20,2,[1 9],21,-1,25,-1,23
1,<environment.Job instance at 0x7f51fe0b4b90>,22,3,[10  3],23,-1,32,-1,29
1,<environment.Job instance at 0x7f51fe0b4640>,23,3,[5 9],24,-1,32,-1,29
1,<environment.Job instance at 0x7f51fe0b4fa0>,27,18,[ 3 11],28,-1,66,-1,48
1,<environment.Job instance at 0x7f51fe0b4e60>,28,1,[9 2],29,-1,49,-1,48
1,<environment.Job instance at 0x7f51fe0b40a0>,29,3,[5 8],30,-1,51,-1,48
1,<environment.Job instance at 0x7f51fe0b4c80>,30,27,[5 7],31,-1,75,-1,48
1,<environment.Job instance at 0x7f51fe0b4780>,32,2,[3 7],33,-1,56,-1,54
1,<environment.Job instance at 0x7f51fe0b4eb0>,33,2,[4 9],34,-1,56,-1,54
1,<environment.Job instance at 0x7f51fe679f50>,46,2,[12  3],47,-1,138,-1,136
1,<environment.Job instance at 0x7f51fe679280>,47,1,[5 9],48,-1,137,-1,136
1,<environment.Job instance at 0x7f51febdf320>,17,3,[7 2],18,-1,21,-1,18
1,<environment.Job instance at 0x7f51febdf370>,18,3,[10  1],19,-1,22,-1,19
1,<environment.Job instance at 0x7f51febdfeb0>,19,3,[1 5],20,-1,23,-1,20
1,<environment.Job instance at 0x7f51febdf3c0>,20,15,[13  3],21,-1,36,-1,21
1,<environment.Job instance at 0x7f51febdf2d0>,21,3,[7 4],22,-1,26,-1,23
1,<environment.Job instance at 0x7f51febdf0f0>,23,2,[8 4],24,-1,28,-1,26
1,<environment.Job instance at 0x7f51febdf140>,25,2,[3 9],26,-1,35,-1,33
1,<environment.Job instance at 0x7f5207512460>,32,1,[6 5],33,-1,66,-1,65
1,<environment.Job instance at 0x7f5207512140>,42,3,[4 6],43,-1,113,-1,110
1,<environment.Job instance at 0x7f51fdd33410>,43,3,[ 4 13],44,-1,113,-1,110
1,<environment.Job instance at 0x7f51fd439a00>,3,25,[2 8],4,-1,29,-1,4
1,<environment.Job instance at 0x7f51fd439f50>,4,3,[11  5],5,-1,8,-1,5
1,<environment.Job instance at 0x7f51fe33e320>,22,2,[ 3 12],23,-1,61,-1,59
1,<environment.Job instance at 0x7f51fe33ef50>,29,2,[10  4],30,-1,98,-1,96
1,<environment.Job instance at 0x7f51fe33ebe0>,32,23,[ 3 10],33,-1,131,-1,108
1,<environment.Job instance at 0x7f51fd6b6d70>,36,1,[ 1 10],37,-1,134,-1,133
1,<environment.Job instance at 0x7f51fd6b6320>,37,2,[ 3 13],38,-1,135,-1,133
1,<environment.Job instance at 0x7f51fd6b6550>,40,1,[ 3 10],41,-1,146,-1,145
1,<environment.Job instance at 0x7f51fd6b6d20>,43,12,[13  3],44,-1,157,-1,145
1,<environment.Job instance at 0x7f51fd6b65a0>,44,16,[ 3 12],45,-1,161,-1,145
1,<environment.Job instance at 0x7f51fe775780>,6,2,[4 9],7,-1,11,-1,9
1,<environment.Job instance at 0x7f51fe276f00>,14,1,[5 9],15,-1,25,-1,24
1,<environment.Job instance at 0x7f51fe2767d0>,15,3,[6 4],16,-1,27,-1,24
1,<environment.Job instance at 0x7f51fe276e10>,19,1,[9 4],20,-1,40,-1,39
1,<environment.Job instance at 0x7f51fe276280>,20,1,[7 4],21,-1,40,-1,39
1,<environment.Job instance at 0x7f51fe276820>,22,2,[5 3],23,-1,50,-1,48
1,<environment.Job instance at 0x7f51fe276500>,26,26,[12  3],27,-1,93,-1,67
1,<environment.Job instance at 0x7f51fe276050>,27,1,[10  2],28,-1,68,-1,67
1,<environment.Job instance at 0x7f51fe276870>,29,1,[9 5],30,-1,74,-1,73
1,<environment.Job instance at 0x7f51fe276af0>,30,28,[7 5],31,-1,101,-1,73
1,<environment.Job instance at 0x7f51fe276a00>,33,13,[7 1],34,-1,96,-1,83
1,<environment.Job instance at 0x7f51fe783eb0>,36,1,[8 3],37,-1,103,-1,102
1,<environment.Job instance at 0x7f51fe783be0>,39,1,[8 4],40,-1,122,-1,121
1,<environment.Job instance at 0x7f51fe783960>,40,3,[5 7],41,-1,124,-1,121
1,<environment.Job instance at 0x7f51fe783c80>,41,23,[12  4],42,-1,144,-1,121
1,<environment.Job instance at 0x7f51fe783370>,42,15,[11  1],43,-1,136,-1,121
1,<environment.Job instance at 0x7f51fe783780>,43,2,[6 1],44,-1,123,-1,121
1,<environment.Job instance at 0x7f51fe783640>,44,13,[10  1],45,-1,134,-1,121
1,<environment.Job instance at 0x7f51fe7830f0>,46,23,[6 3],47,-1,144,-1,121
1,<environment.Job instance at 0x7f51fe783c30>,47,1,[7 2],48,-1,122,-1,121
1,<environment.Job instance at 0x7f51fe783e10>,48,3,[1 5],49,-1,124,-1,121
1,<environment.Job instance at 0x7f51fe863aa0>,51,3,[ 1 12],52,-1,138,-1,135
1,<environment.Job instance at 0x7f51fe8631e0>,52,1,[5 6],53,-1,136,-1,135
1,<environment.Job instance at 0x7f51fe863190>,53,2,[4 8],54,-1,137,-1,135
1,<environment.Job instance at 0x7f51fe8635a0>,54,24,[2 5],55,-1,163,-1,139
1,<environment.Job instance at 0x7f51fe863460>,55,1,[6 4],56,-1,140,-1,139
1,<environment.Job instance at 0x7f51fe8630f0>,57,2,[7 5],58,-1,147,-1,145
1,<environment.Job instance at 0x7f51fe863410>,58,3,[10  3],59,-1,148,-1,145
1,<environment.Job instance at 0x7f51fd749f50>,8,26,[1 9],9,-1,40,-1,14
1,<environment.Job instance at 0x7f51fd749aa0>,9,1,[9 3],10,-1,15,-1,14
1,<environment.Job instance at 0x7f51fd749410>,10,1,[3 8],11,-1,15,-1,14
1,<environment.Job instance at 0x7f51fe5e6280>,31,2,[10  5],32,-1,115,-1,113
1,<environment.Job instance at 0x7f51fe5e6f50>,32,2,[14  2],33,-1,115,-1,113
1,<environment.Job instance at 0x7f51fe5e6960>,34,2,[2 5],35,-1,115,-1,113
1,<environment.Job instance at 0x7f51fe5e6910>,35,26,[ 3 11],36,-1,139,-1,113
1,<environment.Job instance at 0x7f51fe5e69b0>,36,2,[7 4],37,-1,115,-1,113
1,<environment.Job instance at 0x7f51fec97fa0>,6,2,[7 1],7,-1,11,-1,9
1,<environment.Job instance at 0x7f51fe71f190>,20,1,[9 4],21,-1,42,-1,41
1,<environment.Job instance at 0x7f51fe71f0f0>,21,17,[ 2 10],22,-1,61,-1,44
1,<environment.Job instance at 0x7f51fe71f320>,23,2,[4 9],24,-1,57,-1,55
1,<environment.Job instance at 0x7f51fe71ff00>,25,12,[14  4],26,-1,79,-1,67
1,<environment.Job instance at 0x7f51fec80730>,27,12,[12  4],28,-1,79,-1,67
1,<environment.Job instance at 0x7f51fec80280>,29,1,[1 8],30,-1,71,-1,70
1,<environment.Job instance at 0x7f51fdddf9b0>,33,1,[1 9],34,-1,102,-1,101
1,<environment.Job instance at 0x7f51febb04b0>,40,2,[ 1 10],41,-1,131,-1,129
1,<environment.Job instance at 0x7f51feaaf5f0>,41,1,[6 1],42,-1,130,-1,129
1,<environment.Job instance at 0x7f51feaafeb0>,43,3,[5 3],44,-1,139,-1,136
1,<environment.Job instance at 0x7f51feaaf230>,44,13,[13  2],45,-1,149,-1,136
1,<environment.Job instance at 0x7f51fddd6230>,45,1,[7 1],46,-1,137,-1,136
1,<environment.Job instance at 0x7f51fddd6870>,46,26,[6 2],47,-1,162,-1,136
1,<environment.Job instance at 0x7f51fddd6140>,47,27,[ 4 10],48,-1,163,-1,136
1,<environment.Job instance at 0x7f51fd52ffa0>,7,16,[12  1],8,-1,24,-1,8
1,<environment.Job instance at 0x7f51fdb56780>,9,18,[ 5 14],10,-1,28,-1,10
1,<environment.Job instance at 0x7f51fda53640>,25,3,[10  5],26,-1,79,-1,76
1,<environment.Job instance at 0x7f51fda537d0>,27,1,[ 1 10],28,-1,77,-1,76
1,<environment.Job instance at 0x7f51fda538c0>,28,2,[6 2],29,-1,78,-1,76
1,<environment.Job instance at 0x7f51fda53730>,30,16,[ 4 10],31,-1,111,-1,95
1,<environment.Job instance at 0x7f51fda53b90>,31,25,[ 1 14],32,-1,120,-1,95
1,<environment.Job instance at 0x7f51fda532d0>,33,27,[5 5],34,-1,129,-1,102
1,<environment.Job instance at 0x7f51fda539b0>,36,13,[ 3 11],37,-1,129,-1,116
1,<environment.Job instance at 0x7f51fd3c59b0>,37,22,[ 1 14],38,-1,138,-1,116
1,<environment.Job instance at 0x7f51fd3c5a50>,38,2,[9 4],39,-1,118,-1,116
1,<environment.Job instance at 0x7f51fd3c5780>,39,28,[9 5],40,-1,144,-1,116
1,<environment.Job instance at 0x7f51fd3c58c0>,41,1,[6 2],42,-1,126,-1,125
1,<environment.Job instance at 0x7f51fd3c5820>,42,1,[ 2 10],43,-1,126,-1,125
1,<environment.Job instance at 0x7f51fd3c50a0>,43,2,[3 9],44,-1,127,-1,125
1,<environment.Job instance at 0x7f51fd3c5d70>,44,3,[8 5],45,-1,128,-1,125
1,<environment.Job instance at 0x7f51fd3c5550>,45,3,[3 9],46,-1,128,-1,125
1,<environment.Job instance at 0x7f51fd3c5e10>,46,1,[1 9],47,-1,126,-1,125
1,<environment.Job instance at 0x7f51fd3c5be0>,47,27,[10  2],48,-1,152,-1,125
1,<environment.Job instance at 0x7f51fd3c5b90>,49,2,[8 3],50,-1,130,-1,128
1,<environment.Job instance at 0x7f51fd3c5e60>,50,12,[6 1],51,-1,140,-1,128
1,<environment.Job instance at 0x7f51fd3c5910>,51,23,[8 1],52,-1,151,-1,128
1,<environment.Job instance at 0x7f51fd3c5d20>,52,20,[ 2 10],53,-1,148,-1,128
1,<environment.Job instance at 0x7f51fdb476e0>,3,1,[5 7],4,-1,6,-1,5
1,<environment.Job instance at 0x7f51fdb7f7d0>,6,2,[11  1],7,-1,9,-1,7
1,<environment.Job instance at 0x7f51fdb7faf0>,7,2,[7 4],8,-1,10,-1,8
1,<environment.Job instance at 0x7f51fdb7fb90>,8,3,[6 5],9,-1,12,-1,9
1,<environment.Job instance at 0x7f51fdb7fc30>,9,15,[12  2],10,-1,25,-1,10
1,<environment.Job instance at 0x7f51fdb7fcd0>,10,1,[11  2],11,-1,12,-1,11
1,<environment.Job instance at 0x7f51fdb7ff50>,14,16,[12  3],15,-1,31,-1,15
1,<environment.Job instance at 0x7f51fdb6c0a0>,16,1,[13  1],17,-1,18,-1,17
1,<environment.Job instance at 0x7f51fdb6c500>,19,3,[14  3],20,-1,23,-1,20
1,<environment.Job instance at 0x7f51fdb6c5f0>,20,24,[8 2],21,-1,45,-1,21
1,<environment.Job instance at 0x7f51fdb6c870>,24,1,[9 1],25,-1,34,-1,33
1,<environment.Job instance at 0x7f51fdb6c910>,25,3,[8 4],26,-1,36,-1,33
1,<environment.Job instance at 0x7f51fdb93230>,37,1,[2 7],38,-1,90,-1,89
1,<environment.Job instance at 0x7f51fdb932d0>,38,16,[12  2],39,-1,105,-1,89
1,<environment.Job instance at 0x7f51fdb934b0>,41,1,[10  4],42,-1,105,-1,104
1,<environment.Job instance at 0x7f51fdb93550>,42,3,[10  1],43,-1,107,-1,104
1,<environment.Job instance at 0x7f51fdb93870>,47,1,[12  1],48,-1,135,-1,134
1,<environment.Job instance at 0x7f51fdb93910>,48,1,[10  3],49,-1,135,-1,134
1,<environment.Job instance at 0x7f51fdb939b0>,49,1,[3 8],50,-1,135,-1,134
1,<environment.Job instance at 0x7f51fdb93d70>,54,3,[8 1],55,-1,152,-1,149
1,<environment.Job instance at 0x7f51fdb93e10>,55,14,[ 2 12],56,-1,163,-1,149
1,<environment.Job instance at 0x7f3a30e39f50>,16,15,[ 1 11],17,-1,56,-1,41
1,<environment.Job instance at 0x7f3a30e39d20>,17,2,[3 5],18,-1,43,-1,41
1,<environment.Job instance at 0x7f3a30e3b0f0>,19,2,[5 5],20,-1,51,-1,49
1,<environment.Job instance at 0x7f3a30e3b5a0>,25,1,[9 2],26,-1,69,-1,68
1,<environment.Job instance at 0x7f3a30e3b870>,27,13,[11  4],28,-1,85,-1,72
1,<environment.Job instance at 0x7f3a30e3b910>,28,2,[ 3 10],29,-1,74,-1,72
1,<environment.Job instance at 0x7f3a30e3bb90>,32,1,[5 6],33,-1,89,-1,88
1,<environment.Job instance at 0x7f3a30e3f1e0>,41,23,[10  4],42,-1,145,-1,122
1,<environment.Job instance at 0x7f3a30e3f5a0>,47,1,[1 7],48,-1,148,-1,147
1,<environment.Job instance at 0x7f3a313f33c0>,14,3,[13  5],15,-1,30,-1,27
1,<environment.Job instance at 0x7f3a312fffa0>,17,1,[3 7],18,-1,44,-1,43
1,<environment.Job instance at 0x7f3a30561320>,22,2,[6 1],23,-1,57,-1,55
1,<environment.Job instance at 0x7f3a312ffd70>,23,3,[10  3],24,-1,58,-1,55
1,<environment.Job instance at 0x7f3a312ff190>,24,1,[8 3],25,-1,56,-1,55
1,<environment.Job instance at 0x7f3a312ff820>,25,2,[6 4],26,-1,57,-1,55
1,<environment.Job instance at 0x7f3a308f0cd0>,26,14,[6 1],27,-1,69,-1,55
1,<environment.Job instance at 0x7f3a30875c80>,29,3,[7 2],30,-1,75,-1,72
1,<environment.Job instance at 0x7f3a308f0d20>,30,2,[6 1],31,-1,74,-1,72
1,<environment.Job instance at 0x7f3a30850190>,33,1,[9 3],34,-1,91,-1,90
1,<environment.Job instance at 0x7f3a308980a0>,34,15,[12  4],35,-1,105,-1,90
1,<environment.Job instance at 0x7f3a30898140>,35,3,[3 9],36,-1,93,-1,90
1,<environment.Job instance at 0x7f3a308c6aa0>,36,28,[5 7],37,-1,118,-1,90
1,<environment.Job instance at 0x7f3a304c0050>,38,1,[6 5],39,-1,108,-1,107
1,<environment.Job instance at 0x7f3a304f1fa0>,40,2,[1 9],41,-1,109,-1,107
1,<environment.Job instance at 0x7f3a30498320>,43,1,[3 6],44,-1,112,-1,111
1,<environment.Job instance at 0x7f3a30498870>,44,1,[ 3 12],45,-1,112,-1,111
1,<environment.Job instance at 0x7f3a308e58c0>,46,2,[4 9],47,-1,124,-1,122
1,<environment.Job instance at 0x7f3a3089cfa0>,47,2,[10  1],48,-1,124,-1,122
1,<environment.Job instance at 0x7f3a3089ceb0>,49,27,[5 4],50,-1,152,-1,125
1,<environment.Job instance at 0x7f3a3089c410>,50,1,[7 4],51,-1,126,-1,125
1,<environment.Job instance at 0x7f3a30584280>,9,2,[13  5],10,-1,12,-1,10
1,<environment.Job instance at 0x7f3a3052c640>,24,14,[10  1],25,-1,62,-1,48
1,<environment.Job instance at 0x7f3a3052c910>,25,17,[14  2],26,-1,65,-1,48
1,<environment.Job instance at 0x7f3a3052c3c0>,26,2,[7 1],27,-1,50,-1,48
1,<environment.Job instance at 0x7f3a3052c690>,27,2,[ 3 12],28,-1,50,-1,48
1,<environment.Job instance at 0x7f3a3052b410>,28,24,[5 8],29,-1,72,-1,48
1,<environment.Job instance at 0x7f3a3052b0a0>,29,1,[2 9],30,-1,49,-1,48
1,<environment.Job instance at 0x7f3a3052b960>,30,27,[3 7],31,-1,75,-1,48
1,<environment.Job instance at 0x7f3a3052bfa0>,31,17,[ 3 14],32,-1,65,-1,48
1,<environment.Job instance at 0x7f3a3052b550>,32,1,[8 3],33,-1,49,-1,48
1,<environment.Job instance at 0x7f3a3052bbe0>,33,2,[ 1 11],34,-1,50,-1,48
1,<environment.Job instance at 0x7f3a3052baf0>,35,1,[8 2],36,-1,51,-1,50
1,<environment.Job instance at 0x7f3a3052b1e0>,37,19,[13  2],38,-1,72,-1,53
1,<environment.Job instance at 0x7f3a3052b7d0>,41,3,[3 9],42,-1,76,-1,73
1,<environment.Job instance at 0x7f3a3052b4b0>,42,18,[ 4 10],43,-1,91,-1,73
1,<environment.Job instance at 0x7f3a3058d9b0>,44,2,[ 4 10],45,-1,75,-1,73
1,<environment.Job instance at 0x7f3a30c6f140>,45,15,[2 7],46,-1,88,-1,73
1,<environment.Job instance at 0x7f3a30cb6140>,46,3,[5 4],47,-1,76,-1,73
1,<environment.Job instance at 0x7f3a39f95e60>,50,3,[6 2],51,-1,96,-1,93
1,<environment.Job instance at 0x7f3a39f95af0>,51,1,[6 4],52,-1,94,-1,93
1,<environment.Job instance at 0x7f3a3156eb40>,58,1,[5 3],59,-1,130,-1,129
1,<environment.Job instance at 0x7f3a3156e410>,59,2,[6 1],60,-1,131,-1,129
1,<environment.Job instance at 0x7f3a3156ef50>,60,3,[4 6],61,-1,132,-1,129
1,<environment.Job instance at 0x7f3a3156e690>,61,1,[ 3 11],62,-1,130,-1,129
1,<environment.Job instance at 0x7f3a3137ce60>,62,2,[4 9],63,-1,131,-1,129
1,<environment.Job instance at 0x7f3a3137c140>,64,3,[5 5],65,-1,144,-1,141
1,<environment.Job instance at 0x7f3a30fbb9b0>,67,2,[5 4],68,-1,160,-1,158
1,<environment.Job instance at 0x7f3a30cc0aa0>,68,3,[ 5 12],69,-1,161,-1,158
1,<environment.Job instance at 0x7f3a30a9f690>,69,13,[1 9],70,-1,172,-1,159
1,<environment.Job instance at 0x7f3a313bb820>,70,2,[5 2],71,-1,161,-1,159
1,<environment.Job instance at 0x7f3a30a98af0>,71,17,[ 1 10],72,-1,176,-1,159
1,<environment.Job instance at 0x7f3a3054c870>,72,1,[1 6],73,-1,160,-1,159
1,<environment.Job instance at 0x7f3a30a2e1e0>,11,25,[9 2],12,-1,67,-1,42
1,<environment.Job instance at 0x7f3a3058cb90>,17,2,[ 4 12],18,-1,48,-1,46
1,<environment.Job instance at 0x7f3a3058c960>,18,18,[11  2],19,-1,64,-1,46
1,<environment.Job instance at 0x7f3a308e5fa0>,41,28,[6 2],42,-1,160,-1,132
1,<environment.Job instance at 0x7f3a30a65be0>,42,2,[6 2],43,-1,134,-1,132
1,<environment.Job instance at 0x7f3a308e5140>,43,2,[1 8],44,-1,134,-1,132
1,<environment.Job instance at 0x7f3a304e8dc0>,44,1,[5 4],45,-1,133,-1,132
1,<environment.Job instance at 0x7f3a304e8e60>,45,3,[ 5 10],46,-1,135,-1,132
1,<environment.Job instance at 0x7f3a304e88c0>,46,26,[5 4],47,-1,158,-1,132
1,<environment.Job instance at 0x7f3a304e82d0>,47,3,[1 9],48,-1,135,-1,132
1,<environment.Job instance at 0x7f3a304e8fa0>,48,3,[5 2],49,-1,135,-1,132
1,<environment.Job instance at 0x7f3a304e80f0>,50,1,[5 8],51,-1,134,-1,133
1,<environment.Job instance at 0x7f3a304e8280>,51,18,[ 2 14],52,-1,151,-1,133
1,<environment.Job instance at 0x7f3a304e8780>,52,17,[ 4 13],53,-1,150,-1,133
1,<environment.Job instance at 0x7f3a304e8b90>,53,25,[7 3],54,-1,158,-1,133
1,<environment.Job instance at 0x7f3a304e8230>,54,12,[2 7],55,-1,147,-1,135
1,<environment.Job instance at 0x7f3a304e87d0>,56,3,[10  1],57,-1,158,-1,155
1,<environment.Job instance at 0x7f3a304e8820>,58,14,[ 3 10],59,-1,170,-1,156
1,<environment.Job instance at 0x7f3a31969a00>,6,1,[5 3],7,-1,8,-1,7
1,<environment.Job instance at 0x7f3a3122f690>,16,2,[3 5],17,-1,36,-1,34
1,<environment.Job instance at 0x7f3a3122fd20>,17,1,[ 4 10],18,-1,35,-1,34
1,<environment.Job instance at 0x7f3a3122f140>,18,24,[11  1],19,-1,58,-1,34
1,<environment.Job instance at 0x7f3a3122f550>,19,3,[9 4],20,-1,37,-1,34
1,<environment.Job instance at 0x7f3a3122ffa0>,21,3,[8 5],22,-1,37,-1,34
1,<environment.Job instance at 0x7f3a3122f5a0>,24,3,[2 5],25,-1,49,-1,46
1,<environment.Job instance at 0x7f3a31962910>,29,3,[9 3],30,-1,77,-1,74
1,<environment.Job instance at 0x7f3a319626e0>,30,1,[9 2],31,-1,75,-1,74
1,<environment.Job instance at 0x7f3a31263cd0>,34,2,[4 8],35,-1,102,-1,100
1,<environment.Job instance at 0x7f3a304750a0>,35,3,[10  5],36,-1,103,-1,100
1,<environment.Job instance at 0x7f3a3196e9b0>,42,3,[5 5],43,-1,138,-1,135
1,<environment.Job instance at 0x7f3a304178c0>,5,12,[ 2 10],6,-1,31,-1,19
1,<environment.Job instance at 0x7f3a304940f0>,23,2,[5 8],24,-1,57,-1,55
1,<environment.Job instance at 0x7f3a30490e10>,25,12,[11  4],26,-1,80,-1,68
1,<environment.Job instance at 0x7f3a30490190>,38,14,[2 8],39,-1,170,-1,156
1,<environment.Job instance at 0x7f3a304807d0>,41,15,[ 3 10],42,-1,171,-1,156
1,<environment.Job instance at 0x7f3a30480410>,42,2,[3 6],43,-1,158,-1,156
1,<environment.Job instance at 0x7f3a304801e0>,43,13,[4 6],44,-1,169,-1,156
1,<environment.Job instance at 0x7f3a31923910>,3,2,[2 7],4,-1,6,-1,4
1,<environment.Job instance at 0x7f3a31923c80>,7,27,[7 1],8,-1,35,-1,8
1,<environment.Job instance at 0x7f3a317f42d0>,11,24,[1 7],12,-1,36,-1,12
1,<environment.Job instance at 0x7f3a318ae910>,13,24,[5 9],14,-1,38,-1,14
1,<environment.Job instance at 0x7f3a318aefa0>,14,3,[14  3],15,-1,18,-1,15
1,<environment.Job instance at 0x7f3a318ae370>,15,13,[ 4 13],16,-1,29,-1,16
1,<environment.Job instance at 0x7f3a318805f0>,24,2,[6 2],25,-1,42,-1,40
1,<environment.Job instance at 0x7f3a31781b40>,26,2,[ 2 10],27,-1,51,-1,49
1,<environment.Job instance at 0x7f3a30e94730>,30,2,[11  1],31,-1,70,-1,68
1,<environment.Job instance at 0x7f3a30e94f50>,31,24,[5 4],32,-1,92,-1,68
1,<environment.Job instance at 0x7f3a30e94b90>,33,14,[11  2],34,-1,100,-1,86
1,<environment.Job instance at 0x7f3a30e94eb0>,34,2,[ 1 11],35,-1,88,-1,86
1,<environment.Job instance at 0x7f3a318c14b0>,39,2,[5 6],40,-1,114,-1,112
1,<environment.Job instance at 0x7f3a318c1140>,40,2,[8 2],41,-1,114,-1,112
1,<environment.Job instance at 0x7f3a318c1c80>,41,2,[9 4],42,-1,114,-1,112
1,<environment.Job instance at 0x7f3a318c1500>,42,1,[4 8],43,-1,113,-1,112
1,<environment.Job instance at 0x7f3a318c1b90>,44,3,[6 2],45,-1,115,-1,112
1,<environment.Job instance at 0x7f3a318c1eb0>,46,26,[3 5],47,-1,152,-1,126
1,<environment.Job instance at 0x7f3a318c1cd0>,48,2,[1 8],49,-1,128,-1,126
1,<environment.Job instance at 0x7f3a318c1460>,49,17,[ 2 14],50,-1,143,-1,126
1,<environment.Job instance at 0x7f3a39f5eb90>,53,26,[5 4],54,-1,165,-1,139
1,<environment.Job instance at 0x7f3a39f5ecd0>,54,13,[ 5 14],55,-1,152,-1,139
1,<environment.Job instance at 0x7f3a31806410>,58,3,[1 8],59,-1,158,-1,155
1,<environment.Job instance at 0x7f3a31806550>,59,18,[ 1 11],60,-1,173,-1,155
1,<environment.Job instance at 0x7f3a31806820>,60,3,[7 1],61,-1,158,-1,155
1,<environment.Job instance at 0x7f3a31806280>,61,3,[6 3],62,-1,158,-1,155
1,<environment.Job instance at 0x7f3a31806be0>,62,18,[5 1],63,-1,173,-1,155
1,<environment.Job instance at 0x7f3a31806910>,63,3,[4 5],64,-1,158,-1,155
1,<environment.Job instance at 0x7f3a318066e0>,64,1,[3 6],65,-1,156,-1,155
1,<environment.Job instance at 0x7f3a318063c0>,65,2,[5 5],66,-1,157,-1,155
1,<environment.Job instance at 0x7f3a318061e0>,66,3,[9 3],67,-1,158,-1,155
1,<environment.Job instance at 0x7f3a31806b90>,67,12,[12  4],68,-1,167,-1,155
1,<environment.Job instance at 0x7f3a315d9370>,3,28,[2 8],4,-1,32,-1,4
1,<environment.Job instance at 0x7f3a30af7780>,13,2,[6 4],14,-1,16,-1,14
1,<environment.Job instance at 0x7f3a30af73c0>,14,3,[ 4 10],15,-1,18,-1,15
1,<environment.Job instance at 0x7f3a30af7c30>,15,3,[11  4],16,-1,19,-1,16
1,<environment.Job instance at 0x7f3a30d6e4b0>,25,1,[10  5],26,-1,63,-1,62
1,<environment.Job instance at 0x7f3a31811410>,26,2,[7 3],27,-1,64,-1,62
1,<environment.Job instance at 0x7f3a30b11af0>,27,3,[1 9],28,-1,66,-1,63
1,<environment.Job instance at 0x7f3a30d6aa00>,31,1,[8 1],32,-1,84,-1,83
1,<environment.Job instance at 0x7f3a30d6aaf0>,32,2,[6 4],33,-1,85,-1,83
1,<environment.Job instance at 0x7f3a31837a00>,33,26,[6 1],34,-1,109,-1,83
1,<environment.Job instance at 0x7f3a3180fd20>,34,1,[10  2],35,-1,84,-1,83
1,<environment.Job instance at 0x7f3a318670f0>,35,2,[5 8],36,-1,85,-1,83
1,<environment.Job instance at 0x7f3a31867b40>,36,1,[11  3],37,-1,84,-1,83
1,<environment.Job instance at 0x7f3a30ae31e0>,37,1,[2 6],38,-1,84,-1,83
1,<environment.Job instance at 0x7f3a30d78f50>,38,18,[ 1 11],39,-1,101,-1,83
1,<environment.Job instance at 0x7f3a30ae3640>,39,27,[ 4 10],40,-1,110,-1,83
1,<environment.Job instance at 0x7f3a31832550>,41,3,[5 5],42,-1,90,-1,87
1,<environment.Job instance at 0x7f3a31832780>,43,26,[1 9],44,-1,122,-1,96
1,<environment.Job instance at 0x7f3a318090a0>,44,3,[9 2],45,-1,99,-1,96
1,<environment.Job instance at 0x7f3a31809730>,45,17,[ 4 11],46,-1,113,-1,96
1,<environment.Job instance at 0x7f3a31823af0>,46,24,[7 5],47,-1,120,-1,96
1,<environment.Job instance at 0x7f3a318296e0>,47,3,[4 8],48,-1,99,-1,96
1,<environment.Job instance at 0x7f3a31829820>,49,12,[13  1],50,-1,114,-1,102
1,<environment.Job instance at 0x7f3a317fe0a0>,51,2,[4 6],52,-1,110,-1,108
1,<environment.Job instance at 0x7f3a317fe550>,52,2,[10  3],53,-1,110,-1,108
1,<environment.Job instance at 0x7f3a317fe5a0>,55,24,[2 7],56,-1,141,-1,117
1,<environment.Job instance at 0x7f3a317fea00>,57,1,[6 4],58,-1,131,-1,130
1,<environment.Job instance at 0x7f3a31834460>,59,3,[3 9],60,-1,133,-1,130
1,<environment.Job instance at 0x7f3a31834410>,60,2,[6 5],61,-1,132,-1,130
1,<environment.Job instance at 0x7f3a31834690>,63,1,[ 2 14],64,-1,148,-1,147
1,<environment.Job instance at 0x7f3a31834c30>,65,2,[4 8],66,-1,149,-1,147
1,<environment.Job instance at 0x7f3a31834f00>,67,2,[14  3],68,-1,149,-1,147
1,<environment.Job instance at 0x7f3a3052b4b0>,71,2,[3 6],72,-1,161,-1,159
1,<environment.Job instance at 0x7f3a3052bc80>,72,24,[13  3],73,-1,183,-1,159
1,<environment.Job instance at 0x7f3a308cde10>,7,2,[ 5 14],8,-1,10,-1,8
1,<environment.Job instance at 0x7f3a308cd4b0>,8,1,[4 6],9,-1,16,-1,15
1,<environment.Job instance at 0x7f3a310f3f00>,23,18,[ 5 11],24,-1,101,-1,83
1,<environment.Job instance at 0x7f3a308ba6e0>,29,24,[5 8],30,-1,130,-1,106
1,<environment.Job instance at 0x7f3a308baa50>,35,3,[5 1],36,-1,109,-1,106
1,<environment.Job instance at 0x7f3a31101cd0>,38,1,[5 8],39,-1,125,-1,124
1,<environment.Job instance at 0x7f3a311016e0>,39,28,[6 1],40,-1,152,-1,124
1,<environment.Job instance at 0x7f3a31101780>,40,1,[ 1 14],41,-1,125,-1,124
1,<environment.Job instance at 0x7f3a31101460>,41,2,[1 9],42,-1,126,-1,124
1,<environment.Job instance at 0x7f3a311012d0>,43,1,[7 1],44,-1,125,-1,124
1,<environment.Job instance at 0x7f3a31101870>,47,3,[5 8],48,-1,143,-1,140
1,<environment.Job instance at 0x7f3a31101b40>,48,2,[12  3],49,-1,142,-1,140
1,<environment.Job instance at 0x7f3a31127f50>,52,26,[ 5 14],53,-1,182,-1,156
1,<environment.Job instance at 0x7f3a31127f50>,3,18,[ 3 13],4,-1,22,-1,4
1,<environment.Job instance at 0x7f3a310ec500>,4,26,[12  3],5,-1,31,-1,5
1,<environment.Job instance at 0x7f3a310ec820>,7,24,[4 8],8,-1,32,-1,8
1,<environment.Job instance at 0x7f3a30decf00>,11,25,[1 7],12,-1,37,-1,12
1,<environment.Job instance at 0x7f3a30decbe0>,14,1,[8 4],15,-1,25,-1,24
1,<environment.Job instance at 0x7f3a3087fdc0>,24,1,[10  2],25,-1,26,-1,25
1,<environment.Job instance at 0x7f3a309dcb40>,38,26,[ 1 10],39,-1,126,-1,100
1,<environment.Job instance at 0x7f3a310dc690>,39,15,[ 5 13],40,-1,115,-1,100
1,<environment.Job instance at 0x7f3a30d905f0>,41,1,[7 1],42,-1,101,-1,100
1,<environment.Job instance at 0x7f3a30d90960>,42,2,[9 4],43,-1,102,-1,100
1,<environment.Job instance at 0x7f3a315e1b40>,43,2,[6 2],44,-1,102,-1,100
1,<environment.Job instance at 0x7f3a30d63be0>,17,18,[13  1],18,-1,52,-1,34
1,<environment.Job instance at 0x7f3a30d63690>,19,2,[5 8],20,-1,38,-1,36
1,<environment.Job instance at 0x7f3a30d63b90>,20,2,[5 7],21,-1,38,-1,36
1,<environment.Job instance at 0x7f3a30d63640>,21,15,[ 4 11],22,-1,51,-1,36
1,<environment.Job instance at 0x7f3a30d98500>,29,14,[ 3 10],30,-1,111,-1,97
1,<environment.Job instance at 0x7f3a30d98e60>,30,1,[1 5],31,-1,98,-1,97
1,<environment.Job instance at 0x7f3a30d98d70>,36,1,[9 2],37,-1,122,-1,121
1,<environment.Job instance at 0x7f3a30d98370>,37,2,[13  2],38,-1,123,-1,121
1,<environment.Job instance at 0x7f3a30d98460>,38,2,[3 8],39,-1,123,-1,121
1,<environment.Job instance at 0x7f3a30d98140>,39,2,[7 2],40,-1,123,-1,121
1,<environment.Job instance at 0x7f3a30d981e0>,40,3,[5 3],41,-1,124,-1,121
1,<environment.Job instance at 0x7f3a3021a820>,8,3,[12  1],9,-1,12,-1,9
1,<environment.Job instance at 0x7f3a301f7e10>,29,28,[ 4 10],30,-1,110,-1,82
1,<environment.Job instance at 0x7f3a301f7280>,38,24,[ 3 11],39,-1,161,-1,137
1,<environment.Job instance at 0x7f3a301f7870>,41,2,[ 1 11],42,-1,152,-1,150
1,<environment.Job instance at 0x7f3a302526e0>,42,2,[10  2],43,-1,152,-1,150
1,<environment.Job instance at 0x7f3a3060d690>,8,21,[1 8],9,-1,40,-1,19
1,<environment.Job instance at 0x7f3a3060d550>,12,1,[9 4],13,-1,23,-1,22
1,<environment.Job instance at 0x7f3a3060d500>,16,23,[6 1],17,-1,82,-1,59
1,<environment.Job instance at 0x7f3a3060d820>,21,2,[ 4 10],22,-1,61,-1,59
1,<environment.Job instance at 0x7f3a3060daf0>,23,1,[5 2],24,-1,60,-1,59
1,<environment.Job instance at 0x7f3a3060db40>,25,14,[11  5],26,-1,84,-1,70
1,<environment.Job instance at 0x7f3a3060d410>,26,3,[ 3 11],27,-1,73,-1,70
1,<environment.Job instance at 0x7f3a3121c460>,30,2,[10  3],31,-1,73,-1,71
1,<environment.Job instance at 0x7f3a3121c190>,35,1,[7 4],36,-1,104,-1,103
1,<environment.Job instance at 0x7f3a3121c8c0>,37,1,[3 7],38,-1,105,-1,104
1,<environment.Job instance at 0x7f3a3121ceb0>,41,1,[8 2],42,-1,106,-1,105
1,<environment.Job instance at 0x7f3a30c42230>,10,25,[ 2 10],11,-1,36,-1,11
1,<environment.Job instance at 0x7f3a30602140>,12,2,[4 6],13,-1,19,-1,17
1,<environment.Job instance at 0x7f3a30c42370>,15,1,[5 2],16,-1,21,-1,20
1,<environment.Job instance at 0x7f3a30c424b0>,17,24,[4 7],18,-1,45,-1,21
1,<environment.Job instance at 0x7f3a30c42320>,20,1,[7 3],21,-1,22,-1,21
1,<environment.Job instance at 0x7f3a303e8e60>,23,25,[2 8],24,-1,64,-1,39
1,<environment.Job instance at 0x7f3a303e83c0>,28,2,[7 5],29,-1,41,-1,39
1,<environment.Job instance at 0x7f3a303e8a00>,31,2,[5 7],32,-1,50,-1,48
1,<environment.Job instance at 0x7f3a303e85a0>,32,1,[10  3],33,-1,49,-1,48
1,<environment.Job instance at 0x7f3a303e8f00>,37,3,[9 5],38,-1,71,-1,68
1,<environment.Job instance at 0x7f3a303e8d20>,38,3,[7 1],39,-1,71,-1,68
1,<environment.Job instance at 0x7f3a3a039a50>,42,2,[ 3 12],43,-1,117,-1,115
1,<environment.Job instance at 0x7f3a3a039f00>,49,2,[10  4],50,-1,151,-1,149
1,<environment.Job instance at 0x7f3a3a039e10>,50,23,[2 5],51,-1,172,-1,149
1,<environment.Job instance at 0x7f3a3a039140>,52,23,[ 3 10],53,-1,177,-1,154
1,<environment.Job instance at 0x7f3a3a4c2fa0>,8,3,[3 9],9,-1,22,-1,19
1,<environment.Job instance at 0x7f3a3021c320>,18,1,[4 9],19,-1,39,-1,38
1,<environment.Job instance at 0x7f3a3021ce10>,19,2,[3 5],20,-1,41,-1,39
1,<environment.Job instance at 0x7f3a3090e6e0>,29,1,[9 4],30,-1,92,-1,91
1,<environment.Job instance at 0x7f3a3090e320>,30,1,[7 4],31,-1,92,-1,91
1,<environment.Job instance at 0x7f3a3090ed70>,32,2,[5 3],33,-1,107,-1,105
1,<environment.Job instance at 0x7f3a3a200af0>,39,1,[9 5],40,-1,140,-1,139
1,<environment.Job instance at 0x7f3a3a2002d0>,40,28,[7 5],41,-1,167,-1,139
1,<environment.Job instance at 0x7f3a3a200320>,43,13,[7 1],44,-1,158,-1,145
1,<environment.Job instance at 0x7f3a3a2005f0>,44,18,[ 5 10],45,-1,168,-1,150
1,<environment.Job instance at 0x7f3a3061dcd0>,8,26,[1 9],9,-1,43,-1,17
1,<environment.Job instance at 0x7f3a3061df50>,9,1,[9 3],10,-1,18,-1,17
1,<environment.Job instance at 0x7f3a3061d320>,10,1,[3 8],11,-1,18,-1,17
1,<environment.Job instance at 0x7f3a3061d280>,11,1,[9 2],12,-1,18,-1,17
1,<environment.Job instance at 0x7f3a30da0fa0>,20,20,[10  1],21,-1,121,-1,101
1,<environment.Job instance at 0x7f3a30c30d20>,30,21,[2 6],31,-1,122,-1,101
1,<environment.Job instance at 0x7f3a30c309b0>,37,18,[4 5],38,-1,119,-1,101
1,<environment.Job instance at 0x7f3a30c30fa0>,38,13,[2 8],39,-1,114,-1,101
1,<environment.Job instance at 0x7f3a30c30280>,36,2,[7 4],37,-1,103,-1,101
1,<environment.Job instance at 0x7f3a30c30320>,40,3,[9 5],41,-1,104,-1,101
1,<environment.Job instance at 0x7f3a30c305f0>,35,26,[ 3 11],36,-1,137,-1,111
1,<environment.Job instance at 0x7f3a30398e60>,45,12,[7 4],46,-1,136,-1,124
1,<environment.Job instance at 0x7f3a30398c30>,46,3,[ 2 10],47,-1,127,-1,124
1,<environment.Job instance at 0x7f3a30398d70>,48,2,[10  5],49,-1,127,-1,125
1,<environment.Job instance at 0x7f3a30398410>,49,1,[4 5],50,-1,126,-1,125
1,<environment.Job instance at 0x7f3a30398730>,51,3,[5 5],52,-1,134,-1,131
1,<environment.Job instance at 0x7f3a303983c0>,52,3,[7 2],53,-1,134,-1,131
1,<environment.Job instance at 0x7f3a30398050>,53,3,[5 5],54,-1,134,-1,131
1,<environment.Job instance at 0x7f3a30398c80>,54,24,[ 4 12],55,-1,155,-1,131
1,<environment.Job instance at 0x7f3a30398910>,55,3,[11  4],56,-1,134,-1,131
1,<environment.Job instance at 0x7f3a303c74b0>,57,24,[8 5],58,-1,155,-1,131
1,<environment.Job instance at 0x7f3a31865aa0>,7,2,[5 6],8,-1,44,-1,42
1,<environment.Job instance at 0x7f3a300dfd70>,25,3,[5 1],26,-1,86,-1,83
1,<environment.Job instance at 0x7f3a31977730>,30,2,[ 1 10],31,-1,104,-1,102
1,<environment.Job instance at 0x7f3a31977050>,31,1,[6 1],32,-1,103,-1,102
1,<environment.Job instance at 0x7f3a319777d0>,33,3,[5 3],34,-1,105,-1,102
1,<environment.Job instance at 0x7f3a319771e0>,34,13,[13  2],35,-1,115,-1,102
1,<environment.Job instance at 0x7f3a31196960>,35,1,[7 1],36,-1,103,-1,102
1,<environment.Job instance at 0x7f3a31196c30>,36,26,[6 2],37,-1,128,-1,102
1,<environment.Job instance at 0x7f3a31196640>,37,27,[ 4 10],38,-1,129,-1,102
1,<environment.Job instance at 0x7f3a31196c80>,39,3,[6 4],40,-1,121,-1,118
1,<environment.Job instance at 0x7f3a311961e0>,41,12,[ 5 10],42,-1,147,-1,135
1,<environment.Job instance at 0x7f3a31196140>,42,19,[ 2 14],43,-1,154,-1,135
1,<environment.Job instance at 0x7f3a31196910>,43,25,[1 6],44,-1,160,-1,135
1,<environment.Job instance at 0x7f3a31196280>,45,2,[8 2],46,-1,154,-1,152
1,<environment.Job instance at 0x7f3a31196dc0>,46,2,[2 7],47,-1,154,-1,152
1,<environment.Job instance at 0x7f3a30cefaf0>,48,1,[3 5],49,-1,153,-1,152
1,<environment.Job instance at 0x7f3a30cefa50>,49,21,[10  2],50,-1,173,-1,152
1,<environment.Job instance at 0x7f3a30cefc80>,51,1,[5 9],52,-1,153,-1,152
1,<environment.Job instance at 0x7f3a30ceff00>,52,3,[ 5 11],53,-1,155,-1,152
1,<environment.Job instance at 0x7f3a30cef820>,53,1,[13  4],54,-1,153,-1,152
1,<environment.Job instance at 0x7f3a30cef190>,54,2,[2 7],55,-1,154,-1,152
1,<environment.Job instance at 0x7f3a30cef0f0>,55,15,[14  2],56,-1,167,-1,152
1,<environment.Job instance at 0x7f3a30904e10>,7,1,[ 1 10],8,-1,10,-1,9
1,<environment.Job instance at 0x7f3a30904d70>,13,27,[5 5],14,-1,64,-1,37
1,<environment.Job instance at 0x7f3a30904d20>,16,13,[ 3 11],17,-1,62,-1,49
1,<environment.Job instance at 0x7f3a30904a50>,17,22,[ 1 14],18,-1,71,-1,49
1,<environment.Job instance at 0x7f3a314a2f50>,18,2,[9 4],19,-1,51,-1,49
1,<environment.Job instance at 0x7f3a314a2cd0>,19,28,[9 5],20,-1,77,-1,49
1,<environment.Job instance at 0x7f3a314a2a50>,22,1,[ 2 10],23,-1,50,-1,49
1,<environment.Job instance at 0x7f3a314a2fa0>,23,2,[3 9],24,-1,51,-1,49
1,<environment.Job instance at 0x7f3a31624b90>,26,1,[1 9],27,-1,53,-1,52
1,<environment.Job instance at 0x7f3a316248c0>,27,27,[10  2],28,-1,79,-1,52
1,<environment.Job instance at 0x7f3a316244b0>,29,2,[8 3],30,-1,58,-1,56
1,<environment.Job instance at 0x7f3a31624320>,31,23,[8 1],32,-1,87,-1,64
1,<environment.Job instance at 0x7f3a308d8b90>,34,2,[4 9],35,-1,78,-1,76
1,<environment.Job instance at 0x7f3a308d8f00>,38,2,[1 8],39,-1,92,-1,90
1,<environment.Job instance at 0x7f3a308d8140>,40,14,[ 2 11],41,-1,122,-1,108
1,<environment.Job instance at 0x7f3a31120780>,5,18,[ 3 11],6,-1,24,-1,6
1,<environment.Job instance at 0x7f3a310f7aa0>,27,2,[ 2 10],28,-1,63,-1,61
1,<environment.Job instance at 0x7f3a310f7c80>,28,2,[1 9],29,-1,63,-1,61
1,<environment.Job instance at 0x7f3a310f7b90>,29,14,[ 5 12],30,-1,75,-1,61
1,<environment.Job instance at 0x7f3a310f1eb0>,39,3,[6 5],40,-1,109,-1,106
1,<environment.Job instance at 0x7f3a310f1d70>,40,1,[1 5],41,-1,107,-1,106
1,<environment.Job instance at 0x7f3a310f1550>,41,2,[7 1],42,-1,108,-1,106
1,<environment.Job instance at 0x7f3a310f15a0>,42,2,[5 6],43,-1,108,-1,106
1,<environment.Job instance at 0x7f3a310f1460>,49,3,[7 1],50,-1,140,-1,137
1,<environment.Job instance at 0x7f3a310fe370>,51,1,[6 5],52,-1,147,-1,146
1,<environment.Job instance at 0x7f3a310fe3c0>,55,2,[9 2],56,-1,158,-1,156
1,<environment.Job instance at 0x7f3a310fe870>,56,1,[2 7],57,-1,157,-1,156
1,<environment.Job instance at 0x7f3a310fe280>,57,3,[6 2],58,-1,160,-1,157
1,<environment.Job instance at 0x7f3a310fe690>,58,1,[1 6],59,-1,158,-1,157
1,<environment.Job instance at 0x7f3a310fe690>,3,1,[8 2],4,-1,5,-1,4
1,<environment.Job instance at 0x7f3a315b5410>,5,3,[ 2 10],6,-1,10,-1,7
1,<environment.Job instance at 0x7f3a315b55a0>,9,23,[ 5 10],10,-1,33,-1,10
1,<environment.Job instance at 0x7f3a315b56e0>,10,28,[8 5],11,-1,39,-1,11
1,<environment.Job instance at 0x7f3a315b5690>,11,3,[10  3],12,-1,15,-1,12
1,<environment.Job instance at 0x7f3a315b5c80>,18,3,[2 7],19,-1,39,-1,36
1,<environment.Job instance at 0x7f3a315b5af0>,19,2,[1 5],20,-1,38,-1,36
1,<environment.Job instance at 0x7f3a315b5820>,20,1,[ 1 10],21,-1,37,-1,36
1,<environment.Job instance at 0x7f3a315b5dc0>,21,3,[10  3],22,-1,39,-1,36
1,<environment.Job instance at 0x7f3a315b5eb0>,22,26,[12  5],23,-1,62,-1,36
1,<environment.Job instance at 0x7f3a315b5d70>,23,2,[8 1],24,-1,38,-1,36
1,<environment.Job instance at 0x7f3a315860f0>,27,13,[5 1],28,-1,74,-1,61
1,<environment.Job instance at 0x7f3a31586230>,28,1,[6 3],29,-1,62,-1,61
1,<environment.Job instance at 0x7f3a31586370>,30,12,[11  3],31,-1,75,-1,63
1,<environment.Job instance at 0x7f3a31586550>,33,1,[5 8],34,-1,77,-1,76
1,<environment.Job instance at 0x7f3a31586960>,36,2,[ 1 10],37,-1,96,-1,94
1,<environment.Job instance at 0x7f3a31586a00>,37,3,[3 8],38,-1,97,-1,94
1,<environment.Job instance at 0x7f3a31586b90>,39,3,[14  2],40,-1,105,-1,102
1,<environment.Job instance at 0x7f3a31586c30>,40,3,[ 5 10],41,-1,105,-1,102
1,<environment.Job instance at 0x7f3a31586d70>,42,1,[ 4 10],43,-1,105,-1,104
1,<environment.Job instance at 0x7f3a31586eb0>,44,3,[7 5],45,-1,108,-1,105
1,<environment.Job instance at 0x7f3a31586a50>,46,3,[8 4],47,-1,122,-1,119
1,<environment.Job instance at 0x7f3a315a1190>,48,13,[13  2],49,-1,132,-1,119
1,<environment.Job instance at 0x7f3a315a12d0>,50,18,[ 3 12],51,-1,156,-1,138
1,<environment.Job instance at 0x7f3a315a1370>,51,25,[5 9],52,-1,163,-1,138
1,<environment.Job instance at 0x7f3a315a15f0>,55,27,[4 5],56,-1,180,-1,153
1,<environment.Job instance at 0x7f3532ecf730>,4,1,[5 6],5,-1,6,-1,5
1,<environment.Job instance at 0x7f3532ecf550>,6,1,[9 5],7,-1,8,-1,7
1,<environment.Job instance at 0x7f3532ecf500>,8,16,[1 8],9,-1,25,-1,9
1,<environment.Job instance at 0x7f3532ed1230>,19,2,[5 5],20,-1,42,-1,40
1,<environment.Job instance at 0x7f3532ed1370>,21,1,[6 4],22,-1,55,-1,54
1,<environment.Job instance at 0x7f3532ed1410>,22,1,[12  1],23,-1,55,-1,54
1,<environment.Job instance at 0x7f3532ed1500>,23,16,[ 1 11],24,-1,70,-1,54
1,<environment.Job instance at 0x7f3532ed16e0>,27,13,[11  4],28,-1,67,-1,54
1,<environment.Job instance at 0x7f3532ed17d0>,28,2,[ 3 10],29,-1,56,-1,54
1,<environment.Job instance at 0x7f3532ed13c0>,32,1,[5 6],33,-1,63,-1,62
1,<environment.Job instance at 0x7f3532ed1fa0>,39,1,[2 7],40,-1,96,-1,95
1,<environment.Job instance at 0x7f3532ed5140>,41,23,[10  4],42,-1,164,-1,141
1,<environment.Job instance at 0x7f353340f640>,4,3,[13  5],5,-1,10,-1,7
1,<environment.Job instance at 0x7f353302e6e0>,12,2,[6 1],13,-1,23,-1,21
1,<environment.Job instance at 0x7f353302e320>,13,3,[10  3],14,-1,24,-1,21
1,<environment.Job instance at 0x7f353302ee10>,14,1,[8 3],15,-1,22,-1,21
1,<environment.Job instance at 0x7f353302e0a0>,15,2,[6 4],16,-1,23,-1,21
1,<environment.Job instance at 0x7f353302e1e0>,22,18,[ 3 10],23,-1,100,-1,82
1,<environment.Job instance at 0x7f3532589370>,33,1,[3 6],34,-1,88,-1,87
1,<environment.Job instance at 0x7f3532936780>,34,1,[ 3 12],35,-1,88,-1,87
1,<environment.Job instance at 0x7f35326215a0>,36,2,[4 9],37,-1,91,-1,89
1,<environment.Job instance at 0x7f35326213c0>,37,2,[10  1],38,-1,91,-1,89
1,<environment.Job instance at 0x7f35328e53c0>,39,27,[5 4],40,-1,128,-1,101
1,<environment.Job instance at 0x7f353259e550>,40,1,[7 4],41,-1,102,-1,101
1,<environment.Job instance at 0x7f353298a2d0>,42,20,[1 8],43,-1,138,-1,118
1,<environment.Job instance at 0x7f353298a780>,45,13,[1 7],46,-1,131,-1,118
1,<environment.Job instance at 0x7f353258a3c0>,6,2,[7 1],7,-1,10,-1,8
1,<environment.Job instance at 0x7f353258ad70>,8,24,[5 8],9,-1,35,-1,11
1,<environment.Job instance at 0x7f353258a0a0>,10,27,[3 7],11,-1,38,-1,11
1,<environment.Job instance at 0x7f353258ae60>,11,17,[ 3 14],12,-1,29,-1,12
1,<environment.Job instance at 0x7f353258acd0>,12,1,[8 3],13,-1,14,-1,13
1,<environment.Job instance at 0x7f353258a190>,9,1,[2 9],10,-1,14,-1,13
1,<environment.Job instance at 0x7f353258a6e0>,13,2,[ 1 11],14,-1,16,-1,14
1,<environment.Job instance at 0x7f353258a640>,17,19,[13  2],18,-1,49,-1,30
1,<environment.Job instance at 0x7f353258aa00>,15,1,[8 2],16,-1,31,-1,30
1,<environment.Job instance at 0x7f35325bd1e0>,19,2,[2 7],20,-1,32,-1,30
1,<environment.Job instance at 0x7f35325bdd20>,21,3,[3 9],22,-1,33,-1,30
1,<environment.Job instance at 0x7f35325bd230>,22,18,[ 4 10],23,-1,69,-1,51
1,<environment.Job instance at 0x7f35325bd730>,30,3,[6 2],31,-1,64,-1,61
1,<environment.Job instance at 0x7f35325bd320>,31,1,[6 4],32,-1,62,-1,61
1,<environment.Job instance at 0x7f35325bd870>,33,20,[ 5 10],34,-1,81,-1,61
1,<environment.Job instance at 0x7f35325bd5a0>,34,13,[10  4],35,-1,84,-1,71
1,<environment.Job instance at 0x7f35325bd280>,35,3,[8 1],36,-1,74,-1,71
1,<environment.Job instance at 0x7f353253a190>,38,1,[5 3],39,-1,80,-1,79
1,<environment.Job instance at 0x7f353253a050>,39,2,[6 1],40,-1,81,-1,79
1,<environment.Job instance at 0x7f353253a320>,40,3,[4 6],41,-1,82,-1,79
1,<environment.Job instance at 0x7f353253a0a0>,41,1,[ 3 11],42,-1,80,-1,79
1,<environment.Job instance at 0x7f353253aa50>,42,2,[4 9],43,-1,81,-1,79
1,<environment.Job instance at 0x7f353253a780>,44,3,[5 5],45,-1,100,-1,97
1,<environment.Job instance at 0x7f353253acd0>,47,2,[5 4],48,-1,104,-1,102
1,<environment.Job instance at 0x7f353253ac30>,48,3,[ 5 12],49,-1,105,-1,102
1,<environment.Job instance at 0x7f353253af00>,49,13,[1 9],50,-1,115,-1,102
1,<environment.Job instance at 0x7f353253ae10>,50,2,[5 2],51,-1,104,-1,102
1,<environment.Job instance at 0x7f35333f05f0>,51,17,[ 1 10],52,-1,119,-1,102
1,<environment.Job instance at 0x7f3532c82320>,52,1,[1 6],53,-1,103,-1,102
1,<environment.Job instance at 0x7f35333e25f0>,56,17,[8 2],57,-1,142,-1,125
1,<environment.Job instance at 0x7f35333e20a0>,57,2,[ 3 11],58,-1,127,-1,125
1,<environment.Job instance at 0x7f3532d5c550>,63,3,[8 2],64,-1,148,-1,145
1,<environment.Job instance at 0x7f353c2932d0>,64,12,[ 5 10],65,-1,157,-1,145
1,<environment.Job instance at 0x7f3532d21730>,65,1,[4 9],66,-1,146,-1,145
1,<environment.Job instance at 0x7f3532d21a00>,66,15,[ 5 14],67,-1,160,-1,145
1,<environment.Job instance at 0x7f3533390910>,68,26,[3 8],69,-1,176,-1,150
1,<environment.Job instance at 0x7f3533390e60>,69,3,[5 2],70,-1,153,-1,150
1,<environment.Job instance at 0x7f3533390e10>,71,23,[9 3],72,-1,179,-1,156
1,<environment.Job instance at 0x7f35329f76e0>,2,26,[5 5],3,-1,29,-1,3
1,<environment.Job instance at 0x7f3532b5d190>,6,3,[ 1 11],7,-1,10,-1,7
1,<environment.Job instance at 0x7f3532be5f50>,17,3,[1 9],18,-1,28,-1,25
1,<environment.Job instance at 0x7f3532be5f00>,18,3,[5 2],19,-1,30,-1,27
1,<environment.Job instance at 0x7f3532a0fcd0>,21,18,[ 2 14],22,-1,54,-1,36
1,<environment.Job instance at 0x7f3532b2d140>,22,17,[ 4 13],23,-1,53,-1,36
1,<environment.Job instance at 0x7f3532a0f5f0>,19,13,[9 2],20,-1,86,-1,73
1,<environment.Job instance at 0x7f35329c8050>,32,1,[4 6],33,-1,74,-1,73
1,<environment.Job instance at 0x7f3532b5a370>,33,12,[7 1],34,-1,85,-1,73
1,<environment.Job instance at 0x7f3532b54410>,34,1,[7 3],35,-1,74,-1,73
1,<environment.Job instance at 0x7f35328e69b0>,35,3,[13  3],36,-1,76,-1,73
1,<environment.Job instance at 0x7f353259ecd0>,40,2,[8 4],41,-1,90,-1,88
1,<environment.Job instance at 0x7f353259e3c0>,41,1,[9 1],42,-1,89,-1,88
1,<environment.Job instance at 0x7f353259eaf0>,42,12,[10  2],43,-1,100,-1,88
1,<environment.Job instance at 0x7f353259e910>,44,2,[ 3 10],45,-1,100,-1,98
1,<environment.Job instance at 0x7f353259eaa0>,46,27,[1 8],47,-1,139,-1,112
1,<environment.Job instance at 0x7f353259e0a0>,47,2,[1 8],48,-1,114,-1,112
1,<environment.Job instance at 0x7f353259e730>,52,16,[14  3],53,-1,153,-1,137
1,<environment.Job instance at 0x7f35335b6190>,14,26,[2 5],15,-1,50,-1,24
1,<environment.Job instance at 0x7f35335b6be0>,17,1,[4 6],18,-1,40,-1,39
1,<environment.Job instance at 0x7f35335b6500>,19,2,[5 5],20,-1,41,-1,39
1,<environment.Job instance at 0x7f35335b6d70>,20,1,[5 6],21,-1,40,-1,39
1,<environment.Job instance at 0x7f35339f3550>,21,1,[2 6],22,-1,40,-1,39
1,<environment.Job instance at 0x7f35339f3690>,26,2,[9 4],27,-1,58,-1,56
1,<environment.Job instance at 0x7f35339f3eb0>,27,1,[14  1],28,-1,57,-1,56
1,<environment.Job instance at 0x7f35339f3730>,28,12,[ 4 12],29,-1,68,-1,56
1,<environment.Job instance at 0x7f3533a22eb0>,31,18,[13  4],32,-1,90,-1,72
1,<environment.Job instance at 0x7f3533a22a00>,32,13,[11  4],33,-1,85,-1,72
1,<environment.Job instance at 0x7f3533a22c30>,33,1,[6 4],34,-1,73,-1,72
1,<environment.Job instance at 0x7f3533a22050>,35,1,[4 6],36,-1,79,-1,78
1,<environment.Job instance at 0x7f3533a222d0>,37,2,[2 9],38,-1,93,-1,91
1,<environment.Job instance at 0x7f3533a22140>,38,3,[3 5],39,-1,94,-1,91
1,<environment.Job instance at 0x7f353c0afeb0>,39,2,[7 5],40,-1,93,-1,91
1,<environment.Job instance at 0x7f3532515f00>,41,14,[ 1 10],42,-1,133,-1,119
1,<environment.Job instance at 0x7f353332db40>,42,2,[5 8],43,-1,121,-1,119
1,<environment.Job instance at 0x7f3533593370>,43,3,[9 1],44,-1,122,-1,119
1,<environment.Job instance at 0x7f353250cf50>,44,3,[1 8],45,-1,122,-1,119
1,<environment.Job instance at 0x7f35324c1dc0>,47,23,[3 7],48,-1,156,-1,133
1,<environment.Job instance at 0x7f35324ba7d0>,50,14,[ 4 14],51,-1,150,-1,136
1,<environment.Job instance at 0x7f35324c1af0>,51,1,[5 5],52,-1,137,-1,136
1,<environment.Job instance at 0x7f35324c15a0>,52,2,[8 5],53,-1,138,-1,136
1,<environment.Job instance at 0x7f35335b6b40>,56,1,[ 4 14],57,-1,158,-1,157
1,<environment.Job instance at 0x7f35324b3be0>,57,2,[8 4],58,-1,159,-1,157
1,<environment.Job instance at 0x7f35324f4cd0>,5,26,[2 8],6,-1,32,-1,6
1,<environment.Job instance at 0x7f35324f4370>,7,28,[7 2],8,-1,36,-1,8
1,<environment.Job instance at 0x7f35324f4910>,16,28,[5 8],17,-1,54,-1,26
1,<environment.Job instance at 0x7f35335c7c30>,18,1,[11  1],19,-1,27,-1,26
1,<environment.Job instance at 0x7f35335c7910>,19,17,[ 3 13],20,-1,43,-1,26
1,<environment.Job instance at 0x7f35335c7dc0>,20,23,[5 9],21,-1,49,-1,26
1,<environment.Job instance at 0x7f35335c70f0>,21,2,[ 2 10],22,-1,28,-1,26
1,<environment.Job instance at 0x7f35335c7410>,23,26,[10  5],24,-1,58,-1,32
1,<environment.Job instance at 0x7f35335c7aa0>,24,18,[ 1 11],25,-1,50,-1,32
1,<environment.Job instance at 0x7f35335c72d0>,30,1,[14  5],31,-1,59,-1,58
1,<environment.Job instance at 0x7f35335c7690>,31,1,[2 5],32,-1,59,-1,58
1,<environment.Job instance at 0x7f35328f16e0>,34,1,[10  2],35,-1,74,-1,73
1,<environment.Job instance at 0x7f35328f14b0>,36,23,[5 8],37,-1,102,-1,79
1,<environment.Job instance at 0x7f35328f11e0>,37,3,[ 4 11],38,-1,82,-1,79
1,<environment.Job instance at 0x7f35328f1190>,41,2,[2 6],42,-1,108,-1,106
1,<environment.Job instance at 0x7f35328f1690>,49,28,[ 2 11],50,-1,167,-1,139
1,<environment.Job instance at 0x7f35328f1b40>,50,2,[4 7],51,-1,141,-1,139
1,<environment.Job instance at 0x7f3532c0d0f0>,53,3,[ 4 10],54,-1,158,-1,155
1,<environment.Job instance at 0x7f3533959af0>,5,2,[5 5],6,-1,9,-1,7
1,<environment.Job instance at 0x7f353c081190>,15,1,[5 6],16,-1,26,-1,25
1,<environment.Job instance at 0x7f353c081280>,16,22,[ 2 10],17,-1,49,-1,27
1,<environment.Job instance at 0x7f353c081cd0>,21,18,[ 1 14],22,-1,65,-1,47
1,<environment.Job instance at 0x7f353c081b90>,23,3,[7 1],24,-1,61,-1,58
1,<environment.Job instance at 0x7f353c0819b0>,24,12,[ 1 11],25,-1,70,-1,58
1,<environment.Job instance at 0x7f353c081550>,27,14,[ 3 13],28,-1,88,-1,74
1,<environment.Job instance at 0x7f353c081780>,28,1,[9 4],29,-1,75,-1,74
1,<environment.Job instance at 0x7f353c081870>,29,2,[10  3],30,-1,76,-1,74
1,<environment.Job instance at 0x7f353c0816e0>,30,2,[4 8],31,-1,76,-1,74
1,<environment.Job instance at 0x7f3533a3f870>,32,1,[2 8],33,-1,75,-1,74
1,<environment.Job instance at 0x7f3533a3fa00>,33,1,[7 2],34,-1,75,-1,74
1,<environment.Job instance at 0x7f3533a3f8c0>,34,13,[11  5],35,-1,87,-1,74
1,<environment.Job instance at 0x7f3533a3f5f0>,35,2,[10  2],36,-1,76,-1,74
1,<environment.Job instance at 0x7f3533a3f460>,36,3,[3 7],37,-1,77,-1,74
1,<environment.Job instance at 0x7f3533a3f550>,39,3,[7 3],40,-1,94,-1,91
1,<environment.Job instance at 0x7f3533a3f280>,40,1,[1 6],41,-1,92,-1,91
1,<environment.Job instance at 0x7f3533a3f410>,41,1,[1 6],42,-1,92,-1,91
1,<environment.Job instance at 0x7f3532d103c0>,48,26,[2 7],49,-1,165,-1,139
1,<environment.Job instance at 0x7f3532d10f50>,49,3,[ 5 11],50,-1,142,-1,139
1,<environment.Job instance at 0x7f3532d10dc0>,52,1,[9 3],53,-1,155,-1,154
1,<environment.Job instance at 0x7f3532d10280>,53,3,[ 3 10],54,-1,157,-1,154
1,<environment.Job instance at 0x7f3532d10820>,55,1,[2 7],56,-1,158,-1,157
1,<environment.Job instance at 0x7f3532d10c80>,56,24,[5 3],57,-1,181,-1,157
1,<environment.Job instance at 0x7f3532d10e10>,57,18,[ 4 14],58,-1,175,-1,157
1,<environment.Job instance at 0x7f3532d10a00>,58,3,[5 3],59,-1,160,-1,157
1,<environment.Job instance at 0x7f3532d108c0>,59,1,[5 9],60,-1,158,-1,157
1,<environment.Job instance at 0x7f3532d10410>,60,22,[7 3],61,-1,183,-1,161
1,<environment.Job instance at 0x7f3532d10910>,61,17,[ 3 14],62,-1,178,-1,161
1,<environment.Job instance at 0x7f3532d10b40>,62,2,[ 3 12],63,-1,163,-1,161
1,<environment.Job instance at 0x7f35335a2fa0>,63,2,[ 4 10],64,-1,163,-1,161
1,<environment.Job instance at 0x7f35335a2dc0>,64,14,[10  1],65,-1,178,-1,164
1,<environment.Job instance at 0x7f35335a2320>,65,3,[7 3],66,-1,167,-1,164
1,<environment.Job instance at 0x7f35325ba960>,5,13,[ 2 13],6,-1,19,-1,6
1,<environment.Job instance at 0x7f35325ba9b0>,6,17,[12  2],7,-1,24,-1,7
1,<environment.Job instance at 0x7f35325bb0f0>,7,28,[7 4],8,-1,36,-1,8
1,<environment.Job instance at 0x7f35325bc870>,10,25,[10  4],11,-1,36,-1,11
1,<environment.Job instance at 0x7f35325bc410>,20,12,[ 5 10],21,-1,61,-1,49
1,<environment.Job instance at 0x7f3532e62d70>,30,22,[7 5],31,-1,103,-1,81
1,<environment.Job instance at 0x7f3532e47eb0>,38,3,[6 4],39,-1,84,-1,81
1,<environment.Job instance at 0x7f3532e58f00>,49,12,[10  4],50,-1,167,-1,155
1,<environment.Job instance at 0x7f3532e57410>,51,1,[7 1],52,-1,167,-1,166
1,<environment.Job instance at 0x7f3532e57370>,52,22,[2 6],53,-1,188,-1,166
1,<environment.Job instance at 0x7f3532e57140>,53,12,[6 2],54,-1,178,-1,166
1,<environment.Job instance at 0x7f3532e57960>,54,1,[1 7],55,-1,167,-1,166
1,<environment.Job instance at 0x7f3532e57460>,55,15,[ 2 10],56,-1,181,-1,166
1,<environment.Job instance at 0x7f3532e576e0>,56,2,[10  2],57,-1,168,-1,166
1,<environment.Job instance at 0x7f3532e57910>,57,2,[8 4],58,-1,168,-1,166
1,<environment.Job instance at 0x7f3532e57b40>,58,1,[ 4 10],59,-1,167,-1,166
1,<environment.Job instance at 0x7f3532e572d0>,59,1,[6 3],60,-1,167,-1,166
1,<environment.Job instance at 0x7f3532e57b90>,60,2,[2 7],61,-1,168,-1,166
1,<environment.Job instance at 0x7f3533adbb40>,3,15,[ 3 14],4,-1,19,-1,4
1,<environment.Job instance at 0x7f35339f4cd0>,4,2,[10  1],5,-1,7,-1,5
1,<environment.Job instance at 0x7f35328a2780>,10,2,[ 4 10],11,-1,13,-1,11
1,<environment.Job instance at 0x7f35328a20a0>,11,27,[2 5],12,-1,39,-1,12
1,<environment.Job instance at 0x7f35328a2870>,12,1,[2 8],13,-1,14,-1,13
1,<environment.Job instance at 0x7f3533adb640>,9,2,[9 2],10,-1,17,-1,15
1,<environment.Job instance at 0x7f3532e28140>,15,2,[1 8],16,-1,20,-1,18
1,<environment.Job instance at 0x7f3532e28190>,21,2,[9 5],22,-1,40,-1,38
1,<environment.Job instance at 0x7f3532e280f0>,22,3,[4 5],23,-1,41,-1,38
1,<environment.Job instance at 0x7f3532e28f00>,23,1,[2 6],24,-1,39,-1,38
1,<environment.Job instance at 0x7f353352e550>,26,14,[ 4 13],27,-1,64,-1,50
1,<environment.Job instance at 0x7f353352e910>,28,3,[8 4],29,-1,54,-1,51
1,<environment.Job instance at 0x7f353352e410>,29,1,[8 2],30,-1,52,-1,51
1,<environment.Job instance at 0x7f353352e960>,30,2,[5 8],31,-1,53,-1,51
1,<environment.Job instance at 0x7f353352ec30>,31,3,[2 7],32,-1,54,-1,51
1,<environment.Job instance at 0x7f353352e140>,32,2,[5 4],33,-1,53,-1,51
1,<environment.Job instance at 0x7f353352eb90>,34,1,[4 7],35,-1,69,-1,68
1,<environment.Job instance at 0x7f353352e870>,43,2,[4 7],44,-1,115,-1,113
1,<environment.Job instance at 0x7f3533532730>,47,13,[13  3],48,-1,140,-1,127
1,<environment.Job instance at 0x7f3533532a50>,50,1,[2 6],51,-1,144,-1,143
1,<environment.Job instance at 0x7f3533532b40>,52,1,[1 5],53,-1,162,-1,161
1,<environment.Job instance at 0x7f3533532050>,53,1,[7 2],54,-1,162,-1,161
1,<environment.Job instance at 0x7f3532a3e050>,3,17,[ 1 11],4,-1,21,-1,4
1,<environment.Job instance at 0x7f3533a1b690>,10,1,[5 6],11,-1,24,-1,23
1,<environment.Job instance at 0x7f35339eb5a0>,8,1,[1 7],9,-1,24,-1,23
1,<environment.Job instance at 0x7f3533299aa0>,20,1,[7 3],21,-1,47,-1,46
1,<environment.Job instance at 0x7f3533299050>,21,2,[3 8],22,-1,48,-1,46
1,<environment.Job instance at 0x7f35332bc7d0>,22,28,[7 1],23,-1,74,-1,46
1,<environment.Job instance at 0x7f35332bcb40>,23,28,[ 3 10],24,-1,74,-1,46
1,<environment.Job instance at 0x7f35332bce10>,24,1,[6 2],25,-1,47,-1,46
1,<environment.Job instance at 0x7f3533292cd0>,25,17,[ 3 13],26,-1,63,-1,46
1,<environment.Job instance at 0x7f353330bc80>,29,3,[2 7],30,-1,75,-1,72
1,<environment.Job instance at 0x7f35332b1a00>,30,1,[8 4],31,-1,73,-1,72
1,<environment.Job instance at 0x7f3532492460>,32,3,[5 4],33,-1,75,-1,72
1,<environment.Job instance at 0x7f35324953c0>,33,2,[5 5],34,-1,74,-1,72
1,<environment.Job instance at 0x7f353353ec30>,34,3,[10  5],35,-1,75,-1,72
1,<environment.Job instance at 0x7f3532495820>,36,2,[3 8],37,-1,77,-1,75
1,<environment.Job instance at 0x7f35324924b0>,37,2,[6 5],38,-1,77,-1,75
1,<environment.Job instance at 0x7f3532ce7370>,38,1,[10  4],39,-1,76,-1,75
1,<environment.Job instance at 0x7f3532ce7b90>,39,3,[ 3 11],40,-1,78,-1,75
1,<environment.Job instance at 0x7f3532a8b140>,42,12,[ 3 10],43,-1,102,-1,90
1,<environment.Job instance at 0x7f35331990f0>,44,3,[ 4 13],45,-1,101,-1,98
1,<environment.Job instance at 0x7f3533519eb0>,51,3,[3 8],52,-1,142,-1,139
1,<environment.Job instance at 0x7f3533533af0>,53,2,[10  1],54,-1,141,-1,139
1,<environment.Job instance at 0x7f35335338c0>,54,2,[ 3 12],55,-1,141,-1,139
1,<environment.Job instance at 0x7f3533533f50>,56,1,[5 6],57,-1,155,-1,154
1,<environment.Job instance at 0x7f3533533dc0>,57,2,[8 1],58,-1,156,-1,154
1,<environment.Job instance at 0x7f35329364b0>,19,2,[3 7],20,-1,47,-1,45
1,<environment.Job instance at 0x7f3532936e10>,22,1,[12  1],23,-1,63,-1,62
1,<environment.Job instance at 0x7f3532936c30>,23,1,[5 6],24,-1,63,-1,62
1,<environment.Job instance at 0x7f35329366e0>,24,3,[8 4],25,-1,65,-1,62
1,<environment.Job instance at 0x7f3532936140>,25,2,[9 3],26,-1,64,-1,62
1,<environment.Job instance at 0x7f3532936370>,26,2,[4 6],27,-1,64,-1,62
1,<environment.Job instance at 0x7f3532936550>,27,2,[3 7],28,-1,64,-1,62
1,<environment.Job instance at 0x7f35329361e0>,28,2,[5 1],29,-1,64,-1,62
1,<environment.Job instance at 0x7f3532936b90>,31,15,[12  5],32,-1,89,-1,74
1,<environment.Job instance at 0x7f35333d9370>,32,12,[10  1],33,-1,86,-1,74
1,<environment.Job instance at 0x7f35333d9910>,36,3,[7 5],37,-1,112,-1,109
1,<environment.Job instance at 0x7f35333d9cd0>,38,3,[9 4],39,-1,112,-1,109
1,<environment.Job instance at 0x7f35333d9870>,40,3,[1 5],41,-1,112,-1,109
1,<environment.Job instance at 0x7f35333d9f00>,46,2,[4 8],47,-1,144,-1,142
1,<environment.Job instance at 0x7f35333d9960>,47,1,[8 4],48,-1,143,-1,142
1,<environment.Job instance at 0x7f35333d93c0>,48,3,[ 3 10],49,-1,145,-1,142
1,<environment.Job instance at 0x7f35328cee60>,50,1,[7 2],51,-1,157,-1,156
1,<environment.Job instance at 0x7f35328ce190>,51,26,[4 8],52,-1,182,-1,156
1,<environment.Job instance at 0x7f35328ce230>,52,2,[13  3],53,-1,158,-1,156
1,<environment.Job instance at 0x7f35328ce320>,53,2,[ 5 12],54,-1,158,-1,156
1,<environment.Job instance at 0x7f353228d1e0>,12,2,[ 4 10],13,-1,15,-1,13
1,<environment.Job instance at 0x7f353228db40>,19,23,[ 5 10],20,-1,76,-1,53
1,<environment.Job instance at 0x7f353228d2d0>,24,2,[5 3],25,-1,69,-1,67
1,<environment.Job instance at 0x7f353228dd20>,26,16,[11  3],27,-1,96,-1,80
1,<environment.Job instance at 0x7f353228deb0>,29,2,[5 3],30,-1,98,-1,96
1,<environment.Job instance at 0x7f3532232910>,30,17,[ 4 10],31,-1,113,-1,96
1,<environment.Job instance at 0x7f35322327d0>,33,3,[4 9],34,-1,111,-1,108
1,<environment.Job instance at 0x7f3532232af0>,37,2,[3 8],38,-1,130,-1,128
1,<environment.Job instance at 0x7f3532232410>,38,1,[7 3],39,-1,129,-1,128
1,<environment.Job instance at 0x7f3532232b40>,39,1,[ 4 10],40,-1,129,-1,128
1,<environment.Job instance at 0x7f3532232730>,44,3,[10  5],45,-1,170,-1,167
1,<environment.Job instance at 0x7f3533514eb0>,2,24,[3 7],3,-1,27,-1,3
1,<environment.Job instance at 0x7f353381daf0>,10,1,[8 2],11,-1,12,-1,11
1,<environment.Job instance at 0x7f353381dbe0>,11,25,[1 9],12,-1,37,-1,12
1,<environment.Job instance at 0x7f353381db40>,12,27,[1 6],13,-1,40,-1,13
1,<environment.Job instance at 0x7f353381d910>,15,27,[13  1],16,-1,43,-1,16
1,<environment.Job instance at 0x7f3532f1aeb0>,22,15,[ 2 14],23,-1,49,-1,34
1,<environment.Job instance at 0x7f3532d6bb40>,44,2,[3 9],45,-1,148,-1,146
1,<environment.Job instance at 0x7f3532d6b910>,46,1,[5 8],47,-1,161,-1,160
1,<environment.Job instance at 0x7f3533185c30>,46,2,[4 9],47,-1,145,-1,143
1,<environment.Job instance at 0x7f35331854b0>,48,1,[4 9],49,-1,158,-1,157
1,<environment.Job instance at 0x7f35331856e0>,49,2,[3 5],50,-1,159,-1,157
1,<environment.Job instance at 0x7f35330c83c0>,5,3,[12  4],6,-1,9,-1,6
1,<environment.Job instance at 0x7f35330c85a0>,6,3,[ 5 14],7,-1,10,-1,7
1,<environment.Job instance at 0x7f35330c85f0>,7,23,[ 1 14],8,-1,31,-1,8
1,<environment.Job instance at 0x7f35330c89b0>,8,2,[ 4 11],9,-1,11,-1,9
1,<environment.Job instance at 0x7f35330c8910>,9,16,[ 1 11],10,-1,26,-1,10
1,<environment.Job instance at 0x7f35330c8f50>,10,1,[7 1],11,-1,12,-1,11
1,<environment.Job instance at 0x7f35330c8500>,11,25,[10  4],12,-1,37,-1,12
1,<environment.Job instance at 0x7f35330c8cd0>,14,1,[6 2],15,-1,43,-1,42
1,<environment.Job instance at 0x7f35324cd780>,28,26,[1 9],29,-1,108,-1,82
1,<environment.Job instance at 0x7f35324cd9b0>,29,1,[9 3],30,-1,83,-1,82
1,<environment.Job instance at 0x7f35324cdc80>,30,1,[3 8],31,-1,83,-1,82
1,<environment.Job instance at 0x7f35324cd050>,31,1,[9 2],32,-1,83,-1,82
1,<environment.Job instance at 0x7f3532385f00>,51,2,[10  5],52,-1,171,-1,169
1,<environment.Job instance at 0x7f3532385e60>,52,2,[14  2],53,-1,171,-1,169
1,<environment.Job instance at 0x7f3532385af0>,54,2,[2 5],55,-1,171,-1,169
1,<environment.Job instance at 0x7f3532385be0>,55,26,[ 3 11],56,-1,195,-1,169
1,<environment.Job instance at 0x7f3532385780>,56,2,[7 4],57,-1,171,-1,169
1,<environment.Job instance at 0x7f3533169910>,6,2,[7 1],7,-1,12,-1,10
1,<environment.Job instance at 0x7f35327c8410>,16,1,[3 8],17,-1,36,-1,35
1,<environment.Job instance at 0x7f35327c83c0>,17,2,[5 6],18,-1,37,-1,35
1,<environment.Job instance at 0x7f35327c8140>,18,2,[8 1],19,-1,37,-1,35
1,<environment.Job instance at 0x7f35327c8960>,20,1,[9 4],21,-1,40,-1,39
1,<environment.Job instance at 0x7f35327c82d0>,21,17,[ 2 10],22,-1,59,-1,42
1,<environment.Job instance at 0x7f35327c86e0>,23,2,[4 9],24,-1,44,-1,42
1,<environment.Job instance at 0x7f35327d4960>,25,12,[14  4],26,-1,62,-1,50
1,<environment.Job instance at 0x7f35327d4050>,27,12,[12  4],28,-1,69,-1,57
1,<environment.Job instance at 0x7f35327d4f50>,29,1,[1 8],30,-1,66,-1,65
1,<environment.Job instance at 0x7f35327d4280>,33,1,[1 9],34,-1,85,-1,84
1,<environment.Job instance at 0x7f35327d4a50>,37,3,[ 1 10],38,-1,112,-1,109
1,<environment.Job instance at 0x7f35327d40a0>,38,1,[9 4],39,-1,110,-1,109
1,<environment.Job instance at 0x7f35327ca9b0>,40,2,[ 1 10],41,-1,117,-1,115
1,<environment.Job instance at 0x7f35327cae10>,41,1,[6 1],42,-1,116,-1,115
1,<environment.Job instance at 0x7f35327ca910>,42,13,[6 1],43,-1,130,-1,117
1,<environment.Job instance at 0x7f35327cafa0>,43,3,[5 3],44,-1,120,-1,117
1,<environment.Job instance at 0x7f35327cae60>,44,13,[13  2],45,-1,130,-1,117
1,<environment.Job instance at 0x7f35327ca690>,45,1,[7 1],46,-1,118,-1,117
1,<environment.Job instance at 0x7f35327ca370>,46,26,[6 2],47,-1,143,-1,117
1,<environment.Job instance at 0x7f35327ca550>,47,27,[ 4 10],48,-1,144,-1,117
1,<environment.Job instance at 0x7f35327ca5a0>,49,3,[6 4],50,-1,133,-1,130
1,<environment.Job instance at 0x7f35327e5f50>,53,25,[1 6],54,-1,168,-1,143
1,<environment.Job instance at 0x7f35327e5fa0>,54,17,[8 2],55,-1,160,-1,143
1,<environment.Job instance at 0x7f35327e50f0>,55,2,[8 2],56,-1,145,-1,143
1,<environment.Job instance at 0x7f35327e5eb0>,56,2,[2 7],57,-1,145,-1,143
1,<environment.Job instance at 0x7f35327e53c0>,57,17,[1 7],58,-1,160,-1,143
1,<environment.Job instance at 0x7f35327e59b0>,58,1,[3 5],59,-1,144,-1,143
1,<environment.Job instance at 0x7f35327e5d20>,59,21,[10  2],60,-1,164,-1,143
1,<environment.Job instance at 0x7f35327e51e0>,60,12,[5 4],61,-1,155,-1,143
1,<environment.Job instance at 0x7f35327e56e0>,61,1,[5 9],62,-1,144,-1,143
1,<environment.Job instance at 0x7f35327e5230>,62,3,[ 5 11],63,-1,146,-1,143
1,<environment.Job instance at 0x7f35327e5e60>,63,1,[13  4],64,-1,144,-1,143
1,<environment.Job instance at 0x7f35327e5d70>,64,2,[2 7],65,-1,145,-1,143
1,<environment.Job instance at 0x7f35327d2fa0>,65,15,[14  2],66,-1,158,-1,143
1,<environment.Job instance at 0x7f35327d2c80>,66,13,[7 2],67,-1,156,-1,143
1,<environment.Job instance at 0x7f35327d2690>,67,14,[3 7],68,-1,157,-1,143
1,<environment.Job instance at 0x7f35327d2460>,68,12,[4 7],69,-1,155,-1,143
1,<environment.Job instance at 0x7f35327d25f0>,69,28,[10  5],70,-1,171,-1,143
1,<environment.Job instance at 0x7f35327d20a0>,70,2,[8 3],71,-1,145,-1,143
1,<environment.Job instance at 0x7f35327d2be0>,71,14,[ 5 11],72,-1,157,-1,143
1,<environment.Job instance at 0x7f35327d2b90>,72,1,[5 9],73,-1,144,-1,143
1,<environment.Job instance at 0x7f35327d2410>,73,1,[4 9],74,-1,144,-1,143
1,<environment.Job instance at 0x7f35327d2320>,76,2,[9 5],77,-1,162,-1,160
1,<environment.Job instance at 0x7f35327ceb90>,77,3,[12  4],78,-1,163,-1,160
1,<environment.Job instance at 0x7f35327ceb40>,78,1,[9 4],79,-1,161,-1,160
1,<environment.Job instance at 0x7f35327ce550>,79,3,[5 7],80,-1,163,-1,160
1,<environment.Job instance at 0x7f35327ce500>,81,21,[10  1],82,-1,181,-1,160
1,<environment.Job instance at 0x7f35327ce230>,82,1,[5 5],83,-1,161,-1,160
1,<environment.Job instance at 0x7f35327ce280>,83,17,[ 1 10],84,-1,177,-1,160
1,<environment.Job instance at 0x7f35327ce280>,4,14,[ 4 13],5,-1,19,-1,5
1,<environment.Job instance at 0x7f35334a4280>,7,1,[ 1 10],8,-1,9,-1,8
1,<environment.Job instance at 0x7f353381daa0>,11,25,[ 1 14],12,-1,37,-1,12
1,<environment.Job instance at 0x7f35334a4780>,13,27,[5 5],14,-1,42,-1,15
1,<environment.Job instance at 0x7f353381d5f0>,15,12,[10  4],16,-1,42,-1,30
1,<environment.Job instance at 0x7f353381db90>,18,2,[9 4],19,-1,32,-1,30
1,<environment.Job instance at 0x7f353381dc30>,19,28,[9 5],20,-1,58,-1,30
1,<environment.Job instance at 0x7f353381da00>,22,1,[ 2 10],23,-1,36,-1,35
1,<environment.Job instance at 0x7f353381daf0>,23,2,[3 9],24,-1,37,-1,35
1,<environment.Job instance at 0x7f353381d190>,24,3,[8 5],25,-1,38,-1,35
1,<environment.Job instance at 0x7f353381d0a0>,25,3,[3 9],26,-1,38,-1,35
1,<environment.Job instance at 0x7f353381dd70>,26,1,[1 9],27,-1,36,-1,35
1,<environment.Job instance at 0x7f353381deb0>,27,27,[10  2],28,-1,62,-1,35
1,<environment.Job instance at 0x7f353381d9b0>,29,2,[8 3],30,-1,37,-1,35
1,<environment.Job instance at 0x7f353381d2d0>,30,12,[6 1],31,-1,47,-1,35
1,<environment.Job instance at 0x7f353381d730>,31,23,[8 1],32,-1,58,-1,35
1,<environment.Job instance at 0x7f353381d870>,32,20,[ 2 10],33,-1,56,-1,36
1,<environment.Job instance at 0x7f353381dc80>,34,2,[4 9],35,-1,38,-1,36
1,<environment.Job instance at 0x7f35335b0500>,38,2,[1 8],39,-1,64,-1,62
1,<environment.Job instance at 0x7f35335b03c0>,40,14,[ 2 11],41,-1,94,-1,80
1,<environment.Job instance at 0x7f35335b0780>,43,12,[10  3],44,-1,128,-1,116
1,<environment.Job instance at 0x7f35335b0190>,45,3,[7 1],46,-1,119,-1,116
1,<environment.Job instance at 0x7f35321c95f0>,48,2,[4 9],49,-1,127,-1,125
1,<environment.Job instance at 0x7f35321c9f00>,52,3,[3 8],53,-1,158,-1,155
1,<environment.Job instance at 0x7f35321c9690>,53,3,[5 5],54,-1,158,-1,155
1,<environment.Job instance at 0x7f35321c9410>,54,2,[5 1],55,-1,157,-1,155
1,<environment.Job instance at 0x7f35321c9910>,56,16,[12  2],57,-1,171,-1,155
1,<environment.Job instance at 0x7f35321c9fa0>,58,27,[2 5],59,-1,189,-1,162
1,<environment.Job instance at 0x7f3533a72b40>,2,3,[10  1],3,-1,6,-1,3
1,<environment.Job instance at 0x7f3533a72690>,8,1,[10  3],9,-1,11,-1,10
1,<environment.Job instance at 0x7f3533a9ea50>,17,2,[ 2 10],18,-1,29,-1,27
1,<environment.Job instance at 0x7f3533a9eaa0>,18,2,[1 9],19,-1,29,-1,27
1,<environment.Job instance at 0x7f3533a9e190>,19,14,[ 5 12],20,-1,41,-1,27
1,<environment.Job instance at 0x7f3533a9e960>,22,1,[7 1],23,-1,51,-1,50
1,<environment.Job instance at 0x7f3533a84e10>,23,1,[1 8],24,-1,51,-1,50
1,<environment.Job instance at 0x7f3533a84c30>,26,2,[8 2],27,-1,61,-1,59
1,<environment.Job instance at 0x7f3533a844b0>,27,1,[5 9],28,-1,60,-1,59
1,<environment.Job instance at 0x7f3533a84dc0>,29,3,[6 5],30,-1,77,-1,74
1,<environment.Job instance at 0x7f3532f84820>,30,1,[1 5],31,-1,75,-1,74
1,<environment.Job instance at 0x7f353370faa0>,31,2,[7 1],32,-1,76,-1,74
1,<environment.Job instance at 0x7f35336b5820>,32,2,[5 6],33,-1,76,-1,74
1,<environment.Job instance at 0x7f35336b51e0>,39,3,[7 1],40,-1,121,-1,118
1,<environment.Job instance at 0x7f35336b5050>,41,1,[6 5],42,-1,119,-1,118
1,<environment.Job instance at 0x7f35332a68c0>,45,2,[9 2],46,-1,133,-1,131
1,<environment.Job instance at 0x7f35337dae10>,46,1,[2 7],47,-1,132,-1,131
1,<environment.Job instance at 0x7f35337dac80>,47,3,[6 2],48,-1,134,-1,131
1,<environment.Job instance at 0x7f35337da320>,48,1,[1 6],49,-1,132,-1,131
1,<environment.Job instance at 0x7f35334a8410>,51,2,[9 4],52,-1,148,-1,146
1,<environment.Job instance at 0x7f353c5703c0>,54,2,[7 5],55,-1,160,-1,158
1,<environment.Job instance at 0x7f35334a85a0>,55,3,[1 6],56,-1,161,-1,158
1,<environment.Job instance at 0x7f3533496a50>,56,3,[2 5],57,-1,161,-1,158
1,<environment.Job instance at 0x7f3533496050>,57,18,[ 1 12],58,-1,176,-1,158
1,<environment.Job instance at 0x7f3533496dc0>,58,15,[ 3 11],59,-1,173,-1,158
1,<environment.Job instance at 0x7f353c549d20>,59,26,[8 3],60,-1,184,-1,158
1,<environment.Job instance at 0x7f3532b339b0>,60,3,[5 2],61,-1,161,-1,158
1,<environment.Job instance at 0x7f353c549870>,61,3,[8 5],62,-1,161,-1,158
1,<environment.Job instance at 0x7f3532b33be0>,62,12,[ 5 10],63,-1,170,-1,158
1,<environment.Job instance at 0x7f3533a7f320>,63,2,[5 9],64,-1,160,-1,158
1,<environment.Job instance at 0x7f3533631820>,2,26,[12  5],3,-1,29,-1,3
1,<environment.Job instance at 0x7f3533909af0>,22,1,[ 4 10],23,-1,57,-1,56
1,<environment.Job instance at 0x7f3533909410>,26,3,[8 4],27,-1,69,-1,66
1,<environment.Job instance at 0x7f35329ad3c0>,30,18,[ 3 12],31,-1,113,-1,95
1,<environment.Job instance at 0x7f35329addc0>,31,25,[5 9],32,-1,120,-1,95
1,<environment.Job instance at 0x7f35329ada00>,35,27,[4 5],36,-1,144,-1,117
1,<environment.Job instance at 0x7f35329ad730>,45,3,[2 9],46,-1,157,-1,154
1,<environment.Job instance at 0x7f35329ad640>,46,1,[6 3],47,-1,155,-1,154
1,<environment.Job instance at 0x7f35329adaf0>,47,1,[9 1],48,-1,155,-1,154
1,<environment.Job instance at 0x7f3533a00230>,50,2,[3 5],51,-1,170,-1,168
1,<environment.Job instance at 0x7f3533a00280>,51,2,[9 4],52,-1,170,-1,168
1,<environment.Job instance at 0x7f3532304c80>,12,3,[3 8],13,-1,29,-1,26
1,<environment.Job instance at 0x7f3532304e10>,14,2,[6 1],15,-1,33,-1,31
1,<environment.Job instance at 0x7f3532304c30>,18,13,[ 2 13],19,-1,59,-1,46
1,<environment.Job instance at 0x7f35322f6190>,19,1,[4 9],20,-1,47,-1,46
1,<environment.Job instance at 0x7f35322f6230>,20,26,[5 5],21,-1,72,-1,46
1,<environment.Job instance at 0x7f35322f6410>,23,2,[10  4],24,-1,61,-1,59
1,<environment.Job instance at 0x7f35322f6a00>,32,15,[ 4 14],33,-1,113,-1,98
1,<environment.Job instance at 0x7f35322f6b90>,34,2,[6 2],35,-1,114,-1,112
1,<environment.Job instance at 0x7f35322f6d70>,36,2,[7 1],37,-1,130,-1,128
1,<environment.Job instance at 0x7f35322f6960>,41,3,[1 7],42,-1,159,-1,156
1,<environment.Job instance at 0x7f35322f3370>,43,1,[3 8],44,-1,160,-1,159
1,<environment.Job instance at 0x7f35322f3410>,44,2,[2 7],45,-1,161,-1,159
1,<environment.Job instance at 0x7f273e5f1320>,1,1,[3 7],2,-1,3,-1,2
1,<environment.Job instance at 0x7f2734e798c0>,6,1,[9 5],7,-1,8,-1,7
1,<environment.Job instance at 0x7f2734e79eb0>,16,15,[ 1 11],17,-1,56,-1,41
1,<environment.Job instance at 0x7f2734e79f50>,17,2,[3 5],18,-1,43,-1,41
1,<environment.Job instance at 0x7f2734e7b050>,19,2,[5 5],20,-1,48,-1,46
1,<environment.Job instance at 0x7f2734e7b230>,21,1,[6 4],22,-1,61,-1,60
1,<environment.Job instance at 0x7f2734e7b2d0>,22,1,[12  1],23,-1,61,-1,60
1,<environment.Job instance at 0x7f2734e7b370>,23,16,[ 1 11],24,-1,76,-1,60
1,<environment.Job instance at 0x7f2734e7b690>,25,1,[9 2],26,-1,61,-1,60
1,<environment.Job instance at 0x7f2734e7b780>,27,13,[11  4],28,-1,73,-1,60
1,<environment.Job instance at 0x7f2734e7b820>,28,2,[ 3 10],29,-1,62,-1,60
1,<environment.Job instance at 0x7f2734e7b960>,30,3,[6 5],31,-1,80,-1,77
1,<environment.Job instance at 0x7f2734e7baa0>,32,1,[5 6],33,-1,78,-1,77
1,<environment.Job instance at 0x7f2734e7b4b0>,35,1,[9 1],36,-1,94,-1,93
1,<environment.Job instance at 0x7f2734e7bc30>,37,2,[8 4],38,-1,95,-1,93
1,<environment.Job instance at 0x7f2734e7be60>,39,1,[2 7],40,-1,94,-1,93
1,<environment.Job instance at 0x7f2734e7f050>,41,23,[10  4],42,-1,127,-1,104
1,<environment.Job instance at 0x7f2734e7f410>,47,1,[1 7],48,-1,133,-1,132
1,<environment.Job instance at 0x7f2734e7f8c0>,52,2,[6 2],53,-1,152,-1,150
1,<environment.Job instance at 0x7f273551c0a0>,14,15,[12  4],15,-1,34,-1,19
1,<environment.Job instance at 0x7f273551c870>,15,3,[3 9],16,-1,22,-1,19
1,<environment.Job instance at 0x7f273551c8c0>,16,28,[5 7],17,-1,47,-1,19
1,<environment.Job instance at 0x7f27354cd1e0>,19,2,[5 4],20,-1,25,-1,23
1,<environment.Job instance at 0x7f27354cd050>,20,2,[1 9],21,-1,25,-1,23
1,<environment.Job instance at 0x7f27354cd6e0>,23,1,[3 6],24,-1,39,-1,38
1,<environment.Job instance at 0x7f27354cd780>,24,1,[ 3 12],25,-1,39,-1,38
1,<environment.Job instance at 0x7f27354cdfa0>,26,2,[4 9],27,-1,40,-1,38
1,<environment.Job instance at 0x7f27354cda00>,27,2,[10  1],28,-1,40,-1,38
1,<environment.Job instance at 0x7f27354cde60>,29,27,[5 4],30,-1,79,-1,52
1,<environment.Job instance at 0x7f27354cdcd0>,30,1,[7 4],31,-1,53,-1,52
1,<environment.Job instance at 0x7f2735028c30>,38,2,[4 8],39,-1,86,-1,84
1,<environment.Job instance at 0x7f2735028b90>,39,25,[10  1],40,-1,109,-1,84
1,<environment.Job instance at 0x7f2735028140>,43,2,[ 3 14],44,-1,109,-1,107
1,<environment.Job instance at 0x7f2735028f00>,44,1,[10  1],45,-1,108,-1,107
1,<environment.Job instance at 0x7f27350287d0>,46,3,[4 6],47,-1,118,-1,115
1,<environment.Job instance at 0x7f2735028410>,48,3,[5 3],49,-1,126,-1,123
1,<environment.Job instance at 0x7f2735028050>,49,2,[2 8],50,-1,125,-1,123
1,<environment.Job instance at 0x7f27350284b0>,50,23,[ 3 10],51,-1,146,-1,123
1,<environment.Job instance at 0x7f2735028190>,51,16,[14  5],52,-1,139,-1,123
1,<environment.Job instance at 0x7f2735028a00>,54,2,[14  4],55,-1,136,-1,134
1,<environment.Job instance at 0x7f27350282d0>,55,12,[10  1],56,-1,155,-1,143
1,<environment.Job instance at 0x7f2734fc6050>,58,1,[13  1],59,-1,144,-1,143
1,<environment.Job instance at 0x7f2734fc6aa0>,59,12,[14  2],60,-1,155,-1,143
1,<environment.Job instance at 0x7f2734fc60a0>,60,2,[7 2],61,-1,145,-1,143
1,<environment.Job instance at 0x7f2734fc6640>,62,2,[9 4],63,-1,150,-1,148
1,<environment.Job instance at 0x7f2734fc6780>,63,3,[1 9],64,-1,151,-1,148
1,<environment.Job instance at 0x7f2734fc6a50>,64,3,[5 1],65,-1,151,-1,148
1,<environment.Job instance at 0x7f2734fc6280>,66,1,[1 5],67,-1,152,-1,151
1,<environment.Job instance at 0x7f2734fc6190>,67,21,[ 1 10],68,-1,176,-1,155
1,<environment.Job instance at 0x7f2734fc6be0>,70,13,[ 3 10],71,-1,186,-1,173
1,<environment.Job instance at 0x7f2734fc6f00>,71,2,[10  5],72,-1,175,-1,173
1,<environment.Job instance at 0x7f2734fc6820>,72,2,[9 4],73,-1,175,-1,173
1,<environment.Job instance at 0x7f2734fc6460>,73,1,[2 6],74,-1,174,-1,173
1,<environment.Job instance at 0x7f2734fc63c0>,74,1,[3 6],75,-1,174,-1,173
1,<environment.Job instance at 0x7f2734fc62d0>,75,3,[4 5],76,-1,176,-1,173
1,<environment.Job instance at 0x7f273459aeb0>,18,1,[5 3],19,-1,37,-1,36
1,<environment.Job instance at 0x7f273459aaf0>,19,2,[6 1],20,-1,39,-1,37
1,<environment.Job instance at 0x7f273459abe0>,20,3,[4 6],21,-1,41,-1,38
1,<environment.Job instance at 0x7f273459a780>,21,1,[ 3 11],22,-1,39,-1,38
1,<environment.Job instance at 0x7f2734615a50>,22,2,[4 9],23,-1,40,-1,38
1,<environment.Job instance at 0x7f2734615730>,27,2,[5 4],28,-1,69,-1,67
1,<environment.Job instance at 0x7f2734615d20>,28,3,[ 5 12],29,-1,70,-1,67
1,<environment.Job instance at 0x7f27346150a0>,30,2,[5 2],31,-1,82,-1,80
1,<environment.Job instance at 0x7f27346153c0>,32,1,[1 6],33,-1,98,-1,97
1,<environment.Job instance at 0x7f2734610be0>,37,2,[ 3 11],38,-1,117,-1,115
1,<environment.Job instance at 0x7f2734615910>,39,3,[2 6],40,-1,135,-1,132
1,<environment.Job instance at 0x7f2734610e60>,40,1,[3 5],41,-1,133,-1,132
1,<environment.Job instance at 0x7f2734610e10>,41,3,[2 5],42,-1,135,-1,132
1,<environment.Job instance at 0x7f2734610dc0>,42,27,[1 9],43,-1,159,-1,132
1,<environment.Job instance at 0x7f27346107d0>,43,3,[8 2],44,-1,135,-1,132
1,<environment.Job instance at 0x7f27346100f0>,45,1,[4 9],46,-1,133,-1,132
1,<environment.Job instance at 0x7f2734610eb0>,46,15,[ 5 14],47,-1,147,-1,132
1,<environment.Job instance at 0x7f2734610aa0>,48,26,[3 8],49,-1,172,-1,146
1,<environment.Job instance at 0x7f273460a7d0>,51,23,[9 3],52,-1,170,-1,147
1,<environment.Job instance at 0x7f273460aaf0>,56,1,[6 3],57,-1,177,-1,176
1,<environment.Job instance at 0x7f2734c3ea00>,8,2,[6 2],9,-1,12,-1,10
1,<environment.Job instance at 0x7f2734b0ec30>,10,2,[8 4],11,-1,13,-1,11
1,<environment.Job instance at 0x7f2734b0e280>,11,1,[9 1],12,-1,13,-1,12
1,<environment.Job instance at 0x7f2734b0e500>,12,12,[10  2],13,-1,27,-1,15
1,<environment.Job instance at 0x7f2734b0eb40>,16,27,[1 8],17,-1,47,-1,20
1,<environment.Job instance at 0x7f2734b0e0a0>,17,2,[1 8],18,-1,22,-1,20
1,<environment.Job instance at 0x7f2734b0edc0>,22,16,[14  3],23,-1,57,-1,41
1,<environment.Job instance at 0x7f2734b0f8c0>,27,3,[8 4],28,-1,66,-1,63
1,<environment.Job instance at 0x7f2734b18370>,35,2,[1 6],36,-1,126,-1,124
1,<environment.Job instance at 0x7f2734b18280>,36,14,[ 5 12],37,-1,138,-1,124
1,<environment.Job instance at 0x7f2734b18af0>,37,3,[14  4],38,-1,127,-1,124
1,<environment.Job instance at 0x7f2734b18140>,38,13,[14  1],39,-1,137,-1,124
1,<environment.Job instance at 0x7f2734b18320>,39,2,[1 8],40,-1,126,-1,124
1,<environment.Job instance at 0x7f2734b18c30>,40,22,[4 7],41,-1,184,-1,162
1,<environment.Job instance at 0x7f2734960960>,49,17,[ 1 10],50,-1,184,-1,167
1,<environment.Job instance at 0x7f2734960e60>,50,1,[8 2],51,-1,168,-1,167
1,<environment.Job instance at 0x7f27349608c0>,51,2,[3 6],52,-1,169,-1,167
1,<environment.Job instance at 0x7f2734960820>,53,2,[2 5],54,-1,176,-1,174
1,<environment.Job instance at 0x7f2734960410>,54,2,[7 3],55,-1,176,-1,174
1,<environment.Job instance at 0x7f2734960aa0>,55,2,[6 2],56,-1,176,-1,174
1,<environment.Job instance at 0x7f2734960140>,56,16,[11  5],57,-1,190,-1,174
1,<environment.Job instance at 0x7f2734960c80>,57,1,[9 3],58,-1,175,-1,174
1,<environment.Job instance at 0x7f27349609b0>,58,2,[7 4],59,-1,176,-1,174
1,<environment.Job instance at 0x7f27355f26e0>,16,1,[ 4 14],17,-1,30,-1,29
1,<environment.Job instance at 0x7f27355f2460>,17,2,[8 4],18,-1,31,-1,29
1,<environment.Job instance at 0x7f27354d5050>,20,3,[5 3],21,-1,43,-1,40
1,<environment.Job instance at 0x7f273e088f00>,21,1,[3 7],22,-1,41,-1,40
1,<environment.Job instance at 0x7f2734f66d70>,27,2,[10  2],28,-1,86,-1,84
1,<environment.Job instance at 0x7f2734f66d20>,28,28,[ 4 14],29,-1,112,-1,84
1,<environment.Job instance at 0x7f2734f66c30>,32,3,[10  1],33,-1,100,-1,97
1,<environment.Job instance at 0x7f2734f66050>,33,3,[5 5],34,-1,100,-1,97
1,<environment.Job instance at 0x7f27355d53c0>,34,3,[2 7],35,-1,100,-1,97
1,<environment.Job instance at 0x7f27355d56e0>,36,1,[5 7],37,-1,100,-1,99
1,<environment.Job instance at 0x7f27355d5730>,37,18,[12  5],38,-1,117,-1,99
1,<environment.Job instance at 0x7f273e229d70>,38,1,[12  2],39,-1,100,-1,99
1,<environment.Job instance at 0x7f27355d5fa0>,39,3,[7 5],40,-1,102,-1,99
1,<environment.Job instance at 0x7f273df9baa0>,40,3,[7 5],41,-1,102,-1,99
1,<environment.Job instance at 0x7f27354e1c30>,41,3,[1 7],42,-1,102,-1,99
1,<environment.Job instance at 0x7f27354e1af0>,42,3,[1 9],43,-1,102,-1,99
1,<environment.Job instance at 0x7f27354e1cd0>,43,16,[14  1],44,-1,115,-1,99
1,<environment.Job instance at 0x7f27348fdaa0>,13,2,[8 4],14,-1,21,-1,19
1,<environment.Job instance at 0x7f27348fd050>,14,25,[2 8],15,-1,51,-1,26
1,<environment.Job instance at 0x7f27348fd7d0>,16,13,[ 3 13],17,-1,39,-1,26
1,<environment.Job instance at 0x7f27348fde60>,17,3,[8 1],18,-1,29,-1,26
1,<environment.Job instance at 0x7f27348fd640>,20,3,[11  5],21,-1,45,-1,42
1,<environment.Job instance at 0x7f27348fd2d0>,21,16,[ 3 10],22,-1,62,-1,46
1,<environment.Job instance at 0x7f27348fe870>,25,2,[7 1],26,-1,56,-1,54
1,<environment.Job instance at 0x7f27348fe960>,26,1,[5 8],27,-1,55,-1,54
1,<environment.Job instance at 0x7f27348fe2d0>,29,1,[6 4],30,-1,75,-1,74
1,<environment.Job instance at 0x7f27348fee60>,33,2,[2 8],34,-1,94,-1,92
1,<environment.Job instance at 0x7f27348fe5a0>,35,22,[4 5],36,-1,124,-1,102
1,<environment.Job instance at 0x7f2734ccb5a0>,36,3,[6 2],37,-1,105,-1,102
1,<environment.Job instance at 0x7f2734ccb190>,39,1,[4 8],40,-1,110,-1,109
1,<environment.Job instance at 0x7f2734ccb140>,40,1,[9 4],41,-1,110,-1,109
1,<environment.Job instance at 0x7f2734ccb230>,41,25,[8 1],42,-1,134,-1,109
1,<environment.Job instance at 0x7f2734ccb1e0>,42,3,[ 3 10],43,-1,112,-1,109
1,<environment.Job instance at 0x7f2734ccb280>,43,20,[ 2 11],44,-1,129,-1,109
1,<environment.Job instance at 0x7f2734ccbbe0>,44,2,[8 1],45,-1,111,-1,109
1,<environment.Job instance at 0x7f2734ccbe10>,45,3,[5 4],46,-1,112,-1,109
1,<environment.Job instance at 0x7f2734ccb4b0>,46,1,[7 1],47,-1,110,-1,109
1,<environment.Job instance at 0x7f2734ccb6e0>,47,12,[ 3 12],48,-1,121,-1,109
1,<environment.Job instance at 0x7f2734ccbe60>,48,24,[9 2],49,-1,133,-1,109
1,<environment.Job instance at 0x7f2734ce3320>,55,1,[1 9],56,-1,149,-1,148
1,<environment.Job instance at 0x7f2734ce33c0>,58,15,[14  4],59,-1,177,-1,162
1,<environment.Job instance at 0x7f2734ce3050>,60,1,[5 1],61,-1,168,-1,167
1,<environment.Job instance at 0x7f2734ce3af0>,62,2,[10  5],63,-1,180,-1,178
1,<environment.Job instance at 0x7f2734ce35f0>,63,2,[2 7],64,-1,180,-1,178
1,<environment.Job instance at 0x7f273445b370>,1,17,[ 3 14],2,-1,19,-1,2
1,<environment.Job instance at 0x7f2734ce35f0>,10,1,[3 6],11,-1,14,-1,13
1,<environment.Job instance at 0x7f27343ddc80>,13,24,[12  3],14,-1,38,-1,14
1,<environment.Job instance at 0x7f27343ddeb0>,18,1,[ 2 10],19,-1,26,-1,25
1,<environment.Job instance at 0x7f27343df410>,24,1,[10  1],25,-1,45,-1,44
1,<environment.Job instance at 0x7f27343df910>,30,2,[7 2],31,-1,78,-1,76
1,<environment.Job instance at 0x7f27343dfd70>,34,2,[2 7],35,-1,95,-1,93
1,<environment.Job instance at 0x7f27343df8c0>,35,1,[7 5],36,-1,94,-1,93
1,<environment.Job instance at 0x7f27343dfe60>,38,3,[9 3],39,-1,107,-1,104
1,<environment.Job instance at 0x7f27343dffa0>,40,3,[ 3 14],41,-1,111,-1,108
1,<environment.Job instance at 0x7f27343e1230>,41,1,[4 5],42,-1,113,-1,112
1,<environment.Job instance at 0x7f27343e12d0>,42,13,[13  2],43,-1,125,-1,112
1,<environment.Job instance at 0x7f27343e1370>,43,28,[2 8],44,-1,140,-1,112
1,<environment.Job instance at 0x7f27343e1550>,44,3,[5 7],45,-1,115,-1,112
1,<environment.Job instance at 0x7f27343e1460>,45,1,[3 5],46,-1,114,-1,113
1,<environment.Job instance at 0x7f27343e1640>,46,3,[4 9],47,-1,116,-1,113
1,<environment.Job instance at 0x7f27343e1960>,51,2,[6 5],52,-1,142,-1,140
1,<environment.Job instance at 0x7f27343e1a00>,52,1,[5 9],53,-1,141,-1,140
1,<environment.Job instance at 0x7f27343e1aa0>,53,2,[6 4],54,-1,142,-1,140
1,<environment.Job instance at 0x7f27343e1b40>,54,3,[ 4 10],55,-1,143,-1,140
1,<environment.Job instance at 0x7f27343e1be0>,55,3,[11  4],56,-1,143,-1,140
1,<environment.Job instance at 0x7f27343e1e10>,2,26,[10  2],3,-1,29,-1,3
1,<environment.Job instance at 0x7f273462ce10>,8,14,[13  1],9,-1,23,-1,9
1,<environment.Job instance at 0x7f273462c410>,9,2,[9 5],10,-1,12,-1,10
1,<environment.Job instance at 0x7f273462c370>,10,2,[7 4],11,-1,13,-1,11
1,<environment.Job instance at 0x7f273462c280>,14,2,[ 1 12],15,-1,17,-1,15
1,<environment.Job instance at 0x7f27349c3820>,17,2,[5 9],18,-1,21,-1,19
1,<environment.Job instance at 0x7f27349c3500>,19,1,[2 6],20,-1,21,-1,20
1,<environment.Job instance at 0x7f27349c3550>,21,3,[1 9],22,-1,25,-1,22
1,<environment.Job instance at 0x7f2735a9ce10>,36,2,[7 3],37,-1,95,-1,93
1,<environment.Job instance at 0x7f2735a9c460>,38,2,[8 3],39,-1,99,-1,97
1,<environment.Job instance at 0x7f2735a9cd20>,40,2,[7 4],41,-1,108,-1,106
1,<environment.Job instance at 0x7f2735a9c8c0>,41,1,[1 6],42,-1,107,-1,106
1,<environment.Job instance at 0x7f2734669320>,48,2,[10  1],49,-1,156,-1,154
1,<environment.Job instance at 0x7f2734669690>,49,24,[5 8],50,-1,178,-1,154
1,<environment.Job instance at 0x7f2734669a00>,51,2,[6 1],52,-1,156,-1,154
1,<environment.Job instance at 0x7f2734720190>,53,2,[ 1 12],54,-1,171,-1,169
1,<environment.Job instance at 0x7f27347208c0>,58,1,[5 8],59,-1,170,-1,169
1,<environment.Job instance at 0x7f2734720050>,59,28,[6 1],60,-1,197,-1,169
1,<environment.Job instance at 0x7f2734720aa0>,60,1,[ 1 14],61,-1,170,-1,169
1,<environment.Job instance at 0x7f273552a550>,61,2,[1 9],62,-1,171,-1,169
1,<environment.Job instance at 0x7f273552a5f0>,63,1,[7 1],64,-1,171,-1,170
1,<environment.Job instance at 0x7f273412cc30>,3,18,[ 3 13],4,-1,22,-1,4
1,<environment.Job instance at 0x7f2734f992d0>,4,26,[12  3],5,-1,31,-1,5
1,<environment.Job instance at 0x7f273497d0a0>,8,1,[10  3],9,-1,11,-1,10
1,<environment.Job instance at 0x7f2735422910>,7,24,[4 8],8,-1,34,-1,10
1,<environment.Job instance at 0x7f273497de10>,11,25,[1 7],12,-1,39,-1,14
1,<environment.Job instance at 0x7f2735106d20>,16,2,[8 5],17,-1,19,-1,17
1,<environment.Job instance at 0x7f2734b10c80>,24,1,[10  2],25,-1,26,-1,25
1,<environment.Job instance at 0x7f27345c9f00>,39,15,[ 5 13],40,-1,122,-1,107
1,<environment.Job instance at 0x7f2735991c80>,41,1,[7 1],42,-1,108,-1,107
1,<environment.Job instance at 0x7f27359910a0>,42,2,[9 4],43,-1,109,-1,107
1,<environment.Job instance at 0x7f2735ab68c0>,43,2,[6 2],44,-1,109,-1,107
1,<environment.Job instance at 0x7f27345ee960>,48,2,[2 5],49,-1,174,-1,172
1,<environment.Job instance at 0x7f27345ee7d0>,49,16,[12  4],50,-1,188,-1,172
1,<environment.Job instance at 0x7f2734c96af0>,10,1,[1 5],11,-1,17,-1,16
1,<environment.Job instance at 0x7f2734ab9690>,12,3,[8 2],13,-1,34,-1,31
1,<environment.Job instance at 0x7f2734ab9af0>,16,1,[9 2],17,-1,49,-1,48
1,<environment.Job instance at 0x7f27349d04b0>,17,2,[13  2],18,-1,50,-1,48
1,<environment.Job instance at 0x7f27349d0a50>,18,2,[3 8],19,-1,50,-1,48
1,<environment.Job instance at 0x7f27349d0c80>,19,2,[7 2],20,-1,50,-1,48
1,<environment.Job instance at 0x7f27349d05f0>,20,3,[5 3],21,-1,51,-1,48
1,<environment.Job instance at 0x7f2735988f50>,25,2,[4 6],26,-1,91,-1,89
1,<environment.Job instance at 0x7f2735822e60>,26,3,[14  2],27,-1,92,-1,89
1,<environment.Job instance at 0x7f27352b0280>,31,2,[5 3],32,-1,115,-1,113
1,<environment.Job instance at 0x7f2734c82dc0>,32,2,[2 8],33,-1,115,-1,113
1,<environment.Job instance at 0x7f2735820960>,33,13,[ 3 10],34,-1,126,-1,113
1,<environment.Job instance at 0x7f2735820550>,36,2,[10  2],37,-1,124,-1,122
1,<environment.Job instance at 0x7f2735abb410>,37,28,[4 9],38,-1,150,-1,122
1,<environment.Job instance at 0x7f2735965e60>,38,3,[4 6],39,-1,125,-1,122
1,<environment.Job instance at 0x7f27346a4320>,39,3,[14  1],40,-1,125,-1,122
1,<environment.Job instance at 0x7f2735abbe60>,40,3,[7 2],41,-1,125,-1,122
1,<environment.Job instance at 0x7f2735965d20>,41,1,[8 4],42,-1,123,-1,122
1,<environment.Job instance at 0x7f273e088a50>,42,23,[2 8],43,-1,145,-1,122
1,<environment.Job instance at 0x7f2734c720f0>,45,2,[10  1],46,-1,141,-1,139
1,<environment.Job instance at 0x7f2734c72d70>,46,26,[ 3 10],47,-1,165,-1,139
1,<environment.Job instance at 0x7f27346c2910>,48,16,[ 1 13],49,-1,163,-1,147
1,<environment.Job instance at 0x7f2734c8cc30>,49,3,[9 2],50,-1,150,-1,147
1,<environment.Job instance at 0x7f2734c5e690>,50,3,[5 7],51,-1,150,-1,147
1,<environment.Job instance at 0x7f2734c5e370>,51,2,[2 5],52,-1,149,-1,147
1,<environment.Job instance at 0x7f2735a95f50>,52,2,[6 2],53,-1,149,-1,147
1,<environment.Job instance at 0x7f2735a955f0>,54,26,[2 9],55,-1,182,-1,156
1,<environment.Job instance at 0x7f2735acc5a0>,57,17,[ 5 14],58,-1,188,-1,171
1,<environment.Job instance at 0x7f2735accc30>,58,2,[12  2],59,-1,173,-1,171
1,<environment.Job instance at 0x7f2735acc410>,60,12,[10  5],61,-1,184,-1,172
1,<environment.Job instance at 0x7f2734d003c0>,17,1,[8 3],18,-1,24,-1,23
1,<environment.Job instance at 0x7f2734d00f50>,18,1,[5 5],19,-1,24,-1,23
1,<environment.Job instance at 0x7f2734d00460>,19,25,[10  3],20,-1,48,-1,23
1,<environment.Job instance at 0x7f2734d00500>,20,2,[1 9],21,-1,25,-1,23
1,<environment.Job instance at 0x7f273530f5a0>,25,22,[11  2],26,-1,53,-1,31
1,<environment.Job instance at 0x7f273530ff50>,27,18,[ 3 11],28,-1,63,-1,45
1,<environment.Job instance at 0x7f273530fa50>,28,1,[9 2],29,-1,46,-1,45
1,<environment.Job instance at 0x7f2734890e10>,30,27,[5 7],31,-1,72,-1,45
1,<environment.Job instance at 0x7f2734890410>,32,2,[3 7],33,-1,54,-1,52
1,<environment.Job instance at 0x7f27348907d0>,33,2,[4 9],34,-1,55,-1,53
1,<environment.Job instance at 0x7f2734b13140>,44,17,[12  2],45,-1,148,-1,131
1,<environment.Job instance at 0x7f2734b13690>,46,2,[12  3],47,-1,134,-1,132
1,<environment.Job instance at 0x7f2734b13af0>,47,1,[5 9],48,-1,133,-1,132
1,<environment.Job instance at 0x7f2734222320>,6,3,[5 2],7,-1,14,-1,11
1,<environment.Job instance at 0x7f2734222dc0>,11,15,[13  4],12,-1,27,-1,12
1,<environment.Job instance at 0x7f2734222a00>,12,3,[4 6],13,-1,16,-1,13
1,<environment.Job instance at 0x7f2734222640>,13,3,[ 4 13],14,-1,17,-1,14
1,<environment.Job instance at 0x7f27341e35f0>,23,2,[3 8],24,-1,78,-1,76
1,<environment.Job instance at 0x7f27341e30f0>,24,1,[11  4],25,-1,77,-1,76
1,<environment.Job instance at 0x7f27341e3a50>,25,3,[7 5],26,-1,79,-1,76
1,<environment.Job instance at 0x7f27341e3be0>,26,14,[ 2 14],27,-1,90,-1,76
1,<environment.Job instance at 0x7f27341e3b90>,27,1,[6 2],28,-1,77,-1,76
1,<environment.Job instance at 0x7f27341e3780>,28,3,[7 2],29,-1,79,-1,76
1,<environment.Job instance at 0x7f27341e3500>,29,3,[10  5],30,-1,79,-1,76
1,<environment.Job instance at 0x7f27341e3c30>,35,22,[ 3 12],36,-1,140,-1,118
1,<environment.Job instance at 0x7f27341e3fa0>,38,12,[8 1],39,-1,143,-1,131
1,<environment.Job instance at 0x7f27341fe5a0>,39,15,[12  4],40,-1,146,-1,131
1,<environment.Job instance at 0x7f27341fedc0>,40,1,[5 6],41,-1,132,-1,131
1,<environment.Job instance at 0x7f27341fe960>,41,17,[13  2],42,-1,148,-1,131
1,<environment.Job instance at 0x7f2734b2e6e0>,4,2,[ 3 13],5,-1,7,-1,5
1,<environment.Job instance at 0x7f27359661e0>,17,17,[13  2],18,-1,44,-1,27
1,<environment.Job instance at 0x7f2735966690>,22,26,[12  1],23,-1,69,-1,43
1,<environment.Job instance at 0x7f2735966960>,25,1,[4 5],26,-1,59,-1,58
1,<environment.Job instance at 0x7f2735966050>,26,3,[2 7],27,-1,61,-1,58
1,<environment.Job instance at 0x7f2735966b40>,27,1,[10  1],28,-1,59,-1,58
1,<environment.Job instance at 0x7f2734758820>,31,3,[10  1],32,-1,77,-1,74
1,<environment.Job instance at 0x7f2734758a50>,33,1,[2 5],34,-1,90,-1,89
1,<environment.Job instance at 0x7f2734758320>,34,2,[7 5],35,-1,91,-1,89
1,<environment.Job instance at 0x7f27355af780>,36,3,[ 4 10],37,-1,105,-1,102
1,<environment.Job instance at 0x7f27355af140>,37,1,[4 7],38,-1,103,-1,102
1,<environment.Job instance at 0x7f27355af820>,39,3,[2 6],40,-1,105,-1,102
1,<environment.Job instance at 0x7f27355afdc0>,41,1,[7 3],42,-1,107,-1,106
1,<environment.Job instance at 0x7f27355afa00>,43,1,[4 8],44,-1,115,-1,114
1,<environment.Job instance at 0x7f27359b6640>,49,2,[3 7],50,-1,151,-1,149
1,<environment.Job instance at 0x7f27359b6190>,51,14,[12  4],52,-1,169,-1,155
1,<environment.Job instance at 0x7f27359b68c0>,52,2,[5 3],53,-1,157,-1,155
1,<environment.Job instance at 0x7f27359b6370>,53,2,[2 9],54,-1,157,-1,155
1,<environment.Job instance at 0x7f27359b6460>,54,15,[ 1 11],55,-1,170,-1,155
1,<environment.Job instance at 0x7f27359aeb90>,4,1,[ 1 13],5,-1,7,-1,6
1,<environment.Job instance at 0x7f273449c780>,10,2,[5 5],11,-1,14,-1,12
1,<environment.Job instance at 0x7f2735236b40>,19,2,[10  1],20,-1,56,-1,54
1,<environment.Job instance at 0x7f2735236f00>,24,1,[2 5],25,-1,68,-1,67
1,<environment.Job instance at 0x7f27344c5280>,29,1,[3 6],30,-1,91,-1,90
1,<environment.Job instance at 0x7f27344c5320>,30,14,[ 3 11],31,-1,104,-1,90
1,<environment.Job instance at 0x7f27344c53c0>,31,2,[1 7],32,-1,93,-1,91
1,<environment.Job instance at 0x7f27344c5460>,32,1,[5 8],33,-1,92,-1,91
1,<environment.Job instance at 0x7f27344c55a0>,34,23,[5 6],35,-1,134,-1,111
1,<environment.Job instance at 0x7f27344c5a50>,38,1,[1 9],39,-1,120,-1,119
1,<environment.Job instance at 0x7f27344c5e60>,45,3,[12  4],46,-1,162,-1,159
1,<environment.Job instance at 0x7f27344c5f00>,46,3,[ 5 14],47,-1,162,-1,159
1,<environment.Job instance at 0x7f27344c5fa0>,47,23,[ 1 14],48,-1,182,-1,159
1,<environment.Job instance at 0x7f27344c5a00>,48,2,[ 4 11],49,-1,161,-1,159
1,<environment.Job instance at 0x7f2734b96140>,49,16,[ 1 11],50,-1,175,-1,159
1,<environment.Job instance at 0x7f2734b961e0>,50,1,[7 1],51,-1,160,-1,159
1,<environment.Job instance at 0x7f2734b96280>,51,25,[10  4],52,-1,184,-1,159
1,<environment.Job instance at 0x7f2734b963c0>,53,1,[5 3],54,-1,166,-1,165
1,<environment.Job instance at 0x7f2734b96550>,54,1,[6 2],55,-1,166,-1,165
1,<environment.Job instance at 0x7f2734b966e0>,57,3,[ 2 12],58,-1,179,-1,176
1,<environment.Job instance at 0x7f2735965b40>,6,17,[ 5 11],7,-1,24,-1,7
1,<environment.Job instance at 0x7f273e502280>,16,13,[ 2 14],17,-1,36,-1,23
1,<environment.Job instance at 0x7f27351b5af0>,19,2,[10  3],20,-1,42,-1,40
1,<environment.Job instance at 0x7f273437f640>,22,13,[ 1 10],23,-1,55,-1,42
1,<environment.Job instance at 0x7f27343cff50>,23,13,[ 3 12],24,-1,55,-1,42
1,<environment.Job instance at 0x7f273436e8c0>,26,3,[9 4],27,-1,59,-1,56
1,<environment.Job instance at 0x7f273436e910>,27,1,[1 5],28,-1,57,-1,56
1,<environment.Job instance at 0x7f273438ebe0>,36,2,[7 1],37,-1,106,-1,104
1,<environment.Job instance at 0x7f273438e9b0>,37,3,[3 5],38,-1,107,-1,104
1,<environment.Job instance at 0x7f27343e4fa0>,38,3,[ 4 12],39,-1,107,-1,104
1,<environment.Job instance at 0x7f27343e4910>,42,3,[5 1],43,-1,133,-1,130
1,<environment.Job instance at 0x7f2735903be0>,46,1,[3 8],47,-1,143,-1,142
1,<environment.Job instance at 0x7f2734bceaa0>,47,2,[5 6],48,-1,144,-1,142
1,<environment.Job instance at 0x7f27354c2dc0>,48,2,[8 1],49,-1,144,-1,142
1,<environment.Job instance at 0x7f27354c2370>,50,1,[9 4],51,-1,153,-1,152
1,<environment.Job instance at 0x7f273550d0a0>,7,16,[12  1],8,-1,24,-1,8
1,<environment.Job instance at 0x7f27341fca50>,9,18,[ 5 14],10,-1,28,-1,10
1,<environment.Job instance at 0x7f27341fce10>,25,3,[10  5],26,-1,76,-1,73
1,<environment.Job instance at 0x7f27341fc5a0>,27,1,[ 1 10],28,-1,90,-1,89
1,<environment.Job instance at 0x7f27341fc2d0>,28,2,[6 2],29,-1,91,-1,89
1,<environment.Job instance at 0x7f27355b01e0>,31,25,[ 1 14],32,-1,132,-1,107
1,<environment.Job instance at 0x7f27355b0d20>,33,27,[5 5],34,-1,146,-1,119
1,<environment.Job instance at 0x7f27355b0550>,36,13,[ 3 11],37,-1,144,-1,131
1,<environment.Job instance at 0x7f27355b0c80>,37,22,[ 1 14],38,-1,153,-1,131
1,<environment.Job instance at 0x7f27355b0410>,38,2,[9 4],39,-1,133,-1,131
1,<environment.Job instance at 0x7f27355b0190>,39,28,[9 5],40,-1,159,-1,131
1,<environment.Job instance at 0x7f27355b0fa0>,41,1,[6 2],42,-1,141,-1,140
1,<environment.Job instance at 0x7f27355b0780>,42,1,[ 2 10],43,-1,141,-1,140
1,<environment.Job instance at 0x7f273e5247d0>,43,2,[3 9],44,-1,142,-1,140
1,<environment.Job instance at 0x7f273e524be0>,44,3,[8 5],45,-1,143,-1,140
1,<environment.Job instance at 0x7f273e524e60>,45,3,[3 9],46,-1,143,-1,140
1,<environment.Job instance at 0x7f2734e18b40>,46,1,[1 9],47,-1,141,-1,140
1,<environment.Job instance at 0x7f2734e18aa0>,47,27,[10  2],48,-1,167,-1,140
1,<environment.Job instance at 0x7f2734e18550>,49,2,[8 3],50,-1,147,-1,145
1,<environment.Job instance at 0x7f27346d3280>,51,23,[8 1],52,-1,168,-1,145
1,<environment.Job instance at 0x7f273466f870>,52,20,[ 2 10],53,-1,165,-1,145
1,<environment.Job instance at 0x7f2735875aa0>,54,2,[4 9],55,-1,158,-1,156
1,<environment.Job instance at 0x7f2735875230>,58,2,[1 8],59,-1,175,-1,173
1,<environment.Job instance at 0x7f2734862550>,3,3,[5 6],4,-1,7,-1,4
1,<environment.Job instance at 0x7f2734a4c410>,4,1,[ 2 13],5,-1,7,-1,6
1,<environment.Job instance at 0x7f2734a4c7d0>,8,16,[12  2],9,-1,25,-1,9
1,<environment.Job instance at 0x7f2734a4c9b0>,11,1,[10  4],12,-1,13,-1,12
1,<environment.Job instance at 0x7f2734a525f0>,24,3,[8 1],25,-1,49,-1,46
1,<environment.Job instance at 0x7f2734a52690>,25,14,[ 2 12],26,-1,60,-1,46
1,<environment.Job instance at 0x7f2734a52960>,29,14,[ 5 12],30,-1,60,-1,46
1,<environment.Job instance at 0x7f2734a52c30>,32,1,[7 1],33,-1,76,-1,75
1,<environment.Job instance at 0x7f2734a52dc0>,33,1,[1 8],34,-1,77,-1,76
1,<environment.Job instance at 0x7f2734a52fa0>,36,2,[8 2],37,-1,81,-1,79
1,<environment.Job instance at 0x7f2734a52f00>,37,1,[5 9],38,-1,80,-1,79
1,<environment.Job instance at 0x7f2734a2d370>,40,1,[1 5],41,-1,95,-1,94
1,<environment.Job instance at 0x7f2734a2d410>,41,2,[7 1],42,-1,96,-1,94
1,<environment.Job instance at 0x7f2734a2d4b0>,42,2,[5 6],43,-1,96,-1,94
1,<environment.Job instance at 0x7f2734a2deb0>,55,2,[9 2],56,-1,149,-1,147
1,<environment.Job instance at 0x7f2734a2d910>,56,1,[2 7],57,-1,148,-1,147
1,<environment.Job instance at 0x7f2734a2dfa0>,58,1,[1 6],59,-1,148,-1,147
1,<environment.Job instance at 0x7f2734a2c320>,61,2,[9 4],62,-1,172,-1,170
1,<environment.Job instance at 0x7f2735872f00>,8,1,[6 3],9,-1,11,-1,10
1,<environment.Job instance at 0x7f2735872320>,10,12,[11  3],11,-1,23,-1,11
1,<environment.Job instance at 0x7f2735872280>,11,13,[10  2],12,-1,25,-1,12
1,<environment.Job instance at 0x7f273538b140>,12,14,[10  5],13,-1,46,-1,32
1,<environment.Job instance at 0x7f2734b10f50>,20,3,[ 5 10],21,-1,35,-1,32
1,<environment.Job instance at 0x7f273e077550>,21,16,[ 3 10],22,-1,48,-1,32
1,<environment.Job instance at 0x7f273538bb90>,22,1,[ 4 10],23,-1,33,-1,32
1,<environment.Job instance at 0x7f273538b4b0>,26,3,[8 4],27,-1,38,-1,35
1,<environment.Job instance at 0x7f2734107910>,28,13,[13  2],29,-1,61,-1,48
1,<environment.Job instance at 0x7f27354db910>,39,13,[10  3],40,-1,141,-1,128
1,<environment.Job instance at 0x7f273468aaa0>,50,2,[3 5],51,-1,156,-1,154
1,<environment.Job instance at 0x7f27354d0d70>,51,2,[9 4],52,-1,156,-1,154
1,<environment.Job instance at 0x7f2734822730>,53,2,[8 5],54,-1,156,-1,154
1,<environment.Job instance at 0x7f2734ea5730>,55,2,[6 2],56,-1,171,-1,169
1,<environment.Job instance at 0x7f2734ea5500>,57,2,[2 8],58,-1,171,-1,169
1,<environment.Job instance at 0x7f2735640c80>,8,13,[ 2 13],9,-1,22,-1,9
1,<environment.Job instance at 0x7f27347c1500>,10,26,[5 5],11,-1,39,-1,13
1,<environment.Job instance at 0x7f27347c1460>,13,2,[10  4],14,-1,16,-1,14
1,<environment.Job instance at 0x7f27347c1b40>,21,18,[ 1 10],22,-1,85,-1,67
1,<environment.Job instance at 0x7f273e4f3230>,26,2,[7 1],27,-1,69,-1,67
1,<environment.Job instance at 0x7f273512acd0>,33,1,[3 8],34,-1,115,-1,114
1,<environment.Job instance at 0x7f273512a5f0>,34,2,[2 7],35,-1,122,-1,120
1,<environment.Job instance at 0x7f273512abe0>,36,1,[1 8],37,-1,121,-1,120
1,<environment.Job instance at 0x7f273512afa0>,37,1,[ 1 10],38,-1,121,-1,120
1,<environment.Job instance at 0x7f2734638780>,40,3,[9 1],41,-1,131,-1,128
1,<environment.Job instance at 0x7f2734958050>,42,1,[5 9],43,-1,130,-1,129
1,<environment.Job instance at 0x7f27349582d0>,43,15,[11  1],44,-1,144,-1,129
1,<environment.Job instance at 0x7f27358cb460>,48,24,[10  2],49,-1,171,-1,147
1,<environment.Job instance at 0x7f2735a1feb0>,5,12,[7 3],6,-1,18,-1,6
1,<environment.Job instance at 0x7f2734d59460>,7,1,[5 5],8,-1,21,-1,20
1,<environment.Job instance at 0x7f273516bc80>,17,1,[5 5],18,-1,21,-1,20
1,<environment.Job instance at 0x7f27346ee820>,36,1,[ 1 14],37,-1,99,-1,98
1,<environment.Job instance at 0x7f27346ee550>,37,15,[11  5],38,-1,123,-1,108
1,<environment.Job instance at 0x7f27357dba00>,42,2,[2 8],43,-1,130,-1,128
1,<environment.Job instance at 0x7f27357db0f0>,44,1,[9 3],45,-1,136,-1,135
1,<environment.Job instance at 0x7f27357db5a0>,45,3,[5 5],46,-1,138,-1,135
1,<environment.Job instance at 0x7f27357db960>,46,14,[ 2 10],47,-1,149,-1,135
1,<environment.Job instance at 0x7f27357dba50>,47,17,[ 5 12],48,-1,152,-1,135
1,<environment.Job instance at 0x7f2735754c30>,50,26,[3 6],51,-1,174,-1,148
1,<environment.Job instance at 0x7f2735754c80>,51,1,[ 5 10],52,-1,149,-1,148
1,<environment.Job instance at 0x7f2734a2a2d0>,53,2,[6 4],54,-1,156,-1,154
1,<environment.Job instance at 0x7f2734a2ad70>,54,3,[ 4 11],55,-1,157,-1,154
1,<environment.Job instance at 0x7f2734a2a550>,55,1,[9 3],56,-1,155,-1,154
1,<environment.Job instance at 0x7f2734a2aa50>,56,3,[7 4],57,-1,157,-1,154
1,<environment.Job instance at 0x7f89ebfaff50>,16,15,[ 1 11],17,-1,56,-1,41
1,<environment.Job instance at 0x7f89ebfaffa0>,17,2,[3 5],18,-1,43,-1,41
1,<environment.Job instance at 0x7f89ebfb10f0>,19,2,[5 5],20,-1,48,-1,46
1,<environment.Job instance at 0x7f89ebfb1230>,21,1,[6 4],22,-1,61,-1,60
1,<environment.Job instance at 0x7f89ebfb1460>,22,1,[12  1],23,-1,61,-1,60
1,<environment.Job instance at 0x7f89ebfb14b0>,23,16,[ 1 11],24,-1,76,-1,60
1,<environment.Job instance at 0x7f89ebfb1410>,24,2,[6 5],25,-1,62,-1,60
1,<environment.Job instance at 0x7f89ebfb1690>,25,1,[9 2],26,-1,61,-1,60
1,<environment.Job instance at 0x7f89ebfb1870>,27,13,[11  4],28,-1,73,-1,60
1,<environment.Job instance at 0x7f89ebfb1910>,28,2,[ 3 10],29,-1,62,-1,60
1,<environment.Job instance at 0x7f89ebfb1a50>,30,3,[6 5],31,-1,69,-1,66
1,<environment.Job instance at 0x7f89ebfb1b90>,32,1,[5 6],33,-1,67,-1,66
1,<environment.Job instance at 0x7f89ebfb1e10>,35,1,[9 1],36,-1,82,-1,81
1,<environment.Job instance at 0x7f89ebfb1e60>,37,2,[8 4],38,-1,83,-1,81
1,<environment.Job instance at 0x7f89ebfb1fa0>,39,1,[2 7],40,-1,88,-1,87
1,<environment.Job instance at 0x7f89ebfb51e0>,41,23,[10  4],42,-1,126,-1,103
1,<environment.Job instance at 0x7f89ebfb5550>,47,1,[1 7],48,-1,128,-1,127
1,<environment.Job instance at 0x7f89ebfb59b0>,51,2,[5 4],52,-1,142,-1,140
1,<environment.Job instance at 0x7f89ebfb5a50>,52,2,[6 2],53,-1,142,-1,140
1,<environment.Job instance at 0x7f89ebfb5cd0>,56,1,[ 4 10],57,-1,176,-1,175
1,<environment.Job instance at 0x7f89ebfb5eb0>,59,3,[8 1],60,-1,190,-1,187
1,<environment.Job instance at 0x7f89ec630e10>,5,3,[3 9],6,-1,10,-1,7
1,<environment.Job instance at 0x7f89ec6af6e0>,23,12,[1 9],24,-1,68,-1,56
1,<environment.Job instance at 0x7f89ec6afeb0>,25,13,[1 7],26,-1,81,-1,68
1,<environment.Job instance at 0x7f89ec65ccd0>,27,2,[1 8],28,-1,70,-1,68
1,<environment.Job instance at 0x7f89ec65c780>,28,2,[4 8],29,-1,70,-1,68
1,<environment.Job instance at 0x7f89ec65c690>,29,25,[10  1],30,-1,93,-1,68
1,<environment.Job instance at 0x7f89ec65c640>,30,22,[5 5],31,-1,94,-1,72
1,<environment.Job instance at 0x7f89ec65c910>,33,2,[ 3 14],34,-1,86,-1,84
1,<environment.Job instance at 0x7f89ec65c0f0>,34,1,[10  1],35,-1,85,-1,84
1,<environment.Job instance at 0x7f89ec65c0a0>,36,3,[4 6],37,-1,103,-1,100
1,<environment.Job instance at 0x7f89ec65c4b0>,38,3,[5 3],39,-1,103,-1,100
1,<environment.Job instance at 0x7f89ec6d8460>,39,2,[2 8],40,-1,102,-1,100
1,<environment.Job instance at 0x7f89ec6d8140>,40,23,[ 3 10],41,-1,123,-1,100
1,<environment.Job instance at 0x7f89ec6d8500>,41,16,[14  5],42,-1,116,-1,100
1,<environment.Job instance at 0x7f89ec6d8230>,43,3,[2 5],44,-1,120,-1,117
1,<environment.Job instance at 0x7f89ec6d8910>,44,2,[14  4],45,-1,119,-1,117
1,<environment.Job instance at 0x7f89ec6d8e60>,45,12,[10  1],46,-1,129,-1,117
1,<environment.Job instance at 0x7f89ec6d8370>,46,1,[5 5],47,-1,118,-1,117
1,<environment.Job instance at 0x7f89ec6d8730>,48,1,[13  1],49,-1,118,-1,117
1,<environment.Job instance at 0x7f89ec6d85f0>,49,12,[14  2],50,-1,129,-1,117
1,<environment.Job instance at 0x7f89ec6d8d20>,50,2,[7 2],51,-1,119,-1,117
1,<environment.Job instance at 0x7f89ec6d80f0>,52,2,[9 4],53,-1,129,-1,127
1,<environment.Job instance at 0x7f89ec6d81e0>,53,3,[1 9],54,-1,130,-1,127
1,<environment.Job instance at 0x7f89ec6d8280>,54,3,[5 1],55,-1,130,-1,127
1,<environment.Job instance at 0x7f89ec689500>,56,1,[1 5],57,-1,134,-1,133
1,<environment.Job instance at 0x7f89ec689550>,57,21,[ 1 10],58,-1,154,-1,133
1,<environment.Job instance at 0x7f89ec6898c0>,60,13,[ 3 10],61,-1,171,-1,158
1,<environment.Job instance at 0x7f89ec689be0>,61,2,[10  5],62,-1,160,-1,158
1,<environment.Job instance at 0x7f89ec6899b0>,62,2,[9 4],63,-1,160,-1,158
1,<environment.Job instance at 0x7f89ec6891e0>,63,1,[2 6],64,-1,159,-1,158
1,<environment.Job instance at 0x7f89ec6894b0>,64,1,[3 6],65,-1,159,-1,158
1,<environment.Job instance at 0x7f89ec6895f0>,65,3,[4 5],66,-1,161,-1,158
1,<environment.Job instance at 0x7f89eb6df140>,8,3,[ 5 12],9,-1,12,-1,9
1,<environment.Job instance at 0x7f89eb792cd0>,19,3,[2 6],20,-1,34,-1,31
1,<environment.Job instance at 0x7f89eb792910>,20,1,[3 5],21,-1,32,-1,31
1,<environment.Job instance at 0x7f89eb792fa0>,21,3,[2 5],22,-1,34,-1,31
1,<environment.Job instance at 0x7f89eb749dc0>,22,27,[1 9],23,-1,58,-1,31
1,<environment.Job instance at 0x7f89eb749c30>,25,1,[4 9],26,-1,45,-1,44
1,<environment.Job instance at 0x7f89eb749960>,26,15,[ 5 14],27,-1,59,-1,44
1,<environment.Job instance at 0x7f89eb749f50>,28,26,[3 8],29,-1,74,-1,48
1,<environment.Job instance at 0x7f89eb749a00>,29,3,[5 2],30,-1,51,-1,48
1,<environment.Job instance at 0x7f89eb6d99b0>,35,23,[5 5],36,-1,108,-1,85
1,<environment.Job instance at 0x7f89eb6d9140>,36,1,[6 3],37,-1,86,-1,85
1,<environment.Job instance at 0x7f89eb6d9230>,42,16,[12  1],43,-1,130,-1,114
1,<environment.Job instance at 0x7f89eb6d97d0>,43,3,[1 5],44,-1,117,-1,114
1,<environment.Job instance at 0x7f89eb6d91e0>,45,15,[ 1 10],46,-1,147,-1,132
1,<environment.Job instance at 0x7f89eb6d9410>,46,3,[5 8],47,-1,135,-1,132
1,<environment.Job instance at 0x7f89eb6d9640>,47,1,[3 7],48,-1,133,-1,132
1,<environment.Job instance at 0x7f89eb6d6b90>,50,12,[ 5 13],51,-1,147,-1,135
1,<environment.Job instance at 0x7f89eb6d69b0>,51,2,[2 8],52,-1,137,-1,135
1,<environment.Job instance at 0x7f89eb6d6820>,52,3,[7 4],53,-1,138,-1,135
1,<environment.Job instance at 0x7f89eb6d6870>,53,15,[ 1 10],54,-1,154,-1,139
1,<environment.Job instance at 0x7f89eb6d6aa0>,55,17,[12  2],56,-1,156,-1,139
1,<environment.Job instance at 0x7f89eb6d6dc0>,56,3,[2 9],57,-1,142,-1,139
1,<environment.Job instance at 0x7f89eb6d0910>,60,3,[9 1],61,-1,160,-1,157
1,<environment.Job instance at 0x7f89eb6d0870>,62,1,[5 3],63,-1,165,-1,164
1,<environment.Job instance at 0x7f89eb6d0e10>,64,27,[7 2],65,-1,202,-1,175
1,<environment.Job instance at 0x7f89ec5e36e0>,4,28,[ 4 10],5,-1,33,-1,5
1,<environment.Job instance at 0x7f89ec5dee10>,6,14,[ 5 12],7,-1,21,-1,7
1,<environment.Job instance at 0x7f89ec5de0a0>,8,13,[14  1],9,-1,22,-1,9
1,<environment.Job instance at 0x7f89ec5ded70>,20,1,[8 2],21,-1,50,-1,49
1,<environment.Job instance at 0x7f89ec5def00>,21,2,[3 6],22,-1,51,-1,49
1,<environment.Job instance at 0x7f89ec57f8c0>,27,1,[9 3],28,-1,67,-1,66
1,<environment.Job instance at 0x7f89ec57f370>,28,2,[7 4],29,-1,68,-1,66
1,<environment.Job instance at 0x7f89ec57f140>,31,3,[ 4 10],32,-1,90,-1,87
1,<environment.Job instance at 0x7f89ec57feb0>,32,3,[2 9],33,-1,90,-1,87
1,<environment.Job instance at 0x7f89ec57b690>,39,3,[8 1],40,-1,133,-1,130
1,<environment.Job instance at 0x7f89ec57b230>,45,1,[8 2],46,-1,162,-1,161
1,<environment.Job instance at 0x7f89ec57b870>,46,13,[ 4 14],47,-1,174,-1,161
1,<environment.Job instance at 0x7f89ec57b0a0>,47,1,[9 5],48,-1,162,-1,161
1,<environment.Job instance at 0x7f89ec57bdc0>,49,15,[ 1 11],50,-1,176,-1,161
1,<environment.Job instance at 0x7f89ec57bd70>,51,1,[5 4],52,-1,176,-1,175
1,<environment.Job instance at 0x7f89ec9ada50>,7,2,[6 2],8,-1,11,-1,9
1,<environment.Job instance at 0x7f89ecabe780>,16,2,[9 4],17,-1,38,-1,36
1,<environment.Job instance at 0x7f89ecabeeb0>,17,23,[4 8],18,-1,60,-1,37
1,<environment.Job instance at 0x7f89ecabe140>,21,12,[2 9],22,-1,64,-1,52
1,<environment.Job instance at 0x7f89ecabe320>,22,1,[8 2],23,-1,53,-1,52
1,<environment.Job instance at 0x7f89f512fc80>,39,3,[12  2],40,-1,164,-1,161
1,<environment.Job instance at 0x7f89f512fa50>,40,2,[9 2],41,-1,164,-1,162
1,<environment.Job instance at 0x7f89ec5fe6e0>,41,13,[13  3],42,-1,175,-1,162
1,<environment.Job instance at 0x7f89ec5fefa0>,45,12,[ 2 10],46,-1,187,-1,175
1,<environment.Job instance at 0x7f89ec5fecd0>,48,2,[2 7],49,-1,191,-1,189
1,<environment.Job instance at 0x7f89ebe10140>,10,1,[5 1],11,-1,19,-1,18
1,<environment.Job instance at 0x7f89eba17370>,12,2,[10  5],13,-1,20,-1,18
1,<environment.Job instance at 0x7f89eba174b0>,13,2,[2 7],14,-1,20,-1,18
1,<environment.Job instance at 0x7f89ebd84f50>,18,2,[6 4],19,-1,53,-1,51
1,<environment.Job instance at 0x7f89ebd84d20>,21,24,[1 7],22,-1,81,-1,57
1,<environment.Job instance at 0x7f89ebd84b40>,23,24,[5 9],24,-1,82,-1,58
1,<environment.Job instance at 0x7f89ebd84c80>,24,3,[14  3],25,-1,61,-1,58
1,<environment.Job instance at 0x7f89ebd84780>,25,13,[ 4 13],26,-1,71,-1,58
1,<environment.Job instance at 0x7f89ebe354b0>,28,2,[2 6],29,-1,68,-1,66
1,<environment.Job instance at 0x7f89ebe35e10>,33,22,[ 3 10],34,-1,119,-1,97
1,<environment.Job instance at 0x7f89ebe35af0>,34,2,[6 2],35,-1,99,-1,97
1,<environment.Job instance at 0x7f89ebe35780>,36,2,[ 2 10],37,-1,114,-1,112
1,<environment.Job instance at 0x7f89ebe35be0>,39,3,[3 5],40,-1,128,-1,125
1,<environment.Job instance at 0x7f89ebe35050>,40,2,[11  1],41,-1,127,-1,125
1,<environment.Job instance at 0x7f89ebe35640>,41,24,[5 4],42,-1,150,-1,126
1,<environment.Job instance at 0x7f89eba3f280>,49,2,[5 6],50,-1,191,-1,189
1,<environment.Job instance at 0x7f89eba3f230>,50,2,[8 2],51,-1,191,-1,189
1,<environment.Job instance at 0x7f89eba3f870>,51,2,[9 4],52,-1,191,-1,189
1,<environment.Job instance at 0x7f89eba3fd70>,52,1,[4 8],53,-1,190,-1,189
1,<environment.Job instance at 0x7f89eba3f550>,53,3,[5 3],54,-1,192,-1,189
1,<environment.Job instance at 0x7f89eba3ff50>,54,3,[6 2],55,-1,192,-1,189
1,<environment.Job instance at 0x7f89eb6243c0>,14,1,[10  2],15,-1,27,-1,26
1,<environment.Job instance at 0x7f89eb6245a0>,15,2,[5 8],16,-1,28,-1,26
1,<environment.Job instance at 0x7f89eb624d20>,16,1,[11  3],17,-1,27,-1,26
1,<environment.Job instance at 0x7f89eb624b40>,17,1,[2 6],18,-1,27,-1,26
1,<environment.Job instance at 0x7f89eb624c80>,18,18,[ 1 11],19,-1,44,-1,26
1,<environment.Job instance at 0x7f89eb624e60>,19,27,[ 4 10],20,-1,53,-1,26
1,<environment.Job instance at 0x7f89eb624fa0>,21,3,[5 5],22,-1,29,-1,26
1,<environment.Job instance at 0x7f89eb6248c0>,23,26,[1 9],24,-1,58,-1,32
1,<environment.Job instance at 0x7f89eb624cd0>,24,3,[9 2],25,-1,35,-1,32
1,<environment.Job instance at 0x7f89eb624f50>,25,17,[ 4 11],26,-1,49,-1,32
1,<environment.Job instance at 0x7f89eb624460>,26,24,[7 5],27,-1,56,-1,32
1,<environment.Job instance at 0x7f89eb624b90>,27,3,[4 8],28,-1,35,-1,32
1,<environment.Job instance at 0x7f89eb9c41e0>,29,12,[13  1],30,-1,53,-1,41
1,<environment.Job instance at 0x7f89eb9c4320>,31,2,[4 6],32,-1,46,-1,44
1,<environment.Job instance at 0x7f89eb9c4550>,32,2,[10  3],33,-1,46,-1,44
1,<environment.Job instance at 0x7f89eb9c46e0>,35,24,[2 7],36,-1,81,-1,57
1,<environment.Job instance at 0x7f89eb9c47d0>,37,1,[6 4],38,-1,67,-1,66
1,<environment.Job instance at 0x7f89eb9c4960>,39,3,[3 9],40,-1,69,-1,66
1,<environment.Job instance at 0x7f89eb9c4a00>,40,2,[6 5],41,-1,68,-1,66
1,<environment.Job instance at 0x7f89eb9c4a50>,43,1,[ 2 14],44,-1,84,-1,83
1,<environment.Job instance at 0x7f89eb9c4d70>,44,14,[5 1],45,-1,133,-1,119
1,<environment.Job instance at 0x7f89eb9aa4b0>,54,1,[6 4],55,-1,120,-1,119
1,<environment.Job instance at 0x7f89eb9aa550>,55,13,[ 2 13],56,-1,132,-1,119
1,<environment.Job instance at 0x7f89eb9aa5f0>,56,17,[12  2],57,-1,136,-1,119
1,<environment.Job instance at 0x7f89eb9aa730>,57,28,[7 4],58,-1,147,-1,119
1,<environment.Job instance at 0x7f89eb9aa780>,58,17,[ 1 10],59,-1,136,-1,119
1,<environment.Job instance at 0x7f89eb9aa820>,59,2,[7 3],60,-1,121,-1,119
1,<environment.Job instance at 0x7f89eb9aa8c0>,60,25,[10  4],61,-1,144,-1,119
1,<environment.Job instance at 0x7f89eb9aa960>,61,3,[3 7],62,-1,122,-1,119
1,<environment.Job instance at 0x7f89eb9aaa00>,62,1,[ 3 10],63,-1,120,-1,119
1,<environment.Job instance at 0x7f89eb9aa6e0>,66,3,[ 1 10],67,-1,145,-1,142
1,<environment.Job instance at 0x7f89eb9aaeb0>,67,3,[ 5 11],68,-1,145,-1,142
1,<environment.Job instance at 0x7f89eb9aad20>,68,2,[ 1 10],69,-1,144,-1,142
1,<environment.Job instance at 0x7f89eb9aaf50>,69,13,[ 5 10],70,-1,155,-1,142
1,<environment.Job instance at 0x7f89eb9aafa0>,70,12,[ 5 10],71,-1,154,-1,142
1,<environment.Job instance at 0x7f89eb99f050>,71,3,[6 4],72,-1,145,-1,142
1,<environment.Job instance at 0x7f89eb6241e0>,10,21,[7 2],11,-1,183,-1,162
1,<environment.Job instance at 0x7f89eb99f1e0>,73,3,[5 6],74,-1,165,-1,162
1,<environment.Job instance at 0x7f89eb99f4b0>,75,2,[13  1],76,-1,164,-1,162
1,<environment.Job instance at 0x7f89eb99f280>,74,3,[6 4],75,-1,165,-1,162
1,<environment.Job instance at 0x7f89eb99f550>,76,3,[3 8],77,-1,165,-1,162
1,<environment.Job instance at 0x7f89eb99f640>,78,1,[5 5],79,-1,163,-1,162
1,<environment.Job instance at 0x7f89eb99f6e0>,79,20,[9 2],80,-1,182,-1,162
1,<environment.Job instance at 0x7f89eb99f820>,81,3,[ 5 10],82,-1,165,-1,162
1,<environment.Job instance at 0x7f89eb9a6910>,84,2,[1 9],85,-1,179,-1,177
1,<environment.Job instance at 0x7f89eb9a6910>,2,26,[ 5 14],3,-1,29,-1,3
1,<environment.Job instance at 0x7f89eba97280>,18,1,[5 2],19,-1,40,-1,39
1,<environment.Job instance at 0x7f89ebfdbaa0>,22,17,[ 3 11],23,-1,72,-1,55
1,<environment.Job instance at 0x7f89ebfdbc80>,26,2,[9 4],27,-1,67,-1,65
1,<environment.Job instance at 0x7f89ebfdb230>,27,26,[8 5],28,-1,91,-1,65
1,<environment.Job instance at 0x7f89ebfdba00>,28,1,[5 5],29,-1,66,-1,65
1,<environment.Job instance at 0x7f89ebfdb9b0>,33,15,[ 3 14],34,-1,126,-1,111
1,<environment.Job instance at 0x7f89ebfdbe60>,34,2,[10  1],35,-1,113,-1,111
1,<environment.Job instance at 0x7f89ebfdbcd0>,36,1,[ 2 10],37,-1,125,-1,124
1,<environment.Job instance at 0x7f89ebfdb0a0>,37,1,[7 4],38,-1,125,-1,124
1,<environment.Job instance at 0x7f89ebfdbf00>,39,2,[9 2],40,-1,126,-1,124
1,<environment.Job instance at 0x7f89ebfdb5a0>,40,2,[ 4 10],41,-1,126,-1,124
1,<environment.Job instance at 0x7f89ebfdb5f0>,41,27,[2 5],42,-1,151,-1,124
1,<environment.Job instance at 0x7f89ebfdb370>,42,1,[2 8],43,-1,125,-1,124
1,<environment.Job instance at 0x7f89ec59f1e0>,51,2,[9 5],52,-1,183,-1,181
1,<environment.Job instance at 0x7f89ec59f5f0>,53,1,[2 6],54,-1,182,-1,181
1,<environment.Job instance at 0x7f89ebdd9960>,4,26,[8 4],5,-1,39,-1,13
1,<environment.Job instance at 0x7f89eb4bb460>,13,17,[ 1 11],14,-1,31,-1,14
1,<environment.Job instance at 0x7f89eb4bb640>,15,1,[8 2],16,-1,17,-1,16
1,<environment.Job instance at 0x7f89eb3b79b0>,18,1,[1 7],19,-1,20,-1,19
1,<environment.Job instance at 0x7f89eb4bb230>,19,2,[6 3],20,-1,22,-1,20
1,<environment.Job instance at 0x7f89ec3a8500>,20,1,[5 6],21,-1,22,-1,21
1,<environment.Job instance at 0x7f89ec3a8960>,23,1,[ 5 10],24,-1,28,-1,27
1,<environment.Job instance at 0x7f89ec408c80>,24,2,[2 5],25,-1,29,-1,27
1,<environment.Job instance at 0x7f89eb963be0>,34,1,[6 2],35,-1,101,-1,100
1,<environment.Job instance at 0x7f89eb963d20>,35,17,[ 3 13],36,-1,117,-1,100
1,<environment.Job instance at 0x7f89eb313a00>,39,3,[2 7],40,-1,138,-1,135
1,<environment.Job instance at 0x7f89ebbe2640>,40,1,[8 4],41,-1,136,-1,135
1,<environment.Job instance at 0x7f89eb92d910>,42,3,[5 4],43,-1,138,-1,135
1,<environment.Job instance at 0x7f89eb92deb0>,43,2,[5 5],44,-1,137,-1,135
1,<environment.Job instance at 0x7f89eb92dcd0>,44,3,[10  5],45,-1,138,-1,135
1,<environment.Job instance at 0x7f89eb92d2d0>,46,2,[3 8],47,-1,137,-1,135
1,<environment.Job instance at 0x7f89eb39d9b0>,47,2,[6 5],48,-1,137,-1,135
1,<environment.Job instance at 0x7f89eb92ddc0>,48,1,[10  4],49,-1,136,-1,135
1,<environment.Job instance at 0x7f89eb92de60>,49,3,[ 3 11],50,-1,138,-1,135
1,<environment.Job instance at 0x7f89eb8d9280>,54,3,[ 4 13],55,-1,174,-1,171
1,<environment.Job instance at 0x7f89eca6e280>,9,2,[3 7],10,-1,12,-1,10
1,<environment.Job instance at 0x7f89eca6e640>,14,3,[8 4],15,-1,18,-1,15
1,<environment.Job instance at 0x7f89eca6e8c0>,15,2,[9 3],16,-1,18,-1,16
1,<environment.Job instance at 0x7f89eca6e910>,16,2,[4 6],17,-1,19,-1,17
1,<environment.Job instance at 0x7f89eca6e190>,17,2,[3 7],18,-1,20,-1,18
1,<environment.Job instance at 0x7f89eca6ea50>,18,2,[5 1],19,-1,21,-1,19
1,<environment.Job instance at 0x7f89eca4a730>,36,2,[4 8],37,-1,122,-1,120
1,<environment.Job instance at 0x7f89eca4a7d0>,37,1,[8 4],38,-1,121,-1,120
1,<environment.Job instance at 0x7f89eca4aa50>,38,3,[ 3 10],39,-1,123,-1,120
1,<environment.Job instance at 0x7f89eca4ab40>,40,1,[7 2],41,-1,135,-1,134
1,<environment.Job instance at 0x7f89eca4abe0>,41,26,[4 8],42,-1,160,-1,134
1,<environment.Job instance at 0x7f89eca4ac80>,42,2,[13  3],43,-1,136,-1,134
1,<environment.Job instance at 0x7f89eca4ad20>,43,2,[ 5 12],44,-1,136,-1,134
1,<environment.Job instance at 0x7f89eca4afa0>,47,2,[10  2],48,-1,161,-1,159
1,<environment.Job instance at 0x7f89eca4ae60>,48,2,[7 5],49,-1,161,-1,159
1,<environment.Job instance at 0x7f89eca4a8c0>,49,2,[5 6],50,-1,161,-1,159
1,<environment.Job instance at 0x7f89eca6f1e0>,50,2,[5 6],51,-1,161,-1,159
1,<environment.Job instance at 0x7f89ec8f90a0>,7,2,[3 8],8,-1,23,-1,21
1,<environment.Job instance at 0x7f89ecb026e0>,17,13,[ 5 11],18,-1,51,-1,38
1,<environment.Job instance at 0x7f89ecb02f00>,19,3,[ 5 12],20,-1,46,-1,43
1,<environment.Job instance at 0x7f89ecb02550>,23,3,[8 1],24,-1,73,-1,70
1,<environment.Job instance at 0x7f89ebb5be60>,27,26,[1 8],28,-1,137,-1,111
1,<environment.Job instance at 0x7f89ebb5beb0>,30,18,[11  2],31,-1,140,-1,122
1,<environment.Job instance at 0x7f89ebb5bd20>,32,1,[9 4],33,-1,123,-1,122
1,<environment.Job instance at 0x7f89ebb5be10>,36,23,[6 1],37,-1,178,-1,155
1,<environment.Job instance at 0x7f89ebb5bb40>,41,2,[ 4 10],42,-1,157,-1,155
1,<environment.Job instance at 0x7f89ec4cc0f0>,43,1,[5 2],44,-1,156,-1,155
1,<environment.Job instance at 0x7f89ec4ccf50>,45,14,[11  5],46,-1,169,-1,155
1,<environment.Job instance at 0x7f89ec4cca50>,46,3,[ 3 11],47,-1,158,-1,155
1,<environment.Job instance at 0x7f89ec4ccc80>,50,2,[10  3],51,-1,171,-1,169
1,<environment.Job instance at 0x7f89ebd22370>,21,2,[5 7],22,-1,46,-1,44
1,<environment.Job instance at 0x7f89ebd22870>,22,1,[10  3],23,-1,45,-1,44
1,<environment.Job instance at 0x7f89ebd22be0>,32,2,[ 3 12],33,-1,95,-1,93
1,<environment.Job instance at 0x7f89ebd22f50>,33,3,[1 7],34,-1,96,-1,93
1,<environment.Job instance at 0x7f89ebd220f0>,39,2,[10  4],40,-1,135,-1,133
1,<environment.Job instance at 0x7f89ecb9cc30>,42,23,[ 3 10],43,-1,165,-1,142
1,<environment.Job instance at 0x7f89ecb9c640>,44,12,[ 3 10],45,-1,161,-1,149
1,<environment.Job instance at 0x7f89ecb9c9b0>,46,1,[ 1 10],47,-1,150,-1,149
1,<environment.Job instance at 0x7f89ecb9ce10>,47,2,[ 3 13],48,-1,151,-1,149
1,<environment.Job instance at 0x7f89ecb9c370>,48,13,[7 1],49,-1,166,-1,153
1,<environment.Job instance at 0x7f89ecb9c780>,50,1,[ 3 10],51,-1,159,-1,158
1,<environment.Job instance at 0x7f89ecb9ce60>,52,3,[4 8],53,-1,164,-1,161
1,<environment.Job instance at 0x7f89ecb9cb90>,53,12,[13  3],54,-1,173,-1,161
1,<environment.Job instance at 0x7f89ecb9c050>,54,16,[ 3 12],55,-1,177,-1,161
1,<environment.Job instance at 0x7f89ecb9c550>,56,1,[4 7],57,-1,177,-1,176
1,<environment.Job instance at 0x7f89ecb9c0f0>,57,3,[5 8],58,-1,179,-1,176
1,<environment.Job instance at 0x7f89ecb9c460>,58,2,[ 1 13],59,-1,178,-1,176
1,<environment.Job instance at 0x7f89ecb9cbe0>,59,1,[9 4],60,-1,177,-1,176
1,<environment.Job instance at 0x7f89ecb9c5f0>,60,2,[3 8],61,-1,178,-1,176
1,<environment.Job instance at 0x7f89ecb90c30>,61,2,[5 2],62,-1,178,-1,176
1,<environment.Job instance at 0x7f89eb9a6230>,12,15,[11  1],13,-1,39,-1,24
1,<environment.Job instance at 0x7f89eb9a63c0>,13,2,[6 1],14,-1,26,-1,24
1,<environment.Job instance at 0x7f89eb9a6b40>,7,19,[8 5],8,-1,43,-1,24
1,<environment.Job instance at 0x7f89eb9a6050>,14,13,[10  1],15,-1,38,-1,25
1,<environment.Job instance at 0x7f89ecbc6280>,16,23,[6 3],17,-1,69,-1,46
1,<environment.Job instance at 0x7f89ecbc6730>,21,3,[ 1 12],22,-1,49,-1,46
1,<environment.Job instance at 0x7f89ecbc6640>,22,1,[5 6],23,-1,47,-1,46
1,<environment.Job instance at 0x7f89ecbc6140>,23,2,[4 8],24,-1,48,-1,46
1,<environment.Job instance at 0x7f89ecbc6050>,24,24,[2 5],25,-1,70,-1,46
1,<environment.Job instance at 0x7f89ebc37780>,25,1,[6 4],26,-1,47,-1,46
1,<environment.Job instance at 0x7f89ebc37550>,26,13,[ 3 10],27,-1,59,-1,46
1,<environment.Job instance at 0x7f89ebc37d70>,27,2,[7 5],28,-1,48,-1,46
1,<environment.Job instance at 0x7f89ebc37910>,28,3,[10  3],29,-1,49,-1,46
1,<environment.Job instance at 0x7f89ebc37140>,31,27,[10  5],32,-1,87,-1,60
1,<environment.Job instance at 0x7f89ebc37410>,32,3,[6 5],33,-1,63,-1,60
1,<environment.Job instance at 0x7f89ebc372d0>,33,25,[10  2],34,-1,85,-1,60
1,<environment.Job instance at 0x7f89ebc37eb0>,34,2,[4 7],35,-1,62,-1,60
1,<environment.Job instance at 0x7f89ebc370a0>,35,16,[ 4 10],36,-1,76,-1,60
1,<environment.Job instance at 0x7f89ebc37500>,36,12,[11  5],37,-1,72,-1,60
1,<environment.Job instance at 0x7f89ebc37280>,37,1,[2 8],38,-1,61,-1,60
1,<environment.Job instance at 0x7f89ebc376e0>,39,3,[1 5],40,-1,63,-1,60
1,<environment.Job instance at 0x7f89ebde8d20>,41,12,[2 8],42,-1,77,-1,65
1,<environment.Job instance at 0x7f89ebde8910>,42,2,[10  5],43,-1,67,-1,65
1,<environment.Job instance at 0x7f89ebde8aa0>,43,1,[9 2],44,-1,66,-1,65
1,<environment.Job instance at 0x7f89ebde8e60>,44,2,[1 5],45,-1,67,-1,65
1,<environment.Job instance at 0x7f89ebde83c0>,45,22,[10  4],46,-1,87,-1,65
1,<environment.Job instance at 0x7f89ebde8eb0>,46,16,[3 9],47,-1,82,-1,66
1,<environment.Job instance at 0x7f89ebde8fa0>,48,1,[6 1],49,-1,76,-1,75
1,<environment.Job instance at 0x7f89ebde8cd0>,49,26,[9 2],50,-1,101,-1,75
1,<environment.Job instance at 0x7f89ebde85a0>,51,24,[5 9],52,-1,105,-1,81
1,<environment.Job instance at 0x7f89ebde8c80>,52,2,[4 7],53,-1,83,-1,81
1,<environment.Job instance at 0x7f89ebde8d70>,53,2,[6 2],54,-1,83,-1,81
1,<environment.Job instance at 0x7f89ebde8690>,55,2,[ 2 14],56,-1,94,-1,92
1,<environment.Job instance at 0x7f89ebb2e050>,56,1,[8 2],57,-1,93,-1,92
1,<environment.Job instance at 0x7f89ebb2e320>,57,1,[7 3],58,-1,93,-1,92
1,<environment.Job instance at 0x7f89ebb2ef50>,58,3,[5 4],59,-1,95,-1,92
1,<environment.Job instance at 0x7f89ebb2eaf0>,59,22,[10  3],60,-1,114,-1,92
1,<environment.Job instance at 0x7f89ebb2e5f0>,60,17,[ 5 12],61,-1,109,-1,92
1,<environment.Job instance at 0x7f89ebb2e690>,61,14,[9 1],62,-1,106,-1,92
1,<environment.Job instance at 0x7f89ebb2ea00>,62,12,[6 1],63,-1,104,-1,92
1,<environment.Job instance at 0x7f89ebb2e500>,64,1,[ 1 13],65,-1,99,-1,98
1,<environment.Job instance at 0x7f89ec9ef320>,65,3,[5 4],66,-1,101,-1,98
1,<environment.Job instance at 0x7f89ec9ef730>,66,2,[ 3 10],67,-1,100,-1,98
1,<environment.Job instance at 0x7f89ec9ef870>,68,2,[5 4],69,-1,118,-1,116
1,<environment.Job instance at 0x7f89ec9ef820>,70,2,[5 5],71,-1,132,-1,130
1,<environment.Job instance at 0x7f89ec9effa0>,73,12,[9 4],74,-1,158,-1,146
1,<environment.Job instance at 0x7f89ec9efeb0>,74,12,[1 8],75,-1,158,-1,146
1,<environment.Job instance at 0x7f89ebae6fa0>,79,2,[10  1],80,-1,180,-1,178
1,<environment.Job instance at 0x7f89eb56ddc0>,13,1,[1 5],14,-1,26,-1,25
1,<environment.Job instance at 0x7f89eb56df50>,15,2,[6 3],16,-1,27,-1,25
1,<environment.Job instance at 0x7f89eb7863c0>,20,14,[ 3 14],21,-1,62,-1,48
1,<environment.Job instance at 0x7f89eb786230>,28,3,[5 5],29,-1,82,-1,79
1,<environment.Job instance at 0x7f89eb786a00>,29,25,[ 3 13],30,-1,104,-1,79
1,<environment.Job instance at 0x7f89eb786aa0>,30,1,[ 1 11],31,-1,80,-1,79
1,<environment.Job instance at 0x7f89eb786b40>,31,17,[1 6],32,-1,96,-1,79
1,<environment.Job instance at 0x7f89eb786be0>,32,13,[2 9],33,-1,92,-1,79
1,<environment.Job instance at 0x7f89eb786c80>,33,2,[6 4],34,-1,81,-1,79
1,<environment.Job instance at 0x7f89eb786d70>,36,1,[ 5 10],37,-1,96,-1,95
1,<environment.Job instance at 0x7f89eb786e60>,37,1,[2 8],38,-1,96,-1,95
1,<environment.Job instance at 0x7f89eb448230>,39,1,[1 6],40,-1,112,-1,111
1,<environment.Job instance at 0x7f89eb4482d0>,40,1,[3 7],41,-1,112,-1,111
1,<environment.Job instance at 0x7f89eb448370>,41,15,[13  1],42,-1,126,-1,111
1,<environment.Job instance at 0x7f89eb448690>,46,12,[12  2],47,-1,143,-1,131
1,<environment.Job instance at 0x7f89eb448730>,47,1,[6 5],48,-1,132,-1,131
1,<environment.Job instance at 0x7f89eb448af0>,51,1,[ 2 10],52,-1,149,-1,148
1,<environment.Job instance at 0x7f89eb448b90>,52,14,[ 1 10],53,-1,162,-1,148
1,<environment.Job instance at 0x7f89eb448c30>,53,15,[2 5],54,-1,163,-1,148
1,<environment.Job instance at 0x7f89eb448fa0>,54,2,[10  2],55,-1,150,-1,148
1,<environment.Job instance at 0x7f89eb448cd0>,56,17,[ 5 11],57,-1,177,-1,160
1,<environment.Job instance at 0x7f89ec426230>,58,3,[6 5],59,-1,166,-1,163
1,<environment.Job instance at 0x7f89ec4262d0>,59,2,[10  4],60,-1,165,-1,163
1,<environment.Job instance at 0x7f89ec426370>,60,3,[5 6],61,-1,166,-1,163
1,<environment.Job instance at 0x7f89ec426410>,61,3,[7 3],62,-1,166,-1,163
1,<environment.Job instance at 0x7f89ec426550>,63,3,[7 4],64,-1,166,-1,163
1,<environment.Job instance at 0x7f89ec426690>,65,12,[14  1],66,-1,184,-1,172
1,<environment.Job instance at 0x7f89ec4267d0>,66,13,[ 2 14],67,-1,185,-1,172
1,<environment.Job instance at 0x7f89ec426aa0>,69,2,[10  3],70,-1,181,-1,179
1,<environment.Job instance at 0x7f89ebe2c5a0>,11,2,[9 5],12,-1,14,-1,12
1,<environment.Job instance at 0x7f89ebe2cf00>,10,17,[12  5],11,-1,29,-1,12
1,<environment.Job instance at 0x7f89ebd6a9b0>,13,19,[3 7],14,-1,63,-1,44
1,<environment.Job instance at 0x7f89ebae6320>,27,1,[5 7],28,-1,45,-1,44
1,<environment.Job instance at 0x7f89eb2a6b90>,28,2,[2 9],29,-1,46,-1,44
1,<environment.Job instance at 0x7f89eb2a6be0>,29,2,[ 5 11],30,-1,46,-1,44
1,<environment.Job instance at 0x7f89eb2a6730>,30,3,[1 6],31,-1,47,-1,44
1,<environment.Job instance at 0x7f89eb2a6280>,33,3,[5 6],34,-1,54,-1,51
1,<environment.Job instance at 0x7f89eb2a61e0>,34,2,[ 4 10],35,-1,53,-1,51
1,<environment.Job instance at 0x7f89eb2a6f00>,35,13,[5 3],36,-1,64,-1,51
1,<environment.Job instance at 0x7f89eb2a6eb0>,36,3,[10  2],37,-1,54,-1,51
1,<environment.Job instance at 0x7f89eb2a6550>,37,27,[4 8],38,-1,78,-1,51
1,<environment.Job instance at 0x7f89ebfb87d0>,38,13,[5 1],39,-1,64,-1,51
1,<environment.Job instance at 0x7f89ebfb8eb0>,39,1,[1 5],40,-1,52,-1,51
1,<environment.Job instance at 0x7f89ebfb8b40>,40,12,[3 9],41,-1,63,-1,51
1,<environment.Job instance at 0x7f89ebfb8a00>,41,2,[ 4 14],42,-1,53,-1,51
1,<environment.Job instance at 0x7f89ebfb8dc0>,42,1,[3 5],43,-1,52,-1,51
1,<environment.Job instance at 0x7f89ebfb8a50>,43,1,[13  4],44,-1,52,-1,51
1,<environment.Job instance at 0x7f89ebfb86e0>,45,18,[ 1 10],46,-1,81,-1,63
1,<environment.Job instance at 0x7f89ebfb8af0>,46,22,[2 9],47,-1,85,-1,63
1,<environment.Job instance at 0x7f89ebfb8c80>,47,16,[12  1],48,-1,79,-1,63
1,<environment.Job instance at 0x7f89f5726a00>,48,15,[8 1],49,-1,83,-1,68
1,<environment.Job instance at 0x7f89f5726eb0>,49,18,[ 5 14],50,-1,86,-1,68
1,<environment.Job instance at 0x7f89f50d3500>,51,2,[2 9],52,-1,79,-1,77
1,<environment.Job instance at 0x7f89f50d3820>,55,26,[10  1],56,-1,121,-1,95
1,<environment.Job instance at 0x7f89f50d3870>,57,16,[10  4],58,-1,130,-1,114
1,<environment.Job instance at 0x7f89ec220050>,62,15,[5 2],63,-1,130,-1,115
1,<environment.Job instance at 0x7f89ec220870>,63,2,[3 8],64,-1,117,-1,115
1,<environment.Job instance at 0x7f89ec220640>,64,14,[ 4 13],65,-1,129,-1,115
1,<environment.Job instance at 0x7f89ec220eb0>,65,3,[10  5],66,-1,118,-1,115
1,<environment.Job instance at 0x7f89ec220b40>,67,1,[ 1 10],68,-1,121,-1,120
1,<environment.Job instance at 0x7f89ec220e60>,68,2,[6 2],69,-1,122,-1,120
1,<environment.Job instance at 0x7f89eb255e10>,73,27,[5 5],74,-1,177,-1,150
1,<environment.Job instance at 0x7f89eb2557d0>,74,20,[5 1],75,-1,170,-1,150
1,<environment.Job instance at 0x7f89eb255780>,75,12,[10  4],76,-1,162,-1,150
1,<environment.Job instance at 0x7f89eb255af0>,76,13,[ 3 11],77,-1,163,-1,150
1,<environment.Job instance at 0x7f89eb255a00>,77,22,[ 1 14],78,-1,172,-1,150
1,<environment.Job instance at 0x7f89eb255c80>,78,2,[9 4],79,-1,152,-1,150
1,<environment.Job instance at 0x7f89eb255f50>,79,28,[9 5],80,-1,178,-1,150
1,<environment.Job instance at 0x7f89eb255c30>,81,1,[6 2],82,-1,156,-1,155
1,<environment.Job instance at 0x7f89eb2558c0>,82,1,[ 2 10],83,-1,156,-1,155
1,<environment.Job instance at 0x7f89eb2556e0>,83,2,[3 9],84,-1,157,-1,155
1,<environment.Job instance at 0x7f89eb255e60>,84,3,[8 5],85,-1,158,-1,155
1,<environment.Job instance at 0x7f89eb2559b0>,85,3,[3 9],86,-1,158,-1,155
1,<environment.Job instance at 0x7f89eb255050>,86,1,[1 9],87,-1,156,-1,155
1,<environment.Job instance at 0x7f89eb255b40>,87,27,[10  2],88,-1,182,-1,155
1,<environment.Job instance at 0x7f89eb255190>,89,2,[8 3],90,-1,166,-1,164
1,<environment.Job instance at 0x7f89eb255230>,90,12,[6 1],91,-1,176,-1,164
1,<environment.Job instance at 0x7f89eb255be0>,91,23,[8 1],92,-1,187,-1,164
1,<environment.Job instance at 0x7f89ecb2e6e0>,92,20,[ 2 10],93,-1,184,-1,164
1,<environment.Job instance at 0x7f89ecb2edc0>,94,2,[4 9],95,-1,173,-1,171
1,<environment.Job instance at 0x7f89ecb2e960>,96,13,[5 2],97,-1,184,-1,171
1,<environment.Job instance at 0x7f89ecb2e5a0>,98,2,[1 8],99,-1,187,-1,185
1,<environment.Job instance at 0x7f89eb3fa780>,10,1,[11  2],11,-1,12,-1,11
1,<environment.Job instance at 0x7f89eb883320>,14,16,[12  3],15,-1,37,-1,21
1,<environment.Job instance at 0x7f89eb883e10>,16,1,[13  1],17,-1,22,-1,21
1,<environment.Job instance at 0x7f89eb883eb0>,17,3,[7 4],18,-1,27,-1,24
1,<environment.Job instance at 0x7f89eb6609b0>,24,1,[9 1],25,-1,63,-1,62
1,<environment.Job instance at 0x7f89eb660c30>,25,3,[8 4],26,-1,65,-1,62
1,<environment.Job instance at 0x7f89ebf9f1e0>,31,3,[10  2],32,-1,104,-1,101
1,<environment.Job instance at 0x7f89ebf9f820>,32,2,[8 2],33,-1,103,-1,101
1,<environment.Job instance at 0x7f89ebf9fd20>,33,3,[5 6],34,-1,104,-1,101
1,<environment.Job instance at 0x7f89ebf9f550>,34,1,[ 2 13],35,-1,102,-1,101
1,<environment.Job instance at 0x7f89ebf9fbe0>,35,18,[ 3 11],36,-1,119,-1,101
1,<environment.Job instance at 0x7f89ebf9f910>,37,1,[2 7],38,-1,102,-1,101
1,<environment.Job instance at 0x7f89ebf9ff50>,38,16,[12  2],39,-1,117,-1,101
1,<environment.Job instance at 0x7f89ebf9faa0>,41,1,[10  4],42,-1,117,-1,116
1,<environment.Job instance at 0x7f89ebf9fcd0>,42,3,[10  1],43,-1,119,-1,116
1,<environment.Job instance at 0x7f89ebf9fb40>,47,1,[12  1],48,-1,147,-1,146
1,<environment.Job instance at 0x7f89eca9ec80>,48,1,[10  3],49,-1,147,-1,146
1,<environment.Job instance at 0x7f89eca9ea50>,49,1,[3 8],50,-1,147,-1,146
1,<environment.Job instance at 0x7f89ebc08280>,54,3,[8 1],55,-1,166,-1,163
1,<environment.Job instance at 0x7f89ec32d0a0>,55,14,[ 2 12],56,-1,177,-1,163
1,<environment.Job instance at 0x7f89ec32d370>,57,2,[ 2 10],58,-1,181,-1,179
1,<environment.Job instance at 0x7f89ec32dcd0>,58,2,[1 9],59,-1,181,-1,179
1,<environment.Job instance at 0x7f89ec32d1e0>,59,14,[ 5 12],60,-1,193,-1,179
1,<environment.Job instance at 0x7f89ec32d1e0>,3,1,[8 2],4,-1,6,-1,5
1,<environment.Job instance at 0x7f89ebf0caf0>,5,3,[ 2 10],6,-1,9,-1,6
1,<environment.Job instance at 0x7f89ebf0cc80>,6,2,[6 5],7,-1,9,-1,7
1,<environment.Job instance at 0x7f89ebf0cdc0>,8,12,[8 1],9,-1,21,-1,9
1,<environment.Job instance at 0x7f89ebf0cf00>,9,23,[ 5 10],10,-1,33,-1,10
1,<environment.Job instance at 0x7f89ebf0cf50>,10,28,[8 5],11,-1,39,-1,11
1,<environment.Job instance at 0x7f89ebf49050>,11,3,[10  3],12,-1,15,-1,12
1,<environment.Job instance at 0x7f89ebf492d0>,16,23,[5 5],17,-1,47,-1,24
1,<environment.Job instance at 0x7f89ebf49410>,18,3,[2 7],19,-1,27,-1,24
1,<environment.Job instance at 0x7f89ebf495a0>,19,2,[1 5],20,-1,26,-1,24
1,<environment.Job instance at 0x7f89ebf49640>,20,1,[ 1 10],21,-1,25,-1,24
1,<environment.Job instance at 0x7f89ebf496e0>,21,3,[10  3],22,-1,27,-1,24
1,<environment.Job instance at 0x7f89ebf49780>,22,26,[12  5],23,-1,50,-1,24
1,<environment.Job instance at 0x7f89ebf49820>,23,2,[8 1],24,-1,26,-1,24
1,<environment.Job instance at 0x7f89ebf49af0>,25,22,[6 5],26,-1,48,-1,26
1,<environment.Job instance at 0x7f89ebf49b90>,26,13,[8 1],27,-1,41,-1,28
1,<environment.Job instance at 0x7f89ebf49a50>,27,13,[5 1],28,-1,41,-1,28
1,<environment.Job instance at 0x7f89ebf49910>,28,1,[6 3],29,-1,30,-1,29
1,<environment.Job instance at 0x7f89ebf49eb0>,30,12,[11  3],31,-1,49,-1,37
1,<environment.Job instance at 0x7f89ebf49f50>,31,13,[10  2],32,-1,51,-1,38
1,<environment.Job instance at 0x7f89ebf1b2d0>,36,2,[ 1 10],37,-1,72,-1,70
1,<environment.Job instance at 0x7f89ebf1b460>,37,3,[3 8],38,-1,73,-1,70
1,<environment.Job instance at 0x7f89ebf1b190>,38,14,[6 1],39,-1,84,-1,70
1,<environment.Job instance at 0x7f89ebf1b550>,40,3,[ 5 10],41,-1,73,-1,70
1,<environment.Job instance at 0x7f89ebf1b5f0>,41,16,[ 3 10],42,-1,86,-1,70
1,<environment.Job instance at 0x7f89ebf1b690>,42,1,[ 4 10],43,-1,71,-1,70
1,<environment.Job instance at 0x7f89ebf1b410>,44,3,[7 5],45,-1,75,-1,72
1,<environment.Job instance at 0x7f89ebf1bb40>,48,13,[13  2],49,-1,103,-1,90
1,<environment.Job instance at 0x7f89ebf1bd20>,51,25,[5 9],52,-1,130,-1,105
1,<environment.Job instance at 0x7f89ebf1b870>,55,27,[4 5],56,-1,148,-1,121
1,<environment.Job instance at 0x7f89ebf233c0>,60,3,[9 2],61,-1,152,-1,149
1,<environment.Job instance at 0x7f89ebf23460>,61,2,[6 2],62,-1,151,-1,149
1,<environment.Job instance at 0x7f89ebf23640>,64,3,[5 2],65,-1,168,-1,165
1,<environment.Job instance at 0x7f89ebf236e0>,65,3,[2 9],66,-1,168,-1,165
1,<environment.Job instance at 0x7f89ebf23780>,66,1,[6 3],67,-1,166,-1,165
1,<environment.Job instance at 0x7f89ebf23820>,67,1,[9 1],68,-1,166,-1,165
1,<environment.Job instance at 0x7f89ebf23190>,70,2,[3 5],71,-1,170,-1,168
1,<environment.Job instance at 0x7f89ebf23c30>,71,2,[9 4],72,-1,170,-1,168
1,<environment.Job instance at 0x7f89ebf23e60>,73,2,[8 5],74,-1,187,-1,185
1,<environment.Job instance at 0x7f89ebf23f50>,75,2,[6 2],76,-1,187,-1,185
1,<environment.Job instance at 0x7f89ebaf9500>,9,3,[7 5],10,-1,15,-1,12
1,<environment.Job instance at 0x7f89ebaf9460>,18,13,[ 2 13],19,-1,62,-1,49
1,<environment.Job instance at 0x7f89ebaf9a00>,19,1,[4 9],20,-1,50,-1,49
1,<environment.Job instance at 0x7f89ec5e3dc0>,20,26,[5 5],21,-1,75,-1,49
1,<environment.Job instance at 0x7f89ec5e32d0>,23,2,[10  4],24,-1,64,-1,62
1,<environment.Job instance at 0x7f89eb7925a0>,26,3,[9 4],27,-1,82,-1,79
1,<environment.Job instance at 0x7f89eb883050>,32,15,[ 4 14],33,-1,115,-1,100
1,<environment.Job instance at 0x7f89ec5d2cd0>,34,2,[6 2],35,-1,116,-1,114
1,<environment.Job instance at 0x7f89eb80aa00>,43,1,[3 8],44,-1,172,-1,171
1,<environment.Job instance at 0x7f89eb80aa50>,46,1,[1 8],47,-1,180,-1,179
1,<environment.Job instance at 0x7f89eb80a2d0>,47,1,[ 1 10],48,-1,180,-1,179
1,<environment.Job instance at 0x7f89eb6d95a0>,50,3,[9 1],51,-1,192,-1,189
1,<environment.Job instance at 0x7f89eb6d9410>,51,3,[9 3],52,-1,192,-1,189
1,<environment.Job instance at 0x7f89eb6d9910>,52,1,[5 9],53,-1,190,-1,189
1,<environment.Job instance at 0x7f89eb6d90a0>,53,15,[11  1],54,-1,204,-1,189
1,<environment.Job instance at 0x7f89ebac1af0>,5,12,[7 3],6,-1,21,-1,9
1,<environment.Job instance at 0x7f89ec436820>,13,3,[8 1],14,-1,18,-1,15
1,<environment.Job instance at 0x7f89ebbeba50>,26,23,[1 5],27,-1,65,-1,42
1,<environment.Job instance at 0x7f89f51e8f00>,29,1,[2 8],30,-1,43,-1,42
1,<environment.Job instance at 0x7f89f51e80f0>,30,3,[ 5 13],31,-1,45,-1,42
1,<environment.Job instance at 0x7f89f51e8190>,31,3,[1 5],32,-1,45,-1,42
1,<environment.Job instance at 0x7f89f51e8a00>,34,27,[2 5],35,-1,88,-1,61
1,<environment.Job instance at 0x7f89f51e8e10>,36,1,[ 1 14],37,-1,77,-1,76
1,<environment.Job instance at 0x7f89f51e8910>,37,15,[11  5],38,-1,91,-1,76
1,<environment.Job instance at 0x7f89eb8b0eb0>,42,2,[2 8],43,-1,108,-1,106
1,<environment.Job instance at 0x7f89ec396780>,44,1,[9 3],45,-1,107,-1,106
1,<environment.Job instance at 0x7f89f5373050>,45,3,[5 5],46,-1,109,-1,106
1,<environment.Job instance at 0x7f89ebe47c80>,46,14,[ 2 10],47,-1,122,-1,108
1,<environment.Job instance at 0x7f89ebe475a0>,47,17,[ 5 12],48,-1,125,-1,108
1,<environment.Job instance at 0x7f89ebe47140>,50,26,[3 6],51,-1,146,-1,120
1,<environment.Job instance at 0x7f89ebe47d20>,51,1,[ 5 10],52,-1,121,-1,120
1,<environment.Job instance at 0x7f89ebe47960>,53,2,[6 4],54,-1,135,-1,133
1,<environment.Job instance at 0x7f89ebe47f00>,54,3,[ 4 11],55,-1,136,-1,133
1,<environment.Job instance at 0x7f89ebe478c0>,55,1,[9 3],56,-1,134,-1,133
1,<environment.Job instance at 0x7f89ebe475f0>,56,3,[7 4],57,-1,136,-1,133
1,<environment.Job instance at 0x7f89ebd03d70>,62,3,[6 3],63,-1,160,-1,157
1,<environment.Job instance at 0x7f89ebf58dc0>,63,1,[7 2],64,-1,158,-1,157
1,<environment.Job instance at 0x7f89ebda7e10>,64,2,[5 5],65,-1,159,-1,157
1,<environment.Job instance at 0x7f89ebd030f0>,65,1,[1 6],66,-1,158,-1,157
1,<environment.Job instance at 0x7f89f5371550>,66,16,[ 2 12],67,-1,173,-1,157
1,<environment.Job instance at 0x7f89ebc0a5a0>,68,1,[5 8],69,-1,166,-1,165
1,<environment.Job instance at 0x7f89ebd3b910>,71,3,[6 2],72,-1,185,-1,182
1,<environment.Job instance at 0x7f89eb63fcd0>,7,3,[ 2 10],8,-1,12,-1,9
1,<environment.Job instance at 0x7f89eb44f190>,16,2,[3 7],17,-1,74,-1,72
1,<environment.Job instance at 0x7f89eb44f9b0>,17,1,[2 7],18,-1,73,-1,72
1,<environment.Job instance at 0x7f89eb681320>,18,3,[1 7],19,-1,75,-1,72
1,<environment.Job instance at 0x7f89eb681960>,20,1,[7 4],21,-1,89,-1,88
1,<environment.Job instance at 0x7f89ebbec230>,22,1,[10  2],23,-1,89,-1,88
1,<environment.Job instance at 0x7f89ecbe25f0>,32,27,[5 7],33,-1,162,-1,135
1,<environment.Job instance at 0x7f89ecbe2780>,33,2,[3 6],34,-1,137,-1,135
1,<environment.Job instance at 0x7f89ebba1050>,36,1,[1 7],37,-1,156,-1,155
1,<environment.Job instance at 0x7f89eb507910>,41,2,[10  5],42,-1,179,-1,177
1,<environment.Job instance at 0x7f89eb507d70>,43,12,[ 1 13],44,-1,197,-1,185
1,<environment.Job instance at 0x7fe71ee4d140>,7,1,[5 4],8,-1,9,-1,8
1,<environment.Job instance at 0x7fe71eecff00>,9,18,[11  5],10,-1,29,-1,11
1,<environment.Job instance at 0x7fe71ee4d7d0>,17,3,[4 9],18,-1,43,-1,40
1,<environment.Job instance at 0x7fe71ee4d910>,18,3,[4 7],19,-1,43,-1,40
1,<environment.Job instance at 0x7fe71ee4d910>,5,2,[ 3 10],6,-1,9,-1,7
1,<environment.Job instance at 0x7fe71f015370>,13,3,[5 9],14,-1,22,-1,19
1,<environment.Job instance at 0x7fe71f015d70>,17,27,[ 1 10],18,-1,64,-1,37
1,<environment.Job instance at 0x7fe71f015d20>,18,2,[ 3 10],19,-1,39,-1,37
1,<environment.Job instance at 0x7fe71eaf6eb0>,19,13,[ 3 12],20,-1,50,-1,37
1,<environment.Job instance at 0x7fe71f015910>,20,3,[10  2],21,-1,40,-1,37
1,<environment.Job instance at 0x7fe71e957be0>,21,2,[5 1],22,-1,39,-1,37
1,<environment.Job instance at 0x7fe71eb368c0>,22,2,[5 9],23,-1,39,-1,37
1,<environment.Job instance at 0x7fe71e5d4050>,25,14,[ 4 11],26,-1,51,-1,37
1,<environment.Job instance at 0x7fe728530a00>,9,1,[10  4],10,-1,14,-1,13
1,<environment.Job instance at 0x7fe7285309b0>,11,26,[ 5 10],12,-1,39,-1,13
1,<environment.Job instance at 0x7fe71e600f50>,16,3,[ 1 12],17,-1,35,-1,32
1,<environment.Job instance at 0x7fe71e600eb0>,22,3,[ 4 12],23,-1,47,-1,44
1,<environment.Job instance at 0x7fe71e600dc0>,23,12,[ 4 11],24,-1,56,-1,44
1,<environment.Job instance at 0x7fe71eb82eb0>,3,3,[1 9],4,-1,7,-1,4
1,<environment.Job instance at 0x7fe728620640>,5,1,[9 1],6,-1,7,-1,6
1,<environment.Job instance at 0x7fe71ee50320>,10,3,[13  3],11,-1,14,-1,11
1,<environment.Job instance at 0x7fe71e67e230>,14,3,[6 4],15,-1,25,-1,22
1,<environment.Job instance at 0x7fe71e427cd0>,9,2,[10  4],10,-1,18,-1,16
1,<environment.Job instance at 0x7fe71e429960>,22,1,[ 4 13],23,-1,26,-1,25
1,<environment.Job instance at 0x7fe71e429a00>,23,14,[11  3],24,-1,39,-1,25
1,<environment.Job instance at 0x7fe71e429b90>,25,1,[3 8],26,-1,31,-1,30
1,<environment.Job instance at 0x7fe71e4166e0>,5,16,[14  1],6,-1,22,-1,6
1,<environment.Job instance at 0x7fe71e485f50>,22,1,[5 5],23,-1,44,-1,43
1,<environment.Job instance at 0x7fe71e485410>,23,23,[10  1],24,-1,66,-1,43
1,<environment.Job instance at 0x7fe71e4851e0>,24,2,[8 5],25,-1,45,-1,43
1,<environment.Job instance at 0x7fe71e485960>,25,1,[8 1],26,-1,44,-1,43
1,<environment.Job instance at 0x7fe71e485910>,26,28,[6 5],27,-1,71,-1,43
1,<environment.Job instance at 0x7fe71e485550>,2,25,[6 3],3,-1,28,-1,3
1,<environment.Job instance at 0x7fe71ed082d0>,9,15,[ 5 10],10,-1,36,-1,21
1,<environment.Job instance at 0x7fe71f776500>,20,12,[9 2],21,-1,37,-1,25
1,<environment.Job instance at 0x7fe71ef29c80>,21,2,[1 7],22,-1,27,-1,25
1,<environment.Job instance at 0x7fe71ef297d0>,22,3,[ 3 11],23,-1,28,-1,25
1,<environment.Job instance at 0x7fe71ef29820>,23,3,[2 5],24,-1,28,-1,25
1,<environment.Job instance at 0x7fe71ef29e10>,25,12,[2 6],26,-1,40,-1,28
1,<environment.Job instance at 0x7fe71ef29690>,26,15,[2 7],27,-1,43,-1,28
1,<environment.Job instance at 0x7fe71ef292d0>,27,1,[9 3],28,-1,29,-1,28
1,<environment.Job instance at 0x7fe71ef29730>,29,15,[ 3 10],30,-1,51,-1,36
1,<environment.Job instance at 0x7fe71ef294b0>,30,24,[2 8],31,-1,60,-1,36
1,<environment.Job instance at 0x7fe71ef293c0>,31,24,[9 1],32,-1,60,-1,36
1,<environment.Job instance at 0x7fe71eeb1cd0>,32,3,[7 1],33,-1,39,-1,36
1,<environment.Job instance at 0x7fe71eeb1aa0>,33,24,[10  5],34,-1,60,-1,36
1,<environment.Job instance at 0x7fe71eeb16e0>,34,23,[10  2],35,-1,59,-1,36
1,<environment.Job instance at 0x7fe71eeb10a0>,35,15,[ 1 11],36,-1,51,-1,36
1,<environment.Job instance at 0x7fe71eeb1370>,37,1,[4 5],38,-1,45,-1,44
1,<environment.Job instance at 0x7fe71eeb1730>,38,1,[2 9],39,-1,45,-1,44
1,<environment.Job instance at 0x7fe71eeb1d20>,39,13,[4 6],40,-1,57,-1,44
1,<environment.Job instance at 0x7fe71eeb1320>,40,15,[7 1],41,-1,59,-1,44
1,<environment.Job instance at 0x7fe71f53bb40>,8,2,[9 4],9,-1,14,-1,12
1,<environment.Job instance at 0x7fe71f559370>,15,3,[3 8],16,-1,19,-1,16
1,<environment.Job instance at 0x7fe71f559460>,16,25,[ 5 10],17,-1,42,-1,17
1,<environment.Job instance at 0x7fe71f5595f0>,19,2,[8 2],20,-1,29,-1,27
1,<environment.Job instance at 0x7fe71f559690>,20,2,[1 7],21,-1,29,-1,27
1,<environment.Job instance at 0x7fe71f559730>,21,1,[ 4 10],22,-1,28,-1,27
1,<environment.Job instance at 0x7fe71f5597d0>,22,3,[10  4],23,-1,30,-1,27
1,<environment.Job instance at 0x7fe71f559870>,23,2,[5 7],24,-1,29,-1,27
1,<environment.Job instance at 0x7fe71f559960>,24,1,[3 8],25,-1,28,-1,27
1,<environment.Job instance at 0x7fe71f559aa0>,26,3,[2 8],27,-1,32,-1,29
1,<environment.Job instance at 0x7fe71f559be0>,27,1,[5 5],28,-1,30,-1,29
1,<environment.Job instance at 0x7fe71f5598c0>,28,2,[6 3],29,-1,31,-1,29
1,<environment.Job instance at 0x7fe71f559dc0>,29,3,[7 2],30,-1,42,-1,39
1,<environment.Job instance at 0x7fe71f559eb0>,31,3,[1 6],32,-1,51,-1,48
1,<environment.Job instance at 0x7fe71f559e10>,33,2,[5 5],34,-1,50,-1,48
1,<environment.Job instance at 0x7fe71f559c80>,34,1,[7 4],35,-1,49,-1,48
1,<environment.Job instance at 0x7fe71f559c80>,3,2,[ 2 14],4,-1,6,-1,4
1,<environment.Job instance at 0x7fe71e863230>,4,17,[ 5 14],5,-1,22,-1,5
1,<environment.Job instance at 0x7fe71e863af0>,7,2,[12  2],8,-1,10,-1,8
1,<environment.Job instance at 0x7fe71e863e10>,12,2,[12  5],13,-1,21,-1,19
1,<environment.Job instance at 0x7fe71e9e5b90>,17,2,[6 4],18,-1,22,-1,20
1,<environment.Job instance at 0x7fe71e9e59b0>,24,2,[2 5],25,-1,49,-1,47
1,<environment.Job instance at 0x7fe71e9e5a00>,26,1,[3 8],27,-1,49,-1,48
1,<environment.Job instance at 0x7fe71e9e5b40>,27,3,[10  2],28,-1,51,-1,48
1,<environment.Job instance at 0x7fe71e9e5190>,28,1,[2 8],29,-1,49,-1,48
1,<environment.Job instance at 0x7fe71e9e58c0>,29,1,[ 3 10],30,-1,49,-1,48
1,<environment.Job instance at 0x7fe71e9e54b0>,5,14,[ 5 12],6,-1,20,-1,6
1,<environment.Job instance at 0x7fe71fa1b320>,9,14,[ 5 11],10,-1,24,-1,10
1,<environment.Job instance at 0x7fe71fa1bb40>,13,2,[9 1],14,-1,17,-1,15
1,<environment.Job instance at 0x7fe71f791e60>,16,25,[3 8],17,-1,46,-1,21
1,<environment.Job instance at 0x7fe727fd1410>,21,3,[ 4 10],22,-1,25,-1,22
1,<environment.Job instance at 0x7fe71e9a0870>,22,24,[ 3 10],23,-1,47,-1,23
1,<environment.Job instance at 0x7fe71e9a0780>,23,1,[3 5],24,-1,25,-1,24
1,<environment.Job instance at 0x7fe71e75f410>,25,2,[6 3],26,-1,37,-1,35
1,<environment.Job instance at 0x7fe71f524be0>,26,2,[3 8],27,-1,37,-1,35
1,<environment.Job instance at 0x7fe71e9f6690>,27,12,[ 2 12],28,-1,47,-1,35
1,<environment.Job instance at 0x7fe71efaabe0>,28,27,[1 7],29,-1,62,-1,35
1,<environment.Job instance at 0x7fe71e7142d0>,13,27,[1 8],14,-1,41,-1,14
1,<environment.Job instance at 0x7fe71e7143c0>,14,1,[5 8],15,-1,16,-1,15
1,<environment.Job instance at 0x7fe71e7146e0>,20,3,[1 7],21,-1,44,-1,41
1,<environment.Job instance at 0x7fe71e7147d0>,22,3,[ 1 10],23,-1,44,-1,41
1,<environment.Job instance at 0x7fe71e714910>,23,3,[7 3],24,-1,44,-1,41
1,<environment.Job instance at 0x7fe71e782140>,5,3,[6 5],6,-1,9,-1,6
1,<environment.Job instance at 0x7fe71ef20910>,11,1,[8 5],12,-1,13,-1,12
1,<environment.Job instance at 0x7fe71ef209b0>,13,2,[5 5],14,-1,16,-1,14
1,<environment.Job instance at 0x7fe71ef200a0>,16,13,[11  1],17,-1,30,-1,17
1,<environment.Job instance at 0x7fe71e9e6fa0>,23,2,[10  5],24,-1,47,-1,45
1,<environment.Job instance at 0x7fe71f6812d0>,12,3,[6 4],13,-1,18,-1,15
1,<environment.Job instance at 0x7fe71e9ad780>,6,25,[ 5 10],7,-1,32,-1,7
1,<environment.Job instance at 0x7fe71ed279b0>,7,1,[3 6],8,-1,9,-1,8
1,<environment.Job instance at 0x7fe71ed27460>,10,1,[4 6],11,-1,12,-1,11
1,<environment.Job instance at 0x7fe71ed1efa0>,15,1,[9 5],16,-1,29,-1,28
1,<environment.Job instance at 0x7fe71e4c3870>,9,3,[7 4],10,-1,15,-1,12
1,<environment.Job instance at 0x7fe71e4c39b0>,14,1,[1 9],15,-1,17,-1,16
1,<environment.Job instance at 0x7fe71ef0a780>,15,13,[ 1 12],16,-1,29,-1,16
1,<environment.Job instance at 0x7fe71ef0a6e0>,16,17,[11  2],17,-1,34,-1,17
1,<environment.Job instance at 0x7fe71ef0a7d0>,17,3,[6 4],18,-1,23,-1,20
1,<environment.Job instance at 0x7fe71e89c640>,21,2,[2 6],22,-1,27,-1,25
1,<environment.Job instance at 0x7fe71e89c730>,22,3,[9 1],23,-1,28,-1,25
1,<environment.Job instance at 0x7fe71e89cf50>,23,28,[ 1 11],24,-1,53,-1,25
1,<environment.Job instance at 0x7fe71f6d4a50>,25,23,[5 3],26,-1,52,-1,29
1,<environment.Job instance at 0x7fe71f6d4870>,26,14,[13  5],27,-1,43,-1,29
1,<environment.Job instance at 0x7fe71f6d46e0>,27,16,[ 5 10],28,-1,47,-1,31
1,<environment.Job instance at 0x7fe71f6d4320>,28,1,[6 1],29,-1,32,-1,31
1,<environment.Job instance at 0x7fe71e9a3230>,30,13,[12  5],31,-1,45,-1,32
1,<environment.Job instance at 0x7fe71f371e60>,7,2,[ 4 14],8,-1,10,-1,8
1,<environment.Job instance at 0x7fe71f2509b0>,5,18,[14  2],6,-1,24,-1,6
1,<environment.Job instance at 0x7fe71ec84eb0>,6,1,[5 7],7,-1,8,-1,7
1,<environment.Job instance at 0x7fe71f24fdc0>,21,3,[ 4 12],22,-1,29,-1,26
1,<environment.Job instance at 0x7fe71e21c370>,3,18,[ 2 11],4,-1,22,-1,4
1,<environment.Job instance at 0x7fe71e31e320>,4,3,[8 2],5,-1,8,-1,5
1,<environment.Job instance at 0x7fe71e31e140>,5,3,[11  2],6,-1,9,-1,6
1,<environment.Job instance at 0x7fe71e31ea00>,13,2,[2 8],14,-1,20,-1,18
1,<environment.Job instance at 0x7fe71e31edc0>,14,14,[10  1],15,-1,32,-1,18
1,<environment.Job instance at 0x7fe71e31e870>,15,3,[13  2],16,-1,21,-1,18
1,<environment.Job instance at 0x7fe71e31e910>,16,1,[9 4],17,-1,19,-1,18
1,<environment.Job instance at 0x7fe71e31e8c0>,17,3,[3 8],18,-1,21,-1,18
1,<environment.Job instance at 0x7fe71e31e460>,18,1,[13  4],19,-1,20,-1,19
1,<environment.Job instance at 0x7fe71e31e1e0>,19,13,[ 2 10],20,-1,33,-1,20
1,<environment.Job instance at 0x7fe71e31e4b0>,22,13,[14  4],23,-1,46,-1,33
1,<environment.Job instance at 0x7fe71e31ef50>,24,2,[5 2],25,-1,46,-1,44
1,<environment.Job instance at 0x7fe71e31e640>,25,3,[5 1],26,-1,47,-1,44
1,<environment.Job instance at 0x7fe71f3149b0>,5,3,[ 1 14],6,-1,9,-1,6
1,<environment.Job instance at 0x7fe71f314b40>,11,12,[ 1 13],12,-1,30,-1,18
1,<environment.Job instance at 0x7fe71f314cd0>,17,2,[3 7],18,-1,42,-1,40
1,<environment.Job instance at 0x7fe71f233460>,20,27,[7 4],21,-1,56,-1,29
1,<environment.Job instance at 0x7fe84172fcd0>,9,18,[11  5],10,-1,29,-1,11
1,<environment.Job instance at 0x7fe8416ad7d0>,17,3,[4 9],18,-1,44,-1,41
1,<environment.Job instance at 0x7fe8416ad870>,18,3,[4 7],19,-1,44,-1,41
1,<environment.Job instance at 0x7fe8416adb40>,20,1,[7 5],21,-1,53,-1,52
1,<environment.Job instance at 0x7fe8416ad410>,21,1,[6 5],22,-1,53,-1,52
1,<environment.Job instance at 0x7fe8416ad500>,22,1,[2 7],23,-1,53,-1,52
1,<environment.Job instance at 0x7fe8416adbe0>,23,27,[1 6],24,-1,79,-1,52
1,<environment.Job instance at 0x7fe841c10f50>,7,27,[ 1 10],8,-1,35,-1,8
1,<environment.Job instance at 0x7fe841c105a0>,8,2,[ 3 10],9,-1,11,-1,9
1,<environment.Job instance at 0x7fe841c10050>,9,13,[ 3 12],10,-1,23,-1,10
1,<environment.Job instance at 0x7fe841c10fa0>,10,3,[10  2],11,-1,14,-1,11
1,<environment.Job instance at 0x7fe841b77500>,12,2,[5 9],13,-1,15,-1,13
1,<environment.Job instance at 0x7fe841c10460>,3,12,[ 4 11],4,-1,16,-1,4
1,<environment.Job instance at 0x7fe840e3ac30>,11,1,[3 9],12,-1,14,-1,13
1,<environment.Job instance at 0x7fe840e3a190>,13,16,[ 3 10],14,-1,30,-1,14
1,<environment.Job instance at 0x7fe840e3afa0>,14,3,[5 6],15,-1,18,-1,15
1,<environment.Job instance at 0x7fe840e3ae60>,15,14,[ 2 10],16,-1,30,-1,16
1,<environment.Job instance at 0x7fe840e3a9b0>,16,1,[9 3],17,-1,18,-1,17
1,<environment.Job instance at 0x7fe840e3a870>,17,20,[9 2],18,-1,68,-1,48
1,<environment.Job instance at 0x7fe840e040a0>,24,2,[2 7],25,-1,50,-1,48
1,<environment.Job instance at 0x7fe840e049b0>,25,3,[ 4 13],26,-1,51,-1,48
1,<environment.Job instance at 0x7fe840e04f50>,27,1,[ 1 14],28,-1,49,-1,48
1,<environment.Job instance at 0x7fe840e04e60>,28,1,[4 6],29,-1,49,-1,48
1,<environment.Job instance at 0x7fe840e04190>,29,12,[4 9],30,-1,60,-1,48
1,<environment.Job instance at 0x7fe840e04be0>,30,2,[3 8],31,-1,50,-1,48
1,<environment.Job instance at 0x7fe840e04640>,32,14,[1 8],33,-1,72,-1,58
1,<environment.Job instance at 0x7fe840e040f0>,33,3,[1 9],34,-1,61,-1,58
1,<environment.Job instance at 0x7fe84115dfa0>,6,1,[5 9],7,-1,10,-1,9
1,<environment.Job instance at 0x7fe840eb8280>,7,1,[2 9],8,-1,13,-1,12
1,<environment.Job instance at 0x7fe841a0ed20>,12,3,[10  2],13,-1,17,-1,14
1,<environment.Job instance at 0x7fe840ecfc30>,17,1,[9 1],18,-1,20,-1,19
1,<environment.Job instance at 0x7fe8416b2eb0>,18,12,[14  4],19,-1,31,-1,19
1,<environment.Job instance at 0x7fe8417e0410>,19,2,[9 4],20,-1,23,-1,21
1,<environment.Job instance at 0x7fe84111b6e0>,24,3,[9 2],25,-1,36,-1,33
1,<environment.Job instance at 0x7fe840e33eb0>,35,2,[5 5],36,-1,58,-1,56
1,<environment.Job instance at 0x7fe840d73d20>,36,12,[ 3 10],37,-1,69,-1,57
1,<environment.Job instance at 0x7fe840d73eb0>,37,3,[1 5],38,-1,60,-1,57
1,<environment.Job instance at 0x7fe841b76b40>,38,1,[10  5],39,-1,58,-1,57
1,<environment.Job instance at 0x7fe841b76c30>,39,1,[ 2 10],40,-1,58,-1,57
1,<environment.Job instance at 0x7fe841b76c30>,7,2,[4 5],8,-1,11,-1,9
1,<environment.Job instance at 0x7fe840c881e0>,9,3,[5 1],10,-1,13,-1,10
1,<environment.Job instance at 0x7fe840c882d0>,11,27,[4 7],12,-1,39,-1,12
1,<environment.Job instance at 0x7fe840c88410>,12,26,[8 4],13,-1,39,-1,13
1,<environment.Job instance at 0x7fe840c88500>,15,16,[14  1],16,-1,33,-1,17
1,<environment.Job instance at 0x7fe840c885f0>,16,3,[9 1],17,-1,20,-1,17
1,<environment.Job instance at 0x7fe840c88780>,19,1,[5 4],20,-1,35,-1,34
1,<environment.Job instance at 0x7fe840c88960>,20,25,[ 3 10],21,-1,59,-1,34
1,<environment.Job instance at 0x7fe840c88af0>,21,1,[ 2 10],22,-1,35,-1,34
1,<environment.Job instance at 0x7fe840c88b40>,22,1,[3 9],23,-1,35,-1,34
1,<environment.Job instance at 0x7fe840c88aa0>,23,2,[4 7],24,-1,36,-1,34
1,<environment.Job instance at 0x7fe840c88c30>,25,2,[1 5],26,-1,36,-1,34
1,<environment.Job instance at 0x7fe840c88dc0>,26,3,[8 4],27,-1,37,-1,34
1,<environment.Job instance at 0x7fe840c88fa0>,29,3,[4 7],30,-1,50,-1,47
1,<environment.Job instance at 0x7fe840c8b0a0>,2,25,[6 3],3,-1,28,-1,3
1,<environment.Job instance at 0x7fe840d24870>,17,1,[8 5],18,-1,24,-1,23
1,<environment.Job instance at 0x7fe840d247d0>,19,18,[13  1],20,-1,42,-1,24
1,<environment.Job instance at 0x7fe840d24280>,21,2,[1 7],22,-1,37,-1,35
1,<environment.Job instance at 0x7fe840cd1960>,27,1,[9 3],28,-1,49,-1,48
1,<environment.Job instance at 0x7fe8417decd0>,6,25,[ 5 10],7,-1,32,-1,7
1,<environment.Job instance at 0x7fe84adb60f0>,23,2,[5 5],24,-1,33,-1,31
1,<environment.Job instance at 0x7fe84229ac30>,24,1,[7 4],25,-1,36,-1,35
1,<environment.Job instance at 0x7fe840e44d70>,7,3,[10  2],8,-1,15,-1,12
1,<environment.Job instance at 0x7fe841331550>,12,1,[ 5 10],13,-1,14,-1,13
1,<environment.Job instance at 0x7fe8413626e0>,24,3,[14  4],25,-1,61,-1,58
1,<environment.Job instance at 0x7fe840f210f0>,25,2,[5 5],26,-1,60,-1,58
1,<environment.Job instance at 0x7fe840efc460>,26,2,[13  4],27,-1,60,-1,58
1,<environment.Job instance at 0x7fe840efc640>,27,3,[3 5],28,-1,61,-1,58
1,<environment.Job instance at 0x7fe840c8d5f0>,9,1,[10  3],10,-1,12,-1,11
1,<environment.Job instance at 0x7fe8410e0e10>,14,2,[7 5],15,-1,22,-1,20
1,<environment.Job instance at 0x7fe8410e0550>,15,2,[14  5],16,-1,22,-1,20
1,<environment.Job instance at 0x7fe8410e0960>,16,3,[2 7],17,-1,23,-1,20
1,<environment.Job instance at 0x7fe8410e06e0>,18,3,[5 8],19,-1,23,-1,20
1,<environment.Job instance at 0x7fe8410e0370>,20,1,[6 3],21,-1,35,-1,34
1,<environment.Job instance at 0x7fe8411b8370>,4,1,[5 7],5,-1,6,-1,5
1,<environment.Job instance at 0x7fe8411b8870>,9,27,[ 5 10],10,-1,37,-1,10
1,<environment.Job instance at 0x7fe8411b02d0>,21,1,[8 5],22,-1,39,-1,38
1,<environment.Job instance at 0x7fe8411b0410>,23,2,[5 5],24,-1,41,-1,39
1,<environment.Job instance at 0x7fe8411b0640>,26,13,[11  1],27,-1,63,-1,50
1,<environment.Job instance at 0x7fe8411b08c0>,28,12,[ 5 12],29,-1,69,-1,57
1,<environment.Job instance at 0x7fe841b33230>,7,3,[ 1 12],8,-1,11,-1,8
1,<environment.Job instance at 0x7fe841b33910>,8,15,[ 3 11],9,-1,24,-1,9
1,<environment.Job instance at 0x7fe841748050>,15,15,[ 2 11],16,-1,31,-1,16
1,<environment.Job instance at 0x7fe841748b90>,17,1,[9 4],18,-1,19,-1,18
1,<environment.Job instance at 0x7fe8417485a0>,21,3,[5 5],22,-1,25,-1,22
1,<environment.Job instance at 0x7fe841810870>,24,2,[10  3],25,-1,31,-1,29
1,<environment.Job instance at 0x7fe8418100a0>,25,3,[5 5],26,-1,32,-1,29
1,<environment.Job instance at 0x7fe841810a50>,26,2,[3 9],27,-1,31,-1,29
1,<environment.Job instance at 0x7fe841810190>,27,2,[7 2],28,-1,31,-1,29
1,<environment.Job instance at 0x7fe8418108c0>,28,3,[10  4],29,-1,32,-1,29
1,<environment.Job instance at 0x7fe841810a00>,29,1,[ 2 10],30,-1,31,-1,30
1,<environment.Job instance at 0x7fe841810730>,30,16,[14  3],31,-1,47,-1,31
1,<environment.Job instance at 0x7fe8418102d0>,31,2,[5 1],32,-1,34,-1,32
1,<environment.Job instance at 0x7fe841810500>,33,1,[7 2],34,-1,37,-1,36
1,<environment.Job instance at 0x7fe840d3ed70>,20,26,[6 3],21,-1,64,-1,38
1,<environment.Job instance at 0x7fe840d3e2d0>,22,17,[ 2 11],23,-1,67,-1,50
1,<environment.Job instance at 0x7fe840d3ee10>,23,2,[6 3],24,-1,52,-1,50
1,<environment.Job instance at 0x7fe84191d460>,24,1,[9 4],25,-1,51,-1,50
1,<environment.Job instance at 0x7fe84191d8c0>,25,23,[7 1],26,-1,73,-1,50
1,<environment.Job instance at 0x7fe84191d5f0>,26,1,[4 9],27,-1,51,-1,50
1,<environment.Job instance at 0x7fe84191d7d0>,28,2,[8 5],29,-1,57,-1,55
1,<environment.Job instance at 0x7fe8418153c0>,6,14,[13  5],7,-1,21,-1,7
1,<environment.Job instance at 0x7fe841079730>,18,15,[ 3 13],19,-1,56,-1,41
1,<environment.Job instance at 0x7fe841079500>,19,1,[10  3],20,-1,42,-1,41
1,<environment.Job instance at 0x7fe841079690>,20,16,[5 1],21,-1,57,-1,41
1,<environment.Job instance at 0x7fe841079b40>,21,16,[ 2 10],22,-1,57,-1,41
1,<environment.Job instance at 0x7fe841079780>,23,18,[ 1 10],24,-1,70,-1,52
1,<environment.Job instance at 0x7fe841079af0>,24,1,[1 6],25,-1,53,-1,52
1,<environment.Job instance at 0x7fe841079a00>,26,18,[ 3 13],27,-1,73,-1,55
1,<environment.Job instance at 0x7fe841635460>,18,2,[8 5],19,-1,61,-1,59
1,<environment.Job instance at 0x7fe84107c1e0>,20,2,[2 7],21,-1,61,-1,59
1,<environment.Job instance at 0x7fe84107ca50>,21,1,[10  4],22,-1,60,-1,59
1,<environment.Job instance at 0x7fe84107c0a0>,22,3,[3 8],23,-1,62,-1,59
1,<environment.Job instance at 0x7fe84144f230>,7,1,[8 3],8,-1,31,-1,30
1,<environment.Job instance at 0x7fe84144ff50>,13,18,[ 2 11],14,-1,56,-1,38
1,<environment.Job instance at 0x7fe84144faf0>,15,3,[11  2],16,-1,44,-1,41
1,<environment.Job instance at 0x7fe84215d4b0>,22,23,[7 1],23,-1,74,-1,51
1,<environment.Job instance at 0x7fe841a4aa00>,23,2,[2 8],24,-1,53,-1,51
1,<environment.Job instance at 0x7fe84140e190>,5,3,[ 1 14],6,-1,9,-1,6
1,<environment.Job instance at 0x7fe84140ed20>,10,13,[11  4],11,-1,24,-1,11
1,<environment.Job instance at 0x7fe84140e410>,11,12,[ 1 13],12,-1,24,-1,12
1,<environment.Job instance at 0x7fe842159780>,17,2,[3 7],18,-1,37,-1,35
1,<environment.Job instance at 0x7fe842159b90>,21,2,[5 5],22,-1,57,-1,55
1,<environment.Job instance at 0x7fe842159dc0>,22,17,[ 2 14],23,-1,72,-1,55
1,<environment.Job instance at 0x7fe842159410>,23,2,[8 4],24,-1,57,-1,55
1,<environment.Job instance at 0x7fe8421598c0>,24,1,[10  4],25,-1,56,-1,55
1,<environment.Job instance at 0x7fe84231ad20>,8,15,[ 3 14],9,-1,24,-1,9
1,<environment.Job instance at 0x7fe84231a190>,10,27,[7 4],11,-1,38,-1,11
1,<environment.Job instance at 0x7fe84231a140>,12,16,[10  2],13,-1,30,-1,14
1,<environment.Job instance at 0x7fe841d61d20>,23,1,[ 4 13],24,-1,59,-1,58
1,<environment.Job instance at 0x7fe841546960>,13,1,[2 9],14,-1,31,-1,30
1,<environment.Job instance at 0x7fe841546c30>,14,1,[10  4],15,-1,31,-1,30
1,<environment.Job instance at 0x7fe841546e60>,15,3,[5 7],16,-1,33,-1,30
1,<environment.Job instance at 0x7fe841546690>,16,1,[1 8],17,-1,31,-1,30
1,<environment.Job instance at 0x7fe841546910>,17,3,[4 5],18,-1,33,-1,30
1,<environment.Job instance at 0x7fe841546eb0>,19,18,[1 9],20,-1,58,-1,40
1,<environment.Job instance at 0x7fe84155bfa0>,25,3,[10  2],26,-1,55,-1,52
1,<environment.Job instance at 0x7fe84155b410>,27,2,[9 1],28,-1,54,-1,52
1,<environment.Job instance at 0x7fe84155b3c0>,28,2,[ 2 10],29,-1,54,-1,52
1,<environment.Job instance at 0x7fe8409cbd70>,10,25,[9 4],11,-1,37,-1,12
1,<environment.Job instance at 0x7fe8420ab640>,18,26,[4 9],19,-1,65,-1,39
1,<environment.Job instance at 0x7fe8420ab050>,19,1,[10  5],20,-1,40,-1,39
1,<environment.Job instance at 0x7fe8420abe10>,22,2,[ 2 10],23,-1,42,-1,40
1,<environment.Job instance at 0x7fe8420aba50>,23,3,[1 6],24,-1,43,-1,40
1,<environment.Job instance at 0x7fe841479be0>,25,3,[10  3],26,-1,55,-1,52
1,<environment.Job instance at 0x7fe8420665a0>,26,16,[ 5 12],27,-1,68,-1,52
1,<environment.Job instance at 0x7fe842327230>,29,3,[6 1],30,-1,61,-1,58
1,<environment.Job instance at 0x7fe842327dc0>,31,2,[6 2],32,-1,60,-1,58
1,<environment.Job instance at 0x7fad38719960>,7,1,[5 4],8,-1,9,-1,8
1,<environment.Job instance at 0x7fad38719640>,9,18,[11  5],10,-1,28,-1,10
1,<environment.Job instance at 0x7fad38719d70>,17,3,[4 9],18,-1,43,-1,40
1,<environment.Job instance at 0x7fad3871b190>,18,3,[4 7],19,-1,43,-1,40
1,<environment.Job instance at 0x7fad3871b2d0>,20,1,[7 5],21,-1,53,-1,52
1,<environment.Job instance at 0x7fad3871b370>,21,1,[6 5],22,-1,53,-1,52
1,<environment.Job instance at 0x7fad3871b550>,22,1,[2 7],23,-1,53,-1,52
1,<environment.Job instance at 0x7fad3871b500>,23,27,[1 6],24,-1,79,-1,52
1,<environment.Job instance at 0x7fad3884fb90>,17,3,[10  5],18,-1,58,-1,55
1,<environment.Job instance at 0x7fad3884fd20>,18,2,[7 4],19,-1,57,-1,55
1,<environment.Job instance at 0x7fad389c7cd0>,20,2,[9 3],21,-1,58,-1,56
1,<environment.Job instance at 0x7fad389c76e0>,21,3,[1 8],22,-1,59,-1,56
1,<environment.Job instance at 0x7fad389c7190>,23,2,[6 1],24,-1,64,-1,62
1,<environment.Job instance at 0x7fad389c75f0>,24,3,[4 5],25,-1,65,-1,62
1,<environment.Job instance at 0x7fad37e73960>,3,15,[ 1 12],4,-1,19,-1,4
1,<environment.Job instance at 0x7fad37e730a0>,8,1,[4 6],9,-1,45,-1,44
1,<environment.Job instance at 0x7fad37df8c30>,26,2,[8 1],27,-1,62,-1,60
1,<environment.Job instance at 0x7fad37df8eb0>,27,2,[10  2],28,-1,62,-1,60
1,<environment.Job instance at 0x7fad37df8870>,30,2,[9 5],31,-1,68,-1,66
1,<environment.Job instance at 0x7fad37df8b90>,31,2,[5 5],32,-1,70,-1,68
1,<environment.Job instance at 0x7fad37df8be0>,32,1,[6 4],33,-1,70,-1,69
1,<environment.Job instance at 0x7fad37df8be0>,2,2,[ 1 12],3,-1,5,-1,3
1,<environment.Job instance at 0x7fad3805b820>,21,1,[8 3],22,-1,46,-1,45
1,<environment.Job instance at 0x7fad38b4dcd0>,2,2,[2 6],3,-1,7,-1,5
1,<environment.Job instance at 0x7fad38b1ceb0>,6,1,[2 7],7,-1,8,-1,7
1,<environment.Job instance at 0x7fad38b1cdc0>,7,3,[6 3],8,-1,11,-1,8
1,<environment.Job instance at 0x7fad38b4da00>,4,15,[10  4],5,-1,23,-1,8
1,<environment.Job instance at 0x7fad38b4dd20>,1,15,[14  1],2,-1,23,-1,8
1,<environment.Job instance at 0x7fad38b306e0>,9,28,[5 3],10,-1,38,-1,10
1,<environment.Job instance at 0x7fad38b1cf50>,16,1,[7 3],17,-1,20,-1,19
1,<environment.Job instance at 0x7fad38b30050>,22,25,[6 3],23,-1,55,-1,30
1,<environment.Job instance at 0x7fad390d4280>,23,2,[5 1],24,-1,32,-1,30
1,<environment.Job instance at 0x7fad3922b960>,30,1,[ 1 10],31,-1,63,-1,62
1,<environment.Job instance at 0x7fad3844c320>,8,2,[9 4],9,-1,15,-1,13
1,<environment.Job instance at 0x7fad3845a050>,15,3,[3 8],16,-1,25,-1,22
1,<environment.Job instance at 0x7fad3845aaf0>,16,25,[ 5 10],17,-1,47,-1,22
1,<environment.Job instance at 0x7fad3845acd0>,19,2,[8 2],20,-1,31,-1,29
1,<environment.Job instance at 0x7fad3845aaa0>,20,2,[1 7],21,-1,35,-1,33
1,<environment.Job instance at 0x7fad3845ae10>,21,1,[ 4 10],22,-1,34,-1,33
1,<environment.Job instance at 0x7fad3845a1e0>,23,2,[5 7],24,-1,35,-1,33
1,<environment.Job instance at 0x7fad3845ac30>,24,1,[3 8],25,-1,35,-1,34
1,<environment.Job instance at 0x7fad38872190>,31,3,[1 6],32,-1,53,-1,50
1,<environment.Job instance at 0x7fad38872230>,33,2,[5 5],34,-1,52,-1,50
1,<environment.Job instance at 0x7fad38872b40>,34,1,[7 4],35,-1,51,-1,50
1,<environment.Job instance at 0x7fad388721e0>,36,3,[6 3],37,-1,69,-1,66
1,<environment.Job instance at 0x7fad37cecc80>,9,1,[ 3 10],10,-1,11,-1,10
1,<environment.Job instance at 0x7fad37cf22d0>,29,27,[1 5],30,-1,95,-1,68
1,<environment.Job instance at 0x7fad37cf2550>,30,1,[5 1],31,-1,69,-1,68
1,<environment.Job instance at 0x7fad37cf23c0>,31,3,[9 3],32,-1,71,-1,68
1,<environment.Job instance at 0x7fad37cf25a0>,32,3,[ 4 10],33,-1,71,-1,68
1,<environment.Job instance at 0x7fad37cf2780>,33,3,[8 4],34,-1,71,-1,68
1,<environment.Job instance at 0x7fad37cf2690>,34,3,[6 1],35,-1,71,-1,68
1,<environment.Job instance at 0x7fad37cf27d0>,35,14,[ 5 12],36,-1,82,-1,68
1,<environment.Job instance at 0x7fad37cf0d70>,4,2,[7 5],5,-1,10,-1,8
1,<environment.Job instance at 0x7fad37e9d410>,10,1,[6 3],11,-1,13,-1,12
1,<environment.Job instance at 0x7fad37e9dc30>,12,15,[5 1],13,-1,32,-1,17
1,<environment.Job instance at 0x7fad386ef730>,24,1,[5 8],25,-1,65,-1,64
1,<environment.Job instance at 0x7fad3892d320>,8,12,[ 5 12],9,-1,22,-1,10
1,<environment.Job instance at 0x7fad38a1e190>,13,2,[10  5],14,-1,23,-1,21
1,<environment.Job instance at 0x7fad38298af0>,21,28,[2 8],22,-1,94,-1,66
1,<environment.Job instance at 0x7fad38298c30>,23,27,[9 3],24,-1,93,-1,66
1,<environment.Job instance at 0x7fad38531f00>,11,27,[5 1],12,-1,43,-1,16
1,<environment.Job instance at 0x7fad390af460>,16,25,[8 3],17,-1,58,-1,33
1,<environment.Job instance at 0x7fad38a479b0>,17,13,[13  1],18,-1,46,-1,33
1,<environment.Job instance at 0x7fad386bd730>,8,1,[8 4],9,-1,10,-1,9
1,<environment.Job instance at 0x7fad386bd5f0>,11,14,[ 3 14],12,-1,26,-1,12
1,<environment.Job instance at 0x7fad37de7500>,16,17,[11  2],17,-1,38,-1,21
1,<environment.Job instance at 0x7fad37b0d960>,4,3,[ 3 14],5,-1,8,-1,5
1,<environment.Job instance at 0x7fad37b456e0>,13,2,[2 5],14,-1,26,-1,24
1,<environment.Job instance at 0x7fad37b45140>,14,15,[ 2 10],15,-1,39,-1,24
1,<environment.Job instance at 0x7fad37b45aa0>,17,3,[8 5],18,-1,28,-1,25
1,<environment.Job instance at 0x7fad37b45c80>,18,1,[ 3 12],19,-1,26,-1,25
1,<environment.Job instance at 0x7fad37b45050>,20,2,[5 6],21,-1,42,-1,40
1,<environment.Job instance at 0x7fad37b45410>,21,13,[2 8],22,-1,59,-1,46
1,<environment.Job instance at 0x7fad37b45b90>,23,18,[ 5 10],24,-1,64,-1,46
1,<environment.Job instance at 0x7fad387a1eb0>,13,18,[ 2 11],14,-1,62,-1,44
1,<environment.Job instance at 0x7fad387a15f0>,14,3,[8 2],15,-1,47,-1,44
1,<environment.Job instance at 0x7fad387a1fa0>,7,1,[8 3],8,-1,45,-1,44
1,<environment.Job instance at 0x7fad387a1a00>,16,3,[8 5],17,-1,47,-1,44
1,<environment.Job instance at 0x7fad38b7b820>,5,12,[ 3 10],6,-1,19,-1,7
1,<environment.Job instance at 0x7fad38b78cd0>,7,2,[3 7],8,-1,10,-1,8
1,<environment.Job instance at 0x7fad38b78a50>,8,12,[10  1],9,-1,21,-1,9
1,<environment.Job instance at 0x7fad38b789b0>,12,17,[ 2 14],13,-1,31,-1,14
1,<environment.Job instance at 0x7fad37d68500>,20,2,[8 1],21,-1,52,-1,50
1,<environment.Job instance at 0x7fad37d68690>,21,1,[9 4],22,-1,51,-1,50
1,<environment.Job instance at 0x7fad37d687d0>,23,2,[1 7],24,-1,67,-1,65
1,<environment.Job instance at 0x7fad37d68870>,24,2,[1 6],25,-1,67,-1,65
1,<environment.Job instance at 0x7fad37d68910>,25,16,[11  3],26,-1,81,-1,65
1,<environment.Job instance at 0x7fad37d689b0>,26,3,[9 2],27,-1,68,-1,65
1,<environment.Job instance at 0x7fad37d68af0>,28,1,[8 2],29,-1,66,-1,65
1,<environment.Job instance at 0x7fad37d68cd0>,31,1,[9 4],32,-1,69,-1,68
1,<environment.Job instance at 0x7fad37d68f00>,32,2,[2 7],33,-1,70,-1,68
1,<environment.Job instance at 0x7fad382c1aa0>,6,2,[8 3],7,-1,9,-1,7
1,<environment.Job instance at 0x7fad38f00d70>,15,1,[5 2],16,-1,45,-1,44
1,<environment.Job instance at 0x7fad38f00190>,16,3,[8 3],17,-1,47,-1,44
1,<environment.Job instance at 0x7fad37f3e870>,18,3,[11  1],19,-1,48,-1,45
1,<environment.Job instance at 0x7fad37f3e2d0>,19,2,[3 7],20,-1,47,-1,45
1,<environment.Job instance at 0x7fad37f3e960>,20,2,[9 1],21,-1,47,-1,45
1,<environment.Job instance at 0x7fad37f3ef00>,21,2,[6 2],22,-1,47,-1,45
1,<environment.Job instance at 0x7fad37f00e60>,27,22,[6 1],28,-1,87,-1,65
1,<environment.Job instance at 0x7fad39182fa0>,6,17,[ 1 13],7,-1,24,-1,7
1,<environment.Job instance at 0x7fad38600dc0>,7,18,[ 3 12],8,-1,26,-1,8
1,<environment.Job instance at 0x7fad384216e0>,18,22,[ 1 13],19,-1,55,-1,33
1,<environment.Job instance at 0x7fad38421f50>,19,3,[2 9],20,-1,36,-1,33
1,<environment.Job instance at 0x7fad38421a00>,20,3,[9 2],21,-1,36,-1,33
1,<environment.Job instance at 0x7fad38b020a0>,21,3,[2 9],22,-1,36,-1,33
1,<environment.Job instance at 0x7fad38421320>,22,3,[10  3],23,-1,36,-1,33
1,<environment.Job instance at 0x7fad37a38910>,30,2,[7 4],31,-1,71,-1,69
1,<environment.Job instance at 0x7fad38122d70>,32,13,[14  2],33,-1,82,-1,69
1,<environment.Job instance at 0x7fad37a38410>,33,1,[5 5],34,-1,70,-1,69
1,<environment.Job instance at 0x7fad37a389b0>,34,22,[5 8],35,-1,91,-1,69
1,<environment.Job instance at 0x7fad37f45370>,8,1,[9 5],9,-1,10,-1,9
1,<environment.Job instance at 0x7fad3801a370>,11,1,[3 8],12,-1,14,-1,13
1,<environment.Job instance at 0x7fad38016500>,13,3,[9 5],14,-1,17,-1,14
1,<environment.Job instance at 0x7fad38016eb0>,18,3,[9 2],19,-1,25,-1,22
1,<environment.Job instance at 0x7fad38016690>,19,2,[4 5],20,-1,24,-1,22
1,<environment.Job instance at 0x7fad380165a0>,20,1,[10  3],21,-1,23,-1,22
1,<environment.Job instance at 0x7fad38012050>,23,3,[2 6],24,-1,36,-1,33
1,<environment.Job instance at 0x7fad380165f0>,24,2,[9 2],25,-1,35,-1,33
1,<environment.Job instance at 0x7fad38097eb0>,7,1,[3 8],8,-1,11,-1,10
1,<environment.Job instance at 0x7fad392f7c80>,10,2,[2 6],11,-1,13,-1,11
1,<environment.Job instance at 0x7fad390d4a50>,13,3,[ 2 10],14,-1,25,-1,22
1,<environment.Job instance at 0x7fad390d4cd0>,16,2,[ 2 10],17,-1,39,-1,37
1,<environment.Job instance at 0x7fad390d45f0>,17,16,[11  5],18,-1,53,-1,37
1,<environment.Job instance at 0x7fad390d4280>,19,3,[10  4],20,-1,40,-1,37
1,<environment.Job instance at 0x7fad38d456e0>,21,3,[13  1],22,-1,54,-1,51
1,<environment.Job instance at 0x7fad381c9690>,22,3,[3 7],23,-1,54,-1,51
1,<environment.Job instance at 0x7fad38dc90f0>,23,3,[5 4],24,-1,54,-1,51
1,<environment.Job instance at 0x7fad37dc2730>,1,3,[ 4 12],2,-1,5,-1,2
1,<environment.Job instance at 0x7fad38dfd690>,5,18,[ 2 11],6,-1,24,-1,6
1,<environment.Job instance at 0x7fad37dc28c0>,6,13,[11  3],7,-1,20,-1,7
1,<environment.Job instance at 0x7fad39135140>,8,27,[5 1],9,-1,37,-1,10
1,<environment.Job instance at 0x7fad391358c0>,10,1,[2 7],11,-1,12,-1,11
1,<environment.Job instance at 0x7fad39135870>,11,2,[ 1 10],12,-1,14,-1,12
1,<environment.Job instance at 0x7fad391355f0>,12,3,[2 6],13,-1,16,-1,13
1,<environment.Job instance at 0x7fad37ee9af0>,15,1,[5 2],16,-1,17,-1,16
1,<environment.Job instance at 0x7fad37ee9a00>,19,16,[12  5],20,-1,38,-1,22
1,<environment.Job instance at 0x7fad37ee9be0>,20,3,[5 7],21,-1,25,-1,22
1,<environment.Job instance at 0x7fad37ee9960>,21,3,[7 4],22,-1,25,-1,22
1,<environment.Job instance at 0x7fad37ee9dc0>,22,3,[1 5],23,-1,26,-1,23
1,<environment.Job instance at 0x7fad37ee9d20>,23,2,[5 6],24,-1,26,-1,24
1,<environment.Job instance at 0x7fad37ee9f00>,24,1,[2 5],25,-1,27,-1,26
1,<environment.Job instance at 0x7fad37b64dc0>,26,1,[14  4],27,-1,28,-1,27
1,<environment.Job instance at 0x7fad37b642d0>,27,17,[13  5],28,-1,45,-1,28
1,<environment.Job instance at 0x7fad37b640a0>,28,1,[1 5],29,-1,30,-1,29
1,<environment.Job instance at 0x7fad37b64b40>,32,2,[3 7],33,-1,56,-1,54
1,<environment.Job instance at 0x7fad37b649b0>,33,2,[ 3 10],34,-1,56,-1,54
1,<environment.Job instance at 0x7fad37b64190>,35,14,[6 1],36,-1,76,-1,62
1,<environment.Job instance at 0x7f6b52dff960>,7,1,[5 4],8,-1,9,-1,8
1,<environment.Job instance at 0x7f6b52dff640>,9,18,[11  5],10,-1,33,-1,15
1,<environment.Job instance at 0x7f6b53243370>,7,3,[10  5],8,-1,11,-1,8
1,<environment.Job instance at 0x7f6b532a1be0>,8,2,[7 4],9,-1,11,-1,9
1,<environment.Job instance at 0x7f6b532a1690>,11,3,[1 8],12,-1,21,-1,18
1,<environment.Job instance at 0x7f6b532a13c0>,13,2,[6 1],14,-1,20,-1,18
1,<environment.Job instance at 0x7f6b532a1460>,14,3,[4 5],15,-1,21,-1,18
1,<environment.Job instance at 0x7f6b532a1140>,18,2,[5 2],19,-1,28,-1,26
1,<environment.Job instance at 0x7f6b532a1730>,19,18,[12  5],20,-1,44,-1,26
1,<environment.Job instance at 0x7f6b524fac80>,18,3,[14  4],19,-1,27,-1,24
1,<environment.Job instance at 0x7f6b524fa8c0>,20,1,[5 8],21,-1,39,-1,38
1,<environment.Job instance at 0x7f6b5249f230>,23,2,[7 3],24,-1,43,-1,41
1,<environment.Job instance at 0x7f6b5249f910>,24,3,[4 6],25,-1,44,-1,41
1,<environment.Job instance at 0x7f6b5249fd70>,25,2,[5 2],26,-1,43,-1,41
1,<environment.Job instance at 0x7f6b5249f690>,26,1,[5 9],27,-1,42,-1,41
1,<environment.Job instance at 0x7f6b5249f780>,27,1,[2 9],28,-1,42,-1,41
1,<environment.Job instance at 0x7f6b5249f050>,7,2,[4 5],8,-1,11,-1,9
1,<environment.Job instance at 0x7f6b52edb7d0>,9,3,[5 1],10,-1,13,-1,10
1,<environment.Job instance at 0x7f6b52edbf00>,10,3,[7 3],11,-1,14,-1,11
1,<environment.Job instance at 0x7f6b52edbeb0>,11,27,[4 7],12,-1,39,-1,12
1,<environment.Job instance at 0x7f6b52edbb40>,12,26,[8 4],13,-1,39,-1,13
1,<environment.Job instance at 0x7f6b52edbcd0>,15,16,[14  1],16,-1,33,-1,17
1,<environment.Job instance at 0x7f6b52edb140>,16,3,[9 1],17,-1,20,-1,17
1,<environment.Job instance at 0x7f6b52edbbe0>,19,1,[5 4],20,-1,34,-1,33
1,<environment.Job instance at 0x7f6b52edb500>,20,25,[ 3 10],21,-1,58,-1,33
1,<environment.Job instance at 0x7f6b52edb780>,21,1,[ 2 10],22,-1,34,-1,33
1,<environment.Job instance at 0x7f6b52edbdc0>,22,1,[3 9],23,-1,34,-1,33
1,<environment.Job instance at 0x7f6b52edbe60>,23,2,[4 7],24,-1,35,-1,33
1,<environment.Job instance at 0x7f6b52f9f320>,25,2,[1 5],26,-1,35,-1,33
1,<environment.Job instance at 0x7f6b52f9f3c0>,26,3,[8 4],27,-1,36,-1,33
1,<environment.Job instance at 0x7f6b52f9faa0>,29,3,[4 7],30,-1,52,-1,49
1,<environment.Job instance at 0x7f6b52f9fe10>,32,1,[5 5],33,-1,64,-1,63
1,<environment.Job instance at 0x7f6b5c0420a0>,33,23,[10  1],34,-1,86,-1,63
1,<environment.Job instance at 0x7f6b52f9f870>,34,2,[8 5],35,-1,65,-1,63
1,<environment.Job instance at 0x7f6b5c042370>,35,1,[8 1],36,-1,64,-1,63
1,<environment.Job instance at 0x7f6b5c042c80>,36,28,[6 5],37,-1,91,-1,63
1,<environment.Job instance at 0x7f6b536005f0>,7,1,[9 3],8,-1,12,-1,11
1,<environment.Job instance at 0x7f6b536000a0>,11,24,[9 1],12,-1,36,-1,12
1,<environment.Job instance at 0x7f6b53600f50>,12,3,[7 1],13,-1,17,-1,14
1,<environment.Job instance at 0x7f6b53600320>,14,23,[10  2],15,-1,39,-1,16
1,<environment.Job instance at 0x7f6b53600eb0>,15,15,[ 1 11],16,-1,31,-1,16
1,<environment.Job instance at 0x7f6b536007d0>,17,1,[4 5],18,-1,25,-1,24
1,<environment.Job instance at 0x7f6b536009b0>,18,1,[2 9],19,-1,25,-1,24
1,<environment.Job instance at 0x7f6b538f5e60>,23,3,[3 5],24,-1,43,-1,40
1,<environment.Job instance at 0x7f6b538f5730>,25,12,[ 4 10],26,-1,64,-1,52
1,<environment.Job instance at 0x7f6b53559c80>,26,1,[2 6],27,-1,53,-1,52
1,<environment.Job instance at 0x7f6b53559870>,27,15,[ 3 12],28,-1,67,-1,52
1,<environment.Job instance at 0x7f6b535595a0>,28,2,[5 7],29,-1,54,-1,52
1,<environment.Job instance at 0x7f6b5357b500>,31,2,[6 3],32,-1,58,-1,56
1,<environment.Job instance at 0x7f6b5357b910>,33,1,[1 7],34,-1,67,-1,66
1,<environment.Job instance at 0x7f6b5357b370>,35,3,[9 4],36,-1,77,-1,74
1,<environment.Job instance at 0x7f6b52c9d050>,7,2,[12  2],8,-1,10,-1,8
1,<environment.Job instance at 0x7f6b52c9d8c0>,13,1,[1 7],14,-1,16,-1,15
1,<environment.Job instance at 0x7f6b524e4730>,14,1,[14  4],15,-1,16,-1,15
1,<environment.Job instance at 0x7f6b5278c870>,26,1,[3 8],27,-1,64,-1,63
1,<environment.Job instance at 0x7f6b5278c640>,27,3,[10  2],28,-1,66,-1,63
1,<environment.Job instance at 0x7f6b5278cb90>,28,1,[2 8],29,-1,64,-1,63
1,<environment.Job instance at 0x7f6b5278c820>,29,1,[ 3 10],30,-1,64,-1,63
1,<environment.Job instance at 0x7f6b5278c0a0>,32,1,[ 5 10],33,-1,77,-1,76
1,<environment.Job instance at 0x7f6b5278ceb0>,33,1,[ 5 12],34,-1,77,-1,76
1,<environment.Job instance at 0x7f6b52465500>,6,3,[9 3],7,-1,10,-1,7
1,<environment.Job instance at 0x7f6b52465960>,9,1,[10  3],10,-1,12,-1,11
1,<environment.Job instance at 0x7f6b52465c30>,14,2,[7 5],15,-1,22,-1,20
1,<environment.Job instance at 0x7f6b52465cd0>,15,2,[14  5],16,-1,22,-1,20
1,<environment.Job instance at 0x7f6b52465eb0>,16,3,[2 7],17,-1,23,-1,20
1,<environment.Job instance at 0x7f6b52465dc0>,18,3,[5 8],19,-1,23,-1,20
1,<environment.Job instance at 0x7f6b52465af0>,20,1,[6 3],21,-1,32,-1,31
1,<environment.Job instance at 0x7f6b52707f00>,8,12,[ 5 12],9,-1,21,-1,9
1,<environment.Job instance at 0x7f6b531f53c0>,23,27,[9 3],24,-1,106,-1,79
1,<environment.Job instance at 0x7f6b53088280>,6,25,[8 3],7,-1,33,-1,8
1,<environment.Job instance at 0x7f6b521a1640>,16,25,[ 5 10],17,-1,59,-1,34
1,<environment.Job instance at 0x7f6b526d5960>,6,14,[13  5],7,-1,21,-1,7
1,<environment.Job instance at 0x7f6b52ce4410>,14,1,[6 1],15,-1,30,-1,29
1,<environment.Job instance at 0x7f6b52d3bdc0>,18,15,[ 3 13],19,-1,58,-1,43
1,<environment.Job instance at 0x7f6b538c14b0>,19,1,[10  3],20,-1,44,-1,43
1,<environment.Job instance at 0x7f6b5c042780>,24,1,[1 6],25,-1,78,-1,77
1,<environment.Job instance at 0x7f6b52ebb870>,26,18,[ 3 13],27,-1,95,-1,77
1,<environment.Job instance at 0x7f6b527d5190>,5,18,[14  2],6,-1,24,-1,6
1,<environment.Job instance at 0x7f6b52c3cd20>,6,1,[5 7],7,-1,8,-1,7
1,<environment.Job instance at 0x7f6b52c3c3c0>,8,2,[7 3],9,-1,11,-1,9
1,<environment.Job instance at 0x7f6b52c3c230>,9,1,[5 6],10,-1,11,-1,10
1,<environment.Job instance at 0x7f6b52823050>,18,2,[2 7],19,-1,25,-1,23
1,<environment.Job instance at 0x7f6b53479050>,19,2,[4 6],20,-1,26,-1,24
1,<environment.Job instance at 0x7f6b533dc5f0>,26,16,[14  3],27,-1,76,-1,60
1,<environment.Job instance at 0x7f6b5352e910>,27,14,[12  5],28,-1,74,-1,60
1,<environment.Job instance at 0x7f6b5352e190>,29,2,[9 5],30,-1,62,-1,60
1,<environment.Job instance at 0x7f6b5352ecd0>,30,1,[8 5],31,-1,61,-1,60
1,<environment.Job instance at 0x7f6b52369370>,35,3,[1 6],36,-1,82,-1,79
1,<environment.Job instance at 0x7f6b523696e0>,36,22,[ 4 10],37,-1,101,-1,79
1,<environment.Job instance at 0x7f6b531ca870>,37,1,[5 7],38,-1,80,-1,79
1,<environment.Job instance at 0x7f6b52cccb90>,1,23,[ 3 13],2,-1,25,-1,2
1,<environment.Job instance at 0x7f6b52ca4820>,15,2,[10  5],16,-1,24,-1,22
1,<environment.Job instance at 0x7f6b52ca4d20>,16,2,[6 4],17,-1,24,-1,22
1,<environment.Job instance at 0x7f6b52ca4cd0>,17,15,[ 1 10],18,-1,37,-1,22
1,<environment.Job instance at 0x7f6b52ca4e10>,18,3,[2 7],19,-1,25,-1,22
1,<environment.Job instance at 0x7f6b52ca4b90>,19,2,[10  2],20,-1,24,-1,22
1,<environment.Job instance at 0x7f6b52ca4730>,20,1,[8 1],21,-1,23,-1,22
1,<environment.Job instance at 0x7f6b5263b7d0>,8,15,[ 3 14],9,-1,24,-1,9
1,<environment.Job instance at 0x7f6b5263ba00>,10,27,[7 4],11,-1,38,-1,11
1,<environment.Job instance at 0x7f6b5263bf00>,15,2,[ 1 12],16,-1,22,-1,20
1,<environment.Job instance at 0x7f6b52b5ce10>,8,15,[ 4 10],9,-1,31,-1,16
1,<environment.Job instance at 0x7f6b52d6f0f0>,14,1,[1 7],15,-1,17,-1,16
1,<environment.Job instance at 0x7f6b52d6f910>,15,3,[14  4],16,-1,19,-1,16
1,<environment.Job instance at 0x7f6b52d6f050>,16,17,[ 1 13],17,-1,34,-1,17
1,<environment.Job instance at 0x7f6b52d6fa00>,17,18,[ 3 12],18,-1,36,-1,18
1,<environment.Job instance at 0x7f6b53490280>,25,3,[3 9],26,-1,43,-1,40
1,<environment.Job instance at 0x7f6b534905f0>,28,22,[ 1 13],29,-1,80,-1,58
1,<environment.Job instance at 0x7f6b53490730>,30,3,[9 2],31,-1,61,-1,58
1,<environment.Job instance at 0x7f6b534907d0>,31,3,[2 9],32,-1,61,-1,58
1,<environment.Job instance at 0x7f6b534902d0>,32,3,[10  3],33,-1,61,-1,58
1,<environment.Job instance at 0x7f6b52595410>,8,1,[9 5],9,-1,11,-1,10
1,<environment.Job instance at 0x7f6b52ffc0a0>,11,1,[3 8],12,-1,14,-1,13
1,<environment.Job instance at 0x7f6b53256820>,13,3,[9 5],14,-1,17,-1,14
1,<environment.Job instance at 0x7f6b53a39c30>,16,2,[ 5 12],17,-1,19,-1,17
1,<environment.Job instance at 0x7f6b52f74d70>,17,23,[6 1],18,-1,43,-1,20
1,<environment.Job instance at 0x7f6b527d7410>,20,1,[10  3],21,-1,22,-1,21
1,<environment.Job instance at 0x7f6b521a9320>,23,3,[2 6],24,-1,36,-1,33
1,<environment.Job instance at 0x7f6b521a9460>,24,2,[9 2],25,-1,35,-1,33
1,<environment.Job instance at 0x7f6b521a9140>,30,25,[9 4],31,-1,91,-1,66
1,<environment.Job instance at 0x7f6b5294beb0>,12,26,[1 5],13,-1,48,-1,22
1,<environment.Job instance at 0x7f6b5294b190>,16,1,[9 3],17,-1,28,-1,27
1,<environment.Job instance at 0x7f6b5294b280>,18,3,[5 8],19,-1,42,-1,39
1,<environment.Job instance at 0x7f6b5294bc80>,19,2,[3 9],20,-1,41,-1,39
1,<environment.Job instance at 0x7f6b5294b410>,23,1,[8 4],24,-1,65,-1,64
1,<environment.Job instance at 0x7f6b52285190>,25,1,[8 5],26,-1,73,-1,72
1,<environment.Job instance at 0x7f6b52285d20>,26,3,[2 5],27,-1,75,-1,72
1,<environment.Job instance at 0x7f6b5220bd20>,3,2,[ 3 10],4,-1,6,-1,4
1,<environment.Job instance at 0x7f6b5202cc30>,13,3,[6 1],14,-1,18,-1,15
1,<environment.Job instance at 0x7f6b522219b0>,26,1,[5 5],27,-1,45,-1,44
1,<environment.Job instance at 0x7f6b52221820>,27,15,[13  3],28,-1,59,-1,44
1,<environment.Job instance at 0x7f6b52221960>,28,3,[2 5],29,-1,47,-1,44
1,<environment.Job instance at 0x7f6b52221f00>,29,1,[5 1],30,-1,45,-1,44
1,<environment.Job instance at 0x7f6b52221be0>,30,2,[10  1],31,-1,46,-1,44
1,<environment.Job instance at 0x7f6b52221500>,31,3,[2 9],32,-1,47,-1,44
1,<environment.Job instance at 0x7f6b522211e0>,32,3,[10  3],33,-1,47,-1,44
1,<environment.Job instance at 0x7f6b52221550>,34,3,[2 8],35,-1,53,-1,50
1,<environment.Job instance at 0x7f6b52f32cd0>,2,2,[5 7],3,-1,5,-1,3
1,<environment.Job instance at 0x7f6b52f328c0>,3,1,[5 6],4,-1,5,-1,4
1,<environment.Job instance at 0x7f6b535f3f00>,6,2,[1 8],7,-1,9,-1,7
1,<environment.Job instance at 0x7fde47f589b0>,9,18,[11  5],10,-1,29,-1,11
1,<environment.Job instance at 0x7fde47f58d70>,17,3,[4 9],18,-1,44,-1,41
1,<environment.Job instance at 0x7fde47f5a190>,18,3,[4 7],19,-1,44,-1,41
1,<environment.Job instance at 0x7fde47f5a2d0>,20,1,[7 5],21,-1,53,-1,52
1,<environment.Job instance at 0x7fde47f5a4b0>,21,1,[6 5],22,-1,53,-1,52
1,<environment.Job instance at 0x7fde47f5a460>,22,1,[2 7],23,-1,53,-1,52
1,<environment.Job instance at 0x7fde47f5a140>,23,27,[1 6],24,-1,79,-1,52
1,<environment.Job instance at 0x7fde47f5a6e0>,26,3,[3 7],27,-1,74,-1,71
1,<environment.Job instance at 0x7fde47f5a820>,28,23,[10  4],29,-1,94,-1,71
1,<environment.Job instance at 0x7fde47f5ab40>,32,3,[5 1],33,-1,88,-1,85
1,<environment.Job instance at 0x7fde47f5ac80>,34,24,[1 8],35,-1,109,-1,85
1,<environment.Job instance at 0x7fde48306f50>,15,14,[14  5],16,-1,57,-1,43
1,<environment.Job instance at 0x7fde48306eb0>,16,15,[11  1],17,-1,58,-1,43
1,<environment.Job instance at 0x7fde47a77a00>,18,3,[10  4],19,-1,46,-1,43
1,<environment.Job instance at 0x7fde48306870>,19,1,[10  4],20,-1,44,-1,43
1,<environment.Job instance at 0x7fde4769e730>,21,26,[ 5 10],22,-1,69,-1,43
1,<environment.Job instance at 0x7fde47a10be0>,22,2,[6 2],23,-1,45,-1,43
1,<environment.Job instance at 0x7fde479db640>,26,3,[ 1 12],27,-1,62,-1,59
1,<environment.Job instance at 0x7fde479dbe60>,27,1,[1 5],28,-1,60,-1,59
1,<environment.Job instance at 0x7fde4787d190>,28,1,[3 6],29,-1,60,-1,59
1,<environment.Job instance at 0x7fde47609910>,30,2,[7 2],31,-1,70,-1,68
1,<environment.Job instance at 0x7fde479665f0>,31,1,[2 6],32,-1,69,-1,68
1,<environment.Job instance at 0x7fde47a2dd20>,32,3,[ 4 12],33,-1,71,-1,68
1,<environment.Job instance at 0x7fde47a2d2d0>,33,12,[ 4 11],34,-1,80,-1,68
1,<environment.Job instance at 0x7fde47a2d500>,34,1,[8 4],35,-1,69,-1,68
1,<environment.Job instance at 0x7fde475c0050>,17,1,[9 1],18,-1,22,-1,21
1,<environment.Job instance at 0x7fde475c02d0>,18,12,[14  4],19,-1,33,-1,21
1,<environment.Job instance at 0x7fde47640730>,27,1,[2 8],28,-1,59,-1,58
1,<environment.Job instance at 0x7fde47640a50>,28,2,[13  1],29,-1,60,-1,58
1,<environment.Job instance at 0x7fde476408c0>,37,3,[1 5],38,-1,82,-1,79
1,<environment.Job instance at 0x7fde47640690>,38,1,[10  5],39,-1,80,-1,79
1,<environment.Job instance at 0x7fde4764b3c0>,39,1,[ 2 10],40,-1,80,-1,79
1,<environment.Job instance at 0x7fde4789c550>,4,2,[8 5],5,-1,7,-1,5
1,<environment.Job instance at 0x7fde47a880f0>,3,23,[10  1],4,-1,28,-1,5
1,<environment.Job instance at 0x7fde47f344b0>,5,1,[8 1],6,-1,7,-1,6
1,<environment.Job instance at 0x7fde47b80a00>,6,28,[6 5],7,-1,35,-1,7
1,<environment.Job instance at 0x7fde47aadb40>,12,2,[2 6],13,-1,16,-1,14
1,<environment.Job instance at 0x7fde484bef00>,16,1,[2 7],17,-1,37,-1,36
1,<environment.Job instance at 0x7fde476ca7d0>,24,2,[7 4],25,-1,58,-1,56
1,<environment.Job instance at 0x7fde480b7320>,31,3,[4 5],32,-1,81,-1,78
1,<environment.Job instance at 0x7fde478cf050>,32,25,[6 3],33,-1,103,-1,78
1,<environment.Job instance at 0x7fde47a67230>,33,2,[5 1],34,-1,80,-1,78
1,<environment.Job instance at 0x7fde474d52d0>,6,25,[ 5 10],7,-1,32,-1,7
1,<environment.Job instance at 0x7fde474d5be0>,17,1,[5 5],18,-1,27,-1,26
1,<environment.Job instance at 0x7fde474d5c80>,18,2,[6 3],19,-1,28,-1,26
1,<environment.Job instance at 0x7fde474d5d20>,19,3,[7 2],20,-1,29,-1,26
1,<environment.Job instance at 0x7fde474d5e10>,23,2,[5 5],24,-1,39,-1,37
1,<environment.Job instance at 0x7fde474d8690>,29,3,[5 5],30,-1,53,-1,50
1,<environment.Job instance at 0x7fde474d87d0>,31,3,[9 4],32,-1,73,-1,70
1,<environment.Job instance at 0x7fde474d8a50>,35,2,[ 4 11],36,-1,72,-1,70
1,<environment.Job instance at 0x7fde474d8eb0>,38,1,[2 6],39,-1,83,-1,82
1,<environment.Job instance at 0x7fde47520e60>,11,3,[9 2],12,-1,15,-1,12
1,<environment.Job instance at 0x7fde47520460>,16,25,[3 8],17,-1,48,-1,23
1,<environment.Job instance at 0x7fde475208c0>,17,2,[2 8],18,-1,25,-1,23
1,<environment.Job instance at 0x7fde47520050>,18,3,[ 5 14],19,-1,26,-1,23
1,<environment.Job instance at 0x7fde47520500>,19,27,[9 3],20,-1,50,-1,23
1,<environment.Job instance at 0x7fde47520140>,21,3,[ 4 10],22,-1,28,-1,25
1,<environment.Job instance at 0x7fde47520a50>,22,24,[ 3 10],23,-1,49,-1,25
1,<environment.Job instance at 0x7fde475206e0>,23,1,[3 5],24,-1,26,-1,25
1,<environment.Job instance at 0x7fde474c33c0>,25,2,[6 3],26,-1,42,-1,40
1,<environment.Job instance at 0x7fde474c3fa0>,26,2,[3 8],27,-1,42,-1,40
1,<environment.Job instance at 0x7fde474c3320>,27,12,[ 2 12],28,-1,52,-1,40
1,<environment.Job instance at 0x7fde474c30f0>,28,27,[1 7],29,-1,67,-1,40
1,<environment.Job instance at 0x7fde474c3140>,32,2,[9 3],33,-1,59,-1,57
1,<environment.Job instance at 0x7fde474b6aa0>,35,3,[1 5],36,-1,76,-1,73
1,<environment.Job instance at 0x7fde474b69b0>,36,3,[9 3],37,-1,76,-1,73
1,<environment.Job instance at 0x7fde48234aa0>,9,27,[ 5 10],10,-1,37,-1,10
1,<environment.Job instance at 0x7fde48234f50>,13,2,[5 6],14,-1,16,-1,14
1,<environment.Job instance at 0x7fde48401780>,21,1,[8 5],22,-1,37,-1,36
1,<environment.Job instance at 0x7fde48401870>,23,2,[5 5],24,-1,39,-1,37
1,<environment.Job instance at 0x7fde484013c0>,26,13,[11  1],27,-1,61,-1,48
1,<environment.Job instance at 0x7fde48401280>,28,12,[ 5 12],29,-1,67,-1,55
1,<environment.Job instance at 0x7fde487aecd0>,33,2,[10  5],34,-1,83,-1,81
1,<environment.Job instance at 0x7fde4895be10>,11,27,[5 1],12,-1,43,-1,16
1,<environment.Job instance at 0x7fde4895b960>,14,3,[6 1],15,-1,37,-1,34
1,<environment.Job instance at 0x7fde474e17d0>,16,25,[8 3],17,-1,59,-1,34
1,<environment.Job instance at 0x7fde48995c80>,17,13,[13  1],18,-1,47,-1,34
1,<environment.Job instance at 0x7fde47c3b460>,6,14,[13  5],7,-1,21,-1,7
1,<environment.Job instance at 0x7fde47c6c460>,13,3,[5 8],14,-1,29,-1,26
1,<environment.Job instance at 0x7fde47c6c500>,14,1,[6 1],15,-1,27,-1,26
1,<environment.Job instance at 0x7fde47c6c3c0>,15,3,[1 5],16,-1,29,-1,26
1,<environment.Job instance at 0x7fde47c6cd20>,18,15,[ 3 13],19,-1,56,-1,41
1,<environment.Job instance at 0x7fde47c6c7d0>,19,1,[10  3],20,-1,42,-1,41
1,<environment.Job instance at 0x7fde47c6c140>,21,16,[ 2 10],22,-1,63,-1,47
1,<environment.Job instance at 0x7fde48655aa0>,23,18,[ 1 10],24,-1,76,-1,58
1,<environment.Job instance at 0x7fde48655d70>,24,1,[1 6],25,-1,59,-1,58
1,<environment.Job instance at 0x7fde48655640>,25,12,[8 1],26,-1,70,-1,58
1,<environment.Job instance at 0x7fde48655820>,26,18,[ 3 13],27,-1,76,-1,58
1,<environment.Job instance at 0x7fde48655c30>,31,1,[9 5],32,-1,74,-1,73
1,<environment.Job instance at 0x7fde48655460>,32,2,[ 2 10],33,-1,75,-1,73
1,<environment.Job instance at 0x7fde48655190>,34,2,[4 6],35,-1,90,-1,88
1,<environment.Job instance at 0x7fde48655d20>,35,2,[10  5],36,-1,90,-1,88
1,<environment.Job instance at 0x7fde48655910>,36,1,[5 7],37,-1,89,-1,88
1,<environment.Job instance at 0x7fde486552d0>,37,2,[ 4 14],38,-1,90,-1,88
1,<environment.Job instance at 0x7fde48617640>,6,2,[7 3],7,-1,10,-1,8
1,<environment.Job instance at 0x7fde48617780>,8,2,[2 7],9,-1,11,-1,9
1,<environment.Job instance at 0x7fde48617a00>,9,2,[4 6],10,-1,12,-1,10
1,<environment.Job instance at 0x7fde48617d20>,14,1,[8 1],15,-1,25,-1,24
1,<environment.Job instance at 0x7fde48617eb0>,16,16,[14  3],17,-1,55,-1,39
1,<environment.Job instance at 0x7fde48617fa0>,17,14,[12  5],18,-1,53,-1,39
1,<environment.Job instance at 0x7fde48604050>,19,2,[9 5],20,-1,41,-1,39
1,<environment.Job instance at 0x7fde486040a0>,20,1,[8 5],21,-1,40,-1,39
1,<environment.Job instance at 0x7fde47f06730>,5,3,[ 1 14],6,-1,9,-1,6
1,<environment.Job instance at 0x7fde4835ac80>,10,13,[11  4],11,-1,24,-1,11
1,<environment.Job instance at 0x7fde4835adc0>,11,12,[ 1 13],12,-1,24,-1,12
1,<environment.Job instance at 0x7fde4790f960>,21,2,[5 5],22,-1,57,-1,55
1,<environment.Job instance at 0x7fde4790fb90>,22,17,[ 2 14],23,-1,72,-1,55
1,<environment.Job instance at 0x7fde4790ff00>,23,2,[8 4],24,-1,57,-1,55
1,<environment.Job instance at 0x7fde4790f280>,24,1,[10  4],25,-1,56,-1,55
1,<environment.Job instance at 0x7fde47ecd4b0>,11,2,[6 2],12,-1,14,-1,12
1,<environment.Job instance at 0x7fde481aa0f0>,12,1,[10  2],13,-1,31,-1,30
1,<environment.Job instance at 0x7fde481aa730>,13,1,[2 9],14,-1,31,-1,30
1,<environment.Job instance at 0x7fde4879beb0>,14,1,[10  4],15,-1,31,-1,30
1,<environment.Job instance at 0x7fde4879b050>,15,3,[5 7],16,-1,33,-1,30
1,<environment.Job instance at 0x7fde4879b730>,16,1,[1 8],17,-1,31,-1,30
1,<environment.Job instance at 0x7fde4879b4b0>,17,3,[4 5],18,-1,33,-1,30
1,<environment.Job instance at 0x7fde48b17820>,27,2,[9 1],28,-1,68,-1,66
1,<environment.Job instance at 0x7fde48b171e0>,28,2,[ 2 10],29,-1,68,-1,66
1,<environment.Job instance at 0x7fde48b17f00>,31,14,[ 1 10],32,-1,98,-1,84
1,<environment.Job instance at 0x7fde48b17a00>,32,1,[3 9],33,-1,85,-1,84
1,<environment.Job instance at 0x7fde4795bd70>,14,2,[9 5],15,-1,28,-1,26
1,<environment.Job instance at 0x7fde4795b140>,16,17,[ 2 14],17,-1,47,-1,30
1,<environment.Job instance at 0x7fde4795baa0>,17,26,[10  5],18,-1,56,-1,30
1,<environment.Job instance at 0x7fde485390a0>,18,2,[7 5],19,-1,32,-1,30
1,<environment.Job instance at 0x7fde483eff50>,22,3,[1 7],23,-1,62,-1,59
1,<environment.Job instance at 0x7fde51135dc0>,27,1,[3 8],28,-1,88,-1,87
1,<environment.Job instance at 0x7fde480a91e0>,29,3,[6 1],30,-1,91,-1,88
1,<environment.Job instance at 0x7fde480a9460>,30,2,[2 6],31,-1,90,-1,88
1,<environment.Job instance at 0x7fde480a9fa0>,31,2,[7 1],32,-1,90,-1,88
1,<environment.Job instance at 0x7fde47576410>,32,3,[6 1],33,-1,91,-1,88
1,<environment.Job instance at 0x7fde47576730>,33,23,[1 7],34,-1,111,-1,88
1,<environment.Job instance at 0x7fde481c7730>,16,2,[ 2 10],17,-1,33,-1,31
1,<environment.Job instance at 0x7fde4839deb0>,17,16,[11  5],18,-1,50,-1,34
1,<environment.Job instance at 0x7fde472d3b40>,19,3,[10  4],20,-1,38,-1,35
1,<environment.Job instance at 0x7fde47e67eb0>,21,3,[13  1],22,-1,48,-1,45
1,<environment.Job instance at 0x7fde47239af0>,22,3,[3 7],23,-1,48,-1,45
1,<environment.Job instance at 0x7fde47fadd20>,23,3,[5 4],24,-1,48,-1,45
1,<environment.Job instance at 0x7fde47e61370>,27,1,[ 5 10],28,-1,65,-1,64
1,<environment.Job instance at 0x7fde47ea6690>,29,2,[1 9],30,-1,66,-1,64
1,<environment.Job instance at 0x7fde47ea6460>,31,2,[10  4],32,-1,66,-1,64
1,<environment.Job instance at 0x7fde48274b90>,8,1,[1 5],9,-1,11,-1,10
1,<environment.Job instance at 0x7fde48274c80>,13,2,[ 3 10],14,-1,16,-1,14
1,<environment.Job instance at 0x7fde48274d20>,18,15,[1 8],19,-1,52,-1,37
1,<environment.Job instance at 0x7fde48274fa0>,19,2,[ 3 10],20,-1,39,-1,37
1,<environment.Job instance at 0x7fde481ce500>,21,2,[6 2],22,-1,41,-1,39
1,<environment.Job instance at 0x7fde481ceb40>,22,12,[10  2],23,-1,51,-1,39
1,<environment.Job instance at 0x7fde481ce050>,23,1,[5 5],24,-1,40,-1,39
1,<environment.Job instance at 0x7fde481ceaf0>,24,18,[ 2 10],25,-1,57,-1,39
1,<environment.Job instance at 0x7fde481ce8c0>,26,18,[ 2 10],27,-1,59,-1,41
1,<environment.Job instance at 0x7fde481ce870>,28,3,[6 2],29,-1,58,-1,55
1,<environment.Job instance at 0x7fde481cea50>,29,1,[6 1],30,-1,56,-1,55
1,<environment.Job instance at 0x7fde481ce280>,33,3,[ 2 10],34,-1,75,-1,72
1,<environment.Job instance at 0x7fde481ce1e0>,36,3,[1 8],37,-1,88,-1,85
1,<environment.Job instance at 0x7fde47151dc0>,37,1,[3 5],38,-1,86,-1,85
1,<environment.Job instance at 0x7fde471515a0>,38,25,[5 5],39,-1,110,-1,85
1,<environment.Job instance at 0x7fde48354be0>,39,2,[5 1],40,-1,87,-1,85
1,<environment.Job instance at 0x7fde47860780>,40,18,[14  5],41,-1,103,-1,85
1,<environment.Job instance at 0x7fde47dacb90>,41,15,[ 1 12],42,-1,100,-1,85
1,<environment.Job instance at 0x7fde47f2c5f0>,20,1,[7 1],21,-1,29,-1,28
1,<environment.Job instance at 0x7fde47f2c280>,21,2,[2 6],22,-1,30,-1,28
1,<environment.Job instance at 0x7fde47e8bcd0>,26,1,[5 5],27,-1,41,-1,40
1,<environment.Job instance at 0x7fde47e8bfa0>,27,15,[13  3],28,-1,55,-1,40
1,<environment.Job instance at 0x7fde479a4b90>,28,3,[2 5],29,-1,43,-1,40
1,<environment.Job instance at 0x7fde47f4dd70>,29,1,[5 1],30,-1,41,-1,40
1,<environment.Job instance at 0x7fde47e739b0>,30,2,[10  1],31,-1,42,-1,40
1,<environment.Job instance at 0x7fde479a4be0>,31,3,[2 9],32,-1,43,-1,40
1,<environment.Job instance at 0x7fde47e731e0>,32,3,[10  3],33,-1,43,-1,40
1,<environment.Job instance at 0x7fde4757fb90>,37,2,[5 7],38,-1,75,-1,73
1,<environment.Job instance at 0x7fde47578c30>,39,1,[6 3],40,-1,74,-1,73
1,<environment.Job instance at 0x7fde47578a00>,41,2,[ 2 13],42,-1,84,-1,82
1,<environment.Job instance at 0x7fde48b28aa0>,42,1,[5 5],43,-1,83,-1,82
1,<environment.Job instance at 0x7fde4735a5f0>,3,26,[2 9],4,-1,30,-1,4
1,<environment.Job instance at 0x7fde4735a5a0>,6,13,[12  4],7,-1,20,-1,7
1,<environment.Job instance at 0x7fde4736af00>,15,3,[5 5],16,-1,30,-1,27
1,<environment.Job instance at 0x7fde47365d20>,16,1,[5 3],17,-1,28,-1,27
1,<environment.Job instance at 0x7fde47365aa0>,18,3,[10  4],19,-1,30,-1,27
1,<environment.Job instance at 0x7fde47365050>,20,1,[1 7],21,-1,40,-1,39
1,<environment.Job instance at 0x7fde47365550>,22,2,[1 9],23,-1,41,-1,39
1,<environment.Job instance at 0x7fde47365730>,23,2,[6 3],24,-1,41,-1,39
1,<environment.Job instance at 0x7fde47365f00>,26,1,[6 3],27,-1,41,-1,40
1,<environment.Job instance at 0x7fde47365a00>,27,1,[5 4],28,-1,41,-1,40
1,<environment.Job instance at 0x7fde482c8960>,34,2,[7 3],35,-1,72,-1,70
1,<environment.Job instance at 0x7fde479135f0>,19,2,[6 3],20,-1,22,-1,20
1,<environment.Job instance at 0x7fde47913550>,22,14,[ 2 12],23,-1,42,-1,28
1,<environment.Job instance at 0x7fde47913140>,23,1,[7 3],24,-1,29,-1,28
1,<environment.Job instance at 0x7fde47913b90>,24,3,[3 7],25,-1,31,-1,28
1,<environment.Job instance at 0x7fde47913c80>,25,15,[ 2 12],26,-1,43,-1,28
1,<environment.Job instance at 0x7fde47913e10>,26,1,[3 9],27,-1,29,-1,28
1,<environment.Job instance at 0x7fde479137d0>,28,3,[9 1],29,-1,39,-1,36
1,<environment.Job instance at 0x7fde47913aa0>,31,3,[2 8],32,-1,54,-1,51
1,<environment.Job instance at 0x7fde47913cd0>,32,12,[10  3],33,-1,66,-1,54
1,<environment.Job instance at 0x7fde4809a460>,35,1,[5 7],36,-1,68,-1,67
1,<environment.Job instance at 0x7fde4809aaa0>,3,2,[9 4],4,-1,6,-1,4
1,<environment.Job instance at 0x7fde47b33b90>,5,2,[ 5 10],6,-1,8,-1,6
1,<environment.Job instance at 0x7fde48aab5f0>,7,2,[8 3],8,-1,19,-1,17
1,<environment.Job instance at 0x7fde47d0ad20>,28,25,[ 5 10],29,-1,87,-1,62
1,<environment.Job instance at 0x7fde472e8230>,31,12,[ 5 11],32,-1,91,-1,79
1,<environment.Job instance at 0x7fc76c6c9a00>,9,18,[11  5],10,-1,28,-1,10
1,<environment.Job instance at 0x7fc76c6c9eb0>,17,3,[4 9],18,-1,44,-1,41
1,<environment.Job instance at 0x7fc76c6cb1e0>,18,3,[4 7],19,-1,44,-1,41
1,<environment.Job instance at 0x7fc76c6cb320>,20,1,[7 5],21,-1,53,-1,52
1,<environment.Job instance at 0x7fc76c6cb500>,21,1,[6 5],22,-1,53,-1,52
1,<environment.Job instance at 0x7fc76c6cb4b0>,22,1,[2 7],23,-1,53,-1,52
1,<environment.Job instance at 0x7fc76c6cb190>,23,27,[1 6],24,-1,79,-1,52
1,<environment.Job instance at 0x7fc76c6cb910>,28,23,[10  4],29,-1,94,-1,71
1,<environment.Job instance at 0x7fc76c6cbb90>,32,3,[5 1],33,-1,88,-1,85
1,<environment.Job instance at 0x7fc76c6cbcd0>,34,24,[1 8],35,-1,120,-1,96
1,<environment.Job instance at 0x7fc76c828be0>,11,26,[ 5 10],12,-1,40,-1,14
1,<environment.Job instance at 0x7fc76c8678c0>,16,3,[ 1 12],17,-1,35,-1,32
1,<environment.Job instance at 0x7fc76be10050>,22,3,[ 4 12],23,-1,47,-1,44
1,<environment.Job instance at 0x7fc76c1a2af0>,23,12,[ 4 11],24,-1,56,-1,44
1,<environment.Job instance at 0x7fc76c1d7550>,28,23,[ 2 14],29,-1,92,-1,69
1,<environment.Job instance at 0x7fc76bf1ffa0>,7,1,[2 8],8,-1,58,-1,57
1,<environment.Job instance at 0x7fc76c019640>,23,14,[11  3],24,-1,71,-1,57
1,<environment.Job instance at 0x7fc76c019a00>,25,1,[3 8],26,-1,75,-1,74
1,<environment.Job instance at 0x7fc76c1ce460>,2,25,[6 3],3,-1,28,-1,3
1,<environment.Job instance at 0x7fc76c1b4140>,10,1,[ 1 10],11,-1,13,-1,12
1,<environment.Job instance at 0x7fc76c33cd20>,12,1,[5 9],13,-1,14,-1,13
1,<environment.Job instance at 0x7fc76be17320>,30,24,[2 8],31,-1,88,-1,64
1,<environment.Job instance at 0x7fc76c0d6370>,31,24,[9 1],32,-1,88,-1,64
1,<environment.Job instance at 0x7fc76c0d6550>,32,3,[7 1],33,-1,67,-1,64
1,<environment.Job instance at 0x7fc76bd36730>,33,24,[10  5],34,-1,88,-1,64
1,<environment.Job instance at 0x7fc76bd36280>,34,23,[10  2],35,-1,87,-1,64
1,<environment.Job instance at 0x7fc76bd44f50>,35,15,[ 1 11],36,-1,79,-1,64
1,<environment.Job instance at 0x7fc76c0a25a0>,3,2,[ 2 14],4,-1,6,-1,4
1,<environment.Job instance at 0x7fc76c0a21e0>,4,17,[ 5 14],5,-1,22,-1,5
1,<environment.Job instance at 0x7fc76c08d410>,7,2,[12  2],8,-1,10,-1,8
1,<environment.Job instance at 0x7fc76c0744b0>,12,2,[12  5],13,-1,21,-1,19
1,<environment.Job instance at 0x7fc76c074f50>,17,2,[6 4],18,-1,21,-1,19
1,<environment.Job instance at 0x7fc76cd1e460>,32,1,[ 5 10],33,-1,66,-1,65
1,<environment.Job instance at 0x7fc76cd12c80>,33,1,[ 5 12],34,-1,66,-1,65
1,<environment.Job instance at 0x7fc76cb370a0>,37,2,[10  4],38,-1,83,-1,81
1,<environment.Job instance at 0x7fc76bce9b40>,7,2,[2 6],8,-1,11,-1,9
1,<environment.Job instance at 0x7fc76bd07e60>,28,2,[5 7],29,-1,96,-1,94
1,<environment.Job instance at 0x7fc76ce6e730>,7,3,[ 1 12],8,-1,11,-1,8
1,<environment.Job instance at 0x7fc76ce6e0f0>,8,15,[ 3 11],9,-1,24,-1,9
1,<environment.Job instance at 0x7fc76ce6e230>,15,15,[ 2 11],16,-1,31,-1,16
1,<environment.Job instance at 0x7fc76ce6e2d0>,16,23,[7 4],17,-1,41,-1,18
1,<environment.Job instance at 0x7fc76ce6e460>,17,1,[9 4],18,-1,19,-1,18
1,<environment.Job instance at 0x7fc76d011c80>,38,1,[ 3 10],39,-1,75,-1,74
1,<environment.Job instance at 0x7fc76d090fa0>,41,27,[5 1],42,-1,118,-1,91
1,<environment.Job instance at 0x7fc76c5cf8c0>,11,14,[ 3 14],12,-1,26,-1,12
1,<environment.Job instance at 0x7fc76c5cfdc0>,16,17,[11  2],17,-1,43,-1,26
1,<environment.Job instance at 0x7fc76ce84550>,5,18,[14  2],6,-1,24,-1,6
1,<environment.Job instance at 0x7fc76ce84b90>,6,1,[5 7],7,-1,8,-1,7
1,<environment.Job instance at 0x7fc76d0b9730>,21,3,[ 4 12],22,-1,29,-1,26
1,<environment.Job instance at 0x7fc76d0ede60>,5,3,[ 1 14],6,-1,9,-1,6
1,<environment.Job instance at 0x7fc76c298f50>,9,3,[10  2],10,-1,13,-1,10
1,<environment.Job instance at 0x7fc76c2697d0>,10,13,[11  4],11,-1,24,-1,11
1,<environment.Job instance at 0x7fc76d0c8d20>,11,12,[ 1 13],12,-1,24,-1,12
1,<environment.Job instance at 0x7fc76d0de690>,17,2,[3 7],18,-1,36,-1,34
1,<environment.Job instance at 0x7fc76d0de9b0>,21,2,[5 5],22,-1,57,-1,55
1,<environment.Job instance at 0x7fc76c1385f0>,22,17,[ 2 14],23,-1,72,-1,55
1,<environment.Job instance at 0x7fc76c138500>,23,2,[8 4],24,-1,57,-1,55
1,<environment.Job instance at 0x7fc76c138cd0>,24,1,[10  4],25,-1,56,-1,55
1,<environment.Job instance at 0x7fc76cadba50>,30,2,[8 1],31,-1,93,-1,91
1,<environment.Job instance at 0x7fc76be29320>,31,1,[9 4],32,-1,92,-1,91
1,<environment.Job instance at 0x7fc76d0ecb90>,33,2,[1 7],34,-1,101,-1,99
1,<environment.Job instance at 0x7fc76d0ec370>,34,2,[1 6],35,-1,101,-1,99
1,<environment.Job instance at 0x7fc76d0ec050>,7,22,[6 1],8,-1,32,-1,10
1,<environment.Job instance at 0x7fc76c9c7910>,12,2,[8 2],13,-1,18,-1,16
1,<environment.Job instance at 0x7fc76c9c7230>,19,2,[3 7],20,-1,28,-1,26
1,<environment.Job instance at 0x7fc76c9c7b90>,25,1,[7 1],26,-1,72,-1,71
1,<environment.Job instance at 0x7fc76c9c7140>,26,23,[5 5],27,-1,94,-1,71
1,<environment.Job instance at 0x7fc76c9c7500>,27,1,[2 6],28,-1,72,-1,71
1,<environment.Job instance at 0x7fc76c9c7f00>,29,25,[7 3],30,-1,110,-1,85
1,<environment.Job instance at 0x7fc76d213eb0>,30,1,[12  5],31,-1,86,-1,85
1,<environment.Job instance at 0x7fc76d213cd0>,32,1,[5 2],33,-1,86,-1,85
1,<environment.Job instance at 0x7fc76babaaa0>,11,14,[ 1 10],12,-1,38,-1,24
1,<environment.Job instance at 0x7fc76baba0f0>,15,1,[5 6],16,-1,25,-1,24
1,<environment.Job instance at 0x7fc76babaf00>,17,3,[9 4],18,-1,27,-1,24
1,<environment.Job instance at 0x7fc76baba230>,18,3,[6 3],19,-1,27,-1,24
1,<environment.Job instance at 0x7fc76baba7d0>,19,2,[10  3],20,-1,26,-1,24
1,<environment.Job instance at 0x7fc76baba1e0>,20,1,[4 8],21,-1,25,-1,24
1,<environment.Job instance at 0x7fc76c709640>,16,1,[9 3],17,-1,51,-1,50
1,<environment.Job instance at 0x7fc76c709f00>,18,3,[5 8],19,-1,53,-1,50
1,<environment.Job instance at 0x7fc76c709e10>,19,2,[3 9],20,-1,52,-1,50
1,<environment.Job instance at 0x7fc76c709050>,21,12,[8 2],22,-1,72,-1,60
1,<environment.Job instance at 0x7fc76c709c80>,22,22,[5 3],23,-1,82,-1,60
1,<environment.Job instance at 0x7fc76c7096e0>,23,1,[8 4],24,-1,61,-1,60
1,<environment.Job instance at 0x7fc76c709aa0>,25,1,[8 5],26,-1,68,-1,67
1,<environment.Job instance at 0x7fc76c709960>,26,3,[2 5],27,-1,70,-1,67
1,<environment.Job instance at 0x7fc76c7099b0>,27,24,[2 8],28,-1,91,-1,67
1,<environment.Job instance at 0x7fc76c709320>,28,2,[5 7],29,-1,69,-1,67
1,<environment.Job instance at 0x7fc76c709280>,29,13,[14  2],30,-1,80,-1,67
1,<environment.Job instance at 0x7fc76c7098c0>,30,12,[ 5 10],31,-1,79,-1,67
1,<environment.Job instance at 0x7fc775a8d050>,34,13,[1 9],35,-1,103,-1,90
1,<environment.Job instance at 0x7fc775a8d690>,35,12,[5 2],36,-1,102,-1,90
1,<environment.Job instance at 0x7fc76c678410>,6,1,[11  1],7,-1,8,-1,7
1,<environment.Job instance at 0x7fc76c678190>,11,28,[7 5],12,-1,41,-1,13
1,<environment.Job instance at 0x7fc76c678690>,13,2,[14  5],14,-1,16,-1,14
1,<environment.Job instance at 0x7fc76c678550>,14,26,[7 1],15,-1,41,-1,15
1,<environment.Job instance at 0x7fc76c511c80>,23,3,[6 1],24,-1,48,-1,45
1,<environment.Job instance at 0x7fc76c5112d0>,24,3,[1 6],25,-1,48,-1,45
1,<environment.Job instance at 0x7fc76c511e10>,26,1,[7 1],27,-1,46,-1,45
1,<environment.Job instance at 0x7fc76c511140>,27,13,[13  4],28,-1,58,-1,45
1,<environment.Job instance at 0x7fc7758fd1e0>,30,24,[10  5],31,-1,87,-1,63
1,<environment.Job instance at 0x7fc7758fdcd0>,31,3,[ 4 12],32,-1,66,-1,63
1,<environment.Job instance at 0x7fc7758fd960>,35,18,[ 2 11],36,-1,116,-1,98
1,<environment.Job instance at 0x7fc7758fd4b0>,36,13,[11  3],37,-1,111,-1,98
1,<environment.Job instance at 0x7fc76bdb6d70>,11,2,[5 4],12,-1,16,-1,14
1,<environment.Job instance at 0x7fc76bdb6690>,16,3,[1 8],17,-1,30,-1,27
1,<environment.Job instance at 0x7fc76bdb6f00>,17,3,[6 1],18,-1,30,-1,27
1,<environment.Job instance at 0x7fc76bdb6370>,18,18,[13  3],19,-1,45,-1,27
1,<environment.Job instance at 0x7fc76bdb6500>,19,1,[ 4 14],20,-1,28,-1,27
1,<environment.Job instance at 0x7fc76bba3550>,21,1,[5 5],22,-1,28,-1,27
1,<environment.Job instance at 0x7fc76bba3aa0>,22,16,[14  1],23,-1,43,-1,27
1,<environment.Job instance at 0x7fc76bba30a0>,25,1,[ 5 13],26,-1,42,-1,41
1,<environment.Job instance at 0x7fc76bba37d0>,26,1,[8 5],27,-1,42,-1,41
1,<environment.Job instance at 0x7fc76bba3e60>,27,3,[3 6],28,-1,44,-1,41
1,<environment.Job instance at 0x7fc76bba3b90>,28,2,[2 9],29,-1,43,-1,41
1,<environment.Job instance at 0x7fc76bba36e0>,31,22,[2 9],32,-1,78,-1,56
1,<environment.Job instance at 0x7fc76bba3d20>,32,2,[5 5],33,-1,58,-1,56
1,<environment.Job instance at 0x7fc76bba3eb0>,33,3,[ 5 11],34,-1,59,-1,56
1,<environment.Job instance at 0x7fc76bba3d70>,34,1,[9 1],35,-1,57,-1,56
1,<environment.Job instance at 0x7fc76ba49550>,37,2,[9 2],38,-1,71,-1,69
1,<environment.Job instance at 0x7fc76ba49820>,38,1,[5 5],39,-1,70,-1,69
1,<environment.Job instance at 0x7fc76ba49140>,40,2,[7 1],41,-1,78,-1,76
1,<environment.Job instance at 0x7fc76ba493c0>,41,3,[ 3 11],42,-1,79,-1,76
1,<environment.Job instance at 0x7fc76ba49960>,42,1,[ 3 10],43,-1,77,-1,76
1,<environment.Job instance at 0x7fc76ba49320>,44,1,[2 5],45,-1,82,-1,81
1,<environment.Job instance at 0x7fc76ba49370>,45,3,[10  1],46,-1,84,-1,81
1,<environment.Job instance at 0x7fc76ba490f0>,46,3,[2 5],47,-1,84,-1,81
1,<environment.Job instance at 0x7fc76ba49aa0>,48,18,[ 4 12],49,-1,107,-1,89
1,<environment.Job instance at 0x7fc76c638820>,49,2,[1 8],50,-1,91,-1,89
1,<environment.Job instance at 0x7fc76c638230>,50,12,[10  4],51,-1,102,-1,90
1,<environment.Job instance at 0x7fc76ccf0140>,20,22,[1 9],21,-1,76,-1,54
1,<environment.Job instance at 0x7fc76c72b640>,21,1,[5 1],22,-1,55,-1,54
1,<environment.Job instance at 0x7fc76ccf0230>,22,2,[5 7],23,-1,56,-1,54
1,<environment.Job instance at 0x7fc76ccf0460>,23,1,[5 6],24,-1,55,-1,54
1,<environment.Job instance at 0x7fc76ccf03c0>,25,14,[10  1],26,-1,68,-1,54
1,<environment.Job instance at 0x7fc76ccf0820>,26,2,[1 8],27,-1,56,-1,54
1,<environment.Job instance at 0x7fc76ccf0dc0>,28,2,[ 4 12],29,-1,71,-1,69
1,<environment.Job instance at 0x7fc76d2275f0>,30,3,[ 4 10],31,-1,73,-1,70
1,<environment.Job instance at 0x7fc76d227aa0>,31,16,[2 6],32,-1,86,-1,70
1,<environment.Job instance at 0x7fc76d227e60>,32,17,[8 1],33,-1,91,-1,74
1,<environment.Job instance at 0x7fc76d227e10>,33,26,[2 9],34,-1,100,-1,74
1,<environment.Job instance at 0x7fc775d6a960>,2,28,[8 2],3,-1,31,-1,3
1,<environment.Job instance at 0x7fc775d3b0f0>,15,1,[2 5],16,-1,17,-1,16
1,<environment.Job instance at 0x7fc775d3b550>,17,3,[9 2],18,-1,27,-1,24
1,<environment.Job instance at 0x7fc76ba2bf00>,24,26,[7 4],25,-1,51,-1,25
1,<environment.Job instance at 0x7fc76ba2ba50>,25,1,[12  3],26,-1,27,-1,26
1,<environment.Job instance at 0x7fc76ba2b5f0>,26,2,[5 5],27,-1,29,-1,27
1,<environment.Job instance at 0x7fc76ba2b410>,27,2,[9 3],28,-1,30,-1,28
1,<environment.Job instance at 0x7fc76ba2b870>,33,1,[10  5],34,-1,45,-1,44
1,<environment.Job instance at 0x7fc76ba2bc30>,36,2,[3 5],37,-1,60,-1,58
1,<environment.Job instance at 0x7fc76ce00690>,37,1,[5 1],38,-1,59,-1,58
1,<environment.Job instance at 0x7fc76ce00a00>,38,16,[14  5],39,-1,74,-1,58
1,<environment.Job instance at 0x7fc76ce00820>,39,2,[6 3],40,-1,60,-1,58
1,<environment.Job instance at 0x7fc76ce00460>,42,14,[ 2 12],43,-1,101,-1,87
1,<environment.Job instance at 0x7fc76ce003c0>,43,1,[7 3],44,-1,88,-1,87
1,<environment.Job instance at 0x7fc76ce00b90>,44,3,[3 7],45,-1,90,-1,87
1,<environment.Job instance at 0x7fc76ce009b0>,45,15,[ 2 12],46,-1,102,-1,87
1,<environment.Job instance at 0x7fc76ce007d0>,46,1,[3 9],47,-1,88,-1,87
1,<environment.Job instance at 0x7fc76ce00960>,48,3,[9 1],49,-1,90,-1,87
1,<environment.Job instance at 0x7fc76d28d410>,13,2,[9 4],14,-1,26,-1,24
1,<environment.Job instance at 0x7fc76c099b90>,17,2,[8 3],18,-1,43,-1,41
1,<environment.Job instance at 0x7fc76c099640>,19,3,[ 4 10],20,-1,57,-1,54
1,<environment.Job instance at 0x7fc76c09fc80>,29,1,[6 1],30,-1,76,-1,75
1,<environment.Job instance at 0x7fc76c09f4b0>,31,1,[6 1],32,-1,87,-1,86
1,<environment.Job instance at 0x7fc76c09feb0>,32,2,[ 4 10],33,-1,88,-1,86
1,<environment.Job instance at 0x7fc76c09f370>,33,2,[4 7],34,-1,88,-1,86
1,<environment.Job instance at 0x7fc76c09f820>,35,23,[7 4],36,-1,113,-1,90
1,<environment.Job instance at 0x7fc76c09ff00>,38,25,[ 5 10],39,-1,116,-1,91
1,<environment.Job instance at 0x7fc76c923fa0>,7,1,[6 4],8,-1,11,-1,10
1,<environment.Job instance at 0x7fc76cf356e0>,12,28,[5 1],13,-1,41,-1,13
1,<environment.Job instance at 0x7fc76cf35a00>,13,2,[1 9],14,-1,16,-1,14
1,<environment.Job instance at 0x7fc76cf35fa0>,17,1,[6 2],18,-1,28,-1,27
1,<environment.Job instance at 0x7fc76cf35960>,22,1,[6 3],23,-1,44,-1,43
1,<environment.Job instance at 0x7fc76cf35f00>,23,2,[4 5],24,-1,45,-1,43
1,<environment.Job instance at 0x7fc76cf35370>,24,23,[2 9],25,-1,66,-1,43
1,<environment.Job instance at 0x7fc76cf35280>,26,3,[14  4],27,-1,51,-1,48
1,<environment.Job instance at 0x7fc76cf35f50>,28,2,[10  1],29,-1,50,-1,48
1,<environment.Job instance at 0x7fc76bda7dc0>,40,28,[1 5],41,-1,127,-1,99
1,<environment.Job instance at 0x7fc76bda7e10>,41,1,[9 5],42,-1,100,-1,99
1,<environment.Job instance at 0x7fc76bda7e60>,42,3,[5 9],43,-1,102,-1,99
1,<environment.Job instance at 0x7fc76bb7d190>,10,3,[ 5 10],11,-1,15,-1,12
1,<environment.Job instance at 0x7fc76d123690>,12,1,[2 8],13,-1,14,-1,13
1,<environment.Job instance at 0x7fc76d123870>,15,15,[ 2 12],16,-1,36,-1,21
1,<environment.Job instance at 0x7fc76d1239b0>,17,2,[10  5],18,-1,23,-1,21
1,<environment.Job instance at 0x7fc76d123a50>,18,3,[10  4],19,-1,24,-1,21
1,<environment.Job instance at 0x7fc76d123b90>,20,2,[1 8],21,-1,35,-1,33
1,<environment.Job instance at 0x7fc76d123eb0>,23,1,[ 4 10],24,-1,52,-1,51
1,<environment.Job instance at 0x7fc76d123f50>,24,24,[5 8],25,-1,75,-1,51
1,<environment.Job instance at 0x7fc76d123e10>,25,1,[1 5],26,-1,52,-1,51
1,<environment.Job instance at 0x7fc76d123780>,26,24,[10  2],27,-1,75,-1,51
1,<environment.Job instance at 0x7fc76c981230>,28,1,[2 6],29,-1,52,-1,51
1,<environment.Job instance at 0x7fc76c981370>,30,2,[14  3],31,-1,65,-1,63
1,<environment.Job instance at 0x7fc76c981410>,31,1,[3 9],32,-1,64,-1,63
1,<environment.Job instance at 0x7efc43657910>,7,1,[5 4],8,-1,9,-1,8
1,<environment.Job instance at 0x7efc436575f0>,9,18,[11  5],10,-1,34,-1,16
1,<environment.Job instance at 0x7efc43659870>,28,23,[10  4],29,-1,116,-1,93
1,<environment.Job instance at 0x7efc43659aa0>,32,3,[5 1],33,-1,109,-1,106
1,<environment.Job instance at 0x7efc43a9beb0>,6,3,[ 1 12],7,-1,10,-1,7
1,<environment.Job instance at 0x7efc43af81e0>,13,12,[ 4 11],14,-1,26,-1,14
1,<environment.Job instance at 0x7efc43af8410>,14,1,[8 4],15,-1,16,-1,15
1,<environment.Job instance at 0x7efc42fad730>,19,2,[1 8],20,-1,31,-1,29
1,<environment.Job instance at 0x7efc42d9d640>,21,1,[3 9],22,-1,30,-1,29
1,<environment.Job instance at 0x7efc42da09b0>,22,13,[ 5 10],23,-1,49,-1,36
1,<environment.Job instance at 0x7efc4316e460>,29,18,[ 1 12],30,-1,81,-1,63
1,<environment.Job instance at 0x7efc42d0bfa0>,3,14,[11  3],4,-1,18,-1,4
1,<environment.Job instance at 0x7efc42d0b230>,13,1,[ 4 10],14,-1,27,-1,26
1,<environment.Job instance at 0x7efc42d5be60>,14,3,[4 7],15,-1,29,-1,26
1,<environment.Job instance at 0x7efc42d5baf0>,15,1,[10  1],16,-1,27,-1,26
1,<environment.Job instance at 0x7efc42d5b820>,17,3,[1 6],18,-1,42,-1,39
1,<environment.Job instance at 0x7efc42d5bc30>,19,2,[5 8],20,-1,46,-1,44
1,<environment.Job instance at 0x7efc42d5b0f0>,20,24,[ 1 10],21,-1,68,-1,44
1,<environment.Job instance at 0x7efc42d5b8c0>,21,2,[9 5],22,-1,46,-1,44
1,<environment.Job instance at 0x7efc42d5b050>,22,2,[9 3],23,-1,46,-1,44
1,<environment.Job instance at 0x7efc42d5b2d0>,23,24,[7 4],24,-1,68,-1,44
1,<environment.Job instance at 0x7efc42d5b190>,25,3,[12  3],26,-1,47,-1,44
1,<environment.Job instance at 0x7efc42d5b9b0>,27,2,[4 5],28,-1,60,-1,58
1,<environment.Job instance at 0x7efc42d5bcd0>,29,3,[5 1],30,-1,65,-1,62
1,<environment.Job instance at 0x7efc42d5b550>,30,3,[7 3],31,-1,65,-1,62
1,<environment.Job instance at 0x7efc42d5b780>,31,27,[4 7],32,-1,89,-1,62
1,<environment.Job instance at 0x7efc42d5be10>,32,26,[8 4],33,-1,88,-1,62
1,<environment.Job instance at 0x7efc42d5b640>,33,12,[9 1],34,-1,83,-1,71
1,<environment.Job instance at 0x7efc42d5b6e0>,35,16,[14  1],36,-1,87,-1,71
1,<environment.Job instance at 0x7efc42d5b870>,36,3,[9 1],37,-1,74,-1,71
1,<environment.Job instance at 0x7efc42d71cd0>,39,1,[5 4],40,-1,90,-1,89
1,<environment.Job instance at 0x7efc42d71a50>,40,25,[ 3 10],41,-1,114,-1,89
1,<environment.Job instance at 0x7efc42d71e60>,41,1,[ 2 10],42,-1,90,-1,89
1,<environment.Job instance at 0x7efc42d71e10>,42,1,[3 9],43,-1,90,-1,89
1,<environment.Job instance at 0x7efc42d71690>,43,2,[4 7],44,-1,91,-1,89
1,<environment.Job instance at 0x7efc434c7dc0>,49,3,[4 7],50,-1,105,-1,102
1,<environment.Job instance at 0x7efc430500a0>,2,3,[7 1],3,-1,7,-1,4
1,<environment.Job instance at 0x7efc434c7e10>,3,24,[10  5],4,-1,28,-1,4
1,<environment.Job instance at 0x7efc4308c730>,13,3,[3 5],14,-1,33,-1,30
1,<environment.Job instance at 0x7efc4308caf0>,15,12,[ 4 10],16,-1,42,-1,30
1,<environment.Job instance at 0x7efc4308c410>,16,1,[2 6],17,-1,31,-1,30
1,<environment.Job instance at 0x7efc42da8b90>,17,15,[ 3 12],18,-1,45,-1,30
1,<environment.Job instance at 0x7efc4308c960>,18,2,[5 7],19,-1,32,-1,30
1,<environment.Job instance at 0x7efc42d43b40>,21,2,[6 3],22,-1,45,-1,43
1,<environment.Job instance at 0x7efc43a9bf00>,25,3,[9 4],26,-1,68,-1,65
1,<environment.Job instance at 0x7efc43069cd0>,28,2,[9 4],29,-1,81,-1,79
1,<environment.Job instance at 0x7efc43069960>,29,3,[ 2 10],30,-1,82,-1,79
1,<environment.Job instance at 0x7efc43069410>,30,27,[ 5 10],31,-1,106,-1,79
1,<environment.Job instance at 0x7efc42d44a50>,33,3,[4 8],34,-1,99,-1,96
1,<environment.Job instance at 0x7efc43a7baf0>,35,3,[3 8],36,-1,99,-1,96
1,<environment.Job instance at 0x7efc43146500>,36,25,[ 5 10],37,-1,121,-1,96
1,<environment.Job instance at 0x7efc42ff99b0>,4,3,[14  4],5,-1,8,-1,5
1,<environment.Job instance at 0x7efc42ff71e0>,9,27,[1 5],10,-1,44,-1,17
1,<environment.Job instance at 0x7efc43004af0>,17,19,[14  4],18,-1,37,-1,18
1,<environment.Job instance at 0x7efc43004910>,19,14,[ 5 11],20,-1,38,-1,24
1,<environment.Job instance at 0x7efc4301be10>,23,2,[9 1],24,-1,41,-1,39
1,<environment.Job instance at 0x7efc4301b410>,24,2,[1 8],25,-1,41,-1,39
1,<environment.Job instance at 0x7efc4301b870>,26,25,[3 8],27,-1,65,-1,40
1,<environment.Job instance at 0x7efc4301b7d0>,27,2,[2 8],28,-1,42,-1,40
1,<environment.Job instance at 0x7efc4301b5f0>,28,3,[ 5 14],29,-1,43,-1,40
1,<environment.Job instance at 0x7efc4301b9b0>,29,27,[9 3],30,-1,67,-1,40
1,<environment.Job instance at 0x7efc43015870>,31,3,[ 4 10],32,-1,57,-1,54
1,<environment.Job instance at 0x7efc430155a0>,32,24,[ 3 10],33,-1,78,-1,54
1,<environment.Job instance at 0x7efc430150a0>,33,1,[3 5],34,-1,55,-1,54
1,<environment.Job instance at 0x7efc43015aa0>,35,2,[6 3],36,-1,59,-1,57
1,<environment.Job instance at 0x7efc430157d0>,36,2,[3 8],37,-1,59,-1,57
1,<environment.Job instance at 0x7efc43015320>,37,12,[ 2 12],38,-1,69,-1,57
1,<environment.Job instance at 0x7efc432a6aa0>,38,27,[1 7],39,-1,84,-1,57
1,<environment.Job instance at 0x7efc42c12be0>,42,2,[9 3],43,-1,82,-1,80
1,<environment.Job instance at 0x7efc42c12a50>,45,3,[1 5],46,-1,99,-1,96
1,<environment.Job instance at 0x7efc42c12410>,46,3,[9 3],47,-1,99,-1,96
1,<environment.Job instance at 0x7efc4308ec30>,9,15,[ 1 10],10,-1,26,-1,11
1,<environment.Job instance at 0x7efc42cb31e0>,11,1,[8 5],12,-1,13,-1,12
1,<environment.Job instance at 0x7efc42cb3be0>,13,2,[5 5],14,-1,16,-1,14
1,<environment.Job instance at 0x7efc42cb3e60>,16,13,[11  1],17,-1,30,-1,17
1,<environment.Job instance at 0x7efc42cafe60>,18,12,[ 5 12],19,-1,31,-1,19
1,<environment.Job instance at 0x7efc42caffa0>,19,14,[10  1],20,-1,40,-1,26
1,<environment.Job instance at 0x7efc42caf9b0>,23,2,[10  5],24,-1,37,-1,35
1,<environment.Job instance at 0x7efc42caf5a0>,26,3,[8 1],27,-1,53,-1,50
1,<environment.Job instance at 0x7efc42cabc30>,30,12,[8 1],31,-1,83,-1,71
1,<environment.Job instance at 0x7efc42cabe60>,31,28,[2 8],32,-1,99,-1,71
1,<environment.Job instance at 0x7efc42cab780>,33,27,[9 3],34,-1,115,-1,88
1,<environment.Job instance at 0x7efc42cabbe0>,35,2,[4 7],36,-1,90,-1,88
1,<environment.Job instance at 0x7efc42cab4b0>,36,28,[1 7],37,-1,116,-1,88
1,<environment.Job instance at 0x7efc42cab550>,37,12,[ 4 10],38,-1,100,-1,88
1,<environment.Job instance at 0x7efc42cabeb0>,38,1,[5 7],39,-1,89,-1,88
1,<environment.Job instance at 0x7efc42cab870>,39,2,[ 4 11],40,-1,90,-1,88
1,<environment.Job instance at 0x7efc42cab7d0>,40,3,[4 8],41,-1,91,-1,88
1,<environment.Job instance at 0x7efc42cab2d0>,41,1,[10  2],42,-1,89,-1,88
1,<environment.Job instance at 0x7efc42cab9b0>,42,3,[9 1],43,-1,91,-1,88
1,<environment.Job instance at 0x7efc42ca7c80>,43,2,[ 4 10],44,-1,90,-1,88
1,<environment.Job instance at 0x7efc42ca73c0>,44,3,[11  1],45,-1,91,-1,88
1,<environment.Job instance at 0x7efc42ca7a50>,45,1,[8 2],46,-1,89,-1,88
1,<environment.Job instance at 0x7efc42ca7f50>,46,28,[9 2],47,-1,116,-1,88
1,<environment.Job instance at 0x7efc42ca7eb0>,47,2,[8 4],48,-1,90,-1,88
1,<environment.Job instance at 0x7efc42ca7cd0>,48,1,[6 3],49,-1,89,-1,88
1,<environment.Job instance at 0x7efc42ca7190>,50,3,[9 5],51,-1,91,-1,88
1,<environment.Job instance at 0x7efc42ca7d20>,52,13,[4 8],53,-1,102,-1,89
1,<environment.Job instance at 0x7efc42ca7f00>,53,1,[6 2],54,-1,90,-1,89
1,<environment.Job instance at 0x7efc42ca7870>,54,2,[4 6],55,-1,91,-1,89
1,<environment.Job instance at 0x7efc42ca70a0>,55,3,[8 5],56,-1,92,-1,89
1,<environment.Job instance at 0x7efc42ca7c30>,56,12,[7 1],57,-1,101,-1,89
1,<environment.Job instance at 0x7efc42c97320>,57,3,[ 1 12],58,-1,92,-1,89
1,<environment.Job instance at 0x7efc42c97410>,58,15,[ 3 11],59,-1,104,-1,89
1,<environment.Job instance at 0x7efc42c974b0>,59,3,[5 1],60,-1,92,-1,89
1,<environment.Job instance at 0x7efc42c976e0>,61,1,[10  4],62,-1,98,-1,97
1,<environment.Job instance at 0x7efc42c97690>,62,3,[6 4],63,-1,100,-1,97
1,<environment.Job instance at 0x7efc42c973c0>,63,3,[6 2],64,-1,100,-1,97
1,<environment.Job instance at 0x7efc42c97eb0>,65,15,[ 2 11],66,-1,120,-1,105
1,<environment.Job instance at 0x7efc42c97af0>,66,23,[7 4],67,-1,128,-1,105
1,<environment.Job instance at 0x7efc42c97d20>,67,1,[9 4],68,-1,106,-1,105
1,<environment.Job instance at 0x7efc43e9ec30>,5,1,[9 5],6,-1,17,-1,16
1,<environment.Job instance at 0x7efc434d00f0>,16,2,[13  5],17,-1,19,-1,17
1,<environment.Job instance at 0x7efc434d06e0>,17,1,[9 5],18,-1,19,-1,18
1,<environment.Job instance at 0x7efc434d0be0>,20,26,[6 3],21,-1,54,-1,28
1,<environment.Job instance at 0x7efc434d09b0>,22,17,[ 2 11],23,-1,54,-1,37
1,<environment.Job instance at 0x7efc434d0230>,23,2,[6 3],24,-1,39,-1,37
1,<environment.Job instance at 0x7efc434d0aa0>,24,1,[9 4],25,-1,38,-1,37
1,<environment.Job instance at 0x7efc434d0320>,25,23,[7 1],26,-1,60,-1,37
1,<environment.Job instance at 0x7efc43080a50>,26,1,[4 9],27,-1,38,-1,37
1,<environment.Job instance at 0x7efc43631b40>,4,3,[ 3 14],5,-1,8,-1,5
1,<environment.Job instance at 0x7efc43601d70>,17,3,[8 5],18,-1,44,-1,41
1,<environment.Job instance at 0x7efc4361a640>,18,1,[ 3 12],19,-1,42,-1,41
1,<environment.Job instance at 0x7efc4361acd0>,20,2,[5 6],21,-1,43,-1,41
1,<environment.Job instance at 0x7efc43add5f0>,23,18,[ 5 10],24,-1,77,-1,59
1,<environment.Job instance at 0x7efc43ad8be0>,28,2,[8 5],29,-1,95,-1,93
1,<environment.Job instance at 0x7efc436154b0>,29,12,[5 7],30,-1,108,-1,96
1,<environment.Job instance at 0x7efc436150f0>,30,2,[2 7],31,-1,98,-1,96
1,<environment.Job instance at 0x7efc436152d0>,31,1,[10  4],32,-1,97,-1,96
1,<environment.Job instance at 0x7efc43a886e0>,32,3,[3 8],33,-1,99,-1,96
1,<environment.Job instance at 0x7efc43573af0>,1,23,[ 3 13],2,-1,25,-1,2
1,<environment.Job instance at 0x7efc43573a50>,12,2,[5 6],13,-1,18,-1,16
1,<environment.Job instance at 0x7efc43573fa0>,13,3,[10  1],14,-1,19,-1,16
1,<environment.Job instance at 0x7efc435739b0>,10,20,[9 5],11,-1,47,-1,27
1,<environment.Job instance at 0x7efc43573e60>,16,2,[6 4],17,-1,29,-1,27
1,<environment.Job instance at 0x7efc435544b0>,18,3,[2 7],19,-1,30,-1,27
1,<environment.Job instance at 0x7efc43554c80>,19,2,[10  2],20,-1,29,-1,27
1,<environment.Job instance at 0x7efc435545f0>,20,1,[8 1],21,-1,28,-1,27
1,<environment.Job instance at 0x7efc43554190>,25,3,[ 1 14],26,-1,59,-1,56
1,<environment.Job instance at 0x7efc43554870>,29,3,[10  2],30,-1,75,-1,72
1,<environment.Job instance at 0x7efc43554280>,30,13,[11  4],31,-1,85,-1,72
1,<environment.Job instance at 0x7efc435540a0>,31,12,[ 1 13],32,-1,84,-1,72
1,<environment.Job instance at 0x7efc43554410>,32,3,[10  5],33,-1,75,-1,72
1,<environment.Job instance at 0x7efc435542d0>,37,2,[3 7],38,-1,101,-1,99
1,<environment.Job instance at 0x7efc435c6dc0>,38,12,[10  1],39,-1,111,-1,99
1,<environment.Job instance at 0x7efc43da17d0>,11,14,[ 1 10],12,-1,32,-1,18
1,<environment.Job instance at 0x7efc43da10a0>,15,1,[5 6],16,-1,19,-1,18
1,<environment.Job instance at 0x7efc43da1190>,17,3,[9 4],18,-1,23,-1,20
1,<environment.Job instance at 0x7efc43da1b40>,18,3,[6 3],19,-1,23,-1,20
1,<environment.Job instance at 0x7efc432345f0>,19,2,[10  3],20,-1,22,-1,20
1,<environment.Job instance at 0x7efc43234eb0>,20,1,[4 8],21,-1,22,-1,21
1,<environment.Job instance at 0x7efc42a8ec30>,6,1,[9 3],7,-1,8,-1,7
1,<environment.Job instance at 0x7efc42a8e0f0>,18,2,[5 7],19,-1,33,-1,31
1,<environment.Job instance at 0x7efc42a8eaa0>,19,13,[14  2],20,-1,44,-1,31
1,<environment.Job instance at 0x7efc42a8e0a0>,20,12,[ 5 10],21,-1,43,-1,31
1,<environment.Job instance at 0x7efc42cb6cd0>,23,26,[1 8],24,-1,73,-1,47
1,<environment.Job instance at 0x7efc42cb6730>,24,13,[1 9],25,-1,61,-1,48
1,<environment.Job instance at 0x7efc42cb63c0>,30,1,[3 5],31,-1,79,-1,78
1,<environment.Job instance at 0x7efc42cb6190>,31,23,[9 4],32,-1,101,-1,78
1,<environment.Job instance at 0x7efc42cb6370>,33,3,[9 4],34,-1,81,-1,78
1,<environment.Job instance at 0x7efc42cd5230>,35,2,[1 9],36,-1,80,-1,78
1,<environment.Job instance at 0x7efc42cd5dc0>,37,1,[ 1 10],38,-1,95,-1,94
1,<environment.Job instance at 0x7efc42cd5a50>,39,1,[6 4],40,-1,95,-1,94
1,<environment.Job instance at 0x7efc4c81cd70>,6,1,[7 1],7,-1,9,-1,8
1,<environment.Job instance at 0x7efc4c81ce10>,10,24,[10  5],11,-1,35,-1,11
1,<environment.Job instance at 0x7efc4c81c050>,11,3,[ 4 12],12,-1,15,-1,12
1,<environment.Job instance at 0x7efc4c81cf50>,15,18,[ 2 11],16,-1,48,-1,30
1,<environment.Job instance at 0x7efc4c81c500>,16,13,[11  3],17,-1,43,-1,30
1,<environment.Job instance at 0x7efc4c81caf0>,18,27,[5 1],19,-1,57,-1,30
1,<environment.Job instance at 0x7efc44085d70>,20,1,[2 7],21,-1,46,-1,45
1,<environment.Job instance at 0x7efc440857d0>,21,2,[ 1 10],22,-1,47,-1,45
1,<environment.Job instance at 0x7efc440855f0>,22,3,[2 6],23,-1,48,-1,45
1,<environment.Job instance at 0x7efc44085050>,27,2,[5 5],28,-1,60,-1,58
1,<environment.Job instance at 0x7efc44085aa0>,28,27,[1 7],29,-1,85,-1,58
1,<environment.Job instance at 0x7efc44085c30>,29,16,[12  5],30,-1,74,-1,58
1,<environment.Job instance at 0x7efc44085820>,33,2,[5 6],34,-1,60,-1,58
1,<environment.Job instance at 0x7efc43353640>,36,1,[14  4],37,-1,70,-1,69
1,<environment.Job instance at 0x7efc43353e60>,37,17,[13  5],38,-1,86,-1,69
1,<environment.Job instance at 0x7efc43353190>,42,2,[3 7],43,-1,96,-1,94
1,<environment.Job instance at 0x7efc43353780>,43,2,[ 3 10],44,-1,96,-1,94
1,<environment.Job instance at 0x7efc43d8b500>,10,2,[7 1],11,-1,15,-1,13
1,<environment.Job instance at 0x7efc441a96e0>,23,3,[6 1],24,-1,44,-1,41
1,<environment.Job instance at 0x7efc441a99b0>,24,26,[10  2],25,-1,67,-1,41
1,<environment.Job instance at 0x7efc441a9640>,25,3,[4 8],26,-1,44,-1,41
1,<environment.Job instance at 0x7efc4305faa0>,36,1,[5 5],37,-1,75,-1,74
1,<environment.Job instance at 0x7efc4305f140>,37,15,[13  3],38,-1,89,-1,74
1,<environment.Job instance at 0x7efc4305f640>,38,3,[2 5],39,-1,77,-1,74
1,<environment.Job instance at 0x7efc4305f0a0>,39,1,[5 1],40,-1,75,-1,74
1,<environment.Job instance at 0x7efc4305f0f0>,40,2,[10  1],41,-1,76,-1,74
1,<environment.Job instance at 0x7efc4305f230>,41,3,[2 9],42,-1,77,-1,74
1,<environment.Job instance at 0x7efc43af5410>,42,3,[10  3],43,-1,77,-1,74
1,<environment.Job instance at 0x7efc43af51e0>,44,3,[2 8],45,-1,78,-1,75
1,<environment.Job instance at 0x7efc43af5f00>,46,20,[4 9],47,-1,129,-1,109
1,<environment.Job instance at 0x7efc43a83500>,19,1,[3 5],20,-1,43,-1,42
1,<environment.Job instance at 0x7efc43a830f0>,28,2,[1 6],29,-1,58,-1,56
1,<environment.Job instance at 0x7efc43a83960>,29,23,[5 5],30,-1,80,-1,57
1,<environment.Job instance at 0x7efc43c4cdc0>,37,3,[ 2 13],38,-1,101,-1,98
1,<environment.Job instance at 0x7efc43c4c5a0>,38,2,[5 5],39,-1,100,-1,98
1,<environment.Job instance at 0x7efc43c4c9b0>,39,3,[5 2],40,-1,101,-1,98
1,<environment.Job instance at 0x7efc42dcc6e0>,19,3,[8 1],20,-1,39,-1,36
1,<environment.Job instance at 0x7efc42dccf50>,20,2,[2 7],21,-1,38,-1,36
1,<environment.Job instance at 0x7efc42dcc5a0>,24,2,[ 4 10],25,-1,60,-1,58
1,<environment.Job instance at 0x7efc42dcc2d0>,25,15,[ 5 11],26,-1,73,-1,58
1,<environment.Job instance at 0x7efc42dcc4b0>,26,1,[3 5],27,-1,59,-1,58
1,<environment.Job instance at 0x7efc42dcc280>,27,3,[5 5],28,-1,61,-1,58
1,<environment.Job instance at 0x7efc4362ad20>,28,1,[5 1],29,-1,59,-1,58
1,<environment.Job instance at 0x7efc4362aaa0>,29,1,[9 1],30,-1,59,-1,58
1,<environment.Job instance at 0x7efc4362a370>,30,26,[5 7],31,-1,84,-1,58
1,<environment.Job instance at 0x7efc4362ae10>,31,16,[ 2 10],32,-1,74,-1,58
1,<environment.Job instance at 0x7efc4362a280>,32,2,[7 5],33,-1,60,-1,58
1,<environment.Job instance at 0x7efc4362a780>,33,15,[10  1],34,-1,73,-1,58
1,<environment.Job instance at 0x7efc4362a9b0>,39,27,[5 9],40,-1,112,-1,85
1,<environment.Job instance at 0x7efc4362a460>,40,1,[8 1],41,-1,86,-1,85
1,<environment.Job instance at 0x7efc4362aa00>,42,26,[ 1 10],43,-1,120,-1,94
1,<environment.Job instance at 0x7efc4362a140>,43,28,[3 5],44,-1,122,-1,94
1,<environment.Job instance at 0x7efc4404e190>,6,1,[6 2],7,-1,8,-1,7
1,<environment.Job instance at 0x7efc43d81690>,7,2,[ 5 11],8,-1,10,-1,8
1,<environment.Job instance at 0x7efc43d81550>,8,12,[12  2],9,-1,21,-1,9
1,<environment.Job instance at 0x7efc43d37a50>,10,2,[ 4 14],11,-1,13,-1,11
1,<environment.Job instance at 0x7efc43d37960>,12,1,[ 4 10],13,-1,16,-1,15
1,<environment.Job instance at 0x7efc432c6f00>,15,3,[1 7],16,-1,19,-1,16
1,<environment.Job instance at 0x7efc43695b90>,20,25,[8 3],21,-1,53,-1,28
1,<environment.Job instance at 0x7efc43695d70>,22,1,[7 5],23,-1,29,-1,28
1,<environment.Job instance at 0x7efc42a945f0>,24,2,[1 8],25,-1,30,-1,28
1,<environment.Job instance at 0x7efc42a94f50>,25,3,[9 5],26,-1,31,-1,28
1,<environment.Job instance at 0x7efc43992190>,36,14,[10  1],37,-1,95,-1,81
1,<environment.Job instance at 0x7efc429abfa0>,16,1,[10  4],17,-1,35,-1,34
1,<environment.Job instance at 0x7efc43f52140>,34,3,[2 5],35,-1,84,-1,81
1,<environment.Job instance at 0x7efc43662f00>,35,3,[1 5],36,-1,84,-1,81
1,<environment.Job instance at 0x7efc4298deb0>,37,3,[3 5],38,-1,90,-1,87
1,<environment.Job instance at 0x7efc4298de60>,38,3,[6 4],39,-1,90,-1,87
1,<environment.Job instance at 0x7efc4298d8c0>,39,16,[ 1 10],40,-1,106,-1,90
1,<environment.Job instance at 0x7efc4298d820>,40,3,[ 5 10],41,-1,93,-1,90
1,<environment.Job instance at 0x7efc43836be0>,42,1,[2 8],43,-1,95,-1,94
1,<environment.Job instance at 0x7efc438366e0>,44,17,[11  5],45,-1,119,-1,102
1,<environment.Job instance at 0x7efc43836370>,45,15,[ 2 12],46,-1,117,-1,102
1,<environment.Job instance at 0x7efc438b9f00>,47,2,[10  5],48,-1,108,-1,106
1,<environment.Job instance at 0x7efc438b9410>,48,3,[10  4],49,-1,109,-1,106
1,<environment.Job instance at 0x7efc43135af0>,2,1,[5 5],3,-1,4,-1,3
1,<environment.Job instance at 0x7efc4417c1e0>,8,1,[10  4],9,-1,10,-1,9
1,<environment.Job instance at 0x7efc44185190>,4,1,[10  2],5,-1,6,-1,5
1,<environment.Job instance at 0x7efc440faaf0>,14,12,[ 4 13],15,-1,27,-1,15
1,<environment.Job instance at 0x7efc4410e140>,21,13,[ 3 11],22,-1,35,-1,22
1,<environment.Job instance at 0x7efc4410ef50>,37,2,[ 5 12],38,-1,104,-1,102
1,<environment.Job instance at 0x7ff6be82a910>,7,1,[5 4],8,-1,9,-1,8
1,<environment.Job instance at 0x7ff6be82a5f0>,9,18,[11  5],10,-1,29,-1,11
1,<environment.Job instance at 0x7ff6be82ac30>,17,3,[4 9],18,-1,43,-1,40
1,<environment.Job instance at 0x7ff6be82ae60>,18,3,[4 7],19,-1,43,-1,40
1,<environment.Job instance at 0x7ff6be82c280>,20,1,[7 5],21,-1,53,-1,52
1,<environment.Job instance at 0x7ff6be82c460>,21,1,[6 5],22,-1,53,-1,52
1,<environment.Job instance at 0x7ff6be82c410>,22,1,[2 7],23,-1,53,-1,52
1,<environment.Job instance at 0x7ff6be82c0f0>,23,27,[1 6],24,-1,79,-1,52
1,<environment.Job instance at 0x7ff6be82c690>,25,12,[ 5 10],26,-1,71,-1,59
1,<environment.Job instance at 0x7ff6be82c730>,26,3,[3 7],27,-1,62,-1,59
1,<environment.Job instance at 0x7ff6be82c820>,28,23,[10  4],29,-1,82,-1,59
1,<environment.Job instance at 0x7ff6be82caa0>,32,3,[5 1],33,-1,75,-1,72
1,<environment.Job instance at 0x7ff6be82cbe0>,34,24,[1 8],35,-1,102,-1,78
1,<environment.Job instance at 0x7ff6be82cd20>,36,13,[ 3 14],37,-1,101,-1,88
1,<environment.Job instance at 0x7ff6be82cdc0>,37,2,[2 6],38,-1,90,-1,88
1,<environment.Job instance at 0x7ff6be82c6e0>,38,2,[ 1 10],39,-1,90,-1,88
1,<environment.Job instance at 0x7ff6be82cfa0>,39,2,[5 6],40,-1,90,-1,88
1,<environment.Job instance at 0x7ff6be8300f0>,41,1,[5 2],42,-1,103,-1,102
1,<environment.Job instance at 0x7ff6be830280>,42,2,[4 6],43,-1,104,-1,102
1,<environment.Job instance at 0x7ff6be8303c0>,44,3,[5 5],45,-1,105,-1,102
1,<environment.Job instance at 0x7ff6be830500>,46,17,[12  2],47,-1,132,-1,115
1,<environment.Job instance at 0x7ff6be8305a0>,47,2,[6 5],48,-1,117,-1,115
1,<environment.Job instance at 0x7ff6be8ae820>,8,23,[ 2 14],9,-1,32,-1,9
1,<environment.Job instance at 0x7ff6be8ae690>,9,2,[1 8],10,-1,13,-1,11
1,<environment.Job instance at 0x7ff6be8ae4b0>,11,1,[3 9],12,-1,13,-1,12
1,<environment.Job instance at 0x7ff6be8aeb90>,16,1,[9 3],17,-1,25,-1,24
1,<environment.Job instance at 0x7ff6be302dc0>,22,3,[4 7],23,-1,57,-1,54
1,<environment.Job instance at 0x7ff6bdea0870>,23,15,[ 1 12],24,-1,69,-1,54
1,<environment.Job instance at 0x7ff6be23b5f0>,24,2,[2 7],25,-1,56,-1,54
1,<environment.Job instance at 0x7ff6be2fdc80>,25,3,[ 4 13],26,-1,57,-1,54
1,<environment.Job instance at 0x7ff6be23df00>,27,1,[ 1 14],28,-1,71,-1,70
1,<environment.Job instance at 0x7ff6be2fdbe0>,28,1,[4 6],29,-1,71,-1,70
1,<environment.Job instance at 0x7ff6be28a690>,30,2,[3 8],31,-1,84,-1,82
1,<environment.Job instance at 0x7ff6be239780>,33,3,[1 9],34,-1,99,-1,96
1,<environment.Job instance at 0x7ff6bdee9d20>,35,1,[9 1],36,-1,97,-1,96
1,<environment.Job instance at 0x7ff6be23a780>,36,1,[6 3],37,-1,97,-1,96
1,<environment.Job instance at 0x7ff6be23a730>,37,3,[4 5],38,-1,99,-1,96
1,<environment.Job instance at 0x7ff6bdf187d0>,39,2,[4 9],40,-1,99,-1,97
1,<environment.Job instance at 0x7ff6bdf79c80>,40,3,[13  3],41,-1,100,-1,97
1,<environment.Job instance at 0x7ff6be2c88c0>,41,15,[1 7],42,-1,112,-1,97
1,<environment.Job instance at 0x7ff6be23af50>,42,3,[3 7],43,-1,100,-1,97
1,<environment.Job instance at 0x7ff6be31c0a0>,44,3,[6 4],45,-1,100,-1,97
1,<environment.Job instance at 0x7ff6be31c960>,45,13,[ 1 14],46,-1,110,-1,97
1,<environment.Job instance at 0x7ff6be31c280>,46,2,[8 1],47,-1,99,-1,97
1,<environment.Job instance at 0x7ff6be31c500>,47,2,[10  2],48,-1,99,-1,97
1,<environment.Job instance at 0x7ff6be379870>,50,2,[9 5],51,-1,118,-1,116
1,<environment.Job instance at 0x7ff6be379aa0>,51,2,[5 5],52,-1,118,-1,116
1,<environment.Job instance at 0x7ff6be379a00>,52,1,[6 4],53,-1,117,-1,116
1,<environment.Job instance at 0x7ff6bdf18280>,7,2,[4 5],8,-1,11,-1,9
1,<environment.Job instance at 0x7ff6bdf176e0>,9,3,[5 1],10,-1,13,-1,10
1,<environment.Job instance at 0x7ff6bdf17320>,10,3,[7 3],11,-1,14,-1,11
1,<environment.Job instance at 0x7ff6bdf17640>,11,27,[4 7],12,-1,39,-1,12
1,<environment.Job instance at 0x7ff6bdf17aa0>,12,26,[8 4],13,-1,39,-1,13
1,<environment.Job instance at 0x7ff6bdf17140>,15,16,[14  1],16,-1,32,-1,16
1,<environment.Job instance at 0x7ff6bdf17820>,16,3,[9 1],17,-1,20,-1,17
1,<environment.Job instance at 0x7ff6bdf175a0>,19,1,[5 4],20,-1,35,-1,34
1,<environment.Job instance at 0x7ff6bdf17d70>,20,25,[ 3 10],21,-1,59,-1,34
1,<environment.Job instance at 0x7ff6bdf177d0>,21,1,[ 2 10],22,-1,35,-1,34
1,<environment.Job instance at 0x7ff6bdf179b0>,22,1,[3 9],23,-1,35,-1,34
1,<environment.Job instance at 0x7ff6bdf17a00>,23,2,[4 7],24,-1,36,-1,34
1,<environment.Job instance at 0x7ff6bded9b90>,25,2,[1 5],26,-1,36,-1,34
1,<environment.Job instance at 0x7ff6bded9f50>,26,3,[8 4],27,-1,37,-1,34
1,<environment.Job instance at 0x7ff6bded96e0>,29,3,[4 7],30,-1,50,-1,47
1,<environment.Job instance at 0x7ff6bded9320>,32,1,[5 5],33,-1,62,-1,61
1,<environment.Job instance at 0x7ff6bded9190>,33,23,[10  1],34,-1,84,-1,61
1,<environment.Job instance at 0x7ff6bded9460>,34,2,[8 5],35,-1,63,-1,61
1,<environment.Job instance at 0x7ff6bded9dc0>,35,1,[8 1],36,-1,62,-1,61
1,<environment.Job instance at 0x7ff6bded9870>,36,28,[6 5],37,-1,89,-1,61
1,<environment.Job instance at 0x7ff6bdf3a140>,42,2,[2 6],43,-1,85,-1,83
1,<environment.Job instance at 0x7ff6bdf3a190>,43,2,[7 3],44,-1,85,-1,83
1,<environment.Job instance at 0x7ff6bdf3abe0>,45,18,[11  3],46,-1,132,-1,114
1,<environment.Job instance at 0x7ff6bedb18c0>,49,28,[5 3],50,-1,142,-1,114
1,<environment.Job instance at 0x7ff6be5350a0>,6,25,[ 5 10],7,-1,32,-1,7
1,<environment.Job instance at 0x7ff6be306dc0>,21,3,[1 6],22,-1,32,-1,29
1,<environment.Job instance at 0x7ff6be150a50>,23,2,[5 5],24,-1,31,-1,29
1,<environment.Job instance at 0x7ff6be150f00>,24,1,[7 4],25,-1,30,-1,29
1,<environment.Job instance at 0x7ff6be35d410>,31,3,[9 4],32,-1,72,-1,69
1,<environment.Job instance at 0x7ff6be246a50>,32,1,[7 4],33,-1,70,-1,69
1,<environment.Job instance at 0x7ff6be2463c0>,33,2,[9 2],34,-1,71,-1,69
1,<environment.Job instance at 0x7ff6be246640>,35,2,[ 4 11],36,-1,88,-1,86
1,<environment.Job instance at 0x7ff6bde95960>,38,1,[2 6],39,-1,96,-1,95
1,<environment.Job instance at 0x7ff6be1f9370>,20,1,[6 3],21,-1,44,-1,43
1,<environment.Job instance at 0x7ff6be1ef910>,26,1,[7 2],27,-1,83,-1,82
1,<environment.Job instance at 0x7ff6be1ef190>,27,2,[2 6],28,-1,84,-1,82
1,<environment.Job instance at 0x7ff6be1eb5f0>,32,1,[2 9],33,-1,112,-1,111
1,<environment.Job instance at 0x7ff6be57ef50>,12,3,[6 4],13,-1,21,-1,18
1,<environment.Job instance at 0x7ff6bde651e0>,38,1,[ 3 10],39,-1,103,-1,102
1,<environment.Job instance at 0x7ff6bde65af0>,41,27,[5 1],42,-1,144,-1,117
1,<environment.Job instance at 0x7ff6bf46faa0>,6,14,[13  5],7,-1,21,-1,7
1,<environment.Job instance at 0x7ff6bde155f0>,17,14,[4 7],18,-1,66,-1,52
1,<environment.Job instance at 0x7ff6bde15280>,19,1,[10  3],20,-1,53,-1,52
1,<environment.Job instance at 0x7ff6bde15190>,20,16,[5 1],21,-1,68,-1,52
1,<environment.Job instance at 0x7ff6bde15af0>,21,16,[ 2 10],22,-1,68,-1,52
1,<environment.Job instance at 0x7ff6bde15050>,22,17,[4 5],23,-1,70,-1,53
1,<environment.Job instance at 0x7ff6bde152d0>,23,18,[ 1 10],24,-1,71,-1,53
1,<environment.Job instance at 0x7ff6bde151e0>,24,1,[1 6],25,-1,54,-1,53
1,<environment.Job instance at 0x7ff6bde15e10>,25,12,[8 1],26,-1,65,-1,53
1,<environment.Job instance at 0x7ff6bde15a00>,26,18,[ 3 13],27,-1,71,-1,53
1,<environment.Job instance at 0x7ff6bde157d0>,18,15,[ 3 13],19,-1,77,-1,62
1,<environment.Job instance at 0x7ff6be1f94b0>,40,1,[5 4],41,-1,95,-1,94
1,<environment.Job instance at 0x7ff6be497f00>,7,1,[8 3],8,-1,32,-1,31
1,<environment.Job instance at 0x7ff6be4b5d70>,13,18,[ 2 11],14,-1,50,-1,32
1,<environment.Job instance at 0x7ff6be4b5690>,14,3,[8 2],15,-1,43,-1,40
1,<environment.Job instance at 0x7ff6be48db90>,22,23,[7 1],23,-1,84,-1,61
1,<environment.Job instance at 0x7ff6be48d5a0>,25,3,[13  2],26,-1,67,-1,64
1,<environment.Job instance at 0x7ff6be48d410>,26,1,[9 4],27,-1,65,-1,64
1,<environment.Job instance at 0x7ff6beef7140>,27,3,[3 8],28,-1,67,-1,64
1,<environment.Job instance at 0x7ff6be493910>,28,1,[13  4],29,-1,65,-1,64
1,<environment.Job instance at 0x7ff6be7e70a0>,32,13,[14  4],33,-1,102,-1,89
1,<environment.Job instance at 0x7ff6be7e9b90>,34,2,[5 2],35,-1,97,-1,95
1,<environment.Job instance at 0x7ff6be7e7190>,37,2,[2 9],38,-1,114,-1,112
1,<environment.Job instance at 0x7ff6bef09550>,38,2,[8 3],39,-1,114,-1,112
1,<environment.Job instance at 0x7ff6be7eca50>,8,15,[ 3 14],9,-1,24,-1,9
1,<environment.Job instance at 0x7ff6bdf82280>,10,27,[7 4],11,-1,38,-1,11
1,<environment.Job instance at 0x7ff6bdf813c0>,12,16,[10  2],13,-1,30,-1,14
1,<environment.Job instance at 0x7ff6bdf82140>,20,25,[ 1 14],21,-1,57,-1,32
1,<environment.Job instance at 0x7ff6bdf71500>,23,1,[ 4 13],24,-1,48,-1,47
1,<environment.Job instance at 0x7ff6be810af0>,12,1,[10  2],13,-1,19,-1,18
1,<environment.Job instance at 0x7ff6be8160a0>,13,1,[2 9],14,-1,19,-1,18
1,<environment.Job instance at 0x7ff6be816140>,14,1,[10  4],15,-1,19,-1,18
1,<environment.Job instance at 0x7ff6be8164b0>,16,1,[1 8],17,-1,19,-1,18
1,<environment.Job instance at 0x7ff6bec7b050>,27,2,[9 1],28,-1,72,-1,70
1,<environment.Job instance at 0x7ff6bef30d70>,28,2,[ 2 10],29,-1,72,-1,70
1,<environment.Job instance at 0x7ff6bec73c80>,31,14,[ 1 10],32,-1,102,-1,88
1,<environment.Job instance at 0x7ff6beec3dc0>,32,1,[3 9],33,-1,89,-1,88
1,<environment.Job instance at 0x7ff6beec7820>,35,1,[5 6],36,-1,102,-1,101
1,<environment.Job instance at 0x7ff6bec7a820>,37,3,[9 4],38,-1,104,-1,101
1,<environment.Job instance at 0x7ff6be260b90>,38,3,[6 3],39,-1,104,-1,101
1,<environment.Job instance at 0x7ff6be260640>,39,2,[10  3],40,-1,103,-1,101
1,<environment.Job instance at 0x7ff6be80d460>,40,1,[4 8],41,-1,102,-1,101
1,<environment.Job instance at 0x7ff6be80d4b0>,41,13,[9 1],42,-1,119,-1,106
1,<environment.Job instance at 0x7ff6be7575f0>,6,1,[6 4],7,-1,19,-1,18
1,<environment.Job instance at 0x7ff6be757910>,12,26,[1 5],13,-1,45,-1,19
1,<environment.Job instance at 0x7ff6be7575a0>,16,1,[9 3],17,-1,27,-1,26
1,<environment.Job instance at 0x7ff6be757c30>,18,3,[5 8],19,-1,41,-1,38
1,<environment.Job instance at 0x7ff6bde65b40>,19,2,[3 9],20,-1,40,-1,38
1,<environment.Job instance at 0x7ff6bde65fa0>,23,1,[8 4],24,-1,64,-1,63
1,<environment.Job instance at 0x7ff6bde65780>,25,1,[8 5],26,-1,64,-1,63
1,<environment.Job instance at 0x7ff6bde651e0>,26,3,[2 5],27,-1,66,-1,63
1,<environment.Job instance at 0x7ff6bde65140>,27,24,[2 8],28,-1,87,-1,63
1,<environment.Job instance at 0x7ff6bde65690>,28,2,[5 7],29,-1,65,-1,63
1,<environment.Job instance at 0x7ff6bde654b0>,29,13,[14  2],30,-1,76,-1,63
1,<environment.Job instance at 0x7ff6bde65d70>,30,12,[ 5 10],31,-1,75,-1,63
1,<environment.Job instance at 0x7ff6bde655f0>,33,26,[1 8],34,-1,104,-1,78
1,<environment.Job instance at 0x7ff6bde655a0>,34,13,[1 9],35,-1,91,-1,78
1,<environment.Job instance at 0x7ff6bde656e0>,37,3,[7 5],38,-1,94,-1,91
1,<environment.Job instance at 0x7ff6be784fa0>,38,2,[5 3],39,-1,93,-1,91
1,<environment.Job instance at 0x7ff6be784370>,39,15,[ 1 14],40,-1,106,-1,91
1,<environment.Job instance at 0x7ff6be7845f0>,40,1,[3 5],41,-1,92,-1,91
1,<environment.Job instance at 0x7ff6be784640>,41,23,[9 4],42,-1,114,-1,91
1,<environment.Job instance at 0x7ff6be784b90>,43,3,[9 4],44,-1,94,-1,91
1,<environment.Job instance at 0x7ff6be784280>,45,2,[1 9],46,-1,107,-1,105
1,<environment.Job instance at 0x7ff6be784230>,47,1,[ 1 10],48,-1,108,-1,107
1,<environment.Job instance at 0x7ff6be784f00>,48,16,[5 1],49,-1,123,-1,107
1,<environment.Job instance at 0x7ff6be784550>,49,1,[6 4],50,-1,108,-1,107
1,<environment.Job instance at 0x7ff6bef2cc30>,6,1,[7 1],7,-1,11,-1,10
1,<environment.Job instance at 0x7ff6bef2c3c0>,10,24,[10  5],11,-1,35,-1,11
1,<environment.Job instance at 0x7ff6bef2c280>,11,3,[ 4 12],12,-1,15,-1,12
1,<environment.Job instance at 0x7ff6bef2c690>,15,18,[ 2 11],16,-1,44,-1,26
1,<environment.Job instance at 0x7ff6bef2c460>,16,13,[11  3],17,-1,39,-1,26
1,<environment.Job instance at 0x7ff6bef2ce60>,18,27,[5 1],19,-1,53,-1,26
1,<environment.Job instance at 0x7ff6bef2c050>,20,1,[2 7],21,-1,42,-1,41
1,<environment.Job instance at 0x7ff6bef2cf00>,21,2,[ 1 10],22,-1,43,-1,41
1,<environment.Job instance at 0x7ff6bef2cb90>,22,3,[2 6],23,-1,44,-1,41
1,<environment.Job instance at 0x7ff6bdf825f0>,24,2,[10  3],25,-1,43,-1,41
1,<environment.Job instance at 0x7ff6bdf82d20>,25,1,[5 2],26,-1,42,-1,41
1,<environment.Job instance at 0x7ff6befb7d70>,27,2,[5 5],28,-1,55,-1,53
1,<environment.Job instance at 0x7ff6befb7c30>,28,27,[1 7],29,-1,80,-1,53
1,<environment.Job instance at 0x7ff6bdd27780>,29,16,[12  5],30,-1,69,-1,53
1,<environment.Job instance at 0x7ff6bdd27370>,32,3,[1 5],33,-1,56,-1,53
1,<environment.Job instance at 0x7ff6bdd27230>,33,2,[5 6],34,-1,55,-1,53
1,<environment.Job instance at 0x7ff6bdd272d0>,34,1,[2 5],35,-1,54,-1,53
1,<environment.Job instance at 0x7ff6bdcd7af0>,36,1,[14  4],37,-1,61,-1,60
1,<environment.Job instance at 0x7ff6bdcd7a00>,37,17,[13  5],38,-1,77,-1,60
1,<environment.Job instance at 0x7ff6bdcd74b0>,38,1,[1 5],39,-1,61,-1,60
1,<environment.Job instance at 0x7ff6bdcd7050>,42,2,[3 7],43,-1,85,-1,83
1,<environment.Job instance at 0x7ff6bdcd72d0>,43,2,[ 3 10],44,-1,85,-1,83
1,<environment.Job instance at 0x7ff6be8bf050>,13,3,[6 1],14,-1,18,-1,15
1,<environment.Job instance at 0x7ff6bef61780>,15,3,[4 8],16,-1,19,-1,16
1,<environment.Job instance at 0x7ff6bef61eb0>,26,1,[5 5],27,-1,53,-1,52
1,<environment.Job instance at 0x7ff6bef61b90>,27,15,[13  3],28,-1,67,-1,52
1,<environment.Job instance at 0x7ff6bef61c80>,28,3,[2 5],29,-1,55,-1,52
1,<environment.Job instance at 0x7ff6bef61fa0>,29,1,[5 1],30,-1,53,-1,52
1,<environment.Job instance at 0x7ff6be90b870>,30,2,[10  1],31,-1,54,-1,52
1,<environment.Job instance at 0x7ff6be90b190>,31,3,[2 9],32,-1,55,-1,52
1,<environment.Job instance at 0x7ff6be90b0f0>,32,3,[10  3],33,-1,55,-1,52
1,<environment.Job instance at 0x7ff6be90b2d0>,34,3,[2 8],35,-1,59,-1,56
1,<environment.Job instance at 0x7ff6be90be60>,35,13,[5 1],36,-1,75,-1,62
1,<environment.Job instance at 0x7ff6be8c6870>,46,2,[8 3],47,-1,109,-1,107
1,<environment.Job instance at 0x7ff6be8c6af0>,48,2,[12  1],49,-1,109,-1,107
1,<environment.Job instance at 0x7ff6be8c6500>,49,27,[ 5 11],50,-1,134,-1,107
1,<environment.Job instance at 0x7ff6be8c6550>,50,13,[10  1],51,-1,120,-1,107
1,<environment.Job instance at 0x7ff6be82db90>,8,2,[1 6],9,-1,12,-1,10
1,<environment.Job instance at 0x7ff6be26cd70>,17,3,[ 2 13],18,-1,46,-1,43
1,<environment.Job instance at 0x7ff6be26cdc0>,18,2,[5 5],19,-1,45,-1,43
1,<environment.Job instance at 0x7ff6be26ca00>,19,3,[5 2],20,-1,47,-1,44
1,<environment.Job instance at 0x7ff6be26c140>,23,3,[5 6],24,-1,64,-1,61
1,<environment.Job instance at 0x7ff6be26c870>,24,3,[9 3],25,-1,64,-1,61
1,<environment.Job instance at 0x7ff6be7d6640>,25,2,[7 1],26,-1,63,-1,61
1,<environment.Job instance at 0x7ff6be26c780>,26,13,[ 1 10],27,-1,79,-1,66
1,<environment.Job instance at 0x7ff6be7d6b40>,28,3,[10  1],29,-1,69,-1,66
1,<environment.Job instance at 0x7ff6be7d6cd0>,30,1,[13  2],31,-1,78,-1,77
1,<environment.Job instance at 0x7ff6bdef6280>,5,3,[6 1],6,-1,9,-1,6
1,<environment.Job instance at 0x7ff6c7c69500>,6,1,[7 3],7,-1,8,-1,7
1,<environment.Job instance at 0x7ff6bf3e54b0>,10,1,[8 1],11,-1,12,-1,11
1,<environment.Job instance at 0x7ff6bf3e5190>,12,26,[ 1 10],13,-1,39,-1,13
1,<environment.Job instance at 0x7ff6bf3e5a00>,13,28,[3 5],14,-1,42,-1,14
1,<environment.Job instance at 0x7ff6bf3e5910>,16,2,[5 6],17,-1,22,-1,20
1,<environment.Job instance at 0x7ff6bf3e5050>,18,1,[9 2],19,-1,32,-1,31
1,<environment.Job instance at 0x7ff6bf3e5d70>,19,12,[ 5 10],20,-1,43,-1,31
1,<environment.Job instance at 0x7ff6beab0910>,33,2,[9 4],34,-1,105,-1,103
1,<environment.Job instance at 0x7ff6be632cd0>,3,1,[9 3],4,-1,10,-1,9
1,<environment.Job instance at 0x7ff6be6320f0>,7,1,[6 4],8,-1,16,-1,15
1,<environment.Job instance at 0x7ff6be632320>,8,3,[6 2],9,-1,26,-1,23
1,<environment.Job instance at 0x7ff6be617460>,12,28,[5 1],13,-1,51,-1,23
1,<environment.Job instance at 0x7ff6be617910>,13,2,[1 9],14,-1,26,-1,24
1,<environment.Job instance at 0x7ff6be617780>,17,1,[6 2],18,-1,41,-1,40
1,<environment.Job instance at 0x7ff6be6177d0>,18,3,[1 7],19,-1,50,-1,47
1,<environment.Job instance at 0x7ff6bf2cea50>,26,3,[14  4],27,-1,66,-1,63
1,<environment.Job instance at 0x7ff6bf2ce820>,28,2,[10  1],29,-1,65,-1,63
1,<environment.Job instance at 0x7ff6bf2ce190>,30,12,[ 4 10],31,-1,77,-1,65
1,<environment.Job instance at 0x7ff6bf2ce7d0>,34,2,[6 1],35,-1,92,-1,90
1,<environment.Job instance at 0x7ff6bf2ce280>,35,3,[7 2],36,-1,93,-1,90
1,<environment.Job instance at 0x7ff6bf2cefa0>,36,1,[10  5],37,-1,91,-1,90
1,<environment.Job instance at 0x7ff6bf2ced20>,37,3,[10  3],38,-1,93,-1,90
1,<environment.Job instance at 0x7ff6bf2ce0a0>,38,26,[2 5],39,-1,116,-1,90
1,<environment.Job instance at 0x7ff6bf2ce5f0>,39,28,[4 8],40,-1,118,-1,90
1,<environment.Job instance at 0x7ff6bdd38960>,40,28,[1 5],41,-1,118,-1,90
1,<environment.Job instance at 0x7ff6bf2cec30>,41,1,[9 5],42,-1,91,-1,90
1,<environment.Job instance at 0x7ff6bdd38a00>,42,3,[5 9],43,-1,93,-1,90
1,<environment.Job instance at 0x7ff6bdd38e10>,43,13,[10  1],44,-1,103,-1,90
1,<environment.Job instance at 0x7ff6bdd381e0>,44,2,[8 1],45,-1,92,-1,90
1,<environment.Job instance at 0x7ff6bdd38fa0>,45,1,[4 6],46,-1,91,-1,90
1,<environment.Job instance at 0x7ff6bdd38410>,47,28,[ 1 10],48,-1,129,-1,101
1,<environment.Job instance at 0x7ff6bdd38c80>,50,1,[ 5 10],51,-1,109,-1,108
1,<environment.Job instance at 0x7ff6bdd388c0>,51,1,[9 3],52,-1,109,-1,108
1,<environment.Job instance at 0x7ff6bdd38050>,52,1,[1 7],53,-1,109,-1,108
1,<environment.Job instance at 0x7ff6bdd389b0>,53,1,[5 4],54,-1,109,-1,108
1,<environment.Job instance at 0x7ff6bf1e8b90>,4,24,[5 8],5,-1,29,-1,5
1,<environment.Job instance at 0x7ff6bf1e8370>,10,2,[14  3],11,-1,13,-1,11
1,<environment.Job instance at 0x7ff6be81a5f0>,20,1,[ 5 10],21,-1,38,-1,37
1,<environment.Job instance at 0x7ff6be81a4b0>,21,3,[10  5],22,-1,40,-1,37
1,<environment.Job instance at 0x7ff6be81a050>,24,1,[3 8],25,-1,55,-1,54
1,<environment.Job instance at 0x7ff6be81ac30>,27,3,[8 5],28,-1,73,-1,70
1,<environment.Job instance at 0x7ff6be81a820>,28,3,[9 3],29,-1,73,-1,70
1,<environment.Job instance at 0x7ff6be81a230>,29,1,[13  5],30,-1,71,-1,70
1,<environment.Job instance at 0x7ff6be81a8c0>,30,1,[4 5],31,-1,71,-1,70
1,<environment.Job instance at 0x7ff6be81aa00>,31,2,[4 7],32,-1,72,-1,70
1,<environment.Job instance at 0x7ff6be81a140>,33,27,[5 6],34,-1,98,-1,71
1,<environment.Job instance at 0x7ff6be81a910>,34,2,[5 3],35,-1,73,-1,71
1,<environment.Job instance at 0x7ff6be81a780>,35,1,[9 2],36,-1,72,-1,71
1,<environment.Job instance at 0x7ff6bdd12370>,36,16,[ 3 11],37,-1,87,-1,71
1,<environment.Job instance at 0x7ff6bdd128c0>,37,2,[4 9],38,-1,73,-1,71
1,<environment.Job instance at 0x7ff6bdd12550>,38,25,[11  1],39,-1,96,-1,71
1,<environment.Job instance at 0x7ff6bdd12460>,39,2,[1 6],40,-1,73,-1,71
1,<environment.Job instance at 0x7ff6bdd121e0>,40,3,[7 1],41,-1,75,-1,72
1,<environment.Job instance at 0x7ff6bdd120f0>,41,12,[10  1],42,-1,105,-1,93
1,<environment.Job instance at 0x7ff6bdd12320>,45,2,[3 7],46,-1,95,-1,93
1,<environment.Job instance at 0x7ff6bdd12230>,46,3,[1 5],47,-1,96,-1,93
1,<environment.Job instance at 0x7ff6bdd12730>,50,18,[12  3],51,-1,136,-1,118
1,<environment.Job instance at 0x7ff6bf0832d0>,13,1,[9 4],14,-1,19,-1,18
1,<environment.Job instance at 0x7ff6be8781e0>,19,3,[1 6],20,-1,41,-1,38
1,<environment.Job instance at 0x7ff6be878190>,20,25,[ 4 10],21,-1,63,-1,38
1,<environment.Job instance at 0x7ff6be878fa0>,21,22,[9 1],22,-1,91,-1,69
1,<environment.Job instance at 0x7ff6be878d70>,27,19,[ 2 10],28,-1,110,-1,91
1,<environment.Job instance at 0x7ff6be878e60>,31,3,[1 5],32,-1,94,-1,91
1,<environment.Job instance at 0x7ff6be8787d0>,32,1,[3 7],33,-1,92,-1,91
1,<environment.Job instance at 0x7ff6bf19a960>,35,1,[8 4],36,-1,102,-1,101
1,<environment.Job instance at 0x7ff6bf19ad20>,36,2,[5 2],37,-1,103,-1,101
1,<environment.Job instance at 0x7ff6be265320>,10,2,[2 6],11,-1,13,-1,11
1,<environment.Job instance at 0x7ff6be2650a0>,16,3,[ 3 10],17,-1,33,-1,30
1,<environment.Job instance at 0x7ff6be555230>,18,3,[13  1],19,-1,49,-1,46
1,<environment.Job instance at 0x7ff6be555dc0>,19,1,[10  2],20,-1,47,-1,46
1,<environment.Job instance at 0x7ff6be555320>,21,3,[10  1],22,-1,51,-1,48
1,<environment.Job instance at 0x7ff6be5555f0>,22,1,[1 9],23,-1,49,-1,48
1,<environment.Job instance at 0x7ff6be555140>,25,15,[14  4],26,-1,73,-1,58
1,<environment.Job instance at 0x7ff6be555a00>,26,2,[10  3],27,-1,60,-1,58
1,<environment.Job instance at 0x7ff6be555550>,28,27,[6 3],29,-1,93,-1,66
1,<environment.Job instance at 0x7ff6be555af0>,29,27,[3 5],30,-1,93,-1,66
1,<environment.Job instance at 0x7ff6be5551e0>,32,2,[12  2],33,-1,84,-1,82
1,<environment.Job instance at 0x7ff6be555aa0>,35,1,[9 5],36,-1,98,-1,97
1,<environment.Job instance at 0x7ff6be555960>,36,2,[4 7],37,-1,99,-1,97
1,<environment.Job instance at 0x7ff6be555d20>,38,1,[ 2 10],39,-1,102,-1,101
1,<environment.Job instance at 0x7ff6beff0dc0>,39,13,[10  2],40,-1,114,-1,101
1,<environment.Job instance at 0x7ff6beff0a00>,40,23,[5 8],41,-1,124,-1,101
1,<environment.Job instance at 0x7ff6beff0050>,2,22,[ 4 11],3,-1,25,-1,3
1,<environment.Job instance at 0x7ff6be42acd0>,9,13,[ 5 11],10,-1,23,-1,10
1,<environment.Job instance at 0x7ff6be42ad70>,11,2,[5 5],12,-1,15,-1,13
1,<environment.Job instance at 0x7ff6be42ac30>,13,3,[ 3 14],14,-1,17,-1,14
1,<environment.Job instance at 0x7ff6be41b3c0>,18,17,[14  2],19,-1,47,-1,30
1,<environment.Job instance at 0x7ff6be41b4b0>,19,2,[9 5],20,-1,32,-1,30
1,<environment.Job instance at 0x7ff6be41b500>,20,20,[ 3 10],21,-1,50,-1,30
1,<environment.Job instance at 0x7ff6be41b6e0>,23,3,[9 3],24,-1,33,-1,30
1,<environment.Job instance at 0x7ff6be41b820>,25,3,[10  3],26,-1,49,-1,46
1,<environment.Job instance at 0x7ff6be41b8c0>,26,2,[1 9],27,-1,48,-1,46
1,<environment.Job instance at 0x7ff6be41ba00>,28,2,[10  3],29,-1,49,-1,47
1,<environment.Job instance at 0x7ff6be434320>,40,1,[10  2],41,-1,89,-1,88
1,<environment.Job instance at 0x7ff6be434460>,42,14,[ 2 11],43,-1,105,-1,91
1,<environment.Job instance at 0x7ff6be434500>,43,2,[2 7],44,-1,93,-1,91
1,<environment.Job instance at 0x7ff6be434640>,45,13,[ 3 14],46,-1,117,-1,104
1,<environment.Job instance at 0x7ff6be434a00>,47,2,[5 6],48,-1,119,-1,117
1,<environment.Job instance at 0x7f977e0c0910>,7,1,[5 4],8,-1,9,-1,8
1,<environment.Job instance at 0x7f977e0c05f0>,9,18,[11  5],10,-1,29,-1,11
1,<environment.Job instance at 0x7f977e0c0b90>,17,3,[4 9],18,-1,43,-1,40
1,<environment.Job instance at 0x7f977e0c0e60>,18,3,[4 7],19,-1,43,-1,40
1,<environment.Job instance at 0x7f977e0c2280>,20,1,[7 5],21,-1,53,-1,52
1,<environment.Job instance at 0x7f977e0c2460>,21,1,[6 5],22,-1,53,-1,52
1,<environment.Job instance at 0x7f977e0c2410>,22,1,[2 7],23,-1,53,-1,52
1,<environment.Job instance at 0x7f977e0c2140>,23,27,[1 6],24,-1,79,-1,52
1,<environment.Job instance at 0x7f977e0c2690>,25,12,[ 5 10],26,-1,74,-1,62
1,<environment.Job instance at 0x7f977e0c26e0>,26,3,[3 7],27,-1,65,-1,62
1,<environment.Job instance at 0x7f977e0c2820>,28,23,[10  4],29,-1,85,-1,62
1,<environment.Job instance at 0x7f977e0c2aa0>,32,3,[5 1],33,-1,75,-1,72
1,<environment.Job instance at 0x7f977e0c2be0>,34,24,[1 8],35,-1,102,-1,78
1,<environment.Job instance at 0x7f977e0c2d20>,36,13,[ 3 14],37,-1,100,-1,87
1,<environment.Job instance at 0x7f977e0c2dc0>,37,2,[2 6],38,-1,89,-1,87
1,<environment.Job instance at 0x7f977e0c2e60>,38,2,[ 1 10],39,-1,89,-1,87
1,<environment.Job instance at 0x7f977e0c2320>,39,2,[5 6],40,-1,89,-1,87
1,<environment.Job instance at 0x7f977e0c60f0>,41,1,[5 2],42,-1,103,-1,102
1,<environment.Job instance at 0x7f977e0c6280>,42,2,[4 6],43,-1,104,-1,102
1,<environment.Job instance at 0x7f977e0c63c0>,44,3,[5 5],45,-1,105,-1,102
1,<environment.Job instance at 0x7f977e0c6500>,46,17,[12  2],47,-1,132,-1,115
1,<environment.Job instance at 0x7f977e0c65a0>,47,2,[6 5],48,-1,117,-1,115
1,<environment.Job instance at 0x7f977e0c2f50>,1,1,[3 9],2,-1,3,-1,2
1,<environment.Job instance at 0x7f977e139cd0>,12,3,[4 7],13,-1,36,-1,33
1,<environment.Job instance at 0x7f977e139910>,13,15,[ 1 12],14,-1,48,-1,33
1,<environment.Job instance at 0x7f977e139c30>,14,2,[2 7],15,-1,35,-1,33
1,<environment.Job instance at 0x7f977e139730>,15,3,[ 4 13],16,-1,36,-1,33
1,<environment.Job instance at 0x7f977e139640>,17,1,[ 1 14],18,-1,38,-1,37
1,<environment.Job instance at 0x7f977e139a00>,18,1,[4 6],19,-1,38,-1,37
1,<environment.Job instance at 0x7f977e139b40>,20,2,[3 8],21,-1,51,-1,49
1,<environment.Job instance at 0x7f977e1390a0>,25,1,[9 1],26,-1,67,-1,66
1,<environment.Job instance at 0x7f977e139b90>,26,1,[6 3],27,-1,67,-1,66
1,<environment.Job instance at 0x7f977db9b460>,29,2,[4 9],30,-1,81,-1,79
1,<environment.Job instance at 0x7f977dad0fa0>,30,3,[13  3],31,-1,82,-1,79
1,<environment.Job instance at 0x7f977da12410>,34,3,[6 4],35,-1,100,-1,97
1,<environment.Job instance at 0x7f977d774780>,35,13,[ 1 14],36,-1,110,-1,97
1,<environment.Job instance at 0x7f977db97910>,36,2,[8 1],37,-1,101,-1,99
1,<environment.Job instance at 0x7f977dbd8140>,40,2,[9 5],41,-1,112,-1,110
1,<environment.Job instance at 0x7f977dbd81e0>,41,2,[5 5],42,-1,112,-1,110
1,<environment.Job instance at 0x7f977d7d8a00>,42,1,[6 4],43,-1,111,-1,110
1,<environment.Job instance at 0x7f977d7678c0>,22,2,[2 6],23,-1,45,-1,43
1,<environment.Job instance at 0x7f977d7670a0>,23,2,[7 3],24,-1,45,-1,43
1,<environment.Job instance at 0x7f977d767b40>,26,1,[2 7],27,-1,57,-1,56
1,<environment.Job instance at 0x7f977d767550>,27,3,[6 3],28,-1,59,-1,56
1,<environment.Job instance at 0x7f977d767780>,28,13,[8 5],29,-1,69,-1,56
1,<environment.Job instance at 0x7f977d7673c0>,29,28,[5 3],30,-1,84,-1,56
1,<environment.Job instance at 0x7f977d7671e0>,30,18,[6 1],31,-1,74,-1,56
1,<environment.Job instance at 0x7f977d767820>,31,2,[1 5],32,-1,58,-1,56
1,<environment.Job instance at 0x7f977d767af0>,32,18,[8 2],33,-1,89,-1,71
1,<environment.Job instance at 0x7f977d767e10>,33,3,[9 5],34,-1,74,-1,71
1,<environment.Job instance at 0x7f977d767460>,34,2,[7 4],35,-1,73,-1,71
1,<environment.Job instance at 0x7f977d7679b0>,36,1,[7 3],37,-1,72,-1,71
1,<environment.Job instance at 0x7f977d767500>,37,14,[ 1 10],38,-1,85,-1,71
1,<environment.Job instance at 0x7f977d767050>,38,1,[2 7],39,-1,72,-1,71
1,<environment.Job instance at 0x7f977d767640>,40,15,[8 2],41,-1,98,-1,83
1,<environment.Job instance at 0x7f977d762320>,41,3,[4 5],42,-1,86,-1,83
1,<environment.Job instance at 0x7f977d762410>,42,25,[6 3],43,-1,108,-1,83
1,<environment.Job instance at 0x7f977e5d8cd0>,43,2,[5 1],44,-1,85,-1,83
1,<environment.Job instance at 0x7f977e7ea5f0>,45,13,[6 4],46,-1,102,-1,89
1,<environment.Job instance at 0x7f977e7ea690>,46,2,[5 5],47,-1,91,-1,89
1,<environment.Job instance at 0x7f977e5e6410>,47,13,[1 9],48,-1,102,-1,89
1,<environment.Job instance at 0x7f977e5dd320>,48,17,[3 6],49,-1,107,-1,90
1,<environment.Job instance at 0x7f977e5e6e60>,49,15,[ 5 10],50,-1,105,-1,90
1,<environment.Job instance at 0x7f977df0acd0>,50,1,[ 1 10],51,-1,91,-1,90
1,<environment.Job instance at 0x7f977def2be0>,51,14,[8 2],52,-1,105,-1,91
1,<environment.Job instance at 0x7f977def2140>,52,1,[5 9],53,-1,92,-1,91
1,<environment.Job instance at 0x7f977df0c280>,53,20,[2 6],54,-1,112,-1,92
1,<environment.Job instance at 0x7f977df437d0>,54,15,[5 1],55,-1,107,-1,92
1,<environment.Job instance at 0x7f977df432d0>,55,3,[5 2],56,-1,95,-1,92
1,<environment.Job instance at 0x7f977e616280>,56,3,[ 5 10],57,-1,95,-1,92
1,<environment.Job instance at 0x7f977df43e60>,57,1,[8 5],58,-1,93,-1,92
1,<environment.Job instance at 0x7f977e616be0>,58,2,[2 6],59,-1,94,-1,92
1,<environment.Job instance at 0x7f977e616230>,59,18,[13  1],60,-1,110,-1,92
1,<environment.Job instance at 0x7f977e616e60>,60,12,[9 2],61,-1,104,-1,92
1,<environment.Job instance at 0x7f977e6169b0>,61,2,[1 7],62,-1,94,-1,92
1,<environment.Job instance at 0x7f977e242dc0>,62,3,[ 3 11],63,-1,95,-1,92
1,<environment.Job instance at 0x7f977e242b90>,63,3,[2 5],64,-1,95,-1,92
1,<environment.Job instance at 0x7f977e2427d0>,64,12,[5 9],65,-1,104,-1,92
1,<environment.Job instance at 0x7f977e242a50>,65,12,[2 6],66,-1,104,-1,92
1,<environment.Job instance at 0x7f977e2421e0>,66,15,[2 7],67,-1,109,-1,94
1,<environment.Job instance at 0x7f977e242410>,67,1,[9 3],68,-1,95,-1,94
1,<environment.Job instance at 0x7f9787259f00>,69,15,[ 3 10],70,-1,119,-1,104
1,<environment.Job instance at 0x7f977dcb5aa0>,70,24,[2 8],71,-1,128,-1,104
1,<environment.Job instance at 0x7f977de66500>,71,24,[9 1],72,-1,128,-1,104
1,<environment.Job instance at 0x7f977dca3960>,72,3,[7 1],73,-1,107,-1,104
1,<environment.Job instance at 0x7f977e626be0>,73,24,[10  5],74,-1,128,-1,104
1,<environment.Job instance at 0x7f977e1b1f00>,74,23,[10  2],75,-1,127,-1,104
1,<environment.Job instance at 0x7f977e9251e0>,75,15,[ 1 11],76,-1,119,-1,104
1,<environment.Job instance at 0x7f977e865140>,76,16,[ 5 10],77,-1,120,-1,104
1,<environment.Job instance at 0x7f977dd072d0>,77,1,[4 5],78,-1,105,-1,104
1,<environment.Job instance at 0x7f97878dabe0>,78,1,[2 9],79,-1,105,-1,104
1,<environment.Job instance at 0x7f977df414b0>,79,13,[4 6],80,-1,117,-1,104
1,<environment.Job instance at 0x7f977dd1eb90>,80,15,[7 1],81,-1,121,-1,106
1,<environment.Job instance at 0x7f9787297fa0>,81,17,[10  3],82,-1,123,-1,106
1,<environment.Job instance at 0x7f977dd1e870>,82,13,[1 6],83,-1,119,-1,106
1,<environment.Job instance at 0x7f977de69d20>,83,3,[3 5],84,-1,109,-1,106
1,<environment.Job instance at 0x7f977d720370>,84,14,[1 5],85,-1,120,-1,106
1,<environment.Job instance at 0x7f977d720b40>,85,12,[ 4 10],86,-1,118,-1,106
1,<environment.Job instance at 0x7f977d72eeb0>,86,1,[2 6],87,-1,107,-1,106
1,<environment.Job instance at 0x7f977d72e190>,87,15,[ 3 12],88,-1,121,-1,106
1,<environment.Job instance at 0x7f977d72e640>,88,2,[5 7],89,-1,108,-1,106
1,<environment.Job instance at 0x7f977d776370>,91,2,[6 3],92,-1,109,-1,107
1,<environment.Job instance at 0x7f977d772910>,92,12,[8 1],93,-1,119,-1,107
1,<environment.Job instance at 0x7f977d72e9b0>,93,1,[1 7],94,-1,108,-1,107
1,<environment.Job instance at 0x7f977d772c30>,95,3,[9 4],96,-1,125,-1,122
1,<environment.Job instance at 0x7f977d772370>,2,1,[7 4],3,-1,4,-1,3
1,<environment.Job instance at 0x7f977d7aeaa0>,5,2,[ 4 11],6,-1,8,-1,6
1,<environment.Job instance at 0x7f977d7aef00>,10,2,[10  2],11,-1,14,-1,12
1,<environment.Job instance at 0x7f977d774c80>,15,3,[2 5],16,-1,29,-1,26
1,<environment.Job instance at 0x7f977d774eb0>,16,2,[11  3],17,-1,28,-1,26
1,<environment.Job instance at 0x7f977d774fa0>,17,2,[12  2],18,-1,28,-1,26
1,<environment.Job instance at 0x7f977d774d20>,21,3,[7 3],22,-1,46,-1,43
1,<environment.Job instance at 0x7f977d774a50>,22,2,[12  5],23,-1,45,-1,43
1,<environment.Job instance at 0x7f977d774f50>,23,1,[1 7],24,-1,44,-1,43
1,<environment.Job instance at 0x7f977d774870>,24,1,[14  4],25,-1,44,-1,43
1,<environment.Job instance at 0x7f977d774370>,25,13,[ 1 10],26,-1,56,-1,43
1,<environment.Job instance at 0x7f977d774190>,26,3,[8 1],27,-1,46,-1,43
1,<environment.Job instance at 0x7f977d774320>,27,2,[6 4],28,-1,45,-1,43
1,<environment.Job instance at 0x7f977d739410>,34,2,[2 5],35,-1,85,-1,83
1,<environment.Job instance at 0x7f977d739d20>,36,1,[3 8],37,-1,93,-1,92
1,<environment.Job instance at 0x7f977d739820>,37,3,[10  2],38,-1,96,-1,93
1,<environment.Job instance at 0x7f977d739aa0>,38,1,[2 8],39,-1,94,-1,93
1,<environment.Job instance at 0x7f977d7cfaf0>,39,1,[ 3 10],40,-1,94,-1,93
1,<environment.Job instance at 0x7f977d7cff00>,42,1,[ 5 10],43,-1,109,-1,108
1,<environment.Job instance at 0x7f977d7cf820>,43,1,[ 5 12],44,-1,109,-1,108
1,<environment.Job instance at 0x7f977d7cf7d0>,46,3,[ 3 10],47,-1,132,-1,129
1,<environment.Job instance at 0x7f977d7cf4b0>,47,2,[10  4],48,-1,131,-1,129
1,<environment.Job instance at 0x7f977da706e0>,8,2,[5 7],9,-1,13,-1,11
1,<environment.Job instance at 0x7f977df52730>,24,1,[5 7],25,-1,77,-1,76
1,<environment.Job instance at 0x7f977df52eb0>,29,27,[ 5 10],30,-1,130,-1,103
1,<environment.Job instance at 0x7f977df524b0>,30,1,[6 3],31,-1,104,-1,103
1,<environment.Job instance at 0x7f977df2f5a0>,31,22,[ 1 10],32,-1,125,-1,103
1,<environment.Job instance at 0x7f977df2f7d0>,33,2,[5 6],34,-1,105,-1,103
1,<environment.Job instance at 0x7f977df2fbe0>,34,2,[2 5],35,-1,105,-1,103
1,<environment.Job instance at 0x7f977df2f0a0>,35,3,[6 5],36,-1,106,-1,103
1,<environment.Job instance at 0x7f977df2f690>,36,3,[8 2],37,-1,106,-1,103
1,<environment.Job instance at 0x7f977d6fd8c0>,2,2,[5 8],3,-1,5,-1,3
1,<environment.Job instance at 0x7f977d6fd9b0>,6,25,[ 5 10],7,-1,32,-1,7
1,<environment.Job instance at 0x7f977da8ebe0>,11,1,[4 6],12,-1,13,-1,12
1,<environment.Job instance at 0x7f977da8e8c0>,14,2,[ 2 10],15,-1,23,-1,21
1,<environment.Job instance at 0x7f977da8e730>,21,2,[9 5],22,-1,41,-1,39
1,<environment.Job instance at 0x7f977da8e460>,22,3,[9 5],23,-1,42,-1,39
1,<environment.Job instance at 0x7f977da8e7d0>,30,26,[6 3],31,-1,88,-1,62
1,<environment.Job instance at 0x7f977e50c190>,32,17,[ 2 11],33,-1,89,-1,72
1,<environment.Job instance at 0x7f977e50c690>,33,2,[6 3],34,-1,74,-1,72
1,<environment.Job instance at 0x7f977e50cf00>,34,1,[9 4],35,-1,73,-1,72
1,<environment.Job instance at 0x7f977e50c460>,35,23,[7 1],36,-1,95,-1,72
1,<environment.Job instance at 0x7f977e50ccd0>,36,1,[4 9],37,-1,73,-1,72
1,<environment.Job instance at 0x7f977e50c780>,38,2,[8 5],39,-1,81,-1,79
1,<environment.Job instance at 0x7f977e50cb90>,43,12,[ 1 14],44,-1,115,-1,103
1,<environment.Job instance at 0x7f97872400f0>,18,2,[8 5],19,-1,43,-1,41
1,<environment.Job instance at 0x7f977e0fb5a0>,20,2,[2 7],21,-1,52,-1,50
1,<environment.Job instance at 0x7f977e0fb0f0>,21,1,[10  4],22,-1,51,-1,50
1,<environment.Job instance at 0x7f977e0fbc80>,22,3,[3 8],23,-1,53,-1,50
1,<environment.Job instance at 0x7f977eae3cd0>,25,18,[14  2],26,-1,85,-1,67
1,<environment.Job instance at 0x7f977eae37d0>,26,1,[5 7],27,-1,68,-1,67
1,<environment.Job instance at 0x7f977eae3d20>,28,2,[7 3],29,-1,76,-1,74
1,<environment.Job instance at 0x7f977eae3230>,29,1,[5 6],30,-1,75,-1,74
1,<environment.Job instance at 0x7f977eae3f50>,36,2,[7 3],37,-1,113,-1,111
1,<environment.Job instance at 0x7f977eae3500>,37,25,[9 4],38,-1,136,-1,111
1,<environment.Job instance at 0x7f977eae3b90>,38,2,[2 7],39,-1,113,-1,111
1,<environment.Job instance at 0x7f977eaf76e0>,39,2,[4 6],40,-1,113,-1,111
1,<environment.Job instance at 0x7f977eaf70f0>,41,3,[ 4 12],42,-1,121,-1,118
1,<environment.Job instance at 0x7f977dff8d20>,5,12,[ 3 10],6,-1,20,-1,8
1,<environment.Job instance at 0x7f977e04ad70>,8,12,[10  1],9,-1,37,-1,25
1,<environment.Job instance at 0x7f977dffbf50>,13,2,[8 4],14,-1,27,-1,25
1,<environment.Job instance at 0x7f977dffb0a0>,14,1,[10  4],15,-1,26,-1,25
1,<environment.Job instance at 0x7f977e3e45f0>,26,3,[9 2],27,-1,65,-1,62
1,<environment.Job instance at 0x7f977daa09b0>,28,1,[8 2],29,-1,78,-1,77
1,<environment.Job instance at 0x7f977daa0b40>,31,1,[9 4],32,-1,78,-1,77
1,<environment.Job instance at 0x7f977e50a280>,32,2,[2 7],33,-1,79,-1,77
1,<environment.Job instance at 0x7f977e005230>,35,2,[3 7],36,-1,96,-1,94
1,<environment.Job instance at 0x7f977e005820>,36,1,[11  2],37,-1,95,-1,94
1,<environment.Job instance at 0x7f977e4f91e0>,40,1,[4 5],41,-1,127,-1,126
1,<environment.Job instance at 0x7f977e000dc0>,42,1,[6 3],43,-1,127,-1,126
1,<environment.Job instance at 0x7f977daae690>,44,1,[5 4],45,-1,130,-1,129
1,<environment.Job instance at 0x7f977e3cb050>,6,1,[ 3 10],7,-1,8,-1,7
1,<environment.Job instance at 0x7f977dd475f0>,16,17,[ 1 13],17,-1,34,-1,17
1,<environment.Job instance at 0x7f977dd479b0>,17,18,[ 3 12],18,-1,36,-1,18
1,<environment.Job instance at 0x7f977dd47190>,25,3,[3 9],26,-1,48,-1,45
1,<environment.Job instance at 0x7f977dd47500>,28,22,[ 1 13],29,-1,85,-1,63
1,<environment.Job instance at 0x7f977e044780>,29,3,[2 9],30,-1,66,-1,63
1,<environment.Job instance at 0x7f977e044280>,30,3,[9 2],31,-1,66,-1,63
1,<environment.Job instance at 0x7f977e0440f0>,31,3,[2 9],32,-1,66,-1,63
1,<environment.Job instance at 0x7f977e044910>,32,3,[10  3],33,-1,66,-1,63
1,<environment.Job instance at 0x7f977e04acd0>,42,13,[14  2],43,-1,130,-1,117
1,<environment.Job instance at 0x7f977e04a7d0>,43,1,[5 5],44,-1,118,-1,117
1,<environment.Job instance at 0x7f977e04a230>,44,22,[5 8],45,-1,139,-1,117
1,<environment.Job instance at 0x7f977e030730>,46,12,[ 1 10],47,-1,129,-1,117
1,<environment.Job instance at 0x7f977d7afdc0>,14,2,[9 5],15,-1,28,-1,26
1,<environment.Job instance at 0x7f977d7affa0>,16,17,[ 2 14],17,-1,47,-1,30
1,<environment.Job instance at 0x7f977d7afe60>,17,26,[10  5],18,-1,56,-1,30
1,<environment.Job instance at 0x7f977d7af780>,18,2,[7 5],19,-1,32,-1,30
1,<environment.Job instance at 0x7f977d9c0dc0>,22,3,[1 7],23,-1,62,-1,59
1,<environment.Job instance at 0x7f977e7d32d0>,27,1,[3 8],28,-1,88,-1,87
1,<environment.Job instance at 0x7f977d7d8d20>,29,3,[6 1],30,-1,91,-1,88
1,<environment.Job instance at 0x7f977e82e460>,30,2,[2 6],31,-1,90,-1,88
1,<environment.Job instance at 0x7f977dc3a910>,31,2,[7 1],32,-1,90,-1,88
1,<environment.Job instance at 0x7f977e6ee9b0>,32,3,[6 1],33,-1,91,-1,88
1,<environment.Job instance at 0x7f977e83bfa0>,33,23,[1 7],34,-1,111,-1,88
1,<environment.Job instance at 0x7f977e83b0a0>,35,18,[ 2 10],36,-1,147,-1,129
1,<environment.Job instance at 0x7f977d94b320>,6,1,[11  1],7,-1,12,-1,11
1,<environment.Job instance at 0x7f977d94b1e0>,11,28,[7 5],12,-1,40,-1,12
1,<environment.Job instance at 0x7f977e90f870>,18,1,[5 1],19,-1,41,-1,40
1,<environment.Job instance at 0x7f977e90f730>,19,2,[7 4],20,-1,42,-1,40
1,<environment.Job instance at 0x7f977e90f780>,20,2,[1 9],21,-1,42,-1,40
1,<environment.Job instance at 0x7f977e90f9b0>,23,3,[6 1],24,-1,61,-1,58
1,<environment.Job instance at 0x7f977e90fbe0>,24,3,[1 6],25,-1,61,-1,58
1,<environment.Job instance at 0x7f977e90f640>,26,1,[7 1],27,-1,75,-1,74
1,<environment.Job instance at 0x7f977e90fe60>,27,13,[13  4],28,-1,87,-1,74
1,<environment.Job instance at 0x7f977e90fe10>,30,24,[10  5],31,-1,102,-1,78
1,<environment.Job instance at 0x7f977e90fa50>,31,3,[ 4 12],32,-1,81,-1,78
1,<environment.Job instance at 0x7f977e90f4b0>,36,13,[11  3],37,-1,137,-1,124
1,<environment.Job instance at 0x7f977e90f4b0>,7,2,[9 2],8,-1,35,-1,33
1,<environment.Job instance at 0x7f977d424c80>,19,2,[1 8],20,-1,42,-1,40
1,<environment.Job instance at 0x7f977d422c80>,23,3,[6 1],24,-1,46,-1,43
1,<environment.Job instance at 0x7f977d422640>,25,3,[4 8],26,-1,46,-1,43
1,<environment.Job instance at 0x7f977d422370>,28,3,[2 8],29,-1,59,-1,56
1,<environment.Job instance at 0x7f977d4222d0>,29,2,[4 5],30,-1,58,-1,56
1,<environment.Job instance at 0x7f977d422d70>,30,1,[7 1],31,-1,57,-1,56
1,<environment.Job instance at 0x7f977d422410>,31,2,[2 6],32,-1,58,-1,56
1,<environment.Job instance at 0x7f977d477370>,39,1,[5 1],40,-1,95,-1,94
1,<environment.Job instance at 0x7f977d477e10>,40,2,[10  1],41,-1,96,-1,94
1,<environment.Job instance at 0x7f977d4775a0>,42,3,[10  3],43,-1,97,-1,94
1,<environment.Job instance at 0x7f977d477b90>,47,2,[5 7],48,-1,121,-1,119
1,<environment.Job instance at 0x7f977d477c30>,49,1,[6 3],50,-1,120,-1,119
1,<environment.Job instance at 0x7f9787289140>,8,2,[1 6],9,-1,12,-1,10
1,<environment.Job instance at 0x7f977e682690>,23,3,[5 6],24,-1,67,-1,64
1,<environment.Job instance at 0x7f977e682410>,24,3,[9 3],25,-1,67,-1,64
1,<environment.Job instance at 0x7f977e682870>,25,2,[7 1],26,-1,66,-1,64
1,<environment.Job instance at 0x7f977e105d20>,26,13,[ 1 10],27,-1,81,-1,68
1,<environment.Job instance at 0x7f977e1057d0>,28,3,[10  1],29,-1,71,-1,68
1,<environment.Job instance at 0x7f977e105e60>,30,1,[13  2],31,-1,79,-1,78
1,<environment.Job instance at 0x7f977e105280>,42,28,[8 2],43,-1,154,-1,126
1,<environment.Job instance at 0x7f977e105a00>,43,22,[5 4],44,-1,150,-1,128
1,<environment.Job instance at 0x7f977e903500>,46,3,[1 8],47,-1,131,-1,128
1,<environment.Job instance at 0x7f977e9036e0>,47,1,[3 5],48,-1,129,-1,128
1,<environment.Job instance at 0x7f977e903c30>,48,2,[5 7],49,-1,130,-1,128
1,<environment.Job instance at 0x7f977e903aa0>,49,2,[2 5],50,-1,130,-1,128
1,<environment.Job instance at 0x7f977db0dbe0>,6,2,[5 6],7,-1,10,-1,8
1,<environment.Job instance at 0x7f977db0d8c0>,8,1,[9 2],9,-1,10,-1,9
1,<environment.Job instance at 0x7f977db0dcd0>,9,12,[ 5 10],10,-1,22,-1,10
1,<environment.Job instance at 0x7f977e558d20>,32,1,[5 8],33,-1,127,-1,126
1,<environment.Job instance at 0x7f977e558be0>,33,1,[6 3],34,-1,127,-1,126
1,<environment.Job instance at 0x7f977dcb57d0>,34,3,[6 1],35,-1,129,-1,126
1,<environment.Job instance at 0x7f977dcb5aa0>,35,1,[10  4],36,-1,127,-1,126
1,<environment.Job instance at 0x7f977dcb5eb0>,37,3,[10  1],38,-1,129,-1,126
1,<environment.Job instance at 0x7f977dcb5870>,39,1,[6 1],40,-1,127,-1,126
1,<environment.Job instance at 0x7f977e141e10>,6,3,[14  4],7,-1,10,-1,7
1,<environment.Job instance at 0x7f977df52320>,14,2,[6 1],15,-1,21,-1,19
1,<environment.Job instance at 0x7f977df52230>,15,3,[7 2],16,-1,22,-1,19
1,<environment.Job instance at 0x7f977df52b40>,16,1,[10  5],17,-1,20,-1,19
1,<environment.Job instance at 0x7f977df52550>,17,3,[10  3],18,-1,22,-1,19
1,<environment.Job instance at 0x7f977df52dc0>,18,26,[2 5],19,-1,45,-1,19
1,<environment.Job instance at 0x7f977df52410>,19,28,[4 8],20,-1,48,-1,20
1,<environment.Job instance at 0x7f977df52d70>,20,28,[1 5],21,-1,49,-1,21
1,<environment.Job instance at 0x7f977df52af0>,21,1,[9 5],22,-1,23,-1,22
1,<environment.Job instance at 0x7f977d6d92d0>,22,3,[5 9],23,-1,26,-1,23
1,<environment.Job instance at 0x7f977df52e10>,23,13,[10  1],24,-1,41,-1,28
1,<environment.Job instance at 0x7f977d6d91e0>,27,28,[ 1 10],28,-1,56,-1,28
1,<environment.Job instance at 0x7f977d6d90f0>,30,1,[ 5 10],31,-1,41,-1,40
1,<environment.Job instance at 0x7f977d6d95a0>,31,1,[9 3],32,-1,41,-1,40
1,<environment.Job instance at 0x7f977d6d9910>,32,1,[1 7],33,-1,41,-1,40
1,<environment.Job instance at 0x7f977e788f00>,33,1,[5 4],34,-1,41,-1,40
1,<environment.Job instance at 0x7f977e788dc0>,34,18,[ 2 10],35,-1,61,-1,43
1,<environment.Job instance at 0x7f977e788f50>,35,2,[8 2],36,-1,45,-1,43
1,<environment.Job instance at 0x7f977e788e60>,36,1,[10  4],37,-1,44,-1,43
1,<environment.Job instance at 0x7f977e7883c0>,37,3,[9 4],38,-1,46,-1,43
1,<environment.Job instance at 0x7f977e7882d0>,43,3,[9 5],44,-1,60,-1,57
1,<environment.Job instance at 0x7f977d4fd870>,46,1,[5 1],47,-1,74,-1,73
1,<environment.Job instance at 0x7f977d4fd5f0>,49,16,[ 3 10],50,-1,99,-1,83
1,<environment.Job instance at 0x7f977d4fdb90>,50,13,[8 2],51,-1,97,-1,84
1,<environment.Job instance at 0x7f977d4fd690>,51,2,[5 2],52,-1,86,-1,84
1,<environment.Job instance at 0x7f977d4fdb40>,55,13,[6 1],56,-1,113,-1,100
1,<environment.Job instance at 0x7f977dbc4f00>,8,25,[11  1],9,-1,34,-1,9
1,<environment.Job instance at 0x7f977dbc4b90>,9,2,[1 6],10,-1,19,-1,17
1,<environment.Job instance at 0x7f977dbc45f0>,15,2,[3 7],16,-1,19,-1,17
1,<environment.Job instance at 0x7f977d933640>,20,18,[12  3],21,-1,53,-1,35
1,<environment.Job instance at 0x7f977d933c30>,25,27,[4 6],26,-1,100,-1,73
1,<environment.Job instance at 0x7f977d933410>,27,1,[1 7],28,-1,77,-1,76
1,<environment.Job instance at 0x7f977eae0fa0>,31,2,[5 3],32,-1,107,-1,105
1,<environment.Job instance at 0x7f977eae0960>,32,1,[5 5],33,-1,106,-1,105
1,<environment.Job instance at 0x7f977eae0190>,34,2,[9 3],35,-1,119,-1,117
1,<environment.Job instance at 0x7f977eae03c0>,38,1,[10  4],39,-1,118,-1,117
1,<environment.Job instance at 0x7f977e684280>,9,28,[4 8],10,-1,38,-1,10
1,<environment.Job instance at 0x7f977e6846e0>,13,3,[ 3 10],14,-1,41,-1,38
1,<environment.Job instance at 0x7f977d380410>,24,12,[ 4 13],25,-1,50,-1,38
1,<environment.Job instance at 0x7f977da57910>,39,2,[10  4],40,-1,101,-1,99
1,<environment.Job instance at 0x7f977d731aa0>,18,28,[9 5],19,-1,52,-1,24
1,<environment.Job instance at 0x7f977d7316e0>,20,1,[11  1],21,-1,25,-1,24
1,<environment.Job instance at 0x7f977d4d9c30>,21,1,[10  5],22,-1,25,-1,24
1,<environment.Job instance at 0x7f977d4d9f50>,22,2,[1 8],23,-1,26,-1,24
1,<environment.Job instance at 0x7f977d4d9140>,23,3,[9 3],24,-1,28,-1,25
1,<environment.Job instance at 0x7f977d74d5f0>,24,2,[6 2],25,-1,28,-1,26
1,<environment.Job instance at 0x7f977d4d9820>,27,1,[1 6],28,-1,47,-1,46
1,<environment.Job instance at 0x7f977d74d870>,29,2,[7 3],30,-1,57,-1,55
1,<environment.Job instance at 0x7f977d74d460>,30,1,[2 9],31,-1,56,-1,55
1,<environment.Job instance at 0x7f977ea35fa0>,31,1,[7 3],32,-1,56,-1,55
1,<environment.Job instance at 0x7f977e29dbe0>,33,1,[2 6],34,-1,65,-1,64
1,<environment.Job instance at 0x7f977e29dcd0>,34,3,[6 2],35,-1,67,-1,64
1,<environment.Job instance at 0x7f977dbf0b90>,37,1,[ 2 12],38,-1,70,-1,69
1,<environment.Job instance at 0x7f977dbf0b40>,38,1,[5 8],39,-1,70,-1,69
1,<environment.Job instance at 0x7f977dbf0640>,39,3,[ 2 10],40,-1,72,-1,69
1,<environment.Job instance at 0x7f977e762d70>,44,1,[8 1],45,-1,100,-1,99
1,<environment.Job instance at 0x7f977dbec410>,45,1,[10  4],46,-1,100,-1,99
1,<environment.Job instance at 0x7f977db9ca00>,13,23,[5 6],14,-1,43,-1,20
1,<environment.Job instance at 0x7f977db9c730>,18,3,[7 5],19,-1,23,-1,20
1,<environment.Job instance at 0x7f977ea81b40>,30,1,[4 8],31,-1,67,-1,66
1,<environment.Job instance at 0x7f977ea81820>,38,2,[ 4 11],39,-1,100,-1,98
1,<environment.Job instance at 0x7f977ea81fa0>,40,12,[ 1 14],41,-1,110,-1,98
1,<environment.Job instance at 0x7f977ea816e0>,42,2,[ 1 14],43,-1,113,-1,111
1,<environment.Job instance at 0x7f977ea81640>,43,1,[5 6],44,-1,112,-1,111
1,<environment.Job instance at 0x7f977ea81690>,44,24,[4 8],45,-1,135,-1,111
1,<environment.Job instance at 0x7f977d6e3f00>,46,23,[9 2],47,-1,134,-1,111
1,<environment.Job instance at 0x7f977d6e3d70>,49,27,[ 5 10],50,-1,155,-1,128
1,<environment.Job instance at 0x7f977eab3910>,50,28,[8 5],51,-1,156,-1,128
1,<environment.Job instance at 0x7f977e5c0410>,5,27,[4 6],6,-1,33,-1,6
1,<environment.Job instance at 0x7f977e5b92d0>,11,18,[8 2],12,-1,30,-1,12
1,<environment.Job instance at 0x7f977e5c0140>,10,1,[6 3],11,-1,13,-1,12
1,<environment.Job instance at 0x7f977e5b94b0>,14,2,[1 7],15,-1,18,-1,16
1,<environment.Job instance at 0x7f977e5b9640>,16,2,[10  3],17,-1,19,-1,17
1,<environment.Job instance at 0x7f977e5b9c30>,24,1,[3 6],25,-1,46,-1,45
1,<environment.Job instance at 0x7f977e5b9cd0>,25,1,[5 2],26,-1,46,-1,45
1,<environment.Job instance at 0x7f977e5b9d70>,26,13,[11  2],27,-1,58,-1,45
1,<environment.Job instance at 0x7f977e5b9eb0>,28,1,[9 2],29,-1,57,-1,56
1,<environment.Job instance at 0x7f977e5d20a0>,30,1,[8 5],31,-1,58,-1,57
1,<environment.Job instance at 0x7f977e5d2140>,31,23,[5 2],32,-1,80,-1,57
1,<environment.Job instance at 0x7f977e5d2370>,32,17,[ 5 14],33,-1,74,-1,57
1,<environment.Job instance at 0x7f977e5d2410>,33,28,[10  4],34,-1,85,-1,57
1,<environment.Job instance at 0x7f977e5d2320>,34,2,[5 7],35,-1,59,-1,57
1,<environment.Job instance at 0x7f977e5d23c0>,35,3,[5 5],36,-1,60,-1,57
1,<environment.Job instance at 0x7f977e5d24b0>,36,1,[1 9],37,-1,58,-1,57
1,<environment.Job instance at 0x7f977e5d26e0>,38,18,[ 4 13],39,-1,83,-1,65
1,<environment.Job instance at 0x7f977e5d2550>,40,1,[5 2],41,-1,75,-1,74
1,<environment.Job instance at 0x7f977e5d25f0>,41,3,[ 1 10],42,-1,77,-1,74
1,<environment.Job instance at 0x7f977e5d2870>,42,2,[4 7],43,-1,76,-1,74
1,<environment.Job instance at 0x7f977e5d2dc0>,45,3,[ 4 10],46,-1,93,-1,90
1,<environment.Job instance at 0x7f977e5b71e0>,52,2,[10  5],53,-1,122,-1,120
1,<environment.Job instance at 0x7f977e5b7280>,53,1,[2 5],54,-1,121,-1,120
1,<environment.Job instance at 0x7f977e5b7320>,54,2,[2 7],55,-1,122,-1,120
1,<environment.Job instance at 0x7f977e5b73c0>,55,3,[6 5],56,-1,123,-1,120
1,<environment.Job instance at 0x7f977e5b7640>,57,13,[ 1 10],58,-1,133,-1,120
1,<environment.Job instance at 0x7f977e5b7730>,58,2,[1 9],59,-1,122,-1,120
1,<environment.Job instance at 0x7f10c7556cd0>,12,26,[ 1 10],13,-1,39,-1,13
1,<environment.Job instance at 0x7f10c7556fa0>,17,3,[4 9],18,-1,37,-1,34
1,<environment.Job instance at 0x7f10c75580a0>,18,3,[4 7],19,-1,37,-1,34
1,<environment.Job instance at 0x7f10c75583c0>,20,1,[7 5],21,-1,46,-1,45
1,<environment.Job instance at 0x7f10c7558460>,21,1,[6 5],22,-1,46,-1,45
1,<environment.Job instance at 0x7f10c7558500>,22,1,[2 7],23,-1,46,-1,45
1,<environment.Job instance at 0x7f10c75585a0>,23,27,[1 6],24,-1,72,-1,45
1,<environment.Job instance at 0x7f10c7558780>,26,3,[3 7],27,-1,67,-1,64
1,<environment.Job instance at 0x7f10c75588c0>,28,23,[10  4],29,-1,87,-1,64
1,<environment.Job instance at 0x7f10c7558be0>,32,3,[5 1],33,-1,81,-1,78
1,<environment.Job instance at 0x7f10c7558d70>,34,24,[1 8],35,-1,102,-1,78
1,<environment.Job instance at 0x7f10c7558f00>,36,13,[ 3 14],37,-1,106,-1,93
1,<environment.Job instance at 0x7f10c7558dc0>,37,2,[2 6],38,-1,95,-1,93
1,<environment.Job instance at 0x7f10c7558e10>,38,2,[ 1 10],39,-1,95,-1,93
1,<environment.Job instance at 0x7f10c7558cd0>,39,2,[5 6],40,-1,95,-1,93
1,<environment.Job instance at 0x7f10c755c280>,41,1,[5 2],42,-1,109,-1,108
1,<environment.Job instance at 0x7f10c755c320>,42,2,[4 6],43,-1,110,-1,108
1,<environment.Job instance at 0x7f10c755c550>,46,17,[12  2],47,-1,138,-1,121
1,<environment.Job instance at 0x7f10c755c6e0>,47,2,[6 5],48,-1,123,-1,121
1,<environment.Job instance at 0x7f10c755c8c0>,50,16,[12  2],51,-1,152,-1,136
1,<environment.Job instance at 0x7f10c755c960>,51,3,[1 5],52,-1,139,-1,136
1,<environment.Job instance at 0x7f10c755c5a0>,52,1,[8 5],53,-1,137,-1,136
1,<environment.Job instance at 0x7f10c755c5a0>,3,15,[ 1 12],4,-1,19,-1,4
1,<environment.Job instance at 0x7f10c75cf050>,10,2,[3 8],11,-1,14,-1,12
1,<environment.Job instance at 0x7f10c75cf5f0>,16,1,[6 3],17,-1,18,-1,17
1,<environment.Job instance at 0x7f10c75cf0a0>,17,3,[4 5],18,-1,21,-1,18
1,<environment.Job instance at 0x7f10c7b100a0>,24,3,[6 4],25,-1,34,-1,31
1,<environment.Job instance at 0x7f10c6fe0e10>,25,13,[ 1 14],26,-1,44,-1,31
1,<environment.Job instance at 0x7f10c6bd47d0>,26,2,[8 1],27,-1,33,-1,31
1,<environment.Job instance at 0x7f10d0ccdf00>,27,2,[10  2],28,-1,33,-1,31
1,<environment.Job instance at 0x7f10c6f6a0f0>,30,2,[9 5],31,-1,52,-1,50
1,<environment.Job instance at 0x7f10c6fbb1e0>,31,2,[5 5],32,-1,52,-1,50
1,<environment.Job instance at 0x7f10c6fbb3c0>,32,1,[6 4],33,-1,51,-1,50
1,<environment.Job instance at 0x7f10c6fbb0a0>,36,2,[11  5],37,-1,71,-1,69
1,<environment.Job instance at 0x7f10c6f694b0>,37,21,[ 3 10],38,-1,90,-1,69
1,<environment.Job instance at 0x7f10c6f69410>,38,3,[14  4],39,-1,72,-1,69
1,<environment.Job instance at 0x7f10c6f695f0>,40,1,[5 8],41,-1,70,-1,69
1,<environment.Job instance at 0x7f10c7018280>,43,2,[7 3],44,-1,85,-1,83
1,<environment.Job instance at 0x7f10c7018410>,44,3,[4 6],45,-1,86,-1,83
1,<environment.Job instance at 0x7f10c7018b40>,45,2,[5 2],46,-1,85,-1,83
1,<environment.Job instance at 0x7f10c6ff4190>,46,1,[5 9],47,-1,84,-1,83
1,<environment.Job instance at 0x7f10c6ff4e60>,47,1,[2 9],48,-1,84,-1,83
1,<environment.Job instance at 0x7f10c6c72fa0>,2,2,[2 6],3,-1,7,-1,5
1,<environment.Job instance at 0x7f10c6c72460>,11,2,[1 5],12,-1,22,-1,20
1,<environment.Job instance at 0x7f10c6c72190>,13,3,[9 5],14,-1,28,-1,25
1,<environment.Job instance at 0x7f10c6c72e10>,14,2,[7 4],15,-1,27,-1,25
1,<environment.Job instance at 0x7f10c6c72910>,9,28,[5 3],10,-1,59,-1,31
1,<environment.Job instance at 0x7f10c6c721e0>,16,1,[7 3],17,-1,32,-1,31
1,<environment.Job instance at 0x7f10c6c725f0>,18,1,[2 7],19,-1,33,-1,32
1,<environment.Job instance at 0x7f10c6c039b0>,21,3,[4 5],22,-1,47,-1,44
1,<environment.Job instance at 0x7f10c6c03cd0>,22,25,[6 3],23,-1,69,-1,44
1,<environment.Job instance at 0x7f10c6c03b40>,23,2,[5 1],24,-1,46,-1,44
1,<environment.Job instance at 0x7f10c6c037d0>,30,1,[ 1 10],31,-1,76,-1,75
1,<environment.Job instance at 0x7f10c6c035a0>,32,1,[5 9],33,-1,88,-1,87
1,<environment.Job instance at 0x7f10c6c034b0>,36,3,[ 5 10],37,-1,98,-1,95
1,<environment.Job instance at 0x7f10c6c03e60>,37,1,[8 5],38,-1,96,-1,95
1,<environment.Job instance at 0x7f10c6c03af0>,38,2,[2 6],39,-1,97,-1,95
1,<environment.Job instance at 0x7f10c6c03eb0>,39,18,[13  1],40,-1,113,-1,95
1,<environment.Job instance at 0x7f10c6c03690>,41,2,[1 7],42,-1,105,-1,103
1,<environment.Job instance at 0x7f10c6c0d780>,42,3,[ 3 11],43,-1,106,-1,103
1,<environment.Job instance at 0x7f10c7315f00>,47,1,[9 3],48,-1,123,-1,122
1,<environment.Job instance at 0x7f10c7c80370>,50,24,[2 8],51,-1,163,-1,139
1,<environment.Job instance at 0x7f10c7c80f00>,51,24,[9 1],52,-1,163,-1,139
1,<environment.Job instance at 0x7f10c7c80e60>,52,3,[7 1],53,-1,142,-1,139
1,<environment.Job instance at 0x7f10c7c03e60>,53,24,[10  5],54,-1,163,-1,139
1,<environment.Job instance at 0x7f10c738ad20>,54,23,[10  2],55,-1,162,-1,139
1,<environment.Job instance at 0x7f10c7b10640>,55,15,[ 1 11],56,-1,154,-1,139
1,<environment.Job instance at 0x7f10c7063320>,13,1,[ 5 12],14,-1,16,-1,15
1,<environment.Job instance at 0x7f10c719cd20>,15,12,[ 1 10],16,-1,29,-1,17
1,<environment.Job instance at 0x7f10c719c8c0>,17,2,[10  4],18,-1,20,-1,18
1,<environment.Job instance at 0x7f10c704c820>,22,14,[ 1 11],23,-1,42,-1,28
1,<environment.Job instance at 0x7f10c704ad70>,24,3,[14  4],25,-1,36,-1,33
1,<environment.Job instance at 0x7f10c704a7d0>,25,2,[5 5],26,-1,35,-1,33
1,<environment.Job instance at 0x7f10c6c205a0>,26,2,[13  4],27,-1,35,-1,33
1,<environment.Job instance at 0x7f10c6f94550>,27,3,[3 5],28,-1,36,-1,33
1,<environment.Job instance at 0x7f10c71a01e0>,29,27,[1 5],30,-1,70,-1,43
1,<environment.Job instance at 0x7f10c71dd7d0>,30,1,[5 1],31,-1,44,-1,43
1,<environment.Job instance at 0x7f10c6f69cd0>,31,3,[9 3],32,-1,46,-1,43
1,<environment.Job instance at 0x7f10c7482370>,32,3,[ 4 10],33,-1,46,-1,43
1,<environment.Job instance at 0x7f10c75cf550>,33,3,[8 4],34,-1,46,-1,43
1,<environment.Job instance at 0x7f10c6f69af0>,34,3,[6 1],35,-1,46,-1,43
1,<environment.Job instance at 0x7f10c6c1caf0>,35,14,[ 5 12],36,-1,57,-1,43
1,<environment.Job instance at 0x7f10c7232230>,41,3,[9 2],42,-1,87,-1,84
1,<environment.Job instance at 0x7f10c7232e60>,46,25,[3 8],47,-1,123,-1,98
1,<environment.Job instance at 0x7f10c7232870>,47,2,[2 8],48,-1,100,-1,98
1,<environment.Job instance at 0x7f10c7232820>,48,3,[ 5 14],49,-1,101,-1,98
1,<environment.Job instance at 0x7f10c72321e0>,49,27,[9 3],50,-1,125,-1,98
1,<environment.Job instance at 0x7f10c7232a50>,51,3,[ 4 10],52,-1,107,-1,104
1,<environment.Job instance at 0x7f10c7232c80>,52,24,[ 3 10],53,-1,128,-1,104
1,<environment.Job instance at 0x7f10c7232140>,53,1,[3 5],54,-1,105,-1,104
1,<environment.Job instance at 0x7f10c6f5e820>,55,2,[6 3],56,-1,117,-1,115
1,<environment.Job instance at 0x7f10c6ef7870>,56,2,[3 8],57,-1,117,-1,115
1,<environment.Job instance at 0x7f10c6ce3460>,57,12,[ 2 12],58,-1,127,-1,115
1,<environment.Job instance at 0x7f10c6ce3820>,58,27,[1 7],59,-1,142,-1,115
1,<environment.Job instance at 0x7f10c7c3aeb0>,8,12,[ 5 12],9,-1,21,-1,9
1,<environment.Job instance at 0x7f10c7c48be0>,23,27,[9 3],24,-1,106,-1,79
1,<environment.Job instance at 0x7f10c7c48280>,25,2,[4 7],26,-1,88,-1,86
1,<environment.Job instance at 0x7f10c7c486e0>,26,28,[1 7],27,-1,115,-1,87
1,<environment.Job instance at 0x7f10c7c48460>,28,1,[5 7],29,-1,92,-1,91
1,<environment.Job instance at 0x7f10c7c35cd0>,29,2,[ 4 11],30,-1,93,-1,91
1,<environment.Job instance at 0x7f10c7c352d0>,30,3,[4 8],31,-1,94,-1,91
1,<environment.Job instance at 0x7f10c7c350f0>,31,1,[10  2],32,-1,92,-1,91
1,<environment.Job instance at 0x7f10c7c355f0>,32,3,[9 1],33,-1,94,-1,91
1,<environment.Job instance at 0x7f10c7c35730>,33,2,[ 4 10],34,-1,93,-1,91
1,<environment.Job instance at 0x7f10c7c35910>,34,3,[11  1],35,-1,94,-1,91
1,<environment.Job instance at 0x7f10c7c354b0>,35,1,[8 2],36,-1,93,-1,92
1,<environment.Job instance at 0x7f10c7299140>,36,28,[9 2],37,-1,120,-1,92
1,<environment.Job instance at 0x7f10c7299230>,37,2,[8 4],38,-1,94,-1,92
1,<environment.Job instance at 0x7f10c79a8230>,38,1,[6 3],39,-1,93,-1,92
1,<environment.Job instance at 0x7f10c79a80a0>,43,1,[6 2],44,-1,117,-1,116
1,<environment.Job instance at 0x7f10c6b116e0>,45,3,[8 5],46,-1,119,-1,116
1,<environment.Job instance at 0x7f10c7c0a3c0>,47,3,[ 1 12],48,-1,122,-1,119
1,<environment.Job instance at 0x7f10c7c249b0>,48,15,[ 3 11],49,-1,134,-1,119
1,<environment.Job instance at 0x7f10c6f06d70>,51,1,[10  4],52,-1,131,-1,130
1,<environment.Job instance at 0x7f10c6b0a050>,9,3,[7 4],10,-1,15,-1,12
1,<environment.Job instance at 0x7f10c72999b0>,13,16,[4 9],14,-1,33,-1,17
1,<environment.Job instance at 0x7f10c72990a0>,17,3,[6 4],18,-1,21,-1,18
1,<environment.Job instance at 0x7f10c7299410>,18,15,[3 6],19,-1,37,-1,22
1,<environment.Job instance at 0x7f10c7299690>,23,28,[ 1 11],24,-1,83,-1,55
1,<environment.Job instance at 0x7f10c6b62910>,25,23,[5 3],26,-1,80,-1,57
1,<environment.Job instance at 0x7f10c6b62d70>,26,14,[13  5],27,-1,71,-1,57
1,<environment.Job instance at 0x7f10c6b625a0>,28,1,[6 1],29,-1,59,-1,58
1,<environment.Job instance at 0x7f10c6b62410>,30,13,[12  5],31,-1,85,-1,72
1,<environment.Job instance at 0x7f10c6b62140>,33,3,[5 8],34,-1,89,-1,86
1,<environment.Job instance at 0x7f10c6b62e10>,34,1,[6 1],35,-1,87,-1,86
1,<environment.Job instance at 0x7f10c6b62f00>,35,3,[1 5],36,-1,89,-1,86
1,<environment.Job instance at 0x7f10c6b62280>,44,1,[1 6],45,-1,137,-1,136
1,<environment.Job instance at 0x7f10c6b62a50>,46,18,[ 3 13],47,-1,154,-1,136
1,<environment.Job instance at 0x7f10c6b5dd70>,9,2,[3 6],10,-1,17,-1,15
1,<environment.Job instance at 0x7f10c6b5d690>,7,1,[8 3],8,-1,16,-1,15
1,<environment.Job instance at 0x7f10c6b5d640>,13,18,[ 2 11],14,-1,34,-1,16
1,<environment.Job instance at 0x7f10c6b5de60>,15,3,[11  2],16,-1,19,-1,16
1,<environment.Job instance at 0x7f10c6b5d320>,16,3,[8 5],17,-1,20,-1,17
1,<environment.Job instance at 0x7f10c6b5d3c0>,22,23,[7 1],23,-1,73,-1,50
1,<environment.Job instance at 0x7f10c6b5d9b0>,23,2,[2 8],24,-1,52,-1,50
1,<environment.Job instance at 0x7f10c6b5d550>,24,14,[10  1],25,-1,64,-1,50
1,<environment.Job instance at 0x7f10c6b5de10>,25,3,[13  2],26,-1,53,-1,50
1,<environment.Job instance at 0x7f10c6b5d190>,26,1,[9 4],27,-1,51,-1,50
1,<environment.Job instance at 0x7f10c6f24cd0>,27,3,[3 8],28,-1,53,-1,50
1,<environment.Job instance at 0x7f10c6f24c80>,28,1,[13  4],29,-1,51,-1,50
1,<environment.Job instance at 0x7f10c6f24b90>,29,13,[ 2 10],30,-1,63,-1,50
1,<environment.Job instance at 0x7f10c6f24690>,32,13,[14  4],33,-1,78,-1,65
1,<environment.Job instance at 0x7f10c6b13550>,34,2,[5 2],35,-1,82,-1,80
1,<environment.Job instance at 0x7f10c6b13fa0>,35,3,[5 1],36,-1,83,-1,80
1,<environment.Job instance at 0x7f10c733c6e0>,41,23,[ 3 13],42,-1,123,-1,100
1,<environment.Job instance at 0x7f10c6f14f00>,5,3,[ 4 11],6,-1,9,-1,6
1,<environment.Job instance at 0x7f10c6c530a0>,18,3,[11  1],19,-1,50,-1,47
1,<environment.Job instance at 0x7f10c6c53f00>,19,2,[3 7],20,-1,49,-1,47
1,<environment.Job instance at 0x7f10c6c53280>,20,2,[9 1],21,-1,49,-1,47
1,<environment.Job instance at 0x7f10c6c53460>,21,2,[6 2],22,-1,49,-1,47
1,<environment.Job instance at 0x7f10c6c53af0>,23,2,[2 7],24,-1,63,-1,61
1,<environment.Job instance at 0x7f10c6c53eb0>,24,1,[9 2],25,-1,62,-1,61
1,<environment.Job instance at 0x7f10c6c53370>,25,3,[9 1],26,-1,64,-1,61
1,<environment.Job instance at 0x7f10c73fee60>,39,2,[3 7],40,-1,132,-1,130
1,<environment.Job instance at 0x7f10c6c61eb0>,8,1,[9 5],9,-1,10,-1,9
1,<environment.Job instance at 0x7f10c6c61af0>,9,1,[7 3],10,-1,12,-1,11
1,<environment.Job instance at 0x7f10c6c61370>,11,1,[3 8],12,-1,13,-1,12
1,<environment.Job instance at 0x7f10c717a1e0>,18,3,[9 2],19,-1,33,-1,30
1,<environment.Job instance at 0x7f10c717a9b0>,24,2,[9 2],25,-1,44,-1,42
1,<environment.Job instance at 0x7f10c7f81f50>,30,25,[9 4],31,-1,100,-1,75
1,<environment.Job instance at 0x7f10c7d26730>,33,3,[3 9],34,-1,95,-1,92
1,<environment.Job instance at 0x7f10c7d26190>,34,28,[ 5 10],35,-1,120,-1,92
1,<environment.Job instance at 0x7f10c7d261e0>,35,1,[ 1 10],36,-1,93,-1,92
1,<environment.Job instance at 0x7f10c7d26690>,37,27,[2 9],38,-1,119,-1,92
1,<environment.Job instance at 0x7f10c7d26230>,38,26,[4 9],39,-1,118,-1,92
1,<environment.Job instance at 0x7f10c7d26460>,39,1,[10  5],40,-1,93,-1,92
1,<environment.Job instance at 0x7f10c7d26e10>,42,2,[ 2 10],43,-1,109,-1,107
1,<environment.Job instance at 0x7f10c7d26a50>,43,3,[1 6],44,-1,110,-1,107
1,<environment.Job instance at 0x7f10c7bd2780>,47,3,[5 6],48,-1,134,-1,131
1,<environment.Job instance at 0x7f10c7bd2dc0>,49,3,[6 1],50,-1,134,-1,131
1,<environment.Job instance at 0x7f10c7bd2cd0>,51,2,[6 2],52,-1,133,-1,131
1,<environment.Job instance at 0x7f10c79f6280>,11,2,[5 4],12,-1,22,-1,20
1,<environment.Job instance at 0x7f10c79f6f00>,13,3,[ 2 10],14,-1,23,-1,20
1,<environment.Job instance at 0x7f10c79f6af0>,16,2,[ 2 10],17,-1,35,-1,33
1,<environment.Job instance at 0x7f10c79f6aa0>,17,16,[11  5],18,-1,49,-1,33
1,<environment.Job instance at 0x7f10c7a0a3c0>,19,3,[10  4],20,-1,38,-1,35
1,<environment.Job instance at 0x7f10c7a0abe0>,21,3,[13  1],22,-1,50,-1,47
1,<environment.Job instance at 0x7f10c7a0aa50>,22,3,[3 7],23,-1,50,-1,47
1,<environment.Job instance at 0x7f10c7a0ac30>,23,3,[5 4],24,-1,50,-1,47
1,<environment.Job instance at 0x7f10c7a0ad70>,25,17,[ 5 10],26,-1,66,-1,49
1,<environment.Job instance at 0x7f10c815c500>,27,1,[ 5 10],28,-1,50,-1,49
1,<environment.Job instance at 0x7f10c81576e0>,28,12,[6 1],29,-1,61,-1,49
1,<environment.Job instance at 0x7f10c6bc4820>,29,2,[1 9],30,-1,51,-1,49
1,<environment.Job instance at 0x7f10c8157690>,31,2,[10  4],32,-1,62,-1,60
1,<environment.Job instance at 0x7f10c7428140>,40,2,[5 4],41,-1,99,-1,97
1,<environment.Job instance at 0x7f10c7f16870>,15,16,[ 4 12],16,-1,33,-1,17
1,<environment.Job instance at 0x7f10c7f168c0>,18,18,[13  3],19,-1,37,-1,19
1,<environment.Job instance at 0x7f10c7f16f00>,19,1,[ 4 14],20,-1,21,-1,20
1,<environment.Job instance at 0x7f10c7f16cd0>,21,1,[5 5],22,-1,30,-1,29
1,<environment.Job instance at 0x7f10c7f16eb0>,22,16,[14  1],23,-1,45,-1,29
1,<environment.Job instance at 0x7f10c7f162d0>,25,1,[ 5 13],26,-1,45,-1,44
1,<environment.Job instance at 0x7f10c7f16230>,26,1,[8 5],27,-1,45,-1,44
1,<environment.Job instance at 0x7f10c7f16a50>,28,2,[2 9],29,-1,46,-1,44
1,<environment.Job instance at 0x7f10c7971eb0>,5,3,[5 5],6,-1,29,-1,26
1,<environment.Job instance at 0x7f10c7971550>,17,1,[5 4],18,-1,27,-1,26
1,<environment.Job instance at 0x7f10c6955f50>,28,2,[1 6],29,-1,69,-1,67
1,<environment.Job instance at 0x7f10c6955c80>,29,23,[5 5],30,-1,90,-1,67
1,<environment.Job instance at 0x7f10c69548c0>,35,24,[7 5],36,-1,133,-1,109
1,<environment.Job instance at 0x7f10c69546e0>,38,2,[5 5],39,-1,114,-1,112
1,<environment.Job instance at 0x7f10c69543c0>,41,2,[4 8],42,-1,114,-1,112
1,<environment.Job instance at 0x7f10c6954f00>,43,3,[5 6],44,-1,115,-1,112
1,<environment.Job instance at 0x7f10c6954910>,44,3,[9 3],45,-1,115,-1,112
1,<environment.Job instance at 0x7f10c6954a50>,45,2,[7 1],46,-1,114,-1,112
1,<environment.Job instance at 0x7f10c6954050>,46,13,[ 1 10],47,-1,127,-1,114
1,<environment.Job instance at 0x7f10c69545f0>,48,3,[10  1],49,-1,129,-1,126
1,<environment.Job instance at 0x7f10c7063410>,13,28,[3 5],14,-1,50,-1,22
1,<environment.Job instance at 0x7f10c70637d0>,16,2,[5 6],17,-1,39,-1,37
1,<environment.Job instance at 0x7f10c6e7deb0>,18,1,[9 2],19,-1,38,-1,37
1,<environment.Job instance at 0x7f10c6e7d870>,19,12,[ 5 10],20,-1,49,-1,37
1,<environment.Job instance at 0x7f10c6e7de10>,21,2,[10  5],22,-1,56,-1,54
1,<environment.Job instance at 0x7f10c6e7d5f0>,22,1,[9 4],23,-1,55,-1,54
1,<environment.Job instance at 0x7f10c6e7d230>,23,2,[3 6],24,-1,56,-1,54
1,<environment.Job instance at 0x7f10c6e7dcd0>,24,1,[1 7],25,-1,55,-1,54
1,<environment.Job instance at 0x7f10c6e7d370>,25,2,[1 8],26,-1,56,-1,54
1,<environment.Job instance at 0x7f10c6e7d6e0>,27,14,[8 3],28,-1,71,-1,57
1,<environment.Job instance at 0x7f10c6e7da50>,29,14,[ 1 13],30,-1,82,-1,68
1,<environment.Job instance at 0x7f10c6e7daa0>,30,21,[5 2],31,-1,90,-1,69
1,<environment.Job instance at 0x7f10c6e7d730>,32,16,[11  5],33,-1,85,-1,69
1,<environment.Job instance at 0x7f10c6e7de60>,33,2,[9 4],34,-1,71,-1,69
1,<environment.Job instance at 0x7f10c6e7d320>,35,2,[ 5 10],36,-1,88,-1,86
1,<environment.Job instance at 0x7f10c7f54730>,37,2,[8 3],38,-1,101,-1,99
1,<environment.Job instance at 0x7f10c7f545a0>,38,13,[5 9],39,-1,113,-1,100
1,<environment.Job instance at 0x7f10c7f54a50>,39,3,[ 4 10],40,-1,103,-1,100
1,<environment.Job instance at 0x7f10c7f54550>,42,1,[5 8],43,-1,117,-1,116
1,<environment.Job instance at 0x7f10c7f545f0>,43,1,[6 3],44,-1,117,-1,116
1,<environment.Job instance at 0x7f10c7f54d70>,44,3,[6 1],45,-1,119,-1,116
1,<environment.Job instance at 0x7f10c7f54820>,45,1,[10  4],46,-1,117,-1,116
1,<environment.Job instance at 0x7f10c7f54640>,46,12,[9 1],47,-1,128,-1,116
1,<environment.Job instance at 0x7f10c7f544b0>,47,3,[10  1],48,-1,119,-1,116
1,<environment.Job instance at 0x7f10c7f54280>,49,1,[6 1],50,-1,117,-1,116
1,<environment.Job instance at 0x7f10c7f54780>,50,12,[3 8],51,-1,128,-1,116
1,<environment.Job instance at 0x7f10c7f54140>,51,1,[6 1],52,-1,117,-1,116
1,<environment.Job instance at 0x7f10c7f548c0>,52,2,[ 4 10],53,-1,118,-1,116
1,<environment.Job instance at 0x7f10c7f54c30>,53,2,[4 7],54,-1,118,-1,116
1,<environment.Job instance at 0x7f10c7d96d70>,55,23,[7 4],56,-1,140,-1,117
1,<environment.Job instance at 0x7f10c7d96190>,56,23,[5 6],57,-1,140,-1,117
1,<environment.Job instance at 0x7f10c7d96a50>,57,16,[2 6],58,-1,137,-1,121
1,<environment.Job instance at 0x7f10c7d96e10>,58,25,[ 5 10],59,-1,146,-1,121
1,<environment.Job instance at 0x7f10c7d961e0>,61,12,[ 5 11],62,-1,145,-1,133
1,<environment.Job instance at 0x7f10c75de0f0>,6,3,[14  4],7,-1,10,-1,7
1,<environment.Job instance at 0x7f10c809ff50>,14,2,[6 1],15,-1,22,-1,20
1,<environment.Job instance at 0x7f10c809f500>,15,3,[7 2],16,-1,23,-1,20
1,<environment.Job instance at 0x7f10c809f3c0>,16,1,[10  5],17,-1,21,-1,20
1,<environment.Job instance at 0x7f10c809f690>,17,3,[10  3],18,-1,23,-1,20
1,<environment.Job instance at 0x7f10c809f5f0>,18,26,[2 5],19,-1,46,-1,20
1,<environment.Job instance at 0x7f10c809f0a0>,19,28,[4 8],20,-1,48,-1,20
1,<environment.Job instance at 0x7f10c809f9b0>,20,28,[1 5],21,-1,49,-1,21
1,<environment.Job instance at 0x7f10c809fe10>,21,1,[9 5],22,-1,23,-1,22
1,<environment.Job instance at 0x7f10c809f8c0>,22,3,[5 9],23,-1,26,-1,23
1,<environment.Job instance at 0x7f10c809ff00>,23,13,[10  1],24,-1,40,-1,27
1,<environment.Job instance at 0x7f10c80d1f00>,27,28,[ 1 10],28,-1,56,-1,28
1,<environment.Job instance at 0x7f10c80d13c0>,30,1,[ 5 10],31,-1,40,-1,39
1,<environment.Job instance at 0x7f10c80d1d20>,31,1,[9 3],32,-1,40,-1,39
1,<environment.Job instance at 0x7f10c6a32e60>,32,1,[1 7],33,-1,40,-1,39
1,<environment.Job instance at 0x7f10c6a322d0>,33,1,[5 4],34,-1,40,-1,39
1,<environment.Job instance at 0x7f10c6a32a50>,34,18,[ 2 10],35,-1,78,-1,60
1,<environment.Job instance at 0x7f10c6a327d0>,39,1,[8 3],40,-1,61,-1,60
1,<environment.Job instance at 0x7f10c6a32c30>,40,2,[ 4 10],41,-1,62,-1,60
1,<environment.Job instance at 0x7f10c6a32be0>,41,1,[9 1],42,-1,61,-1,60
1,<environment.Job instance at 0x7f10c6a32190>,46,1,[5 1],47,-1,86,-1,85
1,<environment.Job instance at 0x7f10c6a32f50>,51,2,[5 2],52,-1,106,-1,104
1,<environment.Job instance at 0x7f10c78a7fa0>,55,13,[6 1],56,-1,139,-1,126
1,<environment.Job instance at 0x7f10c7f524b0>,6,3,[1 5],7,-1,12,-1,9
1,<environment.Job instance at 0x7f10c7f520f0>,15,27,[4 6],16,-1,63,-1,36
1,<environment.Job instance at 0x7f10c7f52780>,17,1,[1 7],18,-1,50,-1,49
1,<environment.Job instance at 0x7f10c7f52730>,21,2,[5 3],22,-1,83,-1,81
1,<environment.Job instance at 0x7f10c7f52500>,22,1,[5 5],23,-1,82,-1,81
1,<environment.Job instance at 0x7f10c7f52b40>,24,2,[9 3],25,-1,95,-1,93
1,<environment.Job instance at 0x7f10c7bba730>,25,3,[2 6],26,-1,96,-1,93
1,<environment.Job instance at 0x7f10c7bbafa0>,27,3,[6 3],28,-1,96,-1,93
1,<environment.Job instance at 0x7f10c7bba5a0>,28,1,[10  4],29,-1,94,-1,93
1,<environment.Job instance at 0x7f10c7bbaaa0>,30,14,[11  5],31,-1,107,-1,93
1,<environment.Job instance at 0x7f10c7bba780>,31,13,[ 1 10],32,-1,106,-1,93
1,<environment.Job instance at 0x7f10c7bba0a0>,35,13,[ 3 10],36,-1,139,-1,126
1,<environment.Job instance at 0x7f10c7bbaf00>,36,2,[9 4],37,-1,128,-1,126
1,<environment.Job instance at 0x7f10c7bbaa50>,37,3,[7 3],38,-1,129,-1,126
1,<environment.Job instance at 0x7f10c7bbad70>,40,24,[9 4],41,-1,162,-1,138
1,<environment.Job instance at 0x7f10c7bbad70>,3,1,[7 1],4,-1,5,-1,4
1,<environment.Job instance at 0x7f10c7bba870>,2,1,[1 5],3,-1,5,-1,4
1,<environment.Job instance at 0x7f10c73e8960>,19,2,[10  4],20,-1,40,-1,38
1,<environment.Job instance at 0x7f10c73e8fa0>,21,2,[10  3],22,-1,55,-1,53
1,<environment.Job instance at 0x7f10c73e8370>,25,1,[14  5],26,-1,69,-1,68
1,<environment.Job instance at 0x7f10c73e89b0>,26,13,[10  2],27,-1,123,-1,110
1,<environment.Job instance at 0x7f10c73e4cd0>,34,1,[5 9],35,-1,111,-1,110
1,<environment.Job instance at 0x7f10c73e4460>,35,2,[ 2 12],36,-1,112,-1,110
1,<environment.Job instance at 0x7f10c73e4190>,36,2,[10  2],37,-1,112,-1,110
1,<environment.Job instance at 0x7f10c73e4c80>,37,12,[ 2 10],38,-1,122,-1,110
1,<environment.Job instance at 0x7f10c73e4410>,38,22,[ 3 10],39,-1,132,-1,110
1,<environment.Job instance at 0x7f10c8083820>,21,23,[9 2],22,-1,63,-1,40
1,<environment.Job instance at 0x7f10c8083be0>,22,1,[ 3 10],23,-1,41,-1,40
1,<environment.Job instance at 0x7f10c8083e60>,24,2,[2 5],25,-1,55,-1,53
1,<environment.Job instance at 0x7f10c8083370>,25,25,[ 2 11],26,-1,78,-1,53
1,<environment.Job instance at 0x7f10c8083a50>,27,3,[8 4],28,-1,58,-1,55
1,<environment.Job instance at 0x7f10c8083cd0>,28,3,[4 6],29,-1,63,-1,60
1,<environment.Job instance at 0x7f10c8083870>,30,14,[13  1],31,-1,83,-1,69
1,<environment.Job instance at 0x7f10c7fdfcd0>,32,3,[10  5],33,-1,72,-1,69
1,<environment.Job instance at 0x7f10c7fdf460>,33,12,[12  5],34,-1,81,-1,69
1,<environment.Job instance at 0x7f10c7fdf4b0>,35,2,[3 6],36,-1,83,-1,81
1,<environment.Job instance at 0x7f10c7fdf2d0>,37,12,[ 4 10],38,-1,93,-1,81
1,<environment.Job instance at 0x7f10c7fdf7d0>,38,2,[4 9],39,-1,83,-1,81
1,<environment.Job instance at 0x7f10c7fdf370>,39,17,[11  5],40,-1,98,-1,81
1,<environment.Job instance at 0x7f10c7fdf870>,41,1,[1 8],42,-1,99,-1,98
1,<environment.Job instance at 0x7f10c7fdfeb0>,42,22,[ 4 11],43,-1,120,-1,98
1,<environment.Job instance at 0x7f10c7fdf0a0>,44,3,[7 5],45,-1,101,-1,98
1,<environment.Job instance at 0x7f10c7fdfd70>,45,2,[5 6],46,-1,100,-1,98
1,<environment.Job instance at 0x7f10c7fdf550>,46,15,[13  2],47,-1,113,-1,98
1,<environment.Job instance at 0x7f10c7fdf8c0>,49,13,[ 5 11],50,-1,125,-1,112
1,<environment.Job instance at 0x7f10c7fdf410>,51,2,[5 5],52,-1,128,-1,126
1,<environment.Job instance at 0x7f10c6a0cbe0>,53,3,[ 3 14],54,-1,133,-1,130
1,<environment.Job instance at 0x7f10c7ee5230>,3,1,[5 6],4,-1,5,-1,4
1,<environment.Job instance at 0x7f10c7ee5320>,4,24,[4 8],5,-1,32,-1,8
1,<environment.Job instance at 0x7f10c7ee5aa0>,9,27,[ 5 10],10,-1,37,-1,10
1,<environment.Job instance at 0x7f10c7ee56e0>,10,28,[8 5],11,-1,39,-1,11
1,<environment.Job instance at 0x7f10c7ee5500>,13,17,[ 5 12],14,-1,36,-1,19
1,<environment.Job instance at 0x7f10c7ee5690>,14,18,[ 4 13],15,-1,37,-1,19
1,<environment.Job instance at 0x7f10c7edb1e0>,19,2,[3 7],20,-1,38,-1,36
1,<environment.Job instance at 0x7f10c7edbd20>,24,2,[3 9],25,-1,79,-1,77
1,<environment.Job instance at 0x7f10c7ed8640>,25,3,[4 8],26,-1,80,-1,77
1,<environment.Job instance at 0x7f10c7ed8e10>,26,3,[9 4],27,-1,80,-1,77
1,<environment.Job instance at 0x7f10c7ed8690>,31,3,[8 3],32,-1,98,-1,95
1,<environment.Job instance at 0x7f10c7ed8320>,32,2,[9 2],33,-1,97,-1,95
1,<environment.Job instance at 0x7f10c684b050>,35,3,[8 2],36,-1,116,-1,113
1,<environment.Job instance at 0x7f10c684baf0>,36,26,[3 5],37,-1,139,-1,113
1,<environment.Job instance at 0x7f10c684be10>,37,24,[9 4],38,-1,137,-1,113
1,<environment.Job instance at 0x7f10c6857d70>,38,3,[ 3 10],39,-1,116,-1,113
1,<environment.Job instance at 0x7f10c79c80a0>,8,2,[1 9],9,-1,12,-1,10
1,<environment.Job instance at 0x7f10c7be8c30>,17,2,[2 8],18,-1,30,-1,28
1,<environment.Job instance at 0x7f10c7be8c80>,21,3,[8 1],22,-1,46,-1,43
1,<environment.Job instance at 0x7f10c7be87d0>,23,1,[10  2],24,-1,55,-1,54
1,<environment.Job instance at 0x7f10c7be8460>,24,24,[5 9],25,-1,78,-1,54
1,<environment.Job instance at 0x7f10c7be8be0>,26,28,[9 5],27,-1,89,-1,61
1,<environment.Job instance at 0x7f10c7bdee10>,34,2,[6 2],35,-1,108,-1,106
1,<environment.Job instance at 0x7f10c7bdeaa0>,36,3,[9 4],37,-1,109,-1,106
1,<environment.Job instance at 0x7f10c7bdec80>,37,1,[8 4],38,-1,107,-1,106
1,<environment.Job instance at 0x7f10c7bde640>,38,2,[4 8],39,-1,108,-1,106
1,<environment.Job instance at 0x7f10c7bde3c0>,42,1,[2 9],43,-1,124,-1,123
1,<environment.Job instance at 0x7f10c7bde0f0>,45,1,[8 2],46,-1,137,-1,136
1,<environment.Job instance at 0x7f10c7bde1e0>,46,1,[2 8],47,-1,137,-1,136
1,<environment.Job instance at 0x7f10c7f8c410>,1,26,[ 5 11],2,-1,28,-1,2
1,<environment.Job instance at 0x7f10c78bb460>,5,15,[ 5 13],6,-1,21,-1,6
1,<environment.Job instance at 0x7f10c78bbc30>,17,16,[ 2 12],18,-1,37,-1,21
1,<environment.Job instance at 0x7f10c78907d0>,29,2,[6 5],30,-1,66,-1,64
1,<environment.Job instance at 0x7f10c7890870>,30,1,[1 7],31,-1,65,-1,64
1,<environment.Job instance at 0x7f10c7890910>,31,3,[2 7],32,-1,67,-1,64
1,<environment.Job instance at 0x7f10c78909b0>,32,1,[4 6],33,-1,65,-1,64
1,<environment.Job instance at 0x7f10c7890a50>,33,24,[10  4],34,-1,88,-1,64
1,<environment.Job instance at 0x7f10c7890b90>,34,3,[10  3],35,-1,67,-1,64
1,<environment.Job instance at 0x7f10c7890d20>,35,2,[6 3],36,-1,66,-1,64
1,<environment.Job instance at 0x7f10c7890c30>,36,1,[3 8],37,-1,65,-1,64
1,<environment.Job instance at 0x7f10c7890d70>,37,2,[ 3 11],38,-1,66,-1,64
1,<environment.Job instance at 0x7f10c7890e10>,38,3,[4 9],39,-1,67,-1,64
1,<environment.Job instance at 0x7f10c7890fa0>,39,3,[7 4],40,-1,67,-1,64
1,<environment.Job instance at 0x7f10c7890f50>,40,2,[1 7],41,-1,66,-1,64
1,<environment.Job instance at 0x7feb8904fa00>,9,18,[11  5],10,-1,35,-1,17
1,<environment.Job instance at 0x7feb8904feb0>,17,3,[4 9],18,-1,47,-1,44
1,<environment.Job instance at 0x7feb89051230>,18,3,[4 7],19,-1,47,-1,44
1,<environment.Job instance at 0x7feb89051320>,20,1,[7 5],21,-1,50,-1,49
1,<environment.Job instance at 0x7feb890513c0>,21,1,[6 5],22,-1,50,-1,49
1,<environment.Job instance at 0x7feb89051460>,22,1,[2 7],23,-1,50,-1,49
1,<environment.Job instance at 0x7feb89051500>,23,27,[1 6],24,-1,76,-1,49
1,<environment.Job instance at 0x7feb890516e0>,26,3,[3 7],27,-1,77,-1,74
1,<environment.Job instance at 0x7feb890518c0>,28,23,[10  4],29,-1,97,-1,74
1,<environment.Job instance at 0x7feb89051b90>,32,3,[5 1],33,-1,91,-1,88
1,<environment.Job instance at 0x7feb89051cd0>,34,24,[1 8],35,-1,120,-1,96
1,<environment.Job instance at 0x7feb89051eb0>,36,13,[ 3 14],37,-1,116,-1,103
1,<environment.Job instance at 0x7feb89051f50>,38,2,[ 1 10],39,-1,106,-1,104
1,<environment.Job instance at 0x7feb89051fa0>,39,2,[5 6],40,-1,106,-1,104
1,<environment.Job instance at 0x7feb890550a0>,41,1,[5 2],42,-1,119,-1,118
1,<environment.Job instance at 0x7feb890551e0>,42,2,[4 6],43,-1,120,-1,118
1,<environment.Job instance at 0x7feb890555f0>,46,17,[12  2],47,-1,148,-1,131
1,<environment.Job instance at 0x7feb89055690>,47,2,[6 5],48,-1,133,-1,131
1,<environment.Job instance at 0x7feb89055820>,50,16,[12  2],51,-1,162,-1,146
1,<environment.Job instance at 0x7feb890559b0>,51,3,[1 5],52,-1,149,-1,146
1,<environment.Job instance at 0x7feb89055a50>,52,1,[8 5],53,-1,147,-1,146
1,<environment.Job instance at 0x7feb8919c0f0>,5,1,[9 1],6,-1,7,-1,6
1,<environment.Job instance at 0x7feb8919c5f0>,6,1,[6 3],7,-1,8,-1,7
1,<environment.Job instance at 0x7feb89816a00>,10,3,[13  3],11,-1,14,-1,11
1,<environment.Job instance at 0x7feb8919c050>,14,3,[6 4],15,-1,19,-1,16
1,<environment.Job instance at 0x7feb88aef5a0>,16,2,[8 1],17,-1,26,-1,24
1,<environment.Job instance at 0x7feb88705370>,42,3,[10  2],43,-1,130,-1,127
1,<environment.Job instance at 0x7feb88b061e0>,43,2,[8 3],44,-1,129,-1,127
1,<environment.Job instance at 0x7feb88893640>,2,25,[6 3],3,-1,28,-1,3
1,<environment.Job instance at 0x7feb88958e10>,10,1,[ 1 10],11,-1,13,-1,12
1,<environment.Job instance at 0x7feb88958a50>,12,1,[5 9],13,-1,14,-1,13
1,<environment.Job instance at 0x7feb88776190>,31,24,[9 1],32,-1,117,-1,93
1,<environment.Job instance at 0x7feb88776eb0>,34,23,[10  2],35,-1,116,-1,93
1,<environment.Job instance at 0x7feb88776e60>,35,15,[ 1 11],36,-1,108,-1,93
1,<environment.Job instance at 0x7feb88a8b500>,11,3,[9 2],12,-1,15,-1,12
1,<environment.Job instance at 0x7feb88a8bdc0>,16,25,[3 8],17,-1,48,-1,23
1,<environment.Job instance at 0x7feb88779d70>,17,2,[2 8],18,-1,25,-1,23
1,<environment.Job instance at 0x7feb894de500>,18,3,[ 5 14],19,-1,26,-1,23
1,<environment.Job instance at 0x7feb894de8c0>,19,27,[9 3],20,-1,50,-1,23
1,<environment.Job instance at 0x7feb8879b500>,21,3,[ 4 10],22,-1,28,-1,25
1,<environment.Job instance at 0x7feb894de0a0>,22,24,[ 3 10],23,-1,49,-1,25
1,<environment.Job instance at 0x7feb88b61550>,23,1,[3 5],24,-1,26,-1,25
1,<environment.Job instance at 0x7feb88b61190>,25,2,[6 3],26,-1,42,-1,40
1,<environment.Job instance at 0x7feb88b619b0>,26,2,[3 8],27,-1,42,-1,40
1,<environment.Job instance at 0x7feb88b61690>,27,12,[ 2 12],28,-1,52,-1,40
1,<environment.Job instance at 0x7feb88b61eb0>,28,27,[1 7],29,-1,67,-1,40
1,<environment.Job instance at 0x7feb88b61870>,29,13,[1 9],30,-1,53,-1,40
1,<environment.Job instance at 0x7feb88cd2140>,32,2,[9 3],33,-1,55,-1,53
1,<environment.Job instance at 0x7feb88cca140>,35,3,[1 5],36,-1,72,-1,69
1,<environment.Job instance at 0x7feb886cc280>,36,3,[9 3],37,-1,72,-1,69
1,<environment.Job instance at 0x7feb926d8640>,38,14,[10  3],39,-1,102,-1,88
1,<environment.Job instance at 0x7feb886c0370>,50,1,[6 3],51,-1,120,-1,119
1,<environment.Job instance at 0x7feb886c0140>,56,1,[7 2],57,-1,148,-1,147
1,<environment.Job instance at 0x7feb886c0320>,57,2,[2 6],58,-1,149,-1,147
1,<environment.Job instance at 0x7feb89448320>,7,3,[ 1 12],8,-1,11,-1,8
1,<environment.Job instance at 0x7feb8947e320>,8,15,[ 3 11],9,-1,24,-1,9
1,<environment.Job instance at 0x7feb8947efa0>,12,3,[6 4],13,-1,16,-1,13
1,<environment.Job instance at 0x7feb89452140>,15,15,[ 2 11],16,-1,31,-1,16
1,<environment.Job instance at 0x7feb88ed9050>,16,23,[7 4],17,-1,40,-1,17
1,<environment.Job instance at 0x7feb88ed9230>,17,1,[9 4],18,-1,19,-1,18
1,<environment.Job instance at 0x7feb89448280>,33,1,[7 2],34,-1,45,-1,44
1,<environment.Job instance at 0x7feb88637730>,38,1,[ 3 10],39,-1,81,-1,80
1,<environment.Job instance at 0x7feb8864eaa0>,41,27,[5 1],42,-1,122,-1,95
1,<environment.Job instance at 0x7feb8864e140>,44,3,[6 1],45,-1,115,-1,112
1,<environment.Job instance at 0x7feb88640050>,46,25,[8 3],47,-1,151,-1,126
1,<environment.Job instance at 0x7feb88672d20>,47,13,[13  1],48,-1,139,-1,126
1,<environment.Job instance at 0x7feb88ebfaf0>,12,1,[2 7],13,-1,15,-1,14
1,<environment.Job instance at 0x7feb88ebf460>,14,2,[ 1 12],15,-1,17,-1,15
1,<environment.Job instance at 0x7feb88ebfe60>,17,2,[6 4],18,-1,22,-1,20
1,<environment.Job instance at 0x7feb88ebf9b0>,20,25,[2 8],21,-1,63,-1,38
1,<environment.Job instance at 0x7feb894c49b0>,24,3,[ 3 14],25,-1,64,-1,61
1,<environment.Job instance at 0x7feb894c47d0>,25,1,[10  1],26,-1,62,-1,61
1,<environment.Job instance at 0x7feb894c4c80>,29,2,[13  5],30,-1,90,-1,88
1,<environment.Job instance at 0x7feb894c48c0>,30,1,[4 8],31,-1,89,-1,88
1,<environment.Job instance at 0x7feb894c4cd0>,37,3,[8 5],38,-1,123,-1,120
1,<environment.Job instance at 0x7feb894c4410>,38,1,[ 3 12],39,-1,121,-1,120
1,<environment.Job instance at 0x7feb894c4820>,40,2,[5 6],41,-1,127,-1,125
1,<environment.Job instance at 0x7feb92173190>,5,3,[ 1 14],6,-1,9,-1,6
1,<environment.Job instance at 0x7feb921cfbe0>,11,12,[ 1 13],12,-1,24,-1,12
1,<environment.Job instance at 0x7feb89b3c0f0>,22,17,[ 2 14],23,-1,87,-1,70
1,<environment.Job instance at 0x7feb89a16280>,31,1,[9 4],32,-1,109,-1,108
1,<environment.Job instance at 0x7feb899b4d20>,34,2,[1 6],35,-1,111,-1,109
1,<environment.Job instance at 0x7feb921d53c0>,36,3,[9 2],37,-1,115,-1,112
1,<environment.Job instance at 0x7feb8905b5a0>,38,1,[8 2],39,-1,118,-1,117
1,<environment.Job instance at 0x7feb8905b870>,41,1,[9 4],42,-1,123,-1,122
1,<environment.Job instance at 0x7feb8905b460>,42,2,[2 7],43,-1,124,-1,122
1,<environment.Job instance at 0x7feb8905bd70>,45,2,[3 7],46,-1,141,-1,139
1,<environment.Job instance at 0x7feb8905bd20>,46,1,[11  2],47,-1,140,-1,139
1,<environment.Job instance at 0x7feb88adb910>,6,17,[ 1 13],7,-1,24,-1,7
1,<environment.Job instance at 0x7feb88ab0190>,18,22,[ 1 13],19,-1,51,-1,29
1,<environment.Job instance at 0x7feb8901d6e0>,27,1,[9 1],28,-1,87,-1,86
1,<environment.Job instance at 0x7feb89bc7500>,28,2,[11  2],29,-1,88,-1,86
1,<environment.Job instance at 0x7feb897f3780>,29,23,[4 9],30,-1,109,-1,86
1,<environment.Job instance at 0x7feb88ac4550>,30,2,[7 4],31,-1,88,-1,86
1,<environment.Job instance at 0x7feb8900d0a0>,32,13,[14  2],33,-1,99,-1,86
1,<environment.Job instance at 0x7feb88e842d0>,33,1,[5 5],34,-1,87,-1,86
1,<environment.Job instance at 0x7feb8907d0f0>,42,1,[10  2],43,-1,136,-1,135
1,<environment.Job instance at 0x7feb8907d5a0>,43,1,[2 9],44,-1,136,-1,135
1,<environment.Job instance at 0x7feb8907de10>,44,1,[10  4],45,-1,136,-1,135
1,<environment.Job instance at 0x7feb89baeeb0>,45,3,[5 7],46,-1,138,-1,135
1,<environment.Job instance at 0x7feb89baed20>,46,1,[1 8],47,-1,136,-1,135
1,<environment.Job instance at 0x7feb89baef00>,47,3,[4 5],48,-1,138,-1,135
1,<environment.Job instance at 0x7feb88a41b90>,12,26,[1 5],13,-1,43,-1,17
1,<environment.Job instance at 0x7feb88a41230>,16,1,[9 3],17,-1,27,-1,26
1,<environment.Job instance at 0x7feb88a412d0>,18,3,[5 8],19,-1,41,-1,38
1,<environment.Job instance at 0x7feb88a41c80>,19,2,[3 9],20,-1,40,-1,38
1,<environment.Job instance at 0x7feb88a45230>,23,1,[8 4],24,-1,64,-1,63
1,<environment.Job instance at 0x7feb88a455a0>,25,1,[8 5],26,-1,72,-1,71
1,<environment.Job instance at 0x7feb88a45690>,26,3,[2 5],27,-1,74,-1,71
1,<environment.Job instance at 0x7feb88a45870>,27,24,[2 8],28,-1,95,-1,71
1,<environment.Job instance at 0x7feb88a457d0>,28,2,[5 7],29,-1,73,-1,71
1,<environment.Job instance at 0x7feb88a453c0>,29,13,[14  2],30,-1,84,-1,71
1,<environment.Job instance at 0x7feb88a45aa0>,33,26,[1 8],34,-1,125,-1,99
1,<environment.Job instance at 0x7feb88a45190>,37,3,[7 5],38,-1,120,-1,117
1,<environment.Job instance at 0x7feb88a458c0>,38,2,[5 3],39,-1,119,-1,117
1,<environment.Job instance at 0x7feb88a45b40>,39,15,[ 1 14],40,-1,132,-1,117
1,<environment.Job instance at 0x7feb88a45a00>,40,1,[3 5],41,-1,118,-1,117
1,<environment.Job instance at 0x7feb88a45d20>,41,23,[9 4],42,-1,140,-1,117
1,<environment.Job instance at 0x7feb88a58b40>,43,3,[9 4],44,-1,128,-1,125
1,<environment.Job instance at 0x7feb88a585a0>,45,2,[1 9],46,-1,141,-1,139
1,<environment.Job instance at 0x7feb88a58230>,47,1,[ 1 10],48,-1,140,-1,139
1,<environment.Job instance at 0x7feb88a585f0>,49,1,[6 4],50,-1,150,-1,149
1,<environment.Job instance at 0x7feb88e7ae60>,12,2,[3 7],13,-1,18,-1,16
1,<environment.Job instance at 0x7feb89803280>,19,2,[ 3 10],20,-1,44,-1,42
1,<environment.Job instance at 0x7feb88e85f00>,21,2,[6 2],22,-1,44,-1,42
1,<environment.Job instance at 0x7feb88e85c80>,23,1,[5 5],24,-1,43,-1,42
1,<environment.Job instance at 0x7feb89a3b640>,26,18,[ 2 10],27,-1,78,-1,60
1,<environment.Job instance at 0x7feb8872b370>,28,3,[6 2],29,-1,81,-1,78
1,<environment.Job instance at 0x7feb88ea8dc0>,29,1,[6 1],30,-1,79,-1,78
1,<environment.Job instance at 0x7feb88940140>,33,3,[ 2 10],34,-1,95,-1,92
1,<environment.Job instance at 0x7feb8870b5f0>,36,3,[1 8],37,-1,108,-1,105
1,<environment.Job instance at 0x7feb8870b690>,37,1,[3 5],38,-1,106,-1,105
1,<environment.Job instance at 0x7feb886627d0>,38,25,[5 5],39,-1,130,-1,105
1,<environment.Job instance at 0x7feb89a49320>,39,2,[5 1],40,-1,107,-1,105
1,<environment.Job instance at 0x7feb8894b460>,40,18,[14  5],41,-1,123,-1,105
1,<environment.Job instance at 0x7feb889655f0>,41,15,[ 1 12],42,-1,120,-1,105
1,<environment.Job instance at 0x7feb893580f0>,5,14,[13  2],6,-1,20,-1,6
1,<environment.Job instance at 0x7feb8948e9b0>,22,2,[5 7],23,-1,66,-1,64
1,<environment.Job instance at 0x7feb8948e960>,28,2,[ 4 12],29,-1,84,-1,82
1,<environment.Job instance at 0x7feb8948eb40>,33,26,[2 9],34,-1,129,-1,103
1,<environment.Job instance at 0x7feb889f3370>,36,13,[12  4],37,-1,128,-1,115
1,<environment.Job instance at 0x7feb889f30a0>,41,17,[13  5],42,-1,138,-1,121
1,<environment.Job instance at 0x7feb8848e230>,31,16,[ 2 10],32,-1,107,-1,91
1,<environment.Job instance at 0x7feb8848e1e0>,32,2,[7 5],33,-1,93,-1,91
1,<environment.Job instance at 0x7feb8848eb40>,33,15,[10  1],34,-1,111,-1,96
1,<environment.Job instance at 0x7feb8848e6e0>,35,3,[6 1],36,-1,99,-1,96
1,<environment.Job instance at 0x7feb8848e960>,36,1,[7 3],37,-1,97,-1,96
1,<environment.Job instance at 0x7feb8848e870>,37,15,[1 7],38,-1,111,-1,96
1,<environment.Job instance at 0x7feb8848ec30>,39,27,[5 9],40,-1,141,-1,114
1,<environment.Job instance at 0x7feb8848e820>,40,1,[8 1],41,-1,115,-1,114
1,<environment.Job instance at 0x7feb8848e5f0>,41,12,[8 3],42,-1,126,-1,114
1,<environment.Job instance at 0x7feb8848e460>,42,26,[ 1 10],43,-1,140,-1,114
1,<environment.Job instance at 0x7feb8848ef00>,43,28,[3 5],44,-1,142,-1,114
1,<environment.Job instance at 0x7feb884d15a0>,46,2,[5 6],47,-1,132,-1,130
1,<environment.Job instance at 0x7feb884d1a00>,47,12,[4 7],48,-1,142,-1,130
1,<environment.Job instance at 0x7feb884d1c80>,48,1,[9 2],49,-1,131,-1,130
1,<environment.Job instance at 0x7feb884d1b40>,49,12,[ 5 10],50,-1,142,-1,130
1,<environment.Job instance at 0x7feb89998eb0>,3,1,[9 3],4,-1,16,-1,15
1,<environment.Job instance at 0x7feb89998c80>,7,1,[6 4],8,-1,17,-1,16
1,<environment.Job instance at 0x7feb890f2e60>,13,2,[1 9],14,-1,29,-1,27
1,<environment.Job instance at 0x7feb890f21e0>,15,3,[8 5],16,-1,30,-1,27
1,<environment.Job instance at 0x7feb890f2f50>,17,1,[6 2],18,-1,28,-1,27
1,<environment.Job instance at 0x7feb890f2550>,18,3,[1 7],19,-1,30,-1,27
1,<environment.Job instance at 0x7feb890f2280>,19,13,[ 1 13],20,-1,40,-1,27
1,<environment.Job instance at 0x7feb890f2be0>,22,1,[6 3],23,-1,41,-1,40
1,<environment.Job instance at 0x7feb890f2cd0>,23,2,[4 5],24,-1,42,-1,40
1,<environment.Job instance at 0x7feb890f2b40>,24,23,[2 9],25,-1,67,-1,44
1,<environment.Job instance at 0x7feb890f2c30>,26,3,[14  4],27,-1,47,-1,44
1,<environment.Job instance at 0x7feb890f2c80>,28,2,[10  1],29,-1,57,-1,55
1,<environment.Job instance at 0x7feb88eb2c80>,34,2,[6 1],35,-1,89,-1,87
1,<environment.Job instance at 0x7feb88eb2190>,35,3,[7 2],36,-1,90,-1,87
1,<environment.Job instance at 0x7feb88eb26e0>,36,1,[10  5],37,-1,88,-1,87
1,<environment.Job instance at 0x7feb88eb24b0>,37,3,[10  3],38,-1,90,-1,87
1,<environment.Job instance at 0x7feb88eb2910>,38,26,[2 5],39,-1,113,-1,87
1,<environment.Job instance at 0x7feb88eb20a0>,39,28,[4 8],40,-1,115,-1,87
1,<environment.Job instance at 0x7feb88eb2d70>,40,28,[1 5],41,-1,116,-1,88
1,<environment.Job instance at 0x7feb88eb2460>,41,1,[9 5],42,-1,89,-1,88
1,<environment.Job instance at 0x7feb88eb20f0>,42,3,[5 9],43,-1,91,-1,88
1,<environment.Job instance at 0x7feb891c0910>,44,2,[8 1],45,-1,90,-1,88
1,<environment.Job instance at 0x7feb891c01e0>,45,1,[4 6],46,-1,89,-1,88
1,<environment.Job instance at 0x7feb891c00f0>,47,28,[ 1 10],48,-1,136,-1,108
1,<environment.Job instance at 0x7feb891c03c0>,50,1,[ 5 10],51,-1,109,-1,108
1,<environment.Job instance at 0x7feb891c0be0>,51,1,[9 3],52,-1,109,-1,108
1,<environment.Job instance at 0x7feb891c0370>,52,1,[1 7],53,-1,109,-1,108
1,<environment.Job instance at 0x7feb891c0730>,53,1,[5 4],54,-1,109,-1,108
1,<environment.Job instance at 0x7feb891c0410>,55,2,[8 2],56,-1,125,-1,123
1,<environment.Job instance at 0x7feb891c0d70>,56,1,[10  4],57,-1,124,-1,123
1,<environment.Job instance at 0x7feb891c06e0>,57,3,[9 4],58,-1,126,-1,123
1,<environment.Job instance at 0x7feb891c09b0>,59,1,[8 3],60,-1,124,-1,123
1,<environment.Job instance at 0x7feb891c0d20>,60,2,[ 4 10],61,-1,125,-1,123
1,<environment.Job instance at 0x7feb891c0550>,61,1,[9 1],62,-1,124,-1,123
1,<environment.Job instance at 0x7feb895da320>,63,3,[9 5],64,-1,143,-1,140
1,<environment.Job instance at 0x7feb895da910>,3,27,[5 6],4,-1,31,-1,4
1,<environment.Job instance at 0x7feb89735410>,8,25,[11  1],9,-1,34,-1,9
1,<environment.Job instance at 0x7feb89780500>,10,3,[7 1],11,-1,15,-1,12
1,<environment.Job instance at 0x7feb897804b0>,14,27,[3 8],15,-1,42,-1,15
1,<environment.Job instance at 0x7feb89b400a0>,20,18,[12  3],21,-1,39,-1,21
1,<environment.Job instance at 0x7feb89486730>,25,27,[4 6],26,-1,85,-1,58
1,<environment.Job instance at 0x7feb89486780>,27,1,[1 7],28,-1,62,-1,61
1,<environment.Job instance at 0x7feb896c5960>,34,2,[9 3],35,-1,94,-1,92
1,<environment.Job instance at 0x7feb896c5af0>,38,1,[10  4],39,-1,96,-1,95
1,<environment.Job instance at 0x7feb921cc6e0>,40,14,[11  5],41,-1,126,-1,112
1,<environment.Job instance at 0x7feb921ccb90>,44,28,[4 7],45,-1,164,-1,136
1,<environment.Job instance at 0x7feb921cca50>,45,13,[ 3 10],46,-1,152,-1,139
1,<environment.Job instance at 0x7feb88be7410>,46,2,[9 4],47,-1,141,-1,139
1,<environment.Job instance at 0x7feb88be7eb0>,47,3,[7 3],48,-1,142,-1,139
1,<environment.Job instance at 0x7feb88be7780>,50,24,[9 4],51,-1,166,-1,142
1,<environment.Job instance at 0x7feb884aaaa0>,21,2,[10  3],22,-1,57,-1,55
1,<environment.Job instance at 0x7feb89813550>,25,1,[14  5],26,-1,70,-1,69
1,<environment.Job instance at 0x7feb89813640>,26,13,[10  2],27,-1,88,-1,75
1,<environment.Job instance at 0x7feb898133c0>,28,3,[9 4],29,-1,78,-1,75
1,<environment.Job instance at 0x7feb8973d780>,34,1,[5 9],35,-1,105,-1,104
1,<environment.Job instance at 0x7feb8973d190>,35,2,[ 2 12],36,-1,106,-1,104
1,<environment.Job instance at 0x7feb8973d280>,36,2,[10  2],37,-1,106,-1,104
1,<environment.Job instance at 0x7feb8973d9b0>,38,22,[ 3 10],39,-1,128,-1,106
1,<environment.Job instance at 0x7feb8973dfa0>,40,13,[ 2 13],41,-1,129,-1,116
1,<environment.Job instance at 0x7feb887fcb40>,11,23,[9 2],12,-1,35,-1,12
1,<environment.Job instance at 0x7feb887fc910>,12,1,[ 3 10],13,-1,14,-1,13
1,<environment.Job instance at 0x7feb887fcdc0>,14,2,[2 5],15,-1,21,-1,19
1,<environment.Job instance at 0x7feb887fc5f0>,15,25,[ 2 11],16,-1,44,-1,19
1,<environment.Job instance at 0x7feb887fc690>,20,14,[13  1],21,-1,50,-1,36
1,<environment.Job instance at 0x7feb887fc9b0>,22,3,[10  5],23,-1,39,-1,36
1,<environment.Job instance at 0x7feb88a4de60>,23,12,[12  5],24,-1,48,-1,36
1,<environment.Job instance at 0x7feb88a4d5f0>,25,2,[3 6],26,-1,50,-1,48
1,<environment.Job instance at 0x7feb88a4d8c0>,27,12,[ 4 10],28,-1,61,-1,49
1,<environment.Job instance at 0x7feb88a4df00>,28,2,[4 9],29,-1,51,-1,49
1,<environment.Job instance at 0x7feb88a4d3c0>,29,17,[11  5],30,-1,66,-1,49
1,<environment.Job instance at 0x7feb88a54370>,34,3,[7 5],35,-1,81,-1,78
1,<environment.Job instance at 0x7feb88a54910>,35,2,[5 6],36,-1,80,-1,78
1,<environment.Job instance at 0x7feb88a54d20>,36,15,[13  2],37,-1,93,-1,78
1,<environment.Job instance at 0x7feb88a54960>,39,13,[ 5 11],40,-1,106,-1,93
1,<environment.Job instance at 0x7feb88a54af0>,41,2,[5 5],42,-1,102,-1,100
1,<environment.Job instance at 0x7feb88a54c80>,43,3,[ 3 14],44,-1,114,-1,111
1,<environment.Job instance at 0x7feb88a69820>,48,17,[14  2],49,-1,153,-1,136
1,<environment.Job instance at 0x7feb88a69fa0>,49,2,[9 5],50,-1,138,-1,136
1,<environment.Job instance at 0x7feb88a69410>,50,20,[ 3 10],51,-1,156,-1,136
1,<environment.Job instance at 0x7feb88a69280>,51,3,[7 4],52,-1,139,-1,136
1,<environment.Job instance at 0x7feb88a694b0>,52,14,[11  5],53,-1,150,-1,136
1,<environment.Job instance at 0x7feb88a69370>,53,3,[9 3],54,-1,139,-1,136
1,<environment.Job instance at 0x7feb88a695a0>,55,3,[10  3],56,-1,147,-1,144
1,<environment.Job instance at 0x7feb88a69550>,56,2,[1 9],57,-1,146,-1,144
1,<environment.Job instance at 0x7feb88c79af0>,4,2,[3 9],5,-1,18,-1,16
1,<environment.Job instance at 0x7feb88821820>,11,3,[8 3],12,-1,19,-1,16
1,<environment.Job instance at 0x7feb88619230>,12,2,[9 2],13,-1,18,-1,16
1,<environment.Job instance at 0x7feb89adb0f0>,18,3,[ 3 10],19,-1,56,-1,53
1,<environment.Job instance at 0x7feb89adba50>,22,3,[8 3],23,-1,71,-1,68
1,<environment.Job instance at 0x7feb89adbf00>,23,2,[8 5],24,-1,70,-1,68
1,<environment.Job instance at 0x7feb890e89b0>,42,2,[8 5],43,-1,135,-1,133
1,<environment.Job instance at 0x7feb890e8c30>,43,24,[5 1],44,-1,157,-1,133
1,<environment.Job instance at 0x7feb890e8640>,44,1,[6 5],45,-1,134,-1,133
1,<environment.Job instance at 0x7feb890e8550>,46,28,[8 5],47,-1,177,-1,149
1,<environment.Job instance at 0x7feb890e8f50>,47,3,[4 8],48,-1,152,-1,149
1,<environment.Job instance at 0x7feb890e8a50>,48,2,[5 4],49,-1,151,-1,149
1,<environment.Job instance at 0x7feb890e8af0>,49,1,[9 5],50,-1,150,-1,149
1,<environment.Job instance at 0x7feb895d2460>,15,1,[8 2],16,-1,29,-1,28
1,<environment.Job instance at 0x7feb892b0e10>,25,16,[ 4 10],26,-1,100,-1,84
1,<environment.Job instance at 0x7feb892b00a0>,26,14,[14  5],27,-1,98,-1,84
1,<environment.Job instance at 0x7feb89745640>,23,2,[1 7],24,-1,90,-1,88
1,<environment.Job instance at 0x7feb895e9910>,33,23,[5 6],34,-1,144,-1,121
1,<environment.Job instance at 0x7feb92292c30>,38,28,[3 8],39,-1,162,-1,134
1,<environment.Job instance at 0x7feb895eda50>,44,28,[8 5],45,-1,173,-1,145
1,<environment.Job instance at 0x7feb895ed640>,45,1,[10  5],46,-1,146,-1,145
1,<environment.Job instance at 0x7feb895ed7d0>,46,23,[3 7],47,-1,168,-1,145
1,<environment.Job instance at 0x7feb895ed230>,47,24,[2 9],48,-1,169,-1,145
1,<environment.Job instance at 0x7feb89398050>,6,12,[ 4 10],7,-1,20,-1,8
1,<environment.Job instance at 0x7feb893985f0>,13,1,[ 3 10],14,-1,21,-1,20
1,<environment.Job instance at 0x7feb89398960>,15,25,[8 3],16,-1,45,-1,20
1,<environment.Job instance at 0x7feb88615550>,16,2,[ 1 10],17,-1,22,-1,20
1,<environment.Job instance at 0x7feb88615730>,17,13,[ 5 10],18,-1,39,-1,26
1,<environment.Job instance at 0x7feb88615320>,18,12,[ 2 12],19,-1,38,-1,26
1,<environment.Job instance at 0x7feb88615410>,19,1,[7 1],20,-1,27,-1,26
1,<environment.Job instance at 0x7feb886153c0>,21,2,[9 4],22,-1,36,-1,34
1,<environment.Job instance at 0x7feb886151e0>,22,1,[2 7],23,-1,35,-1,34
1,<environment.Job instance at 0x7feb88615140>,23,1,[4 8],24,-1,35,-1,34
1,<environment.Job instance at 0x7feb886155a0>,24,1,[5 4],25,-1,35,-1,34
1,<environment.Job instance at 0x7feb886154b0>,25,3,[7 4],26,-1,37,-1,34
1,<environment.Job instance at 0x7feb88615d70>,28,1,[3 8],29,-1,54,-1,53
1,<environment.Job instance at 0x7feb88615280>,32,3,[6 5],33,-1,77,-1,74
1,<environment.Job instance at 0x7feb89657a50>,34,3,[7 2],35,-1,78,-1,75
1,<environment.Job instance at 0x7feb896575f0>,35,3,[1 8],36,-1,78,-1,75
1,<environment.Job instance at 0x7feb89657550>,36,1,[5 8],37,-1,76,-1,75
1,<environment.Job instance at 0x7feb88cb95a0>,43,27,[4 6],44,-1,147,-1,120
1,<environment.Job instance at 0x7feb88cb90f0>,47,2,[3 5],48,-1,139,-1,137
1,<environment.Job instance at 0x7feb89396e60>,50,3,[ 1 14],51,-1,152,-1,149
1,<environment.Job instance at 0x7feb89396320>,51,1,[10  3],52,-1,150,-1,149
1,<environment.Job instance at 0x7feb89396730>,52,1,[10  1],53,-1,150,-1,149
1,<environment.Job instance at 0x7feb88755c80>,10,2,[6 2],11,-1,14,-1,12
1,<environment.Job instance at 0x7feb8874c050>,12,1,[4 5],13,-1,14,-1,13
1,<environment.Job instance at 0x7feb8874c0f0>,13,17,[ 5 13],14,-1,31,-1,14
1,<environment.Job instance at 0x7feb8874c190>,14,2,[7 1],15,-1,17,-1,15
1,<environment.Job instance at 0x7feb8874c4b0>,17,1,[4 7],18,-1,19,-1,18
1,<environment.Job instance at 0x7feb8874c550>,18,1,[5 3],19,-1,20,-1,19
1,<environment.Job instance at 0x7feb8874c3c0>,19,2,[ 1 14],20,-1,22,-1,20
1,<environment.Job instance at 0x7feb8874ca50>,24,24,[ 3 10],25,-1,50,-1,26
1,<environment.Job instance at 0x7feb8874ce10>,28,24,[10  5],29,-1,67,-1,43
1,<environment.Job instance at 0x7feb8874cbe0>,30,3,[4 8],31,-1,46,-1,43
1,<environment.Job instance at 0x7feb8874cd70>,31,1,[8 1],32,-1,44,-1,43
1,<environment.Job instance at 0x7feb8874cfa0>,32,2,[9 1],33,-1,45,-1,43
1,<environment.Job instance at 0x7feb8872e2d0>,35,3,[3 5],36,-1,62,-1,59
1,<environment.Job instance at 0x7feb8872eb90>,45,3,[ 4 13],46,-1,134,-1,131
1,<environment.Job instance at 0x7feb8872ec30>,46,28,[2 6],47,-1,159,-1,131
1,<environment.Job instance at 0x7feb8872ed70>,48,3,[8 3],49,-1,137,-1,134
1,<environment.Job instance at 0x7feb8872ee10>,49,26,[10  1],50,-1,160,-1,134
1,<environment.Job instance at 0x7f65db881d20>,12,26,[ 1 10],13,-1,39,-1,13
1,<environment.Job instance at 0x7f65db883410>,20,1,[7 5],21,-1,49,-1,48
1,<environment.Job instance at 0x7f65db8834b0>,21,1,[6 5],22,-1,49,-1,48
1,<environment.Job instance at 0x7f65db883550>,22,1,[2 7],23,-1,49,-1,48
1,<environment.Job instance at 0x7f65db8835f0>,23,27,[1 6],24,-1,77,-1,50
1,<environment.Job instance at 0x7f65db8837d0>,26,3,[3 7],27,-1,70,-1,67
1,<environment.Job instance at 0x7f65db883910>,28,23,[10  4],29,-1,90,-1,67
1,<environment.Job instance at 0x7f65db883e10>,34,24,[1 8],35,-1,105,-1,81
1,<environment.Job instance at 0x7f65db883f00>,36,13,[ 3 14],37,-1,109,-1,96
1,<environment.Job instance at 0x7f65db887190>,37,2,[2 6],38,-1,98,-1,96
1,<environment.Job instance at 0x7f65db8870f0>,38,2,[ 1 10],39,-1,98,-1,96
1,<environment.Job instance at 0x7f65db8872d0>,39,2,[5 6],40,-1,98,-1,96
1,<environment.Job instance at 0x7f65db887410>,41,1,[5 2],42,-1,112,-1,111
1,<environment.Job instance at 0x7f65db8874b0>,42,2,[4 6],43,-1,113,-1,111
1,<environment.Job instance at 0x7f65db887730>,46,17,[12  2],47,-1,141,-1,124
1,<environment.Job instance at 0x7f65db8877d0>,47,2,[6 5],48,-1,126,-1,124
1,<environment.Job instance at 0x7f65db887a50>,50,16,[12  2],51,-1,155,-1,139
1,<environment.Job instance at 0x7f65db887b90>,52,1,[8 5],53,-1,140,-1,139
1,<environment.Job instance at 0x7f65db887cd0>,54,13,[13  1],55,-1,156,-1,143
1,<environment.Job instance at 0x7f65db8878c0>,55,2,[ 3 10],56,-1,145,-1,143
1,<environment.Job instance at 0x7f65dbd24780>,10,2,[9 5],11,-1,15,-1,13
1,<environment.Job instance at 0x7f65dbdc1820>,17,21,[ 3 10],18,-1,53,-1,32
1,<environment.Job instance at 0x7f65dbdc1230>,20,1,[5 8],21,-1,33,-1,32
1,<environment.Job instance at 0x7f65dbdc18c0>,23,2,[7 3],24,-1,48,-1,46
1,<environment.Job instance at 0x7f65daf4d870>,26,1,[5 9],27,-1,47,-1,46
1,<environment.Job instance at 0x7f65db2ea320>,27,1,[2 9],28,-1,47,-1,46
1,<environment.Job instance at 0x7f65db35b640>,32,3,[10  2],33,-1,86,-1,83
1,<environment.Job instance at 0x7f65db35b5f0>,33,2,[8 3],34,-1,85,-1,83
1,<environment.Job instance at 0x7f65db296f00>,35,1,[6 2],36,-1,84,-1,83
1,<environment.Job instance at 0x7f65dafcff00>,37,1,[9 1],38,-1,89,-1,88
1,<environment.Job instance at 0x7f65dafcf8c0>,38,12,[14  4],39,-1,100,-1,88
1,<environment.Job instance at 0x7f65dafcfc30>,39,2,[9 4],40,-1,90,-1,88
1,<environment.Job instance at 0x7f65dafcde60>,44,3,[9 2],45,-1,119,-1,116
1,<environment.Job instance at 0x7f65db378be0>,55,2,[5 5],56,-1,148,-1,146
1,<environment.Job instance at 0x7f65db378af0>,57,3,[1 5],58,-1,149,-1,146
1,<environment.Job instance at 0x7f65db37fe60>,58,1,[10  5],59,-1,147,-1,146
1,<environment.Job instance at 0x7f65db378e60>,59,1,[ 2 10],60,-1,147,-1,146
1,<environment.Job instance at 0x7f65db378e60>,7,1,[9 3],8,-1,10,-1,9
1,<environment.Job instance at 0x7f65daf82460>,10,24,[2 8],11,-1,36,-1,12
1,<environment.Job instance at 0x7f65daf82a00>,12,3,[7 1],13,-1,16,-1,13
1,<environment.Job instance at 0x7f65daf825f0>,13,24,[10  5],14,-1,38,-1,14
1,<environment.Job instance at 0x7f65daf825a0>,14,23,[10  2],15,-1,39,-1,16
1,<environment.Job instance at 0x7f65daf82140>,25,12,[ 4 10],26,-1,79,-1,67
1,<environment.Job instance at 0x7f65daf94550>,26,1,[2 6],27,-1,68,-1,67
1,<environment.Job instance at 0x7f65daf94f50>,27,15,[ 3 12],28,-1,82,-1,67
1,<environment.Job instance at 0x7f65daf94190>,28,2,[5 7],29,-1,69,-1,67
1,<environment.Job instance at 0x7f65daf94be0>,31,2,[6 3],32,-1,83,-1,81
1,<environment.Job instance at 0x7f65daf948c0>,38,2,[9 4],39,-1,114,-1,112
1,<environment.Job instance at 0x7f65daf94370>,39,3,[ 2 10],40,-1,115,-1,112
1,<environment.Job instance at 0x7f65daf94a50>,40,27,[ 5 10],41,-1,139,-1,112
1,<environment.Job instance at 0x7f65daf75640>,43,3,[4 8],44,-1,132,-1,129
1,<environment.Job instance at 0x7f65daf75730>,45,3,[3 8],46,-1,132,-1,129
1,<environment.Job instance at 0x7f65daf75be0>,46,25,[ 5 10],47,-1,154,-1,129
1,<environment.Job instance at 0x7f65daf75cd0>,49,2,[8 2],50,-1,147,-1,145
1,<environment.Job instance at 0x7f65daf75f00>,50,2,[1 7],51,-1,147,-1,145
1,<environment.Job instance at 0x7f65dbda7c80>,51,1,[ 4 10],52,-1,146,-1,145
1,<environment.Job instance at 0x7f65db6feaa0>,52,3,[10  4],53,-1,148,-1,145
1,<environment.Job instance at 0x7f65dbdad9b0>,53,2,[5 7],54,-1,147,-1,145
1,<environment.Job instance at 0x7f65db707d20>,54,1,[3 8],55,-1,146,-1,145
1,<environment.Job instance at 0x7f65dbd1e6e0>,56,3,[2 8],57,-1,148,-1,145
1,<environment.Job instance at 0x7f65db6d7b40>,57,1,[5 5],58,-1,146,-1,145
1,<environment.Job instance at 0x7f65dbdf5dc0>,58,2,[6 3],59,-1,147,-1,145
1,<environment.Job instance at 0x7f65dbd1ee60>,59,3,[7 2],60,-1,148,-1,145
1,<environment.Job instance at 0x7f65db62cdc0>,61,3,[1 6],62,-1,159,-1,156
1,<environment.Job instance at 0x7f65db62c050>,62,17,[12  4],63,-1,173,-1,156
1,<environment.Job instance at 0x7f65db62c7d0>,63,2,[5 5],64,-1,158,-1,156
1,<environment.Job instance at 0x7f65db62c1e0>,64,1,[7 4],65,-1,157,-1,156
1,<environment.Job instance at 0x7f65db396550>,32,1,[2 9],33,-1,104,-1,103
1,<environment.Job instance at 0x7f65db8680f0>,33,27,[1 8],34,-1,130,-1,103
1,<environment.Job instance at 0x7f65daefaeb0>,34,1,[5 8],35,-1,104,-1,103
1,<environment.Job instance at 0x7f65daf95cd0>,37,2,[2 8],38,-1,129,-1,127
1,<environment.Job instance at 0x7f65daf95640>,38,3,[5 9],39,-1,130,-1,127
1,<environment.Job instance at 0x7f65daf956e0>,40,3,[1 7],41,-1,143,-1,140
1,<environment.Job instance at 0x7f65daf74050>,42,3,[ 1 10],43,-1,143,-1,140
1,<environment.Job instance at 0x7f65daf745f0>,43,3,[7 3],44,-1,143,-1,140
1,<environment.Job instance at 0x7f65dbcaff50>,7,13,[13  1],8,-1,21,-1,8
1,<environment.Job instance at 0x7f65dbcaf140>,16,25,[ 5 10],17,-1,70,-1,45
1,<environment.Job instance at 0x7f65dbc77780>,24,2,[ 2 10],25,-1,57,-1,55
1,<environment.Job instance at 0x7f65dbc77f50>,25,1,[9 5],26,-1,56,-1,55
1,<environment.Job instance at 0x7f65dbc77050>,26,1,[2 6],27,-1,56,-1,55
1,<environment.Job instance at 0x7f65dbc776e0>,31,2,[9 5],32,-1,90,-1,88
1,<environment.Job instance at 0x7f65dbc775a0>,32,3,[9 5],33,-1,91,-1,88
1,<environment.Job instance at 0x7f65dbcabaa0>,36,2,[13  5],37,-1,106,-1,104
1,<environment.Job instance at 0x7f65dbcbb320>,37,1,[9 5],38,-1,105,-1,104
1,<environment.Job instance at 0x7f65dbcc2f50>,40,26,[6 3],41,-1,143,-1,117
1,<environment.Job instance at 0x7f65dbcc2500>,42,17,[ 2 11],43,-1,135,-1,118
1,<environment.Job instance at 0x7f65dbcc2280>,43,2,[6 3],44,-1,120,-1,118
1,<environment.Job instance at 0x7f65dbcc2c30>,44,1,[9 4],45,-1,119,-1,118
1,<environment.Job instance at 0x7f65dbcc24b0>,45,23,[7 1],46,-1,141,-1,118
1,<environment.Job instance at 0x7f65daec5910>,46,1,[4 9],47,-1,119,-1,118
1,<environment.Job instance at 0x7f65dbccb640>,48,2,[8 5],49,-1,136,-1,134
1,<environment.Job instance at 0x7f65dbf7b640>,50,3,[2 7],51,-1,137,-1,134
1,<environment.Job instance at 0x7f65dae71be0>,53,12,[ 1 14],54,-1,161,-1,149
1,<environment.Job instance at 0x7f65dbcab730>,5,18,[14  2],6,-1,24,-1,6
1,<environment.Job instance at 0x7f65dbcab6e0>,6,1,[5 7],7,-1,8,-1,7
1,<environment.Job instance at 0x7f65daea4370>,21,3,[ 4 12],22,-1,29,-1,26
1,<environment.Job instance at 0x7f65daea4410>,22,17,[1 7],23,-1,57,-1,40
1,<environment.Job instance at 0x7f65daea4dc0>,24,1,[8 1],25,-1,41,-1,40
1,<environment.Job instance at 0x7f65dbca7fa0>,32,2,[5 7],33,-1,89,-1,87
1,<environment.Job instance at 0x7f65dbca7410>,34,25,[7 4],35,-1,112,-1,87
1,<environment.Job instance at 0x7f65dbca7500>,35,3,[1 6],36,-1,90,-1,87
1,<environment.Job instance at 0x7f65dbca7780>,36,22,[ 4 10],37,-1,109,-1,87
1,<environment.Job instance at 0x7f65dbca77d0>,37,1,[5 7],38,-1,88,-1,87
1,<environment.Job instance at 0x7f65dbca7eb0>,40,3,[7 3],41,-1,106,-1,103
1,<environment.Job instance at 0x7f65dbca7280>,41,13,[ 3 10],42,-1,116,-1,103
1,<environment.Job instance at 0x7f65dbca7dc0>,44,3,[3 5],45,-1,122,-1,119
1,<environment.Job instance at 0x7f65dbca7aa0>,45,23,[8 2],46,-1,142,-1,119
1,<environment.Job instance at 0x7f65dbca7c30>,47,1,[8 3],48,-1,133,-1,132
1,<environment.Job instance at 0x7f65dbca72d0>,48,1,[ 1 10],49,-1,133,-1,132
1,<environment.Job instance at 0x7f65dbca7a50>,49,2,[3 6],50,-1,134,-1,132
1,<environment.Job instance at 0x7f65dae8d690>,8,15,[ 3 14],9,-1,24,-1,9
1,<environment.Job instance at 0x7f65dae8d0f0>,10,27,[7 4],11,-1,38,-1,11
1,<environment.Job instance at 0x7f65dae895f0>,12,16,[10  2],13,-1,30,-1,14
1,<environment.Job instance at 0x7f65dae8dbe0>,14,12,[1 8],15,-1,42,-1,30
1,<environment.Job instance at 0x7f65dae50230>,20,25,[ 1 14],21,-1,55,-1,30
1,<environment.Job instance at 0x7f65dae50960>,25,3,[ 4 11],26,-1,54,-1,51
1,<environment.Job instance at 0x7f65dae50140>,26,2,[8 3],27,-1,53,-1,51
1,<environment.Job instance at 0x7f65dae509b0>,27,3,[2 8],28,-1,54,-1,51
1,<environment.Job instance at 0x7f65dae50320>,30,1,[2 6],31,-1,66,-1,65
1,<environment.Job instance at 0x7f65dae50190>,35,1,[5 2],36,-1,94,-1,93
1,<environment.Job instance at 0x7f65dae50fa0>,36,3,[8 3],37,-1,96,-1,93
1,<environment.Job instance at 0x7f65dae50dc0>,38,3,[11  1],39,-1,110,-1,107
1,<environment.Job instance at 0x7f65dae50460>,39,2,[3 7],40,-1,109,-1,107
1,<environment.Job instance at 0x7f65dbf45640>,40,2,[9 1],41,-1,109,-1,107
1,<environment.Job instance at 0x7f65dbf455a0>,41,2,[6 2],42,-1,109,-1,107
1,<environment.Job instance at 0x7f65dbf45af0>,43,2,[2 7],44,-1,123,-1,121
1,<environment.Job instance at 0x7f65dbf45c30>,44,1,[9 2],45,-1,122,-1,121
1,<environment.Job instance at 0x7f65dbf45140>,45,3,[9 1],46,-1,124,-1,121
1,<environment.Job instance at 0x7f65db7a1640>,3,17,[14  2],4,-1,23,-1,6
1,<environment.Job instance at 0x7f65daf70280>,13,3,[9 5],14,-1,18,-1,15
1,<environment.Job instance at 0x7f65daf80370>,16,2,[ 5 12],17,-1,19,-1,17
1,<environment.Job instance at 0x7f65daf80640>,17,23,[6 1],18,-1,41,-1,18
1,<environment.Job instance at 0x7f65daf80500>,18,3,[9 2],19,-1,22,-1,19
1,<environment.Job instance at 0x7f65daf80dc0>,19,2,[4 5],20,-1,22,-1,20
1,<environment.Job instance at 0x7f65db41d780>,20,1,[10  3],21,-1,22,-1,21
1,<environment.Job instance at 0x7f65db84b050>,24,2,[9 2],25,-1,27,-1,25
1,<environment.Job instance at 0x7f65db856c80>,30,25,[9 4],31,-1,81,-1,56
1,<environment.Job instance at 0x7f65db40aaa0>,33,3,[3 9],34,-1,76,-1,73
1,<environment.Job instance at 0x7f65db8347d0>,34,28,[ 5 10],35,-1,101,-1,73
1,<environment.Job instance at 0x7f65db2c9b90>,35,1,[ 1 10],36,-1,74,-1,73
1,<environment.Job instance at 0x7f65db4019b0>,37,27,[2 9],38,-1,100,-1,73
1,<environment.Job instance at 0x7f65db82a0f0>,38,26,[4 9],39,-1,99,-1,73
1,<environment.Job instance at 0x7f65db82a910>,39,1,[10  5],40,-1,74,-1,73
1,<environment.Job instance at 0x7f65dc2e4550>,42,2,[ 2 10],43,-1,90,-1,88
1,<environment.Job instance at 0x7f65dc2d3fa0>,45,3,[10  3],46,-1,103,-1,100
1,<environment.Job instance at 0x7f65dc2eb140>,46,16,[ 5 12],47,-1,116,-1,100
1,<environment.Job instance at 0x7f65db3f40f0>,47,3,[5 6],48,-1,103,-1,100
1,<environment.Job instance at 0x7f65dc2eb910>,49,3,[6 1],50,-1,103,-1,100
1,<environment.Job instance at 0x7f65dc2ff820>,51,2,[6 2],52,-1,102,-1,100
1,<environment.Job instance at 0x7f65dc2ffaa0>,53,3,[7 2],54,-1,120,-1,117
1,<environment.Job instance at 0x7f65dc2ff870>,57,3,[3 7],58,-1,134,-1,131
1,<environment.Job instance at 0x7f65dc2ff9b0>,60,17,[10  1],61,-1,163,-1,146
1,<environment.Job instance at 0x7f65db7cad70>,33,2,[14  5],34,-1,111,-1,109
1,<environment.Job instance at 0x7f65db7ca960>,34,26,[7 1],35,-1,135,-1,109
1,<environment.Job instance at 0x7f65dbd228c0>,36,3,[10  1],37,-1,130,-1,127
1,<environment.Job instance at 0x7f65dbd22780>,38,1,[5 1],39,-1,143,-1,142
1,<environment.Job instance at 0x7f65daf82230>,39,2,[7 4],40,-1,144,-1,142
1,<environment.Job instance at 0x7f65daf82820>,40,2,[1 9],41,-1,144,-1,142
1,<environment.Job instance at 0x7f65daf823c0>,43,3,[6 1],44,-1,153,-1,150
1,<environment.Job instance at 0x7f65db7cacd0>,31,28,[7 5],32,-1,178,-1,150
1,<environment.Job instance at 0x7f65daf82500>,44,3,[1 6],45,-1,153,-1,150
1,<environment.Job instance at 0x7f65daf82b90>,46,1,[7 1],47,-1,151,-1,150
1,<environment.Job instance at 0x7f65daf82690>,47,13,[13  4],48,-1,163,-1,150
1,<environment.Job instance at 0x7f65dc0279b0>,13,3,[6 1],14,-1,18,-1,15
1,<environment.Job instance at 0x7f65dc200cd0>,30,2,[10  1],31,-1,60,-1,58
1,<environment.Job instance at 0x7f65dc205730>,34,3,[2 8],35,-1,61,-1,58
1,<environment.Job instance at 0x7f65db486690>,46,2,[8 3],47,-1,132,-1,130
1,<environment.Job instance at 0x7f65db322190>,48,2,[12  1],49,-1,145,-1,143
1,<environment.Job instance at 0x7f65db322280>,49,27,[ 5 11],50,-1,170,-1,143
1,<environment.Job instance at 0x7f65db322c30>,50,13,[10  1],51,-1,156,-1,143
1,<environment.Job instance at 0x7f65db324370>,53,25,[9 3],54,-1,181,-1,156
1,<environment.Job instance at 0x7f65db324b40>,54,1,[6 5],55,-1,157,-1,156
1,<environment.Job instance at 0x7f65db324140>,2,28,[8 2],3,-1,31,-1,3
1,<environment.Job instance at 0x7f65db3ede10>,15,1,[2 5],16,-1,17,-1,16
1,<environment.Job instance at 0x7f65db3edd70>,24,26,[7 4],25,-1,55,-1,29
1,<environment.Job instance at 0x7f65db3ed190>,25,1,[12  3],26,-1,30,-1,29
1,<environment.Job instance at 0x7f65db3edb40>,26,2,[5 5],27,-1,32,-1,30
1,<environment.Job instance at 0x7f65dbda2f00>,27,2,[9 3],28,-1,32,-1,30
1,<environment.Job instance at 0x7f65dbda2370>,30,3,[8 4],31,-1,44,-1,41
1,<environment.Job instance at 0x7f65dbda2c30>,32,3,[9 3],33,-1,48,-1,45
1,<environment.Job instance at 0x7f65dbda2e60>,33,1,[10  5],34,-1,46,-1,45
1,<environment.Job instance at 0x7f65dbda2230>,36,2,[3 5],37,-1,60,-1,58
1,<environment.Job instance at 0x7f65dbda20a0>,37,1,[5 1],38,-1,59,-1,58
1,<environment.Job instance at 0x7f65dbda2870>,38,16,[14  5],39,-1,74,-1,58
1,<environment.Job instance at 0x7f65dbda2cd0>,39,2,[6 3],40,-1,60,-1,58
1,<environment.Job instance at 0x7f65db56a320>,46,1,[3 9],47,-1,89,-1,88
1,<environment.Job instance at 0x7f65db56ad20>,51,3,[2 8],52,-1,120,-1,117
1,<environment.Job instance at 0x7f65db56aa00>,55,1,[5 7],56,-1,135,-1,134
1,<environment.Job instance at 0x7f65db56a870>,6,1,[6 2],7,-1,8,-1,7
1,<environment.Job instance at 0x7f65dac145f0>,7,2,[ 5 11],8,-1,10,-1,8
1,<environment.Job instance at 0x7f65dac14640>,8,12,[12  2],9,-1,21,-1,9
1,<environment.Job instance at 0x7f65dac14aa0>,10,2,[ 4 14],11,-1,13,-1,11
1,<environment.Job instance at 0x7f65dac14690>,12,1,[ 4 10],13,-1,16,-1,15
1,<environment.Job instance at 0x7f65dac98640>,15,3,[1 7],16,-1,19,-1,16
1,<environment.Job instance at 0x7f65dac98dc0>,22,1,[7 5],23,-1,29,-1,28
1,<environment.Job instance at 0x7f65dac982d0>,23,2,[ 3 10],24,-1,30,-1,28
1,<environment.Job instance at 0x7f65dac985f0>,24,2,[1 8],25,-1,30,-1,28
1,<environment.Job instance at 0x7f65dac98af0>,25,3,[9 5],26,-1,31,-1,28
1,<environment.Job instance at 0x7f65dac7e820>,27,27,[2 6],28,-1,67,-1,40
1,<environment.Job instance at 0x7f65dac7e370>,28,1,[10  4],29,-1,41,-1,40
1,<environment.Job instance at 0x7f65dac7e550>,30,3,[ 2 10],31,-1,44,-1,41
1,<environment.Job instance at 0x7f65dac7e9b0>,31,2,[8 5],32,-1,43,-1,41
1,<environment.Job instance at 0x7f65dac7e5f0>,33,1,[ 3 10],34,-1,46,-1,45
1,<environment.Job instance at 0x7f65dac7ecd0>,34,2,[10  3],35,-1,47,-1,45
1,<environment.Job instance at 0x7f65dac7ef00>,36,14,[10  1],37,-1,70,-1,56
1,<environment.Job instance at 0x7f65dac7e460>,37,26,[ 5 10],38,-1,82,-1,56
1,<environment.Job instance at 0x7f65dac7ee10>,39,1,[12  4],40,-1,62,-1,61
1,<environment.Job instance at 0x7f65dabd1870>,52,28,[5 1],53,-1,152,-1,124
1,<environment.Job instance at 0x7f65dabd1370>,53,2,[1 9],54,-1,126,-1,124
1,<environment.Job instance at 0x7f65dabd15a0>,55,3,[8 5],56,-1,127,-1,124
1,<environment.Job instance at 0x7f65dac9bd20>,57,1,[6 2],58,-1,142,-1,141
1,<environment.Job instance at 0x7f65dac9b910>,58,3,[1 7],59,-1,144,-1,141
1,<environment.Job instance at 0x7f65dac9b460>,59,13,[ 1 13],60,-1,154,-1,141
1,<environment.Job instance at 0x7f65db8dcaa0>,4,24,[5 8],5,-1,29,-1,5
1,<environment.Job instance at 0x7f65db8dcc30>,6,24,[10  2],7,-1,31,-1,7
1,<environment.Job instance at 0x7f65db5750f0>,16,23,[9 5],17,-1,69,-1,46
1,<environment.Job instance at 0x7f65db3ff370>,29,1,[13  5],30,-1,58,-1,57
1,<environment.Job instance at 0x7f65db3fffa0>,33,27,[5 6],34,-1,97,-1,70
1,<environment.Job instance at 0x7f65db3ffd70>,35,1,[9 2],36,-1,71,-1,70
1,<environment.Job instance at 0x7f65db3ffbe0>,36,16,[ 3 11],37,-1,86,-1,70
1,<environment.Job instance at 0x7f65db3ff870>,38,25,[11  1],39,-1,95,-1,70
1,<environment.Job instance at 0x7f65db3ff500>,44,27,[3 8],45,-1,125,-1,98
1,<environment.Job instance at 0x7f65dbab9280>,50,18,[12  3],51,-1,148,-1,130
1,<environment.Job instance at 0x7f65dbab9500>,55,27,[4 6],56,-1,186,-1,159
1,<environment.Job instance at 0x7f65db507fa0>,7,3,[1 7],8,-1,11,-1,8
1,<environment.Job instance at 0x7f65db49ffa0>,8,2,[3 7],9,-1,11,-1,9
1,<environment.Job instance at 0x7f65db49f7d0>,9,28,[4 8],10,-1,38,-1,10
1,<environment.Job instance at 0x7f65dbd12b90>,27,1,[3 6],28,-1,40,-1,39
1,<environment.Job instance at 0x7f65dbd12b40>,28,2,[7 1],29,-1,41,-1,39
1,<environment.Job instance at 0x7f65dbd12be0>,29,2,[5 1],30,-1,41,-1,39
1,<environment.Job instance at 0x7f65dbd12460>,30,2,[ 2 12],31,-1,41,-1,39
1,<environment.Job instance at 0x7f65dbd124b0>,31,13,[ 3 11],32,-1,52,-1,39
1,<environment.Job instance at 0x7f65dbe92a50>,39,2,[10  4],40,-1,97,-1,95
1,<environment.Job instance at 0x7f65dbe92dc0>,41,2,[10  3],42,-1,115,-1,113
1,<environment.Job instance at 0x7f65dbe92460>,45,1,[14  5],46,-1,130,-1,129
1,<environment.Job instance at 0x7f65dbe92370>,47,2,[ 5 12],48,-1,141,-1,139
1,<environment.Job instance at 0x7f65dbe92b40>,48,3,[9 4],49,-1,142,-1,139
1,<environment.Job instance at 0x7f65dbc4c6e0>,19,2,[7 1],20,-1,24,-1,22
1,<environment.Job instance at 0x7f65dbc4c9b0>,21,23,[9 2],22,-1,61,-1,38
1,<environment.Job instance at 0x7f65dbc4cf00>,22,1,[ 3 10],23,-1,39,-1,38
1,<environment.Job instance at 0x7f65dbc4c460>,24,2,[2 5],25,-1,40,-1,38
1,<environment.Job instance at 0x7f65dbc4cb90>,25,25,[ 2 11],26,-1,63,-1,38
1,<environment.Job instance at 0x7f65dbc4c870>,30,14,[13  1],31,-1,73,-1,59
1,<environment.Job instance at 0x7f65dbc4c4b0>,32,3,[10  5],33,-1,64,-1,61
1,<environment.Job instance at 0x7f65dbc4c5a0>,33,12,[12  5],34,-1,73,-1,61
1,<environment.Job instance at 0x7f65dbc4cd70>,35,2,[3 6],36,-1,75,-1,73
1,<environment.Job instance at 0x7f65daf80e10>,37,12,[ 4 10],38,-1,91,-1,79
1,<environment.Job instance at 0x7f65daf80af0>,38,2,[4 9],39,-1,81,-1,79
1,<environment.Job instance at 0x7f65daf807d0>,39,17,[11  5],40,-1,96,-1,79
1,<environment.Job instance at 0x7f65daf80370>,41,1,[1 8],42,-1,92,-1,91
1,<environment.Job instance at 0x7f65daf802d0>,42,22,[ 4 11],43,-1,113,-1,91
1,<environment.Job instance at 0x7f65daf806e0>,44,3,[7 5],45,-1,94,-1,91
1,<environment.Job instance at 0x7f65daf80c80>,45,2,[5 6],46,-1,93,-1,91
1,<environment.Job instance at 0x7f65daf80690>,46,15,[13  2],47,-1,106,-1,91
1,<environment.Job instance at 0x7f65daf80820>,49,13,[ 5 11],50,-1,118,-1,105
1,<environment.Job instance at 0x7f65daf800f0>,51,2,[5 5],52,-1,120,-1,118
1,<environment.Job instance at 0x7f65dc2950f0>,53,3,[ 3 14],54,-1,126,-1,123
1,<environment.Job instance at 0x7f65dc295e10>,55,3,[7 1],56,-1,144,-1,141
1,<environment.Job instance at 0x7f65dbeca960>,4,2,[3 9],5,-1,16,-1,14
1,<environment.Job instance at 0x7f65dbeca140>,11,3,[8 3],12,-1,18,-1,15
1,<environment.Job instance at 0x7f65dbeca280>,12,2,[9 2],13,-1,17,-1,15
1,<environment.Job instance at 0x7f65dbeca0a0>,17,24,[9 4],18,-1,60,-1,36
1,<environment.Job instance at 0x7f65db9e95a0>,18,3,[ 3 10],19,-1,39,-1,36
1,<environment.Job instance at 0x7f65db9e90a0>,22,3,[8 3],23,-1,66,-1,63
1,<environment.Job instance at 0x7f65db9e9c80>,23,2,[8 5],24,-1,65,-1,63
1,<environment.Job instance at 0x7f65dbed46e0>,42,2,[8 5],43,-1,120,-1,118
1,<environment.Job instance at 0x7f65dbed4eb0>,43,24,[5 1],44,-1,142,-1,118
1,<environment.Job instance at 0x7f65dbed4190>,44,1,[6 5],45,-1,119,-1,118
1,<environment.Job instance at 0x7f65dbed4e10>,46,28,[8 5],47,-1,162,-1,134
1,<environment.Job instance at 0x7f65db232280>,48,2,[5 4],49,-1,136,-1,134
1,<environment.Job instance at 0x7f65db232dc0>,49,1,[9 5],50,-1,135,-1,134
1,<environment.Job instance at 0x7f65db232c80>,51,2,[2 5],52,-1,141,-1,139
1,<environment.Job instance at 0x7f65db232960>,53,3,[1 5],54,-1,150,-1,147
1,<environment.Job instance at 0x7f65db2326e0>,54,25,[9 4],55,-1,172,-1,147
1,<environment.Job instance at 0x7f65db232eb0>,55,2,[ 5 10],56,-1,149,-1,147
1,<environment.Job instance at 0x7f65db232910>,56,18,[11  2],57,-1,165,-1,147
1,<environment.Job instance at 0x7f65db2325a0>,57,1,[5 2],58,-1,148,-1,147
1,<environment.Job instance at 0x7f65db232d20>,58,15,[ 1 14],59,-1,162,-1,147
1,<environment.Job instance at 0x7f65db0fc730>,13,2,[1 7],14,-1,28,-1,26
1,<environment.Job instance at 0x7f65db0fc780>,16,14,[14  5],17,-1,46,-1,32
1,<environment.Job instance at 0x7f65db0fcc30>,23,23,[5 6],24,-1,93,-1,70
1,<environment.Job instance at 0x7f65db0fc550>,26,2,[10  5],27,-1,76,-1,74
1,<environment.Job instance at 0x7f65db0fccd0>,28,28,[3 8],29,-1,102,-1,74
1,<environment.Job instance at 0x7f65daf50a50>,32,2,[10  2],33,-1,103,-1,101
1,<environment.Job instance at 0x7f65daf50f00>,34,28,[8 5],35,-1,129,-1,101
1,<environment.Job instance at 0x7f65daf50190>,35,1,[10  5],36,-1,102,-1,101
1,<environment.Job instance at 0x7f65daf50f50>,36,23,[3 7],37,-1,124,-1,101
1,<environment.Job instance at 0x7f65daf508c0>,37,24,[2 9],38,-1,125,-1,101
1,<environment.Job instance at 0x7f65daf504b0>,38,17,[8 1],39,-1,120,-1,103
1,<environment.Job instance at 0x7f65daf50c80>,41,2,[2 8],42,-1,118,-1,116
1,<environment.Job instance at 0x7f65daf50780>,42,23,[13  5],43,-1,139,-1,116
1,<environment.Job instance at 0x7f65daf50e60>,43,12,[ 4 13],44,-1,128,-1,116
1,<environment.Job instance at 0x7f65daf50320>,49,1,[5 9],50,-1,156,-1,155
1,<environment.Job instance at 0x7f65daf500a0>,50,3,[6 2],51,-1,158,-1,155
1,<environment.Job instance at 0x7f65daf50820>,2,1,[2 7],3,-1,5,-1,4
1,<environment.Job instance at 0x7f65db425f50>,3,1,[4 8],4,-1,8,-1,7
1,<environment.Job instance at 0x7f65db425c30>,10,3,[9 5],11,-1,15,-1,12
1,<environment.Job instance at 0x7f65db4250a0>,12,3,[6 5],13,-1,16,-1,13
1,<environment.Job instance at 0x7f65db425d70>,14,3,[7 2],15,-1,18,-1,15
1,<environment.Job instance at 0x7f65db44aaa0>,16,1,[5 8],17,-1,18,-1,17
1,<environment.Job instance at 0x7f65dbb5f730>,22,3,[5 5],23,-1,31,-1,28
1,<environment.Job instance at 0x7f65dbb5f780>,23,27,[4 6],24,-1,55,-1,28
1,<environment.Job instance at 0x7f65dbb5faf0>,27,2,[3 5],28,-1,53,-1,51
1,<environment.Job instance at 0x7f65dbb5faa0>,28,14,[5 1],29,-1,69,-1,55
1,<environment.Job instance at 0x7f65dbb5fd70>,30,3,[ 1 14],31,-1,60,-1,57
1,<environment.Job instance at 0x7f65dbc905a0>,31,1,[10  3],32,-1,58,-1,57
1,<environment.Job instance at 0x7f65dbc90780>,32,1,[10  1],33,-1,58,-1,57
1,<environment.Job instance at 0x7f65dbb5f5a0>,20,18,[9 1],21,-1,82,-1,64
1,<environment.Job instance at 0x7f65dab114b0>,34,1,[ 2 11],35,-1,65,-1,64
1,<environment.Job instance at 0x7f65dab113c0>,37,28,[8 2],38,-1,101,-1,73
1,<environment.Job instance at 0x7f65db43caf0>,41,28,[ 3 10],42,-1,126,-1,98
1,<environment.Job instance at 0x7f65db43c3c0>,42,2,[ 5 10],43,-1,100,-1,98
1,<environment.Job instance at 0x7f65db43c820>,43,2,[3 7],44,-1,100,-1,98
1,<environment.Job instance at 0x7f65db43c050>,44,1,[ 1 10],45,-1,99,-1,98
1,<environment.Job instance at 0x7f65db43c5a0>,46,3,[8 4],47,-1,116,-1,113
1,<environment.Job instance at 0x7f65db43c460>,48,1,[8 5],49,-1,117,-1,116
1,<environment.Job instance at 0x7f65db43c410>,50,2,[7 3],51,-1,132,-1,130
1,<environment.Job instance at 0x7f65db373be0>,51,15,[14  2],52,-1,145,-1,130
1,<environment.Job instance at 0x7f65dc1fceb0>,54,2,[ 3 10],55,-1,146,-1,144
1,<environment.Job instance at 0x7f65dae835a0>,55,2,[4 5],56,-1,146,-1,144
1,<environment.Job instance at 0x7f65dab12410>,59,2,[6 5],60,-1,160,-1,158
1,<environment.Job instance at 0x7f65dab12190>,60,1,[10  5],61,-1,159,-1,158
1,<environment.Job instance at 0x7f65daafb5f0>,61,12,[11  3],62,-1,170,-1,158
1,<environment.Job instance at 0x7f65daafb730>,62,1,[1 8],63,-1,159,-1,158
1,<environment.Job instance at 0x7f65daafbeb0>,63,1,[3 7],64,-1,159,-1,158
1,<environment.Job instance at 0x7f65db8cdbe0>,15,3,[ 4 13],16,-1,43,-1,40
1,<environment.Job instance at 0x7f65db8cd230>,16,28,[2 6],17,-1,68,-1,40
1,<environment.Job instance at 0x7f65db8cd4b0>,18,3,[8 3],19,-1,43,-1,40
1,<environment.Job instance at 0x7f65db8cdb90>,19,26,[10  1],20,-1,66,-1,40
1,<environment.Job instance at 0x7f65db186320>,23,3,[9 2],24,-1,68,-1,65
1,<environment.Job instance at 0x7f65db186c30>,24,2,[8 3],25,-1,67,-1,65
1,<environment.Job instance at 0x7f65db1863c0>,26,2,[3 7],27,-1,74,-1,72
1,<environment.Job instance at 0x7f65db186d70>,27,16,[13  3],28,-1,88,-1,72
1,<environment.Job instance at 0x7f65db186fa0>,28,3,[7 4],29,-1,75,-1,72
1,<environment.Job instance at 0x7f65db186cd0>,31,2,[10  4],32,-1,88,-1,86
1,<environment.Job instance at 0x7f65db186690>,35,3,[2 8],36,-1,102,-1,99
1,<environment.Job instance at 0x7f65db186a00>,36,2,[ 1 10],37,-1,101,-1,99
1,<environment.Job instance at 0x7f65db186820>,37,2,[2 8],38,-1,101,-1,99
1,<environment.Job instance at 0x7f65dad50aa0>,38,26,[5 7],39,-1,125,-1,99
1,<environment.Job instance at 0x7f65dad50b90>,39,28,[ 4 10],40,-1,127,-1,99
1,<environment.Job instance at 0x7f65dad50870>,41,2,[2 9],42,-1,113,-1,111
1,<environment.Job instance at 0x7f65dad50cd0>,42,2,[ 4 11],43,-1,113,-1,111
1,<environment.Job instance at 0x7f65dad503c0>,44,16,[14  4],45,-1,128,-1,112
1,<environment.Job instance at 0x7f65dad50dc0>,45,23,[ 3 10],46,-1,135,-1,112
1,<environment.Job instance at 0x7f65dad50f00>,48,1,[ 1 10],49,-1,130,-1,129
1,<environment.Job instance at 0x7f65dad50500>,49,2,[1 5],50,-1,131,-1,129
1,<environment.Job instance at 0x7f65dad507d0>,53,1,[7 2],54,-1,152,-1,151
1,<environment.Job instance at 0x7f65db589e60>,5,2,[10  1],6,-1,11,-1,9
1,<environment.Job instance at 0x7f65db599cd0>,21,2,[5 5],22,-1,37,-1,35
1,<environment.Job instance at 0x7f65db599d70>,22,3,[6 3],23,-1,38,-1,35
1,<environment.Job instance at 0x7f65db599e60>,23,3,[10  2],24,-1,38,-1,35
1,<environment.Job instance at 0x7f65db599fa0>,25,1,[8 1],26,-1,40,-1,39
1,<environment.Job instance at 0x7f65db58f2d0>,27,25,[4 6],28,-1,81,-1,56
1,<environment.Job instance at 0x7f65db58f690>,30,1,[5 1],31,-1,65,-1,64
1,<environment.Job instance at 0x7f65db58f730>,31,23,[10  1],32,-1,87,-1,64
1,<environment.Job instance at 0x7f65db58f870>,33,26,[10  2],34,-1,104,-1,78
1,<environment.Job instance at 0x7f65db58f910>,34,3,[ 3 12],35,-1,81,-1,78
1,<environment.Job instance at 0x7f65db58f640>,36,16,[ 1 10],37,-1,94,-1,78
1,<environment.Job instance at 0x7f65db58fb90>,37,1,[3 5],38,-1,79,-1,78
1,<environment.Job instance at 0x7f65db58fc30>,38,3,[10  1],39,-1,81,-1,78
1,<environment.Job instance at 0x7f65db58fd70>,39,1,[3 8],40,-1,79,-1,78
1,<environment.Job instance at 0x7f65db58ff00>,41,24,[4 8],42,-1,111,-1,87
1,<environment.Job instance at 0x7f65db58f5a0>,43,2,[12  5],44,-1,97,-1,95
1,<environment.Job instance at 0x7f65db58fdc0>,44,1,[7 5],45,-1,96,-1,95
1,<environment.Job instance at 0x7f65db57e190>,45,14,[ 2 11],46,-1,109,-1,95
1,<environment.Job instance at 0x7f65db57e2d0>,47,1,[3 8],48,-1,103,-1,102
1,<environment.Job instance at 0x7f65db57e370>,48,13,[12  1],49,-1,115,-1,102
1,<environment.Job instance at 0x7f65db57e410>,49,1,[3 7],50,-1,103,-1,102
1,<environment.Job instance at 0x7f65db57e4b0>,50,2,[1 7],51,-1,104,-1,102
1,<environment.Job instance at 0x7f65db57e5f0>,52,22,[10  1],53,-1,135,-1,113
1,<environment.Job instance at 0x7f65db57e730>,54,23,[ 5 10],55,-1,136,-1,113
1,<environment.Job instance at 0x7f65db57e7d0>,55,16,[13  5],56,-1,129,-1,113
1,<environment.Job instance at 0x7f65db57e050>,56,1,[9 5],57,-1,114,-1,113
1,<environment.Job instance at 0x7f70f26a3cd0>,12,26,[ 1 10],13,-1,39,-1,13
1,<environment.Job instance at 0x7f70f26a51e0>,17,3,[4 9],18,-1,37,-1,34
1,<environment.Job instance at 0x7f70f26a5280>,18,3,[4 7],19,-1,37,-1,34
1,<environment.Job instance at 0x7f70f26a53c0>,20,1,[7 5],21,-1,46,-1,45
1,<environment.Job instance at 0x7f70f26a5460>,21,1,[6 5],22,-1,46,-1,45
1,<environment.Job instance at 0x7f70f26a5550>,22,1,[2 7],23,-1,46,-1,45
1,<environment.Job instance at 0x7f70f26a55a0>,23,27,[1 6],24,-1,72,-1,45
1,<environment.Job instance at 0x7f70f26a5780>,26,3,[3 7],27,-1,67,-1,64
1,<environment.Job instance at 0x7f70f26a58c0>,28,23,[10  4],29,-1,87,-1,64
1,<environment.Job instance at 0x7f70f26a5d70>,34,24,[1 8],35,-1,105,-1,81
1,<environment.Job instance at 0x7f70f26a5f00>,36,13,[ 3 14],37,-1,106,-1,93
1,<environment.Job instance at 0x7f70f26a5dc0>,37,2,[2 6],38,-1,95,-1,93
1,<environment.Job instance at 0x7f70f26a5e10>,38,2,[ 1 10],39,-1,95,-1,93
1,<environment.Job instance at 0x7f70f26a5cd0>,39,2,[5 6],40,-1,95,-1,93
1,<environment.Job instance at 0x7f70f26a9280>,41,1,[5 2],42,-1,109,-1,108
1,<environment.Job instance at 0x7f70f26a9320>,42,2,[4 6],43,-1,110,-1,108
1,<environment.Job instance at 0x7f70f26a9550>,46,17,[12  2],47,-1,138,-1,121
1,<environment.Job instance at 0x7f70f26a96e0>,47,2,[6 5],48,-1,123,-1,121
1,<environment.Job instance at 0x7f70f26a98c0>,50,16,[12  2],51,-1,152,-1,136
1,<environment.Job instance at 0x7f70f26a9960>,51,3,[1 5],52,-1,139,-1,136
1,<environment.Job instance at 0x7f70f26a95a0>,52,1,[8 5],53,-1,137,-1,136
1,<environment.Job instance at 0x7f70f26a90f0>,54,13,[13  1],55,-1,153,-1,140
1,<environment.Job instance at 0x7f70f26a9b90>,55,2,[ 3 10],56,-1,142,-1,140
1,<environment.Job instance at 0x7f70f2d465a0>,22,3,[10  2],23,-1,48,-1,45
1,<environment.Job instance at 0x7f70f2d46dc0>,23,2,[8 3],24,-1,47,-1,45
1,<environment.Job instance at 0x7f70f2d469b0>,25,1,[6 2],26,-1,54,-1,53
1,<environment.Job instance at 0x7f70f2d46460>,27,1,[9 1],28,-1,54,-1,53
1,<environment.Job instance at 0x7f70f2d46a50>,28,12,[14  4],29,-1,65,-1,53
1,<environment.Job instance at 0x7f70f2d46a00>,29,2,[9 4],30,-1,55,-1,53
1,<environment.Job instance at 0x7f70f2d46cd0>,34,3,[9 2],35,-1,84,-1,81
1,<environment.Job instance at 0x7f70f2d46190>,37,1,[2 8],38,-1,97,-1,96
1,<environment.Job instance at 0x7f70f2d468c0>,38,2,[13  1],39,-1,98,-1,96
1,<environment.Job instance at 0x7f70f2d46910>,39,2,[10  4],40,-1,98,-1,96
1,<environment.Job instance at 0x7f70f2d46690>,41,3,[13  5],42,-1,99,-1,96
1,<environment.Job instance at 0x7f70f2d460f0>,42,2,[ 1 12],43,-1,98,-1,96
1,<environment.Job instance at 0x7f70f2d46f50>,43,2,[5 6],44,-1,99,-1,97
1,<environment.Job instance at 0x7f70f2d56870>,45,2,[5 5],46,-1,114,-1,112
1,<environment.Job instance at 0x7f70f2d56e10>,48,1,[10  5],49,-1,113,-1,112
1,<environment.Job instance at 0x7f70f2d56cd0>,49,1,[ 2 10],50,-1,113,-1,112
1,<environment.Job instance at 0x7f70f2d56a50>,52,1,[ 4 13],53,-1,117,-1,116
1,<environment.Job instance at 0x7f70f2d56aa0>,53,14,[11  3],54,-1,130,-1,116
1,<environment.Job instance at 0x7f70f2d56f00>,55,1,[3 8],56,-1,130,-1,129
1,<environment.Job instance at 0x7f70f1f5caf0>,7,15,[ 3 12],8,-1,23,-1,8
1,<environment.Job instance at 0x7f70f2d45be0>,11,2,[6 3],12,-1,15,-1,13
1,<environment.Job instance at 0x7f70f1dcdbe0>,13,1,[1 7],14,-1,15,-1,14
1,<environment.Job instance at 0x7f70f1dcd870>,18,2,[9 4],19,-1,30,-1,28
1,<environment.Job instance at 0x7f70f1dcd050>,19,3,[ 2 10],20,-1,31,-1,28
1,<environment.Job instance at 0x7f70f1dcddc0>,20,27,[ 5 10],21,-1,55,-1,28
1,<environment.Job instance at 0x7f70f1dc9d70>,23,3,[4 8],24,-1,41,-1,38
1,<environment.Job instance at 0x7f70f1dc9f00>,25,3,[3 8],26,-1,54,-1,51
1,<environment.Job instance at 0x7f70f1dc9eb0>,26,25,[ 5 10],27,-1,76,-1,51
1,<environment.Job instance at 0x7f70f1dc9280>,29,2,[8 2],30,-1,60,-1,58
1,<environment.Job instance at 0x7f70f1dc91e0>,30,2,[1 7],31,-1,60,-1,58
1,<environment.Job instance at 0x7f70f1dc9320>,31,1,[ 4 10],32,-1,59,-1,58
1,<environment.Job instance at 0x7f70f1dc9af0>,32,3,[10  4],33,-1,61,-1,58
1,<environment.Job instance at 0x7f70f1dc9be0>,33,2,[5 7],34,-1,60,-1,58
1,<environment.Job instance at 0x7f70f1dc9c30>,34,1,[3 8],35,-1,59,-1,58
1,<environment.Job instance at 0x7f70f1dc9e60>,36,3,[2 8],37,-1,67,-1,64
1,<environment.Job instance at 0x7f70f1dc98c0>,37,1,[5 5],38,-1,65,-1,64
1,<environment.Job instance at 0x7f70f1dc4d20>,38,2,[6 3],39,-1,66,-1,64
1,<environment.Job instance at 0x7f70f1dc4820>,39,3,[7 2],40,-1,67,-1,64
1,<environment.Job instance at 0x7f70f1dc4050>,41,3,[1 6],42,-1,70,-1,67
1,<environment.Job instance at 0x7f70f1dc4690>,42,17,[12  4],43,-1,84,-1,67
1,<environment.Job instance at 0x7f70f1dc46e0>,43,2,[5 5],44,-1,69,-1,67
1,<environment.Job instance at 0x7f70f1dc4730>,44,1,[7 4],45,-1,68,-1,67
1,<environment.Job instance at 0x7f70f1dc4870>,46,3,[6 3],47,-1,86,-1,83
1,<environment.Job instance at 0x7f70f1dc44b0>,49,3,[5 5],50,-1,100,-1,97
1,<environment.Job instance at 0x7f70f1e3f780>,3,27,[1 8],4,-1,31,-1,4
1,<environment.Job instance at 0x7f70f1fa7780>,8,3,[5 9],9,-1,13,-1,10
1,<environment.Job instance at 0x7f70f1fa7280>,10,3,[1 7],11,-1,14,-1,11
1,<environment.Job instance at 0x7f70f1fb2460>,22,1,[9 3],23,-1,46,-1,45
1,<environment.Job instance at 0x7f70f1fb2550>,23,3,[ 3 14],24,-1,48,-1,45
1,<environment.Job instance at 0x7f70f1fb2c80>,25,25,[6 3],26,-1,73,-1,48
1,<environment.Job instance at 0x7f70f1fb2230>,26,2,[5 1],27,-1,50,-1,48
1,<environment.Job instance at 0x7f70f1fb2c30>,27,2,[4 5],28,-1,50,-1,48
1,<environment.Job instance at 0x7f70f1ec4a00>,30,2,[ 5 11],31,-1,68,-1,66
1,<environment.Job instance at 0x7f70f1ec40a0>,34,1,[5 7],35,-1,91,-1,90
1,<environment.Job instance at 0x7f70f1ec44b0>,36,2,[2 9],37,-1,102,-1,100
1,<environment.Job instance at 0x7f70f1ec4410>,37,3,[7 1],38,-1,103,-1,100
1,<environment.Job instance at 0x7f70f1ec4f50>,39,27,[ 5 10],40,-1,144,-1,117
1,<environment.Job instance at 0x7f70f1ec4c80>,40,1,[6 3],41,-1,118,-1,117
1,<environment.Job instance at 0x7f70f1ec4460>,41,22,[ 1 10],42,-1,139,-1,117
1,<environment.Job instance at 0x7f70f1ec4af0>,43,2,[5 6],44,-1,119,-1,117
1,<environment.Job instance at 0x7f70f1ec4cd0>,44,2,[2 5],45,-1,119,-1,117
1,<environment.Job instance at 0x7f70fb86ba50>,45,3,[6 5],46,-1,120,-1,117
1,<environment.Job instance at 0x7f70fb86b0f0>,46,3,[8 2],47,-1,120,-1,117
1,<environment.Job instance at 0x7f70fb86b050>,49,15,[ 1 10],50,-1,155,-1,140
1,<environment.Job instance at 0x7f70fb86b780>,51,1,[8 5],52,-1,145,-1,144
1,<environment.Job instance at 0x7f70fb86b960>,53,2,[5 5],54,-1,146,-1,144
1,<environment.Job instance at 0x7f70fb86b870>,56,13,[11  1],57,-1,167,-1,154
1,<environment.Job instance at 0x7f70fb86b410>,58,12,[ 5 12],59,-1,172,-1,160
1,<environment.Job instance at 0x7f70f2db3320>,2,17,[ 2 11],3,-1,20,-1,3
1,<environment.Job instance at 0x7f70f2db3a00>,10,3,[2 7],11,-1,15,-1,12
1,<environment.Job instance at 0x7f70f2dba8c0>,16,13,[13  3],17,-1,44,-1,31
1,<environment.Job instance at 0x7f70f3070af0>,28,1,[8 4],29,-1,71,-1,70
1,<environment.Job instance at 0x7f70f2b25eb0>,29,3,[7 4],30,-1,73,-1,70
1,<environment.Job instance at 0x7f70f3070d20>,30,2,[4 9],31,-1,72,-1,70
1,<environment.Job instance at 0x7f70f2f9c320>,31,14,[ 3 14],32,-1,84,-1,70
1,<environment.Job instance at 0x7f70fb7c7c30>,34,1,[1 9],35,-1,87,-1,86
1,<environment.Job instance at 0x7f70fb7c7e60>,35,13,[ 1 12],36,-1,99,-1,86
1,<environment.Job instance at 0x7f70fb7c7eb0>,36,17,[11  2],37,-1,103,-1,86
1,<environment.Job instance at 0x7f70fb81d500>,37,3,[6 4],38,-1,89,-1,86
1,<environment.Job instance at 0x7f70f2dc8370>,41,2,[2 6],42,-1,120,-1,118
1,<environment.Job instance at 0x7f70f2dc85a0>,42,3,[9 1],43,-1,121,-1,118
1,<environment.Job instance at 0x7f70f2dc85f0>,43,28,[ 1 11],44,-1,146,-1,118
1,<environment.Job instance at 0x7f70f2dc8050>,45,23,[5 3],46,-1,141,-1,118
1,<environment.Job instance at 0x7f70f2dc8190>,46,14,[13  5],47,-1,132,-1,118
1,<environment.Job instance at 0x7f70f27af550>,3,18,[ 2 11],4,-1,22,-1,4
1,<environment.Job instance at 0x7f70f27af500>,5,3,[11  2],6,-1,9,-1,6
1,<environment.Job instance at 0x7f70f25cab40>,13,2,[2 8],14,-1,23,-1,21
1,<environment.Job instance at 0x7f70f25ca640>,14,14,[10  1],15,-1,53,-1,39
1,<environment.Job instance at 0x7f70f25cad20>,22,13,[14  4],23,-1,56,-1,43
1,<environment.Job instance at 0x7f70f25ca500>,27,2,[2 9],28,-1,64,-1,62
1,<environment.Job instance at 0x7f70f25cae10>,28,2,[8 3],29,-1,64,-1,62
1,<environment.Job instance at 0x7f70f2555410>,31,23,[ 3 13],32,-1,103,-1,80
1,<environment.Job instance at 0x7f70f25550f0>,33,16,[ 4 10],34,-1,96,-1,80
1,<environment.Job instance at 0x7f70f25550a0>,45,2,[10  5],46,-1,132,-1,130
1,<environment.Job instance at 0x7f70f2555460>,46,2,[6 4],47,-1,132,-1,130
1,<environment.Job instance at 0x7f70f25296e0>,49,2,[10  2],50,-1,148,-1,146
1,<environment.Job instance at 0x7f70f2529b40>,50,1,[8 1],51,-1,147,-1,146
1,<environment.Job instance at 0x7f70f1c07910>,19,3,[7 1],20,-1,62,-1,59
1,<environment.Job instance at 0x7f70f1c079b0>,20,2,[8 5],21,-1,61,-1,59
1,<environment.Job instance at 0x7f70f1c07a50>,21,3,[ 3 11],22,-1,62,-1,59
1,<environment.Job instance at 0x7f70f1c07af0>,22,14,[10  1],23,-1,138,-1,124
1,<environment.Job instance at 0x7f70f1c095f0>,37,18,[ 3 12],38,-1,142,-1,124
1,<environment.Job instance at 0x7f70f1c09690>,38,18,[ 4 10],39,-1,142,-1,124
1,<environment.Job instance at 0x7f70f1c09870>,41,2,[11  4],42,-1,127,-1,125
1,<environment.Job instance at 0x7f70f1c09960>,42,2,[6 3],43,-1,127,-1,125
1,<environment.Job instance at 0x7f70f1c09c30>,45,3,[3 9],46,-1,146,-1,143
1,<environment.Job instance at 0x7f70f1c09cd0>,46,18,[3 6],47,-1,168,-1,150
1,<environment.Job instance at 0x7f70f1c09e10>,48,22,[ 1 13],49,-1,180,-1,158
1,<environment.Job instance at 0x7f70f1c09eb0>,49,3,[2 9],50,-1,161,-1,158
1,<environment.Job instance at 0x7f70f1c099b0>,50,3,[9 2],51,-1,161,-1,158
1,<environment.Job instance at 0x7f70f1c09b40>,51,3,[2 9],52,-1,161,-1,158
1,<environment.Job instance at 0x7f70f1c0b280>,52,3,[10  3],53,-1,161,-1,158
1,<environment.Job instance at 0x7f70f2852a50>,16,1,[6 4],17,-1,32,-1,31
1,<environment.Job instance at 0x7f70f28526e0>,17,2,[3 8],18,-1,33,-1,31
1,<environment.Job instance at 0x7f70fbd56cd0>,18,13,[14  3],19,-1,44,-1,31
1,<environment.Job instance at 0x7f70f25430f0>,21,3,[1 8],22,-1,49,-1,46
1,<environment.Job instance at 0x7f70f2543a00>,22,26,[1 5],23,-1,72,-1,46
1,<environment.Job instance at 0x7f70f2543140>,26,1,[9 3],27,-1,65,-1,64
1,<environment.Job instance at 0x7f70f2543d70>,27,12,[9 2],28,-1,77,-1,65
1,<environment.Job instance at 0x7f70f2543af0>,28,3,[5 8],29,-1,68,-1,65
1,<environment.Job instance at 0x7f70f2543b90>,29,2,[3 9],30,-1,67,-1,65
1,<environment.Job instance at 0x7f70f2543dc0>,33,1,[8 4],34,-1,91,-1,90
1,<environment.Job instance at 0x7f70f25439b0>,35,1,[8 5],36,-1,93,-1,92
1,<environment.Job instance at 0x7f70f25435a0>,36,3,[2 5],37,-1,95,-1,92
1,<environment.Job instance at 0x7f70f25436e0>,37,24,[2 8],38,-1,116,-1,92
1,<environment.Job instance at 0x7f70f2543190>,38,2,[5 7],39,-1,94,-1,92
1,<environment.Job instance at 0x7f70f2543690>,39,13,[14  2],40,-1,105,-1,92
1,<environment.Job instance at 0x7f70f2543fa0>,40,12,[ 5 10],41,-1,104,-1,92
1,<environment.Job instance at 0x7f70f1f57d70>,43,26,[1 8],44,-1,134,-1,108
1,<environment.Job instance at 0x7f70f1f57be0>,50,1,[3 5],51,-1,130,-1,129
1,<environment.Job instance at 0x7f70f1f57910>,51,23,[9 4],52,-1,152,-1,129
1,<environment.Job instance at 0x7f70f1f57370>,53,3,[9 4],54,-1,137,-1,134
1,<environment.Job instance at 0x7f70fb80ab90>,55,2,[1 9],56,-1,150,-1,148
1,<environment.Job instance at 0x7f70fb80a500>,57,1,[ 1 10],58,-1,149,-1,148
1,<environment.Job instance at 0x7f70fb80a820>,59,1,[6 4],60,-1,162,-1,161
1,<environment.Job instance at 0x7f70f18da730>,2,2,[3 7],3,-1,5,-1,3
1,<environment.Job instance at 0x7f70f1c54190>,3,2,[ 3 10],4,-1,6,-1,4
1,<environment.Job instance at 0x7f70f22a7aa0>,3,26,[2 9],4,-1,30,-1,4
1,<environment.Job instance at 0x7f70f3035e10>,6,13,[12  4],7,-1,20,-1,7
1,<environment.Job instance at 0x7f70fb8230a0>,20,1,[1 7],21,-1,44,-1,43
1,<environment.Job instance at 0x7f70f2e3e0a0>,22,2,[1 9],23,-1,45,-1,43
1,<environment.Job instance at 0x7f70fb8688c0>,23,2,[6 3],24,-1,45,-1,43
1,<environment.Job instance at 0x7f70f2e60140>,26,1,[6 3],27,-1,57,-1,56
1,<environment.Job instance at 0x7f70f320ec30>,27,1,[5 4],28,-1,57,-1,56
1,<environment.Job instance at 0x7f70fbd128c0>,29,1,[3 5],30,-1,62,-1,61
1,<environment.Job instance at 0x7f70fbd12050>,30,1,[4 9],31,-1,62,-1,61
1,<environment.Job instance at 0x7f70fbd124b0>,34,2,[7 3],35,-1,83,-1,81
1,<environment.Job instance at 0x7f70f3194870>,38,2,[1 6],39,-1,111,-1,109
1,<environment.Job instance at 0x7f70f2de0af0>,39,23,[5 5],40,-1,132,-1,109
1,<environment.Job instance at 0x7f70f32191e0>,45,24,[7 5],46,-1,165,-1,141
1,<environment.Job instance at 0x7f70f3241230>,47,3,[ 2 13],48,-1,152,-1,149
1,<environment.Job instance at 0x7f70f32414b0>,48,2,[5 5],49,-1,151,-1,149
1,<environment.Job instance at 0x7f70f3241a50>,49,3,[5 2],50,-1,152,-1,149
1,<environment.Job instance at 0x7f70f3270960>,51,2,[4 8],52,-1,151,-1,149
1,<environment.Job instance at 0x7f70f3270730>,53,3,[5 6],54,-1,161,-1,158
1,<environment.Job instance at 0x7f70f3270a50>,54,3,[9 3],55,-1,161,-1,158
1,<environment.Job instance at 0x7f70f3270dc0>,55,2,[7 1],56,-1,160,-1,158
1,<environment.Job instance at 0x7f70f3270910>,56,13,[ 1 10],57,-1,181,-1,168
1,<environment.Job instance at 0x7f70f3270b40>,58,3,[10  1],59,-1,171,-1,168
1,<environment.Job instance at 0x7f70f32185f0>,3,2,[3 6],4,-1,8,-1,6
1,<environment.Job instance at 0x7f70f2d6cfa0>,9,14,[ 1 13],10,-1,24,-1,10
1,<environment.Job instance at 0x7f70f2d7faa0>,12,16,[11  5],13,-1,36,-1,20
1,<environment.Job instance at 0x7f70f2d7f8c0>,17,2,[8 3],18,-1,23,-1,21
1,<environment.Job instance at 0x7f70f2d7f6e0>,19,3,[ 4 10],20,-1,28,-1,25
1,<environment.Job instance at 0x7f70f2d7fdc0>,22,1,[5 8],23,-1,43,-1,42
1,<environment.Job instance at 0x7f70f2d7f230>,23,1,[6 3],24,-1,43,-1,42
1,<environment.Job instance at 0x7f70f2d7f690>,24,3,[6 1],25,-1,45,-1,42
1,<environment.Job instance at 0x7f70f2d7f460>,25,1,[10  4],26,-1,43,-1,42
1,<environment.Job instance at 0x7f70f2080050>,27,3,[10  1],28,-1,45,-1,42
1,<environment.Job instance at 0x7f70f2080370>,29,1,[6 1],30,-1,52,-1,51
1,<environment.Job instance at 0x7f70f20802d0>,31,1,[6 1],32,-1,55,-1,54
1,<environment.Job instance at 0x7f70f2080b40>,32,2,[ 4 10],33,-1,56,-1,54
1,<environment.Job instance at 0x7f70f2080780>,33,2,[4 7],34,-1,56,-1,54
1,<environment.Job instance at 0x7f70f27d3aa0>,35,23,[7 4],36,-1,92,-1,69
1,<environment.Job instance at 0x7f70f27d30a0>,36,23,[5 6],37,-1,92,-1,69
1,<environment.Job instance at 0x7f70f27d3a50>,38,25,[ 5 10],39,-1,95,-1,70
1,<environment.Job instance at 0x7f70f27d3d20>,41,12,[ 5 11],42,-1,85,-1,73
1,<environment.Job instance at 0x7f70f277f460>,44,1,[9 2],45,-1,91,-1,90
1,<environment.Job instance at 0x7f70f277fb90>,46,2,[4 6],47,-1,105,-1,103
1,<environment.Job instance at 0x7f70f277fe60>,47,26,[ 2 10],48,-1,129,-1,103
1,<environment.Job instance at 0x7f70f277f500>,49,3,[2 9],50,-1,107,-1,104
1,<environment.Job instance at 0x7f70f318ec80>,52,2,[5 1],53,-1,122,-1,120
1,<environment.Job instance at 0x7f70f318e6e0>,53,17,[ 5 12],54,-1,137,-1,120
1,<environment.Job instance at 0x7f70f318ed20>,56,1,[5 8],57,-1,134,-1,133
1,<environment.Job instance at 0x7f70f318ebe0>,57,3,[9 3],58,-1,136,-1,133
1,<environment.Job instance at 0x7f70f318ef00>,59,1,[8 4],60,-1,148,-1,147
1,<environment.Job instance at 0x7f70f318e190>,61,2,[1 9],62,-1,149,-1,147
1,<environment.Job instance at 0x7f70f318e4b0>,62,1,[7 2],63,-1,148,-1,147
1,<environment.Job instance at 0x7f70f318e910>,64,12,[ 4 10],65,-1,177,-1,165
1,<environment.Job instance at 0x7f70f318eaf0>,66,1,[6 2],67,-1,167,-1,166
1,<environment.Job instance at 0x7f70f318ea00>,67,2,[ 5 11],68,-1,168,-1,166
1,<environment.Job instance at 0x7f70f318e8c0>,68,12,[12  2],69,-1,178,-1,166
1,<environment.Job instance at 0x7f70f1a2aaf0>,16,1,[10  4],17,-1,41,-1,40
1,<environment.Job instance at 0x7f70f1a44780>,31,24,[2 6],32,-1,88,-1,64
1,<environment.Job instance at 0x7f70f1a171e0>,34,3,[2 5],35,-1,72,-1,69
1,<environment.Job instance at 0x7f70f1a17dc0>,35,3,[1 5],36,-1,72,-1,69
1,<environment.Job instance at 0x7f70f1a17370>,37,3,[3 5],38,-1,87,-1,84
1,<environment.Job instance at 0x7f70f1a02e60>,40,3,[ 5 10],41,-1,91,-1,88
1,<environment.Job instance at 0x7f70f1a02aa0>,42,1,[2 8],43,-1,98,-1,97
1,<environment.Job instance at 0x7f70f1a02870>,44,17,[11  5],45,-1,126,-1,109
1,<environment.Job instance at 0x7f70f1a02410>,45,15,[ 2 12],46,-1,124,-1,109
1,<environment.Job instance at 0x7f70f1a02140>,47,2,[10  5],48,-1,111,-1,109
1,<environment.Job instance at 0x7f70f1a02d70>,48,3,[10  4],49,-1,112,-1,109
1,<environment.Job instance at 0x7f70f1a02eb0>,50,2,[1 8],51,-1,128,-1,126
1,<environment.Job instance at 0x7f70f1a02af0>,53,1,[ 4 10],54,-1,140,-1,139
1,<environment.Job instance at 0x7f70f1a3fd70>,54,24,[5 8],55,-1,163,-1,139
1,<environment.Job instance at 0x7f70f1a3f730>,55,1,[1 5],56,-1,140,-1,139
1,<environment.Job instance at 0x7f70f1a3f1e0>,56,24,[10  2],57,-1,163,-1,139
1,<environment.Job instance at 0x7f70f1cd1190>,13,1,[9 4],14,-1,17,-1,16
1,<environment.Job instance at 0x7f70f1913a00>,19,3,[1 6],20,-1,54,-1,51
1,<environment.Job instance at 0x7f70f19138c0>,20,25,[ 4 10],21,-1,76,-1,51
1,<environment.Job instance at 0x7f70f1dea230>,32,1,[3 7],33,-1,120,-1,119
1,<environment.Job instance at 0x7f70f1deaeb0>,35,1,[8 4],36,-1,134,-1,133
1,<environment.Job instance at 0x7f70f2890c80>,42,2,[5 5],43,-1,169,-1,167
1,<environment.Job instance at 0x7f70f2890e10>,43,1,[3 5],44,-1,168,-1,167
1,<environment.Job instance at 0x7f70f2890d70>,44,2,[6 5],45,-1,169,-1,167
1,<environment.Job instance at 0x7f70f2890280>,45,1,[ 4 10],46,-1,168,-1,167
1,<environment.Job instance at 0x7f70f2890f50>,46,16,[12  5],47,-1,183,-1,167
1,<environment.Job instance at 0x7f70f28900a0>,47,3,[1 7],48,-1,170,-1,167
1,<environment.Job instance at 0x7f70f2890190>,48,2,[3 7],49,-1,169,-1,167
1,<environment.Job instance at 0x7f70f2890960>,49,28,[4 8],50,-1,195,-1,167
1,<environment.Job instance at 0x7f70f1ebb5a0>,8,1,[7 4],9,-1,10,-1,9
1,<environment.Job instance at 0x7f70f294a820>,18,28,[9 5],19,-1,51,-1,23
1,<environment.Job instance at 0x7f70f294a960>,20,1,[11  1],21,-1,25,-1,24
1,<environment.Job instance at 0x7f70f294aa00>,21,1,[10  5],22,-1,26,-1,25
1,<environment.Job instance at 0x7f70f294aaa0>,22,2,[1 8],23,-1,27,-1,25
1,<environment.Job instance at 0x7f70f294ad20>,24,2,[6 2],25,-1,28,-1,26
1,<environment.Job instance at 0x7f70f294aeb0>,26,22,[4 9],27,-1,80,-1,58
1,<environment.Job instance at 0x7f70f25cd320>,33,1,[2 6],34,-1,59,-1,58
1,<environment.Job instance at 0x7f70f25cd3c0>,34,3,[6 2],35,-1,61,-1,58
1,<environment.Job instance at 0x7f70f25cd500>,36,3,[5 3],37,-1,61,-1,58
1,<environment.Job instance at 0x7f70f25cd5a0>,37,1,[ 2 12],38,-1,59,-1,58
1,<environment.Job instance at 0x7f70f25cd640>,38,1,[5 8],39,-1,59,-1,58
1,<environment.Job instance at 0x7f70f25cd6e0>,39,3,[ 2 10],40,-1,61,-1,58
1,<environment.Job instance at 0x7f70f25cddc0>,44,1,[8 1],45,-1,92,-1,91
1,<environment.Job instance at 0x7f70f25cdd70>,45,1,[10  4],46,-1,92,-1,91
1,<environment.Job instance at 0x7f70f25cdcd0>,47,13,[10  3],48,-1,120,-1,107
1,<environment.Job instance at 0x7f70f25cc230>,49,2,[7 1],50,-1,109,-1,107
1,<environment.Job instance at 0x7f70f25cc370>,51,23,[9 2],52,-1,136,-1,113
1,<environment.Job instance at 0x7f70f25cc410>,52,1,[ 3 10],53,-1,114,-1,113
1,<environment.Job instance at 0x7f70f25cc550>,54,2,[2 5],55,-1,122,-1,120
1,<environment.Job instance at 0x7f70f25cc5f0>,55,25,[ 2 11],56,-1,145,-1,120
1,<environment.Job instance at 0x7f70f25cc8c0>,58,3,[4 6],59,-1,131,-1,128
1,<environment.Job instance at 0x7f70f25cca00>,60,14,[13  1],61,-1,152,-1,138
1,<environment.Job instance at 0x7f70f25ccb40>,62,3,[10  5],63,-1,143,-1,140
1,<environment.Job instance at 0x7f70f25ccbe0>,63,12,[12  5],64,-1,152,-1,140
1,<environment.Job instance at 0x7f70f25ccd20>,65,2,[3 6],66,-1,154,-1,152
1,<environment.Job instance at 0x7f70f25cce60>,67,12,[ 4 10],68,-1,164,-1,152
1,<environment.Job instance at 0x7f70f25ccf00>,68,2,[4 9],69,-1,154,-1,152
1,<environment.Job instance at 0x7f70f25ccfa0>,69,17,[11  5],70,-1,169,-1,152
1,<environment.Job instance at 0x7f70f2e82dc0>,4,24,[4 8],5,-1,29,-1,5
1,<environment.Job instance at 0x7f70f2e82eb0>,9,27,[ 5 10],10,-1,37,-1,10
1,<environment.Job instance at 0x7f70f2e82a50>,10,28,[8 5],11,-1,39,-1,11
1,<environment.Job instance at 0x7f70f2bbd5a0>,12,2,[8 5],13,-1,15,-1,13
1,<environment.Job instance at 0x7f70f24aba50>,13,17,[ 5 12],14,-1,31,-1,14
1,<environment.Job instance at 0x7f70f1a43d70>,14,18,[ 4 13],15,-1,33,-1,15
1,<environment.Job instance at 0x7f70f1a43e60>,17,2,[2 5],18,-1,25,-1,23
1,<environment.Job instance at 0x7f70f1a43870>,19,2,[3 7],20,-1,39,-1,37
1,<environment.Job instance at 0x7f70f1a43190>,20,13,[ 4 10],21,-1,54,-1,41
1,<environment.Job instance at 0x7f70f1bb55f0>,23,13,[ 4 10],24,-1,69,-1,56
1,<environment.Job instance at 0x7f70f2e1d9b0>,24,2,[3 9],25,-1,58,-1,56
1,<environment.Job instance at 0x7f70f2e1dcd0>,25,3,[4 8],26,-1,59,-1,56
1,<environment.Job instance at 0x7f70f2e1dc80>,26,3,[9 4],27,-1,59,-1,56
1,<environment.Job instance at 0x7f70f1fa0370>,37,24,[9 4],38,-1,148,-1,124
1,<environment.Job instance at 0x7f70f1fa07d0>,38,3,[ 3 10],39,-1,127,-1,124
1,<environment.Job instance at 0x7f70f254b190>,42,3,[8 3],43,-1,140,-1,137
1,<environment.Job instance at 0x7f70f254b2d0>,43,2,[8 5],44,-1,139,-1,137
1,<environment.Job instance at 0x7f70f2bc9140>,45,18,[ 3 10],46,-1,167,-1,149
1,<environment.Job instance at 0x7f70f21c1c80>,53,12,[ 3 10],54,-1,161,-1,149
1,<environment.Job instance at 0x7f70f21c1e60>,54,1,[7 2],55,-1,150,-1,149
1,<environment.Job instance at 0x7f70f21c1c30>,55,1,[6 4],56,-1,150,-1,149
1,<environment.Job instance at 0x7f70f2ccfc30>,56,1,[6 5],57,-1,150,-1,149
1,<environment.Job instance at 0x7f70f2ccf7d0>,58,3,[1 5],59,-1,165,-1,162
1,<environment.Job instance at 0x7f70f2ccffa0>,60,2,[6 2],61,-1,164,-1,162
1,<environment.Job instance at 0x7f70f2fed4b0>,33,23,[5 6],34,-1,131,-1,108
1,<environment.Job instance at 0x7f70f2f79780>,36,2,[10  5],37,-1,118,-1,116
1,<environment.Job instance at 0x7f70f2f79140>,38,28,[3 8],39,-1,147,-1,119
1,<environment.Job instance at 0x7f70f2f79460>,41,2,[8 4],42,-1,145,-1,143
1,<environment.Job instance at 0x7f70f2f79a50>,42,2,[10  2],43,-1,145,-1,143
1,<environment.Job instance at 0x7f70f2f791e0>,43,23,[5 7],44,-1,166,-1,143
1,<environment.Job instance at 0x7f70f2f79e60>,44,28,[8 5],45,-1,171,-1,143
1,<environment.Job instance at 0x7f70f2f798c0>,45,1,[10  5],46,-1,144,-1,143
1,<environment.Job instance at 0x7f70f2aee640>,12,3,[6 5],13,-1,17,-1,14
1,<environment.Job instance at 0x7f70f2aee780>,14,3,[7 2],15,-1,18,-1,15
1,<environment.Job instance at 0x7f70f2aee8c0>,15,3,[1 8],16,-1,19,-1,16
1,<environment.Job instance at 0x7f70f2aee960>,16,1,[5 8],17,-1,18,-1,17
1,<environment.Job instance at 0x7f70f2aeeb40>,20,18,[9 1],21,-1,112,-1,94
1,<environment.Job instance at 0x7f70f2af98c0>,37,28,[8 2],38,-1,122,-1,94
1,<environment.Job instance at 0x7f70f2af9a00>,38,22,[5 8],39,-1,120,-1,98
1,<environment.Job instance at 0x7f70f2af9eb0>,41,28,[ 3 10],42,-1,131,-1,103
1,<environment.Job instance at 0x7f70f2af9e10>,42,2,[ 5 10],43,-1,105,-1,103
1,<environment.Job instance at 0x7f70f2af9fa0>,43,2,[3 7],44,-1,105,-1,103
1,<environment.Job instance at 0x7f70f2af9c80>,44,1,[ 1 10],45,-1,104,-1,103
1,<environment.Job instance at 0x7f70f2c0ffa0>,5,3,[ 4 13],6,-1,9,-1,6
1,<environment.Job instance at 0x7f70f2c0f820>,6,28,[2 6],7,-1,35,-1,7
1,<environment.Job instance at 0x7f70f2c0f190>,9,26,[10  1],10,-1,36,-1,10
1,<environment.Job instance at 0x7f70f2411e60>,18,3,[7 4],19,-1,34,-1,31
1,<environment.Job instance at 0x7f70f2411b90>,21,2,[10  4],22,-1,51,-1,49
1,<environment.Job instance at 0x7f70f30c30f0>,25,3,[2 8],26,-1,65,-1,62
1,<environment.Job instance at 0x7f70f31039b0>,26,2,[ 1 10],27,-1,64,-1,62
1,<environment.Job instance at 0x7f70f25f58c0>,27,2,[2 8],28,-1,64,-1,62
1,<environment.Job instance at 0x7f70f206c5a0>,28,26,[5 7],29,-1,88,-1,62
1,<environment.Job instance at 0x7f70f1ba64b0>,29,28,[ 4 10],30,-1,90,-1,62
1,<environment.Job instance at 0x7f70fb855e10>,31,2,[2 9],32,-1,64,-1,62
1,<environment.Job instance at 0x7f70f1b4f370>,32,2,[ 4 11],33,-1,64,-1,62
1,<environment.Job instance at 0x7f70f322e0f0>,34,16,[14  4],35,-1,91,-1,75
1,<environment.Job instance at 0x7f70f2ef1230>,35,23,[ 3 10],36,-1,98,-1,75
1,<environment.Job instance at 0x7f70f3204c30>,38,1,[ 1 10],39,-1,93,-1,92
1,<environment.Job instance at 0x7f70f24818c0>,39,2,[1 5],40,-1,94,-1,92
1,<environment.Job instance at 0x7f70f2f9ea00>,43,1,[7 2],44,-1,122,-1,121
1,<environment.Job instance at 0x7f70f2056f50>,44,12,[ 2 10],45,-1,133,-1,121
1,<environment.Job instance at 0x7f70f2f9e6e0>,45,3,[3 9],46,-1,124,-1,121
1,<environment.Job instance at 0x7f70f2056d20>,46,1,[8 2],47,-1,122,-1,121
1,<environment.Job instance at 0x7f70f2547be0>,50,23,[7 1],51,-1,161,-1,138
1,<environment.Job instance at 0x7f70f28fe640>,54,1,[1 8],55,-1,153,-1,152
1,<environment.Job instance at 0x7f70f28fee10>,56,3,[10  3],57,-1,162,-1,159
1,<environment.Job instance at 0x7f70f28fe780>,60,1,[10  1],61,-1,167,-1,166
1,<environment.Job instance at 0x7f70f28fee60>,61,13,[ 1 12],62,-1,179,-1,166
1,<environment.Job instance at 0x7f70f1d51370>,62,3,[5 1],63,-1,169,-1,166
1,<environment.Job instance at 0x7f70fb89dd70>,11,23,[10  1],12,-1,35,-1,12
1,<environment.Job instance at 0x7f70fb89d0f0>,13,26,[10  2],14,-1,40,-1,14
1,<environment.Job instance at 0x7f70fb89de10>,14,3,[ 3 12],15,-1,18,-1,15
1,<environment.Job instance at 0x7f70fb89d500>,17,1,[3 5],18,-1,28,-1,27
1,<environment.Job instance at 0x7f70fb89d320>,18,3,[10  1],19,-1,30,-1,27
1,<environment.Job instance at 0x7f70fb89d4b0>,19,1,[3 8],20,-1,28,-1,27
1,<environment.Job instance at 0x7f70fb89deb0>,21,24,[4 8],22,-1,56,-1,32
1,<environment.Job instance at 0x7f70f2f7ef00>,27,1,[3 8],28,-1,52,-1,51
1,<environment.Job instance at 0x7f70f2f7ebe0>,28,13,[12  1],29,-1,64,-1,51
1,<environment.Job instance at 0x7f70f2f7e960>,29,1,[3 7],30,-1,52,-1,51
1,<environment.Job instance at 0x7f70f2f7e5f0>,30,2,[1 7],31,-1,53,-1,51
1,<environment.Job instance at 0x7f70f1a6b4b0>,32,22,[10  1],33,-1,89,-1,67
1,<environment.Job instance at 0x7f70f1a6b230>,35,16,[13  5],36,-1,83,-1,67
1,<environment.Job instance at 0x7f70f1a6b9b0>,36,1,[9 5],37,-1,68,-1,67
1,<environment.Job instance at 0x7f70f1a6bb40>,37,18,[3 8],38,-1,102,-1,84
1,<environment.Job instance at 0x7f70f2741500>,46,15,[ 3 12],47,-1,130,-1,115
1,<environment.Job instance at 0x7f70f2741050>,49,3,[5 8],50,-1,135,-1,132
1,<environment.Job instance at 0x7f70f2741cd0>,50,3,[4 8],51,-1,135,-1,132
1,<environment.Job instance at 0x7f70f1db54b0>,52,2,[ 5 10],53,-1,144,-1,142
1,<environment.Job instance at 0x7f70f232b140>,54,16,[10  1],55,-1,167,-1,151
1,<environment.Job instance at 0x7f70f248b640>,58,2,[8 4],59,-1,171,-1,169
1,<environment.Job instance at 0x7f70f23cf190>,59,2,[5 2],60,-1,171,-1,169
1,<environment.Job instance at 0x7f70f2340a50>,60,2,[3 5],61,-1,171,-1,169
1,<environment.Job instance at 0x7f70f2340280>,61,1,[3 6],62,-1,170,-1,169
1,<environment.Job instance at 0x7f70f2340d20>,62,14,[11  2],63,-1,183,-1,169
1,<environment.Job instance at 0x7f70f2340140>,63,17,[ 1 10],64,-1,186,-1,169
1,<environment.Job instance at 0x7f70f29bc410>,16,3,[1 8],17,-1,29,-1,26
1,<environment.Job instance at 0x7f70f2e50780>,19,15,[12  2],20,-1,41,-1,26
1,<environment.Job instance at 0x7f70f1c8ca50>,25,1,[5 5],26,-1,48,-1,47
1,<environment.Job instance at 0x7f70f30c6690>,27,25,[1 7],28,-1,79,-1,54
1,<environment.Job instance at 0x7f70f30d25a0>,30,1,[5 2],31,-1,74,-1,73
1,<environment.Job instance at 0x7f70f239e230>,31,2,[ 5 11],32,-1,75,-1,73
1,<environment.Job instance at 0x7f70f30c2b90>,35,3,[ 3 11],36,-1,94,-1,91
1,<environment.Job instance at 0x7f70f30c2280>,36,1,[ 4 10],37,-1,92,-1,91
1,<environment.Job instance at 0x7f70f28fe500>,38,3,[5 3],39,-1,105,-1,102
1,<environment.Job instance at 0x7f70f2746eb0>,39,2,[5 9],40,-1,104,-1,102
1,<environment.Job instance at 0x7f70f217eb90>,43,3,[10  5],44,-1,140,-1,137
1,<environment.Job instance at 0x7f70f217edc0>,44,1,[ 4 10],45,-1,138,-1,137
1,<environment.Job instance at 0x7f3daf8049b0>,9,18,[11  5],10,-1,28,-1,10
1,<environment.Job instance at 0x7f3daf804f50>,17,3,[4 9],18,-1,44,-1,41
1,<environment.Job instance at 0x7f3daf8061e0>,18,3,[4 7],19,-1,44,-1,41
1,<environment.Job instance at 0x7f3daf806410>,20,1,[7 5],21,-1,53,-1,52
1,<environment.Job instance at 0x7f3daf8063c0>,21,1,[6 5],22,-1,53,-1,52
1,<environment.Job instance at 0x7f3daf806190>,22,1,[2 7],23,-1,53,-1,52
1,<environment.Job instance at 0x7f3daf8064b0>,23,27,[1 6],24,-1,79,-1,52
1,<environment.Job instance at 0x7f3daf806640>,26,3,[3 7],27,-1,74,-1,71
1,<environment.Job instance at 0x7f3daf8068c0>,28,23,[10  4],29,-1,94,-1,71
1,<environment.Job instance at 0x7f3daf806a00>,30,14,[5 2],31,-1,85,-1,71
1,<environment.Job instance at 0x7f3daf806b40>,32,3,[5 1],33,-1,81,-1,78
1,<environment.Job instance at 0x7f3daf806c80>,34,24,[1 8],35,-1,109,-1,85
1,<environment.Job instance at 0x7f3daf806dc0>,36,13,[ 3 14],37,-1,106,-1,93
1,<environment.Job instance at 0x7f3daf806e60>,37,2,[2 6],38,-1,95,-1,93
1,<environment.Job instance at 0x7f3daf8066e0>,38,2,[ 1 10],39,-1,95,-1,93
1,<environment.Job instance at 0x7f3daf806730>,39,2,[5 6],40,-1,95,-1,93
1,<environment.Job instance at 0x7f3daf80a1e0>,41,1,[5 2],42,-1,109,-1,108
1,<environment.Job instance at 0x7f3daf80a190>,42,2,[4 6],43,-1,110,-1,108
1,<environment.Job instance at 0x7f3daf80a460>,44,3,[5 5],45,-1,111,-1,108
1,<environment.Job instance at 0x7f3daf80a5a0>,46,17,[12  2],47,-1,138,-1,121
1,<environment.Job instance at 0x7f3daf80a640>,47,2,[6 5],48,-1,123,-1,121
1,<environment.Job instance at 0x7f3daf80a820>,50,16,[12  2],51,-1,152,-1,136
1,<environment.Job instance at 0x7f3daf80a8c0>,51,3,[1 5],52,-1,139,-1,136
1,<environment.Job instance at 0x7f3daf80aaa0>,52,1,[8 5],53,-1,137,-1,136
1,<environment.Job instance at 0x7f3daf80abe0>,55,2,[ 3 10],56,-1,142,-1,140
1,<environment.Job instance at 0x7f3daf80aeb0>,60,3,[12  3],61,-1,178,-1,175
1,<environment.Job instance at 0x7f3daf80a2d0>,61,2,[4 5],62,-1,177,-1,175
1,<environment.Job instance at 0x7f3daff2ee10>,17,1,[9 1],18,-1,26,-1,25
1,<environment.Job instance at 0x7f3daff30a00>,18,12,[14  4],19,-1,37,-1,25
1,<environment.Job instance at 0x7f3daff30f00>,19,2,[9 4],20,-1,27,-1,25
1,<environment.Job instance at 0x7f3daff304b0>,28,2,[13  1],29,-1,68,-1,66
1,<environment.Job instance at 0x7f3daff301e0>,29,2,[10  4],30,-1,68,-1,66
1,<environment.Job instance at 0x7f3daff30460>,31,3,[13  5],32,-1,70,-1,67
1,<environment.Job instance at 0x7f3daff303c0>,32,2,[ 1 12],33,-1,69,-1,67
1,<environment.Job instance at 0x7f3dafea7a00>,38,1,[10  5],39,-1,83,-1,82
1,<environment.Job instance at 0x7f3dafea72d0>,39,1,[ 2 10],40,-1,83,-1,82
1,<environment.Job instance at 0x7f3dafea7370>,42,1,[ 4 13],43,-1,89,-1,88
1,<environment.Job instance at 0x7f3dafea75f0>,43,14,[11  3],44,-1,102,-1,88
1,<environment.Job instance at 0x7f3dafede2d0>,60,24,[ 1 10],61,-1,179,-1,155
1,<environment.Job instance at 0x7f3daefa0280>,3,3,[4 8],4,-1,8,-1,5
1,<environment.Job instance at 0x7f3daefa0e60>,5,3,[3 8],6,-1,9,-1,6
1,<environment.Job instance at 0x7f3daefa0fa0>,6,25,[ 5 10],7,-1,32,-1,7
1,<environment.Job instance at 0x7f3daef9ec80>,23,2,[5 5],24,-1,34,-1,32
1,<environment.Job instance at 0x7f3daef9b9b0>,24,1,[7 4],25,-1,33,-1,32
1,<environment.Job instance at 0x7f3daef9be10>,26,3,[6 3],27,-1,42,-1,39
1,<environment.Job instance at 0x7f3daef9b6e0>,35,2,[ 4 11],36,-1,82,-1,80
1,<environment.Job instance at 0x7f3daef955a0>,38,1,[2 6],39,-1,93,-1,92
1,<environment.Job instance at 0x7f3daef95e60>,40,2,[10  2],41,-1,111,-1,109
1,<environment.Job instance at 0x7f3daef95a00>,43,2,[ 2 14],44,-1,111,-1,109
1,<environment.Job instance at 0x7f3daef95460>,44,17,[ 5 14],45,-1,126,-1,109
1,<environment.Job instance at 0x7f3daef951e0>,46,2,[11  3],47,-1,111,-1,109
1,<environment.Job instance at 0x7f3daef959b0>,47,2,[12  2],48,-1,111,-1,109
1,<environment.Job instance at 0x7f3daef95140>,52,2,[12  5],53,-1,132,-1,130
1,<environment.Job instance at 0x7f3daeff7d20>,53,1,[1 7],54,-1,131,-1,130
1,<environment.Job instance at 0x7f3daeff75f0>,54,1,[14  4],55,-1,131,-1,130
1,<environment.Job instance at 0x7f3daeff7b90>,57,2,[6 4],58,-1,145,-1,143
1,<environment.Job instance at 0x7f3dafddd960>,6,2,[2 9],7,-1,12,-1,10
1,<environment.Job instance at 0x7f3daff301e0>,10,1,[6 3],11,-1,12,-1,11
1,<environment.Job instance at 0x7f3daff30730>,11,22,[ 1 10],12,-1,34,-1,12
1,<environment.Job instance at 0x7f3dafd120f0>,33,2,[10  5],34,-1,98,-1,96
1,<environment.Job instance at 0x7f3dafd12320>,36,3,[8 1],37,-1,114,-1,111
1,<environment.Job instance at 0x7f3db01ea3c0>,6,14,[13  5],7,-1,21,-1,7
1,<environment.Job instance at 0x7f3db01ea370>,7,16,[ 5 10],8,-1,65,-1,49
1,<environment.Job instance at 0x7f3db01ea4b0>,19,1,[10  3],20,-1,50,-1,49
1,<environment.Job instance at 0x7f3db896b1e0>,20,16,[5 1],21,-1,65,-1,49
1,<environment.Job instance at 0x7f3db896b910>,21,16,[ 2 10],22,-1,65,-1,49
1,<environment.Job instance at 0x7f3daff9d730>,22,17,[4 5],23,-1,66,-1,49
1,<environment.Job instance at 0x7f3daff9da00>,23,18,[ 1 10],24,-1,67,-1,49
1,<environment.Job instance at 0x7f3daff9d9b0>,24,1,[1 6],25,-1,50,-1,49
1,<environment.Job instance at 0x7f3daff9d870>,25,12,[8 1],26,-1,61,-1,49
1,<environment.Job instance at 0x7f3daff9daf0>,26,18,[ 3 13],27,-1,67,-1,49
1,<environment.Job instance at 0x7f3daff9d780>,27,18,[10  5],28,-1,69,-1,51
1,<environment.Job instance at 0x7f3db01eddc0>,28,3,[7 1],29,-1,54,-1,51
1,<environment.Job instance at 0x7f3db01ed7d0>,29,1,[7 3],30,-1,52,-1,51
1,<environment.Job instance at 0x7f3db01ed0a0>,30,15,[ 4 10],31,-1,66,-1,51
1,<environment.Job instance at 0x7f3db01ed2d0>,31,1,[9 5],32,-1,52,-1,51
1,<environment.Job instance at 0x7f3db01ed910>,32,2,[ 2 10],33,-1,53,-1,51
1,<environment.Job instance at 0x7f3db01edcd0>,33,15,[7 2],34,-1,66,-1,51
1,<environment.Job instance at 0x7f3db8984910>,34,2,[4 6],35,-1,53,-1,51
1,<environment.Job instance at 0x7f3db8984dc0>,35,2,[10  5],36,-1,53,-1,51
1,<environment.Job instance at 0x7f3db01ea780>,9,15,[5 2],10,-1,66,-1,51
1,<environment.Job instance at 0x7f3db89847d0>,36,1,[5 7],37,-1,52,-1,51
1,<environment.Job instance at 0x7f3db01c70a0>,18,15,[ 3 13],19,-1,66,-1,51
1,<environment.Job instance at 0x7f3db0305dc0>,42,1,[2 7],43,-1,65,-1,64
1,<environment.Job instance at 0x7f3db02f09b0>,44,2,[ 1 12],45,-1,67,-1,65
1,<environment.Job instance at 0x7f3db0307320>,47,2,[6 4],48,-1,82,-1,80
1,<environment.Job instance at 0x7f3db0307c30>,50,25,[2 8],51,-1,130,-1,105
1,<environment.Job instance at 0x7f3db0307be0>,54,3,[ 3 14],55,-1,141,-1,138
1,<environment.Job instance at 0x7f3db01e1550>,55,1,[10  1],56,-1,139,-1,138
1,<environment.Job instance at 0x7f3db01e1cd0>,59,2,[13  5],60,-1,161,-1,159
1,<environment.Job instance at 0x7f3db01e1370>,60,1,[4 8],61,-1,160,-1,159
1,<environment.Job instance at 0x7f3daee06e60>,5,3,[ 1 14],6,-1,9,-1,6
1,<environment.Job instance at 0x7f3daf442190>,10,13,[11  4],11,-1,24,-1,11
1,<environment.Job instance at 0x7f3daf442b40>,11,12,[ 1 13],12,-1,24,-1,12
1,<environment.Job instance at 0x7f3daf442960>,17,2,[3 7],18,-1,36,-1,34
1,<environment.Job instance at 0x7f3daf26ce10>,21,2,[5 5],22,-1,57,-1,55
1,<environment.Job instance at 0x7f3daf26c500>,22,17,[ 2 14],23,-1,72,-1,55
1,<environment.Job instance at 0x7f3daf26c4b0>,24,1,[10  4],25,-1,56,-1,55
1,<environment.Job instance at 0x7f3daf439960>,30,2,[8 1],31,-1,97,-1,95
1,<environment.Job instance at 0x7f3daf439730>,31,1,[9 4],32,-1,96,-1,95
1,<environment.Job instance at 0x7f3daf439140>,33,2,[1 7],34,-1,101,-1,99
1,<environment.Job instance at 0x7f3daf439910>,34,2,[1 6],35,-1,101,-1,99
1,<environment.Job instance at 0x7f3daf439b90>,38,1,[8 2],39,-1,116,-1,115
1,<environment.Job instance at 0x7f3daf293190>,41,1,[9 4],42,-1,127,-1,126
1,<environment.Job instance at 0x7f3daf293640>,42,2,[2 7],43,-1,128,-1,126
1,<environment.Job instance at 0x7f3daf293140>,46,1,[11  2],47,-1,144,-1,143
1,<environment.Job instance at 0x7f3daf293a50>,50,1,[4 5],51,-1,175,-1,174
1,<environment.Job instance at 0x7f3daed68870>,12,1,[10  2],13,-1,19,-1,18
1,<environment.Job instance at 0x7f3daed68910>,13,1,[2 9],14,-1,19,-1,18
1,<environment.Job instance at 0x7f3daed689b0>,14,1,[10  4],15,-1,19,-1,18
1,<environment.Job instance at 0x7f3daed68a50>,15,3,[5 7],16,-1,21,-1,18
1,<environment.Job instance at 0x7f3daed68af0>,16,1,[1 8],17,-1,19,-1,18
1,<environment.Job instance at 0x7f3daed68c30>,17,3,[4 5],18,-1,21,-1,18
1,<environment.Job instance at 0x7f3daed68fa0>,20,2,[ 4 14],21,-1,38,-1,36
1,<environment.Job instance at 0x7f3daed68f50>,22,2,[1 5],23,-1,38,-1,36
1,<environment.Job instance at 0x7f3daed6a2d0>,25,3,[10  2],26,-1,56,-1,53
1,<environment.Job instance at 0x7f3daed6a410>,27,2,[9 1],28,-1,66,-1,64
1,<environment.Job instance at 0x7f3daed6a4b0>,28,2,[ 2 10],29,-1,66,-1,64
1,<environment.Job instance at 0x7f3daed6a780>,32,1,[3 9],33,-1,83,-1,82
1,<environment.Job instance at 0x7f3daed6a960>,35,1,[5 6],36,-1,99,-1,98
1,<environment.Job instance at 0x7f3daed6a0a0>,37,3,[9 4],38,-1,104,-1,101
1,<environment.Job instance at 0x7f3daed6ac80>,38,3,[6 3],39,-1,104,-1,101
1,<environment.Job instance at 0x7f3daed6ad70>,39,2,[10  3],40,-1,103,-1,101
1,<environment.Job instance at 0x7f3daed6ae10>,40,1,[4 8],41,-1,102,-1,101
1,<environment.Job instance at 0x7f3daed6ae60>,41,13,[9 1],42,-1,124,-1,111
1,<environment.Job instance at 0x7f3daed6af00>,42,3,[5 8],43,-1,114,-1,111
1,<environment.Job instance at 0x7f3daed6adc0>,43,17,[14  2],44,-1,128,-1,111
1,<environment.Job instance at 0x7f3daed6d820>,53,3,[9 5],54,-1,147,-1,144
1,<environment.Job instance at 0x7f3daed6d960>,56,2,[ 5 12],57,-1,160,-1,158
1,<environment.Job instance at 0x7f3daed6da00>,57,23,[6 1],58,-1,181,-1,158
1,<environment.Job instance at 0x7f3daed6daa0>,58,3,[9 2],59,-1,161,-1,158
1,<environment.Job instance at 0x7f3daed6db40>,59,2,[4 5],60,-1,160,-1,158
1,<environment.Job instance at 0x7f3daed6dbe0>,60,1,[10  3],61,-1,159,-1,158
1,<environment.Job instance at 0x7f3daed6ddc0>,63,3,[2 6],64,-1,165,-1,162
1,<environment.Job instance at 0x7f3daed6dfa0>,64,2,[9 2],65,-1,164,-1,162
1,<environment.Job instance at 0x7f3daed6df00>,66,18,[ 2 10],67,-1,188,-1,170
1,<environment.Job instance at 0x7f3db02887d0>,16,2,[ 2 10],17,-1,33,-1,31
1,<environment.Job instance at 0x7f3db02889b0>,17,16,[11  5],18,-1,50,-1,34
1,<environment.Job instance at 0x7f3db0288aa0>,19,3,[10  4],20,-1,38,-1,35
1,<environment.Job instance at 0x7f3daeecd4b0>,21,3,[13  1],22,-1,48,-1,45
1,<environment.Job instance at 0x7f3daeecdd70>,22,3,[3 7],23,-1,48,-1,45
1,<environment.Job instance at 0x7f3daeecdaa0>,23,3,[5 4],24,-1,48,-1,45
1,<environment.Job instance at 0x7f3daeecd960>,25,17,[ 5 10],26,-1,81,-1,64
1,<environment.Job instance at 0x7f3db02f5460>,40,2,[5 4],41,-1,111,-1,109
1,<environment.Job instance at 0x7f3daeeda640>,45,22,[5 2],46,-1,187,-1,165
1,<environment.Job instance at 0x7f3daf32e0a0>,53,2,[14  5],54,-1,172,-1,170
1,<environment.Job instance at 0x7f3daf32e0f0>,54,26,[7 1],55,-1,196,-1,170
1,<environment.Job instance at 0x7f3daeadd3c0>,13,3,[6 1],14,-1,18,-1,15
1,<environment.Job instance at 0x7f3daf87d190>,26,1,[5 5],27,-1,46,-1,45
1,<environment.Job instance at 0x7f3daf87d690>,27,15,[13  3],28,-1,60,-1,45
1,<environment.Job instance at 0x7f3daeac82d0>,28,3,[2 5],29,-1,48,-1,45
1,<environment.Job instance at 0x7f3daeac8690>,29,1,[5 1],30,-1,46,-1,45
1,<environment.Job instance at 0x7f3daeac8eb0>,30,2,[10  1],31,-1,47,-1,45
1,<environment.Job instance at 0x7f3daeac8c30>,31,3,[2 9],32,-1,48,-1,45
1,<environment.Job instance at 0x7f3daeac81e0>,32,3,[10  3],33,-1,48,-1,45
1,<environment.Job instance at 0x7f3daeac8820>,34,3,[2 8],35,-1,52,-1,49
1,<environment.Job instance at 0x7f3dafb553c0>,46,2,[8 3],47,-1,116,-1,114
1,<environment.Job instance at 0x7f3dafb554b0>,48,2,[12  1],49,-1,129,-1,127
1,<environment.Job instance at 0x7f3daeb7ce60>,49,27,[ 5 11],50,-1,154,-1,127
1,<environment.Job instance at 0x7f3daeb7cd70>,50,13,[10  1],51,-1,140,-1,127
1,<environment.Job instance at 0x7f3daeb7c7d0>,53,25,[9 3],54,-1,165,-1,140
1,<environment.Job instance at 0x7f3dafd21820>,54,1,[6 5],55,-1,141,-1,140
1,<environment.Job instance at 0x7f3dafd55d70>,58,17,[ 2 12],59,-1,176,-1,159
1,<environment.Job instance at 0x7f3dafd55910>,59,2,[5 9],60,-1,161,-1,159
1,<environment.Job instance at 0x7f3dafd55f50>,60,26,[9 4],61,-1,185,-1,159
1,<environment.Job instance at 0x7f3dafbb2780>,62,3,[5 1],63,-1,175,-1,172
1,<environment.Job instance at 0x7f3daf2e5690>,64,1,[7 2],65,-1,178,-1,177
1,<environment.Job instance at 0x7f3daf45d0f0>,65,14,[13  2],66,-1,191,-1,177
1,<environment.Job instance at 0x7f3db89928c0>,17,1,[5 1],18,-1,20,-1,19
1,<environment.Job instance at 0x7f3db8926730>,19,2,[6 3],20,-1,22,-1,20
1,<environment.Job instance at 0x7f3db897ec30>,23,1,[7 3],24,-1,38,-1,37
1,<environment.Job instance at 0x7f3db8eb7320>,24,3,[3 7],25,-1,40,-1,37
1,<environment.Job instance at 0x7f3db897e690>,25,15,[ 2 12],26,-1,52,-1,37
1,<environment.Job instance at 0x7f3db8eb7aa0>,26,1,[3 9],27,-1,38,-1,37
1,<environment.Job instance at 0x7f3db8a47410>,28,3,[9 1],29,-1,47,-1,44
1,<environment.Job instance at 0x7f3db8bc8230>,31,3,[2 8],32,-1,64,-1,61
1,<environment.Job instance at 0x7f3daf46d280>,32,12,[10  3],33,-1,74,-1,62
1,<environment.Job instance at 0x7f3db896da00>,35,1,[5 7],36,-1,67,-1,66
1,<environment.Job instance at 0x7f3daff20730>,40,2,[3 9],41,-1,103,-1,101
1,<environment.Job instance at 0x7f3daff20d70>,41,3,[1 7],42,-1,104,-1,101
1,<environment.Job instance at 0x7f3daff20be0>,44,23,[6 5],45,-1,134,-1,111
1,<environment.Job instance at 0x7f3daf474a50>,45,1,[9 4],46,-1,112,-1,111
1,<environment.Job instance at 0x7f3daf474050>,46,3,[ 4 10],47,-1,114,-1,111
1,<environment.Job instance at 0x7f3daf474f50>,47,2,[5 8],48,-1,113,-1,111
1,<environment.Job instance at 0x7f3daff084b0>,48,12,[ 3 10],49,-1,123,-1,111
1,<environment.Job instance at 0x7f3daff06690>,49,3,[8 1],50,-1,114,-1,111
1,<environment.Job instance at 0x7f3daff065a0>,50,2,[2 7],51,-1,113,-1,111
1,<environment.Job instance at 0x7f3daff06780>,56,1,[3 5],57,-1,140,-1,139
1,<environment.Job instance at 0x7f3daff06b90>,57,3,[5 5],58,-1,142,-1,139
1,<environment.Job instance at 0x7f3daff06fa0>,58,1,[5 1],59,-1,140,-1,139
1,<environment.Job instance at 0x7f3daff069b0>,59,1,[9 1],60,-1,140,-1,139
1,<environment.Job instance at 0x7f3daff06910>,60,26,[5 7],61,-1,165,-1,139
1,<environment.Job instance at 0x7f3daff3f1e0>,61,16,[ 2 10],62,-1,167,-1,151
1,<environment.Job instance at 0x7f3daff3f190>,62,2,[7 5],63,-1,153,-1,151
1,<environment.Job instance at 0x7f3daff3f320>,65,3,[6 1],66,-1,158,-1,155
1,<environment.Job instance at 0x7f3daff3d1e0>,66,1,[7 3],67,-1,156,-1,155
1,<environment.Job instance at 0x7f3daff3d140>,69,27,[5 9],70,-1,199,-1,172
1,<environment.Job instance at 0x7f3daff3d2d0>,70,1,[8 1],71,-1,173,-1,172
1,<environment.Job instance at 0x7f3daff3d410>,72,26,[ 1 10],73,-1,204,-1,178
1,<environment.Job instance at 0x7f3daff3d730>,73,28,[3 5],74,-1,206,-1,178
1,<environment.Job instance at 0x7f3daf7fcdc0>,3,1,[9 3],4,-1,10,-1,9
1,<environment.Job instance at 0x7f3daf6b4d70>,5,1,[ 3 14],6,-1,18,-1,17
1,<environment.Job instance at 0x7f3daf6b4fa0>,7,1,[6 4],8,-1,24,-1,23
1,<environment.Job instance at 0x7f3daf774500>,17,1,[6 2],18,-1,43,-1,42
1,<environment.Job instance at 0x7f3daf774870>,18,3,[1 7],19,-1,45,-1,42
1,<environment.Job instance at 0x7f3daf774820>,19,13,[ 1 13],20,-1,55,-1,42
1,<environment.Job instance at 0x7f3daf774780>,21,17,[ 4 10],22,-1,59,-1,42
1,<environment.Job instance at 0x7f3daf7749b0>,22,1,[6 3],23,-1,43,-1,42
1,<environment.Job instance at 0x7f3daf774050>,23,2,[4 5],24,-1,44,-1,42
1,<environment.Job instance at 0x7f3daf774910>,24,23,[2 9],25,-1,65,-1,42
1,<environment.Job instance at 0x7f3daee61aa0>,26,3,[14  4],27,-1,53,-1,50
1,<environment.Job instance at 0x7f3daee618c0>,28,2,[10  1],29,-1,52,-1,50
1,<environment.Job instance at 0x7f3daee616e0>,29,13,[6 1],30,-1,64,-1,51
1,<environment.Job instance at 0x7f3daee61dc0>,30,12,[ 4 10],31,-1,63,-1,51
1,<environment.Job instance at 0x7f3daee61af0>,34,2,[6 1],35,-1,81,-1,79
1,<environment.Job instance at 0x7f3daee611e0>,35,3,[7 2],36,-1,82,-1,79
1,<environment.Job instance at 0x7f3daee617d0>,36,1,[10  5],37,-1,80,-1,79
1,<environment.Job instance at 0x7f3daee610a0>,37,3,[10  3],38,-1,82,-1,79
1,<environment.Job instance at 0x7f3daee61e60>,38,26,[2 5],39,-1,105,-1,79
1,<environment.Job instance at 0x7f3daee615f0>,39,28,[4 8],40,-1,107,-1,79
1,<environment.Job instance at 0x7f3db8a12c80>,40,28,[1 5],41,-1,107,-1,79
1,<environment.Job instance at 0x7f3db8a122d0>,41,1,[9 5],42,-1,80,-1,79
1,<environment.Job instance at 0x7f3db8a12dc0>,42,3,[5 9],43,-1,82,-1,79
1,<environment.Job instance at 0x7f3db8a12410>,43,13,[10  1],44,-1,92,-1,79
1,<environment.Job instance at 0x7f3db8a0b320>,44,2,[8 1],45,-1,81,-1,79
1,<environment.Job instance at 0x7f3db8a0b3c0>,45,1,[4 6],46,-1,80,-1,79
1,<environment.Job instance at 0x7f3db8a0b460>,55,2,[8 2],56,-1,121,-1,119
1,<environment.Job instance at 0x7f3db8a0ba00>,56,1,[10  4],57,-1,120,-1,119
1,<environment.Job instance at 0x7f3db8a0b870>,57,3,[9 4],58,-1,122,-1,119
1,<environment.Job instance at 0x7f3db8a0b140>,59,1,[8 3],60,-1,134,-1,133
1,<environment.Job instance at 0x7f3db8a0bf00>,60,2,[ 4 10],61,-1,135,-1,133
1,<environment.Job instance at 0x7f3db8a0b280>,61,1,[9 1],62,-1,134,-1,133
1,<environment.Job instance at 0x7f3db01edaf0>,63,3,[9 5],64,-1,154,-1,151
1,<environment.Job instance at 0x7f3db01ed550>,66,1,[5 1],67,-1,155,-1,154
1,<environment.Job instance at 0x7f3daeb68e10>,1,2,[5 3],2,-1,4,-1,2
1,<environment.Job instance at 0x7f3dafb5da00>,4,2,[9 3],5,-1,7,-1,5
1,<environment.Job instance at 0x7f3dafb5dd20>,8,1,[10  4],9,-1,10,-1,9
1,<environment.Job instance at 0x7f3dafb5de60>,22,2,[ 3 10],23,-1,59,-1,57
1,<environment.Job instance at 0x7f3daeaff2d0>,23,2,[12  3],24,-1,59,-1,57
1,<environment.Job instance at 0x7f3daeaff910>,31,16,[12  1],32,-1,114,-1,98
1,<environment.Job instance at 0x7f3daeaff460>,32,1,[7 3],33,-1,99,-1,98
1,<environment.Job instance at 0x7f3daeaff730>,39,3,[5 2],40,-1,158,-1,155
1,<environment.Job instance at 0x7f3daeb1aa00>,45,2,[9 3],46,-1,160,-1,158
1,<environment.Job instance at 0x7f3dafb99be0>,12,2,[ 4 10],13,-1,15,-1,13
1,<environment.Job instance at 0x7f3dafb99af0>,13,15,[ 3 14],14,-1,29,-1,14
1,<environment.Job instance at 0x7f3dafb99c30>,18,3,[13  1],19,-1,40,-1,37
1,<environment.Job instance at 0x7f3dafb99f00>,21,3,[10  1],22,-1,41,-1,38
1,<environment.Job instance at 0x7f3dafb99a00>,22,1,[1 9],23,-1,39,-1,38
1,<environment.Job instance at 0x7f3db03741e0>,25,15,[14  4],26,-1,69,-1,54
1,<environment.Job instance at 0x7f3db0374e60>,26,2,[10  3],27,-1,56,-1,54
1,<environment.Job instance at 0x7f3db0374f00>,28,27,[6 3],29,-1,84,-1,57
1,<environment.Job instance at 0x7f3db0374a00>,29,27,[3 5],30,-1,84,-1,57
1,<environment.Job instance at 0x7f3db03748c0>,32,2,[12  2],33,-1,75,-1,73
1,<environment.Job instance at 0x7f3db03743c0>,35,1,[9 5],36,-1,89,-1,88
1,<environment.Job instance at 0x7f3db03749b0>,38,1,[ 2 10],39,-1,95,-1,94
1,<environment.Job instance at 0x7f3dafea6190>,40,23,[5 8],41,-1,154,-1,131
1,<environment.Job instance at 0x7f3daf098c30>,47,12,[ 2 14],48,-1,143,-1,131
1,<environment.Job instance at 0x7f3daf098d20>,49,13,[10  2],50,-1,177,-1,164
1,<environment.Job instance at 0x7f3daf098460>,57,2,[ 1 10],58,-1,166,-1,164
1,<environment.Job instance at 0x7f3daf21ddc0>,58,1,[7 4],59,-1,165,-1,164
1,<environment.Job instance at 0x7f3daf21dd70>,59,1,[2 5],60,-1,165,-1,164
1,<environment.Job instance at 0x7f3daf21dc80>,61,3,[7 4],62,-1,176,-1,173
1,<environment.Job instance at 0x7f3daf97c5f0>,13,23,[5 6],14,-1,45,-1,22
1,<environment.Job instance at 0x7f3daf9824b0>,20,2,[13  2],21,-1,34,-1,32
1,<environment.Job instance at 0x7f3daf982460>,21,2,[8 2],22,-1,34,-1,32
1,<environment.Job instance at 0x7f3daf982640>,23,1,[14  1],24,-1,47,-1,46
1,<environment.Job instance at 0x7f3daf982550>,24,1,[9 2],25,-1,47,-1,46
1,<environment.Job instance at 0x7f3daf9826e0>,25,2,[5 1],26,-1,48,-1,46
1,<environment.Job instance at 0x7f3daf982aa0>,33,1,[5 6],34,-1,77,-1,76
1,<environment.Job instance at 0x7f3daf979190>,38,2,[ 4 11],39,-1,96,-1,94
1,<environment.Job instance at 0x7f3daf9792d0>,40,12,[ 1 14],41,-1,117,-1,105
1,<environment.Job instance at 0x7f3daf979410>,42,2,[ 1 14],43,-1,112,-1,110
1,<environment.Job instance at 0x7f3daf9794b0>,43,1,[5 6],44,-1,111,-1,110
1,<environment.Job instance at 0x7f3daf979550>,44,24,[4 8],45,-1,134,-1,110
1,<environment.Job instance at 0x7f3daf979280>,46,23,[9 2],47,-1,140,-1,117
1,<environment.Job instance at 0x7f3daf9799b0>,49,27,[ 5 10],50,-1,158,-1,131
1,<environment.Job instance at 0x7f3daf979a50>,50,28,[8 5],51,-1,159,-1,131
1,<environment.Job instance at 0x7f3daf979b90>,52,2,[8 5],53,-1,149,-1,147
1,<environment.Job instance at 0x7f3daf979c30>,53,17,[ 5 12],54,-1,164,-1,147
1,<environment.Job instance at 0x7f3daf979730>,54,18,[ 4 13],55,-1,165,-1,147
1,<environment.Job instance at 0x7f3daf979eb0>,57,2,[2 5],58,-1,161,-1,159
1,<environment.Job instance at 0x7f3daf979d20>,59,2,[3 7],60,-1,164,-1,162
1,<environment.Job instance at 0x7f3daf9f6eb0>,3,1,[2 5],4,-1,5,-1,4
1,<environment.Job instance at 0x7f3daf9f6d70>,8,2,[1 9],9,-1,11,-1,9
1,<environment.Job instance at 0x7f3daf39feb0>,23,1,[10  2],24,-1,61,-1,60
1,<environment.Job instance at 0x7f3daf39f5f0>,24,24,[5 9],25,-1,84,-1,60
1,<environment.Job instance at 0x7f3daf39f6e0>,26,28,[9 5],27,-1,89,-1,61
1,<environment.Job instance at 0x7f3daf0ec280>,30,3,[5 6],31,-1,76,-1,73
1,<environment.Job instance at 0x7f3daf0ec690>,34,2,[6 2],35,-1,99,-1,97
1,<environment.Job instance at 0x7f3daf0ec730>,36,3,[9 4],37,-1,101,-1,98
1,<environment.Job instance at 0x7f3daf0ec190>,37,1,[8 4],38,-1,99,-1,98
1,<environment.Job instance at 0x7f3daf0ec960>,38,2,[4 8],39,-1,100,-1,98
1,<environment.Job instance at 0x7f3daf0ecfa0>,40,3,[10  5],41,-1,109,-1,106
1,<environment.Job instance at 0x7f3daf0ec3c0>,42,1,[2 9],43,-1,112,-1,111
1,<environment.Job instance at 0x7f3dafc77500>,45,1,[8 2],46,-1,125,-1,124
1,<environment.Job instance at 0x7f3dafc77230>,46,1,[2 8],47,-1,125,-1,124
1,<environment.Job instance at 0x7f3dafc77910>,50,3,[1 9],51,-1,145,-1,142
1,<environment.Job instance at 0x7f3daf3e2cd0>,53,2,[1 7],54,-1,163,-1,161
1,<environment.Job instance at 0x7f3daff38fa0>,55,16,[ 4 10],56,-1,177,-1,161
1,<environment.Job instance at 0x7f3daff38be0>,56,14,[14  5],57,-1,175,-1,161
1,<environment.Job instance at 0x7f3daf49b140>,10,1,[5 9],11,-1,17,-1,16
1,<environment.Job instance at 0x7f3daf49bb40>,11,1,[2 5],12,-1,17,-1,16
1,<environment.Job instance at 0x7f3daf49b780>,15,25,[8 3],16,-1,62,-1,37
1,<environment.Job instance at 0x7f3daf49b7d0>,16,2,[ 1 10],17,-1,39,-1,37
1,<environment.Job instance at 0x7f3daf49b960>,17,13,[ 5 10],18,-1,50,-1,37
1,<environment.Job instance at 0x7f3daf49b730>,18,12,[ 2 12],19,-1,49,-1,37
1,<environment.Job instance at 0x7f3daf49b6e0>,19,1,[7 1],20,-1,38,-1,37
1,<environment.Job instance at 0x7f3daf49bc80>,21,2,[9 4],22,-1,39,-1,37
1,<environment.Job instance at 0x7f3daf49b4b0>,22,1,[2 7],23,-1,38,-1,37
1,<environment.Job instance at 0x7f3daf49bcd0>,23,1,[4 8],24,-1,38,-1,37
1,<environment.Job instance at 0x7f3daf49b550>,24,1,[5 4],25,-1,38,-1,37
1,<environment.Job instance at 0x7f3daf49b230>,25,3,[7 4],26,-1,40,-1,37
1,<environment.Job instance at 0x7f3daf49b640>,28,1,[3 8],29,-1,50,-1,49
1,<environment.Job instance at 0x7f3daf9fb190>,29,21,[ 5 10],30,-1,75,-1,54
1,<environment.Job instance at 0x7f3daf9fb550>,30,3,[9 5],31,-1,57,-1,54
1,<environment.Job instance at 0x7f3daf9fbf00>,32,3,[6 5],33,-1,58,-1,55
1,<environment.Job instance at 0x7f3daf9fbdc0>,34,3,[7 2],35,-1,73,-1,70
1,<environment.Job instance at 0x7f3dafc302d0>,35,3,[1 8],36,-1,73,-1,70
1,<environment.Job instance at 0x7f3dafc30500>,36,1,[5 8],37,-1,71,-1,70
1,<environment.Job instance at 0x7f3dafc30f00>,42,3,[5 5],43,-1,115,-1,112
1,<environment.Job instance at 0x7f3dafc30af0>,43,27,[4 6],44,-1,139,-1,112
1,<environment.Job instance at 0x7f3dafc300a0>,47,2,[3 5],48,-1,131,-1,129
1,<environment.Job instance at 0x7f3dafc303c0>,50,3,[ 1 14],51,-1,144,-1,141
1,<environment.Job instance at 0x7f3dafc30e60>,51,1,[10  3],52,-1,142,-1,141
1,<environment.Job instance at 0x7f3dafc30550>,52,1,[10  1],53,-1,142,-1,141
1,<environment.Job instance at 0x7f3dafc30870>,54,1,[ 2 11],55,-1,144,-1,143
1,<environment.Job instance at 0x7f3dafd4c5a0>,57,28,[8 2],58,-1,187,-1,159
1,<environment.Job instance at 0x7f3daf2911e0>,15,3,[ 4 13],16,-1,46,-1,43
1,<environment.Job instance at 0x7f3daf291320>,16,28,[2 6],17,-1,71,-1,43
1,<environment.Job instance at 0x7f3daf291e10>,18,3,[8 3],19,-1,46,-1,43
1,<environment.Job instance at 0x7f3daf291d20>,19,26,[10  1],20,-1,69,-1,43
1,<environment.Job instance at 0x7f3daf7e0050>,23,3,[9 2],24,-1,76,-1,73
1,<environment.Job instance at 0x7f3daf7e0500>,24,2,[8 3],25,-1,75,-1,73
1,<environment.Job instance at 0x7f3daf7e0550>,26,2,[3 7],27,-1,91,-1,89
1,<environment.Job instance at 0x7f3daf7e06e0>,27,16,[13  3],28,-1,105,-1,89
1,<environment.Job instance at 0x7f3daf7e0690>,28,3,[7 4],29,-1,92,-1,89
1,<environment.Job instance at 0x7f3daf7e0870>,31,2,[10  4],32,-1,94,-1,92
1,<environment.Job instance at 0x7f3daf7e0f00>,41,2,[2 9],42,-1,132,-1,130
1,<environment.Job instance at 0x7f3daf7e0f50>,42,2,[ 4 11],43,-1,132,-1,130
1,<environment.Job instance at 0x7f3daf7b0230>,44,16,[14  4],45,-1,147,-1,131
1,<environment.Job instance at 0x7f3daf7b03c0>,45,23,[ 3 10],46,-1,154,-1,131
1,<environment.Job instance at 0x7f3db8992eb0>,13,26,[10  2],14,-1,45,-1,19
1,<environment.Job instance at 0x7f3db8992140>,14,3,[ 3 12],15,-1,22,-1,19
1,<environment.Job instance at 0x7f3db8992460>,16,16,[ 1 10],17,-1,35,-1,19
1,<environment.Job instance at 0x7f3daf60ee60>,17,1,[3 5],18,-1,20,-1,19
1,<environment.Job instance at 0x7f3daf1f5910>,18,3,[10  1],19,-1,22,-1,19
1,<environment.Job instance at 0x7f3daeb7da50>,19,1,[3 8],20,-1,21,-1,20
1,<environment.Job instance at 0x7f3daed33870>,21,24,[4 8],22,-1,46,-1,22
1,<environment.Job instance at 0x7f3daed334b0>,23,2,[12  5],24,-1,38,-1,36
1,<environment.Job instance at 0x7f3daed336e0>,24,1,[7 5],25,-1,37,-1,36
1,<environment.Job instance at 0x7f3daed33e60>,25,14,[ 2 11],26,-1,50,-1,36
1,<environment.Job instance at 0x7f3daed339b0>,27,1,[3 8],28,-1,37,-1,36
1,<environment.Job instance at 0x7f3daf91d870>,28,13,[12  1],29,-1,49,-1,36
1,<environment.Job instance at 0x7f3daf91dfa0>,29,1,[3 7],30,-1,37,-1,36
1,<environment.Job instance at 0x7f3daf91d320>,30,2,[1 7],31,-1,38,-1,36
1,<environment.Job instance at 0x7f3daf91d690>,32,22,[10  1],33,-1,58,-1,36
1,<environment.Job instance at 0x7f3daf91dbe0>,33,2,[5 4],34,-1,38,-1,36
1,<environment.Job instance at 0x7f3daf91d9b0>,34,23,[ 5 10],35,-1,59,-1,36
1,<environment.Job instance at 0x7f3daf91df00>,35,16,[13  5],36,-1,52,-1,36
1,<environment.Job instance at 0x7f3daffc2e10>,36,1,[9 5],37,-1,38,-1,37
1,<environment.Job instance at 0x7f3daf63d3c0>,42,1,[8 3],43,-1,69,-1,68
1,<environment.Job instance at 0x7f3daf29efa0>,43,25,[10  1],44,-1,93,-1,68
1,<environment.Job instance at 0x7f3daf29e410>,45,28,[1 7],46,-1,109,-1,81
1,<environment.Job instance at 0x7f3daf29e730>,46,15,[ 3 12],47,-1,96,-1,81
1,<environment.Job instance at 0x7f3db896d7d0>,49,3,[5 8],50,-1,97,-1,94
1,<environment.Job instance at 0x7f3daf4f4f00>,50,3,[4 8],51,-1,97,-1,94
1,<environment.Job instance at 0x7f3db01d6f50>,52,2,[ 5 10],53,-1,105,-1,103
1,<environment.Job instance at 0x7f3daf7fc280>,58,2,[8 4],59,-1,151,-1,149
1,<environment.Job instance at 0x7f3db03374b0>,59,2,[5 2],60,-1,151,-1,149
1,<environment.Job instance at 0x7f3db00d40f0>,60,2,[3 5],61,-1,151,-1,149
1,<environment.Job instance at 0x7f3daf486e60>,61,1,[3 6],62,-1,150,-1,149
1,<environment.Job instance at 0x7f3daf486a00>,62,14,[11  2],63,-1,163,-1,149
1,<environment.Job instance at 0x7f3daf4868c0>,2,3,[8 5],3,-1,6,-1,3
1,<environment.Job instance at 0x7f3db89e44b0>,9,15,[12  2],10,-1,25,-1,10
1,<environment.Job instance at 0x7f3db89e4730>,17,25,[1 7],18,-1,44,-1,19
1,<environment.Job instance at 0x7f3daee32cd0>,33,3,[10  5],34,-1,82,-1,79
1,<environment.Job instance at 0x7f3daee32320>,34,1,[ 4 10],35,-1,80,-1,79
1,<environment.Job instance at 0x7f3daee32230>,35,3,[5 6],36,-1,83,-1,80
1,<environment.Job instance at 0x7f3daee32280>,37,2,[14  5],38,-1,100,-1,98
1,<environment.Job instance at 0x7f3db8b42230>,40,2,[5 8],41,-1,132,-1,130
1,<environment.Job instance at 0x7f3db8b422d0>,41,2,[9 2],42,-1,132,-1,130
1,<environment.Job instance at 0x7f3daedbb500>,42,14,[14  2],43,-1,144,-1,130
1,<environment.Job instance at 0x7f3daedbb280>,43,3,[ 2 10],44,-1,133,-1,130
1,<environment.Job instance at 0x7f3daedbb910>,44,2,[8 5],45,-1,132,-1,130
1,<environment.Job instance at 0x7f3daedbb5a0>,45,1,[ 5 13],46,-1,131,-1,130
1,<environment.Job instance at 0x7f3daedbbb90>,46,27,[6 1],47,-1,157,-1,130
1,<environment.Job instance at 0x7f3daedbb140>,47,3,[5 5],48,-1,133,-1,130
1,<environment.Job instance at 0x7f3daedbb460>,48,3,[1 7],49,-1,133,-1,130
1,<environment.Job instance at 0x7f3daedbb870>,51,3,[5 4],52,-1,137,-1,134
1,<environment.Job instance at 0x7f3daedbb2d0>,52,1,[5 3],53,-1,135,-1,134
1,<environment.Job instance at 0x7f3daedbb640>,54,23,[5 9],55,-1,169,-1,146
1,<environment.Job instance at 0x7f3daeaadd70>,59,1,[7 3],60,-1,166,-1,165
1,<environment.Job instance at 0x7f3db00fd4b0>,60,26,[6 1],61,-1,191,-1,165
1,<environment.Job instance at 0x7f3daeaadc30>,61,2,[2 5],62,-1,167,-1,165
1,<environment.Job instance at 0x7f3db00fd140>,63,14,[ 4 13],64,-1,190,-1,176
1,<environment.Job instance at 0x7f3daf7b5820>,18,1,[5 3],19,-1,38,-1,37
1,<environment.Job instance at 0x7f3daf7b5a00>,19,27,[10  2],20,-1,64,-1,37
1,<environment.Job instance at 0x7f3daf336730>,20,3,[7 3],21,-1,40,-1,37
1,<environment.Job instance at 0x7f3daff080f0>,21,23,[11  3],22,-1,60,-1,37
1,<environment.Job instance at 0x7f3dafee5c80>,22,1,[5 5],23,-1,38,-1,37
1,<environment.Job instance at 0x7f82f7003d20>,12,26,[ 1 10],13,-1,39,-1,13
1,<environment.Job instance at 0x7f82f7005140>,17,3,[4 9],18,-1,37,-1,34
1,<environment.Job instance at 0x7f82f7005280>,18,3,[4 7],19,-1,37,-1,34
1,<environment.Job instance at 0x7f82f70054b0>,20,1,[7 5],21,-1,46,-1,45
1,<environment.Job instance at 0x7f82f7005500>,21,1,[6 5],22,-1,46,-1,45
1,<environment.Job instance at 0x7f82f7005550>,22,1,[2 7],23,-1,46,-1,45
1,<environment.Job instance at 0x7f82f70055f0>,23,27,[1 6],24,-1,75,-1,48
1,<environment.Job instance at 0x7f82f70057d0>,26,3,[3 7],27,-1,67,-1,64
1,<environment.Job instance at 0x7f82f7005910>,28,23,[10  4],29,-1,87,-1,64
1,<environment.Job instance at 0x7f82f7005dc0>,34,24,[1 8],35,-1,102,-1,78
1,<environment.Job instance at 0x7f82f7005f50>,36,13,[ 3 14],37,-1,106,-1,93
1,<environment.Job instance at 0x7f82f7005d20>,37,2,[2 6],38,-1,95,-1,93
1,<environment.Job instance at 0x7f82f7005e60>,38,2,[ 1 10],39,-1,95,-1,93
1,<environment.Job instance at 0x7f82f7009190>,39,2,[5 6],40,-1,95,-1,93
1,<environment.Job instance at 0x7f82f70092d0>,41,1,[5 2],42,-1,109,-1,108
1,<environment.Job instance at 0x7f82f7009370>,42,2,[4 6],43,-1,110,-1,108
1,<environment.Job instance at 0x7f82f70094b0>,44,3,[5 5],45,-1,111,-1,108
1,<environment.Job instance at 0x7f82f70096e0>,46,17,[12  2],47,-1,138,-1,121
1,<environment.Job instance at 0x7f82f7009780>,47,2,[6 5],48,-1,123,-1,121
1,<environment.Job instance at 0x7f82f7009910>,50,16,[12  2],51,-1,152,-1,136
1,<environment.Job instance at 0x7f82f70099b0>,51,3,[1 5],52,-1,139,-1,136
1,<environment.Job instance at 0x7f82f70095f0>,52,1,[8 5],53,-1,137,-1,136
1,<environment.Job instance at 0x7f82f70095a0>,54,13,[13  1],55,-1,153,-1,140
1,<environment.Job instance at 0x7f82f7009be0>,55,2,[ 3 10],56,-1,142,-1,140
1,<environment.Job instance at 0x7f82f7009f50>,60,3,[12  3],61,-1,178,-1,175
1,<environment.Job instance at 0x7f82f7009fa0>,61,2,[4 5],62,-1,177,-1,175
1,<environment.Job instance at 0x7f82f700b190>,2,3,[10  2],3,-1,6,-1,3
1,<environment.Job instance at 0x7f82f7444d70>,5,1,[6 2],6,-1,7,-1,6
1,<environment.Job instance at 0x7f82f74449b0>,8,12,[14  4],9,-1,21,-1,9
1,<environment.Job instance at 0x7f82f735d7d0>,25,2,[5 5],26,-1,40,-1,38
1,<environment.Job instance at 0x7f82f735d280>,28,1,[10  5],29,-1,51,-1,50
1,<environment.Job instance at 0x7f82f735d4b0>,29,1,[ 2 10],30,-1,51,-1,50
1,<environment.Job instance at 0x7f82f7443870>,50,24,[ 1 10],51,-1,180,-1,156
1,<environment.Job instance at 0x7f82f74430f0>,53,24,[7 4],54,-1,188,-1,164
1,<environment.Job instance at 0x7f82f7443c30>,55,3,[12  3],56,-1,171,-1,168
1,<environment.Job instance at 0x7f82f7443140>,57,2,[4 5],58,-1,178,-1,176
1,<environment.Job instance at 0x7f82f74383c0>,61,27,[4 7],62,-1,214,-1,187
1,<environment.Job instance at 0x7f82f6a9cf50>,9,3,[5 5],10,-1,14,-1,11
1,<environment.Job instance at 0x7f82f6a9ce60>,11,3,[9 4],12,-1,15,-1,12
1,<environment.Job instance at 0x7f82f6a9c820>,12,1,[7 4],13,-1,14,-1,13
1,<environment.Job instance at 0x7f82f6a9c410>,13,2,[9 2],14,-1,16,-1,14
1,<environment.Job instance at 0x7f82f6736140>,20,2,[10  2],21,-1,33,-1,31
1,<environment.Job instance at 0x7f83001c05a0>,6,3,[8 1],7,-1,12,-1,9
1,<environment.Job instance at 0x7f82f688bfa0>,13,27,[9 3],14,-1,58,-1,31
1,<environment.Job instance at 0x7f82f688be60>,15,2,[4 7],16,-1,38,-1,36
1,<environment.Job instance at 0x7f82f688ba00>,16,28,[1 7],17,-1,64,-1,36
1,<environment.Job instance at 0x7f82f688baa0>,17,12,[ 4 10],18,-1,49,-1,37
1,<environment.Job instance at 0x7f82f688b9b0>,18,1,[5 7],19,-1,38,-1,37
1,<environment.Job instance at 0x7f82f688bd20>,19,2,[ 4 11],20,-1,39,-1,37
1,<environment.Job instance at 0x7f82f688b5f0>,20,3,[4 8],21,-1,40,-1,37
1,<environment.Job instance at 0x7f82f688b690>,21,1,[10  2],22,-1,38,-1,37
1,<environment.Job instance at 0x7f82f688b5a0>,22,3,[9 1],23,-1,40,-1,37
1,<environment.Job instance at 0x7f82f688be10>,23,2,[ 4 10],24,-1,39,-1,37
1,<environment.Job instance at 0x7f82f688b910>,24,3,[11  1],25,-1,40,-1,37
1,<environment.Job instance at 0x7f82f688b960>,25,1,[8 2],26,-1,38,-1,37
1,<environment.Job instance at 0x7f82f6bd5f00>,26,28,[9 2],27,-1,65,-1,37
1,<environment.Job instance at 0x7f82f6bd5af0>,27,2,[8 4],28,-1,39,-1,37
1,<environment.Job instance at 0x7f82f6bd5410>,28,1,[6 3],29,-1,38,-1,37
1,<environment.Job instance at 0x7f82f6bd5550>,30,3,[9 5],31,-1,40,-1,37
1,<environment.Job instance at 0x7f82f6bd5c80>,33,1,[6 2],34,-1,50,-1,49
1,<environment.Job instance at 0x7f82f6bd55f0>,34,2,[4 6],35,-1,51,-1,49
1,<environment.Job instance at 0x7f82f6bd5dc0>,35,3,[8 5],36,-1,52,-1,49
1,<environment.Job instance at 0x7f82f6bd5280>,36,12,[7 1],37,-1,61,-1,49
1,<environment.Job instance at 0x7f82f6bd55a0>,37,3,[ 1 12],38,-1,52,-1,49
1,<environment.Job instance at 0x7f82f6bd5b90>,38,15,[ 3 11],39,-1,64,-1,49
1,<environment.Job instance at 0x7f82f6bd50a0>,39,3,[5 1],40,-1,52,-1,49
1,<environment.Job instance at 0x7f82f6d12500>,41,1,[10  4],42,-1,58,-1,57
1,<environment.Job instance at 0x7f82f6d12410>,42,3,[6 4],43,-1,60,-1,57
1,<environment.Job instance at 0x7f82f6d12910>,43,3,[6 2],44,-1,60,-1,57
1,<environment.Job instance at 0x7f82f6d12c80>,46,23,[7 4],47,-1,95,-1,72
1,<environment.Job instance at 0x7f82f6d127d0>,47,1,[9 4],48,-1,73,-1,72
1,<environment.Job instance at 0x7f82f6d12aa0>,51,3,[5 5],52,-1,90,-1,87
1,<environment.Job instance at 0x7f82f6d12cd0>,54,2,[10  3],55,-1,102,-1,100
1,<environment.Job instance at 0x7f82f6d126e0>,55,3,[5 5],56,-1,103,-1,100
1,<environment.Job instance at 0x7f82f6d12960>,56,2,[3 9],57,-1,102,-1,100
1,<environment.Job instance at 0x7f82f756f3c0>,57,2,[7 2],58,-1,102,-1,100
1,<environment.Job instance at 0x7f82f756f410>,58,3,[10  4],59,-1,103,-1,100
1,<environment.Job instance at 0x7f82f756fc80>,59,1,[ 2 10],60,-1,101,-1,100
1,<environment.Job instance at 0x7f82f756fdc0>,60,16,[14  3],61,-1,116,-1,100
1,<environment.Job instance at 0x7f82f756fb40>,61,2,[5 1],62,-1,102,-1,100
1,<environment.Job instance at 0x7f82f756f7d0>,63,1,[7 2],64,-1,102,-1,101
1,<environment.Job instance at 0x7f82f756f500>,68,1,[ 3 10],69,-1,138,-1,137
1,<environment.Job instance at 0x7f82f756fa00>,71,27,[5 1],72,-1,179,-1,152
1,<environment.Job instance at 0x7f82f749bf00>,74,3,[6 1],75,-1,174,-1,171
1,<environment.Job instance at 0x7f82f749b190>,76,25,[8 3],77,-1,210,-1,185
1,<environment.Job instance at 0x7f82f749be10>,77,13,[13  1],78,-1,198,-1,185
1,<environment.Job instance at 0x7f82f7b133c0>,7,2,[6 4],8,-1,11,-1,9
1,<environment.Job instance at 0x7f82f76cf730>,10,25,[2 8],11,-1,37,-1,12
1,<environment.Job instance at 0x7f82f76cf2d0>,14,3,[ 3 14],15,-1,27,-1,24
1,<environment.Job instance at 0x7f82f76cf3c0>,15,1,[10  1],16,-1,25,-1,24
1,<environment.Job instance at 0x7f82f7b12b90>,19,2,[13  5],20,-1,50,-1,48
1,<environment.Job instance at 0x7f82f7b12b40>,20,1,[4 8],21,-1,49,-1,48
1,<environment.Job instance at 0x7f82f7b12c30>,22,3,[5 2],23,-1,67,-1,64
1,<environment.Job instance at 0x7f82f7b12690>,23,2,[2 5],24,-1,66,-1,64
1,<environment.Job instance at 0x7f82f7aa3230>,27,3,[8 5],28,-1,98,-1,95
1,<environment.Job instance at 0x7f82f7aa3820>,28,1,[ 3 12],29,-1,96,-1,95
1,<environment.Job instance at 0x7f82f7aa3d20>,30,2,[5 6],31,-1,102,-1,100
1,<environment.Job instance at 0x7f82f76f7cd0>,38,2,[8 5],39,-1,160,-1,158
1,<environment.Job instance at 0x7f82f76f7500>,40,2,[2 7],41,-1,164,-1,162
1,<environment.Job instance at 0x7f82f76f7280>,41,1,[10  4],42,-1,163,-1,162
1,<environment.Job instance at 0x7f82f76f7d20>,42,3,[3 8],43,-1,165,-1,162
1,<environment.Job instance at 0x7f82f76f7410>,45,18,[14  2],46,-1,196,-1,178
1,<environment.Job instance at 0x7f82f76f7690>,46,1,[5 7],47,-1,179,-1,178
1,<environment.Job instance at 0x7f82f6e3afa0>,15,2,[10  5],16,-1,21,-1,19
1,<environment.Job instance at 0x7f82f6f38c80>,25,2,[ 1 12],26,-1,51,-1,49
1,<environment.Job instance at 0x7f82f6f38410>,30,25,[ 1 14],31,-1,104,-1,79
1,<environment.Job instance at 0x7f82f6f38280>,33,1,[ 4 13],34,-1,109,-1,108
1,<environment.Job instance at 0x7f82f6567cd0>,10,25,[9 4],11,-1,37,-1,12
1,<environment.Job instance at 0x7f82f6568190>,18,26,[4 9],19,-1,64,-1,38
1,<environment.Job instance at 0x7f82f6568370>,19,1,[10  5],20,-1,39,-1,38
1,<environment.Job instance at 0x7f82f6568910>,25,3,[10  3],26,-1,57,-1,54
1,<environment.Job instance at 0x7f82f65689b0>,26,16,[ 5 12],27,-1,70,-1,54
1,<environment.Job instance at 0x7f82f6568a50>,27,3,[5 6],28,-1,57,-1,54
1,<environment.Job instance at 0x7f82f6568c30>,31,2,[6 2],32,-1,75,-1,73
1,<environment.Job instance at 0x7f82f6568d70>,33,3,[7 2],34,-1,88,-1,85
1,<environment.Job instance at 0x7f82f6568a00>,37,3,[3 7],38,-1,109,-1,106
1,<environment.Job instance at 0x7f82f656a5a0>,44,2,[9 5],45,-1,150,-1,148
1,<environment.Job instance at 0x7f82f656a780>,46,17,[ 2 14],47,-1,166,-1,149
1,<environment.Job instance at 0x7f82f656aa00>,47,26,[10  5],48,-1,175,-1,149
1,<environment.Job instance at 0x7f82f656aaa0>,48,2,[7 5],49,-1,151,-1,149
1,<environment.Job instance at 0x7f82f6f445f0>,1,3,[ 4 12],2,-1,5,-1,2
1,<environment.Job instance at 0x7f82f656aeb0>,5,18,[ 2 11],6,-1,25,-1,7
1,<environment.Job instance at 0x7f82f6b9aeb0>,10,1,[2 7],11,-1,12,-1,11
1,<environment.Job instance at 0x7f82f6b9a960>,11,2,[ 1 10],12,-1,14,-1,12
1,<environment.Job instance at 0x7f82f695cb40>,12,3,[2 6],13,-1,16,-1,13
1,<environment.Job instance at 0x7f82f695c460>,14,2,[10  3],15,-1,20,-1,18
1,<environment.Job instance at 0x7f82f695cf00>,15,1,[5 2],16,-1,19,-1,18
1,<environment.Job instance at 0x7f830020f2d0>,17,2,[5 5],18,-1,20,-1,18
1,<environment.Job instance at 0x7f830020f320>,18,27,[1 7],19,-1,47,-1,20
1,<environment.Job instance at 0x7f830020fbe0>,19,16,[12  5],20,-1,36,-1,20
1,<environment.Job instance at 0x7f830020f140>,21,3,[7 4],22,-1,26,-1,23
1,<environment.Job instance at 0x7f830020f5a0>,23,2,[5 6],24,-1,26,-1,24
1,<environment.Job instance at 0x7f82f75e42d0>,24,1,[2 5],25,-1,26,-1,25
1,<environment.Job instance at 0x7f82f75e4960>,26,1,[14  4],27,-1,30,-1,29
1,<environment.Job instance at 0x7f82f75e4190>,27,17,[13  5],28,-1,46,-1,29
1,<environment.Job instance at 0x7f82f75e4e10>,28,1,[1 5],29,-1,30,-1,29
1,<environment.Job instance at 0x7f82f71096e0>,32,2,[3 7],33,-1,49,-1,47
1,<environment.Job instance at 0x7f82f71094b0>,33,2,[ 3 10],34,-1,49,-1,47
1,<environment.Job instance at 0x7f82f7109e60>,39,2,[ 3 10],40,-1,93,-1,91
1,<environment.Job instance at 0x7f82f7109cd0>,41,2,[6 2],42,-1,93,-1,91
1,<environment.Job instance at 0x7f82f71098c0>,42,12,[10  2],43,-1,107,-1,95
1,<environment.Job instance at 0x7f82f7109af0>,43,1,[5 5],44,-1,96,-1,95
1,<environment.Job instance at 0x7f82f78498c0>,48,3,[6 2],49,-1,148,-1,145
1,<environment.Job instance at 0x7f82f78499b0>,49,1,[6 1],50,-1,146,-1,145
1,<environment.Job instance at 0x7f82f7849460>,53,3,[ 2 10],54,-1,162,-1,159
1,<environment.Job instance at 0x7f82f7849be0>,56,3,[1 8],57,-1,175,-1,172
1,<environment.Job instance at 0x7f82f78497d0>,57,1,[3 5],58,-1,173,-1,172
1,<environment.Job instance at 0x7f82f7849410>,58,25,[5 5],59,-1,197,-1,172
1,<environment.Job instance at 0x7f82f67ad370>,59,2,[5 1],60,-1,174,-1,172
1,<environment.Job instance at 0x7f82f67ad6e0>,60,18,[14  5],61,-1,190,-1,172
1,<environment.Job instance at 0x7f82f67ad730>,61,15,[ 1 12],62,-1,187,-1,172
1,<environment.Job instance at 0x7f82f623f7d0>,2,2,[5 7],3,-1,5,-1,3
1,<environment.Job instance at 0x7f82f6eb52d0>,3,1,[5 6],4,-1,5,-1,4
1,<environment.Job instance at 0x7f82f6cec960>,16,13,[12  4],17,-1,39,-1,26
1,<environment.Job instance at 0x7f82f6b0c6e0>,17,3,[4 9],18,-1,30,-1,27
1,<environment.Job instance at 0x7f82f6b0ce10>,21,17,[13  5],22,-1,44,-1,27
1,<environment.Job instance at 0x7f82f6db7190>,26,1,[5 3],27,-1,58,-1,57
1,<environment.Job instance at 0x7f82f6db76e0>,28,3,[10  4],29,-1,61,-1,58
1,<environment.Job instance at 0x7f8300246a50>,30,1,[1 7],31,-1,73,-1,72
1,<environment.Job instance at 0x7f82f622eb40>,32,2,[1 9],33,-1,74,-1,72
1,<environment.Job instance at 0x7f82f622eaf0>,33,2,[6 3],34,-1,74,-1,72
1,<environment.Job instance at 0x7f82f6b4dc30>,36,1,[6 3],37,-1,74,-1,73
1,<environment.Job instance at 0x7f82f6b4ddc0>,37,1,[5 4],38,-1,74,-1,73
1,<environment.Job instance at 0x7f82f6b4dc80>,39,1,[3 5],40,-1,91,-1,90
1,<environment.Job instance at 0x7f82f6b4d3c0>,40,1,[4 9],41,-1,91,-1,90
1,<environment.Job instance at 0x7f82f6c9c730>,44,2,[7 3],45,-1,105,-1,103
1,<environment.Job instance at 0x7f82f72b5870>,48,2,[1 6],49,-1,133,-1,131
1,<environment.Job instance at 0x7f82f72b5690>,49,23,[5 5],50,-1,154,-1,131
1,<environment.Job instance at 0x7f82f6791140>,55,24,[7 5],56,-1,189,-1,165
1,<environment.Job instance at 0x7f82f70b1e60>,57,3,[ 2 13],58,-1,174,-1,171
1,<environment.Job instance at 0x7f82f70b1f50>,58,2,[5 5],59,-1,173,-1,171
1,<environment.Job instance at 0x7f82f6b364b0>,61,2,[4 8],62,-1,175,-1,173
1,<environment.Job instance at 0x7f82f6cf7550>,64,3,[9 3],65,-1,185,-1,182
1,<environment.Job instance at 0x7f82f783c780>,65,2,[7 1],66,-1,184,-1,182
1,<environment.Job instance at 0x7f82f783c0a0>,66,13,[ 1 10],67,-1,195,-1,182
1,<environment.Job instance at 0x7f82f6ebe140>,68,3,[10  1],69,-1,191,-1,188
1,<environment.Job instance at 0x7f82f69073c0>,5,2,[ 5 10],6,-1,8,-1,6
1,<environment.Job instance at 0x7f82f6907370>,7,2,[8 3],8,-1,11,-1,9
1,<environment.Job instance at 0x7f82f68ed8c0>,9,3,[ 4 10],10,-1,13,-1,10
1,<environment.Job instance at 0x7f82f767d2d0>,12,1,[5 8],13,-1,14,-1,13
1,<environment.Job instance at 0x7f82f767d4b0>,13,1,[6 3],14,-1,15,-1,14
1,<environment.Job instance at 0x7f82f767d190>,14,3,[6 1],15,-1,18,-1,15
1,<environment.Job instance at 0x7f82f767da50>,15,1,[10  4],16,-1,17,-1,16
1,<environment.Job instance at 0x7f82f6bdae60>,16,12,[9 1],17,-1,30,-1,18
1,<environment.Job instance at 0x7f82f79cad70>,17,3,[10  1],18,-1,21,-1,18
1,<environment.Job instance at 0x7f82f6bdad70>,18,14,[7 3],19,-1,65,-1,51
1,<environment.Job instance at 0x7f82f7c39190>,27,16,[2 6],28,-1,67,-1,51
1,<environment.Job instance at 0x7f82f74bc050>,28,25,[ 5 10],29,-1,76,-1,51
1,<environment.Job instance at 0x7f82f7c39140>,29,15,[5 3],30,-1,66,-1,51
1,<environment.Job instance at 0x7f82f7b39be0>,31,12,[ 5 11],32,-1,71,-1,59
1,<environment.Job instance at 0x7f82f754a9b0>,33,17,[5 1],34,-1,87,-1,70
1,<environment.Job instance at 0x7f83001b1a50>,34,1,[9 2],35,-1,71,-1,70
1,<environment.Job instance at 0x7f82f753beb0>,36,2,[4 6],37,-1,85,-1,83
1,<environment.Job instance at 0x7f830067d960>,37,26,[ 2 10],38,-1,109,-1,83
1,<environment.Job instance at 0x7f82f6712d70>,12,1,[2 8],13,-1,21,-1,20
1,<environment.Job instance at 0x7f82f66e5c80>,15,15,[ 2 12],16,-1,35,-1,20
1,<environment.Job instance at 0x7f82f66e50a0>,17,2,[10  5],18,-1,29,-1,27
1,<environment.Job instance at 0x7f82f66e53c0>,18,3,[10  4],19,-1,30,-1,27
1,<environment.Job instance at 0x7f82f66e5370>,20,2,[1 8],21,-1,29,-1,27
1,<environment.Job instance at 0x7f82f66e5fa0>,23,1,[ 4 10],24,-1,47,-1,46
1,<environment.Job instance at 0x7f82f66e5730>,24,24,[5 8],25,-1,70,-1,46
1,<environment.Job instance at 0x7f82f66e5230>,25,1,[1 5],26,-1,47,-1,46
1,<environment.Job instance at 0x7f82f66e59b0>,26,24,[10  2],27,-1,70,-1,46
1,<environment.Job instance at 0x7f82f6c0f550>,28,1,[2 6],29,-1,58,-1,57
1,<environment.Job instance at 0x7f82f6c0fdc0>,30,2,[14  3],31,-1,59,-1,57
1,<environment.Job instance at 0x7f82f6c0ff00>,31,1,[3 9],32,-1,58,-1,57
1,<environment.Job instance at 0x7f82f6c0f050>,35,1,[5 9],36,-1,81,-1,80
1,<environment.Job instance at 0x7f82f6c0fbe0>,36,23,[9 5],37,-1,103,-1,80
1,<environment.Job instance at 0x7f82f6c0f410>,38,2,[6 2],39,-1,100,-1,98
1,<environment.Job instance at 0x7f82f6c0f7d0>,40,1,[ 5 10],41,-1,99,-1,98
1,<environment.Job instance at 0x7f82f6c0f730>,41,3,[10  5],42,-1,101,-1,98
1,<environment.Job instance at 0x7f82f6c0f320>,44,1,[3 8],45,-1,116,-1,115
1,<environment.Job instance at 0x7f82f6c165f0>,47,3,[8 5],48,-1,134,-1,131
1,<environment.Job instance at 0x7f82f6c16190>,48,3,[9 3],49,-1,134,-1,131
1,<environment.Job instance at 0x7f82f6c16cd0>,49,1,[13  5],50,-1,132,-1,131
1,<environment.Job instance at 0x7f82f6c160a0>,50,1,[4 5],51,-1,132,-1,131
1,<environment.Job instance at 0x7f82f6c16460>,51,2,[4 7],52,-1,133,-1,131
1,<environment.Job instance at 0x7f82f6c16e10>,53,27,[5 6],54,-1,159,-1,132
1,<environment.Job instance at 0x7f82f69df5f0>,54,2,[5 3],55,-1,134,-1,132
1,<environment.Job instance at 0x7f82f69dfaa0>,55,1,[9 2],56,-1,133,-1,132
1,<environment.Job instance at 0x7f82f69dfc80>,56,16,[ 3 11],57,-1,148,-1,132
1,<environment.Job instance at 0x7f82f69dff50>,57,2,[4 9],58,-1,134,-1,132
1,<environment.Job instance at 0x7f82f69dfc30>,58,25,[11  1],59,-1,157,-1,132
1,<environment.Job instance at 0x7f82f69dffa0>,59,2,[1 6],60,-1,134,-1,132
1,<environment.Job instance at 0x7f82f69df6e0>,60,3,[7 1],61,-1,135,-1,132
1,<environment.Job instance at 0x7f82f69dfeb0>,61,12,[10  1],62,-1,144,-1,132
1,<environment.Job instance at 0x7f82f69df1e0>,64,27,[3 8],65,-1,174,-1,147
1,<environment.Job instance at 0x7f82f6d43320>,65,2,[3 7],66,-1,149,-1,147
1,<environment.Job instance at 0x7f82f6d43780>,66,3,[1 5],67,-1,150,-1,147
1,<environment.Job instance at 0x7f82f76d9fa0>,70,18,[12  3],71,-1,197,-1,179
1,<environment.Job instance at 0x7f82f6413cd0>,14,12,[ 4 13],15,-1,27,-1,15
1,<environment.Job instance at 0x7f82f6408be0>,21,13,[ 3 11],22,-1,48,-1,35
1,<environment.Job instance at 0x7f82f64131e0>,19,2,[5 1],20,-1,72,-1,70
1,<environment.Job instance at 0x7f82f6642d70>,29,2,[10  4],30,-1,72,-1,70
1,<environment.Job instance at 0x7f82f66422d0>,35,1,[14  5],36,-1,88,-1,87
1,<environment.Job instance at 0x7f82f66429b0>,36,13,[10  2],37,-1,108,-1,95
1,<environment.Job instance at 0x7f82f6386280>,37,2,[ 5 12],38,-1,97,-1,95
1,<environment.Job instance at 0x7f82f63869b0>,38,3,[9 4],39,-1,98,-1,95
1,<environment.Job instance at 0x7f82f6386d70>,44,1,[5 9],45,-1,130,-1,129
1,<environment.Job instance at 0x7f82f6386910>,45,2,[ 2 12],46,-1,131,-1,129
1,<environment.Job instance at 0x7f82f63860f0>,46,2,[10  2],47,-1,131,-1,129
1,<environment.Job instance at 0x7f82f6386c30>,48,22,[ 3 10],49,-1,152,-1,130
1,<environment.Job instance at 0x7f82f6386550>,50,13,[ 2 13],51,-1,154,-1,141
1,<environment.Job instance at 0x7f82f72ad230>,55,12,[ 4 10],56,-1,195,-1,183
1,<environment.Job instance at 0x7f82f72ad730>,56,1,[6 5],57,-1,184,-1,183
1,<environment.Job instance at 0x7f82f72ad460>,57,23,[3 5],58,-1,206,-1,183
1,<environment.Job instance at 0x7f82f78fceb0>,2,22,[ 4 11],3,-1,25,-1,3
1,<environment.Job instance at 0x7f82f6842fa0>,9,13,[ 5 11],10,-1,23,-1,10
1,<environment.Job instance at 0x7f82f6842a50>,11,2,[5 5],12,-1,15,-1,13
1,<environment.Job instance at 0x7f82f6842780>,13,3,[ 3 14],14,-1,17,-1,14
1,<environment.Job instance at 0x7f83007db0a0>,18,17,[14  2],19,-1,47,-1,30
1,<environment.Job instance at 0x7f83007db140>,19,2,[9 5],20,-1,32,-1,30
1,<environment.Job instance at 0x7f83007db3c0>,20,20,[ 3 10],21,-1,64,-1,44
1,<environment.Job instance at 0x7f82f75d36e0>,23,3,[9 3],24,-1,47,-1,44
1,<environment.Job instance at 0x7f82f75d3550>,25,3,[10  3],26,-1,49,-1,46
1,<environment.Job instance at 0x7f82f75d3fa0>,26,2,[1 9],27,-1,48,-1,46
1,<environment.Job instance at 0x7f82f75d30a0>,28,2,[10  3],29,-1,48,-1,46
1,<environment.Job instance at 0x7f82f75d3a00>,30,1,[6 3],31,-1,61,-1,60
1,<environment.Job instance at 0x7f82f75d35a0>,31,1,[6 5],32,-1,61,-1,60
1,<environment.Job instance at 0x7f82f75d3cd0>,33,1,[3 8],34,-1,61,-1,60
1,<environment.Job instance at 0x7f82f75d3af0>,34,1,[10  1],35,-1,61,-1,60
1,<environment.Job instance at 0x7f82f75d3460>,35,3,[5 5],36,-1,63,-1,60
1,<environment.Job instance at 0x7f82f75d30f0>,36,14,[ 3 10],37,-1,74,-1,60
1,<environment.Job instance at 0x7f82f75d3410>,37,1,[12  4],38,-1,61,-1,60
1,<environment.Job instance at 0x7f82f75d3870>,40,1,[10  2],41,-1,80,-1,79
1,<environment.Job instance at 0x7f82f7bb91e0>,42,14,[ 2 11],43,-1,95,-1,81
1,<environment.Job instance at 0x7f82f7bb9190>,43,2,[2 7],44,-1,83,-1,81
1,<environment.Job instance at 0x7f82f7bb90f0>,45,13,[ 3 14],46,-1,108,-1,95
1,<environment.Job instance at 0x7f82f7bb92d0>,46,13,[9 1],47,-1,108,-1,95
1,<environment.Job instance at 0x7f82f7bb9eb0>,47,2,[5 6],48,-1,97,-1,95
1,<environment.Job instance at 0x7f82f7bb9e60>,50,2,[4 5],51,-1,109,-1,107
1,<environment.Job instance at 0x7f82f7bb9b40>,51,2,[ 1 10],52,-1,109,-1,107
1,<environment.Job instance at 0x7f82f7093c80>,55,1,[ 3 10],56,-1,126,-1,125
1,<environment.Job instance at 0x7f82f7093d20>,56,3,[1 6],57,-1,128,-1,125
1,<environment.Job instance at 0x7f82f7093cd0>,58,3,[8 5],59,-1,131,-1,128
1,<environment.Job instance at 0x7f82f7093780>,60,1,[7 5],61,-1,144,-1,143
1,<environment.Job instance at 0x7f82f7093eb0>,61,1,[12  1],62,-1,144,-1,143
1,<environment.Job instance at 0x7f82f7093870>,62,2,[7 5],63,-1,145,-1,143
1,<environment.Job instance at 0x7f82f7093960>,63,3,[ 3 12],64,-1,146,-1,143
1,<environment.Job instance at 0x7f82f7093a00>,64,1,[3 8],65,-1,144,-1,143
1,<environment.Job instance at 0x7f82f7093e10>,65,2,[4 7],66,-1,145,-1,143
1,<environment.Job instance at 0x7f82f7c0cc30>,70,16,[ 1 10],71,-1,198,-1,182
1,<environment.Job instance at 0x7f82f7c0c230>,72,3,[6 3],73,-1,185,-1,182
1,<environment.Job instance at 0x7f82f7c0c2d0>,73,23,[5 6],74,-1,205,-1,182
1,<environment.Job instance at 0x7f82f7c0c500>,74,2,[8 2],75,-1,184,-1,182
1,<environment.Job instance at 0x7f82f7c0c370>,75,2,[3 8],76,-1,184,-1,182
1,<environment.Job instance at 0x7f82f6d63fa0>,24,1,[3 6],25,-1,58,-1,57
1,<environment.Job instance at 0x7f82f6d9c140>,25,1,[5 2],26,-1,58,-1,57
1,<environment.Job instance at 0x7f82f6d9c370>,26,13,[11  2],27,-1,70,-1,57
1,<environment.Job instance at 0x7f82f6d9c4b0>,28,1,[9 2],29,-1,58,-1,57
1,<environment.Job instance at 0x7f82f6d9c5f0>,30,1,[8 5],31,-1,68,-1,67
1,<environment.Job instance at 0x7f82f6d9c690>,31,23,[5 2],32,-1,90,-1,67
1,<environment.Job instance at 0x7f82f6d9c730>,32,17,[ 5 14],33,-1,84,-1,67
1,<environment.Job instance at 0x7f82f6d9c7d0>,33,28,[10  4],34,-1,95,-1,67
1,<environment.Job instance at 0x7f82f6d9c870>,34,2,[5 7],35,-1,69,-1,67
1,<environment.Job instance at 0x7f82f6d9c910>,35,3,[5 5],36,-1,70,-1,67
1,<environment.Job instance at 0x7f82f6d9c9b0>,36,1,[1 9],37,-1,68,-1,67
1,<environment.Job instance at 0x7f82f6d9caf0>,38,18,[ 4 13],39,-1,92,-1,74
1,<environment.Job instance at 0x7f82f6d9cb90>,39,14,[ 1 10],40,-1,88,-1,74
1,<environment.Job instance at 0x7f82f6d9cb40>,40,1,[5 2],41,-1,75,-1,74
1,<environment.Job instance at 0x7f82f6d9ccd0>,41,3,[ 1 10],42,-1,77,-1,74
1,<environment.Job instance at 0x7f82f6d9ce60>,42,2,[4 7],43,-1,76,-1,74
1,<environment.Job instance at 0x7f82f6d9caa0>,45,3,[ 4 10],46,-1,93,-1,90
1,<environment.Job instance at 0x7f82f6d7d230>,47,1,[1 5],48,-1,109,-1,108
1,<environment.Job instance at 0x7f82f6d7d8c0>,57,13,[ 1 10],58,-1,157,-1,144
1,<environment.Job instance at 0x7f82f6d7da50>,58,2,[1 9],59,-1,146,-1,144
1,<environment.Job instance at 0x7f82f6d7db90>,60,13,[ 2 10],61,-1,157,-1,144
1,<environment.Job instance at 0x7f82f6d7de10>,64,1,[3 7],65,-1,158,-1,157
1,<environment.Job instance at 0x7f82f6d7deb0>,65,2,[ 5 10],66,-1,159,-1,157
1,<environment.Job instance at 0x7f82f746e3c0>,67,2,[2 8],68,-1,177,-1,175
1,<environment.Job instance at 0x7f82f69ad2d0>,1,26,[ 5 11],2,-1,28,-1,2
1,<environment.Job instance at 0x7f82f79784b0>,5,15,[ 5 13],6,-1,21,-1,6
1,<environment.Job instance at 0x7f82f69ad1e0>,10,1,[ 5 10],11,-1,19,-1,18
1,<environment.Job instance at 0x7f83001916e0>,16,3,[4 9],17,-1,30,-1,27
1,<environment.Job instance at 0x7f8300191af0>,17,16,[ 2 12],18,-1,43,-1,27
1,<environment.Job instance at 0x7f8300191e60>,18,1,[3 6],19,-1,28,-1,27
1,<environment.Job instance at 0x7f8300191370>,19,2,[ 1 11],20,-1,29,-1,27
1,<environment.Job instance at 0x7f8300191b40>,20,2,[8 1],21,-1,29,-1,27
1,<environment.Job instance at 0x7f82f758afa0>,53,1,[ 3 10],54,-1,154,-1,153
1,<environment.Job instance at 0x7f82f7c40a00>,55,25,[8 3],56,-1,178,-1,153
1,<environment.Job instance at 0x7f82f7c40fa0>,56,2,[ 1 10],57,-1,155,-1,153
1,<environment.Job instance at 0x7f82f7c406e0>,58,12,[ 2 12],59,-1,176,-1,164
1,<environment.Job instance at 0x7f82f7c40cd0>,59,1,[7 1],60,-1,165,-1,164
1,<environment.Job instance at 0x7f82f7c40460>,61,2,[9 4],62,-1,167,-1,165
1,<environment.Job instance at 0x7f82f7c40690>,62,1,[2 7],63,-1,166,-1,165
1,<environment.Job instance at 0x7f82f7c40b40>,63,1,[4 8],64,-1,166,-1,165
1,<environment.Job instance at 0x7f82f7c40870>,64,1,[5 4],65,-1,166,-1,165
1,<environment.Job instance at 0x7f82f7c40230>,65,3,[7 4],66,-1,169,-1,166
1,<environment.Job instance at 0x7f82f7c40eb0>,68,1,[3 8],69,-1,184,-1,183
1,<environment.Job instance at 0x7f82f64c0690>,2,1,[ 1 10],3,-1,4,-1,3
1,<environment.Job instance at 0x7f82f64c0280>,5,18,[ 5 11],6,-1,24,-1,6
1,<environment.Job instance at 0x7f82f64c0af0>,10,2,[6 2],11,-1,13,-1,11
1,<environment.Job instance at 0x7f82f657f8c0>,11,26,[3 8],12,-1,38,-1,12
1,<environment.Job instance at 0x7f82f657f0f0>,13,17,[ 5 13],14,-1,31,-1,14
1,<environment.Job instance at 0x7f82f656d9b0>,19,2,[ 1 14],20,-1,22,-1,20
1,<environment.Job instance at 0x7f82f72b7eb0>,30,3,[4 8],31,-1,60,-1,57
1,<environment.Job instance at 0x7f82f72b7cd0>,31,1,[8 1],32,-1,58,-1,57
1,<environment.Job instance at 0x7f82f72b7870>,32,2,[9 1],33,-1,59,-1,57
1,<environment.Job instance at 0x7f82f72b7370>,35,3,[3 5],36,-1,76,-1,73
1,<environment.Job instance at 0x7f82f7774500>,45,3,[ 4 13],46,-1,148,-1,145
1,<environment.Job instance at 0x7f82f77740a0>,46,28,[2 6],47,-1,173,-1,145
1,<environment.Job instance at 0x7f82f77744b0>,49,26,[10  1],50,-1,174,-1,148
1,<environment.Job instance at 0x7f82f77745a0>,53,3,[9 2],54,-1,179,-1,176
1,<environment.Job instance at 0x7f82f6af3dc0>,54,2,[8 3],55,-1,178,-1,176
1,<environment.Job instance at 0x7f82f6af36e0>,56,2,[3 7],57,-1,182,-1,180
1,<environment.Job instance at 0x7f82f6af3140>,57,16,[13  3],58,-1,196,-1,180
1,<environment.Job instance at 0x7f82f6e1d5a0>,6,1,[ 3 10],7,-1,18,-1,17
1,<environment.Job instance at 0x7f82f6df88c0>,12,3,[8 1],13,-1,50,-1,47
1,<environment.Job instance at 0x7f82f6c205f0>,21,2,[5 5],22,-1,49,-1,47
1,<environment.Job instance at 0x7f82f6c20690>,22,3,[6 3],23,-1,50,-1,47
1,<environment.Job instance at 0x7f82f6c20730>,23,3,[10  2],24,-1,50,-1,47
1,<environment.Job instance at 0x7f82f6f4eaf0>,11,3,[7 5],12,-1,15,-1,12
1,<environment.Job instance at 0x7f82f6f4e730>,12,3,[8 5],13,-1,16,-1,13
1,<environment.Job instance at 0x7f82f77b9b40>,13,3,[6 4],14,-1,17,-1,14
1,<environment.Job instance at 0x7f82f77b99b0>,14,2,[7 5],15,-1,17,-1,15
1,<environment.Job instance at 0x7f82f6f4efa0>,16,3,[1 8],17,-1,29,-1,26
1,<environment.Job instance at 0x7f82f6766f50>,18,3,[2 7],19,-1,29,-1,26
1,<environment.Job instance at 0x7f82f77b9aa0>,19,15,[12  2],20,-1,41,-1,26
1,<environment.Job instance at 0x7f82f6a44410>,25,1,[5 5],26,-1,48,-1,47
1,<environment.Job instance at 0x7f82f741cbe0>,27,25,[1 7],28,-1,82,-1,57
1,<environment.Job instance at 0x7f82f6aafe10>,30,1,[5 2],31,-1,77,-1,76
1,<environment.Job instance at 0x7f82f6575eb0>,31,2,[ 5 11],32,-1,78,-1,76
1,<environment.Job instance at 0x7f82f65753c0>,35,3,[ 3 11],36,-1,94,-1,91
1,<environment.Job instance at 0x7f82f6575910>,36,1,[ 4 10],37,-1,92,-1,91
1,<environment.Job instance at 0x7f82f65755a0>,38,3,[5 3],39,-1,108,-1,105
1,<environment.Job instance at 0x7f82f6575fa0>,39,2,[5 9],40,-1,107,-1,105
1,<environment.Job instance at 0x7f82f65759b0>,42,20,[ 1 10],43,-1,141,-1,121
1,<environment.Job instance at 0x7f82f6575320>,43,3,[10  5],44,-1,124,-1,121
1,<environment.Job instance at 0x7f82f6575190>,44,1,[ 4 10],45,-1,122,-1,121
1,<environment.Job instance at 0x7f82f78d6460>,50,2,[5 8],51,-1,159,-1,157
1,<environment.Job instance at 0x7f82f70b1b90>,51,2,[9 2],52,-1,159,-1,157
1,<environment.Job instance at 0x7f82f6575aa0>,52,14,[14  2],53,-1,171,-1,157
1,<environment.Job instance at 0x7f82f6575410>,53,3,[ 2 10],54,-1,160,-1,157
1,<environment.Job instance at 0x7f82f67ac6e0>,54,2,[8 5],55,-1,159,-1,157
1,<environment.Job instance at 0x7f82f67ac870>,55,1,[ 5 13],56,-1,158,-1,157
1,<environment.Job instance at 0x7f82f67ac2d0>,56,27,[6 1],57,-1,184,-1,157
1,<environment.Job instance at 0x7f82f70d6870>,58,3,[1 7],59,-1,160,-1,157
1,<environment.Job instance at 0x7f82f70d67d0>,61,3,[5 4],62,-1,167,-1,164
1,<environment.Job instance at 0x7f82f70d69b0>,62,1,[5 3],63,-1,165,-1,164
1,<environment.Job instance at 0x7f82f6527cd0>,64,23,[5 9],65,-1,196,-1,173
1,<environment.Job instance at 0x7f82f73791e0>,9,3,[4 9],10,-1,14,-1,11
1,<environment.Job instance at 0x7f82f7379500>,11,14,[ 2 10],12,-1,26,-1,12
1,<environment.Job instance at 0x7f82f73a6af0>,17,18,[ 1 10],18,-1,39,-1,21
1,<environment.Job instance at 0x7f82f73a6cd0>,18,1,[5 3],19,-1,22,-1,21
1,<environment.Job instance at 0x7f82f73a6d70>,19,27,[10  2],20,-1,48,-1,21
1,<environment.Job instance at 0x7f82f73a6f50>,20,3,[7 3],21,-1,24,-1,21
1,<environment.Job instance at 0x7f82f73a6aa0>,21,23,[11  3],22,-1,45,-1,22
1,<environment.Job instance at 0x7f82f73a6910>,22,1,[5 5],23,-1,24,-1,23
1,<environment.Job instance at 0x7f830019c190>,10,3,[ 1 12],11,-1,14,-1,11
1,<environment.Job instance at 0x7f82f7846690>,17,3,[2 7],18,-1,30,-1,27
1,<environment.Job instance at 0x7f82f7b05460>,18,25,[8 3],19,-1,52,-1,27
1,<environment.Job instance at 0x7f82f7b05640>,19,1,[5 1],20,-1,28,-1,27
1,<environment.Job instance at 0x7f82f7b052d0>,20,1,[9 4],21,-1,28,-1,27
1,<environment.Job instance at 0x7f82f6db4730>,21,1,[4 8],22,-1,28,-1,27
1,<environment.Job instance at 0x7f82f7b05550>,22,26,[5 3],23,-1,53,-1,27
1,<environment.Job instance at 0x7f82f7b05820>,23,14,[14  3],24,-1,41,-1,27
1,<environment.Job instance at 0x7f82f7b25820>,24,24,[ 4 13],25,-1,51,-1,27
1,<environment.Job instance at 0x7f82f63ba410>,25,2,[ 4 14],26,-1,29,-1,27
1,<environment.Job instance at 0x7f82f63ba690>,28,13,[ 4 12],29,-1,46,-1,33
1,<environment.Job instance at 0x7f82f76a64b0>,29,24,[5 6],30,-1,57,-1,33
1,<environment.Job instance at 0x7f82f67d21e0>,31,2,[5 7],32,-1,43,-1,41
1,<environment.Job instance at 0x7f82f772d8c0>,33,3,[ 2 10],34,-1,53,-1,50
1,<environment.Job instance at 0x7f82f794ef00>,35,15,[11  3],36,-1,68,-1,53
1,<environment.Job instance at 0x7f830067da50>,37,3,[6 4],38,-1,68,-1,65
1,<environment.Job instance at 0x7f830067d550>,39,3,[5 1],40,-1,72,-1,69
1,<environment.Job instance at 0x7f82f7274280>,40,3,[8 3],41,-1,72,-1,69
1,<environment.Job instance at 0x7f82f6cf7730>,42,2,[10  1],43,-1,72,-1,70
1,<environment.Job instance at 0x7f82f7274b40>,43,22,[5 3],44,-1,92,-1,70
1,<environment.Job instance at 0x7f82f7274230>,44,3,[5 5],45,-1,73,-1,70
1,<environment.Job instance at 0x7f82f64c9b40>,46,3,[1 7],47,-1,84,-1,81
1,<environment.Job instance at 0x7f82f64c98c0>,48,1,[6 1],49,-1,87,-1,86
1,<environment.Job instance at 0x7f82f7843960>,51,27,[8 3],52,-1,127,-1,100
1,<environment.Job instance at 0x7f82f63304b0>,52,3,[ 5 13],53,-1,103,-1,100
1,<environment.Job instance at 0x7f82f63305a0>,53,1,[ 3 11],54,-1,101,-1,100
1,<environment.Job instance at 0x7f82f63302d0>,54,3,[5 6],55,-1,103,-1,100
1,<environment.Job instance at 0x7f82f6330640>,56,2,[6 1],57,-1,104,-1,102
1,<environment.Job instance at 0x7f82f6330370>,57,2,[5 7],58,-1,104,-1,102
1,<environment.Job instance at 0x7f82f6330b90>,58,2,[5 5],59,-1,104,-1,102
1,<environment.Job instance at 0x7f82f6330b40>,59,1,[4 7],60,-1,103,-1,102
1,<environment.Job instance at 0x7f82f6330e10>,60,3,[10  1],61,-1,105,-1,102
1,<environment.Job instance at 0x7f82f6330e60>,61,2,[9 3],62,-1,104,-1,102
1,<environment.Job instance at 0x7f82f6330690>,62,2,[3 7],63,-1,104,-1,102
1,<environment.Job instance at 0x7f82f63300f0>,63,3,[9 1],64,-1,105,-1,102
1,<environment.Job instance at 0x7f82f6330fa0>,64,3,[6 1],65,-1,105,-1,102
1,<environment.Job instance at 0x7f82f632de10>,65,2,[7 4],66,-1,104,-1,102
1,<environment.Job instance at 0x7f82f632d0a0>,67,2,[9 5],68,-1,117,-1,115
1,<environment.Job instance at 0x7f82f632d7d0>,69,3,[9 2],70,-1,120,-1,117
1,<environment.Job instance at 0x7f82f632d960>,70,28,[5 9],71,-1,145,-1,117
1,<environment.Job instance at 0x7f82f76d73c0>,75,25,[3 7],76,-1,163,-1,138
1,<environment.Job instance at 0x7f82f76d7960>,76,24,[5 8],77,-1,162,-1,138
1,<environment.Job instance at 0x7f82f76d7140>,78,1,[7 1],79,-1,155,-1,154
1,<environment.Job instance at 0x7f82f76d77d0>,79,3,[4 6],80,-1,157,-1,154
1,<environment.Job instance at 0x7f82f76d78c0>,82,1,[ 5 10],83,-1,161,-1,160
1,<environment.Job instance at 0x7f82f76d7b40>,85,14,[ 4 14],86,-1,183,-1,169
1,<environment.Job instance at 0x7f82f76d76e0>,87,3,[7 3],88,-1,183,-1,180
1,<environment.Job instance at 0x7f82f76d7f50>,88,2,[1 8],89,-1,182,-1,180
1,<environment.Job instance at 0x7f82f76d7be0>,89,15,[14  3],90,-1,195,-1,180
1,<environment.Job instance at 0x7f83001b9500>,90,2,[5 4],91,-1,182,-1,180
