iteration,job object,job ID,job Length,job ressource requirement,job enter time,job start time,job finish time,job waiting time,current time
1,<environment.Job instance at 0x1532b1334b90>,4,2,[7 2],5,5,7,0,5
1,<environment.Job instance at 0x1532b1334e10>,5,3,[9 2],6,7,10,1,6
1,<environment.Job instance at 0x1532baf99960>,1,3,[1 9],2,10,13,8,7
1,<environment.Job instance at 0x1532b2fa1640>,0,2,[6 1],1,1,3,0,1
1,<environment.Job instance at 0x1532b1e970f0>,2,3,[1 8],3,3,6,0,3
1,<environment.Job instance at 0x1532b1e97280>,3,3,[1 8],4,6,9,2,4
1,<environment.Job instance at 0x1532b1337190>,4,2,[8 1],7,8,10,1,8
1,<environment.Job instance at 0x1532b1e97fa0>,5,2,[ 1 10],8,14,16,6,14
1,<environment.Job instance at 0x1532b1e97140>,0,1,[2 5],1,4,5,3,4
1,<environment.Job instance at 0x1532b1337690>,2,2,[10  1],5,6,8,1,6
1,<environment.Job instance at 0x1532b1e97fa0>,3,3,[6 2],6,8,11,2,8
1,<environment.Job instance at 0x1532b2feb2d0>,5,3,[6 1],9,12,15,3,12
1,<environment.Job instance at 0x1532b010fbe0>,2,2,[2 8],4,5,7,1,5
1,<environment.Job instance at 0x1532b010fa50>,4,2,[2 7],6,7,9,1,6
1,<environment.Job instance at 0x1532a82dceb0>,5,2,[2 7],7,9,11,2,7
1,<environment.Job instance at 0x1532b0213820>,0,3,[9 2],1,2,5,1,2
1,<environment.Job instance at 0x1532b0213050>,2,1,[2 7],3,5,6,2,3
1,<environment.Job instance at 0x1532b0213c30>,1,3,[2 9],2,507,510,505,507
1,<environment.Job instance at 0x1532b01d3f50>,0,1,[8 1],1,1,2,0,1
1,<environment.Job instance at 0x1532b8cb8cd0>,4,1,[10  1],6,6,7,0,6
1,<environment.Job instance at 0x1532b2f515f0>,5,3,[7 2],7,7,10,0,7
1,<environment.Job instance at 0x1532b2f51c80>,6,3,[1 8],8,8,11,0,8
1,<environment.Job instance at 0x1532b3e4faf0>,0,2,[2 8],1,1,3,0,1
1,<environment.Job instance at 0x1532b2f51550>,1,1,[1 6],3,4,5,1,4
1,<environment.Job instance at 0x1532b15925f0>,0,2,[1 7],2,2,4,0,2
1,<environment.Job instance at 0x1532a8042aa0>,2,2,[2 5],5,6,8,1,6
1,<environment.Job instance at 0x1532a80e0f00>,4,1,[10  2],9,9,10,0,9
1,<environment.Job instance at 0x1532a80c46e0>,3,3,[1 5],7,7,10,0,7
1,<environment.Job instance at 0x15328bcde3c0>,4,3,[9 2],8,8,11,0,8
1,<environment.Job instance at 0x15328bcde370>,5,3,[10  1],9,11,14,2,9
1,<environment.Job instance at 0x15328bcc4500>,1,3,[2 9],2,2,5,0,2
1,<environment.Job instance at 0x15328bcc4050>,2,3,[1 9],3,5,8,2,3
1,<environment.Job instance at 0x15328bcc4460>,4,3,[1 9],5,8,11,3,5
1,<environment.Job instance at 0x15328bcc4c80>,5,1,[2 5],6,11,12,5,9
1,<environment.Job instance at 0x1532b3b5cfa0>,1,2,[6 2],3,3,5,0,3
1,<environment.Job instance at 0x1532b3b5c5f0>,2,3,[6 2],6,6,9,0,6
1,<environment.Job instance at 0x1532b3b5cb40>,3,1,[1 6],7,7,8,0,7
1,<environment.Job instance at 0x1532b3b5ca00>,4,2,[2 5],8,8,10,0,8
1,<environment.Job instance at 0x1532b3b5c640>,5,2,[ 1 10],9,10,12,1,9
1,<environment.Job instance at 0x1532b00f6f50>,0,3,[7 2],1,1,4,0,1
1,<environment.Job instance at 0x1532b00f6690>,2,3,[ 2 10],4,4,7,0,4
1,<environment.Job instance at 0x1532b00f6fa0>,4,1,[10  1],7,7,8,0,7
1,<environment.Job instance at 0x1532b3b730f0>,3,12,[2 8],5,8,20,3,8
1,<environment.Job instance at 0x1532b3079640>,1,2,[2 6],2,2,4,0,2
1,<environment.Job instance at 0x1532b30790a0>,3,2,[1 9],6,6,8,0,6
1,<environment.Job instance at 0x1532a8372a00>,4,1,[2 7],7,8,9,1,7
1,<environment.Job instance at 0x1532a83723c0>,1,3,[2 8],2,2,5,0,2
1,<environment.Job instance at 0x1532b134d2d0>,1,1,[ 2 10],2,5,6,3,5
1,<environment.Job instance at 0x1532b134d5f0>,5,18,[1 8],6,6,24,0,6
1,<environment.Job instance at 0x1532a812c9b0>,1,3,[ 2 10],2,7,10,5,7
1,<environment.Job instance at 0x1532a8047690>,5,15,[9 2],7,10,25,3,7
1,<environment.Job instance at 0x1532a8047870>,6,18,[2 6],8,268,286,260,268
1,<environment.Job instance at 0x1532a812caa0>,2,3,[2 5],3,306,309,303,306
1,<environment.Job instance at 0x1532a80476e0>,0,3,[9 1],3,3,6,0,3
1,<environment.Job instance at 0x1532b01c7e10>,2,1,[1 8],6,11,12,5,11
1,<environment.Job instance at 0x1532b01c7cd0>,3,15,[1 6],7,42,57,35,42
1,<environment.Job instance at 0x1532b2f18b40>,0,3,[1 7],1,1,4,0,1
1,<environment.Job instance at 0x1532a8042280>,2,27,[1 8],3,25,52,22,25
1,<environment.Job instance at 0x15328bb9fb40>,6,28,[2 8],9,57,85,48,57
1,<environment.Job instance at 0x15328bbb5230>,0,3,[5 1],3,3,6,0,3
1,<environment.Job instance at 0x1532b2f73640>,2,3,[ 2 10],6,6,9,0,6
1,<environment.Job instance at 0x1532b010a960>,3,2,[1 9],8,9,11,1,8
1,<environment.Job instance at 0x15328b9c8c30>,0,2,[ 2 10],1,2,4,1,2
1,<environment.Job instance at 0x15328b9c8050>,1,3,[5 2],2,4,7,2,2
1,<environment.Job instance at 0x15328b9c8aa0>,3,2,[ 2 10],4,7,9,3,4
1,<environment.Job instance at 0x15328b9c86e0>,4,2,[2 9],5,9,11,4,5
1,<environment.Job instance at 0x15328b9c8820>,7,2,[9 1],9,11,13,2,9
1,<environment.Job instance at 0x15328bbb34b0>,0,2,[ 1 10],1,1,3,0,1
1,<environment.Job instance at 0x15328ba8b9b0>,2,1,[1 7],3,3,4,0,3
1,<environment.Job instance at 0x15328bbb3cd0>,3,1,[2 9],4,4,5,0,4
1,<environment.Job instance at 0x1532b2f18550>,4,15,[1 7],5,5,20,0,5
1,<environment.Job instance at 0x15328b9c8280>,5,3,[ 2 10],7,20,23,13,8
1,<environment.Job instance at 0x1532b832ec30>,0,2,[8 2],1,1,3,0,1
1,<environment.Job instance at 0x1532b832ec80>,1,3,[8 1],2,3,6,1,2
1,<environment.Job instance at 0x1532b832e6e0>,2,2,[2 5],3,3,5,0,3
1,<environment.Job instance at 0x1532b832ee10>,4,2,[10  1],5,6,8,1,5
1,<environment.Job instance at 0x1532b832e910>,5,3,[ 2 10],7,8,11,1,7
1,<environment.Job instance at 0x1532a8160230>,2,1,[2 6],3,3,4,0,3
1,<environment.Job instance at 0x1532b8be7280>,3,16,[9 1],6,6,22,0,6
1,<environment.Job instance at 0x1532b3c03960>,0,1,[9 1],1,2,3,1,2
1,<environment.Job instance at 0x1532b3c03be0>,2,2,[6 2],3,3,5,0,3
1,<environment.Job instance at 0x1532a8160eb0>,3,1,[9 1],5,6,7,1,6
1,<environment.Job instance at 0x1532b3c03e10>,5,1,[ 1 10],7,7,8,0,7
1,<environment.Job instance at 0x1532b3c03320>,1,12,[1 5],2,8,20,6,8
1,<environment.Job instance at 0x1532b3ab3550>,0,2,[10  2],1,1,3,0,1
1,<environment.Job instance at 0x1532b3c03410>,1,3,[2 8],5,5,8,0,5
1,<environment.Job instance at 0x1532b3ab3820>,3,2,[1 6],7,9,11,2,9
1,<environment.Job instance at 0x1532b308cdc0>,3,2,[2 5],8,8,10,0,8
1,<environment.Job instance at 0x1532b8309eb0>,0,3,[8 1],2,2,5,0,2
1,<environment.Job instance at 0x1532b308cf00>,1,1,[7 2],3,5,6,2,4
1,<environment.Job instance at 0x1532b30c0230>,2,2,[5 2],4,6,8,2,6
1,<environment.Job instance at 0x15328b929f50>,4,14,[6 1],7,8,22,1,8
1,<environment.Job instance at 0x15328b918960>,1,2,[6 2],2,11,13,9,11
1,<environment.Job instance at 0x1532a819ee10>,3,2,[8 2],5,5,7,0,5
1,<environment.Job instance at 0x1532a819e870>,4,3,[1 7],6,6,9,0,6
1,<environment.Job instance at 0x1532a819e410>,6,1,[5 2],8,8,9,0,8
1,<environment.Job instance at 0x15328bd27d70>,0,2,[5 2],2,2,4,0,2
1,<environment.Job instance at 0x15328bd276e0>,1,2,[1 7],4,5,7,1,5
1,<environment.Job instance at 0x1532b0322be0>,2,2,[5 2],5,5,7,0,5
1,<environment.Job instance at 0x1532b182cd70>,5,2,[10  1],9,9,11,0,9
1,<environment.Job instance at 0x15328b897960>,2,3,[1 8],5,5,8,0,5
1,<environment.Job instance at 0x1532b18472d0>,1,1,[2 5],4,8,9,4,7
1,<environment.Job instance at 0x15328b8970a0>,4,2,[7 2],9,9,11,0,9
1,<environment.Job instance at 0x15328bd6e6e0>,0,3,[ 2 10],1,1,4,0,1
1,<environment.Job instance at 0x15328b897d20>,2,2,[2 5],4,4,6,0,4
1,<environment.Job instance at 0x15328bd6e3c0>,5,2,[ 1 10],7,7,9,0,7
1,<environment.Job instance at 0x1532b3091960>,6,3,[7 2],8,9,12,1,8
1,<environment.Job instance at 0x15328b894780>,1,3,[1 9],2,2,5,0,2
1,<environment.Job instance at 0x1532a8129370>,2,1,[6 1],3,3,4,0,3
1,<environment.Job instance at 0x1532a81294b0>,3,3,[5 1],4,4,7,0,4
1,<environment.Job instance at 0x15328b894640>,4,3,[1 7],9,9,12,0,9
1,<environment.Job instance at 0x1532b3b123c0>,2,2,[10  1],3,3,5,0,3
1,<environment.Job instance at 0x15328b894d20>,3,3,[1 9],4,5,8,1,4
1,<environment.Job instance at 0x15328b894c80>,4,3,[1 8],8,8,11,0,8
1,<environment.Job instance at 0x1532a803a230>,1,2,[9 2],2,2,4,0,2
1,<environment.Job instance at 0x1532a803abe0>,0,2,[2 7],1,4,6,3,2
1,<environment.Job instance at 0x1532a803a6e0>,2,3,[5 2],3,4,7,1,3
1,<environment.Job instance at 0x1532a803a1e0>,6,1,[1 8],8,8,9,0,8
1,<environment.Job instance at 0x1532b038f2d0>,1,3,[5 2],4,4,7,0,4
1,<environment.Job instance at 0x1532a803a5a0>,2,2,[ 2 10],5,7,9,2,5
1,<environment.Job instance at 0x1532a803a780>,4,17,[10  1],8,9,26,1,8
1,<environment.Job instance at 0x1532b302d4b0>,0,1,[6 2],1,3,4,2,3
1,<environment.Job instance at 0x1532b302db90>,1,3,[2 7],3,4,7,1,4
1,<environment.Job instance at 0x1532b302d780>,3,2,[8 1],8,8,10,0,8
1,<environment.Job instance at 0x1532b1344320>,0,2,[1 9],1,1,3,0,1
1,<environment.Job instance at 0x15328bf757d0>,3,3,[1 8],4,4,7,0,4
1,<environment.Job instance at 0x1532b1344460>,6,2,[1 6],8,9,11,1,9
1,<environment.Job instance at 0x1532b1344780>,1,3,[9 1],2,2,5,0,2
1,<environment.Job instance at 0x15328beb6cd0>,0,1,[7 2],1,5,6,4,2
1,<environment.Job instance at 0x15328bb362d0>,4,3,[2 7],6,6,9,0,6
1,<environment.Job instance at 0x15328bb36140>,6,2,[ 1 10],9,9,11,0,9
1,<environment.Job instance at 0x15328bb36a50>,0,2,[2 9],1,2,4,1,2
1,<environment.Job instance at 0x1532b31ae550>,3,16,[1 5],8,9,25,1,9
1,<environment.Job instance at 0x1532b31aebe0>,1,2,[5 1],3,4,6,1,4
1,<environment.Job instance at 0x1532b0130460>,3,2,[10  2],5,6,8,1,5
1,<environment.Job instance at 0x1532b31ae550>,5,3,[9 2],8,8,11,0,8
1,<environment.Job instance at 0x1532b01305f0>,2,1,[2 7],4,11,12,7,11
1,<environment.Job instance at 0x1532a805a5f0>,0,3,[6 2],1,1,4,0,1
1,<environment.Job instance at 0x1532b0196910>,1,2,[5 2],2,4,6,2,3
1,<environment.Job instance at 0x1532b01305f0>,2,3,[1 7],3,4,7,1,4
1,<environment.Job instance at 0x1532a805aaf0>,3,2,[9 2],5,6,8,1,5
1,<environment.Job instance at 0x1532a805a870>,5,3,[1 7],8,8,11,0,8
1,<environment.Job instance at 0x1532a805aa50>,0,3,[6 1],3,3,6,0,3
1,<environment.Job instance at 0x1532a805a550>,5,12,[5 2],8,8,20,0,8
1,<environment.Job instance at 0x15328b9a36e0>,6,3,[8 1],9,20,23,11,9
1,<environment.Job instance at 0x15328b9a3c30>,4,16,[2 9],7,20,36,13,11
1,<environment.Job instance at 0x1532b31d9460>,1,1,[10  1],4,5,6,1,5
1,<environment.Job instance at 0x1532b8275870>,4,16,[2 8],9,9,25,0,9
1,<environment.Job instance at 0x1532b8326e10>,2,27,[1 7],5,39,66,34,39
1,<environment.Job instance at 0x1532b8326e10>,2,2,[1 5],5,5,7,0,5
1,<environment.Job instance at 0x1532b31132d0>,3,2,[8 1],6,6,8,0,6
1,<environment.Job instance at 0x1532b004ac30>,4,3,[2 9],7,7,10,0,7
1,<environment.Job instance at 0x1532b3113be0>,5,1,[5 1],9,9,10,0,9
1,<environment.Job instance at 0x1532b00624b0>,1,3,[2 8],2,2,5,0,2
1,<environment.Job instance at 0x1532b831ef00>,4,3,[1 6],7,7,10,0,7
1,<environment.Job instance at 0x1532b831e0a0>,5,2,[8 2],8,8,10,0,8
1,<environment.Job instance at 0x15328bbd5140>,0,3,[10  1],1,1,4,0,1
1,<environment.Job instance at 0x15328bbd5aa0>,1,2,[1 7],2,4,6,2,3
1,<environment.Job instance at 0x15328bbd5320>,3,3,[1 9],4,6,9,2,4
1,<environment.Job instance at 0x15328bbd5780>,4,2,[1 8],6,9,11,3,6
1,<environment.Job instance at 0x15328bbd5e10>,5,2,[1 5],8,11,13,3,8
1,<environment.Job instance at 0x15328bbd5190>,2,15,[1 5],3,15,30,12,15
1,<environment.Job instance at 0x1532b8beaf50>,0,1,[8 2],1,1,2,0,1
1,<environment.Job instance at 0x15328bbd5190>,2,2,[6 1],4,5,7,1,5
1,<environment.Job instance at 0x1532b3af6320>,3,3,[10  1],6,16,19,10,16
1,<environment.Job instance at 0x1532b006e9b0>,0,2,[1 7],1,1,3,0,1
1,<environment.Job instance at 0x1532b006e5a0>,3,3,[1 6],4,4,7,0,4
1,<environment.Job instance at 0x1532b006e280>,5,2,[ 1 10],6,7,9,1,6
1,<environment.Job instance at 0x1532b0046960>,4,16,[1 5],5,9,25,4,7
1,<environment.Job instance at 0x1532b0046e60>,6,17,[2 9],7,25,42,18,13
1,<environment.Job instance at 0x1532b0046500>,8,16,[2 8],9,53,69,44,53
1,<environment.Job instance at 0x1532b0056e60>,0,2,[1 8],1,1,3,0,1
1,<environment.Job instance at 0x1532b0046cd0>,1,3,[2 8],2,3,6,1,2
1,<environment.Job instance at 0x1532b00569b0>,2,2,[2 8],3,6,8,3,4
1,<environment.Job instance at 0x1532b0046500>,3,3,[5 2],6,6,9,0,6
1,<environment.Job instance at 0x15328ba1ceb0>,5,2,[2 8],9,9,11,0,9
1,<environment.Job instance at 0x15328ba1ceb0>,3,2,[10  1],4,4,6,0,4
1,<environment.Job instance at 0x1532b3c052d0>,4,2,[2 7],6,6,8,0,6
1,<environment.Job instance at 0x1532b3c058c0>,5,1,[5 2],7,7,8,0,7
1,<environment.Job instance at 0x1532b3c05f50>,6,1,[2 5],8,8,9,0,8
1,<environment.Job instance at 0x1532b3209140>,0,3,[2 5],1,1,4,0,1
1,<environment.Job instance at 0x1532baf33f50>,2,2,[5 2],3,3,5,0,3
1,<environment.Job instance at 0x1532b2f51820>,3,1,[7 1],6,6,7,0,6
1,<environment.Job instance at 0x1532b2f51320>,4,2,[7 1],7,7,9,0,7
1,<environment.Job instance at 0x1532b2f51460>,5,1,[7 2],8,9,10,1,8
1,<environment.Job instance at 0x1532b2f51a50>,6,3,[10  2],9,10,13,1,9
1,<environment.Job instance at 0x1532b3ac98c0>,1,3,[1 7],3,3,6,0,3
1,<environment.Job instance at 0x1532b03ac870>,0,1,[1 7],1,2,3,1,2
1,<environment.Job instance at 0x1532b2b02410>,1,3,[2 7],2,3,6,1,2
1,<environment.Job instance at 0x15328bc77b90>,0,1,[2 6],1,3,4,2,3
1,<environment.Job instance at 0x15328bc77af0>,1,3,[1 7],3,4,7,1,4
1,<environment.Job instance at 0x15328bc77c80>,4,17,[9 1],6,6,23,0,6
1,<environment.Job instance at 0x15328bca8460>,5,3,[5 1],7,23,26,16,7
1,<environment.Job instance at 0x15328bca8870>,6,1,[10  1],8,26,27,18,8
1,<environment.Job instance at 0x15328bcdda00>,0,2,[2 6],1,1,3,0,1
1,<environment.Job instance at 0x15328bca8820>,1,3,[9 2],2,3,6,1,2
1,<environment.Job instance at 0x15328bca8cd0>,3,16,[10  2],4,6,22,2,5
1,<environment.Job instance at 0x15328ba49c30>,1,2,[1 8],2,2,4,0,2
1,<environment.Job instance at 0x15328ba495a0>,3,1,[2 5],4,4,5,0,4
1,<environment.Job instance at 0x1532b31a7cd0>,4,14,[2 8],5,5,19,0,5
1,<environment.Job instance at 0x1532b31a7e60>,5,2,[7 1],6,6,8,0,6
1,<environment.Job instance at 0x15328ba49640>,6,3,[7 1],7,8,11,1,7
1,<environment.Job instance at 0x1532b31a69b0>,1,3,[7 1],6,6,9,0,6
1,<environment.Job instance at 0x1532b31f75a0>,2,3,[2 8],7,7,10,0,7
1,<environment.Job instance at 0x1532b31f7500>,3,3,[1 9],8,10,13,2,8
1,<environment.Job instance at 0x1532b3c05730>,1,12,[7 1],4,4,16,0,4
1,<environment.Job instance at 0x1532b31f7e10>,2,3,[10  1],7,16,19,9,7
1,<environment.Job instance at 0x1532b3c057d0>,3,3,[6 1],9,19,22,10,9
1,<environment.Job instance at 0x1532a8127690>,0,2,[7 1],2,2,4,0,2
1,<environment.Job instance at 0x1532a8127960>,2,1,[7 1],6,7,8,1,7
1,<environment.Job instance at 0x1532a8127c30>,3,2,[5 1],7,8,10,1,7
1,<environment.Job instance at 0x1532a8282d20>,2,3,[8 1],3,3,6,0,3
1,<environment.Job instance at 0x1532b01df280>,3,3,[2 6],6,6,9,0,6
1,<environment.Job instance at 0x1532b00f6960>,1,1,[1 9],2,3,4,1,3
1,<environment.Job instance at 0x1532b1570910>,2,3,[2 9],4,4,7,0,4
1,<environment.Job instance at 0x1532b82414b0>,3,1,[10  2],5,7,8,2,7
1,<environment.Job instance at 0x1532b1570410>,4,1,[5 2],6,8,9,2,7
1,<environment.Job instance at 0x1532b156f460>,1,3,[10  2],3,3,6,0,3
1,<environment.Job instance at 0x1532b2f3dcd0>,2,2,[1 6],7,7,9,0,7
1,<environment.Job instance at 0x1532b1e8eeb0>,3,3,[1 9],8,9,12,1,8
1,<environment.Job instance at 0x1532b02b6aa0>,1,1,[6 2],2,2,3,0,2
1,<environment.Job instance at 0x1532b02b66e0>,2,3,[10  2],4,4,7,0,4
1,<environment.Job instance at 0x1532b02b6820>,3,3,[5 1],8,8,11,0,8
1,<environment.Job instance at 0x15328bba8690>,0,2,[6 2],1,1,3,0,1
1,<environment.Job instance at 0x15328bba8b40>,1,3,[9 1],2,3,6,1,2
1,<environment.Job instance at 0x1532b1ea6a00>,3,2,[5 2],4,6,8,2,4
1,<environment.Job instance at 0x15328bba8820>,5,21,[1 8],6,6,27,0,6
1,<environment.Job instance at 0x15328bba8320>,7,2,[6 1],9,9,11,0,9
1,<environment.Job instance at 0x1532b3b45960>,0,3,[9 2],2,2,5,0,2
1,<environment.Job instance at 0x15328bba8c80>,1,2,[5 1],3,5,7,2,4
1,<environment.Job instance at 0x1532a8115870>,3,3,[9 2],5,7,10,2,5
1,<environment.Job instance at 0x15328bba80f0>,4,2,[2 9],7,10,12,3,7
1,<environment.Job instance at 0x1532a8115640>,2,17,[1 9],4,20,37,16,20
1,<environment.Job instance at 0x1532a8358190>,1,1,[5 1],3,3,4,0,3
1,<environment.Job instance at 0x1532b3bb20f0>,0,2,[8 2],5,5,7,0,5
1,<environment.Job instance at 0x1532b029af50>,2,3,[6 2],7,8,11,1,8
1,<environment.Job instance at 0x1532b3c21870>,0,3,[1 9],1,1,4,0,1
1,<environment.Job instance at 0x1532b3c21410>,1,1,[2 9],4,4,5,0,4
1,<environment.Job instance at 0x1532b3c21640>,2,2,[7 2],5,5,7,0,5
1,<environment.Job instance at 0x1532b8341730>,5,3,[9 2],8,14,17,6,14
1,<environment.Job instance at 0x1532b3e2ca50>,2,3,[2 5],4,4,7,0,4
1,<environment.Job instance at 0x1532b32325a0>,3,1,[8 1],5,5,6,0,5
1,<environment.Job instance at 0x1532a829e190>,5,13,[8 2],7,7,20,0,7
1,<environment.Job instance at 0x1532a829e2d0>,7,15,[6 1],9,20,35,11,9
1,<environment.Job instance at 0x15328b903910>,0,1,[6 2],1,1,2,0,1
1,<environment.Job instance at 0x15328b903870>,4,3,[ 1 10],6,6,9,0,6
1,<environment.Job instance at 0x1532b8c0b190>,6,3,[2 7],8,9,12,1,9
1,<environment.Job instance at 0x1532b312a0f0>,7,13,[2 5],9,71,84,62,71
1,<environment.Job instance at 0x1532b312a0f0>,1,1,[6 2],6,6,7,0,6
1,<environment.Job instance at 0x1532b3b01730>,2,1,[1 9],7,8,9,1,8
1,<environment.Job instance at 0x1532b5182280>,3,3,[7 1],8,9,12,1,9
1,<environment.Job instance at 0x1532b3aa7e60>,4,3,[7 2],9,12,15,3,9
1,<environment.Job instance at 0x1532b3aa93c0>,1,12,[2 6],3,3,15,0,3
1,<environment.Job instance at 0x1532b004b960>,1,2,[10  2],3,3,5,0,3
1,<environment.Job instance at 0x15328bd5eaa0>,2,3,[1 7],4,5,8,1,4
1,<environment.Job instance at 0x15328bd5e7d0>,1,3,[9 2],3,3,6,0,3
1,<environment.Job instance at 0x1532b13349b0>,3,2,[1 8],5,5,7,0,5
1,<environment.Job instance at 0x1532b3b22960>,5,1,[ 1 10],9,10,11,1,10
1,<environment.Job instance at 0x15328bd360f0>,1,3,[6 2],2,3,6,1,3
1,<environment.Job instance at 0x15328bd360a0>,2,2,[6 2],3,6,8,3,3
1,<environment.Job instance at 0x15328bd36fa0>,4,1,[6 1],6,8,9,2,6
1,<environment.Job instance at 0x1532b2fa98c0>,5,12,[ 1 10],7,9,21,2,7
1,<environment.Job instance at 0x1532b2f96e10>,0,3,[8 2],1,1,4,0,1
1,<environment.Job instance at 0x1532b1e85b90>,2,1,[6 2],3,4,5,1,3
1,<environment.Job instance at 0x1532b2f96550>,3,2,[2 7],4,4,6,0,4
1,<environment.Job instance at 0x1532b2fa9230>,5,3,[7 1],6,6,9,0,6
1,<environment.Job instance at 0x1532b0362500>,7,2,[1 9],9,9,11,0,9
1,<environment.Job instance at 0x1532b3c1a640>,0,3,[5 2],2,2,5,0,2
1,<environment.Job instance at 0x1532b3c1abe0>,2,1,[8 1],4,5,6,1,4
1,<environment.Job instance at 0x1532a8297c30>,3,1,[1 5],6,6,7,0,6
1,<environment.Job instance at 0x1532b3c1a4b0>,4,1,[10  1],8,8,9,0,8
1,<environment.Job instance at 0x1532b3c1a9b0>,5,1,[5 2],9,9,10,0,9
1,<environment.Job instance at 0x15328bb2c320>,1,1,[10  2],3,6,7,3,6
1,<environment.Job instance at 0x1532b0373c30>,5,3,[2 7],8,8,11,0,8
1,<environment.Job instance at 0x15328b952460>,6,15,[7 2],9,9,24,0,9
1,<environment.Job instance at 0x1532a8078fa0>,0,2,[2 9],1,2,4,1,2
1,<environment.Job instance at 0x1532a8078cd0>,1,2,[1 5],2,4,6,2,2
1,<environment.Job instance at 0x1532b01c70a0>,4,1,[9 1],6,6,7,0,6
1,<environment.Job instance at 0x1532b01c7b40>,6,2,[10  2],8,8,10,0,8
1,<environment.Job instance at 0x15328bf0db90>,0,2,[5 2],1,1,3,0,1
1,<environment.Job instance at 0x1532b01c7dc0>,1,2,[5 1],2,3,5,1,3
1,<environment.Job instance at 0x1532b3b8ba50>,0,3,[2 6],1,1,4,0,1
1,<environment.Job instance at 0x1532a81a7690>,3,2,[7 2],5,5,7,0,5
1,<environment.Job instance at 0x1532a81a73c0>,4,2,[9 2],6,7,9,1,6
1,<environment.Job instance at 0x1532a81a7370>,5,3,[5 1],7,9,12,2,7
1,<environment.Job instance at 0x1532a81a7a00>,6,2,[ 1 10],8,12,14,4,8
1,<environment.Job instance at 0x1532a81a7f50>,7,13,[2 6],9,20,33,11,20
1,<environment.Job instance at 0x1532b1e85b90>,3,13,[2 8],6,6,19,0,6
1,<environment.Job instance at 0x1532a835adc0>,4,16,[6 1],7,7,23,0,7
1,<environment.Job instance at 0x1532a8363fa0>,0,1,[1 8],1,1,2,0,1
1,<environment.Job instance at 0x1532a8363b40>,1,2,[6 2],2,2,4,0,2
1,<environment.Job instance at 0x1532a8363370>,3,1,[6 2],5,5,6,0,5
1,<environment.Job instance at 0x1532a8082f50>,4,3,[8 2],6,6,9,0,6
1,<environment.Job instance at 0x1532a8082d70>,5,2,[ 1 10],8,9,11,1,8
1,<environment.Job instance at 0x1532a809a780>,1,2,[7 2],2,2,4,0,2
1,<environment.Job instance at 0x1532b183a960>,2,3,[10  1],3,4,7,1,3
1,<environment.Job instance at 0x1532b183a140>,3,3,[6 1],4,7,10,3,4
1,<environment.Job instance at 0x1532b183adc0>,5,3,[2 7],6,7,10,1,6
1,<environment.Job instance at 0x1532b183acd0>,8,3,[5 2],9,10,13,1,9
1,<environment.Job instance at 0x15328b967d20>,0,3,[2 8],1,1,4,0,1
1,<environment.Job instance at 0x15328b967410>,1,2,[2 5],2,4,6,2,2
1,<environment.Job instance at 0x1532b183abe0>,5,3,[10  2],7,7,10,0,7
1,<environment.Job instance at 0x1532b3be18c0>,6,3,[2 5],9,10,13,1,9
1,<environment.Job instance at 0x1532b3be1c30>,4,15,[ 2 10],6,13,28,7,9
1,<environment.Job instance at 0x15328bd32f50>,0,3,[7 2],1,1,4,0,1
1,<environment.Job instance at 0x15328bd32140>,2,2,[2 7],3,3,5,0,3
1,<environment.Job instance at 0x15328bd32d70>,5,2,[10  1],7,7,9,0,7
1,<environment.Job instance at 0x1532b2ffae60>,1,1,[6 1],2,2,3,0,2
1,<environment.Job instance at 0x1532b3a76dc0>,4,1,[8 1],7,7,8,0,7
1,<environment.Job instance at 0x1532bae93e60>,5,1,[5 1],9,9,10,0,9
1,<environment.Job instance at 0x15328bb801e0>,1,3,[1 8],3,16,19,13,16
1,<environment.Job instance at 0x15328bb807d0>,5,2,[6 1],9,17,19,8,17
1,<environment.Job instance at 0x1532b6e0b230>,1,2,[7 2],5,5,7,0,5
1,<environment.Job instance at 0x1532b2ad2a00>,1,2,[1 9],2,207,209,205,207
1,<environment.Job instance at 0x1532a82e0410>,5,2,[10  2],7,237,239,230,237
1,<environment.Job instance at 0x1532a809aeb0>,1,2,[2 7],3,3,5,0,3
1,<environment.Job instance at 0x1532b020e140>,0,1,[7 2],2,3,4,1,3
1,<environment.Job instance at 0x1532a8213dc0>,5,1,[10  1],8,8,9,0,8
1,<environment.Job instance at 0x1532b83804b0>,0,3,[10  1],1,1,4,0,1
1,<environment.Job instance at 0x1532a82132d0>,1,2,[ 2 10],2,4,6,2,2
1,<environment.Job instance at 0x1532b2f896e0>,2,3,[9 2],3,6,9,3,3
1,<environment.Job instance at 0x1532b3e895a0>,2,13,[7 2],4,4,17,0,4
1,<environment.Job instance at 0x15328bf61f00>,1,1,[8 1],2,2,3,0,2
1,<environment.Job instance at 0x15328bddfaa0>,0,2,[7 1],1,3,5,2,2
1,<environment.Job instance at 0x15328bf61280>,2,2,[10  2],3,5,7,2,3
1,<environment.Job instance at 0x1532b2fb1190>,4,3,[9 2],5,7,10,2,5
1,<environment.Job instance at 0x1532b2fb1050>,6,2,[ 1 10],8,10,12,2,8
1,<environment.Job instance at 0x1532b2fa4fa0>,7,2,[2 7],9,12,14,3,9
1,<environment.Job instance at 0x1532ba21ad70>,1,3,[10  1],2,2,5,0,2
1,<environment.Job instance at 0x1532ba21a960>,0,3,[9 2],1,5,8,4,2
1,<environment.Job instance at 0x15328bda6cd0>,1,3,[1 9],2,2,5,0,2
1,<environment.Job instance at 0x1532b8ceb690>,4,3,[2 8],8,26,29,18,26
1,<environment.Job instance at 0x1532b5180be0>,1,2,[8 2],2,2,4,0,2
1,<environment.Job instance at 0x1532b3e4f140>,5,2,[ 1 10],6,6,8,0,6
1,<environment.Job instance at 0x1532b5180eb0>,7,1,[5 1],8,19,20,11,19
1,<environment.Job instance at 0x1532b3e4f1e0>,8,2,[2 6],9,224,226,215,224
1,<environment.Job instance at 0x1532b300f230>,0,1,[7 2],2,2,3,0,2
1,<environment.Job instance at 0x15328bd7afa0>,2,3,[1 7],4,4,7,0,4
1,<environment.Job instance at 0x1532b5176500>,3,2,[6 2],6,6,8,0,6
1,<environment.Job instance at 0x1532b3e4f6e0>,4,3,[9 1],7,8,11,1,7
1,<environment.Job instance at 0x15328bd7af50>,6,14,[ 2 10],9,11,25,2,9
1,<environment.Job instance at 0x15328bba8a00>,2,1,[6 1],3,3,4,0,3
1,<environment.Job instance at 0x15328bd4c3c0>,3,3,[5 2],4,4,7,0,4
1,<environment.Job instance at 0x1532b3ef80f0>,5,2,[8 2],6,7,9,1,6
1,<environment.Job instance at 0x15328bd65eb0>,6,1,[9 2],7,9,10,2,7
1,<environment.Job instance at 0x15328bd65c80>,7,2,[1 7],8,8,10,0,8
1,<environment.Job instance at 0x15328bc18c30>,1,16,[2 9],2,2,18,0,2
1,<environment.Job instance at 0x15328bf550a0>,4,14,[ 1 10],7,18,32,11,7
1,<environment.Job instance at 0x1532b0084eb0>,0,2,[7 2],1,2,4,1,2
1,<environment.Job instance at 0x15328bf550f0>,1,3,[6 1],3,4,7,1,3
1,<environment.Job instance at 0x1532b0084500>,2,2,[10  1],4,7,9,3,4
1,<environment.Job instance at 0x1532a80823c0>,4,3,[5 1],6,9,12,3,6
1,<environment.Job instance at 0x15328bf55640>,3,1,[9 1],5,12,13,7,7
1,<environment.Job instance at 0x15328bb71b40>,5,3,[1 6],7,10,13,3,10
1,<environment.Job instance at 0x15328bccb4b0>,1,3,[9 1],6,6,9,0,6
1,<environment.Job instance at 0x1532b02b9230>,3,2,[1 8],9,9,11,0,9
1,<environment.Job instance at 0x1532b3f0bf50>,0,2,[9 2],3,4,6,1,4
1,<environment.Job instance at 0x15328be40e60>,0,3,[1 8],1,1,4,0,1
1,<environment.Job instance at 0x1532a813fb90>,1,2,[5 2],3,4,6,1,4
1,<environment.Job instance at 0x1532a813fe10>,3,2,[5 2],6,6,8,0,6
1,<environment.Job instance at 0x1532baf58f50>,2,2,[7 2],4,8,10,4,6
1,<environment.Job instance at 0x15328bf88640>,5,1,[6 2],8,10,11,2,8
1,<environment.Job instance at 0x15328ba75f00>,0,2,[5 2],1,1,3,0,1
1,<environment.Job instance at 0x1532a825a960>,2,3,[2 8],3,3,6,0,3
1,<environment.Job instance at 0x1532a825a5f0>,3,3,[8 2],5,5,8,0,5
1,<environment.Job instance at 0x15328bec3320>,4,1,[ 2 10],6,8,9,2,6
1,<environment.Job instance at 0x1532b1573410>,5,2,[1 6],7,9,11,2,7
1,<environment.Job instance at 0x1532a825a7d0>,6,2,[8 1],8,9,11,1,8
1,<environment.Job instance at 0x1532b1573190>,2,3,[ 2 10],5,6,9,1,6
1,<environment.Job instance at 0x15328ba3c9b0>,1,13,[7 1],2,9,22,7,6
1,<environment.Job instance at 0x1532b8c604b0>,5,2,[10  2],8,22,24,14,8
1,<environment.Job instance at 0x1532b8c60730>,6,2,[1 7],9,9,11,0,9
1,<environment.Job instance at 0x1532a825a7d0>,3,2,[2 7],6,27,29,21,27
1,<environment.Job instance at 0x1532b8274640>,0,2,[6 2],1,1,3,0,1
1,<environment.Job instance at 0x1532b8c7c870>,1,1,[7 1],4,4,5,0,4
1,<environment.Job instance at 0x1532b8274fa0>,2,2,[5 2],5,5,7,0,5
1,<environment.Job instance at 0x1532b8274140>,4,3,[6 1],7,7,10,0,7
1,<environment.Job instance at 0x1532b82743c0>,5,2,[ 1 10],8,10,12,2,8
1,<environment.Job instance at 0x1532b8274280>,6,1,[7 1],9,12,13,3,9
1,<environment.Job instance at 0x15328b913d20>,0,1,[2 6],2,2,3,0,2
1,<environment.Job instance at 0x15328b913190>,1,2,[10  2],3,3,5,0,3
1,<environment.Job instance at 0x15328b913230>,2,1,[5 1],4,5,6,1,4
1,<environment.Job instance at 0x15328b9139b0>,3,2,[8 2],5,6,8,1,5
1,<environment.Job instance at 0x15328b913460>,5,3,[8 1],8,8,11,0,8
1,<environment.Job instance at 0x15328b913eb0>,4,1,[6 1],6,11,12,5,8
1,<environment.Job instance at 0x1532b03771e0>,1,2,[8 2],3,3,5,0,3
1,<environment.Job instance at 0x1532b03772d0>,2,17,[10  1],6,6,23,0,6
1,<environment.Job instance at 0x15328b913eb0>,3,3,[2 6],7,23,26,16,7
1,<environment.Job instance at 0x1532b03b3460>,1,14,[2 6],3,86,100,83,86
1,<environment.Job instance at 0x15328bbad3c0>,2,27,[1 9],3,3,30,0,3
1,<environment.Job instance at 0x1532b00e2eb0>,3,1,[9 1],4,4,5,0,4
1,<environment.Job instance at 0x1532b303d320>,0,3,[ 1 10],1,1,4,0,1
1,<environment.Job instance at 0x1532b30edd20>,0,3,[8 2],3,3,6,0,3
1,<environment.Job instance at 0x1532b30ed1e0>,2,3,[2 8],5,5,8,0,5
1,<environment.Job instance at 0x15328bee8910>,3,2,[7 1],6,7,9,1,7
1,<environment.Job instance at 0x1532b30ed0a0>,4,28,[1 6],7,15,43,8,15
1,<environment.Job instance at 0x1532b3b73550>,2,15,[10  2],3,3,18,0,3
1,<environment.Job instance at 0x1532a8339dc0>,3,2,[5 1],5,18,20,13,5
1,<environment.Job instance at 0x1532a83391e0>,4,2,[ 2 10],6,20,22,14,6
1,<environment.Job instance at 0x15328bf75960>,5,3,[5 1],7,22,25,15,7
1,<environment.Job instance at 0x1532a8339320>,6,1,[1 9],9,18,19,9,9
1,<environment.Job instance at 0x1532b2fcfc80>,1,1,[1 9],3,4,5,1,4
1,<environment.Job instance at 0x1532b2fcf050>,2,2,[ 2 10],5,5,7,0,5
1,<environment.Job instance at 0x1532b3b738c0>,3,3,[9 1],6,7,10,1,6
1,<environment.Job instance at 0x1532b3b949b0>,0,3,[ 2 10],1,1,4,0,1
1,<environment.Job instance at 0x1532b3ad5870>,1,3,[1 9],2,2,5,0,2
1,<environment.Job instance at 0x1532b3ad52d0>,3,1,[7 2],5,9,10,4,9
1,<environment.Job instance at 0x1532b3ad5af0>,4,1,[10  1],6,10,11,4,9
1,<environment.Job instance at 0x1532b01865f0>,0,3,[2 9],1,1,4,0,1
1,<environment.Job instance at 0x15328b8e5e60>,1,1,[1 6],2,4,5,2,3
1,<environment.Job instance at 0x1532b01860a0>,2,1,[10  1],3,5,6,2,3
1,<environment.Job instance at 0x1532b3ad5be0>,4,1,[7 1],5,6,7,1,5
1,<environment.Job instance at 0x1532b01fa640>,5,3,[9 2],6,7,10,1,6
1,<environment.Job instance at 0x1532b01fa7d0>,6,2,[1 8],7,7,9,0,7
1,<environment.Job instance at 0x1532b01fa460>,8,3,[2 5],9,10,13,1,9
1,<environment.Job instance at 0x1532b0071370>,2,17,[7 2],3,4,21,1,4
1,<environment.Job instance at 0x1532b00714b0>,4,2,[2 9],5,21,23,16,5
1,<environment.Job instance at 0x1532b0216320>,5,13,[2 8],7,7,20,0,7
1,<environment.Job instance at 0x1532b0071500>,6,3,[7 2],8,23,26,15,8
1,<environment.Job instance at 0x1532b0071190>,7,17,[ 2 10],9,26,43,17,14
1,<environment.Job instance at 0x1532b0071b90>,2,1,[6 1],5,5,6,0,5
1,<environment.Job instance at 0x1532b010d6e0>,2,3,[2 9],3,3,6,0,3
1,<environment.Job instance at 0x1532b010d640>,5,16,[2 7],7,73,89,66,73
1,<environment.Job instance at 0x1532b010dc30>,2,3,[9 2],3,3,6,0,3
1,<environment.Job instance at 0x1532b31a3820>,3,17,[5 2],4,6,23,2,4
1,<environment.Job instance at 0x1532b0297cd0>,0,2,[5 1],2,2,4,0,2
1,<environment.Job instance at 0x1532b0297730>,1,2,[8 2],3,4,6,1,3
1,<environment.Job instance at 0x1532b0297460>,3,14,[1 9],6,20,34,14,20
1,<environment.Job instance at 0x1532b17d1a50>,0,3,[1 6],1,1,4,0,1
1,<environment.Job instance at 0x1532b02978c0>,1,2,[1 8],3,5,7,2,5
1,<environment.Job instance at 0x1532b82bd190>,5,1,[10  1],9,9,10,0,9
1,<environment.Job instance at 0x1532b5180f50>,4,3,[1 5],8,10,13,2,9
1,<environment.Job instance at 0x15328bafaf50>,3,2,[5 1],4,4,6,0,4
1,<environment.Job instance at 0x15328bafad70>,2,14,[1 8],3,4,18,1,4
1,<environment.Job instance at 0x1532b3ab0960>,6,3,[2 6],7,18,21,11,7
1,<environment.Job instance at 0x1532b3ab0230>,7,3,[1 9],8,21,24,13,8
1,<environment.Job instance at 0x1532b3ab09b0>,8,3,[6 1],9,9,12,0,9
1,<environment.Job instance at 0x15328bf70b90>,1,1,[5 1],2,2,3,0,2
1,<environment.Job instance at 0x15328bf70370>,3,2,[1 7],4,4,6,0,4
1,<environment.Job instance at 0x15328bd38b90>,5,3,[5 2],8,8,11,0,8
1,<environment.Job instance at 0x15328bd1e410>,0,2,[8 2],2,7,9,5,7
1,<environment.Job instance at 0x1532b82d13c0>,2,1,[5 2],9,9,10,0,9
1,<environment.Job instance at 0x15328bd1e370>,1,14,[2 9],7,23,37,16,23
1,<environment.Job instance at 0x1532b82d1c30>,3,3,[2 6],5,5,8,0,5
1,<environment.Job instance at 0x15328bd1e370>,4,2,[7 1],7,7,9,0,7
1,<environment.Job instance at 0x1532b03a1eb0>,5,1,[ 1 10],8,9,10,1,8
1,<environment.Job instance at 0x1532b82d1190>,2,2,[2 9],4,10,12,6,8
1,<environment.Job instance at 0x1532a817b3c0>,0,3,[1 9],1,1,4,0,1
1,<environment.Job instance at 0x1532b03a1140>,2,3,[8 1],4,4,7,0,4
1,<environment.Job instance at 0x1532a817bf50>,4,1,[10  2],9,14,15,5,14
1,<environment.Job instance at 0x15328bd17820>,1,3,[7 2],3,4,7,1,4
1,<environment.Job instance at 0x1532b2f46eb0>,4,3,[10  1],8,8,11,0,8
1,<environment.Job instance at 0x1532b6debeb0>,0,3,[7 2],1,1,4,0,1
1,<environment.Job instance at 0x1532b6deb6e0>,2,15,[ 2 10],4,4,19,0,4
1,<environment.Job instance at 0x1532b6deb370>,4,3,[6 2],6,19,22,13,6
1,<environment.Job instance at 0x1532b6debc80>,6,1,[2 6],8,19,20,11,12
1,<environment.Job instance at 0x1532a805e370>,0,2,[2 8],1,2,4,1,2
1,<environment.Job instance at 0x15328bf7df00>,2,3,[2 5],5,5,8,0,5
1,<environment.Job instance at 0x1532a8169780>,1,24,[2 9],2,8,32,6,7
1,<environment.Job instance at 0x1532b8311d70>,0,2,[6 2],1,1,3,0,1
1,<environment.Job instance at 0x1532b83114b0>,1,3,[2 7],2,2,5,0,2
1,<environment.Job instance at 0x1532b8311af0>,2,1,[10  1],6,7,8,1,7
1,<environment.Job instance at 0x1532b8311280>,3,3,[10  1],7,8,11,1,7
1,<environment.Job instance at 0x1532b8311500>,4,2,[6 1],8,11,13,3,9
1,<environment.Job instance at 0x1532b83110f0>,5,3,[1 5],9,11,14,2,9
1,<environment.Job instance at 0x1532b2f5d640>,5,2,[7 2],6,6,8,0,6
1,<environment.Job instance at 0x1532b022f0f0>,3,3,[2 7],4,8,11,4,8
1,<environment.Job instance at 0x1532b2f5d7d0>,7,3,[2 6],9,11,14,2,9
1,<environment.Job instance at 0x1532b022f7d0>,1,1,[9 1],2,2,3,0,2
1,<environment.Job instance at 0x1532b2fe4c30>,0,1,[6 2],1,3,4,2,2
1,<environment.Job instance at 0x1532b2f5d0a0>,2,1,[2 5],4,5,6,1,5
1,<environment.Job instance at 0x1532b2fe48c0>,3,3,[10  2],7,7,10,0,7
1,<environment.Job instance at 0x15328bddc140>,4,1,[2 7],8,10,11,2,8
1,<environment.Job instance at 0x15328bddc460>,0,1,[7 2],1,1,2,0,1
1,<environment.Job instance at 0x15328bddc230>,1,3,[9 1],2,2,5,0,2
1,<environment.Job instance at 0x1532b2f6ff00>,3,1,[2 5],4,5,6,1,4
1,<environment.Job instance at 0x15328ba7f730>,4,2,[1 5],6,6,8,0,6
1,<environment.Job instance at 0x1532b2f6f780>,5,3,[2 8],7,8,11,1,7
1,<environment.Job instance at 0x15328bba9190>,0,2,[2 6],1,2,4,1,2
1,<environment.Job instance at 0x1532b2f6f1e0>,2,2,[1 7],4,5,7,1,5
1,<environment.Job instance at 0x15328ba7f460>,1,3,[1 9],2,7,10,5,5
1,<environment.Job instance at 0x1532b01aaa00>,4,2,[6 1],6,6,8,0,6
1,<environment.Job instance at 0x1532bae9e780>,2,3,[1 9],6,6,9,0,6
1,<environment.Job instance at 0x1532b01aa460>,3,2,[9 2],8,9,11,1,8
1,<environment.Job instance at 0x1532a82868c0>,4,3,[2 7],9,11,14,2,9
1,<environment.Job instance at 0x1532bae9e460>,2,3,[1 7],5,5,8,0,5
1,<environment.Job instance at 0x1532b823b730>,3,14,[2 5],7,8,22,1,8
1,<environment.Job instance at 0x1532a81e3d70>,1,2,[6 1],3,3,5,0,3
1,<environment.Job instance at 0x1532b3e5a4b0>,4,3,[2 9],6,6,9,0,6
1,<environment.Job instance at 0x1532b3e5a050>,3,1,[10  2],5,9,10,4,7
1,<environment.Job instance at 0x1532a80db690>,1,3,[5 1],3,4,7,1,4
1,<environment.Job instance at 0x1532b320db40>,5,3,[8 1],7,21,24,14,21
1,<environment.Job instance at 0x1532b8274730>,0,2,[1 6],6,8,10,2,8
1,<environment.Job instance at 0x15328bd1c3c0>,0,1,[7 1],3,3,4,0,3
1,<environment.Job instance at 0x15328bd1c0a0>,1,2,[2 6],4,6,8,2,6
1,<environment.Job instance at 0x15328bd1c550>,2,3,[6 2],6,6,9,0,6
1,<environment.Job instance at 0x15328bd1ce60>,4,2,[5 1],8,9,11,1,9
1,<environment.Job instance at 0x15328bd1caf0>,5,3,[9 1],9,11,14,2,9
1,<environment.Job instance at 0x15328bd1c460>,1,3,[9 2],4,4,7,0,4
1,<environment.Job instance at 0x1532a80840a0>,3,1,[1 9],6,7,8,1,6
1,<environment.Job instance at 0x1532b3241550>,4,3,[1 7],7,8,11,1,7
1,<environment.Job instance at 0x15328bddd460>,1,3,[ 2 10],2,2,5,0,2
1,<environment.Job instance at 0x15328bddda00>,0,2,[2 6],1,5,7,4,2
1,<environment.Job instance at 0x15328bdc30f0>,4,3,[1 6],7,7,10,0,7
1,<environment.Job instance at 0x15328bdc3410>,5,2,[1 6],8,10,12,2,8
1,<environment.Job instance at 0x1532a8272b90>,2,1,[5 2],3,8,9,5,8
1,<environment.Job instance at 0x1532b302da00>,1,2,[5 1],4,21,23,17,21
1,<environment.Job instance at 0x1532b029a690>,3,3,[5 1],4,4,7,0,4
1,<environment.Job instance at 0x1532b029a410>,4,3,[1 7],5,5,8,0,5
1,<environment.Job instance at 0x1532b32040f0>,5,3,[10  2],7,8,11,1,7
1,<environment.Job instance at 0x15328bcf9dc0>,0,2,[9 2],1,1,3,0,1
1,<environment.Job instance at 0x15328bc42b90>,1,2,[2 7],5,5,7,0,5
1,<environment.Job instance at 0x15328bcf9870>,2,1,[8 1],6,6,7,0,6
1,<environment.Job instance at 0x15328bcf9aa0>,4,1,[1 8],8,9,10,1,9
1,<environment.Job instance at 0x1532a81e8780>,1,1,[ 2 10],2,3,4,1,3
1,<environment.Job instance at 0x1532b02bd230>,4,3,[10  1],7,7,10,0,7
1,<environment.Job instance at 0x1532b02bd190>,5,1,[9 2],8,10,11,2,8
1,<environment.Job instance at 0x1532b3233d70>,2,16,[1 7],3,35,51,32,35
1,<environment.Job instance at 0x1532b02bdaf0>,1,2,[10  2],2,2,4,0,2
1,<environment.Job instance at 0x15328bf7e320>,5,2,[1 7],9,9,11,0,9
1,<environment.Job instance at 0x15328bf7e5a0>,1,2,[2 8],2,2,4,0,2
1,<environment.Job instance at 0x15328bf7e230>,2,3,[1 7],3,4,7,1,3
1,<environment.Job instance at 0x15328bc9ce10>,3,2,[6 1],4,4,6,0,4
1,<environment.Job instance at 0x15328bc9c730>,4,3,[7 2],5,6,9,1,5
1,<environment.Job instance at 0x15328bf7e320>,5,2,[8 1],6,9,11,3,6
1,<environment.Job instance at 0x15328bc9c2d0>,7,1,[10  1],8,11,12,3,8
1,<environment.Job instance at 0x15328bc9c7d0>,1,3,[6 1],2,2,5,0,2
1,<environment.Job instance at 0x1532b2f80820>,3,3,[2 5],4,4,7,0,4
1,<environment.Job instance at 0x1532a81f46e0>,4,3,[2 8],6,7,10,1,6
1,<environment.Job instance at 0x1532b2f80910>,2,16,[1 5],3,1614,1630,1611,1614
1,<environment.Job instance at 0x1532a8385320>,0,3,[1 9],1,1,4,0,1
1,<environment.Job instance at 0x1532a8385280>,3,13,[8 1],4,4,17,0,4
1,<environment.Job instance at 0x1532b3e982d0>,4,3,[2 8],5,5,8,0,5
1,<environment.Job instance at 0x1532b00f2640>,7,14,[ 2 10],8,17,31,9,15
1,<environment.Job instance at 0x1532a82d95a0>,0,3,[8 2],1,1,4,0,1
1,<environment.Job instance at 0x1532b00f2af0>,1,3,[ 2 10],2,4,7,2,2
1,<environment.Job instance at 0x1532a82d98c0>,2,2,[9 1],4,7,9,3,5
1,<environment.Job instance at 0x1532a83986e0>,4,3,[1 8],7,8,11,1,8
1,<environment.Job instance at 0x15328bc7fd70>,2,3,[1 8],5,6,9,1,6
1,<environment.Job instance at 0x1532a81809b0>,4,3,[8 1],7,7,10,0,7
1,<environment.Job instance at 0x1532a8180140>,5,3,[10  1],8,10,13,2,8
1,<environment.Job instance at 0x1532a8180a50>,6,3,[1 8],9,13,16,4,9
1,<environment.Job instance at 0x1532a81803c0>,3,12,[1 7],6,16,28,10,9
1,<environment.Job instance at 0x1532b8c7cb90>,0,2,[8 2],1,1,3,0,1
1,<environment.Job instance at 0x1532a81803c0>,3,1,[ 2 10],5,5,6,0,5
1,<environment.Job instance at 0x1532b02bbe10>,1,3,[2 5],3,3,6,0,3
1,<environment.Job instance at 0x1532ba208230>,2,13,[1 5],4,4,17,0,4
1,<environment.Job instance at 0x1532ba208f00>,4,23,[2 5],7,7,30,0,7
1,<environment.Job instance at 0x1532b302d1e0>,0,3,[2 6],1,1,4,0,1
1,<environment.Job instance at 0x15328be40370>,1,3,[2 6],2,4,7,2,2
1,<environment.Job instance at 0x1532b3b24dc0>,3,3,[7 1],4,4,7,0,4
1,<environment.Job instance at 0x15328be406e0>,4,2,[2 6],5,7,9,2,5
1,<environment.Job instance at 0x1532a828a910>,5,3,[2 7],7,9,12,2,7
1,<environment.Job instance at 0x1532a8272050>,0,2,[2 8],1,1,3,0,1
1,<environment.Job instance at 0x1532b82758c0>,0,3,[10  2],1,2,5,1,2
1,<environment.Job instance at 0x1532b30ce050>,2,3,[10  1],5,5,8,0,5
1,<environment.Job instance at 0x1532b30ce500>,1,1,[6 1],4,8,9,4,6
1,<environment.Job instance at 0x15328bb18b90>,3,3,[6 2],6,9,12,3,6
1,<environment.Job instance at 0x15328bb18550>,5,2,[7 1],8,12,14,4,8
1,<environment.Job instance at 0x15328bb18230>,6,3,[10  1],9,14,17,5,9
1,<environment.Job instance at 0x1532b132ecd0>,1,1,[2 7],2,2,3,0,2
1,<environment.Job instance at 0x1532b2f65280>,2,3,[7 1],3,3,6,0,3
1,<environment.Job instance at 0x15328bb18230>,3,1,[8 2],4,6,7,2,4
1,<environment.Job instance at 0x1532b3f0d140>,5,15,[1 8],7,7,22,0,7
1,<environment.Job instance at 0x1532b3f0d4b0>,6,2,[8 2],8,8,10,0,8
1,<environment.Job instance at 0x1532b3f0dd70>,0,3,[10  1],1,1,4,0,1
1,<environment.Job instance at 0x1532b3f0dcd0>,2,2,[10  1],4,4,6,0,4
1,<environment.Job instance at 0x1532b0048960>,4,1,[5 2],8,8,9,0,8
1,<environment.Job instance at 0x1532b0048cd0>,5,1,[8 1],9,9,10,0,9
1,<environment.Job instance at 0x1532a830d960>,1,12,[1 7],4,5,17,1,5
1,<environment.Job instance at 0x1532b0048cd0>,2,3,[2 7],5,17,20,12,8
1,<environment.Job instance at 0x15328bf471e0>,3,3,[10  2],8,20,23,12,8
1,<environment.Job instance at 0x15328bf7e0a0>,0,3,[8 2],1,1,4,0,1
1,<environment.Job instance at 0x1532b3bf9dc0>,1,2,[2 5],4,4,6,0,4
1,<environment.Job instance at 0x1532a82722d0>,3,1,[8 1],6,6,7,0,6
1,<environment.Job instance at 0x1532a8272c80>,4,3,[9 1],7,7,10,0,7
1,<environment.Job instance at 0x1532a8272eb0>,5,2,[9 1],9,10,12,1,9
1,<environment.Job instance at 0x1532b00fe1e0>,0,3,[1 7],3,3,6,0,3
1,<environment.Job instance at 0x15328bbd37d0>,2,2,[10  1],5,6,8,1,5
1,<environment.Job instance at 0x15328bbd30a0>,3,2,[10  1],6,8,10,2,6
1,<environment.Job instance at 0x15328bbd34b0>,0,3,[2 9],2,2,5,0,2
1,<environment.Job instance at 0x15328bbdfaf0>,1,1,[9 2],3,5,6,2,3
1,<environment.Job instance at 0x15328bbd3550>,3,16,[5 2],6,6,22,0,6
1,<environment.Job instance at 0x15328bbd3a50>,2,1,[9 1],4,4,5,0,4
1,<environment.Job instance at 0x1532b3a85b40>,4,3,[9 2],6,6,9,0,6
1,<environment.Job instance at 0x15328baa7d70>,5,3,[10  2],8,12,15,4,12
1,<environment.Job instance at 0x15328baa3410>,0,3,[ 2 10],2,2,5,0,2
1,<environment.Job instance at 0x1532b3ee25a0>,2,2,[8 1],4,5,7,1,5
1,<environment.Job instance at 0x1532b3ee7690>,4,3,[9 1],8,8,11,0,8
1,<environment.Job instance at 0x1532b310be10>,0,2,[10  2],1,1,3,0,1
1,<environment.Job instance at 0x1532b310bd20>,1,2,[ 1 10],2,3,5,1,3
1,<environment.Job instance at 0x1532b3eb7730>,2,3,[ 1 10],4,5,8,1,4
1,<environment.Job instance at 0x1532b310baa0>,5,2,[5 2],7,8,10,1,7
1,<environment.Job instance at 0x15328bc9c370>,0,2,[1 7],1,2,4,1,2
1,<environment.Job instance at 0x1532ba1fc230>,2,3,[6 1],4,4,7,0,4
1,<environment.Job instance at 0x1532ba1fc5f0>,1,2,[2 6],2,5,7,3,5
1,<environment.Job instance at 0x1532b01fc9b0>,4,2,[5 1],7,7,9,0,7
1,<environment.Job instance at 0x1532b01fc960>,5,3,[6 1],8,9,12,1,8
1,<environment.Job instance at 0x1532b01fc8c0>,6,1,[10  1],9,12,13,3,9
1,<environment.Job instance at 0x1532b02120a0>,0,3,[ 2 10],1,1,4,0,1
1,<environment.Job instance at 0x15328baaaf50>,2,1,[9 2],4,4,5,0,4
1,<environment.Job instance at 0x15328baaae60>,3,3,[2 9],5,5,8,0,5
1,<environment.Job instance at 0x15328baaa050>,4,3,[2 5],6,8,11,2,6
1,<environment.Job instance at 0x15328baaa0f0>,5,3,[1 7],7,11,14,4,7
1,<environment.Job instance at 0x15328baaaf00>,6,2,[2 6],8,14,16,6,8
1,<environment.Job instance at 0x15328baaad20>,7,2,[5 2],9,9,11,0,9
1,<environment.Job instance at 0x1532a81e37d0>,0,2,[1 5],1,1,3,0,1
1,<environment.Job instance at 0x1532a81e3280>,2,1,[10  1],3,3,4,0,3
1,<environment.Job instance at 0x15328baaad20>,3,3,[1 7],5,5,8,0,5
1,<environment.Job instance at 0x1532a81e3c30>,4,1,[10  2],7,8,9,1,7
1,<environment.Job instance at 0x1532b308ee60>,3,3,[1 6],4,5,8,1,5
1,<environment.Job instance at 0x15328bf72d70>,4,2,[1 9],7,8,10,1,7
1,<environment.Job instance at 0x15328bf729b0>,1,3,[2 6],2,2,5,0,2
1,<environment.Job instance at 0x1532b03b54b0>,3,3,[2 8],6,6,9,0,6
1,<environment.Job instance at 0x1532b03b5910>,4,2,[9 1],8,9,11,1,8
1,<environment.Job instance at 0x1532b03b5b40>,5,12,[5 2],9,11,23,2,9
1,<environment.Job instance at 0x15328bcf9aa0>,0,1,[1 5],1,2,3,1,2
1,<environment.Job instance at 0x15328bcf9a00>,2,3,[2 8],3,3,6,0,3
1,<environment.Job instance at 0x15328bd1c550>,3,3,[2 9],4,6,9,2,4
1,<environment.Job instance at 0x1532a81800a0>,5,1,[2 7],7,9,10,2,7
1,<environment.Job instance at 0x15328bd1c1e0>,6,1,[7 2],8,9,10,1,8
1,<environment.Job instance at 0x1532b03b5f50>,1,26,[2 7],2,10,36,8,9
1,<environment.Job instance at 0x1532b1574b40>,0,2,[2 5],1,1,3,0,1
1,<environment.Job instance at 0x1532b8c4c280>,4,2,[1 7],7,7,9,0,7
1,<environment.Job instance at 0x15328bd01410>,6,2,[1 6],9,9,11,0,9
1,<environment.Job instance at 0x1532b8c4cb40>,1,3,[10  1],2,2,5,0,2
1,<environment.Job instance at 0x1532b8c4cc30>,2,3,[10  1],3,5,8,2,3
1,<environment.Job instance at 0x1532a8373d70>,5,13,[2 5],7,8,21,1,7
1,<environment.Job instance at 0x1532a83737d0>,6,2,[6 1],9,11,13,2,11
1,<environment.Job instance at 0x1532b30f28c0>,0,1,[ 1 10],2,2,3,0,2
1,<environment.Job instance at 0x1532b30f20a0>,1,3,[9 1],4,4,7,0,4
1,<environment.Job instance at 0x1532b30f2820>,3,3,[1 5],7,8,11,1,8
1,<environment.Job instance at 0x1532b30f2910>,4,1,[10  1],9,11,12,2,10
1,<environment.Job instance at 0x1532b30fbd20>,0,2,[8 1],1,1,3,0,1
1,<environment.Job instance at 0x1532b3e9e190>,2,3,[1 7],3,3,6,0,3
1,<environment.Job instance at 0x1532b30f2b40>,3,2,[5 1],4,6,8,2,6
1,<environment.Job instance at 0x1532b3b94b40>,5,2,[5 2],7,7,9,0,7
1,<environment.Job instance at 0x1532b3b94c80>,6,1,[1 5],8,8,9,0,8
1,<environment.Job instance at 0x1532b3b94e10>,7,1,[8 2],9,9,10,0,9
1,<environment.Job instance at 0x1532b30f2910>,4,17,[1 5],6,11,28,5,11
1,<environment.Job instance at 0x1532b3b95820>,1,2,[ 1 10],2,5,7,3,5
1,<environment.Job instance at 0x15328bea9f50>,2,2,[1 8],3,7,9,4,6
1,<environment.Job instance at 0x15328bea9a00>,5,2,[7 1],6,7,9,1,6
1,<environment.Job instance at 0x15328beb93c0>,7,1,[2 5],8,9,10,1,8
1,<environment.Job instance at 0x15328bea9960>,1,2,[1 9],2,13,15,11,13
1,<environment.Job instance at 0x1532b0102b40>,5,2,[8 2],8,15,17,7,13
1,<environment.Job instance at 0x1532b1855140>,0,3,[1 5],1,2,5,1,2
1,<environment.Job instance at 0x1532a80e9910>,4,15,[8 2],6,6,21,0,6
1,<environment.Job instance at 0x1532a80e94b0>,5,3,[1 7],8,8,11,0,8
1,<environment.Job instance at 0x15328bb00c30>,6,3,[7 1],9,21,24,12,9
1,<environment.Job instance at 0x15328bb00dc0>,1,1,[1 9],2,2,3,0,2
1,<environment.Job instance at 0x15328bb00fa0>,3,2,[1 8],5,5,7,0,5
1,<environment.Job instance at 0x1532b3b93460>,4,16,[1 6],6,7,23,1,6
1,<environment.Job instance at 0x1532b3b93780>,5,3,[2 6],8,23,26,15,8
1,<environment.Job instance at 0x1532b17d8dc0>,0,3,[5 1],1,1,4,0,1
1,<environment.Job instance at 0x1532ba232e10>,1,2,[8 1],3,4,6,1,3
1,<environment.Job instance at 0x1532b036a280>,2,3,[9 1],4,6,9,2,4
1,<environment.Job instance at 0x1532b036abe0>,3,3,[8 2],5,9,12,4,5
1,<environment.Job instance at 0x1532b32010a0>,2,2,[1 9],3,3,5,0,3
1,<environment.Job instance at 0x1532b8c790f0>,3,23,[1 5],4,5,28,1,4
1,<environment.Job instance at 0x1532a80f3730>,4,1,[8 1],5,5,6,0,5
1,<environment.Job instance at 0x1532a817b4b0>,1,13,[ 2 10],2,29,42,27,29
1,<environment.Job instance at 0x1532a80f85f0>,1,3,[8 2],2,2,5,0,2
1,<environment.Job instance at 0x1532a80f85a0>,2,2,[10  1],4,5,7,1,5
1,<environment.Job instance at 0x1532b029dc30>,1,3,[1 5],2,2,5,0,2
1,<environment.Job instance at 0x1532b029ddc0>,4,1,[7 2],6,6,7,0,6
1,<environment.Job instance at 0x1532b029d280>,5,2,[2 8],7,7,9,0,7
1,<environment.Job instance at 0x1532b029d050>,6,12,[9 1],8,9,21,1,8
1,<environment.Job instance at 0x1532b2fbfdc0>,2,1,[1 5],4,4,5,0,4
1,<environment.Job instance at 0x1532b029d0a0>,3,2,[5 2],5,5,7,0,5
1,<environment.Job instance at 0x1532b029de10>,1,2,[6 2],2,7,9,5,6
1,<environment.Job instance at 0x15328b99d410>,4,2,[8 1],6,9,11,3,6
1,<environment.Job instance at 0x15328b99d500>,7,3,[10  2],9,11,14,2,9
1,<environment.Job instance at 0x15328b99ddc0>,0,3,[2 7],1,1,4,0,1
1,<environment.Job instance at 0x15328b99de60>,2,2,[1 6],3,4,6,1,3
1,<environment.Job instance at 0x15328bd2ec30>,3,16,[1 9],4,9,25,5,9
1,<environment.Job instance at 0x15328bd2e460>,7,2,[ 1 10],8,25,27,17,10
1,<environment.Job instance at 0x15328bd2e9b0>,8,1,[5 1],9,10,11,1,10
1,<environment.Job instance at 0x15328bb231e0>,1,3,[5 2],5,5,8,0,5
1,<environment.Job instance at 0x15328bd2e0f0>,3,2,[8 2],7,8,10,1,7
1,<environment.Job instance at 0x15328bd2e5f0>,5,1,[8 2],9,17,18,8,17
1,<environment.Job instance at 0x1532b17f2fa0>,1,3,[9 1],4,4,7,0,4
1,<environment.Job instance at 0x1532b3ae60f0>,3,2,[1 8],7,7,9,0,7
1,<environment.Job instance at 0x1532a830f140>,4,1,[5 1],8,8,9,0,8
1,<environment.Job instance at 0x15328bd65d70>,0,2,[8 1],1,1,3,0,1
1,<environment.Job instance at 0x1532b32171e0>,2,2,[1 5],4,5,7,1,5
1,<environment.Job instance at 0x1532b3217730>,3,2,[9 2],5,5,7,0,5
1,<environment.Job instance at 0x1532b3217320>,5,2,[9 1],9,11,13,2,11
1,<environment.Job instance at 0x1532b3217910>,4,1,[9 1],8,13,14,5,11
1,<environment.Job instance at 0x1532b0381280>,0,2,[2 9],2,3,5,1,3
1,<environment.Job instance at 0x1532b03816e0>,2,3,[7 1],4,4,7,0,4
1,<environment.Job instance at 0x1532b0381cd0>,3,2,[ 1 10],5,7,9,2,5
1,<environment.Job instance at 0x1532b0381be0>,1,17,[2 9],3,31,48,28,31
1,<environment.Job instance at 0x1532a8113190>,0,3,[2 8],1,1,4,0,1
1,<environment.Job instance at 0x1532b18560f0>,2,1,[2 5],4,4,5,0,4
1,<environment.Job instance at 0x1532b8307eb0>,4,3,[1 6],9,9,12,0,9
1,<environment.Job instance at 0x1532b82d1230>,1,3,[9 2],4,5,8,1,5
1,<environment.Job instance at 0x1532b82b6aa0>,3,2,[10  1],7,8,10,1,8
1,<environment.Job instance at 0x1532b8361730>,4,13,[1 8],8,17,30,9,17
1,<environment.Job instance at 0x15328bbef780>,1,2,[7 2],4,4,6,0,4
1,<environment.Job instance at 0x15328bbef3c0>,2,12,[2 8],5,5,17,0,5
1,<environment.Job instance at 0x1532b2f858c0>,4,3,[2 6],7,17,20,10,7
1,<environment.Job instance at 0x15328baa38c0>,2,3,[1 9],6,6,9,0,6
1,<environment.Job instance at 0x15328baa3370>,2,16,[9 2],3,3,19,0,3
1,<environment.Job instance at 0x15328bbeaa00>,1,2,[10  1],2,2,4,0,2
1,<environment.Job instance at 0x15328bbea320>,0,1,[7 1],1,4,5,3,2
1,<environment.Job instance at 0x15328bbea050>,3,3,[6 2],4,5,8,1,4
1,<environment.Job instance at 0x15328b917280>,4,3,[2 5],8,8,11,0,8
1,<environment.Job instance at 0x15328bbea910>,5,2,[5 1],9,9,11,0,9
1,<environment.Job instance at 0x1532b837dbe0>,1,13,[2 8],3,4,17,1,4
1,<environment.Job instance at 0x1532b6deb7d0>,3,3,[2 7],6,17,20,11,6
1,<environment.Job instance at 0x1532b6debaa0>,4,3,[2 9],7,20,23,13,7
1,<environment.Job instance at 0x1532b6deb3c0>,2,3,[1 9],4,23,26,19,9
1,<environment.Job instance at 0x1532a8110730>,1,2,[9 1],2,2,4,0,2
1,<environment.Job instance at 0x1532a81109b0>,3,3,[ 1 10],5,14,17,9,14
1,<environment.Job instance at 0x1532b8d19320>,7,2,[1 9],9,24,26,15,24
1,<environment.Job instance at 0x1532b0094410>,0,3,[5 2],2,3,6,1,3
1,<environment.Job instance at 0x1532b6debf50>,3,2,[2 8],7,7,9,0,7
1,<environment.Job instance at 0x1532b2f5d0f0>,1,2,[1 8],3,9,11,6,8
1,<environment.Job instance at 0x1532b3b665a0>,5,1,[10  2],9,11,12,2,10
1,<environment.Job instance at 0x15328be2cbe0>,4,1,[6 2],8,8,9,0,8
1,<environment.Job instance at 0x15328be2c910>,5,1,[6 1],9,9,10,0,9
1,<environment.Job instance at 0x15328be2c460>,2,3,[ 2 10],6,6,9,0,6
1,<environment.Job instance at 0x1532a82afa00>,3,2,[7 1],8,9,11,1,8
1,<environment.Job instance at 0x15328bb31690>,0,2,[ 1 10],1,1,3,0,1
1,<environment.Job instance at 0x1532a82af5f0>,4,13,[ 1 10],7,8,21,1,8
1,<environment.Job instance at 0x1532b8271690>,2,1,[1 8],3,3,4,0,3
1,<environment.Job instance at 0x1532b8271f00>,3,1,[8 2],5,5,6,0,5
1,<environment.Job instance at 0x1532b8271320>,4,2,[10  2],6,6,8,0,6
1,<environment.Job instance at 0x1532b82713c0>,1,18,[10  2],2,7,25,5,7
1,<environment.Job instance at 0x15328bc490a0>,1,2,[10  1],3,3,5,0,3
1,<environment.Job instance at 0x1532b01cadc0>,0,2,[5 2],2,5,7,3,3
1,<environment.Job instance at 0x15328bc49d20>,3,1,[7 2],6,7,8,1,6
1,<environment.Job instance at 0x15328bd17730>,1,3,[1 9],4,4,7,0,4
1,<environment.Job instance at 0x15328bd17e10>,2,1,[1 7],7,7,8,0,7
1,<environment.Job instance at 0x15328bbac690>,1,2,[8 1],6,7,9,1,7
1,<environment.Job instance at 0x15328babffa0>,2,3,[8 2],8,9,12,1,8
1,<environment.Job instance at 0x1532a829ef50>,1,3,[1 6],2,2,5,0,2
1,<environment.Job instance at 0x15328babff00>,3,1,[6 1],4,5,6,1,5
1,<environment.Job instance at 0x15328bd69780>,2,1,[2 8],4,4,5,0,4
1,<environment.Job instance at 0x15328bd698c0>,3,2,[9 1],7,7,9,0,7
1,<environment.Job instance at 0x15328bd7daa0>,1,2,[6 2],2,2,4,0,2
1,<environment.Job instance at 0x15328bc81af0>,3,3,[ 2 10],8,8,11,0,8
1,<environment.Job instance at 0x15328bd7d960>,2,3,[5 2],7,11,14,4,8
1,<environment.Job instance at 0x15328b850dc0>,0,1,[9 1],1,6,7,5,6
1,<environment.Job instance at 0x15328bd7d960>,5,2,[10  1],7,7,9,0,7
1,<environment.Job instance at 0x15328be9a4b0>,6,2,[8 1],8,9,11,1,8
1,<environment.Job instance at 0x1532b3e51870>,2,2,[5 1],3,3,5,0,3
1,<environment.Job instance at 0x1532b3e51b40>,3,3,[2 5],4,4,7,0,4
1,<environment.Job instance at 0x15328be9a320>,5,1,[5 2],7,7,8,0,7
1,<environment.Job instance at 0x1532b3e51640>,6,1,[6 1],8,8,9,0,8
1,<environment.Job instance at 0x1532b3e51280>,0,3,[2 5],4,4,7,0,4
1,<environment.Job instance at 0x1532b3e51690>,1,2,[2 5],6,6,8,0,6
1,<environment.Job instance at 0x1532a80f99b0>,0,2,[2 9],1,1,3,0,1
1,<environment.Job instance at 0x15328b8e5f00>,2,3,[2 6],3,3,6,0,3
1,<environment.Job instance at 0x15328b8e5cd0>,5,1,[2 8],6,6,7,0,6
1,<environment.Job instance at 0x15328b8e5fa0>,6,2,[10  1],7,7,9,0,7
1,<environment.Job instance at 0x15328b8e5320>,7,2,[7 1],8,9,11,1,8
1,<environment.Job instance at 0x1532a80f9c30>,4,1,[2 5],5,9,10,4,9
1,<environment.Job instance at 0x1532badad0f0>,0,2,[9 1],1,1,3,0,1
1,<environment.Job instance at 0x1532badadaf0>,1,3,[9 1],3,3,6,0,3
1,<environment.Job instance at 0x1532b2f6f640>,3,3,[2 9],6,6,9,0,6
1,<environment.Job instance at 0x1532b2f6f280>,4,2,[1 9],8,9,11,1,8
1,<environment.Job instance at 0x15328bccbe60>,0,3,[9 1],1,1,4,0,1
1,<environment.Job instance at 0x1532b01f6cd0>,1,3,[1 8],3,3,6,0,3
1,<environment.Job instance at 0x15328bd69dc0>,2,2,[5 1],7,9,11,2,9
1,<environment.Job instance at 0x15328bd69050>,4,2,[1 8],9,14,16,5,14
1,<environment.Job instance at 0x1532b01f6be0>,3,1,[2 5],8,16,17,8,16
1,<environment.Job instance at 0x1532a81e3b40>,3,3,[9 1],7,68,71,61,68
1,<environment.Job instance at 0x15328bdf3af0>,3,3,[1 7],4,4,7,0,4
1,<environment.Job instance at 0x15328bdf3f00>,2,2,[1 7],3,7,9,4,6
1,<environment.Job instance at 0x15328ba516e0>,6,3,[1 9],7,9,12,2,7
1,<environment.Job instance at 0x15328bdf3690>,7,3,[8 1],8,8,11,0,8
1,<environment.Job instance at 0x1532b1e6f9b0>,2,3,[1 7],4,5,8,1,5
1,<environment.Job instance at 0x1532b1e6ffa0>,5,3,[5 1],8,8,11,0,8
1,<environment.Job instance at 0x1532b8cefcd0>,0,2,[ 1 10],1,1,3,0,1
1,<environment.Job instance at 0x1532b82a28c0>,1,1,[9 1],2,4,5,2,4
1,<environment.Job instance at 0x1532b00f98c0>,4,3,[7 2],6,6,9,0,6
1,<environment.Job instance at 0x1532b8ceffa0>,2,2,[1 5],3,6,8,3,6
1,<environment.Job instance at 0x15328beb9c30>,0,3,[1 8],2,2,5,0,2
1,<environment.Job instance at 0x15328beb95f0>,3,15,[2 8],5,7,22,2,7
1,<environment.Job instance at 0x15328beb9af0>,5,1,[7 2],8,9,10,1,9
1,<environment.Job instance at 0x15328beb95a0>,1,3,[10  2],3,4,7,1,4
1,<environment.Job instance at 0x15328ba068c0>,2,3,[2 7],5,7,10,2,5
1,<environment.Job instance at 0x1532b3ab5690>,4,13,[ 2 10],8,13,26,5,13
1,<environment.Job instance at 0x1532b0046aa0>,0,1,[1 5],1,3,4,2,3
1,<environment.Job instance at 0x1532b00461e0>,3,1,[8 2],5,5,6,0,5
1,<environment.Job instance at 0x1532b3bb2b90>,4,2,[ 2 10],6,6,8,0,6
1,<environment.Job instance at 0x1532b3bb24b0>,5,1,[1 6],7,8,9,1,7
1,<environment.Job instance at 0x15328bc687d0>,0,1,[ 1 10],2,3,4,1,3
1,<environment.Job instance at 0x1532b3bb2cd0>,2,3,[7 1],4,4,7,0,4
1,<environment.Job instance at 0x1532b3bb2a00>,3,1,[ 1 10],5,7,8,2,5
1,<environment.Job instance at 0x1532b3bb22d0>,1,14,[2 7],3,8,22,5,6
1,<environment.Job instance at 0x15328baeb3c0>,5,3,[2 9],7,22,25,15,7
1,<environment.Job instance at 0x15328baebe10>,6,14,[ 1 10],8,25,39,17,10
1,<environment.Job instance at 0x1532b3bb2050>,7,18,[2 8],9,39,57,30,32
1,<environment.Job instance at 0x15328be9a8c0>,2,2,[6 2],3,3,5,0,3
1,<environment.Job instance at 0x1532b0392c30>,4,2,[2 6],6,6,8,0,6
1,<environment.Job instance at 0x1532b2fdbd20>,5,2,[9 1],8,8,10,0,8
1,<environment.Job instance at 0x1532bae31320>,2,1,[8 1],5,5,6,0,5
1,<environment.Job instance at 0x1532b3e5a820>,3,3,[2 7],6,8,11,2,8
1,<environment.Job instance at 0x15328bd692d0>,0,3,[1 6],2,2,5,0,2
1,<environment.Job instance at 0x15328bd69f50>,1,1,[2 7],3,5,6,2,3
1,<environment.Job instance at 0x15328bd691e0>,3,16,[2 6],5,6,22,1,5
1,<environment.Job instance at 0x15328be34cd0>,5,3,[1 8],8,22,25,14,10
1,<environment.Job instance at 0x1532a837f690>,0,3,[2 9],2,2,5,0,2
1,<environment.Job instance at 0x1532b033b1e0>,2,3,[7 1],6,6,9,0,6
1,<environment.Job instance at 0x1532b8cde640>,0,3,[7 2],1,1,4,0,1
1,<environment.Job instance at 0x1532b033bcd0>,1,3,[9 2],3,4,7,1,3
1,<environment.Job instance at 0x1532b8cdec30>,2,3,[1 6],6,7,10,1,7
1,<environment.Job instance at 0x15328bb34e60>,4,1,[2 7],8,10,11,2,8
1,<environment.Job instance at 0x15328bb34e10>,5,2,[2 5],9,11,13,2,9
1,<environment.Job instance at 0x1532a837fcd0>,3,13,[1 5],7,16,29,9,16
1,<environment.Job instance at 0x15328bb2a6e0>,0,1,[10  2],1,3,4,2,3
1,<environment.Job instance at 0x1532b3b39fa0>,3,3,[9 2],6,6,9,0,6
1,<environment.Job instance at 0x1532b3b395a0>,4,12,[8 1],7,9,21,2,7
1,<environment.Job instance at 0x1532b3b39cd0>,5,2,[6 2],8,21,23,13,8
1,<environment.Job instance at 0x15328bb2a640>,1,18,[1 8],3,9,27,6,9
1,<environment.Job instance at 0x15328bb2a730>,1,13,[8 1],4,4,17,0,4
1,<environment.Job instance at 0x1532b3ec4870>,4,1,[2 9],9,9,10,0,9
1,<environment.Job instance at 0x1532b2f2b460>,0,2,[1 8],1,1,3,0,1
1,<environment.Job instance at 0x1532b2f2b2d0>,1,1,[8 2],3,4,5,1,4
1,<environment.Job instance at 0x1532b3c0ebe0>,3,2,[2 8],6,6,8,0,6
1,<environment.Job instance at 0x1532b3c0e460>,4,2,[7 2],7,7,9,0,7
1,<environment.Job instance at 0x1532b3c0ec30>,2,13,[1 9],4,19,32,15,19
1,<environment.Job instance at 0x15328bba8190>,3,15,[10  1],6,8,23,2,8
1,<environment.Job instance at 0x15328bb34f50>,2,2,[6 2],4,4,6,0,4
1,<environment.Job instance at 0x15328bb34140>,3,3,[2 5],5,5,8,0,5
1,<environment.Job instance at 0x15328bb34550>,5,14,[2 8],8,8,22,0,8
1,<environment.Job instance at 0x15328bb34640>,3,2,[ 1 10],6,6,8,0,6
1,<environment.Job instance at 0x1532b8c3eaf0>,5,15,[7 2],8,8,23,0,8
1,<environment.Job instance at 0x1532b8c3ed20>,6,13,[9 1],9,23,36,14,9
1,<environment.Job instance at 0x15328bfbcc30>,3,2,[6 2],5,5,7,0,5
1,<environment.Job instance at 0x15328bfbceb0>,2,14,[2 8],4,6,20,2,6
1,<environment.Job instance at 0x15328bfbc460>,5,14,[9 1],9,20,34,11,9
1,<environment.Job instance at 0x1532b82e9690>,0,1,[10  2],1,4,5,3,4
1,<environment.Job instance at 0x15328bfbc9b0>,1,3,[1 7],4,5,8,1,4
1,<environment.Job instance at 0x15328bfbc1e0>,2,1,[6 2],5,5,6,0,5
1,<environment.Job instance at 0x1532b82e9050>,4,2,[7 2],7,7,9,0,7
1,<environment.Job instance at 0x15328bfbcdc0>,6,2,[1 5],9,9,11,0,9
1,<environment.Job instance at 0x1532b82e9640>,2,1,[ 2 10],5,5,6,0,5
1,<environment.Job instance at 0x1532b8cfedc0>,3,2,[2 8],8,8,10,0,8
1,<environment.Job instance at 0x1532b8c0fa50>,0,2,[6 2],1,2,4,1,2
1,<environment.Job instance at 0x1532b8c0f730>,1,1,[2 5],2,3,4,1,3
1,<environment.Job instance at 0x1532b8c0f8c0>,2,3,[2 8],6,6,9,0,6
1,<environment.Job instance at 0x1532b8c0f410>,3,2,[1 9],7,9,11,2,8
1,<environment.Job instance at 0x1532b8c0fbe0>,4,3,[2 6],8,11,14,3,8
1,<environment.Job instance at 0x1532b8c0f780>,5,2,[5 2],9,11,13,2,10
1,<environment.Job instance at 0x15328b8e5fa0>,0,2,[ 2 10],2,2,4,0,2
1,<environment.Job instance at 0x1532b8c0f820>,1,3,[2 8],3,4,7,1,3
1,<environment.Job instance at 0x1532b8c19550>,3,2,[5 1],5,5,7,0,5
1,<environment.Job instance at 0x15328be36640>,0,2,[2 7],1,1,3,0,1
1,<environment.Job instance at 0x15328be367d0>,3,2,[7 1],4,4,6,0,4
1,<environment.Job instance at 0x15328be363c0>,4,1,[1 6],6,6,7,0,6
1,<environment.Job instance at 0x1532a812c460>,5,2,[6 2],7,7,9,0,7
1,<environment.Job instance at 0x1532a812c820>,6,2,[10  2],9,9,11,0,9
1,<environment.Job instance at 0x15328bfc5b90>,1,3,[8 1],4,4,7,0,4
1,<environment.Job instance at 0x1532a812c550>,2,1,[8 2],6,7,8,1,6
1,<environment.Job instance at 0x1532a812cd70>,0,2,[2 7],3,6,8,3,6
1,<environment.Job instance at 0x15328bfc5f00>,3,3,[8 2],8,8,11,0,8
1,<environment.Job instance at 0x1532b006ee10>,0,3,[2 7],1,1,4,0,1
1,<environment.Job instance at 0x15328bda7910>,3,1,[10  1],7,8,9,1,8
1,<environment.Job instance at 0x15328be47690>,5,2,[9 1],9,9,11,0,9
1,<environment.Job instance at 0x15328be79d70>,1,3,[10  1],2,2,5,0,2
1,<environment.Job instance at 0x15328be47c80>,2,3,[7 1],3,5,8,2,3
1,<environment.Job instance at 0x1532a82d9c30>,0,3,[1 8],4,4,7,0,4
1,<environment.Job instance at 0x1532a82d9190>,2,1,[7 2],6,7,8,1,7
1,<environment.Job instance at 0x1532a82d90f0>,1,1,[10  1],5,8,9,3,7
1,<environment.Job instance at 0x1532b51619b0>,4,1,[2 9],8,9,10,1,8
1,<environment.Job instance at 0x1532ba1e9370>,3,2,[6 2],9,9,11,0,9
1,<environment.Job instance at 0x1532ba1e9140>,2,14,[2 9],8,11,25,3,9
1,<environment.Job instance at 0x1532b17bf190>,2,3,[6 2],3,3,6,0,3
1,<environment.Job instance at 0x15328bb75960>,4,1,[2 9],8,9,10,1,9
1,<environment.Job instance at 0x15328bb75a00>,5,18,[2 7],9,17,35,8,17
1,<environment.Job instance at 0x15328bb4c2d0>,1,3,[6 2],5,38,41,33,38
1,<environment.Job instance at 0x1532b8cf2910>,5,1,[8 2],9,313,314,304,313
1,<environment.Job instance at 0x1532b8cf2e60>,1,16,[9 2],2,3,19,1,3
1,<environment.Job instance at 0x15328b86f5a0>,0,1,[10  1],2,2,3,0,2
1,<environment.Job instance at 0x15328bea7640>,2,2,[2 9],6,6,8,0,6
1,<environment.Job instance at 0x1532b2adb640>,3,3,[9 1],7,8,11,1,7
1,<environment.Job instance at 0x1532b2adbe10>,5,1,[1 6],9,9,10,0,9
1,<environment.Job instance at 0x1532b2adb550>,4,2,[2 8],5,5,7,0,5
1,<environment.Job instance at 0x15328bdaaeb0>,0,3,[7 2],1,1,4,0,1
1,<environment.Job instance at 0x15328bdaa320>,1,2,[2 7],2,2,4,0,2
1,<environment.Job instance at 0x1532b2faa410>,2,3,[2 9],4,4,7,0,4
1,<environment.Job instance at 0x15328bdaac80>,3,1,[10  2],5,7,8,2,5
1,<environment.Job instance at 0x15328bdaae60>,4,2,[ 1 10],8,8,10,0,8
1,<environment.Job instance at 0x1532b3125190>,2,1,[ 1 10],6,6,7,0,6
1,<environment.Job instance at 0x1532b312c050>,3,1,[2 6],7,7,8,0,7
1,<environment.Job instance at 0x1532b17b9b40>,4,1,[2 6],8,8,9,0,8
1,<environment.Job instance at 0x1532b8cd8460>,1,1,[7 2],2,2,3,0,2
1,<environment.Job instance at 0x1532b005cdc0>,2,12,[1 5],3,4,16,1,4
1,<environment.Job instance at 0x1532b005cd70>,5,3,[6 2],7,7,10,0,7
1,<environment.Job instance at 0x15328b9ecaf0>,0,3,[2 8],1,1,4,0,1
1,<environment.Job instance at 0x15328bc99c80>,4,3,[ 2 10],5,5,8,0,5
1,<environment.Job instance at 0x15328bc99d70>,5,14,[1 5],6,8,22,2,6
1,<environment.Job instance at 0x15328b9ec460>,6,1,[ 2 10],7,22,23,15,7
1,<environment.Job instance at 0x15328bc99e60>,7,3,[ 2 10],8,23,26,15,8
1,<environment.Job instance at 0x1532b3169410>,8,2,[5 1],9,9,11,0,9
1,<environment.Job instance at 0x1532b3169dc0>,1,1,[1 9],3,3,4,0,3
1,<environment.Job instance at 0x1532b3169410>,3,3,[8 2],5,5,8,0,5
1,<environment.Job instance at 0x15328b9f02d0>,4,3,[1 7],6,6,9,0,6
1,<environment.Job instance at 0x15328b9f0230>,5,2,[9 2],7,8,10,1,7
1,<environment.Job instance at 0x15328bcf1370>,6,2,[7 1],8,10,12,2,8
1,<environment.Job instance at 0x15328b9f0640>,7,1,[1 6],9,9,10,0,9
1,<environment.Job instance at 0x15328b9f0c80>,0,1,[1 9],1,2,3,1,2
1,<environment.Job instance at 0x15328b9f0cd0>,2,3,[5 1],3,3,6,0,3
1,<environment.Job instance at 0x15328b9f0640>,4,2,[1 6],7,7,9,0,7
1,<environment.Job instance at 0x15328b9f0be0>,1,13,[1 6],2,28,41,26,28
1,<environment.Job instance at 0x1532b031e2d0>,1,2,[2 8],5,5,7,0,5
1,<environment.Job instance at 0x1532b031ec30>,2,3,[10  1],6,7,10,1,6
1,<environment.Job instance at 0x15328b9f0be0>,3,21,[1 5],9,13,34,4,13
1,<environment.Job instance at 0x1532b3b9a550>,0,3,[10  1],1,1,4,0,1
1,<environment.Job instance at 0x1532b309b280>,1,2,[1 6],2,4,6,2,2
1,<environment.Job instance at 0x1532b3b9aeb0>,2,2,[5 2],3,4,6,1,3
1,<environment.Job instance at 0x1532b3b9a7d0>,4,3,[8 1],5,6,9,1,5
1,<environment.Job instance at 0x1532b3b9aa00>,5,3,[10  1],6,9,12,3,6
1,<environment.Job instance at 0x1532b31eeb40>,0,3,[5 1],1,1,4,0,1
1,<environment.Job instance at 0x1532b82b1c30>,2,3,[1 9],4,5,8,1,5
1,<environment.Job instance at 0x1532b82b13c0>,4,3,[ 2 10],6,8,11,2,6
1,<environment.Job instance at 0x1532b82b1d20>,5,3,[2 6],7,11,14,4,7
1,<environment.Job instance at 0x1532b82b10a0>,6,2,[2 8],8,14,16,6,8
1,<environment.Job instance at 0x1532b82b1550>,7,2,[1 8],9,16,18,7,9
1,<environment.Job instance at 0x1532a80cc910>,0,2,[2 9],1,1,3,0,1
1,<environment.Job instance at 0x1532b82b1640>,1,1,[1 7],2,3,4,1,3
1,<environment.Job instance at 0x1532a80cceb0>,2,2,[7 1],3,3,5,0,3
1,<environment.Job instance at 0x1532b2fe2aa0>,5,3,[6 2],7,7,10,0,7
1,<environment.Job instance at 0x1532b2fe2690>,4,3,[2 6],5,8,11,3,8
1,<environment.Job instance at 0x1532b2fa06e0>,6,3,[1 9],8,11,14,3,8
1,<environment.Job instance at 0x1532b3aa4eb0>,0,2,[2 7],2,2,4,0,2
1,<environment.Job instance at 0x1532a82b4050>,2,2,[5 1],4,4,6,0,4
1,<environment.Job instance at 0x1532b3e8acd0>,5,3,[10  2],9,9,12,0,9
1,<environment.Job instance at 0x1532b3e953c0>,1,2,[9 2],2,2,4,0,2
1,<environment.Job instance at 0x1532b3e95140>,3,13,[1 5],5,5,18,0,5
1,<environment.Job instance at 0x15328baa0cd0>,4,3,[ 1 10],6,18,21,12,6
1,<environment.Job instance at 0x15328baa0690>,6,2,[7 1],8,10,12,2,10
1,<environment.Job instance at 0x1532b8333460>,1,3,[10  2],5,5,8,0,5
1,<environment.Job instance at 0x1532b8333e10>,2,13,[9 1],6,8,21,2,6
1,<environment.Job instance at 0x1532b1570500>,0,18,[1 6],4,8,26,4,6
1,<environment.Job instance at 0x1532b8333aa0>,1,2,[2 8],3,3,5,0,3
1,<environment.Job instance at 0x1532a80c9190>,2,3,[1 7],5,5,8,0,5
1,<environment.Job instance at 0x1532b8333730>,3,2,[8 1],7,7,9,0,7
1,<environment.Job instance at 0x1532b1e6b690>,4,3,[9 2],8,9,12,1,8
1,<environment.Job instance at 0x1532b02952d0>,2,13,[7 2],4,4,17,0,4
1,<environment.Job instance at 0x1532b0295730>,3,14,[7 1],5,17,31,12,5
1,<environment.Job instance at 0x1532b0101910>,0,3,[2 9],1,1,4,0,1
1,<environment.Job instance at 0x1532b0295af0>,2,1,[10  2],5,5,6,0,5
1,<environment.Job instance at 0x1532b0101be0>,3,1,[5 1],6,6,7,0,6
1,<environment.Job instance at 0x15328b85d280>,4,3,[1 8],7,7,10,0,7
1,<environment.Job instance at 0x15328b85d0f0>,5,2,[5 1],8,8,10,0,8
1,<environment.Job instance at 0x15328bec3b40>,0,2,[2 8],2,2,4,0,2
1,<environment.Job instance at 0x15328b85da50>,1,1,[ 1 10],3,4,5,1,3
1,<environment.Job instance at 0x15328bf89550>,3,3,[8 2],6,6,9,0,6
1,<environment.Job instance at 0x15328bf898c0>,6,3,[5 1],9,9,12,0,9
1,<environment.Job instance at 0x15328bf894b0>,0,2,[6 2],5,5,7,0,5
1,<environment.Job instance at 0x1532b832a960>,2,13,[1 6],3,3,16,0,3
1,<environment.Job instance at 0x1532b134d140>,3,2,[8 1],4,4,6,0,4
1,<environment.Job instance at 0x1532b134d550>,4,1,[10  1],5,16,17,11,5
1,<environment.Job instance at 0x1532b6dfec80>,5,2,[5 1],6,6,8,0,6
1,<environment.Job instance at 0x1532b17a6b90>,6,1,[1 6],7,17,18,10,7
1,<environment.Job instance at 0x1532b2f6f320>,7,12,[5 2],8,17,29,9,8
1,<environment.Job instance at 0x1532b026fdc0>,1,1,[10  1],5,32,33,27,32
1,<environment.Job instance at 0x1532b8c05410>,0,3,[1 9],1,1,4,0,1
1,<environment.Job instance at 0x1532b0147190>,2,2,[9 1],4,4,6,0,4
1,<environment.Job instance at 0x15328bc07960>,0,3,[6 2],2,3,6,1,3
1,<environment.Job instance at 0x15328bc070f0>,1,3,[2 5],4,4,7,0,4
1,<environment.Job instance at 0x15328bc07d20>,1,2,[7 2],2,4,6,2,4
1,<environment.Job instance at 0x1532b315b7d0>,2,3,[6 2],3,3,6,0,3
1,<environment.Job instance at 0x1532b025f550>,1,1,[5 2],2,6,7,4,4
1,<environment.Job instance at 0x1532b315b1e0>,1,2,[1 5],2,2,4,0,2
1,<environment.Job instance at 0x1532b315b280>,2,3,[6 1],3,3,6,0,3
1,<environment.Job instance at 0x1532b3189190>,4,2,[1 7],6,7,9,1,7
1,<environment.Job instance at 0x15328bf46640>,5,3,[1 6],7,9,12,2,9
1,<environment.Job instance at 0x1532b3b9e870>,3,3,[7 2],4,4,7,0,4
1,<environment.Job instance at 0x1532b3b9ee10>,5,3,[2 7],6,6,9,0,6
1,<environment.Job instance at 0x15328bf46d20>,8,2,[8 1],9,9,11,0,9
1,<environment.Job instance at 0x1532b018c690>,0,3,[9 1],1,2,5,1,2
1,<environment.Job instance at 0x1532b3b1a460>,7,3,[9 1],9,17,20,8,17
1,<environment.Job instance at 0x1532b302ae60>,2,3,[10  1],5,5,8,0,5
1,<environment.Job instance at 0x15328bd9ae60>,3,3,[ 1 10],7,8,11,1,7
1,<environment.Job instance at 0x1532b01ad3c0>,2,3,[9 2],4,4,7,0,4
1,<environment.Job instance at 0x15328bd9a3c0>,1,12,[5 1],3,7,19,4,4
1,<environment.Job instance at 0x15328bd9a050>,3,3,[8 1],6,19,22,13,6
1,<environment.Job instance at 0x15328b8ceeb0>,5,2,[5 1],9,9,11,0,9
1,<environment.Job instance at 0x15328b9e9fa0>,0,3,[1 9],1,1,4,0,1
1,<environment.Job instance at 0x15328b9e9be0>,2,1,[10  2],5,5,6,0,5
1,<environment.Job instance at 0x15328b9e9d70>,4,3,[8 1],7,7,10,0,7
1,<environment.Job instance at 0x15328b9e91e0>,5,1,[1 6],8,8,9,0,8
1,<environment.Job instance at 0x1532b0397870>,1,2,[9 1],2,2,4,0,2
1,<environment.Job instance at 0x1532b03979b0>,3,1,[2 7],5,9,10,4,9
1,<environment.Job instance at 0x1532b03972d0>,1,2,[1 9],2,2,4,0,2
1,<environment.Job instance at 0x1532b03979b0>,2,3,[1 7],6,6,9,0,6
1,<environment.Job instance at 0x1532b3e6f410>,4,19,[7 2],8,8,27,0,8
1,<environment.Job instance at 0x1532b3e6f050>,5,13,[5 2],9,27,40,18,11
1,<environment.Job instance at 0x1532b8c4d500>,0,1,[2 6],1,1,2,0,1
1,<environment.Job instance at 0x1532b3e6f640>,2,1,[2 5],3,3,4,0,3
1,<environment.Job instance at 0x15328bfe6d70>,4,2,[10  1],6,6,8,0,6
1,<environment.Job instance at 0x15328bfe6320>,6,1,[ 2 10],9,12,13,3,12
1,<environment.Job instance at 0x1532a82df140>,0,3,[1 6],1,1,4,0,1
1,<environment.Job instance at 0x15328bfe6280>,2,2,[ 1 10],3,6,8,3,6
1,<environment.Job instance at 0x15328bf25fa0>,5,14,[1 8],7,8,22,1,7
1,<environment.Job instance at 0x15328bf25d20>,6,3,[7 2],8,8,11,0,8
1,<environment.Job instance at 0x15328bf25f50>,7,2,[7 1],9,11,13,2,9
1,<environment.Job instance at 0x15328ba48320>,0,2,[5 1],1,1,3,0,1
1,<environment.Job instance at 0x1532b0295e60>,2,3,[1 5],4,4,7,0,4
1,<environment.Job instance at 0x15328bc3e870>,5,1,[5 1],9,9,10,0,9
1,<environment.Job instance at 0x15328bc3e6e0>,0,3,[8 2],3,3,6,0,3
1,<environment.Job instance at 0x15328bc3eaa0>,2,3,[2 5],6,6,9,0,6
1,<environment.Job instance at 0x1532b0332c80>,3,1,[1 6],7,9,10,2,7
1,<environment.Job instance at 0x1532b3157780>,4,2,[8 1],8,8,10,0,8
1,<environment.Job instance at 0x1532b3157f00>,5,2,[1 7],9,11,13,2,11
1,<environment.Job instance at 0x1532b1e97f50>,0,2,[7 1],1,2,4,1,2
1,<environment.Job instance at 0x1532b1e976e0>,2,2,[ 1 10],3,4,6,1,3
1,<environment.Job instance at 0x15328bc1af50>,7,3,[1 7],8,9,12,1,9
1,<environment.Job instance at 0x15328bc16910>,0,3,[7 1],2,2,5,0,2
1,<environment.Job instance at 0x1532b0062d70>,4,2,[1 9],9,9,11,0,9
1,<environment.Job instance at 0x1532b0062cd0>,3,1,[ 2 10],7,11,12,4,10
1,<environment.Job instance at 0x15328bb78960>,0,2,[5 2],1,1,3,0,1
1,<environment.Job instance at 0x15328bb789b0>,1,2,[1 5],2,2,4,0,2
1,<environment.Job instance at 0x15328bb78190>,3,2,[ 1 10],5,5,7,0,5
1,<environment.Job instance at 0x15328bb78500>,4,14,[2 5],6,7,21,1,6
1,<environment.Job instance at 0x15328bb787d0>,5,3,[2 9],7,21,24,14,7
1,<environment.Job instance at 0x15328bb78a00>,7,2,[2 9],9,24,26,15,9
1,<environment.Job instance at 0x15328bb78f00>,6,1,[10  1],8,26,27,18,9
1,<environment.Job instance at 0x1532b8cb5500>,0,3,[6 1],1,1,4,0,1
1,<environment.Job instance at 0x15328bb78b40>,1,2,[8 2],3,4,6,1,3
1,<environment.Job instance at 0x15328bc816e0>,3,2,[7 2],6,6,8,0,6
1,<environment.Job instance at 0x15328b87da00>,4,3,[10  2],7,8,11,1,7
1,<environment.Job instance at 0x1532b158ad70>,0,3,[10  2],1,1,4,0,1
1,<environment.Job instance at 0x1532a8139be0>,1,2,[8 2],2,4,6,2,2
1,<environment.Job instance at 0x1532b158a8c0>,2,3,[7 1],4,6,9,2,4
1,<environment.Job instance at 0x1532b158ac80>,3,3,[7 2],5,9,12,4,5
1,<environment.Job instance at 0x1532a828ee10>,5,2,[7 1],8,12,14,4,8
1,<environment.Job instance at 0x1532a828ecd0>,1,3,[10  1],2,2,5,0,2
1,<environment.Job instance at 0x1532a819e550>,2,2,[5 1],4,5,7,1,4
1,<environment.Job instance at 0x1532a83aaeb0>,4,1,[10  2],8,8,9,0,8
1,<environment.Job instance at 0x15328bddd640>,0,3,[9 2],3,3,6,0,3
1,<environment.Job instance at 0x1532a83aa140>,1,3,[5 1],5,6,9,1,5
1,<environment.Job instance at 0x15328bddda50>,3,12,[9 1],7,9,21,2,7
1,<environment.Job instance at 0x15328bddd370>,4,1,[2 7],8,21,22,13,13
1,<environment.Job instance at 0x15328bc86be0>,2,13,[7 1],5,6,19,1,6
1,<environment.Job instance at 0x1532b003fd70>,4,12,[2 6],7,14,26,7,14
1,<environment.Job instance at 0x15328bcb77d0>,3,15,[2 6],6,29,44,23,29
1,<environment.Job instance at 0x1532b0281820>,2,16,[10  1],4,8,24,4,8
1,<environment.Job instance at 0x1532b2f5d8c0>,0,2,[8 1],3,3,5,0,3
1,<environment.Job instance at 0x15328b8cc820>,3,1,[ 2 10],9,9,10,0,9
1,<environment.Job instance at 0x1532b5180460>,2,3,[1 9],6,10,13,4,10
1,<environment.Job instance at 0x15328bd83190>,1,3,[1 6],3,4,7,1,4
1,<environment.Job instance at 0x15328be342d0>,4,3,[1 8],7,7,10,0,7
1,<environment.Job instance at 0x15328be34870>,6,3,[1 6],9,10,13,1,9
1,<environment.Job instance at 0x1532b00a1910>,0,3,[6 1],1,1,4,0,1
1,<environment.Job instance at 0x1532b00a19b0>,2,2,[8 1],3,4,6,1,3
1,<environment.Job instance at 0x15328bded3c0>,5,3,[2 9],7,7,10,0,7
1,<environment.Job instance at 0x15328bded5a0>,6,17,[1 9],8,10,27,2,8
1,<environment.Job instance at 0x15328bdedaa0>,7,3,[2 8],9,27,30,18,9
1,<environment.Job instance at 0x1532b00a1230>,1,2,[6 1],2,2,4,0,2
1,<environment.Job instance at 0x1532b838df50>,3,2,[2 5],6,7,9,1,7
1,<environment.Job instance at 0x1532b133fd70>,4,3,[2 8],8,9,12,1,8
1,<environment.Job instance at 0x1532b30ace10>,6,3,[9 1],9,16,19,7,16
1,<environment.Job instance at 0x1532b01ceeb0>,0,3,[1 9],1,1,4,0,1
1,<environment.Job instance at 0x1532b30acbe0>,1,1,[5 1],2,3,4,1,3
1,<environment.Job instance at 0x1532b3e70960>,4,3,[10  1],8,8,11,0,8
1,<environment.Job instance at 0x1532b01cee10>,3,2,[8 1],7,11,13,4,8
1,<environment.Job instance at 0x1532b3ac90a0>,1,1,[9 2],4,4,5,0,4
1,<environment.Job instance at 0x15328ba84cd0>,0,2,[2 7],2,5,7,3,4
1,<environment.Job instance at 0x1532b3ac9be0>,3,2,[2 6],7,7,9,0,7
1,<environment.Job instance at 0x1532b3ac9640>,4,3,[6 2],8,8,11,0,8
1,<environment.Job instance at 0x15328be170a0>,1,1,[ 1 10],4,4,5,0,4
1,<environment.Job instance at 0x15328be17fa0>,3,3,[8 2],7,7,10,0,7
1,<environment.Job instance at 0x15328be81be0>,4,1,[1 9],8,10,11,2,8
1,<environment.Job instance at 0x15328bce90f0>,1,16,[1 8],3,5,21,2,5
1,<environment.Job instance at 0x1532b314e820>,3,16,[1 8],6,21,37,15,8
1,<environment.Job instance at 0x15328bce9640>,2,18,[2 7],5,37,55,32,26
1,<environment.Job instance at 0x15328bb187d0>,0,2,[8 2],1,1,3,0,1
1,<environment.Job instance at 0x1532b314e140>,2,16,[5 2],3,6,22,3,6
1,<environment.Job instance at 0x1532b3e2a7d0>,6,2,[8 1],7,22,24,15,7
1,<environment.Job instance at 0x1532b3e2a6e0>,7,2,[6 1],8,24,26,16,9
1,<environment.Job instance at 0x1532b3e404b0>,0,3,[2 6],1,1,4,0,1
1,<environment.Job instance at 0x1532ba21a6e0>,3,1,[7 2],5,5,6,0,5
1,<environment.Job instance at 0x15328b977b90>,7,3,[7 1],9,9,12,0,9
1,<environment.Job instance at 0x1532b01b44b0>,1,2,[8 1],3,3,5,0,3
1,<environment.Job instance at 0x1532b01b4aa0>,2,3,[ 2 10],5,5,8,0,5
1,<environment.Job instance at 0x1532b01b4fa0>,3,1,[1 6],9,9,10,0,9
1,<environment.Job instance at 0x1532b01b4410>,0,2,[2 7],2,2,4,0,2
1,<environment.Job instance at 0x15328b9de410>,2,2,[2 5],5,5,7,0,5
1,<environment.Job instance at 0x1532b01b4fa0>,3,2,[1 6],6,7,9,1,7
1,<environment.Job instance at 0x1532b3aaa3c0>,5,3,[9 1],9,9,12,0,9
1,<environment.Job instance at 0x1532b30824b0>,0,2,[8 2],1,2,4,1,2
1,<environment.Job instance at 0x1532b0099b90>,1,1,[8 1],2,4,5,2,3
1,<environment.Job instance at 0x1532b3ecb1e0>,5,2,[2 9],7,7,9,0,7
1,<environment.Job instance at 0x1532b3ede730>,6,3,[ 2 10],8,9,12,1,8
1,<environment.Job instance at 0x1532b3ecb820>,7,1,[2 7],9,12,13,3,9
1,<environment.Job instance at 0x1532baf38c30>,3,3,[9 1],5,5,8,0,5
1,<environment.Job instance at 0x1532baf38d70>,4,1,[9 2],6,8,9,2,6
1,<environment.Job instance at 0x1532b8272780>,2,1,[10  1],7,8,9,1,8
1,<environment.Job instance at 0x15328baa8960>,1,3,[1 8],2,2,5,0,2
1,<environment.Job instance at 0x1532b3bf4c30>,2,12,[1 6],4,5,17,1,5
1,<environment.Job instance at 0x1532b5177be0>,0,3,[6 2],1,1,4,0,1
1,<environment.Job instance at 0x1532b30c6a00>,1,2,[7 2],2,4,6,2,3
1,<environment.Job instance at 0x15328be9ab90>,2,1,[10  2],3,6,7,3,3
1,<environment.Job instance at 0x1532b30c6820>,3,3,[1 5],5,7,10,2,5
1,<environment.Job instance at 0x15328bc7cc80>,5,3,[2 7],7,10,13,3,7
1,<environment.Job instance at 0x1532b3f06780>,2,1,[7 2],4,4,5,0,4
1,<environment.Job instance at 0x1532b8bdc230>,3,1,[5 1],5,5,6,0,5
1,<environment.Job instance at 0x1532b3f06870>,1,20,[1 9],2,8,28,6,8
1,<environment.Job instance at 0x1532b8bdc1e0>,1,3,[5 2],2,2,5,0,2
1,<environment.Job instance at 0x15328bd889b0>,2,3,[2 8],3,3,6,0,3
1,<environment.Job instance at 0x1532b8bdccd0>,3,1,[2 8],5,6,7,1,5
1,<environment.Job instance at 0x15328bd88320>,5,2,[1 7],7,36,38,29,36
1,<environment.Job instance at 0x1532b2f76a50>,1,2,[5 1],3,3,5,0,3
1,<environment.Job instance at 0x1532b2f76230>,2,1,[8 2],5,6,7,1,6
1,<environment.Job instance at 0x15328bd88910>,3,25,[2 7],7,39,64,32,39
1,<environment.Job instance at 0x1532a832b5f0>,1,3,[10  2],4,4,7,0,4
1,<environment.Job instance at 0x1532a832b370>,2,1,[9 1],5,7,8,2,5
1,<environment.Job instance at 0x1532a832b960>,3,2,[8 2],6,8,10,2,6
1,<environment.Job instance at 0x1532a832bf50>,4,2,[6 1],7,10,12,3,7
1,<environment.Job instance at 0x1532a832b870>,6,2,[2 7],9,9,11,0,9
1,<environment.Job instance at 0x1532b3bfb870>,4,3,[8 1],7,7,10,0,7
1,<environment.Job instance at 0x1532a832b870>,6,2,[9 1],9,10,12,1,9
1,<environment.Job instance at 0x1532b3bfbcd0>,5,3,[5 1],8,12,15,4,9
1,<environment.Job instance at 0x1532b3efab40>,0,3,[7 1],1,1,4,0,1
1,<environment.Job instance at 0x1532b3efad20>,3,3,[ 2 10],7,7,10,0,7
1,<environment.Job instance at 0x1532b3efa410>,4,3,[6 2],8,10,13,2,8
1,<environment.Job instance at 0x1532a8047b40>,1,3,[7 2],6,6,9,0,6
1,<environment.Job instance at 0x1532a8047e60>,3,3,[1 7],9,19,22,10,19
1,<environment.Job instance at 0x1532b0046b40>,2,3,[1 6],6,6,9,0,6
1,<environment.Job instance at 0x15328be47be0>,4,1,[10  2],8,9,10,1,8
1,<environment.Job instance at 0x1532b004d820>,3,2,[6 1],7,10,12,3,8
1,<environment.Job instance at 0x1532b30b69b0>,5,3,[1 6],9,10,13,1,9
1,<environment.Job instance at 0x1532b82f9be0>,1,2,[1 5],6,6,8,0,6
1,<environment.Job instance at 0x1532b02810f0>,1,1,[7 2],3,3,4,0,3
1,<environment.Job instance at 0x1532b0281b40>,2,1,[10  2],4,4,5,0,4
1,<environment.Job instance at 0x1532b0281910>,3,13,[1 8],5,6,19,1,6
1,<environment.Job instance at 0x1532b0281b90>,4,3,[8 1],6,6,9,0,6
1,<environment.Job instance at 0x1532b0281a00>,5,3,[6 1],7,9,12,2,7
1,<environment.Job instance at 0x1532b3ab5af0>,0,2,[6 2],1,4,6,3,4
1,<environment.Job instance at 0x1532b3ab5b90>,2,2,[2 7],5,13,15,8,13
1,<environment.Job instance at 0x1532b3bfbc80>,0,2,[10  2],1,1,3,0,1
1,<environment.Job instance at 0x1532b3bfb910>,2,13,[1 7],4,4,17,0,4
1,<environment.Job instance at 0x15328b98fc80>,4,3,[8 2],6,6,9,0,6
1,<environment.Job instance at 0x15328b98fd70>,7,3,[6 2],9,9,12,0,9
1,<environment.Job instance at 0x15328b9aba00>,1,2,[ 2 10],3,5,7,2,5
1,<environment.Job instance at 0x15328bb34c30>,3,3,[2 8],6,7,10,1,6
1,<environment.Job instance at 0x15328bb34b40>,4,14,[1 6],8,10,24,2,8
1,<environment.Job instance at 0x15328bb347d0>,5,2,[6 2],9,9,11,0,9
1,<environment.Job instance at 0x1532b2f993c0>,0,3,[7 1],1,1,4,0,1
1,<environment.Job instance at 0x15328bb347d0>,2,15,[10  2],4,4,19,0,4
1,<environment.Job instance at 0x1532b2f99aa0>,1,3,[1 7],3,19,22,16,4
1,<environment.Job instance at 0x1532a8140f50>,4,1,[8 1],7,19,20,12,8
1,<environment.Job instance at 0x1532a8140730>,5,3,[2 9],8,22,25,14,9
1,<environment.Job instance at 0x1532b6debaf0>,0,1,[6 1],1,3,4,2,3
1,<environment.Job instance at 0x1532b6debaa0>,1,15,[2 6],3,53,68,50,53
1,<environment.Job instance at 0x1532a81c2640>,0,3,[9 1],2,2,5,0,2
1,<environment.Job instance at 0x1532a81bfcd0>,1,3,[2 6],3,5,8,2,3
1,<environment.Job instance at 0x1532a81bf7d0>,3,12,[10  2],5,8,20,3,5
1,<environment.Job instance at 0x1532a81bf870>,2,2,[8 1],4,6,8,2,6
1,<environment.Job instance at 0x1532a81bf370>,4,2,[9 2],6,20,22,14,8
1,<environment.Job instance at 0x15328bfe8dc0>,1,1,[2 6],3,4,5,1,4
1,<environment.Job instance at 0x15328bfe8be0>,3,3,[2 8],5,5,8,0,5
1,<environment.Job instance at 0x1532a80fd410>,4,2,[5 2],7,7,9,0,7
1,<environment.Job instance at 0x1532b0364a50>,1,15,[9 2],3,4,19,1,4
1,<environment.Job instance at 0x15328b89eb40>,4,1,[10  2],6,19,20,13,6
1,<environment.Job instance at 0x1532b8cfd550>,5,13,[8 2],8,20,33,12,8
1,<environment.Job instance at 0x15328b89ed70>,6,16,[1 8],9,20,36,11,9
1,<environment.Job instance at 0x1532b1573d70>,3,13,[1 9],6,6,19,0,6
1,<environment.Job instance at 0x1532b8264460>,0,2,[1 6],1,1,3,0,1
1,<environment.Job instance at 0x1532b1599280>,2,2,[8 1],6,6,8,0,6
1,<environment.Job instance at 0x1532a816c1e0>,4,2,[ 1 10],8,9,11,1,9
1,<environment.Job instance at 0x1532b0391870>,1,2,[1 6],2,2,4,0,2
1,<environment.Job instance at 0x1532b8c1cf00>,2,3,[8 2],3,3,6,0,3
1,<environment.Job instance at 0x1532b8c1c550>,3,13,[2 7],4,4,17,0,4
1,<environment.Job instance at 0x15328bc4f460>,4,17,[9 1],5,17,34,12,5
1,<environment.Job instance at 0x1532b02d1460>,0,3,[10  1],1,2,5,1,2
1,<environment.Job instance at 0x1532b02d1d70>,2,2,[2 5],3,5,7,2,3
1,<environment.Job instance at 0x1532b02d10a0>,3,1,[10  1],4,7,8,3,4
1,<environment.Job instance at 0x1532b02d1280>,1,16,[ 1 10],2,8,24,6,4
1,<environment.Job instance at 0x15328bcb5f50>,5,1,[8 1],7,24,25,17,7
1,<environment.Job instance at 0x15328bcb5730>,6,13,[1 6],8,24,37,16,8
1,<environment.Job instance at 0x15328bcb55f0>,1,3,[7 2],6,6,9,0,6
1,<environment.Job instance at 0x1532b0069910>,2,2,[2 9],8,9,11,1,8
1,<environment.Job instance at 0x15328bcb56e0>,3,3,[ 2 10],9,11,14,2,9
1,<environment.Job instance at 0x1532b3177640>,2,3,[2 5],6,6,9,0,6
1,<environment.Job instance at 0x1532b009eb90>,3,13,[1 8],7,9,22,2,7
1,<environment.Job instance at 0x1532b009ee60>,4,3,[2 5],8,22,25,14,8
1,<environment.Job instance at 0x15328bc70730>,2,1,[5 1],6,6,7,0,6
1,<environment.Job instance at 0x15328bc70af0>,1,1,[9 1],5,7,8,2,6
1,<environment.Job instance at 0x15328bc708c0>,4,3,[1 5],9,9,12,0,9
1,<environment.Job instance at 0x15328bc70b40>,1,1,[8 1],4,4,5,0,4
1,<environment.Job instance at 0x15328bc708c0>,2,3,[8 1],6,7,10,1,7
1,<environment.Job instance at 0x15328b891fa0>,0,3,[7 2],2,3,6,1,3
1,<environment.Job instance at 0x15328bc95410>,2,3,[2 7],4,4,7,0,4
1,<environment.Job instance at 0x15328bc95320>,3,2,[10  2],6,10,12,4,10
1,<environment.Job instance at 0x1532a83b79b0>,1,3,[2 9],2,2,5,0,2
1,<environment.Job instance at 0x1532a83b78c0>,2,2,[10  2],3,5,7,2,3
1,<environment.Job instance at 0x1532a82c5820>,4,2,[1 9],6,7,9,1,6
1,<environment.Job instance at 0x15328b849050>,2,3,[ 2 10],4,4,7,0,4
1,<environment.Job instance at 0x1532a82c5730>,4,3,[9 2],7,7,10,0,7
1,<environment.Job instance at 0x15328b849f50>,3,2,[8 1],5,10,12,5,7
1,<environment.Job instance at 0x1532b2f990a0>,1,17,[7 1],2,2,19,0,2
1,<environment.Job instance at 0x15328b849af0>,2,15,[ 1 10],6,19,34,13,6
1,<environment.Job instance at 0x1532b831a960>,4,3,[6 2],9,34,37,25,9
1,<environment.Job instance at 0x1532a825e960>,3,3,[7 1],7,7,10,0,7
1,<environment.Job instance at 0x1532b02f9460>,5,3,[5 1],9,10,13,1,9
1,<environment.Job instance at 0x1532b2f8dc30>,2,2,[10  1],6,6,8,0,6
1,<environment.Job instance at 0x1532b2f8d320>,3,2,[ 1 10],7,8,10,1,7
1,<environment.Job instance at 0x1532b03510f0>,4,14,[7 1],8,10,24,2,8
1,<environment.Job instance at 0x1532b0351910>,5,13,[5 2],9,24,37,15,9
1,<environment.Job instance at 0x1532a80d90f0>,2,3,[ 2 10],6,6,9,0,6
1,<environment.Job instance at 0x1532a80d9c30>,3,1,[9 1],7,9,10,2,7
1,<environment.Job instance at 0x15328bdaaeb0>,3,3,[1 9],4,4,7,0,4
1,<environment.Job instance at 0x15328bdaadc0>,4,1,[2 9],5,7,8,2,6
1,<environment.Job instance at 0x15328bdaaa00>,2,3,[1 5],3,8,11,5,7
1,<environment.Job instance at 0x15328bdaad70>,7,3,[1 6],8,11,14,3,8
1,<environment.Job instance at 0x15328bdaa280>,8,2,[5 1],9,9,11,0,9
1,<environment.Job instance at 0x15328bdaaf50>,5,1,[10  1],6,40,41,34,40
1,<environment.Job instance at 0x1532b0387eb0>,0,1,[2 5],3,4,5,1,4
1,<environment.Job instance at 0x1532b0387050>,2,2,[9 1],5,5,7,0,5
1,<environment.Job instance at 0x1532b0387410>,1,19,[1 8],4,141,160,137,141
1,<environment.Job instance at 0x1532b3e682d0>,4,2,[1 7],7,361,363,354,361
1,<environment.Job instance at 0x15328bf24190>,0,3,[1 5],1,1,4,0,1
1,<environment.Job instance at 0x1532b6e0b8c0>,2,3,[7 2],3,3,6,0,3
1,<environment.Job instance at 0x1532b3046d20>,1,2,[2 6],3,3,5,0,3
1,<environment.Job instance at 0x1532b037dd20>,0,1,[10  2],1,1,2,0,1
1,<environment.Job instance at 0x1532b037d0f0>,2,1,[2 6],4,5,6,1,5
1,<environment.Job instance at 0x1532b037da00>,3,1,[5 2],6,7,8,1,7
1,<environment.Job instance at 0x1532b037dbe0>,4,13,[1 7],7,21,34,14,21
1,<environment.Job instance at 0x15328ba05a50>,0,3,[9 2],3,3,6,0,3
1,<environment.Job instance at 0x1532a812bcd0>,3,2,[5 1],7,7,9,0,7
1,<environment.Job instance at 0x1532b037dbe0>,4,2,[1 5],8,8,10,0,8
1,<environment.Job instance at 0x15328ba990f0>,2,3,[ 1 10],4,4,7,0,4
1,<environment.Job instance at 0x1532b8c06fa0>,3,2,[7 2],6,7,9,1,6
1,<environment.Job instance at 0x1532a80f98c0>,0,2,[1 8],1,1,3,0,1
1,<environment.Job instance at 0x1532b8c06dc0>,1,1,[2 6],2,3,4,1,3
1,<environment.Job instance at 0x15328bcb7820>,2,14,[ 1 10],3,10,24,7,10
1,<environment.Job instance at 0x15328bb78af0>,0,2,[10  2],1,1,3,0,1
1,<environment.Job instance at 0x15328bb784b0>,1,2,[6 2],2,3,5,1,2
1,<environment.Job instance at 0x1532a8162910>,2,2,[2 5],5,5,7,0,5
1,<environment.Job instance at 0x15328bbd5730>,3,3,[6 2],6,6,9,0,6
1,<environment.Job instance at 0x1532b2fba690>,1,2,[ 1 10],2,2,4,0,2
1,<environment.Job instance at 0x15328bcd07d0>,2,2,[2 7],5,6,8,1,6
1,<environment.Job instance at 0x1532b02bd870>,3,1,[7 2],7,7,8,0,7
1,<environment.Job instance at 0x1532b8cb4b40>,4,3,[2 9],8,8,11,0,8
1,<environment.Job instance at 0x1532b8c94050>,0,2,[2 6],1,1,3,0,1
1,<environment.Job instance at 0x1532b8c940a0>,3,3,[9 2],5,5,8,0,5
1,<environment.Job instance at 0x1532b17b1af0>,4,12,[2 7],6,8,20,2,6
1,<environment.Job instance at 0x1532b17b1f00>,6,3,[10  2],8,20,23,12,8
1,<environment.Job instance at 0x1532b17b1a00>,7,3,[1 9],9,23,26,14,9
1,<environment.Job instance at 0x15328b8e4eb0>,1,3,[6 2],3,4,7,1,4
1,<environment.Job instance at 0x1532b1317d20>,4,2,[ 2 10],6,7,9,1,6
1,<environment.Job instance at 0x1532b17b1a00>,3,2,[2 5],5,9,11,4,7
1,<environment.Job instance at 0x15328bd1c7d0>,5,1,[8 1],7,9,10,2,8
1,<environment.Job instance at 0x15328bd1c320>,7,1,[5 1],9,10,11,1,9
1,<environment.Job instance at 0x15328bd1c640>,6,1,[5 1],8,11,12,3,11
1,<environment.Job instance at 0x15328bc3cc30>,0,3,[5 2],5,5,8,0,5
1,<environment.Job instance at 0x15328bd1c640>,2,3,[9 2],7,8,11,1,7
1,<environment.Job instance at 0x1532b3058b90>,3,1,[9 1],8,11,12,3,8
1,<environment.Job instance at 0x1532b3aee140>,1,3,[1 6],2,2,5,0,2
1,<environment.Job instance at 0x1532b3aee460>,2,3,[2 7],3,5,8,2,3
1,<environment.Job instance at 0x1532a807f410>,3,14,[2 7],4,8,22,4,4
1,<environment.Job instance at 0x1532b3aee0f0>,6,2,[1 7],9,22,24,13,9
1,<environment.Job instance at 0x1532b824df00>,0,1,[8 2],1,1,2,0,1
1,<environment.Job instance at 0x1532b3aee0f0>,2,2,[9 1],3,3,5,0,3
1,<environment.Job instance at 0x1532a807f5a0>,4,1,[2 7],5,8,9,3,8
1,<environment.Job instance at 0x15328bd7edc0>,7,12,[1 6],9,15,27,6,15
1,<environment.Job instance at 0x15328bd7ee60>,6,14,[ 2 10],8,27,41,19,26
1,<environment.Job instance at 0x15328bb18e10>,0,3,[2 7],1,1,4,0,1
1,<environment.Job instance at 0x1532b824d910>,2,2,[2 9],3,4,6,1,3
1,<environment.Job instance at 0x15328bb18960>,4,1,[6 2],6,6,7,0,6
1,<environment.Job instance at 0x15328bb180a0>,6,1,[7 1],8,8,9,0,8
1,<environment.Job instance at 0x15328bb18b40>,7,17,[10  1],9,9,26,0,9
1,<environment.Job instance at 0x1532b8c1bc80>,1,1,[1 6],4,4,5,0,4
1,<environment.Job instance at 0x1532b8c1baa0>,2,3,[6 1],6,6,9,0,6
1,<environment.Job instance at 0x1532b8c1b410>,4,3,[5 2],9,9,12,0,9
1,<environment.Job instance at 0x1532b32324b0>,1,2,[1 9],2,2,4,0,2
1,<environment.Job instance at 0x1532b0355550>,2,1,[2 6],3,4,5,1,3
1,<environment.Job instance at 0x1532b3232550>,4,1,[9 1],6,6,7,0,6
1,<environment.Job instance at 0x1532b0355280>,3,17,[1 5],4,8,25,4,8
1,<environment.Job instance at 0x1532b0355a00>,5,1,[8 1],8,19,20,11,19
1,<environment.Job instance at 0x1532b32094b0>,1,3,[2 6],2,2,5,0,2
1,<environment.Job instance at 0x1532b0355cd0>,3,2,[1 6],5,5,7,0,5
1,<environment.Job instance at 0x1532a8333370>,5,3,[5 1],8,8,11,0,8
1,<environment.Job instance at 0x1532a8333410>,6,1,[1 6],9,9,10,0,9
1,<environment.Job instance at 0x1532a8333a00>,0,3,[2 5],2,2,5,0,2
1,<environment.Job instance at 0x1532a8333af0>,2,1,[1 6],5,102,103,97,102
1,<environment.Job instance at 0x1532a805a5a0>,1,3,[8 2],3,3,6,0,3
1,<environment.Job instance at 0x1532a805a0a0>,3,2,[5 1],5,6,8,1,5
1,<environment.Job instance at 0x1532b3044140>,2,17,[2 6],4,6,23,2,6
1,<environment.Job instance at 0x1532b3044500>,5,12,[2 7],7,23,35,16,7
1,<environment.Job instance at 0x1532b3044910>,2,3,[5 1],3,3,6,0,3
1,<environment.Job instance at 0x1532b3044c30>,3,3,[7 2],4,6,9,2,4
1,<environment.Job instance at 0x1532b83067d0>,2,1,[6 1],4,4,5,0,4
1,<environment.Job instance at 0x1532b83066e0>,1,2,[5 2],3,5,7,2,5
1,<environment.Job instance at 0x15328b94ce10>,3,2,[1 8],5,7,9,2,7
1,<environment.Job instance at 0x1532b317c050>,6,1,[8 1],8,8,9,0,8
1,<environment.Job instance at 0x15328b94cf00>,5,16,[1 9],7,9,25,2,8
1,<environment.Job instance at 0x1532b18594b0>,0,2,[ 2 10],1,1,3,0,1
1,<environment.Job instance at 0x15328bf64820>,3,2,[1 7],9,9,11,0,9
1,<environment.Job instance at 0x15328be79050>,0,3,[1 9],1,1,4,0,1
1,<environment.Job instance at 0x1532b1577050>,4,3,[6 1],5,5,8,0,5
1,<environment.Job instance at 0x1532b15778c0>,6,13,[5 2],8,12,25,4,12
1,<environment.Job instance at 0x1532b003f460>,3,2,[8 1],4,59,61,55,59
1,<environment.Job instance at 0x1532b31905f0>,1,3,[1 7],2,2,5,0,2
1,<environment.Job instance at 0x1532b1577e60>,2,28,[2 6],3,7,35,4,7
1,<environment.Job instance at 0x1532a80366e0>,5,3,[1 5],8,35,38,27,15
1,<environment.Job instance at 0x1532a8036a00>,1,1,[8 1],4,4,5,0,4
1,<environment.Job instance at 0x1532b6e04c80>,2,1,[8 1],5,6,7,1,6
1,<environment.Job instance at 0x1532a8036960>,1,1,[1 9],5,5,6,0,5
1,<environment.Job instance at 0x1532a8145690>,2,2,[10  1],6,6,8,0,6
1,<environment.Job instance at 0x15328b917460>,4,1,[1 7],9,10,11,1,10
1,<environment.Job instance at 0x1532b30917d0>,2,2,[1 9],5,5,7,0,5
1,<environment.Job instance at 0x1532b30915a0>,3,3,[10  1],6,7,10,1,6
1,<environment.Job instance at 0x1532b3091140>,4,1,[7 2],8,10,11,2,8
1,<environment.Job instance at 0x1532b18134b0>,5,2,[6 1],9,11,13,2,9
1,<environment.Job instance at 0x1532a803bf50>,1,3,[8 1],2,2,5,0,2
1,<environment.Job instance at 0x1532a8062b90>,2,15,[1 7],3,4,19,1,4
1,<environment.Job instance at 0x1532a80626e0>,7,3,[10  2],9,19,22,10,9
1,<environment.Job instance at 0x1532a80625a0>,3,18,[ 2 10],4,22,40,18,13
1,<environment.Job instance at 0x1532b1859f50>,0,2,[ 2 10],1,1,3,0,1
1,<environment.Job instance at 0x1532b1859550>,1,3,[1 5],2,3,6,1,3
1,<environment.Job instance at 0x1532a8062fa0>,2,3,[6 1],8,8,11,0,8
1,<environment.Job instance at 0x15328b918a50>,3,2,[9 1],5,5,7,0,5
1,<environment.Job instance at 0x15328bd52410>,1,2,[2 9],2,7,9,5,7
1,<environment.Job instance at 0x15328b9185f0>,4,2,[5 2],6,9,11,3,7
1,<environment.Job instance at 0x15328bd52500>,2,2,[9 1],3,3,5,0,3
1,<environment.Job instance at 0x1532b8288190>,3,2,[6 2],5,5,7,0,5
1,<environment.Job instance at 0x15328bb66460>,4,2,[6 1],7,9,11,2,9
1,<environment.Job instance at 0x1532b011bc30>,0,3,[2 5],1,1,4,0,1
1,<environment.Job instance at 0x1532b011baa0>,2,3,[10  2],4,4,7,0,4
1,<environment.Job instance at 0x15328bb8b820>,4,3,[2 7],6,7,10,1,6
1,<environment.Job instance at 0x1532b011b050>,7,1,[ 1 10],9,10,11,1,9
1,<environment.Job instance at 0x15328bd2ea50>,3,3,[7 1],9,9,12,0,9
1,<environment.Job instance at 0x15328bc2df00>,1,2,[2 7],2,3,5,1,3
1,<environment.Job instance at 0x1532b021f050>,3,3,[8 1],4,4,7,0,4
1,<environment.Job instance at 0x1532b033b460>,4,2,[6 1],5,7,9,2,5
1,<environment.Job instance at 0x1532b033b0a0>,5,1,[5 1],6,9,10,3,6
1,<environment.Job instance at 0x1532b033bc80>,6,1,[6 1],8,10,11,2,8
1,<environment.Job instance at 0x15328bd6d820>,0,3,[2 6],3,3,6,0,3
1,<environment.Job instance at 0x1532b31eaeb0>,3,1,[5 1],7,10,11,3,10
1,<environment.Job instance at 0x1532b32071e0>,0,2,[1 9],1,1,3,0,1
1,<environment.Job instance at 0x1532b3207230>,1,2,[8 1],2,2,4,0,2
1,<environment.Job instance at 0x1532b3013820>,4,3,[6 1],5,5,8,0,5
1,<environment.Job instance at 0x1532b3013e10>,5,2,[9 2],7,8,10,1,7
1,<environment.Job instance at 0x15328b8da230>,6,3,[2 7],8,10,13,2,8
1,<environment.Job instance at 0x1532b8c0feb0>,0,2,[9 2],1,1,3,0,1
1,<environment.Job instance at 0x1532b8bc47d0>,2,1,[10  1],3,3,4,0,3
1,<environment.Job instance at 0x1532b8c0f190>,4,24,[ 2 10],7,127,151,120,127
1,<environment.Job instance at 0x15328bb83b40>,3,18,[2 6],6,7,25,1,7
1,<environment.Job instance at 0x15328bb83e10>,4,17,[ 1 10],7,25,42,18,13
1,<environment.Job instance at 0x1532b2ad4a00>,6,18,[1 9],9,49,67,40,49
1,<environment.Job instance at 0x15328b890c30>,2,15,[10  1],4,5,20,1,5
1,<environment.Job instance at 0x15328b890140>,3,3,[2 5],5,20,23,15,5
1,<environment.Job instance at 0x15328b890780>,2,12,[9 1],7,9,21,2,9
1,<environment.Job instance at 0x1532b02e4e10>,1,1,[10  1],3,4,5,1,4
1,<environment.Job instance at 0x1532b02e4320>,0,2,[7 1],2,5,7,3,4
1,<environment.Job instance at 0x1532b02e49b0>,4,2,[6 2],7,7,9,0,7
1,<environment.Job instance at 0x1532b02e4dc0>,5,1,[7 2],8,9,10,1,8
1,<environment.Job instance at 0x1532b2f2e190>,1,3,[6 1],2,2,5,0,2
1,<environment.Job instance at 0x1532b2f2e5a0>,2,2,[1 9],3,3,5,0,3
1,<environment.Job instance at 0x1532b2f2eaf0>,5,2,[9 2],7,7,9,0,7
1,<environment.Job instance at 0x1532b3029a00>,0,3,[2 7],1,1,4,0,1
1,<environment.Job instance at 0x1532b3029230>,5,13,[2 9],6,6,19,0,6
1,<environment.Job instance at 0x1532b036a500>,0,3,[1 9],1,1,4,0,1
1,<environment.Job instance at 0x15328b85cf50>,1,3,[9 2],2,4,7,2,4
1,<environment.Job instance at 0x1532b036aeb0>,2,2,[2 6],3,12,14,9,12
1,<environment.Job instance at 0x1532a8169e10>,0,2,[10  2],1,1,3,0,1
1,<environment.Job instance at 0x1532a8169e60>,2,3,[2 6],3,3,6,0,3
1,<environment.Job instance at 0x1532b8369140>,3,3,[8 1],5,5,8,0,5
1,<environment.Job instance at 0x1532b8240f50>,5,18,[1 7],9,9,27,0,9
1,<environment.Job instance at 0x1532a8293140>,0,2,[7 1],2,3,5,1,3
1,<environment.Job instance at 0x1532a82930f0>,2,3,[8 1],5,5,8,0,5
1,<environment.Job instance at 0x1532a8293230>,3,2,[10  1],6,8,10,2,6
1,<environment.Job instance at 0x1532b3e68c30>,4,2,[6 2],7,10,12,3,7
1,<environment.Job instance at 0x1532b3e68190>,5,2,[ 2 10],8,12,14,4,8
1,<environment.Job instance at 0x1532a8293690>,1,17,[2 8],3,17,34,14,17
1,<environment.Job instance at 0x1532a8293c30>,1,3,[2 8],2,2,5,0,2
1,<environment.Job instance at 0x1532b03947d0>,3,1,[ 1 10],6,14,15,8,14
1,<environment.Job instance at 0x15328bf5ec80>,4,2,[2 8],8,134,136,126,134
1,<environment.Job instance at 0x15328bf56460>,0,1,[10  2],1,2,3,1,2
1,<environment.Job instance at 0x15328bf563c0>,1,1,[5 2],2,4,5,2,4
1,<environment.Job instance at 0x15328bf564b0>,2,1,[2 6],3,4,5,1,4
1,<environment.Job instance at 0x1532b13342d0>,4,2,[5 2],6,6,8,0,6
1,<environment.Job instance at 0x1532b1334640>,5,3,[1 8],7,7,10,0,7
1,<environment.Job instance at 0x1532a8034aa0>,2,2,[9 2],6,6,8,0,6
1,<environment.Job instance at 0x15328bc49f50>,1,1,[ 1 10],4,8,9,4,8
1,<environment.Job instance at 0x1532a8034230>,3,3,[6 2],7,9,12,2,9
1,<environment.Job instance at 0x1532b2f2edc0>,1,1,[2 5],3,337,338,334,337
1,<environment.Job instance at 0x1532b3208f50>,5,12,[2 5],8,824,836,816,824
1,<environment.Job instance at 0x1532a81b36e0>,2,2,[ 1 10],3,3,5,0,3
1,<environment.Job instance at 0x1532a81b35a0>,3,2,[6 2],4,5,7,1,4
1,<environment.Job instance at 0x1532a81b3a00>,4,3,[5 1],5,7,10,2,5
1,<environment.Job instance at 0x1532a81b3cd0>,1,2,[2 5],2,7,9,5,7
1,<environment.Job instance at 0x1532a81b3550>,6,3,[1 6],8,9,12,1,8
1,<environment.Job instance at 0x1532a81b3230>,7,1,[1 8],9,12,13,3,9
1,<environment.Job instance at 0x1532b1856960>,1,2,[9 1],2,2,4,0,2
1,<environment.Job instance at 0x15328b918730>,3,3,[1 5],4,4,7,0,4
1,<environment.Job instance at 0x1532a819e5f0>,6,2,[8 2],9,9,11,0,9
1,<environment.Job instance at 0x1532a819e3c0>,1,1,[9 2],2,2,3,0,2
1,<environment.Job instance at 0x1532a81802d0>,2,3,[6 1],4,4,7,0,4
1,<environment.Job instance at 0x15328be659b0>,4,2,[2 9],6,6,8,0,6
1,<environment.Job instance at 0x15328be65aa0>,5,3,[2 9],7,8,11,1,7
1,<environment.Job instance at 0x15328be658c0>,6,2,[2 5],8,11,13,3,9
1,<environment.Job instance at 0x15328be19550>,7,3,[6 1],9,9,12,0,9
1,<environment.Job instance at 0x15328be4e370>,1,3,[9 1],2,2,5,0,2
1,<environment.Job instance at 0x15328be4e410>,0,3,[2 8],1,5,8,4,2
1,<environment.Job instance at 0x15328be4e460>,3,13,[8 2],4,5,18,1,5
1,<environment.Job instance at 0x1532b301ee10>,1,2,[8 1],3,3,5,0,3
1,<environment.Job instance at 0x1532b301e1e0>,0,2,[7 1],2,5,7,3,4
1,<environment.Job instance at 0x1532b301e0f0>,2,1,[9 1],4,7,8,3,6
1,<environment.Job instance at 0x1532b301e2d0>,4,2,[8 1],6,8,10,2,7
1,<environment.Job instance at 0x1532b301edc0>,5,2,[6 2],7,10,12,3,9
1,<environment.Job instance at 0x1532b301ed20>,1,2,[1 6],3,3,5,0,3
1,<environment.Job instance at 0x1532b8c555f0>,2,1,[5 1],4,6,7,2,6
1,<environment.Job instance at 0x1532b8cc5370>,0,2,[1 5],3,3,5,0,3
1,<environment.Job instance at 0x15328bec4820>,2,1,[1 6],6,15,16,9,15
1,<environment.Job instance at 0x1532b0200550>,0,1,[ 1 10],1,2,3,1,2
1,<environment.Job instance at 0x1532b02004b0>,2,3,[1 8],3,3,6,0,3
1,<environment.Job instance at 0x15328bec49b0>,1,12,[ 2 10],2,13,25,11,13
1,<environment.Job instance at 0x1532a81d85f0>,7,2,[7 1],9,25,27,16,13
1,<environment.Job instance at 0x15328ba2a230>,1,2,[2 8],3,3,5,0,3
1,<environment.Job instance at 0x1532b17f6a50>,2,2,[1 5],5,5,7,0,5
1,<environment.Job instance at 0x1532b17f60f0>,3,2,[8 1],8,8,10,0,8
1,<environment.Job instance at 0x1532b517b780>,0,3,[10  1],1,1,4,0,1
1,<environment.Job instance at 0x1532b517b6e0>,1,3,[5 2],2,4,7,2,3
1,<environment.Job instance at 0x1532b3e82b40>,2,3,[1 6],3,5,8,2,5
1,<environment.Job instance at 0x1532b517b870>,3,1,[ 1 10],4,8,9,4,5
1,<environment.Job instance at 0x1532b517b7d0>,5,2,[10  2],6,9,11,3,6
1,<environment.Job instance at 0x1532b3e5b820>,6,3,[2 6],7,11,14,4,7
1,<environment.Job instance at 0x1532b01fd820>,0,3,[7 1],1,1,4,0,1
1,<environment.Job instance at 0x1532b2b05140>,2,2,[8 1],3,4,6,1,3
1,<environment.Job instance at 0x1532b3ef3b40>,3,1,[2 6],4,4,5,0,4
1,<environment.Job instance at 0x15328bb24f50>,5,3,[10  1],8,8,11,0,8
1,<environment.Job instance at 0x15328bb375a0>,0,2,[5 1],1,2,4,1,2
1,<environment.Job instance at 0x15328bb37140>,2,3,[9 1],6,6,9,0,6
1,<environment.Job instance at 0x15328bc31370>,3,3,[7 1],7,9,12,2,7
1,<environment.Job instance at 0x15328bc31dc0>,4,2,[5 1],9,12,14,3,9
1,<environment.Job instance at 0x15328bb37230>,1,17,[ 1 10],2,47,64,45,47
1,<environment.Job instance at 0x1532b18119b0>,1,17,[2 6],2,2,19,0,2
1,<environment.Job instance at 0x1532b1811c30>,3,14,[5 2],4,4,18,0,4
1,<environment.Job instance at 0x15328bc86640>,0,3,[2 7],1,1,4,0,1
1,<environment.Job instance at 0x1532b8c72140>,1,1,[1 6],2,4,5,2,3
1,<environment.Job instance at 0x15328bc864b0>,2,2,[10  1],3,5,7,2,3
1,<environment.Job instance at 0x1532b0331cd0>,6,3,[2 6],8,8,11,0,8
1,<environment.Job instance at 0x1532b0331960>,7,1,[10  1],9,11,12,2,9
1,<environment.Job instance at 0x1532b18111e0>,5,24,[1 7],6,33,57,27,33
1,<environment.Job instance at 0x1532b03143c0>,1,3,[7 1],3,3,6,0,3
1,<environment.Job instance at 0x1532b82e92d0>,2,3,[1 6],4,4,7,0,4
1,<environment.Job instance at 0x1532b03144b0>,4,3,[7 1],7,7,10,0,7
1,<environment.Job instance at 0x1532b82e9640>,5,2,[7 1],8,10,12,2,8
1,<environment.Job instance at 0x15328b9d96e0>,0,1,[1 8],1,2,3,1,2
1,<environment.Job instance at 0x15328b9d9e60>,2,3,[1 6],3,3,6,0,3
1,<environment.Job instance at 0x1532b315ab90>,1,1,[1 7],2,9,10,7,9
1,<environment.Job instance at 0x1532b3e683c0>,0,1,[2 7],1,1,2,0,1
1,<environment.Job instance at 0x1532a8163a50>,2,1,[2 7],4,5,6,1,5
1,<environment.Job instance at 0x1532b3e68730>,3,13,[2 8],5,7,20,2,7
1,<environment.Job instance at 0x1532b8327820>,1,1,[7 1],2,3,4,1,3
1,<environment.Job instance at 0x1532b8327690>,2,2,[5 2],3,5,7,2,5
1,<environment.Job instance at 0x1532b8327320>,3,1,[6 2],5,7,8,2,6
1,<environment.Job instance at 0x1532b3eb7fa0>,5,1,[6 1],7,8,9,1,8
1,<environment.Job instance at 0x1532b3eb7b90>,6,1,[9 1],8,36,37,28,36
1,<environment.Job instance at 0x15328b9fe190>,1,2,[8 1],3,3,5,0,3
1,<environment.Job instance at 0x15328b9fefa0>,0,1,[5 1],1,5,6,4,3
1,<environment.Job instance at 0x1532b3b15e10>,3,2,[9 1],5,8,10,3,8
1,<environment.Job instance at 0x1532b3b15a50>,6,1,[2 7],9,12,13,3,12
1,<environment.Job instance at 0x1532b3b15a00>,4,12,[1 7],7,53,65,46,53
1,<environment.Job instance at 0x1532b17e9e10>,0,3,[1 9],1,1,4,0,1
1,<environment.Job instance at 0x1532b3b154b0>,2,2,[2 9],4,4,6,0,4
1,<environment.Job instance at 0x15328b96ac80>,3,3,[6 1],5,5,8,0,5
1,<environment.Job instance at 0x15328b918910>,0,3,[ 2 10],1,1,4,0,1
1,<environment.Job instance at 0x15328b918500>,3,2,[2 5],5,5,7,0,5
1,<environment.Job instance at 0x1532b17e97d0>,2,16,[2 7],3,7,23,4,7
1,<environment.Job instance at 0x1532b31b79b0>,6,3,[ 1 10],9,23,26,14,9
1,<environment.Job instance at 0x1532b0094eb0>,1,2,[2 8],5,18,20,13,18
1,<environment.Job instance at 0x1532b1816cd0>,2,2,[2 5],6,87,89,81,87
1,<environment.Job instance at 0x1532b1816f50>,2,3,[5 2],3,3,6,0,3
1,<environment.Job instance at 0x1532b8cf53c0>,0,2,[2 6],2,2,4,0,2
1,<environment.Job instance at 0x1532b8cf52d0>,1,2,[7 2],4,4,6,0,4
1,<environment.Job instance at 0x1532b3185f00>,2,1,[1 6],5,6,7,1,6
1,<environment.Job instance at 0x1532b3185960>,4,1,[1 7],7,7,8,0,7
1,<environment.Job instance at 0x1532b31858c0>,5,3,[1 7],8,8,11,0,8
1,<environment.Job instance at 0x1532b3185410>,6,1,[2 7],9,11,12,2,9
1,<environment.Job instance at 0x1532b3185d20>,3,16,[1 8],6,21,37,15,21
1,<environment.Job instance at 0x1532a8043370>,0,1,[7 1],2,2,3,0,2
1,<environment.Job instance at 0x1532b3185c30>,1,3,[2 6],3,3,6,0,3
1,<environment.Job instance at 0x1532b026f7d0>,4,3,[1 7],7,7,10,0,7
1,<environment.Job instance at 0x1532b026fb40>,2,2,[10  1],4,4,6,0,4
1,<environment.Job instance at 0x1532b03251e0>,3,2,[1 5],5,6,8,1,5
1,<environment.Job instance at 0x1532b0325aa0>,5,3,[1 7],8,8,11,0,8
1,<environment.Job instance at 0x1532b0325cd0>,6,3,[ 2 10],9,11,14,2,9
1,<environment.Job instance at 0x1532b1573d20>,1,14,[8 2],3,3,17,0,3
1,<environment.Job instance at 0x15328bf251e0>,0,3,[7 1],1,1,4,0,1
1,<environment.Job instance at 0x15328bf25870>,1,2,[1 7],2,2,4,0,2
1,<environment.Job instance at 0x1532b1573e10>,3,3,[9 2],5,5,8,0,5
1,<environment.Job instance at 0x1532b8331d20>,4,16,[6 1],6,8,24,2,6
1,<environment.Job instance at 0x1532b3a9b910>,0,3,[ 2 10],1,1,4,0,1
1,<environment.Job instance at 0x1532a81105f0>,1,3,[1 7],3,4,7,1,3
1,<environment.Job instance at 0x1532a8222960>,4,3,[7 2],8,145,148,137,145
1,<environment.Job instance at 0x1532b308e780>,0,2,[1 5],1,1,3,0,1
1,<environment.Job instance at 0x1532a82fafa0>,1,3,[6 2],2,2,5,0,2
1,<environment.Job instance at 0x1532a819af50>,2,3,[7 2],4,5,8,1,5
1,<environment.Job instance at 0x1532a815e870>,3,3,[8 2],6,8,11,2,6
1,<environment.Job instance at 0x1532a818a960>,3,2,[2 6],5,5,7,0,5
1,<environment.Job instance at 0x15328b976140>,4,3,[ 1 10],8,8,11,0,8
1,<environment.Job instance at 0x15328b976f50>,5,3,[7 2],9,11,14,2,9
1,<environment.Job instance at 0x1532b3b17dc0>,1,1,[1 7],2,30,31,28,30
1,<environment.Job instance at 0x1532b031d500>,0,3,[10  2],1,1,4,0,1
1,<environment.Job instance at 0x1532b031d230>,1,2,[7 1],2,4,6,2,2
1,<environment.Job instance at 0x1532b031d910>,2,2,[5 2],3,6,8,3,3
1,<environment.Job instance at 0x1532b031d2d0>,3,2,[2 5],6,6,8,0,6
1,<environment.Job instance at 0x1532b031d6e0>,5,3,[1 5],9,9,12,0,9
1,<environment.Job instance at 0x1532b3f1a910>,1,1,[ 1 10],2,2,3,0,2
1,<environment.Job instance at 0x1532b3f1acd0>,2,2,[5 2],3,3,5,0,3
1,<environment.Job instance at 0x1532b3f1a500>,3,16,[1 5],4,4,20,0,4
1,<environment.Job instance at 0x1532b031d6e0>,5,13,[10  1],6,20,33,14,6
1,<environment.Job instance at 0x15328beadfa0>,6,1,[8 1],7,7,8,0,7
1,<environment.Job instance at 0x15328bead0f0>,8,1,[7 2],9,9,10,0,9
1,<environment.Job instance at 0x15328beade60>,7,1,[2 8],8,33,34,25,9
1,<environment.Job instance at 0x1532b3e5a730>,1,12,[ 1 10],4,5,17,1,5
1,<environment.Job instance at 0x1532b30d49b0>,5,12,[8 2],9,28,40,19,28
1,<environment.Job instance at 0x1532ba243870>,0,3,[7 1],1,1,4,0,1
1,<environment.Job instance at 0x1532ba2430f0>,1,3,[2 8],2,2,5,0,2
1,<environment.Job instance at 0x1532ba2431e0>,3,1,[8 2],6,6,7,0,6
1,<environment.Job instance at 0x1532b031ffa0>,0,3,[1 5],1,1,4,0,1
1,<environment.Job instance at 0x1532b8c4cc80>,2,2,[10  2],3,4,6,1,3
1,<environment.Job instance at 0x1532a805a9b0>,1,2,[1 6],2,6,8,4,3
1,<environment.Job instance at 0x1532b2ae5e10>,5,3,[8 1],8,8,11,0,8
1,<environment.Job instance at 0x15328bfa2e60>,4,3,[5 1],7,11,14,4,9
1,<environment.Job instance at 0x1532b2ae53c0>,6,3,[1 6],9,9,12,0,9
1,<environment.Job instance at 0x1532b01a67d0>,0,3,[5 1],1,1,4,0,1
1,<environment.Job instance at 0x15328bddbd20>,0,3,[1 9],1,1,4,0,1
1,<environment.Job instance at 0x15328bddb320>,2,3,[1 5],7,11,14,4,11
1,<environment.Job instance at 0x15328bddb0a0>,3,13,[6 2],8,22,35,14,22
1,<environment.Job instance at 0x15328bddb050>,2,3,[2 9],5,5,8,0,5
1,<environment.Job instance at 0x1532b82fce10>,1,2,[1 5],4,8,10,4,6
1,<environment.Job instance at 0x15328b897140>,4,3,[6 2],7,8,11,1,7
1,<environment.Job instance at 0x15328b897e10>,5,3,[2 7],8,10,13,2,8
1,<environment.Job instance at 0x15328b897780>,6,3,[9 2],9,13,16,4,9
1,<environment.Job instance at 0x15328b897aa0>,1,3,[2 9],3,3,6,0,3
1,<environment.Job instance at 0x1532a811c9b0>,2,2,[2 7],5,6,8,1,5
1,<environment.Job instance at 0x15328b897780>,3,1,[2 8],7,8,9,1,7
1,<environment.Job instance at 0x1532b00c1b90>,4,2,[ 2 10],9,9,11,0,9
1,<environment.Job instance at 0x15328bc68910>,0,2,[6 2],2,2,4,0,2
1,<environment.Job instance at 0x1532b184e6e0>,2,2,[ 1 10],4,4,6,0,4
1,<environment.Job instance at 0x1532b184e0a0>,3,2,[6 1],5,6,8,1,5
1,<environment.Job instance at 0x15328b897be0>,4,3,[2 6],6,6,9,0,6
1,<environment.Job instance at 0x1532b184e500>,5,3,[1 7],8,9,12,1,8
1,<environment.Job instance at 0x1532b184e500>,2,3,[10  1],4,4,7,0,4
1,<environment.Job instance at 0x1532b3b12c80>,3,2,[2 5],5,7,9,2,5
1,<environment.Job instance at 0x1532b3b121e0>,5,1,[10  2],7,9,10,2,7
1,<environment.Job instance at 0x1532b3bdc960>,6,12,[10  1],8,10,22,2,8
1,<environment.Job instance at 0x1532b3bdcc30>,1,1,[6 1],2,2,3,0,2
1,<environment.Job instance at 0x1532b3bdcaf0>,3,2,[2 5],4,4,6,0,4
1,<environment.Job instance at 0x1532b834dfa0>,4,13,[1 5],5,5,18,0,5
1,<environment.Job instance at 0x1532b834d870>,6,3,[6 1],8,8,11,0,8
1,<environment.Job instance at 0x1532b834de10>,7,3,[2 9],9,18,21,9,9
1,<environment.Job instance at 0x1532b82ca9b0>,0,1,[6 1],3,3,4,0,3
1,<environment.Job instance at 0x1532b3e466e0>,2,1,[2 5],5,5,6,0,5
1,<environment.Job instance at 0x1532b3e463c0>,1,1,[2 9],4,6,7,2,5
1,<environment.Job instance at 0x15328b84b960>,1,2,[1 8],5,5,7,0,5
1,<environment.Job instance at 0x1532b30b5c80>,2,3,[2 5],6,7,10,1,6
1,<environment.Job instance at 0x1532b3e79d70>,4,3,[9 1],8,10,13,2,8
1,<environment.Job instance at 0x1532b30974b0>,3,3,[ 2 10],5,14,17,9,14
1,<environment.Job instance at 0x1532b3e79c30>,4,1,[9 2],7,211,212,204,211
1,<environment.Job instance at 0x15328ba5ecd0>,0,1,[9 1],1,1,2,0,1
1,<environment.Job instance at 0x15328ba5e910>,1,2,[1 8],2,3,5,1,3
1,<environment.Job instance at 0x1532bae201e0>,3,2,[1 8],4,5,7,1,4
1,<environment.Job instance at 0x1532bae20f00>,4,3,[1 7],5,7,10,2,5
1,<environment.Job instance at 0x1532bae20820>,5,2,[2 6],6,10,12,4,6
1,<environment.Job instance at 0x1532bae20320>,7,2,[6 1],8,8,10,0,8
1,<environment.Job instance at 0x1532b30b5aa0>,8,3,[ 1 10],9,12,15,3,9
1,<environment.Job instance at 0x15328ba5e500>,2,12,[2 9],3,26,38,23,26
1,<environment.Job instance at 0x1532bae28c30>,0,2,[1 6],1,2,4,1,2
1,<environment.Job instance at 0x1532bae28af0>,1,17,[1 7],2,4,21,2,2
1,<environment.Job instance at 0x1532a83d1dc0>,1,2,[7 1],2,2,4,0,2
1,<environment.Job instance at 0x15328bd56500>,0,2,[2 6],1,2,4,1,2
1,<environment.Job instance at 0x1532bae283c0>,3,3,[8 1],4,4,7,0,4
1,<environment.Job instance at 0x1532bae28500>,4,1,[2 7],5,7,8,2,7
1,<environment.Job instance at 0x1532b82dde60>,5,3,[1 7],6,8,11,2,7
1,<environment.Job instance at 0x1532b82cf280>,7,3,[ 2 10],9,11,14,2,9
1,<environment.Job instance at 0x1532b82cfb40>,0,2,[10  2],1,1,3,0,1
1,<environment.Job instance at 0x1532b02cdf50>,4,2,[10  2],8,8,10,0,8
1,<environment.Job instance at 0x1532a8178910>,3,1,[8 1],7,10,11,3,8
1,<environment.Job instance at 0x1532b02cd690>,5,2,[7 2],9,11,13,2,9
1,<environment.Job instance at 0x15328bd27550>,0,3,[10  1],1,1,4,0,1
1,<environment.Job instance at 0x15328bd27460>,2,2,[2 6],3,5,7,2,5
1,<environment.Job instance at 0x15328b8fd690>,5,1,[8 1],6,6,7,0,6
1,<environment.Job instance at 0x15328b8fd410>,6,1,[10  2],7,7,8,0,7
1,<environment.Job instance at 0x15328b8f8370>,7,2,[1 5],8,8,10,0,8
1,<environment.Job instance at 0x1532b02cd690>,3,3,[2 8],4,10,13,6,10
1,<environment.Job instance at 0x15328b890690>,2,3,[8 2],7,7,10,0,7
1,<environment.Job instance at 0x15328b8fde10>,3,2,[7 2],8,10,12,2,8
1,<environment.Job instance at 0x15328b918140>,1,3,[10  1],2,2,5,0,2
1,<environment.Job instance at 0x1532a82af0a0>,2,2,[6 1],3,5,7,2,3
1,<environment.Job instance at 0x1532a82af960>,4,3,[10  1],7,7,10,0,7
1,<environment.Job instance at 0x1532a82afbe0>,6,2,[10  2],9,10,12,1,9
1,<environment.Job instance at 0x1532a823eb90>,1,15,[1 6],3,3,18,0,3
1,<environment.Job instance at 0x15328be1cc80>,0,3,[9 1],1,1,4,0,1
1,<environment.Job instance at 0x15328b98faa0>,2,3,[8 1],3,4,7,1,3
1,<environment.Job instance at 0x1532b03538c0>,4,1,[7 2],7,7,8,0,7
1,<environment.Job instance at 0x1532b0353b40>,5,2,[5 1],8,8,10,0,8
1,<environment.Job instance at 0x1532b0353960>,6,1,[5 1],9,9,10,0,9
1,<environment.Job instance at 0x1532b03524b0>,3,1,[6 2],5,5,6,0,5
1,<environment.Job instance at 0x15328b890870>,4,2,[1 8],6,6,8,0,6
1,<environment.Job instance at 0x15328b890280>,5,1,[8 1],7,7,8,0,7
1,<environment.Job instance at 0x15328bf2d410>,6,3,[1 9],8,8,11,0,8
1,<environment.Job instance at 0x15328bf2daa0>,7,3,[7 2],9,11,14,2,9
1,<environment.Job instance at 0x1532b31cabe0>,4,3,[9 1],6,6,9,0,6
1,<environment.Job instance at 0x1532b1590f00>,5,1,[10  2],7,9,10,2,7
1,<environment.Job instance at 0x1532b15909b0>,3,1,[6 2],5,10,11,5,8
1,<environment.Job instance at 0x1532b1590820>,7,18,[ 1 10],9,29,47,20,29
1,<environment.Job instance at 0x15328bb685f0>,0,3,[1 8],1,1,4,0,1
1,<environment.Job instance at 0x15328bb68870>,3,3,[ 2 10],4,4,7,0,4
1,<environment.Job instance at 0x1532b3068550>,4,1,[1 9],5,7,8,2,5
1,<environment.Job instance at 0x15328bb68d20>,5,3,[10  1],8,8,11,0,8
1,<environment.Job instance at 0x15328b85ee60>,1,2,[10  1],2,2,4,0,2
1,<environment.Job instance at 0x15328b85e320>,2,1,[9 2],4,4,5,0,4
1,<environment.Job instance at 0x15328b85ee10>,4,1,[10  1],6,8,9,2,8
1,<environment.Job instance at 0x15328b85e3c0>,5,1,[1 8],9,16,17,7,16
1,<environment.Job instance at 0x1532b1e8e870>,2,1,[5 2],5,5,6,0,5
1,<environment.Job instance at 0x1532b82927d0>,3,1,[9 2],8,8,9,0,8
1,<environment.Job instance at 0x1532a82e99b0>,3,1,[ 1 10],6,6,7,0,6
1,<environment.Job instance at 0x1532b1839050>,4,3,[7 1],8,8,11,0,8
1,<environment.Job instance at 0x1532b2f5de10>,0,2,[1 9],1,1,3,0,1
1,<environment.Job instance at 0x1532b1590d70>,4,13,[ 1 10],5,5,18,0,5
1,<environment.Job instance at 0x1532b8c9ea50>,5,1,[5 1],6,18,19,12,8
1,<environment.Job instance at 0x1532b8c9eb90>,8,14,[2 8],9,19,33,10,19
1,<environment.Job instance at 0x1532b3a87550>,2,2,[8 1],3,4,6,1,4
1,<environment.Job instance at 0x1532b3a87960>,4,3,[2 7],5,5,8,0,5
1,<environment.Job instance at 0x1532b3a87780>,1,15,[6 2],2,6,21,4,6
1,<environment.Job instance at 0x1532b1590640>,3,1,[6 2],4,22,23,18,22
1,<environment.Job instance at 0x1532b3a87e10>,1,2,[6 1],2,2,4,0,2
1,<environment.Job instance at 0x15328bc19fa0>,4,2,[2 6],5,5,7,0,5
1,<environment.Job instance at 0x15328bc14190>,5,17,[2 8],6,7,24,1,6
1,<environment.Job instance at 0x15328bc14960>,1,13,[6 1],2,2,15,0,2
1,<environment.Job instance at 0x15328bc2b730>,3,3,[10  2],5,15,18,10,5
1,<environment.Job instance at 0x15328bc2b9b0>,4,3,[2 8],6,6,9,0,6
1,<environment.Job instance at 0x15328bc2b3c0>,5,3,[2 6],7,9,12,2,7
1,<environment.Job instance at 0x1532b83a57d0>,6,3,[7 1],8,18,21,10,8
1,<environment.Job instance at 0x15328bce9550>,0,3,[1 5],2,2,5,0,2
1,<environment.Job instance at 0x15328bce9320>,2,3,[6 2],4,4,7,0,4
1,<environment.Job instance at 0x15328bce9640>,3,12,[ 2 10],5,7,19,2,5
1,<environment.Job instance at 0x15328bce9460>,4,3,[2 8],6,19,22,13,6
1,<environment.Job instance at 0x1532a803cf50>,1,1,[9 1],3,3,4,0,3
1,<environment.Job instance at 0x1532b3ed55f0>,0,2,[6 1],2,4,6,2,3
1,<environment.Job instance at 0x15328bce9a50>,2,2,[6 2],4,6,8,2,5
1,<environment.Job instance at 0x1532a803caa0>,3,1,[10  2],5,8,9,3,7
1,<environment.Job instance at 0x1532b2fdae10>,6,1,[2 7],9,9,10,0,9
1,<environment.Job instance at 0x1532b2fe84b0>,1,3,[2 6],3,3,6,0,3
1,<environment.Job instance at 0x1532b30e6f50>,2,3,[7 1],4,4,7,0,4
1,<environment.Job instance at 0x1532b2fe85f0>,3,2,[10  2],6,7,9,1,6
1,<environment.Job instance at 0x1532b30e60f0>,4,2,[1 5],7,9,11,2,7
1,<environment.Job instance at 0x1532b30e6fa0>,5,3,[ 1 10],8,11,14,3,8
1,<environment.Job instance at 0x1532a8107e10>,2,13,[2 8],4,6,19,2,6
1,<environment.Job instance at 0x1532b30e6140>,3,2,[1 5],6,19,21,13,7
1,<environment.Job instance at 0x15328bee9e10>,5,2,[1 7],9,21,23,12,9
1,<environment.Job instance at 0x15328bee90a0>,2,1,[9 1],5,6,7,1,6
1,<environment.Job instance at 0x1532b8bc3550>,5,3,[1 5],8,8,11,0,8
1,<environment.Job instance at 0x1532b8bc35a0>,6,1,[1 5],9,9,10,0,9
1,<environment.Job instance at 0x15328bf9ca50>,3,17,[1 6],6,18,35,12,18
1,<environment.Job instance at 0x15328b9b60a0>,0,2,[2 8],1,1,3,0,1
1,<environment.Job instance at 0x15328b9b6eb0>,1,3,[7 1],2,2,5,0,2
1,<environment.Job instance at 0x15328b9b6d20>,4,1,[2 7],7,7,8,0,7
1,<environment.Job instance at 0x1532b1e93eb0>,5,2,[6 2],8,8,10,0,8
1,<environment.Job instance at 0x1532b1e93f50>,6,2,[ 1 10],9,10,12,1,9
1,<environment.Job instance at 0x15328bf13550>,2,2,[10  2],3,3,5,0,3
1,<environment.Job instance at 0x1532b0364f00>,1,2,[7 2],2,2,4,0,2
1,<environment.Job instance at 0x1532b3e2ac30>,4,2,[6 2],5,8,10,3,8
1,<environment.Job instance at 0x1532a8173b90>,3,3,[10  2],7,9,12,2,9
1,<environment.Job instance at 0x1532b1353050>,0,3,[6 1],1,1,4,0,1
1,<environment.Job instance at 0x15328bfbd730>,0,2,[ 1 10],1,2,4,1,2
1,<environment.Job instance at 0x15328bfbd2d0>,3,2,[10  2],5,5,7,0,5
1,<environment.Job instance at 0x15328bddbdc0>,1,1,[1 9],2,7,8,5,7
1,<environment.Job instance at 0x15328be67280>,6,1,[6 2],8,8,9,0,8
1,<environment.Job instance at 0x15328be67050>,7,2,[5 1],9,9,11,0,9
1,<environment.Job instance at 0x15328be67a00>,0,3,[ 2 10],1,1,4,0,1
1,<environment.Job instance at 0x15328bb22b40>,3,1,[9 1],8,8,9,0,8
1,<environment.Job instance at 0x15328bb22550>,4,14,[1 5],9,9,23,0,9
1,<environment.Job instance at 0x1532b2afd8c0>,0,2,[6 1],1,3,5,2,3
1,<environment.Job instance at 0x15328be67230>,2,3,[8 1],6,6,9,0,6
1,<environment.Job instance at 0x1532b131d370>,1,18,[7 2],2,61,79,59,61
1,<environment.Job instance at 0x1532b3aaa500>,1,1,[1 8],3,4,5,1,4
1,<environment.Job instance at 0x1532b3aaa550>,3,2,[2 5],5,5,7,0,5
1,<environment.Job instance at 0x1532b3aaabe0>,5,14,[10  2],8,8,22,0,8
1,<environment.Job instance at 0x15328b86fd70>,2,12,[1 5],4,5,17,1,5
1,<environment.Job instance at 0x15328b94c5a0>,3,1,[9 1],5,5,6,0,5
1,<environment.Job instance at 0x1532b3e89320>,4,2,[10  2],7,17,19,10,7
1,<environment.Job instance at 0x1532b8c5cfa0>,5,1,[9 1],8,8,9,0,8
1,<environment.Job instance at 0x1532a81bf550>,0,2,[2 8],1,1,3,0,1
1,<environment.Job instance at 0x1532a81bfaa0>,1,3,[7 1],2,2,5,0,2
1,<environment.Job instance at 0x1532b3e5a1e0>,2,2,[2 5],3,3,5,0,3
1,<environment.Job instance at 0x1532a81bfd70>,4,1,[9 2],6,6,7,0,6
1,<environment.Job instance at 0x1532a82c4500>,1,13,[1 5],2,2,15,0,2
1,<environment.Job instance at 0x1532bae28870>,3,2,[6 2],5,5,7,0,5
1,<environment.Job instance at 0x1532bae28230>,4,3,[2 7],7,15,18,8,7
1,<environment.Job instance at 0x1532bae284b0>,5,3,[2 7],9,18,21,9,9
1,<environment.Job instance at 0x15328bd27870>,0,2,[ 2 10],1,2,4,1,2
1,<environment.Job instance at 0x1532bae283c0>,1,3,[10  1],3,4,7,1,3
1,<environment.Job instance at 0x15328bd27640>,3,3,[5 1],5,7,10,2,5
1,<environment.Job instance at 0x1532bae284b0>,4,1,[ 2 10],7,10,11,3,7
1,<environment.Job instance at 0x15328bd27f00>,5,2,[ 1 10],8,11,13,3,8
1,<environment.Job instance at 0x1532b016c820>,0,3,[9 1],1,2,5,1,2
1,<environment.Job instance at 0x1532a8278640>,6,2,[9 1],9,9,11,0,9
1,<environment.Job instance at 0x15328b852f50>,0,3,[2 7],1,1,4,0,1
1,<environment.Job instance at 0x1532a828d050>,3,1,[6 1],6,6,7,0,6
1,<environment.Job instance at 0x15328b852e10>,4,2,[1 8],7,7,9,0,7
1,<environment.Job instance at 0x15328b852e60>,5,16,[5 1],9,9,25,0,9
1,<environment.Job instance at 0x1532b01069b0>,2,3,[1 8],6,6,9,0,6
1,<environment.Job instance at 0x1532a8067eb0>,1,1,[7 2],3,4,5,1,4
1,<environment.Job instance at 0x1532a8067d70>,4,1,[ 2 10],6,7,8,1,7
1,<environment.Job instance at 0x1532b8244a50>,0,1,[1 7],2,2,3,0,2
1,<environment.Job instance at 0x1532b8244550>,2,1,[5 2],4,4,5,0,4
1,<environment.Job instance at 0x15328b93e960>,3,1,[ 2 10],5,5,6,0,5
1,<environment.Job instance at 0x15328b93e410>,4,3,[8 1],7,7,10,0,7
1,<environment.Job instance at 0x15328b93e730>,5,1,[7 1],8,10,11,2,9
1,<environment.Job instance at 0x15328b93ee60>,6,16,[2 5],9,32,48,23,32
1,<environment.Job instance at 0x1532b2fb35a0>,0,1,[5 2],1,3,4,2,3
1,<environment.Job instance at 0x15328bd35dc0>,2,3,[10  1],4,4,7,0,4
1,<environment.Job instance at 0x1532b3ee7410>,4,3,[9 2],6,7,10,1,6
1,<environment.Job instance at 0x1532b2f8d870>,5,1,[6 2],7,10,11,3,7
1,<environment.Job instance at 0x1532b2f8d500>,6,3,[1 5],8,8,11,0,8
1,<environment.Job instance at 0x1532b2f8daf0>,7,3,[6 2],9,11,14,2,9
1,<environment.Job instance at 0x1532b2fb3e60>,1,15,[2 9],3,22,37,19,22
1,<environment.Job instance at 0x1532b2fb3230>,1,1,[ 2 10],2,3,4,1,3
1,<environment.Job instance at 0x1532b3ee7870>,3,2,[ 1 10],4,4,6,0,4
1,<environment.Job instance at 0x1532b3baf4b0>,5,2,[1 6],6,6,8,0,6
1,<environment.Job instance at 0x15328bf2daa0>,2,3,[1 7],3,14,17,11,14
1,<environment.Job instance at 0x1532b3baff50>,1,2,[9 2],2,2,4,0,2
1,<environment.Job instance at 0x15328b87ecd0>,4,3,[1 7],6,6,9,0,6
1,<environment.Job instance at 0x15328b87ef00>,5,2,[ 1 10],7,9,11,2,7
1,<environment.Job instance at 0x1532b3e28320>,6,3,[1 6],8,11,14,3,8
1,<environment.Job instance at 0x1532b3e51dc0>,0,3,[6 2],1,1,4,0,1
1,<environment.Job instance at 0x1532b3e51550>,1,2,[7 1],2,4,6,2,2
1,<environment.Job instance at 0x1532b3e28320>,3,1,[6 1],4,6,7,2,5
1,<environment.Job instance at 0x15328ba57500>,3,12,[8 1],7,7,19,0,7
1,<environment.Job instance at 0x1532b31b71e0>,2,3,[8 1],6,6,9,0,6
1,<environment.Job instance at 0x1532b1e97640>,4,3,[2 6],9,9,12,0,9
1,<environment.Job instance at 0x1532b3bcce60>,0,2,[6 2],1,1,3,0,1
1,<environment.Job instance at 0x1532b3bcc7d0>,2,2,[9 1],4,4,6,0,4
1,<environment.Job instance at 0x15328bf6a0a0>,4,3,[5 2],7,7,10,0,7
1,<environment.Job instance at 0x15328bf6aa50>,5,2,[ 2 10],8,10,12,2,8
1,<environment.Job instance at 0x15328bf43820>,6,2,[10  1],9,12,14,3,10
1,<environment.Job instance at 0x1532a803a190>,1,13,[9 2],3,5,18,2,5
1,<environment.Job instance at 0x1532ba208960>,0,1,[7 2],2,2,3,0,2
1,<environment.Job instance at 0x1532b00f2960>,1,2,[2 6],4,4,6,0,4
1,<environment.Job instance at 0x1532ba208690>,2,1,[1 6],5,6,7,1,6
1,<environment.Job instance at 0x15328b946190>,4,2,[ 1 10],7,7,9,0,7
1,<environment.Job instance at 0x15328b9461e0>,5,3,[1 8],9,9,12,0,9
1,<environment.Job instance at 0x15328b86f320>,0,3,[1 6],1,1,4,0,1
1,<environment.Job instance at 0x1532a8036780>,3,1,[ 2 10],7,7,8,0,7
1,<environment.Job instance at 0x1532a80360a0>,4,2,[7 2],8,8,10,0,8
1,<environment.Job instance at 0x15328bfe0780>,5,2,[9 1],9,10,12,1,9
1,<environment.Job instance at 0x15328bcdac80>,1,1,[2 8],4,4,5,0,4
1,<environment.Job instance at 0x1532b3e7d820>,4,3,[2 9],9,9,12,0,9
1,<environment.Job instance at 0x1532a8036730>,3,16,[5 1],8,14,30,6,14
1,<environment.Job instance at 0x15328bbaa410>,0,3,[1 8],1,1,4,0,1
1,<environment.Job instance at 0x15328bbaa550>,1,3,[6 2],3,3,6,0,3
1,<environment.Job instance at 0x1532b17f8690>,1,2,[7 2],2,2,4,0,2
1,<environment.Job instance at 0x15328bbaa6e0>,3,3,[5 2],4,4,7,0,4
1,<environment.Job instance at 0x1532b2fd99b0>,2,15,[1 5],3,6,21,3,6
1,<environment.Job instance at 0x1532b2fd9f50>,4,13,[2 7],6,34,47,28,34
1,<environment.Job instance at 0x1532b2fd9730>,1,2,[8 2],2,3,5,1,3
1,<environment.Job instance at 0x1532a8181820>,2,2,[2 8],3,4,6,1,4
1,<environment.Job instance at 0x15328bf82410>,4,3,[ 1 10],5,6,9,1,5
1,<environment.Job instance at 0x15328bf82320>,5,17,[8 2],6,9,26,3,6
1,<environment.Job instance at 0x1532b2fd97d0>,6,1,[10  1],8,26,27,18,8
1,<environment.Job instance at 0x15328bf82af0>,1,1,[7 2],3,4,5,1,4
1,<environment.Job instance at 0x15328bfb1370>,3,2,[2 6],5,5,7,0,5
1,<environment.Job instance at 0x15328bfb1be0>,4,3,[10  2],8,8,11,0,8
1,<environment.Job instance at 0x15328bf82280>,2,16,[2 9],4,11,27,7,9
1,<environment.Job instance at 0x15328b8dafa0>,0,1,[5 1],1,1,2,0,1
1,<environment.Job instance at 0x1532b3e79be0>,2,3,[1 8],3,5,8,2,5
1,<environment.Job instance at 0x15328b8daa50>,4,3,[8 1],7,7,10,0,7
1,<environment.Job instance at 0x1532a8178050>,0,2,[2 5],1,2,4,1,2
1,<environment.Job instance at 0x1532a81785f0>,1,3,[5 2],2,2,5,0,2
1,<environment.Job instance at 0x1532b8332320>,2,3,[2 6],3,4,7,1,3
1,<environment.Job instance at 0x1532b8332050>,5,1,[1 5],6,7,8,1,6
1,<environment.Job instance at 0x1532b3bc2b90>,1,2,[6 1],3,3,5,0,3
1,<environment.Job instance at 0x15328b9061e0>,3,1,[1 6],6,6,7,0,6
1,<environment.Job instance at 0x1532ba216550>,4,2,[2 5],7,7,9,0,7
1,<environment.Job instance at 0x1532ba216280>,5,1,[1 5],9,9,10,0,9
1,<environment.Job instance at 0x15328b989eb0>,0,3,[2 6],2,2,5,0,2
1,<environment.Job instance at 0x15328b989140>,2,1,[8 1],4,9,10,5,9
1,<environment.Job instance at 0x15328b8d2c30>,1,3,[7 2],3,3,6,0,3
1,<environment.Job instance at 0x15328b8d25a0>,3,2,[8 2],6,6,8,0,6
1,<environment.Job instance at 0x15328bb38b90>,4,3,[6 2],7,8,11,1,7
1,<environment.Job instance at 0x15328bb38e10>,5,1,[ 1 10],9,11,12,2,9
1,<environment.Job instance at 0x1532b3c13190>,0,2,[1 6],1,2,4,1,2
1,<environment.Job instance at 0x15328bb3c410>,2,2,[9 1],3,3,5,0,3
1,<environment.Job instance at 0x1532b8bc25a0>,3,3,[6 1],4,5,8,1,4
1,<environment.Job instance at 0x1532b8bc2280>,4,3,[8 2],5,8,11,3,5
1,<environment.Job instance at 0x1532badc0be0>,6,2,[10  1],8,11,13,3,8
1,<environment.Job instance at 0x1532badc0d20>,7,3,[7 1],9,13,16,4,9
1,<environment.Job instance at 0x15328bdd7e60>,1,23,[ 1 10],2,28,51,26,28
1,<environment.Job instance at 0x1532b3202140>,1,2,[8 1],3,3,5,0,3
1,<environment.Job instance at 0x1532b1570280>,0,1,[9 2],2,5,6,3,3
1,<environment.Job instance at 0x1532b3202050>,2,3,[2 8],4,6,9,2,5
1,<environment.Job instance at 0x1532b3202eb0>,3,2,[6 1],5,6,8,1,5
1,<environment.Job instance at 0x1532b32022d0>,4,3,[1 6],7,9,12,2,7
1,<environment.Job instance at 0x1532b3202280>,5,2,[1 6],8,12,14,4,8
1,<environment.Job instance at 0x1532b32024b0>,1,3,[5 2],2,3,6,1,3
1,<environment.Job instance at 0x15328ba0f8c0>,2,3,[7 1],3,6,9,3,6
1,<environment.Job instance at 0x15328ba0ff00>,3,1,[2 7],6,9,10,3,9
1,<environment.Job instance at 0x1532a81238c0>,0,2,[7 1],2,2,4,0,2
1,<environment.Job instance at 0x1532b30e05f0>,2,3,[2 8],4,4,7,0,4
1,<environment.Job instance at 0x1532b30e04b0>,3,3,[2 7],6,7,10,1,6
1,<environment.Job instance at 0x1532b30e0e10>,4,3,[ 1 10],7,10,13,3,7
1,<environment.Job instance at 0x1532b30e0f00>,5,3,[1 8],9,13,16,4,9
1,<environment.Job instance at 0x1532b0124280>,0,3,[5 2],2,2,5,0,2
1,<environment.Job instance at 0x15328bdd77d0>,2,2,[10  1],4,5,7,1,4
1,<environment.Job instance at 0x1532b30e0f00>,3,3,[ 1 10],5,7,10,2,5
1,<environment.Job instance at 0x15328bdd7aa0>,5,16,[ 2 10],7,10,26,3,7
1,<environment.Job instance at 0x15328ba773c0>,0,2,[2 9],2,3,5,1,3
1,<environment.Job instance at 0x1532b3e4c730>,2,2,[10  1],4,5,7,1,5
1,<environment.Job instance at 0x1532b3e4caf0>,3,3,[8 2],5,7,10,2,5
1,<environment.Job instance at 0x1532b82e9cd0>,1,13,[6 1],2,3,16,1,3
1,<environment.Job instance at 0x1532a80f9140>,0,3,[1 5],2,4,7,2,4
1,<environment.Job instance at 0x15328b9b0b40>,2,3,[ 2 10],8,8,11,0,8
1,<environment.Job instance at 0x15328b9e9410>,3,2,[8 2],9,11,13,2,10
1,<environment.Job instance at 0x1532b30aa140>,0,2,[9 2],1,1,3,0,1
1,<environment.Job instance at 0x1532a8024be0>,1,1,[7 1],3,3,4,0,3
1,<environment.Job instance at 0x15328b9e9410>,2,3,[1 7],4,4,7,0,4
1,<environment.Job instance at 0x15328b8d27d0>,3,2,[7 2],6,6,8,0,6
1,<environment.Job instance at 0x15328bdda230>,2,2,[6 1],5,5,7,0,5
1,<environment.Job instance at 0x15328b991aa0>,3,3,[6 2],6,7,10,1,6
1,<environment.Job instance at 0x15328b9917d0>,4,1,[5 2],7,10,11,3,7
1,<environment.Job instance at 0x1532b0222320>,5,1,[8 2],8,11,12,3,8
1,<environment.Job instance at 0x1532b8cfaaa0>,1,2,[9 1],6,6,8,0,6
1,<environment.Job instance at 0x1532b8cfacd0>,0,2,[6 1],5,8,10,3,6
1,<environment.Job instance at 0x1532b0222320>,2,3,[5 1],7,10,13,3,7
1,<environment.Job instance at 0x1532b1566aa0>,0,2,[1 5],1,1,3,0,1
1,<environment.Job instance at 0x1532b1566190>,1,2,[8 2],2,2,4,0,2
1,<environment.Job instance at 0x1532b1566910>,3,18,[5 1],5,684,702,679,684
1,<environment.Job instance at 0x1532b8c9e280>,2,2,[2 6],3,3,5,0,3
1,<environment.Job instance at 0x15328bc1d870>,3,13,[5 1],4,4,17,0,4
1,<environment.Job instance at 0x15328bc1d0a0>,4,16,[1 7],5,5,21,0,5
1,<environment.Job instance at 0x15328bc1d960>,5,1,[10  1],6,21,22,15,6
1,<environment.Job instance at 0x15328bc1daf0>,1,3,[2 6],3,3,6,0,3
1,<environment.Job instance at 0x15328b894dc0>,3,1,[7 1],5,5,6,0,5
1,<environment.Job instance at 0x15328b85eeb0>,4,3,[7 2],7,7,10,0,7
1,<environment.Job instance at 0x15328bc1daa0>,2,15,[2 8],4,8,23,4,8
1,<environment.Job instance at 0x1532b028c050>,2,1,[ 1 10],6,21,22,15,21
1,<environment.Job instance at 0x1532b0364af0>,1,2,[7 1],2,2,4,0,2
1,<environment.Job instance at 0x1532b0364a00>,2,2,[9 2],3,4,6,1,3
1,<environment.Job instance at 0x1532b0364a50>,6,1,[6 2],7,10,11,3,10
1,<environment.Job instance at 0x1532bae2e0a0>,0,2,[9 1],4,4,6,0,4
1,<environment.Job instance at 0x1532b3157b40>,2,3,[1 7],6,6,9,0,6
1,<environment.Job instance at 0x1532b31eef50>,2,3,[ 1 10],8,8,11,0,8
1,<environment.Job instance at 0x1532a8339dc0>,0,2,[1 9],1,1,3,0,1
1,<environment.Job instance at 0x1532a83393c0>,1,3,[5 2],2,3,6,1,2
1,<environment.Job instance at 0x1532a8339690>,3,3,[7 1],9,9,12,0,9
1,<environment.Job instance at 0x1532a81e09b0>,1,3,[10  2],3,3,6,0,3
1,<environment.Job instance at 0x1532a81e0910>,3,3,[8 1],5,6,9,1,5
1,<environment.Job instance at 0x1532a81e06e0>,2,18,[2 5],4,7,25,3,7
1,<environment.Job instance at 0x15328ba79640>,7,3,[1 5],9,20,23,11,20
1,<environment.Job instance at 0x1532a81e0be0>,1,3,[6 1],2,2,5,0,2
1,<environment.Job instance at 0x1532a8269410>,2,2,[10  1],3,5,7,2,3
1,<environment.Job instance at 0x1532a8269550>,3,2,[7 1],4,7,9,3,4
1,<environment.Job instance at 0x15328ba79960>,4,3,[1 8],5,7,10,2,5
1,<environment.Job instance at 0x1532b83a9690>,5,3,[2 7],6,10,13,4,6
1,<environment.Job instance at 0x1532b6e04960>,1,1,[ 1 10],7,8,9,1,8
1,<environment.Job instance at 0x1532b6e040f0>,0,3,[10  2],2,2,5,0,2
1,<environment.Job instance at 0x1532b6e04960>,3,2,[1 5],5,5,7,0,5
1,<environment.Job instance at 0x1532b316abe0>,2,15,[2 6],4,7,22,3,6
1,<environment.Job instance at 0x1532b1353370>,0,1,[10  1],1,1,2,0,1
1,<environment.Job instance at 0x1532b1353b90>,2,3,[ 1 10],5,7,10,2,7
1,<environment.Job instance at 0x15328b977c30>,2,2,[10  1],4,4,6,0,4
1,<environment.Job instance at 0x15328b977d70>,4,1,[10  1],6,6,7,0,6
1,<environment.Job instance at 0x15328b977780>,5,1,[8 1],8,8,9,0,8
1,<environment.Job instance at 0x15328b977e60>,6,18,[ 1 10],9,9,27,0,9
1,<environment.Job instance at 0x1532a80cc3c0>,0,2,[9 1],1,1,3,0,1
1,<environment.Job instance at 0x1532b01a7690>,2,17,[9 1],3,5,22,2,5
1,<environment.Job instance at 0x1532b9bc4b40>,4,3,[1 9],5,5,8,0,5
1,<environment.Job instance at 0x1532b0248a50>,6,2,[ 2 10],7,22,24,15,7
1,<environment.Job instance at 0x1532b30edaf0>,7,2,[ 2 10],8,24,26,16,8
1,<environment.Job instance at 0x15328bd66fa0>,0,3,[10  1],2,2,5,0,2
1,<environment.Job instance at 0x1532b8395e60>,2,14,[2 7],4,5,19,1,4
1,<environment.Job instance at 0x15328bcbfeb0>,3,2,[1 9],5,19,21,14,5
1,<environment.Job instance at 0x15328bca1050>,5,3,[2 7],7,21,24,14,7
1,<environment.Job instance at 0x1532b0177a00>,7,13,[6 2],9,21,34,12,9
1,<environment.Job instance at 0x15328bca12d0>,1,1,[7 1],2,2,3,0,2
1,<environment.Job instance at 0x15328bca1a00>,2,2,[1 6],3,3,5,0,3
1,<environment.Job instance at 0x15328bca1140>,3,3,[1 6],5,5,8,0,5
1,<environment.Job instance at 0x15328b903c80>,4,2,[2 7],6,8,10,2,6
1,<environment.Job instance at 0x15328b9035f0>,6,1,[5 2],9,9,10,0,9
1,<environment.Job instance at 0x15328b9035a0>,5,3,[5 2],7,10,13,3,9
1,<environment.Job instance at 0x1532b1324370>,1,3,[1 5],2,2,5,0,2
1,<environment.Job instance at 0x1532b1324f00>,3,2,[9 1],5,7,9,2,7
1,<environment.Job instance at 0x1532a82afaa0>,5,3,[7 2],8,9,12,1,8
1,<environment.Job instance at 0x1532a82afb90>,4,3,[1 5],7,186,189,179,186
1,<environment.Job instance at 0x1532a82af8c0>,1,1,[6 2],2,2,3,0,2
1,<environment.Job instance at 0x1532b3bd7690>,2,3,[10  2],3,3,6,0,3
1,<environment.Job instance at 0x1532b828b820>,4,2,[1 7],5,6,8,1,5
1,<environment.Job instance at 0x1532b828baf0>,6,3,[10  1],8,8,11,0,8
1,<environment.Job instance at 0x1532a82af780>,5,2,[5 2],7,11,13,4,8
1,<environment.Job instance at 0x1532b828a230>,0,3,[1 9],2,2,5,0,2
1,<environment.Job instance at 0x1532b0066690>,3,2,[6 1],5,5,7,0,5
1,<environment.Job instance at 0x15328be04280>,1,25,[2 8],3,17,42,14,17
1,<environment.Job instance at 0x1532b2fefe60>,5,2,[2 9],7,42,44,35,17
1,<environment.Job instance at 0x15328be04c80>,2,3,[1 7],4,86,89,82,86
1,<environment.Job instance at 0x1532b6de7f50>,0,3,[2 7],1,2,5,1,2
1,<environment.Job instance at 0x1532b6de7690>,2,13,[10  1],5,5,18,0,5
1,<environment.Job instance at 0x1532b6de7460>,5,2,[ 1 10],8,18,20,10,14
1,<environment.Job instance at 0x1532b0393cd0>,0,3,[1 7],1,2,5,1,2
1,<environment.Job instance at 0x1532b0393e60>,1,3,[10  1],7,7,10,0,7
1,<environment.Job instance at 0x1532a832ba50>,2,1,[1 9],8,10,11,2,9
1,<environment.Job instance at 0x1532a817b410>,1,16,[2 8],2,61,77,59,61
1,<environment.Job instance at 0x15328b890820>,1,16,[2 8],6,6,22,0,6
1,<environment.Job instance at 0x1532b0334f00>,0,1,[2 7],1,2,3,1,2
1,<environment.Job instance at 0x1532b0334550>,2,1,[6 1],3,3,4,0,3
1,<environment.Job instance at 0x1532b0334b40>,3,2,[7 1],4,4,6,0,4
1,<environment.Job instance at 0x1532b03348c0>,4,3,[10  1],5,6,9,1,5
1,<environment.Job instance at 0x1532b03340f0>,5,3,[10  2],7,9,12,2,7
1,<environment.Job instance at 0x1532b0334370>,6,1,[5 1],8,12,13,4,8
1,<environment.Job instance at 0x1532b03345f0>,7,3,[2 6],9,12,15,3,9
1,<environment.Job instance at 0x1532b03349b0>,1,13,[2 7],2,18,31,16,18
1,<environment.Job instance at 0x1532b032d690>,0,3,[1 5],1,1,4,0,1
1,<environment.Job instance at 0x1532b032d730>,1,2,[ 2 10],2,4,6,2,3
1,<environment.Job instance at 0x15328baab9b0>,3,3,[2 7],4,6,9,2,4
1,<environment.Job instance at 0x15328baab230>,4,2,[2 5],5,9,11,4,5
1,<environment.Job instance at 0x15328baabf00>,5,3,[10  1],6,11,14,5,6
1,<environment.Job instance at 0x1532b032d320>,2,18,[2 5],3,14,32,11,12
1,<environment.Job instance at 0x1532b17f5500>,0,3,[7 2],2,2,5,0,2
1,<environment.Job instance at 0x1532b8329280>,2,2,[1 5],4,5,7,1,5
1,<environment.Job instance at 0x15328b9da500>,3,2,[2 9],5,7,9,2,5
1,<environment.Job instance at 0x15328b9daa50>,6,2,[1 5],9,9,11,0,9
1,<environment.Job instance at 0x15328b9dab90>,5,12,[2 6],8,11,23,3,9
1,<environment.Job instance at 0x15328b9da230>,1,1,[6 1],2,2,3,0,2
1,<environment.Job instance at 0x1532b03115a0>,0,2,[9 2],1,3,5,2,2
1,<environment.Job instance at 0x15328b9dab90>,2,2,[8 2],5,5,7,0,5
1,<environment.Job instance at 0x1532b0311fa0>,4,3,[10  2],7,7,10,0,7
1,<environment.Job instance at 0x1532b183a910>,0,3,[2 9],1,1,4,0,1
1,<environment.Job instance at 0x1532ba232050>,2,2,[5 1],3,3,5,0,3
1,<environment.Job instance at 0x1532ba232c30>,3,3,[2 9],4,4,7,0,4
1,<environment.Job instance at 0x1532ba232aa0>,6,16,[1 7],7,59,75,52,59
1,<environment.Job instance at 0x1532ba232d70>,1,3,[ 1 10],3,3,6,0,3
1,<environment.Job instance at 0x1532b2ace6e0>,4,2,[9 2],6,6,8,0,6
1,<environment.Job instance at 0x15328bb24eb0>,2,2,[1 7],4,6,8,2,6
1,<environment.Job instance at 0x1532b2ace820>,5,3,[6 2],7,8,11,1,7
1,<environment.Job instance at 0x15328bd61410>,6,2,[2 9],8,11,13,3,8
1,<environment.Job instance at 0x15328bd61a00>,7,3,[2 9],9,13,16,4,9
1,<environment.Job instance at 0x15328bd61910>,1,2,[1 8],3,3,5,0,3
1,<environment.Job instance at 0x15328bd61a50>,2,18,[1 8],4,5,23,1,4
1,<environment.Job instance at 0x1532b3223870>,0,3,[1 9],1,1,4,0,1
1,<environment.Job instance at 0x1532b15906e0>,1,2,[1 7],2,4,6,2,2
1,<environment.Job instance at 0x1532b3eaacd0>,4,1,[5 1],5,5,6,0,5
1,<environment.Job instance at 0x1532b31e1820>,5,3,[1 7],7,7,10,0,7
1,<environment.Job instance at 0x1532b31ef410>,1,3,[9 2],5,5,8,0,5
1,<environment.Job instance at 0x1532a810e410>,3,12,[10  2],7,8,20,1,7
1,<environment.Job instance at 0x1532a810ee60>,4,1,[1 9],8,20,21,12,8
1,<environment.Job instance at 0x1532b8356af0>,0,1,[ 2 10],1,3,4,2,3
1,<environment.Job instance at 0x1532a831ea50>,1,3,[9 2],5,5,8,0,5
1,<environment.Job instance at 0x1532b8356190>,2,1,[10  2],6,8,9,2,8
1,<environment.Job instance at 0x1532b83568c0>,3,3,[1 9],9,9,12,0,9
1,<environment.Job instance at 0x15328beee3c0>,0,2,[8 2],1,2,4,1,2
1,<environment.Job instance at 0x15328beeecd0>,2,3,[ 1 10],4,4,7,0,4
1,<environment.Job instance at 0x1532ba2345a0>,1,17,[ 1 10],2,71,88,69,71
1,<environment.Job instance at 0x1532b30e9b40>,1,12,[9 1],2,3,15,1,3
1,<environment.Job instance at 0x1532b320e820>,3,18,[8 1],4,15,33,11,4
1,<environment.Job instance at 0x1532b320ebe0>,7,3,[1 7],9,9,12,0,9
1,<environment.Job instance at 0x1532b320e550>,0,2,[1 7],4,4,6,0,4
1,<environment.Job instance at 0x1532a81b1dc0>,2,3,[8 2],7,7,10,0,7
1,<environment.Job instance at 0x15328bcf9f50>,1,1,[5 1],2,2,3,0,2
1,<environment.Job instance at 0x15328ba8f500>,3,2,[1 6],4,4,6,0,4
1,<environment.Job instance at 0x15328bc315f0>,2,12,[7 1],3,5,17,2,5
1,<environment.Job instance at 0x15328bc317d0>,4,12,[ 2 10],5,17,29,12,8
1,<environment.Job instance at 0x15328bc31500>,6,17,[1 7],7,31,48,24,31
1,<environment.Job instance at 0x15328bf9c3c0>,1,3,[2 6],3,4,7,1,4
1,<environment.Job instance at 0x1532b308c050>,4,2,[7 2],8,8,10,0,8
1,<environment.Job instance at 0x1532b308caf0>,5,12,[ 2 10],9,10,22,1,9
1,<environment.Job instance at 0x1532b308ce10>,2,17,[1 6],4,22,39,18,21
1,<environment.Job instance at 0x1532b308c8c0>,1,3,[8 2],2,2,5,0,2
1,<environment.Job instance at 0x15328bd805a0>,2,2,[2 7],3,4,6,1,4
1,<environment.Job instance at 0x15328bd809b0>,5,3,[1 8],7,16,19,9,16
1,<environment.Job instance at 0x15328bb78e60>,1,1,[7 1],2,2,3,0,2
1,<environment.Job instance at 0x1532b82cb140>,3,1,[ 1 10],6,6,7,0,6
1,<environment.Job instance at 0x1532b17f8190>,4,3,[1 9],7,7,10,0,7
1,<environment.Job instance at 0x1532b17f8140>,5,1,[ 1 10],8,10,11,2,8
1,<environment.Job instance at 0x1532b17f8050>,6,2,[1 5],9,11,13,2,9
1,<environment.Job instance at 0x1532a804d780>,0,3,[6 1],1,1,4,0,1
1,<environment.Job instance at 0x1532ba21a4b0>,1,3,[2 6],2,2,5,0,2
1,<environment.Job instance at 0x1532b3aa4050>,3,3,[1 7],5,5,8,0,5
1,<environment.Job instance at 0x1532ba21a2d0>,5,17,[8 2],7,288,305,281,288
1,<environment.Job instance at 0x15328bea9e60>,0,2,[9 2],2,2,4,0,2
1,<environment.Job instance at 0x1532a816d9b0>,2,3,[1 7],4,4,7,0,4
1,<environment.Job instance at 0x1532a816daa0>,3,1,[6 2],6,6,7,0,6
1,<environment.Job instance at 0x15328bf04c30>,4,3,[2 9],7,7,10,0,7
1,<environment.Job instance at 0x15328bf04cd0>,5,2,[1 5],8,10,12,2,8
1,<environment.Job instance at 0x15328bf04d70>,6,3,[2 6],9,12,15,3,9
1,<environment.Job instance at 0x15328bf0a410>,0,2,[5 2],1,1,3,0,1
1,<environment.Job instance at 0x15328bf0a460>,1,2,[6 1],2,3,5,1,2
1,<environment.Job instance at 0x1532b17ee870>,3,1,[6 1],5,5,6,0,5
1,<environment.Job instance at 0x1532b17ee8c0>,5,18,[2 8],7,7,25,0,7
1,<environment.Job instance at 0x1532b3b152d0>,6,2,[1 9],8,25,27,17,8
1,<environment.Job instance at 0x1532b3b15c80>,7,3,[7 1],9,9,12,0,9
1,<environment.Job instance at 0x1532b3b15f00>,0,3,[2 7],6,7,10,1,7
1,<environment.Job instance at 0x1532a812a190>,2,3,[10  1],8,10,13,2,8
1,<environment.Job instance at 0x1532a812a370>,1,13,[1 5],7,13,26,6,11
1,<environment.Job instance at 0x1532a812a320>,1,1,[9 1],4,4,5,0,4
1,<environment.Job instance at 0x1532ba207640>,2,2,[ 1 10],6,6,8,0,6
1,<environment.Job instance at 0x1532b020bdc0>,0,2,[2 7],3,3,5,0,3
1,<environment.Job instance at 0x1532b020b370>,1,2,[1 6],5,5,7,0,5
1,<environment.Job instance at 0x1532a8147af0>,3,16,[2 9],7,7,23,0,7
1,<environment.Job instance at 0x1532a81479b0>,4,15,[8 1],8,8,23,0,8
1,<environment.Job instance at 0x1532a8147d20>,5,3,[6 2],9,23,26,14,9
1,<environment.Job instance at 0x1532b3add960>,2,2,[10  2],5,5,7,0,5
1,<environment.Job instance at 0x1532b3addf50>,3,3,[5 2],8,8,11,0,8
1,<environment.Job instance at 0x1532b8292b40>,4,12,[1 6],9,18,30,9,18
1,<environment.Job instance at 0x15328bd10cd0>,1,15,[ 1 10],2,2,17,0,2
1,<environment.Job instance at 0x1532b8292d70>,2,1,[7 2],3,17,18,14,3
1,<environment.Job instance at 0x1532b8292b40>,6,1,[7 2],7,18,19,11,7
1,<environment.Job instance at 0x1532b17f77d0>,7,3,[2 7],8,17,20,9,8
1,<environment.Job instance at 0x1532b17f79b0>,8,3,[8 1],9,19,22,10,10
1,<environment.Job instance at 0x1532b17e93c0>,0,2,[6 1],1,1,3,0,1
1,<environment.Job instance at 0x1532b3a870a0>,2,3,[1 7],3,10,13,7,10
1,<environment.Job instance at 0x1532b8271550>,7,1,[1 6],8,13,14,5,10
1,<environment.Job instance at 0x1532b8271aa0>,8,15,[1 6],9,51,66,42,51
1,<environment.Job instance at 0x1532ba22a780>,0,2,[2 6],1,1,3,0,1
1,<environment.Job instance at 0x1532b8271cd0>,2,3,[7 2],3,134,137,131,134
1,<environment.Job instance at 0x1532ba22ab40>,1,3,[5 1],3,4,7,1,4
1,<environment.Job instance at 0x1532ba22a910>,2,3,[2 7],5,5,8,0,5
1,<environment.Job instance at 0x1532b83a3a00>,3,3,[2 8],6,8,11,2,6
1,<environment.Job instance at 0x15328ba2c230>,5,1,[2 5],8,11,12,3,11
1,<environment.Job instance at 0x15328ba2c780>,0,2,[1 8],2,3,5,1,3
1,<environment.Job instance at 0x15328ba2c6e0>,2,3,[9 2],4,4,7,0,4
1,<environment.Job instance at 0x15328ba2c230>,3,3,[7 2],5,7,10,2,5
1,<environment.Job instance at 0x1532b3f26960>,4,2,[2 9],6,10,12,4,6
1,<environment.Job instance at 0x1532b3f268c0>,5,2,[7 2],7,12,14,5,7
1,<environment.Job instance at 0x1532b3f26870>,6,3,[1 5],8,12,15,4,8
1,<environment.Job instance at 0x15328ba2c7d0>,1,12,[1 7],3,18,30,15,18
1,<environment.Job instance at 0x1532b3e2f190>,0,3,[7 2],1,1,4,0,1
1,<environment.Job instance at 0x15328bf09910>,5,2,[2 9],9,9,11,0,9
1,<environment.Job instance at 0x15328bf09960>,1,1,[2 9],2,3,4,1,3
1,<environment.Job instance at 0x1532ba1e9d70>,3,3,[7 1],4,4,7,0,4
1,<environment.Job instance at 0x1532ba1e9aa0>,5,3,[7 1],6,7,10,1,6
1,<environment.Job instance at 0x1532ba1e9e60>,6,1,[1 9],8,8,9,0,8
1,<environment.Job instance at 0x15328bf09e60>,2,12,[2 6],3,11,23,8,11
1,<environment.Job instance at 0x1532a81c3140>,1,3,[1 8],3,3,6,0,3
1,<environment.Job instance at 0x1532a805a410>,2,3,[5 1],4,4,7,0,4
1,<environment.Job instance at 0x15328bba8500>,1,14,[ 1 10],2,3,17,1,3
1,<environment.Job instance at 0x15328b9e90f0>,2,14,[6 2],3,17,31,14,4
1,<environment.Job instance at 0x1532b8c82410>,4,1,[1 6],7,17,18,10,7
1,<environment.Job instance at 0x1532b015df00>,5,3,[10  2],8,31,34,23,8
1,<environment.Job instance at 0x1532b6df72d0>,6,1,[2 7],9,18,19,9,9
1,<environment.Job instance at 0x1532b82e60a0>,0,1,[1 7],1,1,2,0,1
1,<environment.Job instance at 0x1532b17e9a00>,3,1,[6 1],4,10,11,6,10
1,<environment.Job instance at 0x1532b0289550>,0,3,[9 2],2,2,5,0,2
1,<environment.Job instance at 0x1532b0289640>,1,3,[2 8],3,5,8,2,3
1,<environment.Job instance at 0x1532b00713c0>,3,2,[8 2],6,6,8,0,6
1,<environment.Job instance at 0x1532ba1fc230>,2,2,[2 7],5,8,10,3,6
1,<environment.Job instance at 0x1532b0071be0>,4,3,[6 1],7,9,12,2,9
1,<environment.Job instance at 0x1532b00719b0>,5,12,[2 7],9,20,32,11,20
1,<environment.Job instance at 0x15328bbf1c30>,3,3,[2 6],4,4,7,0,4
1,<environment.Job instance at 0x1532b03846e0>,1,2,[ 1 10],2,7,9,5,6
1,<environment.Job instance at 0x1532b00719b0>,6,2,[2 7],7,9,11,2,9
1,<environment.Job instance at 0x1532b02e64b0>,0,3,[1 8],1,2,5,1,2
1,<environment.Job instance at 0x1532b0384640>,1,2,[2 7],2,5,7,3,2
1,<environment.Job instance at 0x1532b02e6410>,4,12,[9 2],5,7,19,2,5
1,<environment.Job instance at 0x1532b3f0f6e0>,1,13,[6 2],4,4,17,0,4
1,<environment.Job instance at 0x1532b184cc30>,0,2,[ 1 10],1,1,3,0,1
1,<environment.Job instance at 0x1532b82dc050>,3,2,[2 7],5,6,8,1,6
1,<environment.Job instance at 0x1532b82dc730>,4,3,[1 8],6,8,11,2,6
1,<environment.Job instance at 0x1532b82dc460>,2,1,[ 2 10],4,11,12,7,9
1,<environment.Job instance at 0x1532b17dea50>,1,16,[1 5],2,9,25,7,9
1,<environment.Job instance at 0x1532b02cc0a0>,5,3,[7 2],9,9,12,0,9
1,<environment.Job instance at 0x1532b3e86e10>,0,2,[2 5],1,1,3,0,1
1,<environment.Job instance at 0x1532b3e865f0>,2,2,[1 8],3,3,5,0,3
1,<environment.Job instance at 0x1532b3b5cf00>,4,3,[1 8],6,6,9,0,6
1,<environment.Job instance at 0x1532b0088f50>,5,12,[2 8],7,9,21,2,7
1,<environment.Job instance at 0x1532b3b5c190>,6,1,[5 2],8,8,9,0,8
1,<environment.Job instance at 0x1532b3b5cbe0>,7,14,[1 8],9,21,35,12,9
1,<environment.Job instance at 0x1532b003fdc0>,0,1,[1 7],3,4,5,1,4
1,<environment.Job instance at 0x15328b9b0c30>,2,2,[8 1],6,6,8,0,6
1,<environment.Job instance at 0x1532b02e8c30>,1,19,[1 8],4,7,26,3,7
1,<environment.Job instance at 0x15328bf3f0f0>,0,2,[ 1 10],3,3,5,0,3
1,<environment.Job instance at 0x1532b5161370>,0,2,[2 8],1,1,3,0,1
1,<environment.Job instance at 0x1532b5161190>,1,3,[8 1],3,3,6,0,3
1,<environment.Job instance at 0x1532b17d5b40>,3,2,[6 1],6,6,8,0,6
1,<environment.Job instance at 0x1532b17d5460>,5,2,[9 2],8,9,11,1,9
1,<environment.Job instance at 0x1532b17d5780>,0,1,[2 8],2,2,3,0,2
1,<environment.Job instance at 0x15328b9b2230>,3,1,[ 2 10],9,9,10,0,9
1,<environment.Job instance at 0x1532b02c4230>,0,2,[7 2],1,1,3,0,1
1,<environment.Job instance at 0x1532b02c4f50>,2,12,[5 1],3,4,16,1,4
1,<environment.Job instance at 0x1532b02c4140>,4,3,[1 5],5,5,8,0,5
1,<environment.Job instance at 0x1532b02c4d70>,5,2,[1 5],7,8,10,1,7
1,<environment.Job instance at 0x1532b3174f50>,0,2,[1 7],1,1,3,0,1
1,<environment.Job instance at 0x1532b02c4d70>,2,2,[9 1],5,5,7,0,5
1,<environment.Job instance at 0x1532b3a6e9b0>,3,1,[9 1],7,7,8,0,7
1,<environment.Job instance at 0x1532b2f800a0>,4,1,[8 1],9,9,10,0,9
1,<environment.Job instance at 0x1532b31eb8c0>,0,1,[9 2],2,3,4,1,3
1,<environment.Job instance at 0x1532b3b392d0>,1,1,[9 2],3,5,6,2,5
1,<environment.Job instance at 0x15328bd88d70>,0,3,[6 1],1,1,4,0,1
1,<environment.Job instance at 0x15328bd88e60>,3,2,[9 1],4,4,6,0,4
1,<environment.Job instance at 0x1532b3b39500>,2,15,[1 5],3,5,20,2,5
1,<environment.Job instance at 0x1532b02e40f0>,1,12,[2 8],2,2,14,0,2
1,<environment.Job instance at 0x1532b3e46d70>,2,2,[1 8],3,14,16,11,3
1,<environment.Job instance at 0x1532b3e46a50>,6,1,[9 2],9,14,15,5,9
1,<environment.Job instance at 0x1532b3e46b90>,5,3,[5 2],7,9,12,2,9
1,<environment.Job instance at 0x1532b8260280>,0,2,[1 8],1,1,3,0,1
1,<environment.Job instance at 0x1532b179fb40>,2,3,[7 1],3,3,6,0,3
1,<environment.Job instance at 0x1532ba24e0f0>,3,3,[6 1],4,6,9,2,4
1,<environment.Job instance at 0x15328b85b6e0>,5,18,[6 1],7,9,27,2,7
1,<environment.Job instance at 0x1532b3e46b90>,4,16,[1 6],6,13,29,7,13
1,<environment.Job instance at 0x1532b0177aa0>,1,2,[9 1],2,2,4,0,2
1,<environment.Job instance at 0x1532b01770f0>,0,2,[10  2],1,4,6,3,2
1,<environment.Job instance at 0x1532b0177960>,4,3,[1 9],5,6,9,1,5
1,<environment.Job instance at 0x1532b0177e10>,5,3,[8 2],6,9,12,3,6
1,<environment.Job instance at 0x1532b0177050>,6,2,[7 2],7,12,14,5,7
1,<environment.Job instance at 0x15328bfe8eb0>,7,2,[8 2],8,14,16,6,8
1,<environment.Job instance at 0x1532b0158f50>,0,1,[2 8],1,1,2,0,1
1,<environment.Job instance at 0x1532b0158960>,3,2,[10  1],6,6,8,0,6
1,<environment.Job instance at 0x1532b0158140>,6,18,[1 8],9,9,27,0,9
1,<environment.Job instance at 0x15328be89140>,2,18,[7 1],4,4,22,0,4
1,<environment.Job instance at 0x15328b9740a0>,3,3,[7 2],9,22,25,13,9
1,<environment.Job instance at 0x1532b3eb9410>,0,2,[7 2],1,1,3,0,1
1,<environment.Job instance at 0x1532b3eb9190>,2,16,[7 2],3,19,35,16,19
1,<environment.Job instance at 0x15328b851870>,2,2,[2 6],4,4,6,0,4
1,<environment.Job instance at 0x1532b2f37a00>,4,2,[10  2],6,6,8,0,6
1,<environment.Job instance at 0x1532b3a87780>,3,2,[1 8],5,13,15,8,13
1,<environment.Job instance at 0x1532b3a875f0>,2,20,[8 2],3,3,23,0,3
1,<environment.Job instance at 0x1532b3aa4460>,3,1,[ 1 10],4,23,24,19,12
1,<environment.Job instance at 0x1532b3aa47d0>,0,2,[10  2],3,3,5,0,3
1,<environment.Job instance at 0x1532ba290fa0>,1,3,[6 2],4,5,8,1,5
1,<environment.Job instance at 0x1532b3aa4e10>,2,2,[2 7],5,5,7,0,5
1,<environment.Job instance at 0x15328b987e60>,4,2,[9 2],7,8,10,1,7
1,<environment.Job instance at 0x1532ba290e60>,3,1,[8 2],6,10,11,4,7
1,<environment.Job instance at 0x1532b8c5caf0>,0,2,[9 1],1,1,3,0,1
1,<environment.Job instance at 0x1532b8c5c0f0>,2,17,[6 2],3,4,21,1,4
1,<environment.Job instance at 0x1532a837f820>,4,3,[8 2],6,21,24,15,6
1,<environment.Job instance at 0x1532a837f730>,5,2,[1 7],7,8,10,1,8
1,<environment.Job instance at 0x1532a837f190>,7,2,[2 6],9,10,12,1,9
1,<environment.Job instance at 0x1532b8c5c7d0>,6,17,[2 8],8,24,41,16,24
1,<environment.Job instance at 0x1532a8273fa0>,0,1,[5 2],2,2,3,0,2
1,<environment.Job instance at 0x1532b3e79af0>,3,16,[2 5],6,13,29,7,13
1,<environment.Job instance at 0x1532b3afc460>,1,3,[5 2],3,3,6,0,3
1,<environment.Job instance at 0x1532b1834af0>,2,2,[8 2],5,6,8,1,5
1,<environment.Job instance at 0x1532b8bdc910>,4,2,[1 5],8,9,11,1,9
1,<environment.Job instance at 0x1532b82fcaf0>,0,3,[7 2],1,1,4,0,1
1,<environment.Job instance at 0x1532b315ba50>,1,3,[2 7],2,2,5,0,2
1,<environment.Job instance at 0x1532b8bdc910>,3,3,[1 5],5,5,8,0,5
1,<environment.Job instance at 0x1532b2b05a50>,5,3,[2 5],8,8,11,0,8
1,<environment.Job instance at 0x1532b2b05fa0>,6,13,[2 9],9,11,24,2,10
1,<environment.Job instance at 0x1532b18561e0>,0,3,[10  2],1,1,4,0,1
1,<environment.Job instance at 0x1532b1856a00>,1,3,[2 9],2,4,7,2,2
1,<environment.Job instance at 0x1532b1856d70>,3,3,[1 7],5,43,46,38,43
1,<environment.Job instance at 0x1532b2fdab90>,0,3,[ 1 10],1,1,4,0,1
1,<environment.Job instance at 0x1532b2fda780>,1,3,[5 2],4,4,7,0,4
1,<environment.Job instance at 0x1532b2fdad70>,2,2,[2 9],5,7,9,2,5
1,<environment.Job instance at 0x1532b010dc30>,0,3,[8 1],2,2,5,0,2
1,<environment.Job instance at 0x1532baf58f00>,1,2,[1 9],3,3,5,0,3
1,<environment.Job instance at 0x1532b2fda190>,4,3,[8 1],6,6,9,0,6
1,<environment.Job instance at 0x1532a80f46e0>,5,1,[9 1],8,9,10,1,8
1,<environment.Job instance at 0x1532b0096690>,0,2,[1 7],1,1,3,0,1
1,<environment.Job instance at 0x1532a80f4c80>,1,3,[10  1],2,3,6,1,2
1,<environment.Job instance at 0x1532b0096cd0>,2,2,[6 1],3,6,8,3,3
1,<environment.Job instance at 0x1532b00bd730>,0,2,[8 1],1,1,3,0,1
1,<environment.Job instance at 0x1532b00bdb40>,1,2,[9 2],2,3,5,1,2
1,<environment.Job instance at 0x1532b00bdf50>,4,3,[10  2],8,9,12,1,9
1,<environment.Job instance at 0x1532b00bdd20>,5,2,[1 9],9,17,19,8,17
1,<environment.Job instance at 0x15328bb883c0>,2,3,[1 9],4,7,10,3,7
1,<environment.Job instance at 0x1532a824d050>,1,2,[7 1],2,2,4,0,2
1,<environment.Job instance at 0x15328bb886e0>,2,3,[6 2],3,4,7,1,3
1,<environment.Job instance at 0x15328bb88280>,4,12,[8 1],5,7,19,2,5
1,<environment.Job instance at 0x1532b31d7460>,1,2,[1 9],2,2,4,0,2
1,<environment.Job instance at 0x1532b31d7c30>,2,2,[6 1],3,3,5,0,3
1,<environment.Job instance at 0x1532a8363dc0>,1,3,[ 2 10],3,3,6,0,3
1,<environment.Job instance at 0x15328ba1c690>,2,3,[5 1],4,6,9,2,4
1,<environment.Job instance at 0x1532a82ccb90>,4,1,[9 2],7,9,10,2,7
1,<environment.Job instance at 0x1532a82ccb40>,5,2,[6 2],8,10,12,2,8
1,<environment.Job instance at 0x1532a82cce60>,6,2,[1 9],9,12,14,3,9
1,<environment.Job instance at 0x1532a82ba690>,0,3,[1 9],1,1,4,0,1
1,<environment.Job instance at 0x1532a82ba6e0>,1,1,[2 8],2,4,5,2,2
1,<environment.Job instance at 0x1532b3013c30>,4,1,[6 1],5,5,6,0,5
1,<environment.Job instance at 0x1532b3013190>,5,3,[1 8],7,7,10,0,7
1,<environment.Job instance at 0x1532a82ba5f0>,3,15,[ 2 10],4,34,49,30,34
1,<environment.Job instance at 0x15328b96e960>,0,3,[5 2],1,1,4,0,1
1,<environment.Job instance at 0x15328b96ef50>,4,2,[1 6],6,6,8,0,6
1,<environment.Job instance at 0x1532b2f5fdc0>,5,3,[6 2],7,7,10,0,7
1,<environment.Job instance at 0x15328bdc4c30>,0,1,[7 2],1,1,2,0,1
1,<environment.Job instance at 0x15328bdc49b0>,2,2,[6 1],4,4,6,0,4
1,<environment.Job instance at 0x15328bdc43c0>,3,3,[6 2],6,6,9,0,6
1,<environment.Job instance at 0x15328bdc4960>,6,3,[8 2],9,9,12,0,9
1,<environment.Job instance at 0x15328bdc4190>,0,2,[6 2],2,2,4,0,2
1,<environment.Job instance at 0x15328bdc4aa0>,1,1,[ 1 10],3,4,5,1,3
1,<environment.Job instance at 0x15328bad4a50>,3,1,[8 2],5,5,6,0,5
1,<environment.Job instance at 0x1532b30acb90>,5,1,[8 2],7,7,8,0,7
1,<environment.Job instance at 0x1532b30acdc0>,6,2,[10  2],8,8,10,0,8
1,<environment.Job instance at 0x1532b30ac780>,7,1,[10  1],9,10,11,1,9
1,<environment.Job instance at 0x15328bad42d0>,4,17,[1 8],6,11,28,5,10
1,<environment.Job instance at 0x1532b026a1e0>,1,3,[9 2],4,4,7,0,4
1,<environment.Job instance at 0x1532ba2083c0>,3,2,[2 6],6,7,9,1,6
1,<environment.Job instance at 0x1532b825d820>,3,13,[10  2],4,4,17,0,4
1,<environment.Job instance at 0x1532b825daf0>,4,17,[5 2],5,17,34,12,6
1,<environment.Job instance at 0x15328b8cb780>,6,3,[9 1],8,34,37,26,8
1,<environment.Job instance at 0x15328b8cb6e0>,7,3,[2 8],9,17,20,8,9
1,<environment.Job instance at 0x15328b8c8500>,3,1,[8 2],7,7,8,0,7
1,<environment.Job instance at 0x15328b8c8c80>,4,1,[8 2],8,8,9,0,8
1,<environment.Job instance at 0x15328b8c86e0>,5,2,[9 1],9,9,11,0,9
1,<environment.Job instance at 0x15328bbad5f0>,0,2,[9 1],1,1,3,0,1
1,<environment.Job instance at 0x15328bbada00>,2,2,[1 7],3,3,5,0,3
1,<environment.Job instance at 0x15328bbaddc0>,3,3,[ 1 10],4,5,8,1,4
1,<environment.Job instance at 0x15328bbadf00>,6,13,[8 2],8,14,27,6,14
1,<environment.Job instance at 0x1532b01d3cd0>,2,1,[ 2 10],3,3,4,0,3
1,<environment.Job instance at 0x1532b01d3460>,3,2,[2 6],4,4,6,0,4
1,<environment.Job instance at 0x1532a80b54b0>,4,3,[10  2],5,6,9,1,5
1,<environment.Job instance at 0x1532a80b56e0>,6,2,[7 2],9,9,11,0,9
1,<environment.Job instance at 0x15328bdd5820>,0,2,[2 7],2,2,4,0,2
1,<environment.Job instance at 0x15328bdd5b40>,1,3,[7 2],3,3,6,0,3
1,<environment.Job instance at 0x15328bdd5550>,2,3,[ 2 10],4,6,9,2,4
1,<environment.Job instance at 0x15328bdd54b0>,3,3,[1 7],7,9,12,2,8
1,<environment.Job instance at 0x15328bdd52d0>,4,3,[9 1],9,9,12,0,9
1,<environment.Job instance at 0x15328b8f9550>,3,3,[2 5],4,4,7,0,4
1,<environment.Job instance at 0x1532b3ba0d70>,4,2,[ 1 10],8,8,10,0,8
1,<environment.Job instance at 0x1532ba2de690>,0,2,[ 1 10],1,1,3,0,1
1,<environment.Job instance at 0x1532b3b80eb0>,1,2,[8 2],3,4,6,1,4
1,<environment.Job instance at 0x1532ba2deb90>,2,3,[7 2],5,6,9,1,5
1,<environment.Job instance at 0x1532ba2debe0>,4,2,[8 2],9,9,11,0,9
1,<environment.Job instance at 0x1532ba2de730>,3,2,[1 5],8,10,12,2,10
1,<environment.Job instance at 0x1532ba2deeb0>,0,3,[7 2],3,3,6,0,3
1,<environment.Job instance at 0x1532ba2de730>,1,2,[1 5],5,5,7,0,5
1,<environment.Job instance at 0x15328b83a730>,3,1,[2 8],7,7,8,0,7
1,<environment.Job instance at 0x1532b183af00>,4,2,[1 6],8,8,10,0,8
1,<environment.Job instance at 0x1532b8295500>,2,2,[5 1],4,4,6,0,4
1,<environment.Job instance at 0x15328bd1c370>,6,3,[2 9],9,9,12,0,9
1,<environment.Job instance at 0x1532b3063f00>,5,2,[8 2],6,6,8,0,6
1,<environment.Job instance at 0x1532b3bf43c0>,3,1,[5 2],4,8,9,4,6
1,<environment.Job instance at 0x1532b3070910>,1,1,[2 7],3,3,4,0,3
1,<environment.Job instance at 0x1532b2acbeb0>,3,2,[7 2],5,5,7,0,5
1,<environment.Job instance at 0x1532b2acbcd0>,4,3,[7 1],6,7,10,1,6
1,<environment.Job instance at 0x1532a8115780>,6,3,[8 2],9,10,13,1,9
1,<environment.Job instance at 0x15328bca81e0>,1,1,[9 2],2,2,3,0,2
1,<environment.Job instance at 0x1532a81155a0>,2,17,[7 1],3,3,20,0,3
1,<environment.Job instance at 0x15328bca89b0>,3,3,[1 7],4,6,9,2,6
1,<environment.Job instance at 0x15328bca8c30>,5,2,[ 1 10],7,20,22,13,8
1,<environment.Job instance at 0x15328bca8eb0>,7,2,[5 2],9,22,24,13,11
1,<environment.Job instance at 0x1532a8115780>,4,16,[2 7],6,37,53,31,37
1,<environment.Job instance at 0x15328bca8870>,0,3,[10  1],2,2,5,0,2
1,<environment.Job instance at 0x15328bca8d20>,1,1,[10  1],4,6,7,2,6
1,<environment.Job instance at 0x15328be0d4b0>,2,1,[5 1],5,7,8,2,6
1,<environment.Job instance at 0x15328be0d780>,4,1,[1 6],8,8,9,0,8
1,<environment.Job instance at 0x15328be0d640>,3,3,[7 1],6,11,14,5,11
1,<environment.Job instance at 0x1532b2f2e7d0>,1,2,[1 6],3,4,6,1,4
1,<environment.Job instance at 0x1532b2f2e9b0>,3,1,[9 1],5,5,6,0,5
1,<environment.Job instance at 0x1532b2f2eb40>,4,3,[2 6],6,6,9,0,6
1,<environment.Job instance at 0x1532b2f2ea50>,5,1,[ 2 10],8,9,10,1,8
1,<environment.Job instance at 0x1532b2f2e870>,6,2,[ 2 10],9,10,12,1,9
1,<environment.Job instance at 0x1532b2f2ed20>,2,18,[1 5],4,40,58,36,40
1,<environment.Job instance at 0x1532b30d2be0>,1,1,[1 6],2,2,3,0,2
1,<environment.Job instance at 0x1532b0145910>,0,2,[2 8],1,3,5,2,2
1,<environment.Job instance at 0x1532b2f2ed20>,2,3,[6 1],4,4,7,0,4
1,<environment.Job instance at 0x1532b0145460>,3,3,[10  1],5,7,10,2,5
1,<environment.Job instance at 0x1532b1857c30>,4,1,[7 1],6,10,11,4,7
1,<environment.Job instance at 0x1532b1857b90>,6,1,[ 1 10],8,11,12,3,8
1,<environment.Job instance at 0x1532b0145190>,5,23,[1 7],7,17,40,10,17
1,<environment.Job instance at 0x1532b82c17d0>,0,2,[10  2],2,3,5,1,3
1,<environment.Job instance at 0x1532a80b1b90>,2,1,[2 5],6,6,7,0,6
1,<environment.Job instance at 0x1532a80b16e0>,4,1,[1 9],9,9,10,0,9
1,<environment.Job instance at 0x1532bb08c820>,0,2,[6 1],2,3,5,1,3
1,<environment.Job instance at 0x1532a80b1c80>,1,3,[5 1],3,7,10,4,7
1,<environment.Job instance at 0x15328b9c34b0>,0,3,[10  2],1,1,4,0,1
1,<environment.Job instance at 0x15328b9c3960>,1,3,[6 1],2,4,7,2,3
1,<environment.Job instance at 0x15328b9c3d20>,3,17,[9 1],8,9,26,1,9
1,<environment.Job instance at 0x1532b8bdcb40>,0,3,[2 9],1,1,4,0,1
1,<environment.Job instance at 0x15328bc994b0>,3,3,[6 2],5,5,8,0,5
1,<environment.Job instance at 0x15328b9c8140>,4,1,[2 7],6,6,7,0,6
1,<environment.Job instance at 0x15328ba8d730>,5,3,[1 5],7,7,10,0,7
1,<environment.Job instance at 0x1532b0147050>,1,1,[6 1],2,2,3,0,2
1,<environment.Job instance at 0x1532b0147640>,2,3,[6 2],3,3,6,0,3
1,<environment.Job instance at 0x1532b01474b0>,3,2,[1 6],4,4,6,0,4
1,<environment.Job instance at 0x1532b0147960>,4,3,[2 9],5,6,9,1,5
1,<environment.Job instance at 0x1532b3b22050>,5,3,[2 7],7,9,12,2,7
1,<environment.Job instance at 0x1532b0147460>,6,2,[2 9],8,12,14,4,8
1,<environment.Job instance at 0x1532b302dfa0>,0,3,[7 1],1,2,5,1,2
1,<environment.Job instance at 0x1532a8036d20>,2,1,[7 2],3,5,6,2,4
1,<environment.Job instance at 0x1532b302ddc0>,1,3,[2 7],2,4,7,2,4
1,<environment.Job instance at 0x1532a8036780>,4,1,[8 2],5,6,7,1,5
1,<environment.Job instance at 0x1532a8036c80>,5,1,[1 6],7,7,8,0,7
1,<environment.Job instance at 0x1532b0247550>,6,3,[8 2],8,9,12,1,9
1,<environment.Job instance at 0x1532a8036370>,7,1,[ 1 10],9,12,13,3,11
1,<environment.Job instance at 0x1532b8288e60>,0,2,[8 1],1,2,4,1,2
1,<environment.Job instance at 0x1532a8036e60>,1,3,[2 8],2,2,5,0,2
1,<environment.Job instance at 0x1532a8036a00>,3,2,[10  2],6,6,8,0,6
1,<environment.Job instance at 0x1532b8288e10>,2,3,[5 1],5,8,11,3,6
1,<environment.Job instance at 0x1532a8036c30>,4,3,[7 2],7,11,14,4,7
1,<environment.Job instance at 0x15328b8cd8c0>,5,3,[8 1],9,14,17,5,9
1,<environment.Job instance at 0x1532b02cab40>,3,3,[2 5],5,5,8,0,5
1,<environment.Job instance at 0x15328bc1dcd0>,0,3,[10  2],1,1,4,0,1
1,<environment.Job instance at 0x15328bc1d410>,1,1,[8 2],2,4,5,2,3
1,<environment.Job instance at 0x15328bc1d870>,3,3,[8 1],4,5,8,1,4
1,<environment.Job instance at 0x15328bbcdf50>,2,1,[8 1],3,8,9,5,5
1,<environment.Job instance at 0x15328bc1d050>,4,2,[8 2],5,9,11,4,5
1,<environment.Job instance at 0x15328b896aa0>,0,1,[2 7],1,3,4,2,3
1,<environment.Job instance at 0x15328bc1ddc0>,1,2,[ 1 10],3,4,6,1,4
1,<environment.Job instance at 0x15328bc1d3c0>,2,2,[6 1],4,6,8,2,4
1,<environment.Job instance at 0x15328b9edfa0>,4,1,[2 9],7,7,8,0,7
1,<environment.Job instance at 0x15328bc1d5f0>,5,3,[7 1],8,8,11,0,8
1,<environment.Job instance at 0x15328b9c62d0>,6,16,[2 7],9,19,35,10,19
1,<environment.Job instance at 0x15328b9c69b0>,0,3,[6 1],1,3,6,2,3
1,<environment.Job instance at 0x1532b8271550>,2,3,[9 2],4,6,9,2,4
1,<environment.Job instance at 0x15328b9c6910>,1,23,[1 6],3,6,29,3,6
1,<environment.Job instance at 0x1532b8271230>,7,1,[7 1],9,9,10,0,9
1,<environment.Job instance at 0x1532b8271be0>,4,13,[2 6],6,79,92,73,79
1,<environment.Job instance at 0x1532b8271370>,0,2,[10  1],2,2,4,0,2
1,<environment.Job instance at 0x1532b3200780>,3,3,[2 6],6,10,13,4,10
1,<environment.Job instance at 0x1532a807daa0>,1,3,[1 6],2,2,5,0,2
1,<environment.Job instance at 0x1532a8130050>,2,3,[7 1],4,4,7,0,4
1,<environment.Job instance at 0x1532a807d5a0>,3,2,[2 8],5,5,7,0,5
1,<environment.Job instance at 0x1532a807db40>,4,2,[1 8],6,7,9,1,6
1,<environment.Job instance at 0x1532a807dc80>,6,1,[1 8],8,9,10,1,8
1,<environment.Job instance at 0x1532a807d910>,7,3,[5 1],9,9,12,0,9
1,<environment.Job instance at 0x1532b8d6df50>,1,2,[8 1],2,2,4,0,2
1,<environment.Job instance at 0x1532b8d6de10>,2,1,[5 1],4,4,5,0,4
1,<environment.Job instance at 0x1532b3157050>,3,2,[1 8],5,5,7,0,5
1,<environment.Job instance at 0x15328bc49780>,0,1,[1 6],3,4,5,1,4
1,<environment.Job instance at 0x15328be19be0>,2,1,[9 1],5,5,6,0,5
1,<environment.Job instance at 0x15328be191e0>,3,1,[5 1],6,6,7,0,6
1,<environment.Job instance at 0x1532b3c0c280>,4,12,[1 8],8,8,20,0,8
1,<environment.Job instance at 0x1532b8bc4820>,1,14,[2 9],4,20,34,16,15
1,<environment.Job instance at 0x1532a8335050>,0,2,[ 1 10],1,1,3,0,1
1,<environment.Job instance at 0x15328b98e870>,1,1,[10  2],2,3,4,1,3
1,<environment.Job instance at 0x15328b98e4b0>,3,2,[8 1],7,7,9,0,7
1,<environment.Job instance at 0x1532b3a6fcd0>,1,3,[1 5],3,3,6,0,3
1,<environment.Job instance at 0x1532a82c2a50>,5,3,[1 5],7,7,10,0,7
1,<environment.Job instance at 0x1532a82c2280>,6,2,[9 1],8,9,11,1,9
1,<environment.Job instance at 0x1532b2f89d20>,1,1,[7 2],6,6,7,0,6
1,<environment.Job instance at 0x15328bb46aa0>,2,3,[2 8],7,7,10,0,7
1,<environment.Job instance at 0x15328bb46dc0>,4,3,[8 1],9,9,12,0,9
1,<environment.Job instance at 0x15328bb46410>,3,3,[2 6],8,10,13,2,9
1,<environment.Job instance at 0x1532b83acfa0>,1,3,[2 6],2,2,5,0,2
1,<environment.Job instance at 0x1532b83ac410>,2,2,[6 2],3,3,5,0,3
1,<environment.Job instance at 0x1532a833f050>,4,1,[9 1],5,5,6,0,5
1,<environment.Job instance at 0x1532a833fe10>,5,15,[ 1 10],6,6,21,0,6
1,<environment.Job instance at 0x1532a833f6e0>,6,12,[6 1],7,21,33,14,8
1,<environment.Job instance at 0x1532a833f500>,8,2,[1 7],9,21,23,12,9
1,<environment.Job instance at 0x1532b8c2bf00>,4,2,[6 2],7,7,9,0,7
1,<environment.Job instance at 0x1532a8238460>,5,2,[1 5],9,10,12,1,10
1,<environment.Job instance at 0x1532b02e6a50>,1,2,[10  1],2,2,4,0,2
1,<environment.Job instance at 0x1532b0046410>,1,3,[ 1 10],2,2,5,0,2
1,<environment.Job instance at 0x1532a80f8d20>,2,3,[6 2],3,5,8,2,3
1,<environment.Job instance at 0x1532a80f8aa0>,4,2,[9 1],6,8,10,2,6
1,<environment.Job instance at 0x1532b18369b0>,5,3,[2 7],7,10,13,3,7
1,<environment.Job instance at 0x1532b1836370>,6,1,[2 5],9,13,14,4,9
1,<environment.Job instance at 0x15328be1c7d0>,1,3,[2 6],4,4,7,0,4
1,<environment.Job instance at 0x15328bf251e0>,2,2,[1 6],5,7,9,2,5
1,<environment.Job instance at 0x15328bf25fa0>,4,13,[5 1],7,8,21,1,8
1,<environment.Job instance at 0x15328b99ae60>,6,3,[1 8],9,9,12,0,9
1,<environment.Job instance at 0x1532b31f5fa0>,1,3,[8 2],2,2,5,0,2
1,<environment.Job instance at 0x15328bf25b90>,2,1,[1 7],3,3,4,0,3
1,<environment.Job instance at 0x1532b31f5af0>,3,1,[5 2],4,5,6,1,4
1,<environment.Job instance at 0x1532a830f0a0>,4,2,[1 8],5,5,7,0,5
1,<environment.Job instance at 0x1532a830f3c0>,5,2,[5 2],6,6,8,0,6
1,<environment.Job instance at 0x15328b99ae60>,6,3,[7 2],8,8,11,0,8
1,<environment.Job instance at 0x1532a830f320>,7,2,[1 8],9,11,13,2,11
1,<environment.Job instance at 0x1532a830f5a0>,2,14,[1 8],5,10,24,5,10
1,<environment.Job instance at 0x1532a830f320>,4,21,[1 8],9,50,71,41,50
1,<environment.Job instance at 0x15328b9b0640>,2,2,[9 1],4,4,6,0,4
1,<environment.Job instance at 0x15328b9b0730>,1,14,[1 9],3,4,18,1,4
1,<environment.Job instance at 0x15328b9b0e10>,5,2,[1 8],8,18,20,10,8
1,<environment.Job instance at 0x1532b8358280>,0,1,[8 1],1,3,4,2,3
1,<environment.Job instance at 0x1532b8358780>,3,2,[9 1],6,6,8,0,6
1,<environment.Job instance at 0x1532b8358370>,4,3,[ 1 10],8,8,11,0,8
1,<environment.Job instance at 0x15328b8a9aa0>,5,1,[9 2],9,11,12,2,9
1,<environment.Job instance at 0x15328b9b0b90>,1,17,[2 9],3,33,50,30,33
1,<environment.Job instance at 0x15328b88e280>,1,2,[5 1],4,4,6,0,4
1,<environment.Job instance at 0x15328be24640>,2,2,[7 2],5,6,8,1,5
1,<environment.Job instance at 0x15328be245a0>,6,3,[7 1],9,9,12,0,9
1,<environment.Job instance at 0x15328be24190>,1,3,[8 1],2,2,5,0,2
1,<environment.Job instance at 0x15328bf7f190>,4,2,[10  2],5,5,7,0,5
1,<environment.Job instance at 0x1532b3ad5190>,5,3,[8 2],7,7,10,0,7
1,<environment.Job instance at 0x15328bc51550>,6,1,[2 5],8,8,9,0,8
1,<environment.Job instance at 0x15328be24050>,3,17,[1 7],4,9,26,5,9
1,<environment.Job instance at 0x1532ba1fc8c0>,0,3,[2 6],1,1,4,0,1
1,<environment.Job instance at 0x1532ba1fc5f0>,2,1,[10  1],4,4,5,0,4
1,<environment.Job instance at 0x1532ba1fcbe0>,3,3,[1 8],5,5,8,0,5
1,<environment.Job instance at 0x1532ba1fc050>,5,3,[2 7],7,8,11,1,7
1,<environment.Job instance at 0x1532ba1fcc80>,6,2,[8 2],8,8,10,0,8
1,<environment.Job instance at 0x1532ba1fcd20>,7,3,[2 5],9,11,14,2,9
1,<environment.Job instance at 0x1532ba1fca00>,1,1,[6 1],2,3,4,1,3
1,<environment.Job instance at 0x1532b6df1050>,2,1,[ 2 10],4,4,5,0,4
1,<environment.Job instance at 0x1532b82750a0>,0,3,[2 7],1,1,4,0,1
1,<environment.Job instance at 0x1532b31d72d0>,3,1,[10  2],6,6,7,0,6
1,<environment.Job instance at 0x1532b31d7910>,4,1,[2 5],7,7,8,0,7
1,<environment.Job instance at 0x1532b3aaa870>,0,1,[1 7],1,1,2,0,1
1,<environment.Job instance at 0x1532b31d7b40>,3,1,[1 7],6,6,7,0,6
1,<environment.Job instance at 0x1532b13158c0>,4,2,[6 2],9,9,11,0,9
1,<environment.Job instance at 0x15328bd65c80>,1,3,[1 7],2,3,6,1,3
1,<environment.Job instance at 0x1532b1348230>,3,2,[5 1],4,4,6,0,4
1,<environment.Job instance at 0x1532b1348b90>,4,3,[7 1],6,6,9,0,6
1,<environment.Job instance at 0x1532b1348cd0>,5,2,[8 2],8,9,11,1,8
1,<environment.Job instance at 0x1532b1348140>,6,1,[7 1],9,11,12,2,10
1,<environment.Job instance at 0x1532b31cda50>,2,15,[10  2],6,6,21,0,6
1,<environment.Job instance at 0x15328b9311e0>,5,2,[5 1],8,8,10,0,8
1,<environment.Job instance at 0x1532b31cddc0>,4,12,[10  2],7,10,22,3,8
1,<environment.Job instance at 0x15328b931a00>,0,2,[8 1],1,2,4,1,2
1,<environment.Job instance at 0x1532b31cd190>,2,3,[ 2 10],3,4,7,1,3
1,<environment.Job instance at 0x15328b931960>,1,3,[2 6],2,7,10,5,3
1,<environment.Job instance at 0x1532b309a0a0>,0,2,[10  1],1,1,3,0,1
1,<environment.Job instance at 0x1532b9bc4c30>,1,3,[1 5],2,3,6,1,2
1,<environment.Job instance at 0x15328bee1870>,3,1,[8 1],5,5,6,0,5
1,<environment.Job instance at 0x1532b021adc0>,4,1,[2 8],6,6,7,0,6
1,<environment.Job instance at 0x1532b021a550>,5,2,[1 8],9,11,13,2,11
1,<environment.Job instance at 0x1532baf9c050>,0,2,[9 2],1,2,4,1,2
1,<environment.Job instance at 0x1532b8d6df00>,1,1,[6 2],2,4,5,2,3
1,<environment.Job instance at 0x1532b021a5f0>,2,1,[10  1],3,5,6,2,5
1,<environment.Job instance at 0x1532b021a550>,5,3,[9 1],9,10,13,1,10
1,<environment.Job instance at 0x15328be34550>,0,3,[10  1],1,1,4,0,1
1,<environment.Job instance at 0x15328be349b0>,2,13,[9 1],6,6,19,0,6
1,<environment.Job instance at 0x15328bbad690>,3,3,[ 1 10],7,19,22,12,7
1,<environment.Job instance at 0x15328be343c0>,4,1,[10  1],8,22,23,14,8
1,<environment.Job instance at 0x15328be34d70>,5,12,[ 1 10],9,23,35,14,9
1,<environment.Job instance at 0x15328be346e0>,3,3,[6 2],7,7,10,0,7
1,<environment.Job instance at 0x1532b3e46eb0>,1,2,[1 5],3,3,5,0,3
1,<environment.Job instance at 0x1532b0355550>,2,1,[9 1],4,4,5,0,4
1,<environment.Job instance at 0x1532b03554b0>,3,2,[10  1],5,5,7,0,5
1,<environment.Job instance at 0x15328b9cbc30>,4,1,[6 2],6,7,8,1,6
1,<environment.Job instance at 0x15328b9cbaa0>,5,12,[2 9],7,8,20,1,7
1,<environment.Job instance at 0x15328b9eb370>,2,1,[5 2],4,4,5,0,4
1,<environment.Job instance at 0x1532b02c42d0>,3,1,[8 1],5,5,6,0,5
1,<environment.Job instance at 0x1532b02c4af0>,4,1,[1 6],6,6,7,0,6
1,<environment.Job instance at 0x1532b02c4230>,5,3,[8 2],7,7,10,0,7
1,<environment.Job instance at 0x1532b02c41e0>,6,3,[6 1],8,71,74,63,71
1,<environment.Job instance at 0x1532a814d3c0>,0,1,[1 8],1,1,2,0,1
1,<environment.Job instance at 0x15328bf1da00>,1,1,[9 1],2,2,3,0,2
1,<environment.Job instance at 0x15328bf1dd20>,3,2,[1 9],4,4,6,0,4
1,<environment.Job instance at 0x1532a814d0a0>,4,2,[2 6],6,6,8,0,6
1,<environment.Job instance at 0x15328bf1d7d0>,5,3,[2 9],7,8,11,1,7
1,<environment.Job instance at 0x1532b0230be0>,1,3,[9 1],2,2,5,0,2
1,<environment.Job instance at 0x15328bf1db40>,3,1,[7 1],5,5,6,0,5
1,<environment.Job instance at 0x1532a831d6e0>,4,1,[1 8],6,7,8,1,7
1,<environment.Job instance at 0x15328bf1dfa0>,5,3,[7 1],7,8,11,1,8
1,<environment.Job instance at 0x15328b9d2730>,1,3,[1 9],2,2,5,0,2
1,<environment.Job instance at 0x15328b9d2d70>,4,2,[1 8],6,6,8,0,6
1,<environment.Job instance at 0x1532b30f4280>,0,2,[9 2],1,1,3,0,1
1,<environment.Job instance at 0x15328b9d2910>,1,2,[6 2],2,3,5,1,3
1,<environment.Job instance at 0x1532a82a8280>,6,3,[10  2],8,8,11,0,8
1,<environment.Job instance at 0x1532a82a8910>,5,2,[1 8],7,12,14,5,12
1,<environment.Job instance at 0x1532a82a8910>,1,3,[1 9],5,5,8,0,5
1,<environment.Job instance at 0x1532b30e04b0>,2,1,[5 1],6,6,7,0,6
1,<environment.Job instance at 0x15328b8ce8c0>,4,1,[2 5],8,20,21,12,20
1,<environment.Job instance at 0x1532b2af9370>,2,1,[10  2],6,6,7,0,6
1,<environment.Job instance at 0x1532b8295be0>,3,12,[2 6],6,6,18,0,6
1,<environment.Job instance at 0x1532b82959b0>,2,3,[9 1],5,18,21,13,6
1,<environment.Job instance at 0x15328bafe730>,0,3,[1 9],3,3,6,0,3
1,<environment.Job instance at 0x1532b324c820>,1,2,[5 2],5,6,8,1,5
1,<environment.Job instance at 0x15328be1c140>,3,13,[7 1],7,8,21,1,7
1,<environment.Job instance at 0x15328bf70280>,4,1,[8 1],8,21,22,13,8
1,<environment.Job instance at 0x1532b015df00>,2,2,[8 1],3,3,5,0,3
1,<environment.Job instance at 0x15328be1cfa0>,3,3,[1 9],4,4,7,0,4
1,<environment.Job instance at 0x1532b30aff00>,4,2,[9 2],6,7,9,1,6
1,<environment.Job instance at 0x1532a80f26e0>,5,14,[9 1],7,9,23,2,7
1,<environment.Job instance at 0x1532a80f2320>,7,1,[8 2],9,23,24,14,9
1,<environment.Job instance at 0x15328bf70910>,1,14,[ 2 10],2,44,58,42,44
1,<environment.Job instance at 0x1532b3b59e60>,0,3,[2 9],1,1,4,0,1
1,<environment.Job instance at 0x1532b3b59f00>,1,3,[8 2],4,4,7,0,4
1,<environment.Job instance at 0x1532b032dfa0>,3,2,[2 9],7,7,9,0,7
1,<environment.Job instance at 0x1532b032d5a0>,4,1,[9 1],8,9,10,1,8
1,<environment.Job instance at 0x1532b005f5f0>,5,3,[7 1],9,10,13,1,9
1,<environment.Job instance at 0x1532b3171140>,0,3,[2 6],1,2,5,1,2
1,<environment.Job instance at 0x1532b005f5f0>,2,1,[10  1],4,5,6,1,4
1,<environment.Job instance at 0x1532b3171be0>,3,1,[2 9],5,6,7,1,5
1,<environment.Job instance at 0x1532b3b68be0>,4,1,[5 2],6,7,8,1,6
1,<environment.Job instance at 0x1532b3b68d20>,5,3,[5 1],7,7,10,0,7
1,<environment.Job instance at 0x1532b3b68f50>,6,2,[2 5],8,8,10,0,8
1,<environment.Job instance at 0x1532b3b68eb0>,7,25,[2 9],9,10,35,1,9
1,<environment.Job instance at 0x1532b005f230>,1,15,[2 9],2,35,50,33,26
1,<environment.Job instance at 0x15328bef08c0>,0,2,[ 1 10],2,2,4,0,2
1,<environment.Job instance at 0x15328bef0820>,1,3,[7 1],3,4,7,1,4
1,<environment.Job instance at 0x1532b8bc48c0>,4,3,[2 5],7,7,10,0,7
1,<environment.Job instance at 0x1532b8bc4050>,3,16,[ 1 10],6,10,26,4,8
1,<environment.Job instance at 0x1532b30cc640>,6,1,[7 2],9,9,10,0,9
1,<environment.Job instance at 0x15328bef0910>,5,18,[1 8],8,26,44,18,24
1,<environment.Job instance at 0x15328ba8e280>,1,1,[2 8],2,2,3,0,2
1,<environment.Job instance at 0x15328ba8e5a0>,3,2,[2 8],7,7,9,0,7
1,<environment.Job instance at 0x1532bae1dd20>,2,3,[1 6],6,6,9,0,6
1,<environment.Job instance at 0x15328bc41d20>,0,1,[6 1],2,3,4,1,3
1,<environment.Job instance at 0x15328bf7edc0>,1,3,[10  1],3,4,7,1,3
1,<environment.Job instance at 0x15328bc41960>,3,2,[1 7],5,7,9,2,5
1,<environment.Job instance at 0x15328be6dc30>,4,2,[10  1],7,9,11,2,8
1,<environment.Job instance at 0x1532a8180410>,0,1,[2 6],2,3,4,1,3
1,<environment.Job instance at 0x1532a8180230>,1,2,[ 2 10],3,4,6,1,4
1,<environment.Job instance at 0x1532a8180320>,3,2,[2 7],5,6,8,1,5
1,<environment.Job instance at 0x15328ba8e500>,5,2,[1 6],7,8,10,1,8
1,<environment.Job instance at 0x15328ba8e500>,3,1,[7 2],8,8,9,0,8
1,<environment.Job instance at 0x15328bfe3960>,4,3,[1 7],9,9,12,0,9
1,<environment.Job instance at 0x15328b8c7f50>,1,2,[9 2],3,3,5,0,3
1,<environment.Job instance at 0x15328b8c7460>,0,2,[1 5],1,3,5,2,3
1,<environment.Job instance at 0x15328b8c7dc0>,2,2,[2 6],5,5,7,0,5
1,<environment.Job instance at 0x15328b8c7eb0>,4,3,[2 6],7,7,10,0,7
1,<environment.Job instance at 0x15328b8c7190>,6,18,[2 5],9,37,55,28,37
1,<environment.Job instance at 0x1532b01f4a50>,1,1,[2 6],2,2,3,0,2
1,<environment.Job instance at 0x1532b01f4140>,2,1,[2 8],4,4,5,0,4
1,<environment.Job instance at 0x1532b01f4eb0>,3,2,[9 2],5,5,7,0,5
1,<environment.Job instance at 0x1532b01f4f00>,4,1,[10  2],6,7,8,1,6
1,<environment.Job instance at 0x1532b01f4e60>,5,3,[10  2],7,8,11,1,7
1,<environment.Job instance at 0x1532b30c6230>,1,1,[2 8],3,3,4,0,3
1,<environment.Job instance at 0x1532b318ba50>,0,1,[8 2],2,4,5,2,4
1,<environment.Job instance at 0x1532b318b640>,3,3,[ 2 10],6,6,9,0,6
1,<environment.Job instance at 0x1532b2f17370>,4,1,[10  1],8,9,10,1,8
1,<environment.Job instance at 0x1532b2f175a0>,5,1,[9 2],9,10,11,1,9
1,<environment.Job instance at 0x1532b2f17550>,1,3,[5 2],3,3,6,0,3
1,<environment.Job instance at 0x15328bf9a370>,4,3,[5 1],9,9,12,0,9
1,<environment.Job instance at 0x15328b9038c0>,0,3,[1 8],1,1,4,0,1
1,<environment.Job instance at 0x15328b903b40>,1,3,[5 2],3,3,6,0,3
1,<environment.Job instance at 0x15328bf9a370>,2,1,[2 9],4,6,7,2,6
1,<environment.Job instance at 0x15328b8fd5a0>,4,2,[1 8],7,7,9,0,7
1,<environment.Job instance at 0x15328b903140>,3,1,[2 8],6,9,10,3,8
1,<environment.Job instance at 0x15328b8fddc0>,6,3,[8 2],9,9,12,0,9
1,<environment.Job instance at 0x15328b8fc6e0>,1,3,[5 1],4,4,7,0,4
1,<environment.Job instance at 0x15328b8fddc0>,3,16,[6 1],6,7,23,1,6
1,<environment.Job instance at 0x1532b0281a50>,0,2,[9 2],2,2,4,0,2
1,<environment.Job instance at 0x1532b3abdd20>,2,1,[10  2],4,4,5,0,4
1,<environment.Job instance at 0x1532b0281c80>,3,2,[6 2],6,7,9,1,7
1,<environment.Job instance at 0x1532b3abd2d0>,5,3,[10  1],9,9,12,0,9
1,<environment.Job instance at 0x1532b826eaa0>,0,2,[ 2 10],1,1,3,0,1
1,<environment.Job instance at 0x1532b826e1e0>,2,3,[1 7],4,4,7,0,4
1,<environment.Job instance at 0x1532b2f66c80>,6,3,[ 1 10],9,9,12,0,9
1,<environment.Job instance at 0x1532b3e795a0>,0,2,[5 1],1,3,5,2,3
1,<environment.Job instance at 0x1532b2f2f280>,1,3,[1 5],3,5,8,2,5
1,<environment.Job instance at 0x1532b2f66960>,4,2,[2 6],7,8,10,1,7
1,<environment.Job instance at 0x1532b8c9cfa0>,6,3,[1 6],9,10,13,1,9
1,<environment.Job instance at 0x1532b8cad780>,0,2,[10  2],1,2,4,1,2
1,<environment.Job instance at 0x1532b8cad6e0>,1,1,[5 1],2,4,5,2,3
1,<environment.Job instance at 0x1532b008b780>,3,1,[9 2],7,7,8,0,7
1,<environment.Job instance at 0x1532b836f280>,1,3,[2 8],3,3,6,0,3
1,<environment.Job instance at 0x1532b836f960>,2,3,[7 1],4,4,7,0,4
1,<environment.Job instance at 0x1532b836f2d0>,0,3,[7 2],2,2,5,0,2
1,<environment.Job instance at 0x1532b17f0be0>,3,2,[ 2 10],7,8,10,1,8
1,<environment.Job instance at 0x1532b3b5f820>,4,18,[1 5],8,32,50,24,32
1,<environment.Job instance at 0x15328bf6ba50>,2,3,[ 2 10],4,4,7,0,4
1,<environment.Job instance at 0x15328bf6b410>,4,1,[ 1 10],7,7,8,0,7
1,<environment.Job instance at 0x15328bf6b5f0>,5,2,[1 7],8,8,10,0,8
1,<environment.Job instance at 0x1532b2f5d550>,6,1,[6 1],9,9,10,0,9
1,<environment.Job instance at 0x1532a83a9b40>,2,1,[7 2],5,5,6,0,5
1,<environment.Job instance at 0x1532a837ab90>,4,3,[2 5],9,11,14,2,11
1,<environment.Job instance at 0x15328bddb190>,1,2,[2 6],3,4,6,1,4
1,<environment.Job instance at 0x1532b006e870>,3,2,[ 2 10],6,6,8,0,6
1,<environment.Job instance at 0x15328b8c8500>,1,17,[6 2],2,2,19,0,2
1,<environment.Job instance at 0x1532b3029e60>,2,2,[10  2],4,19,21,15,4
1,<environment.Job instance at 0x1532b3029d70>,4,3,[7 1],8,21,24,13,8
1,<environment.Job instance at 0x1532b3029d70>,1,2,[7 2],3,3,5,0,3
1,<environment.Job instance at 0x15328bc40e10>,4,16,[7 1],7,7,23,0,7
1,<environment.Job instance at 0x1532b3146550>,3,18,[2 6],5,8,26,3,8
1,<environment.Job instance at 0x1532b3146b40>,5,13,[2 8],8,26,39,18,10
1,<environment.Job instance at 0x1532b3029dc0>,0,2,[2 6],2,2,4,0,2
1,<environment.Job instance at 0x1532b3146910>,1,1,[10  1],3,4,5,1,3
1,<environment.Job instance at 0x15328bf55640>,2,2,[1 8],4,4,6,0,4
1,<environment.Job instance at 0x15328bf555a0>,1,1,[7 2],3,6,7,3,6
1,<environment.Job instance at 0x15328bf55e10>,4,2,[2 6],7,7,9,0,7
1,<environment.Job instance at 0x15328bf55960>,5,3,[1 8],8,9,12,1,8
1,<environment.Job instance at 0x15328bf558c0>,3,14,[2 5],6,12,26,6,9
1,<environment.Job instance at 0x15328b8e82d0>,0,3,[1 6],1,1,4,0,1
1,<environment.Job instance at 0x15328bf55500>,2,3,[7 1],4,4,7,0,4
1,<environment.Job instance at 0x15328b8e8410>,3,3,[1 6],6,6,9,0,6
1,<environment.Job instance at 0x15328b8e89b0>,5,1,[1 6],9,9,10,0,9
1,<environment.Job instance at 0x1532b00558c0>,2,2,[6 2],4,4,6,0,4
1,<environment.Job instance at 0x1532b0055f00>,3,3,[1 6],5,5,8,0,5
1,<environment.Job instance at 0x15328bdf1d20>,6,16,[2 9],8,46,62,38,46
1,<environment.Job instance at 0x15328bdfba00>,0,3,[1 9],1,1,4,0,1
1,<environment.Job instance at 0x15328bdfb960>,1,2,[2 7],3,4,6,1,3
1,<environment.Job instance at 0x1532b8ce4f50>,3,1,[6 2],5,5,6,0,5
1,<environment.Job instance at 0x15328bdfb0a0>,2,3,[5 1],4,6,9,2,6
1,<environment.Job instance at 0x1532b8ce47d0>,4,3,[6 2],7,9,12,2,7
1,<environment.Job instance at 0x1532b8ce4b90>,6,3,[1 9],9,12,15,3,9
1,<environment.Job instance at 0x1532b8ce4aa0>,2,2,[7 2],6,8,10,2,8
1,<environment.Job instance at 0x1532b8ce4d70>,4,1,[9 1],9,10,11,1,9
1,<environment.Job instance at 0x1532b2f747d0>,2,1,[10  1],3,5,6,2,5
1,<environment.Job instance at 0x1532b517bfa0>,6,2,[2 5],8,8,10,0,8
1,<environment.Job instance at 0x1532b6df1410>,1,2,[2 9],2,2,4,0,2
1,<environment.Job instance at 0x15328be6deb0>,3,14,[6 1],5,5,19,0,5
1,<environment.Job instance at 0x15328be6daa0>,4,2,[2 6],6,6,8,0,6
1,<environment.Job instance at 0x15328be6d550>,5,18,[5 2],8,19,37,11,8
1,<environment.Job instance at 0x15328be6dbe0>,6,1,[9 1],9,37,38,28,9
1,<environment.Job instance at 0x15328b9b05f0>,1,16,[6 1],2,2,18,0,2
1,<environment.Job instance at 0x1532b828ef00>,1,3,[1 5],3,3,6,0,3
1,<environment.Job instance at 0x1532b51614b0>,2,3,[2 7],4,6,9,2,5
1,<environment.Job instance at 0x1532b3156280>,4,2,[10  2],7,9,11,2,7
1,<environment.Job instance at 0x15328bfbb960>,5,13,[1 8],8,11,24,3,8
1,<environment.Job instance at 0x15328bfbb820>,6,3,[1 8],9,24,27,15,9
1,<environment.Job instance at 0x1532b3156f50>,3,17,[1 8],5,27,44,22,15
1,<environment.Job instance at 0x1532b0359d70>,3,1,[7 2],4,4,5,0,4
1,<environment.Job instance at 0x15328bfa9280>,4,2,[2 5],7,7,9,0,7
1,<environment.Job instance at 0x15328bfa1370>,6,2,[2 8],9,9,11,0,9
1,<environment.Job instance at 0x1532b51765a0>,0,1,[2 7],2,2,3,0,2
1,<environment.Job instance at 0x1532b5176500>,3,2,[1 9],7,7,9,0,7
1,<environment.Job instance at 0x1532b3069190>,0,2,[2 9],1,1,3,0,1
1,<environment.Job instance at 0x1532b3069fa0>,1,2,[9 1],2,3,5,1,3
1,<environment.Job instance at 0x1532b5176d20>,2,2,[9 1],3,5,7,2,4
1,<environment.Job instance at 0x1532b5176dc0>,3,3,[ 1 10],4,7,10,3,5
1,<environment.Job instance at 0x15328b8df370>,4,3,[1 8],5,15,18,10,15
1,<environment.Job instance at 0x15328b8df460>,1,3,[5 2],4,4,7,0,4
1,<environment.Job instance at 0x15328b8df280>,2,2,[2 9],6,7,9,1,6
1,<environment.Job instance at 0x15328bfaa0f0>,4,3,[5 1],8,8,11,0,8
1,<environment.Job instance at 0x15328bcf4a00>,0,1,[9 1],1,4,5,3,4
1,<environment.Job instance at 0x15328bfaa140>,1,3,[5 1],2,5,8,3,5
1,<environment.Job instance at 0x15328bcf4b40>,3,1,[8 2],5,8,9,3,6
1,<environment.Job instance at 0x1532b31a8820>,4,2,[6 2],7,9,11,2,7
1,<environment.Job instance at 0x15328bfaa1e0>,5,3,[2 8],9,9,12,0,9
1,<environment.Job instance at 0x1532b3a87960>,3,1,[8 1],7,7,8,0,7
1,<environment.Job instance at 0x15328b903460>,0,1,[2 8],2,2,3,0,2
1,<environment.Job instance at 0x15328b9039b0>,3,2,[2 9],6,7,9,1,7
1,<environment.Job instance at 0x15328b903b90>,4,2,[6 2],8,9,11,1,8
1,<environment.Job instance at 0x1532b1834140>,0,1,[2 8],1,1,2,0,1
1,<environment.Job instance at 0x1532b515d910>,2,2,[8 2],3,3,5,0,3
1,<environment.Job instance at 0x1532b515db90>,3,3,[2 8],7,7,10,0,7
1,<environment.Job instance at 0x15328b906dc0>,4,3,[6 2],8,8,11,0,8
1,<environment.Job instance at 0x1532b01df050>,0,3,[ 2 10],1,1,4,0,1
1,<environment.Job instance at 0x15328b9065f0>,3,2,[10  2],4,4,6,0,4
1,<environment.Job instance at 0x1532b3062f00>,4,2,[10  2],5,6,8,1,5
1,<environment.Job instance at 0x1532b2ace370>,2,2,[6 1],3,8,10,5,5
1,<environment.Job instance at 0x1532b3062fa0>,5,3,[8 1],6,10,13,4,6
1,<environment.Job instance at 0x1532b308a5f0>,2,3,[8 2],3,3,6,0,3
1,<environment.Job instance at 0x1532b8338320>,4,2,[2 6],5,5,7,0,5
1,<environment.Job instance at 0x1532b8338cd0>,6,2,[9 1],7,7,9,0,7
1,<environment.Job instance at 0x1532b3af5870>,0,2,[2 5],2,2,4,0,2
1,<environment.Job instance at 0x1532b3af5eb0>,2,2,[1 5],5,5,7,0,5
1,<environment.Job instance at 0x15328bba8820>,1,3,[9 1],4,4,7,0,4
1,<environment.Job instance at 0x1532a81f3aa0>,3,3,[7 1],7,7,10,0,7
1,<environment.Job instance at 0x1532a8163780>,4,2,[ 1 10],8,10,12,2,8
1,<environment.Job instance at 0x1532a818b140>,0,2,[6 2],1,1,3,0,1
1,<environment.Job instance at 0x1532b3bf06e0>,2,3,[10  1],4,4,7,0,4
1,<environment.Job instance at 0x1532b3bf0c30>,3,3,[6 1],6,7,10,1,6
1,<environment.Job instance at 0x1532b8bdc7d0>,0,3,[8 1],2,2,5,0,2
1,<environment.Job instance at 0x1532b3aeb7d0>,2,3,[2 5],4,4,7,0,4
1,<environment.Job instance at 0x1532b3aeb5f0>,3,17,[7 1],5,6,23,1,6
1,<environment.Job instance at 0x1532b3bf09b0>,5,3,[1 9],7,7,10,0,7
1,<environment.Job instance at 0x15328bcb8870>,6,3,[2 7],8,10,13,2,8
1,<environment.Job instance at 0x1532a819b500>,7,3,[ 2 10],9,23,26,14,9
1,<environment.Job instance at 0x1532ba631aa0>,1,2,[2 8],2,2,4,0,2
1,<environment.Job instance at 0x1532b0219b40>,2,3,[ 1 10],4,4,7,0,4
1,<environment.Job instance at 0x1532b3b48870>,3,12,[1 6],5,7,19,2,5
1,<environment.Job instance at 0x1532b1325c30>,5,3,[6 1],7,7,10,0,7
1,<environment.Job instance at 0x15328bd9a960>,1,1,[2 8],2,3,4,1,3
1,<environment.Job instance at 0x15328bd9ac30>,3,3,[7 2],4,4,7,0,4
1,<environment.Job instance at 0x15328bd9a190>,5,17,[1 8],6,66,83,60,66
1,<environment.Job instance at 0x1532b2fcfa50>,6,2,[7 2],7,98,100,91,98
1,<environment.Job instance at 0x1532b2fcf820>,1,3,[10  2],2,2,5,0,2
1,<environment.Job instance at 0x1532b037f8c0>,3,13,[6 2],4,5,18,1,5
1,<environment.Job instance at 0x1532b3c0e550>,4,3,[7 2],5,18,21,13,5
1,<environment.Job instance at 0x1532b2fcf410>,1,1,[8 2],3,3,4,0,3
1,<environment.Job instance at 0x1532b31f7140>,0,1,[1 7],1,3,4,2,3
1,<environment.Job instance at 0x1532b02dfc80>,1,2,[7 1],2,3,5,1,3
1,<environment.Job instance at 0x1532b02dfaf0>,2,3,[7 2],3,5,8,2,4
1,<environment.Job instance at 0x1532b02df410>,4,1,[1 9],5,8,9,3,6
1,<environment.Job instance at 0x1532b02dfd20>,6,1,[6 2],8,30,31,22,30
1,<environment.Job instance at 0x1532b8d15aa0>,1,1,[6 2],4,6,7,2,6
1,<environment.Job instance at 0x1532b1802730>,4,1,[2 6],7,8,9,1,8
1,<environment.Job instance at 0x1532b1802f00>,5,13,[1 6],8,10,23,2,10
1,<environment.Job instance at 0x1532b134feb0>,4,13,[6 2],9,84,97,75,84
1,<environment.Job instance at 0x1532b13222d0>,1,2,[2 6],2,2,4,0,2
1,<environment.Job instance at 0x15328bda9eb0>,2,2,[7 1],3,3,5,0,3
1,<environment.Job instance at 0x1532b3ab6320>,2,1,[1 8],4,5,6,1,5
1,<environment.Job instance at 0x1532b3ed6f00>,6,15,[2 9],8,48,63,40,48
1,<environment.Job instance at 0x15328bda9c30>,2,1,[5 2],5,5,6,0,5
1,<environment.Job instance at 0x15328bfb09b0>,3,1,[2 6],7,7,8,0,7
1,<environment.Job instance at 0x15328bfb0c30>,4,2,[9 2],9,9,11,0,9
1,<environment.Job instance at 0x15328bdc3eb0>,0,1,[10  1],1,1,2,0,1
1,<environment.Job instance at 0x15328bdc3c30>,2,1,[1 7],4,330,331,326,330
1,<environment.Job instance at 0x15328bbd5eb0>,0,3,[6 1],2,2,5,0,2
1,<environment.Job instance at 0x1532b0370c80>,1,1,[1 8],3,4,5,1,4
1,<environment.Job instance at 0x1532b0370780>,3,3,[1 9],6,6,9,0,6
1,<environment.Job instance at 0x1532b01aa280>,4,2,[ 1 10],7,9,11,2,7
1,<environment.Job instance at 0x15328bbd5140>,2,12,[1 7],4,20,32,16,20
1,<environment.Job instance at 0x1532b31ee910>,1,18,[5 1],3,4,22,1,4
1,<environment.Job instance at 0x15328bbd5cd0>,0,2,[10  1],2,22,24,20,4
1,<environment.Job instance at 0x15328ba64aa0>,5,1,[1 6],8,9,10,1,9
1,<environment.Job instance at 0x1532b31eeb40>,2,16,[2 6],4,34,50,30,34
1,<environment.Job instance at 0x15328ba57280>,1,2,[1 9],5,5,7,0,5
1,<environment.Job instance at 0x1532b51802d0>,1,2,[2 6],3,6,8,3,6
1,<environment.Job instance at 0x1532b00e2aa0>,3,2,[5 1],8,9,11,1,9
1,<environment.Job instance at 0x1532b00e2c30>,2,15,[2 8],4,59,74,55,59
1,<environment.Job instance at 0x1532b020e0f0>,1,3,[9 1],3,3,6,0,3
1,<environment.Job instance at 0x1532b00e23c0>,2,13,[7 1],5,6,19,1,5
1,<environment.Job instance at 0x1532a814ffa0>,3,3,[2 9],6,6,9,0,6
1,<environment.Job instance at 0x1532a814f640>,4,3,[1 7],8,9,12,1,8
1,<environment.Job instance at 0x1532b1e8c370>,5,2,[7 1],9,19,21,10,9
1,<environment.Job instance at 0x15328bd88be0>,1,1,[2 6],3,3,4,0,3
1,<environment.Job instance at 0x15328bd88fa0>,3,3,[10  1],6,6,9,0,6
1,<environment.Job instance at 0x15328bd88a00>,4,18,[1 6],7,9,27,2,7
1,<environment.Job instance at 0x1532b3f0f7d0>,0,3,[5 2],2,2,5,0,2
1,<environment.Job instance at 0x15328bb68870>,2,3,[1 8],5,5,8,0,5
1,<environment.Job instance at 0x15328bb68f00>,4,1,[10  1],7,8,9,1,7
1,<environment.Job instance at 0x15328bff76e0>,5,18,[2 8],9,10,28,1,10
1,<environment.Job instance at 0x15328b9c3fa0>,0,1,[ 1 10],1,2,3,1,2
1,<environment.Job instance at 0x15328b9c3780>,2,15,[ 1 10],3,3,18,0,3
1,<environment.Job instance at 0x1532a8278b90>,3,1,[8 2],4,18,19,14,4
1,<environment.Job instance at 0x1532a82780f0>,4,2,[8 2],5,19,21,14,5
1,<environment.Job instance at 0x15328bff76e0>,5,1,[2 8],7,18,19,11,7
1,<environment.Job instance at 0x1532a82786e0>,6,2,[6 1],8,21,23,13,8
1,<environment.Job instance at 0x1532a82780a0>,7,2,[5 1],9,23,25,14,9
1,<environment.Job instance at 0x15328b9c3910>,1,17,[1 9],2,24,41,22,24
1,<environment.Job instance at 0x1532b3028dc0>,1,2,[1 8],2,2,4,0,2
1,<environment.Job instance at 0x1532b3028320>,2,3,[1 5],4,4,7,0,4
1,<environment.Job instance at 0x1532b302d2d0>,3,1,[8 1],5,6,7,1,6
1,<environment.Job instance at 0x1532b302da50>,5,3,[8 1],8,8,11,0,8
1,<environment.Job instance at 0x1532b302d320>,4,2,[ 2 10],6,11,13,5,9
1,<environment.Job instance at 0x1532b30c30f0>,1,3,[2 6],3,3,6,0,3
1,<environment.Job instance at 0x1532b834db40>,4,3,[2 7],6,6,9,0,6
1,<environment.Job instance at 0x15328b8e8aa0>,5,2,[5 1],7,7,9,0,7
1,<environment.Job instance at 0x1532b0334640>,6,1,[2 7],8,9,10,1,8
1,<environment.Job instance at 0x15328bea3fa0>,1,2,[7 2],4,4,6,0,4
1,<environment.Job instance at 0x1532b834d320>,2,2,[2 7],5,6,8,1,6
1,<environment.Job instance at 0x15328bc1daa0>,3,2,[9 1],6,8,10,2,6
1,<environment.Job instance at 0x15328bc1d5f0>,4,1,[6 1],7,7,8,0,7
1,<environment.Job instance at 0x15328bea21e0>,5,3,[9 2],8,10,13,2,8
1,<environment.Job instance at 0x15328bea27d0>,0,2,[2 7],2,2,4,0,2
1,<environment.Job instance at 0x15328bea2370>,1,2,[7 2],3,3,5,0,3
1,<environment.Job instance at 0x15328bea2140>,2,3,[1 9],4,5,8,1,4
1,<environment.Job instance at 0x1532b2fe2c30>,3,1,[5 1],5,5,6,0,5
1,<environment.Job instance at 0x1532b2fe2690>,4,2,[2 8],6,8,10,2,7
1,<environment.Job instance at 0x15328bebdeb0>,7,3,[9 2],9,10,13,1,9
1,<environment.Job instance at 0x15328bea21e0>,5,3,[6 2],7,13,16,6,11
1,<environment.Job instance at 0x15328bb28fa0>,0,3,[1 5],1,1,4,0,1
1,<environment.Job instance at 0x15328bb28b40>,3,2,[8 2],4,4,6,0,4
1,<environment.Job instance at 0x15328bb28b90>,1,2,[10  2],2,2,4,0,2
1,<environment.Job instance at 0x15328bb28910>,2,2,[7 1],3,4,6,1,3
1,<environment.Job instance at 0x15328ba91e60>,3,3,[1 6],4,4,7,0,4
1,<environment.Job instance at 0x1532b320bb40>,4,1,[7 1],5,6,7,1,5
1,<environment.Job instance at 0x15328ba91be0>,5,3,[9 2],7,7,10,0,7
1,<environment.Job instance at 0x1532b0250500>,1,1,[7 1],3,4,5,1,4
1,<environment.Job instance at 0x1532b02504b0>,0,1,[1 9],2,5,6,3,5
1,<environment.Job instance at 0x1532b00a4820>,3,2,[7 1],6,6,8,0,6
1,<environment.Job instance at 0x1532b0250410>,2,2,[9 2],4,9,11,5,9
1,<environment.Job instance at 0x1532b00a4730>,0,2,[5 1],2,2,4,0,2
1,<environment.Job instance at 0x15328bdb6870>,2,17,[2 5],4,4,21,0,4
1,<environment.Job instance at 0x15328bdb6640>,3,3,[ 2 10],5,21,24,16,5
1,<environment.Job instance at 0x1532b0250410>,4,3,[6 2],6,6,9,0,6
1,<environment.Job instance at 0x1532b5180140>,1,1,[9 2],2,2,3,0,2
1,<environment.Job instance at 0x1532b03ad7d0>,2,3,[1 6],3,3,6,0,3
1,<environment.Job instance at 0x1532b51806e0>,3,2,[1 7],5,6,8,1,5
1,<environment.Job instance at 0x1532a83d1780>,4,2,[2 8],6,8,10,2,8
1,<environment.Job instance at 0x1532a83d1460>,6,3,[7 2],9,9,12,0,9
1,<environment.Job instance at 0x1532a83d1cd0>,5,25,[1 7],8,22,47,14,22
1,<environment.Job instance at 0x1532b32041e0>,0,2,[1 6],1,1,3,0,1
1,<environment.Job instance at 0x1532a83d1320>,1,2,[9 1],3,4,6,1,4
1,<environment.Job instance at 0x1532b3204280>,2,3,[1 6],4,4,7,0,4
1,<environment.Job instance at 0x1532b3204a50>,4,3,[1 7],6,7,10,1,6
1,<environment.Job instance at 0x1532b32049b0>,5,2,[ 2 10],7,10,12,3,7
1,<environment.Job instance at 0x1532b3204e10>,6,2,[8 2],8,8,10,0,8
1,<environment.Job instance at 0x1532b32045a0>,7,1,[10  2],9,12,13,3,9
1,<environment.Job instance at 0x15328bb883c0>,1,17,[ 1 10],3,23,40,20,23
1,<environment.Job instance at 0x1532a82824b0>,5,3,[8 2],7,40,43,33,23
1,<environment.Job instance at 0x1532a8282b90>,6,1,[1 8],9,40,41,31,30
1,<environment.Job instance at 0x1532ba65dbe0>,0,3,[9 1],1,1,4,0,1
1,<environment.Job instance at 0x1532a8282370>,4,13,[1 7],8,8,21,0,8
1,<environment.Job instance at 0x15328bedf8c0>,5,14,[2 9],9,21,35,12,9
1,<environment.Job instance at 0x1532a8282320>,3,17,[ 2 10],6,49,66,43,49
1,<environment.Job instance at 0x1532b134a3c0>,1,3,[1 9],3,4,7,1,4
1,<environment.Job instance at 0x15328bb1b230>,2,17,[2 5],4,9,26,5,9
1,<environment.Job instance at 0x15328bff4960>,1,2,[9 1],6,7,9,1,7
1,<environment.Job instance at 0x15328bff4870>,3,2,[1 8],8,8,10,0,8
1,<environment.Job instance at 0x15328bff4cd0>,4,3,[8 2],9,9,12,0,9
1,<environment.Job instance at 0x15328bff40a0>,1,12,[1 9],4,4,16,0,4
1,<environment.Job instance at 0x1532b183d280>,2,3,[10  1],5,16,19,11,5
1,<environment.Job instance at 0x1532b2f63eb0>,4,1,[1 9],7,19,20,12,7
1,<environment.Job instance at 0x1532b183d370>,3,12,[7 2],6,20,32,14,12
1,<environment.Job instance at 0x1532b2f78140>,5,26,[1 6],8,37,63,29,37
1,<environment.Job instance at 0x1532b2f78820>,0,1,[1 7],1,2,3,1,2
1,<environment.Job instance at 0x1532b2f78780>,1,2,[1 7],2,3,5,1,3
1,<environment.Job instance at 0x1532b2f78870>,2,3,[2 9],3,5,8,2,3
1,<environment.Job instance at 0x15328bef05a0>,4,15,[8 1],7,9,24,2,9
1,<environment.Job instance at 0x1532a805c0f0>,0,1,[5 2],3,3,4,0,3
1,<environment.Job instance at 0x1532b3ef00a0>,0,1,[5 2],2,2,3,0,2
1,<environment.Job instance at 0x1532b00f6190>,1,3,[1 9],3,3,6,0,3
1,<environment.Job instance at 0x1532b6df4410>,2,2,[ 1 10],4,6,8,2,4
1,<environment.Job instance at 0x1532b6df4370>,4,3,[5 2],6,8,11,2,7
1,<environment.Job instance at 0x1532b1809d20>,2,3,[9 1],4,4,7,0,4
1,<environment.Job instance at 0x1532b1809dc0>,1,2,[2 9],3,7,9,4,7
1,<environment.Job instance at 0x1532b2f660a0>,3,3,[5 2],7,9,12,2,7
1,<environment.Job instance at 0x1532b2f667d0>,4,3,[5 2],8,9,12,1,8
1,<environment.Job instance at 0x15328bf89c30>,0,2,[2 8],1,2,4,1,2
1,<environment.Job instance at 0x15328bf898c0>,2,2,[2 8],3,4,6,1,3
1,<environment.Job instance at 0x1532b82dcc80>,4,15,[ 1 10],5,6,21,1,5
1,<environment.Job instance at 0x1532b82dcf50>,5,2,[ 1 10],6,21,23,15,6
1,<environment.Job instance at 0x15328bf89780>,1,17,[ 1 10],2,23,40,21,11
1,<environment.Job instance at 0x15328bf26b90>,0,2,[7 2],2,2,4,0,2
1,<environment.Job instance at 0x1532b82dcb40>,1,2,[7 2],3,4,6,1,3
1,<environment.Job instance at 0x1532b6e04410>,4,1,[10  1],7,7,8,0,7
1,<environment.Job instance at 0x1532b8c2e5f0>,0,3,[7 1],1,1,4,0,1
1,<environment.Job instance at 0x15328b937820>,3,2,[10  1],6,6,8,0,6
1,<environment.Job instance at 0x1532badbd910>,0,3,[9 2],2,2,5,0,2
1,<environment.Job instance at 0x1532a8043910>,2,3,[8 2],5,5,8,0,5
1,<environment.Job instance at 0x15328bb96c80>,5,3,[1 6],8,16,19,8,16
1,<environment.Job instance at 0x15328bb96190>,6,1,[10  2],9,82,83,73,82
1,<environment.Job instance at 0x15328bb961e0>,0,1,[10  2],2,2,3,0,2
1,<environment.Job instance at 0x15328bb96460>,1,2,[10  2],3,4,6,1,4
1,<environment.Job instance at 0x1532b3b5f3c0>,3,3,[6 2],6,6,9,0,6
1,<environment.Job instance at 0x1532b3b5fe10>,2,1,[5 2],4,9,10,5,6
1,<environment.Job instance at 0x15328bae4910>,5,18,[2 6],9,9,27,0,9
1,<environment.Job instance at 0x1532b1eaa8c0>,0,3,[2 9],1,2,5,1,2
1,<environment.Job instance at 0x1532b1eaa410>,1,12,[1 6],2,5,17,3,2
1,<environment.Job instance at 0x1532b034d3c0>,1,15,[10  1],2,9,24,7,9
1,<environment.Job instance at 0x1532b009d3c0>,1,1,[1 8],2,27,28,25,27
1,<environment.Job instance at 0x1532b18025f0>,2,3,[7 1],7,7,10,0,7
1,<environment.Job instance at 0x1532b1802230>,1,2,[8 2],6,10,12,4,7
1,<environment.Job instance at 0x1532b1802d70>,1,3,[2 9],2,2,5,0,2
1,<environment.Job instance at 0x1532b8c415f0>,3,13,[1 7],4,5,18,1,4
1,<environment.Job instance at 0x1532a81b3c80>,5,1,[1 9],6,18,19,12,6
1,<environment.Job instance at 0x15328bbbc230>,6,16,[ 1 10],7,19,35,12,7
1,<environment.Job instance at 0x15328bfd55a0>,0,3,[2 5],1,1,4,0,1
1,<environment.Job instance at 0x15328b8aae60>,1,2,[2 9],2,4,6,2,2
1,<environment.Job instance at 0x1532a80d9870>,2,1,[6 1],5,6,7,1,6
1,<environment.Job instance at 0x1532b3127730>,3,2,[10  2],6,7,9,1,6
1,<environment.Job instance at 0x1532b8d1e280>,5,1,[2 5],9,12,13,3,12
1,<environment.Job instance at 0x1532b8d1e140>,0,3,[2 5],1,2,5,1,2
1,<environment.Job instance at 0x1532b8d1e230>,1,2,[7 2],2,2,4,0,2
1,<environment.Job instance at 0x1532a80f95f0>,3,2,[1 9],5,6,8,1,6
1,<environment.Job instance at 0x1532b02b67d0>,4,2,[6 1],7,8,10,1,8
1,<environment.Job instance at 0x15328bc473c0>,0,3,[2 6],1,2,5,1,2
1,<environment.Job instance at 0x15328bc47500>,1,2,[8 1],2,2,4,0,2
1,<environment.Job instance at 0x15328bc479b0>,2,2,[1 6],4,5,7,1,4
1,<environment.Job instance at 0x15328bc47960>,3,1,[6 1],5,9,10,4,9
1,<environment.Job instance at 0x15328bc47c80>,5,2,[9 1],8,10,12,2,10
1,<environment.Job instance at 0x1532b31e1230>,0,2,[2 8],2,2,4,0,2
1,<environment.Job instance at 0x15328bc47910>,1,3,[2 5],3,4,7,1,3
1,<environment.Job instance at 0x15328bf5ee10>,3,2,[8 2],5,5,7,0,5
1,<environment.Job instance at 0x1532b3bbb050>,2,3,[7 2],6,6,9,0,6
1,<environment.Job instance at 0x1532ba24e8c0>,3,3,[ 1 10],7,9,12,2,7
1,<environment.Job instance at 0x1532ba24eeb0>,4,2,[1 8],9,12,14,3,9
1,<environment.Job instance at 0x1532b3bbb0f0>,1,18,[1 6],4,26,44,22,26
1,<environment.Job instance at 0x1532b0062190>,4,2,[7 2],8,8,10,0,8
1,<environment.Job instance at 0x1532b0350b40>,1,1,[5 1],4,10,11,6,8
1,<environment.Job instance at 0x15328b998a00>,2,3,[8 2],5,82,85,77,82
1,<environment.Job instance at 0x1532a80344b0>,0,2,[7 1],1,1,3,0,1
1,<environment.Job instance at 0x1532a8034320>,2,2,[2 9],3,3,5,0,3
1,<environment.Job instance at 0x1532a8034b40>,4,3,[2 7],6,6,9,0,6
1,<environment.Job instance at 0x1532a8034aa0>,6,3,[ 1 10],8,9,12,1,8
1,<environment.Job instance at 0x1532b033c320>,0,3,[ 2 10],1,1,4,0,1
1,<environment.Job instance at 0x1532b033c640>,1,1,[1 6],8,9,10,1,9
1,<environment.Job instance at 0x1532b3bbd820>,0,3,[9 2],2,2,5,0,2
1,<environment.Job instance at 0x1532b00a4910>,1,3,[2 5],3,5,8,2,3
1,<environment.Job instance at 0x15328ba4ca00>,2,3,[1 7],4,8,11,4,4
1,<environment.Job instance at 0x15328ba7bc80>,4,3,[2 9],7,11,14,4,7
1,<environment.Job instance at 0x1532a8299a50>,2,18,[1 6],4,4,22,0,4
1,<environment.Job instance at 0x1532b83116e0>,3,1,[2 9],5,22,23,17,5
1,<environment.Job instance at 0x1532b3edd820>,6,3,[1 8],8,241,244,233,241
1,<environment.Job instance at 0x1532b3ed7140>,0,2,[ 1 10],2,3,5,1,3
1,<environment.Job instance at 0x1532b3ed7190>,1,3,[2 8],3,5,8,2,3
1,<environment.Job instance at 0x1532b8371eb0>,3,2,[9 2],5,8,10,3,5
1,<environment.Job instance at 0x1532b8371fa0>,5,1,[2 7],7,10,11,3,7
1,<environment.Job instance at 0x15328bc43be0>,1,1,[1 5],3,6,7,3,6
1,<environment.Job instance at 0x15328bc43910>,4,1,[1 7],8,14,15,6,14
1,<environment.Job instance at 0x15328bb66410>,0,2,[10  1],4,4,6,0,4
1,<environment.Job instance at 0x15328bb66690>,2,1,[ 2 10],6,6,7,0,6
1,<environment.Job instance at 0x15328be22190>,4,1,[2 9],9,9,10,0,9
1,<environment.Job instance at 0x15328be22190>,2,3,[6 1],8,8,11,0,8
1,<environment.Job instance at 0x1532ba22e370>,0,1,[9 2],1,4,5,3,4
1,<environment.Job instance at 0x1532a81d3690>,3,1,[9 2],5,7,8,2,7
1,<environment.Job instance at 0x1532b3232870>,2,3,[8 2],3,3,6,0,3
1,<environment.Job instance at 0x1532b32326e0>,4,1,[6 2],6,6,7,0,6
1,<environment.Job instance at 0x1532ba661780>,3,18,[2 6],5,6,24,1,6
1,<environment.Job instance at 0x1532b3232e60>,5,12,[ 2 10],8,24,36,16,8
1,<environment.Job instance at 0x1532b3232f50>,6,3,[7 2],9,9,12,0,9
1,<environment.Job instance at 0x1532b3232f50>,2,12,[5 2],6,8,20,2,8
1,<environment.Job instance at 0x1532b8cf2f00>,3,1,[9 1],7,24,25,17,24
1,<environment.Job instance at 0x15328b9c84b0>,0,3,[7 1],3,3,6,0,3
1,<environment.Job instance at 0x15328b9c8280>,3,2,[5 1],7,7,9,0,7
1,<environment.Job instance at 0x1532b182bd20>,4,3,[7 2],9,9,12,0,9
1,<environment.Job instance at 0x15328bfb1550>,0,3,[5 1],1,2,5,1,2
1,<environment.Job instance at 0x1532b182bb40>,1,2,[2 5],3,4,6,1,4
1,<environment.Job instance at 0x1532b182bd20>,4,1,[1 6],7,7,8,0,7
1,<environment.Job instance at 0x15328b9e39b0>,5,2,[2 7],8,8,10,0,8
1,<environment.Job instance at 0x1532b3aa7190>,2,3,[1 8],4,16,19,12,16
1,<environment.Job instance at 0x15328b9db4b0>,0,2,[2 5],2,2,4,0,2
1,<environment.Job instance at 0x1532b0083050>,3,3,[1 5],8,8,11,0,8
1,<environment.Job instance at 0x15328bacab90>,1,2,[10  2],2,4,6,2,4
1,<environment.Job instance at 0x1532b01e15a0>,4,18,[6 2],7,9,27,2,9
1,<environment.Job instance at 0x1532b01e1410>,2,3,[1 7],3,545,548,542,545
1,<environment.Job instance at 0x15328be3a5a0>,0,3,[1 9],1,1,4,0,1
1,<environment.Job instance at 0x1532b01e1410>,2,24,[ 1 10],4,4,28,0,4
1,<environment.Job instance at 0x15328bf3d690>,1,17,[2 6],2,93,110,91,93
1,<environment.Job instance at 0x15328bf3d500>,2,3,[6 1],4,94,97,90,94
1,<environment.Job instance at 0x15328bf3d7d0>,1,3,[1 5],4,4,7,0,4
1,<environment.Job instance at 0x1532b30d4eb0>,2,3,[2 7],5,7,10,2,5
1,<environment.Job instance at 0x1532b30d4b40>,3,1,[2 6],7,10,11,3,7
1,<environment.Job instance at 0x1532b310bb90>,4,1,[1 7],8,11,12,3,8
1,<environment.Job instance at 0x1532b02d1e60>,0,2,[7 1],2,4,6,2,4
1,<environment.Job instance at 0x1532b02d10f0>,3,2,[2 7],5,6,8,1,6
1,<environment.Job instance at 0x1532b02d1640>,6,2,[10  2],8,8,10,0,8
1,<environment.Job instance at 0x1532b8350a00>,7,3,[1 7],9,10,13,1,9
1,<environment.Job instance at 0x1532b02d1c30>,4,1,[6 1],6,48,49,42,48
1,<environment.Job instance at 0x1532b8350550>,1,18,[1 7],4,1187,1205,1183,1187
1,<environment.Job instance at 0x1532b01aca00>,5,1,[9 2],8,1294,1295,1286,1294
1,<environment.Job instance at 0x1532b01acfa0>,6,2,[10  2],9,1306,1308,1297,1306
1,<environment.Job instance at 0x1532b3bf0460>,3,1,[1 8],4,4,5,0,4
1,<environment.Job instance at 0x1532b3ee2500>,4,1,[ 2 10],5,5,6,0,5
1,<environment.Job instance at 0x15328bcf1460>,5,2,[10  1],6,6,8,0,6
1,<environment.Job instance at 0x1532b2f4d370>,6,1,[5 2],7,8,9,1,7
1,<environment.Job instance at 0x1532b2f4da50>,7,3,[9 2],8,9,12,1,8
1,<environment.Job instance at 0x1532b2f4d910>,8,21,[1 6],9,9,30,0,9
1,<environment.Job instance at 0x15328bc31d20>,2,3,[2 8],4,4,7,0,4
1,<environment.Job instance at 0x15328bf6bd20>,3,2,[ 2 10],6,7,9,1,6
1,<environment.Job instance at 0x1532b0112910>,5,3,[7 2],8,9,12,1,8
1,<environment.Job instance at 0x1532b01125a0>,6,3,[2 9],9,12,15,3,10
1,<environment.Job instance at 0x15328ba7b370>,2,2,[9 2],5,5,7,0,5
1,<environment.Job instance at 0x15328be17d70>,1,1,[1 5],2,8,9,6,8
1,<environment.Job instance at 0x15328beecfa0>,5,1,[8 1],9,9,10,0,9
1,<environment.Job instance at 0x1532bae31aa0>,0,2,[6 1],2,2,4,0,2
1,<environment.Job instance at 0x1532bae31640>,1,2,[ 1 10],5,6,8,1,6
1,<environment.Job instance at 0x15328b909190>,3,1,[ 1 10],7,8,9,1,7
1,<environment.Job instance at 0x15328b9099b0>,4,2,[2 7],8,9,11,1,8
1,<environment.Job instance at 0x15328b9095f0>,2,14,[1 6],6,11,25,5,9
1,<environment.Job instance at 0x15328bf61280>,0,2,[9 2],3,3,5,0,3
1,<environment.Job instance at 0x1532b3208cd0>,1,3,[2 7],4,5,8,1,4
1,<environment.Job instance at 0x15328bb61eb0>,2,1,[6 2],5,5,6,0,5
1,<environment.Job instance at 0x1532b30e9640>,2,3,[2 5],3,3,6,0,3
1,<environment.Job instance at 0x1532b30e9190>,3,3,[9 2],4,6,9,2,4
1,<environment.Job instance at 0x1532b30e9a50>,5,3,[10  1],7,9,12,2,7
1,<environment.Job instance at 0x1532a8299f00>,7,1,[5 2],9,12,13,3,9
1,<environment.Job instance at 0x1532b8c5cb90>,1,1,[2 5],2,2,3,0,2
1,<environment.Job instance at 0x1532a8299b90>,2,3,[8 1],3,3,6,0,3
1,<environment.Job instance at 0x1532a8299e10>,3,1,[5 1],5,6,7,1,5
1,<environment.Job instance at 0x15328bc1aa50>,0,1,[10  1],1,1,2,0,1
1,<environment.Job instance at 0x1532b8c5cd70>,3,1,[10  2],8,8,9,0,8
1,<environment.Job instance at 0x1532a81140a0>,0,1,[9 1],1,1,2,0,1
1,<environment.Job instance at 0x1532a81142d0>,1,3,[ 2 10],2,2,5,0,2
1,<environment.Job instance at 0x1532b0258050>,5,3,[1 9],8,8,11,0,8
1,<environment.Job instance at 0x1532b1828a00>,0,3,[9 1],6,6,9,0,6
1,<environment.Job instance at 0x1532b0258320>,1,1,[2 9],7,9,10,2,8
1,<environment.Job instance at 0x1532a827e370>,2,3,[6 1],8,9,12,1,8
1,<environment.Job instance at 0x1532b51763c0>,2,3,[1 7],6,6,9,0,6
1,<environment.Job instance at 0x1532b51765a0>,3,1,[ 1 10],7,9,10,2,7
1,<environment.Job instance at 0x1532b00fef00>,1,2,[2 5],2,3,5,1,3
1,<environment.Job instance at 0x1532b5176d20>,3,13,[6 2],4,4,17,0,4
1,<environment.Job instance at 0x15328bb665f0>,4,1,[9 2],5,17,18,12,5
1,<environment.Job instance at 0x15328bb66f00>,5,1,[10  1],6,18,19,12,9
1,<environment.Job instance at 0x1532b026a690>,1,18,[10  2],2,3,21,1,3
1,<environment.Job instance at 0x1532ba29ea50>,2,2,[10  2],6,6,8,0,6
1,<environment.Job instance at 0x1532a83b2370>,1,3,[2 8],2,3,6,1,3
1,<environment.Job instance at 0x1532a83b20f0>,3,3,[7 2],7,8,11,1,8
1,<environment.Job instance at 0x1532b3aa4a00>,0,2,[2 8],2,2,4,0,2
1,<environment.Job instance at 0x1532a83b21e0>,1,3,[6 2],6,6,9,0,6
1,<environment.Job instance at 0x15328bae4550>,2,2,[2 9],7,9,11,2,7
1,<environment.Job instance at 0x1532a831d870>,1,3,[2 8],2,3,6,1,3
1,<environment.Job instance at 0x1532a831d460>,2,12,[1 7],3,6,18,3,5
1,<environment.Job instance at 0x1532b2f43e60>,0,3,[1 9],3,3,6,0,3
1,<environment.Job instance at 0x15328b8155f0>,1,3,[10  2],4,6,9,2,4
1,<environment.Job instance at 0x1532b9bba960>,2,3,[2 8],5,9,12,4,5
1,<environment.Job instance at 0x1532b30d2fa0>,6,3,[2 9],9,12,15,3,9
1,<environment.Job instance at 0x1532bae26a00>,0,2,[5 2],2,2,4,0,2
1,<environment.Job instance at 0x1532bae26910>,3,1,[7 2],6,7,8,1,7
1,<environment.Job instance at 0x1532bae26f50>,5,2,[ 1 10],8,8,10,0,8
1,<environment.Job instance at 0x1532bae26be0>,6,2,[8 1],9,10,12,1,9
1,<environment.Job instance at 0x1532bae26780>,4,16,[1 6],7,69,85,62,69
1,<environment.Job instance at 0x15328b8e83c0>,0,3,[7 2],1,2,5,1,2
1,<environment.Job instance at 0x1532bae26af0>,3,1,[10  2],8,8,9,0,8
1,<environment.Job instance at 0x15328be7a370>,1,1,[2 6],4,4,5,0,4
1,<environment.Job instance at 0x1532b8242140>,2,2,[2 7],5,5,7,0,5
1,<environment.Job instance at 0x1532b31e1f50>,3,1,[7 2],8,8,9,0,8
1,<environment.Job instance at 0x15328bdc4230>,4,1,[8 2],9,9,10,0,9
1,<environment.Job instance at 0x15328bd1c550>,0,1,[10  1],1,3,4,2,3
1,<environment.Job instance at 0x15328ba6d280>,1,1,[1 5],3,4,5,1,4
1,<environment.Job instance at 0x15328b8d2320>,2,1,[8 2],7,7,8,0,7
1,<environment.Job instance at 0x15328bf8dd20>,3,1,[8 1],8,9,10,1,9
1,<environment.Job instance at 0x1532a806bb40>,4,15,[2 6],9,15,30,6,15
1,<environment.Job instance at 0x1532a80745a0>,1,3,[2 7],3,3,6,0,3
1,<environment.Job instance at 0x1532a8074500>,3,1,[6 2],7,7,8,0,7
1,<environment.Job instance at 0x15328bc49960>,4,1,[10  1],8,8,9,0,8
1,<environment.Job instance at 0x15328b99d0a0>,5,3,[9 1],9,9,12,0,9
1,<environment.Job instance at 0x1532b17e6d70>,3,2,[1 8],7,7,9,0,7
1,<environment.Job instance at 0x1532b17e60f0>,5,1,[8 2],9,9,10,0,9
1,<environment.Job instance at 0x15328bf4e410>,3,3,[8 2],7,7,10,0,7
1,<environment.Job instance at 0x15328bf4eb90>,4,1,[2 6],9,9,10,0,9
1,<environment.Job instance at 0x15328beec050>,0,3,[1 8],1,1,4,0,1
1,<environment.Job instance at 0x1532b8314050>,1,3,[1 5],3,4,7,1,3
1,<environment.Job instance at 0x15328beec730>,2,3,[6 2],4,4,7,0,4
1,<environment.Job instance at 0x15328beec2d0>,5,2,[2 6],8,8,10,0,8
1,<environment.Job instance at 0x15328beec410>,6,2,[8 2],9,9,11,0,9
1,<environment.Job instance at 0x15328bb976e0>,0,1,[1 7],2,2,3,0,2
1,<environment.Job instance at 0x15328bb97be0>,3,2,[6 1],6,6,8,0,6
1,<environment.Job instance at 0x1532b3a6fb40>,4,2,[2 6],7,7,9,0,7
1,<environment.Job instance at 0x15328bb00eb0>,0,3,[ 1 10],2,2,5,0,2
1,<environment.Job instance at 0x1532bae93f50>,1,2,[ 1 10],3,5,7,2,4
1,<environment.Job instance at 0x15328bb00190>,2,2,[2 6],4,7,9,3,7
1,<environment.Job instance at 0x15328bc78be0>,4,3,[5 2],7,8,11,1,8
1,<environment.Job instance at 0x1532a81812d0>,1,3,[8 2],3,3,6,0,3
1,<environment.Job instance at 0x1532a8181b40>,2,3,[7 1],4,6,9,2,4
1,<environment.Job instance at 0x1532a81814b0>,3,2,[10  1],6,9,11,3,6
1,<environment.Job instance at 0x1532a8181a00>,4,3,[5 1],7,11,14,4,7
1,<environment.Job instance at 0x1532a8181fa0>,5,2,[10  2],8,14,16,6,8
1,<environment.Job instance at 0x1532a8181e10>,6,12,[1 7],9,16,28,7,13
1,<environment.Job instance at 0x1532a8081cd0>,0,1,[1 9],3,3,4,0,3
1,<environment.Job instance at 0x1532a8081280>,1,2,[1 5],5,5,7,0,5
1,<environment.Job instance at 0x1532a8081c30>,2,2,[8 1],6,6,8,0,6
1,<environment.Job instance at 0x1532b302df50>,4,3,[8 2],8,8,11,0,8
1,<environment.Job instance at 0x15328b96b640>,5,3,[2 6],9,9,12,0,9
1,<environment.Job instance at 0x1532b1834780>,1,3,[10  2],4,4,7,0,4
1,<environment.Job instance at 0x15328b96b640>,3,1,[6 1],8,8,9,0,8
1,<environment.Job instance at 0x15328b906960>,1,2,[5 2],3,3,5,0,3
1,<environment.Job instance at 0x1532b3030410>,2,3,[ 2 10],5,5,8,0,5
1,<environment.Job instance at 0x1532b6df15a0>,0,3,[7 2],1,1,4,0,1
1,<environment.Job instance at 0x1532b6df1050>,3,2,[ 1 10],4,4,6,0,4
1,<environment.Job instance at 0x1532b6df1b90>,4,1,[7 2],6,6,7,0,6
1,<environment.Job instance at 0x1532b6df1d70>,5,3,[9 2],8,8,11,0,8
1,<environment.Job instance at 0x1532b3030c80>,1,17,[2 6],2,11,28,9,9
1,<environment.Job instance at 0x1532b6df1dc0>,6,16,[1 8],9,28,44,19,15
1,<environment.Job instance at 0x15328b906370>,1,1,[8 2],2,3,4,1,3
1,<environment.Job instance at 0x1532b3e7e690>,3,3,[2 5],5,13,16,8,13
1,<environment.Job instance at 0x15328ba5aa50>,0,3,[8 1],1,1,4,0,1
1,<environment.Job instance at 0x15328bbf6b90>,0,3,[1 5],1,1,4,0,1
1,<environment.Job instance at 0x15328bbf60a0>,2,2,[1 6],3,4,6,1,3
1,<environment.Job instance at 0x1532b017a910>,4,1,[8 2],5,5,6,0,5
1,<environment.Job instance at 0x1532b1352eb0>,5,3,[1 5],6,7,10,1,7
1,<environment.Job instance at 0x1532b3a89780>,7,3,[ 1 10],8,10,13,2,8
1,<environment.Job instance at 0x1532b3a7e320>,8,2,[1 9],9,13,15,4,9
1,<environment.Job instance at 0x1532a821de60>,2,3,[1 9],3,3,6,0,3
1,<environment.Job instance at 0x1532b3a897d0>,3,1,[1 9],5,6,7,1,5
1,<environment.Job instance at 0x1532a821d690>,4,3,[6 1],6,6,9,0,6
1,<environment.Job instance at 0x1532b8cae820>,0,2,[8 2],1,1,3,0,1
1,<environment.Job instance at 0x1532b8cae460>,2,2,[1 7],3,9,11,6,9
1,<environment.Job instance at 0x1532b3ba26e0>,3,1,[8 1],6,215,216,209,215
1,<environment.Job instance at 0x1532b0359a50>,1,1,[7 1],2,2,3,0,2
1,<environment.Job instance at 0x1532b8c1b910>,2,2,[9 1],3,3,5,0,3
1,<environment.Job instance at 0x15328bec1c30>,4,2,[6 2],8,8,10,0,8
1,<environment.Job instance at 0x1532b009df00>,0,1,[1 6],3,3,4,0,3
1,<environment.Job instance at 0x15328bf98140>,0,1,[10  1],1,2,3,1,2
1,<environment.Job instance at 0x15328bfb0500>,2,2,[2 7],3,3,5,0,3
1,<environment.Job instance at 0x15328bfb05a0>,3,1,[6 2],4,4,5,0,4
1,<environment.Job instance at 0x15328bf98050>,1,14,[1 5],2,6,20,4,6
1,<environment.Job instance at 0x15328bfb02d0>,6,2,[5 1],8,8,10,0,8
1,<environment.Job instance at 0x1532a835e2d0>,0,3,[9 1],1,1,4,0,1
1,<environment.Job instance at 0x1532b515d780>,5,2,[1 9],7,7,9,0,7
1,<environment.Job instance at 0x1532a835e820>,2,1,[ 1 10],4,12,13,8,12
1,<environment.Job instance at 0x1532b515de10>,1,1,[7 2],5,5,6,0,5
1,<environment.Job instance at 0x1532b3acb730>,2,2,[2 9],8,8,10,0,8
1,<environment.Job instance at 0x15328bed47d0>,1,2,[1 6],2,733,735,731,733
1,<environment.Job instance at 0x15328bed4550>,5,3,[2 5],7,1663,1666,1656,1663
1,<environment.Job instance at 0x15328bed4230>,6,1,[2 9],8,1829,1830,1821,1829
1,<environment.Job instance at 0x1532a829c690>,1,3,[5 1],3,4,7,1,4
1,<environment.Job instance at 0x15328bc6faf0>,3,1,[1 5],7,7,8,0,7
1,<environment.Job instance at 0x15328bc6f870>,1,3,[10  2],4,5,8,1,5
1,<environment.Job instance at 0x1532b3e2c230>,0,3,[7 2],1,1,4,0,1
1,<environment.Job instance at 0x1532b3e2caf0>,3,2,[10  1],4,4,6,0,4
1,<environment.Job instance at 0x1532b3afe460>,2,2,[7 2],3,6,8,3,4
1,<environment.Job instance at 0x1532b3afeaf0>,5,2,[1 7],6,6,8,0,6
1,<environment.Job instance at 0x1532b3afec80>,6,2,[1 9],7,8,10,1,7
1,<environment.Job instance at 0x1532b3afeb90>,7,1,[7 1],9,9,10,0,9
1,<environment.Job instance at 0x1532b3baf550>,1,2,[6 2],2,2,4,0,2
1,<environment.Job instance at 0x15328bd85a00>,2,1,[5 2],3,4,5,1,3
1,<environment.Job instance at 0x1532b3bafb90>,3,3,[8 1],4,5,8,1,4
1,<environment.Job instance at 0x1532b305c280>,4,1,[2 6],5,5,6,0,5
1,<environment.Job instance at 0x1532bae99960>,6,27,[8 2],8,8,35,0,8
1,<environment.Job instance at 0x1532b3aefd20>,7,15,[2 8],9,9,24,0,9
1,<environment.Job instance at 0x1532a82a4c30>,0,2,[2 6],3,3,5,0,3
1,<environment.Job instance at 0x1532b0308410>,1,2,[8 1],3,3,5,0,3
1,<environment.Job instance at 0x1532b03084b0>,2,3,[10  2],5,5,8,0,5
1,<environment.Job instance at 0x1532a823fc80>,4,2,[6 1],7,8,10,1,7
1,<environment.Job instance at 0x1532a823f2d0>,2,1,[6 1],3,3,4,0,3
1,<environment.Job instance at 0x1532b8d06140>,3,12,[8 2],4,5,17,1,5
1,<environment.Job instance at 0x1532b8d06d20>,5,2,[9 2],6,17,19,11,8
1,<environment.Job instance at 0x1532b8d06640>,8,3,[7 1],9,19,22,10,11
1,<environment.Job instance at 0x1532b8d062d0>,4,3,[ 1 10],5,480,483,475,480
1,<environment.Job instance at 0x15328b834b90>,0,1,[5 1],2,2,3,0,2
1,<environment.Job instance at 0x1532b3eedf00>,2,1,[6 2],4,4,5,0,4
1,<environment.Job instance at 0x1532b3eed0f0>,3,3,[10  2],5,5,8,0,5
1,<environment.Job instance at 0x1532a823fdc0>,4,3,[2 8],6,8,11,2,6
1,<environment.Job instance at 0x15328bde5fa0>,5,3,[7 1],7,8,11,1,7
1,<environment.Job instance at 0x15328bde5f00>,6,3,[1 5],8,11,14,3,8
1,<environment.Job instance at 0x15328bdee5f0>,1,3,[10  2],3,3,6,0,3
1,<environment.Job instance at 0x15328bef5a00>,2,2,[8 1],6,6,8,0,6
1,<environment.Job instance at 0x15328bd8c0a0>,3,3,[6 1],7,9,12,2,9
1,<environment.Job instance at 0x15328bef5320>,4,13,[1 8],8,36,49,28,36
1,<environment.Job instance at 0x15328bdee550>,1,3,[9 2],2,2,5,0,2
1,<environment.Job instance at 0x1532b2f54050>,3,15,[9 2],5,5,20,0,5
1,<environment.Job instance at 0x1532a83c9190>,1,1,[6 1],2,2,3,0,2
1,<environment.Job instance at 0x1532b2fc9460>,2,3,[6 1],4,4,7,0,4
1,<environment.Job instance at 0x15328bd07550>,3,1,[1 6],5,5,6,0,5
1,<environment.Job instance at 0x15328bd07cd0>,4,2,[6 1],6,7,9,1,6
1,<environment.Job instance at 0x15328bd07c80>,6,3,[9 1],8,9,12,1,8
1,<environment.Job instance at 0x15328ba4dc80>,1,2,[7 2],2,2,4,0,2
1,<environment.Job instance at 0x15328ba4d960>,3,2,[5 2],5,5,7,0,5
1,<environment.Job instance at 0x1532a8367be0>,4,1,[1 5],6,6,7,0,6
1,<environment.Job instance at 0x1532b31e1a50>,5,1,[5 1],8,8,9,0,8
1,<environment.Job instance at 0x1532a8367730>,6,3,[2 9],9,9,12,0,9
1,<environment.Job instance at 0x1532b3e2f500>,0,3,[6 1],1,1,4,0,1
1,<environment.Job instance at 0x1532b3e2fe10>,1,3,[2 5],2,2,5,0,2
1,<environment.Job instance at 0x1532a8127230>,3,2,[6 1],6,6,8,0,6
1,<environment.Job instance at 0x1532a8127aa0>,5,1,[ 2 10],8,9,10,1,9
1,<environment.Job instance at 0x15328bbeab40>,6,14,[1 9],9,10,24,1,10
1,<environment.Job instance at 0x1532b17c50f0>,5,2,[2 5],6,6,8,0,6
1,<environment.Job instance at 0x1532b17c5d70>,6,1,[1 7],7,8,9,1,7
1,<environment.Job instance at 0x1532b17a52d0>,0,3,[2 7],1,2,5,1,2
1,<environment.Job instance at 0x1532b17a5230>,2,3,[2 6],4,5,8,1,4
1,<environment.Job instance at 0x1532b032ff50>,3,3,[5 1],5,5,8,0,5
1,<environment.Job instance at 0x1532b032f460>,1,1,[6 2],3,8,9,5,7
1,<environment.Job instance at 0x1532b032f870>,4,18,[1 6],7,24,42,17,24
1,<environment.Job instance at 0x1532a838ad70>,0,2,[1 7],1,1,3,0,1
1,<environment.Job instance at 0x1532a838a370>,1,1,[5 2],3,4,5,1,4
1,<environment.Job instance at 0x1532a838afa0>,3,1,[7 1],7,7,8,0,7
1,<environment.Job instance at 0x1532a838a140>,2,21,[1 6],4,9,30,5,9
1,<environment.Job instance at 0x1532a838a280>,0,2,[10  2],2,3,5,1,3
1,<environment.Job instance at 0x15328b852eb0>,3,3,[6 1],5,5,8,0,5
1,<environment.Job instance at 0x1532a838a9b0>,4,2,[5 2],7,8,10,1,7
1,<environment.Job instance at 0x1532b02d1d20>,2,3,[6 2],7,7,10,0,7
1,<environment.Job instance at 0x1532b02d1be0>,1,3,[2 8],4,4,7,0,4
1,<environment.Job instance at 0x1532b17c53c0>,2,2,[2 8],6,7,9,1,6
1,<environment.Job instance at 0x15328b84ba50>,0,3,[1 7],2,2,5,0,2
1,<environment.Job instance at 0x1532b3a6eb40>,0,1,[7 2],1,1,2,0,1
1,<environment.Job instance at 0x1532b3a6e0f0>,1,3,[2 5],2,2,5,0,2
1,<environment.Job instance at 0x1532baf361e0>,2,3,[10  2],3,5,8,2,3
1,<environment.Job instance at 0x1532b3a6ec30>,3,3,[5 2],4,8,11,4,4
1,<environment.Job instance at 0x1532baf36320>,6,1,[10  1],8,11,12,3,8
1,<environment.Job instance at 0x1532b0069640>,0,3,[8 1],1,1,4,0,1
1,<environment.Job instance at 0x1532b8c1b410>,1,1,[ 1 10],2,4,5,2,3
1,<environment.Job instance at 0x1532b8c1b7d0>,3,15,[1 9],4,5,20,1,4
1,<environment.Job instance at 0x1532b2f32370>,4,2,[2 6],5,20,22,15,5
1,<environment.Job instance at 0x15328bb24730>,5,2,[8 2],6,20,22,14,6
1,<environment.Job instance at 0x1532b3b74be0>,2,17,[1 7],3,39,56,36,39
1,<environment.Job instance at 0x1532b8ce5690>,0,1,[1 8],1,4,5,3,4
1,<environment.Job instance at 0x1532b033bbe0>,3,3,[2 8],6,6,9,0,6
1,<environment.Job instance at 0x1532b2fdabe0>,1,1,[1 8],3,9,10,6,8
1,<environment.Job instance at 0x1532b8c1b870>,4,3,[10  1],8,10,13,2,8
1,<environment.Job instance at 0x1532b3aaf500>,0,3,[7 2],1,1,4,0,1
1,<environment.Job instance at 0x15328bd85af0>,4,2,[5 2],8,8,10,0,8
1,<environment.Job instance at 0x15328b9ce3c0>,2,15,[10  1],3,6,21,3,6
1,<environment.Job instance at 0x15328bcee5f0>,2,2,[2 7],8,9,11,1,9
1,<environment.Job instance at 0x1532b8c17550>,1,2,[1 7],3,4,6,1,4
1,<environment.Job instance at 0x1532b8c17aa0>,3,1,[10  1],5,6,7,1,5
1,<environment.Job instance at 0x1532b8c17500>,5,12,[8 1],8,8,20,0,8
1,<environment.Job instance at 0x1532b8c17500>,1,2,[10  1],6,6,8,0,6
1,<environment.Job instance at 0x1532b837c820>,3,2,[9 2],8,8,10,0,8
1,<environment.Job instance at 0x1532b3f0f460>,0,2,[2 8],2,2,4,0,2
1,<environment.Job instance at 0x1532b3f0fe60>,1,3,[1 7],3,4,7,1,4
1,<environment.Job instance at 0x1532a805f5a0>,2,3,[8 2],5,5,8,0,5
1,<environment.Job instance at 0x1532b3f0f370>,4,26,[ 1 10],8,8,34,0,8
1,<environment.Job instance at 0x1532a8034dc0>,1,2,[6 2],2,2,4,0,2
1,<environment.Job instance at 0x1532a80348c0>,2,3,[9 2],3,4,7,1,3
1,<environment.Job instance at 0x1532a8034780>,4,3,[5 2],6,7,10,1,6
1,<environment.Job instance at 0x1532a80422d0>,1,27,[ 1 10],3,31,58,28,31
1,<environment.Job instance at 0x15328bd15b90>,5,1,[10  1],9,58,59,49,31
1,<environment.Job instance at 0x1532b82dd320>,0,3,[8 1],2,2,5,0,2
1,<environment.Job instance at 0x1532a83b67d0>,2,2,[10  1],6,6,8,0,6
1,<environment.Job instance at 0x1532b18080a0>,1,1,[8 1],3,3,4,0,3
1,<environment.Job instance at 0x1532b18082d0>,2,15,[2 6],5,59,74,54,59
1,<environment.Job instance at 0x15328b8e8190>,1,1,[5 2],3,3,4,0,3
1,<environment.Job instance at 0x1532b132e550>,3,17,[9 1],6,6,23,0,6
1,<environment.Job instance at 0x1532a81d32d0>,2,3,[5 2],6,6,9,0,6
1,<environment.Job instance at 0x1532a80e1780>,3,3,[2 7],7,7,10,0,7
1,<environment.Job instance at 0x15328bf7ef00>,4,2,[2 9],8,10,12,2,8
1,<environment.Job instance at 0x15328bf7eeb0>,5,2,[2 9],9,12,14,3,10
1,<environment.Job instance at 0x1532b2f59320>,0,2,[5 2],2,3,5,1,3
1,<environment.Job instance at 0x1532b2f59b40>,1,15,[1 6],3,69,84,66,69
1,<environment.Job instance at 0x15328ba6d050>,0,3,[7 1],3,4,7,1,4
1,<environment.Job instance at 0x1532b021a2d0>,2,1,[1 5],5,6,7,1,6
1,<environment.Job instance at 0x1532b021a730>,1,1,[2 6],4,10,11,6,10
1,<environment.Job instance at 0x1532b3145f00>,6,3,[6 2],9,10,13,1,10
1,<environment.Job instance at 0x1532a83df410>,1,1,[9 2],7,7,8,0,7
1,<environment.Job instance at 0x1532a83dfd70>,1,1,[1 7],2,2,3,0,2
1,<environment.Job instance at 0x1532a83dfc80>,2,3,[7 2],3,3,6,0,3
1,<environment.Job instance at 0x1532a83dfa50>,3,1,[9 1],5,6,7,1,5
1,<environment.Job instance at 0x15328beec7d0>,4,14,[1 7],6,7,21,1,7
1,<environment.Job instance at 0x15328beb0820>,0,2,[9 1],4,4,6,0,4
1,<environment.Job instance at 0x15328beb0d20>,2,1,[6 1],7,7,8,0,7
1,<environment.Job instance at 0x1532b01776e0>,0,2,[ 1 10],1,2,4,1,2
1,<environment.Job instance at 0x1532b8c0f370>,1,1,[9 1],4,4,5,0,4
1,<environment.Job instance at 0x1532b0177500>,2,3,[1 9],6,7,10,1,7
1,<environment.Job instance at 0x1532b01498c0>,1,1,[1 6],2,2,3,0,2
1,<environment.Job instance at 0x1532b0149550>,2,12,[7 2],3,3,15,0,3
1,<environment.Job instance at 0x15328bf21c80>,4,2,[8 1],8,15,17,7,8
1,<environment.Job instance at 0x15328bf21b40>,5,14,[2 8],9,9,23,0,9
1,<environment.Job instance at 0x15328be533c0>,1,20,[10  1],2,2,22,0,2
1,<environment.Job instance at 0x15328bef0870>,2,3,[1 6],3,22,25,19,4
1,<environment.Job instance at 0x15328bef05f0>,3,3,[8 1],5,22,25,17,5
1,<environment.Job instance at 0x1532b82cb0f0>,1,1,[2 8],5,5,6,0,5
1,<environment.Job instance at 0x1532b82cb140>,2,2,[2 7],7,7,9,0,7
1,<environment.Job instance at 0x15328bef0b40>,4,14,[7 1],9,9,23,0,9
1,<environment.Job instance at 0x15328be2d870>,0,1,[5 1],1,2,3,1,2
1,<environment.Job instance at 0x1532a8283500>,3,3,[2 5],4,4,7,0,4
1,<environment.Job instance at 0x15328be2d3c0>,4,3,[10  1],6,7,10,1,6
1,<environment.Job instance at 0x15328be2d0a0>,1,25,[1 6],2,10,35,8,7
1,<environment.Job instance at 0x1532a8283820>,6,1,[2 9],8,35,36,27,8
1,<environment.Job instance at 0x15328bb73f50>,0,2,[5 2],1,1,3,0,1
1,<environment.Job instance at 0x15328bb73fa0>,2,3,[9 1],5,5,8,0,5
1,<environment.Job instance at 0x1532b30024b0>,1,18,[6 2],2,2,20,0,2
1,<environment.Job instance at 0x1532b3002140>,3,3,[1 6],5,5,8,0,5
1,<environment.Job instance at 0x1532b3002eb0>,4,3,[ 2 10],6,20,23,14,6
1,<environment.Job instance at 0x1532b3002f00>,0,3,[6 2],3,3,6,0,3
1,<environment.Job instance at 0x1532b3c0d050>,3,3,[2 7],9,9,12,0,9
1,<environment.Job instance at 0x1532b3e8a820>,0,1,[5 2],1,1,2,0,1
1,<environment.Job instance at 0x15328ba6d3c0>,4,1,[1 6],9,10,11,1,10
1,<environment.Job instance at 0x1532b036a500>,0,3,[6 2],1,1,4,0,1
1,<environment.Job instance at 0x1532b02d14b0>,1,3,[1 5],3,4,7,1,4
1,<environment.Job instance at 0x1532b0325c30>,3,3,[9 2],5,5,8,0,5
1,<environment.Job instance at 0x1532b01dbc80>,5,1,[10  2],7,8,9,1,7
1,<environment.Job instance at 0x1532a809feb0>,2,15,[2 5],4,9,24,5,9
1,<environment.Job instance at 0x1532b01f67d0>,1,3,[10  2],2,2,5,0,2
1,<environment.Job instance at 0x1532a809f3c0>,2,2,[8 2],3,5,7,2,4
1,<environment.Job instance at 0x15328bcda500>,4,12,[10  1],8,8,20,0,8
1,<environment.Job instance at 0x15328bcdaf00>,5,2,[9 1],9,20,22,11,9
1,<environment.Job instance at 0x1532a810a960>,0,2,[5 2],1,1,3,0,1
1,<environment.Job instance at 0x15328bda9960>,2,3,[6 2],3,3,6,0,3
1,<environment.Job instance at 0x1532b3177be0>,4,1,[9 2],6,6,7,0,6
1,<environment.Job instance at 0x1532a810a690>,1,3,[10  2],2,2,5,0,2
1,<environment.Job instance at 0x15328b8a0a00>,0,2,[2 7],1,5,7,4,3
1,<environment.Job instance at 0x15328b8a0140>,2,1,[6 1],3,7,8,4,7
1,<environment.Job instance at 0x1532b3204af0>,0,3,[7 2],1,1,4,0,1
1,<environment.Job instance at 0x1532a832b280>,3,2,[6 1],7,7,9,0,7
1,<environment.Job instance at 0x1532a832b960>,4,2,[8 1],9,9,11,0,9
1,<environment.Job instance at 0x1532a832b320>,1,3,[2 8],4,4,7,0,4
1,<environment.Job instance at 0x1532b8314320>,4,3,[10  1],8,8,11,0,8
1,<environment.Job instance at 0x1532b8314140>,5,2,[8 2],9,11,13,2,10
1,<environment.Job instance at 0x1532a832b5f0>,3,2,[2 6],7,16,18,9,16
1,<environment.Job instance at 0x1532a832b370>,1,14,[1 5],4,6,20,2,6
1,<environment.Job instance at 0x15328b8df140>,3,2,[1 7],9,20,22,11,9
1,<environment.Job instance at 0x15328b8dfc30>,1,2,[2 8],4,5,7,1,5
1,<environment.Job instance at 0x15328b8dfaf0>,2,3,[6 1],7,7,10,0,7
1,<environment.Job instance at 0x1532b8260370>,3,2,[ 1 10],8,11,13,3,11
1,<environment.Job instance at 0x1532b1e859b0>,1,13,[2 9],4,4,17,0,4
1,<environment.Job instance at 0x1532b1e85f50>,3,3,[9 2],7,17,20,10,7
1,<environment.Job instance at 0x1532b03b69b0>,2,1,[5 2],4,4,5,0,4
1,<environment.Job instance at 0x1532b1e85870>,3,21,[2 7],5,5,26,0,5
1,<environment.Job instance at 0x1532a8367be0>,2,2,[2 5],3,3,5,0,3
1,<environment.Job instance at 0x1532a8367370>,1,13,[1 7],2,16,29,14,16
1,<environment.Job instance at 0x15328bb54370>,5,3,[6 1],7,17,20,10,17
1,<environment.Job instance at 0x1532a823c960>,0,1,[8 2],1,1,2,0,1
1,<environment.Job instance at 0x15328bb543c0>,1,3,[10  2],2,2,5,0,2
1,<environment.Job instance at 0x1532a8367550>,2,2,[9 2],4,5,7,1,4
1,<environment.Job instance at 0x1532b1322f50>,0,1,[8 1],1,2,3,1,2
1,<environment.Job instance at 0x1532b1322550>,3,3,[ 1 10],6,6,9,0,6
1,<environment.Job instance at 0x1532b13223c0>,4,2,[10  2],7,9,11,2,7
1,<environment.Job instance at 0x1532b1322410>,5,2,[8 1],8,11,13,3,8
1,<environment.Job instance at 0x15328bee70f0>,6,2,[1 7],9,11,13,2,9
1,<environment.Job instance at 0x1532b1322370>,1,3,[1 6],2,13,16,11,9
1,<environment.Job instance at 0x15328bee79b0>,0,2,[7 1],2,3,5,1,3
1,<environment.Job instance at 0x1532b00df280>,1,2,[6 1],3,5,7,2,3
1,<environment.Job instance at 0x1532b00df960>,2,3,[7 1],6,7,10,1,6
1,<environment.Job instance at 0x1532b1322370>,3,3,[2 8],8,8,11,0,8
1,<environment.Job instance at 0x1532b8cc0d20>,1,1,[1 6],4,4,5,0,4
1,<environment.Job instance at 0x1532b8cc0f00>,2,2,[10  1],6,6,8,0,6
1,<environment.Job instance at 0x1532b0341c30>,1,2,[5 1],4,4,6,0,4
1,<environment.Job instance at 0x1532b0341320>,2,3,[10  2],5,6,9,1,5
1,<environment.Job instance at 0x1532baf68be0>,3,1,[1 7],6,9,10,3,6
1,<environment.Job instance at 0x1532baf68370>,4,1,[10  2],7,10,11,3,7
1,<environment.Job instance at 0x1532b0341e10>,5,2,[1 7],8,11,13,3,8
1,<environment.Job instance at 0x1532b8d386e0>,6,2,[ 2 10],9,13,15,4,9
1,<environment.Job instance at 0x1532b6dd6140>,0,3,[2 9],3,3,6,0,3
1,<environment.Job instance at 0x1532b6dd66e0>,2,15,[2 6],6,6,21,0,6
1,<environment.Job instance at 0x1532b3b5faa0>,3,1,[9 2],8,21,22,13,8
1,<environment.Job instance at 0x1532b3b5f960>,4,2,[ 2 10],9,22,24,13,10
1,<environment.Job instance at 0x1532b3e90280>,0,3,[1 7],1,1,4,0,1
1,<environment.Job instance at 0x1532b031adc0>,1,3,[9 2],2,2,5,0,2
1,<environment.Job instance at 0x1532a82c6050>,2,1,[2 8],3,5,6,2,3
1,<environment.Job instance at 0x1532b3b5f960>,4,3,[8 1],6,8,11,2,8
1,<environment.Job instance at 0x1532b8345870>,5,1,[6 1],7,11,12,4,9
1,<environment.Job instance at 0x1532b83673c0>,0,3,[6 1],1,1,4,0,1
1,<environment.Job instance at 0x1532b1839be0>,2,2,[1 8],5,5,7,0,5
1,<environment.Job instance at 0x1532b1839410>,5,1,[9 2],9,9,10,0,9
1,<environment.Job instance at 0x1532b02026e0>,1,1,[6 2],3,3,4,0,3
1,<environment.Job instance at 0x1532b0202140>,0,2,[6 1],2,4,6,2,3
1,<environment.Job instance at 0x1532b0202370>,3,17,[8 1],5,18,35,13,18
1,<environment.Job instance at 0x1532b0202550>,7,2,[9 1],9,363,365,354,363
1,<environment.Job instance at 0x1532b02024b0>,1,3,[1 7],4,4,7,0,4
1,<environment.Job instance at 0x15328bc247d0>,2,2,[5 1],5,5,7,0,5
1,<environment.Job instance at 0x15328bc244b0>,3,2,[1 8],6,7,9,1,6
1,<environment.Job instance at 0x15328bd275f0>,5,3,[2 5],9,9,12,0,9
1,<environment.Job instance at 0x15328bd27460>,2,3,[1 8],3,4,7,1,4
1,<environment.Job instance at 0x15328bd275f0>,4,2,[1 7],6,7,9,1,6
1,<environment.Job instance at 0x1532b8cc05a0>,5,15,[2 9],7,9,24,2,7
1,<environment.Job instance at 0x1532b8cc0af0>,6,1,[2 5],8,24,25,16,8
1,<environment.Job instance at 0x1532b8cc0d70>,1,3,[5 2],6,6,9,0,6
1,<environment.Job instance at 0x1532b8cc0230>,2,13,[1 7],7,24,37,17,24
1,<environment.Job instance at 0x15328b916d20>,0,2,[8 2],2,2,4,0,2
1,<environment.Job instance at 0x15328b916230>,2,2,[2 7],5,5,7,0,5
1,<environment.Job instance at 0x15328b916b90>,3,1,[8 2],7,7,8,0,7
1,<environment.Job instance at 0x15328bcf1b40>,0,3,[2 5],1,1,4,0,1
1,<environment.Job instance at 0x1532a8324410>,4,1,[9 1],6,6,7,0,6
1,<environment.Job instance at 0x1532a8324e60>,5,3,[2 8],7,7,10,0,7
1,<environment.Job instance at 0x1532a8324d20>,6,1,[2 7],8,10,11,2,8
1,<environment.Job instance at 0x1532a8324d70>,7,3,[2 8],9,11,14,2,9
1,<environment.Job instance at 0x1532b0350780>,0,3,[2 9],1,1,4,0,1
1,<environment.Job instance at 0x1532b0350f00>,1,1,[6 2],2,5,6,3,5
1,<environment.Job instance at 0x1532b0350050>,2,3,[1 8],5,5,8,0,5
1,<environment.Job instance at 0x1532b03502d0>,3,3,[7 1],6,6,9,0,6
1,<environment.Job instance at 0x1532b8bdc5a0>,2,3,[2 9],3,3,6,0,3
1,<environment.Job instance at 0x1532b00f2190>,4,3,[7 2],5,6,9,1,5
1,<environment.Job instance at 0x15328bc55dc0>,5,1,[1 7],7,7,8,0,7
1,<environment.Job instance at 0x15328bc55f50>,6,19,[9 2],9,9,28,0,9
1,<environment.Job instance at 0x15328bc6d960>,0,3,[8 1],1,1,4,0,1
1,<environment.Job instance at 0x15328bc6d9b0>,1,3,[ 2 10],2,4,7,2,2
1,<environment.Job instance at 0x15328bc6d8c0>,2,1,[8 2],4,7,8,3,4
1,<environment.Job instance at 0x1532b1323c30>,4,3,[7 1],6,8,11,2,6
1,<environment.Job instance at 0x1532b13230a0>,5,3,[5 1],8,11,14,3,9
1,<environment.Job instance at 0x1532b13239b0>,6,1,[5 2],9,11,12,2,10
1,<environment.Job instance at 0x1532b8ce5320>,2,3,[9 2],5,5,8,0,5
1,<environment.Job instance at 0x1532b2fda0a0>,3,2,[10  2],6,8,10,2,6
1,<environment.Job instance at 0x1532b18008c0>,4,2,[2 9],7,10,12,3,7
1,<environment.Job instance at 0x1532b8ce5370>,0,3,[2 7],2,2,5,0,2
1,<environment.Job instance at 0x1532b8d2e730>,2,3,[2 5],4,5,8,1,4
1,<environment.Job instance at 0x1532b8d2e820>,3,1,[2 7],5,8,9,3,5
1,<environment.Job instance at 0x15328bc4eb90>,2,1,[2 7],5,5,6,0,5
1,<environment.Job instance at 0x15328bc4e3c0>,1,2,[ 2 10],4,8,10,4,8
1,<environment.Job instance at 0x15328ba05500>,0,2,[9 1],2,2,4,0,2
1,<environment.Job instance at 0x1532a8127050>,0,3,[2 5],1,1,4,0,1
1,<environment.Job instance at 0x1532a8127820>,1,3,[2 9],6,6,9,0,6
1,<environment.Job instance at 0x1532b02d1230>,1,3,[9 1],2,2,5,0,2
1,<environment.Job instance at 0x1532b8d19c80>,2,12,[8 2],3,5,17,2,3
1,<environment.Job instance at 0x1532b8cfccd0>,3,3,[2 9],4,17,20,13,4
1,<environment.Job instance at 0x1532b02d1500>,5,3,[1 8],8,8,11,0,8
1,<environment.Job instance at 0x15328bda6780>,4,2,[6 2],6,20,22,14,8
1,<environment.Job instance at 0x1532b3f27d70>,0,3,[1 7],2,2,5,0,2
1,<environment.Job instance at 0x1532b31369b0>,1,1,[8 1],3,4,5,1,4
1,<environment.Job instance at 0x1532b6dd60a0>,3,1,[5 1],5,8,9,3,8
1,<environment.Job instance at 0x15328b95c730>,7,3,[6 1],9,9,12,0,9
1,<environment.Job instance at 0x15328b96d1e0>,2,3,[1 8],5,5,8,0,5
1,<environment.Job instance at 0x15328b96d190>,3,1,[6 1],8,10,11,2,10
1,<environment.Job instance at 0x1532a83c7960>,1,3,[ 1 10],2,2,5,0,2
1,<environment.Job instance at 0x15328bebd0f0>,3,3,[8 1],5,5,8,0,5
1,<environment.Job instance at 0x1532a83c7690>,5,13,[9 1],8,9,22,1,9
1,<environment.Job instance at 0x1532b3e42140>,1,1,[6 2],3,4,5,1,4
1,<environment.Job instance at 0x1532b3eff050>,1,2,[ 2 10],3,3,5,0,3
1,<environment.Job instance at 0x15328b92c5a0>,3,3,[ 2 10],5,5,8,0,5
1,<environment.Job instance at 0x1532b3b24550>,0,3,[ 2 10],1,1,4,0,1
1,<environment.Job instance at 0x1532b2ae5e10>,2,3,[10  2],3,4,7,1,3
1,<environment.Job instance at 0x15328bea46e0>,5,12,[1 5],8,17,29,9,17
1,<environment.Job instance at 0x15328bea4280>,6,2,[1 9],9,31,33,22,31
1,<environment.Job instance at 0x15328bb5cfa0>,0,1,[9 1],2,3,4,1,3
1,<environment.Job instance at 0x1532b034d280>,1,2,[2 6],3,4,6,1,4
1,<environment.Job instance at 0x1532b034d960>,3,1,[7 1],5,5,6,0,5
1,<environment.Job instance at 0x15328b918550>,1,3,[2 9],4,4,7,0,4
1,<environment.Job instance at 0x1532b3abe870>,3,2,[10  1],6,7,9,1,7
1,<environment.Job instance at 0x1532a83a7e60>,4,3,[5 1],7,9,12,2,8
1,<environment.Job instance at 0x1532b3abe9b0>,1,2,[9 1],2,2,4,0,2
1,<environment.Job instance at 0x15328bbbc140>,4,3,[7 1],8,29,32,21,29
1,<environment.Job instance at 0x15328b890960>,1,3,[1 5],4,4,7,0,4
1,<environment.Job instance at 0x15328bbbc230>,2,2,[1 7],5,7,9,2,5
1,<environment.Job instance at 0x15328b993b90>,3,13,[7 2],6,6,19,0,6
1,<environment.Job instance at 0x15328b9d3aa0>,4,2,[2 7],7,9,11,2,7
1,<environment.Job instance at 0x15328b9d3cd0>,5,17,[9 2],8,19,36,11,8
1,<environment.Job instance at 0x15328b9dc140>,1,2,[10  2],2,2,4,0,2
1,<environment.Job instance at 0x15328bddb820>,2,12,[8 2],3,5,17,2,5
1,<environment.Job instance at 0x15328bddbd70>,6,3,[7 2],7,17,20,10,7
1,<environment.Job instance at 0x15328bd14780>,0,2,[2 7],1,1,3,0,1
1,<environment.Job instance at 0x15328bd14500>,2,2,[1 8],3,3,5,0,3
1,<environment.Job instance at 0x15328bb669b0>,4,2,[10  2],5,5,7,0,5
1,<environment.Job instance at 0x15328bd14cd0>,3,2,[1 9],4,7,9,3,6
1,<environment.Job instance at 0x15328bce9820>,6,2,[2 5],7,9,11,2,7
1,<environment.Job instance at 0x15328bce9c80>,5,3,[6 1],6,7,10,1,7
1,<environment.Job instance at 0x15328bd14550>,7,3,[1 7],8,11,14,3,8
1,<environment.Job instance at 0x15328bce9c30>,8,2,[8 2],9,10,12,1,9
1,<environment.Job instance at 0x15328bd14f50>,0,2,[2 8],2,2,4,0,2
1,<environment.Job instance at 0x15328bcb94b0>,2,3,[10  2],5,5,8,0,5
1,<environment.Job instance at 0x15328bcb9550>,4,20,[9 2],7,9,29,2,9
1,<environment.Job instance at 0x15328bea9e60>,5,14,[5 1],7,7,21,0,7
1,<environment.Job instance at 0x15328bea99b0>,6,2,[8 1],9,21,23,12,9
1,<environment.Job instance at 0x15328bfebaa0>,1,3,[6 1],2,2,5,0,2
1,<environment.Job instance at 0x15328bea9aa0>,3,3,[10  2],4,5,8,1,4
1,<environment.Job instance at 0x1532b0191f50>,4,15,[7 2],6,8,23,2,6
1,<environment.Job instance at 0x15328bf6bd70>,5,16,[10  1],7,23,39,16,10
1,<environment.Job instance at 0x1532a82ec460>,2,1,[1 5],3,4,5,1,4
1,<environment.Job instance at 0x1532b828fb40>,3,3,[8 2],4,5,8,1,5
1,<environment.Job instance at 0x1532a82ec910>,4,12,[7 1],5,8,20,3,6
1,<environment.Job instance at 0x1532a82ec640>,6,14,[2 5],8,8,22,0,8
1,<environment.Job instance at 0x1532a82ecaf0>,5,18,[ 2 10],6,74,92,68,74
1,<environment.Job instance at 0x15328b8a2f00>,1,18,[1 6],2,5,23,3,5
1,<environment.Job instance at 0x1532b32174b0>,4,3,[5 1],6,6,9,0,6
1,<environment.Job instance at 0x1532b3217f00>,5,1,[10  2],8,23,24,15,8
1,<environment.Job instance at 0x1532b32175a0>,6,2,[1 5],9,24,26,15,9
1,<environment.Job instance at 0x1532a815e410>,1,3,[2 5],3,4,7,1,4
1,<environment.Job instance at 0x1532b3eb2280>,4,2,[ 1 10],7,13,15,6,13
1,<environment.Job instance at 0x15328bd2f730>,0,1,[2 8],2,2,3,0,2
1,<environment.Job instance at 0x1532b3eb26e0>,2,16,[8 2],4,6,22,2,6
1,<environment.Job instance at 0x1532b31e42d0>,6,3,[2 6],9,9,12,0,9
1,<environment.Job instance at 0x1532b31e4af0>,1,2,[7 1],3,3,5,0,3
1,<environment.Job instance at 0x1532b31e4aa0>,0,2,[2 7],2,3,5,1,3
1,<environment.Job instance at 0x1532b31e42d0>,2,2,[1 7],4,5,7,1,4
1,<environment.Job instance at 0x1532a8098f00>,4,1,[1 8],6,7,8,1,7
1,<environment.Job instance at 0x1532b31e4a00>,5,1,[8 1],7,7,8,0,7
1,<environment.Job instance at 0x1532bae28370>,0,3,[1 7],1,1,4,0,1
1,<environment.Job instance at 0x1532bae28c30>,1,2,[9 1],3,3,5,0,3
1,<environment.Job instance at 0x15328b8e52d0>,3,2,[10  2],5,5,7,0,5
1,<environment.Job instance at 0x15328b8e5320>,4,1,[1 6],6,7,8,1,7
1,<environment.Job instance at 0x15328b91b8c0>,7,2,[7 1],9,9,11,0,9
1,<environment.Job instance at 0x15328b8e5a50>,5,15,[1 7],7,17,32,10,17
1,<environment.Job instance at 0x15328b8e5190>,1,3,[10  1],4,4,7,0,4
1,<environment.Job instance at 0x1532a81b5fa0>,2,2,[7 1],5,7,9,2,5
1,<environment.Job instance at 0x15328b8e5c80>,4,1,[1 9],7,7,8,0,7
1,<environment.Job instance at 0x1532a81b5a00>,3,16,[2 8],6,8,24,2,8
1,<environment.Job instance at 0x1532a815e370>,6,3,[1 5],9,24,27,15,9
1,<environment.Job instance at 0x1532a815e640>,5,18,[ 2 10],8,27,45,19,17
1,<environment.Job instance at 0x1532b2f255f0>,0,1,[6 1],2,2,3,0,2
1,<environment.Job instance at 0x1532b0329780>,5,3,[1 9],9,9,12,0,9
1,<environment.Job instance at 0x1532b3e5a050>,1,3,[1 7],2,2,5,0,2
1,<environment.Job instance at 0x1532b8307960>,6,3,[5 1],7,60,63,53,60
1,<environment.Job instance at 0x1532b8307e10>,7,2,[ 2 10],8,63,65,55,60
1,<environment.Job instance at 0x1532b8307870>,8,3,[10  2],9,65,68,56,60
1,<environment.Job instance at 0x1532b0329af0>,3,12,[1 9],4,267,279,263,267
1,<environment.Job instance at 0x1532b01c81e0>,1,1,[6 2],4,5,6,1,5
1,<environment.Job instance at 0x1532b01c8410>,3,2,[1 9],9,9,11,0,9
1,<environment.Job instance at 0x1532b51659b0>,1,1,[9 1],4,5,6,1,5
1,<environment.Job instance at 0x1532b5165dc0>,3,2,[6 1],6,6,8,0,6
1,<environment.Job instance at 0x1532a8033500>,4,15,[ 1 10],7,20,35,13,20
1,<environment.Job instance at 0x1532b2f5d280>,1,3,[1 7],3,3,6,0,3
1,<environment.Job instance at 0x1532b8ce4f50>,0,3,[5 1],2,3,6,1,3
1,<environment.Job instance at 0x15328bb465a0>,4,3,[5 1],6,6,9,0,6
1,<environment.Job instance at 0x15328bb464b0>,3,13,[1 6],5,7,20,2,7
1,<environment.Job instance at 0x1532ba216b90>,0,2,[2 9],1,1,3,0,1
1,<environment.Job instance at 0x1532a832b0a0>,1,3,[5 1],2,3,6,1,3
1,<environment.Job instance at 0x1532b8ce45f0>,3,2,[7 2],4,6,8,2,4
1,<environment.Job instance at 0x1532ba216f50>,2,2,[1 8],3,6,8,3,6
1,<environment.Job instance at 0x1532b3b5d5a0>,5,17,[1 6],6,8,25,2,7
1,<environment.Job instance at 0x1532a832bc80>,7,2,[5 1],9,9,11,0,9
1,<environment.Job instance at 0x1532b3b5d960>,6,17,[1 6],7,25,42,18,15
1,<environment.Job instance at 0x1532b3b4d2d0>,0,3,[8 2],1,1,4,0,1
1,<environment.Job instance at 0x1532b3edbf50>,3,3,[1 8],5,5,8,0,5
1,<environment.Job instance at 0x1532b3b4d230>,2,3,[1 9],3,8,11,5,5
1,<environment.Job instance at 0x1532b3edbdc0>,5,2,[8 2],7,11,13,4,7
1,<environment.Job instance at 0x1532b3edb0a0>,6,2,[2 6],8,11,13,3,8
1,<environment.Job instance at 0x1532b83266e0>,1,14,[7 2],3,3,17,0,3
1,<environment.Job instance at 0x1532b3edb9b0>,5,3,[1 7],7,7,10,0,7
1,<environment.Job instance at 0x1532a81709b0>,6,15,[1 8],8,10,25,2,9
1,<environment.Job instance at 0x1532b8326fa0>,1,16,[2 5],2,2,18,0,2
1,<environment.Job instance at 0x1532a8170820>,3,1,[2 6],5,18,19,13,8
1,<environment.Job instance at 0x1532b3e8d7d0>,7,3,[ 2 10],9,19,22,10,9
1,<environment.Job instance at 0x1532b3e8d6e0>,0,2,[2 9],2,2,4,0,2
1,<environment.Job instance at 0x1532b3e8d870>,1,2,[8 1],5,6,8,1,6
1,<environment.Job instance at 0x1532b82802d0>,2,2,[1 6],6,7,9,1,7
1,<environment.Job instance at 0x1532b3e8d780>,4,3,[ 2 10],8,9,12,1,8
1,<environment.Job instance at 0x1532b3b44550>,1,2,[9 1],2,2,4,0,2
1,<environment.Job instance at 0x1532b3b44140>,3,3,[10  2],6,6,9,0,6
1,<environment.Job instance at 0x1532b1e8ecd0>,4,2,[1 5],9,10,12,1,10
1,<environment.Job instance at 0x1532b1e8eb40>,1,3,[7 1],2,2,5,0,2
1,<environment.Job instance at 0x1532b1e8ecd0>,3,3,[ 1 10],5,5,8,0,5
1,<environment.Job instance at 0x1532b6e00e60>,4,3,[1 9],6,8,11,2,6
1,<environment.Job instance at 0x1532b6e001e0>,5,3,[10  2],7,11,14,4,7
1,<environment.Job instance at 0x1532a80cc9b0>,6,1,[8 2],8,14,15,6,8
1,<environment.Job instance at 0x1532a80cc500>,7,25,[2 6],9,14,39,5,10
1,<environment.Job instance at 0x1532a80f8eb0>,0,2,[5 2],1,1,3,0,1
1,<environment.Job instance at 0x1532a80f8c80>,2,1,[1 7],6,6,7,0,6
1,<environment.Job instance at 0x1532a80f8d70>,4,1,[ 2 10],9,9,10,0,9
1,<environment.Job instance at 0x1532a8150140>,0,1,[1 9],1,2,3,1,2
1,<environment.Job instance at 0x1532a80a0e60>,3,2,[5 1],4,4,6,0,4
1,<environment.Job instance at 0x1532a835bc80>,4,2,[2 7],5,5,7,0,5
1,<environment.Job instance at 0x1532a835bd70>,5,1,[10  1],6,7,8,1,6
1,<environment.Job instance at 0x1532b01df0a0>,1,27,[ 1 10],2,8,35,6,7
1,<environment.Job instance at 0x1532a835be10>,8,1,[1 7],9,35,36,26,9
1,<environment.Job instance at 0x1532a835faa0>,0,1,[7 1],1,4,5,3,4
1,<environment.Job instance at 0x1532b182b320>,1,2,[8 1],2,5,7,3,4
1,<environment.Job instance at 0x15328bd88f50>,4,3,[6 2],7,7,10,0,7
1,<environment.Job instance at 0x15328bd88960>,3,2,[9 2],6,10,12,4,7
1,<environment.Job instance at 0x15328bf5f9b0>,1,13,[9 1],3,3,16,0,3
1,<environment.Job instance at 0x15328bc86e10>,0,1,[2 8],1,2,3,1,2
1,<environment.Job instance at 0x15328b8d1fa0>,1,2,[1 6],3,4,6,1,4
1,<environment.Job instance at 0x15328b8d1eb0>,3,2,[1 5],9,9,11,0,9
1,<environment.Job instance at 0x1532b319f550>,0,2,[2 9],2,2,4,0,2
1,<environment.Job instance at 0x1532b3e981e0>,1,1,[8 2],3,4,5,1,4
1,<environment.Job instance at 0x15328bd7e280>,3,3,[8 2],5,5,8,0,5
1,<environment.Job instance at 0x15328bd7e190>,4,2,[1 6],6,6,8,0,6
1,<environment.Job instance at 0x15328bd7e820>,5,3,[6 1],7,8,11,1,7
1,<environment.Job instance at 0x15328bd7e140>,6,1,[10  2],8,11,12,3,8
1,<environment.Job instance at 0x15328bd7ec80>,7,3,[1 7],9,12,15,3,9
1,<environment.Job instance at 0x1532b319fd70>,2,13,[1 6],4,18,31,14,18
