iteration,job object,job ID,job Length,job ressource requirement,job enter time,job start time,job finish time,job waiting time,current time
1,<environment.Job instance at 0x7f2c2d5cc4b0>,5,24,[1 5],6,-1,33,-1,9
1,<environment.Job instance at 0x7f2c23e7bfa0>,9,18,[ 2 13],10,-1,28,-1,10
1,<environment.Job instance at 0x7f2c23df8230>,10,18,[ 3 11],11,-1,29,-1,11
1,<environment.Job instance at 0x7f2c23df80f0>,11,1,[8 5],12,-1,13,-1,12
1,<environment.Job instance at 0x7f2c23df8370>,13,28,[ 4 14],14,-1,42,-1,14
1,<environment.Job instance at 0x7f2c23df8730>,18,3,[ 4 13],19,-1,41,-1,38
1,<environment.Job instance at 0x7f2c23df87d0>,19,14,[ 3 11],20,-1,52,-1,38
1,<environment.Job instance at 0x7f2c23df8870>,20,1,[13  5],21,-1,39,-1,38
1,<environment.Job instance at 0x7f2c23df8910>,21,1,[6 5],22,-1,39,-1,38
1,<environment.Job instance at 0x7f2c23df8aa0>,22,1,[2 7],23,-1,39,-1,38
1,<environment.Job instance at 0x7f2c23df8b40>,23,27,[ 1 14],24,-1,65,-1,38
1,<environment.Job instance at 0x7f2c23df8b90>,24,18,[ 4 10],25,-1,58,-1,40
1,<environment.Job instance at 0x7f2c23df8410>,25,27,[8 1],26,-1,67,-1,40
1,<environment.Job instance at 0x7f2c23df8cd0>,26,26,[5 5],27,-1,66,-1,40
1,<environment.Job instance at 0x7f2c23fc1cd0>,3,27,[8 5],4,-1,31,-1,4
1,<environment.Job instance at 0x7f2c23fc1050>,5,13,[13  1],6,-1,19,-1,6
1,<environment.Job instance at 0x7f2c23f5d0a0>,15,2,[10  4],16,-1,47,-1,45
1,<environment.Job instance at 0x7f2c23f5d140>,16,13,[ 2 14],17,-1,58,-1,45
1,<environment.Job instance at 0x7f2c23f5d410>,18,27,[ 1 10],19,-1,72,-1,45
1,<environment.Job instance at 0x7f2c23f5d5f0>,19,2,[ 3 10],20,-1,47,-1,45
1,<environment.Job instance at 0x7f2c23f5d0f0>,20,13,[ 3 12],21,-1,58,-1,45
1,<environment.Job instance at 0x7f2c23f5dbe0>,2,27,[5 6],3,-1,30,-1,3
1,<environment.Job instance at 0x7f2c235a65a0>,3,24,[12  3],4,-1,28,-1,4
1,<environment.Job instance at 0x7f2c235a6230>,4,22,[12  5],5,-1,27,-1,5
1,<environment.Job instance at 0x7f2c235a6a50>,5,18,[12  4],6,-1,24,-1,6
1,<environment.Job instance at 0x7f2c235a6f50>,6,17,[ 5 13],7,-1,24,-1,7
1,<environment.Job instance at 0x7f2c235a60f0>,7,23,[14  4],8,-1,31,-1,8
1,<environment.Job instance at 0x7f2c235a6190>,13,2,[6 2],14,-1,17,-1,15
1,<environment.Job instance at 0x7f2c235a60a0>,14,15,[12  1],15,-1,30,-1,15
1,<environment.Job instance at 0x7f2c235a6870>,15,14,[ 2 11],16,-1,30,-1,16
1,<environment.Job instance at 0x7f2c235a6be0>,17,3,[ 1 12],18,-1,21,-1,18
1,<environment.Job instance at 0x7f2c235a6500>,19,14,[ 3 14],20,-1,56,-1,42
1,<environment.Job instance at 0x7f2c23c1a0f0>,23,24,[ 2 14],24,-1,66,-1,42
1,<environment.Job instance at 0x7f2c23c1a730>,24,22,[8 1],25,-1,64,-1,42
1,<environment.Job instance at 0x7f2c23c1a140>,25,1,[ 3 12],26,-1,43,-1,42
1,<environment.Job instance at 0x7f2c23c1a690>,26,18,[13  4],27,-1,60,-1,42
1,<environment.Job instance at 0x7f2c23c1ae60>,27,1,[ 4 11],28,-1,43,-1,42
1,<environment.Job instance at 0x7f2c23c1a870>,28,23,[ 2 14],29,-1,65,-1,42
1,<environment.Job instance at 0x7f2c23c1a5f0>,29,2,[1 8],30,-1,44,-1,42
1,<environment.Job instance at 0x7f2c234c2410>,7,1,[ 2 14],8,-1,10,-1,9
1,<environment.Job instance at 0x7f2c241ce370>,10,25,[9 3],11,-1,36,-1,11
1,<environment.Job instance at 0x7f2c235e4320>,14,14,[13  3],15,-1,39,-1,25
1,<environment.Job instance at 0x7f2c2364d730>,15,3,[10  1],16,-1,28,-1,25
1,<environment.Job instance at 0x7f2c23a449b0>,16,3,[ 2 12],17,-1,28,-1,25
1,<environment.Job instance at 0x7f2c23630c30>,17,21,[1 9],18,-1,57,-1,36
1,<environment.Job instance at 0x7f2c23a44960>,18,1,[13  2],19,-1,37,-1,36
1,<environment.Job instance at 0x7f2c2399b460>,19,14,[11  3],20,-1,50,-1,36
1,<environment.Job instance at 0x7f2c2399b140>,20,2,[9 5],21,-1,38,-1,36
1,<environment.Job instance at 0x7f2c2357e690>,21,22,[2 9],22,-1,58,-1,36
1,<environment.Job instance at 0x7f2c233d2690>,4,28,[2 7],5,-1,33,-1,5
1,<environment.Job instance at 0x7f2c233d2820>,5,28,[9 2],6,-1,34,-1,6
1,<environment.Job instance at 0x7f2c233d2c80>,10,20,[ 3 13],11,-1,31,-1,11
1,<environment.Job instance at 0x7f2c233d2c30>,11,1,[ 2 14],12,-1,13,-1,12
1,<environment.Job instance at 0x7f2c233d2dc0>,12,2,[12  2],13,-1,15,-1,13
1,<environment.Job instance at 0x7f2c233d5320>,19,14,[ 1 10],20,-1,57,-1,43
1,<environment.Job instance at 0x7f2c233d5460>,21,18,[12  4],22,-1,61,-1,43
1,<environment.Job instance at 0x7f2c233d55a0>,23,26,[11  5],24,-1,73,-1,47
1,<environment.Job instance at 0x7f2c23426050>,1,27,[ 4 13],2,-1,29,-1,2
1,<environment.Job instance at 0x7f2c234265f0>,5,16,[14  1],6,-1,23,-1,7
1,<environment.Job instance at 0x7f2c23426230>,10,25,[ 3 10],11,-1,36,-1,11
1,<environment.Job instance at 0x7f2c233f91e0>,12,27,[3 9],13,-1,40,-1,13
1,<environment.Job instance at 0x7f2c23426870>,6,3,[9 1],7,-1,18,-1,15
1,<environment.Job instance at 0x7f2c233f93c0>,14,12,[13  2],15,-1,27,-1,15
1,<environment.Job instance at 0x7f2c233f9a50>,16,23,[3 6],17,-1,43,-1,20
1,<environment.Job instance at 0x7f2c233f9730>,19,26,[9 4],20,-1,46,-1,20
1,<environment.Job instance at 0x7f2c233f9b90>,22,12,[13  5],23,-1,42,-1,30
1,<environment.Job instance at 0x7f2c233f95a0>,25,2,[7 2],26,-1,41,-1,39
1,<environment.Job instance at 0x7f2c233f95f0>,27,15,[ 2 14],28,-1,64,-1,49
1,<environment.Job instance at 0x7f2c23ca35a0>,5,2,[5 5],6,-1,9,-1,7
1,<environment.Job instance at 0x7f2c23ca32d0>,7,26,[ 1 13],8,-1,34,-1,8
1,<environment.Job instance at 0x7f2c23ca3280>,8,22,[3 9],9,-1,60,-1,38
1,<environment.Job instance at 0x7f2c248181e0>,16,2,[ 5 13],17,-1,40,-1,38
1,<environment.Job instance at 0x7f2c24818c30>,17,24,[2 7],18,-1,62,-1,38
1,<environment.Job instance at 0x7f2c248185a0>,18,16,[11  2],19,-1,54,-1,38
1,<environment.Job instance at 0x7f2c24818230>,19,22,[ 2 12],20,-1,60,-1,38
1,<environment.Job instance at 0x7f2c24818320>,20,2,[ 3 10],21,-1,40,-1,38
1,<environment.Job instance at 0x7f2c24818cd0>,2,27,[1 9],3,-1,31,-1,4
1,<environment.Job instance at 0x7f2c233bf4b0>,3,1,[10  2],4,-1,5,-1,4
1,<environment.Job instance at 0x7f2c23526960>,6,27,[9 5],7,-1,34,-1,7
1,<environment.Job instance at 0x7f2c23526f50>,15,25,[ 5 10],16,-1,62,-1,37
1,<environment.Job instance at 0x7f2c23b25050>,1,2,[ 2 14],2,-1,4,-1,2
1,<environment.Job instance at 0x7f2c2352c050>,2,17,[ 5 14],3,-1,20,-1,3
1,<environment.Job instance at 0x7f2c23b25f50>,7,17,[14  5],8,-1,25,-1,8
1,<environment.Job instance at 0x7f2c2479d690>,8,2,[13  3],9,-1,12,-1,10
1,<environment.Job instance at 0x7f2c2479d370>,10,14,[ 5 10],11,-1,35,-1,21
1,<environment.Job instance at 0x7f2c2479d230>,16,3,[3 5],17,-1,24,-1,21
1,<environment.Job instance at 0x7f2c2479d1e0>,17,13,[9 4],18,-1,35,-1,22
1,<environment.Job instance at 0x7f2c2479d280>,18,2,[7 2],19,-1,24,-1,22
1,<environment.Job instance at 0x7f2c2479d6e0>,19,20,[5 1],20,-1,42,-1,22
1,<environment.Job instance at 0x7f2c2479d870>,20,25,[14  4],21,-1,47,-1,22
1,<environment.Job instance at 0x7f2c24963460>,21,2,[4 8],22,-1,24,-1,22
1,<environment.Job instance at 0x7f2c249638c0>,23,3,[7 4],24,-1,35,-1,32
1,<environment.Job instance at 0x7f2c24963870>,24,1,[3 8],25,-1,33,-1,32
1,<environment.Job instance at 0x7f2c24963a00>,25,3,[10  2],26,-1,35,-1,32
1,<environment.Job instance at 0x7f2c24963550>,26,24,[14  2],27,-1,56,-1,32
1,<environment.Job instance at 0x7f2c24963690>,27,3,[ 5 11],28,-1,35,-1,32
1,<environment.Job instance at 0x7f2c24963190>,28,2,[ 2 12],29,-1,34,-1,32
1,<environment.Job instance at 0x7f2c24963be0>,29,23,[ 4 11],30,-1,55,-1,32
1,<environment.Job instance at 0x7f2c24963780>,31,23,[ 3 13],32,-1,69,-1,46
1,<environment.Job instance at 0x7f2c249631e0>,32,3,[8 4],33,-1,49,-1,46
1,<environment.Job instance at 0x7f2c241ef9b0>,1,18,[ 4 13],2,-1,20,-1,2
1,<environment.Job instance at 0x7f2c24963e10>,2,23,[11  2],3,-1,26,-1,3
1,<environment.Job instance at 0x7f2c23e34320>,3,1,[11  5],4,-1,5,-1,4
1,<environment.Job instance at 0x7f2c23f7e190>,5,19,[14  4],6,-1,25,-1,6
1,<environment.Job instance at 0x7f2c23dcefa0>,7,14,[ 5 11],8,-1,22,-1,8
1,<environment.Job instance at 0x7f2c23f7ec30>,10,18,[14  2],11,-1,29,-1,11
1,<environment.Job instance at 0x7f2c23501b90>,11,16,[ 5 11],12,-1,28,-1,12
1,<environment.Job instance at 0x7f2c23501aa0>,14,25,[3 8],15,-1,43,-1,18
1,<environment.Job instance at 0x7f2c23d86410>,18,15,[13  3],19,-1,34,-1,19
1,<environment.Job instance at 0x7f2c23a25460>,20,12,[ 3 12],21,-1,47,-1,35
1,<environment.Job instance at 0x7f2c2467d500>,21,1,[ 3 11],22,-1,36,-1,35
1,<environment.Job instance at 0x7f2c2467de60>,23,2,[6 3],24,-1,37,-1,35
1,<environment.Job instance at 0x7f2c240bae60>,24,2,[3 8],25,-1,37,-1,35
1,<environment.Job instance at 0x7f2c23dac230>,25,12,[ 2 12],26,-1,47,-1,35
1,<environment.Job instance at 0x7f2c23959190>,26,27,[ 1 13],27,-1,62,-1,35
1,<environment.Job instance at 0x7f2c23f796e0>,27,13,[1 9],28,-1,48,-1,35
1,<environment.Job instance at 0x7f2c2cfda320>,1,3,[ 5 12],2,-1,5,-1,2
1,<environment.Job instance at 0x7f2c23471910>,3,21,[ 2 11],4,-1,25,-1,4
1,<environment.Job instance at 0x7f2c23476190>,11,27,[1 8],12,-1,39,-1,12
1,<environment.Job instance at 0x7f2c23476280>,12,19,[ 5 14],13,-1,32,-1,13
1,<environment.Job instance at 0x7f2c23471fa0>,14,3,[13  1],15,-1,18,-1,15
1,<environment.Job instance at 0x7f2c2cfbc320>,2,26,[ 4 10],3,-1,29,-1,3
1,<environment.Job instance at 0x7f2c23476780>,3,2,[ 4 11],4,-1,6,-1,4
1,<environment.Job instance at 0x7f2c2cfbc0f0>,4,14,[ 5 12],5,-1,19,-1,5
1,<environment.Job instance at 0x7f2c2cfbcd70>,5,24,[ 5 11],6,-1,30,-1,6
1,<environment.Job instance at 0x7f2c2cfbcf50>,9,27,[1 5],10,-1,37,-1,10
1,<environment.Job instance at 0x7f2c2cfbcb40>,12,17,[ 2 13],13,-1,30,-1,13
1,<environment.Job instance at 0x7f2c23f9b0f0>,13,27,[12  4],14,-1,41,-1,14
1,<environment.Job instance at 0x7f2c23f9bf50>,18,14,[14  1],19,-1,41,-1,27
1,<environment.Job instance at 0x7f2c23f9b820>,20,14,[12  4],21,-1,41,-1,27
1,<environment.Job instance at 0x7f2c239b6dc0>,4,26,[1 5],5,-1,32,-1,6
1,<environment.Job instance at 0x7f2c239b6f50>,6,21,[11  3],7,-1,30,-1,9
1,<environment.Job instance at 0x7f2c239b6a00>,8,19,[14  3],9,-1,28,-1,9
1,<environment.Job instance at 0x7f2c23fda550>,9,1,[3 7],10,-1,11,-1,10
1,<environment.Job instance at 0x7f2c23fda910>,10,15,[11  4],11,-1,26,-1,11
1,<environment.Job instance at 0x7f2c23fdadc0>,11,17,[11  1],12,-1,33,-1,16
1,<environment.Job instance at 0x7f2c234de6e0>,16,23,[7 4],17,-1,63,-1,40
1,<environment.Job instance at 0x7f2c23ff7a50>,1,19,[12  1],2,-1,21,-1,2
1,<environment.Job instance at 0x7f2c23714230>,5,13,[ 2 12],6,-1,19,-1,6
1,<environment.Job instance at 0x7f2c23714a50>,6,25,[ 5 10],7,-1,32,-1,7
1,<environment.Job instance at 0x7f2c23714190>,7,26,[9 3],8,-1,34,-1,8
1,<environment.Job instance at 0x7f2c23714c30>,8,26,[ 1 12],9,-1,35,-1,9
1,<environment.Job instance at 0x7f2c23714eb0>,9,28,[3 6],10,-1,38,-1,10
1,<environment.Job instance at 0x7f2c23737910>,11,12,[11  1],12,-1,24,-1,12
1,<environment.Job instance at 0x7f2c23737870>,13,15,[13  2],14,-1,29,-1,14
1,<environment.Job instance at 0x7f2c237375a0>,14,17,[12  3],15,-1,32,-1,15
1,<environment.Job instance at 0x7f2c23737dc0>,15,2,[ 4 12],16,-1,18,-1,16
1,<environment.Job instance at 0x7f2c23737500>,16,1,[10  1],17,-1,18,-1,17
1,<environment.Job instance at 0x7f2c237373c0>,17,28,[3 6],18,-1,46,-1,18
1,<environment.Job instance at 0x7f2c237371e0>,19,19,[13  1],20,-1,39,-1,20
1,<environment.Job instance at 0x7f2c2394b460>,2,25,[13  4],3,-1,28,-1,3
1,<environment.Job instance at 0x7f2c2394bfa0>,4,1,[10  5],5,-1,7,-1,6
1,<environment.Job instance at 0x7f2c243250f0>,7,21,[ 2 13],8,-1,29,-1,8
1,<environment.Job instance at 0x7f2c24325aa0>,8,16,[ 3 14],9,-1,25,-1,9
1,<environment.Job instance at 0x7f2c24325640>,9,16,[ 1 11],10,-1,26,-1,10
1,<environment.Job instance at 0x7f2c24325690>,11,24,[ 2 13],12,-1,36,-1,12
1,<environment.Job instance at 0x7f2c24325500>,12,18,[13  3],13,-1,31,-1,13
1,<environment.Job instance at 0x7f2c24325960>,13,15,[ 1 10],14,-1,29,-1,14
1,<environment.Job instance at 0x7f2c243255a0>,15,16,[ 1 12],16,-1,32,-1,16
1,<environment.Job instance at 0x7f2c24325fa0>,16,1,[ 2 10],17,-1,18,-1,17
1,<environment.Job instance at 0x7f2c24325870>,17,26,[8 4],18,-1,44,-1,18
1,<environment.Job instance at 0x7f2c243251e0>,18,16,[ 3 13],19,-1,35,-1,19
1,<environment.Job instance at 0x7f2c24981730>,23,3,[9 1],24,-1,41,-1,38
1,<environment.Job instance at 0x7f2c24981050>,24,28,[ 1 11],25,-1,66,-1,38
1,<environment.Job instance at 0x7f2c249d59b0>,26,23,[11  3],27,-1,61,-1,38
1,<environment.Job instance at 0x7f2c249d51e0>,27,14,[13  5],28,-1,52,-1,38
1,<environment.Job instance at 0x7f2c241dd2d0>,4,26,[ 3 12],5,-1,31,-1,5
1,<environment.Job instance at 0x7f2c241dde10>,3,25,[5 6],4,-1,33,-1,8
1,<environment.Job instance at 0x7f2c24a3baf0>,7,27,[5 7],8,-1,35,-1,8
1,<environment.Job instance at 0x7f2c241dd4b0>,8,20,[ 4 14],9,-1,29,-1,9
1,<environment.Job instance at 0x7f2c24a3b140>,11,23,[11  4],12,-1,35,-1,12
1,<environment.Job instance at 0x7f2c24a3baa0>,13,23,[2 7],14,-1,38,-1,15
1,<environment.Job instance at 0x7f2c24a3bc30>,15,2,[ 1 12],16,-1,18,-1,16
1,<environment.Job instance at 0x7f2c23efce60>,19,14,[14  3],20,-1,38,-1,24
1,<environment.Job instance at 0x7f2c23efc280>,21,25,[ 2 14],22,-1,56,-1,31
1,<environment.Job instance at 0x7f2c23efc230>,7,27,[5 7],8,-1,35,-1,8
1,<environment.Job instance at 0x7f2c247ec960>,6,18,[14  2],7,-1,26,-1,8
1,<environment.Job instance at 0x7f2c247ec1e0>,9,21,[12  3],10,-1,31,-1,10
1,<environment.Job instance at 0x7f2c247ecaa0>,10,1,[ 5 12],11,-1,12,-1,11
1,<environment.Job instance at 0x7f2c247ef8c0>,12,16,[ 2 13],13,-1,29,-1,13
1,<environment.Job instance at 0x7f2c247efcd0>,18,27,[4 9],19,-1,52,-1,25
1,<environment.Job instance at 0x7f2c247ef780>,19,3,[ 2 13],20,-1,28,-1,25
1,<environment.Job instance at 0x7f2c247ef7d0>,20,2,[ 4 12],21,-1,27,-1,25
1,<environment.Job instance at 0x7f2c24812690>,22,25,[2 7],23,-1,54,-1,29
1,<environment.Job instance at 0x7f2c2427cd20>,24,12,[11  5],25,-1,56,-1,44
1,<environment.Job instance at 0x7f2c247efeb0>,2,18,[ 2 11],3,-1,21,-1,3
1,<environment.Job instance at 0x7f2c249c75f0>,5,3,[14  5],6,-1,9,-1,6
1,<environment.Job instance at 0x7f2c249c7af0>,9,18,[ 5 14],10,-1,28,-1,10
1,<environment.Job instance at 0x7f2c249c7870>,10,17,[ 3 13],11,-1,28,-1,11
1,<environment.Job instance at 0x7f2c249c7fa0>,11,23,[13  3],12,-1,35,-1,12
1,<environment.Job instance at 0x7f2c249c7c80>,12,18,[ 2 12],13,-1,31,-1,13
1,<environment.Job instance at 0x7f2c249c7410>,16,26,[7 4],17,-1,43,-1,17
1,<environment.Job instance at 0x7f2c249c7e10>,17,1,[13  4],18,-1,19,-1,18
1,<environment.Job instance at 0x7f2c249c7050>,18,13,[ 2 12],19,-1,32,-1,19
1,<environment.Job instance at 0x7f2c249c7320>,22,16,[14  2],23,-1,40,-1,24
1,<environment.Job instance at 0x7f2c2d0063c0>,26,24,[5 9],27,-1,58,-1,34
1,<environment.Job instance at 0x7f2c2d006280>,27,1,[ 3 14],28,-1,35,-1,34
1,<environment.Job instance at 0x7f2c2d006a50>,29,28,[14  4],30,-1,69,-1,41
1,<environment.Job instance at 0x7f2c2d0061e0>,30,28,[5 2],31,-1,69,-1,41
1,<environment.Job instance at 0x7f2c2d006fa0>,31,2,[5 9],32,-1,43,-1,41
1,<environment.Job instance at 0x7f2c2d006460>,32,24,[8 1],33,-1,65,-1,41
1,<environment.Job instance at 0x7f2c2d006c30>,34,26,[5 7],35,-1,70,-1,44
1,<environment.Job instance at 0x7f2c2d006d70>,35,3,[ 1 12],36,-1,47,-1,44
1,<environment.Job instance at 0x7f2c2372fcd0>,1,25,[4 9],2,-1,27,-1,2
1,<environment.Job instance at 0x7f2c232b05f0>,6,2,[9 2],7,-1,9,-1,7
1,<environment.Job instance at 0x7f2c232b0fa0>,7,2,[6 3],8,-1,10,-1,8
1,<environment.Job instance at 0x7f2c245e4d20>,13,12,[ 3 10],14,-1,32,-1,20
1,<environment.Job instance at 0x7f2c245e4a50>,14,12,[11  4],15,-1,32,-1,20
1,<environment.Job instance at 0x7f2c23661370>,16,12,[10  1],17,-1,42,-1,30
1,<environment.Job instance at 0x7f2c236615a0>,17,21,[1 7],18,-1,58,-1,37
1,<environment.Job instance at 0x7f2c23a39730>,19,2,[5 5],20,-1,39,-1,37
1,<environment.Job instance at 0x7f2c23a39f50>,20,17,[ 2 14],21,-1,54,-1,37
1,<environment.Job instance at 0x7f2c23a39190>,21,2,[8 4],22,-1,39,-1,37
1,<environment.Job instance at 0x7f2c23397410>,22,1,[13  4],23,-1,38,-1,37
1,<environment.Job instance at 0x7f2c23397370>,25,17,[14  2],26,-1,64,-1,47
1,<environment.Job instance at 0x7f2c233978c0>,26,17,[ 1 12],27,-1,64,-1,47
1,<environment.Job instance at 0x7f2c2d02dc30>,12,12,[13  3],13,-1,25,-1,13
1,<environment.Job instance at 0x7f2c2d02dfa0>,13,25,[ 5 10],14,-1,39,-1,14
1,<environment.Job instance at 0x7f2c248b65f0>,15,14,[11  2],16,-1,30,-1,16
1,<environment.Job instance at 0x7f2c2d02df50>,16,15,[ 3 14],17,-1,32,-1,17
1,<environment.Job instance at 0x7f2c236342d0>,18,27,[7 4],19,-1,46,-1,19
1,<environment.Job instance at 0x7f2c2479ca50>,23,2,[ 1 12],24,-1,44,-1,42
1,<environment.Job instance at 0x7f07f365a4b0>,5,24,[1 5],6,-1,37,-1,13
1,<environment.Job instance at 0x7f07e9e82140>,9,18,[ 2 13],10,-1,31,-1,13
1,<environment.Job instance at 0x7f07e9e82230>,10,18,[ 3 11],11,-1,31,-1,13
1,<environment.Job instance at 0x7f07e9e822d0>,11,1,[8 5],12,-1,14,-1,13
1,<environment.Job instance at 0x7f07e9e821e0>,13,28,[ 4 14],14,-1,42,-1,14
1,<environment.Job instance at 0x7f07e9e82690>,17,28,[ 5 10],18,-1,63,-1,35
1,<environment.Job instance at 0x7f07e9e82780>,18,3,[ 4 13],19,-1,38,-1,35
1,<environment.Job instance at 0x7f07e9e82820>,19,14,[ 3 11],20,-1,49,-1,35
1,<environment.Job instance at 0x7f07e9e828c0>,20,1,[13  5],21,-1,36,-1,35
1,<environment.Job instance at 0x7f07e9e829b0>,21,1,[6 5],22,-1,36,-1,35
1,<environment.Job instance at 0x7f07e9e82050>,22,1,[2 7],23,-1,36,-1,35
1,<environment.Job instance at 0x7f07e9e82aa0>,23,27,[ 1 14],24,-1,62,-1,35
1,<environment.Job instance at 0x7f07e9e826e0>,24,18,[ 4 10],25,-1,69,-1,51
1,<environment.Job instance at 0x7f07e9e82c80>,26,26,[5 5],27,-1,77,-1,51
1,<environment.Job instance at 0x7f07ea4375a0>,10,13,[ 3 12],11,-1,25,-1,12
1,<environment.Job instance at 0x7f07e9609e60>,2,27,[2 6],3,-1,30,-1,3
1,<environment.Job instance at 0x7f07e961a730>,3,24,[ 2 14],4,-1,28,-1,4
1,<environment.Job instance at 0x7f07e961ab40>,7,1,[ 4 11],8,-1,9,-1,8
1,<environment.Job instance at 0x7f07e961abe0>,9,2,[1 8],10,-1,12,-1,10
1,<environment.Job instance at 0x7f07e961a6e0>,13,16,[ 3 10],14,-1,32,-1,16
1,<environment.Job instance at 0x7f07e961a3c0>,14,28,[5 6],15,-1,44,-1,16
1,<environment.Job instance at 0x7f07e961ae10>,15,14,[ 2 10],16,-1,30,-1,16
1,<environment.Job instance at 0x7f07e961ae60>,16,19,[11  3],17,-1,36,-1,17
1,<environment.Job instance at 0x7f07e961af00>,17,20,[14  5],18,-1,38,-1,18
1,<environment.Job instance at 0x7f07e961a870>,19,3,[ 1 12],20,-1,23,-1,20
1,<environment.Job instance at 0x7f07e958d0a0>,20,16,[ 2 14],21,-1,37,-1,21
1,<environment.Job instance at 0x7f07e961a0f0>,22,22,[4 8],23,-1,48,-1,26
1,<environment.Job instance at 0x7f07e9619500>,23,25,[6 1],24,-1,51,-1,26
1,<environment.Job instance at 0x7f07e9619eb0>,24,20,[ 1 14],25,-1,46,-1,26
1,<environment.Job instance at 0x7f07e9619960>,25,13,[ 4 10],26,-1,39,-1,26
1,<environment.Job instance at 0x7f07e9619fa0>,26,17,[14  2],27,-1,44,-1,27
1,<environment.Job instance at 0x7f07e9619910>,27,1,[4 8],28,-1,29,-1,28
1,<environment.Job instance at 0x7f07e96193c0>,28,1,[11  2],29,-1,30,-1,29
1,<environment.Job instance at 0x7f07e9619e60>,29,23,[ 1 14],30,-1,53,-1,30
1,<environment.Job instance at 0x7f07e9619a00>,30,3,[1 7],31,-1,34,-1,31
1,<environment.Job instance at 0x7f07e96192d0>,31,3,[4 7],32,-1,35,-1,32
1,<environment.Job instance at 0x7f07e9619190>,32,14,[13  4],33,-1,47,-1,33
1,<environment.Job instance at 0x7f07e9619320>,33,3,[5 2],34,-1,37,-1,34
1,<environment.Job instance at 0x7f07e9619780>,34,22,[12  4],35,-1,57,-1,35
1,<environment.Job instance at 0x7f07e96199b0>,35,23,[1 7],36,-1,59,-1,36
1,<environment.Job instance at 0x7f07e9619a50>,37,1,[ 2 14],38,-1,39,-1,38
1,<environment.Job instance at 0x7f07e96194b0>,40,25,[9 3],41,-1,68,-1,43
1,<environment.Job instance at 0x7f07e9619870>,42,22,[5 3],43,-1,73,-1,51
1,<environment.Job instance at 0x7f07e9d2e690>,44,14,[13  3],45,-1,70,-1,56
1,<environment.Job instance at 0x7f07eaa61e10>,45,3,[10  1],46,-1,59,-1,56
1,<environment.Job instance at 0x7f07ea407a50>,46,3,[ 2 12],47,-1,59,-1,56
1,<environment.Job instance at 0x7f07ea407140>,47,21,[1 9],48,-1,77,-1,56
1,<environment.Job instance at 0x7f07e9ca7730>,48,1,[13  2],49,-1,57,-1,56
1,<environment.Job instance at 0x7f07e9ca7e10>,49,14,[11  3],50,-1,70,-1,56
1,<environment.Job instance at 0x7f07e9ca7a50>,50,2,[9 5],51,-1,58,-1,56
1,<environment.Job instance at 0x7f07e9ca7c30>,51,22,[2 9],52,-1,78,-1,56
1,<environment.Job instance at 0x7f07e9ca8b40>,4,21,[ 4 12],5,-1,26,-1,5
1,<environment.Job instance at 0x7f07e9b02d20>,7,27,[2 9],8,-1,35,-1,8
1,<environment.Job instance at 0x7f07e945bbe0>,3,24,[14  3],4,-1,28,-1,4
1,<environment.Job instance at 0x7f07e945bdc0>,5,21,[12  3],6,-1,27,-1,6
1,<environment.Job instance at 0x7f07e945beb0>,7,28,[4 5],8,-1,36,-1,8
1,<environment.Job instance at 0x7f07e945f320>,12,26,[8 4],13,-1,43,-1,17
1,<environment.Job instance at 0x7f07e945f460>,13,12,[9 1],14,-1,29,-1,17
1,<environment.Job instance at 0x7f07e945f5a0>,15,16,[14  1],16,-1,35,-1,19
1,<environment.Job instance at 0x7f07e945f640>,16,3,[9 1],17,-1,24,-1,21
1,<environment.Job instance at 0x7f07e945f910>,19,1,[5 4],20,-1,30,-1,29
1,<environment.Job instance at 0x7f07e945f960>,20,25,[ 3 10],21,-1,54,-1,29
1,<environment.Job instance at 0x7f07e945fa00>,21,1,[ 2 10],22,-1,30,-1,29
1,<environment.Job instance at 0x7f07e945fb40>,22,27,[3 9],23,-1,56,-1,29
1,<environment.Job instance at 0x7f07e945fb90>,23,2,[4 7],24,-1,31,-1,29
1,<environment.Job instance at 0x7f07e945fc30>,24,12,[13  2],25,-1,41,-1,29
1,<environment.Job instance at 0x7f07e945fcd0>,25,24,[1 5],26,-1,58,-1,34
1,<environment.Job instance at 0x7f07e945fd70>,26,23,[3 6],27,-1,59,-1,36
1,<environment.Job instance at 0x7f07e949d140>,4,13,[12  4],5,-1,18,-1,5
1,<environment.Job instance at 0x7f07e944af50>,6,13,[ 1 13],7,-1,20,-1,7
1,<environment.Job instance at 0x7f07e944adc0>,7,26,[ 1 13],8,-1,34,-1,8
1,<environment.Job instance at 0x7f07e944ac80>,8,22,[3 9],9,-1,32,-1,10
1,<environment.Job instance at 0x7f07e949daa0>,9,16,[11  1],10,-1,26,-1,10
1,<environment.Job instance at 0x7f07e944afa0>,10,14,[14  2],11,-1,25,-1,11
1,<environment.Job instance at 0x7f07e944a3c0>,14,25,[2 8],15,-1,41,-1,16
1,<environment.Job instance at 0x7f07e944a6e0>,17,24,[2 7],18,-1,43,-1,19
1,<environment.Job instance at 0x7f07e944a230>,19,22,[ 2 12],20,-1,42,-1,20
1,<environment.Job instance at 0x7f07e944aaa0>,20,2,[ 3 10],21,-1,23,-1,21
1,<environment.Job instance at 0x7f07e94bfdc0>,23,18,[12  1],24,-1,42,-1,24
1,<environment.Job instance at 0x7f07e94bf280>,25,2,[6 1],26,-1,28,-1,26
1,<environment.Job instance at 0x7f07e94bff50>,26,25,[8 5],27,-1,52,-1,27
1,<environment.Job instance at 0x7f07e94bf190>,29,18,[ 2 14],30,-1,57,-1,39
1,<environment.Job instance at 0x7f07e94bf5f0>,30,24,[9 1],31,-1,63,-1,39
1,<environment.Job instance at 0x7f07e94bf500>,31,25,[7 1],32,-1,64,-1,39
1,<environment.Job instance at 0x7f07e94bf8c0>,32,24,[12  5],33,-1,63,-1,39
1,<environment.Job instance at 0x7f07e94bf4b0>,33,23,[10  2],34,-1,62,-1,39
1,<environment.Job instance at 0x7f07e94bf140>,34,15,[ 1 11],35,-1,54,-1,39
1,<environment.Job instance at 0x7f07e94bfaf0>,35,16,[ 5 12],36,-1,55,-1,39
1,<environment.Job instance at 0x7f07e94a5410>,36,27,[ 4 14],37,-1,66,-1,39
1,<environment.Job instance at 0x7f07e94a5370>,37,23,[2 9],38,-1,70,-1,47
1,<environment.Job instance at 0x7f07e94a5aa0>,39,15,[13  1],40,-1,62,-1,47
1,<environment.Job instance at 0x7f07e94a50f0>,44,12,[ 4 12],45,-1,69,-1,57
1,<environment.Job instance at 0x7f07e9da35f0>,5,25,[ 5 10],6,-1,31,-1,6
1,<environment.Job instance at 0x7f07e9e69b90>,8,20,[14  4],9,-1,29,-1,9
1,<environment.Job instance at 0x7f07e9e69aa0>,10,27,[ 4 10],11,-1,38,-1,11
1,<environment.Job instance at 0x7f07e9e69050>,11,25,[12  4],12,-1,37,-1,12
1,<environment.Job instance at 0x7f07e9e699b0>,12,2,[5 7],13,-1,15,-1,13
1,<environment.Job instance at 0x7f07e9e69730>,13,27,[3 8],14,-1,41,-1,14
1,<environment.Job instance at 0x7f07e9e69d70>,14,13,[11  5],15,-1,28,-1,15
1,<environment.Job instance at 0x7f07e9e69e10>,15,24,[8 4],16,-1,40,-1,16
1,<environment.Job instance at 0x7f07e9e69cd0>,17,2,[6 3],18,-1,20,-1,18
1,<environment.Job instance at 0x7f07e9e69a50>,18,3,[13  2],19,-1,22,-1,19
1,<environment.Job instance at 0x7f07e9e69230>,20,3,[1 6],21,-1,24,-1,21
1,<environment.Job instance at 0x7f07e9e69820>,21,17,[12  4],22,-1,39,-1,22
1,<environment.Job instance at 0x7f07e9e692d0>,22,2,[5 5],23,-1,25,-1,23
1,<environment.Job instance at 0x7f07e9e69c80>,23,1,[7 4],24,-1,25,-1,24
1,<environment.Job instance at 0x7f07f354c5f0>,28,3,[5 5],29,-1,51,-1,48
1,<environment.Job instance at 0x7f07f354c5f0>,5,3,[10  2],6,-1,10,-1,7
1,<environment.Job instance at 0x7f07e9473280>,7,3,[ 5 11],8,-1,11,-1,8
1,<environment.Job instance at 0x7f07e9473f50>,8,2,[ 2 12],9,-1,11,-1,9
1,<environment.Job instance at 0x7f07e9473dc0>,9,23,[ 4 11],10,-1,33,-1,10
1,<environment.Job instance at 0x7f07e9c9c140>,3,24,[11  3],4,-1,28,-1,4
1,<environment.Job instance at 0x7f07e9ca1910>,4,18,[13  3],5,-1,23,-1,5
1,<environment.Job instance at 0x7f07e9ca1780>,12,24,[7 5],13,-1,41,-1,17
1,<environment.Job instance at 0x7f07e9ca1550>,13,20,[14  5],14,-1,37,-1,17
1,<environment.Job instance at 0x7f07e9ca12d0>,15,18,[14  1],16,-1,35,-1,17
1,<environment.Job instance at 0x7f07e9ca1640>,16,27,[5 5],17,-1,44,-1,17
1,<environment.Job instance at 0x7f07e9ca1a50>,18,1,[6 3],19,-1,20,-1,19
1,<environment.Job instance at 0x7f07e9ca1aa0>,19,13,[14  1],20,-1,33,-1,20
1,<environment.Job instance at 0x7f07e9ca1960>,20,1,[1 9],21,-1,22,-1,21
1,<environment.Job instance at 0x7f07e9ca1050>,21,3,[ 5 12],22,-1,25,-1,22
1,<environment.Job instance at 0x7f07e9ca1280>,22,3,[8 5],23,-1,26,-1,23
1,<environment.Job instance at 0x7f07e9ca1f00>,23,21,[ 2 11],24,-1,45,-1,24
1,<environment.Job instance at 0x7f07e9ca15a0>,24,1,[14  3],25,-1,26,-1,25
1,<environment.Job instance at 0x7f07e9ca1eb0>,27,19,[11  1],28,-1,50,-1,31
1,<environment.Job instance at 0x7f07e9568a00>,30,1,[2 9],31,-1,48,-1,47
1,<environment.Job instance at 0x7f07e95680a0>,31,27,[1 8],32,-1,74,-1,47
1,<environment.Job instance at 0x7f07e95685a0>,32,19,[ 5 14],33,-1,66,-1,47
1,<environment.Job instance at 0x7f07e9568a50>,2,1,[ 4 14],3,-1,4,-1,3
1,<environment.Job instance at 0x7f07ea904230>,3,25,[12  3],4,-1,29,-1,4
1,<environment.Job instance at 0x7f07ea9047d0>,10,1,[ 5 14],11,-1,13,-1,12
1,<environment.Job instance at 0x7f07ea904870>,11,1,[10  5],12,-1,13,-1,12
1,<environment.Job instance at 0x7f07ea904a00>,12,26,[ 4 10],13,-1,39,-1,13
1,<environment.Job instance at 0x7f07ea904a50>,13,2,[ 4 11],14,-1,16,-1,14
1,<environment.Job instance at 0x7f07ea904b90>,14,14,[ 5 12],15,-1,29,-1,15
1,<environment.Job instance at 0x7f07ea904be0>,15,24,[ 5 11],16,-1,40,-1,16
1,<environment.Job instance at 0x7f07ea904c80>,16,25,[7 3],17,-1,42,-1,17
1,<environment.Job instance at 0x7f07ea904d20>,17,18,[11  5],18,-1,37,-1,19
1,<environment.Job instance at 0x7f07ea9044b0>,19,27,[1 5],20,-1,47,-1,20
1,<environment.Job instance at 0x7f07ea904640>,22,17,[ 2 13],23,-1,48,-1,31
1,<environment.Job instance at 0x7f07ea8e9140>,23,27,[12  4],24,-1,58,-1,31
1,<environment.Job instance at 0x7f07ea8e93c0>,27,12,[ 5 12],28,-1,61,-1,49
1,<environment.Job instance at 0x7f07ea8e9460>,28,14,[14  1],29,-1,63,-1,49
1,<environment.Job instance at 0x7f07ea8e95a0>,30,14,[12  4],31,-1,69,-1,55
1,<environment.Job instance at 0x7f07ea8e9050>,31,18,[11  5],32,-1,73,-1,55
1,<environment.Job instance at 0x7f07ea8e97d0>,32,2,[10  5],33,-1,57,-1,55
1,<environment.Job instance at 0x7f07ea8e9820>,33,12,[14  4],34,-1,67,-1,55
1,<environment.Job instance at 0x7f07ea8e9820>,4,26,[1 5],5,-1,32,-1,6
1,<environment.Job instance at 0x7f07e9ef0d20>,6,21,[11  3],7,-1,29,-1,8
1,<environment.Job instance at 0x7f07e9ef0140>,8,19,[14  3],9,-1,28,-1,9
1,<environment.Job instance at 0x7f07e9ef0230>,9,1,[3 7],10,-1,11,-1,10
1,<environment.Job instance at 0x7f07e9ef0c80>,10,15,[11  4],11,-1,26,-1,11
1,<environment.Job instance at 0x7f07e9ef0280>,11,17,[11  1],12,-1,29,-1,12
1,<environment.Job instance at 0x7f07e9ef0780>,12,2,[ 1 14],13,-1,15,-1,13
1,<environment.Job instance at 0x7f07e987f230>,16,23,[7 4],17,-1,47,-1,24
1,<environment.Job instance at 0x7f07e987f460>,17,22,[9 4],18,-1,63,-1,41
1,<environment.Job instance at 0x7f07e9e77500>,21,3,[5 5],22,-1,47,-1,44
1,<environment.Job instance at 0x7f07e9e772d0>,22,13,[1 5],23,-1,57,-1,44
1,<environment.Job instance at 0x7f07e9e77be0>,24,28,[10  3],25,-1,87,-1,59
1,<environment.Job instance at 0x7f07e9e77eb0>,25,25,[12  3],26,-1,84,-1,59
1,<environment.Job instance at 0x7f07ea3711e0>,4,17,[12  3],5,-1,22,-1,5
1,<environment.Job instance at 0x7f07ea371780>,6,1,[10  1],7,-1,8,-1,7
1,<environment.Job instance at 0x7f07ea3719b0>,7,28,[3 6],8,-1,36,-1,8
1,<environment.Job instance at 0x7f07e9568780>,13,2,[5 5],14,-1,16,-1,14
1,<environment.Job instance at 0x7f07e95e30f0>,14,28,[6 5],15,-1,43,-1,15
1,<environment.Job instance at 0x7f07e95e3640>,20,3,[3 5],21,-1,41,-1,38
1,<environment.Job instance at 0x7f07e95e3280>,22,25,[4 6],23,-1,75,-1,50
1,<environment.Job instance at 0x7f07e95e3eb0>,23,1,[6 1],24,-1,51,-1,50
1,<environment.Job instance at 0x7f07e95e34b0>,24,24,[7 5],25,-1,74,-1,50
1,<environment.Job instance at 0x7f07e95e3230>,26,21,[14  1],27,-1,75,-1,54
1,<environment.Job instance at 0x7f07ea374370>,1,28,[ 5 12],2,-1,30,-1,2
1,<environment.Job instance at 0x7f07ea374a50>,2,28,[2 6],3,-1,31,-1,3
1,<environment.Job instance at 0x7f07ea374320>,3,3,[9 1],4,-1,7,-1,4
1,<environment.Job instance at 0x7f07ea374460>,4,28,[ 1 11],5,-1,33,-1,5
1,<environment.Job instance at 0x7f07ea3743c0>,6,23,[11  3],7,-1,30,-1,7
1,<environment.Job instance at 0x7f07ea374e10>,7,14,[13  5],8,-1,22,-1,8
1,<environment.Job instance at 0x7f07ea374f50>,9,1,[6 1],10,-1,11,-1,10
1,<environment.Job instance at 0x7f07ea374dc0>,11,13,[12  5],12,-1,25,-1,12
1,<environment.Job instance at 0x7f07ea374b90>,14,3,[ 5 14],15,-1,18,-1,15
1,<environment.Job instance at 0x7f07e9ce5b90>,15,27,[6 1],16,-1,44,-1,17
1,<environment.Job instance at 0x7f07e9ce5780>,21,27,[5 1],22,-1,58,-1,31
1,<environment.Job instance at 0x7f07ea6766e0>,12,13,[ 2 13],13,-1,41,-1,28
1,<environment.Job instance at 0x7f07ea6760a0>,14,14,[ 3 13],15,-1,42,-1,28
1,<environment.Job instance at 0x7f07e9577820>,16,26,[ 1 12],17,-1,54,-1,28
1,<environment.Job instance at 0x7f07e9b33640>,20,24,[11  5],21,-1,72,-1,48
1,<environment.Job instance at 0x7f07e98f4870>,26,18,[14  2],27,-1,72,-1,54
1,<environment.Job instance at 0x7f07e993a6e0>,27,27,[5 7],28,-1,81,-1,54
1,<environment.Job instance at 0x7f07e9551af0>,29,21,[12  3],30,-1,75,-1,54
1,<environment.Job instance at 0x7f07ea9cb280>,30,1,[ 5 12],31,-1,55,-1,54
1,<environment.Job instance at 0x7f07f30adc80>,2,26,[5 8],3,-1,29,-1,3
1,<environment.Job instance at 0x7f07e9e2d550>,7,13,[ 1 14],8,-1,21,-1,8
1,<environment.Job instance at 0x7f07f30ad960>,10,21,[13  2],11,-1,32,-1,11
1,<environment.Job instance at 0x7f07e9e2daf0>,11,1,[9 1],12,-1,14,-1,13
1,<environment.Job instance at 0x7f07e9e2df00>,13,3,[8 2],14,-1,17,-1,14
1,<environment.Job instance at 0x7f07e9e2d230>,14,3,[11  2],15,-1,18,-1,15
1,<environment.Job instance at 0x7f07e9e2db40>,15,3,[14  5],16,-1,19,-1,16
1,<environment.Job instance at 0x7f07e9d43b90>,20,17,[ 3 13],21,-1,48,-1,31
1,<environment.Job instance at 0x7f07f3048870>,21,23,[13  3],22,-1,54,-1,31
1,<environment.Job instance at 0x7f07e9243050>,22,18,[ 2 12],23,-1,49,-1,31
1,<environment.Job instance at 0x7f07e9243eb0>,23,2,[11  1],24,-1,33,-1,31
1,<environment.Job instance at 0x7f07e9665b90>,26,26,[7 4],27,-1,69,-1,43
1,<environment.Job instance at 0x7f07e91e0c80>,27,1,[13  4],28,-1,44,-1,43
1,<environment.Job instance at 0x7f07e98e9b90>,28,13,[ 2 12],29,-1,56,-1,43
1,<environment.Job instance at 0x7f07e9900eb0>,31,13,[14  4],32,-1,71,-1,58
1,<environment.Job instance at 0x7f07e9900190>,32,16,[14  2],33,-1,74,-1,58
1,<environment.Job instance at 0x7f07e9281c30>,33,2,[5 2],34,-1,60,-1,58
1,<environment.Job instance at 0x7f07e9281870>,34,3,[5 1],35,-1,61,-1,58
1,<environment.Job instance at 0x7f07e9391f00>,1,25,[4 9],2,-1,27,-1,2
1,<environment.Job instance at 0x7f07e91982d0>,6,2,[9 2],7,-1,9,-1,7
1,<environment.Job instance at 0x7f07e9198f50>,7,2,[6 3],8,-1,10,-1,8
1,<environment.Job instance at 0x7f07e9c7f640>,13,12,[ 3 10],14,-1,36,-1,24
1,<environment.Job instance at 0x7f07e9c7fc80>,14,12,[11  4],15,-1,36,-1,24
1,<environment.Job instance at 0x7f07eaa2e730>,3,25,[ 5 10],4,-1,29,-1,4
1,<environment.Job instance at 0x7f07eaa2ebe0>,6,15,[ 3 14],7,-1,22,-1,7
1,<environment.Job instance at 0x7f07f35a0050>,8,27,[7 4],9,-1,39,-1,12
1,<environment.Job instance at 0x7f07e926bc80>,16,14,[ 4 12],17,-1,45,-1,31
1,<environment.Job instance at 0x7f07e926bbe0>,18,25,[ 1 14],19,-1,56,-1,31
1,<environment.Job instance at 0x7f07ea9964b0>,19,14,[11  5],20,-1,52,-1,38
1,<environment.Job instance at 0x7f07e99e4e10>,21,23,[ 4 13],22,-1,69,-1,46
1,<environment.Job instance at 0x7f07e9d743c0>,22,19,[11  1],23,-1,66,-1,47
1,<environment.Job instance at 0x7f07e91b38c0>,23,3,[ 4 11],24,-1,50,-1,47
1,<environment.Job instance at 0x7f07ea1424b0>,24,2,[8 3],25,-1,49,-1,47
1,<environment.Job instance at 0x7f07ea996d70>,25,3,[2 8],26,-1,50,-1,47
1,<environment.Job instance at 0x7f07ea142af0>,26,13,[ 3 13],27,-1,60,-1,47
1,<environment.Job instance at 0x7f07e9b6bb90>,3,1,[7 1],4,-1,5,-1,4
1,<environment.Job instance at 0x7f07ea4d8500>,4,23,[5 5],5,-1,28,-1,5
1,<environment.Job instance at 0x7f07ea4d8640>,5,23,[ 2 12],6,-1,29,-1,6
1,<environment.Job instance at 0x7f07ea4d8780>,7,25,[7 3],8,-1,33,-1,8
1,<environment.Job instance at 0x7f07ea4d88c0>,8,1,[12  5],9,-1,10,-1,9
1,<environment.Job instance at 0x7f07ea4d8a00>,10,27,[5 2],11,-1,39,-1,12
1,<environment.Job instance at 0x7f07ea4d8fa0>,18,2,[8 5],19,-1,30,-1,28
1,<environment.Job instance at 0x7f07ea4d8e60>,19,3,[ 3 11],20,-1,31,-1,28
1,<environment.Job instance at 0x7f07ea4a9140>,20,14,[14  1],21,-1,42,-1,28
1,<environment.Job instance at 0x7f07ea4a93c0>,24,20,[ 2 11],25,-1,62,-1,42
1,<environment.Job instance at 0x7f07ea4a9460>,25,2,[3 9],26,-1,44,-1,42
1,<environment.Job instance at 0x7f07ea4a9550>,27,26,[3 7],28,-1,83,-1,57
1,<environment.Job instance at 0x7f07ea4a9730>,28,26,[4 6],29,-1,83,-1,57
1,<environment.Job instance at 0x7f07ea4a95a0>,29,14,[ 3 14],30,-1,71,-1,57
1,<environment.Job instance at 0x7f07e9a5ec30>,3,16,[12  5],4,-1,20,-1,4
1,<environment.Job instance at 0x7f07e9a5ef50>,2,23,[ 2 12],3,-1,26,-1,3
1,<environment.Job instance at 0x7f07ea2c9dc0>,3,27,[8 3],4,-1,31,-1,4
1,<environment.Job instance at 0x7f07ea2c9f50>,13,15,[12  1],14,-1,40,-1,25
1,<environment.Job instance at 0x7f07ea2c9a50>,14,3,[ 5 14],15,-1,28,-1,25
1,<environment.Job instance at 0x7f07ea2c9820>,17,27,[10  5],18,-1,77,-1,50
1,<environment.Job instance at 0x7f16958001e0>,5,24,[1 5],6,-1,37,-1,13
1,<environment.Job instance at 0x7f168c088a00>,9,18,[ 2 13],10,-1,31,-1,13
1,<environment.Job instance at 0x7f168c088aa0>,10,18,[ 3 11],11,-1,31,-1,13
1,<environment.Job instance at 0x7f168c088b40>,11,1,[8 5],12,-1,14,-1,13
1,<environment.Job instance at 0x7f168c088d70>,13,28,[ 4 14],14,-1,42,-1,14
1,<environment.Job instance at 0x7f168c0888c0>,18,3,[ 4 13],19,-1,44,-1,41
1,<environment.Job instance at 0x7f168c088fa0>,19,14,[ 3 11],20,-1,55,-1,41
1,<environment.Job instance at 0x7f168c08a190>,20,1,[13  5],21,-1,42,-1,41
1,<environment.Job instance at 0x7f168c08a230>,21,1,[6 5],22,-1,42,-1,41
1,<environment.Job instance at 0x7f168c08a2d0>,22,1,[2 7],23,-1,42,-1,41
1,<environment.Job instance at 0x7f168c08a370>,23,27,[ 1 14],24,-1,68,-1,41
1,<environment.Job instance at 0x7f168c08a410>,24,18,[ 4 10],25,-1,59,-1,41
1,<environment.Job instance at 0x7f168c08a5a0>,25,27,[8 1],26,-1,68,-1,41
1,<environment.Job instance at 0x7f168c08a640>,26,26,[5 5],27,-1,67,-1,41
1,<environment.Job instance at 0x7f168c7b3410>,2,28,[5 1],3,-1,31,-1,3
1,<environment.Job instance at 0x7f168c7b4a50>,6,14,[ 4 11],7,-1,21,-1,7
1,<environment.Job instance at 0x7f168c7b45f0>,15,18,[ 3 14],16,-1,46,-1,28
1,<environment.Job instance at 0x7f168c7b4be0>,16,3,[5 7],17,-1,32,-1,29
1,<environment.Job instance at 0x7f168c7b42d0>,17,3,[5 5],18,-1,32,-1,29
1,<environment.Job instance at 0x7f168c7b44b0>,18,2,[ 3 10],19,-1,31,-1,29
1,<environment.Job instance at 0x7f168c7b4550>,19,21,[ 1 11],20,-1,50,-1,29
1,<environment.Job instance at 0x7f168c7b4460>,22,3,[4 7],23,-1,50,-1,47
1,<environment.Job instance at 0x7f168c7b4780>,3,25,[6 1],4,-1,30,-1,5
1,<environment.Job instance at 0x7f168b789fa0>,5,13,[ 4 10],6,-1,21,-1,8
1,<environment.Job instance at 0x7f168b789d20>,8,1,[11  2],9,-1,10,-1,9
1,<environment.Job instance at 0x7f168b789190>,9,23,[ 1 14],10,-1,33,-1,10
1,<environment.Job instance at 0x7f168b789500>,12,14,[13  4],13,-1,27,-1,13
1,<environment.Job instance at 0x7f168b789460>,14,22,[12  4],15,-1,37,-1,15
1,<environment.Job instance at 0x7f168b789aa0>,15,23,[1 7],16,-1,45,-1,22
1,<environment.Job instance at 0x7f168b789c30>,17,1,[ 2 14],18,-1,23,-1,22
1,<environment.Job instance at 0x7f168b728320>,20,25,[9 3],21,-1,47,-1,22
1,<environment.Job instance at 0x7f168b728aa0>,24,14,[13  3],25,-1,57,-1,43
1,<environment.Job instance at 0x7f168b728fa0>,25,3,[10  1],26,-1,46,-1,43
1,<environment.Job instance at 0x7f168b7283c0>,26,3,[ 2 12],27,-1,46,-1,43
1,<environment.Job instance at 0x7f168b728af0>,30,2,[9 5],31,-1,65,-1,63
1,<environment.Job instance at 0x7f168b728960>,31,22,[2 9],32,-1,85,-1,63
1,<environment.Job instance at 0x7f168b7b8d20>,3,2,[5 9],4,-1,8,-1,6
1,<environment.Job instance at 0x7f168ccb9a00>,8,17,[11  3],9,-1,30,-1,13
1,<environment.Job instance at 0x7f168ccb9d20>,11,18,[12  4],12,-1,31,-1,13
1,<environment.Job instance at 0x7f168ccb9460>,13,26,[11  5],14,-1,46,-1,20
1,<environment.Job instance at 0x7f168ccb9b40>,20,27,[14  3],21,-1,93,-1,66
1,<environment.Job instance at 0x7f168b877b90>,1,13,[ 5 13],2,-1,15,-1,2
1,<environment.Job instance at 0x7f168cc3b5a0>,6,25,[5 2],7,-1,35,-1,10
1,<environment.Job instance at 0x7f168cc3b500>,10,2,[ 1 11],11,-1,13,-1,11
1,<environment.Job instance at 0x7f168cc3bcd0>,13,24,[7 4],14,-1,44,-1,20
1,<environment.Job instance at 0x7f168cbd5730>,15,1,[7 3],16,-1,26,-1,25
1,<environment.Job instance at 0x7f168cbd50f0>,16,14,[ 1 10],17,-1,39,-1,25
1,<environment.Job instance at 0x7f168cbd5f50>,17,1,[2 7],18,-1,26,-1,25
1,<environment.Job instance at 0x7f168cbd5b90>,18,16,[11  4],19,-1,41,-1,25
1,<environment.Job instance at 0x7f168cbd5c80>,20,25,[4 5],21,-1,60,-1,35
1,<environment.Job instance at 0x7f168cbd5af0>,21,25,[6 3],22,-1,60,-1,35
1,<environment.Job instance at 0x7f168cbd5370>,22,2,[11  1],23,-1,37,-1,35
1,<environment.Job instance at 0x7f168cbd5460>,24,13,[12  4],25,-1,65,-1,52
1,<environment.Job instance at 0x7f168cc2a8c0>,25,2,[5 5],26,-1,54,-1,52
1,<environment.Job instance at 0x7f168cc2aaf0>,26,13,[ 1 13],27,-1,65,-1,52
1,<environment.Job instance at 0x7f168cc2a0a0>,27,26,[ 1 13],28,-1,78,-1,52
1,<environment.Job instance at 0x7f168cc2a780>,28,22,[3 9],29,-1,79,-1,57
1,<environment.Job instance at 0x7f168cc2a910>,29,16,[11  1],30,-1,73,-1,57
1,<environment.Job instance at 0x7f168cc2a9b0>,30,14,[14  2],31,-1,71,-1,57
1,<environment.Job instance at 0x7f168cc2adc0>,31,1,[5 9],32,-1,58,-1,57
1,<environment.Job instance at 0x7f168c806370>,34,25,[2 8],35,-1,88,-1,63
1,<environment.Job instance at 0x7f168cbe10a0>,2,27,[1 9],3,-1,30,-1,3
1,<environment.Job instance at 0x7f168cbe1eb0>,3,1,[10  2],4,-1,5,-1,4
1,<environment.Job instance at 0x7f168b6be5a0>,6,27,[9 5],7,-1,34,-1,7
1,<environment.Job instance at 0x7f168bf99640>,6,24,[14  2],7,-1,31,-1,7
1,<environment.Job instance at 0x7f168b6366e0>,5,3,[10  2],6,-1,10,-1,7
1,<environment.Job instance at 0x7f168b757960>,9,23,[ 4 11],10,-1,33,-1,10
1,<environment.Job instance at 0x7f168b757d70>,8,2,[ 2 12],9,-1,12,-1,10
1,<environment.Job instance at 0x7f168b757b90>,11,23,[ 3 13],12,-1,35,-1,12
1,<environment.Job instance at 0x7f168b757190>,14,24,[ 3 10],15,-1,40,-1,16
1,<environment.Job instance at 0x7f168b750820>,20,25,[5 8],21,-1,57,-1,32
1,<environment.Job instance at 0x7f168b7503c0>,21,27,[7 4],22,-1,59,-1,32
1,<environment.Job instance at 0x7f168b7501e0>,22,3,[2 7],23,-1,35,-1,32
1,<environment.Job instance at 0x7f168b7548c0>,2,24,[7 5],3,-1,27,-1,3
1,<environment.Job instance at 0x7f168bec31e0>,3,20,[14  5],4,-1,24,-1,4
1,<environment.Job instance at 0x7f168ca46be0>,5,18,[14  1],6,-1,24,-1,6
1,<environment.Job instance at 0x7f168c2f30a0>,6,27,[5 5],7,-1,34,-1,7
1,<environment.Job instance at 0x7f168c2f34b0>,8,1,[6 3],9,-1,10,-1,9
1,<environment.Job instance at 0x7f168b754e60>,10,1,[1 9],11,-1,13,-1,12
1,<environment.Job instance at 0x7f168c2c0820>,9,13,[14  1],10,-1,25,-1,12
1,<environment.Job instance at 0x7f168c963870>,13,21,[ 2 11],14,-1,35,-1,14
1,<environment.Job instance at 0x7f168c3515f0>,21,27,[1 8],22,-1,58,-1,31
1,<environment.Job instance at 0x7f168c05a4b0>,2,17,[ 2 13],3,-1,20,-1,3
1,<environment.Job instance at 0x7f168c05af00>,3,27,[12  4],4,-1,31,-1,4
1,<environment.Job instance at 0x7f168c05a0f0>,7,12,[ 5 12],8,-1,20,-1,8
1,<environment.Job instance at 0x7f168c05a320>,8,14,[14  1],9,-1,23,-1,9
1,<environment.Job instance at 0x7f168b835c80>,11,18,[11  5],12,-1,62,-1,44
1,<environment.Job instance at 0x7f168b835730>,19,12,[8 1],20,-1,59,-1,47
1,<environment.Job instance at 0x7f168bc4bdc0>,20,28,[2 8],21,-1,75,-1,47
1,<environment.Job instance at 0x7f168bc4baa0>,22,27,[9 3],23,-1,76,-1,49
1,<environment.Job instance at 0x7f168bc4bb40>,24,2,[4 7],25,-1,61,-1,59
1,<environment.Job instance at 0x7f168bc4b820>,25,28,[ 1 13],26,-1,87,-1,59
1,<environment.Job instance at 0x7f168c867e60>,26,12,[ 4 10],27,-1,71,-1,59
1,<environment.Job instance at 0x7f168c867870>,28,2,[ 4 11],29,-1,70,-1,68
1,<environment.Job instance at 0x7f168c867e10>,29,26,[9 4],30,-1,94,-1,68
1,<environment.Job instance at 0x7f168bfea780>,30,28,[2 7],31,-1,96,-1,68
1,<environment.Job instance at 0x7f168bfea1e0>,31,3,[5 5],32,-1,71,-1,68
1,<environment.Job instance at 0x7f168bfea410>,32,22,[ 5 14],33,-1,90,-1,68
1,<environment.Job instance at 0x7f168bfea9b0>,33,20,[14  1],34,-1,88,-1,68
1,<environment.Job instance at 0x7f168b3b76e0>,6,21,[12  5],7,-1,28,-1,7
1,<environment.Job instance at 0x7f168b3b7640>,11,27,[5 1],12,-1,56,-1,29
1,<environment.Job instance at 0x7f168b3b7140>,13,17,[14  5],14,-1,50,-1,33
1,<environment.Job instance at 0x7f168b3b6140>,14,3,[6 1],15,-1,36,-1,33
1,<environment.Job instance at 0x7f168b3b6280>,16,25,[8 3],17,-1,58,-1,33
1,<environment.Job instance at 0x7f168b3b6320>,17,13,[13  1],18,-1,46,-1,33
1,<environment.Job instance at 0x7f168b3b65f0>,21,19,[12  1],22,-1,78,-1,59
1,<environment.Job instance at 0x7f168b3b6690>,22,2,[5 8],23,-1,61,-1,59
1,<environment.Job instance at 0x7f168b3b6690>,2,25,[13  4],3,-1,28,-1,3
1,<environment.Job instance at 0x7f168bfc9a50>,4,1,[10  5],5,-1,7,-1,6
1,<environment.Job instance at 0x7f168ccbea50>,7,21,[ 2 13],8,-1,29,-1,8
1,<environment.Job instance at 0x7f168ccbe140>,8,16,[ 3 14],9,-1,25,-1,9
1,<environment.Job instance at 0x7f168ccbe370>,9,16,[ 1 11],10,-1,26,-1,10
1,<environment.Job instance at 0x7f168b7a9f00>,12,18,[13  3],13,-1,31,-1,13
1,<environment.Job instance at 0x7f168b7a9280>,13,15,[ 1 10],14,-1,29,-1,14
1,<environment.Job instance at 0x7f168b7a9140>,15,16,[ 1 12],16,-1,32,-1,16
1,<environment.Job instance at 0x7f168b7a9a00>,16,1,[ 2 10],17,-1,18,-1,17
1,<environment.Job instance at 0x7f168b7a9050>,17,26,[8 4],18,-1,44,-1,18
1,<environment.Job instance at 0x7f168b7a94b0>,18,16,[ 3 13],19,-1,35,-1,19
1,<environment.Job instance at 0x7f168ccbe820>,21,28,[ 5 12],22,-1,52,-1,24
1,<environment.Job instance at 0x7f168b7a9320>,22,28,[2 6],23,-1,52,-1,24
1,<environment.Job instance at 0x7f168b7a9910>,23,3,[9 1],24,-1,27,-1,24
1,<environment.Job instance at 0x7f168b7a9e10>,24,28,[ 1 11],25,-1,53,-1,25
1,<environment.Job instance at 0x7f168b7a90f0>,26,23,[11  3],27,-1,59,-1,36
1,<environment.Job instance at 0x7f168b7a9a50>,27,14,[13  5],28,-1,50,-1,36
1,<environment.Job instance at 0x7f168b7a9460>,28,16,[ 5 10],29,-1,53,-1,37
1,<environment.Job instance at 0x7f168b7a9d20>,29,1,[6 1],30,-1,38,-1,37
1,<environment.Job instance at 0x7f168b7a9500>,31,13,[12  5],32,-1,51,-1,38
1,<environment.Job instance at 0x7f168b7a9aa0>,32,14,[7 1],33,-1,52,-1,38
1,<environment.Job instance at 0x7f168cc46500>,34,3,[ 5 14],35,-1,41,-1,38
1,<environment.Job instance at 0x7f168cc46b90>,35,27,[6 1],36,-1,65,-1,38
1,<environment.Job instance at 0x7f168cc464b0>,36,22,[5 5],37,-1,64,-1,42
1,<environment.Job instance at 0x7f168cc46be0>,38,3,[13  4],39,-1,54,-1,51
1,<environment.Job instance at 0x7f168cc46230>,41,27,[5 1],42,-1,96,-1,69
1,<environment.Job instance at 0x7f16951efd70>,5,3,[ 3 14],6,-1,9,-1,6
1,<environment.Job instance at 0x7f16951efb40>,10,28,[13  5],11,-1,44,-1,16
1,<environment.Job instance at 0x7f16951ef230>,12,16,[ 4 10],13,-1,40,-1,24
1,<environment.Job instance at 0x7f16951ef0f0>,13,3,[5 2],14,-1,27,-1,24
1,<environment.Job instance at 0x7f16951ef410>,14,2,[ 2 14],15,-1,26,-1,24
1,<environment.Job instance at 0x7f16951efaf0>,15,14,[11  2],16,-1,38,-1,24
1,<environment.Job instance at 0x7f16951efbe0>,16,1,[4 6],17,-1,25,-1,24
1,<environment.Job instance at 0x7f16951ef500>,18,3,[14  5],19,-1,37,-1,34
1,<environment.Job instance at 0x7f16951ef640>,19,1,[ 3 12],20,-1,35,-1,34
1,<environment.Job instance at 0x7f168bb571e0>,21,2,[5 6],22,-1,42,-1,40
1,<environment.Job instance at 0x7f168bb57190>,22,13,[ 2 13],23,-1,53,-1,40
1,<environment.Job instance at 0x7f168bb57e60>,23,23,[5 1],24,-1,63,-1,40
1,<environment.Job instance at 0x7f168bb57640>,24,14,[ 3 13],25,-1,54,-1,40
1,<environment.Job instance at 0x7f168bb57aa0>,25,13,[5 1],26,-1,54,-1,41
1,<environment.Job instance at 0x7f168bb57dc0>,26,26,[ 1 12],27,-1,67,-1,41
1,<environment.Job instance at 0x7f168c05e4b0>,28,3,[1 5],29,-1,50,-1,47
1,<environment.Job instance at 0x7f168c05e050>,30,24,[11  5],31,-1,84,-1,60
1,<environment.Job instance at 0x7f168c05e280>,31,3,[2 7],32,-1,63,-1,60
1,<environment.Job instance at 0x7f168c05ebe0>,32,1,[10  4],33,-1,61,-1,60
1,<environment.Job instance at 0x7f168c05eaf0>,33,3,[3 8],34,-1,63,-1,60
1,<environment.Job instance at 0x7f168bab9f00>,2,26,[5 8],3,-1,29,-1,3
1,<environment.Job instance at 0x7f168bab9370>,7,13,[ 1 14],8,-1,21,-1,8
1,<environment.Job instance at 0x7f168bab9c30>,10,21,[13  2],11,-1,32,-1,11
1,<environment.Job instance at 0x7f168b7d4550>,11,1,[9 1],12,-1,16,-1,15
1,<environment.Job instance at 0x7f168b7d40a0>,14,3,[11  2],15,-1,18,-1,15
1,<environment.Job instance at 0x7f168b7d4f50>,15,3,[14  5],16,-1,19,-1,16
1,<environment.Job instance at 0x7f168b7d4dc0>,18,16,[ 4 10],19,-1,38,-1,22
1,<environment.Job instance at 0x7f168b906820>,20,17,[ 3 13],21,-1,39,-1,22
1,<environment.Job instance at 0x7f168b906690>,21,23,[13  3],22,-1,45,-1,22
1,<environment.Job instance at 0x7f168b906c30>,22,18,[ 2 12],23,-1,41,-1,23
1,<environment.Job instance at 0x7f168b906d20>,23,2,[11  1],24,-1,26,-1,24
1,<environment.Job instance at 0x7f168b906c80>,26,26,[7 4],27,-1,62,-1,36
1,<environment.Job instance at 0x7f168b906b40>,27,1,[13  4],28,-1,37,-1,36
1,<environment.Job instance at 0x7f168b906230>,28,13,[ 2 12],29,-1,49,-1,36
1,<environment.Job instance at 0x7f168b906eb0>,31,13,[14  4],32,-1,64,-1,51
1,<environment.Job instance at 0x7f168b906910>,32,16,[14  2],33,-1,67,-1,51
1,<environment.Job instance at 0x7f168b906280>,33,2,[5 2],34,-1,53,-1,51
1,<environment.Job instance at 0x7f168b906e60>,34,3,[5 1],35,-1,54,-1,51
1,<environment.Job instance at 0x7f168b906730>,36,24,[5 9],37,-1,92,-1,68
1,<environment.Job instance at 0x7f168b9060a0>,37,1,[ 3 14],38,-1,69,-1,68
1,<environment.Job instance at 0x7f168b934640>,39,28,[14  4],40,-1,96,-1,68
1,<environment.Job instance at 0x7f168b9346e0>,40,28,[5 2],41,-1,96,-1,68
1,<environment.Job instance at 0x7f168b934c30>,41,2,[5 9],42,-1,70,-1,68
1,<environment.Job instance at 0x7f168b934690>,42,24,[8 1],43,-1,92,-1,68
1,<environment.Job instance at 0x7f168b94c370>,9,2,[5 5],10,-1,14,-1,12
1,<environment.Job instance at 0x7f168b94c7d0>,10,17,[ 2 14],11,-1,29,-1,12
1,<environment.Job instance at 0x7f168b94cf00>,11,2,[8 4],12,-1,14,-1,12
1,<environment.Job instance at 0x7f168b94c5f0>,12,1,[13  4],13,-1,18,-1,17
1,<environment.Job instance at 0x7f168b94caa0>,15,17,[14  2],16,-1,41,-1,24
1,<environment.Job instance at 0x7f1695202cd0>,16,17,[ 1 12],17,-1,41,-1,24
1,<environment.Job instance at 0x7f168c1938c0>,19,27,[11  4],20,-1,59,-1,32
1,<environment.Job instance at 0x7f168cc9ffa0>,20,15,[ 2 13],21,-1,47,-1,32
1,<environment.Job instance at 0x7f168b81f5f0>,23,16,[11  3],24,-1,54,-1,38
1,<environment.Job instance at 0x7f168b3bc460>,24,25,[6 2],25,-1,63,-1,38
1,<environment.Job instance at 0x7f168c743b40>,25,17,[13  1],26,-1,55,-1,38
1,<environment.Job instance at 0x7f168b33e9b0>,26,23,[8 2],27,-1,63,-1,40
1,<environment.Job instance at 0x7f168bbd3f50>,27,26,[ 2 11],28,-1,66,-1,40
1,<environment.Job instance at 0x7f168c3bffa0>,28,1,[6 4],29,-1,41,-1,40
1,<environment.Job instance at 0x7f168cbbf190>,29,1,[11  4],30,-1,41,-1,40
1,<environment.Job instance at 0x7f169573d500>,30,26,[2 7],31,-1,66,-1,40
1,<environment.Job instance at 0x7f168c524910>,33,24,[13  5],34,-1,73,-1,49
1,<environment.Job instance at 0x7f168c72d4b0>,35,12,[14  3],36,-1,69,-1,57
1,<environment.Job instance at 0x7f168b437af0>,1,23,[ 4 13],2,-1,25,-1,2
1,<environment.Job instance at 0x7f168b9a4af0>,3,3,[ 4 11],4,-1,7,-1,4
1,<environment.Job instance at 0x7f168b9a4870>,6,13,[ 3 13],7,-1,20,-1,7
1,<environment.Job instance at 0x7f168c0dd870>,16,3,[5 3],17,-1,23,-1,20
1,<environment.Job instance at 0x7f168c0dd8c0>,18,23,[5 5],19,-1,46,-1,23
1,<environment.Job instance at 0x7f168c0dd500>,19,2,[6 2],20,-1,25,-1,23
1,<environment.Job instance at 0x7f168c406e10>,20,14,[11  3],21,-1,38,-1,24
1,<environment.Job instance at 0x7f168cb0cd70>,21,2,[2 7],22,-1,28,-1,26
1,<environment.Job instance at 0x7f168cb115f0>,22,1,[11  2],23,-1,27,-1,26
1,<environment.Job instance at 0x7f168ba3e0f0>,23,3,[9 1],24,-1,29,-1,26
1,<environment.Job instance at 0x7f168ba295f0>,6,18,[ 4 10],7,-1,28,-1,10
1,<environment.Job instance at 0x7f168ba290f0>,10,22,[ 5 12],11,-1,33,-1,11
1,<environment.Job instance at 0x7f168ba29550>,12,25,[9 5],13,-1,45,-1,20
1,<environment.Job instance at 0x7f168ba29d20>,13,22,[3 8],14,-1,43,-1,21
1,<environment.Job instance at 0x7f168ba29d70>,15,12,[9 1],16,-1,33,-1,21
1,<environment.Job instance at 0x7f168ba29c80>,16,22,[ 1 13],17,-1,43,-1,21
1,<environment.Job instance at 0x7f168ba29a00>,17,3,[ 2 11],18,-1,24,-1,21
1,<environment.Job instance at 0x7f168ba29370>,20,27,[3 6],21,-1,66,-1,39
1,<environment.Job instance at 0x7f168c006dc0>,21,2,[12  1],22,-1,41,-1,39
1,<environment.Job instance at 0x7f168c0065a0>,23,18,[11  2],24,-1,65,-1,47
1,<environment.Job instance at 0x7f168c006280>,24,14,[ 3 10],25,-1,61,-1,47
1,<environment.Job instance at 0x7f168c006410>,25,27,[8 1],26,-1,74,-1,47
1,<environment.Job instance at 0x7f168c006190>,26,3,[7 5],27,-1,50,-1,47
1,<environment.Job instance at 0x7f168c006320>,27,15,[7 2],28,-1,69,-1,54
1,<environment.Job instance at 0x7f168c006aa0>,28,1,[4 7],29,-1,55,-1,54
1,<environment.Job instance at 0x7f168c0064b0>,29,21,[5 6],30,-1,75,-1,54
1,<environment.Job instance at 0x7f168c006820>,30,20,[14  2],31,-1,74,-1,54
1,<environment.Job instance at 0x7f168c006140>,31,22,[10  5],32,-1,76,-1,54
1,<environment.Job instance at 0x7f168c006c80>,32,1,[ 5 14],33,-1,55,-1,54
1,<environment.Job instance at 0x7f168c006370>,33,16,[12  5],34,-1,70,-1,54
1,<environment.Job instance at 0x7f168c0066e0>,34,12,[ 1 10],35,-1,66,-1,54
1,<environment.Job instance at 0x7f168c0065f0>,35,18,[11  4],36,-1,72,-1,54
1,<environment.Job instance at 0x7f168c006a50>,37,3,[ 4 11],38,-1,57,-1,54
1,<environment.Job instance at 0x7f168c006d70>,38,15,[5 1],39,-1,69,-1,54
1,<environment.Job instance at 0x7f168c006730>,40,1,[10  2],41,-1,55,-1,54
1,<environment.Job instance at 0x7f168c006af0>,41,23,[2 9],42,-1,77,-1,54
1,<environment.Job instance at 0x7f168c0068c0>,42,26,[7 4],43,-1,80,-1,54
1,<environment.Job instance at 0x7f168bb6ba00>,43,24,[7 4],44,-1,78,-1,54
1,<environment.Job instance at 0x7f168bb6b640>,44,3,[13  3],45,-1,57,-1,54
1,<environment.Job instance at 0x7f168bb6b730>,45,13,[8 1],46,-1,67,-1,54
1,<environment.Job instance at 0x7f168bb6bbe0>,46,14,[13  2],47,-1,68,-1,54
1,<environment.Job instance at 0x7f168b283050>,47,18,[1 9],48,-1,73,-1,55
1,<environment.Job instance at 0x7f168c64a910>,48,2,[ 4 14],49,-1,57,-1,55
1,<environment.Job instance at 0x7f168b2831e0>,49,14,[6 1],50,-1,69,-1,55
1,<environment.Job instance at 0x7f168b2832d0>,50,2,[1 5],51,-1,57,-1,55
1,<environment.Job instance at 0x7f168b283c80>,51,14,[ 4 14],52,-1,69,-1,55
1,<environment.Job instance at 0x7f168b2835a0>,52,17,[3 7],53,-1,76,-1,59
1,<environment.Job instance at 0x7f168b801cd0>,53,3,[10  2],54,-1,62,-1,59
1,<environment.Job instance at 0x7f168b876d20>,55,28,[9 1],56,-1,89,-1,61
1,<environment.Job instance at 0x7f168c2e3d70>,56,20,[ 2 10],57,-1,81,-1,61
1,<environment.Job instance at 0x7f168c0d76e0>,2,15,[12  2],3,-1,18,-1,3
1,<environment.Job instance at 0x7f168bd52aa0>,5,26,[13  3],6,-1,32,-1,6
1,<environment.Job instance at 0x7f168b9cbd70>,6,23,[9 5],7,-1,30,-1,7
1,<environment.Job instance at 0x7f168c6dc190>,7,27,[7 3],8,-1,35,-1,8
1,<environment.Job instance at 0x7f168c6dc050>,8,2,[9 4],9,-1,11,-1,9
1,<environment.Job instance at 0x7f168c6dc230>,10,18,[11  2],11,-1,29,-1,11
1,<environment.Job instance at 0x7f168bc288c0>,11,25,[9 5],12,-1,37,-1,12
1,<environment.Job instance at 0x7f168bc28a50>,17,2,[ 4 14],18,-1,25,-1,23
1,<environment.Job instance at 0x7f168bc28dc0>,18,23,[10  3],19,-1,46,-1,23
1,<environment.Job instance at 0x7f168bc28c30>,19,14,[ 1 11],20,-1,37,-1,23
1,<environment.Job instance at 0x7f168ba2baa0>,20,17,[5 1],21,-1,46,-1,29
1,<environment.Job instance at 0x7f168c0dd050>,22,23,[ 2 12],23,-1,52,-1,29
1,<environment.Job instance at 0x7f168c0dd910>,23,27,[8 3],24,-1,56,-1,29
1,<environment.Job instance at 0x7f168b72fcd0>,24,18,[ 2 10],25,-1,47,-1,29
1,<environment.Job instance at 0x7f168bc24f50>,28,25,[9 4],29,-1,76,-1,51
1,<environment.Job instance at 0x7f168bb68eb0>,31,3,[3 9],32,-1,71,-1,68
1,<environment.Job instance at 0x7f169524d820>,32,28,[ 5 13],33,-1,96,-1,68
1,<environment.Job instance at 0x7f168b74d9b0>,33,15,[12  1],34,-1,83,-1,68
1,<environment.Job instance at 0x7f168b74d4b0>,34,3,[ 5 14],35,-1,71,-1,68
1,<environment.Job instance at 0x7f168bc10050>,36,26,[4 9],37,-1,94,-1,68
1,<environment.Job instance at 0x7f168b7fb3c0>,37,27,[10  5],38,-1,95,-1,68
1,<environment.Job instance at 0x7f168b7fb3c0>,5,27,[3 8],6,-1,34,-1,7
1,<environment.Job instance at 0x7f168b4a8e60>,8,28,[2 6],9,-1,37,-1,9
1,<environment.Job instance at 0x7f168b4a8f00>,10,26,[10  3],11,-1,37,-1,11
1,<environment.Job instance at 0x7f168b4b30f0>,11,27,[5 2],12,-1,39,-1,12
1,<environment.Job instance at 0x7f168b4b3230>,12,12,[ 3 13],13,-1,25,-1,13
1,<environment.Job instance at 0x7f168b4b32d0>,13,17,[14  5],14,-1,31,-1,14
1,<environment.Job instance at 0x7f168b4b3370>,14,15,[14  2],15,-1,30,-1,15
1,<environment.Job instance at 0x7f168b4b3410>,15,15,[ 1 12],16,-1,32,-1,17
1,<environment.Job instance at 0x7f168b4b3550>,17,12,[10  1],18,-1,30,-1,18
1,<environment.Job instance at 0x7f168b4b3690>,19,12,[ 1 12],20,-1,32,-1,20
1,<environment.Job instance at 0x7f168b4b3910>,21,16,[ 1 10],22,-1,42,-1,26
1,<environment.Job instance at 0x7f168b4b39b0>,22,22,[8 3],23,-1,48,-1,26
1,<environment.Job instance at 0x7f168b4b3a50>,23,1,[9 3],24,-1,27,-1,26
1,<environment.Job instance at 0x7f168b4b3be0>,26,21,[11  3],27,-1,68,-1,47
1,<environment.Job instance at 0x7f168b4b3b40>,27,2,[1 8],28,-1,49,-1,47
1,<environment.Job instance at 0x7f168b4b3e60>,30,12,[11  2],31,-1,76,-1,64
1,<environment.Job instance at 0x7f168b4b3e10>,31,18,[ 3 11],32,-1,82,-1,64
1,<environment.Job instance at 0x7f168b7c4690>,11,26,[ 2 10],12,-1,44,-1,18
1,<environment.Job instance at 0x7f168b8f1eb0>,16,26,[ 5 13],17,-1,59,-1,33
1,<environment.Job instance at 0x7f168b8f10f0>,21,1,[2 7],22,-1,69,-1,68
1,<environment.Job instance at 0x7f168b8f1af0>,22,3,[ 5 10],23,-1,71,-1,68
1,<environment.Job instance at 0x7f168b8f17d0>,2,18,[ 2 11],3,-1,21,-1,3
1,<environment.Job instance at 0x7f1695729960>,4,18,[13  2],5,-1,23,-1,5
1,<environment.Job instance at 0x7f1695729500>,6,23,[ 5 13],7,-1,30,-1,7
1,<environment.Job instance at 0x7f168c746910>,8,28,[ 1 10],9,-1,37,-1,9
1,<environment.Job instance at 0x7f168c746140>,10,12,[ 4 14],11,-1,23,-1,11
1,<environment.Job instance at 0x7f16957291e0>,14,22,[3 5],15,-1,46,-1,24
1,<environment.Job instance at 0x7f168c746820>,18,1,[12  3],19,-1,25,-1,24
1,<environment.Job instance at 0x7f168c746b90>,19,25,[13  1],20,-1,49,-1,24
1,<environment.Job instance at 0x7f168c746230>,21,1,[2 5],22,-1,25,-1,24
1,<environment.Job instance at 0x7f168c305f50>,23,1,[14  4],24,-1,32,-1,31
1,<environment.Job instance at 0x7f168c305cd0>,24,17,[13  5],25,-1,48,-1,31
1,<environment.Job instance at 0x7f168c305690>,25,1,[1 5],26,-1,32,-1,31
1,<environment.Job instance at 0x7f168c305d70>,26,13,[ 4 11],27,-1,44,-1,31
1,<environment.Job instance at 0x7f168c305a00>,29,2,[3 7],30,-1,50,-1,48
1,<environment.Job instance at 0x7f168c305140>,30,28,[ 3 10],31,-1,76,-1,48
1,<environment.Job instance at 0x7f168c305e60>,34,18,[ 5 10],35,-1,84,-1,66
1,<environment.Job instance at 0x7f44529fb1e0>,5,24,[1 5],6,-1,37,-1,13
1,<environment.Job instance at 0x7f4449283a50>,9,18,[ 2 13],10,-1,31,-1,13
1,<environment.Job instance at 0x7f4449283af0>,10,18,[ 3 11],11,-1,31,-1,13
1,<environment.Job instance at 0x7f4449283b90>,11,1,[8 5],12,-1,14,-1,13
1,<environment.Job instance at 0x7f4449283910>,13,28,[ 4 14],14,-1,42,-1,14
1,<environment.Job instance at 0x7f4449283f50>,17,28,[ 5 10],18,-1,61,-1,33
1,<environment.Job instance at 0x7f4449283fa0>,18,3,[ 4 13],19,-1,36,-1,33
1,<environment.Job instance at 0x7f4449285140>,19,14,[ 3 11],20,-1,47,-1,33
1,<environment.Job instance at 0x7f44492850f0>,20,1,[13  5],21,-1,34,-1,33
1,<environment.Job instance at 0x7f4449285230>,21,1,[6 5],22,-1,34,-1,33
1,<environment.Job instance at 0x7f4449285320>,22,1,[2 7],23,-1,34,-1,33
1,<environment.Job instance at 0x7f44492853c0>,23,27,[ 1 14],24,-1,60,-1,33
1,<environment.Job instance at 0x7f4449285460>,24,18,[ 4 10],25,-1,55,-1,37
1,<environment.Job instance at 0x7f44492855f0>,25,27,[8 1],26,-1,64,-1,37
1,<environment.Job instance at 0x7f44492855a0>,26,26,[5 5],27,-1,63,-1,37
1,<environment.Job instance at 0x7f4449285550>,28,25,[5 7],29,-1,74,-1,49
1,<environment.Job instance at 0x7f4449285690>,29,25,[ 4 11],30,-1,74,-1,49
1,<environment.Job instance at 0x7f44492857d0>,30,22,[ 5 13],31,-1,71,-1,49
1,<environment.Job instance at 0x7f4449285870>,31,27,[4 8],32,-1,76,-1,49
1,<environment.Job instance at 0x7f4449285af0>,33,1,[11  3],34,-1,50,-1,49
1,<environment.Job instance at 0x7f4449285c80>,35,2,[1 8],36,-1,67,-1,65
1,<environment.Job instance at 0x7f4449285dc0>,37,13,[ 3 14],38,-1,78,-1,65
1,<environment.Job instance at 0x7f4449285e60>,38,28,[ 2 12],39,-1,93,-1,65
1,<environment.Job instance at 0x7f4449285f00>,39,20,[ 1 10],40,-1,85,-1,65
1,<environment.Job instance at 0x7f4449285fa0>,40,24,[5 6],41,-1,89,-1,65
1,<environment.Job instance at 0x7f4449285d20>,42,27,[5 2],43,-1,102,-1,75
1,<environment.Job instance at 0x7f44493d0870>,5,18,[ 3 14],6,-1,24,-1,6
1,<environment.Job instance at 0x7f44493d0640>,6,3,[5 7],7,-1,10,-1,7
1,<environment.Job instance at 0x7f44493d0c30>,7,3,[5 5],8,-1,11,-1,8
1,<environment.Job instance at 0x7f44493d0fa0>,8,2,[ 3 10],9,-1,12,-1,10
1,<environment.Job instance at 0x7f44493d0b90>,11,14,[ 2 13],12,-1,26,-1,12
1,<environment.Job instance at 0x7f44493d0410>,12,3,[4 7],13,-1,16,-1,13
1,<environment.Job instance at 0x7f44493d0f00>,13,22,[10  2],14,-1,49,-1,27
1,<environment.Job instance at 0x7f4449431960>,18,22,[ 3 11],19,-1,49,-1,27
1,<environment.Job instance at 0x7f44494313c0>,19,12,[ 5 14],20,-1,39,-1,27
1,<environment.Job instance at 0x7f44494310a0>,23,24,[12  3],24,-1,70,-1,46
1,<environment.Job instance at 0x7f44494319b0>,24,22,[12  5],25,-1,68,-1,46
1,<environment.Job instance at 0x7f44494314b0>,25,18,[12  4],26,-1,64,-1,46
1,<environment.Job instance at 0x7f4449431fa0>,26,17,[ 5 13],27,-1,63,-1,46
1,<environment.Job instance at 0x7f44494316e0>,27,23,[14  4],28,-1,69,-1,46
1,<environment.Job instance at 0x7f4449431b90>,28,12,[ 3 10],29,-1,58,-1,46
1,<environment.Job instance at 0x7f4449431a50>,29,21,[ 1 10],30,-1,67,-1,46
1,<environment.Job instance at 0x7f4448a196e0>,4,14,[13  3],5,-1,19,-1,5
1,<environment.Job instance at 0x7f4449431780>,6,3,[ 2 12],7,-1,10,-1,7
1,<environment.Job instance at 0x7f4448a19500>,8,1,[13  2],9,-1,11,-1,10
1,<environment.Job instance at 0x7f4448a19550>,10,2,[9 5],11,-1,13,-1,11
1,<environment.Job instance at 0x7f4448a19050>,11,22,[2 9],12,-1,59,-1,37
1,<environment.Job instance at 0x7f4448a19e60>,16,24,[11  5],17,-1,61,-1,37
1,<environment.Job instance at 0x7f4448a19190>,17,21,[ 3 10],18,-1,58,-1,37
1,<environment.Job instance at 0x7f4448a1a640>,18,25,[14  4],19,-1,62,-1,37
1,<environment.Job instance at 0x7f4448a1af00>,20,26,[10  5],21,-1,63,-1,37
1,<environment.Job instance at 0x7f4448a1a730>,23,2,[13  3],24,-1,55,-1,53
1,<environment.Job instance at 0x7f4448a1a6e0>,24,21,[ 4 12],25,-1,74,-1,53
1,<environment.Job instance at 0x7f4448a1afa0>,25,2,[5 2],26,-1,55,-1,53
1,<environment.Job instance at 0x7f4448a1a9b0>,26,1,[5 9],27,-1,54,-1,53
1,<environment.Job instance at 0x7f4448a1a5a0>,27,27,[2 9],28,-1,80,-1,53
1,<environment.Job instance at 0x7f4449467e10>,3,24,[14  3],4,-1,28,-1,4
1,<environment.Job instance at 0x7f44494670a0>,5,21,[12  3],6,-1,27,-1,6
1,<environment.Job instance at 0x7f4448a19f00>,7,28,[4 5],8,-1,37,-1,9
1,<environment.Job instance at 0x7f4449467690>,9,22,[14  1],10,-1,32,-1,10
1,<environment.Job instance at 0x7f4449467a00>,10,3,[11  3],11,-1,14,-1,11
1,<environment.Job instance at 0x7f4449467af0>,11,27,[ 4 13],12,-1,39,-1,12
1,<environment.Job instance at 0x7f4449467d20>,12,26,[8 4],13,-1,39,-1,13
1,<environment.Job instance at 0x7f4449467d70>,16,3,[9 1],17,-1,23,-1,20
1,<environment.Job instance at 0x7f4449374410>,19,1,[5 4],20,-1,31,-1,30
1,<environment.Job instance at 0x7f4449374b90>,20,25,[ 3 10],21,-1,55,-1,30
1,<environment.Job instance at 0x7f4449374a00>,21,1,[ 2 10],22,-1,31,-1,30
1,<environment.Job instance at 0x7f4449374870>,22,27,[3 9],23,-1,57,-1,30
1,<environment.Job instance at 0x7f4449374730>,23,2,[4 7],24,-1,32,-1,30
1,<environment.Job instance at 0x7f4449374eb0>,24,12,[13  2],25,-1,42,-1,30
1,<environment.Job instance at 0x7f44493740f0>,26,23,[3 6],27,-1,60,-1,37
1,<environment.Job instance at 0x7f4449374910>,31,17,[12  5],32,-1,80,-1,63
1,<environment.Job instance at 0x7f4449374f00>,32,12,[13  5],33,-1,75,-1,63
1,<environment.Job instance at 0x7f4449374370>,34,25,[1 5],35,-1,97,-1,72
1,<environment.Job instance at 0x7f4449374320>,35,2,[7 2],36,-1,74,-1,72
1,<environment.Job instance at 0x7f4449a08eb0>,6,25,[8 5],7,-1,32,-1,7
1,<environment.Job instance at 0x7f4449a08690>,8,3,[5 9],9,-1,13,-1,10
1,<environment.Job instance at 0x7f4449a08dc0>,10,24,[9 1],11,-1,35,-1,11
1,<environment.Job instance at 0x7f44523a7f00>,11,25,[7 1],12,-1,38,-1,13
1,<environment.Job instance at 0x7f44523a70f0>,13,23,[10  2],14,-1,43,-1,20
1,<environment.Job instance at 0x7f444964e190>,15,16,[ 5 12],16,-1,36,-1,20
1,<environment.Job instance at 0x7f44523a70a0>,16,27,[ 4 14],17,-1,47,-1,20
1,<environment.Job instance at 0x7f44523a7be0>,17,23,[2 9],18,-1,45,-1,22
1,<environment.Job instance at 0x7f4449c3d140>,22,3,[3 5],23,-1,51,-1,48
1,<environment.Job instance at 0x7f4449c3d8c0>,23,14,[1 5],24,-1,62,-1,48
1,<environment.Job instance at 0x7f4449c3da00>,24,12,[ 4 12],25,-1,60,-1,48
1,<environment.Job instance at 0x7f4449c3d4b0>,25,26,[10  2],26,-1,74,-1,48
1,<environment.Job instance at 0x7f4449c3d050>,26,22,[ 4 13],27,-1,70,-1,48
1,<environment.Job instance at 0x7f4449c3d870>,27,16,[14  5],28,-1,64,-1,48
1,<environment.Job instance at 0x7f4449c3d640>,28,19,[7 1],29,-1,67,-1,48
1,<environment.Job instance at 0x7f4449cca500>,30,14,[ 3 10],31,-1,81,-1,67
1,<environment.Job instance at 0x7f4449ccad20>,31,2,[13  1],32,-1,69,-1,67
1,<environment.Job instance at 0x7f44523a8f00>,32,27,[1 9],33,-1,94,-1,67
1,<environment.Job instance at 0x7f44523a8eb0>,33,1,[10  2],34,-1,68,-1,67
1,<environment.Job instance at 0x7f44523a8be0>,35,2,[9 5],36,-1,73,-1,71
1,<environment.Job instance at 0x7f44523a8d20>,36,27,[9 5],37,-1,98,-1,71
1,<environment.Job instance at 0x7f4448938910>,1,2,[ 2 14],2,-1,4,-1,2
1,<environment.Job instance at 0x7f4448938280>,2,17,[ 5 14],3,-1,20,-1,3
1,<environment.Job instance at 0x7f4448938730>,7,17,[14  5],8,-1,25,-1,8
1,<environment.Job instance at 0x7f4448938d70>,8,2,[13  3],9,-1,12,-1,10
1,<environment.Job instance at 0x7f4448938af0>,12,3,[7 4],13,-1,19,-1,16
1,<environment.Job instance at 0x7f4448938550>,15,28,[10  3],16,-1,54,-1,26
1,<environment.Job instance at 0x7f4448938e10>,16,3,[3 5],17,-1,29,-1,26
1,<environment.Job instance at 0x7f4449202870>,23,3,[7 4],24,-1,62,-1,59
1,<environment.Job instance at 0x7f44492020f0>,24,1,[3 8],25,-1,60,-1,59
1,<environment.Job instance at 0x7f4449202370>,25,3,[10  2],26,-1,62,-1,59
1,<environment.Job instance at 0x7f4449202690>,26,24,[14  2],27,-1,83,-1,59
1,<environment.Job instance at 0x7f4449202f50>,27,3,[ 5 11],28,-1,62,-1,59
1,<environment.Job instance at 0x7f4449202b90>,28,2,[ 2 12],29,-1,61,-1,59
1,<environment.Job instance at 0x7f4449202e10>,29,23,[ 4 11],30,-1,82,-1,59
1,<environment.Job instance at 0x7f444907ae10>,1,2,[1 8],2,-1,5,-1,3
1,<environment.Job instance at 0x7f444885a2d0>,3,24,[11  3],4,-1,28,-1,4
1,<environment.Job instance at 0x7f444885a460>,4,18,[13  3],5,-1,24,-1,6
1,<environment.Job instance at 0x7f444885aa50>,12,24,[7 5],13,-1,41,-1,17
1,<environment.Job instance at 0x7f444885aaf0>,13,20,[14  5],14,-1,37,-1,17
1,<environment.Job instance at 0x7f444885ac30>,15,18,[14  1],16,-1,35,-1,17
1,<environment.Job instance at 0x7f444885acd0>,16,27,[5 5],17,-1,44,-1,17
1,<environment.Job instance at 0x7f444885ae10>,20,1,[1 9],21,-1,33,-1,32
1,<environment.Job instance at 0x7f444885b140>,21,3,[ 5 12],22,-1,35,-1,32
1,<environment.Job instance at 0x7f444885b280>,23,21,[ 2 11],24,-1,56,-1,35
1,<environment.Job instance at 0x7f444885b320>,24,1,[14  3],25,-1,36,-1,35
1,<environment.Job instance at 0x7f444885b460>,27,19,[11  1],28,-1,61,-1,42
1,<environment.Job instance at 0x7f444885b780>,30,1,[2 9],31,-1,55,-1,54
1,<environment.Job instance at 0x7f444885b960>,32,19,[ 5 14],33,-1,90,-1,71
1,<environment.Job instance at 0x7f444885ba00>,2,17,[ 2 13],3,-1,20,-1,3
1,<environment.Job instance at 0x7f4448f27410>,3,27,[12  4],4,-1,31,-1,4
1,<environment.Job instance at 0x7f444885b9b0>,7,12,[ 5 12],8,-1,20,-1,8
1,<environment.Job instance at 0x7f444977be10>,8,14,[14  1],9,-1,23,-1,9
1,<environment.Job instance at 0x7f444977b870>,11,18,[11  5],12,-1,44,-1,26
1,<environment.Job instance at 0x7f44493382d0>,15,25,[8 1],16,-1,51,-1,26
1,<environment.Job instance at 0x7f4449338730>,17,21,[ 5 14],18,-1,51,-1,30
1,<environment.Job instance at 0x7f4449338640>,22,27,[9 3],23,-1,74,-1,47
1,<environment.Job instance at 0x7f4449338f00>,24,2,[4 7],25,-1,49,-1,47
1,<environment.Job instance at 0x7f4449338320>,25,28,[ 1 13],26,-1,75,-1,47
1,<environment.Job instance at 0x7f4449338a50>,26,12,[ 4 10],27,-1,59,-1,47
1,<environment.Job instance at 0x7f4449338820>,28,2,[ 4 11],29,-1,66,-1,64
1,<environment.Job instance at 0x7f44493386e0>,29,26,[9 4],30,-1,90,-1,64
1,<environment.Job instance at 0x7f44493383c0>,30,28,[2 7],31,-1,92,-1,64
1,<environment.Job instance at 0x7f4449338550>,20,28,[2 8],21,-1,92,-1,64
1,<environment.Job instance at 0x7f4449581af0>,32,22,[ 5 14],33,-1,86,-1,64
1,<environment.Job instance at 0x7f4449581050>,31,3,[5 5],32,-1,67,-1,64
1,<environment.Job instance at 0x7f4448a490a0>,6,25,[8 3],7,-1,32,-1,7
1,<environment.Job instance at 0x7f4448aa2730>,7,13,[13  1],8,-1,21,-1,8
1,<environment.Job instance at 0x7f4448aa2c30>,8,16,[ 5 10],9,-1,25,-1,9
1,<environment.Job instance at 0x7f4448e687d0>,15,13,[ 2 12],16,-1,35,-1,22
1,<environment.Job instance at 0x7f4448e68460>,16,25,[ 5 10],17,-1,47,-1,22
1,<environment.Job instance at 0x7f4448e681e0>,17,26,[9 3],18,-1,48,-1,22
1,<environment.Job instance at 0x7f4448e68a00>,18,26,[ 1 12],19,-1,48,-1,22
1,<environment.Job instance at 0x7f444928d460>,19,28,[3 6],20,-1,50,-1,22
1,<environment.Job instance at 0x7f4452648730>,20,2,[1 6],21,-1,24,-1,22
1,<environment.Job instance at 0x7f444928d7d0>,21,12,[11  1],22,-1,34,-1,22
1,<environment.Job instance at 0x7f44493ab2d0>,23,15,[13  2],24,-1,47,-1,32
1,<environment.Job instance at 0x7f4449ab6b90>,24,17,[12  3],25,-1,49,-1,32
1,<environment.Job instance at 0x7f4449ab6730>,25,2,[ 4 12],26,-1,34,-1,32
1,<environment.Job instance at 0x7f4449ab6500>,26,1,[10  1],27,-1,33,-1,32
1,<environment.Job instance at 0x7f4449ab6140>,27,28,[3 6],28,-1,60,-1,32
1,<environment.Job instance at 0x7f4449ab6910>,29,19,[13  1],30,-1,53,-1,34
1,<environment.Job instance at 0x7f4448ae30a0>,33,2,[5 5],34,-1,59,-1,57
1,<environment.Job instance at 0x7f4448ae3a00>,34,28,[6 5],35,-1,85,-1,57
1,<environment.Job instance at 0x7f4448990550>,1,28,[ 5 12],2,-1,30,-1,2
1,<environment.Job instance at 0x7f4448ae39b0>,2,28,[2 6],3,-1,31,-1,3
1,<environment.Job instance at 0x7f4449d6bf00>,4,28,[ 1 11],5,-1,33,-1,5
1,<environment.Job instance at 0x7f44498c1780>,6,23,[11  3],7,-1,30,-1,7
1,<environment.Job instance at 0x7f44498c1c80>,7,14,[13  5],8,-1,22,-1,8
1,<environment.Job instance at 0x7f44488a7a00>,9,1,[6 1],10,-1,11,-1,10
1,<environment.Job instance at 0x7f44488a7550>,11,13,[12  5],12,-1,25,-1,12
1,<environment.Job instance at 0x7f4448ae3640>,14,3,[ 5 14],15,-1,18,-1,15
1,<environment.Job instance at 0x7f4452403f50>,15,27,[6 1],16,-1,44,-1,17
1,<environment.Job instance at 0x7f4449d854b0>,21,27,[5 1],22,-1,58,-1,31
1,<environment.Job instance at 0x7f44488ab9b0>,25,1,[1 6],26,-1,50,-1,49
1,<environment.Job instance at 0x7f44488abdc0>,26,12,[14  1],27,-1,61,-1,49
1,<environment.Job instance at 0x7f44488ab320>,27,18,[ 3 13],28,-1,67,-1,49
1,<environment.Job instance at 0x7f44491107d0>,32,3,[ 4 11],33,-1,82,-1,79
1,<environment.Job instance at 0x7f4449110e10>,33,25,[5 6],34,-1,104,-1,79
1,<environment.Job instance at 0x7f44523eca50>,34,26,[ 3 12],35,-1,105,-1,79
1,<environment.Job instance at 0x7f4448bf2a00>,35,2,[ 4 13],36,-1,81,-1,79
1,<environment.Job instance at 0x7f445264a550>,36,2,[10  5],37,-1,81,-1,79
1,<environment.Job instance at 0x7f44523ec190>,37,27,[5 7],38,-1,106,-1,79
1,<environment.Job instance at 0x7f4448c074b0>,38,20,[ 4 14],39,-1,99,-1,79
1,<environment.Job instance at 0x7f4448be1780>,2,1,[10  4],3,-1,4,-1,3
1,<environment.Job instance at 0x7f4449db3190>,7,27,[5 7],8,-1,35,-1,8
1,<environment.Job instance at 0x7f444984f500>,10,1,[ 5 12],11,-1,12,-1,11
1,<environment.Job instance at 0x7f4448fa6cd0>,12,16,[ 2 13],13,-1,29,-1,13
1,<environment.Job instance at 0x7f4448fa6690>,15,13,[14  1],16,-1,34,-1,21
1,<environment.Job instance at 0x7f4448fa6e60>,16,3,[ 5 13],17,-1,24,-1,21
1,<environment.Job instance at 0x7f4448fa6b90>,17,20,[ 2 13],18,-1,41,-1,21
1,<environment.Job instance at 0x7f4449114b90>,18,27,[4 9],19,-1,48,-1,21
1,<environment.Job instance at 0x7f446edc40f0>,19,3,[ 2 13],20,-1,24,-1,21
1,<environment.Job instance at 0x7f4459b5b6e0>,20,2,[ 4 12],21,-1,23,-1,21
1,<environment.Job instance at 0x7f4448d76e60>,21,16,[2 8],22,-1,43,-1,27
1,<environment.Job instance at 0x7f4449e140a0>,23,17,[8 1],24,-1,44,-1,27
1,<environment.Job instance at 0x7f4449e14780>,24,12,[11  5],25,-1,39,-1,27
1,<environment.Job instance at 0x7f4449e145a0>,25,21,[9 4],26,-1,51,-1,30
1,<environment.Job instance at 0x7f444995d730>,26,20,[5 9],27,-1,52,-1,32
1,<environment.Job instance at 0x7f444995d820>,27,21,[12  5],28,-1,53,-1,32
1,<environment.Job instance at 0x7f444995d2d0>,29,20,[11  5],30,-1,55,-1,35
1,<environment.Job instance at 0x7f444995d140>,30,1,[8 5],31,-1,36,-1,35
1,<environment.Job instance at 0x7f44491c9e10>,32,28,[5 7],33,-1,74,-1,46
1,<environment.Job instance at 0x7f44491c9780>,33,12,[ 4 11],34,-1,58,-1,46
1,<environment.Job instance at 0x7f4448f7bb90>,34,25,[13  4],35,-1,71,-1,46
1,<environment.Job instance at 0x7f44491c9aa0>,35,21,[ 1 12],36,-1,67,-1,46
1,<environment.Job instance at 0x7f44491c9c30>,36,22,[ 4 10],37,-1,68,-1,46
1,<environment.Job instance at 0x7f444920a6e0>,37,22,[13  5],38,-1,68,-1,46
1,<environment.Job instance at 0x7f444920a910>,38,28,[13  2],39,-1,74,-1,46
1,<environment.Job instance at 0x7f444920a9b0>,39,13,[8 3],40,-1,59,-1,46
1,<environment.Job instance at 0x7f444920aaf0>,40,24,[7 3],41,-1,70,-1,46
1,<environment.Job instance at 0x7f444920a050>,41,13,[1 9],42,-1,59,-1,46
1,<environment.Job instance at 0x7f444920ae10>,42,26,[5 8],43,-1,72,-1,46
1,<environment.Job instance at 0x7f444920adc0>,43,13,[1 7],44,-1,59,-1,46
1,<environment.Job instance at 0x7f444920a7d0>,44,23,[1 5],45,-1,69,-1,46
1,<environment.Job instance at 0x7f4449df0780>,45,2,[5 5],46,-1,48,-1,46
1,<environment.Job instance at 0x7f4449df0c80>,46,2,[ 5 13],47,-1,49,-1,47
1,<environment.Job instance at 0x7f4449df0e60>,47,13,[ 1 14],48,-1,61,-1,48
1,<environment.Job instance at 0x7f4449df0280>,48,2,[ 1 10],49,-1,51,-1,49
1,<environment.Job instance at 0x7f4449df0dc0>,49,13,[7 5],50,-1,64,-1,51
1,<environment.Job instance at 0x7f4449df0aa0>,50,21,[13  2],51,-1,72,-1,51
1,<environment.Job instance at 0x7f4449df08c0>,51,1,[9 1],52,-1,53,-1,52
1,<environment.Job instance at 0x7f4449df0f50>,52,18,[ 2 11],53,-1,71,-1,53
1,<environment.Job instance at 0x7f4449df0cd0>,53,3,[8 2],54,-1,57,-1,54
1,<environment.Job instance at 0x7f4449df0640>,54,3,[11  2],55,-1,58,-1,55
1,<environment.Job instance at 0x7f444967a820>,55,3,[14  5],56,-1,59,-1,56
1,<environment.Job instance at 0x7f444924e5f0>,57,14,[8 1],58,-1,72,-1,58
1,<environment.Job instance at 0x7f44493ab780>,58,16,[ 4 10],59,-1,76,-1,60
1,<environment.Job instance at 0x7f4449df0050>,59,18,[ 5 14],60,-1,78,-1,60
1,<environment.Job instance at 0x7f44493abe10>,60,17,[ 3 13],61,-1,78,-1,61
1,<environment.Job instance at 0x7f44523f4780>,61,23,[13  3],62,-1,85,-1,62
1,<environment.Job instance at 0x7f44493cbfa0>,62,18,[ 2 12],63,-1,81,-1,63
1,<environment.Job instance at 0x7f44493cbd70>,63,2,[11  1],64,-1,66,-1,64
1,<environment.Job instance at 0x7f44487b8910>,4,26,[5 7],5,-1,31,-1,5
1,<environment.Job instance at 0x7f44487b82d0>,5,3,[ 1 12],6,-1,9,-1,6
1,<environment.Job instance at 0x7f4448b7dcd0>,3,25,[ 5 10],4,-1,29,-1,4
1,<environment.Job instance at 0x7f4449133aa0>,6,15,[ 3 14],7,-1,22,-1,7
1,<environment.Job instance at 0x7f44491339b0>,8,27,[7 4],9,-1,37,-1,10
1,<environment.Job instance at 0x7f445248b7d0>,19,14,[11  5],20,-1,82,-1,68
1,<environment.Job instance at 0x7f44495736e0>,6,15,[ 4 10],7,-1,25,-1,10
1,<environment.Job instance at 0x7f4449573870>,10,20,[4 9],11,-1,32,-1,12
1,<environment.Job instance at 0x7f4449573be0>,11,1,[10  1],12,-1,13,-1,12
1,<environment.Job instance at 0x7f44495734b0>,12,1,[10  1],13,-1,14,-1,13
1,<environment.Job instance at 0x7f4449691e10>,16,18,[ 4 10],17,-1,41,-1,23
1,<environment.Job instance at 0x7f4449691410>,18,14,[ 2 12],19,-1,46,-1,32
1,<environment.Job instance at 0x7f4449691460>,19,28,[11  4],20,-1,60,-1,32
1,<environment.Job instance at 0x7f4449691190>,20,22,[ 5 12],21,-1,54,-1,32
1,<environment.Job instance at 0x7f4449691fa0>,22,25,[9 5],23,-1,72,-1,47
1,<environment.Job instance at 0x7f4449691280>,23,22,[3 8],24,-1,69,-1,47
1,<environment.Job instance at 0x7f4449691e60>,25,12,[9 1],26,-1,59,-1,47
1,<environment.Job instance at 0x7f4449691cd0>,26,22,[ 1 13],27,-1,69,-1,47
1,<environment.Job instance at 0x7f4448acb190>,27,3,[ 2 11],28,-1,50,-1,47
1,<environment.Job instance at 0x7f44484e4230>,2,15,[12  2],3,-1,18,-1,3
1,<environment.Job instance at 0x7f44484e4e10>,5,26,[13  3],6,-1,32,-1,6
1,<environment.Job instance at 0x7f44484e4b40>,6,23,[9 5],7,-1,30,-1,7
1,<environment.Job instance at 0x7f44484e4f00>,7,27,[7 3],8,-1,35,-1,8
1,<environment.Job instance at 0x7f44484e4370>,8,2,[9 4],9,-1,11,-1,9
1,<environment.Job instance at 0x7f44484e4050>,11,25,[9 5],12,-1,37,-1,12
1,<environment.Job instance at 0x7f44484e4410>,12,14,[5 9],13,-1,34,-1,20
1,<environment.Job instance at 0x7f4448c1dbe0>,16,3,[9 2],17,-1,23,-1,20
1,<environment.Job instance at 0x7f4448c1d780>,17,2,[ 4 14],18,-1,22,-1,20
1,<environment.Job instance at 0x7f4449b7c870>,18,23,[10  3],19,-1,43,-1,20
1,<environment.Job instance at 0x7f4449b7cb40>,19,14,[ 1 11],20,-1,34,-1,20
1,<environment.Job instance at 0x7f44487892d0>,20,17,[5 1],21,-1,38,-1,21
1,<environment.Job instance at 0x7f4448789aa0>,21,21,[2 6],22,-1,43,-1,22
1,<environment.Job instance at 0x7f4448789c30>,22,23,[ 2 12],23,-1,46,-1,23
1,<environment.Job instance at 0x7f44487890a0>,23,27,[8 3],24,-1,51,-1,24
1,<environment.Job instance at 0x7f44487891e0>,24,18,[ 2 10],25,-1,46,-1,28
1,<environment.Job instance at 0x7f444879a500>,26,14,[9 5],27,-1,47,-1,33
1,<environment.Job instance at 0x7f444879ae60>,27,14,[8 5],28,-1,48,-1,34
1,<environment.Job instance at 0x7f44488d8e60>,28,25,[9 4],29,-1,59,-1,34
1,<environment.Job instance at 0x7f44488d8190>,29,15,[7 3],30,-1,52,-1,37
1,<environment.Job instance at 0x7f44488d89b0>,30,17,[1 5],31,-1,54,-1,37
1,<environment.Job instance at 0x7f44488d8fa0>,31,3,[3 9],32,-1,40,-1,37
1,<environment.Job instance at 0x7f44488d8640>,32,28,[ 5 13],33,-1,65,-1,37
1,<environment.Job instance at 0x7f44488d8460>,33,15,[12  1],34,-1,52,-1,37
1,<environment.Job instance at 0x7f44488d88c0>,34,3,[ 5 14],35,-1,40,-1,37
1,<environment.Job instance at 0x7f44488d8d20>,35,16,[2 9],36,-1,53,-1,37
1,<environment.Job instance at 0x7f4449c43910>,36,26,[4 9],37,-1,63,-1,37
1,<environment.Job instance at 0x7f4449c435f0>,37,27,[10  5],38,-1,65,-1,38
1,<environment.Job instance at 0x7f4449c43a50>,40,2,[ 2 10],41,-1,47,-1,45
1,<environment.Job instance at 0x7f4449c43730>,41,3,[1 6],42,-1,48,-1,45
1,<environment.Job instance at 0x7f444995dfa0>,42,16,[13  4],43,-1,61,-1,45
1,<environment.Job instance at 0x7f444995dd70>,44,16,[ 5 12],45,-1,75,-1,59
1,<environment.Job instance at 0x7f444995daf0>,45,21,[5 6],46,-1,80,-1,59
1,<environment.Job instance at 0x7f444995d5f0>,46,19,[2 7],47,-1,78,-1,59
1,<environment.Job instance at 0x7f444995d910>,47,3,[6 1],48,-1,62,-1,59
1,<environment.Job instance at 0x7f444995d050>,48,12,[ 2 12],49,-1,71,-1,59
1,<environment.Job instance at 0x7f444995dcd0>,49,2,[6 2],50,-1,61,-1,59
1,<environment.Job instance at 0x7f4449ac6730>,50,22,[5 4],51,-1,81,-1,59
1,<environment.Job instance at 0x7f4449ac6a50>,51,3,[7 2],52,-1,62,-1,59
1,<environment.Job instance at 0x7f4449ac66e0>,52,13,[5 8],53,-1,72,-1,59
1,<environment.Job instance at 0x7f4449ac69b0>,54,18,[ 1 11],55,-1,77,-1,59
1,<environment.Job instance at 0x7f4449ac6f00>,55,3,[3 7],56,-1,62,-1,59
1,<environment.Job instance at 0x7f4448ce5c80>,57,13,[4 8],58,-1,89,-1,76
1,<environment.Job instance at 0x7f4448ce56e0>,58,17,[10  1],59,-1,93,-1,76
1,<environment.Job instance at 0x7f4448ce52d0>,59,16,[ 2 13],60,-1,92,-1,76
1,<environment.Job instance at 0x7f4448ce5e10>,60,16,[ 5 12],61,-1,92,-1,76
1,<environment.Job instance at 0x7f4448926690>,61,12,[11  1],62,-1,88,-1,76
1,<environment.Job instance at 0x7f4448770870>,1,27,[5 2],2,-1,29,-1,2
1,<environment.Job instance at 0x7f4448926eb0>,2,12,[ 3 13],3,-1,15,-1,3
1,<environment.Job instance at 0x7f44487706e0>,3,17,[14  5],4,-1,21,-1,4
1,<environment.Job instance at 0x7f4448770730>,4,15,[14  2],5,-1,20,-1,5
1,<environment.Job instance at 0x7f4448770a00>,5,15,[ 1 12],6,-1,21,-1,6
1,<environment.Job instance at 0x7f4448a351e0>,9,12,[ 1 12],10,-1,22,-1,10
1,<environment.Job instance at 0x7f4448a35460>,20,12,[11  2],21,-1,57,-1,45
1,<environment.Job instance at 0x7f4448a352d0>,21,18,[ 3 11],22,-1,63,-1,45
1,<environment.Job instance at 0x7f4452aa15a0>,24,24,[2 8],25,-1,84,-1,60
1,<environment.Job instance at 0x7f4452c37190>,25,24,[5 7],26,-1,84,-1,60
1,<environment.Job instance at 0x7f4452a9b960>,26,13,[14  2],27,-1,73,-1,60
1,<environment.Job instance at 0x7f4452aa16e0>,27,12,[ 5 14],28,-1,72,-1,60
1,<environment.Job instance at 0x7f4452aa1320>,28,28,[11  4],29,-1,88,-1,60
1,<environment.Job instance at 0x7f4448d04960>,29,1,[1 6],30,-1,61,-1,60
1,<environment.Job instance at 0x7f4448d042d0>,30,26,[1 8],31,-1,86,-1,60
1,<environment.Job instance at 0x7f4448d045a0>,34,3,[7 5],35,-1,77,-1,74
1,<environment.Job instance at 0x7f4448d04f50>,35,24,[5 3],36,-1,98,-1,74
1,<environment.Job instance at 0x7f4448d04190>,36,15,[ 1 14],37,-1,89,-1,74
1,<environment.Job instance at 0x7f4448d04b90>,37,1,[ 3 13],38,-1,75,-1,74
1,<environment.Job instance at 0x7f4448d04c80>,38,23,[11  4],39,-1,97,-1,74
1,<environment.Job instance at 0x7f4449a4c820>,9,16,[11  3],10,-1,26,-1,10
1,<environment.Job instance at 0x7f4449a4c7d0>,10,16,[11  5],11,-1,27,-1,11
1,<environment.Job instance at 0x7f4449a4ceb0>,16,24,[13  2],17,-1,56,-1,32
1,<environment.Job instance at 0x7f4449a4cf50>,17,22,[4 5],18,-1,64,-1,42
1,<environment.Job instance at 0x7f4449a73050>,19,14,[11  5],20,-1,57,-1,43
1,<environment.Job instance at 0x7f4449a730a0>,20,28,[6 1],21,-1,71,-1,43
1,<environment.Job instance at 0x7f4449a73230>,22,22,[5 2],23,-1,86,-1,64
1,<environment.Job instance at 0x7f4449a73410>,23,23,[11  1],24,-1,87,-1,64
1,<environment.Job instance at 0x7f4449a734b0>,25,18,[ 1 13],26,-1,83,-1,65
1,<environment.Job instance at 0x7f4449a735f0>,27,13,[11  3],28,-1,80,-1,67
1,<environment.Job instance at 0x7f4449a73690>,28,28,[7 5],29,-1,95,-1,67
1,<environment.Job instance at 0x7f4449a737d0>,30,2,[14  5],31,-1,72,-1,70
1,<environment.Job instance at 0x7f4449a73870>,31,26,[13  1],32,-1,96,-1,70
1,<environment.Job instance at 0x7f444995ddc0>,9,27,[1 9],10,-1,62,-1,35
1,<environment.Job instance at 0x7f444995d230>,10,25,[ 3 12],11,-1,60,-1,35
1,<environment.Job instance at 0x7f44489f0460>,12,20,[ 1 13],13,-1,56,-1,36
1,<environment.Job instance at 0x7f44489f0690>,13,1,[5 6],14,-1,37,-1,36
1,<environment.Job instance at 0x7f44489f0cd0>,14,23,[10  3],15,-1,59,-1,36
1,<environment.Job instance at 0x7f44489f0e10>,15,15,[ 2 11],16,-1,51,-1,36
1,<environment.Job instance at 0x7f44489f0820>,18,26,[2 5],19,-1,75,-1,49
1,<environment.Job instance at 0x7f44489f05f0>,21,3,[ 2 10],22,-1,69,-1,66
1,<environment.Job instance at 0x7f444864b730>,3,27,[7 2],4,-1,32,-1,5
1,<environment.Job instance at 0x7f444868be10>,5,21,[10  1],6,-1,28,-1,7
1,<environment.Job instance at 0x7f444948faa0>,7,17,[ 1 12],8,-1,25,-1,8
1,<environment.Job instance at 0x7f444948f1e0>,8,22,[13  4],9,-1,31,-1,9
1,<environment.Job instance at 0x7f444948fa00>,9,18,[ 5 12],10,-1,28,-1,10
1,<environment.Job instance at 0x7f444948f5f0>,10,25,[12  1],11,-1,36,-1,11
1,<environment.Job instance at 0x7f444948f320>,11,26,[10  2],12,-1,38,-1,12
1,<environment.Job instance at 0x7f444948fa50>,12,3,[4 8],13,-1,16,-1,13
1,<environment.Job instance at 0x7f44490bdd20>,23,27,[ 1 13],24,-1,89,-1,62
1,<environment.Job instance at 0x7f44490bdaf0>,2,15,[ 3 13],3,-1,18,-1,3
1,<environment.Job instance at 0x7f444978f6e0>,8,2,[7 4],9,-1,12,-1,10
1,<environment.Job instance at 0x7f44496db910>,10,25,[5 8],11,-1,36,-1,11
1,<environment.Job instance at 0x7f44496db8c0>,11,15,[11  2],12,-1,28,-1,13
1,<environment.Job instance at 0x7f44496dbb90>,13,25,[ 2 10],14,-1,39,-1,14
1,<environment.Job instance at 0x7f44496dbdc0>,14,2,[ 2 10],15,-1,17,-1,15
1,<environment.Job instance at 0x7f44496dbf50>,15,23,[7 1],16,-1,39,-1,16
1,<environment.Job instance at 0x7f44496db730>,16,23,[5 3],17,-1,40,-1,17
1,<environment.Job instance at 0x7f4448a82640>,17,26,[1 7],18,-1,44,-1,18
1,<environment.Job instance at 0x7f444978f960>,19,13,[ 2 12],20,-1,33,-1,20
1,<environment.Job instance at 0x7f4449c43af0>,20,27,[ 1 14],21,-1,48,-1,21
1,<environment.Job instance at 0x7f4449c43820>,23,28,[ 5 13],24,-1,61,-1,33
1,<environment.Job instance at 0x7f44487892d0>,25,1,[6 4],26,-1,44,-1,43
1,<environment.Job instance at 0x7f4448ad0780>,31,1,[ 2 13],32,-1,80,-1,79
1,<environment.Job instance at 0x7fa28be571e0>,5,24,[1 5],6,-1,37,-1,13
1,<environment.Job instance at 0x7fa2826dfa50>,9,18,[ 2 13],10,-1,31,-1,13
1,<environment.Job instance at 0x7fa2826dfaf0>,10,18,[ 3 11],11,-1,31,-1,13
1,<environment.Job instance at 0x7fa2826dfb90>,11,1,[8 5],12,-1,14,-1,13
1,<environment.Job instance at 0x7fa2826df910>,13,28,[ 4 14],14,-1,42,-1,14
1,<environment.Job instance at 0x7fa2826dffa0>,17,28,[ 5 10],18,-1,60,-1,32
1,<environment.Job instance at 0x7fa2826dfe60>,18,3,[ 4 13],19,-1,35,-1,32
1,<environment.Job instance at 0x7fa2826e1190>,19,14,[ 3 11],20,-1,46,-1,32
1,<environment.Job instance at 0x7fa2826e10f0>,20,1,[13  5],21,-1,33,-1,32
1,<environment.Job instance at 0x7fa2826e1230>,21,1,[6 5],22,-1,33,-1,32
1,<environment.Job instance at 0x7fa2826e1320>,22,1,[2 7],23,-1,33,-1,32
1,<environment.Job instance at 0x7fa2826e13c0>,23,27,[ 1 14],24,-1,59,-1,32
1,<environment.Job instance at 0x7fa2826e1460>,24,18,[ 4 10],25,-1,61,-1,43
1,<environment.Job instance at 0x7fa2826e1690>,26,26,[5 5],27,-1,69,-1,43
1,<environment.Job instance at 0x7fa2826e1730>,29,25,[ 4 11],30,-1,113,-1,88
1,<environment.Job instance at 0x7fa2826e17d0>,30,22,[ 5 13],31,-1,110,-1,88
1,<environment.Job instance at 0x7fa2821629b0>,1,14,[ 2 13],2,-1,16,-1,2
1,<environment.Job instance at 0x7fa282827780>,8,22,[ 3 11],9,-1,31,-1,9
1,<environment.Job instance at 0x7fa282827e60>,9,12,[ 5 14],10,-1,22,-1,10
1,<environment.Job instance at 0x7fa282d948c0>,15,18,[12  4],16,-1,57,-1,39
1,<environment.Job instance at 0x7fa282d94aa0>,16,17,[ 5 13],17,-1,56,-1,39
1,<environment.Job instance at 0x7fa282d947d0>,17,23,[14  4],18,-1,62,-1,39
1,<environment.Job instance at 0x7fa281d90c80>,4,21,[ 4 12],5,-1,26,-1,5
1,<environment.Job instance at 0x7fa281d90780>,7,27,[2 9],8,-1,35,-1,8
1,<environment.Job instance at 0x7fa282d909b0>,2,12,[13  5],3,-1,15,-1,3
1,<environment.Job instance at 0x7fa2821b4a00>,4,25,[1 5],5,-1,30,-1,5
1,<environment.Job instance at 0x7fa2820d85a0>,7,15,[ 2 14],8,-1,23,-1,8
1,<environment.Job instance at 0x7fa281e76500>,10,14,[14  5],11,-1,25,-1,11
1,<environment.Job instance at 0x7fa28268f8c0>,11,13,[ 5 13],12,-1,25,-1,12
1,<environment.Job instance at 0x7fa281e7b140>,16,25,[5 2],17,-1,45,-1,20
1,<environment.Job instance at 0x7fa282162af0>,17,2,[8 5],18,-1,22,-1,20
1,<environment.Job instance at 0x7fa281d90be0>,18,28,[5 3],19,-1,48,-1,20
1,<environment.Job instance at 0x7fa2822bd960>,20,2,[ 1 11],21,-1,25,-1,23
1,<environment.Job instance at 0x7fa281c5c050>,10,27,[ 4 10],11,-1,48,-1,21
1,<environment.Job instance at 0x7fa281c5c5f0>,11,25,[12  4],12,-1,46,-1,21
1,<environment.Job instance at 0x7fa281c5c690>,12,2,[5 7],13,-1,23,-1,21
1,<environment.Job instance at 0x7fa281c5c730>,13,27,[3 8],14,-1,48,-1,21
1,<environment.Job instance at 0x7fa281c5c7d0>,14,13,[11  5],15,-1,34,-1,21
1,<environment.Job instance at 0x7fa281c5c870>,15,24,[8 4],16,-1,45,-1,21
1,<environment.Job instance at 0x7fa281c5c9b0>,17,2,[6 3],18,-1,31,-1,29
1,<environment.Job instance at 0x7fa281c5ca50>,18,3,[13  2],19,-1,32,-1,29
1,<environment.Job instance at 0x7fa281c5cb90>,20,3,[1 6],21,-1,38,-1,35
1,<environment.Job instance at 0x7fa281c5cc80>,21,17,[12  4],22,-1,52,-1,35
1,<environment.Job instance at 0x7fa281c5c4b0>,22,2,[5 5],23,-1,37,-1,35
1,<environment.Job instance at 0x7fa281c5cd70>,23,1,[7 4],24,-1,36,-1,35
1,<environment.Job instance at 0x7fa281c5ccd0>,25,3,[12  3],26,-1,54,-1,51
1,<environment.Job instance at 0x7fa281c5cdc0>,26,12,[ 5 14],27,-1,63,-1,51
1,<environment.Job instance at 0x7fa281c5f190>,28,3,[5 5],29,-1,68,-1,65
1,<environment.Job instance at 0x7fa281c5f3c0>,30,26,[9 4],31,-1,109,-1,83
1,<environment.Job instance at 0x7fa281c5f410>,31,1,[7 4],32,-1,84,-1,83
1,<environment.Job instance at 0x7fa281c5f4b0>,32,2,[9 2],33,-1,85,-1,83
1,<environment.Job instance at 0x7fa281c7f280>,1,18,[ 4 13],2,-1,20,-1,2
1,<environment.Job instance at 0x7fa281c5f500>,2,23,[11  2],3,-1,26,-1,3
1,<environment.Job instance at 0x7fa281c7f050>,3,1,[11  5],4,-1,5,-1,4
1,<environment.Job instance at 0x7fa281c7fbe0>,7,14,[ 5 11],8,-1,22,-1,8
1,<environment.Job instance at 0x7fa281c7f9b0>,5,19,[14  4],6,-1,28,-1,9
1,<environment.Job instance at 0x7fa281c7f2d0>,10,18,[14  2],11,-1,29,-1,11
1,<environment.Job instance at 0x7fa281c96140>,11,16,[ 5 11],12,-1,32,-1,16
1,<environment.Job instance at 0x7fa281c96960>,16,3,[ 5 14],17,-1,20,-1,17
1,<environment.Job instance at 0x7fa281c96370>,17,27,[9 3],18,-1,45,-1,18
1,<environment.Job instance at 0x7fa281c965a0>,18,15,[13  3],19,-1,34,-1,19
1,<environment.Job instance at 0x7fa281c96780>,20,12,[ 3 12],21,-1,38,-1,26
1,<environment.Job instance at 0x7fa281c963c0>,21,1,[ 3 11],22,-1,28,-1,27
1,<environment.Job instance at 0x7fa281c96dc0>,23,2,[6 3],24,-1,30,-1,28
1,<environment.Job instance at 0x7fa281c96a50>,24,2,[3 8],25,-1,30,-1,28
1,<environment.Job instance at 0x7fa281c96460>,25,12,[ 2 12],26,-1,40,-1,28
1,<environment.Job instance at 0x7fa281c964b0>,26,27,[ 1 13],27,-1,55,-1,28
1,<environment.Job instance at 0x7fa281c4af50>,30,2,[13  5],31,-1,54,-1,52
1,<environment.Job instance at 0x7fa281c4a190>,31,2,[1 8],32,-1,54,-1,52
1,<environment.Job instance at 0x7fa281c4a690>,33,24,[11  3],34,-1,87,-1,63
1,<environment.Job instance at 0x7fa281c4a4b0>,34,18,[13  3],35,-1,81,-1,63
1,<environment.Job instance at 0x7fa281c4aeb0>,3,25,[12  3],4,-1,29,-1,4
1,<environment.Job instance at 0x7fa28329da00>,13,2,[ 4 11],14,-1,28,-1,26
1,<environment.Job instance at 0x7fa28329d960>,14,14,[ 5 12],15,-1,40,-1,26
1,<environment.Job instance at 0x7fa28329daf0>,15,24,[ 5 11],16,-1,50,-1,26
1,<environment.Job instance at 0x7fa28329d730>,16,25,[7 3],17,-1,51,-1,26
1,<environment.Job instance at 0x7fa28329dc80>,17,18,[11  5],18,-1,44,-1,26
1,<environment.Job instance at 0x7fa28329da50>,19,27,[1 5],20,-1,53,-1,26
1,<environment.Job instance at 0x7fa282504b90>,22,17,[ 2 13],23,-1,68,-1,51
1,<environment.Job instance at 0x7fa2825042d0>,23,27,[12  4],24,-1,78,-1,51
1,<environment.Job instance at 0x7fa282504e10>,25,12,[1 6],26,-1,63,-1,51
1,<environment.Job instance at 0x7fa282504690>,27,12,[ 5 12],28,-1,81,-1,69
1,<environment.Job instance at 0x7fa282504140>,28,14,[14  1],29,-1,83,-1,69
1,<environment.Job instance at 0x7fa282504c80>,30,14,[12  4],31,-1,83,-1,69
1,<environment.Job instance at 0x7fa282504d70>,31,18,[11  5],32,-1,87,-1,69
1,<environment.Job instance at 0x7fa282504a00>,32,2,[10  5],33,-1,71,-1,69
1,<environment.Job instance at 0x7fa2825043c0>,33,12,[14  4],34,-1,81,-1,69
1,<environment.Job instance at 0x7fa2825c8230>,35,25,[8 1],36,-1,95,-1,70
1,<environment.Job instance at 0x7fa2825c8f00>,37,21,[ 5 14],38,-1,91,-1,70
1,<environment.Job instance at 0x7fa2825c80a0>,39,12,[8 1],40,-1,95,-1,83
1,<environment.Job instance at 0x7fa2825c8eb0>,40,28,[2 8],41,-1,111,-1,83
1,<environment.Job instance at 0x7fa2825c8280>,42,27,[9 3],43,-1,115,-1,88
1,<environment.Job instance at 0x7fa281dfbe10>,6,21,[12  5],7,-1,28,-1,7
1,<environment.Job instance at 0x7fa2826a0050>,11,27,[5 1],12,-1,52,-1,25
1,<environment.Job instance at 0x7fa2826a0370>,12,21,[1 6],13,-1,63,-1,42
1,<environment.Job instance at 0x7fa2826a09b0>,17,13,[13  1],18,-1,63,-1,50
1,<environment.Job instance at 0x7fa28268e0a0>,21,19,[12  1],22,-1,103,-1,84
1,<environment.Job instance at 0x7fa28268e370>,22,2,[5 8],23,-1,86,-1,84
1,<environment.Job instance at 0x7fa282684960>,1,28,[ 5 12],2,-1,30,-1,2
1,<environment.Job instance at 0x7fa28268e410>,2,28,[2 6],3,-1,31,-1,3
1,<environment.Job instance at 0x7fa282470f50>,4,28,[ 1 11],5,-1,33,-1,5
1,<environment.Job instance at 0x7fa282470eb0>,6,23,[11  3],7,-1,30,-1,7
1,<environment.Job instance at 0x7fa282470190>,7,14,[13  5],8,-1,22,-1,8
1,<environment.Job instance at 0x7fa282470960>,9,1,[6 1],10,-1,11,-1,10
1,<environment.Job instance at 0x7fa2824703c0>,11,13,[12  5],12,-1,25,-1,12
1,<environment.Job instance at 0x7fa28268e370>,14,3,[ 5 14],15,-1,18,-1,15
1,<environment.Job instance at 0x7fa282af1280>,15,27,[6 1],16,-1,44,-1,17
1,<environment.Job instance at 0x7fa282af1460>,21,27,[5 1],22,-1,58,-1,31
1,<environment.Job instance at 0x7fa282af1be0>,25,1,[1 6],26,-1,50,-1,49
1,<environment.Job instance at 0x7fa282af14b0>,26,12,[14  1],27,-1,61,-1,49
1,<environment.Job instance at 0x7fa282af1730>,27,18,[ 3 13],28,-1,67,-1,49
1,<environment.Job instance at 0x7fa282af1140>,29,3,[7 1],30,-1,65,-1,62
1,<environment.Job instance at 0x7fa282af10a0>,30,22,[ 1 12],31,-1,84,-1,62
1,<environment.Job instance at 0x7fa282af1f00>,32,3,[ 4 11],33,-1,79,-1,76
1,<environment.Job instance at 0x7fa282dbd7d0>,33,25,[5 6],34,-1,101,-1,76
1,<environment.Job instance at 0x7fa282dbd780>,34,26,[ 3 12],35,-1,102,-1,76
1,<environment.Job instance at 0x7fa282dbdfa0>,35,2,[ 4 13],36,-1,78,-1,76
1,<environment.Job instance at 0x7fa282dbd8c0>,36,2,[10  5],37,-1,78,-1,76
1,<environment.Job instance at 0x7fa282dbd730>,37,27,[5 7],38,-1,103,-1,76
1,<environment.Job instance at 0x7fa282dbdf00>,38,20,[ 4 14],39,-1,96,-1,76
1,<environment.Job instance at 0x7fa28216c550>,5,13,[14  1],6,-1,19,-1,6
1,<environment.Job instance at 0x7fa28216c870>,6,3,[ 5 13],7,-1,10,-1,7
1,<environment.Job instance at 0x7fa28216c910>,7,20,[ 2 13],8,-1,28,-1,8
1,<environment.Job instance at 0x7fa28216c9b0>,8,27,[4 9],9,-1,37,-1,10
1,<environment.Job instance at 0x7fa28216caf0>,10,2,[ 4 12],11,-1,13,-1,11
1,<environment.Job instance at 0x7fa283132280>,20,1,[8 5],21,-1,67,-1,66
1,<environment.Job instance at 0x7fa2831323c0>,22,28,[5 7],23,-1,98,-1,70
1,<environment.Job instance at 0x7fa283132460>,23,12,[ 4 11],24,-1,82,-1,70
1,<environment.Job instance at 0x7fa283132500>,24,25,[13  4],25,-1,95,-1,70
1,<environment.Job instance at 0x7fa2831325a0>,25,21,[ 1 12],26,-1,91,-1,70
1,<environment.Job instance at 0x7fa283132640>,26,22,[ 4 10],27,-1,93,-1,71
1,<environment.Job instance at 0x7fa2831326e0>,27,22,[13  5],28,-1,93,-1,71
1,<environment.Job instance at 0x7fa283132780>,28,28,[13  2],29,-1,99,-1,71
1,<environment.Job instance at 0x7fa2831328c0>,30,24,[7 3],31,-1,107,-1,83
1,<environment.Job instance at 0x7fa282e7f1e0>,1,25,[4 9],2,-1,27,-1,2
1,<environment.Job instance at 0x7fa2828872d0>,6,2,[9 2],7,-1,9,-1,7
1,<environment.Job instance at 0x7fa282887410>,7,2,[6 3],8,-1,10,-1,8
1,<environment.Job instance at 0x7fa282887140>,13,12,[ 3 10],14,-1,32,-1,20
1,<environment.Job instance at 0x7fa282887be0>,14,12,[11  4],15,-1,32,-1,20
1,<environment.Job instance at 0x7fa28240deb0>,16,12,[10  1],17,-1,42,-1,30
1,<environment.Job instance at 0x7fa28240d460>,17,21,[1 7],18,-1,60,-1,39
1,<environment.Job instance at 0x7fa28240de60>,19,2,[5 5],20,-1,41,-1,39
1,<environment.Job instance at 0x7fa28240d370>,20,17,[ 2 14],21,-1,56,-1,39
1,<environment.Job instance at 0x7fa28240d780>,21,2,[8 4],22,-1,41,-1,39
1,<environment.Job instance at 0x7fa28240d410>,22,1,[13  4],23,-1,40,-1,39
1,<environment.Job instance at 0x7fa28240dd20>,25,17,[14  2],26,-1,65,-1,48
1,<environment.Job instance at 0x7fa28240de10>,26,17,[ 1 12],27,-1,65,-1,48
1,<environment.Job instance at 0x7fa28240d230>,28,2,[8 1],29,-1,61,-1,59
1,<environment.Job instance at 0x7fa2821e5a50>,29,27,[11  4],30,-1,86,-1,59
1,<environment.Job instance at 0x7fa2821e56e0>,30,15,[ 2 13],31,-1,74,-1,59
1,<environment.Job instance at 0x7fa2821e50a0>,31,3,[2 5],32,-1,62,-1,59
1,<environment.Job instance at 0x7fa2821e5c30>,32,2,[1 6],33,-1,61,-1,59
1,<environment.Job instance at 0x7fa2821e54b0>,33,16,[11  3],34,-1,75,-1,59
1,<environment.Job instance at 0x7fa2821e5d20>,34,25,[6 2],35,-1,84,-1,59
1,<environment.Job instance at 0x7fa2821e5f50>,35,17,[13  1],36,-1,76,-1,59
1,<environment.Job instance at 0x7fa2821e5780>,36,23,[8 2],37,-1,82,-1,59
1,<environment.Job instance at 0x7fa2821e5280>,37,26,[ 2 11],38,-1,85,-1,59
1,<environment.Job instance at 0x7fa2821e5b40>,38,1,[6 4],39,-1,60,-1,59
1,<environment.Job instance at 0x7fa2821e5eb0>,39,1,[11  4],40,-1,60,-1,59
1,<environment.Job instance at 0x7fa2821e5690>,40,26,[2 7],41,-1,85,-1,59
1,<environment.Job instance at 0x7fa28212ac30>,43,24,[13  5],44,-1,100,-1,76
1,<environment.Job instance at 0x7fa28212a820>,45,12,[14  3],46,-1,90,-1,78
1,<environment.Job instance at 0x7fa28212aaa0>,46,22,[7 2],47,-1,109,-1,87
1,<environment.Job instance at 0x7fa2820e3e10>,20,2,[14  2],21,-1,43,-1,41
1,<environment.Job instance at 0x7fa2820e3aa0>,21,2,[8 1],22,-1,43,-1,41
1,<environment.Job instance at 0x7fa2820e3780>,22,23,[ 3 10],23,-1,64,-1,41
1,<environment.Job instance at 0x7fa2820e3f50>,26,14,[13  2],27,-1,75,-1,61
1,<environment.Job instance at 0x7fa2820e30f0>,28,24,[ 1 14],29,-1,103,-1,79
1,<environment.Job instance at 0x7fa282dd4190>,29,2,[7 5],30,-1,81,-1,79
1,<environment.Job instance at 0x7fa282dd4780>,30,1,[8 3],31,-1,80,-1,79
1,<environment.Job instance at 0x7fa28257c5f0>,3,16,[12  5],4,-1,20,-1,4
1,<environment.Job instance at 0x7fa282db9820>,10,1,[10  2],11,-1,16,-1,15
1,<environment.Job instance at 0x7fa282db9460>,11,23,[2 9],12,-1,38,-1,15
1,<environment.Job instance at 0x7fa282db9370>,13,24,[7 4],14,-1,39,-1,15
1,<environment.Job instance at 0x7fa282db9500>,14,3,[13  3],15,-1,18,-1,15
1,<environment.Job instance at 0x7fa282861730>,23,3,[10  2],24,-1,56,-1,53
1,<environment.Job instance at 0x7fa282861960>,25,28,[9 1],26,-1,86,-1,58
1,<environment.Job instance at 0x7fa282861e60>,26,20,[ 2 10],27,-1,78,-1,58
1,<environment.Job instance at 0x7fa282861d20>,27,18,[2 9],28,-1,81,-1,63
1,<environment.Job instance at 0x7fa282861690>,29,14,[ 1 10],30,-1,85,-1,71
1,<environment.Job instance at 0x7fa282861870>,30,19,[3 9],31,-1,99,-1,80
1,<environment.Job instance at 0x7fa2828617d0>,33,1,[5 6],34,-1,88,-1,87
1,<environment.Job instance at 0x7fa2828616e0>,35,25,[9 4],36,-1,113,-1,88
1,<environment.Job instance at 0x7fa282861550>,36,3,[6 3],37,-1,91,-1,88
1,<environment.Job instance at 0x7fa282861820>,37,2,[12  3],38,-1,90,-1,88
1,<environment.Job instance at 0x7fa282861370>,38,23,[4 8],39,-1,111,-1,88
1,<environment.Job instance at 0x7fa282861e10>,39,13,[9 1],40,-1,101,-1,88
1,<environment.Job instance at 0x7fa282861f50>,40,27,[ 5 14],41,-1,115,-1,88
1,<environment.Job instance at 0x7fa282861190>,41,17,[14  2],42,-1,105,-1,88
1,<environment.Job instance at 0x7fa282754730>,42,15,[12  2],43,-1,103,-1,88
1,<environment.Job instance at 0x7fa2821fe870>,10,16,[ 5 12],11,-1,27,-1,11
1,<environment.Job instance at 0x7fa2821fe9b0>,11,12,[11  1],12,-1,24,-1,12
1,<environment.Job instance at 0x7fa2821fe820>,13,15,[11  4],14,-1,41,-1,26
1,<environment.Job instance at 0x7fa282eddfa0>,14,17,[ 2 14],15,-1,43,-1,26
1,<environment.Job instance at 0x7fa2821fe460>,15,26,[10  5],16,-1,52,-1,26
1,<environment.Job instance at 0x7fa281cf5f50>,16,2,[7 5],17,-1,28,-1,26
1,<environment.Job instance at 0x7fa281dca690>,25,27,[3 8],26,-1,113,-1,86
1,<environment.Job instance at 0x7fa28b86de10>,27,3,[6 1],28,-1,90,-1,87
1,<environment.Job instance at 0x7fa282d90370>,28,28,[2 6],29,-1,115,-1,87
1,<environment.Job instance at 0x7fa2830ac870>,29,28,[7 1],30,-1,115,-1,87
1,<environment.Job instance at 0x7fa28236ed20>,30,26,[10  3],31,-1,113,-1,87
1,<environment.Job instance at 0x7fa282e94320>,31,27,[5 2],32,-1,114,-1,87
1,<environment.Job instance at 0x7fa28236eb90>,32,12,[ 3 13],33,-1,99,-1,87
1,<environment.Job instance at 0x7fa282e6ac80>,33,17,[14  5],34,-1,104,-1,87
1,<environment.Job instance at 0x7fa282129fa0>,34,15,[14  2],35,-1,102,-1,87
1,<environment.Job instance at 0x7fa28216fa00>,35,15,[ 1 12],36,-1,102,-1,87
1,<environment.Job instance at 0x7fa281b5ddc0>,16,26,[ 5 13],17,-1,73,-1,47
1,<environment.Job instance at 0x7fa281b5daf0>,18,15,[11  1],19,-1,77,-1,62
1,<environment.Job instance at 0x7fa28199da50>,6,13,[ 4 11],7,-1,20,-1,7
1,<environment.Job instance at 0x7fa28199d280>,4,12,[13  2],5,-1,17,-1,5
1,<environment.Job instance at 0x7fa281b77aa0>,5,21,[10  1],6,-1,31,-1,10
1,<environment.Job instance at 0x7fa28240b5f0>,8,22,[13  4],9,-1,32,-1,10
1,<environment.Job instance at 0x7fa281b514b0>,9,18,[ 5 12],10,-1,28,-1,10
1,<environment.Job instance at 0x7fa281e02c80>,10,25,[12  1],11,-1,36,-1,11
1,<environment.Job instance at 0x7fa2826a71e0>,11,26,[10  2],12,-1,38,-1,12
1,<environment.Job instance at 0x7fa2826a7140>,12,3,[4 8],13,-1,16,-1,13
1,<environment.Job instance at 0x7fa282ca16e0>,14,12,[13  2],15,-1,27,-1,15
1,<environment.Job instance at 0x7fa282a03a00>,16,26,[2 8],17,-1,43,-1,17
1,<environment.Job instance at 0x7fa282ca13c0>,17,1,[4 7],18,-1,19,-1,18
1,<environment.Job instance at 0x7fa282ca1f00>,18,12,[10  2],19,-1,33,-1,21
1,<environment.Job instance at 0x7fa281b510a0>,19,14,[ 2 13],20,-1,35,-1,21
1,<environment.Job instance at 0x7fa2819a6960>,22,1,[8 4],23,-1,24,-1,23
1,<environment.Job instance at 0x7fa28285fd20>,23,27,[ 1 13],24,-1,51,-1,24
1,<environment.Job instance at 0x7fa28285ff50>,24,18,[11  3],25,-1,43,-1,25
1,<environment.Job instance at 0x7fa2819a6050>,26,13,[6 1],27,-1,42,-1,29
1,<environment.Job instance at 0x7fa282a725a0>,27,12,[12  5],28,-1,41,-1,29
1,<environment.Job instance at 0x7fa282cafd70>,28,12,[ 3 12],29,-1,41,-1,29
1,<environment.Job instance at 0x7fa282ac2230>,29,3,[10  3],30,-1,33,-1,30
1,<environment.Job instance at 0x7fa282dc8b40>,31,25,[ 2 14],32,-1,57,-1,32
1,<environment.Job instance at 0x7fa282caf0f0>,34,2,[5 7],35,-1,51,-1,49
1,<environment.Job instance at 0x7fa28197e230>,36,1,[6 3],37,-1,50,-1,49
1,<environment.Job instance at 0x7fa282549460>,37,16,[12  2],38,-1,65,-1,49
1,<environment.Job instance at 0x7fa2822d0780>,38,2,[ 2 13],39,-1,51,-1,49
1,<environment.Job instance at 0x7fa281beb2d0>,39,27,[5 5],40,-1,76,-1,49
1,<environment.Job instance at 0x7fa281beb320>,43,2,[8 3],44,-1,89,-1,87
1,<environment.Job instance at 0x7fa282a0c7d0>,45,2,[12  1],46,-1,89,-1,87
1,<environment.Job instance at 0x7fa282a0cbe0>,46,27,[ 5 11],47,-1,114,-1,87
1,<environment.Job instance at 0x7fa282a0ca50>,47,13,[10  1],48,-1,100,-1,87
1,<environment.Job instance at 0x7fa282a0ca50>,3,25,[ 2 10],4,-1,29,-1,4
1,<environment.Job instance at 0x7fa28267d960>,4,2,[ 2 10],5,-1,7,-1,5
1,<environment.Job instance at 0x7fa28267d870>,5,23,[7 1],6,-1,29,-1,6
1,<environment.Job instance at 0x7fa28267d9b0>,6,23,[5 3],7,-1,41,-1,18
1,<environment.Job instance at 0x7fa28267dfa0>,13,28,[ 5 13],14,-1,64,-1,36
1,<environment.Job instance at 0x7fa28267df50>,15,1,[6 4],16,-1,37,-1,36
1,<environment.Job instance at 0x7fa2832636e0>,16,13,[5 2],17,-1,51,-1,38
1,<environment.Job instance at 0x7fa283263140>,21,1,[ 2 13],22,-1,75,-1,74
1,<environment.Job instance at 0x7fa283263050>,23,3,[6 4],24,-1,88,-1,85
1,<environment.Job instance at 0x7fa283263f00>,24,13,[9 1],25,-1,98,-1,85
1,<environment.Job instance at 0x7fa2820a0280>,5,2,[ 5 11],6,-1,8,-1,6
1,<environment.Job instance at 0x7fa2832b37d0>,6,22,[4 9],7,-1,36,-1,14
1,<environment.Job instance at 0x7fa2832b3500>,11,1,[9 4],12,-1,15,-1,14
1,<environment.Job instance at 0x7fa2832ab460>,16,28,[ 3 11],17,-1,63,-1,35
1,<environment.Job instance at 0x7fa2832ab910>,17,1,[5 1],18,-1,36,-1,35
1,<environment.Job instance at 0x7fa2832ab190>,18,16,[14  5],19,-1,51,-1,35
1,<environment.Job instance at 0x7fa2832abe10>,19,28,[6 3],20,-1,63,-1,35
1,<environment.Job instance at 0x7fa2832ab280>,20,13,[14  3],21,-1,48,-1,35
1,<environment.Job instance at 0x7fa2832ab5a0>,22,14,[ 2 12],23,-1,59,-1,45
1,<environment.Job instance at 0x7fa2832abd70>,23,1,[7 3],24,-1,46,-1,45
1,<environment.Job instance at 0x7fa2832ab7d0>,24,21,[ 3 14],25,-1,66,-1,45
1,<environment.Job instance at 0x7fa2832aba50>,26,23,[3 9],27,-1,68,-1,45
1,<environment.Job instance at 0x7fa2832ab550>,28,25,[ 1 14],29,-1,79,-1,54
1,<environment.Job instance at 0x7fa2832ab370>,31,25,[2 8],32,-1,110,-1,85
1,<environment.Job instance at 0x7fa282abb960>,34,16,[13  2],35,-1,101,-1,85
1,<environment.Job instance at 0x7fa28b83f3c0>,5,15,[11  3],6,-1,24,-1,9
1,<environment.Job instance at 0x7fa28b83fd20>,8,3,[ 4 13],9,-1,12,-1,9
1,<environment.Job instance at 0x7fa28b83fb40>,14,18,[11  5],15,-1,71,-1,53
1,<environment.Job instance at 0x7fa28b83f7d0>,15,15,[5 1],16,-1,70,-1,55
1,<environment.Job instance at 0x7fa28b83f190>,17,24,[10  4],18,-1,79,-1,55
1,<environment.Job instance at 0x7fa28b83f5a0>,18,25,[5 1],19,-1,80,-1,55
1,<environment.Job instance at 0x7fa282827cd0>,19,17,[1 8],20,-1,75,-1,58
1,<environment.Job instance at 0x7fa282827320>,21,19,[8 4],22,-1,90,-1,71
1,<environment.Job instance at 0x7fa282827e10>,24,26,[ 5 13],25,-1,97,-1,71
1,<environment.Job instance at 0x7fa2828271e0>,25,17,[ 2 10],26,-1,88,-1,71
1,<environment.Job instance at 0x7fa282827640>,26,16,[7 1],27,-1,87,-1,71
1,<environment.Job instance at 0x7fa282827910>,27,17,[3 8],28,-1,88,-1,71
1,<environment.Job instance at 0x7fa282827be0>,28,23,[3 5],29,-1,94,-1,71
1,<environment.Job instance at 0x7fa282827370>,29,17,[9 2],30,-1,88,-1,71
1,<environment.Job instance at 0x7fa282827fa0>,30,13,[8 4],31,-1,84,-1,71
1,<environment.Job instance at 0x7fa282827a50>,31,23,[5 3],32,-1,94,-1,71
1,<environment.Job instance at 0x7fa2828279b0>,32,18,[9 5],33,-1,104,-1,86
1,<environment.Job instance at 0x7fa2828276e0>,35,15,[9 5],36,-1,101,-1,86
1,<environment.Job instance at 0x7fa282827dc0>,36,2,[4 6],37,-1,88,-1,86
1,<environment.Job instance at 0x7fa282827730>,37,26,[ 2 12],38,-1,112,-1,86
1,<environment.Job instance at 0x7fa282827a00>,38,14,[3 8],39,-1,100,-1,86
1,<environment.Job instance at 0x7fa282827e60>,39,3,[ 2 11],40,-1,89,-1,86
1,<environment.Job instance at 0x7fa282827460>,40,13,[6 5],41,-1,99,-1,86
1,<environment.Job instance at 0x7fa282731d70>,41,16,[14  5],42,-1,102,-1,86
1,<environment.Job instance at 0x7fa282731640>,42,24,[5 1],43,-1,110,-1,86
1,<environment.Job instance at 0x7fa2827310f0>,43,17,[ 5 12],44,-1,103,-1,86
1,<environment.Job instance at 0x7fa282731460>,44,17,[5 7],45,-1,103,-1,86
1,<environment.Job instance at 0x7fa2827311e0>,45,12,[5 1],46,-1,98,-1,86
1,<environment.Job instance at 0x7fa282731e10>,46,1,[5 8],47,-1,87,-1,86
1,<environment.Job instance at 0x7fa282731870>,47,19,[10  3],48,-1,105,-1,86
1,<environment.Job instance at 0x7fa2827313c0>,48,15,[6 1],49,-1,101,-1,86
1,<environment.Job instance at 0x7fa282731aa0>,49,1,[8 4],50,-1,87,-1,86
1,<environment.Job instance at 0x7fa282731320>,50,12,[6 1],51,-1,98,-1,86
1,<environment.Job instance at 0x7fa282731e60>,51,24,[1 9],52,-1,110,-1,86
1,<environment.Job instance at 0x7fa2827319b0>,52,1,[7 2],53,-1,87,-1,86
1,<environment.Job instance at 0x7fa282731c80>,53,20,[5 2],54,-1,106,-1,86
1,<environment.Job instance at 0x7fa282731280>,54,12,[ 4 10],55,-1,98,-1,86
1,<environment.Job instance at 0x7fa282731230>,55,15,[14  2],56,-1,101,-1,86
1,<environment.Job instance at 0x7fa282731f00>,56,1,[6 2],57,-1,87,-1,86
1,<environment.Job instance at 0x7fa282731690>,57,2,[ 5 11],58,-1,88,-1,86
1,<environment.Job instance at 0x7fa282731af0>,58,12,[12  2],59,-1,98,-1,86
1,<environment.Job instance at 0x7fa282731cd0>,59,14,[8 5],60,-1,100,-1,86
1,<environment.Job instance at 0x7fa2820d9320>,60,2,[ 4 14],61,-1,88,-1,86
1,<environment.Job instance at 0x7fa2820d98c0>,61,18,[6 1],62,-1,104,-1,86
1,<environment.Job instance at 0x7fa2820d9960>,62,19,[ 4 10],63,-1,105,-1,86
1,<environment.Job instance at 0x7fa2820d9f00>,63,14,[ 2 11],64,-1,100,-1,86
1,<environment.Job instance at 0x7fa2820d9b90>,64,12,[9 4],65,-1,98,-1,86
1,<environment.Job instance at 0x7fa2820d9dc0>,65,22,[7 1],66,-1,108,-1,86
1,<environment.Job instance at 0x7fa2820d95a0>,66,12,[3 5],67,-1,98,-1,86
1,<environment.Job instance at 0x7fa2820d9fa0>,67,25,[1 7],68,-1,111,-1,86
1,<environment.Job instance at 0x7fa2820d93c0>,68,12,[3 5],69,-1,98,-1,86
1,<environment.Job instance at 0x7fa2820d9190>,69,25,[6 4],70,-1,111,-1,86
1,<environment.Job instance at 0x7fa2820d94b0>,70,25,[14  3],71,-1,111,-1,86
1,<environment.Job instance at 0x7fa2820d9230>,71,27,[8 1],72,-1,113,-1,86
1,<environment.Job instance at 0x7fa2820d9c80>,72,1,[7 5],73,-1,87,-1,86
1,<environment.Job instance at 0x7fa2820d9e10>,73,20,[ 3 12],74,-1,106,-1,86
1,<environment.Job instance at 0x7fa2820d9280>,74,2,[1 8],75,-1,88,-1,86
1,<environment.Job instance at 0x7fa2820d90f0>,75,23,[5 2],76,-1,109,-1,86
1,<environment.Job instance at 0x7fa2820d99b0>,76,23,[1 6],77,-1,109,-1,86
1,<environment.Job instance at 0x7fa2820d9d20>,77,23,[10  4],78,-1,109,-1,86
1,<environment.Job instance at 0x7fa2820d9820>,78,18,[5 2],79,-1,104,-1,86
1,<environment.Job instance at 0x7fa2820d9aa0>,79,21,[ 2 10],80,-1,107,-1,86
1,<environment.Job instance at 0x7fa2820d9780>,80,28,[8 5],81,-1,114,-1,86
1,<environment.Job instance at 0x7fa28329bfa0>,81,13,[9 4],82,-1,99,-1,86
1,<environment.Job instance at 0x7fa28329b870>,82,1,[ 3 10],83,-1,87,-1,86
1,<environment.Job instance at 0x7fa28329bb40>,83,2,[10  3],84,-1,88,-1,86
1,<environment.Job instance at 0x7fa28329bbe0>,84,18,[5 5],85,-1,104,-1,86
1,<environment.Job instance at 0x7fa28329b6e0>,85,14,[10  1],86,-1,100,-1,86
1,<environment.Job instance at 0x7fa282827690>,34,27,[5 6],35,-1,113,-1,86
1,<environment.Job instance at 0x7fa282827230>,20,13,[ 5 13],21,-1,99,-1,86
1,<environment.Job instance at 0x7fa28329b9b0>,86,26,[ 5 10],87,-1,113,-1,87
1,<environment.Job instance at 0x7fa28329b3c0>,88,1,[12  4],89,-1,90,-1,89
1,<environment.Job instance at 0x7f82df1a1320>,1,22,[11  3],2,-1,24,-1,2
1,<environment.Job instance at 0x7f82df1a11e0>,6,20,[6 1],7,-1,61,-1,41
1,<environment.Job instance at 0x7f82d5a29c30>,14,13,[7 3],15,-1,55,-1,42
1,<environment.Job instance at 0x7f82d5a29e10>,17,28,[ 5 10],18,-1,95,-1,67
1,<environment.Job instance at 0x7f82d5a29fa0>,18,3,[ 4 13],19,-1,70,-1,67
1,<environment.Job instance at 0x7f82d5a29f50>,19,14,[ 3 11],20,-1,81,-1,67
1,<environment.Job instance at 0x7f82d5a29f00>,20,1,[13  5],21,-1,68,-1,67
1,<environment.Job instance at 0x7f82d5a2b280>,21,1,[6 5],22,-1,68,-1,67
1,<environment.Job instance at 0x7f82d5a2b320>,22,1,[2 7],23,-1,68,-1,67
1,<environment.Job instance at 0x7f82d5a2b370>,23,27,[ 1 14],24,-1,94,-1,67
1,<environment.Job instance at 0x7f82d5a2b410>,24,18,[ 4 10],25,-1,85,-1,67
1,<environment.Job instance at 0x7f82d5a2b5f0>,26,26,[5 5],27,-1,93,-1,67
1,<environment.Job instance at 0x7f82d5a2b780>,29,25,[ 4 11],30,-1,112,-1,87
1,<environment.Job instance at 0x7f82d5a2b820>,30,22,[ 5 13],31,-1,109,-1,87
1,<environment.Job instance at 0x7f82d5a2b8c0>,31,27,[4 8],32,-1,114,-1,87
1,<environment.Job instance at 0x7f82d5a2ba00>,33,1,[11  3],34,-1,90,-1,89
1,<environment.Job instance at 0x7f82d5a2b0f0>,35,2,[1 8],36,-1,95,-1,93
1,<environment.Job instance at 0x7f82d5a2b690>,2,27,[5 6],3,-1,30,-1,3
1,<environment.Job instance at 0x7f82d5e30cd0>,3,24,[12  3],4,-1,28,-1,4
1,<environment.Job instance at 0x7f82d5e30690>,4,22,[12  5],5,-1,27,-1,5
1,<environment.Job instance at 0x7f82d5e30500>,5,18,[12  4],6,-1,24,-1,6
1,<environment.Job instance at 0x7f82d5e30af0>,6,17,[ 5 13],7,-1,24,-1,7
1,<environment.Job instance at 0x7f82d5e301e0>,7,23,[14  4],8,-1,31,-1,8
1,<environment.Job instance at 0x7f82d5e365a0>,13,2,[6 2],14,-1,16,-1,14
1,<environment.Job instance at 0x7f82d5e369b0>,14,15,[12  1],15,-1,30,-1,15
1,<environment.Job instance at 0x7f82d5e36050>,15,14,[ 2 11],16,-1,30,-1,16
1,<environment.Job instance at 0x7f82d5e36870>,17,3,[ 1 12],18,-1,21,-1,18
1,<environment.Job instance at 0x7f82d5e36af0>,19,14,[ 3 14],20,-1,49,-1,35
1,<environment.Job instance at 0x7f82d5e36dc0>,23,24,[ 2 14],24,-1,70,-1,46
1,<environment.Job instance at 0x7f82d5e36eb0>,24,22,[8 1],25,-1,83,-1,61
1,<environment.Job instance at 0x7f82d50efd70>,27,1,[ 4 11],28,-1,62,-1,61
1,<environment.Job instance at 0x7f82d551c050>,28,23,[ 2 14],29,-1,84,-1,61
1,<environment.Job instance at 0x7f82d51b7820>,29,2,[1 8],30,-1,63,-1,61
1,<environment.Job instance at 0x7f82d5521dc0>,34,28,[5 6],35,-1,124,-1,96
1,<environment.Job instance at 0x7f82d534f370>,4,28,[2 7],5,-1,33,-1,5
1,<environment.Job instance at 0x7f82d53c0a00>,5,28,[9 2],6,-1,34,-1,6
1,<environment.Job instance at 0x7f82d534f190>,10,20,[ 3 13],11,-1,31,-1,11
1,<environment.Job instance at 0x7f82d53c0fa0>,11,1,[ 2 14],12,-1,13,-1,12
1,<environment.Job instance at 0x7f82d53c0f00>,19,14,[ 1 10],20,-1,50,-1,36
1,<environment.Job instance at 0x7f82d53c01e0>,21,18,[12  4],22,-1,54,-1,36
1,<environment.Job instance at 0x7f82d53c0d20>,23,26,[11  5],24,-1,74,-1,48
1,<environment.Job instance at 0x7f82d5374910>,30,27,[14  3],31,-1,118,-1,91
1,<environment.Job instance at 0x7f82d5374410>,32,26,[ 4 10],33,-1,117,-1,91
1,<environment.Job instance at 0x7f82d5374fa0>,33,26,[8 3],34,-1,117,-1,91
1,<environment.Job instance at 0x7f82d5374e10>,34,1,[12  1],35,-1,92,-1,91
1,<environment.Job instance at 0x7f82d5374c30>,35,19,[ 2 13],36,-1,110,-1,91
1,<environment.Job instance at 0x7f82d5374a00>,36,22,[11  1],37,-1,113,-1,91
1,<environment.Job instance at 0x7f82d5374820>,37,22,[ 1 13],38,-1,113,-1,91
1,<environment.Job instance at 0x7f82d5374780>,38,2,[2 8],39,-1,93,-1,91
1,<environment.Job instance at 0x7f82d52c3b40>,40,23,[7 3],41,-1,121,-1,98
1,<environment.Job instance at 0x7f82d52c3f50>,41,3,[10  5],42,-1,101,-1,98
1,<environment.Job instance at 0x7f82d5579280>,5,2,[5 5],6,-1,8,-1,6
1,<environment.Job instance at 0x7f82d50ee190>,6,13,[ 1 13],7,-1,20,-1,7
1,<environment.Job instance at 0x7f82d50eef00>,7,26,[ 1 13],8,-1,34,-1,8
1,<environment.Job instance at 0x7f82d5ec9320>,8,22,[3 9],9,-1,42,-1,20
1,<environment.Job instance at 0x7f82d5e418c0>,13,15,[5 1],14,-1,36,-1,21
1,<environment.Job instance at 0x7f82d5ec9aa0>,14,25,[2 8],15,-1,46,-1,21
1,<environment.Job instance at 0x7f82d55349b0>,25,2,[6 1],26,-1,85,-1,83
1,<environment.Job instance at 0x7f82d5534280>,26,25,[8 5],27,-1,108,-1,83
1,<environment.Job instance at 0x7f82d5426730>,28,3,[5 9],29,-1,98,-1,95
1,<environment.Job instance at 0x7f82d5576820>,29,18,[ 2 14],30,-1,113,-1,95
1,<environment.Job instance at 0x7f82d5a35fa0>,30,24,[9 1],31,-1,119,-1,95
1,<environment.Job instance at 0x7f82d5426780>,31,25,[7 1],32,-1,120,-1,95
1,<environment.Job instance at 0x7f82d5422f50>,32,24,[12  5],33,-1,119,-1,95
1,<environment.Job instance at 0x7f82d5a35f50>,33,23,[10  2],34,-1,118,-1,95
1,<environment.Job instance at 0x7f82d5422870>,34,15,[ 1 11],35,-1,110,-1,95
1,<environment.Job instance at 0x7f82d56a6050>,35,16,[ 5 12],36,-1,111,-1,95
1,<environment.Job instance at 0x7f82d56a6b40>,36,27,[ 4 14],37,-1,122,-1,95
1,<environment.Job instance at 0x7f82d56a6eb0>,37,23,[2 9],38,-1,118,-1,95
1,<environment.Job instance at 0x7f82d53e1b90>,1,2,[ 2 14],2,-1,4,-1,2
1,<environment.Job instance at 0x7f82d5537960>,2,17,[ 5 14],3,-1,20,-1,3
1,<environment.Job instance at 0x7f82d56a6eb0>,7,17,[14  5],8,-1,25,-1,8
1,<environment.Job instance at 0x7f82d4fa7a50>,8,2,[13  3],9,-1,12,-1,10
1,<environment.Job instance at 0x7f82d4fa7b90>,12,3,[7 4],13,-1,18,-1,15
1,<environment.Job instance at 0x7f82d4fa7e60>,16,3,[3 5],17,-1,33,-1,30
1,<environment.Job instance at 0x7f82d4fa7eb0>,17,13,[9 4],18,-1,43,-1,30
1,<environment.Job instance at 0x7f82d4fa7dc0>,18,2,[7 2],19,-1,32,-1,30
1,<environment.Job instance at 0x7f82d4fa9050>,19,20,[5 1],20,-1,50,-1,30
1,<environment.Job instance at 0x7f82d4fa90f0>,20,25,[14  4],21,-1,55,-1,30
1,<environment.Job instance at 0x7f82d4fa92d0>,21,2,[4 8],22,-1,32,-1,30
1,<environment.Job instance at 0x7f82d4fa9460>,23,3,[7 4],24,-1,45,-1,42
1,<environment.Job instance at 0x7f82d4fa9320>,24,1,[3 8],25,-1,43,-1,42
1,<environment.Job instance at 0x7f82d4fa9500>,25,3,[10  2],26,-1,45,-1,42
1,<environment.Job instance at 0x7f82d4fa95a0>,26,24,[14  2],27,-1,66,-1,42
1,<environment.Job instance at 0x7f82d4fa9640>,27,3,[ 5 11],28,-1,45,-1,42
1,<environment.Job instance at 0x7f82d4fa96e0>,28,2,[ 2 12],29,-1,44,-1,42
1,<environment.Job instance at 0x7f82d4fa9780>,29,23,[ 4 11],30,-1,65,-1,42
1,<environment.Job instance at 0x7f82d4fa9870>,31,23,[ 3 13],32,-1,67,-1,44
1,<environment.Job instance at 0x7f82d4fa98c0>,34,24,[ 3 10],35,-1,87,-1,63
1,<environment.Job instance at 0x7f82d4fa9cd0>,35,2,[10  4],36,-1,65,-1,63
1,<environment.Job instance at 0x7f82d4fa9d70>,39,14,[ 1 14],40,-1,96,-1,82
1,<environment.Job instance at 0x7f82d4fa9f50>,40,25,[5 8],41,-1,107,-1,82
1,<environment.Job instance at 0x7f82d4fa9fa0>,41,27,[7 4],42,-1,109,-1,82
1,<environment.Job instance at 0x7f82d4fab230>,42,3,[2 7],43,-1,85,-1,82
1,<environment.Job instance at 0x7f82d4fab3c0>,44,12,[10  3],45,-1,108,-1,96
1,<environment.Job instance at 0x7f82d4fab410>,45,1,[ 1 10],46,-1,97,-1,96
1,<environment.Job instance at 0x7f82d4fab5a0>,46,16,[12  4],47,-1,112,-1,96
1,<environment.Job instance at 0x7f82d4fab190>,47,13,[10  3],48,-1,109,-1,96
1,<environment.Job instance at 0x7f82d4fab690>,48,13,[5 1],49,-1,109,-1,96
1,<environment.Job instance at 0x7f82d4fab730>,49,3,[9 2],50,-1,99,-1,96
1,<environment.Job instance at 0x7f82d4fd1280>,11,27,[1 8],12,-1,40,-1,13
1,<environment.Job instance at 0x7f82d4fd1870>,13,22,[10  2],14,-1,51,-1,29
1,<environment.Job instance at 0x7f82d4fd1460>,18,3,[ 1 13],19,-1,35,-1,32
1,<environment.Job instance at 0x7f82d4fd1050>,20,20,[ 1 10],21,-1,53,-1,33
1,<environment.Job instance at 0x7f82d4f97b40>,21,22,[5 3],22,-1,85,-1,63
1,<environment.Job instance at 0x7f82d4f97500>,25,22,[1 7],26,-1,93,-1,71
1,<environment.Job instance at 0x7f82d4f97230>,27,15,[13  1],28,-1,86,-1,71
1,<environment.Job instance at 0x7f82d4f97e60>,28,14,[12  4],29,-1,85,-1,71
1,<environment.Job instance at 0x7f82d4f97820>,30,1,[9 3],31,-1,83,-1,82
1,<environment.Job instance at 0x7f82d4f97910>,31,25,[ 3 14],32,-1,107,-1,82
1,<environment.Job instance at 0x7f82d503f780>,32,14,[14  3],33,-1,96,-1,82
1,<environment.Job instance at 0x7f82d503fd70>,34,14,[ 5 14],35,-1,96,-1,82
1,<environment.Job instance at 0x7f82d5d7ea00>,4,26,[1 5],5,-1,32,-1,6
1,<environment.Job instance at 0x7f82d5d7e820>,6,21,[11  3],7,-1,29,-1,8
1,<environment.Job instance at 0x7f82d5d7e370>,8,19,[14  3],9,-1,28,-1,9
1,<environment.Job instance at 0x7f82d5d7e230>,9,1,[3 7],10,-1,11,-1,10
1,<environment.Job instance at 0x7f82d5d7e780>,10,15,[11  4],11,-1,26,-1,11
1,<environment.Job instance at 0x7f82d5d7ec30>,11,17,[11  1],12,-1,29,-1,12
1,<environment.Job instance at 0x7f82d5a3be60>,12,2,[ 1 14],13,-1,15,-1,13
1,<environment.Job instance at 0x7f82d5d7eaf0>,13,12,[13  2],14,-1,27,-1,15
1,<environment.Job instance at 0x7f82d5a3bc30>,15,15,[ 2 11],16,-1,31,-1,16
1,<environment.Job instance at 0x7f82d5a3be10>,16,23,[7 4],17,-1,44,-1,21
1,<environment.Job instance at 0x7f82d5d8d0a0>,2,25,[13  4],3,-1,28,-1,3
1,<environment.Job instance at 0x7f82d500bdc0>,4,1,[10  5],5,-1,7,-1,6
1,<environment.Job instance at 0x7f82d6465320>,7,21,[ 2 13],8,-1,29,-1,8
1,<environment.Job instance at 0x7f82d65430f0>,8,16,[ 3 14],9,-1,25,-1,9
1,<environment.Job instance at 0x7f82d654d0a0>,9,16,[ 1 11],10,-1,26,-1,10
1,<environment.Job instance at 0x7f82d654dcd0>,11,24,[ 2 13],12,-1,36,-1,12
1,<environment.Job instance at 0x7f82d654dd70>,12,18,[13  3],13,-1,31,-1,13
1,<environment.Job instance at 0x7f82d654daf0>,13,15,[ 1 10],14,-1,29,-1,14
1,<environment.Job instance at 0x7f82d654d780>,16,1,[ 2 10],17,-1,18,-1,17
1,<environment.Job instance at 0x7f82d654d730>,17,26,[8 4],18,-1,44,-1,18
1,<environment.Job instance at 0x7f82d644ce60>,18,16,[ 3 13],19,-1,35,-1,19
1,<environment.Job instance at 0x7f82d654d190>,21,28,[ 5 12],22,-1,51,-1,23
1,<environment.Job instance at 0x7f82d644ca50>,22,28,[2 6],23,-1,51,-1,23
1,<environment.Job instance at 0x7f82d657bcd0>,23,3,[9 1],24,-1,27,-1,24
1,<environment.Job instance at 0x7f82d53b1b90>,26,23,[11  3],27,-1,64,-1,41
1,<environment.Job instance at 0x7f82d6449b90>,27,14,[13  5],28,-1,55,-1,41
1,<environment.Job instance at 0x7f82d51772d0>,28,16,[ 5 10],29,-1,57,-1,41
1,<environment.Job instance at 0x7f82d5177410>,29,1,[6 1],30,-1,42,-1,41
1,<environment.Job instance at 0x7f82d5157500>,31,13,[12  5],32,-1,54,-1,41
1,<environment.Job instance at 0x7f82d5157fa0>,32,14,[7 1],33,-1,55,-1,41
1,<environment.Job instance at 0x7f82d5394730>,33,16,[11  4],34,-1,57,-1,41
1,<environment.Job instance at 0x7f82d4fb59b0>,34,3,[ 5 14],35,-1,44,-1,41
1,<environment.Job instance at 0x7f82d4f8f320>,35,27,[6 1],36,-1,68,-1,41
1,<environment.Job instance at 0x7f82d5394d20>,36,22,[5 5],37,-1,63,-1,41
1,<environment.Job instance at 0x7f82d4fc2aa0>,38,3,[13  4],39,-1,44,-1,41
1,<environment.Job instance at 0x7f82d57b8140>,41,27,[5 1],42,-1,86,-1,59
1,<environment.Job instance at 0x7f82d57aa050>,42,16,[ 2 10],43,-1,75,-1,59
1,<environment.Job instance at 0x7f82d6570280>,43,17,[4 5],44,-1,76,-1,59
1,<environment.Job instance at 0x7f82d4fb6c80>,44,18,[ 1 10],45,-1,77,-1,59
1,<environment.Job instance at 0x7f82d6570eb0>,45,1,[1 6],46,-1,60,-1,59
1,<environment.Job instance at 0x7f82d53abf00>,46,12,[14  1],47,-1,71,-1,59
1,<environment.Job instance at 0x7f82d53ab1e0>,47,18,[ 3 13],48,-1,77,-1,59
1,<environment.Job instance at 0x7f82d4fb4be0>,7,27,[5 7],8,-1,35,-1,8
1,<environment.Job instance at 0x7f82d4fb40a0>,6,18,[14  2],7,-1,26,-1,8
1,<environment.Job instance at 0x7f82d4fb4820>,9,21,[12  3],10,-1,31,-1,10
1,<environment.Job instance at 0x7f82d4fcb500>,12,16,[ 2 13],13,-1,29,-1,13
1,<environment.Job instance at 0x7f82d4fb4a00>,11,13,[9 3],12,-1,26,-1,13
1,<environment.Job instance at 0x7f82d4fcbd70>,18,27,[4 9],19,-1,46,-1,19
1,<environment.Job instance at 0x7f82d4fcbbe0>,19,3,[ 2 13],20,-1,23,-1,20
1,<environment.Job instance at 0x7f82d4fcb0a0>,20,2,[ 4 12],21,-1,23,-1,21
1,<environment.Job instance at 0x7f82d4fcbf00>,22,25,[2 7],23,-1,54,-1,29
1,<environment.Job instance at 0x7f82d4fcbc80>,24,12,[11  5],25,-1,41,-1,29
1,<environment.Job instance at 0x7f82d4fcb8c0>,30,1,[8 5],31,-1,98,-1,97
1,<environment.Job instance at 0x7f82d657bf00>,1,25,[4 9],2,-1,27,-1,2
1,<environment.Job instance at 0x7f82d54b3e60>,6,2,[9 2],7,-1,9,-1,7
1,<environment.Job instance at 0x7f82d54b3fa0>,7,2,[6 3],8,-1,10,-1,8
1,<environment.Job instance at 0x7f82d549c460>,13,12,[ 3 10],14,-1,32,-1,20
1,<environment.Job instance at 0x7f82d549c2d0>,14,12,[11  4],15,-1,32,-1,20
1,<environment.Job instance at 0x7f82d549c550>,16,12,[10  1],17,-1,42,-1,30
1,<environment.Job instance at 0x7f82d549c5f0>,17,21,[1 7],18,-1,56,-1,35
1,<environment.Job instance at 0x7f82d549c730>,19,2,[5 5],20,-1,38,-1,36
1,<environment.Job instance at 0x7f82d549c960>,20,17,[ 2 14],21,-1,53,-1,36
1,<environment.Job instance at 0x7f82d549ca00>,21,2,[8 4],22,-1,38,-1,36
1,<environment.Job instance at 0x7f82d549ca50>,22,1,[13  4],23,-1,37,-1,36
1,<environment.Job instance at 0x7f82d549cb40>,25,17,[14  2],26,-1,65,-1,48
1,<environment.Job instance at 0x7f82d549ccd0>,26,17,[ 1 12],27,-1,65,-1,48
1,<environment.Job instance at 0x7f82d549ce10>,28,2,[8 1],29,-1,61,-1,59
1,<environment.Job instance at 0x7f82d549caf0>,29,27,[11  4],30,-1,86,-1,59
1,<environment.Job instance at 0x7f82d549ceb0>,30,15,[ 2 13],31,-1,74,-1,59
1,<environment.Job instance at 0x7f82d549cf00>,31,3,[2 5],32,-1,62,-1,59
1,<environment.Job instance at 0x7f82d549cf50>,32,2,[1 6],33,-1,61,-1,59
1,<environment.Job instance at 0x7f82d5490190>,33,16,[11  3],34,-1,75,-1,59
1,<environment.Job instance at 0x7f82d5490280>,34,25,[6 2],35,-1,84,-1,59
1,<environment.Job instance at 0x7f82d5490230>,35,17,[13  1],36,-1,76,-1,59
1,<environment.Job instance at 0x7f82d5490370>,36,23,[8 2],37,-1,82,-1,59
1,<environment.Job instance at 0x7f82d54903c0>,37,26,[ 2 11],38,-1,85,-1,59
1,<environment.Job instance at 0x7f82d5490410>,38,1,[6 4],39,-1,60,-1,59
1,<environment.Job instance at 0x7f82d5490320>,39,1,[11  4],40,-1,60,-1,59
1,<environment.Job instance at 0x7f82d54905a0>,40,26,[2 7],41,-1,85,-1,59
1,<environment.Job instance at 0x7f82d5490640>,41,18,[ 2 10],42,-1,89,-1,71
1,<environment.Job instance at 0x7f82d5490820>,43,24,[13  5],44,-1,100,-1,76
1,<environment.Job instance at 0x7f82d5490730>,45,12,[14  3],46,-1,89,-1,77
1,<environment.Job instance at 0x7f82d5490cd0>,48,27,[6 5],49,-1,121,-1,94
1,<environment.Job instance at 0x7f82d5490d70>,50,13,[11  1],51,-1,109,-1,96
1,<environment.Job instance at 0x7f82d5490e10>,51,3,[ 2 11],52,-1,99,-1,96
1,<environment.Job instance at 0x7f82d5783b40>,23,1,[7 1],24,-1,94,-1,93
1,<environment.Job instance at 0x7f82d5783230>,24,23,[5 5],25,-1,116,-1,93
1,<environment.Job instance at 0x7f82d51f8c30>,25,23,[ 2 12],26,-1,116,-1,93
1,<environment.Job instance at 0x7f82d51f8140>,27,25,[7 3],28,-1,123,-1,98
1,<environment.Job instance at 0x7f82d51f8910>,28,1,[12  5],29,-1,99,-1,98
1,<environment.Job instance at 0x7f82d51f8870>,29,13,[11  2],30,-1,111,-1,98
1,<environment.Job instance at 0x7f82d51f83c0>,30,27,[5 2],31,-1,125,-1,98
1,<environment.Job instance at 0x7f82d532c0a0>,5,28,[9 1],6,-1,34,-1,6
1,<environment.Job instance at 0x7f82d5b5a6e0>,13,1,[5 6],14,-1,40,-1,39
1,<environment.Job instance at 0x7f82d5b5af50>,15,25,[9 4],16,-1,64,-1,39
1,<environment.Job instance at 0x7f82d5b5a640>,16,3,[6 3],17,-1,42,-1,39
1,<environment.Job instance at 0x7f82d5b5a550>,17,2,[12  3],18,-1,41,-1,39
1,<environment.Job instance at 0x7f82d5b5a2d0>,18,23,[4 8],19,-1,62,-1,39
1,<environment.Job instance at 0x7f82d5b5a5f0>,20,27,[ 5 14],21,-1,79,-1,52
1,<environment.Job instance at 0x7f82d5b5a8c0>,21,17,[14  2],22,-1,69,-1,52
1,<environment.Job instance at 0x7f82d5b5acd0>,22,15,[12  2],23,-1,67,-1,52
1,<environment.Job instance at 0x7f82d5b5a820>,27,27,[7 3],28,-1,99,-1,72
1,<environment.Job instance at 0x7f82d5b5aa50>,28,2,[9 4],29,-1,74,-1,72
1,<environment.Job instance at 0x7f82d58425a0>,1,27,[5 2],2,-1,29,-1,2
1,<environment.Job instance at 0x7f82d5cdbaa0>,2,12,[ 3 13],3,-1,15,-1,3
1,<environment.Job instance at 0x7f82d5cdbe60>,3,17,[14  5],4,-1,21,-1,4
1,<environment.Job instance at 0x7f82d5cdbb90>,4,15,[14  2],5,-1,20,-1,5
1,<environment.Job instance at 0x7f82d5cdb4b0>,5,15,[ 1 12],6,-1,21,-1,6
1,<environment.Job instance at 0x7f82d58ba870>,9,12,[ 1 12],10,-1,22,-1,10
1,<environment.Job instance at 0x7f82d58baa00>,20,12,[11  2],21,-1,63,-1,51
1,<environment.Job instance at 0x7f82d58badc0>,21,18,[ 3 11],22,-1,69,-1,51
1,<environment.Job instance at 0x7f82d58ba460>,24,24,[2 8],25,-1,89,-1,65
1,<environment.Job instance at 0x7f82d58ba320>,25,24,[5 7],26,-1,89,-1,65
1,<environment.Job instance at 0x7f82d58bad20>,26,13,[14  2],27,-1,78,-1,65
1,<environment.Job instance at 0x7f82d58bae60>,27,12,[ 5 14],28,-1,77,-1,65
1,<environment.Job instance at 0x7f82d620fe60>,28,28,[11  4],29,-1,93,-1,65
1,<environment.Job instance at 0x7f82d620f640>,29,1,[1 6],30,-1,66,-1,65
1,<environment.Job instance at 0x7f82d620fa50>,30,26,[1 8],31,-1,91,-1,65
1,<environment.Job instance at 0x7f82d620f190>,31,13,[1 9],32,-1,78,-1,65
1,<environment.Job instance at 0x7f82d620f5a0>,37,1,[ 3 13],38,-1,87,-1,86
1,<environment.Job instance at 0x7f82d620f3c0>,38,23,[11  4],39,-1,109,-1,86
1,<environment.Job instance at 0x7f82d620f4b0>,39,13,[1 9],40,-1,100,-1,87
1,<environment.Job instance at 0x7f82d50d5500>,7,13,[11  3],8,-1,26,-1,13
1,<environment.Job instance at 0x7f82d50d52d0>,8,28,[7 5],9,-1,41,-1,13
1,<environment.Job instance at 0x7f82d50d5cd0>,10,2,[14  5],11,-1,17,-1,15
1,<environment.Job instance at 0x7f82d50d5d70>,11,26,[13  1],12,-1,41,-1,15
1,<environment.Job instance at 0x7f82d5177e10>,15,1,[5 1],16,-1,37,-1,36
1,<environment.Job instance at 0x7f82d5394820>,18,26,[ 5 12],19,-1,83,-1,57
1,<environment.Job instance at 0x7f82d5c873c0>,19,26,[2 8],20,-1,83,-1,57
1,<environment.Job instance at 0x7f82d5e07050>,22,16,[ 2 13],23,-1,73,-1,57
1,<environment.Job instance at 0x7f82d5e07dc0>,23,23,[7 1],24,-1,81,-1,58
1,<environment.Job instance at 0x7f82d5e07140>,24,13,[13  4],25,-1,71,-1,58
1,<environment.Job instance at 0x7f82d5e07780>,25,18,[14  3],26,-1,76,-1,58
1,<environment.Job instance at 0x7f82d5e07910>,27,24,[14  5],28,-1,82,-1,58
1,<environment.Job instance at 0x7f82d5e07320>,28,25,[ 4 12],29,-1,83,-1,58
1,<environment.Job instance at 0x7f82d5a229b0>,30,18,[12  3],31,-1,86,-1,68
1,<environment.Job instance at 0x7f82d65a8aa0>,32,18,[ 2 11],33,-1,92,-1,74
1,<environment.Job instance at 0x7f82d5e07d20>,33,13,[11  3],34,-1,87,-1,74
1,<environment.Job instance at 0x7f82deb4d280>,34,18,[13  2],35,-1,92,-1,74
1,<environment.Job instance at 0x7f82d5c0acd0>,35,2,[7 1],36,-1,76,-1,74
1,<environment.Job instance at 0x7f82debdf500>,36,23,[ 5 13],37,-1,97,-1,74
1,<environment.Job instance at 0x7f82d52f1a00>,38,28,[ 1 10],39,-1,119,-1,91
1,<environment.Job instance at 0x7f82d52f17d0>,40,12,[ 4 14],41,-1,103,-1,91
1,<environment.Job instance at 0x7f82d59300f0>,41,2,[10  3],42,-1,93,-1,91
1,<environment.Job instance at 0x7f82d5930b40>,42,1,[5 2],43,-1,92,-1,91
1,<environment.Job instance at 0x7f82d59e22d0>,4,23,[14  2],5,-1,28,-1,5
1,<environment.Job instance at 0x7f82d59e2f00>,5,24,[5 9],6,-1,30,-1,6
1,<environment.Job instance at 0x7f82d59e2140>,7,28,[ 2 11],8,-1,36,-1,8
1,<environment.Job instance at 0x7f82d59e2730>,8,3,[14  3],9,-1,16,-1,13
1,<environment.Job instance at 0x7f82d59478c0>,13,2,[9 2],14,-1,16,-1,14
1,<environment.Job instance at 0x7f82d59475a0>,14,3,[6 2],15,-1,18,-1,15
1,<environment.Job instance at 0x7f82d5947d20>,16,3,[13  3],17,-1,21,-1,18
1,<environment.Job instance at 0x7f82d59e2aa0>,17,1,[ 4 14],18,-1,19,-1,18
1,<environment.Job instance at 0x7f82d5947cd0>,18,14,[ 3 14],19,-1,33,-1,19
1,<environment.Job instance at 0x7f82d5227cd0>,20,16,[14  1],21,-1,37,-1,21
1,<environment.Job instance at 0x7f82d5a40e10>,23,1,[ 5 13],24,-1,36,-1,35
1,<environment.Job instance at 0x7f82d61b3550>,24,26,[4 8],25,-1,61,-1,35
1,<environment.Job instance at 0x7f82d58ee140>,30,23,[ 5 11],31,-1,110,-1,87
1,<environment.Job instance at 0x7f82dede3aa0>,31,24,[9 1],32,-1,111,-1,87
1,<environment.Job instance at 0x7f82d585c1e0>,35,3,[2 7],36,-1,92,-1,89
1,<environment.Job instance at 0x7f82d583a8c0>,36,26,[11  3],37,-1,115,-1,89
1,<environment.Job instance at 0x7f82d5914780>,37,1,[9 1],38,-1,90,-1,89
1,<environment.Job instance at 0x7f82d5914dc0>,38,24,[7 1],39,-1,113,-1,89
1,<environment.Job instance at 0x7f82d5c9beb0>,39,3,[ 3 11],40,-1,92,-1,89
1,<environment.Job instance at 0x7f82d603f820>,1,1,[13  2],2,-1,3,-1,2
1,<environment.Job instance at 0x7f82d603f870>,2,14,[13  2],3,-1,17,-1,3
1,<environment.Job instance at 0x7f82d603fdc0>,4,26,[4 7],5,-1,31,-1,5
1,<environment.Job instance at 0x7f82d603f140>,13,20,[ 1 14],14,-1,34,-1,14
1,<environment.Job instance at 0x7f82d603f230>,14,1,[ 3 14],15,-1,16,-1,15
1,<environment.Job instance at 0x7f82d5a0c370>,19,1,[5 1],20,-1,41,-1,40
1,<environment.Job instance at 0x7f82d5a0cbe0>,20,20,[ 5 13],21,-1,60,-1,40
1,<environment.Job instance at 0x7f82d5a0ca00>,21,1,[ 5 13],22,-1,41,-1,40
1,<environment.Job instance at 0x7f82d5a0c140>,22,15,[ 3 13],23,-1,55,-1,40
1,<environment.Job instance at 0x7f82d5a0cdc0>,30,25,[5 8],31,-1,117,-1,92
1,<environment.Job instance at 0x7f82d5a0c3c0>,31,15,[11  2],32,-1,107,-1,92
1,<environment.Job instance at 0x7f82d5a0c320>,32,15,[14  1],33,-1,107,-1,92
1,<environment.Job instance at 0x7f82d5a0cfa0>,33,25,[ 2 10],34,-1,117,-1,92
1,<environment.Job instance at 0x7f82d5a0c730>,34,2,[ 2 10],35,-1,94,-1,92
1,<environment.Job instance at 0x7f82d5a0c460>,35,23,[7 1],36,-1,115,-1,92
1,<environment.Job instance at 0x7f82d5a0c190>,36,23,[5 3],37,-1,115,-1,92
1,<environment.Job instance at 0x7f82d5a0c500>,37,26,[1 7],38,-1,118,-1,92
1,<environment.Job instance at 0x7f82d5a0c5f0>,39,13,[ 2 12],40,-1,105,-1,92
1,<environment.Job instance at 0x7f82d4da3820>,40,27,[ 1 14],41,-1,119,-1,92
1,<environment.Job instance at 0x7f82d525a460>,1,28,[14  2],2,-1,30,-1,2
1,<environment.Job instance at 0x7f82d5201e60>,5,3,[1 8],6,-1,10,-1,7
1,<environment.Job instance at 0x7f82dec31e10>,7,2,[5 7],8,-1,10,-1,8
1,<environment.Job instance at 0x7f82dec31190>,8,22,[ 2 12],9,-1,31,-1,9
1,<environment.Job instance at 0x7f82dec31cd0>,14,21,[10  2],15,-1,46,-1,25
1,<environment.Job instance at 0x7f82d5551460>,15,12,[ 1 14],16,-1,37,-1,25
1,<environment.Job instance at 0x7f82d50eef00>,16,14,[ 3 11],17,-1,39,-1,25
1,<environment.Job instance at 0x7f82d50ee7d0>,18,12,[ 3 13],19,-1,37,-1,25
1,<environment.Job instance at 0x7f82d4db6a00>,21,12,[8 4],22,-1,41,-1,29
1,<environment.Job instance at 0x7f82d5e10d20>,22,15,[ 4 11],23,-1,44,-1,29
1,<environment.Job instance at 0x7f82d57ed500>,23,26,[7 4],24,-1,55,-1,29
1,<environment.Job instance at 0x7f82d5af0960>,24,22,[10  3],25,-1,59,-1,37
1,<environment.Job instance at 0x7f82d5af0b90>,25,2,[ 5 11],26,-1,39,-1,37
1,<environment.Job instance at 0x7f82d5af0c80>,26,22,[4 9],27,-1,59,-1,37
1,<environment.Job instance at 0x7f82d5b02320>,27,25,[5 8],28,-1,62,-1,37
1,<environment.Job instance at 0x7f82d5afe9b0>,28,15,[6 1],29,-1,52,-1,37
1,<environment.Job instance at 0x7f82d4eaa690>,31,1,[9 4],32,-1,43,-1,42
1,<environment.Job instance at 0x7f82d4eaa2d0>,32,16,[3 5],33,-1,58,-1,42
1,<environment.Job instance at 0x7f82d4eaa280>,33,12,[10  5],34,-1,54,-1,42
1,<environment.Job instance at 0x7f82d581b5a0>,36,28,[ 3 11],37,-1,107,-1,79
1,<environment.Job instance at 0x7f82d4eaac80>,37,1,[5 1],38,-1,80,-1,79
1,<environment.Job instance at 0x7f82d64eb410>,38,16,[14  5],39,-1,95,-1,79
1,<environment.Job instance at 0x7f82d4eaa9b0>,39,28,[6 3],40,-1,107,-1,79
1,<environment.Job instance at 0x7f82d64ebeb0>,40,13,[14  3],41,-1,92,-1,79
1,<environment.Job instance at 0x7f82d5ae70a0>,41,16,[8 1],42,-1,98,-1,82
1,<environment.Job instance at 0x7f82df241960>,42,14,[ 2 12],43,-1,96,-1,82
1,<environment.Job instance at 0x7f82d5ae7be0>,43,1,[7 3],44,-1,83,-1,82
1,<environment.Job instance at 0x7f82d5ae79b0>,44,21,[ 3 14],45,-1,103,-1,82
1,<environment.Job instance at 0x7f82d516e1e0>,46,23,[3 9],47,-1,105,-1,82
1,<environment.Job instance at 0x7f82d516ed70>,47,19,[4 7],48,-1,111,-1,92
1,<environment.Job instance at 0x7f82d516eeb0>,48,25,[ 1 14],49,-1,117,-1,92
1,<environment.Job instance at 0x7f82d516e0a0>,49,14,[1 9],50,-1,106,-1,92
1,<environment.Job instance at 0x7f82d516e7d0>,50,17,[2 8],51,-1,110,-1,93
1,<environment.Job instance at 0x7f82d516e280>,51,25,[2 8],52,-1,118,-1,93
1,<environment.Job instance at 0x7f82d516e780>,52,12,[10  3],53,-1,105,-1,93
1,<environment.Job instance at 0x7f82d585a1e0>,53,13,[5 1],54,-1,106,-1,93
1,<environment.Job instance at 0x7f82d585a280>,54,16,[13  2],55,-1,109,-1,93
1,<environment.Job instance at 0x7f82d585a820>,55,13,[9 5],56,-1,106,-1,93
1,<environment.Job instance at 0x7f82d585a870>,56,12,[3 5],57,-1,105,-1,93
1,<environment.Job instance at 0x7f82d585aa00>,57,13,[9 3],58,-1,106,-1,93
1,<environment.Job instance at 0x7f82d585a6e0>,60,2,[3 9],61,-1,101,-1,99
1,<environment.Job instance at 0x7f82d585a960>,61,3,[ 1 13],62,-1,102,-1,99
1,<environment.Job instance at 0x7f82d585a730>,62,22,[6 2],63,-1,121,-1,99
1,<environment.Job instance at 0x7f82d585ae60>,63,16,[ 4 14],64,-1,115,-1,99
1,<environment.Job instance at 0x7f82d5811230>,64,15,[11  3],65,-1,114,-1,99
1,<environment.Job instance at 0x7f82d5878730>,65,15,[ 1 10],66,-1,114,-1,99
1,<environment.Job instance at 0x7f82d58781e0>,66,22,[1 8],67,-1,121,-1,99
1,<environment.Job instance at 0x7f82d5878aa0>,67,23,[3 5],68,-1,122,-1,99
1,<environment.Job instance at 0x7f82d5878410>,68,17,[12  3],69,-1,116,-1,99
1,<environment.Job instance at 0x7f82d5a19dc0>,1,24,[ 5 13],2,-1,26,-1,2
1,<environment.Job instance at 0x7f82d54d5280>,9,27,[14  3],10,-1,43,-1,16
1,<environment.Job instance at 0x7f82d54d5870>,16,28,[4 7],17,-1,80,-1,52
1,<environment.Job instance at 0x7f82d5e7d140>,3,19,[ 1 11],4,-1,23,-1,4
1,<environment.Job instance at 0x7f82d5e7d8c0>,5,27,[6 1],6,-1,33,-1,6
1,<environment.Job instance at 0x7f82d5e7d500>,8,20,[9 1],9,-1,59,-1,39
1,<environment.Job instance at 0x7f82d5ce90a0>,14,18,[11  2],15,-1,57,-1,39
1,<environment.Job instance at 0x7f82d5ce9910>,15,26,[12  4],16,-1,65,-1,39
1,<environment.Job instance at 0x7f82d5ce9b90>,16,14,[11  2],17,-1,53,-1,39
1,<environment.Job instance at 0x7f82d5ce9780>,19,13,[ 1 13],20,-1,53,-1,40
1,<environment.Job instance at 0x7f82d5ce98c0>,28,2,[10  1],29,-1,93,-1,91
1,<environment.Job instance at 0x7f82d5ce9eb0>,30,12,[ 4 10],31,-1,103,-1,91
1,<environment.Job instance at 0x7f82d5ce9eb0>,2,28,[ 1 12],3,-1,31,-1,3
1,<environment.Job instance at 0x7f82d5586500>,14,1,[ 4 12],15,-1,39,-1,38
1,<environment.Job instance at 0x7f82d55864b0>,16,2,[6 5],17,-1,46,-1,44
1,<environment.Job instance at 0x7f82d5586c30>,18,17,[ 3 12],19,-1,72,-1,55
1,<environment.Job instance at 0x7f82d5586aa0>,20,27,[14  1],21,-1,82,-1,55
1,<environment.Job instance at 0x7f82d55867d0>,21,26,[5 6],22,-1,81,-1,55
1,<environment.Job instance at 0x7f82d55861e0>,23,14,[ 1 13],24,-1,71,-1,57
1,<environment.Job instance at 0x7f82d6677690>,25,26,[11  1],26,-1,94,-1,68
1,<environment.Job instance at 0x7f82d6677190>,26,24,[12  2],27,-1,92,-1,68
1,<environment.Job instance at 0x7f82d6677af0>,30,3,[ 5 14],31,-1,89,-1,86
1,<environment.Job instance at 0x7f82d66771e0>,31,18,[ 3 12],32,-1,104,-1,86
1,<environment.Job instance at 0x7f3a209a71e0>,5,24,[1 5],6,-1,37,-1,13
1,<environment.Job instance at 0x7f3a1722fa50>,9,18,[ 2 13],10,-1,31,-1,13
1,<environment.Job instance at 0x7f3a1722faf0>,10,18,[ 3 11],11,-1,31,-1,13
1,<environment.Job instance at 0x7f3a1722fb90>,11,1,[8 5],12,-1,14,-1,13
1,<environment.Job instance at 0x7f3a1722fd70>,13,28,[ 4 14],14,-1,42,-1,14
1,<environment.Job instance at 0x7f3a1722fe60>,18,3,[ 4 13],19,-1,44,-1,41
1,<environment.Job instance at 0x7f3a17231140>,19,14,[ 3 11],20,-1,55,-1,41
1,<environment.Job instance at 0x7f3a172311e0>,20,1,[13  5],21,-1,42,-1,41
1,<environment.Job instance at 0x7f3a17231280>,21,1,[6 5],22,-1,42,-1,41
1,<environment.Job instance at 0x7f3a17231320>,22,1,[2 7],23,-1,42,-1,41
1,<environment.Job instance at 0x7f3a172313c0>,23,27,[ 1 14],24,-1,68,-1,41
1,<environment.Job instance at 0x7f3a17231460>,24,18,[ 4 10],25,-1,59,-1,41
1,<environment.Job instance at 0x7f3a172310f0>,25,27,[8 1],26,-1,68,-1,41
1,<environment.Job instance at 0x7f3a172315f0>,26,26,[5 5],27,-1,67,-1,41
1,<environment.Job instance at 0x7f3a17231820>,29,25,[ 4 11],30,-1,113,-1,88
1,<environment.Job instance at 0x7f3a172318c0>,30,22,[ 5 13],31,-1,110,-1,88
1,<environment.Job instance at 0x7f3a17231b40>,2,26,[ 5 12],3,-1,29,-1,3
1,<environment.Job instance at 0x7f3a173775f0>,4,15,[12  1],5,-1,20,-1,5
1,<environment.Job instance at 0x7f3a17377550>,5,14,[ 2 11],6,-1,20,-1,6
1,<environment.Job instance at 0x7f3a173774b0>,7,3,[ 1 12],8,-1,11,-1,8
1,<environment.Job instance at 0x7f3a173770f0>,9,14,[ 3 14],10,-1,24,-1,10
1,<environment.Job instance at 0x7f3a172b34b0>,11,3,[10  2],12,-1,15,-1,12
1,<environment.Job instance at 0x7f3a172b3a50>,12,27,[2 6],13,-1,40,-1,13
1,<environment.Job instance at 0x7f3a172b3190>,13,24,[ 2 14],14,-1,38,-1,14
1,<environment.Job instance at 0x7f3a172350a0>,1,18,[12  4],2,-1,20,-1,2
1,<environment.Job instance at 0x7f3a16940f50>,3,26,[11  5],4,-1,30,-1,4
1,<environment.Job instance at 0x7f3a169409b0>,7,15,[13  5],8,-1,23,-1,8
1,<environment.Job instance at 0x7f3a16940be0>,12,26,[ 4 10],13,-1,41,-1,15
1,<environment.Job instance at 0x7f3a16940e60>,13,26,[8 3],14,-1,41,-1,15
1,<environment.Job instance at 0x7f3a169400f0>,14,1,[12  1],15,-1,16,-1,15
1,<environment.Job instance at 0x7f3a168dea00>,15,19,[ 2 13],16,-1,35,-1,16
1,<environment.Job instance at 0x7f3a168dee60>,16,22,[11  1],17,-1,39,-1,17
1,<environment.Job instance at 0x7f3a168de0a0>,17,22,[ 1 13],18,-1,40,-1,18
1,<environment.Job instance at 0x7f3a168de5a0>,18,2,[2 8],19,-1,22,-1,20
1,<environment.Job instance at 0x7f3a168de9b0>,20,23,[7 3],21,-1,46,-1,23
1,<environment.Job instance at 0x7f3a168de050>,21,3,[10  5],22,-1,26,-1,23
1,<environment.Job instance at 0x7f3a168de2d0>,23,24,[14  3],24,-1,59,-1,35
1,<environment.Job instance at 0x7f3a168de690>,24,3,[7 5],25,-1,38,-1,35
1,<environment.Job instance at 0x7f3a168de230>,25,21,[12  3],26,-1,56,-1,35
1,<environment.Job instance at 0x7f3a168de780>,27,28,[4 5],28,-1,79,-1,51
1,<environment.Job instance at 0x7f3a168de460>,29,22,[14  1],30,-1,73,-1,51
1,<environment.Job instance at 0x7f3a168deb40>,30,3,[11  3],31,-1,54,-1,51
1,<environment.Job instance at 0x7f3a168de8c0>,31,27,[ 4 13],32,-1,78,-1,51
1,<environment.Job instance at 0x7f3a1691c500>,32,26,[8 4],33,-1,77,-1,51
1,<environment.Job instance at 0x7f3a1691c1e0>,35,16,[14  1],36,-1,80,-1,64
1,<environment.Job instance at 0x7f3a1691cbe0>,36,3,[9 1],37,-1,68,-1,65
1,<environment.Job instance at 0x7f3a1691c910>,39,1,[5 4],40,-1,82,-1,81
1,<environment.Job instance at 0x7f3a1691c8c0>,40,25,[ 3 10],41,-1,106,-1,81
1,<environment.Job instance at 0x7f3a1691c320>,41,1,[ 2 10],42,-1,82,-1,81
1,<environment.Job instance at 0x7f3a1691c780>,42,27,[3 9],43,-1,108,-1,81
1,<environment.Job instance at 0x7f3a1691c050>,43,2,[4 7],44,-1,83,-1,81
1,<environment.Job instance at 0x7f3a1691c280>,44,12,[13  2],45,-1,93,-1,81
1,<environment.Job instance at 0x7f3a1691c550>,45,24,[1 5],46,-1,105,-1,81
1,<environment.Job instance at 0x7f3a16f08500>,1,25,[7 1],2,-1,27,-1,2
1,<environment.Job instance at 0x7f3a179ef280>,2,24,[12  5],3,-1,27,-1,3
1,<environment.Job instance at 0x7f3a16d6a190>,4,15,[ 1 11],5,-1,20,-1,5
1,<environment.Job instance at 0x7f3a16d6a050>,5,16,[ 5 12],6,-1,22,-1,6
1,<environment.Job instance at 0x7f3a16d6a140>,6,27,[ 4 14],7,-1,34,-1,7
1,<environment.Job instance at 0x7f3a16d6aa50>,7,23,[2 9],8,-1,31,-1,8
1,<environment.Job instance at 0x7f3a16eac730>,14,12,[ 4 12],15,-1,27,-1,15
1,<environment.Job instance at 0x7f3a16eace10>,15,26,[10  2],16,-1,42,-1,16
1,<environment.Job instance at 0x7f3a16eac870>,16,22,[ 4 13],17,-1,39,-1,17
1,<environment.Job instance at 0x7f3a16eac8c0>,17,16,[14  5],18,-1,34,-1,18
1,<environment.Job instance at 0x7f3a16eac640>,20,14,[ 3 10],21,-1,70,-1,56
1,<environment.Job instance at 0x7f3a16eb8af0>,28,22,[5 2],29,-1,95,-1,73
1,<environment.Job instance at 0x7f3a16eb8eb0>,29,12,[ 5 10],30,-1,85,-1,73
1,<environment.Job instance at 0x7f3a1709ad70>,1,27,[7 4],2,-1,29,-1,2
1,<environment.Job instance at 0x7f3a170b3460>,5,1,[ 1 10],6,-1,7,-1,6
1,<environment.Job instance at 0x7f3a170b3140>,6,16,[12  4],7,-1,23,-1,7
1,<environment.Job instance at 0x7f3a170b3d20>,7,13,[10  3],8,-1,22,-1,9
1,<environment.Job instance at 0x7f3a170abaa0>,11,18,[ 4 13],12,-1,30,-1,12
1,<environment.Job instance at 0x7f3a170bcfa0>,15,19,[14  4],16,-1,43,-1,24
1,<environment.Job instance at 0x7f3a170bc8c0>,21,16,[ 5 11],22,-1,84,-1,68
1,<environment.Job instance at 0x7f3a170bc3c0>,22,2,[1 8],23,-1,70,-1,68
1,<environment.Job instance at 0x7f3a1709d820>,24,25,[3 8],25,-1,94,-1,69
1,<environment.Job instance at 0x7f3a170ba460>,26,3,[ 5 14],27,-1,72,-1,69
1,<environment.Job instance at 0x7f3a170ba4b0>,27,27,[9 3],28,-1,96,-1,69
1,<environment.Job instance at 0x7f3a170bafa0>,28,15,[13  3],29,-1,84,-1,69
1,<environment.Job instance at 0x7f3a170bae60>,30,12,[ 3 12],31,-1,100,-1,88
1,<environment.Job instance at 0x7f3a170bac30>,31,1,[ 3 11],32,-1,89,-1,88
1,<environment.Job instance at 0x7f3a170ba730>,33,2,[6 3],34,-1,90,-1,88
1,<environment.Job instance at 0x7f3a170ba910>,34,2,[3 8],35,-1,90,-1,88
1,<environment.Job instance at 0x7f3a170ba5a0>,35,12,[ 2 12],36,-1,100,-1,88
1,<environment.Job instance at 0x7f3a170ba370>,36,27,[ 1 13],37,-1,115,-1,88
1,<environment.Job instance at 0x7f3a1790d230>,2,26,[ 4 10],3,-1,29,-1,3
1,<environment.Job instance at 0x7f3a1790d820>,3,2,[ 4 11],4,-1,6,-1,4
1,<environment.Job instance at 0x7f3a1790db40>,4,14,[ 5 12],5,-1,19,-1,5
1,<environment.Job instance at 0x7f3a1790d1e0>,5,24,[ 5 11],6,-1,30,-1,6
1,<environment.Job instance at 0x7f3a1790d5f0>,6,25,[7 3],7,-1,37,-1,12
1,<environment.Job instance at 0x7f3a1767bfa0>,12,17,[ 2 13],13,-1,30,-1,13
1,<environment.Job instance at 0x7f3a1767b410>,13,27,[12  4],14,-1,41,-1,14
1,<environment.Job instance at 0x7f3a1767be10>,17,12,[ 5 12],18,-1,34,-1,22
1,<environment.Job instance at 0x7f3a1767b960>,18,14,[14  1],19,-1,36,-1,22
1,<environment.Job instance at 0x7f3a1767b9b0>,20,14,[12  4],21,-1,40,-1,26
1,<environment.Job instance at 0x7f3a1767b6e0>,22,2,[10  5],23,-1,42,-1,40
1,<environment.Job instance at 0x7f3a1767b550>,23,12,[14  4],24,-1,52,-1,40
1,<environment.Job instance at 0x7f3a1767b320>,25,25,[8 1],26,-1,80,-1,55
1,<environment.Job instance at 0x7f3a16865230>,27,21,[ 5 14],28,-1,76,-1,55
1,<environment.Job instance at 0x7f3a168652d0>,30,28,[2 8],31,-1,105,-1,77
1,<environment.Job instance at 0x7f3a16865f50>,32,27,[9 3],33,-1,112,-1,85
1,<environment.Job instance at 0x7f3a16f55190>,35,28,[ 1 13],36,-1,113,-1,85
1,<environment.Job instance at 0x7f3a170b7be0>,4,17,[12  3],5,-1,22,-1,5
1,<environment.Job instance at 0x7f3a17910870>,5,2,[ 4 12],6,-1,8,-1,6
1,<environment.Job instance at 0x7f3a16dcdd70>,6,1,[10  1],7,-1,8,-1,7
1,<environment.Job instance at 0x7f3a16dcdc30>,7,28,[3 6],8,-1,36,-1,8
1,<environment.Job instance at 0x7f3a16dcdaa0>,9,19,[13  1],10,-1,29,-1,10
1,<environment.Job instance at 0x7f3a1709d230>,26,21,[14  1],27,-1,100,-1,79
1,<environment.Job instance at 0x7f3a1709d5f0>,29,24,[4 9],30,-1,112,-1,88
1,<environment.Job instance at 0x7f3a1709d870>,30,14,[6 1],31,-1,107,-1,93
1,<environment.Job instance at 0x7f3a17779af0>,6,27,[10  1],7,-1,34,-1,7
1,<environment.Job instance at 0x7f3a17071e10>,5,3,[ 3 14],6,-1,10,-1,7
1,<environment.Job instance at 0x7f3a1790f4b0>,8,15,[ 5 10],9,-1,25,-1,10
1,<environment.Job instance at 0x7f3a17911aa0>,10,28,[13  5],11,-1,39,-1,11
1,<environment.Job instance at 0x7f3a17911be0>,13,3,[5 2],14,-1,27,-1,24
1,<environment.Job instance at 0x7f3a17911c30>,14,2,[ 2 14],15,-1,26,-1,24
1,<environment.Job instance at 0x7f3a17911c80>,15,14,[11  2],16,-1,38,-1,24
1,<environment.Job instance at 0x7f3a17911dc0>,16,1,[4 6],17,-1,25,-1,24
1,<environment.Job instance at 0x7f3a17911640>,18,3,[14  5],19,-1,27,-1,24
1,<environment.Job instance at 0x7f3a179110a0>,19,1,[ 3 12],20,-1,25,-1,24
1,<environment.Job instance at 0x7f3a16b943c0>,21,2,[5 6],22,-1,42,-1,40
1,<environment.Job instance at 0x7f3a176e2910>,22,13,[ 2 13],23,-1,53,-1,40
1,<environment.Job instance at 0x7f3a176e27d0>,23,23,[5 1],24,-1,63,-1,40
1,<environment.Job instance at 0x7f3a16b99690>,24,14,[ 3 13],25,-1,54,-1,40
1,<environment.Job instance at 0x7f3a16badaf0>,26,26,[ 1 12],27,-1,66,-1,40
1,<environment.Job instance at 0x7f3a17926960>,28,3,[1 5],29,-1,43,-1,40
1,<environment.Job instance at 0x7f3a16e65550>,29,20,[3 8],30,-1,70,-1,50
1,<environment.Job instance at 0x7f3a16bc1910>,30,24,[11  5],31,-1,74,-1,50
1,<environment.Job instance at 0x7f3a16e5b550>,31,3,[2 7],32,-1,53,-1,50
1,<environment.Job instance at 0x7f3a16e7ee10>,32,1,[10  4],33,-1,51,-1,50
1,<environment.Job instance at 0x7f3a17919370>,33,3,[3 8],34,-1,53,-1,50
1,<environment.Job instance at 0x7f3a179192d0>,36,18,[14  2],37,-1,75,-1,57
1,<environment.Job instance at 0x7f3a17919280>,37,27,[5 7],38,-1,84,-1,57
1,<environment.Job instance at 0x7f3a17919dc0>,39,21,[12  3],40,-1,89,-1,68
1,<environment.Job instance at 0x7f3a17919640>,40,1,[ 5 12],41,-1,69,-1,68
1,<environment.Job instance at 0x7f3a17919af0>,42,16,[ 2 13],43,-1,84,-1,68
1,<environment.Job instance at 0x7f3a16b92370>,45,13,[14  1],46,-1,94,-1,81
1,<environment.Job instance at 0x7f3a16e70370>,46,3,[ 5 13],47,-1,84,-1,81
1,<environment.Job instance at 0x7f3a16e87280>,47,20,[ 2 13],48,-1,101,-1,81
1,<environment.Job instance at 0x7f3a16e70550>,48,27,[4 9],49,-1,108,-1,81
1,<environment.Job instance at 0x7f3a16e872d0>,49,3,[ 2 13],50,-1,84,-1,81
1,<environment.Job instance at 0x7f3a16e51b90>,50,2,[ 4 12],51,-1,83,-1,81
1,<environment.Job instance at 0x7f3a16e513c0>,52,25,[2 7],53,-1,121,-1,96
1,<environment.Job instance at 0x7f3a16e71370>,54,12,[11  5],55,-1,110,-1,98
1,<environment.Job instance at 0x7f3a17071a50>,2,24,[8 1],3,-1,28,-1,4
1,<environment.Job instance at 0x7f3a16c0f410>,4,26,[5 7],5,-1,31,-1,5
1,<environment.Job instance at 0x7f3a16c0f320>,5,3,[ 1 12],6,-1,9,-1,6
1,<environment.Job instance at 0x7f3a16c0f500>,9,26,[7 3],10,-1,42,-1,16
1,<environment.Job instance at 0x7f3a16c0f230>,18,1,[8 1],19,-1,32,-1,31
1,<environment.Job instance at 0x7f3a170748c0>,20,17,[ 1 13],21,-1,48,-1,31
1,<environment.Job instance at 0x7f3a17074d70>,21,25,[4 9],22,-1,56,-1,31
1,<environment.Job instance at 0x7f3a17074d20>,23,14,[13  3],24,-1,59,-1,45
1,<environment.Job instance at 0x7f3a17074870>,26,2,[9 2],27,-1,59,-1,57
1,<environment.Job instance at 0x7f3a16bbe230>,34,12,[11  4],35,-1,106,-1,94
1,<environment.Job instance at 0x7f3a20403460>,9,2,[6 2],10,-1,13,-1,11
1,<environment.Job instance at 0x7f3a16fa7460>,11,2,[2 7],12,-1,14,-1,12
1,<environment.Job instance at 0x7f3a16fa73c0>,12,1,[11  2],13,-1,14,-1,13
1,<environment.Job instance at 0x7f3a16fa7b40>,13,3,[9 1],14,-1,17,-1,14
1,<environment.Job instance at 0x7f3a203d9280>,26,14,[13  2],27,-1,95,-1,81
1,<environment.Job instance at 0x7f3a17c62f00>,28,24,[ 1 14],29,-1,122,-1,98
1,<environment.Job instance at 0x7f3a17c2b370>,29,2,[7 5],30,-1,100,-1,98
1,<environment.Job instance at 0x7f3a17e2f280>,30,1,[8 3],31,-1,99,-1,98
1,<environment.Job instance at 0x7f3a17036140>,13,1,[5 6],14,-1,57,-1,56
1,<environment.Job instance at 0x7f3a17036f50>,15,25,[9 4],16,-1,81,-1,56
1,<environment.Job instance at 0x7f3a17036190>,17,2,[12  3],18,-1,58,-1,56
1,<environment.Job instance at 0x7f3a17036aa0>,18,23,[4 8],19,-1,79,-1,56
1,<environment.Job instance at 0x7f3a17036960>,20,27,[ 5 14],21,-1,83,-1,56
1,<environment.Job instance at 0x7f3a17036320>,21,17,[14  2],22,-1,73,-1,56
1,<environment.Job instance at 0x7f3a17036410>,22,15,[12  2],23,-1,71,-1,56
1,<environment.Job instance at 0x7f3a179ce460>,26,23,[9 5],27,-1,116,-1,93
1,<environment.Job instance at 0x7f3a179cefa0>,27,27,[7 3],28,-1,120,-1,93
1,<environment.Job instance at 0x7f3a179ceb90>,28,2,[9 4],29,-1,95,-1,93
1,<environment.Job instance at 0x7f3a179ced20>,30,18,[11  2],31,-1,111,-1,93
1,<environment.Job instance at 0x7f3a179ce910>,31,25,[9 5],32,-1,118,-1,93
1,<environment.Job instance at 0x7f3a179cee10>,34,2,[ 5 12],35,-1,107,-1,105
1,<environment.Job instance at 0x7f3a179ce410>,35,23,[6 1],36,-1,128,-1,105
1,<environment.Job instance at 0x7f3a179ce1e0>,36,3,[9 2],37,-1,108,-1,105
1,<environment.Job instance at 0x7f3a179cea00>,37,2,[ 4 14],38,-1,107,-1,105
1,<environment.Job instance at 0x7f3a179ce5f0>,38,23,[10  3],39,-1,128,-1,105
1,<environment.Job instance at 0x7f3a179ce5a0>,39,14,[ 1 11],40,-1,119,-1,105
1,<environment.Job instance at 0x7f3a172769b0>,10,12,[11  2],11,-1,37,-1,25
1,<environment.Job instance at 0x7f3a172762d0>,11,18,[ 3 11],12,-1,43,-1,25
1,<environment.Job instance at 0x7f3a17276eb0>,14,24,[2 8],15,-1,51,-1,27
1,<environment.Job instance at 0x7f3a172765a0>,15,24,[5 7],16,-1,51,-1,27
1,<environment.Job instance at 0x7f3a17276d70>,16,13,[14  2],17,-1,40,-1,27
1,<environment.Job instance at 0x7f3a17276500>,17,12,[ 5 14],18,-1,39,-1,27
1,<environment.Job instance at 0x7f3a17276050>,18,28,[11  4],19,-1,55,-1,27
1,<environment.Job instance at 0x7f3a172767d0>,19,1,[1 6],20,-1,28,-1,27
1,<environment.Job instance at 0x7f3a17276550>,20,26,[1 8],21,-1,53,-1,27
1,<environment.Job instance at 0x7f3a17276fa0>,21,13,[1 9],22,-1,40,-1,27
1,<environment.Job instance at 0x7f3a172760f0>,23,18,[7 1],24,-1,45,-1,27
1,<environment.Job instance at 0x7f3a17276b90>,24,3,[7 5],25,-1,30,-1,27
1,<environment.Job instance at 0x7f3a17276280>,25,24,[5 3],26,-1,51,-1,27
1,<environment.Job instance at 0x7f3a16678f00>,26,15,[ 1 14],27,-1,42,-1,27
1,<environment.Job instance at 0x7f3a16678190>,27,1,[ 3 13],28,-1,29,-1,28
1,<environment.Job instance at 0x7f3a16678f50>,28,23,[11  4],29,-1,52,-1,29
1,<environment.Job instance at 0x7f3a16678140>,29,13,[1 9],30,-1,46,-1,33
1,<environment.Job instance at 0x7f3a16678c30>,31,3,[2 7],32,-1,48,-1,45
1,<environment.Job instance at 0x7f3a16678b40>,32,20,[1 9],33,-1,72,-1,52
1,<environment.Job instance at 0x7f3a16678960>,34,26,[9 3],35,-1,78,-1,52
1,<environment.Job instance at 0x7f3a16678d70>,35,22,[6 3],36,-1,81,-1,59
1,<environment.Job instance at 0x7f3a16678410>,36,2,[14  4],37,-1,61,-1,59
1,<environment.Job instance at 0x7f3a16678500>,39,14,[14  2],40,-1,73,-1,59
1,<environment.Job instance at 0x7f3a166780a0>,40,2,[14  4],41,-1,61,-1,59
1,<environment.Job instance at 0x7f3a16678820>,41,15,[ 4 12],42,-1,74,-1,59
1,<environment.Job instance at 0x7f3a16678aa0>,43,26,[8 3],44,-1,101,-1,75
1,<environment.Job instance at 0x7f3a16678d20>,45,24,[3 9],46,-1,99,-1,75
1,<environment.Job instance at 0x7f3a16678cd0>,46,18,[9 1],47,-1,93,-1,75
1,<environment.Job instance at 0x7f3a166000f0>,48,13,[13  2],49,-1,101,-1,88
1,<environment.Job instance at 0x7f3a166009b0>,49,1,[5 5],50,-1,89,-1,88
1,<environment.Job instance at 0x7f3a16600aa0>,50,1,[8 2],51,-1,89,-1,88
1,<environment.Job instance at 0x7f3a16600cd0>,52,14,[ 3 13],53,-1,107,-1,93
1,<environment.Job instance at 0x7f3a16600e10>,53,23,[6 1],54,-1,116,-1,93
1,<environment.Job instance at 0x7f3a16600af0>,54,1,[10  4],55,-1,94,-1,93
1,<environment.Job instance at 0x7f3a166007d0>,55,12,[5 1],56,-1,105,-1,93
1,<environment.Job instance at 0x7f3a16600870>,56,16,[13  3],57,-1,109,-1,93
1,<environment.Job instance at 0x7f3a16600fa0>,57,12,[4 8],58,-1,105,-1,93
1,<environment.Job instance at 0x7f3a16600640>,58,14,[1 9],59,-1,107,-1,93
1,<environment.Job instance at 0x7f3a16600140>,59,2,[5 4],60,-1,95,-1,93
1,<environment.Job instance at 0x7f3a16600c30>,60,12,[1 7],61,-1,105,-1,93
1,<environment.Job instance at 0x7f3a166004b0>,61,26,[ 2 10],62,-1,119,-1,93
1,<environment.Job instance at 0x7f3a178ce7d0>,5,18,[14  3],6,-1,24,-1,6
1,<environment.Job instance at 0x7f3a178ce0f0>,7,24,[14  5],8,-1,32,-1,8
1,<environment.Job instance at 0x7f3a178cee10>,8,25,[ 4 12],9,-1,34,-1,9
1,<environment.Job instance at 0x7f3a178ce3c0>,10,18,[12  3],11,-1,29,-1,11
1,<environment.Job instance at 0x7f3a178ce8c0>,15,2,[7 1],16,-1,39,-1,37
1,<environment.Job instance at 0x7f3a178ce370>,16,23,[ 5 13],17,-1,60,-1,37
1,<environment.Job instance at 0x7f3a178ced20>,14,18,[13  2],15,-1,55,-1,37
1,<environment.Job instance at 0x7f3a178cebe0>,17,23,[2 7],18,-1,60,-1,37
1,<environment.Job instance at 0x7f3a178cecd0>,20,12,[ 4 14],21,-1,49,-1,37
1,<environment.Job instance at 0x7f3a178ce280>,18,28,[ 1 10],19,-1,65,-1,37
1,<environment.Job instance at 0x7f3a178ce500>,21,2,[10  3],22,-1,39,-1,37
1,<environment.Job instance at 0x7f3a17a72370>,28,1,[12  3],29,-1,61,-1,60
1,<environment.Job instance at 0x7f3a17a72e10>,29,25,[13  1],30,-1,85,-1,60
1,<environment.Job instance at 0x7f3a17a72eb0>,30,13,[3 9],31,-1,73,-1,60
1,<environment.Job instance at 0x7f3a17a72cd0>,31,1,[2 5],32,-1,61,-1,60
1,<environment.Job instance at 0x7f3a17a72730>,33,1,[14  4],34,-1,61,-1,60
1,<environment.Job instance at 0x7f3a17a72460>,34,17,[13  5],35,-1,77,-1,60
1,<environment.Job instance at 0x7f3a17a72aa0>,35,1,[1 5],36,-1,61,-1,60
1,<environment.Job instance at 0x7f3a17a72550>,36,13,[ 4 11],37,-1,73,-1,60
1,<environment.Job instance at 0x7f3a17a72b90>,39,2,[3 7],40,-1,79,-1,77
1,<environment.Job instance at 0x7f3a17a72a50>,40,28,[ 3 10],41,-1,105,-1,77
1,<environment.Job instance at 0x7f3a17a72050>,42,14,[6 1],43,-1,105,-1,91
1,<environment.Job instance at 0x7f3a168e2dc0>,44,18,[ 5 10],45,-1,109,-1,91
1,<environment.Job instance at 0x7f3a168e2d20>,45,15,[1 8],46,-1,109,-1,94
1,<environment.Job instance at 0x7f3a168e2640>,46,22,[ 1 10],47,-1,116,-1,94
1,<environment.Job instance at 0x7f3a168e2050>,47,21,[1 8],48,-1,115,-1,94
1,<environment.Job instance at 0x7f3a168e2370>,48,20,[2 9],49,-1,115,-1,95
1,<environment.Job instance at 0x7f3a168e2280>,49,27,[1 9],50,-1,122,-1,95
1,<environment.Job instance at 0x7f3a168e2fa0>,50,25,[ 3 12],51,-1,120,-1,95
1,<environment.Job instance at 0x7f3a168e2960>,51,12,[9 1],52,-1,107,-1,95
1,<environment.Job instance at 0x7f3a168e20a0>,52,20,[ 1 13],53,-1,115,-1,95
1,<environment.Job instance at 0x7f3a168e25a0>,53,1,[5 6],54,-1,96,-1,95
1,<environment.Job instance at 0x7f3a168e26e0>,54,23,[10  3],55,-1,118,-1,95
1,<environment.Job instance at 0x7f3a168e25f0>,55,15,[ 2 11],56,-1,110,-1,95
1,<environment.Job instance at 0x7f3a168e2c80>,56,22,[2 5],57,-1,117,-1,95
1,<environment.Job instance at 0x7f3a168e28c0>,58,26,[2 5],59,-1,134,-1,108
1,<environment.Job instance at 0x7f3a16a72b90>,6,26,[11  3],7,-1,33,-1,7
1,<environment.Job instance at 0x7f3a16a72690>,13,27,[7 2],14,-1,58,-1,31
1,<environment.Job instance at 0x7f3a16a72d20>,14,12,[13  2],15,-1,43,-1,31
1,<environment.Job instance at 0x7f3a16cf50f0>,16,12,[ 2 14],17,-1,64,-1,52
1,<environment.Job instance at 0x7f3a16cf5050>,17,17,[ 1 12],18,-1,69,-1,52
1,<environment.Job instance at 0x7f3a16cf5690>,18,22,[13  4],19,-1,74,-1,52
1,<environment.Job instance at 0x7f3a16cf5aa0>,19,18,[ 5 12],20,-1,70,-1,52
1,<environment.Job instance at 0x7f3a16cf5500>,20,25,[12  1],21,-1,77,-1,52
1,<environment.Job instance at 0x7f3a16cf5230>,21,26,[10  2],22,-1,78,-1,52
1,<environment.Job instance at 0x7f3a16cf5140>,22,3,[4 8],23,-1,55,-1,52
1,<environment.Job instance at 0x7f3a16cf55f0>,24,12,[13  2],25,-1,64,-1,52
1,<environment.Job instance at 0x7f3a16cf5af0>,27,1,[4 7],28,-1,75,-1,74
1,<environment.Job instance at 0x7f3a16cf5c30>,29,14,[ 2 13],30,-1,100,-1,86
1,<environment.Job instance at 0x7f3a16cf5d20>,32,1,[8 4],33,-1,87,-1,86
1,<environment.Job instance at 0x7f3a16cf5cd0>,33,27,[ 1 13],34,-1,113,-1,86
1,<environment.Job instance at 0x7f3a178867d0>,34,18,[11  3],35,-1,104,-1,86
1,<environment.Job instance at 0x7f3a17886820>,37,12,[12  5],38,-1,111,-1,99
1,<environment.Job instance at 0x7f3a178866e0>,38,12,[ 3 12],39,-1,111,-1,99
1,<environment.Job instance at 0x7f3a17886aa0>,39,3,[10  3],40,-1,102,-1,99
1,<environment.Job instance at 0x7f3a171b2d70>,3,28,[ 5 13],4,-1,32,-1,4
1,<environment.Job instance at 0x7f3a171b2550>,5,1,[6 4],6,-1,8,-1,7
1,<environment.Job instance at 0x7f3a16970a00>,13,3,[6 4],14,-1,43,-1,40
1,<environment.Job instance at 0x7f3a16970b40>,17,2,[11  1],18,-1,60,-1,58
1,<environment.Job instance at 0x7f3a16970140>,18,2,[5 3],19,-1,60,-1,58
1,<environment.Job instance at 0x7f3a16bd93c0>,23,25,[ 5 10],24,-1,116,-1,91
1,<environment.Job instance at 0x7f3a16970050>,24,2,[12  3],25,-1,93,-1,91
1,<environment.Job instance at 0x7f3a16bd9b90>,25,20,[ 4 11],26,-1,111,-1,91
1,<environment.Job instance at 0x7f3a16bd92d0>,27,15,[14  2],28,-1,106,-1,91
1,<environment.Job instance at 0x7f3a16bd9370>,28,12,[13  3],29,-1,103,-1,91
1,<environment.Job instance at 0x7f3a1733d960>,1,25,[2 8],2,-1,27,-1,2
1,<environment.Job instance at 0x7f3a17322fa0>,4,16,[13  2],5,-1,21,-1,5
1,<environment.Job instance at 0x7f3a17322870>,13,16,[ 4 14],14,-1,42,-1,26
1,<environment.Job instance at 0x7f3a17c15d70>,14,15,[11  3],15,-1,41,-1,26
1,<environment.Job instance at 0x7f3a17c15c80>,15,15,[ 1 10],16,-1,46,-1,31
1,<environment.Job instance at 0x7f3a17c15b40>,17,23,[3 5],18,-1,54,-1,31
1,<environment.Job instance at 0x7f3a17c15d20>,18,17,[12  3],19,-1,48,-1,31
1,<environment.Job instance at 0x7f3a17c155a0>,24,22,[10  1],25,-1,124,-1,102
1,<environment.Job instance at 0x7f3a17c15140>,31,16,[ 2 10],32,-1,118,-1,102
1,<environment.Job instance at 0x7f3a17c15370>,32,2,[7 5],33,-1,104,-1,102
1,<environment.Job instance at 0x7f3a17c15870>,33,15,[10  1],34,-1,117,-1,102
1,<environment.Job instance at 0x7f3a17d78780>,3,20,[5 2],4,-1,39,-1,19
1,<environment.Job instance at 0x7f3a17d78f50>,12,19,[ 4 10],13,-1,38,-1,19
1,<environment.Job instance at 0x7f3a17d78be0>,13,14,[ 2 11],14,-1,33,-1,19
1,<environment.Job instance at 0x7f3a17d78140>,14,12,[9 4],15,-1,31,-1,19
1,<environment.Job instance at 0x7f3a16dc7eb0>,15,22,[7 1],16,-1,41,-1,19
1,<environment.Job instance at 0x7f3a16dc7a00>,16,12,[3 5],17,-1,31,-1,19
1,<environment.Job instance at 0x7f3a16dc7780>,17,25,[1 7],18,-1,44,-1,19
1,<environment.Job instance at 0x7f3a208a10f0>,20,25,[14  3],21,-1,47,-1,22
1,<environment.Job instance at 0x7f3a208a1af0>,21,27,[8 1],22,-1,49,-1,22
1,<environment.Job instance at 0x7f3a208a1780>,22,1,[7 5],23,-1,24,-1,23
1,<environment.Job instance at 0x7f3a208a1550>,23,20,[ 3 12],24,-1,44,-1,24
1,<environment.Job instance at 0x7f3a208a1870>,24,2,[1 8],25,-1,27,-1,25
1,<environment.Job instance at 0x7f3a16915f50>,25,23,[5 2],26,-1,50,-1,27
1,<environment.Job instance at 0x7f3a208a1b40>,26,23,[1 6],27,-1,51,-1,28
1,<environment.Job instance at 0x7f3a169150f0>,27,23,[10  4],28,-1,51,-1,28
1,<environment.Job instance at 0x7f3a16915190>,29,21,[ 2 10],30,-1,58,-1,37
1,<environment.Job instance at 0x7f3a16915370>,30,28,[8 5],31,-1,65,-1,37
1,<environment.Job instance at 0x7f3a16915dc0>,41,17,[ 4 10],42,-1,106,-1,89
1,<environment.Job instance at 0x7f3a16915230>,42,1,[9 3],43,-1,90,-1,89
1,<environment.Job instance at 0x7f3a16915e60>,43,19,[ 1 11],44,-1,108,-1,89
1,<environment.Job instance at 0x7f3a16915af0>,44,26,[5 3],45,-1,115,-1,89
1,<environment.Job instance at 0x7f3a16708820>,45,27,[6 1],46,-1,116,-1,89
1,<environment.Job instance at 0x7f3a16f4f320>,11,2,[ 1 10],12,-1,27,-1,25
1,<environment.Job instance at 0x7f3a16f4f140>,12,1,[ 1 10],13,-1,26,-1,25
1,<environment.Job instance at 0x7f3a16f4fc30>,13,13,[12  2],14,-1,38,-1,25
1,<environment.Job instance at 0x7f3a16f4f5a0>,15,26,[11  4],16,-1,62,-1,36
1,<environment.Job instance at 0x7f3a16f599b0>,16,15,[ 5 10],17,-1,52,-1,37
1,<environment.Job instance at 0x7f3a16f59b90>,17,1,[ 4 11],18,-1,38,-1,37
1,<environment.Job instance at 0x7f3a16f59af0>,18,3,[12  1],19,-1,40,-1,37
1,<environment.Job instance at 0x7f3a16f59460>,19,3,[9 1],20,-1,40,-1,37
1,<environment.Job instance at 0x7f3a16f597d0>,22,18,[ 1 13],23,-1,68,-1,50
1,<environment.Job instance at 0x7f3a16f59d20>,23,12,[12  2],24,-1,62,-1,50
1,<environment.Job instance at 0x7f3a16f6a5f0>,29,3,[ 5 12],30,-1,88,-1,85
1,<environment.Job instance at 0x7f3a16f6ae60>,31,14,[1 9],32,-1,111,-1,97
1,<environment.Job instance at 0x7f3a16f6a7d0>,32,28,[ 1 12],33,-1,125,-1,97
1,<environment.Job instance at 0x7f3a16c2c690>,34,3,[5 7],35,-1,103,-1,100
1,<environment.Job instance at 0x7f3a1673ac80>,1,24,[5 3],2,-1,26,-1,2
1,<environment.Job instance at 0x7f3a1673a0f0>,4,19,[12  3],5,-1,24,-1,5
1,<environment.Job instance at 0x7f3a1673a910>,5,25,[2 6],6,-1,31,-1,6
1,<environment.Job instance at 0x7f3a169babe0>,8,28,[4 6],9,-1,37,-1,9
1,<environment.Job instance at 0x7f3a1673a0a0>,11,23,[ 1 10],12,-1,36,-1,13
1,<environment.Job instance at 0x7f3a169baaa0>,15,13,[ 3 10],16,-1,33,-1,20
1,<environment.Job instance at 0x7f3a169ba050>,16,24,[11  4],17,-1,44,-1,20
1,<environment.Job instance at 0x7f3a169baa50>,17,3,[7 3],18,-1,23,-1,20
1,<environment.Job instance at 0x7f3a169bab40>,20,24,[9 4],21,-1,55,-1,31
1,<environment.Job instance at 0x7f3a169ba230>,22,2,[ 3 12],23,-1,38,-1,36
1,<environment.Job instance at 0x7f3a169ba5f0>,23,20,[12  3],24,-1,56,-1,36
1,<environment.Job instance at 0x7f3a169ba3c0>,25,12,[ 2 12],26,-1,58,-1,46
1,<environment.Job instance at 0x7f3a169a4910>,26,18,[10  1],27,-1,76,-1,58
1,<environment.Job instance at 0x7f3a169a44b0>,29,15,[ 4 10],30,-1,73,-1,58
1,<environment.Job instance at 0x7f3a169a48c0>,30,17,[ 3 14],31,-1,75,-1,58
1,<environment.Job instance at 0x7f3a169a4320>,31,16,[12  1],32,-1,74,-1,58
1,<environment.Job instance at 0x7f3a169a4050>,32,1,[7 3],33,-1,59,-1,58
1,<environment.Job instance at 0x7f3a169a4a50>,33,17,[13  3],34,-1,75,-1,58
1,<environment.Job instance at 0x7f3a169a4d20>,34,13,[7 1],35,-1,71,-1,58
1,<environment.Job instance at 0x7f3a169a4730>,38,12,[ 3 11],39,-1,92,-1,80
1,<environment.Job instance at 0x7f3a169a47d0>,39,27,[13  4],40,-1,107,-1,80
1,<environment.Job instance at 0x7f3a169a4c80>,40,15,[ 3 14],41,-1,95,-1,80
1,<environment.Job instance at 0x7f3a169a4fa0>,43,14,[13  2],44,-1,97,-1,83
1,<environment.Job instance at 0x7f3a169ba780>,2,20,[12  3],3,-1,23,-1,3
1,<environment.Job instance at 0x7f3a17d87190>,3,17,[14  4],4,-1,21,-1,4
1,<environment.Job instance at 0x7f3a17d870a0>,4,17,[12  2],5,-1,22,-1,5
1,<environment.Job instance at 0x7f3a17d87230>,5,17,[ 2 13],6,-1,23,-1,6
1,<environment.Job instance at 0x7f3a1726cdc0>,7,26,[ 3 14],8,-1,34,-1,8
1,<environment.Job instance at 0x7f3a17d87690>,9,26,[1 5],10,-1,37,-1,11
1,<environment.Job instance at 0x7f3a17d87870>,15,12,[ 4 13],16,-1,28,-1,16
1,<environment.Job instance at 0x7f3a17d87be0>,18,27,[ 3 12],19,-1,55,-1,28
1,<environment.Job instance at 0x7f3a17d87c80>,19,24,[7 1],20,-1,52,-1,28
1,<environment.Job instance at 0x7f3a17d87d20>,20,2,[5 1],21,-1,30,-1,28
1,<environment.Job instance at 0x7f3a17d87dc0>,21,2,[ 2 12],22,-1,30,-1,28
1,<environment.Job instance at 0x7f3a17d87e60>,22,13,[ 3 11],23,-1,41,-1,28
1,<environment.Job instance at 0x7f3a17db8140>,26,15,[13  1],27,-1,71,-1,56
1,<environment.Job instance at 0x7f3a17db84b0>,30,2,[12  4],31,-1,75,-1,73
1,<environment.Job instance at 0x7f3a17db85f0>,32,2,[12  3],33,-1,92,-1,90
1,<environment.Job instance at 0x7f3a17db8820>,36,19,[14  5],37,-1,125,-1,106
1,<environment.Job instance at 0x7f3f509db320>,1,22,[11  3],2,-1,24,-1,2
1,<environment.Job instance at 0x7f3f47263b90>,13,28,[ 4 14],14,-1,88,-1,60
1,<environment.Job instance at 0x7f3f47263e10>,17,28,[ 5 10],18,-1,105,-1,77
1,<environment.Job instance at 0x7f3f472653c0>,23,27,[ 1 14],24,-1,122,-1,95
1,<environment.Job instance at 0x7f3f47265370>,2,27,[2 6],3,-1,30,-1,3
1,<environment.Job instance at 0x7f3f478b0550>,3,24,[ 2 14],4,-1,28,-1,4
1,<environment.Job instance at 0x7f3f478b0dc0>,5,1,[ 3 12],6,-1,7,-1,6
1,<environment.Job instance at 0x7f3f477c6280>,8,23,[ 2 14],9,-1,32,-1,9
1,<environment.Job instance at 0x7f3f478b0b40>,11,22,[7 5],12,-1,38,-1,16
1,<environment.Job instance at 0x7f3f477c6820>,15,14,[ 2 10],16,-1,30,-1,16
1,<environment.Job instance at 0x7f3f477c6e10>,16,19,[11  3],17,-1,36,-1,17
1,<environment.Job instance at 0x7f3f477c6eb0>,17,20,[14  5],18,-1,38,-1,18
1,<environment.Job instance at 0x7f3f477c6e60>,20,16,[ 2 14],21,-1,37,-1,21
1,<environment.Job instance at 0x7f3f477c6550>,18,12,[7 5],19,-1,34,-1,22
1,<environment.Job instance at 0x7f3f477c60f0>,22,22,[4 8],23,-1,46,-1,24
1,<environment.Job instance at 0x7f3f4693d690>,24,20,[ 1 14],25,-1,45,-1,25
1,<environment.Job instance at 0x7f3f46c74eb0>,25,13,[ 4 10],26,-1,39,-1,26
1,<environment.Job instance at 0x7f3f468c0550>,26,17,[14  2],27,-1,44,-1,27
1,<environment.Job instance at 0x7f3f46bb3dc0>,27,1,[4 8],28,-1,29,-1,28
1,<environment.Job instance at 0x7f3f4698eb90>,28,1,[11  2],29,-1,30,-1,29
1,<environment.Job instance at 0x7f3f469afb40>,29,23,[ 1 14],30,-1,53,-1,30
1,<environment.Job instance at 0x7f3f469af1e0>,30,3,[1 7],31,-1,34,-1,31
1,<environment.Job instance at 0x7f3f469174b0>,31,3,[4 7],32,-1,35,-1,32
1,<environment.Job instance at 0x7f3f46bbf910>,32,14,[13  4],33,-1,47,-1,33
1,<environment.Job instance at 0x7f3f46bbf500>,33,3,[5 2],34,-1,37,-1,34
1,<environment.Job instance at 0x7f3f469b01e0>,34,22,[12  4],35,-1,57,-1,35
1,<environment.Job instance at 0x7f3f46c697d0>,35,23,[1 7],36,-1,59,-1,36
1,<environment.Job instance at 0x7f3f469fde10>,36,17,[7 1],37,-1,54,-1,37
1,<environment.Job instance at 0x7f3f46d3b690>,37,1,[ 2 14],38,-1,39,-1,38
1,<environment.Job instance at 0x7f3f477c6190>,40,25,[9 3],41,-1,68,-1,43
1,<environment.Job instance at 0x7f3f46d3b4b0>,41,18,[1 9],42,-1,65,-1,47
1,<environment.Job instance at 0x7f3f46d3b7d0>,42,22,[5 3],43,-1,69,-1,47
1,<environment.Job instance at 0x7f3f46db25f0>,44,14,[13  3],45,-1,61,-1,47
1,<environment.Job instance at 0x7f3f46db2370>,45,3,[10  1],46,-1,50,-1,47
1,<environment.Job instance at 0x7f3f46d25dc0>,46,3,[ 2 12],47,-1,50,-1,47
1,<environment.Job instance at 0x7f3f46d259b0>,47,21,[1 9],48,-1,69,-1,48
1,<environment.Job instance at 0x7f3f46d62460>,48,1,[13  2],49,-1,50,-1,49
1,<environment.Job instance at 0x7f3f46d62b90>,49,14,[11  3],50,-1,64,-1,50
1,<environment.Job instance at 0x7f3f46d624b0>,50,2,[9 5],51,-1,53,-1,51
1,<environment.Job instance at 0x7f3f46d625a0>,51,22,[2 9],52,-1,74,-1,52
1,<environment.Job instance at 0x7f3f46d012d0>,54,19,[6 1],55,-1,84,-1,65
1,<environment.Job instance at 0x7f3f46d01f00>,55,16,[ 2 10],56,-1,81,-1,65
1,<environment.Job instance at 0x7f3f46d01460>,56,24,[11  5],57,-1,89,-1,65
1,<environment.Job instance at 0x7f3f4692dc80>,57,21,[ 3 10],58,-1,86,-1,65
1,<environment.Job instance at 0x7f3f46d01960>,58,25,[14  4],59,-1,90,-1,65
1,<environment.Job instance at 0x7f3f46d0d230>,60,26,[10  5],61,-1,91,-1,65
1,<environment.Job instance at 0x7f3f46d0d370>,61,13,[4 9],62,-1,78,-1,65
1,<environment.Job instance at 0x7f3f46d0d140>,62,14,[2 9],63,-1,79,-1,65
1,<environment.Job instance at 0x7f3f46d0d5f0>,63,2,[13  3],64,-1,67,-1,65
1,<environment.Job instance at 0x7f3f46d0d780>,64,21,[ 4 12],65,-1,86,-1,65
1,<environment.Job instance at 0x7f3f46d0d190>,65,2,[5 2],66,-1,68,-1,66
1,<environment.Job instance at 0x7f3f46d6b4b0>,66,1,[5 9],67,-1,68,-1,67
1,<environment.Job instance at 0x7f3f46d6b280>,67,27,[2 9],68,-1,95,-1,68
1,<environment.Job instance at 0x7f3f46d6ba50>,68,21,[9 4],69,-1,97,-1,76
1,<environment.Job instance at 0x7f3f46d6b410>,69,12,[9 3],70,-1,88,-1,76
1,<environment.Job instance at 0x7f3f46d6b3c0>,70,18,[10  3],71,-1,95,-1,77
1,<environment.Job instance at 0x7f3f46d75550>,71,17,[12  2],72,-1,94,-1,77
1,<environment.Job instance at 0x7f3f46d6beb0>,72,28,[2 8],73,-1,105,-1,77
1,<environment.Job instance at 0x7f3f46d75230>,73,12,[1 7],74,-1,89,-1,77
1,<environment.Job instance at 0x7f3f46d54140>,74,3,[10  2],75,-1,80,-1,77
1,<environment.Job instance at 0x7f3f46d54c30>,75,3,[5 5],76,-1,80,-1,77
1,<environment.Job instance at 0x7f3f46d54460>,76,3,[ 5 10],77,-1,80,-1,77
1,<environment.Job instance at 0x7f3f46bbed20>,78,3,[10  1],79,-1,82,-1,79
1,<environment.Job instance at 0x7f3f46d724b0>,82,24,[7 5],83,-1,123,-1,99
1,<environment.Job instance at 0x7f3f46d67d70>,83,3,[7 5],84,-1,102,-1,99
1,<environment.Job instance at 0x7f3f46d67be0>,84,28,[2 7],85,-1,127,-1,99
1,<environment.Job instance at 0x7f3f46d672d0>,85,28,[9 2],86,-1,127,-1,99
1,<environment.Job instance at 0x7f3f46d67dc0>,86,22,[6 1],87,-1,122,-1,100
1,<environment.Job instance at 0x7f3f46d67f50>,88,2,[5 2],89,-1,102,-1,100
1,<environment.Job instance at 0x7f3f46d674b0>,90,20,[ 3 13],91,-1,120,-1,100
1,<environment.Job instance at 0x7f3f46d785f0>,91,1,[ 2 14],92,-1,101,-1,100
1,<environment.Job instance at 0x7f3f46d78910>,92,2,[12  2],93,-1,102,-1,100
1,<environment.Job instance at 0x7f3f46d788c0>,93,2,[5 9],94,-1,102,-1,100
1,<environment.Job instance at 0x7f3f46d78b40>,94,13,[9 4],95,-1,117,-1,104
1,<environment.Job instance at 0x7f3f46d787d0>,95,16,[11  1],96,-1,120,-1,104
1,<environment.Job instance at 0x7f3f468c8b40>,3,24,[14  3],4,-1,28,-1,4
1,<environment.Job instance at 0x7f3f468c8230>,5,21,[12  3],6,-1,27,-1,6
1,<environment.Job instance at 0x7f3f46954a00>,7,28,[4 5],8,-1,37,-1,9
1,<environment.Job instance at 0x7f3f468c8eb0>,9,22,[14  1],10,-1,32,-1,10
1,<environment.Job instance at 0x7f3f468c8fa0>,10,3,[11  3],11,-1,14,-1,11
1,<environment.Job instance at 0x7f3f468c81e0>,11,27,[ 4 13],12,-1,39,-1,12
1,<environment.Job instance at 0x7f3f46972cd0>,12,26,[8 4],13,-1,39,-1,13
1,<environment.Job instance at 0x7f3f46972a00>,15,16,[14  1],16,-1,32,-1,16
1,<environment.Job instance at 0x7f3f46972320>,16,3,[9 1],17,-1,21,-1,18
1,<environment.Job instance at 0x7f3f469727d0>,23,2,[4 7],24,-1,40,-1,38
1,<environment.Job instance at 0x7f3f46972780>,24,12,[13  2],25,-1,50,-1,38
1,<environment.Job instance at 0x7f3f46972870>,26,23,[3 6],27,-1,72,-1,49
1,<environment.Job instance at 0x7f3f468d9af0>,29,26,[9 4],30,-1,85,-1,59
1,<environment.Job instance at 0x7f3f468d9690>,31,17,[12  5],32,-1,76,-1,59
1,<environment.Job instance at 0x7f3f468d95f0>,32,12,[13  5],33,-1,71,-1,59
1,<environment.Job instance at 0x7f3f468d9e10>,34,25,[1 5],35,-1,98,-1,73
1,<environment.Job instance at 0x7f3f468d9c30>,35,2,[7 2],36,-1,75,-1,73
1,<environment.Job instance at 0x7f3f468d99b0>,37,15,[ 2 14],38,-1,99,-1,84
1,<environment.Job instance at 0x7f3f468d9d20>,40,14,[14  5],41,-1,105,-1,91
1,<environment.Job instance at 0x7f3f468d9370>,41,13,[ 5 13],42,-1,104,-1,91
1,<environment.Job instance at 0x7f3f468d9910>,43,1,[6 4],44,-1,100,-1,99
1,<environment.Job instance at 0x7f3f46c73500>,44,18,[11  3],45,-1,124,-1,106
1,<environment.Job instance at 0x7f3f46ebb140>,10,27,[ 4 10],11,-1,48,-1,21
1,<environment.Job instance at 0x7f3f46ebb9b0>,11,25,[12  4],12,-1,46,-1,21
1,<environment.Job instance at 0x7f3f46dbab40>,12,2,[5 7],13,-1,23,-1,21
1,<environment.Job instance at 0x7f3f46dba9b0>,13,27,[3 8],14,-1,48,-1,21
1,<environment.Job instance at 0x7f3f46dba910>,14,13,[11  5],15,-1,34,-1,21
1,<environment.Job instance at 0x7f3f46dba050>,15,24,[8 4],16,-1,45,-1,21
1,<environment.Job instance at 0x7f3f46f3b410>,17,2,[6 3],18,-1,31,-1,29
1,<environment.Job instance at 0x7f3f509db230>,18,3,[13  2],19,-1,32,-1,29
1,<environment.Job instance at 0x7f3f473c2050>,20,3,[1 6],21,-1,38,-1,35
1,<environment.Job instance at 0x7f3f46eed6e0>,21,17,[12  4],22,-1,52,-1,35
1,<environment.Job instance at 0x7f3f46f2a460>,22,2,[5 5],23,-1,37,-1,35
1,<environment.Job instance at 0x7f3f46c76a50>,23,1,[7 4],24,-1,36,-1,35
1,<environment.Job instance at 0x7f3f4729f7d0>,25,3,[12  3],26,-1,54,-1,51
1,<environment.Job instance at 0x7f3f4729f2d0>,26,12,[ 5 14],27,-1,63,-1,51
1,<environment.Job instance at 0x7f3f46c73140>,28,3,[5 5],29,-1,68,-1,65
1,<environment.Job instance at 0x7f3f46d4e7d0>,31,1,[7 4],32,-1,84,-1,83
1,<environment.Job instance at 0x7f3f46d4e5f0>,32,2,[9 2],33,-1,85,-1,83
1,<environment.Job instance at 0x7f3f46ed9e10>,34,22,[ 1 12],35,-1,122,-1,100
1,<environment.Job instance at 0x7f3f46ed9c80>,36,26,[ 3 12],37,-1,138,-1,112
1,<environment.Job instance at 0x7f3f46ed9230>,37,1,[ 2 14],38,-1,113,-1,112
1,<environment.Job instance at 0x7f3f46ed9d70>,38,2,[7 5],39,-1,114,-1,112
1,<environment.Job instance at 0x7f3f476c55a0>,3,24,[11  3],4,-1,28,-1,4
1,<environment.Job instance at 0x7f3f470e77d0>,4,18,[13  3],5,-1,23,-1,5
1,<environment.Job instance at 0x7f3f4794b820>,12,24,[7 5],13,-1,41,-1,17
1,<environment.Job instance at 0x7f3f4794b6e0>,13,20,[14  5],14,-1,37,-1,17
1,<environment.Job instance at 0x7f3f4794ba00>,15,18,[14  1],16,-1,35,-1,17
1,<environment.Job instance at 0x7f3f4794b370>,16,27,[5 5],17,-1,44,-1,17
1,<environment.Job instance at 0x7f3f479361e0>,20,1,[1 9],21,-1,33,-1,32
1,<environment.Job instance at 0x7f3f4794ea50>,21,3,[ 5 12],22,-1,35,-1,32
1,<environment.Job instance at 0x7f3f4794e550>,23,21,[ 2 11],24,-1,56,-1,35
1,<environment.Job instance at 0x7f3f4794e730>,24,1,[14  3],25,-1,36,-1,35
1,<environment.Job instance at 0x7f3f4794e410>,27,19,[11  1],28,-1,68,-1,49
1,<environment.Job instance at 0x7f3f4794eeb0>,30,1,[2 9],31,-1,55,-1,54
1,<environment.Job instance at 0x7f3f4794ef50>,31,27,[1 8],32,-1,81,-1,54
1,<environment.Job instance at 0x7f3f4794ecd0>,32,19,[ 5 14],33,-1,73,-1,54
1,<environment.Job instance at 0x7f3f4681e7d0>,4,26,[1 5],5,-1,32,-1,6
1,<environment.Job instance at 0x7f3f4681ef50>,6,21,[11  3],7,-1,29,-1,8
1,<environment.Job instance at 0x7f3f4681ef00>,8,19,[14  3],9,-1,28,-1,9
1,<environment.Job instance at 0x7f3f4681e820>,9,1,[3 7],10,-1,11,-1,10
1,<environment.Job instance at 0x7f3f4681ec30>,10,15,[11  4],11,-1,49,-1,34
1,<environment.Job instance at 0x7f3f46fbce60>,15,15,[ 2 11],16,-1,49,-1,34
1,<environment.Job instance at 0x7f3f46fbc2d0>,16,23,[7 4],17,-1,60,-1,37
1,<environment.Job instance at 0x7f3f46ca2910>,1,28,[ 5 12],2,-1,30,-1,2
1,<environment.Job instance at 0x7f3f470e7140>,2,28,[2 6],3,-1,31,-1,3
1,<environment.Job instance at 0x7f3f468208c0>,4,28,[ 1 11],5,-1,33,-1,5
1,<environment.Job instance at 0x7f3f46820050>,6,23,[11  3],7,-1,30,-1,7
1,<environment.Job instance at 0x7f3f46820910>,7,14,[13  5],8,-1,22,-1,8
1,<environment.Job instance at 0x7f3f46820820>,9,1,[6 1],10,-1,11,-1,10
1,<environment.Job instance at 0x7f3f46820320>,11,13,[12  5],12,-1,25,-1,12
1,<environment.Job instance at 0x7f3f46ca20f0>,14,3,[ 5 14],15,-1,18,-1,15
1,<environment.Job instance at 0x7f3f46820370>,15,27,[6 1],16,-1,44,-1,17
1,<environment.Job instance at 0x7f3f46820730>,25,1,[1 6],26,-1,59,-1,58
1,<environment.Job instance at 0x7f3f47d83820>,26,12,[14  1],27,-1,70,-1,58
1,<environment.Job instance at 0x7f3f47d835a0>,27,18,[ 3 13],28,-1,76,-1,58
1,<environment.Job instance at 0x7f3f47d834b0>,29,3,[7 1],30,-1,70,-1,67
1,<environment.Job instance at 0x7f3f47dae870>,30,22,[ 1 12],31,-1,89,-1,67
1,<environment.Job instance at 0x7f3f47dae820>,32,3,[ 4 11],33,-1,84,-1,81
1,<environment.Job instance at 0x7f3f47dae960>,33,25,[5 6],34,-1,106,-1,81
1,<environment.Job instance at 0x7f3f47daea00>,34,26,[ 3 12],35,-1,107,-1,81
1,<environment.Job instance at 0x7f3f47dae640>,35,2,[ 4 13],36,-1,83,-1,81
1,<environment.Job instance at 0x7f3f47662a00>,36,2,[10  5],37,-1,83,-1,81
1,<environment.Job instance at 0x7f3f47662af0>,37,27,[5 7],38,-1,108,-1,81
1,<environment.Job instance at 0x7f3f47662410>,38,20,[ 4 14],39,-1,101,-1,81
1,<environment.Job instance at 0x7f3f47689500>,44,15,[12  4],45,-1,131,-1,116
1,<environment.Job instance at 0x7f3f47689d20>,45,2,[ 1 12],46,-1,118,-1,116
1,<environment.Job instance at 0x7f3f47689be0>,2,26,[5 8],3,-1,29,-1,3
1,<environment.Job instance at 0x7f3f46ec4960>,7,13,[ 1 14],8,-1,21,-1,8
1,<environment.Job instance at 0x7f3f46bc1fa0>,10,21,[13  2],11,-1,32,-1,11
1,<environment.Job instance at 0x7f3f46bcae10>,11,1,[9 1],12,-1,14,-1,13
1,<environment.Job instance at 0x7f3f46bcab90>,13,3,[8 2],14,-1,20,-1,17
1,<environment.Job instance at 0x7f3f46bcae60>,19,18,[ 5 14],20,-1,39,-1,21
1,<environment.Job instance at 0x7f3f46bf9730>,20,17,[ 3 13],21,-1,38,-1,21
1,<environment.Job instance at 0x7f3f46bf9050>,21,23,[13  3],22,-1,45,-1,22
1,<environment.Job instance at 0x7f3f46bf95f0>,22,18,[ 2 12],23,-1,41,-1,23
1,<environment.Job instance at 0x7f3f46bf9410>,23,2,[11  1],24,-1,26,-1,24
1,<environment.Job instance at 0x7f3f46ea4140>,27,1,[13  4],28,-1,55,-1,54
1,<environment.Job instance at 0x7f3f46b7ca50>,28,13,[ 2 12],29,-1,67,-1,54
1,<environment.Job instance at 0x7f3f46e95320>,31,13,[14  4],32,-1,77,-1,64
1,<environment.Job instance at 0x7f3f479f7be0>,32,16,[14  2],33,-1,80,-1,64
1,<environment.Job instance at 0x7f3f472a6500>,33,2,[5 2],34,-1,66,-1,64
1,<environment.Job instance at 0x7f3f46e95d20>,34,3,[5 1],35,-1,67,-1,64
1,<environment.Job instance at 0x7f3f46eb7c30>,36,24,[5 9],37,-1,105,-1,81
1,<environment.Job instance at 0x7f3f46eb7550>,37,1,[ 3 14],38,-1,82,-1,81
1,<environment.Job instance at 0x7f3f47a0e690>,39,28,[14  4],40,-1,109,-1,81
1,<environment.Job instance at 0x7f3f47a0e280>,40,28,[5 2],41,-1,109,-1,81
1,<environment.Job instance at 0x7f3f472aea00>,41,2,[5 9],42,-1,83,-1,81
1,<environment.Job instance at 0x7f3f46bc8cd0>,42,24,[8 1],43,-1,105,-1,81
1,<environment.Job instance at 0x7f3f46b7f960>,44,26,[5 7],45,-1,112,-1,86
1,<environment.Job instance at 0x7f3f47a03d70>,45,3,[ 1 12],46,-1,89,-1,86
1,<environment.Job instance at 0x7f3f472c0500>,49,26,[7 3],50,-1,139,-1,113
1,<environment.Job instance at 0x7f3f46b6a230>,50,2,[ 5 12],51,-1,115,-1,113
1,<environment.Job instance at 0x7f3f46b6a550>,51,3,[10  1],52,-1,116,-1,113
1,<environment.Job instance at 0x7f3f472c0a00>,3,25,[ 5 10],4,-1,29,-1,4
1,<environment.Job instance at 0x7f3f472c04b0>,6,15,[ 3 14],7,-1,22,-1,7
1,<environment.Job instance at 0x7f3f472c0fa0>,8,27,[7 4],9,-1,37,-1,10
1,<environment.Job instance at 0x7f3f47a03af0>,18,25,[ 1 14],19,-1,77,-1,52
1,<environment.Job instance at 0x7f3f47a03a00>,19,14,[11  5],20,-1,66,-1,52
1,<environment.Job instance at 0x7f3f47a03b40>,21,23,[ 4 13],22,-1,78,-1,55
1,<environment.Job instance at 0x7f3f47a03640>,22,19,[11  1],23,-1,74,-1,55
1,<environment.Job instance at 0x7f3f47a036e0>,23,3,[ 4 11],24,-1,58,-1,55
1,<environment.Job instance at 0x7f3f47a037d0>,24,2,[8 3],25,-1,57,-1,55
1,<environment.Job instance at 0x7f3f47a03aa0>,25,3,[2 8],26,-1,58,-1,55
1,<environment.Job instance at 0x7f3f47a03be0>,26,13,[ 3 13],27,-1,68,-1,55
1,<environment.Job instance at 0x7f3f47a03e60>,29,16,[14  5],30,-1,93,-1,77
1,<environment.Job instance at 0x7f3f47a03c80>,32,1,[14  3],33,-1,90,-1,89
1,<environment.Job instance at 0x7f3f46fcfaa0>,36,3,[5 3],37,-1,110,-1,107
1,<environment.Job instance at 0x7f3f46fcf4b0>,39,2,[6 2],40,-1,109,-1,107
1,<environment.Job instance at 0x7f3f46fcff50>,40,14,[11  3],41,-1,121,-1,107
1,<environment.Job instance at 0x7f3f46fcfd20>,41,2,[2 7],42,-1,109,-1,107
1,<environment.Job instance at 0x7f3f46fcfc80>,42,1,[11  2],43,-1,108,-1,107
1,<environment.Job instance at 0x7f3f46fcf780>,43,3,[9 1],44,-1,110,-1,107
1,<environment.Job instance at 0x7f3f46fcf910>,2,1,[ 5 14],3,-1,4,-1,3
1,<environment.Job instance at 0x7f3f47a275a0>,3,16,[12  5],4,-1,20,-1,4
1,<environment.Job instance at 0x7f3f479f2e60>,13,24,[7 4],14,-1,44,-1,20
1,<environment.Job instance at 0x7f3f479f2730>,14,3,[13  3],15,-1,23,-1,20
1,<environment.Job instance at 0x7f3f479f2f50>,15,13,[8 1],16,-1,35,-1,22
1,<environment.Job instance at 0x7f3f479ed6e0>,16,14,[13  2],17,-1,36,-1,22
1,<environment.Job instance at 0x7f3f47a00d20>,23,3,[10  2],24,-1,67,-1,64
1,<environment.Job instance at 0x7f3f47e2dcd0>,25,28,[9 1],26,-1,92,-1,64
1,<environment.Job instance at 0x7f3f47a00140>,26,20,[ 2 10],27,-1,84,-1,64
1,<environment.Job instance at 0x7f3f47a12550>,29,14,[ 1 10],30,-1,97,-1,83
1,<environment.Job instance at 0x7f3f4757ddc0>,33,1,[5 6],34,-1,113,-1,112
1,<environment.Job instance at 0x7f3f46c7c730>,35,25,[9 4],36,-1,138,-1,113
1,<environment.Job instance at 0x7f3f46c585f0>,36,3,[6 3],37,-1,116,-1,113
1,<environment.Job instance at 0x7f3f47577a50>,37,2,[12  3],38,-1,115,-1,113
1,<environment.Job instance at 0x7f3f4788d960>,38,23,[4 8],39,-1,136,-1,113
1,<environment.Job instance at 0x7f3f46931cd0>,1,27,[5 2],2,-1,29,-1,2
1,<environment.Job instance at 0x7f3f469e7d70>,2,12,[ 3 13],3,-1,15,-1,3
1,<environment.Job instance at 0x7f3f4705ad20>,3,17,[14  5],4,-1,21,-1,4
1,<environment.Job instance at 0x7f3f4705aaa0>,4,15,[14  2],5,-1,20,-1,5
1,<environment.Job instance at 0x7f3f4705a960>,5,15,[ 1 12],6,-1,21,-1,6
1,<environment.Job instance at 0x7f3f46ec3640>,9,12,[ 1 12],10,-1,22,-1,10
1,<environment.Job instance at 0x7f3f4705aaf0>,12,22,[8 3],13,-1,73,-1,51
1,<environment.Job instance at 0x7f3f46ec35a0>,24,24,[2 8],25,-1,90,-1,66
1,<environment.Job instance at 0x7f3f46ec3500>,25,24,[5 7],26,-1,90,-1,66
1,<environment.Job instance at 0x7f3f46ec3d20>,26,13,[14  2],27,-1,79,-1,66
1,<environment.Job instance at 0x7f3f46ec34b0>,27,12,[ 5 14],28,-1,78,-1,66
1,<environment.Job instance at 0x7f3f46ec3d70>,28,28,[11  4],29,-1,94,-1,66
1,<environment.Job instance at 0x7f3f46ec32d0>,29,1,[1 6],30,-1,67,-1,66
1,<environment.Job instance at 0x7f3f46ec3960>,30,26,[1 8],31,-1,92,-1,66
1,<environment.Job instance at 0x7f3f47217140>,31,13,[1 9],32,-1,80,-1,67
1,<environment.Job instance at 0x7f3f47217fa0>,37,1,[ 3 13],38,-1,106,-1,105
1,<environment.Job instance at 0x7f3f47217190>,38,23,[11  4],39,-1,128,-1,105
1,<environment.Job instance at 0x7f3f47217370>,39,13,[1 9],40,-1,118,-1,105
1,<environment.Job instance at 0x7f3f465c9cd0>,5,18,[14  3],6,-1,24,-1,6
1,<environment.Job instance at 0x7f3f47254780>,7,24,[14  5],8,-1,32,-1,8
1,<environment.Job instance at 0x7f3f47254aa0>,8,25,[ 4 12],9,-1,34,-1,9
1,<environment.Job instance at 0x7f3f465c95a0>,10,18,[12  3],11,-1,30,-1,12
1,<environment.Job instance at 0x7f3f47254fa0>,12,18,[ 2 11],13,-1,31,-1,13
1,<environment.Job instance at 0x7f3f47254370>,14,18,[13  2],15,-1,33,-1,15
1,<environment.Job instance at 0x7f3f472545f0>,15,2,[7 1],16,-1,18,-1,16
1,<environment.Job instance at 0x7f3f47254280>,16,23,[ 5 13],17,-1,40,-1,17
1,<environment.Job instance at 0x7f3f47254500>,17,23,[2 7],18,-1,41,-1,18
1,<environment.Job instance at 0x7f3f47254460>,18,28,[ 1 10],19,-1,47,-1,19
1,<environment.Job instance at 0x7f3f472544b0>,19,3,[2 6],20,-1,23,-1,20
1,<environment.Job instance at 0x7f3f47254140>,20,12,[ 4 14],21,-1,33,-1,21
1,<environment.Job instance at 0x7f3f472542d0>,21,2,[10  3],22,-1,24,-1,22
1,<environment.Job instance at 0x7f3f472540f0>,22,1,[5 2],23,-1,24,-1,23
1,<environment.Job instance at 0x7f3f466e0a50>,35,1,[1 5],36,-1,90,-1,89
1,<environment.Job instance at 0x7f3f466e0500>,36,13,[ 4 11],37,-1,102,-1,89
1,<environment.Job instance at 0x7f3f466e0f00>,39,2,[3 7],40,-1,108,-1,106
1,<environment.Job instance at 0x7f3f466e0a00>,40,28,[ 3 10],41,-1,134,-1,106
1,<environment.Job instance at 0x7f3f473245f0>,4,12,[13  2],5,-1,17,-1,5
1,<environment.Job instance at 0x7f3f46cc32d0>,6,12,[ 2 14],7,-1,19,-1,7
1,<environment.Job instance at 0x7f3f47324550>,7,17,[ 1 12],8,-1,25,-1,8
1,<environment.Job instance at 0x7f3f47324dc0>,8,22,[13  4],9,-1,31,-1,9
1,<environment.Job instance at 0x7f3f47324370>,9,18,[ 5 12],10,-1,28,-1,10
1,<environment.Job instance at 0x7f3f47324500>,10,25,[12  1],11,-1,36,-1,11
1,<environment.Job instance at 0x7f3f47324d70>,11,26,[10  2],12,-1,38,-1,12
1,<environment.Job instance at 0x7f3f473248c0>,17,1,[4 7],18,-1,35,-1,34
1,<environment.Job instance at 0x7f3f47324af0>,19,14,[ 2 13],20,-1,48,-1,34
1,<environment.Job instance at 0x7f3f47324eb0>,22,1,[8 4],23,-1,51,-1,50
1,<environment.Job instance at 0x7f3f5046ad70>,23,27,[ 1 13],24,-1,77,-1,50
1,<environment.Job instance at 0x7f3f5046aeb0>,24,18,[11  3],25,-1,68,-1,50
1,<environment.Job instance at 0x7f3f5046afa0>,27,12,[12  5],28,-1,76,-1,64
1,<environment.Job instance at 0x7f3f5046a050>,28,12,[ 3 12],29,-1,76,-1,64
1,<environment.Job instance at 0x7f3f5046a140>,29,3,[10  3],30,-1,67,-1,64
1,<environment.Job instance at 0x7f3f5046a5a0>,31,25,[ 2 14],32,-1,90,-1,65
1,<environment.Job instance at 0x7f3f5046acd0>,34,2,[5 7],35,-1,81,-1,79
1,<environment.Job instance at 0x7f3f5046a1e0>,36,1,[6 3],37,-1,80,-1,79
1,<environment.Job instance at 0x7f3f5046a370>,37,16,[12  2],38,-1,95,-1,79
1,<environment.Job instance at 0x7f3f5046ae60>,38,2,[ 2 13],39,-1,81,-1,79
1,<environment.Job instance at 0x7f3f5046a0f0>,39,27,[5 5],40,-1,106,-1,79
1,<environment.Job instance at 0x7f3f473c7280>,3,25,[ 5 10],4,-1,29,-1,4
1,<environment.Job instance at 0x7f3f473c7500>,4,2,[12  3],5,-1,7,-1,5
1,<environment.Job instance at 0x7f3f473c74b0>,5,20,[ 4 11],6,-1,26,-1,6
1,<environment.Job instance at 0x7f3f473c75f0>,7,15,[14  2],8,-1,23,-1,8
1,<environment.Job instance at 0x7f3f473c77d0>,8,12,[13  3],9,-1,21,-1,9
1,<environment.Job instance at 0x7f3f47940dc0>,18,20,[12  2],19,-1,62,-1,42
1,<environment.Job instance at 0x7f3f47940320>,20,28,[8 4],21,-1,80,-1,52
1,<environment.Job instance at 0x7f3f47940410>,27,3,[12  1],28,-1,88,-1,85
1,<environment.Job instance at 0x7f3f47940190>,29,19,[13  2],30,-1,104,-1,85
1,<environment.Job instance at 0x7f3f479409b0>,32,1,[ 2 13],33,-1,101,-1,100
1,<environment.Job instance at 0x7f3f47940230>,33,24,[ 4 10],34,-1,124,-1,100
1,<environment.Job instance at 0x7f3f47c8c910>,5,25,[1 6],6,-1,31,-1,6
1,<environment.Job instance at 0x7f3f471d3a00>,10,1,[8 1],11,-1,12,-1,11
1,<environment.Job instance at 0x7f3f471d34b0>,11,12,[8 3],12,-1,25,-1,13
1,<environment.Job instance at 0x7f3f471d3b90>,12,26,[ 1 12],13,-1,39,-1,13
1,<environment.Job instance at 0x7f3f471d3820>,13,28,[ 3 14],14,-1,42,-1,14
1,<environment.Job instance at 0x7f3f47d4b190>,16,13,[1 6],17,-1,35,-1,22
1,<environment.Job instance at 0x7f3f47d4beb0>,17,20,[12  1],18,-1,42,-1,22
1,<environment.Job instance at 0x7f3f47d4bb90>,18,24,[ 5 13],19,-1,46,-1,22
1,<environment.Job instance at 0x7f3f47d4b370>,19,23,[8 5],20,-1,45,-1,22
1,<environment.Job instance at 0x7f3f47d4b8c0>,20,28,[4 9],21,-1,50,-1,22
1,<environment.Job instance at 0x7f3f47d4bfa0>,21,24,[ 5 13],22,-1,46,-1,22
1,<environment.Job instance at 0x7f3f47d4b870>,23,2,[ 4 10],24,-1,41,-1,39
1,<environment.Job instance at 0x7f3f47d4b730>,24,1,[14  4],25,-1,40,-1,39
1,<environment.Job instance at 0x7f3f465c1b90>,26,17,[3 9],27,-1,56,-1,39
1,<environment.Job instance at 0x7f3f465c1be0>,27,3,[7 3],28,-1,42,-1,39
1,<environment.Job instance at 0x7f3f465c1c30>,28,25,[14  3],29,-1,64,-1,39
1,<environment.Job instance at 0x7f3f465c1960>,29,27,[14  3],30,-1,66,-1,39
1,<environment.Job instance at 0x7f3f465c1320>,30,18,[1 9],31,-1,59,-1,41
1,<environment.Job instance at 0x7f3f465c1870>,32,1,[2 6],33,-1,46,-1,45
1,<environment.Job instance at 0x7f3f465c1e60>,33,15,[10  2],34,-1,68,-1,53
1,<environment.Job instance at 0x7f3f465c1d70>,35,15,[11  3],36,-1,68,-1,53
1,<environment.Job instance at 0x7f3f465c1f50>,36,28,[4 7],37,-1,81,-1,53
1,<environment.Job instance at 0x7f3f4669d1e0>,37,13,[5 9],38,-1,70,-1,57
1,<environment.Job instance at 0x7f3f4669d9b0>,38,3,[ 4 13],39,-1,60,-1,57
1,<environment.Job instance at 0x7f3f4669d5a0>,41,12,[13  1],42,-1,79,-1,67
1,<environment.Job instance at 0x7f3f4669deb0>,42,13,[5 9],43,-1,86,-1,73
1,<environment.Job instance at 0x7f3f4669d910>,43,13,[ 4 13],44,-1,86,-1,73
1,<environment.Job instance at 0x7f3f4669d780>,44,18,[11  5],45,-1,91,-1,73
1,<environment.Job instance at 0x7f3f4669d5f0>,45,15,[5 1],46,-1,88,-1,73
1,<environment.Job instance at 0x7f3f4669dd70>,47,24,[10  4],48,-1,98,-1,74
1,<environment.Job instance at 0x7f3f4694ceb0>,48,25,[5 1],49,-1,99,-1,74
1,<environment.Job instance at 0x7f3f4694c690>,50,13,[ 5 13],51,-1,98,-1,85
1,<environment.Job instance at 0x7f3f4694c730>,53,23,[7 5],54,-1,122,-1,99
1,<environment.Job instance at 0x7f3f4694c4b0>,54,26,[ 5 13],55,-1,125,-1,99
1,<environment.Job instance at 0x7f3f4694ce60>,55,17,[ 2 10],56,-1,116,-1,99
1,<environment.Job instance at 0x7f3f4694c960>,56,16,[7 1],57,-1,115,-1,99
1,<environment.Job instance at 0x7f3f4694c7d0>,58,23,[3 5],59,-1,133,-1,110
1,<environment.Job instance at 0x7f3f4694c050>,60,13,[8 4],61,-1,131,-1,118
1,<environment.Job instance at 0x7f3f4694cfa0>,61,23,[5 3],62,-1,141,-1,118
1,<environment.Job instance at 0x7f3f47c944b0>,3,19,[ 1 11],4,-1,23,-1,4
1,<environment.Job instance at 0x7f3f47c94410>,4,26,[5 3],5,-1,32,-1,6
1,<environment.Job instance at 0x7f3f47c94f50>,5,27,[6 1],6,-1,33,-1,6
1,<environment.Job instance at 0x7f3f47c94dc0>,13,20,[ 1 13],14,-1,42,-1,22
1,<environment.Job instance at 0x7f3f47c940a0>,14,18,[11  2],15,-1,40,-1,22
1,<environment.Job instance at 0x7f3f47054eb0>,15,26,[12  4],16,-1,48,-1,22
1,<environment.Job instance at 0x7f3f470548c0>,16,14,[11  2],17,-1,36,-1,22
1,<environment.Job instance at 0x7f3f47054370>,19,13,[ 1 13],20,-1,53,-1,40
1,<environment.Job instance at 0x7f3f47054a00>,23,2,[ 4 11],24,-1,59,-1,57
1,<environment.Job instance at 0x7f3f470545f0>,24,23,[ 2 11],25,-1,80,-1,57
1,<environment.Job instance at 0x7f3f47054fa0>,28,2,[10  1],29,-1,74,-1,72
1,<environment.Job instance at 0x7f3f47054e10>,32,16,[11  2],33,-1,115,-1,99
1,<environment.Job instance at 0x7f3f46825820>,36,1,[10  5],37,-1,116,-1,115
1,<environment.Job instance at 0x7f3f47c765a0>,1,26,[5 6],2,-1,28,-1,2
1,<environment.Job instance at 0x7f3f4705d8c0>,3,14,[ 1 13],4,-1,18,-1,4
1,<environment.Job instance at 0x7f3f4705dfa0>,5,26,[11  1],6,-1,32,-1,6
1,<environment.Job instance at 0x7f3f4705daf0>,6,24,[12  2],7,-1,31,-1,7
1,<environment.Job instance at 0x7f3f4705dcd0>,9,2,[8 1],10,-1,12,-1,10
1,<environment.Job instance at 0x7f3f4705dd70>,10,3,[ 5 14],11,-1,14,-1,11
1,<environment.Job instance at 0x7f3f4705d780>,11,18,[ 3 12],12,-1,30,-1,12
1,<environment.Job instance at 0x7f3f47e4f7d0>,16,23,[9 5],17,-1,47,-1,24
1,<environment.Job instance at 0x7f3f472f07d0>,18,26,[ 4 12],19,-1,53,-1,27
1,<environment.Job instance at 0x7f3f472f0690>,19,1,[ 2 14],20,-1,28,-1,27
1,<environment.Job instance at 0x7f3f472f0b90>,20,25,[12  5],21,-1,52,-1,27
1,<environment.Job instance at 0x7f3f472f05f0>,23,17,[13  3],24,-1,62,-1,45
1,<environment.Job instance at 0x7f3f472f05a0>,24,20,[ 4 11],25,-1,65,-1,45
1,<environment.Job instance at 0x7f3f472f0370>,27,25,[8 5],28,-1,89,-1,64
1,<environment.Job instance at 0x7f3f472f0af0>,28,3,[11  3],29,-1,67,-1,64
1,<environment.Job instance at 0x7f3f472f0e10>,29,27,[13  5],30,-1,91,-1,64
1,<environment.Job instance at 0x7f3f472f00f0>,34,25,[5 3],35,-1,126,-1,101
1,<environment.Job instance at 0x7f3f46ca1460>,36,16,[ 3 11],37,-1,133,-1,117
1,<environment.Job instance at 0x7f3f46ca1050>,37,28,[4 9],38,-1,145,-1,117
1,<environment.Job instance at 0x7f3f46ca1140>,38,25,[11  1],39,-1,142,-1,117
1,<environment.Job instance at 0x7f3f47bad7d0>,6,16,[14  2],7,-1,23,-1,7
1,<environment.Job instance at 0x7f3f47bd8730>,9,2,[ 2 11],10,-1,12,-1,10
1,<environment.Job instance at 0x7f3f47bc5cd0>,11,3,[7 5],12,-1,15,-1,12
1,<environment.Job instance at 0x7f3f47bd85f0>,13,23,[14  5],14,-1,37,-1,14
1,<environment.Job instance at 0x7f3f46c82370>,2,20,[ 2 11],3,-1,23,-1,3
1,<environment.Job instance at 0x7f3f46c82960>,4,16,[ 1 13],5,-1,21,-1,5
1,<environment.Job instance at 0x7f3f46c82f00>,7,2,[2 7],8,-1,12,-1,10
1,<environment.Job instance at 0x7f3f46c820a0>,11,17,[ 1 10],12,-1,32,-1,15
1,<environment.Job instance at 0x7f3f46c825a0>,13,18,[ 2 14],14,-1,33,-1,15
1,<environment.Job instance at 0x7f3f46c82af0>,14,14,[6 5],15,-1,33,-1,19
1,<environment.Job instance at 0x7f3f47998230>,15,17,[2 9],16,-1,36,-1,19
1,<environment.Job instance at 0x7f3f479989b0>,17,2,[8 4],18,-1,33,-1,31
1,<environment.Job instance at 0x7f3f479985f0>,18,15,[ 3 10],19,-1,46,-1,31
1,<environment.Job instance at 0x7f3f479981e0>,19,15,[ 2 12],20,-1,46,-1,31
1,<environment.Job instance at 0x7f3f479980f0>,20,3,[ 3 10],21,-1,34,-1,31
1,<environment.Job instance at 0x7f3f47998c80>,22,21,[13  1],23,-1,54,-1,33
1,<environment.Job instance at 0x7f3f46c82550>,12,28,[13  1],13,-1,61,-1,33
1,<environment.Job instance at 0x7f3f47998500>,30,2,[10  3],31,-1,82,-1,80
1,<environment.Job instance at 0x7f3f47998550>,32,27,[6 3],33,-1,109,-1,82
1,<environment.Job instance at 0x7f3f47998820>,33,27,[ 3 11],34,-1,109,-1,82
1,<environment.Job instance at 0x7f3f47998d20>,36,2,[12  2],37,-1,89,-1,87
1,<environment.Job instance at 0x7f3f4697a870>,39,1,[11  5],40,-1,103,-1,102
1,<environment.Job instance at 0x7f3f4697af50>,40,28,[4 7],41,-1,130,-1,102
1,<environment.Job instance at 0x7f3f4697a4b0>,42,1,[ 2 10],43,-1,103,-1,102
1,<environment.Job instance at 0x7f3f466f9780>,5,1,[1 8],6,-1,12,-1,11
1,<environment.Job instance at 0x7f3f466f9960>,8,3,[13  5],9,-1,14,-1,11
1,<environment.Job instance at 0x7f3f466f9a00>,9,23,[4 6],10,-1,35,-1,12
1,<environment.Job instance at 0x7f3f466f95f0>,12,18,[ 4 13],13,-1,31,-1,13
1,<environment.Job instance at 0x7f3f466f9d20>,13,2,[1 6],14,-1,16,-1,14
1,<environment.Job instance at 0x7f3f466f9dc0>,14,12,[ 2 12],15,-1,27,-1,15
1,<environment.Job instance at 0x7efec6f7f1e0>,5,24,[1 5],6,-1,37,-1,13
1,<environment.Job instance at 0x7efebd807a00>,9,18,[ 2 13],10,-1,31,-1,13
1,<environment.Job instance at 0x7efebd807aa0>,10,18,[ 3 11],11,-1,31,-1,13
1,<environment.Job instance at 0x7efebd807b40>,11,1,[8 5],12,-1,14,-1,13
1,<environment.Job instance at 0x7efebd8078c0>,13,28,[ 4 14],14,-1,42,-1,14
1,<environment.Job instance at 0x7efebd8079b0>,17,28,[ 5 10],18,-1,61,-1,33
1,<environment.Job instance at 0x7efebd807e10>,18,3,[ 4 13],19,-1,36,-1,33
1,<environment.Job instance at 0x7efebd807fa0>,19,14,[ 3 11],20,-1,47,-1,33
1,<environment.Job instance at 0x7efebd809190>,20,1,[13  5],21,-1,34,-1,33
1,<environment.Job instance at 0x7efebd809230>,21,1,[6 5],22,-1,34,-1,33
1,<environment.Job instance at 0x7efebd8092d0>,22,1,[2 7],23,-1,34,-1,33
1,<environment.Job instance at 0x7efebd809370>,23,27,[ 1 14],24,-1,60,-1,33
1,<environment.Job instance at 0x7efebd809410>,24,18,[ 4 10],25,-1,59,-1,41
1,<environment.Job instance at 0x7efebd809640>,26,26,[5 5],27,-1,67,-1,41
1,<environment.Job instance at 0x7efebd8096e0>,29,25,[ 4 11],30,-1,113,-1,88
1,<environment.Job instance at 0x7efebd809870>,30,22,[ 5 13],31,-1,110,-1,88
1,<environment.Job instance at 0x7efebd809c30>,4,28,[5 6],5,-1,33,-1,5
1,<environment.Job instance at 0x7efebdee0460>,6,19,[11  3],7,-1,30,-1,11
1,<environment.Job instance at 0x7efebdee0230>,12,22,[4 8],13,-1,46,-1,24
1,<environment.Job instance at 0x7efebdf33370>,13,25,[6 1],14,-1,49,-1,24
1,<environment.Job instance at 0x7efebdf33640>,14,20,[ 1 14],15,-1,44,-1,24
1,<environment.Job instance at 0x7efebdf336e0>,15,13,[ 4 10],16,-1,37,-1,24
1,<environment.Job instance at 0x7efebdf33140>,16,17,[14  2],17,-1,41,-1,24
1,<environment.Job instance at 0x7efebdf339b0>,17,1,[4 8],18,-1,25,-1,24
1,<environment.Job instance at 0x7efebdf33910>,18,1,[11  2],19,-1,25,-1,24
1,<environment.Job instance at 0x7efebdf33320>,19,23,[ 1 14],20,-1,47,-1,24
1,<environment.Job instance at 0x7efebdf33780>,20,3,[1 7],21,-1,27,-1,24
1,<environment.Job instance at 0x7efebdf33af0>,21,3,[4 7],22,-1,27,-1,24
1,<environment.Job instance at 0x7efebdf33190>,22,14,[13  4],23,-1,38,-1,24
1,<environment.Job instance at 0x7efebdc9e870>,23,3,[5 2],24,-1,27,-1,24
1,<environment.Job instance at 0x7efebdbfa0f0>,24,22,[12  4],25,-1,47,-1,25
1,<environment.Job instance at 0x7efebdc9eeb0>,25,23,[1 7],26,-1,49,-1,26
1,<environment.Job instance at 0x7efebd8f9690>,27,1,[ 2 14],28,-1,29,-1,28
1,<environment.Job instance at 0x7efebd8f9230>,30,25,[9 3],31,-1,65,-1,40
1,<environment.Job instance at 0x7efebd7adc80>,34,14,[13  3],35,-1,78,-1,64
1,<environment.Job instance at 0x7efebdba20a0>,35,3,[10  1],36,-1,67,-1,64
1,<environment.Job instance at 0x7efebd402690>,36,3,[ 2 12],37,-1,67,-1,64
1,<environment.Job instance at 0x7efebd4088c0>,37,21,[1 9],38,-1,85,-1,64
1,<environment.Job instance at 0x7efebdebc500>,38,1,[13  2],39,-1,65,-1,64
1,<environment.Job instance at 0x7efebd2e03c0>,39,14,[11  3],40,-1,78,-1,64
1,<environment.Job instance at 0x7efebd4343c0>,40,2,[9 5],41,-1,66,-1,64
1,<environment.Job instance at 0x7efebd264e10>,41,22,[2 9],42,-1,87,-1,65
1,<environment.Job instance at 0x7efebcf2e8c0>,45,16,[ 2 10],46,-1,116,-1,100
1,<environment.Job instance at 0x7efebcfa15f0>,46,24,[11  5],47,-1,124,-1,100
1,<environment.Job instance at 0x7efebcf30d70>,47,21,[ 3 10],48,-1,121,-1,100
1,<environment.Job instance at 0x7efebd3e9140>,48,25,[14  4],49,-1,125,-1,100
1,<environment.Job instance at 0x7efebd430730>,50,26,[10  5],51,-1,126,-1,100
1,<environment.Job instance at 0x7efebcf58870>,53,2,[13  3],54,-1,114,-1,112
1,<environment.Job instance at 0x7efebcf58050>,54,21,[ 4 12],55,-1,133,-1,112
1,<environment.Job instance at 0x7efebd417fa0>,55,2,[5 2],56,-1,114,-1,112
1,<environment.Job instance at 0x7efebd417640>,56,1,[5 9],57,-1,113,-1,112
1,<environment.Job instance at 0x7efebd4172d0>,57,27,[2 9],58,-1,139,-1,112
1,<environment.Job instance at 0x7efebd12a370>,5,24,[1 5],6,-1,31,-1,7
1,<environment.Job instance at 0x7efebd2103c0>,9,26,[9 4],10,-1,37,-1,11
1,<environment.Job instance at 0x7efebd210dc0>,12,12,[13  5],13,-1,37,-1,25
1,<environment.Job instance at 0x7efebd210280>,13,17,[ 2 10],14,-1,42,-1,25
1,<environment.Job instance at 0x7efebd210140>,14,25,[1 5],15,-1,50,-1,25
1,<environment.Job instance at 0x7efebd210eb0>,15,2,[7 2],16,-1,27,-1,25
1,<environment.Job instance at 0x7efebd210050>,17,15,[ 2 14],18,-1,40,-1,25
1,<environment.Job instance at 0x7efebd210b40>,20,14,[14  5],21,-1,71,-1,57
1,<environment.Job instance at 0x7efebd210b90>,21,13,[ 5 13],22,-1,70,-1,57
1,<environment.Job instance at 0x7efebd219230>,26,25,[5 2],27,-1,116,-1,91
1,<environment.Job instance at 0x7efebd219640>,27,2,[8 5],28,-1,93,-1,91
1,<environment.Job instance at 0x7efebd219a00>,28,28,[5 3],29,-1,119,-1,91
1,<environment.Job instance at 0x7efebd219a50>,30,2,[ 1 11],31,-1,111,-1,109
1,<environment.Job instance at 0x7efebd219af0>,32,25,[9 5],33,-1,134,-1,109
1,<environment.Job instance at 0x7efebd2192d0>,33,24,[7 4],34,-1,133,-1,109
1,<environment.Job instance at 0x7efebd2199b0>,35,1,[7 3],36,-1,127,-1,126
1,<environment.Job instance at 0x7efebdc2ba50>,4,22,[ 1 12],5,-1,27,-1,5
1,<environment.Job instance at 0x7efebcf96b90>,6,26,[ 3 12],7,-1,33,-1,7
1,<environment.Job instance at 0x7efebcf965a0>,7,1,[ 2 14],8,-1,9,-1,8
1,<environment.Job instance at 0x7efebcf53e60>,13,3,[ 2 11],14,-1,19,-1,16
1,<environment.Job instance at 0x7efebcf533c0>,14,22,[1 7],15,-1,42,-1,20
1,<environment.Job instance at 0x7efebcf53190>,17,17,[14  5],18,-1,37,-1,20
1,<environment.Job instance at 0x7efebcf53500>,18,2,[13  3],19,-1,22,-1,20
1,<environment.Job instance at 0x7efebcf53320>,19,22,[12  3],20,-1,42,-1,20
1,<environment.Job instance at 0x7efebceba190>,22,3,[7 4],23,-1,39,-1,36
1,<environment.Job instance at 0x7efebd2191e0>,25,28,[10  3],26,-1,81,-1,53
1,<environment.Job instance at 0x7efebd3980f0>,26,3,[3 5],27,-1,56,-1,53
1,<environment.Job instance at 0x7efebcecdf00>,28,2,[7 2],29,-1,68,-1,66
1,<environment.Job instance at 0x7efebcecdcd0>,29,20,[5 1],30,-1,86,-1,66
1,<environment.Job instance at 0x7efebd319870>,31,2,[4 8],32,-1,68,-1,66
1,<environment.Job instance at 0x7efebd2fad20>,33,3,[7 4],34,-1,73,-1,70
1,<environment.Job instance at 0x7efebd30c8c0>,34,1,[3 8],35,-1,71,-1,70
1,<environment.Job instance at 0x7efebd30c730>,35,3,[10  2],36,-1,73,-1,70
1,<environment.Job instance at 0x7efebce78b90>,36,24,[14  2],37,-1,94,-1,70
1,<environment.Job instance at 0x7efebce78dc0>,37,3,[ 5 11],38,-1,73,-1,70
1,<environment.Job instance at 0x7efebd2645a0>,38,2,[ 2 12],39,-1,72,-1,70
1,<environment.Job instance at 0x7efebd264e60>,39,23,[ 4 11],40,-1,93,-1,70
1,<environment.Job instance at 0x7efebd32c280>,40,16,[3 8],41,-1,89,-1,73
1,<environment.Job instance at 0x7efebdaba500>,41,23,[ 3 13],42,-1,96,-1,73
1,<environment.Job instance at 0x7efebdaba690>,42,3,[8 4],43,-1,76,-1,73
1,<environment.Job instance at 0x7efebdabaa50>,44,24,[ 3 10],45,-1,105,-1,81
1,<environment.Job instance at 0x7efebdaba5f0>,45,2,[10  4],46,-1,83,-1,81
1,<environment.Job instance at 0x7efebdaba820>,46,16,[6 3],47,-1,97,-1,81
1,<environment.Job instance at 0x7efebd151820>,47,14,[5 7],48,-1,95,-1,81
1,<environment.Job instance at 0x7efebd151dc0>,48,18,[4 7],49,-1,99,-1,81
1,<environment.Job instance at 0x7efebd151f00>,49,14,[ 1 14],50,-1,95,-1,81
1,<environment.Job instance at 0x7efebd1519b0>,50,25,[5 8],51,-1,106,-1,81
1,<environment.Job instance at 0x7efebd151190>,51,27,[7 4],52,-1,108,-1,81
1,<environment.Job instance at 0x7efebd151730>,52,3,[2 7],53,-1,84,-1,81
1,<environment.Job instance at 0x7efebd151370>,53,21,[6 4],54,-1,102,-1,81
1,<environment.Job instance at 0x7efebd151af0>,54,12,[10  3],55,-1,93,-1,81
1,<environment.Job instance at 0x7efebd1516e0>,55,1,[ 1 10],56,-1,82,-1,81
1,<environment.Job instance at 0x7efebd117320>,56,16,[12  4],57,-1,97,-1,81
1,<environment.Job instance at 0x7efebd117960>,57,13,[10  3],58,-1,94,-1,81
1,<environment.Job instance at 0x7efebdd5d500>,58,13,[5 1],59,-1,94,-1,81
1,<environment.Job instance at 0x7efebdd5d910>,59,3,[9 2],60,-1,84,-1,81
1,<environment.Job instance at 0x7efec69702d0>,60,16,[10  4],61,-1,97,-1,81
1,<environment.Job instance at 0x7efec6970b40>,61,18,[ 4 13],62,-1,99,-1,81
1,<environment.Job instance at 0x7efec6970870>,62,23,[11  2],63,-1,104,-1,81
1,<environment.Job instance at 0x7efec6970af0>,63,1,[11  5],64,-1,82,-1,81
1,<environment.Job instance at 0x7efec6970370>,64,19,[8 2],65,-1,100,-1,81
1,<environment.Job instance at 0x7efec6bc9f00>,65,19,[14  4],66,-1,100,-1,81
1,<environment.Job instance at 0x7efebd1a0dc0>,67,14,[ 5 11],68,-1,101,-1,87
1,<environment.Job instance at 0x7efebd1a0230>,68,12,[8 5],69,-1,104,-1,92
1,<environment.Job instance at 0x7efebd33ba00>,69,21,[9 2],70,-1,113,-1,92
1,<environment.Job instance at 0x7efebd33b960>,70,18,[14  2],71,-1,110,-1,92
1,<environment.Job instance at 0x7efebd33b410>,71,16,[ 5 11],72,-1,108,-1,92
1,<environment.Job instance at 0x7efebd33ba50>,72,2,[1 8],73,-1,94,-1,92
1,<environment.Job instance at 0x7efebd2e0e10>,74,25,[3 8],75,-1,122,-1,97
1,<environment.Job instance at 0x7efebd2e0320>,75,28,[2 8],76,-1,125,-1,97
1,<environment.Job instance at 0x7efebd3218c0>,76,3,[ 5 14],77,-1,100,-1,97
1,<environment.Job instance at 0x7efebd2185a0>,77,27,[9 3],78,-1,124,-1,97
1,<environment.Job instance at 0x7efebd218320>,78,15,[13  3],79,-1,112,-1,97
1,<environment.Job instance at 0x7efebced5b40>,80,12,[ 3 12],81,-1,118,-1,106
1,<environment.Job instance at 0x7efebce7ca50>,81,1,[ 3 11],82,-1,107,-1,106
1,<environment.Job instance at 0x7efebce7c280>,82,17,[8 5],83,-1,123,-1,106
1,<environment.Job instance at 0x7efebcf1c370>,83,2,[6 3],84,-1,108,-1,106
1,<environment.Job instance at 0x7efebd361320>,84,2,[3 8],85,-1,108,-1,106
1,<environment.Job instance at 0x7efebd361e60>,85,12,[ 2 12],86,-1,118,-1,106
1,<environment.Job instance at 0x7efec70256e0>,86,27,[ 1 13],87,-1,133,-1,106
1,<environment.Job instance at 0x7efec7025320>,87,13,[1 9],88,-1,119,-1,106
1,<environment.Job instance at 0x7efec70255a0>,88,19,[6 3],89,-1,125,-1,106
1,<environment.Job instance at 0x7efebda9ddc0>,89,13,[5 5],90,-1,119,-1,106
1,<environment.Job instance at 0x7efebda9daf0>,90,2,[13  5],91,-1,108,-1,106
1,<environment.Job instance at 0x7efebda9d1e0>,91,2,[1 8],92,-1,108,-1,106
1,<environment.Job instance at 0x7efebda9d050>,92,16,[10  3],93,-1,122,-1,106
1,<environment.Job instance at 0x7efebda9d820>,93,24,[11  3],94,-1,130,-1,106
1,<environment.Job instance at 0x7efebda9d780>,94,18,[13  3],95,-1,124,-1,106
1,<environment.Job instance at 0x7efebda9d730>,95,13,[6 4],96,-1,121,-1,108
1,<environment.Job instance at 0x7efebda9deb0>,96,14,[10  3],97,-1,122,-1,108
1,<environment.Job instance at 0x7efebda9d7d0>,97,23,[10  3],98,-1,131,-1,108
1,<environment.Job instance at 0x7efebda9da00>,98,19,[1 5],99,-1,127,-1,108
1,<environment.Job instance at 0x7efec7023a00>,99,18,[2 9],100,-1,126,-1,108
1,<environment.Job instance at 0x7efebe34b8c0>,7,15,[13  1],8,-1,23,-1,8
1,<environment.Job instance at 0x7efebe333500>,8,14,[12  4],9,-1,23,-1,9
1,<environment.Job instance at 0x7efebe333140>,10,1,[9 3],11,-1,12,-1,11
1,<environment.Job instance at 0x7efebe333320>,11,25,[ 3 14],12,-1,37,-1,12
1,<environment.Job instance at 0x7efebe3332d0>,12,14,[14  3],13,-1,27,-1,13
1,<environment.Job instance at 0x7efebe333c80>,14,14,[ 5 14],15,-1,37,-1,23
1,<environment.Job instance at 0x7efebe333dc0>,16,3,[5 5],17,-1,31,-1,28
1,<environment.Job instance at 0x7efebe333b40>,19,24,[6 5],20,-1,63,-1,39
1,<environment.Job instance at 0x7efebcf05140>,1,19,[12  1],2,-1,21,-1,2
1,<environment.Job instance at 0x7efebcf11320>,5,13,[ 2 12],6,-1,19,-1,6
1,<environment.Job instance at 0x7efebcf11eb0>,6,25,[ 5 10],7,-1,32,-1,7
1,<environment.Job instance at 0x7efebcf11410>,7,26,[9 3],8,-1,34,-1,8
1,<environment.Job instance at 0x7efebcf11960>,8,26,[ 1 12],9,-1,35,-1,9
1,<environment.Job instance at 0x7efebcf11910>,9,28,[3 6],10,-1,38,-1,10
1,<environment.Job instance at 0x7efebcf116e0>,11,12,[11  1],12,-1,24,-1,12
1,<environment.Job instance at 0x7efebcf11be0>,13,15,[13  2],14,-1,29,-1,14
1,<environment.Job instance at 0x7efebcf11500>,14,17,[12  3],15,-1,32,-1,15
1,<environment.Job instance at 0x7efebcf11460>,15,2,[ 4 12],16,-1,18,-1,16
1,<environment.Job instance at 0x7efebcf11230>,16,1,[10  1],17,-1,18,-1,17
1,<environment.Job instance at 0x7efebcf11cd0>,17,28,[3 6],18,-1,46,-1,18
1,<environment.Job instance at 0x7efebe330730>,19,19,[13  1],20,-1,39,-1,20
1,<environment.Job instance at 0x7efebd548910>,36,21,[14  1],37,-1,104,-1,83
1,<environment.Job instance at 0x7efebd548730>,38,16,[12  4],39,-1,101,-1,85
1,<environment.Job instance at 0x7efebd548d20>,39,24,[4 9],40,-1,109,-1,85
1,<environment.Job instance at 0x7efec6a0fe60>,12,13,[ 2 13],13,-1,41,-1,28
1,<environment.Job instance at 0x7efebda4caf0>,14,14,[ 3 13],15,-1,42,-1,28
1,<environment.Job instance at 0x7efebda4c2d0>,16,26,[ 1 12],17,-1,54,-1,28
1,<environment.Job instance at 0x7efebda4c780>,18,3,[1 5],19,-1,51,-1,48
1,<environment.Job instance at 0x7efebda4c960>,22,1,[10  4],23,-1,49,-1,48
1,<environment.Job instance at 0x7efebda4c8c0>,23,3,[3 8],24,-1,51,-1,48
1,<environment.Job instance at 0x7efec6a102d0>,29,21,[12  3],30,-1,127,-1,106
1,<environment.Job instance at 0x7efec6a10500>,30,1,[ 5 12],31,-1,107,-1,106
1,<environment.Job instance at 0x7efebd678f50>,35,13,[14  1],36,-1,138,-1,125
1,<environment.Job instance at 0x7efebd678230>,36,3,[ 5 13],37,-1,128,-1,125
1,<environment.Job instance at 0x7efebd678780>,37,20,[ 2 13],38,-1,145,-1,125
1,<environment.Job instance at 0x7efebd678aa0>,38,27,[4 9],39,-1,152,-1,125
1,<environment.Job instance at 0x7efebd678910>,39,3,[ 2 13],40,-1,128,-1,125
1,<environment.Job instance at 0x7efebd6782d0>,40,2,[ 4 12],41,-1,127,-1,125
1,<environment.Job instance at 0x7efebd678c30>,41,16,[2 8],42,-1,141,-1,125
1,<environment.Job instance at 0x7efebd678550>,42,25,[2 7],43,-1,150,-1,125
1,<environment.Job instance at 0x7efebd678820>,43,17,[8 1],44,-1,142,-1,125
1,<environment.Job instance at 0x7efebd678eb0>,44,12,[11  5],45,-1,137,-1,125
1,<environment.Job instance at 0x7efebe35f5a0>,10,17,[ 2 14],11,-1,29,-1,12
1,<environment.Job instance at 0x7efebd6e6b90>,12,1,[13  4],13,-1,15,-1,14
1,<environment.Job instance at 0x7efebd7090f0>,15,17,[14  2],16,-1,43,-1,26
1,<environment.Job instance at 0x7efebd709050>,16,17,[ 1 12],17,-1,43,-1,26
1,<environment.Job instance at 0x7efebd6fc820>,19,27,[11  4],20,-1,61,-1,34
1,<environment.Job instance at 0x7efebd6fc500>,20,15,[ 2 13],21,-1,49,-1,34
1,<environment.Job instance at 0x7efebd6fc460>,23,16,[11  3],24,-1,57,-1,41
1,<environment.Job instance at 0x7efebd6fc550>,24,25,[6 2],25,-1,66,-1,41
1,<environment.Job instance at 0x7efebd6fcaa0>,25,17,[13  1],26,-1,58,-1,41
1,<environment.Job instance at 0x7efebdc48eb0>,26,23,[8 2],27,-1,69,-1,46
1,<environment.Job instance at 0x7efebdfdcdc0>,28,1,[6 4],29,-1,47,-1,46
1,<environment.Job instance at 0x7efebe38b8c0>,29,1,[11  4],30,-1,47,-1,46
1,<environment.Job instance at 0x7efebdff8c30>,30,26,[2 7],31,-1,72,-1,46
1,<environment.Job instance at 0x7efebdff8a50>,33,24,[13  5],34,-1,87,-1,63
1,<environment.Job instance at 0x7efebd1e52d0>,35,12,[14  3],36,-1,75,-1,63
1,<environment.Job instance at 0x7efebdc2aa00>,38,27,[6 5],39,-1,108,-1,81
1,<environment.Job instance at 0x7efebdc09be0>,40,13,[11  1],41,-1,108,-1,95
1,<environment.Job instance at 0x7efebdc2dbe0>,41,3,[ 2 11],42,-1,98,-1,95
1,<environment.Job instance at 0x7efebdc13af0>,45,1,[6 3],46,-1,113,-1,112
1,<environment.Job instance at 0x7efebdc23280>,47,2,[5 4],48,-1,116,-1,114
1,<environment.Job instance at 0x7efebcde57d0>,7,26,[3 7],8,-1,34,-1,8
1,<environment.Job instance at 0x7efebcde5960>,8,26,[4 6],9,-1,35,-1,9
1,<environment.Job instance at 0x7efebcde5e60>,9,14,[ 3 14],10,-1,24,-1,10
1,<environment.Job instance at 0x7efebd943230>,18,14,[ 2 12],19,-1,51,-1,37
1,<environment.Job instance at 0x7efebd970f50>,19,28,[11  4],20,-1,65,-1,37
1,<environment.Job instance at 0x7efebd970500>,20,22,[ 5 12],21,-1,59,-1,37
1,<environment.Job instance at 0x7efebd9708c0>,22,25,[9 5],23,-1,74,-1,49
1,<environment.Job instance at 0x7efebd9705a0>,23,22,[3 8],24,-1,72,-1,50
1,<environment.Job instance at 0x7efebd970690>,26,22,[ 1 13],27,-1,87,-1,65
1,<environment.Job instance at 0x7efebd970960>,27,3,[ 2 11],28,-1,68,-1,65
1,<environment.Job instance at 0x7efebd9704b0>,29,15,[ 5 14],30,-1,87,-1,72
1,<environment.Job instance at 0x7efebd94a820>,30,27,[3 6],31,-1,99,-1,72
1,<environment.Job instance at 0x7efebd94a6e0>,31,2,[12  1],32,-1,74,-1,72
1,<environment.Job instance at 0x7efebd94a960>,33,18,[11  2],34,-1,92,-1,74
1,<environment.Job instance at 0x7efebd94ad20>,34,14,[ 3 10],35,-1,88,-1,74
1,<environment.Job instance at 0x7efebd94ac80>,35,27,[8 1],36,-1,101,-1,74
1,<environment.Job instance at 0x7efebd94acd0>,36,3,[7 5],37,-1,77,-1,74
1,<environment.Job instance at 0x7efebd94a9b0>,38,1,[4 7],39,-1,88,-1,87
1,<environment.Job instance at 0x7efebd94a140>,40,20,[14  2],41,-1,115,-1,95
1,<environment.Job instance at 0x7efebd53d0f0>,10,16,[ 5 12],11,-1,27,-1,11
1,<environment.Job instance at 0x7efebd54b0a0>,11,12,[11  1],12,-1,24,-1,12
1,<environment.Job instance at 0x7efebd54bd20>,14,17,[ 2 14],15,-1,54,-1,37
1,<environment.Job instance at 0x7efebd54bc30>,15,26,[10  5],16,-1,63,-1,37
1,<environment.Job instance at 0x7efebd15aa50>,16,2,[7 5],17,-1,39,-1,37
1,<environment.Job instance at 0x7efebd52c5f0>,25,27,[3 8],26,-1,127,-1,100
1,<environment.Job instance at 0x7efebd52c2d0>,28,28,[2 6],29,-1,130,-1,102
1,<environment.Job instance at 0x7efebd52c140>,29,28,[7 1],30,-1,130,-1,102
1,<environment.Job instance at 0x7efebd52c190>,30,26,[10  3],31,-1,128,-1,102
1,<environment.Job instance at 0x7efebd262960>,31,27,[5 2],32,-1,129,-1,102
1,<environment.Job instance at 0x7efebd262f00>,32,12,[ 3 13],33,-1,114,-1,102
1,<environment.Job instance at 0x7efebd25a690>,33,17,[14  5],34,-1,119,-1,102
1,<environment.Job instance at 0x7efebd25a960>,34,15,[14  2],35,-1,117,-1,102
1,<environment.Job instance at 0x7efebdf630a0>,35,15,[ 1 12],36,-1,117,-1,102
1,<environment.Job instance at 0x7efec6967140>,7,13,[11  3],8,-1,26,-1,13
1,<environment.Job instance at 0x7efec6967d20>,8,28,[7 5],9,-1,41,-1,13
1,<environment.Job instance at 0x7efec6967780>,10,2,[14  5],11,-1,17,-1,15
1,<environment.Job instance at 0x7efec6967320>,11,26,[13  1],12,-1,41,-1,15
1,<environment.Job instance at 0x7efec6967eb0>,13,3,[10  1],14,-1,36,-1,33
1,<environment.Job instance at 0x7efec6967dc0>,15,1,[5 1],16,-1,49,-1,48
1,<environment.Job instance at 0x7efec6967fa0>,18,26,[ 5 12],19,-1,81,-1,55
1,<environment.Job instance at 0x7efec69673c0>,19,26,[2 8],20,-1,81,-1,55
1,<environment.Job instance at 0x7efec69672d0>,22,16,[ 2 13],23,-1,71,-1,55
1,<environment.Job instance at 0x7efebda7a870>,23,23,[7 1],24,-1,86,-1,63
1,<environment.Job instance at 0x7efebda7a4b0>,24,13,[13  4],25,-1,76,-1,63
1,<environment.Job instance at 0x7efebda7a6e0>,25,18,[14  3],26,-1,81,-1,63
1,<environment.Job instance at 0x7efebda7adc0>,27,24,[14  5],28,-1,87,-1,63
1,<environment.Job instance at 0x7efebda7ac30>,28,25,[ 4 12],29,-1,88,-1,63
1,<environment.Job instance at 0x7efebda7a1e0>,30,18,[12  3],31,-1,88,-1,70
1,<environment.Job instance at 0x7efebda7ad20>,32,18,[ 2 11],33,-1,94,-1,76
1,<environment.Job instance at 0x7efebda7a820>,33,13,[11  3],34,-1,89,-1,76
1,<environment.Job instance at 0x7efebda7af50>,34,18,[13  2],35,-1,94,-1,76
1,<environment.Job instance at 0x7efebda7a370>,36,23,[ 5 13],37,-1,99,-1,76
1,<environment.Job instance at 0x7efebda7ab40>,38,28,[ 1 10],39,-1,121,-1,93
1,<environment.Job instance at 0x7efebda7ae10>,40,12,[ 4 14],41,-1,105,-1,93
1,<environment.Job instance at 0x7efebda7a640>,41,2,[10  3],42,-1,95,-1,93
1,<environment.Job instance at 0x7efebd074af0>,45,3,[9 1],46,-1,118,-1,115
1,<environment.Job instance at 0x7efebd074b90>,46,18,[ 5 11],47,-1,133,-1,115
1,<environment.Job instance at 0x7efebd0746e0>,48,1,[12  3],49,-1,116,-1,115
1,<environment.Job instance at 0x7efebd074c30>,49,25,[13  1],50,-1,140,-1,115
1,<environment.Job instance at 0x7efebd074e10>,51,1,[2 5],52,-1,128,-1,127
1,<environment.Job instance at 0x7efebcc27dc0>,6,26,[11  3],7,-1,33,-1,7
1,<environment.Job instance at 0x7efebcc27230>,13,27,[7 2],14,-1,58,-1,31
1,<environment.Job instance at 0x7efebcc27690>,14,12,[13  2],15,-1,43,-1,31
1,<environment.Job instance at 0x7efebcc275a0>,16,12,[ 2 14],17,-1,64,-1,52
1,<environment.Job instance at 0x7efebcc271e0>,17,17,[ 1 12],18,-1,69,-1,52
1,<environment.Job instance at 0x7efebcc27aa0>,18,22,[13  4],19,-1,74,-1,52
1,<environment.Job instance at 0x7efebcc27a00>,19,18,[ 5 12],20,-1,70,-1,52
1,<environment.Job instance at 0x7efebcc276e0>,20,25,[12  1],21,-1,77,-1,52
1,<environment.Job instance at 0x7efebcc27f00>,21,26,[10  2],22,-1,78,-1,52
1,<environment.Job instance at 0x7efebcc274b0>,22,3,[4 8],23,-1,55,-1,52
1,<environment.Job instance at 0x7efebcc278c0>,24,12,[13  2],25,-1,64,-1,52
1,<environment.Job instance at 0x7efebcc5aeb0>,26,26,[2 8],27,-1,100,-1,74
1,<environment.Job instance at 0x7efebcc5a960>,29,14,[ 2 13],30,-1,88,-1,74
1,<environment.Job instance at 0x7efebcc5aa00>,32,1,[8 4],33,-1,75,-1,74
1,<environment.Job instance at 0x7efebcc5a410>,33,27,[ 1 13],34,-1,101,-1,74
1,<environment.Job instance at 0x7efebcc5a370>,34,18,[11  3],35,-1,92,-1,74
1,<environment.Job instance at 0x7efebcc5a730>,37,12,[12  5],38,-1,99,-1,87
1,<environment.Job instance at 0x7efebcc5a7d0>,38,12,[ 3 12],39,-1,99,-1,87
1,<environment.Job instance at 0x7efebcc5a280>,39,3,[10  3],40,-1,90,-1,87
1,<environment.Job instance at 0x7efebcc5a820>,41,25,[ 2 14],42,-1,118,-1,93
1,<environment.Job instance at 0x7efebcc5a4b0>,46,1,[6 3],47,-1,123,-1,122
1,<environment.Job instance at 0x7efebcc5a870>,47,16,[12  2],48,-1,138,-1,122
1,<environment.Job instance at 0x7efebcc5a0f0>,48,2,[ 2 13],49,-1,124,-1,122
1,<environment.Job instance at 0x7efebdcb5e10>,49,27,[5 5],50,-1,149,-1,122
1,<environment.Job instance at 0x7efebd6fc7d0>,3,25,[ 5 10],4,-1,29,-1,4
1,<environment.Job instance at 0x7efebd6fcc30>,4,2,[12  3],5,-1,7,-1,5
1,<environment.Job instance at 0x7efebd6fc050>,5,20,[ 4 11],6,-1,26,-1,6
1,<environment.Job instance at 0x7efebd6fce10>,7,15,[14  2],8,-1,23,-1,8
1,<environment.Job instance at 0x7efebd6fc320>,8,12,[13  3],9,-1,21,-1,9
1,<environment.Job instance at 0x7efebd6fc8c0>,18,20,[12  2],19,-1,58,-1,38
1,<environment.Job instance at 0x7efebd6fc550>,20,28,[8 4],21,-1,79,-1,51
1,<environment.Job instance at 0x7efec6e81820>,23,3,[9 3],24,-1,57,-1,54
1,<environment.Job instance at 0x7efec6e81a50>,24,2,[13  1],25,-1,56,-1,54
1,<environment.Job instance at 0x7efec6e815f0>,25,13,[ 1 10],26,-1,67,-1,54
1,<environment.Job instance at 0x7efec6e81a00>,27,3,[12  1],28,-1,68,-1,65
1,<environment.Job instance at 0x7efec6e811e0>,29,19,[13  2],30,-1,99,-1,80
1,<environment.Job instance at 0x7efec6e812d0>,32,1,[ 2 13],33,-1,86,-1,85
1,<environment.Job instance at 0x7efec6e81230>,33,24,[ 4 10],34,-1,109,-1,85
1,<environment.Job instance at 0x7efebd745f00>,39,24,[4 6],40,-1,144,-1,120
1,<environment.Job instance at 0x7efebd745c80>,40,23,[13  5],41,-1,143,-1,120
1,<environment.Job instance at 0x7efebd745eb0>,41,28,[14  2],42,-1,148,-1,120
1,<environment.Job instance at 0x7efebd374050>,3,28,[ 3 14],4,-1,32,-1,4
1,<environment.Job instance at 0x7efebd374550>,8,24,[ 5 13],9,-1,33,-1,9
1,<environment.Job instance at 0x7efebca67d20>,9,23,[8 5],10,-1,33,-1,10
1,<environment.Job instance at 0x7efebca67820>,10,28,[4 9],11,-1,39,-1,11
1,<environment.Job instance at 0x7efebca67eb0>,11,24,[ 5 13],12,-1,36,-1,12
1,<environment.Job instance at 0x7efebca67410>,19,27,[14  3],20,-1,65,-1,38
1,<environment.Job instance at 0x7efebcab6410>,28,3,[ 4 13],29,-1,104,-1,101
1,<environment.Job instance at 0x7efebcab6af0>,31,12,[13  1],32,-1,118,-1,106
1,<environment.Job instance at 0x7efebcab6190>,32,13,[5 9],33,-1,119,-1,106
1,<environment.Job instance at 0x7efebcab65a0>,33,13,[ 4 13],34,-1,119,-1,106
1,<environment.Job instance at 0x7efebcd04cd0>,34,18,[11  5],35,-1,124,-1,106
1,<environment.Job instance at 0x7efebcd04320>,35,15,[5 1],36,-1,121,-1,106
1,<environment.Job instance at 0x7efebcd04be0>,36,12,[2 7],37,-1,118,-1,106
1,<environment.Job instance at 0x7efebcd04a50>,37,24,[10  4],38,-1,130,-1,106
1,<environment.Job instance at 0x7efebce436e0>,38,25,[5 1],39,-1,131,-1,106
1,<environment.Job instance at 0x7efebded8e60>,4,23,[ 2 11],5,-1,28,-1,5
1,<environment.Job instance at 0x7efebccdb0a0>,18,26,[2 5],19,-1,74,-1,48
1,<environment.Job instance at 0x7efebccdb280>,19,28,[4 8],20,-1,76,-1,48
1,<environment.Job instance at 0x7efebccdb050>,20,28,[1 5],21,-1,76,-1,48
1,<environment.Job instance at 0x7efebccdb6e0>,21,1,[9 5],22,-1,49,-1,48
1,<environment.Job instance at 0x7efebccdb550>,22,3,[ 5 11],23,-1,51,-1,48
1,<environment.Job instance at 0x7efebccdb820>,23,13,[12  1],24,-1,61,-1,48
1,<environment.Job instance at 0x7efebda54af0>,29,15,[ 3 12],30,-1,100,-1,85
1,<environment.Job instance at 0x7efebda54aa0>,30,19,[ 5 10],31,-1,116,-1,97
1,<environment.Job instance at 0x7efebda54c80>,32,24,[1 7],33,-1,121,-1,97
1,<environment.Job instance at 0x7efebda54e10>,33,26,[4 7],34,-1,123,-1,97
1,<environment.Job instance at 0x7efebda54910>,34,15,[14  1],35,-1,112,-1,97
1,<environment.Job instance at 0x7efebda54410>,35,25,[5 6],36,-1,122,-1,97
1,<environment.Job instance at 0x7efebda54be0>,36,28,[1 5],37,-1,125,-1,97
1,<environment.Job instance at 0x7efebda54cd0>,37,2,[14  1],38,-1,99,-1,97
1,<environment.Job instance at 0x7efec6c4ccd0>,1,14,[ 4 13],2,-1,16,-1,2
1,<environment.Job instance at 0x7efebdbe7e10>,4,25,[5 3],5,-1,30,-1,5
1,<environment.Job instance at 0x7efebdbe7d20>,6,16,[ 3 11],7,-1,23,-1,7
1,<environment.Job instance at 0x7efebdbe70f0>,7,28,[4 9],8,-1,36,-1,8
1,<environment.Job instance at 0x7efebdbe71e0>,8,25,[11  1],9,-1,34,-1,9
1,<environment.Job instance at 0x7efebdbe7370>,11,12,[12  1],12,-1,24,-1,12
1,<environment.Job instance at 0x7efebe268500>,15,2,[ 3 13],16,-1,24,-1,22
1,<environment.Job instance at 0x7efebe268370>,16,28,[11  1],17,-1,50,-1,22
1,<environment.Job instance at 0x7efebe268190>,17,18,[ 4 11],18,-1,40,-1,22
1,<environment.Job instance at 0x7efebe268b40>,20,18,[12  3],21,-1,43,-1,25
1,<environment.Job instance at 0x7efebe268910>,27,1,[1 7],28,-1,73,-1,72
1,<environment.Job instance at 0x7efebe268640>,31,24,[5 3],32,-1,129,-1,105
1,<environment.Job instance at 0x7efebe24ecd0>,32,1,[5 5],33,-1,106,-1,105
1,<environment.Job instance at 0x7efebe24e6e0>,34,19,[12  3],35,-1,136,-1,117
1,<environment.Job instance at 0x7efebe24e690>,35,25,[2 6],36,-1,142,-1,117
1,<environment.Job instance at 0x7efebe24e4b0>,37,3,[6 3],38,-1,120,-1,117
1,<environment.Job instance at 0x7efebe24e410>,38,28,[4 6],39,-1,145,-1,117
1,<environment.Job instance at 0x7efebe24e870>,2,27,[10  5],3,-1,30,-1,3
1,<environment.Job instance at 0x7efebcd73eb0>,4,2,[6 5],5,-1,7,-1,5
1,<environment.Job instance at 0x7efebcd73050>,3,1,[ 3 11],4,-1,6,-1,5
1,<environment.Job instance at 0x7efebcd73dc0>,7,3,[ 1 13],8,-1,11,-1,8
1,<environment.Job instance at 0x7efebcd73960>,8,26,[ 1 12],9,-1,35,-1,9
1,<environment.Job instance at 0x7efebcd73b90>,9,19,[12  1],10,-1,29,-1,10
1,<environment.Job instance at 0x7efebcd731e0>,10,22,[ 2 12],11,-1,33,-1,11
1,<environment.Job instance at 0x7efebcd73690>,12,20,[12  3],13,-1,33,-1,13
1,<environment.Job instance at 0x7efebd2bea00>,13,17,[14  4],14,-1,31,-1,14
1,<environment.Job instance at 0x7efebd2bedc0>,14,17,[12  2],15,-1,32,-1,15
1,<environment.Job instance at 0x7efebd2bef00>,15,17,[ 2 13],16,-1,33,-1,16
1,<environment.Job instance at 0x7efebd2be0f0>,17,26,[ 3 14],18,-1,44,-1,18
1,<environment.Job instance at 0x7efebd2be1e0>,24,23,[7 1],25,-1,53,-1,30
1,<environment.Job instance at 0x7efebd2bed70>,25,12,[ 4 13],26,-1,42,-1,30
1,<environment.Job instance at 0x7efebd2be9b0>,28,27,[ 3 12],29,-1,71,-1,44
1,<environment.Job instance at 0x7efebcc413c0>,29,24,[7 1],30,-1,68,-1,44
1,<environment.Job instance at 0x7efebd2be500>,30,2,[5 1],31,-1,46,-1,44
1,<environment.Job instance at 0x7efebcc41190>,32,13,[ 3 11],33,-1,57,-1,44
1,<environment.Job instance at 0x7efebcc41e10>,42,2,[12  3],43,-1,104,-1,102
1,<environment.Job instance at 0x7efebcc41230>,46,19,[14  5],47,-1,141,-1,122
1,<environment.Job instance at 0x7efebdad5aa0>,4,12,[13  4],5,-1,17,-1,5
1,<environment.Job instance at 0x7efebdad5d70>,5,3,[9 3],6,-1,10,-1,7
1,<environment.Job instance at 0x7efebdad5550>,7,1,[13  2],8,-1,9,-1,8
1,<environment.Job instance at 0x7efebdad5280>,11,2,[ 1 10],12,-1,16,-1,14
1,<environment.Job instance at 0x7efebdad5f00>,12,1,[7 4],13,-1,16,-1,15
1,<environment.Job instance at 0x7efebdad3050>,17,25,[12  1],18,-1,68,-1,43
1,<environment.Job instance at 0x7efebdad3280>,20,3,[9 5],21,-1,63,-1,60
1,<environment.Job instance at 0x7efebcceef50>,22,28,[9 5],23,-1,88,-1,60
1,<environment.Job instance at 0x7efebcceeb90>,24,1,[11  1],25,-1,61,-1,60
1,<environment.Job instance at 0x7efebdae78c0>,25,1,[12  5],26,-1,61,-1,60
1,<environment.Job instance at 0x7efebdae7e60>,26,2,[1 8],27,-1,62,-1,60
1,<environment.Job instance at 0x7efebdae7870>,27,3,[9 3],28,-1,63,-1,60
1,<environment.Job instance at 0x7efebdae7d70>,28,28,[6 2],29,-1,88,-1,60
1,<environment.Job instance at 0x7efebdae7190>,30,22,[4 9],31,-1,98,-1,76
1,<environment.Job instance at 0x7efebce7b640>,3,17,[ 2 11],4,-1,21,-1,4
1,<environment.Job instance at 0x7efebcf30640>,17,24,[9 2],18,-1,52,-1,28
1,<environment.Job instance at 0x7efebcf30050>,18,12,[9 2],19,-1,43,-1,31
1,<environment.Job instance at 0x7efebcf307d0>,20,22,[9 5],21,-1,54,-1,32
1,<environment.Job instance at 0x7efebcf300f0>,21,24,[2 5],22,-1,56,-1,32
1,<environment.Job instance at 0x7efebcf30cd0>,23,21,[ 5 13],24,-1,62,-1,41
1,<environment.Job instance at 0x7efebcf30820>,24,12,[ 1 12],25,-1,53,-1,41
1,<environment.Job instance at 0x7efebcf30b40>,25,22,[12  4],26,-1,63,-1,41
1,<environment.Job instance at 0x7efebcf30550>,26,27,[ 1 13],27,-1,68,-1,41
1,<environment.Job instance at 0x7efebd7a4050>,27,18,[ 2 12],28,-1,59,-1,41
1,<environment.Job instance at 0x7efebd7a4550>,28,3,[5 1],29,-1,44,-1,41
1,<environment.Job instance at 0x7efebd7a4dc0>,29,25,[ 4 14],30,-1,66,-1,41
1,<environment.Job instance at 0x7efebd7a49b0>,30,19,[ 3 14],31,-1,60,-1,41
1,<environment.Job instance at 0x7efebd7a4cd0>,31,18,[1 7],32,-1,59,-1,41
1,<environment.Job instance at 0x7efebd7a4a00>,32,17,[ 2 11],33,-1,58,-1,41
1,<environment.Job instance at 0x7efebd7a4fa0>,33,12,[5 4],34,-1,53,-1,41
1,<environment.Job instance at 0x7efebd7a47d0>,34,17,[1 6],35,-1,58,-1,41
1,<environment.Job instance at 0x7efebd7a4af0>,37,1,[2 5],38,-1,57,-1,56
1,<environment.Job instance at 0x7efebd7a41e0>,38,23,[5 6],39,-1,79,-1,56
1,<environment.Job instance at 0x7efebd7a4140>,39,3,[6 1],40,-1,59,-1,56
1,<environment.Job instance at 0x7efebd7a40f0>,41,13,[9 1],42,-1,73,-1,60
1,<environment.Job instance at 0x7efebd7a4870>,43,2,[ 4 11],44,-1,76,-1,74
1,<environment.Job instance at 0x7efebd7a4be0>,45,12,[ 1 14],46,-1,86,-1,74
1,<environment.Job instance at 0x7efebd7a4e10>,46,16,[1 7],47,-1,91,-1,75
1,<environment.Job instance at 0x7efebd7a45f0>,47,28,[ 1 14],48,-1,103,-1,75
1,<environment.Job instance at 0x7efebcdfe190>,48,23,[5 6],49,-1,98,-1,75
1,<environment.Job instance at 0x7efebcdfea00>,49,24,[ 4 14],50,-1,99,-1,75
1,<environment.Job instance at 0x7efebcdfe910>,50,12,[ 4 14],51,-1,87,-1,75
1,<environment.Job instance at 0x7efebcdfe1e0>,51,23,[11  2],52,-1,98,-1,75
1,<environment.Job instance at 0x7efebcdfe870>,53,14,[12  1],54,-1,105,-1,91
1,<environment.Job instance at 0x7efebcdfe5a0>,54,27,[ 5 10],55,-1,118,-1,91
1,<environment.Job instance at 0x7efebcdfe820>,55,28,[13  4],56,-1,119,-1,91
1,<environment.Job instance at 0x7efebcdfeeb0>,56,24,[5 2],57,-1,115,-1,91
1,<environment.Job instance at 0x7efebcdfedc0>,57,18,[ 4 12],58,-1,109,-1,91
1,<environment.Job instance at 0x7efebcdfe690>,58,25,[11  1],59,-1,116,-1,91
1,<environment.Job instance at 0x7efebcdfe280>,59,20,[11  4],60,-1,111,-1,91
1,<environment.Job instance at 0x7efebcdfe960>,60,28,[6 5],61,-1,119,-1,91
1,<environment.Job instance at 0x7efebcdfeb40>,61,26,[2 6],62,-1,117,-1,91
1,<environment.Job instance at 0x7efebd296e10>,63,3,[2 7],64,-1,97,-1,94
1,<environment.Job instance at 0x7efebd296eb0>,65,23,[2 8],66,-1,131,-1,108
1,<environment.Job instance at 0x7efebd296b90>,66,25,[ 4 13],67,-1,133,-1,108
1,<environment.Job instance at 0x7efebd296b40>,67,28,[1 6],68,-1,136,-1,108
1,<environment.Job instance at 0x7efebd296d70>,68,2,[1 6],69,-1,110,-1,108
1,<environment.Job instance at 0x7efebd296690>,69,22,[ 3 13],70,-1,130,-1,108
1,<environment.Job instance at 0x7efebd296f50>,70,15,[13  3],71,-1,123,-1,108
1,<environment.Job instance at 0x7efebd296870>,71,1,[ 1 13],72,-1,109,-1,108
1,<environment.Job instance at 0x7efebd296820>,72,13,[12  5],73,-1,121,-1,108
1,<environment.Job instance at 0x7efebd296910>,74,21,[9 2],75,-1,136,-1,115
1,<environment.Job instance at 0x7efebd296550>,75,26,[12  4],76,-1,141,-1,115
1,<environment.Job instance at 0x7efebd296be0>,76,19,[ 5 12],77,-1,134,-1,115
1,<environment.Job instance at 0x7efebdf53d70>,77,18,[ 4 10],78,-1,133,-1,115
1,<environment.Job instance at 0x7efebdf530f0>,79,27,[10  2],80,-1,142,-1,115
1,<environment.Job instance at 0x7efebdf53fa0>,80,26,[ 3 13],81,-1,141,-1,115
1,<environment.Job instance at 0x7efebdf53b90>,81,28,[9 5],82,-1,143,-1,115
1,<environment.Job instance at 0x7efebdf532d0>,82,24,[8 5],83,-1,139,-1,115
1,<environment.Job instance at 0x7efebdf53eb0>,84,1,[10  1],85,-1,124,-1,123
1,<environment.Job instance at 0x7efebdf53f00>,85,21,[10  2],86,-1,144,-1,123
1,<environment.Job instance at 0x7efebdf53cd0>,86,12,[8 3],87,-1,135,-1,123
1,<environment.Job instance at 0x7efebdf53690>,87,2,[8 5],88,-1,125,-1,123
1,<environment.Job instance at 0x7efebdf53820>,89,18,[ 3 10],90,-1,144,-1,126
1,<environment.Job instance at 0x7efebdf53140>,90,3,[9 1],91,-1,129,-1,126
1,<environment.Job instance at 0x7efebdf534b0>,91,25,[ 3 13],92,-1,151,-1,126
1,<environment.Job instance at 0x7efebdf53b40>,92,1,[12  1],93,-1,127,-1,126
1,<environment.Job instance at 0x7efebdf53af0>,93,2,[7 2],94,-1,128,-1,126
1,<environment.Job instance at 0x7efebce14230>,94,28,[14  1],95,-1,154,-1,126
1,<environment.Job instance at 0x7efebdf53e10>,95,23,[5 5],96,-1,149,-1,126
1,<environment.Job instance at 0x7efebce14fa0>,96,28,[ 5 12],97,-1,154,-1,126
1,<environment.Job instance at 0x7efebce14e10>,97,2,[3 5],98,-1,128,-1,126
1,<environment.Job instance at 0x7efebce14b90>,98,24,[ 2 11],99,-1,150,-1,126
1,<environment.Job instance at 0x7efebce14d70>,99,21,[4 5],100,-1,147,-1,126
1,<environment.Job instance at 0x7efebce14780>,100,13,[13  4],101,-1,139,-1,126
1,<environment.Job instance at 0x7efebce14320>,101,15,[ 4 12],102,-1,141,-1,126
1,<environment.Job instance at 0x7efebce140a0>,102,23,[1 5],103,-1,149,-1,126
1,<environment.Job instance at 0x7efebce14e60>,103,20,[12  2],104,-1,146,-1,126
1,<environment.Job instance at 0x7efebd15c550>,1,27,[8 1],2,-1,29,-1,2
1,<environment.Job instance at 0x7efebce14410>,2,27,[7 2],3,-1,30,-1,3
1,<environment.Job instance at 0x7efebdbbbdc0>,4,23,[10  3],5,-1,28,-1,5
1,<environment.Job instance at 0x7efebce14e60>,8,2,[7 3],9,-1,12,-1,10
1,<environment.Job instance at 0x7efebdb99190>,10,1,[6 2],11,-1,12,-1,11
1,<environment.Job instance at 0x7efebdb994b0>,13,24,[9 1],14,-1,38,-1,14
1,<environment.Job instance at 0x7efebdb995f0>,14,1,[6 3],15,-1,16,-1,15
1,<environment.Job instance at 0x7efebdb99410>,18,2,[1 7],19,-1,25,-1,23
1,<environment.Job instance at 0x7efebdb99af0>,20,2,[10  3],21,-1,25,-1,23
1,<environment.Job instance at 0x7efebdb99c30>,22,28,[6 5],23,-1,67,-1,39
1,<environment.Job instance at 0x7efebdb99d20>,23,3,[4 6],24,-1,42,-1,39
1,<environment.Job instance at 0x7efebdb99960>,25,25,[5 3],26,-1,66,-1,41
1,<environment.Job instance at 0x7efebdb99eb0>,26,3,[1 8],27,-1,44,-1,41
1,<environment.Job instance at 0x7efebdb99be0>,28,1,[3 6],29,-1,57,-1,56
1,<environment.Job instance at 0x7efebdb99dc0>,29,1,[5 2],30,-1,58,-1,57
1,<environment.Job instance at 0x7efebdba8190>,30,13,[11  2],31,-1,70,-1,57
1,<environment.Job instance at 0x7efebdba82d0>,32,1,[9 2],33,-1,58,-1,57
1,<environment.Job instance at 0x7efebdba8410>,34,1,[8 5],35,-1,69,-1,68
1,<environment.Job instance at 0x7efebdba84b0>,35,23,[5 2],36,-1,91,-1,68
1,<environment.Job instance at 0x7efebdba8550>,36,17,[ 5 14],37,-1,85,-1,68
1,<environment.Job instance at 0x7efebdba85f0>,37,28,[10  4],38,-1,96,-1,68
1,<environment.Job instance at 0x7efebdba8690>,38,2,[5 7],39,-1,70,-1,68
1,<environment.Job instance at 0x7eff61f455a0>,3,3,[ 4 14],4,-1,7,-1,4
1,<environment.Job instance at 0x7eff6b6bd1e0>,5,24,[1 5],6,-1,33,-1,9
1,<environment.Job instance at 0x7eff61f454b0>,9,18,[ 2 13],10,-1,28,-1,10
1,<environment.Job instance at 0x7eff61f45a50>,10,18,[ 3 11],11,-1,29,-1,11
1,<environment.Job instance at 0x7eff61f45aa0>,11,1,[8 5],12,-1,13,-1,12
1,<environment.Job instance at 0x7eff61f45b40>,12,13,[10  2],13,-1,28,-1,15
1,<environment.Job instance at 0x7eff61f45c80>,13,28,[ 4 14],14,-1,43,-1,15
1,<environment.Job instance at 0x7eff61f45eb0>,17,28,[ 5 10],18,-1,53,-1,25
1,<environment.Job instance at 0x7eff61f45be0>,18,3,[ 4 13],19,-1,28,-1,25
1,<environment.Job instance at 0x7eff61f45500>,19,14,[ 3 11],20,-1,39,-1,25
1,<environment.Job instance at 0x7eff61f47050>,20,1,[13  5],21,-1,26,-1,25
1,<environment.Job instance at 0x7eff61f470f0>,21,1,[6 5],22,-1,26,-1,25
1,<environment.Job instance at 0x7eff61f47230>,22,1,[2 7],23,-1,26,-1,25
1,<environment.Job instance at 0x7eff61f472d0>,23,27,[ 1 14],24,-1,52,-1,25
1,<environment.Job instance at 0x7eff61f475a0>,25,27,[8 1],26,-1,60,-1,33
1,<environment.Job instance at 0x7eff61f47640>,26,26,[5 5],27,-1,59,-1,33
1,<environment.Job instance at 0x7eff61f47730>,28,25,[5 7],29,-1,76,-1,51
1,<environment.Job instance at 0x7eff61f477d0>,29,25,[ 4 11],30,-1,76,-1,51
1,<environment.Job instance at 0x7eff61f47870>,30,22,[ 5 13],31,-1,73,-1,51
1,<environment.Job instance at 0x7eff61f47910>,31,27,[4 8],32,-1,78,-1,51
1,<environment.Job instance at 0x7eff61f47af0>,33,1,[11  3],34,-1,52,-1,51
1,<environment.Job instance at 0x7eff61f47be0>,35,2,[1 8],36,-1,69,-1,67
1,<environment.Job instance at 0x7eff61f47d20>,37,13,[ 3 14],38,-1,80,-1,67
1,<environment.Job instance at 0x7eff61f47dc0>,38,28,[ 2 12],39,-1,95,-1,67
1,<environment.Job instance at 0x7eff61f47e60>,39,20,[ 1 10],40,-1,87,-1,67
1,<environment.Job instance at 0x7eff61f47f00>,40,24,[5 6],41,-1,91,-1,67
1,<environment.Job instance at 0x7eff61f47500>,42,27,[5 2],43,-1,102,-1,75
1,<environment.Job instance at 0x7eff61f4a280>,45,24,[ 1 13],46,-1,117,-1,93
1,<environment.Job instance at 0x7eff61f4a3c0>,47,17,[12  2],48,-1,117,-1,100
1,<environment.Job instance at 0x7eff61f4a500>,49,15,[10  1],50,-1,128,-1,113
1,<environment.Job instance at 0x7eff61f4a5a0>,50,16,[ 2 11],51,-1,129,-1,113
1,<environment.Job instance at 0x7eff61f4a780>,51,16,[12  2],52,-1,129,-1,113
1,<environment.Job instance at 0x7eff61f4a7d0>,53,27,[8 5],54,-1,147,-1,120
1,<environment.Job instance at 0x7eff61f4a870>,55,13,[13  1],56,-1,143,-1,130
1,<environment.Job instance at 0x7eff61f4a910>,56,20,[ 3 10],57,-1,151,-1,131
1,<environment.Job instance at 0x7eff62092640>,4,20,[ 1 14],5,-1,25,-1,5
1,<environment.Job instance at 0x7eff62092c30>,6,17,[14  2],7,-1,24,-1,7
1,<environment.Job instance at 0x7eff620acaf0>,7,1,[4 8],8,-1,10,-1,9
1,<environment.Job instance at 0x7eff620acb40>,9,23,[ 1 14],10,-1,33,-1,10
1,<environment.Job instance at 0x7eff620aceb0>,11,3,[4 7],12,-1,15,-1,12
1,<environment.Job instance at 0x7eff620ac280>,13,3,[5 2],14,-1,18,-1,15
1,<environment.Job instance at 0x7eff620ac690>,15,23,[1 7],16,-1,40,-1,17
1,<environment.Job instance at 0x7eff620ace10>,17,1,[ 2 14],18,-1,19,-1,18
1,<environment.Job instance at 0x7eff62223870>,21,18,[1 9],22,-1,47,-1,29
1,<environment.Job instance at 0x7eff62223190>,22,22,[5 3],23,-1,51,-1,29
1,<environment.Job instance at 0x7eff622236e0>,24,14,[13  3],25,-1,53,-1,39
1,<environment.Job instance at 0x7eff6175d960>,25,3,[10  1],26,-1,42,-1,39
1,<environment.Job instance at 0x7eff616068c0>,26,3,[ 2 12],27,-1,42,-1,39
1,<environment.Job instance at 0x7eff62223c80>,27,21,[1 9],28,-1,60,-1,39
1,<environment.Job instance at 0x7eff62223140>,28,1,[13  2],29,-1,40,-1,39
1,<environment.Job instance at 0x7eff6168e6e0>,29,14,[11  3],30,-1,53,-1,39
1,<environment.Job instance at 0x7eff61957d70>,30,2,[9 5],31,-1,41,-1,39
1,<environment.Job instance at 0x7eff61a21b40>,31,22,[2 9],32,-1,61,-1,39
1,<environment.Job instance at 0x7eff61691b40>,34,19,[6 1],35,-1,76,-1,57
1,<environment.Job instance at 0x7eff6166b550>,35,16,[ 2 10],36,-1,73,-1,57
1,<environment.Job instance at 0x7eff61691d70>,36,24,[11  5],37,-1,81,-1,57
1,<environment.Job instance at 0x7eff61672f50>,37,21,[ 3 10],38,-1,78,-1,57
1,<environment.Job instance at 0x7eff61672460>,38,25,[14  4],39,-1,82,-1,57
1,<environment.Job instance at 0x7eff616963c0>,39,14,[2 6],40,-1,71,-1,57
1,<environment.Job instance at 0x7eff619fa8c0>,40,26,[10  5],41,-1,83,-1,57
1,<environment.Job instance at 0x7eff619faf50>,41,13,[4 9],42,-1,70,-1,57
1,<environment.Job instance at 0x7eff61959a50>,42,14,[2 9],43,-1,71,-1,57
1,<environment.Job instance at 0x7eff61636cd0>,43,2,[13  3],44,-1,59,-1,57
1,<environment.Job instance at 0x7eff619e3f50>,44,21,[ 4 12],45,-1,78,-1,57
1,<environment.Job instance at 0x7eff61635410>,45,2,[5 2],46,-1,59,-1,57
1,<environment.Job instance at 0x7eff619aa870>,46,1,[5 9],47,-1,58,-1,57
1,<environment.Job instance at 0x7eff6161d500>,47,27,[2 9],48,-1,84,-1,57
1,<environment.Job instance at 0x7eff619e3e10>,49,12,[9 3],50,-1,79,-1,67
1,<environment.Job instance at 0x7eff61a11410>,51,17,[12  2],52,-1,101,-1,84
1,<environment.Job instance at 0x7eff61a11a00>,52,28,[2 8],53,-1,112,-1,84
1,<environment.Job instance at 0x7eff61a11910>,53,12,[1 7],54,-1,96,-1,84
1,<environment.Job instance at 0x7eff61af7fa0>,54,3,[10  2],55,-1,87,-1,84
1,<environment.Job instance at 0x7eff61a115f0>,55,3,[5 5],56,-1,87,-1,84
1,<environment.Job instance at 0x7eff616112d0>,56,3,[ 5 10],57,-1,87,-1,84
1,<environment.Job instance at 0x7eff61a15960>,57,20,[5 3],58,-1,104,-1,84
1,<environment.Job instance at 0x7eff61a15cd0>,58,3,[10  1],59,-1,87,-1,84
1,<environment.Job instance at 0x7eff61a3aaf0>,59,21,[6 1],60,-1,105,-1,84
1,<environment.Job instance at 0x7eff61a3adc0>,60,2,[7 5],61,-1,86,-1,84
1,<environment.Job instance at 0x7eff61a3a230>,61,14,[2 7],62,-1,98,-1,84
1,<environment.Job instance at 0x7eff61a3a4b0>,62,24,[7 5],63,-1,108,-1,84
1,<environment.Job instance at 0x7eff61a52c80>,63,3,[7 5],64,-1,87,-1,84
1,<environment.Job instance at 0x7eff61a522d0>,64,28,[2 7],65,-1,112,-1,84
1,<environment.Job instance at 0x7eff61a525a0>,65,28,[9 2],66,-1,112,-1,84
1,<environment.Job instance at 0x7eff61a520f0>,66,22,[6 1],67,-1,106,-1,84
1,<environment.Job instance at 0x7eff61a52640>,67,15,[3 7],68,-1,99,-1,84
1,<environment.Job instance at 0x7eff61a39d20>,68,2,[5 2],69,-1,86,-1,84
1,<environment.Job instance at 0x7eff61a39af0>,69,22,[2 7],70,-1,106,-1,84
1,<environment.Job instance at 0x7eff61a39cd0>,70,20,[ 3 13],71,-1,104,-1,84
1,<environment.Job instance at 0x7eff61a39f00>,71,1,[ 2 14],72,-1,85,-1,84
1,<environment.Job instance at 0x7eff61a39a00>,72,2,[12  2],73,-1,86,-1,84
1,<environment.Job instance at 0x7eff61a99780>,73,2,[5 9],74,-1,86,-1,84
1,<environment.Job instance at 0x7eff61acad70>,74,13,[9 4],75,-1,97,-1,84
1,<environment.Job instance at 0x7eff61a996e0>,75,16,[11  1],76,-1,100,-1,84
1,<environment.Job instance at 0x7eff61a99140>,76,17,[3 8],77,-1,101,-1,84
1,<environment.Job instance at 0x7eff619efa00>,79,14,[ 1 10],80,-1,131,-1,117
1,<environment.Job instance at 0x7eff619effa0>,80,25,[6 2],81,-1,142,-1,117
1,<environment.Job instance at 0x7eff619ef370>,81,18,[12  4],82,-1,135,-1,117
1,<environment.Job instance at 0x7eff619ef050>,82,14,[6 1],83,-1,131,-1,117
1,<environment.Job instance at 0x7eff619ef3c0>,83,26,[11  5],84,-1,143,-1,117
1,<environment.Job instance at 0x7eff619ef2d0>,85,14,[10  1],86,-1,132,-1,118
1,<environment.Job instance at 0x7eff61a481e0>,87,15,[13  5],88,-1,148,-1,133
1,<environment.Job instance at 0x7eff6160f960>,1,13,[ 5 13],2,-1,15,-1,2
1,<environment.Job instance at 0x7eff6160f5f0>,5,20,[10  2],6,-1,58,-1,38
1,<environment.Job instance at 0x7eff615f2f50>,15,1,[7 3],16,-1,47,-1,46
1,<environment.Job instance at 0x7eff615f2500>,16,14,[ 1 10],17,-1,60,-1,46
1,<environment.Job instance at 0x7eff615f2fa0>,17,1,[2 7],18,-1,47,-1,46
1,<environment.Job instance at 0x7eff615f2be0>,18,16,[11  4],19,-1,62,-1,46
1,<environment.Job instance at 0x7eff615f27d0>,20,25,[4 5],21,-1,74,-1,49
1,<environment.Job instance at 0x7eff615f2960>,21,25,[6 3],22,-1,74,-1,49
1,<environment.Job instance at 0x7eff615f25a0>,22,2,[11  1],23,-1,51,-1,49
1,<environment.Job instance at 0x7eff615f2410>,24,13,[12  4],25,-1,79,-1,66
1,<environment.Job instance at 0x7eff615f2d70>,25,2,[5 5],26,-1,68,-1,66
1,<environment.Job instance at 0x7eff615f2c80>,26,13,[ 1 13],27,-1,79,-1,66
1,<environment.Job instance at 0x7eff615f2a00>,27,26,[ 1 13],28,-1,92,-1,66
1,<environment.Job instance at 0x7eff615f2320>,28,22,[3 9],29,-1,107,-1,85
1,<environment.Job instance at 0x7eff615f2230>,29,16,[11  1],30,-1,101,-1,85
1,<environment.Job instance at 0x7eff615f24b0>,30,14,[14  2],31,-1,99,-1,85
1,<environment.Job instance at 0x7eff615f2280>,31,1,[5 9],32,-1,86,-1,85
1,<environment.Job instance at 0x7eff615ed870>,36,2,[ 5 13],37,-1,110,-1,108
1,<environment.Job instance at 0x7eff615eda50>,37,24,[2 7],38,-1,132,-1,108
1,<environment.Job instance at 0x7eff615ed230>,38,16,[11  2],39,-1,124,-1,108
1,<environment.Job instance at 0x7eff615edb40>,39,22,[ 2 12],40,-1,130,-1,108
1,<environment.Job instance at 0x7eff615ed780>,40,2,[ 3 10],41,-1,110,-1,108
1,<environment.Job instance at 0x7eff615edaa0>,43,18,[12  1],44,-1,129,-1,111
1,<environment.Job instance at 0x7eff615ed5a0>,45,2,[6 1],46,-1,123,-1,121
1,<environment.Job instance at 0x7eff61d8d910>,46,25,[8 5],47,-1,146,-1,121
1,<environment.Job instance at 0x7eff6267aa00>,48,3,[5 9],49,-1,142,-1,139
1,<environment.Job instance at 0x7eff61dcb5f0>,49,18,[ 2 14],50,-1,157,-1,139
1,<environment.Job instance at 0x7eff624f6780>,50,24,[9 1],51,-1,163,-1,139
1,<environment.Job instance at 0x7eff6267d7d0>,51,25,[7 1],52,-1,164,-1,139
1,<environment.Job instance at 0x7eff624f65a0>,52,24,[12  5],53,-1,163,-1,139
1,<environment.Job instance at 0x7eff61ba66e0>,53,23,[10  2],54,-1,162,-1,139
1,<environment.Job instance at 0x7eff627a54b0>,54,15,[ 1 11],55,-1,154,-1,139
1,<environment.Job instance at 0x7eff61ba6550>,55,16,[ 5 12],56,-1,155,-1,139
1,<environment.Job instance at 0x7eff6267d9b0>,56,27,[ 4 14],57,-1,166,-1,139
1,<environment.Job instance at 0x7eff62a21e60>,57,23,[2 9],58,-1,162,-1,139
1,<environment.Job instance at 0x7eff61c10dc0>,5,3,[10  2],6,-1,9,-1,6
1,<environment.Job instance at 0x7eff61ad5be0>,6,24,[14  2],7,-1,31,-1,7
1,<environment.Job instance at 0x7eff61a70a50>,8,2,[ 2 12],9,-1,11,-1,9
1,<environment.Job instance at 0x7eff6175cd20>,9,23,[ 4 11],10,-1,33,-1,10
1,<environment.Job instance at 0x7eff61b28550>,11,23,[ 3 13],12,-1,35,-1,12
1,<environment.Job instance at 0x7eff61ef5870>,14,24,[ 3 10],15,-1,40,-1,16
1,<environment.Job instance at 0x7eff61ad1a50>,19,14,[ 1 14],20,-1,37,-1,23
1,<environment.Job instance at 0x7eff61c21d70>,20,25,[5 8],21,-1,48,-1,23
1,<environment.Job instance at 0x7eff61c21e10>,21,27,[7 4],22,-1,50,-1,23
1,<environment.Job instance at 0x7eff61c21690>,22,3,[2 7],23,-1,29,-1,26
1,<environment.Job instance at 0x7eff61c21730>,25,1,[ 1 10],26,-1,27,-1,26
1,<environment.Job instance at 0x7eff61c21f00>,26,16,[12  4],27,-1,43,-1,27
1,<environment.Job instance at 0x7eff6b307b40>,27,13,[10  3],28,-1,49,-1,36
1,<environment.Job instance at 0x7eff6168ec30>,28,13,[5 1],29,-1,50,-1,37
1,<environment.Job instance at 0x7eff61a99be0>,29,3,[9 2],30,-1,40,-1,37
1,<environment.Job instance at 0x7eff6195d7d0>,31,18,[ 4 13],32,-1,59,-1,41
1,<environment.Job instance at 0x7eff619fac30>,32,23,[11  2],33,-1,64,-1,41
1,<environment.Job instance at 0x7eff61bc8f50>,33,1,[11  5],34,-1,42,-1,41
1,<environment.Job instance at 0x7eff61b715a0>,37,14,[ 5 11],38,-1,74,-1,60
1,<environment.Job instance at 0x7eff619eaaf0>,41,16,[ 5 11],42,-1,110,-1,94
1,<environment.Job instance at 0x7eff61bbd0a0>,42,2,[1 8],43,-1,96,-1,94
1,<environment.Job instance at 0x7eff619eaeb0>,44,25,[3 8],45,-1,122,-1,97
1,<environment.Job instance at 0x7eff619eac80>,45,28,[2 8],46,-1,126,-1,98
1,<environment.Job instance at 0x7eff61bbf370>,46,3,[ 5 14],47,-1,101,-1,98
1,<environment.Job instance at 0x7eff61bbf870>,47,27,[9 3],48,-1,125,-1,98
1,<environment.Job instance at 0x7eff61bbf0f0>,48,15,[13  3],49,-1,113,-1,98
1,<environment.Job instance at 0x7eff61bbf500>,50,12,[ 3 12],51,-1,124,-1,112
1,<environment.Job instance at 0x7eff61bbfd20>,51,1,[ 3 11],52,-1,113,-1,112
1,<environment.Job instance at 0x7eff61bccf50>,53,2,[6 3],54,-1,115,-1,113
1,<environment.Job instance at 0x7eff61bcc140>,54,2,[3 8],55,-1,115,-1,113
1,<environment.Job instance at 0x7eff61bcec80>,55,12,[ 2 12],56,-1,125,-1,113
1,<environment.Job instance at 0x7eff61bce3c0>,56,27,[ 1 13],57,-1,140,-1,113
1,<environment.Job instance at 0x7eff61bce2d0>,57,13,[1 9],58,-1,126,-1,113
1,<environment.Job instance at 0x7eff624457d0>,60,2,[13  5],61,-1,134,-1,132
1,<environment.Job instance at 0x7eff62445910>,61,2,[1 8],62,-1,134,-1,132
1,<environment.Job instance at 0x7eff623831e0>,2,17,[ 2 13],3,-1,20,-1,3
1,<environment.Job instance at 0x7eff619a0780>,3,27,[12  4],4,-1,31,-1,4
1,<environment.Job instance at 0x7eff61d2a9b0>,7,12,[ 5 12],8,-1,20,-1,8
1,<environment.Job instance at 0x7eff61d2a730>,8,14,[14  1],9,-1,23,-1,9
1,<environment.Job instance at 0x7eff61d2afa0>,11,18,[11  5],12,-1,49,-1,31
1,<environment.Job instance at 0x7eff61d23500>,17,21,[ 5 14],18,-1,52,-1,31
1,<environment.Job instance at 0x7eff61d23320>,20,28,[2 8],21,-1,71,-1,43
1,<environment.Job instance at 0x7eff61d231e0>,22,27,[9 3],23,-1,78,-1,51
1,<environment.Job instance at 0x7eff61d23050>,24,2,[4 7],25,-1,56,-1,54
1,<environment.Job instance at 0x7eff61d575f0>,25,28,[ 1 13],26,-1,82,-1,54
1,<environment.Job instance at 0x7eff61d57640>,26,12,[ 4 10],27,-1,67,-1,55
1,<environment.Job instance at 0x7eff61d57410>,28,2,[ 4 11],29,-1,72,-1,70
1,<environment.Job instance at 0x7eff61d57140>,29,26,[9 4],30,-1,96,-1,70
1,<environment.Job instance at 0x7eff61d574b0>,30,28,[2 7],31,-1,98,-1,70
1,<environment.Job instance at 0x7eff61d57f00>,32,22,[ 5 14],33,-1,92,-1,70
1,<environment.Job instance at 0x7eff61d3dd20>,33,20,[14  1],34,-1,90,-1,70
1,<environment.Job instance at 0x7eff61d3aaa0>,36,14,[ 4 10],37,-1,109,-1,95
1,<environment.Job instance at 0x7eff61d3a730>,38,3,[ 1 10],39,-1,98,-1,95
1,<environment.Job instance at 0x7eff62a65690>,2,25,[13  4],3,-1,28,-1,3
1,<environment.Job instance at 0x7eff62a65a00>,4,1,[10  5],5,-1,7,-1,6
1,<environment.Job instance at 0x7eff62a65e60>,7,21,[ 2 13],8,-1,29,-1,8
1,<environment.Job instance at 0x7eff62a65be0>,8,16,[ 3 14],9,-1,25,-1,9
1,<environment.Job instance at 0x7eff62a65eb0>,9,16,[ 1 11],10,-1,26,-1,10
1,<environment.Job instance at 0x7eff62a65fa0>,11,24,[ 2 13],12,-1,36,-1,12
1,<environment.Job instance at 0x7eff62a650a0>,12,18,[13  3],13,-1,31,-1,13
1,<environment.Job instance at 0x7eff62a65e10>,13,15,[ 1 10],14,-1,29,-1,14
1,<environment.Job instance at 0x7eff62a653c0>,15,16,[ 1 12],16,-1,32,-1,16
1,<environment.Job instance at 0x7eff62a65870>,16,1,[ 2 10],17,-1,18,-1,17
1,<environment.Job instance at 0x7eff62a65f00>,17,26,[8 4],18,-1,44,-1,18
1,<environment.Job instance at 0x7eff62a650f0>,18,16,[ 3 13],19,-1,35,-1,19
1,<environment.Job instance at 0x7eff62a80640>,21,28,[ 5 12],22,-1,50,-1,22
1,<environment.Job instance at 0x7eff62a800a0>,22,28,[2 6],23,-1,51,-1,23
1,<environment.Job instance at 0x7eff62a80820>,23,3,[9 1],24,-1,27,-1,24
1,<environment.Job instance at 0x7eff62a80dc0>,24,28,[ 1 11],25,-1,53,-1,25
1,<environment.Job instance at 0x7eff62a80c30>,27,14,[13  5],28,-1,42,-1,28
1,<environment.Job instance at 0x7eff62a80e60>,29,1,[6 1],30,-1,40,-1,39
1,<environment.Job instance at 0x7eff62a80d70>,31,13,[12  5],32,-1,52,-1,39
1,<environment.Job instance at 0x7eff62a80b40>,33,16,[11  4],34,-1,55,-1,39
1,<environment.Job instance at 0x7eff62a80af0>,34,3,[ 5 14],35,-1,42,-1,39
1,<environment.Job instance at 0x7eff62a80870>,35,27,[6 1],36,-1,66,-1,39
1,<environment.Job instance at 0x7eff62a80690>,36,22,[5 5],37,-1,62,-1,40
1,<environment.Job instance at 0x7eff62a80410>,38,3,[13  4],39,-1,56,-1,53
1,<environment.Job instance at 0x7eff62a80e10>,41,27,[5 1],42,-1,98,-1,71
1,<environment.Job instance at 0x7eff61975280>,42,16,[ 2 10],43,-1,87,-1,71
1,<environment.Job instance at 0x7eff61975f50>,44,18,[ 1 10],45,-1,90,-1,72
1,<environment.Job instance at 0x7eff61975320>,45,1,[1 6],46,-1,73,-1,72
1,<environment.Job instance at 0x7eff61975b40>,46,12,[14  1],47,-1,84,-1,72
1,<environment.Job instance at 0x7eff61975aa0>,47,18,[ 3 13],48,-1,90,-1,72
1,<environment.Job instance at 0x7eff61975820>,49,3,[7 1],50,-1,92,-1,89
1,<environment.Job instance at 0x7eff61975be0>,50,22,[ 1 12],51,-1,111,-1,89
1,<environment.Job instance at 0x7eff61975d20>,51,15,[10  4],52,-1,113,-1,98
1,<environment.Job instance at 0x7eff619750a0>,54,26,[ 3 12],55,-1,124,-1,98
1,<environment.Job instance at 0x7eff619751e0>,55,2,[ 4 13],56,-1,100,-1,98
1,<environment.Job instance at 0x7eff619758c0>,56,2,[10  5],57,-1,100,-1,98
1,<environment.Job instance at 0x7eff6198ccd0>,57,27,[5 7],58,-1,125,-1,98
1,<environment.Job instance at 0x7eff6198c1e0>,58,20,[ 4 14],59,-1,118,-1,98
1,<environment.Job instance at 0x7eff6198c370>,59,14,[1 7],60,-1,112,-1,98
1,<environment.Job instance at 0x7eff6198c9b0>,61,23,[11  4],62,-1,132,-1,109
1,<environment.Job instance at 0x7eff6198caa0>,63,23,[2 7],64,-1,136,-1,113
1,<environment.Job instance at 0x7eff6198c6e0>,64,15,[12  4],65,-1,128,-1,113
1,<environment.Job instance at 0x7eff6198cd70>,65,2,[ 1 12],66,-1,115,-1,113
1,<environment.Job instance at 0x7eff6198c190>,66,13,[1 5],67,-1,126,-1,113
1,<environment.Job instance at 0x7eff6198c960>,67,15,[ 5 10],68,-1,128,-1,113
1,<environment.Job instance at 0x7eff6198caf0>,68,28,[6 4],69,-1,141,-1,113
1,<environment.Job instance at 0x7eff6198c230>,69,14,[14  3],70,-1,127,-1,113
1,<environment.Job instance at 0x7eff6198c730>,70,14,[9 5],71,-1,127,-1,113
1,<environment.Job instance at 0x7eff6198cdc0>,71,25,[ 2 14],72,-1,138,-1,113
1,<environment.Job instance at 0x7eff6198c500>,72,13,[5 8],73,-1,131,-1,118
1,<environment.Job instance at 0x7eff6198c050>,74,18,[ 4 10],75,-1,145,-1,127
1,<environment.Job instance at 0x7eff6196ff00>,75,3,[ 3 14],76,-1,130,-1,127
1,<environment.Job instance at 0x7eff6196f4b0>,76,27,[10  1],77,-1,154,-1,127
1,<environment.Job instance at 0x7eff6196f500>,77,12,[6 3],78,-1,139,-1,127
1,<environment.Job instance at 0x7eff6196fd20>,78,15,[ 5 10],79,-1,142,-1,127
1,<environment.Job instance at 0x7eff6196f870>,80,28,[13  5],81,-1,158,-1,130
1,<environment.Job instance at 0x7eff6196fa50>,81,19,[4 8],82,-1,150,-1,131
1,<environment.Job instance at 0x7eff6196f910>,82,16,[ 4 10],83,-1,147,-1,131
1,<environment.Job instance at 0x7eff6196fc30>,83,3,[5 2],84,-1,134,-1,131
1,<environment.Job instance at 0x7eff6196f9b0>,84,2,[ 2 14],85,-1,133,-1,131
1,<environment.Job instance at 0x7eff6196f550>,85,14,[11  2],86,-1,145,-1,131
1,<environment.Job instance at 0x7eff6196f410>,86,1,[4 6],87,-1,132,-1,131
1,<environment.Job instance at 0x7eff6196f7d0>,87,18,[9 4],88,-1,149,-1,131
1,<environment.Job instance at 0x7eff6196f730>,88,3,[14  5],89,-1,134,-1,131
1,<environment.Job instance at 0x7eff6196f280>,89,1,[ 3 12],90,-1,132,-1,131
1,<environment.Job instance at 0x7eff6196fdc0>,90,16,[2 8],91,-1,147,-1,131
1,<environment.Job instance at 0x7eff6196feb0>,91,2,[5 6],92,-1,133,-1,131
1,<environment.Job instance at 0x7eff6196f460>,92,13,[ 2 13],93,-1,144,-1,131
1,<environment.Job instance at 0x7eff6196fa00>,93,23,[5 1],94,-1,154,-1,131
1,<environment.Job instance at 0x7eff6196fcd0>,94,14,[ 3 13],95,-1,145,-1,131
1,<environment.Job instance at 0x7eff6196f320>,95,13,[5 1],96,-1,144,-1,131
1,<environment.Job instance at 0x7eff6197a500>,96,26,[ 1 12],97,-1,157,-1,131
1,<environment.Job instance at 0x7eff6197a7d0>,97,13,[6 3],98,-1,144,-1,131
1,<environment.Job instance at 0x7eff6197a370>,98,3,[1 5],99,-1,134,-1,131
1,<environment.Job instance at 0x7eff6197a0a0>,99,20,[3 8],100,-1,151,-1,131
1,<environment.Job instance at 0x7eff6197aaf0>,100,24,[11  5],101,-1,155,-1,131
1,<environment.Job instance at 0x7eff6197af50>,101,3,[2 7],102,-1,134,-1,131
1,<environment.Job instance at 0x7eff6197ad70>,102,1,[10  4],103,-1,132,-1,131
1,<environment.Job instance at 0x7eff6197ab40>,103,3,[3 8],104,-1,134,-1,131
1,<environment.Job instance at 0x7eff6150bf50>,2,26,[5 8],3,-1,29,-1,3
1,<environment.Job instance at 0x7eff61d29460>,7,13,[ 1 14],8,-1,21,-1,8
1,<environment.Job instance at 0x7eff6150bb40>,10,21,[13  2],11,-1,32,-1,11
1,<environment.Job instance at 0x7eff61d298c0>,11,1,[9 1],12,-1,14,-1,13
1,<environment.Job instance at 0x7eff61d29d20>,13,3,[8 2],14,-1,17,-1,14
1,<environment.Job instance at 0x7eff61d293c0>,14,3,[11  2],15,-1,18,-1,15
1,<environment.Job instance at 0x7eff61d29320>,15,3,[14  5],16,-1,19,-1,16
1,<environment.Job instance at 0x7eff61d295f0>,18,16,[ 4 10],19,-1,40,-1,24
1,<environment.Job instance at 0x7eff61d29910>,20,17,[ 3 13],21,-1,41,-1,24
1,<environment.Job instance at 0x7eff61d29f00>,21,23,[13  3],22,-1,47,-1,24
1,<environment.Job instance at 0x7eff61d29d70>,22,18,[ 2 12],23,-1,42,-1,24
1,<environment.Job instance at 0x7eff61d29e60>,23,2,[11  1],24,-1,26,-1,24
1,<environment.Job instance at 0x7eff615998c0>,26,26,[7 4],27,-1,62,-1,36
1,<environment.Job instance at 0x7eff61599a50>,27,1,[13  4],28,-1,37,-1,36
1,<environment.Job instance at 0x7eff61599870>,28,13,[ 2 12],29,-1,49,-1,36
1,<environment.Job instance at 0x7eff61599780>,31,13,[14  4],32,-1,64,-1,51
1,<environment.Job instance at 0x7eff615995a0>,32,16,[14  2],33,-1,67,-1,51
1,<environment.Job instance at 0x7eff61599be0>,33,2,[5 2],34,-1,53,-1,51
1,<environment.Job instance at 0x7eff61975690>,34,3,[5 1],35,-1,54,-1,51
1,<environment.Job instance at 0x7eff619752d0>,37,1,[ 3 14],38,-1,75,-1,74
1,<environment.Job instance at 0x7eff61975730>,39,28,[14  4],40,-1,102,-1,74
1,<environment.Job instance at 0x7eff61975640>,40,28,[5 2],41,-1,102,-1,74
1,<environment.Job instance at 0x7eff615346e0>,41,2,[5 9],42,-1,76,-1,74
1,<environment.Job instance at 0x7eff615345a0>,42,24,[8 1],43,-1,98,-1,74
1,<environment.Job instance at 0x7eff615340a0>,44,26,[5 7],45,-1,109,-1,83
1,<environment.Job instance at 0x7eff61534640>,45,3,[ 1 12],46,-1,86,-1,83
1,<environment.Job instance at 0x7eff615343c0>,46,17,[ 4 10],47,-1,100,-1,83
1,<environment.Job instance at 0x7eff61534410>,49,26,[7 3],50,-1,132,-1,106
1,<environment.Job instance at 0x7eff61534d20>,50,2,[ 5 12],51,-1,108,-1,106
1,<environment.Job instance at 0x7eff61534aa0>,51,3,[10  1],52,-1,109,-1,106
1,<environment.Job instance at 0x7eff62346be0>,53,2,[14  5],54,-1,123,-1,121
1,<environment.Job instance at 0x7eff62346eb0>,54,2,[13  2],55,-1,123,-1,121
1,<environment.Job instance at 0x7eff62346d20>,55,14,[ 1 10],56,-1,135,-1,121
1,<environment.Job instance at 0x7eff61584f50>,56,3,[2 7],57,-1,124,-1,121
1,<environment.Job instance at 0x7eff61ef97d0>,1,23,[ 4 13],2,-1,25,-1,2
1,<environment.Job instance at 0x7eff61584f50>,3,3,[ 4 11],4,-1,7,-1,4
1,<environment.Job instance at 0x7eff61584550>,2,19,[11  1],3,-1,23,-1,4
1,<environment.Job instance at 0x7eff6259c960>,6,13,[ 3 13],7,-1,20,-1,7
1,<environment.Job instance at 0x7eff625917d0>,9,16,[14  5],10,-1,26,-1,10
1,<environment.Job instance at 0x7eff62591af0>,12,1,[14  3],13,-1,14,-1,13
1,<environment.Job instance at 0x7eff62593870>,16,3,[5 3],17,-1,21,-1,18
1,<environment.Job instance at 0x7eff625bc550>,18,23,[5 5],19,-1,48,-1,25
1,<environment.Job instance at 0x7eff619334b0>,25,22,[6 1],26,-1,75,-1,53
1,<environment.Job instance at 0x7eff61db62d0>,30,2,[14  2],31,-1,55,-1,53
1,<environment.Job instance at 0x7eff6192f140>,31,2,[8 1],32,-1,55,-1,53
1,<environment.Job instance at 0x7eff6192f0a0>,32,23,[ 3 10],33,-1,76,-1,53
1,<environment.Job instance at 0x7eff6164f550>,36,14,[13  2],37,-1,84,-1,70
1,<environment.Job instance at 0x7eff62a82aa0>,2,15,[12  2],3,-1,18,-1,3
1,<environment.Job instance at 0x7eff62a82cd0>,4,12,[3 5],5,-1,30,-1,18
1,<environment.Job instance at 0x7eff62a82eb0>,7,27,[7 3],8,-1,45,-1,18
1,<environment.Job instance at 0x7eff62a82500>,8,2,[9 4],9,-1,20,-1,18
1,<environment.Job instance at 0x7eff61bd9140>,14,2,[ 5 12],15,-1,62,-1,60
1,<environment.Job instance at 0x7eff61bd9fa0>,15,23,[6 1],16,-1,83,-1,60
1,<environment.Job instance at 0x7eff61bd9a50>,16,3,[9 2],17,-1,63,-1,60
1,<environment.Job instance at 0x7eff61bd98c0>,17,2,[ 4 14],18,-1,62,-1,60
1,<environment.Job instance at 0x7eff61bd9d70>,18,23,[10  3],19,-1,83,-1,60
1,<environment.Job instance at 0x7eff61bd9640>,19,14,[ 1 11],20,-1,74,-1,60
1,<environment.Job instance at 0x7eff62a817d0>,22,23,[ 2 12],23,-1,104,-1,81
1,<environment.Job instance at 0x7eff62a814b0>,23,27,[8 3],24,-1,108,-1,81
1,<environment.Job instance at 0x7eff62a815f0>,24,18,[ 2 10],25,-1,130,-1,112
1,<environment.Job instance at 0x7eff62a818c0>,28,25,[9 4],29,-1,138,-1,113
1,<environment.Job instance at 0x7eff6171fd70>,11,26,[ 2 10],12,-1,43,-1,17
1,<environment.Job instance at 0x7eff6171f320>,18,15,[11  1],19,-1,66,-1,51
1,<environment.Job instance at 0x7eff61721500>,21,1,[2 7],22,-1,69,-1,68
1,<environment.Job instance at 0x7eff617213c0>,22,3,[ 5 10],23,-1,71,-1,68
1,<environment.Job instance at 0x7eff61721b90>,24,23,[ 5 10],25,-1,91,-1,68
1,<environment.Job instance at 0x7eff61635910>,25,12,[6 1],26,-1,85,-1,73
1,<environment.Job instance at 0x7eff62969910>,26,2,[1 9],27,-1,75,-1,73
1,<environment.Job instance at 0x7eff6295e8c0>,28,24,[10  4],29,-1,102,-1,78
1,<environment.Job instance at 0x7eff6294df00>,29,16,[11  3],30,-1,94,-1,78
1,<environment.Job instance at 0x7eff61635050>,30,16,[11  5],31,-1,94,-1,78
1,<environment.Job instance at 0x7eff62210230>,32,1,[ 3 12],33,-1,85,-1,84
1,<environment.Job instance at 0x7eff62210460>,33,25,[10  3],34,-1,109,-1,84
1,<environment.Job instance at 0x7eff6295d640>,34,14,[ 5 12],35,-1,98,-1,84
1,<environment.Job instance at 0x7eff615243c0>,35,20,[ 3 14],36,-1,104,-1,84
1,<environment.Job instance at 0x7eff628e3dc0>,36,24,[13  2],37,-1,108,-1,84
1,<environment.Job instance at 0x7eff628e35f0>,37,22,[4 5],38,-1,114,-1,92
1,<environment.Job instance at 0x7eff628e3e60>,39,14,[11  5],40,-1,110,-1,96
1,<environment.Job instance at 0x7eff628e3c30>,40,28,[6 1],41,-1,124,-1,96
1,<environment.Job instance at 0x7eff62236b90>,43,23,[11  1],44,-1,141,-1,118
1,<environment.Job instance at 0x7eff6151d9b0>,47,13,[11  3],48,-1,151,-1,138
1,<environment.Job instance at 0x7eff6152dcd0>,48,28,[7 5],49,-1,166,-1,138
1,<environment.Job instance at 0x7eff62209c30>,50,2,[14  5],51,-1,140,-1,138
1,<environment.Job instance at 0x7eff62224af0>,51,26,[13  1],52,-1,164,-1,138
1,<environment.Job instance at 0x7eff61ef2730>,4,23,[14  2],5,-1,28,-1,5
1,<environment.Job instance at 0x7eff61ef2c30>,5,24,[5 9],6,-1,30,-1,6
1,<environment.Job instance at 0x7eff61ef2870>,7,28,[ 2 11],8,-1,36,-1,8
1,<environment.Job instance at 0x7eff61ef2eb0>,8,3,[14  3],9,-1,16,-1,13
1,<environment.Job instance at 0x7eff61543d20>,13,2,[9 2],14,-1,16,-1,14
1,<environment.Job instance at 0x7eff615431e0>,14,3,[6 2],15,-1,18,-1,15
1,<environment.Job instance at 0x7eff6b761be0>,16,3,[13  3],17,-1,21,-1,18
1,<environment.Job instance at 0x7eff615433c0>,17,1,[ 4 14],18,-1,19,-1,18
1,<environment.Job instance at 0x7eff61543a00>,18,14,[ 3 14],19,-1,33,-1,19
1,<environment.Job instance at 0x7eff61543730>,20,16,[14  1],21,-1,37,-1,21
1,<environment.Job instance at 0x7eff61543320>,23,1,[ 5 13],24,-1,36,-1,35
1,<environment.Job instance at 0x7eff615437d0>,24,26,[4 8],25,-1,61,-1,35
1,<environment.Job instance at 0x7eff629744b0>,30,23,[ 5 11],31,-1,111,-1,88
1,<environment.Job instance at 0x7eff62974b90>,31,24,[9 1],32,-1,112,-1,88
1,<environment.Job instance at 0x7eff62974870>,35,3,[2 7],36,-1,93,-1,90
1,<environment.Job instance at 0x7eff629748c0>,36,26,[11  3],37,-1,116,-1,90
1,<environment.Job instance at 0x7eff62974960>,37,1,[9 1],38,-1,91,-1,90
1,<environment.Job instance at 0x7eff629745f0>,38,24,[7 1],39,-1,114,-1,90
1,<environment.Job instance at 0x7eff62974fa0>,39,3,[ 3 11],40,-1,93,-1,90
1,<environment.Job instance at 0x7eff62974690>,43,27,[7 2],44,-1,146,-1,119
1,<environment.Job instance at 0x7eff62974cd0>,44,12,[13  2],45,-1,131,-1,119
1,<environment.Job instance at 0x7eff614e31e0>,3,28,[ 5 13],4,-1,32,-1,4
1,<environment.Job instance at 0x7eff614e32d0>,5,1,[6 4],6,-1,8,-1,7
1,<environment.Job instance at 0x7eff611f6730>,11,1,[ 2 13],12,-1,28,-1,27
1,<environment.Job instance at 0x7eff617d7370>,23,25,[ 5 10],24,-1,99,-1,74
1,<environment.Job instance at 0x7eff617d71e0>,24,2,[12  3],25,-1,76,-1,74
1,<environment.Job instance at 0x7eff617d7550>,25,20,[ 4 11],26,-1,94,-1,74
1,<environment.Job instance at 0x7eff617d7190>,27,15,[14  2],28,-1,108,-1,93
1,<environment.Job instance at 0x7eff628a7fa0>,28,12,[13  3],29,-1,105,-1,93
1,<environment.Job instance at 0x7eff61864410>,5,25,[1 6],6,-1,32,-1,7
1,<environment.Job instance at 0x7eff618641e0>,9,27,[5 9],10,-1,37,-1,10
1,<environment.Job instance at 0x7eff618643c0>,10,1,[8 1],11,-1,12,-1,11
1,<environment.Job instance at 0x7eff618645f0>,12,26,[ 1 12],13,-1,39,-1,13
1,<environment.Job instance at 0x7eff61864dc0>,13,28,[ 3 14],14,-1,42,-1,14
1,<environment.Job instance at 0x7eff61864f00>,16,13,[1 6],17,-1,36,-1,23
1,<environment.Job instance at 0x7eff61864280>,17,20,[12  1],18,-1,43,-1,23
1,<environment.Job instance at 0x7eff61864e10>,18,24,[ 5 13],19,-1,47,-1,23
1,<environment.Job instance at 0x7eff61d7ff50>,19,23,[8 5],20,-1,46,-1,23
1,<environment.Job instance at 0x7eff61d7fd20>,20,28,[4 9],21,-1,51,-1,23
1,<environment.Job instance at 0x7eff61864780>,21,24,[ 5 13],22,-1,47,-1,23
1,<environment.Job instance at 0x7eff61d7ffa0>,23,2,[ 4 10],24,-1,36,-1,34
1,<environment.Job instance at 0x7eff61d7f0f0>,24,1,[14  4],25,-1,35,-1,34
1,<environment.Job instance at 0x7eff61d7fcd0>,26,17,[3 9],27,-1,51,-1,34
1,<environment.Job instance at 0x7eff61d7fc80>,27,3,[7 3],28,-1,37,-1,34
1,<environment.Job instance at 0x7eff61d7f6e0>,28,25,[14  3],29,-1,59,-1,34
1,<environment.Job instance at 0x7eff61d7fe10>,29,27,[14  3],30,-1,61,-1,34
1,<environment.Job instance at 0x7eff61d7f3c0>,32,1,[2 6],33,-1,51,-1,50
1,<environment.Job instance at 0x7eff61d7f230>,36,28,[4 7],37,-1,105,-1,77
1,<environment.Job instance at 0x7eff61d7f9b0>,38,3,[ 4 13],39,-1,84,-1,81
1,<environment.Job instance at 0x7eff62954820>,41,12,[13  1],42,-1,107,-1,95
1,<environment.Job instance at 0x7eff62954320>,43,13,[ 4 13],44,-1,120,-1,107
1,<environment.Job instance at 0x7eff62954500>,44,18,[11  5],45,-1,125,-1,107
1,<environment.Job instance at 0x7eff62954730>,47,24,[10  4],48,-1,143,-1,119
1,<environment.Job instance at 0x7eff62954370>,48,25,[5 1],49,-1,144,-1,119
1,<environment.Job instance at 0x7eff62954a00>,50,13,[ 5 13],51,-1,140,-1,127
1,<environment.Job instance at 0x7eff61986690>,4,23,[ 2 11],5,-1,28,-1,5
1,<environment.Job instance at 0x7eff6192dd20>,16,1,[10  5],17,-1,35,-1,34
1,<environment.Job instance at 0x7eff6192d8c0>,20,28,[1 5],21,-1,83,-1,55
1,<environment.Job instance at 0x7eff6192dbe0>,21,1,[9 5],22,-1,56,-1,55
1,<environment.Job instance at 0x7eff6192d730>,22,3,[ 5 11],23,-1,58,-1,55
1,<environment.Job instance at 0x7eff6192d230>,23,13,[12  1],24,-1,68,-1,55
1,<environment.Job instance at 0x7eff6192dc30>,27,28,[ 1 10],28,-1,109,-1,81
1,<environment.Job instance at 0x7eff6190bbe0>,29,15,[ 3 12],30,-1,100,-1,85
1,<environment.Job instance at 0x7eff6190b5a0>,30,19,[ 5 10],31,-1,105,-1,86
1,<environment.Job instance at 0x7eff6190b820>,31,26,[9 3],32,-1,112,-1,86
1,<environment.Job instance at 0x7eff6190b0a0>,32,24,[1 7],33,-1,110,-1,86
1,<environment.Job instance at 0x7eff6190b1e0>,33,26,[4 7],34,-1,112,-1,86
1,<environment.Job instance at 0x7eff6190bcd0>,34,15,[14  1],35,-1,101,-1,86
1,<environment.Job instance at 0x7eff6190beb0>,35,25,[5 6],36,-1,111,-1,86
1,<environment.Job instance at 0x7eff6190bf50>,36,28,[1 5],37,-1,114,-1,86
1,<environment.Job instance at 0x7eff6190b8c0>,37,2,[14  1],38,-1,88,-1,86
1,<environment.Job instance at 0x7eff6190b050>,39,14,[11  3],40,-1,116,-1,102
1,<environment.Job instance at 0x7eff6190be60>,40,22,[11  4],41,-1,124,-1,102
1,<environment.Job instance at 0x7eff6190b910>,41,14,[ 4 14],42,-1,116,-1,102
1,<environment.Job instance at 0x7eff6190b4b0>,42,17,[ 1 11],43,-1,119,-1,102
1,<environment.Job instance at 0x7eff6190b230>,44,23,[9 5],45,-1,147,-1,124
1,<environment.Job instance at 0x7eff616f0aa0>,1,12,[12  1],2,-1,14,-1,2
1,<environment.Job instance at 0x7eff6b33cb40>,4,27,[ 3 14],5,-1,32,-1,5
1,<environment.Job instance at 0x7eff6190b6e0>,5,2,[ 3 13],6,-1,8,-1,6
1,<environment.Job instance at 0x7eff611b4640>,6,28,[11  1],7,-1,35,-1,7
1,<environment.Job instance at 0x7eff611b4cd0>,7,18,[ 4 11],8,-1,26,-1,8
1,<environment.Job instance at 0x7eff611b4a50>,14,17,[ 3 13],15,-1,35,-1,18
1,<environment.Job instance at 0x7eff617d47d0>,17,1,[1 7],18,-1,38,-1,37
1,<environment.Job instance at 0x7eff617d4e10>,21,24,[5 3],22,-1,87,-1,63
1,<environment.Job instance at 0x7eff61b3de60>,22,1,[5 5],23,-1,64,-1,63
1,<environment.Job instance at 0x7eff61b3d5a0>,24,19,[12  3],25,-1,94,-1,75
1,<environment.Job instance at 0x7eff61b3d5f0>,25,25,[2 6],26,-1,100,-1,75
1,<environment.Job instance at 0x7eff61b3d3c0>,27,3,[6 3],28,-1,78,-1,75
1,<environment.Job instance at 0x7eff61b3d9b0>,28,28,[4 6],29,-1,103,-1,75
1,<environment.Job instance at 0x7eff61b3d320>,30,18,[11  5],31,-1,94,-1,76
1,<environment.Job instance at 0x7eff61b3d410>,31,23,[ 1 10],32,-1,99,-1,76
1,<environment.Job instance at 0x7eff61b3db90>,32,17,[ 3 14],33,-1,93,-1,76
1,<environment.Job instance at 0x7eff61b3db40>,34,28,[4 7],35,-1,118,-1,90
1,<environment.Job instance at 0x7eff61b3d370>,35,13,[ 3 10],36,-1,105,-1,92
1,<environment.Job instance at 0x7eff61b3d280>,36,24,[11  4],37,-1,116,-1,92
1,<environment.Job instance at 0x7eff61b3d0f0>,37,3,[7 3],38,-1,95,-1,92
1,<environment.Job instance at 0x7eff61b3df00>,40,24,[9 4],41,-1,131,-1,107
1,<environment.Job instance at 0x7eff61b3dd70>,42,2,[ 3 12],43,-1,109,-1,107
1,<environment.Job instance at 0x7eff6b11caf0>,43,20,[12  3],44,-1,127,-1,107
1,<environment.Job instance at 0x7eff6b11c500>,45,12,[ 2 12],46,-1,133,-1,121
1,<environment.Job instance at 0x7eff618d85a0>,5,12,[ 4 13],6,-1,18,-1,6
1,<environment.Job instance at 0x7eff618d8fa0>,8,27,[ 3 12],9,-1,36,-1,9
1,<environment.Job instance at 0x7eff618d8e10>,9,24,[7 1],10,-1,40,-1,16
1,<environment.Job instance at 0x7eff618d8c30>,13,17,[ 1 10],14,-1,39,-1,22
1,<environment.Job instance at 0x7eff61759320>,20,2,[12  4],21,-1,43,-1,41
1,<environment.Job instance at 0x7eff61759eb0>,26,19,[14  5],27,-1,92,-1,73
1,<environment.Job instance at 0x7eff61759cd0>,28,24,[ 5 12],29,-1,110,-1,86
1,<environment.Job instance at 0x7eff617597d0>,29,25,[9 4],30,-1,111,-1,86
1,<environment.Job instance at 0x7eff6126b500>,4,28,[ 4 10],5,-1,33,-1,5
1,<environment.Job instance at 0x7eff6126b460>,5,25,[5 3],6,-1,31,-1,6
1,<environment.Job instance at 0x7eff6126bcd0>,7,2,[14  1],8,-1,10,-1,8
1,<environment.Job instance at 0x7eff6126bfa0>,10,1,[7 5],11,-1,12,-1,11
1,<environment.Job instance at 0x7eff6126b550>,11,2,[3 9],12,-1,14,-1,12
1,<environment.Job instance at 0x7eff6126bd70>,12,3,[7 4],13,-1,16,-1,13
1,<environment.Job instance at 0x7eff6126b140>,13,24,[5 8],14,-1,38,-1,14
1,<environment.Job instance at 0x7eff6126b3c0>,17,28,[8 4],18,-1,55,-1,27
1,<environment.Job instance at 0x7eff6126b7d0>,20,13,[10  3],21,-1,54,-1,41
1,<environment.Job instance at 0x7eff6126baf0>,22,24,[13  3],23,-1,75,-1,51
1,<environment.Job instance at 0x7eff6126b370>,23,16,[ 5 12],24,-1,67,-1,51
1,<environment.Job instance at 0x7eff6126b5f0>,24,2,[13  5],25,-1,53,-1,51
1,<environment.Job instance at 0x7eff61a523c0>,25,22,[ 3 12],26,-1,73,-1,51
1,<environment.Job instance at 0x7eff61a52870>,26,13,[14  4],27,-1,64,-1,51
1,<environment.Job instance at 0x7eff61a52550>,27,24,[ 2 14],28,-1,75,-1,51
1,<environment.Job instance at 0x7eff61a52050>,28,12,[6 1],29,-1,74,-1,62
1,<environment.Job instance at 0x7eff61a52140>,32,20,[13  3],33,-1,87,-1,67
1,<environment.Job instance at 0x7eff61a520f0>,34,17,[13  1],35,-1,97,-1,80
1,<environment.Job instance at 0x7eff61a52c30>,36,3,[10  5],37,-1,83,-1,80
1,<environment.Job instance at 0x7eff61a52e60>,37,12,[12  5],38,-1,92,-1,80
1,<environment.Job instance at 0x7eff61a52cd0>,39,24,[3 6],40,-1,117,-1,93
1,<environment.Job instance at 0x7eff61a52d20>,41,12,[ 4 10],42,-1,105,-1,93
1,<environment.Job instance at 0x7eff61a52aa0>,42,2,[4 9],43,-1,95,-1,93
1,<environment.Job instance at 0x7eff61a52af0>,43,17,[11  5],44,-1,110,-1,93
1,<environment.Job instance at 0x7eff61a52be0>,45,1,[1 8],46,-1,111,-1,110
1,<environment.Job instance at 0x7eff62243f50>,46,22,[ 4 11],47,-1,132,-1,110
1,<environment.Job instance at 0x7eff62243c80>,48,3,[13  5],49,-1,113,-1,110
1,<environment.Job instance at 0x7eff62243320>,49,23,[4 6],50,-1,133,-1,110
1,<environment.Job instance at 0x7eff62243eb0>,50,3,[2 9],51,-1,113,-1,110
1,<environment.Job instance at 0x7eff62243050>,52,18,[ 4 13],53,-1,139,-1,121
1,<environment.Job instance at 0x7eff62243a00>,53,2,[1 6],54,-1,123,-1,121
1,<environment.Job instance at 0x7eff62243d20>,54,12,[ 2 12],55,-1,133,-1,121
1,<environment.Job instance at 0x7eff61fedeb0>,7,28,[ 1 14],8,-1,36,-1,8
1,<environment.Job instance at 0x7eff61feddc0>,8,23,[5 6],9,-1,34,-1,11
1,<environment.Job instance at 0x7eff61fed870>,11,23,[11  2],12,-1,35,-1,12
1,<environment.Job instance at 0x7eff6263b050>,14,27,[ 5 10],15,-1,63,-1,36
1,<environment.Job instance at 0x7eff6263b280>,15,28,[13  4],16,-1,64,-1,36
1,<environment.Job instance at 0x7eff6263b640>,16,24,[5 2],17,-1,61,-1,37
1,<environment.Job instance at 0x7eff6263b960>,18,25,[11  1],19,-1,62,-1,37
1,<environment.Job instance at 0x7eff6263b730>,19,20,[11  4],20,-1,61,-1,41
1,<environment.Job instance at 0x7eff6263b2d0>,20,28,[6 5],21,-1,69,-1,41
1,<environment.Job instance at 0x7eff6263b820>,21,26,[2 6],22,-1,67,-1,41
1,<environment.Job instance at 0x7eff6263be10>,23,3,[2 7],24,-1,55,-1,52
1,<environment.Job instance at 0x7eff61fbc8c0>,25,23,[2 8],26,-1,86,-1,63
1,<environment.Job instance at 0x7eff61fbc870>,26,25,[ 4 13],27,-1,88,-1,63
1,<environment.Job instance at 0x7eff61fbc730>,27,28,[1 6],28,-1,91,-1,63
1,<environment.Job instance at 0x7eff61fbc500>,28,2,[1 6],29,-1,65,-1,63
1,<environment.Job instance at 0x7eff61fbca50>,29,22,[ 3 13],30,-1,85,-1,63
1,<environment.Job instance at 0x7eff6260caf0>,30,15,[13  3],31,-1,78,-1,63
1,<environment.Job instance at 0x7eff6260c050>,31,1,[ 1 13],32,-1,64,-1,63
1,<environment.Job instance at 0x7eff6260c910>,32,13,[12  5],33,-1,76,-1,63
1,<environment.Job instance at 0x7eff620e5cd0>,35,26,[12  4],36,-1,100,-1,74
1,<environment.Job instance at 0x7eff620e5820>,36,19,[ 5 12],37,-1,93,-1,74
1,<environment.Job instance at 0x7eff61eb7730>,39,27,[10  2],40,-1,118,-1,91
1,<environment.Job instance at 0x7eff61eb74b0>,40,26,[ 3 13],41,-1,117,-1,91
1,<environment.Job instance at 0x7eff62837c80>,41,28,[9 5],42,-1,119,-1,91
1,<environment.Job instance at 0x7eff61eb7370>,42,24,[8 5],43,-1,115,-1,91
1,<environment.Job instance at 0x7eff62837a50>,44,1,[10  1],45,-1,105,-1,104
1,<environment.Job instance at 0x7eff61ed5960>,47,2,[8 5],48,-1,139,-1,137
1,<environment.Job instance at 0x7eff6154e190>,3,12,[14  1],4,-1,16,-1,4
1,<environment.Job instance at 0x7eff6154e2d0>,5,19,[13  5],6,-1,25,-1,6
1,<environment.Job instance at 0x7eff61535a50>,6,24,[10  5],7,-1,31,-1,7
1,<environment.Job instance at 0x7eff61535e60>,7,22,[12  2],8,-1,30,-1,8
1,<environment.Job instance at 0x7eff615356e0>,9,15,[13  2],10,-1,25,-1,10
1,<environment.Job instance at 0x7eff615357d0>,10,26,[9 4],11,-1,37,-1,11
1,<environment.Job instance at 0x7eff6154efa0>,12,26,[12  1],13,-1,39,-1,13
1,<environment.Job instance at 0x7eff61535690>,18,14,[12  5],19,-1,39,-1,25
1,<environment.Job instance at 0x7eff61544280>,20,16,[12  5],21,-1,41,-1,25
1,<environment.Job instance at 0x7eff61544820>,22,2,[5 9],23,-1,38,-1,36
1,<environment.Job instance at 0x7eff61544c30>,27,1,[10  2],28,-1,72,-1,71
1,<environment.Job instance at 0x7eff61544140>,28,24,[5 9],29,-1,95,-1,71
1,<environment.Job instance at 0x7eff615447d0>,29,18,[ 1 12],30,-1,89,-1,71
1,<environment.Job instance at 0x7eff61544eb0>,30,28,[9 5],31,-1,99,-1,71
1,<environment.Job instance at 0x7eff611aefa0>,34,24,[6 4],35,-1,112,-1,88
1,<environment.Job instance at 0x7eff611aeb90>,36,25,[8 5],37,-1,119,-1,94
1,<environment.Job instance at 0x7eff611aeaf0>,38,13,[ 2 14],39,-1,114,-1,101
1,<environment.Job instance at 0x7eff611aec30>,39,13,[13  3],40,-1,114,-1,101
1,<environment.Job instance at 0x7eff611aec80>,40,22,[11  5],41,-1,123,-1,101
1,<environment.Job instance at 0x7eff611aeeb0>,41,26,[11  5],42,-1,127,-1,101
1,<environment.Job instance at 0x7eff611aee10>,42,28,[5 8],43,-1,129,-1,101
1,<environment.Job instance at 0x7eff611aed70>,43,27,[1 7],44,-1,128,-1,101
1,<environment.Job instance at 0x7eff611aedc0>,44,3,[10  5],45,-1,104,-1,101
1,<environment.Job instance at 0x7eff611ae1e0>,45,14,[ 1 13],46,-1,115,-1,101
1,<environment.Job instance at 0x7eff611ae3c0>,46,1,[2 9],47,-1,102,-1,101
1,<environment.Job instance at 0x7eff611ae050>,48,13,[ 1 12],49,-1,125,-1,112
1,<environment.Job instance at 0x7eff611ae370>,49,23,[8 2],50,-1,135,-1,112
1,<environment.Job instance at 0x7eff611aed20>,50,23,[2 8],51,-1,135,-1,112
1,<environment.Job instance at 0x7eff611ae960>,52,13,[11  2],53,-1,132,-1,119
1,<environment.Job instance at 0x7eff615243c0>,1,26,[8 5],2,-1,28,-1,2
1,<environment.Job instance at 0x7eff61ac0190>,3,13,[ 2 13],4,-1,17,-1,4
1,<environment.Job instance at 0x7eff620e98c0>,6,26,[ 5 11],7,-1,33,-1,7
1,<environment.Job instance at 0x7eff61ac03c0>,7,17,[13  2],8,-1,26,-1,9
1,<environment.Job instance at 0x7eff61ac05f0>,9,2,[2 7],10,-1,12,-1,10
1,<environment.Job instance at 0x7eff61ac0690>,10,15,[ 5 13],11,-1,26,-1,11
1,<environment.Job instance at 0x7eff61ac0730>,11,13,[3 5],12,-1,25,-1,12
1,<environment.Job instance at 0x7eff61ac07d0>,12,2,[14  4],13,-1,15,-1,13
1,<environment.Job instance at 0x7eff61ac0870>,13,12,[12  3],14,-1,26,-1,14
1,<environment.Job instance at 0x7eff61ac09b0>,15,26,[5 5],16,-1,42,-1,16
1,<environment.Job instance at 0x7eff61ac0550>,17,15,[12  1],18,-1,33,-1,18
1,<environment.Job instance at 0x7eff61ac0c80>,18,13,[12  3],19,-1,32,-1,19
1,<environment.Job instance at 0x7eff61ac0aa0>,19,13,[2 9],20,-1,33,-1,20
1,<environment.Job instance at 0x7eff61ac0d70>,20,12,[14  1],21,-1,33,-1,21
1,<environment.Job instance at 0x7eff61ac0e10>,21,3,[4 9],22,-1,25,-1,22
1,<environment.Job instance at 0x7eff61ac0eb0>,22,16,[ 2 12],23,-1,39,-1,23
1,<environment.Job instance at 0x7eff61ac0f50>,23,20,[ 2 12],24,-1,44,-1,24
1,<environment.Job instance at 0x7eff61ac6050>,24,27,[1 6],25,-1,52,-1,25
1,<environment.Job instance at 0x7eff61ac60f0>,25,27,[10  4],26,-1,53,-1,26
1,<environment.Job instance at 0x7eff61ac6230>,27,24,[9 5],28,-1,52,-1,28
1,<environment.Job instance at 0x7eff61ac6410>,28,2,[1 6],29,-1,31,-1,29
1,<environment.Job instance at 0x7eff61ac6460>,30,13,[11  1],31,-1,44,-1,31
1,<environment.Job instance at 0x7eff61ac64b0>,32,21,[5 3],33,-1,55,-1,34
1,<environment.Job instance at 0x7eff61ac66e0>,34,1,[ 1 13],35,-1,36,-1,35
1,<environment.Job instance at 0x7eff61ac6820>,35,22,[7 1],36,-1,58,-1,36
1,<environment.Job instance at 0x7eff61ac68c0>,36,20,[8 2],37,-1,71,-1,51
1,<environment.Job instance at 0x7eff61ac6a50>,38,22,[4 7],39,-1,73,-1,51
1,<environment.Job instance at 0x7eff61ac6af0>,39,2,[ 2 13],40,-1,53,-1,51
1,<environment.Job instance at 0x7eff61ac6b90>,40,1,[3 8],41,-1,52,-1,51
1,<environment.Job instance at 0x7eff61ac6c30>,41,2,[ 3 11],42,-1,53,-1,51
1,<environment.Job instance at 0x7eff61ac6cd0>,42,3,[ 4 14],43,-1,54,-1,51
1,<environment.Job instance at 0x7eff61ac6d70>,43,23,[8 4],44,-1,74,-1,51
1,<environment.Job instance at 0x7eff61ac6e10>,44,20,[3 9],45,-1,71,-1,51
1,<environment.Job instance at 0x7eff61ac6eb0>,45,18,[10  2],46,-1,69,-1,51
1,<environment.Job instance at 0x7eff61ac6fa0>,46,27,[6 1],47,-1,78,-1,51
1,<environment.Job instance at 0x7eff61ac67d0>,47,14,[5 6],48,-1,65,-1,51
1,<environment.Job instance at 0x7eff61ac6f50>,48,3,[10  1],49,-1,54,-1,51
1,<environment.Job instance at 0x7eff61aa4190>,49,2,[1 8],50,-1,53,-1,51
1,<environment.Job instance at 0x7eff61aa4230>,50,19,[7 3],51,-1,72,-1,53
1,<environment.Job instance at 0x7eff61aa4370>,52,3,[14  4],53,-1,56,-1,53
1,<environment.Job instance at 0x7eff61aa40a0>,53,12,[ 5 14],54,-1,66,-1,54
1,<environment.Job instance at 0x7eff61aa4500>,54,27,[ 2 11],55,-1,82,-1,55
1,<environment.Job instance at 0x7eff61aa45a0>,55,18,[3 8],56,-1,79,-1,61
1,<environment.Job instance at 0x7eff61aa46e0>,56,1,[ 3 10],57,-1,62,-1,61
1,<environment.Job instance at 0x7eff61aa4780>,57,12,[13  2],58,-1,73,-1,61
1,<environment.Job instance at 0x7eff61aa4820>,58,25,[14  3],59,-1,86,-1,61
1,<environment.Job instance at 0x7eff61aa48c0>,59,2,[ 1 13],60,-1,63,-1,61
1,<environment.Job instance at 0x7eff61aa4960>,60,18,[3 9],61,-1,80,-1,62
1,<environment.Job instance at 0x7eff61aa4a00>,61,14,[12  2],62,-1,76,-1,62
1,<environment.Job instance at 0x7eff61aa4aa0>,62,16,[ 2 10],63,-1,79,-1,63
1,<environment.Job instance at 0x7eff61aa4320>,63,27,[9 3],64,-1,91,-1,64
1,<environment.Job instance at 0x7eff61aa4b40>,64,3,[4 6],65,-1,68,-1,65
1,<environment.Job instance at 0x7eff61aa4be0>,65,1,[ 1 11],66,-1,67,-1,66
1,<environment.Job instance at 0x7eff61aa4c80>,66,13,[5 1],67,-1,80,-1,67
1,<environment.Job instance at 0x7eff61aa4dc0>,68,21,[ 4 12],69,-1,90,-1,69
1,<environment.Job instance at 0x7eff61aa4f50>,69,21,[4 6],70,-1,92,-1,71
1,<environment.Job instance at 0x7eff61aa4fa0>,70,3,[ 5 10],71,-1,74,-1,71
1,<environment.Job instance at 0x7eff61aa4eb0>,71,15,[ 2 10],72,-1,87,-1,72
1,<environment.Job instance at 0x7eff61ab5140>,72,17,[13  2],73,-1,90,-1,73
1,<environment.Job instance at 0x7eff61ab51e0>,73,15,[7 2],74,-1,92,-1,77
1,<environment.Job instance at 0x7eff61ab53c0>,75,12,[9 3],76,-1,89,-1,77
1,<environment.Job instance at 0x7eff61ab5460>,76,1,[5 3],77,-1,78,-1,77
1,<environment.Job instance at 0x7eff61ab50a0>,77,12,[11  3],78,-1,90,-1,78
1,<environment.Job instance at 0x7eff62b215f0>,78,2,[4 8],79,-1,81,-1,79
1,<environment.Job instance at 0x7eff6188db40>,79,1,[ 5 10],80,-1,81,-1,80
1,<environment.Job instance at 0x7eff6188d730>,80,1,[9 2],81,-1,82,-1,81
1,<environment.Job instance at 0x7eff6188d050>,81,21,[3 9],82,-1,103,-1,82
1,<environment.Job instance at 0x7eff6188d280>,82,12,[9 5],83,-1,95,-1,83
1,<environment.Job instance at 0x7eff6188d0a0>,83,1,[8 5],84,-1,85,-1,84
1,<environment.Job instance at 0x7eff6188d1e0>,84,1,[7 5],85,-1,86,-1,85
1,<environment.Job instance at 0x7eff6188d140>,85,3,[5 5],86,-1,89,-1,86
1,<environment.Job instance at 0x7eff61891460>,86,27,[4 6],87,-1,114,-1,87
1,<environment.Job instance at 0x7eff61bd35f0>,90,20,[3 5],91,-1,111,-1,91
1,<environment.Job instance at 0x7eff61bc1550>,91,14,[5 1],92,-1,106,-1,92
1,<environment.Job instance at 0x7eff61798410>,92,12,[6 2],93,-1,105,-1,93
1,<environment.Job instance at 0x7eff61798820>,93,3,[ 1 14],94,-1,97,-1,94
1,<environment.Job instance at 0x7eff617983c0>,94,1,[13  3],95,-1,96,-1,95
1,<environment.Job instance at 0x7eff61798fa0>,95,27,[10  1],96,-1,123,-1,96
1,<environment.Job instance at 0x7eff623cd2d0>,97,19,[ 2 11],98,-1,117,-1,98
1,<environment.Job instance at 0x7eff621cf500>,98,13,[6 4],99,-1,113,-1,100
1,<environment.Job instance at 0x7eff61be1e10>,100,28,[8 2],101,-1,133,-1,105
1,<environment.Job instance at 0x7eff617bd410>,101,22,[5 8],102,-1,127,-1,105
1,<environment.Job instance at 0x7eff61be1f00>,102,15,[8 3],103,-1,120,-1,105
1,<environment.Job instance at 0x7eff615fb410>,103,18,[14  3],104,-1,123,-1,105
1,<environment.Job instance at 0x7eff615fbfa0>,104,15,[13  2],105,-1,120,-1,105
1,<environment.Job instance at 0x7eff615fb050>,105,18,[ 5 10],106,-1,124,-1,106
1,<environment.Job instance at 0x7eff615fb230>,106,2,[ 3 13],107,-1,109,-1,107
1,<environment.Job instance at 0x7eff615fbe60>,107,26,[7 2],108,-1,134,-1,108
1,<environment.Job instance at 0x7eff621c11e0>,108,14,[5 2],109,-1,123,-1,109
1,<environment.Job instance at 0x7eff621c1460>,109,22,[ 3 10],110,-1,132,-1,110
1,<environment.Job instance at 0x7eff61779320>,110,21,[ 4 11],111,-1,132,-1,111
1,<environment.Job instance at 0x7eff61765230>,111,16,[ 1 12],112,-1,128,-1,112
1,<environment.Job instance at 0x7eff61765a00>,112,17,[2 5],113,-1,130,-1,113
1,<environment.Job instance at 0x7eff61789b90>,113,14,[14  4],114,-1,128,-1,114
1,<environment.Job instance at 0x7eff61789fa0>,114,26,[5 7],115,-1,141,-1,115
1,<environment.Job instance at 0x7eff61789320>,115,26,[11  1],116,-1,142,-1,116
1,<environment.Job instance at 0x7eff6178b640>,116,24,[12  1],117,-1,141,-1,117
1,<environment.Job instance at 0x7eff6178b140>,117,28,[6 4],118,-1,146,-1,118
1,<environment.Job instance at 0x7eff6178b2d0>,118,18,[ 1 11],119,-1,137,-1,119
1,<environment.Job instance at 0x7eff6178bdc0>,120,14,[7 2],121,-1,138,-1,124
1,<environment.Job instance at 0x7eff6188a3c0>,121,28,[ 1 12],122,-1,152,-1,124
1,<environment.Job instance at 0x7eff61771780>,123,23,[1 5],124,-1,147,-1,124
1,<environment.Job instance at 0x7eff6188a410>,125,12,[1 8],126,-1,145,-1,133
1,<environment.Job instance at 0x7eff61894cd0>,126,3,[10  4],127,-1,136,-1,133
1,<environment.Job instance at 0x7eff61894a50>,127,2,[6 4],128,-1,135,-1,133
1,<environment.Job instance at 0x7eff6189ce10>,129,24,[13  2],130,-1,158,-1,134
1,<environment.Job instance at 0x7eff6189c910>,130,16,[14  5],131,-1,150,-1,134
1,<environment.Job instance at 0x7eff6189ce60>,131,23,[ 1 13],132,-1,157,-1,134
1,<environment.Job instance at 0x7eff6189c140>,132,12,[1 6],133,-1,146,-1,134
1,<environment.Job instance at 0x7eff6189c410>,133,15,[2 8],134,-1,149,-1,134
1,<environment.Job instance at 0x7eff6189cc30>,134,1,[ 5 11],135,-1,136,-1,135
1,<environment.Job instance at 0x7eff6161c190>,135,21,[6 2],136,-1,157,-1,136
1,<environment.Job instance at 0x7eff6161c050>,136,2,[5 3],137,-1,139,-1,137
1,<environment.Job instance at 0x7eff616034b0>,137,2,[8 1],138,-1,140,-1,138
1,<environment.Job instance at 0x7f259ae7b5f0>,3,3,[ 4 14],4,-1,7,-1,4
1,<environment.Job instance at 0x7f25a45f31e0>,5,24,[1 5],6,-1,33,-1,9
1,<environment.Job instance at 0x7f259ae7b500>,9,18,[ 2 13],10,-1,28,-1,10
1,<environment.Job instance at 0x7f259ae7baa0>,10,18,[ 3 11],11,-1,29,-1,11
1,<environment.Job instance at 0x7f259ae7baf0>,11,1,[8 5],12,-1,13,-1,12
1,<environment.Job instance at 0x7f259ae7bc30>,13,28,[ 4 14],14,-1,42,-1,14
1,<environment.Job instance at 0x7f259ae7b550>,17,28,[ 5 10],18,-1,57,-1,29
1,<environment.Job instance at 0x7f259ae7bf50>,18,3,[ 4 13],19,-1,32,-1,29
1,<environment.Job instance at 0x7f259ae7bfa0>,19,14,[ 3 11],20,-1,43,-1,29
1,<environment.Job instance at 0x7f259ae7d190>,20,1,[13  5],21,-1,30,-1,29
1,<environment.Job instance at 0x7f259ae7d230>,21,1,[6 5],22,-1,30,-1,29
1,<environment.Job instance at 0x7f259ae7d3c0>,22,1,[2 7],23,-1,30,-1,29
1,<environment.Job instance at 0x7f259ae7d460>,23,27,[ 1 14],24,-1,56,-1,29
1,<environment.Job instance at 0x7f259ae7d4b0>,24,18,[ 4 10],25,-1,63,-1,45
1,<environment.Job instance at 0x7f259ae7d370>,26,26,[5 5],27,-1,71,-1,45
1,<environment.Job instance at 0x7f259ae7d910>,29,25,[ 4 11],30,-1,81,-1,56
1,<environment.Job instance at 0x7f259ae7d7d0>,30,22,[ 5 13],31,-1,78,-1,56
1,<environment.Job instance at 0x7f259ae7d730>,31,27,[4 8],32,-1,83,-1,56
1,<environment.Job instance at 0x7f259ae7da00>,33,1,[11  3],34,-1,59,-1,58
1,<environment.Job instance at 0x7f259ae7dc30>,35,2,[1 8],36,-1,64,-1,62
1,<environment.Job instance at 0x7f259ae7db90>,37,13,[ 3 14],38,-1,86,-1,73
1,<environment.Job instance at 0x7f259ae7de10>,38,28,[ 2 12],39,-1,101,-1,73
1,<environment.Job instance at 0x7f259ae7deb0>,39,20,[ 1 10],40,-1,93,-1,73
1,<environment.Job instance at 0x7f259ae7df50>,40,24,[5 6],41,-1,97,-1,73
1,<environment.Job instance at 0x7f259ae7ddc0>,41,15,[10  3],42,-1,99,-1,84
1,<environment.Job instance at 0x7f259ae7dd70>,42,27,[5 2],43,-1,111,-1,84
1,<environment.Job instance at 0x7f259ae81370>,45,24,[ 1 13],46,-1,115,-1,91
1,<environment.Job instance at 0x7f259ae81460>,47,17,[12  2],48,-1,111,-1,94
1,<environment.Job instance at 0x7f259ae815a0>,49,15,[10  1],50,-1,126,-1,111
1,<environment.Job instance at 0x7f259ae81640>,50,16,[ 2 11],51,-1,127,-1,111
1,<environment.Job instance at 0x7f259ae816e0>,51,16,[12  2],52,-1,127,-1,111
1,<environment.Job instance at 0x7f259ae81820>,53,27,[8 5],54,-1,141,-1,114
1,<environment.Job instance at 0x7f259ae819b0>,55,13,[13  1],56,-1,141,-1,128
1,<environment.Job instance at 0x7f259ae81320>,56,20,[ 3 10],57,-1,148,-1,128
1,<environment.Job instance at 0x7f259afc8550>,4,22,[12  4],5,-1,27,-1,5
1,<environment.Job instance at 0x7f259aef5050>,14,14,[13  3],15,-1,37,-1,23
1,<environment.Job instance at 0x7f259aef5320>,15,3,[10  1],16,-1,26,-1,23
1,<environment.Job instance at 0x7f259aef5e60>,16,3,[ 2 12],17,-1,26,-1,23
1,<environment.Job instance at 0x7f259aef5730>,17,21,[1 9],18,-1,72,-1,51
1,<environment.Job instance at 0x7f259a59ffa0>,26,24,[11  5],27,-1,100,-1,76
1,<environment.Job instance at 0x7f259a4da410>,27,21,[ 3 10],28,-1,102,-1,81
1,<environment.Job instance at 0x7f259aef5230>,28,25,[14  4],29,-1,106,-1,81
1,<environment.Job instance at 0x7f259a7c7190>,30,26,[10  5],31,-1,114,-1,88
1,<environment.Job instance at 0x7f259a8b7c30>,32,14,[2 9],33,-1,103,-1,89
1,<environment.Job instance at 0x7f259a9092d0>,33,2,[13  3],34,-1,91,-1,89
1,<environment.Job instance at 0x7f259a7d2910>,34,21,[ 4 12],35,-1,110,-1,89
1,<environment.Job instance at 0x7f259a58c9b0>,35,2,[5 2],36,-1,91,-1,89
1,<environment.Job instance at 0x7f259a91b5a0>,36,1,[5 9],37,-1,90,-1,89
1,<environment.Job instance at 0x7f25a4504eb0>,37,27,[2 9],38,-1,116,-1,89
1,<environment.Job instance at 0x7f259a6bf690>,5,2,[5 5],6,-1,8,-1,6
1,<environment.Job instance at 0x7f259a5a9c80>,6,13,[ 1 13],7,-1,20,-1,7
1,<environment.Job instance at 0x7f259a5a9a00>,7,26,[ 1 13],8,-1,34,-1,8
1,<environment.Job instance at 0x7f259a5a91e0>,19,22,[ 2 12],20,-1,101,-1,79
1,<environment.Job instance at 0x7f259a5a9d70>,20,2,[ 3 10],21,-1,81,-1,79
1,<environment.Job instance at 0x7f259a5a9140>,23,18,[12  1],24,-1,107,-1,89
1,<environment.Job instance at 0x7f259a5a90a0>,26,25,[8 5],27,-1,117,-1,92
1,<environment.Job instance at 0x7f259a6d7780>,29,18,[ 2 14],30,-1,130,-1,112
1,<environment.Job instance at 0x7f259a6d7730>,30,24,[9 1],31,-1,136,-1,112
1,<environment.Job instance at 0x7f259a6d7190>,31,25,[7 1],32,-1,137,-1,112
1,<environment.Job instance at 0x7f259a6d7b90>,32,24,[12  5],33,-1,136,-1,112
1,<environment.Job instance at 0x7f259a6d7f50>,33,23,[10  2],34,-1,135,-1,112
1,<environment.Job instance at 0x7f259a6d79b0>,34,15,[ 1 11],35,-1,127,-1,112
1,<environment.Job instance at 0x7f259a6d7a50>,35,16,[ 5 12],36,-1,128,-1,112
1,<environment.Job instance at 0x7f259a6d7e60>,36,27,[ 4 14],37,-1,139,-1,112
1,<environment.Job instance at 0x7f259a6d7280>,39,15,[13  1],40,-1,150,-1,135
1,<environment.Job instance at 0x7f259a56daf0>,1,18,[ 4 13],2,-1,20,-1,2
1,<environment.Job instance at 0x7f259addf4b0>,2,23,[11  2],3,-1,26,-1,3
1,<environment.Job instance at 0x7f259addfc80>,3,1,[11  5],4,-1,5,-1,4
1,<environment.Job instance at 0x7f259a5c18c0>,5,19,[14  4],6,-1,25,-1,6
1,<environment.Job instance at 0x7f259a566320>,7,14,[ 5 11],8,-1,22,-1,8
1,<environment.Job instance at 0x7f259a5c1aa0>,10,18,[14  2],11,-1,29,-1,11
1,<environment.Job instance at 0x7f259a9792d0>,11,16,[ 5 11],12,-1,31,-1,15
1,<environment.Job instance at 0x7f259a92f410>,15,28,[2 8],16,-1,44,-1,16
1,<environment.Job instance at 0x7f259a92f6e0>,16,3,[ 5 14],17,-1,20,-1,17
1,<environment.Job instance at 0x7f259b2c0b40>,17,27,[9 3],18,-1,45,-1,18
1,<environment.Job instance at 0x7f259b2c0730>,18,15,[13  3],19,-1,34,-1,19
1,<environment.Job instance at 0x7f259ae1e190>,20,12,[ 3 12],21,-1,33,-1,21
1,<environment.Job instance at 0x7f259ae1eaa0>,21,1,[ 3 11],22,-1,23,-1,22
1,<environment.Job instance at 0x7f259a983460>,23,2,[6 3],24,-1,27,-1,25
1,<environment.Job instance at 0x7f259a9093c0>,25,12,[ 2 12],26,-1,38,-1,26
1,<environment.Job instance at 0x7f259a970460>,26,27,[ 1 13],27,-1,54,-1,27
1,<environment.Job instance at 0x7f259a87b280>,30,2,[13  5],31,-1,45,-1,43
1,<environment.Job instance at 0x7f259a9a6e10>,31,2,[1 8],32,-1,45,-1,43
1,<environment.Job instance at 0x7f259a87f500>,33,24,[11  3],34,-1,83,-1,59
1,<environment.Job instance at 0x7f259a8db0f0>,34,18,[13  3],35,-1,77,-1,59
1,<environment.Job instance at 0x7f259a88cc30>,42,24,[7 5],43,-1,141,-1,117
1,<environment.Job instance at 0x7f259a88cd70>,43,20,[14  5],44,-1,137,-1,117
1,<environment.Job instance at 0x7f259a88cf00>,44,3,[2 7],45,-1,120,-1,117
1,<environment.Job instance at 0x7f259a88c550>,45,18,[14  1],46,-1,135,-1,117
1,<environment.Job instance at 0x7f259a8b7820>,46,27,[5 5],47,-1,144,-1,117
1,<environment.Job instance at 0x7f259a8b7f50>,48,1,[6 3],49,-1,120,-1,119
1,<environment.Job instance at 0x7f259a8b7eb0>,49,13,[14  1],50,-1,132,-1,119
1,<environment.Job instance at 0x7f259a8b75a0>,50,1,[1 9],51,-1,120,-1,119
1,<environment.Job instance at 0x7f259a8b7410>,51,3,[ 5 12],52,-1,122,-1,119
1,<environment.Job instance at 0x7f259a8b7aa0>,52,3,[8 5],53,-1,122,-1,119
1,<environment.Job instance at 0x7f259a8b7190>,53,21,[ 2 11],54,-1,140,-1,119
1,<environment.Job instance at 0x7f259ae25eb0>,54,1,[14  3],55,-1,120,-1,119
1,<environment.Job instance at 0x7f259ae25960>,55,3,[9 2],56,-1,122,-1,119
1,<environment.Job instance at 0x7f259ab02e60>,57,19,[11  1],58,-1,150,-1,131
1,<environment.Job instance at 0x7f259a886e60>,60,1,[2 9],61,-1,148,-1,147
1,<environment.Job instance at 0x7f259a8865a0>,61,27,[1 8],62,-1,174,-1,147
1,<environment.Job instance at 0x7f259a8814b0>,62,19,[ 5 14],63,-1,166,-1,147
1,<environment.Job instance at 0x7f259b99ad20>,4,26,[1 5],5,-1,32,-1,6
1,<environment.Job instance at 0x7f259b5569b0>,6,21,[11  3],7,-1,29,-1,8
1,<environment.Job instance at 0x7f259b556af0>,8,19,[14  3],9,-1,28,-1,9
1,<environment.Job instance at 0x7f259b556dc0>,9,1,[3 7],10,-1,11,-1,10
1,<environment.Job instance at 0x7f259b556cd0>,10,15,[11  4],11,-1,26,-1,11
1,<environment.Job instance at 0x7f259b556c30>,11,17,[11  1],12,-1,31,-1,14
1,<environment.Job instance at 0x7f259b556370>,15,15,[ 2 11],16,-1,39,-1,24
1,<environment.Job instance at 0x7f259b556410>,16,23,[7 4],17,-1,47,-1,24
1,<environment.Job instance at 0x7f259b53f8c0>,30,16,[14  3],31,-1,143,-1,127
1,<environment.Job instance at 0x7f259a4602d0>,3,25,[5 6],4,-1,29,-1,4
1,<environment.Job instance at 0x7f259a460370>,4,26,[ 3 12],5,-1,31,-1,5
1,<environment.Job instance at 0x7f259b53f8c0>,7,27,[5 7],8,-1,35,-1,8
1,<environment.Job instance at 0x7f259a45d280>,8,20,[ 4 14],9,-1,29,-1,9
1,<environment.Job instance at 0x7f259a45d910>,15,2,[ 1 12],16,-1,24,-1,22
1,<environment.Job instance at 0x7f259a45d230>,18,28,[6 4],19,-1,71,-1,43
1,<environment.Job instance at 0x7f259a45d5a0>,19,14,[14  3],20,-1,57,-1,43
1,<environment.Job instance at 0x7f259a4588c0>,21,25,[ 2 14],22,-1,68,-1,43
1,<environment.Job instance at 0x7f259a458b90>,25,3,[ 3 14],26,-1,71,-1,68
1,<environment.Job instance at 0x7f259a458460>,26,27,[10  1],27,-1,95,-1,68
1,<environment.Job instance at 0x7f259a458e10>,30,28,[13  5],31,-1,128,-1,100
1,<environment.Job instance at 0x7f259a4580f0>,34,2,[ 2 14],35,-1,120,-1,118
1,<environment.Job instance at 0x7f259a4d5c30>,38,3,[14  5],39,-1,138,-1,135
1,<environment.Job instance at 0x7f259a4d5fa0>,39,1,[ 3 12],40,-1,136,-1,135
1,<environment.Job instance at 0x7f259a4d5d70>,41,2,[5 6],42,-1,137,-1,135
1,<environment.Job instance at 0x7f259a4d5410>,42,13,[ 2 13],43,-1,148,-1,135
1,<environment.Job instance at 0x7f259b101550>,1,25,[4 9],2,-1,27,-1,2
1,<environment.Job instance at 0x7f259a446fa0>,6,2,[9 2],7,-1,9,-1,7
1,<environment.Job instance at 0x7f259a446640>,7,2,[6 3],8,-1,10,-1,8
1,<environment.Job instance at 0x7f259a446190>,13,12,[ 3 10],14,-1,32,-1,20
1,<environment.Job instance at 0x7f259a446910>,14,12,[11  4],15,-1,32,-1,20
1,<environment.Job instance at 0x7f259a4460f0>,15,20,[3 7],16,-1,46,-1,26
1,<environment.Job instance at 0x7f259a4467d0>,16,12,[10  1],17,-1,38,-1,26
1,<environment.Job instance at 0x7f259a446f50>,19,2,[5 5],20,-1,38,-1,36
1,<environment.Job instance at 0x7f259a4465a0>,20,17,[ 2 14],21,-1,53,-1,36
1,<environment.Job instance at 0x7f259a446e60>,21,2,[8 4],22,-1,38,-1,36
1,<environment.Job instance at 0x7f259a47ad70>,22,1,[13  4],23,-1,37,-1,36
1,<environment.Job instance at 0x7f259a47a320>,25,17,[14  2],26,-1,65,-1,48
1,<environment.Job instance at 0x7f259a47a8c0>,26,17,[ 1 12],27,-1,65,-1,48
1,<environment.Job instance at 0x7f259a47a550>,28,2,[8 1],29,-1,62,-1,60
1,<environment.Job instance at 0x7f259a47a640>,29,27,[11  4],30,-1,87,-1,60
1,<environment.Job instance at 0x7f259a47a9b0>,30,15,[ 2 13],31,-1,75,-1,60
1,<environment.Job instance at 0x7f259a47a780>,31,3,[2 5],32,-1,63,-1,60
1,<environment.Job instance at 0x7f259a47a190>,32,2,[1 6],33,-1,62,-1,60
1,<environment.Job instance at 0x7f259a47af50>,33,16,[11  3],34,-1,76,-1,60
1,<environment.Job instance at 0x7f259a47af00>,34,25,[6 2],35,-1,85,-1,60
1,<environment.Job instance at 0x7f259a47abe0>,35,17,[13  1],36,-1,77,-1,60
1,<environment.Job instance at 0x7f259a47a140>,36,23,[8 2],37,-1,83,-1,60
1,<environment.Job instance at 0x7f259a47ac80>,37,26,[ 2 11],38,-1,86,-1,60
1,<environment.Job instance at 0x7f259a47aa50>,38,1,[6 4],39,-1,61,-1,60
1,<environment.Job instance at 0x7f259a46ceb0>,39,1,[11  4],40,-1,61,-1,60
1,<environment.Job instance at 0x7f259a46c460>,40,26,[2 7],41,-1,86,-1,60
1,<environment.Job instance at 0x7f259a46c050>,43,24,[13  5],44,-1,101,-1,77
1,<environment.Job instance at 0x7f259a46c140>,45,12,[14  3],46,-1,90,-1,78
1,<environment.Job instance at 0x7f259a46c0f0>,46,22,[7 2],47,-1,100,-1,78
1,<environment.Job instance at 0x7f259a46cc80>,48,27,[6 5],49,-1,123,-1,96
1,<environment.Job instance at 0x7f259b55a820>,50,13,[11  1],51,-1,109,-1,96
1,<environment.Job instance at 0x7f259b55a460>,51,3,[ 2 11],52,-1,99,-1,96
1,<environment.Job instance at 0x7f259b55a550>,53,17,[ 2 10],54,-1,124,-1,107
1,<environment.Job instance at 0x7f259b55ab40>,54,3,[6 2],55,-1,110,-1,107
1,<environment.Job instance at 0x7f259b55a780>,55,1,[6 3],56,-1,108,-1,107
1,<environment.Job instance at 0x7f259b55aa00>,56,19,[7 1],57,-1,126,-1,107
1,<environment.Job instance at 0x7f259a84ac30>,57,2,[5 4],58,-1,109,-1,107
1,<environment.Job instance at 0x7f259b9ca8c0>,60,24,[4 5],61,-1,150,-1,126
1,<environment.Job instance at 0x7f259b9ca190>,62,12,[13  3],63,-1,140,-1,128
1,<environment.Job instance at 0x7f259b9caa00>,63,25,[ 5 10],64,-1,153,-1,128
1,<environment.Job instance at 0x7f259b9ca780>,65,14,[11  2],66,-1,144,-1,130
1,<environment.Job instance at 0x7f259b9ca140>,66,15,[ 3 14],67,-1,145,-1,130
1,<environment.Job instance at 0x7f259b9c8f00>,68,27,[7 4],69,-1,171,-1,144
1,<environment.Job instance at 0x7f259a5860a0>,12,25,[9 5],13,-1,61,-1,36
1,<environment.Job instance at 0x7f259ac6caa0>,19,15,[ 5 14],20,-1,102,-1,87
1,<environment.Job instance at 0x7f259a586140>,20,27,[3 6],21,-1,114,-1,87
1,<environment.Job instance at 0x7f259a5930f0>,21,2,[12  1],22,-1,89,-1,87
1,<environment.Job instance at 0x7f259b2e0f00>,23,18,[11  2],24,-1,119,-1,101
1,<environment.Job instance at 0x7f259a5591e0>,26,3,[7 5],27,-1,104,-1,101
1,<environment.Job instance at 0x7f259a559d70>,28,1,[4 7],29,-1,102,-1,101
1,<environment.Job instance at 0x7f259a559a50>,30,20,[14  2],31,-1,142,-1,122
1,<environment.Job instance at 0x7f259ac68b40>,1,27,[5 2],2,-1,29,-1,2
1,<environment.Job instance at 0x7f259a586050>,2,12,[ 3 13],3,-1,15,-1,3
1,<environment.Job instance at 0x7f259ac68820>,3,17,[14  5],4,-1,21,-1,4
1,<environment.Job instance at 0x7f259a58f910>,5,15,[ 1 12],6,-1,21,-1,6
1,<environment.Job instance at 0x7f259ac68870>,4,15,[14  2],5,-1,21,-1,6
1,<environment.Job instance at 0x7f259ac68be0>,9,12,[ 1 12],10,-1,22,-1,10
1,<environment.Job instance at 0x7f259ac68aa0>,12,22,[8 3],13,-1,143,-1,121
1,<environment.Job instance at 0x7f259b5a0690>,28,28,[11  4],29,-1,149,-1,121
1,<environment.Job instance at 0x7f259b5a0820>,29,1,[1 6],30,-1,122,-1,121
1,<environment.Job instance at 0x7f259b5a0640>,30,26,[1 8],31,-1,147,-1,121
1,<environment.Job instance at 0x7f259b5a07d0>,31,13,[1 9],32,-1,137,-1,124
1,<environment.Job instance at 0x7f259b5a04b0>,33,18,[7 1],34,-1,159,-1,141
1,<environment.Job instance at 0x7f259ac765a0>,36,15,[ 1 14],37,-1,156,-1,141
1,<environment.Job instance at 0x7f259ac76f50>,37,1,[ 3 13],38,-1,142,-1,141
1,<environment.Job instance at 0x7f259ac76410>,38,23,[11  4],39,-1,164,-1,141
1,<environment.Job instance at 0x7f259a750050>,6,13,[ 4 11],7,-1,20,-1,7
1,<environment.Job instance at 0x7f259a88ef50>,16,22,[ 1 10],17,-1,69,-1,47
1,<environment.Job instance at 0x7f259a891a00>,19,27,[1 9],20,-1,115,-1,88
1,<environment.Job instance at 0x7f259a8919b0>,20,25,[ 3 12],21,-1,113,-1,88
1,<environment.Job instance at 0x7f259a868e60>,21,12,[9 1],22,-1,100,-1,88
1,<environment.Job instance at 0x7f259a868dc0>,22,20,[ 1 13],23,-1,108,-1,88
1,<environment.Job instance at 0x7f259a868af0>,23,1,[5 6],24,-1,89,-1,88
1,<environment.Job instance at 0x7f259a868c80>,24,23,[10  3],25,-1,111,-1,88
1,<environment.Job instance at 0x7f259b06bdc0>,25,15,[ 2 11],26,-1,103,-1,88
1,<environment.Job instance at 0x7f259b060c30>,28,26,[2 5],29,-1,127,-1,101
1,<environment.Job instance at 0x7f259b060d20>,31,3,[ 2 10],32,-1,122,-1,119
1,<environment.Job instance at 0x7f259b546820>,34,22,[8 1],35,-1,141,-1,119
1,<environment.Job instance at 0x7f259b923500>,35,1,[14  3],36,-1,120,-1,119
1,<environment.Job instance at 0x7f259b546a50>,36,14,[11  1],37,-1,133,-1,119
1,<environment.Job instance at 0x7f259a722b40>,38,18,[14  5],39,-1,138,-1,120
1,<environment.Job instance at 0x7f259b084eb0>,39,15,[ 1 12],40,-1,135,-1,120
1,<environment.Job instance at 0x7f259b54ca00>,43,14,[ 5 11],44,-1,155,-1,141
1,<environment.Job instance at 0x7f259ab0a460>,1,1,[13  2],2,-1,3,-1,2
1,<environment.Job instance at 0x7f259b2d1fa0>,2,14,[13  2],3,-1,17,-1,3
1,<environment.Job instance at 0x7f259ae2be10>,4,26,[4 7],5,-1,31,-1,5
1,<environment.Job instance at 0x7f259ae2b820>,5,2,[8 3],6,-1,8,-1,6
1,<environment.Job instance at 0x7f259ae2b140>,14,1,[ 3 14],15,-1,25,-1,24
1,<environment.Job instance at 0x7f259ae2bf00>,19,1,[5 1],20,-1,57,-1,56
1,<environment.Job instance at 0x7f259b080f50>,20,20,[ 5 13],21,-1,76,-1,56
1,<environment.Job instance at 0x7f259b0807d0>,21,1,[ 5 13],22,-1,57,-1,56
1,<environment.Job instance at 0x7f259b080f00>,22,15,[ 3 13],23,-1,71,-1,56
1,<environment.Job instance at 0x7f259b080140>,28,2,[7 4],29,-1,93,-1,91
1,<environment.Job instance at 0x7f259b080050>,29,24,[8 2],30,-1,115,-1,91
1,<environment.Job instance at 0x7f259b080af0>,30,25,[5 8],31,-1,116,-1,91
1,<environment.Job instance at 0x7f259b0803c0>,31,15,[11  2],32,-1,106,-1,91
1,<environment.Job instance at 0x7f259b0800a0>,32,15,[14  1],33,-1,106,-1,91
1,<environment.Job instance at 0x7f259b080730>,33,25,[ 2 10],34,-1,116,-1,91
1,<environment.Job instance at 0x7f259b0806e0>,34,2,[ 2 10],35,-1,93,-1,91
1,<environment.Job instance at 0x7f259b080c30>,35,23,[7 1],36,-1,114,-1,91
1,<environment.Job instance at 0x7f259b080910>,36,23,[5 3],37,-1,118,-1,95
1,<environment.Job instance at 0x7f259b080460>,37,26,[1 7],38,-1,121,-1,95
1,<environment.Job instance at 0x7f259b9c0f50>,39,13,[ 2 12],40,-1,108,-1,95
1,<environment.Job instance at 0x7f259b9c05f0>,40,27,[ 1 14],41,-1,122,-1,95
1,<environment.Job instance at 0x7f259b9c06e0>,43,28,[ 5 13],44,-1,138,-1,110
1,<environment.Job instance at 0x7f259b9c01e0>,45,1,[6 4],46,-1,124,-1,123
1,<environment.Job instance at 0x7f259a1db050>,10,2,[3 9],11,-1,28,-1,26
1,<environment.Job instance at 0x7f259a1dbbe0>,11,3,[ 1 13],12,-1,29,-1,26
1,<environment.Job instance at 0x7f259a1db960>,12,22,[6 2],13,-1,56,-1,34
1,<environment.Job instance at 0x7f259a1db190>,14,15,[11  3],15,-1,49,-1,34
1,<environment.Job instance at 0x7f259a1db5a0>,15,15,[ 1 10],16,-1,49,-1,34
1,<environment.Job instance at 0x7f259a1dbc80>,16,22,[1 8],17,-1,57,-1,35
1,<environment.Job instance at 0x7f259a1dbf50>,17,23,[3 5],18,-1,58,-1,35
1,<environment.Job instance at 0x7f259a1dbc30>,18,17,[12  3],19,-1,52,-1,35
1,<environment.Job instance at 0x7f259a1db550>,20,13,[13  2],21,-1,57,-1,44
1,<environment.Job instance at 0x7f259a1dbd70>,21,13,[4 8],22,-1,58,-1,45
1,<environment.Job instance at 0x7f259a1db0a0>,24,22,[10  1],25,-1,77,-1,55
1,<environment.Job instance at 0x7f259a1db910>,27,2,[11  4],28,-1,61,-1,59
1,<environment.Job instance at 0x7f259a1db460>,28,18,[ 1 11],29,-1,77,-1,59
1,<environment.Job instance at 0x7f259a2ab730>,29,12,[9 1],30,-1,71,-1,59
1,<environment.Job instance at 0x7f259a2aba50>,30,26,[5 7],31,-1,85,-1,59
1,<environment.Job instance at 0x7f259a2ab5a0>,31,16,[ 2 10],32,-1,75,-1,59
1,<environment.Job instance at 0x7f259a2abd70>,32,2,[7 5],33,-1,61,-1,59
1,<environment.Job instance at 0x7f259a2ab0f0>,33,15,[10  1],34,-1,74,-1,59
1,<environment.Job instance at 0x7f259a2ab9b0>,34,20,[5 9],35,-1,91,-1,71
1,<environment.Job instance at 0x7f259a2aba00>,36,12,[10  3],37,-1,83,-1,71
1,<environment.Job instance at 0x7f259a2abaa0>,37,15,[1 7],38,-1,86,-1,71
1,<environment.Job instance at 0x7f259a2ab0a0>,39,27,[5 9],40,-1,104,-1,77
1,<environment.Job instance at 0x7f259a2abe10>,40,1,[8 1],41,-1,78,-1,77
1,<environment.Job instance at 0x7f259a2ab190>,41,12,[8 3],42,-1,89,-1,77
1,<environment.Job instance at 0x7f259a2ab410>,42,26,[ 1 12],43,-1,103,-1,77
1,<environment.Job instance at 0x7f259a2ab280>,43,28,[ 3 14],44,-1,105,-1,77
1,<environment.Job instance at 0x7f259a2ab500>,44,16,[4 7],45,-1,98,-1,82
1,<environment.Job instance at 0x7f259a2ab690>,46,13,[1 6],47,-1,95,-1,82
1,<environment.Job instance at 0x7f259a2ab910>,47,20,[12  1],48,-1,102,-1,82
1,<environment.Job instance at 0x7f259a2ab050>,48,24,[ 5 13],49,-1,106,-1,82
1,<environment.Job instance at 0x7f259a2ab7d0>,49,23,[8 5],50,-1,105,-1,82
1,<environment.Job instance at 0x7f259a2ab320>,50,28,[4 9],51,-1,110,-1,82
1,<environment.Job instance at 0x7f259a2ab4b0>,51,24,[ 5 13],52,-1,106,-1,82
1,<environment.Job instance at 0x7f259a2d6960>,53,2,[ 4 10],54,-1,100,-1,98
1,<environment.Job instance at 0x7f259a2d6fa0>,54,1,[14  4],55,-1,99,-1,98
1,<environment.Job instance at 0x7f259a2d6550>,56,17,[3 9],57,-1,123,-1,106
1,<environment.Job instance at 0x7f259a2d61e0>,57,3,[7 3],58,-1,109,-1,106
1,<environment.Job instance at 0x7f259a2d6dc0>,58,25,[14  3],59,-1,131,-1,106
1,<environment.Job instance at 0x7f259a2d6aa0>,59,27,[14  3],60,-1,133,-1,106
1,<environment.Job instance at 0x7f259a2d6eb0>,60,18,[1 9],61,-1,124,-1,106
1,<environment.Job instance at 0x7f259a2d6460>,62,1,[2 6],63,-1,107,-1,106
1,<environment.Job instance at 0x7f259a2d6870>,63,15,[10  2],64,-1,123,-1,108
1,<environment.Job instance at 0x7f259a2d67d0>,64,14,[8 5],65,-1,124,-1,110
1,<environment.Job instance at 0x7f259a2d6280>,65,15,[11  3],66,-1,125,-1,110
1,<environment.Job instance at 0x7f259a2d6e60>,66,28,[4 7],67,-1,138,-1,110
1,<environment.Job instance at 0x7f259a2d60f0>,67,13,[5 9],68,-1,123,-1,110
1,<environment.Job instance at 0x7f259a2d6d20>,68,3,[ 4 13],69,-1,113,-1,110
1,<environment.Job instance at 0x7f259a2d6410>,70,14,[4 6],71,-1,131,-1,117
1,<environment.Job instance at 0x7f259a2d72d0>,71,12,[13  1],72,-1,129,-1,117
1,<environment.Job instance at 0x7f259a2d7c30>,73,13,[ 4 13],74,-1,130,-1,117
1,<environment.Job instance at 0x7f259a2d7550>,74,18,[11  5],75,-1,135,-1,117
1,<environment.Job instance at 0x7f259a2d7f50>,75,15,[5 1],76,-1,132,-1,117
1,<environment.Job instance at 0x7f259a2d7370>,76,12,[2 7],77,-1,129,-1,117
1,<environment.Job instance at 0x7f259a14bf50>,77,24,[10  4],78,-1,141,-1,117
1,<environment.Job instance at 0x7f259b31f230>,78,25,[5 1],79,-1,142,-1,117
1,<environment.Job instance at 0x7f259ae89960>,79,17,[1 8],80,-1,134,-1,117
1,<environment.Job instance at 0x7f259ae89640>,80,13,[ 5 13],81,-1,130,-1,117
1,<environment.Job instance at 0x7f259ae89dc0>,82,15,[2 6],83,-1,151,-1,136
1,<environment.Job instance at 0x7f259ae895f0>,83,23,[7 5],84,-1,159,-1,136
1,<environment.Job instance at 0x7f259ae89910>,84,26,[ 5 13],85,-1,162,-1,136
1,<environment.Job instance at 0x7f259ae89280>,85,17,[ 2 10],86,-1,153,-1,136
1,<environment.Job instance at 0x7f259ae89550>,86,16,[7 1],87,-1,152,-1,136
1,<environment.Job instance at 0x7f259a5fddc0>,87,17,[3 8],88,-1,159,-1,142
1,<environment.Job instance at 0x7f259a2fbfa0>,90,13,[8 4],91,-1,155,-1,142
1,<environment.Job instance at 0x7f259a2fba50>,91,23,[5 3],92,-1,165,-1,142
1,<environment.Job instance at 0x7f259b06adc0>,3,19,[ 1 11],4,-1,23,-1,4
1,<environment.Job instance at 0x7f259a67e0f0>,4,26,[5 3],5,-1,32,-1,6
1,<environment.Job instance at 0x7f259a67e690>,5,27,[6 1],6,-1,34,-1,7
1,<environment.Job instance at 0x7f259a67efa0>,12,17,[13  2],13,-1,30,-1,13
1,<environment.Job instance at 0x7f259a67e9b0>,13,20,[ 1 13],14,-1,34,-1,14
1,<environment.Job instance at 0x7f259a67ef00>,14,18,[11  2],15,-1,33,-1,15
1,<environment.Job instance at 0x7f259a67e5f0>,15,26,[12  4],16,-1,42,-1,16
1,<environment.Job instance at 0x7f259a67e8c0>,16,14,[11  2],17,-1,31,-1,17
1,<environment.Job instance at 0x7f259a67e460>,19,13,[ 1 13],20,-1,37,-1,24
1,<environment.Job instance at 0x7f259ad608c0>,34,2,[13  2],35,-1,119,-1,117
1,<environment.Job instance at 0x7f259ad60e60>,36,1,[10  5],37,-1,123,-1,122
1,<environment.Job instance at 0x7f259ad60410>,38,26,[2 5],39,-1,168,-1,142
1,<environment.Job instance at 0x7f259afac140>,40,28,[1 5],41,-1,170,-1,142
1,<environment.Job instance at 0x7f259afacaa0>,41,1,[9 5],42,-1,143,-1,142
1,<environment.Job instance at 0x7f259afac370>,42,3,[ 5 11],43,-1,145,-1,142
1,<environment.Job instance at 0x7f259afacd70>,43,13,[12  1],44,-1,155,-1,142
1,<environment.Job instance at 0x7f259b54bf50>,1,14,[ 4 13],2,-1,16,-1,2
1,<environment.Job instance at 0x7f259b39c960>,4,25,[5 3],5,-1,30,-1,5
1,<environment.Job instance at 0x7f259b39c280>,6,16,[ 3 11],7,-1,23,-1,7
1,<environment.Job instance at 0x7f259b39cc30>,7,28,[4 9],8,-1,36,-1,8
1,<environment.Job instance at 0x7f259b39c730>,8,25,[11  1],9,-1,34,-1,9
1,<environment.Job instance at 0x7f259afacd70>,11,12,[12  1],12,-1,24,-1,12
1,<environment.Job instance at 0x7f259b39cb40>,15,2,[ 3 13],16,-1,24,-1,22
1,<environment.Job instance at 0x7f259b39c500>,16,28,[11  1],17,-1,50,-1,22
1,<environment.Job instance at 0x7f259b080960>,17,18,[ 4 11],18,-1,40,-1,22
1,<environment.Job instance at 0x7f259b080780>,20,18,[12  3],21,-1,43,-1,25
1,<environment.Job instance at 0x7f259b080d20>,24,17,[ 3 13],25,-1,55,-1,38
1,<environment.Job instance at 0x7f259b080320>,27,1,[1 7],28,-1,68,-1,67
1,<environment.Job instance at 0x7f259b080d70>,31,24,[5 3],32,-1,107,-1,83
1,<environment.Job instance at 0x7f259b0805a0>,32,1,[5 5],33,-1,84,-1,83
1,<environment.Job instance at 0x7f259a4960a0>,34,19,[12  3],35,-1,114,-1,95
1,<environment.Job instance at 0x7f259a496e60>,35,25,[2 6],36,-1,120,-1,95
1,<environment.Job instance at 0x7f259a496f50>,37,3,[6 3],38,-1,98,-1,95
1,<environment.Job instance at 0x7f259a496d70>,38,28,[4 6],39,-1,123,-1,95
1,<environment.Job instance at 0x7f259b628870>,40,18,[11  5],41,-1,118,-1,100
1,<environment.Job instance at 0x7f259b6282d0>,41,23,[ 1 10],42,-1,123,-1,100
1,<environment.Job instance at 0x7f259b628c30>,42,17,[ 3 14],43,-1,117,-1,100
1,<environment.Job instance at 0x7f259b6280f0>,44,28,[4 7],45,-1,139,-1,111
1,<environment.Job instance at 0x7f259b6280a0>,45,13,[ 3 10],46,-1,126,-1,113
1,<environment.Job instance at 0x7f259b628f50>,46,24,[11  4],47,-1,137,-1,113
1,<environment.Job instance at 0x7f259b628e60>,50,24,[9 4],51,-1,154,-1,130
1,<environment.Job instance at 0x7f259b628280>,52,2,[ 3 12],53,-1,132,-1,130
1,<environment.Job instance at 0x7f259b628aa0>,53,20,[12  3],54,-1,150,-1,130
1,<environment.Job instance at 0x7f259b628dc0>,55,12,[ 2 12],56,-1,154,-1,142
1,<environment.Job instance at 0x7f259baa85f0>,5,12,[ 4 13],6,-1,18,-1,6
1,<environment.Job instance at 0x7f259baa80f0>,8,27,[ 3 12],9,-1,36,-1,9
1,<environment.Job instance at 0x7f259b900a00>,9,24,[7 1],10,-1,40,-1,16
1,<environment.Job instance at 0x7f259b66f3c0>,16,15,[13  1],17,-1,37,-1,22
1,<environment.Job instance at 0x7f259b66f550>,20,2,[12  4],21,-1,43,-1,41
1,<environment.Job instance at 0x7f259b66f9b0>,22,2,[12  3],23,-1,61,-1,59
1,<environment.Job instance at 0x7f259b66feb0>,26,19,[14  5],27,-1,94,-1,75
1,<environment.Job instance at 0x7f25a3f9f410>,28,24,[ 5 12],29,-1,109,-1,85
1,<environment.Job instance at 0x7f25a3f9f320>,29,25,[9 4],30,-1,110,-1,85
1,<environment.Job instance at 0x7f25a3f9f8c0>,34,15,[14  5],35,-1,131,-1,116
1,<environment.Job instance at 0x7f25a3f9fcd0>,38,1,[1 8],39,-1,133,-1,132
1,<environment.Job instance at 0x7f25a3f9f5f0>,39,20,[ 4 14],40,-1,152,-1,132
1,<environment.Job instance at 0x7f25a3f9fd70>,40,2,[14  1],41,-1,134,-1,132
1,<environment.Job instance at 0x7f25a3f9f3c0>,41,16,[13  2],42,-1,148,-1,132
1,<environment.Job instance at 0x7f259b0fc8c0>,5,24,[ 4 11],6,-1,30,-1,6
1,<environment.Job instance at 0x7f259a432af0>,7,28,[8 4],8,-1,36,-1,8
1,<environment.Job instance at 0x7f259a432320>,16,13,[14  4],17,-1,80,-1,67
1,<environment.Job instance at 0x7f259a432280>,17,24,[ 2 14],18,-1,91,-1,67
1,<environment.Job instance at 0x7f259a432050>,22,20,[13  3],23,-1,109,-1,89
1,<environment.Job instance at 0x7f259a432c80>,24,17,[13  1],25,-1,109,-1,92
1,<environment.Job instance at 0x7f259a44de60>,26,3,[10  5],27,-1,104,-1,101
1,<environment.Job instance at 0x7f259a44d7d0>,27,12,[12  5],28,-1,113,-1,101
1,<environment.Job instance at 0x7f259a44d820>,29,24,[3 6],30,-1,130,-1,106
1,<environment.Job instance at 0x7f259a44d6e0>,32,2,[4 9],33,-1,130,-1,128
1,<environment.Job instance at 0x7f259a44df50>,33,17,[11  5],34,-1,145,-1,128
1,<environment.Job instance at 0x7f259a44d910>,35,1,[1 8],36,-1,144,-1,143
1,<environment.Job instance at 0x7f259a44d370>,36,22,[ 4 11],37,-1,165,-1,143
1,<environment.Job instance at 0x7f259a44c050>,38,3,[13  5],39,-1,146,-1,143
1,<environment.Job instance at 0x7f259ad396e0>,1,26,[2 6],2,-1,28,-1,2
1,<environment.Job instance at 0x7f259ad39050>,6,25,[ 4 13],7,-1,32,-1,7
1,<environment.Job instance at 0x7f259ad39500>,7,28,[1 6],8,-1,41,-1,13
1,<environment.Job instance at 0x7f259ad39c30>,11,1,[ 1 13],12,-1,14,-1,13
1,<environment.Job instance at 0x7f259ad39d70>,12,13,[12  5],13,-1,26,-1,13
1,<environment.Job instance at 0x7f259ad39730>,14,21,[9 2],15,-1,57,-1,36
1,<environment.Job instance at 0x7f259ad4daa0>,16,19,[ 5 12],17,-1,55,-1,36
1,<environment.Job instance at 0x7f259ad4d6e0>,19,27,[10  2],20,-1,79,-1,52
1,<environment.Job instance at 0x7f259ad4df00>,20,26,[ 3 13],21,-1,78,-1,52
1,<environment.Job instance at 0x7f259ad4deb0>,21,28,[9 5],22,-1,80,-1,52
1,<environment.Job instance at 0x7f259ad4dfa0>,22,24,[8 5],23,-1,76,-1,52
1,<environment.Job instance at 0x7f259ad4df50>,24,1,[10  1],25,-1,53,-1,52
1,<environment.Job instance at 0x7f259ad4da00>,25,21,[10  2],26,-1,73,-1,52
1,<environment.Job instance at 0x7f259ad4d370>,26,12,[8 3],27,-1,64,-1,52
1,<environment.Job instance at 0x7f259ad4d5f0>,27,2,[8 5],28,-1,54,-1,52
1,<environment.Job instance at 0x7f259b3342d0>,32,1,[12  1],33,-1,85,-1,84
1,<environment.Job instance at 0x7f259b334d20>,33,2,[7 2],34,-1,86,-1,84
1,<environment.Job instance at 0x7f259b334550>,34,28,[14  1],35,-1,112,-1,84
1,<environment.Job instance at 0x7f259b3345a0>,35,23,[5 5],36,-1,107,-1,84
1,<environment.Job instance at 0x7f259b334140>,36,28,[ 5 12],37,-1,112,-1,84
1,<environment.Job instance at 0x7f259b334e60>,37,2,[3 5],38,-1,86,-1,84
1,<environment.Job instance at 0x7f259b334230>,38,24,[ 2 11],39,-1,108,-1,84
1,<environment.Job instance at 0x7f259a25b7d0>,40,13,[13  4],41,-1,105,-1,92
1,<environment.Job instance at 0x7f259a25b690>,41,15,[ 4 12],42,-1,107,-1,92
1,<environment.Job instance at 0x7f259b4f0be0>,43,20,[12  2],44,-1,127,-1,107
1,<environment.Job instance at 0x7f259b4f00a0>,45,28,[13  4],46,-1,136,-1,108
1,<environment.Job instance at 0x7f259b4f0910>,46,16,[13  2],47,-1,124,-1,108
1,<environment.Job instance at 0x7f259b4f0280>,47,16,[ 5 12],48,-1,124,-1,108
1,<environment.Job instance at 0x7f259a19caf0>,4,24,[6 4],5,-1,29,-1,5
1,<environment.Job instance at 0x7f259a19c050>,6,25,[8 5],7,-1,32,-1,7
1,<environment.Job instance at 0x7f259aa9a730>,8,13,[ 2 14],9,-1,22,-1,9
1,<environment.Job instance at 0x7f259a19c550>,10,22,[11  5],11,-1,33,-1,11
1,<environment.Job instance at 0x7f259b06ec80>,9,13,[13  3],10,-1,24,-1,11
1,<environment.Job instance at 0x7f259b06e370>,11,26,[11  5],12,-1,38,-1,12
1,<environment.Job instance at 0x7f259a1a9320>,12,28,[5 8],13,-1,41,-1,13
1,<environment.Job instance at 0x7f259a1a9410>,13,27,[1 7],14,-1,41,-1,14
1,<environment.Job instance at 0x7f259a1a9cd0>,15,14,[ 1 13],16,-1,30,-1,16
1,<environment.Job instance at 0x7f259a1a90f0>,18,13,[ 1 12],19,-1,32,-1,19
1,<environment.Job instance at 0x7f259a1a9690>,19,23,[8 2],20,-1,56,-1,33
1,<environment.Job instance at 0x7f259a65baf0>,27,24,[ 1 13],28,-1,74,-1,50
1,<environment.Job instance at 0x7f259a68d280>,30,14,[14  5],31,-1,80,-1,66
1,<environment.Job instance at 0x7f259a68d1e0>,34,12,[ 3 14],35,-1,95,-1,83
1,<environment.Job instance at 0x7f259a687f50>,37,23,[ 5 12],38,-1,121,-1,98
1,<environment.Job instance at 0x7f259a687640>,40,28,[10  5],41,-1,137,-1,109
1,<environment.Job instance at 0x7f259a687eb0>,42,28,[ 3 14],43,-1,138,-1,110
1,<environment.Job instance at 0x7f259a687820>,45,2,[14  4],46,-1,140,-1,138
1,<environment.Job instance at 0x7f259a6870a0>,46,2,[10  2],47,-1,140,-1,138
1,<environment.Job instance at 0x7f259b371f00>,12,3,[14  4],13,-1,18,-1,15
1,<environment.Job instance at 0x7f259b3714b0>,13,12,[ 5 14],14,-1,27,-1,15
1,<environment.Job instance at 0x7f259b371410>,14,27,[ 2 11],15,-1,42,-1,15
1,<environment.Job instance at 0x7f259b371a50>,19,2,[ 1 13],20,-1,52,-1,50
1,<environment.Job instance at 0x7f259b9dd730>,24,3,[4 6],25,-1,88,-1,85
1,<environment.Job instance at 0x7f259b9dd780>,25,1,[ 1 11],26,-1,86,-1,85
1,<environment.Job instance at 0x7f259b9dd4b0>,26,13,[5 1],27,-1,98,-1,85
1,<environment.Job instance at 0x7f259b9dd870>,28,21,[ 4 12],29,-1,108,-1,87
1,<environment.Job instance at 0x7f259b9dd050>,29,21,[4 6],30,-1,108,-1,87
1,<environment.Job instance at 0x7f259b9dd0f0>,30,3,[ 5 10],31,-1,90,-1,87
1,<environment.Job instance at 0x7f259b9dd910>,31,15,[ 2 10],32,-1,102,-1,87
1,<environment.Job instance at 0x7f259b9dd9b0>,32,17,[13  2],33,-1,104,-1,87
1,<environment.Job instance at 0x7f259b9dd190>,35,12,[9 3],36,-1,118,-1,106
1,<environment.Job instance at 0x7f259b9dd280>,36,1,[5 3],37,-1,107,-1,106
1,<environment.Job instance at 0x7f259a77a550>,37,12,[11  3],38,-1,118,-1,106
1,<environment.Job instance at 0x7f259a77a230>,38,2,[4 8],39,-1,108,-1,106
1,<environment.Job instance at 0x7f259a77a910>,39,1,[ 5 10],40,-1,107,-1,106
1,<environment.Job instance at 0x7f259a77a320>,40,1,[9 2],41,-1,107,-1,106
1,<environment.Job instance at 0x7f259a77a870>,41,21,[3 9],42,-1,134,-1,113
1,<environment.Job instance at 0x7f259a77a8c0>,42,12,[9 5],43,-1,125,-1,113
1,<environment.Job instance at 0x7f259a77a820>,43,1,[8 5],44,-1,114,-1,113
1,<environment.Job instance at 0x7f259a77a0a0>,44,1,[7 5],45,-1,114,-1,113
1,<environment.Job instance at 0x7f259a77ad70>,45,3,[5 5],46,-1,116,-1,113
1,<environment.Job instance at 0x7f259a77aeb0>,46,27,[4 6],47,-1,140,-1,113
1,<environment.Job instance at 0x7f259a77a370>,49,16,[ 5 10],50,-1,137,-1,121
1,<environment.Job instance at 0x7f259a77a190>,51,14,[5 1],52,-1,147,-1,133
1,<environment.Job instance at 0x7f259a77ab40>,52,12,[6 2],53,-1,145,-1,133
1,<environment.Job instance at 0x7f259a77aa00>,53,3,[ 1 14],54,-1,136,-1,133
1,<environment.Job instance at 0x7f259b129d20>,54,1,[13  3],55,-1,134,-1,133
1,<environment.Job instance at 0x7f259b129820>,55,27,[10  1],56,-1,160,-1,133
1,<environment.Job instance at 0x7f259b129aa0>,57,19,[ 2 11],58,-1,153,-1,134
1,<environment.Job instance at 0x7f259a2c6af0>,5,21,[3 7],6,-1,36,-1,15
1,<environment.Job instance at 0x7f259a2c6fa0>,14,3,[14  1],15,-1,40,-1,37
1,<environment.Job instance at 0x7f259a2bd0a0>,15,17,[ 5 13],16,-1,54,-1,37
1,<environment.Job instance at 0x7f259a2bd190>,16,26,[3 5],17,-1,63,-1,37
1,<environment.Job instance at 0x7f259a2bd3c0>,18,2,[ 3 10],19,-1,39,-1,37
1,<environment.Job instance at 0x7f259a2bd550>,19,27,[ 4 13],20,-1,64,-1,37
1,<environment.Job instance at 0x7f259a2bd320>,20,26,[12  1],21,-1,63,-1,37
1,<environment.Job instance at 0x7f259a2bd6e0>,21,2,[2 5],22,-1,39,-1,37
1,<environment.Job instance at 0x7f259a2bd780>,23,23,[ 2 13],24,-1,74,-1,51
1,<environment.Job instance at 0x7f259a2bd960>,26,2,[2 7],27,-1,69,-1,67
1,<environment.Job instance at 0x7f2792cd15f0>,3,3,[ 4 14],4,-1,7,-1,4
1,<environment.Job instance at 0x7f279c4491e0>,5,24,[1 5],6,-1,33,-1,9
1,<environment.Job instance at 0x7f2792cd18c0>,9,18,[ 2 13],10,-1,28,-1,10
1,<environment.Job instance at 0x7f2792cd1aa0>,10,18,[ 3 11],11,-1,29,-1,11
1,<environment.Job instance at 0x7f2792cd1af0>,11,1,[8 5],12,-1,13,-1,12
1,<environment.Job instance at 0x7f2792cd1c30>,13,28,[ 4 14],14,-1,42,-1,14
1,<environment.Job instance at 0x7f2792cd1910>,17,28,[ 5 10],18,-1,57,-1,29
1,<environment.Job instance at 0x7f2792cd1f50>,18,3,[ 4 13],19,-1,32,-1,29
1,<environment.Job instance at 0x7f2792cd1fa0>,19,14,[ 3 11],20,-1,43,-1,29
1,<environment.Job instance at 0x7f2792cd3190>,20,1,[13  5],21,-1,30,-1,29
1,<environment.Job instance at 0x7f2792cd3230>,21,1,[6 5],22,-1,30,-1,29
1,<environment.Job instance at 0x7f2792cd33c0>,22,1,[2 7],23,-1,30,-1,29
1,<environment.Job instance at 0x7f2792cd3460>,23,27,[ 1 14],24,-1,56,-1,29
1,<environment.Job instance at 0x7f2792cd3410>,24,18,[ 4 10],25,-1,57,-1,39
1,<environment.Job instance at 0x7f2792cd3500>,26,26,[5 5],27,-1,65,-1,39
1,<environment.Job instance at 0x7f2792cd37d0>,30,22,[ 5 13],31,-1,99,-1,77
1,<environment.Job instance at 0x7f2792cd3730>,31,27,[4 8],32,-1,104,-1,77
1,<environment.Job instance at 0x7f2792cd3a00>,33,1,[11  3],34,-1,84,-1,83
1,<environment.Job instance at 0x7f2792cd3b40>,35,2,[1 8],36,-1,97,-1,95
1,<environment.Job instance at 0x7f2792cd3e10>,38,28,[ 2 12],39,-1,133,-1,105
1,<environment.Job instance at 0x7f2792cd3fa0>,39,20,[ 1 10],40,-1,125,-1,105
1,<environment.Job instance at 0x7f2792cd3f00>,40,24,[5 6],41,-1,129,-1,105
1,<environment.Job instance at 0x7f2792cd3eb0>,42,27,[5 2],43,-1,147,-1,120
1,<environment.Job instance at 0x7f2792cd71e0>,43,20,[4 6],44,-1,140,-1,120
1,<environment.Job instance at 0x7f2792cd7320>,45,24,[ 1 13],46,-1,144,-1,120
1,<environment.Job instance at 0x7f2792cd7460>,47,17,[12  2],48,-1,150,-1,133
1,<environment.Job instance at 0x7f2792cd75a0>,49,15,[10  1],50,-1,155,-1,140
1,<environment.Job instance at 0x7f2792cd7640>,50,16,[ 2 11],51,-1,156,-1,140
1,<environment.Job instance at 0x7f2792cd76e0>,51,16,[12  2],52,-1,156,-1,140
1,<environment.Job instance at 0x7f2792cd7820>,53,27,[8 5],54,-1,180,-1,153
1,<environment.Job instance at 0x7f2792cd7960>,55,13,[13  1],56,-1,170,-1,157
1,<environment.Job instance at 0x7f2792cd7a00>,56,20,[ 3 10],57,-1,177,-1,157
1,<environment.Job instance at 0x7f2792e1e730>,4,14,[13  3],5,-1,19,-1,5
1,<environment.Job instance at 0x7f2792cd7a00>,6,3,[ 2 12],7,-1,11,-1,8
1,<environment.Job instance at 0x7f2792e1e1e0>,10,2,[9 5],11,-1,13,-1,11
1,<environment.Job instance at 0x7f2792e1e0f0>,16,24,[11  5],17,-1,66,-1,42
1,<environment.Job instance at 0x7f2792e1e6e0>,17,21,[ 3 10],18,-1,66,-1,45
1,<environment.Job instance at 0x7f2792796be0>,20,26,[10  5],21,-1,82,-1,56
1,<environment.Job instance at 0x7f2792e1edc0>,18,25,[14  4],19,-1,91,-1,66
1,<environment.Job instance at 0x7f27923c35f0>,24,21,[ 4 12],25,-1,87,-1,66
1,<environment.Job instance at 0x7f279241d5f0>,27,27,[2 9],28,-1,99,-1,72
1,<environment.Job instance at 0x7f27923f9870>,31,17,[12  2],32,-1,106,-1,89
1,<environment.Job instance at 0x7f279273a690>,32,28,[2 8],33,-1,117,-1,89
1,<environment.Job instance at 0x7f279273a0f0>,34,3,[10  2],35,-1,92,-1,89
1,<environment.Job instance at 0x7f2792422500>,36,3,[ 5 10],37,-1,92,-1,89
1,<environment.Job instance at 0x7f27926e6370>,42,24,[7 5],43,-1,137,-1,113
1,<environment.Job instance at 0x7f27927c7d70>,44,28,[2 7],45,-1,141,-1,113
1,<environment.Job instance at 0x7f27927c77d0>,45,28,[9 2],46,-1,141,-1,113
1,<environment.Job instance at 0x7f279238a500>,48,2,[5 2],49,-1,136,-1,134
1,<environment.Job instance at 0x7f27927c7a00>,50,20,[ 3 13],51,-1,155,-1,135
1,<environment.Job instance at 0x7f279238a3c0>,51,1,[ 2 14],52,-1,136,-1,135
1,<environment.Job instance at 0x7f2792734c80>,52,2,[12  2],53,-1,137,-1,135
1,<environment.Job instance at 0x7f2792734a00>,53,2,[5 9],54,-1,139,-1,137
1,<environment.Job instance at 0x7f27927838c0>,55,16,[11  1],56,-1,163,-1,147
1,<environment.Job instance at 0x7f279237bb90>,6,25,[8 5],7,-1,32,-1,7
1,<environment.Job instance at 0x7f279237bdc0>,8,3,[5 9],9,-1,15,-1,12
1,<environment.Job instance at 0x7f279237b870>,11,25,[7 1],12,-1,37,-1,12
1,<environment.Job instance at 0x7f279237b280>,12,24,[12  5],13,-1,37,-1,13
1,<environment.Job instance at 0x7f279237b460>,13,23,[10  2],14,-1,37,-1,14
1,<environment.Job instance at 0x7f279237b4b0>,14,15,[ 1 11],15,-1,30,-1,15
1,<environment.Job instance at 0x7f279237b500>,15,16,[ 5 12],16,-1,32,-1,16
1,<environment.Job instance at 0x7f279237b640>,16,27,[ 4 14],17,-1,44,-1,17
1,<environment.Job instance at 0x7f279237b190>,17,23,[2 9],18,-1,43,-1,20
1,<environment.Job instance at 0x7f279237b730>,19,15,[13  1],20,-1,35,-1,20
1,<environment.Job instance at 0x7f2792376640>,27,16,[14  5],28,-1,78,-1,62
1,<environment.Job instance at 0x7f2792376b40>,31,2,[13  1],32,-1,86,-1,84
1,<environment.Job instance at 0x7f2792376050>,32,27,[1 9],33,-1,111,-1,84
1,<environment.Job instance at 0x7f2792376a00>,33,1,[10  2],34,-1,85,-1,84
1,<environment.Job instance at 0x7f2792376aa0>,34,22,[7 5],35,-1,122,-1,100
1,<environment.Job instance at 0x7f27923765f0>,39,12,[ 5 10],40,-1,128,-1,116
1,<environment.Job instance at 0x7f27923766e0>,45,25,[ 5 10],46,-1,184,-1,159
1,<environment.Job instance at 0x7f2792808eb0>,3,24,[11  3],4,-1,28,-1,4
1,<environment.Job instance at 0x7f2792808e10>,4,18,[13  3],5,-1,23,-1,5
1,<environment.Job instance at 0x7f27923c5050>,12,24,[7 5],13,-1,46,-1,22
1,<environment.Job instance at 0x7f27926938c0>,13,20,[14  5],14,-1,42,-1,22
1,<environment.Job instance at 0x7f27926934b0>,15,18,[14  1],16,-1,40,-1,22
1,<environment.Job instance at 0x7f2792693280>,16,27,[5 5],17,-1,49,-1,22
1,<environment.Job instance at 0x7f2792693410>,18,1,[6 3],19,-1,38,-1,37
1,<environment.Job instance at 0x7f27925f8190>,19,13,[14  1],20,-1,50,-1,37
1,<environment.Job instance at 0x7f27927c8820>,20,1,[1 9],21,-1,38,-1,37
1,<environment.Job instance at 0x7f279285faa0>,21,3,[ 5 12],22,-1,40,-1,37
1,<environment.Job instance at 0x7f2792693460>,23,21,[ 2 11],24,-1,61,-1,40
1,<environment.Job instance at 0x7f279282caa0>,24,1,[14  3],25,-1,41,-1,40
1,<environment.Job instance at 0x7f27928288c0>,27,19,[11  1],28,-1,62,-1,43
1,<environment.Job instance at 0x7f279294c820>,30,1,[2 9],31,-1,57,-1,56
1,<environment.Job instance at 0x7f2792954c80>,31,27,[1 8],32,-1,83,-1,56
1,<environment.Job instance at 0x7f27924ea910>,32,19,[ 5 14],33,-1,75,-1,56
1,<environment.Job instance at 0x7f2792e19fa0>,38,3,[ 1 13],39,-1,84,-1,81
1,<environment.Job instance at 0x7f279295faf0>,40,20,[ 1 10],41,-1,119,-1,99
1,<environment.Job instance at 0x7f279294d1e0>,47,15,[13  1],48,-1,163,-1,148
1,<environment.Job instance at 0x7f27927dd8c0>,48,14,[12  4],49,-1,162,-1,148
1,<environment.Job instance at 0x7f27927dd500>,50,1,[9 3],51,-1,158,-1,157
1,<environment.Job instance at 0x7f27927c7320>,51,25,[ 3 14],52,-1,182,-1,157
1,<environment.Job instance at 0x7f27927c7aa0>,52,14,[14  3],53,-1,171,-1,157
1,<environment.Job instance at 0x7f27927160f0>,4,3,[6 1],5,-1,8,-1,5
1,<environment.Job instance at 0x7f27926f9be0>,6,25,[8 3],7,-1,32,-1,7
1,<environment.Job instance at 0x7f2792716280>,7,13,[13  1],8,-1,21,-1,8
1,<environment.Job instance at 0x7f2792abc2d0>,12,2,[5 8],13,-1,18,-1,16
1,<environment.Job instance at 0x7f2792abc140>,15,13,[ 2 12],16,-1,50,-1,37
1,<environment.Job instance at 0x7f2792abc460>,16,25,[ 5 10],17,-1,62,-1,37
1,<environment.Job instance at 0x7f2792abc500>,17,26,[9 3],18,-1,63,-1,37
1,<environment.Job instance at 0x7f2792abc5a0>,18,26,[ 1 12],19,-1,63,-1,37
1,<environment.Job instance at 0x7f2792abc8c0>,19,28,[3 6],20,-1,65,-1,37
1,<environment.Job instance at 0x7f2792abce60>,20,2,[1 6],21,-1,39,-1,37
1,<environment.Job instance at 0x7f2792abcfa0>,21,12,[11  1],22,-1,49,-1,37
1,<environment.Job instance at 0x7f2793805320>,23,15,[13  2],24,-1,52,-1,37
1,<environment.Job instance at 0x7f2793805140>,24,17,[12  3],25,-1,54,-1,37
1,<environment.Job instance at 0x7f27938050a0>,25,2,[ 4 12],26,-1,39,-1,37
1,<environment.Job instance at 0x7f27938055a0>,26,1,[10  1],27,-1,38,-1,37
1,<environment.Job instance at 0x7f2793805820>,27,28,[3 6],28,-1,65,-1,37
1,<environment.Job instance at 0x7f2793805e60>,29,19,[13  1],30,-1,67,-1,48
1,<environment.Job instance at 0x7f27937f1af0>,33,2,[5 5],34,-1,70,-1,68
1,<environment.Job instance at 0x7f27937f10a0>,34,28,[6 5],35,-1,96,-1,68
1,<environment.Job instance at 0x7f279312f870>,40,3,[3 5],41,-1,105,-1,102
1,<environment.Job instance at 0x7f279312fe60>,42,25,[4 6],43,-1,128,-1,103
1,<environment.Job instance at 0x7f279312f7d0>,43,1,[6 1],44,-1,104,-1,103
1,<environment.Job instance at 0x7f2792290be0>,44,24,[7 5],45,-1,127,-1,103
1,<environment.Job instance at 0x7f2792290690>,46,21,[14  1],47,-1,139,-1,118
1,<environment.Job instance at 0x7f27930eca50>,48,16,[12  4],49,-1,136,-1,120
1,<environment.Job instance at 0x7f2792290960>,49,24,[4 9],50,-1,144,-1,120
1,<environment.Job instance at 0x7f27937e7550>,54,12,[ 1 14],55,-1,167,-1,155
1,<environment.Job instance at 0x7f27922b65a0>,55,14,[13  4],56,-1,169,-1,155
1,<environment.Job instance at 0x7f2792a18b90>,2,1,[10  4],3,-1,4,-1,3
1,<environment.Job instance at 0x7f2792a18fa0>,6,18,[14  2],7,-1,25,-1,7
1,<environment.Job instance at 0x7f2792a18d70>,7,27,[5 7],8,-1,35,-1,8
1,<environment.Job instance at 0x7f2792a183c0>,9,21,[12  3],10,-1,31,-1,10
1,<environment.Job instance at 0x7f27922900f0>,10,1,[ 5 12],11,-1,12,-1,11
1,<environment.Job instance at 0x7f2792290460>,12,16,[ 2 13],13,-1,29,-1,13
1,<environment.Job instance at 0x7f2792290280>,18,27,[4 9],19,-1,52,-1,25
1,<environment.Job instance at 0x7f27922900a0>,19,3,[ 2 13],20,-1,28,-1,25
1,<environment.Job instance at 0x7f2792290190>,20,2,[ 4 12],21,-1,27,-1,25
1,<environment.Job instance at 0x7f2792290d70>,22,25,[2 7],23,-1,58,-1,33
1,<environment.Job instance at 0x7f27922903c0>,24,12,[11  5],25,-1,60,-1,48
1,<environment.Job instance at 0x7f2792a251e0>,29,20,[11  5],30,-1,103,-1,83
1,<environment.Job instance at 0x7f2792a256e0>,30,1,[8 5],31,-1,84,-1,83
1,<environment.Job instance at 0x7f2792a25910>,3,25,[ 5 10],4,-1,29,-1,4
1,<environment.Job instance at 0x7f2792ae54b0>,6,15,[ 3 14],7,-1,22,-1,7
1,<environment.Job instance at 0x7f279226f460>,13,2,[ 1 12],14,-1,22,-1,20
1,<environment.Job instance at 0x7f279226faf0>,19,14,[11  5],20,-1,86,-1,72
1,<environment.Job instance at 0x7f279226fb40>,21,23,[ 4 13],22,-1,99,-1,76
1,<environment.Job instance at 0x7f27922c2d70>,22,19,[11  1],23,-1,95,-1,76
1,<environment.Job instance at 0x7f27922c21e0>,23,3,[ 4 11],24,-1,79,-1,76
1,<environment.Job instance at 0x7f27922c2be0>,24,2,[8 3],25,-1,78,-1,76
1,<environment.Job instance at 0x7f27922c2af0>,25,3,[2 8],26,-1,79,-1,76
1,<environment.Job instance at 0x7f27922c2a00>,26,13,[ 3 13],27,-1,89,-1,76
1,<environment.Job instance at 0x7f2792316c80>,38,23,[5 5],39,-1,181,-1,158
1,<environment.Job instance at 0x7f27925f9c30>,2,15,[12  2],3,-1,18,-1,3
1,<environment.Job instance at 0x7f2793893050>,5,26,[13  3],6,-1,32,-1,6
1,<environment.Job instance at 0x7f2793893870>,6,23,[9 5],7,-1,30,-1,7
1,<environment.Job instance at 0x7f2793893690>,7,27,[7 3],8,-1,35,-1,8
1,<environment.Job instance at 0x7f2793893f50>,8,2,[9 4],9,-1,11,-1,9
1,<environment.Job instance at 0x7f2793893eb0>,9,19,[3 8],10,-1,38,-1,19
1,<environment.Job instance at 0x7f2792a8d7d0>,13,14,[6 3],14,-1,33,-1,19
1,<environment.Job instance at 0x7f27938935f0>,14,2,[ 5 12],15,-1,21,-1,19
1,<environment.Job instance at 0x7f2792a8dfa0>,15,23,[6 1],16,-1,42,-1,19
1,<environment.Job instance at 0x7f279389bb40>,16,3,[9 2],17,-1,22,-1,19
1,<environment.Job instance at 0x7f279389b780>,17,2,[ 4 14],18,-1,21,-1,19
1,<environment.Job instance at 0x7f279389bbe0>,18,23,[10  3],19,-1,42,-1,19
1,<environment.Job instance at 0x7f279389b3c0>,19,14,[ 1 11],20,-1,34,-1,20
1,<environment.Job instance at 0x7f279389b370>,20,17,[5 1],21,-1,38,-1,21
1,<environment.Job instance at 0x7f279389b5a0>,21,21,[2 6],22,-1,43,-1,22
1,<environment.Job instance at 0x7f279389b640>,22,23,[ 2 12],23,-1,46,-1,23
1,<environment.Job instance at 0x7f279389be10>,23,27,[8 3],24,-1,51,-1,24
1,<environment.Job instance at 0x7f279389b050>,24,18,[ 2 10],25,-1,43,-1,25
1,<environment.Job instance at 0x7f279387eb90>,28,25,[9 4],29,-1,66,-1,41
1,<environment.Job instance at 0x7f27936deb40>,30,17,[1 5],31,-1,63,-1,46
1,<environment.Job instance at 0x7f279387e320>,31,3,[3 9],32,-1,49,-1,46
1,<environment.Job instance at 0x7f2793318cd0>,32,28,[ 5 13],33,-1,74,-1,46
1,<environment.Job instance at 0x7f2793318410>,33,15,[12  1],34,-1,61,-1,46
1,<environment.Job instance at 0x7f2793888730>,34,3,[ 5 14],35,-1,49,-1,46
1,<environment.Job instance at 0x7f2792567e60>,35,16,[2 9],36,-1,67,-1,51
1,<environment.Job instance at 0x7f2792559050>,36,26,[4 9],37,-1,77,-1,51
1,<environment.Job instance at 0x7f2793888960>,37,27,[10  5],38,-1,78,-1,51
1,<environment.Job instance at 0x7f2792c01e10>,40,2,[ 2 10],41,-1,61,-1,59
1,<environment.Job instance at 0x7f279254df00>,41,3,[1 6],42,-1,62,-1,59
1,<environment.Job instance at 0x7f279254daa0>,42,16,[13  4],43,-1,75,-1,59
1,<environment.Job instance at 0x7f2792566410>,46,19,[2 7],47,-1,110,-1,91
1,<environment.Job instance at 0x7f27925639b0>,47,3,[6 1],48,-1,94,-1,91
1,<environment.Job instance at 0x7f27925669b0>,48,12,[ 2 12],49,-1,103,-1,91
1,<environment.Job instance at 0x7f2792563870>,49,2,[6 2],50,-1,93,-1,91
1,<environment.Job instance at 0x7f2792534730>,50,22,[5 4],51,-1,113,-1,91
1,<environment.Job instance at 0x7f2792545550>,51,3,[7 2],52,-1,94,-1,91
1,<environment.Job instance at 0x7f2792545c30>,52,13,[5 8],53,-1,105,-1,92
1,<environment.Job instance at 0x7f2792545820>,53,13,[5 5],54,-1,106,-1,93
1,<environment.Job instance at 0x7f2792545eb0>,54,18,[ 1 11],55,-1,111,-1,93
1,<environment.Job instance at 0x7f2792554960>,55,3,[3 7],56,-1,96,-1,93
1,<environment.Job instance at 0x7f2792554820>,57,13,[4 8],58,-1,121,-1,108
1,<environment.Job instance at 0x7f2792554aa0>,58,17,[10  1],59,-1,125,-1,108
1,<environment.Job instance at 0x7f2792554370>,59,16,[ 2 13],60,-1,124,-1,108
1,<environment.Job instance at 0x7f2792554be0>,60,16,[ 5 12],61,-1,124,-1,108
1,<environment.Job instance at 0x7f2792554f00>,61,12,[11  1],62,-1,120,-1,108
1,<environment.Job instance at 0x7f2792554b40>,62,20,[9 5],63,-1,128,-1,108
1,<environment.Job instance at 0x7f2792554780>,63,15,[11  4],64,-1,123,-1,108
1,<environment.Job instance at 0x7f2792554fa0>,64,17,[ 2 14],65,-1,125,-1,108
1,<environment.Job instance at 0x7f2792554c80>,65,26,[10  5],66,-1,134,-1,108
1,<environment.Job instance at 0x7f2792554690>,66,2,[7 5],67,-1,110,-1,108
1,<environment.Job instance at 0x7f279256c5f0>,68,18,[4 5],69,-1,129,-1,111
1,<environment.Job instance at 0x7f279255bfa0>,71,13,[9 3],72,-1,143,-1,130
1,<environment.Job instance at 0x7f27934b89b0>,73,14,[ 3 10],74,-1,159,-1,145
1,<environment.Job instance at 0x7f27934b85f0>,75,27,[3 8],76,-1,172,-1,145
1,<environment.Job instance at 0x7f27934b8280>,76,12,[1 9],77,-1,157,-1,145
1,<environment.Job instance at 0x7f27934b81e0>,77,3,[6 1],78,-1,148,-1,145
1,<environment.Job instance at 0x7f27934b84b0>,78,28,[2 6],79,-1,173,-1,145
1,<environment.Job instance at 0x7f27934b8730>,79,28,[7 1],80,-1,173,-1,145
1,<environment.Job instance at 0x7f27934b8960>,80,26,[10  3],81,-1,171,-1,145
1,<environment.Job instance at 0x7f27934b82d0>,81,27,[5 2],82,-1,172,-1,145
1,<environment.Job instance at 0x7f27934b8460>,82,12,[ 3 13],83,-1,157,-1,145
1,<environment.Job instance at 0x7f27934b8c30>,83,17,[14  5],84,-1,162,-1,145
1,<environment.Job instance at 0x7f27934b8910>,84,15,[14  2],85,-1,160,-1,145
1,<environment.Job instance at 0x7f27934b8be0>,85,15,[ 1 12],86,-1,160,-1,145
1,<environment.Job instance at 0x7f27934b8aa0>,87,12,[10  1],88,-1,166,-1,154
1,<environment.Job instance at 0x7f27936de5a0>,9,16,[11  3],10,-1,26,-1,10
1,<environment.Job instance at 0x7f27936de280>,10,16,[11  5],11,-1,27,-1,11
1,<environment.Job instance at 0x7f2793700050>,16,24,[13  2],17,-1,56,-1,32
1,<environment.Job instance at 0x7f27936de780>,17,22,[4 5],18,-1,57,-1,35
1,<environment.Job instance at 0x7f27937005f0>,19,14,[11  5],20,-1,49,-1,35
1,<environment.Job instance at 0x7f2793700b40>,20,28,[6 1],21,-1,63,-1,35
1,<environment.Job instance at 0x7f2793700af0>,21,20,[8 3],22,-1,84,-1,64
1,<environment.Job instance at 0x7f2793700cd0>,23,23,[11  1],24,-1,87,-1,64
1,<environment.Job instance at 0x7f2793700e10>,27,13,[11  3],28,-1,87,-1,74
1,<environment.Job instance at 0x7f2793700370>,28,28,[7 5],29,-1,102,-1,74
1,<environment.Job instance at 0x7f27937000a0>,30,2,[14  5],31,-1,88,-1,86
1,<environment.Job instance at 0x7f2793700870>,31,26,[13  1],32,-1,112,-1,86
1,<environment.Job instance at 0x7f2793700780>,33,3,[10  1],34,-1,107,-1,104
1,<environment.Job instance at 0x7f27937003c0>,35,1,[5 1],36,-1,120,-1,119
1,<environment.Job instance at 0x7f2792d37550>,38,26,[ 5 12],39,-1,150,-1,124
1,<environment.Job instance at 0x7f27923e7410>,39,26,[2 8],40,-1,150,-1,124
1,<environment.Job instance at 0x7f27923e7690>,40,3,[6 1],41,-1,127,-1,124
1,<environment.Job instance at 0x7f27923e7f50>,41,3,[1 6],42,-1,127,-1,124
1,<environment.Job instance at 0x7f27923e7550>,42,16,[ 2 13],43,-1,140,-1,124
1,<environment.Job instance at 0x7f27923e7cd0>,43,23,[7 1],44,-1,147,-1,124
1,<environment.Job instance at 0x7f27923e75f0>,44,13,[13  4],45,-1,137,-1,124
1,<environment.Job instance at 0x7f27923e7730>,45,18,[14  3],46,-1,142,-1,124
1,<environment.Job instance at 0x7f2792a858c0>,47,24,[14  5],48,-1,158,-1,134
1,<environment.Job instance at 0x7f2792a85910>,48,25,[ 4 12],49,-1,159,-1,134
1,<environment.Job instance at 0x7f2792a85780>,50,18,[12  3],51,-1,157,-1,139
1,<environment.Job instance at 0x7f2792a856e0>,52,18,[ 2 11],53,-1,169,-1,151
1,<environment.Job instance at 0x7f2792a85550>,53,13,[11  3],54,-1,164,-1,151
1,<environment.Job instance at 0x7f2792a85460>,54,18,[13  2],55,-1,169,-1,151
1,<environment.Job instance at 0x7f2792a85960>,55,2,[7 1],56,-1,153,-1,151
1,<environment.Job instance at 0x7f2792a85690>,56,23,[ 5 13],57,-1,174,-1,151
1,<environment.Job instance at 0x7f2792a85c80>,57,23,[2 7],58,-1,175,-1,152
1,<environment.Job instance at 0x7f2792a85cd0>,58,28,[ 1 10],59,-1,180,-1,152
1,<environment.Job instance at 0x7f2792a854b0>,59,3,[2 6],60,-1,155,-1,152
1,<environment.Job instance at 0x7f2792a85c30>,60,12,[ 4 14],61,-1,164,-1,152
1,<environment.Job instance at 0x7f2792a85140>,61,2,[10  3],62,-1,154,-1,152
1,<environment.Job instance at 0x7f2792a85a50>,62,1,[5 2],63,-1,153,-1,152
1,<environment.Job instance at 0x7f2793732910>,5,21,[10  1],6,-1,29,-1,8
1,<environment.Job instance at 0x7f2793745820>,8,22,[13  4],9,-1,31,-1,9
1,<environment.Job instance at 0x7f27936c3370>,9,18,[ 5 12],10,-1,28,-1,10
1,<environment.Job instance at 0x7f27936c3460>,10,25,[12  1],11,-1,36,-1,11
1,<environment.Job instance at 0x7f27937235f0>,11,26,[10  2],12,-1,38,-1,12
1,<environment.Job instance at 0x7f27937231e0>,12,3,[4 8],13,-1,16,-1,13
1,<environment.Job instance at 0x7f2793723050>,13,16,[ 5 10],14,-1,30,-1,14
1,<environment.Job instance at 0x7f27937232d0>,14,12,[13  2],15,-1,27,-1,15
1,<environment.Job instance at 0x7f2793723c30>,15,22,[6 2],16,-1,38,-1,16
1,<environment.Job instance at 0x7f2792e26500>,16,26,[2 8],17,-1,43,-1,17
1,<environment.Job instance at 0x7f2793722320>,17,1,[4 7],18,-1,19,-1,18
1,<environment.Job instance at 0x7f27937223c0>,18,12,[10  2],19,-1,31,-1,19
1,<environment.Job instance at 0x7f2793722140>,19,14,[ 2 13],20,-1,34,-1,20
1,<environment.Job instance at 0x7f279373ecd0>,21,15,[1 6],22,-1,38,-1,23
1,<environment.Job instance at 0x7f2793745640>,22,1,[8 4],23,-1,24,-1,23
1,<environment.Job instance at 0x7f279373e870>,23,27,[ 1 13],24,-1,51,-1,24
1,<environment.Job instance at 0x7f279373e280>,24,18,[11  3],25,-1,43,-1,25
1,<environment.Job instance at 0x7f279373e410>,26,13,[6 1],27,-1,40,-1,27
1,<environment.Job instance at 0x7f279373ec30>,27,12,[12  5],28,-1,40,-1,28
1,<environment.Job instance at 0x7f279373e780>,28,12,[ 3 12],29,-1,41,-1,29
1,<environment.Job instance at 0x7f279373eb40>,29,3,[10  3],30,-1,33,-1,30
1,<environment.Job instance at 0x7f2793094410>,31,25,[ 2 14],32,-1,57,-1,32
1,<environment.Job instance at 0x7f279302f1e0>,32,13,[5 1],33,-1,46,-1,33
1,<environment.Job instance at 0x7f27930b8af0>,33,20,[4 9],34,-1,59,-1,39
1,<environment.Job instance at 0x7f27930b8460>,36,1,[6 3],37,-1,40,-1,39
1,<environment.Job instance at 0x7f2792c4f500>,37,16,[12  2],38,-1,55,-1,39
1,<environment.Job instance at 0x7f27930b8370>,38,2,[ 2 13],39,-1,41,-1,39
1,<environment.Job instance at 0x7f27937085f0>,39,27,[5 5],40,-1,67,-1,40
1,<environment.Job instance at 0x7f27936f3690>,40,21,[5 7],41,-1,66,-1,45
1,<environment.Job instance at 0x7f2792e07c30>,42,17,[4 9],43,-1,72,-1,55
1,<environment.Job instance at 0x7f2792c638c0>,45,2,[12  1],46,-1,57,-1,55
1,<environment.Job instance at 0x7f279370d280>,46,27,[ 5 11],47,-1,82,-1,55
1,<environment.Job instance at 0x7f2792e07190>,47,13,[10  1],48,-1,68,-1,55
1,<environment.Job instance at 0x7f27930c1370>,48,16,[5 7],49,-1,78,-1,62
1,<environment.Job instance at 0x7f2792c39e10>,49,19,[ 4 13],50,-1,81,-1,62
1,<environment.Job instance at 0x7f27936efaa0>,50,25,[11  3],51,-1,87,-1,62
1,<environment.Job instance at 0x7f27936ef230>,51,1,[6 5],52,-1,63,-1,62
1,<environment.Job instance at 0x7f27936ef050>,52,13,[6 4],53,-1,75,-1,62
1,<environment.Job instance at 0x7f27936edb40>,61,1,[13  2],62,-1,147,-1,146
1,<environment.Job instance at 0x7f27936edfa0>,62,14,[13  2],63,-1,160,-1,146
1,<environment.Job instance at 0x7f27936eddc0>,65,2,[8 3],66,-1,154,-1,152
1,<environment.Job instance at 0x7f2792aad910>,1,28,[14  2],2,-1,30,-1,2
1,<environment.Job instance at 0x7f27936eddc0>,5,3,[1 8],6,-1,10,-1,7
1,<environment.Job instance at 0x7f27925fbe10>,7,2,[5 7],8,-1,10,-1,8
1,<environment.Job instance at 0x7f27925fb8c0>,8,22,[ 2 12],9,-1,31,-1,9
1,<environment.Job instance at 0x7f27925fbd20>,14,21,[10  2],15,-1,45,-1,24
1,<environment.Job instance at 0x7f27925fbaa0>,15,12,[ 1 14],16,-1,36,-1,24
1,<environment.Job instance at 0x7f27925fb910>,16,14,[ 3 11],17,-1,38,-1,24
1,<environment.Job instance at 0x7f27925fbbe0>,18,12,[ 3 13],19,-1,36,-1,24
1,<environment.Job instance at 0x7f27925fbd70>,19,12,[6 2],20,-1,36,-1,24
1,<environment.Job instance at 0x7f27925fb190>,20,15,[7 1],21,-1,40,-1,25
1,<environment.Job instance at 0x7f27925fbfa0>,21,12,[8 4],22,-1,37,-1,25
1,<environment.Job instance at 0x7f279329daf0>,22,15,[ 4 11],23,-1,40,-1,25
1,<environment.Job instance at 0x7f279329d8c0>,23,26,[7 4],24,-1,51,-1,25
1,<environment.Job instance at 0x7f279329d280>,24,22,[10  3],25,-1,56,-1,34
1,<environment.Job instance at 0x7f279329df50>,27,25,[5 8],28,-1,59,-1,34
1,<environment.Job instance at 0x7f279329daa0>,28,15,[6 1],29,-1,49,-1,34
1,<environment.Job instance at 0x7f279329d5a0>,31,1,[9 4],32,-1,61,-1,60
1,<environment.Job instance at 0x7f279329d2d0>,33,12,[10  5],34,-1,72,-1,60
1,<environment.Job instance at 0x7f279329d910>,34,17,[10  4],35,-1,88,-1,71
1,<environment.Job instance at 0x7f279329da50>,37,1,[5 1],38,-1,72,-1,71
1,<environment.Job instance at 0x7f279329df00>,38,16,[14  5],39,-1,87,-1,71
1,<environment.Job instance at 0x7f279329d4b0>,39,28,[6 3],40,-1,99,-1,71
1,<environment.Job instance at 0x7f279329d460>,40,13,[14  3],41,-1,84,-1,71
1,<environment.Job instance at 0x7f279329d640>,41,16,[8 1],42,-1,87,-1,71
1,<environment.Job instance at 0x7f279329d690>,42,14,[ 2 12],43,-1,85,-1,71
1,<environment.Job instance at 0x7f2792e36550>,43,1,[7 3],44,-1,72,-1,71
1,<environment.Job instance at 0x7f2792e36c30>,44,21,[ 3 14],45,-1,92,-1,71
1,<environment.Job instance at 0x7f2792e365f0>,45,16,[2 6],46,-1,87,-1,71
1,<environment.Job instance at 0x7f2792e36280>,46,23,[3 9],47,-1,94,-1,71
1,<environment.Job instance at 0x7f2792e36190>,47,19,[4 7],48,-1,90,-1,71
1,<environment.Job instance at 0x7f2792e36e10>,48,25,[ 1 14],49,-1,96,-1,71
1,<environment.Job instance at 0x7f2792e36d70>,49,14,[1 9],50,-1,85,-1,71
1,<environment.Job instance at 0x7f2792e363c0>,50,17,[2 8],51,-1,88,-1,71
1,<environment.Job instance at 0x7f2792e36d20>,51,25,[2 8],52,-1,96,-1,71
1,<environment.Job instance at 0x7f2792e36410>,52,12,[10  3],53,-1,83,-1,71
1,<environment.Job instance at 0x7f2792e36910>,53,13,[5 1],54,-1,84,-1,71
1,<environment.Job instance at 0x7f2792e36a00>,54,16,[13  2],55,-1,87,-1,71
1,<environment.Job instance at 0x7f2792e36640>,55,13,[9 5],56,-1,84,-1,71
1,<environment.Job instance at 0x7f2792e365a0>,56,12,[3 5],57,-1,83,-1,71
1,<environment.Job instance at 0x7f2792e36af0>,57,13,[9 3],58,-1,84,-1,71
1,<environment.Job instance at 0x7f2792e36960>,58,18,[5 3],59,-1,89,-1,71
1,<environment.Job instance at 0x7f2792e36b90>,59,15,[9 3],60,-1,86,-1,71
1,<environment.Job instance at 0x7f279c093550>,60,2,[3 9],61,-1,73,-1,71
1,<environment.Job instance at 0x7f2792e36690>,61,3,[ 1 13],62,-1,74,-1,71
1,<environment.Job instance at 0x7f279c093c80>,62,22,[6 2],63,-1,93,-1,71
1,<environment.Job instance at 0x7f279c093910>,63,16,[ 4 14],64,-1,87,-1,71
1,<environment.Job instance at 0x7f279c093b90>,64,15,[11  3],65,-1,86,-1,71
1,<environment.Job instance at 0x7f279c0935f0>,65,15,[ 1 10],66,-1,86,-1,71
1,<environment.Job instance at 0x7f279c093460>,66,22,[1 8],67,-1,93,-1,71
1,<environment.Job instance at 0x7f279c0937d0>,67,23,[3 5],68,-1,94,-1,71
1,<environment.Job instance at 0x7f279c093aa0>,68,17,[12  3],69,-1,88,-1,71
1,<environment.Job instance at 0x7f279c093870>,71,13,[4 8],72,-1,125,-1,112
1,<environment.Job instance at 0x7f279c0936e0>,73,21,[7 4],74,-1,167,-1,146
1,<environment.Job instance at 0x7f2792c743c0>,79,12,[9 1],80,-1,158,-1,146
1,<environment.Job instance at 0x7f2792c74230>,80,26,[5 7],81,-1,172,-1,146
1,<environment.Job instance at 0x7f2792c74cd0>,81,16,[ 2 10],82,-1,162,-1,146
1,<environment.Job instance at 0x7f2792c74d70>,82,2,[7 5],83,-1,148,-1,146
1,<environment.Job instance at 0x7f2792c74dc0>,83,15,[10  1],84,-1,161,-1,146
1,<environment.Job instance at 0x7f2792c74c80>,84,20,[5 9],85,-1,166,-1,146
1,<environment.Job instance at 0x7f2792c74140>,85,25,[1 6],86,-1,171,-1,146
1,<environment.Job instance at 0x7f2792c747d0>,86,12,[10  3],87,-1,158,-1,146
1,<environment.Job instance at 0x7f2792c74f50>,87,15,[1 7],88,-1,161,-1,146
1,<environment.Job instance at 0x7f2792c74be0>,89,27,[5 9],90,-1,181,-1,154
1,<environment.Job instance at 0x7f2792c74640>,90,1,[8 1],91,-1,155,-1,154
1,<environment.Job instance at 0x7f2792c74910>,91,12,[8 3],92,-1,166,-1,154
1,<environment.Job instance at 0x7f2792c74550>,92,26,[ 1 12],93,-1,180,-1,154
1,<environment.Job instance at 0x7f2792c74eb0>,93,28,[ 3 14],94,-1,182,-1,154
1,<environment.Job instance at 0x7f2792c74820>,94,16,[4 7],95,-1,172,-1,156
1,<environment.Job instance at 0x7f2792121280>,15,22,[7 1],16,-1,92,-1,70
1,<environment.Job instance at 0x7f2792121410>,20,25,[14  3],21,-1,95,-1,70
1,<environment.Job instance at 0x7f2792121820>,21,27,[8 1],22,-1,97,-1,70
1,<environment.Job instance at 0x7f2792121c30>,22,1,[7 5],23,-1,71,-1,70
1,<environment.Job instance at 0x7f2792121140>,23,20,[ 3 12],24,-1,90,-1,70
1,<environment.Job instance at 0x7f2792121b40>,24,2,[1 8],25,-1,72,-1,70
1,<environment.Job instance at 0x7f2792121d70>,25,23,[5 2],26,-1,93,-1,70
1,<environment.Job instance at 0x7f2792121780>,26,23,[1 6],27,-1,93,-1,70
1,<environment.Job instance at 0x7f2792121910>,27,23,[10  4],28,-1,93,-1,70
1,<environment.Job instance at 0x7f2791f90460>,29,21,[ 2 10],30,-1,91,-1,70
1,<environment.Job instance at 0x7f2791f90230>,30,28,[8 5],31,-1,98,-1,70
1,<environment.Job instance at 0x7f2791f90280>,32,1,[ 3 10],33,-1,83,-1,82
1,<environment.Job instance at 0x7f2791f901e0>,33,2,[10  3],34,-1,84,-1,82
1,<environment.Job instance at 0x7f2791f900a0>,36,26,[ 5 10],37,-1,122,-1,96
1,<environment.Job instance at 0x7f2791f90870>,38,1,[12  4],39,-1,103,-1,102
1,<environment.Job instance at 0x7f2791fef1e0>,41,17,[ 4 10],42,-1,136,-1,119
1,<environment.Job instance at 0x7f2791fefbe0>,42,1,[9 3],43,-1,120,-1,119
1,<environment.Job instance at 0x7f2791fef460>,43,19,[ 1 11],44,-1,138,-1,119
1,<environment.Job instance at 0x7f2791fefb40>,44,26,[5 3],45,-1,145,-1,119
1,<environment.Job instance at 0x7f2791fefdc0>,45,27,[6 1],46,-1,146,-1,119
1,<environment.Job instance at 0x7f2792762500>,1,26,[5 6],2,-1,28,-1,2
1,<environment.Job instance at 0x7f2793381050>,3,14,[ 1 13],4,-1,18,-1,4
1,<environment.Job instance at 0x7f2793381be0>,5,26,[11  1],6,-1,32,-1,6
1,<environment.Job instance at 0x7f279325c500>,6,24,[12  2],7,-1,31,-1,7
1,<environment.Job instance at 0x7f279325c460>,10,3,[ 5 14],11,-1,14,-1,11
1,<environment.Job instance at 0x7f279325c1e0>,11,18,[ 3 12],12,-1,30,-1,12
1,<environment.Job instance at 0x7f2792c06550>,16,23,[9 5],17,-1,55,-1,32
1,<environment.Job instance at 0x7f2792c06690>,18,26,[ 4 12],19,-1,58,-1,32
1,<environment.Job instance at 0x7f2792c06190>,19,1,[ 2 14],20,-1,33,-1,32
1,<environment.Job instance at 0x7f2792c065a0>,20,25,[12  5],21,-1,57,-1,32
1,<environment.Job instance at 0x7f2792c06d70>,23,17,[13  3],24,-1,62,-1,45
1,<environment.Job instance at 0x7f2792c06410>,24,20,[ 4 11],25,-1,65,-1,45
1,<environment.Job instance at 0x7f2792c065f0>,27,25,[8 5],28,-1,89,-1,64
1,<environment.Job instance at 0x7f2792c06500>,28,3,[11  3],29,-1,67,-1,64
1,<environment.Job instance at 0x7f2792c06a00>,29,27,[13  5],30,-1,91,-1,64
1,<environment.Job instance at 0x7f2792c06280>,30,22,[10  4],31,-1,124,-1,102
1,<environment.Job instance at 0x7f27935c6820>,2,27,[10  5],3,-1,30,-1,3
1,<environment.Job instance at 0x7f27936ab910>,8,26,[ 1 12],9,-1,35,-1,9
1,<environment.Job instance at 0x7f27936ab8c0>,6,16,[12  5],7,-1,25,-1,9
1,<environment.Job instance at 0x7f27936abb40>,10,22,[ 2 12],11,-1,33,-1,11
1,<environment.Job instance at 0x7f27936ab960>,15,17,[ 2 13],16,-1,33,-1,16
1,<environment.Job instance at 0x7f27936abdc0>,17,26,[ 3 14],18,-1,44,-1,18
1,<environment.Job instance at 0x7f2792e33aa0>,21,18,[11  2],22,-1,59,-1,41
1,<environment.Job instance at 0x7f2792e33f00>,22,3,[5 5],23,-1,44,-1,41
1,<environment.Job instance at 0x7f2792e33550>,24,23,[7 1],25,-1,64,-1,41
1,<environment.Job instance at 0x7f2792e33f50>,25,12,[ 4 13],26,-1,53,-1,41
1,<environment.Job instance at 0x7f2792e33fa0>,28,27,[ 3 12],29,-1,83,-1,56
1,<environment.Job instance at 0x7f2792e339b0>,29,24,[7 1],30,-1,80,-1,56
1,<environment.Job instance at 0x7f2792e33730>,30,2,[5 1],31,-1,58,-1,56
1,<environment.Job instance at 0x7f2792e33be0>,31,2,[ 2 12],32,-1,58,-1,56
1,<environment.Job instance at 0x7f2792e337d0>,32,13,[ 3 11],33,-1,69,-1,56
1,<environment.Job instance at 0x7f2792c810f0>,36,15,[13  1],37,-1,95,-1,80
1,<environment.Job instance at 0x7f2792c81f00>,40,2,[12  4],41,-1,99,-1,97
1,<environment.Job instance at 0x7f2792c81410>,42,2,[12  3],43,-1,117,-1,115
1,<environment.Job instance at 0x7f2792c81780>,46,19,[14  5],47,-1,150,-1,131
1,<environment.Job instance at 0x7f2792c817d0>,48,24,[ 5 12],49,-1,165,-1,141
1,<environment.Job instance at 0x7f2792c81a50>,49,25,[9 4],50,-1,166,-1,141
1,<environment.Job instance at 0x7f2792f096e0>,4,28,[ 4 10],5,-1,33,-1,5
1,<environment.Job instance at 0x7f2792f095a0>,5,25,[5 3],6,-1,31,-1,6
1,<environment.Job instance at 0x7f2792f09b40>,7,2,[14  1],8,-1,10,-1,8
1,<environment.Job instance at 0x7f2792f09460>,10,1,[7 5],11,-1,12,-1,11
1,<environment.Job instance at 0x7f2792f09140>,11,2,[3 9],12,-1,14,-1,12
1,<environment.Job instance at 0x7f2792f09370>,12,3,[7 4],13,-1,16,-1,13
1,<environment.Job instance at 0x7f2792f09dc0>,13,24,[5 8],14,-1,38,-1,14
1,<environment.Job instance at 0x7f2792f09a50>,17,28,[8 4],18,-1,53,-1,25
1,<environment.Job instance at 0x7f27920ae4b0>,20,13,[10  3],21,-1,54,-1,41
1,<environment.Job instance at 0x7f27920aef00>,22,24,[13  3],23,-1,75,-1,51
1,<environment.Job instance at 0x7f27920ae140>,23,16,[ 5 12],24,-1,67,-1,51
1,<environment.Job instance at 0x7f27920ae230>,24,2,[13  5],25,-1,53,-1,51
1,<environment.Job instance at 0x7f27920ae690>,25,22,[ 3 12],26,-1,73,-1,51
1,<environment.Job instance at 0x7f27920ae960>,26,13,[14  4],27,-1,64,-1,51
1,<environment.Job instance at 0x7f27920aecd0>,27,24,[ 2 14],28,-1,75,-1,51
1,<environment.Job instance at 0x7f27920aec80>,28,12,[6 1],29,-1,63,-1,51
1,<environment.Job instance at 0x7f2793472320>,32,20,[13  3],33,-1,87,-1,67
1,<environment.Job instance at 0x7f27934724b0>,34,17,[13  1],35,-1,97,-1,80
1,<environment.Job instance at 0x7f2793472be0>,36,3,[10  5],37,-1,83,-1,80
1,<environment.Job instance at 0x7f27934725f0>,37,12,[12  5],38,-1,92,-1,80
1,<environment.Job instance at 0x7f2793472b90>,39,24,[3 6],40,-1,117,-1,93
1,<environment.Job instance at 0x7f2793472910>,41,12,[ 4 10],42,-1,106,-1,94
1,<environment.Job instance at 0x7f27934720f0>,42,2,[4 9],43,-1,96,-1,94
1,<environment.Job instance at 0x7f2793472af0>,43,17,[11  5],44,-1,111,-1,94
1,<environment.Job instance at 0x7f2793472500>,45,1,[1 8],46,-1,111,-1,110
1,<environment.Job instance at 0x7f2793172fa0>,46,22,[ 4 11],47,-1,132,-1,110
1,<environment.Job instance at 0x7f2793172d20>,48,3,[13  5],49,-1,113,-1,110
1,<environment.Job instance at 0x7f2793172d70>,49,23,[4 6],50,-1,133,-1,110
1,<environment.Job instance at 0x7f2793172dc0>,50,3,[2 9],51,-1,113,-1,110
1,<environment.Job instance at 0x7f27931725a0>,52,18,[ 4 13],53,-1,139,-1,121
1,<environment.Job instance at 0x7f2793172230>,53,2,[1 6],54,-1,123,-1,121
1,<environment.Job instance at 0x7f2793172f00>,54,12,[ 2 12],55,-1,133,-1,121
1,<environment.Job instance at 0x7f2792d648c0>,6,25,[ 4 13],7,-1,32,-1,7
1,<environment.Job instance at 0x7f2792d541e0>,7,28,[1 6],8,-1,39,-1,11
1,<environment.Job instance at 0x7f2792d548c0>,11,1,[ 1 13],12,-1,13,-1,12
1,<environment.Job instance at 0x7f2792d54500>,12,13,[12  5],13,-1,26,-1,13
1,<environment.Job instance at 0x7f2792d54d70>,15,26,[12  4],16,-1,49,-1,23
1,<environment.Job instance at 0x7f2792d54cd0>,16,19,[ 5 12],17,-1,42,-1,23
1,<environment.Job instance at 0x7f2792d54370>,19,27,[10  2],20,-1,83,-1,56
1,<environment.Job instance at 0x7f2792d54190>,20,26,[ 3 13],21,-1,82,-1,56
1,<environment.Job instance at 0x7f2792d545f0>,21,28,[9 5],22,-1,84,-1,56
1,<environment.Job instance at 0x7f2792d54a00>,22,24,[8 5],23,-1,80,-1,56
1,<environment.Job instance at 0x7f2792d54690>,24,1,[10  1],25,-1,57,-1,56
1,<environment.Job instance at 0x7f2792d54eb0>,25,21,[10  2],26,-1,77,-1,56
1,<environment.Job instance at 0x7f2792d54820>,26,12,[8 3],27,-1,68,-1,56
1,<environment.Job instance at 0x7f2792d549b0>,27,2,[8 5],28,-1,58,-1,56
1,<environment.Job instance at 0x7f2793763960>,32,1,[12  1],33,-1,89,-1,88
1,<environment.Job instance at 0x7f2793763dc0>,33,2,[7 2],34,-1,90,-1,88
1,<environment.Job instance at 0x7f2793763c80>,34,28,[14  1],35,-1,116,-1,88
1,<environment.Job instance at 0x7f2793763820>,36,28,[ 5 12],37,-1,125,-1,97
1,<environment.Job instance at 0x7f2793763280>,37,2,[3 5],38,-1,99,-1,97
1,<environment.Job instance at 0x7f2793763b40>,38,24,[ 2 11],39,-1,121,-1,97
1,<environment.Job instance at 0x7f2793763410>,40,13,[13  4],41,-1,122,-1,109
1,<environment.Job instance at 0x7f27937636e0>,41,15,[ 4 12],42,-1,124,-1,109
1,<environment.Job instance at 0x7f27937633c0>,43,20,[12  2],44,-1,131,-1,111
1,<environment.Job instance at 0x7f27932314b0>,45,28,[13  4],46,-1,153,-1,125
1,<environment.Job instance at 0x7f2793231f00>,46,16,[13  2],47,-1,141,-1,125
1,<environment.Job instance at 0x7f27932312d0>,47,16,[ 5 12],48,-1,141,-1,125
1,<environment.Job instance at 0x7f2793231b40>,50,24,[ 5 13],51,-1,168,-1,144
1,<environment.Job instance at 0x7f2793231050>,51,13,[ 4 14],52,-1,157,-1,144
1,<environment.Job instance at 0x7f2793231140>,52,2,[5 4],53,-1,146,-1,144
1,<environment.Job instance at 0x7f2793231e10>,53,1,[9 5],54,-1,145,-1,144
1,<environment.Job instance at 0x7f2793231320>,54,18,[ 5 13],55,-1,162,-1,144
1,<environment.Job instance at 0x7f27932404b0>,55,26,[1 5],56,-1,170,-1,144
1,<environment.Job instance at 0x7f2793240780>,56,3,[ 4 11],57,-1,147,-1,144
1,<environment.Job instance at 0x7f2793240c30>,58,25,[9 4],59,-1,171,-1,146
1,<environment.Job instance at 0x7f27932405a0>,59,22,[ 4 10],60,-1,168,-1,146
1,<environment.Job instance at 0x7f279254d460>,1,26,[11  5],2,-1,28,-1,2
1,<environment.Job instance at 0x7f279254da00>,2,28,[5 8],3,-1,31,-1,3
1,<environment.Job instance at 0x7f279254d2d0>,3,27,[1 7],4,-1,31,-1,4
1,<environment.Job instance at 0x7f279254d5a0>,4,3,[10  5],5,-1,8,-1,5
1,<environment.Job instance at 0x7f279254daf0>,5,14,[ 1 13],6,-1,20,-1,6
1,<environment.Job instance at 0x7f279254d780>,8,13,[ 1 12],9,-1,22,-1,9
1,<environment.Job instance at 0x7f279254dcd0>,9,23,[8 2],10,-1,33,-1,10
1,<environment.Job instance at 0x7f279254db40>,10,23,[2 8],11,-1,34,-1,11
1,<environment.Job instance at 0x7f279254dd70>,12,13,[11  2],13,-1,26,-1,13
1,<environment.Job instance at 0x7f27920b42d0>,20,14,[14  5],21,-1,44,-1,30
1,<environment.Job instance at 0x7f27920b4640>,24,12,[ 3 14],25,-1,72,-1,60
1,<environment.Job instance at 0x7f27920b4500>,27,23,[ 5 12],28,-1,95,-1,72
1,<environment.Job instance at 0x7f27920b4960>,30,28,[10  5],31,-1,105,-1,77
1,<environment.Job instance at 0x7f27920b45a0>,32,28,[ 3 14],33,-1,112,-1,84
1,<environment.Job instance at 0x7f279333db40>,35,2,[14  4],36,-1,108,-1,106
1,<environment.Job instance at 0x7f279333d3c0>,36,2,[10  2],37,-1,108,-1,106
1,<environment.Job instance at 0x7f279333d6e0>,37,23,[5 7],38,-1,129,-1,106
1,<environment.Job instance at 0x7f279333d730>,38,28,[14  5],39,-1,134,-1,106
1,<environment.Job instance at 0x7f279333df50>,39,23,[10  5],40,-1,129,-1,106
1,<environment.Job instance at 0x7f279333de10>,40,23,[3 7],41,-1,129,-1,106
1,<environment.Job instance at 0x7f279333dd70>,41,24,[2 9],42,-1,130,-1,106
1,<environment.Job instance at 0x7f279333d190>,42,17,[14  1],43,-1,123,-1,106
1,<environment.Job instance at 0x7f279333d1e0>,43,22,[11  3],44,-1,128,-1,106
1,<environment.Job instance at 0x7f279333d0a0>,45,28,[ 2 14],46,-1,134,-1,106
1,<environment.Job instance at 0x7f279333d4b0>,46,23,[13  5],47,-1,129,-1,106
1,<environment.Job instance at 0x7f279333d230>,47,12,[ 4 13],48,-1,118,-1,106
1,<environment.Job instance at 0x7f279333d140>,48,20,[ 1 13],49,-1,126,-1,106
1,<environment.Job instance at 0x7f279333db90>,49,2,[11  2],50,-1,108,-1,106
1,<environment.Job instance at 0x7f279333d550>,51,22,[ 1 14],52,-1,142,-1,120
1,<environment.Job instance at 0x7f279333da00>,52,1,[9 3],53,-1,121,-1,120
1,<environment.Job instance at 0x7f279333d9b0>,53,19,[ 3 14],54,-1,139,-1,120
1,<environment.Job instance at 0x7f279333d5a0>,54,18,[ 4 14],55,-1,138,-1,120
1,<environment.Job instance at 0x7f279333d780>,55,1,[12  2],56,-1,121,-1,120
1,<environment.Job instance at 0x7f27931d59b0>,57,1,[1 9],58,-1,123,-1,122
1,<environment.Job instance at 0x7f27931d5f00>,58,26,[6 4],59,-1,148,-1,122
1,<environment.Job instance at 0x7f27931d5280>,61,24,[10  1],62,-1,169,-1,145
1,<environment.Job instance at 0x7f27931d52d0>,63,1,[1 7],64,-1,146,-1,145
1,<environment.Job instance at 0x7f27931d5690>,64,1,[10  4],65,-1,146,-1,145
1,<environment.Job instance at 0x7f27931d57d0>,65,28,[8 3],66,-1,173,-1,145
1,<environment.Job instance at 0x7f27931d50f0>,66,14,[ 1 12],67,-1,159,-1,145
1,<environment.Job instance at 0x7f27931d5550>,68,17,[11  1],69,-1,172,-1,155
1,<environment.Job instance at 0x7f27931d5640>,69,1,[6 1],70,-1,156,-1,155
1,<environment.Job instance at 0x7f27926fbfa0>,70,16,[ 4 13],71,-1,171,-1,155
1,<environment.Job instance at 0x7f27926fb280>,71,26,[8 4],72,-1,181,-1,155
1,<environment.Job instance at 0x7f2793299e60>,3,27,[9 3],4,-1,31,-1,4
1,<environment.Job instance at 0x7f27932a45f0>,8,21,[ 4 12],9,-1,30,-1,9
1,<environment.Job instance at 0x7f27932a4fa0>,10,3,[ 5 10],11,-1,17,-1,14
1,<environment.Job instance at 0x7f27932a4410>,12,17,[13  2],13,-1,31,-1,14
1,<environment.Job instance at 0x7f2792df95a0>,18,2,[4 8],19,-1,49,-1,47
1,<environment.Job instance at 0x7f2792df9410>,20,1,[9 2],21,-1,48,-1,47
1,<environment.Job instance at 0x7f27932c9f50>,23,1,[8 5],24,-1,61,-1,60
1,<environment.Job instance at 0x7f2792dee0a0>,33,3,[ 1 14],34,-1,108,-1,105
1,<environment.Job instance at 0x7f2792dee550>,34,1,[13  3],35,-1,106,-1,105
1,<environment.Job instance at 0x7f2792dee780>,35,27,[10  1],36,-1,132,-1,105
1,<environment.Job instance at 0x7f2792dee730>,37,19,[ 2 11],38,-1,124,-1,105
1,<environment.Job instance at 0x7f2792dd86e0>,44,15,[13  2],45,-1,173,-1,158
1,<environment.Job instance at 0x7f2792349410>,4,26,[4 9],5,-1,31,-1,5
1,<environment.Job instance at 0x7f2792349960>,7,2,[ 2 13],8,-1,10,-1,8
1,<environment.Job instance at 0x7f279236b230>,8,2,[7 4],9,-1,12,-1,10
1,<environment.Job instance at 0x7f279236b550>,10,3,[4 8],11,-1,14,-1,11
1,<environment.Job instance at 0x7f279236b910>,13,25,[14  2],14,-1,39,-1,14
1,<environment.Job instance at 0x7f279236b5f0>,14,3,[14  1],15,-1,18,-1,15
1,<environment.Job instance at 0x7f279236b8c0>,16,13,[3 8],17,-1,33,-1,20
1,<environment.Job instance at 0x7f279236b690>,17,14,[ 2 10],18,-1,34,-1,20
1,<environment.Job instance at 0x7f279225e370>,20,25,[ 5 14],21,-1,62,-1,37
1,<environment.Job instance at 0x7f279225e500>,21,18,[ 5 14],22,-1,55,-1,37
1,<environment.Job instance at 0x7f279225e7d0>,22,16,[5 1],23,-1,53,-1,37
1,<environment.Job instance at 0x7f279225edc0>,23,12,[ 3 13],24,-1,49,-1,37
1,<environment.Job instance at 0x7f279225ec30>,24,23,[6 5],25,-1,60,-1,37
1,<environment.Job instance at 0x7f279225eeb0>,25,1,[6 4],26,-1,38,-1,37
1,<environment.Job instance at 0x7f279225e6e0>,26,3,[9 2],27,-1,40,-1,37
1,<environment.Job instance at 0x7f279225e1e0>,27,2,[8 3],28,-1,39,-1,37
1,<environment.Job instance at 0x7f279225eb40>,28,16,[13  4],29,-1,53,-1,37
1,<environment.Job instance at 0x7f279225e730>,29,2,[ 3 13],30,-1,39,-1,37
1,<environment.Job instance at 0x7f279225e5a0>,30,16,[13  3],31,-1,53,-1,37
1,<environment.Job instance at 0x7f279225ea50>,31,3,[7 4],32,-1,40,-1,37
1,<environment.Job instance at 0x7f279225ee10>,33,14,[5 3],34,-1,60,-1,46
1,<environment.Job instance at 0x7f279225efa0>,34,2,[10  4],35,-1,48,-1,46
1,<environment.Job instance at 0x7f279225e050>,36,15,[7 1],37,-1,73,-1,58
1,<environment.Job instance at 0x7f2792a96370>,37,13,[ 5 11],38,-1,71,-1,58
1,<environment.Job instance at 0x7f2792a963c0>,38,3,[2 8],39,-1,61,-1,58
1,<environment.Job instance at 0x7f2792a96910>,39,24,[ 1 10],40,-1,82,-1,58
1,<environment.Job instance at 0x7f2792a96e60>,40,2,[2 8],41,-1,60,-1,58
1,<environment.Job instance at 0x7f2792a966e0>,41,26,[5 7],42,-1,84,-1,58
1,<environment.Job instance at 0x7f2792a96410>,42,28,[ 4 13],43,-1,86,-1,58
1,<environment.Job instance at 0x7f2792a96640>,44,2,[2 9],45,-1,60,-1,58
1,<environment.Job instance at 0x7f2792a96d70>,45,28,[ 4 11],46,-1,86,-1,58
1,<environment.Job instance at 0x7f2792a96500>,47,16,[14  4],48,-1,75,-1,59
1,<environment.Job instance at 0x7f2792a96280>,48,23,[ 3 10],49,-1,82,-1,59
1,<environment.Job instance at 0x7f2792a968c0>,51,1,[ 1 10],52,-1,88,-1,87
1,<environment.Job instance at 0x7f2792d1e8c0>,52,2,[1 5],53,-1,89,-1,87
1,<environment.Job instance at 0x7f2792d1ef00>,54,14,[ 1 11],55,-1,108,-1,94
1,<environment.Job instance at 0x7f2792d1e140>,56,1,[7 2],57,-1,95,-1,94
1,<environment.Job instance at 0x7f2792d1e050>,57,12,[ 2 12],58,-1,106,-1,94
1,<environment.Job instance at 0x7f2792d1e5f0>,59,1,[8 2],60,-1,112,-1,111
1,<environment.Job instance at 0x7f2792d1eeb0>,60,18,[12  1],61,-1,129,-1,111
1,<environment.Job instance at 0x7f2792d1e5a0>,61,14,[9 1],62,-1,138,-1,124
1,<environment.Job instance at 0x7f2792d1e910>,65,13,[5 1],66,-1,141,-1,128
1,<environment.Job instance at 0x7f2792d1e690>,67,24,[8 4],68,-1,161,-1,137
1,<environment.Job instance at 0x7f2792d1e730>,69,27,[7 2],70,-1,164,-1,137
1,<environment.Job instance at 0x7f2792552730>,70,22,[5 6],71,-1,167,-1,145
1,<environment.Job instance at 0x7f27925527d0>,71,15,[ 5 10],72,-1,161,-1,146
1,<environment.Job instance at 0x7f2792552c80>,72,13,[1 9],73,-1,159,-1,146
1,<environment.Job instance at 0x7f27925524b0>,73,1,[10  1],74,-1,147,-1,146
1,<environment.Job instance at 0x7f2792552820>,74,13,[ 1 12],75,-1,159,-1,146
1,<environment.Job instance at 0x7f2792552fa0>,75,3,[5 1],76,-1,149,-1,146
1,<environment.Job instance at 0x7f2792552500>,77,21,[14  3],78,-1,176,-1,155
1,<environment.Job instance at 0x7f2792552460>,78,14,[ 2 10],79,-1,169,-1,155
1,<environment.Job instance at 0x7f27925520a0>,79,12,[5 5],80,-1,167,-1,155
1,<environment.Job instance at 0x7f2792552690>,80,18,[ 3 11],81,-1,173,-1,155
1,<environment.Job instance at 0x7f2792552230>,81,27,[1 8],82,-1,182,-1,155
1,<environment.Job instance at 0x7f2792552140>,82,3,[ 5 12],83,-1,158,-1,155
1,<environment.Job instance at 0x7f2792552dc0>,83,2,[ 5 14],84,-1,157,-1,155
1,<environment.Job instance at 0x7f2792552f00>,84,12,[11  4],85,-1,167,-1,155
1,<environment.Job instance at 0x7f2792552550>,86,17,[ 5 11],87,-1,172,-1,155
1,<environment.Job instance at 0x7f2792552280>,87,2,[2 7],88,-1,157,-1,155
1,<environment.Job instance at 0x7f2792552eb0>,88,13,[5 5],89,-1,168,-1,155
1,<environment.Job instance at 0x7f2792552960>,89,13,[4 6],90,-1,168,-1,155
1,<environment.Job instance at 0x7f2792552f50>,90,1,[5 8],91,-1,156,-1,155
1,<environment.Job instance at 0x7f27926a1320>,91,18,[2 5],92,-1,173,-1,155
1,<environment.Job instance at 0x7f27926a1730>,92,13,[4 9],93,-1,168,-1,155
1,<environment.Job instance at 0x7f27926a1460>,93,3,[9 5],94,-1,158,-1,155
1,<environment.Job instance at 0x7f27926a11e0>,94,17,[1 5],95,-1,172,-1,155
1,<environment.Job instance at 0x7f27926a1280>,95,28,[13  4],96,-1,183,-1,155
1,<environment.Job instance at 0x7f27926a1640>,96,14,[5 2],97,-1,169,-1,155
1,<environment.Job instance at 0x7f27926a1870>,97,14,[12  1],98,-1,169,-1,155
1,<environment.Job instance at 0x7f27926a1f50>,98,28,[13  3],99,-1,183,-1,155
1,<environment.Job instance at 0x7f27926a1c80>,99,3,[12  2],100,-1,158,-1,155
1,<environment.Job instance at 0x7f27926a10a0>,100,15,[12  3],101,-1,170,-1,155
1,<environment.Job instance at 0x7f27926a12d0>,101,3,[ 3 14],102,-1,158,-1,155
1,<environment.Job instance at 0x7f27929500a0>,3,20,[14  1],4,-1,24,-1,4
1,<environment.Job instance at 0x7f2792950a00>,14,21,[11  3],15,-1,57,-1,36
1,<environment.Job instance at 0x7f2792950aa0>,15,25,[8 1],16,-1,61,-1,36
1,<environment.Job instance at 0x7f2792950b40>,16,18,[ 5 13],17,-1,54,-1,36
1,<environment.Job instance at 0x7f2792950be0>,17,1,[ 2 14],18,-1,37,-1,36
1,<environment.Job instance at 0x7f2792950d20>,19,15,[11  2],20,-1,64,-1,49
1,<environment.Job instance at 0x7f2792950dc0>,20,28,[1 8],21,-1,77,-1,49
1,<environment.Job instance at 0x7f2792950e60>,21,27,[3 7],22,-1,76,-1,49
1,<environment.Job instance at 0x7f2792950f00>,22,1,[ 3 14],23,-1,50,-1,49
1,<environment.Job instance at 0x7f279293c1e0>,25,1,[11  3],26,-1,82,-1,81
1,<environment.Job instance at 0x7f279293c280>,26,25,[13  5],27,-1,106,-1,81
1,<environment.Job instance at 0x7f279293c320>,27,25,[6 4],28,-1,106,-1,81
1,<environment.Job instance at 0x7f279293c3c0>,28,25,[8 1],29,-1,106,-1,81
1,<environment.Job instance at 0x7f279293c500>,29,14,[14  1],30,-1,95,-1,81
1,<environment.Job instance at 0x7f279293c140>,31,25,[4 6],32,-1,107,-1,82
1,<environment.Job instance at 0x7f279293c730>,34,27,[10  1],35,-1,125,-1,98
1,<environment.Job instance at 0x7f279293c7d0>,35,23,[10  1],36,-1,121,-1,98
1,<environment.Job instance at 0x7f279293ca00>,37,26,[10  2],38,-1,138,-1,112
1,<environment.Job instance at 0x7f279293c9b0>,38,3,[ 3 12],39,-1,115,-1,112
1,<environment.Job instance at 0x7f279293ccd0>,42,25,[10  1],43,-1,155,-1,130
1,<environment.Job instance at 0x7f279293cd70>,43,1,[3 8],44,-1,131,-1,130
1,<environment.Job instance at 0x7f279293ceb0>,45,24,[4 8],46,-1,154,-1,130
1,<environment.Job instance at 0x7f279293cc30>,47,2,[12  5],48,-1,147,-1,145
1,<environment.Job instance at 0x7f279293caf0>,48,1,[7 5],49,-1,146,-1,145
1,<environment.Job instance at 0x7f2792962230>,49,14,[ 2 11],50,-1,159,-1,145
1,<environment.Job instance at 0x7f2792962320>,51,1,[3 8],52,-1,147,-1,146
1,<environment.Job instance at 0x7f27929623c0>,52,13,[12  1],53,-1,159,-1,146
1,<environment.Job instance at 0x7f2792962460>,53,28,[13  1],54,-1,174,-1,146
1,<environment.Job instance at 0x7f315bf2d320>,1,22,[11  3],2,-1,24,-1,2
1,<environment.Job instance at 0x7f31527b5be0>,13,28,[ 4 14],14,-1,88,-1,60
1,<environment.Job instance at 0x7f31527b5e60>,17,28,[ 5 10],18,-1,105,-1,77
1,<environment.Job instance at 0x7f31527b7410>,23,27,[ 1 14],24,-1,122,-1,95
1,<environment.Job instance at 0x7f31527b7780>,29,25,[ 4 11],30,-1,181,-1,156
1,<environment.Job instance at 0x7f31527b7820>,30,22,[ 5 13],31,-1,178,-1,156
1,<environment.Job instance at 0x7f31529028c0>,7,21,[ 3 10],8,-1,29,-1,8
1,<environment.Job instance at 0x7f31529020a0>,8,25,[14  4],9,-1,34,-1,9
1,<environment.Job instance at 0x7f3152902eb0>,9,14,[2 6],10,-1,41,-1,27
1,<environment.Job instance at 0x7f3152902050>,13,2,[13  3],14,-1,29,-1,27
1,<environment.Job instance at 0x7f3152902190>,14,21,[ 4 12],15,-1,48,-1,27
1,<environment.Job instance at 0x7f3152902870>,15,2,[5 2],16,-1,29,-1,27
1,<environment.Job instance at 0x7f31529026e0>,16,1,[5 9],17,-1,28,-1,27
1,<environment.Job instance at 0x7f31529025f0>,17,27,[2 9],18,-1,54,-1,27
1,<environment.Job instance at 0x7f31528f6a00>,23,12,[1 7],24,-1,82,-1,70
1,<environment.Job instance at 0x7f31528f6320>,24,3,[10  2],25,-1,73,-1,70
1,<environment.Job instance at 0x7f31528f6fa0>,25,3,[5 5],26,-1,73,-1,70
1,<environment.Job instance at 0x7f31528f67d0>,26,3,[ 5 10],27,-1,73,-1,70
1,<environment.Job instance at 0x7f31528f66e0>,27,20,[5 3],28,-1,97,-1,77
1,<environment.Job instance at 0x7f31528f6b90>,28,3,[10  1],29,-1,80,-1,77
1,<environment.Job instance at 0x7f31528f6c30>,29,21,[6 1],30,-1,98,-1,77
1,<environment.Job instance at 0x7f31528f6280>,30,2,[7 5],31,-1,79,-1,77
1,<environment.Job instance at 0x7f31528f6050>,31,14,[2 7],32,-1,91,-1,77
1,<environment.Job instance at 0x7f315210b0a0>,32,24,[7 5],33,-1,101,-1,77
1,<environment.Job instance at 0x7f3151e803c0>,33,3,[7 5],34,-1,80,-1,77
1,<environment.Job instance at 0x7f31521d0460>,34,28,[2 7],35,-1,105,-1,77
1,<environment.Job instance at 0x7f31521ca640>,35,28,[9 2],36,-1,105,-1,77
1,<environment.Job instance at 0x7f31521ccb90>,36,22,[6 1],37,-1,99,-1,77
1,<environment.Job instance at 0x7f3151f04b90>,37,15,[3 7],38,-1,92,-1,77
1,<environment.Job instance at 0x7f315210a370>,38,2,[5 2],39,-1,79,-1,77
1,<environment.Job instance at 0x7f3151f02d20>,39,22,[2 7],40,-1,99,-1,77
1,<environment.Job instance at 0x7f31521f40a0>,40,20,[ 3 13],41,-1,97,-1,77
1,<environment.Job instance at 0x7f31521cb6e0>,41,1,[ 2 14],42,-1,78,-1,77
1,<environment.Job instance at 0x7f3151f04140>,42,2,[12  2],43,-1,79,-1,77
1,<environment.Job instance at 0x7f31521cbe10>,43,2,[5 9],44,-1,79,-1,77
1,<environment.Job instance at 0x7f3151f510a0>,44,13,[9 4],45,-1,90,-1,77
1,<environment.Job instance at 0x7f315210c280>,45,16,[11  1],46,-1,93,-1,77
1,<environment.Job instance at 0x7f31522145a0>,48,17,[11  3],49,-1,105,-1,88
1,<environment.Job instance at 0x7f3152214690>,49,14,[ 1 10],50,-1,102,-1,88
1,<environment.Job instance at 0x7f3152214410>,50,25,[6 2],51,-1,113,-1,88
1,<environment.Job instance at 0x7f3152214280>,51,18,[12  4],52,-1,106,-1,88
1,<environment.Job instance at 0x7f315230b050>,52,14,[6 1],53,-1,102,-1,88
1,<environment.Job instance at 0x7f315230ba00>,53,26,[11  5],54,-1,114,-1,88
1,<environment.Job instance at 0x7f31522baa00>,55,14,[10  1],56,-1,107,-1,93
1,<environment.Job instance at 0x7f31522ba320>,57,15,[13  5],58,-1,119,-1,104
1,<environment.Job instance at 0x7f3152259a50>,60,27,[14  3],61,-1,144,-1,117
1,<environment.Job instance at 0x7f3152259190>,61,20,[1 7],62,-1,148,-1,128
1,<environment.Job instance at 0x7f3152259e60>,62,26,[ 4 10],63,-1,154,-1,128
1,<environment.Job instance at 0x7f3151e708c0>,63,26,[8 3],64,-1,154,-1,128
1,<environment.Job instance at 0x7f3152259460>,64,1,[12  1],65,-1,129,-1,128
1,<environment.Job instance at 0x7f31522ad500>,65,19,[ 2 13],66,-1,147,-1,128
1,<environment.Job instance at 0x7f31522ad370>,66,22,[11  1],67,-1,150,-1,128
1,<environment.Job instance at 0x7f31522adf50>,67,22,[ 1 13],68,-1,150,-1,128
1,<environment.Job instance at 0x7f31522ade10>,68,2,[2 8],69,-1,130,-1,128
1,<environment.Job instance at 0x7f3152255c30>,70,23,[7 3],71,-1,151,-1,128
1,<environment.Job instance at 0x7f31522ad140>,71,3,[10  5],72,-1,131,-1,128
1,<environment.Job instance at 0x7f3151e5a7d0>,4,12,[ 4 12],5,-1,17,-1,5
1,<environment.Job instance at 0x7f3151e5ae60>,5,26,[10  2],6,-1,32,-1,6
1,<environment.Job instance at 0x7f3151e5aa50>,6,22,[ 4 13],7,-1,29,-1,7
1,<environment.Job instance at 0x7f3151e5a140>,7,16,[14  5],8,-1,24,-1,8
1,<environment.Job instance at 0x7f3151e5a0a0>,11,2,[13  1],12,-1,14,-1,12
1,<environment.Job instance at 0x7f3151e5a500>,12,27,[1 9],13,-1,40,-1,13
1,<environment.Job instance at 0x7f3151e5a6e0>,13,1,[10  2],14,-1,15,-1,14
1,<environment.Job instance at 0x7f31522ced20>,15,2,[9 5],16,-1,18,-1,16
1,<environment.Job instance at 0x7f3151e5a280>,16,27,[9 5],17,-1,44,-1,17
1,<environment.Job instance at 0x7f3151e6e2d0>,28,20,[14  4],29,-1,97,-1,77
1,<environment.Job instance at 0x7f3151e6efa0>,30,27,[ 4 10],31,-1,106,-1,79
1,<environment.Job instance at 0x7f3151e6e870>,31,25,[12  4],32,-1,104,-1,79
1,<environment.Job instance at 0x7f3151e6e370>,32,2,[5 7],33,-1,81,-1,79
1,<environment.Job instance at 0x7f3151e6e780>,33,27,[3 8],34,-1,106,-1,79
1,<environment.Job instance at 0x7f3151e6ed70>,34,13,[11  5],35,-1,92,-1,79
1,<environment.Job instance at 0x7f3151e6e140>,35,24,[8 4],36,-1,103,-1,79
1,<environment.Job instance at 0x7f3151ec9780>,37,2,[6 3],38,-1,92,-1,90
1,<environment.Job instance at 0x7f3151ec9e10>,38,3,[13  2],39,-1,93,-1,90
1,<environment.Job instance at 0x7f3151ec9af0>,41,17,[12  4],42,-1,113,-1,96
1,<environment.Job instance at 0x7f31525f48c0>,45,3,[12  3],46,-1,99,-1,96
1,<environment.Job instance at 0x7f31525f4af0>,46,12,[ 5 14],47,-1,108,-1,96
1,<environment.Job instance at 0x7f3152604d20>,48,3,[5 5],49,-1,110,-1,107
1,<environment.Job instance at 0x7f3152604aa0>,50,26,[9 4],51,-1,151,-1,125
1,<environment.Job instance at 0x7f3152604b90>,51,1,[7 4],52,-1,126,-1,125
1,<environment.Job instance at 0x7f3152604640>,52,2,[9 2],53,-1,127,-1,125
1,<environment.Job instance at 0x7f3152604a50>,54,22,[ 1 12],55,-1,164,-1,142
1,<environment.Job instance at 0x7f3152cfd910>,56,26,[ 3 12],57,-1,175,-1,149
1,<environment.Job instance at 0x7f3152cfdb90>,57,1,[ 2 14],58,-1,150,-1,149
1,<environment.Job instance at 0x7f3152261e60>,58,2,[7 5],59,-1,151,-1,149
1,<environment.Job instance at 0x7f31526310f0>,61,2,[ 2 14],62,-1,165,-1,163
1,<environment.Job instance at 0x7f3152631c80>,62,17,[ 5 14],63,-1,180,-1,163
1,<environment.Job instance at 0x7f3152631d20>,63,3,[ 2 11],64,-1,166,-1,163
1,<environment.Job instance at 0x7f315239e370>,1,27,[1 8],2,-1,29,-1,2
1,<environment.Job instance at 0x7f3152631f50>,2,19,[ 5 14],3,-1,22,-1,3
1,<environment.Job instance at 0x7f3152cb9f00>,8,3,[ 1 13],9,-1,12,-1,9
1,<environment.Job instance at 0x7f315bf2d460>,17,15,[13  1],18,-1,71,-1,56
1,<environment.Job instance at 0x7f3152307e60>,18,14,[12  4],19,-1,70,-1,56
1,<environment.Job instance at 0x7f3151f05410>,20,1,[9 3],21,-1,75,-1,74
1,<environment.Job instance at 0x7f31522d20a0>,21,25,[ 3 14],22,-1,99,-1,74
1,<environment.Job instance at 0x7f31521f42d0>,22,14,[14  3],23,-1,88,-1,74
1,<environment.Job instance at 0x7f31521f4820>,24,14,[ 5 14],25,-1,88,-1,74
1,<environment.Job instance at 0x7f3152765f50>,29,24,[6 5],30,-1,130,-1,106
1,<environment.Job instance at 0x7f3152bb91e0>,10,14,[6 1],11,-1,31,-1,17
1,<environment.Job instance at 0x7f3152beb690>,13,14,[3 9],14,-1,55,-1,41
1,<environment.Job instance at 0x7f3152beb7d0>,14,12,[ 1 14],15,-1,53,-1,41
1,<environment.Job instance at 0x7f3152bebd70>,15,14,[13  4],16,-1,55,-1,41
1,<environment.Job instance at 0x7f3152beb370>,17,13,[13  3],18,-1,71,-1,58
1,<environment.Job instance at 0x7f3152beb190>,19,27,[ 3 14],20,-1,87,-1,60
1,<environment.Job instance at 0x7f3152bebf50>,21,1,[ 5 13],22,-1,70,-1,69
1,<environment.Job instance at 0x7f3152beb4b0>,22,25,[13  4],23,-1,94,-1,69
1,<environment.Job instance at 0x7f3152beba00>,23,3,[14  1],24,-1,72,-1,69
1,<environment.Job instance at 0x7f3152c02fa0>,24,1,[10  5],25,-1,70,-1,69
1,<environment.Job instance at 0x7f3152c02460>,25,26,[13  4],26,-1,95,-1,69
1,<environment.Job instance at 0x7f3152c020a0>,27,21,[ 2 13],28,-1,91,-1,70
1,<environment.Job instance at 0x7f3152c02140>,28,16,[ 3 14],29,-1,86,-1,70
1,<environment.Job instance at 0x7f3152c02910>,29,16,[ 1 11],30,-1,86,-1,70
1,<environment.Job instance at 0x7f3152c02780>,31,24,[ 2 13],32,-1,108,-1,84
1,<environment.Job instance at 0x7f3152c02aa0>,32,18,[13  3],33,-1,102,-1,84
1,<environment.Job instance at 0x7f3152c02be0>,33,15,[ 1 10],34,-1,99,-1,84
1,<environment.Job instance at 0x7f3152c025a0>,35,16,[ 1 12],36,-1,100,-1,84
1,<environment.Job instance at 0x7f3152c22910>,36,1,[ 2 10],37,-1,85,-1,84
1,<environment.Job instance at 0x7f3152c229b0>,37,26,[8 4],38,-1,110,-1,84
1,<environment.Job instance at 0x7f3152c22c30>,38,16,[ 3 13],39,-1,100,-1,84
1,<environment.Job instance at 0x7f3151d76f00>,41,28,[ 5 12],42,-1,130,-1,102
1,<environment.Job instance at 0x7f3151d5b1e0>,42,28,[2 6],43,-1,130,-1,102
1,<environment.Job instance at 0x7f3151d76cd0>,43,3,[9 1],44,-1,105,-1,102
1,<environment.Job instance at 0x7f3151d76550>,44,28,[ 1 11],45,-1,130,-1,102
1,<environment.Job instance at 0x7f3151d76870>,46,23,[11  3],47,-1,137,-1,114
1,<environment.Job instance at 0x7f315bb6c410>,47,14,[13  5],48,-1,128,-1,114
1,<environment.Job instance at 0x7f3151d76050>,48,16,[ 5 10],49,-1,131,-1,115
1,<environment.Job instance at 0x7f3151d766e0>,49,1,[6 1],50,-1,116,-1,115
1,<environment.Job instance at 0x7f315250e870>,51,13,[12  5],52,-1,130,-1,117
1,<environment.Job instance at 0x7f315250ecd0>,52,14,[7 1],53,-1,131,-1,117
1,<environment.Job instance at 0x7f3152c50690>,53,16,[11  4],54,-1,133,-1,117
1,<environment.Job instance at 0x7f3152bcff50>,54,3,[ 5 14],55,-1,120,-1,117
1,<environment.Job instance at 0x7f3151d9abe0>,55,27,[6 1],56,-1,144,-1,117
1,<environment.Job instance at 0x7f3151d9f870>,56,22,[5 5],57,-1,139,-1,117
1,<environment.Job instance at 0x7f31532e2140>,58,3,[13  4],59,-1,120,-1,117
1,<environment.Job instance at 0x7f3152c029b0>,59,16,[2 9],60,-1,133,-1,117
1,<environment.Job instance at 0x7f3151da8cd0>,61,27,[5 1],62,-1,159,-1,132
1,<environment.Job instance at 0x7f3151da8370>,62,16,[ 2 10],63,-1,148,-1,132
1,<environment.Job instance at 0x7f3151daaa50>,64,18,[ 1 10],65,-1,152,-1,134
1,<environment.Job instance at 0x7f3151daab40>,65,1,[1 6],66,-1,135,-1,134
1,<environment.Job instance at 0x7f3151daa0a0>,66,12,[14  1],67,-1,146,-1,134
1,<environment.Job instance at 0x7f3152be1cd0>,67,18,[ 3 13],68,-1,152,-1,134
1,<environment.Job instance at 0x7f3152beb500>,69,3,[7 1],70,-1,153,-1,150
1,<environment.Job instance at 0x7f3151db7780>,70,22,[ 1 12],71,-1,172,-1,150
1,<environment.Job instance at 0x7f3151db7af0>,72,3,[ 4 11],73,-1,168,-1,165
1,<environment.Job instance at 0x7f3151da5280>,73,25,[5 6],74,-1,190,-1,165
1,<environment.Job instance at 0x7f3151da5c30>,74,26,[ 3 12],75,-1,191,-1,165
1,<environment.Job instance at 0x7f3151da5910>,75,2,[ 4 13],76,-1,167,-1,165
1,<environment.Job instance at 0x7f3151da50f0>,76,2,[10  5],77,-1,167,-1,165
1,<environment.Job instance at 0x7f3151da5af0>,77,27,[5 7],78,-1,192,-1,165
1,<environment.Job instance at 0x7f3151da5370>,78,20,[ 4 14],79,-1,185,-1,165
1,<environment.Job instance at 0x7f3151da5e10>,79,14,[1 7],80,-1,179,-1,165
1,<environment.Job instance at 0x7f3151da5230>,2,18,[ 2 11],3,-1,21,-1,3
1,<environment.Job instance at 0x7f3152506050>,5,3,[14  5],6,-1,9,-1,6
1,<environment.Job instance at 0x7f3152506960>,9,18,[ 5 14],10,-1,28,-1,10
1,<environment.Job instance at 0x7f3152506fa0>,10,17,[ 3 13],11,-1,28,-1,11
1,<environment.Job instance at 0x7f3152506140>,11,23,[13  3],12,-1,35,-1,12
1,<environment.Job instance at 0x7f3152506e60>,12,18,[ 2 12],13,-1,31,-1,13
1,<environment.Job instance at 0x7f3152506820>,16,26,[7 4],17,-1,43,-1,17
1,<environment.Job instance at 0x7f3152506f00>,14,21,[6 5],15,-1,39,-1,18
1,<environment.Job instance at 0x7f3151df3e10>,18,13,[ 2 12],19,-1,32,-1,19
1,<environment.Job instance at 0x7f3151df38c0>,17,1,[13  4],18,-1,22,-1,21
1,<environment.Job instance at 0x7f3151df3d70>,21,13,[14  4],22,-1,35,-1,22
1,<environment.Job instance at 0x7f3151df37d0>,22,16,[14  2],23,-1,39,-1,23
1,<environment.Job instance at 0x7f3151df3690>,23,2,[5 2],24,-1,26,-1,24
1,<environment.Job instance at 0x7f3151df3b90>,24,3,[5 1],25,-1,28,-1,25
1,<environment.Job instance at 0x7f3152ea0c30>,30,28,[5 2],31,-1,105,-1,77
1,<environment.Job instance at 0x7f3152ea0780>,31,2,[5 9],32,-1,79,-1,77
1,<environment.Job instance at 0x7f3152ea04b0>,32,24,[8 1],33,-1,101,-1,77
1,<environment.Job instance at 0x7f3152ea0870>,35,3,[ 1 12],36,-1,85,-1,82
1,<environment.Job instance at 0x7f3152ea0b90>,36,17,[ 4 10],37,-1,99,-1,82
1,<environment.Job instance at 0x7f3152ea0eb0>,37,12,[9 4],38,-1,94,-1,82
1,<environment.Job instance at 0x7f3152ea0140>,40,2,[ 5 12],41,-1,103,-1,101
1,<environment.Job instance at 0x7f3152ea05a0>,41,3,[10  1],42,-1,104,-1,101
1,<environment.Job instance at 0x7f3152ea0730>,43,2,[14  5],44,-1,118,-1,116
1,<environment.Job instance at 0x7f3152ea0fa0>,44,2,[13  2],45,-1,118,-1,116
1,<environment.Job instance at 0x7f3152ea0d20>,45,14,[ 1 10],46,-1,130,-1,116
1,<environment.Job instance at 0x7f3152ea0a50>,46,3,[2 7],47,-1,119,-1,116
1,<environment.Job instance at 0x7f3152e87e60>,50,17,[ 1 13],51,-1,153,-1,136
1,<environment.Job instance at 0x7f3152e876e0>,53,14,[13  3],54,-1,175,-1,161
1,<environment.Job instance at 0x7f3152417c80>,3,1,[7 1],4,-1,5,-1,4
1,<environment.Job instance at 0x7f3152c15410>,4,23,[5 5],5,-1,28,-1,5
1,<environment.Job instance at 0x7f3152c15be0>,5,23,[ 2 12],6,-1,29,-1,6
1,<environment.Job instance at 0x7f3152c152d0>,7,25,[7 3],8,-1,33,-1,8
1,<environment.Job instance at 0x7f3152c15d70>,8,1,[12  5],9,-1,10,-1,9
1,<environment.Job instance at 0x7f3152c15fa0>,10,27,[5 2],11,-1,39,-1,12
1,<environment.Job instance at 0x7f3153015dc0>,31,1,[10  1],32,-1,137,-1,136
1,<environment.Job instance at 0x7f3153015b90>,32,1,[10  1],33,-1,137,-1,136
1,<environment.Job instance at 0x7f3152c15c30>,5,27,[3 8],6,-1,34,-1,7
1,<environment.Job instance at 0x7f3151ec3c80>,8,28,[2 6],9,-1,37,-1,9
1,<environment.Job instance at 0x7f3151ec8e60>,9,28,[7 1],10,-1,38,-1,10
1,<environment.Job instance at 0x7f3151ec8be0>,10,26,[10  3],11,-1,37,-1,11
1,<environment.Job instance at 0x7f3151ec8a00>,11,27,[5 2],12,-1,39,-1,12
1,<environment.Job instance at 0x7f3151ec8f50>,12,12,[ 3 13],13,-1,25,-1,13
1,<environment.Job instance at 0x7f3151ec84b0>,13,17,[14  5],14,-1,31,-1,14
1,<environment.Job instance at 0x7f315277dbe0>,14,15,[14  2],15,-1,30,-1,15
1,<environment.Job instance at 0x7f315277daa0>,15,15,[ 1 12],16,-1,31,-1,16
1,<environment.Job instance at 0x7f3151e932d0>,23,1,[9 3],24,-1,53,-1,52
1,<environment.Job instance at 0x7f3151e934b0>,26,21,[11  3],27,-1,94,-1,73
1,<environment.Job instance at 0x7f3151e939b0>,27,2,[1 8],28,-1,75,-1,73
1,<environment.Job instance at 0x7f3151e93960>,30,12,[11  2],31,-1,102,-1,90
1,<environment.Job instance at 0x7f3151e93b90>,31,18,[ 3 11],32,-1,108,-1,90
1,<environment.Job instance at 0x7f3152e8ff50>,34,24,[2 8],35,-1,129,-1,105
1,<environment.Job instance at 0x7f3152f3e140>,35,24,[5 7],36,-1,129,-1,105
1,<environment.Job instance at 0x7f3152f3e1e0>,36,13,[14  2],37,-1,118,-1,105
1,<environment.Job instance at 0x7f3152ea7690>,37,12,[ 5 14],38,-1,117,-1,105
1,<environment.Job instance at 0x7f3152478230>,38,28,[11  4],39,-1,133,-1,105
1,<environment.Job instance at 0x7f3152478a00>,39,1,[1 6],40,-1,106,-1,105
1,<environment.Job instance at 0x7f3152ea7050>,40,26,[1 8],41,-1,131,-1,105
1,<environment.Job instance at 0x7f3152777820>,44,3,[7 5],45,-1,122,-1,119
1,<environment.Job instance at 0x7f3152f67c30>,45,24,[5 3],46,-1,143,-1,119
1,<environment.Job instance at 0x7f3152f67dc0>,46,15,[ 1 14],47,-1,134,-1,119
1,<environment.Job instance at 0x7f3152f66730>,47,1,[ 3 13],48,-1,120,-1,119
1,<environment.Job instance at 0x7f315276d550>,48,23,[11  4],49,-1,142,-1,119
1,<environment.Job instance at 0x7f315275a280>,51,3,[2 7],52,-1,154,-1,151
1,<environment.Job instance at 0x7f3152776b40>,9,27,[1 9],10,-1,62,-1,35
1,<environment.Job instance at 0x7f3152776e10>,10,25,[ 3 12],11,-1,60,-1,35
1,<environment.Job instance at 0x7f315276e910>,12,20,[ 1 13],13,-1,58,-1,38
1,<environment.Job instance at 0x7f315276e780>,13,1,[5 6],14,-1,39,-1,38
1,<environment.Job instance at 0x7f315276ea50>,14,23,[10  3],15,-1,61,-1,38
1,<environment.Job instance at 0x7f315276e550>,15,15,[ 2 11],16,-1,53,-1,38
1,<environment.Job instance at 0x7f315276e730>,18,26,[2 5],19,-1,77,-1,51
1,<environment.Job instance at 0x7f315276ecd0>,21,3,[ 2 10],22,-1,69,-1,66
1,<environment.Job instance at 0x7f315276ef50>,24,22,[8 1],25,-1,103,-1,81
1,<environment.Job instance at 0x7f315278efa0>,28,18,[14  5],29,-1,99,-1,81
1,<environment.Job instance at 0x7f315278e7d0>,29,15,[ 1 12],30,-1,96,-1,81
1,<environment.Job instance at 0x7f315278ef50>,33,14,[ 5 11],34,-1,120,-1,106
1,<environment.Job instance at 0x7f315278e8c0>,37,16,[14  4],38,-1,142,-1,126
1,<environment.Job instance at 0x7f315278e500>,39,16,[ 3 14],40,-1,156,-1,140
1,<environment.Job instance at 0x7f315278eb40>,3,25,[ 2 10],4,-1,29,-1,4
1,<environment.Job instance at 0x7f3151fc7f50>,4,2,[ 2 10],5,-1,8,-1,6
1,<environment.Job instance at 0x7f3151fc7690>,6,23,[5 3],7,-1,30,-1,7
1,<environment.Job instance at 0x7f3151fc7500>,7,26,[1 7],8,-1,34,-1,8
1,<environment.Job instance at 0x7f3151fc76e0>,8,14,[4 5],9,-1,24,-1,10
1,<environment.Job instance at 0x7f3151f9fcd0>,10,27,[ 1 14],11,-1,38,-1,11
1,<environment.Job instance at 0x7f3151f9f410>,11,18,[1 7],12,-1,30,-1,12
1,<environment.Job instance at 0x7f3151f9fe60>,13,28,[ 5 13],14,-1,42,-1,14
1,<environment.Job instance at 0x7f3151f5da50>,21,1,[ 2 13],22,-1,49,-1,48
1,<environment.Job instance at 0x7f3151f8c3c0>,23,3,[6 4],24,-1,67,-1,64
1,<environment.Job instance at 0x7f3151f6dcd0>,27,2,[11  1],28,-1,96,-1,94
1,<environment.Job instance at 0x7f3153328e10>,28,2,[5 3],29,-1,96,-1,94
1,<environment.Job instance at 0x7f31524a9f50>,33,25,[ 5 10],34,-1,140,-1,115
1,<environment.Job instance at 0x7f31524a9b90>,34,2,[12  3],35,-1,117,-1,115
1,<environment.Job instance at 0x7f3151f76960>,35,20,[ 4 11],36,-1,135,-1,115
1,<environment.Job instance at 0x7f3153344050>,37,15,[14  2],38,-1,130,-1,115
1,<environment.Job instance at 0x7f31533430f0>,38,12,[13  3],39,-1,127,-1,115
1,<environment.Job instance at 0x7f315290a960>,43,3,[8 3],44,-1,169,-1,166
1,<environment.Job instance at 0x7f3152c56870>,4,1,[14  4],5,-1,6,-1,5
1,<environment.Job instance at 0x7f3152c56230>,8,25,[14  3],9,-1,45,-1,20
1,<environment.Job instance at 0x7f3152c56730>,6,17,[3 9],7,-1,48,-1,31
1,<environment.Job instance at 0x7f31533084b0>,12,1,[2 6],13,-1,32,-1,31
1,<environment.Job instance at 0x7f3153308690>,13,15,[10  2],14,-1,46,-1,31
1,<environment.Job instance at 0x7f3153308e60>,14,14,[8 5],15,-1,45,-1,31
1,<environment.Job instance at 0x7f3153308320>,15,15,[11  3],16,-1,46,-1,31
1,<environment.Job instance at 0x7f3153308af0>,16,28,[4 7],17,-1,59,-1,31
1,<environment.Job instance at 0x7f3153308640>,17,13,[5 9],18,-1,44,-1,31
1,<environment.Job instance at 0x7f31533087d0>,18,3,[ 4 13],19,-1,34,-1,31
1,<environment.Job instance at 0x7f31533081e0>,21,12,[13  1],22,-1,49,-1,37
1,<environment.Job instance at 0x7f3153308140>,22,13,[5 9],23,-1,50,-1,37
1,<environment.Job instance at 0x7f3153308be0>,23,13,[ 4 13],24,-1,50,-1,37
1,<environment.Job instance at 0x7f31533080f0>,24,18,[11  5],25,-1,55,-1,37
1,<environment.Job instance at 0x7f3153308fa0>,25,15,[5 1],26,-1,52,-1,37
1,<environment.Job instance at 0x7f3153308230>,26,12,[2 7],27,-1,56,-1,44
1,<environment.Job instance at 0x7f3153308870>,27,24,[10  4],28,-1,68,-1,44
1,<environment.Job instance at 0x7f31533083c0>,28,25,[5 1],29,-1,69,-1,44
1,<environment.Job instance at 0x7f3152c56320>,9,27,[14  3],10,-1,95,-1,68
1,<environment.Job instance at 0x7f3152ec9410>,34,26,[ 5 13],35,-1,112,-1,86
1,<environment.Job instance at 0x7f3152ec9640>,44,27,[5 6],45,-1,180,-1,153
1,<environment.Job instance at 0x7f3152ec97d0>,46,2,[4 6],47,-1,167,-1,165
1,<environment.Job instance at 0x7f3152ec9780>,47,26,[ 2 12],48,-1,191,-1,165
1,<environment.Job instance at 0x7f3153390b40>,49,3,[ 2 11],50,-1,169,-1,166
1,<environment.Job instance at 0x7f3153390b40>,3,13,[ 1 13],4,-1,17,-1,4
1,<environment.Job instance at 0x7f3152cd29b0>,8,26,[ 5 10],9,-1,35,-1,9
1,<environment.Job instance at 0x7f3152cd2d70>,9,27,[2 7],10,-1,37,-1,10
1,<environment.Job instance at 0x7f3152cd2c30>,15,26,[11  4],16,-1,50,-1,24
1,<environment.Job instance at 0x7f3152cd2aa0>,22,18,[ 1 13],23,-1,59,-1,41
1,<environment.Job instance at 0x7f3152cd2f50>,23,12,[12  2],24,-1,53,-1,41
1,<environment.Job instance at 0x7f3152cb8780>,29,3,[ 5 12],30,-1,85,-1,82
1,<environment.Job instance at 0x7f3152cb8f50>,34,3,[5 7],35,-1,115,-1,112
1,<environment.Job instance at 0x7f31527b5d20>,7,15,[5 1],8,-1,24,-1,9
1,<environment.Job instance at 0x7f31527b57d0>,9,2,[ 2 11],10,-1,12,-1,10
1,<environment.Job instance at 0x7f31527b55a0>,11,3,[7 5],12,-1,15,-1,12
1,<environment.Job instance at 0x7f31527b5640>,18,14,[12  4],19,-1,44,-1,30
1,<environment.Job instance at 0x7f31527b5370>,19,3,[1 6],20,-1,33,-1,30
1,<environment.Job instance at 0x7f31527b5e60>,20,25,[ 4 10],21,-1,55,-1,30
1,<environment.Job instance at 0x7f31527b56e0>,21,22,[9 1],22,-1,52,-1,30
1,<environment.Job instance at 0x7f31527b5960>,23,1,[6 5],24,-1,45,-1,44
1,<environment.Job instance at 0x7f31527b58c0>,24,14,[ 2 11],25,-1,58,-1,44
1,<environment.Job instance at 0x7f31527b5fa0>,25,18,[ 2 11],26,-1,62,-1,44
1,<environment.Job instance at 0x7f31527b5a00>,26,18,[12  3],27,-1,62,-1,44
1,<environment.Job instance at 0x7f31527b5a50>,27,19,[ 2 12],28,-1,63,-1,44
1,<environment.Job instance at 0x7f3152febd20>,30,17,[ 5 14],31,-1,64,-1,47
1,<environment.Job instance at 0x7f3152feb640>,31,25,[ 1 11],32,-1,72,-1,47
1,<environment.Job instance at 0x7f3152feb730>,32,1,[3 7],33,-1,48,-1,47
1,<environment.Job instance at 0x7f3152febf50>,35,23,[8 4],36,-1,87,-1,64
1,<environment.Job instance at 0x7f3152febdc0>,36,12,[12  1],37,-1,76,-1,64
1,<environment.Job instance at 0x7f3152febd70>,37,2,[ 4 11],38,-1,66,-1,64
1,<environment.Job instance at 0x7f3152feb4b0>,39,3,[5 4],40,-1,83,-1,80
1,<environment.Job instance at 0x7f3152febcd0>,40,25,[5 1],41,-1,105,-1,80
1,<environment.Job instance at 0x7f3152feb410>,41,2,[14  3],42,-1,82,-1,80
1,<environment.Job instance at 0x7f3152feb8c0>,42,27,[10  5],43,-1,107,-1,80
1,<environment.Job instance at 0x7f3152feb1e0>,43,1,[ 3 11],44,-1,81,-1,80
1,<environment.Job instance at 0x7f3152feb820>,44,2,[6 5],45,-1,82,-1,80
1,<environment.Job instance at 0x7f3152feb2d0>,45,1,[ 4 10],46,-1,81,-1,80
1,<environment.Job instance at 0x7f3152febeb0>,46,16,[12  5],47,-1,96,-1,80
1,<environment.Job instance at 0x7f31522920a0>,47,3,[ 1 13],48,-1,83,-1,80
1,<environment.Job instance at 0x7f3152292780>,48,26,[ 1 12],49,-1,106,-1,80
1,<environment.Job instance at 0x7f3152292c80>,49,19,[12  1],50,-1,99,-1,80
1,<environment.Job instance at 0x7f3152292be0>,50,22,[ 2 12],51,-1,102,-1,80
1,<environment.Job instance at 0x7f3152292fa0>,53,17,[14  4],54,-1,112,-1,95
1,<environment.Job instance at 0x7f3152292cd0>,54,17,[12  2],55,-1,112,-1,95
1,<environment.Job instance at 0x7f3152292050>,55,17,[ 2 13],56,-1,112,-1,95
1,<environment.Job instance at 0x7f3152292f50>,57,26,[ 3 14],58,-1,121,-1,95
1,<environment.Job instance at 0x7f3152292820>,59,26,[1 5],60,-1,136,-1,110
1,<environment.Job instance at 0x7f31522922d0>,60,13,[2 8],61,-1,123,-1,110
1,<environment.Job instance at 0x7f31522929b0>,61,18,[11  2],62,-1,128,-1,110
1,<environment.Job instance at 0x7f3152292e60>,62,3,[5 5],63,-1,113,-1,110
1,<environment.Job instance at 0x7f3152292af0>,64,23,[7 1],65,-1,133,-1,110
1,<environment.Job instance at 0x7f3152292320>,65,12,[ 4 13],66,-1,122,-1,110
1,<environment.Job instance at 0x7f3151e93af0>,68,27,[ 3 12],69,-1,152,-1,125
1,<environment.Job instance at 0x7f3151e93b40>,69,24,[7 1],70,-1,149,-1,125
1,<environment.Job instance at 0x7f3151e935f0>,70,2,[5 1],71,-1,127,-1,125
1,<environment.Job instance at 0x7f3151e93640>,71,2,[ 2 12],72,-1,127,-1,125
1,<environment.Job instance at 0x7f3151e93550>,72,13,[ 3 11],73,-1,138,-1,125
1,<environment.Job instance at 0x7f3151e93280>,73,17,[ 1 10],74,-1,142,-1,125
1,<environment.Job instance at 0x7f3151e930a0>,76,15,[13  1],77,-1,155,-1,140
1,<environment.Job instance at 0x7f3151e93e60>,80,2,[12  4],81,-1,159,-1,157
1,<environment.Job instance at 0x7f31531a3f50>,4,12,[13  4],5,-1,17,-1,5
1,<environment.Job instance at 0x7f31531a3690>,5,3,[9 3],6,-1,10,-1,7
1,<environment.Job instance at 0x7f31531a3e60>,7,1,[13  2],8,-1,9,-1,8
1,<environment.Job instance at 0x7f3152e7a050>,11,2,[ 1 10],12,-1,15,-1,13
1,<environment.Job instance at 0x7f31531a30f0>,12,1,[7 4],13,-1,14,-1,13
1,<environment.Job instance at 0x7f3152e7a550>,24,1,[11  1],25,-1,96,-1,95
1,<environment.Job instance at 0x7f3152e36550>,25,1,[12  5],26,-1,96,-1,95
1,<environment.Job instance at 0x7f3152e7aeb0>,26,2,[1 8],27,-1,97,-1,95
1,<environment.Job instance at 0x7f3152e7ab40>,27,3,[9 3],28,-1,98,-1,95
1,<environment.Job instance at 0x7f3152e36a00>,28,28,[6 2],29,-1,123,-1,95
1,<environment.Job instance at 0x7f3152e99870>,30,22,[4 9],31,-1,125,-1,103
1,<environment.Job instance at 0x7f3152e99e10>,34,28,[ 4 10],35,-1,142,-1,114
1,<environment.Job instance at 0x7f3152e99f00>,35,25,[5 3],36,-1,139,-1,114
1,<environment.Job instance at 0x7f3152e99690>,37,2,[14  1],38,-1,121,-1,119
1,<environment.Job instance at 0x7f3152e99f50>,38,20,[3 9],39,-1,139,-1,119
1,<environment.Job instance at 0x7f3152e99640>,39,15,[ 2 13],40,-1,134,-1,119
1,<environment.Job instance at 0x7f3152e99aa0>,40,1,[7 5],41,-1,120,-1,119
1,<environment.Job instance at 0x7f3152e99b90>,41,2,[3 9],42,-1,121,-1,119
1,<environment.Job instance at 0x7f3152e99c30>,42,3,[7 4],43,-1,122,-1,119
1,<environment.Job instance at 0x7f3152e99460>,43,24,[5 8],44,-1,143,-1,119
1,<environment.Job instance at 0x7f3152790190>,45,24,[ 4 11],46,-1,158,-1,134
1,<environment.Job instance at 0x7f3152790aa0>,46,16,[ 2 10],47,-1,150,-1,134
1,<environment.Job instance at 0x7f3152790b40>,47,28,[8 4],48,-1,162,-1,134
1,<environment.Job instance at 0x7f3152790410>,49,16,[ 5 10],50,-1,161,-1,145
1,<environment.Job instance at 0x7f3152790cd0>,50,13,[10  3],51,-1,158,-1,145
1,<environment.Job instance at 0x7f3152790870>,52,24,[13  3],53,-1,178,-1,154
1,<environment.Job instance at 0x7f3152790c30>,53,16,[ 5 12],54,-1,170,-1,154
1,<environment.Job instance at 0x7f31527900a0>,54,2,[13  5],55,-1,156,-1,154
1,<environment.Job instance at 0x7f3152790910>,55,22,[ 3 12],56,-1,176,-1,154
1,<environment.Job instance at 0x7f31527907d0>,56,13,[14  4],57,-1,167,-1,154
1,<environment.Job instance at 0x7f31527905f0>,57,24,[ 2 14],58,-1,178,-1,154
1,<environment.Job instance at 0x7f31527906e0>,58,12,[6 1],59,-1,166,-1,154
1,<environment.Job instance at 0x7f3152790d20>,62,20,[13  3],63,-1,189,-1,169
1,<environment.Job instance at 0x7f315286b370>,7,28,[ 1 14],8,-1,36,-1,8
1,<environment.Job instance at 0x7f315286be60>,8,23,[5 6],9,-1,38,-1,15
1,<environment.Job instance at 0x7f315286b4b0>,11,23,[11  2],12,-1,38,-1,15
1,<environment.Job instance at 0x7f315286b500>,14,27,[ 5 10],15,-1,63,-1,36
1,<environment.Job instance at 0x7f315286bb90>,15,28,[13  4],16,-1,64,-1,36
1,<environment.Job instance at 0x7f315286baf0>,16,24,[5 2],17,-1,61,-1,37
1,<environment.Job instance at 0x7f315286ba50>,18,25,[11  1],19,-1,62,-1,37
1,<environment.Job instance at 0x7f315286b870>,19,20,[11  4],20,-1,61,-1,41
1,<environment.Job instance at 0x7f315286b550>,20,28,[6 5],21,-1,69,-1,41
1,<environment.Job instance at 0x7f315286b0f0>,21,26,[2 6],22,-1,67,-1,41
1,<environment.Job instance at 0x7f315286b1e0>,23,3,[2 7],24,-1,56,-1,53
1,<environment.Job instance at 0x7f3152894c30>,26,25,[ 4 13],27,-1,100,-1,75
1,<environment.Job instance at 0x7f31528944b0>,27,28,[1 6],28,-1,103,-1,75
1,<environment.Job instance at 0x7f3152894a00>,28,2,[1 6],29,-1,77,-1,75
1,<environment.Job instance at 0x7f3152894460>,29,22,[ 3 13],30,-1,97,-1,75
1,<environment.Job instance at 0x7f3152894e60>,30,15,[13  3],31,-1,90,-1,75
1,<environment.Job instance at 0x7f3152894c80>,31,1,[ 1 13],32,-1,76,-1,75
1,<environment.Job instance at 0x7f3152894eb0>,32,13,[12  5],33,-1,88,-1,75
1,<environment.Job instance at 0x7f3152894320>,36,19,[ 5 12],37,-1,113,-1,94
1,<environment.Job instance at 0x7f31520721e0>,8,13,[ 2 14],9,-1,22,-1,9
1,<environment.Job instance at 0x7f31520723c0>,9,13,[13  3],10,-1,23,-1,10
1,<environment.Job instance at 0x7f3152072050>,10,22,[11  5],11,-1,33,-1,11
1,<environment.Job instance at 0x7f3152072370>,11,26,[11  5],12,-1,38,-1,12
1,<environment.Job instance at 0x7f3152072140>,12,28,[5 8],13,-1,41,-1,13
1,<environment.Job instance at 0x7f3152072f50>,13,27,[1 7],14,-1,41,-1,14
1,<environment.Job instance at 0x7f3151b2e870>,14,3,[10  5],15,-1,18,-1,15
1,<environment.Job instance at 0x7f3151b2e370>,15,14,[ 1 13],16,-1,30,-1,16
1,<environment.Job instance at 0x7f3151b2e190>,16,1,[2 9],17,-1,18,-1,17
1,<environment.Job instance at 0x7f3151b2e820>,18,13,[ 1 12],19,-1,32,-1,19
1,<environment.Job instance at 0x7f3151b2e140>,19,23,[8 2],20,-1,43,-1,20
1,<environment.Job instance at 0x7f3151b2ea50>,20,23,[2 8],21,-1,44,-1,21
1,<environment.Job instance at 0x7f3151b2ec80>,26,19,[ 1 11],27,-1,67,-1,48
1,<environment.Job instance at 0x7f3151b2eaa0>,27,24,[ 1 13],28,-1,72,-1,48
1,<environment.Job instance at 0x7f3151b2e550>,30,14,[14  5],31,-1,77,-1,63
1,<environment.Job instance at 0x7f3152084be0>,34,12,[ 3 14],35,-1,90,-1,78
1,<environment.Job instance at 0x7f31520849b0>,37,23,[ 5 12],38,-1,119,-1,96
1,<environment.Job instance at 0x7f31520842d0>,40,28,[10  5],41,-1,132,-1,104
1,<environment.Job instance at 0x7f3152084410>,42,28,[ 3 14],43,-1,135,-1,107
1,<environment.Job instance at 0x7f3152084d20>,45,2,[14  4],46,-1,135,-1,133
1,<environment.Job instance at 0x7f31520841e0>,46,2,[10  2],47,-1,135,-1,133
1,<environment.Job instance at 0x7f31520848c0>,47,23,[5 7],48,-1,156,-1,133
1,<environment.Job instance at 0x7f315207aeb0>,48,28,[14  5],49,-1,161,-1,133
1,<environment.Job instance at 0x7f315207a5a0>,49,23,[10  5],50,-1,156,-1,133
1,<environment.Job instance at 0x7f315207afa0>,50,23,[3 7],51,-1,156,-1,133
1,<environment.Job instance at 0x7f315207a730>,51,24,[2 9],52,-1,157,-1,133
1,<environment.Job instance at 0x7f315207a230>,52,17,[14  1],53,-1,150,-1,133
1,<environment.Job instance at 0x7f315207a550>,53,22,[11  3],54,-1,155,-1,133
1,<environment.Job instance at 0x7f315207a460>,55,28,[ 2 14],56,-1,161,-1,133
1,<environment.Job instance at 0x7f315207a320>,56,23,[13  5],57,-1,156,-1,133
1,<environment.Job instance at 0x7f315207a280>,57,12,[ 4 13],58,-1,145,-1,133
1,<environment.Job instance at 0x7f315207a410>,58,20,[ 1 13],59,-1,153,-1,133
1,<environment.Job instance at 0x7f315207a500>,59,2,[11  2],60,-1,135,-1,133
1,<environment.Job instance at 0x7f315207a3c0>,60,21,[9 2],61,-1,181,-1,160
1,<environment.Job instance at 0x7f3152085d20>,64,18,[ 4 14],65,-1,178,-1,160
1,<environment.Job instance at 0x7f31520852d0>,65,1,[12  2],66,-1,161,-1,160
1,<environment.Job instance at 0x7f31520852d0>,3,27,[9 3],4,-1,31,-1,4
1,<environment.Job instance at 0x7f31532e6370>,8,21,[ 4 12],9,-1,30,-1,9
1,<environment.Job instance at 0x7f31527e6960>,10,3,[ 5 10],11,-1,15,-1,12
1,<environment.Job instance at 0x7f31527e62d0>,12,17,[13  2],13,-1,30,-1,13
1,<environment.Job instance at 0x7f31527e6690>,16,1,[5 3],17,-1,23,-1,22
1,<environment.Job instance at 0x7f31527e6af0>,17,12,[11  3],18,-1,34,-1,22
1,<environment.Job instance at 0x7f31527e6230>,18,2,[4 8],19,-1,24,-1,22
1,<environment.Job instance at 0x7f31527e6b90>,19,1,[ 5 10],20,-1,23,-1,22
1,<environment.Job instance at 0x7f31527e63c0>,20,1,[9 2],21,-1,23,-1,22
1,<environment.Job instance at 0x7f31527e6370>,23,1,[8 5],24,-1,35,-1,34
1,<environment.Job instance at 0x7f31527e6dc0>,24,1,[7 5],25,-1,35,-1,34
1,<environment.Job instance at 0x7f31527e68c0>,26,27,[4 6],27,-1,61,-1,34
1,<environment.Job instance at 0x7f3151e02f00>,33,3,[ 1 14],34,-1,78,-1,75
1,<environment.Job instance at 0x7f3151e02b40>,34,1,[13  3],35,-1,76,-1,75
1,<environment.Job instance at 0x7f3151e020f0>,35,27,[10  1],36,-1,102,-1,75
1,<environment.Job instance at 0x7f3151e025f0>,37,19,[ 2 11],38,-1,105,-1,86
1,<environment.Job instance at 0x7f3151e02320>,40,28,[8 2],41,-1,130,-1,102
1,<environment.Job instance at 0x7f3151e02dc0>,3,25,[14  2],4,-1,29,-1,4
1,<environment.Job instance at 0x7f31526aee60>,4,3,[14  1],5,-1,8,-1,5
1,<environment.Job instance at 0x7f315290caa0>,11,18,[ 5 14],12,-1,30,-1,12
1,<environment.Job instance at 0x7f315b94eeb0>,13,12,[ 3 13],14,-1,26,-1,14
1,<environment.Job instance at 0x7f315290c2d0>,14,23,[6 5],15,-1,38,-1,15
1,<environment.Job instance at 0x7f315290c280>,15,1,[6 4],16,-1,17,-1,16
1,<environment.Job instance at 0x7f31530c0a00>,16,3,[9 2],17,-1,20,-1,17
1,<environment.Job instance at 0x7f31530c0460>,17,2,[8 3],18,-1,20,-1,18
1,<environment.Job instance at 0x7f31530c03c0>,18,16,[13  4],19,-1,35,-1,19
1,<environment.Job instance at 0x7f31530c0b90>,19,2,[ 3 13],20,-1,22,-1,20
1,<environment.Job instance at 0x7f31530c0820>,20,16,[13  3],21,-1,37,-1,21
1,<environment.Job instance at 0x7f3152124320>,21,3,[7 4],22,-1,25,-1,22
1,<environment.Job instance at 0x7f3152ede730>,24,2,[10  4],25,-1,27,-1,25
1,<environment.Job instance at 0x7f31531640a0>,27,13,[ 5 11],28,-1,49,-1,36
1,<environment.Job instance at 0x7f315211c690>,28,3,[2 8],29,-1,39,-1,36
1,<environment.Job instance at 0x7f31532ac4b0>,29,24,[ 1 10],30,-1,60,-1,36
1,<environment.Job instance at 0x7f31532aca50>,30,2,[2 8],31,-1,38,-1,36
1,<environment.Job instance at 0x7f31532ac050>,31,26,[5 7],32,-1,62,-1,36
1,<environment.Job instance at 0x7f31532ac7d0>,32,28,[ 4 13],33,-1,64,-1,36
1,<environment.Job instance at 0x7f3153296cd0>,34,2,[2 9],35,-1,38,-1,36
1,<environment.Job instance at 0x7f3153296410>,35,28,[ 4 11],36,-1,64,-1,36
1,<environment.Job instance at 0x7f3153296fa0>,37,16,[14  4],38,-1,65,-1,49
1,<environment.Job instance at 0x7f3152916d70>,38,23,[ 3 10],39,-1,72,-1,49
1,<environment.Job instance at 0x7f3152916f50>,40,12,[12  5],41,-1,78,-1,66
1,<environment.Job instance at 0x7f3152916eb0>,41,1,[ 1 10],42,-1,67,-1,66
1,<environment.Job instance at 0x7f3152916280>,42,2,[1 5],43,-1,68,-1,66
1,<environment.Job instance at 0x7f31529160a0>,51,14,[9 1],52,-1,116,-1,102
1,<environment.Job instance at 0x7f3152916230>,53,23,[7 1],54,-1,139,-1,116
1,<environment.Job instance at 0x7f3152916730>,57,24,[8 4],58,-1,155,-1,131
1,<environment.Job instance at 0x7f31532afd20>,59,27,[7 2],60,-1,158,-1,131
1,<environment.Job instance at 0x7f31532af2d0>,60,22,[5 6],61,-1,164,-1,142
1,<environment.Job instance at 0x7f31532affa0>,62,13,[1 9],63,-1,155,-1,142
1,<environment.Job instance at 0x7f31532af1e0>,63,1,[10  1],64,-1,143,-1,142
1,<environment.Job instance at 0x7f31532afe10>,64,13,[ 1 12],65,-1,155,-1,142
1,<environment.Job instance at 0x7f31532afb90>,65,3,[5 1],66,-1,145,-1,142
1,<environment.Job instance at 0x7f31526e5a00>,67,21,[14  3],68,-1,181,-1,160
1,<environment.Job instance at 0x7f3152389d70>,68,14,[ 2 10],69,-1,174,-1,160
1,<environment.Job instance at 0x7f3152ea3be0>,70,18,[ 3 11],71,-1,178,-1,160
1,<environment.Job instance at 0x7f3152ea3960>,71,27,[1 8],72,-1,187,-1,160
1,<environment.Job instance at 0x7f3152ea3910>,72,3,[ 5 12],73,-1,163,-1,160
1,<environment.Job instance at 0x7f3152ea3d70>,73,2,[ 5 14],74,-1,162,-1,160
1,<environment.Job instance at 0x7f3152ea3af0>,74,12,[11  4],75,-1,172,-1,160
1,<environment.Job instance at 0x7f3152228d70>,1,27,[3 7],2,-1,29,-1,2
1,<environment.Job instance at 0x7f3151f214b0>,5,1,[11  3],6,-1,8,-1,7
1,<environment.Job instance at 0x7f3151f3ba00>,7,25,[6 4],8,-1,33,-1,8
1,<environment.Job instance at 0x7f3151f3bb90>,8,25,[8 1],9,-1,34,-1,9
1,<environment.Job instance at 0x7f3151f3bbe0>,9,14,[14  1],10,-1,24,-1,10
1,<environment.Job instance at 0x7f3151f3b9b0>,14,27,[10  1],15,-1,44,-1,17
1,<environment.Job instance at 0x7f3151f3b8c0>,15,23,[10  1],16,-1,40,-1,17
1,<environment.Job instance at 0x7f3152187690>,17,26,[10  2],18,-1,57,-1,31
1,<environment.Job instance at 0x7f3152187730>,18,3,[ 3 12],19,-1,34,-1,31
1,<environment.Job instance at 0x7f3152187190>,20,16,[ 1 10],21,-1,50,-1,34
1,<environment.Job instance at 0x7f3152187780>,21,1,[3 5],22,-1,35,-1,34
1,<environment.Job instance at 0x7f3152187f00>,22,25,[10  1],23,-1,59,-1,34
1,<environment.Job instance at 0x7f3152187a50>,23,1,[3 8],24,-1,35,-1,34
1,<environment.Job instance at 0x7f3152187a00>,25,24,[4 8],26,-1,71,-1,47
1,<environment.Job instance at 0x7f3152187d70>,26,17,[5 8],27,-1,146,-1,129
1,<environment.Job instance at 0x7f31524d41e0>,37,18,[9 1],38,-1,147,-1,129
1,<environment.Job instance at 0x7f31524d4320>,35,17,[8 2],36,-1,146,-1,129
1,<environment.Job instance at 0x7f31524d45f0>,39,25,[9 1],40,-1,154,-1,129
1,<environment.Job instance at 0x7f31524d4050>,38,16,[ 1 10],39,-1,145,-1,129
1,<environment.Job instance at 0x7f31524d43c0>,41,13,[13  1],42,-1,142,-1,129
1,<environment.Job instance at 0x7f31524d4dc0>,42,17,[ 2 12],43,-1,146,-1,129
1,<environment.Job instance at 0x7f31524d4d20>,43,14,[11  1],44,-1,143,-1,129
1,<environment.Job instance at 0x7f31524d4690>,44,26,[14  4],45,-1,155,-1,129
1,<environment.Job instance at 0x7f31524d4640>,46,1,[8 3],47,-1,136,-1,135
1,<environment.Job instance at 0x7f31524d4e60>,47,25,[10  1],48,-1,160,-1,135
1,<environment.Job instance at 0x7f31524d4aa0>,48,13,[ 2 11],49,-1,148,-1,135
1,<environment.Job instance at 0x7f3153202eb0>,49,28,[1 7],50,-1,163,-1,135
1,<environment.Job instance at 0x7f3153202b40>,50,15,[ 3 12],51,-1,150,-1,135
1,<environment.Job instance at 0x7f3153202690>,51,17,[10  5],52,-1,168,-1,151
1,<environment.Job instance at 0x7f31532026e0>,55,20,[ 5 11],56,-1,171,-1,151
1,<environment.Job instance at 0x7f31532025a0>,54,28,[14  2],55,-1,179,-1,151
1,<environment.Job instance at 0x7f3153202aa0>,56,2,[ 5 10],57,-1,153,-1,151
1,<environment.Job instance at 0x7f3153202320>,58,16,[10  1],59,-1,167,-1,151
1,<environment.Job instance at 0x7f3153202c80>,59,14,[12  2],60,-1,165,-1,151
1,<environment.Job instance at 0x7f3153202f00>,60,18,[3 7],61,-1,169,-1,151
1,<environment.Job instance at 0x7f3153202f50>,62,2,[8 4],63,-1,161,-1,159
1,<environment.Job instance at 0x7f3153202910>,57,18,[5 4],58,-1,177,-1,159
1,<environment.Job instance at 0x7f3153202fa0>,63,2,[5 2],64,-1,161,-1,159
1,<environment.Job instance at 0x7f3153202410>,65,1,[ 3 12],66,-1,160,-1,159
1,<environment.Job instance at 0x7f3153202370>,66,14,[11  2],67,-1,173,-1,159
1,<environment.Job instance at 0x7f3153202140>,67,17,[ 1 10],68,-1,176,-1,159
1,<environment.Job instance at 0x7f31524ea9b0>,68,16,[10  1],69,-1,175,-1,159
1,<environment.Job instance at 0x7f31524ea190>,69,15,[10  1],70,-1,174,-1,159
1,<environment.Job instance at 0x7f31524ea280>,70,18,[9 4],71,-1,179,-1,161
1,<environment.Job instance at 0x7f31524ea550>,71,23,[1 8],72,-1,184,-1,161
1,<environment.Job instance at 0x7f31524ea6e0>,72,3,[5 5],73,-1,164,-1,161
1,<environment.Job instance at 0x7f31524ead70>,73,15,[ 2 14],74,-1,176,-1,161
1,<environment.Job instance at 0x7f31524eafa0>,74,27,[ 4 13],75,-1,188,-1,161
1,<environment.Job instance at 0x7f31524ea2d0>,75,16,[4 5],76,-1,177,-1,161
1,<environment.Job instance at 0x7f31524eae60>,76,23,[3 9],77,-1,184,-1,161
1,<environment.Job instance at 0x7f31524eac30>,77,20,[9 1],78,-1,181,-1,161
1,<environment.Job instance at 0x7f31524ea820>,78,3,[14  1],79,-1,164,-1,161
1,<environment.Job instance at 0x7f31524ea0a0>,80,3,[6 4],81,-1,164,-1,161
1,<environment.Job instance at 0x7f31524eaf00>,81,3,[10  5],82,-1,164,-1,161
1,<environment.Job instance at 0x7f31524ea460>,82,20,[5 3],83,-1,181,-1,161
1,<environment.Job instance at 0x7f315335fc30>,83,2,[10  4],84,-1,163,-1,161
1,<environment.Job instance at 0x7f315335f3c0>,84,13,[10  1],85,-1,174,-1,161
1,<environment.Job instance at 0x7f315335f320>,85,13,[5 3],86,-1,174,-1,161
1,<environment.Job instance at 0x7f315335f2d0>,86,3,[10  3],87,-1,164,-1,161
1,<environment.Job instance at 0x7f315335f500>,87,2,[ 1 14],88,-1,163,-1,161
1,<environment.Job instance at 0x7f315335f410>,88,15,[5 5],89,-1,176,-1,161
1,<environment.Job instance at 0x7f315335f230>,89,16,[7 5],90,-1,177,-1,161
1,<environment.Job instance at 0x7f315335f4b0>,90,25,[2 9],91,-1,186,-1,161
1,<environment.Job instance at 0x7f315335ff00>,91,18,[10  1],92,-1,179,-1,161
1,<environment.Job instance at 0x7f315335f0f0>,92,20,[6 5],93,-1,181,-1,161
1,<environment.Job instance at 0x7f315335faf0>,93,14,[ 5 13],94,-1,175,-1,161
1,<environment.Job instance at 0x7f315335fb40>,94,2,[14  1],95,-1,163,-1,161
1,<environment.Job instance at 0x7f315335f690>,95,15,[ 2 13],96,-1,176,-1,161
1,<environment.Job instance at 0x7f315335f550>,96,18,[4 9],97,-1,179,-1,161
1,<environment.Job instance at 0x7f315335f640>,97,23,[10  4],98,-1,184,-1,161
1,<environment.Job instance at 0x7f315335feb0>,98,19,[ 5 10],99,-1,180,-1,161
1,<environment.Job instance at 0x7f315335f6e0>,99,26,[11  1],100,-1,187,-1,161
1,<environment.Job instance at 0x7f315335fdc0>,100,28,[1 9],101,-1,189,-1,161
1,<environment.Job instance at 0x7f315335fd20>,101,19,[ 2 11],102,-1,180,-1,161
1,<environment.Job instance at 0x7f315335f910>,102,28,[ 3 11],103,-1,189,-1,161
1,<environment.Job instance at 0x7f315335fe10>,103,17,[5 2],104,-1,178,-1,161
1,<environment.Job instance at 0x7f315335ff50>,104,26,[2 5],105,-1,187,-1,161
1,<environment.Job instance at 0x7f3151f72f50>,105,3,[10  2],106,-1,164,-1,161
1,<environment.Job instance at 0x7f3151f72820>,106,26,[ 2 10],107,-1,187,-1,161
1,<environment.Job instance at 0x7f3151f72be0>,107,24,[ 4 10],108,-1,185,-1,161
1,<environment.Job instance at 0x7f3151f72a00>,108,13,[4 7],109,-1,174,-1,161
1,<environment.Job instance at 0x7f3151f72c30>,109,18,[10  3],110,-1,179,-1,161
1,<environment.Job instance at 0x7f3151f726e0>,110,15,[7 4],111,-1,176,-1,161
1,<environment.Job instance at 0x7f3151f72b90>,111,18,[12  3],112,-1,179,-1,161
1,<environment.Job instance at 0x7f3151f725a0>,112,21,[9 1],113,-1,182,-1,161
1,<environment.Job instance at 0x7f3151f72e60>,113,15,[13  1],114,-1,176,-1,161
1,<environment.Job instance at 0x7f3151f72960>,114,14,[10  3],115,-1,175,-1,161
1,<environment.Job instance at 0x7f3151f72690>,115,26,[7 4],116,-1,187,-1,161
1,<environment.Job instance at 0x7f3151f72410>,116,26,[2 5],117,-1,187,-1,161
1,<environment.Job instance at 0x7f3151f72460>,117,12,[12  2],118,-1,173,-1,161
1,<environment.Job instance at 0x7f3151f72550>,118,2,[10  4],119,-1,163,-1,161
1,<environment.Job instance at 0x7f3151f72230>,119,3,[11  4],120,-1,164,-1,161
1,<environment.Job instance at 0x7f3151f727d0>,120,16,[9 2],121,-1,177,-1,161
1,<environment.Job instance at 0x7f3151f72870>,121,20,[11  5],122,-1,181,-1,161
1,<environment.Job instance at 0x7f3151f729b0>,122,1,[13  1],123,-1,162,-1,161
1,<environment.Job instance at 0x7f3151f722d0>,123,15,[3 6],124,-1,176,-1,161
1,<environment.Job instance at 0x7f3151f72280>,124,18,[2 9],125,-1,179,-1,161
1,<environment.Job instance at 0x7f3151f72f00>,125,18,[3 9],126,-1,179,-1,161
1,<environment.Job instance at 0x7f3151f72d70>,126,13,[9 2],127,-1,174,-1,161
1,<environment.Job instance at 0x7f3151f72500>,127,2,[3 5],128,-1,163,-1,161
1,<environment.Job instance at 0x7f31532dfcd0>,128,21,[1 6],129,-1,182,-1,161
1,<environment.Job instance at 0x7f31532dfaf0>,129,1,[ 3 13],130,-1,162,-1,161
1,<environment.Job instance at 0x7f31532df870>,130,16,[13  4],131,-1,177,-1,161
1,<environment.Job instance at 0x7f31532df730>,131,22,[4 9],132,-1,183,-1,161
1,<environment.Job instance at 0x7f31532df4b0>,132,16,[10  1],133,-1,177,-1,161
1,<environment.Job instance at 0x7f31532df500>,133,2,[ 5 14],134,-1,163,-1,161
1,<environment.Job instance at 0x7f31532dfeb0>,134,20,[7 1],135,-1,181,-1,161
1,<environment.Job instance at 0x7f315322fbe0>,135,12,[6 1],136,-1,173,-1,161
1,<environment.Job instance at 0x7f315322fc80>,136,15,[12  3],137,-1,176,-1,161
1,<environment.Job instance at 0x7f315322f690>,137,20,[ 3 14],138,-1,181,-1,161
1,<environment.Job instance at 0x7f315322fe10>,138,13,[5 3],139,-1,174,-1,161
1,<environment.Job instance at 0x7f3153201870>,139,3,[8 4],140,-1,164,-1,161
1,<environment.Job instance at 0x7f315322fd70>,140,22,[8 5],141,-1,183,-1,161
1,<environment.Job instance at 0x7f315322f2d0>,141,1,[4 6],142,-1,162,-1,161
1,<environment.Job instance at 0x7f3151aa7050>,142,16,[1 5],143,-1,177,-1,161
1,<environment.Job instance at 0x7f3152099780>,4,23,[ 4 11],5,-1,28,-1,5
1,<environment.Job instance at 0x7f3152099910>,5,27,[5 3],6,-1,34,-1,7
1,<environment.Job instance at 0x7f31520b1230>,18,24,[7 5],19,-1,105,-1,81
1,<environment.Job instance at 0x7f31520b1370>,20,25,[ 1 14],21,-1,106,-1,81
1,<environment.Job instance at 0x7f31520b1550>,23,15,[12  2],24,-1,96,-1,81
1,<environment.Job instance at 0x7f31520b18c0>,29,25,[9 5],30,-1,137,-1,112
1,<environment.Job instance at 0x7f31520b1cd0>,34,1,[11  2],35,-1,140,-1,139
1,<environment.Job instance at 0x7f31520b1d70>,35,2,[ 5 11],36,-1,141,-1,139
1,<environment.Job instance at 0x7f31520b1e10>,36,14,[13  2],37,-1,153,-1,139
1,<environment.Job instance at 0x7f31520b1f50>,38,13,[13  3],39,-1,164,-1,151
1,<environment.Job instance at 0x7f31520b1870>,39,25,[ 3 11],40,-1,176,-1,151
1,<environment.Job instance at 0x7f31520b1960>,40,26,[8 4],41,-1,177,-1,151
1,<environment.Job instance at 0x7f31520ba2d0>,43,14,[12  3],44,-1,178,-1,164
1,<environment.Job instance at 0x7f31520ba410>,44,1,[ 4 10],45,-1,165,-1,164
1,<environment.Job instance at 0x7f50e4a7f5a0>,3,3,[ 4 14],4,-1,7,-1,4
1,<environment.Job instance at 0x7f50ee1f71e0>,5,24,[1 5],6,-1,33,-1,9
1,<environment.Job instance at 0x7f50e4a7f870>,9,18,[ 2 13],10,-1,28,-1,10
1,<environment.Job instance at 0x7f50e4a7fa50>,10,18,[ 3 11],11,-1,29,-1,11
1,<environment.Job instance at 0x7f50e4a7faa0>,11,1,[8 5],12,-1,13,-1,12
1,<environment.Job instance at 0x7f50e4a7fb40>,12,13,[10  2],13,-1,26,-1,13
1,<environment.Job instance at 0x7f50e4a7fbe0>,13,28,[ 4 14],14,-1,42,-1,14
1,<environment.Job instance at 0x7f50e4a7ff50>,17,28,[ 5 10],18,-1,57,-1,29
1,<environment.Job instance at 0x7f50e4a7fd20>,18,3,[ 4 13],19,-1,32,-1,29
1,<environment.Job instance at 0x7f50e4a7fdc0>,19,14,[ 3 11],20,-1,43,-1,29
1,<environment.Job instance at 0x7f50e4a81190>,20,1,[13  5],21,-1,30,-1,29
1,<environment.Job instance at 0x7f50e4a81230>,21,1,[6 5],22,-1,30,-1,29
1,<environment.Job instance at 0x7f50e4a812d0>,22,1,[2 7],23,-1,30,-1,29
1,<environment.Job instance at 0x7f50e4a81370>,23,27,[ 1 14],24,-1,56,-1,29
1,<environment.Job instance at 0x7f50e4a81410>,24,18,[ 4 10],25,-1,69,-1,51
1,<environment.Job instance at 0x7f50e4a81550>,26,26,[5 5],27,-1,77,-1,51
1,<environment.Job instance at 0x7f50e4a81690>,28,25,[5 7],29,-1,76,-1,51
1,<environment.Job instance at 0x7f50e4a81780>,29,25,[ 4 11],30,-1,76,-1,51
1,<environment.Job instance at 0x7f50e4a81870>,30,22,[ 5 13],31,-1,73,-1,51
1,<environment.Job instance at 0x7f50e4a819b0>,31,27,[4 8],32,-1,78,-1,51
1,<environment.Job instance at 0x7f50e4a81af0>,33,1,[11  3],34,-1,52,-1,51
1,<environment.Job instance at 0x7f50e4a81c30>,35,2,[1 8],36,-1,63,-1,61
1,<environment.Job instance at 0x7f50e4a81be0>,37,13,[ 3 14],38,-1,74,-1,61
1,<environment.Job instance at 0x7f50e4a81dc0>,38,28,[ 2 12],39,-1,89,-1,61
1,<environment.Job instance at 0x7f50e4a81e60>,39,20,[ 1 10],40,-1,81,-1,61
1,<environment.Job instance at 0x7f50e4a81f50>,40,24,[5 6],41,-1,85,-1,61
1,<environment.Job instance at 0x7f50e4a81f00>,42,27,[5 2],43,-1,102,-1,75
1,<environment.Job instance at 0x7f50e4a852d0>,45,24,[ 1 13],46,-1,117,-1,93
1,<environment.Job instance at 0x7f50e4a85410>,47,17,[12  2],48,-1,111,-1,94
1,<environment.Job instance at 0x7f50e4a855f0>,50,16,[ 2 11],51,-1,129,-1,113
1,<environment.Job instance at 0x7f50e4a857d0>,51,16,[12  2],52,-1,129,-1,113
1,<environment.Job instance at 0x7f50e4a85690>,53,27,[8 5],54,-1,141,-1,114
1,<environment.Job instance at 0x7f50e4a85870>,55,13,[13  1],56,-1,143,-1,130
1,<environment.Job instance at 0x7f50e4a85910>,56,20,[ 3 10],57,-1,150,-1,130
1,<environment.Job instance at 0x7f50e4a85b90>,60,17,[1 6],61,-1,165,-1,148
1,<environment.Job instance at 0x7f50e4a85d70>,61,23,[1 5],62,-1,171,-1,148
1,<environment.Job instance at 0x7f50e4a85f00>,62,3,[5 5],63,-1,151,-1,148
1,<environment.Job instance at 0x7f50e4a85fa0>,63,14,[8 1],64,-1,162,-1,148
1,<environment.Job instance at 0x7f50e4a85f50>,64,20,[10  2],65,-1,179,-1,159
1,<environment.Job instance at 0x7f50e4a85dc0>,65,2,[10  4],66,-1,161,-1,159
1,<environment.Job instance at 0x7f50e4a870a0>,66,13,[ 2 14],67,-1,172,-1,159
1,<environment.Job instance at 0x7f50e4a87370>,68,27,[ 1 10],69,-1,193,-1,166
1,<environment.Job instance at 0x7f50e4a87410>,69,2,[ 3 10],70,-1,168,-1,166
1,<environment.Job instance at 0x7f50e4a874b0>,70,13,[ 3 12],71,-1,179,-1,166
1,<environment.Job instance at 0x7f50e4a87550>,71,21,[10  2],72,-1,200,-1,179
1,<environment.Job instance at 0x7f50e4a87690>,73,2,[5 9],74,-1,181,-1,179
1,<environment.Job instance at 0x7f50e4a87730>,74,13,[6 3],75,-1,192,-1,179
1,<environment.Job instance at 0x7f50e4a87780>,75,14,[5 1],76,-1,193,-1,179
1,<environment.Job instance at 0x7f50e4a87910>,76,14,[ 4 11],77,-1,193,-1,179
1,<environment.Job instance at 0x7f50e5155d20>,4,21,[ 4 12],5,-1,26,-1,5
1,<environment.Job instance at 0x7f50e5155960>,7,27,[2 9],8,-1,35,-1,8
1,<environment.Job instance at 0x7f50e51a8140>,25,28,[9 2],26,-1,110,-1,82
1,<environment.Job instance at 0x7f50e51a8370>,26,22,[6 1],27,-1,105,-1,83
1,<environment.Job instance at 0x7f50e51a86e0>,31,1,[ 2 14],32,-1,102,-1,101
1,<environment.Job instance at 0x7f50e51a85f0>,32,2,[12  2],33,-1,103,-1,101
1,<environment.Job instance at 0x7f50e51a8c80>,33,2,[5 9],34,-1,103,-1,101
1,<environment.Job instance at 0x7f50e51a81e0>,35,16,[11  1],36,-1,128,-1,112
1,<environment.Job instance at 0x7f50e51033c0>,38,17,[11  3],39,-1,149,-1,132
1,<environment.Job instance at 0x7f50e5103410>,39,14,[ 1 10],40,-1,151,-1,137
1,<environment.Job instance at 0x7f50e5103e10>,40,25,[6 2],41,-1,162,-1,137
1,<environment.Job instance at 0x7f50e5103fa0>,41,18,[12  4],42,-1,155,-1,137
1,<environment.Job instance at 0x7f50e5103c30>,45,14,[10  1],46,-1,181,-1,167
1,<environment.Job instance at 0x7f50e5103eb0>,47,15,[13  5],48,-1,182,-1,167
1,<environment.Job instance at 0x7f50e5103550>,50,27,[14  3],51,-1,201,-1,174
1,<environment.Job instance at 0x7f50e4180460>,5,25,[ 5 10],6,-1,31,-1,6
1,<environment.Job instance at 0x7f50e4198af0>,8,20,[14  4],9,-1,29,-1,9
1,<environment.Job instance at 0x7f50e4198960>,10,27,[ 4 10],11,-1,38,-1,11
1,<environment.Job instance at 0x7f50e41985f0>,11,25,[12  4],12,-1,37,-1,12
1,<environment.Job instance at 0x7f50e4198500>,12,2,[5 7],13,-1,15,-1,13
1,<environment.Job instance at 0x7f50e41987d0>,13,27,[3 8],14,-1,41,-1,14
1,<environment.Job instance at 0x7f50e41989b0>,14,13,[11  5],15,-1,28,-1,15
1,<environment.Job instance at 0x7f50e41982d0>,15,24,[8 4],16,-1,40,-1,16
1,<environment.Job instance at 0x7f50e4198aa0>,17,2,[6 3],18,-1,20,-1,18
1,<environment.Job instance at 0x7f50e4198730>,18,3,[13  2],19,-1,22,-1,19
1,<environment.Job instance at 0x7f50e4198050>,20,3,[1 6],21,-1,24,-1,21
1,<environment.Job instance at 0x7f50e4198e60>,21,17,[12  4],22,-1,39,-1,22
1,<environment.Job instance at 0x7f50e41980a0>,22,2,[5 5],23,-1,25,-1,23
1,<environment.Job instance at 0x7f50e4198eb0>,23,1,[7 4],24,-1,25,-1,24
1,<environment.Job instance at 0x7f50e41b1f00>,28,3,[5 5],29,-1,51,-1,48
1,<environment.Job instance at 0x7f50e41b1690>,30,26,[9 4],31,-1,92,-1,66
1,<environment.Job instance at 0x7f50e41b1b40>,31,1,[7 4],32,-1,67,-1,66
1,<environment.Job instance at 0x7f50e41b11e0>,32,2,[9 2],33,-1,68,-1,66
1,<environment.Job instance at 0x7f50e41b1730>,34,22,[ 1 12],35,-1,105,-1,83
1,<environment.Job instance at 0x7f50e41b1eb0>,36,26,[ 3 12],37,-1,109,-1,83
1,<environment.Job instance at 0x7f50e41b1c80>,37,1,[ 2 14],38,-1,84,-1,83
1,<environment.Job instance at 0x7f50e41b1be0>,38,2,[7 5],39,-1,85,-1,83
1,<environment.Job instance at 0x7f50e41b1870>,41,2,[ 2 14],42,-1,106,-1,104
1,<environment.Job instance at 0x7f50e41b18c0>,42,17,[ 5 14],43,-1,121,-1,104
1,<environment.Job instance at 0x7f50e41b1960>,43,3,[ 2 11],44,-1,107,-1,104
1,<environment.Job instance at 0x7f50e41b1460>,45,2,[12  2],46,-1,115,-1,113
1,<environment.Job instance at 0x7f50e41b14b0>,47,17,[14  5],48,-1,144,-1,127
1,<environment.Job instance at 0x7f50e41b1e10>,48,2,[13  3],49,-1,129,-1,127
1,<environment.Job instance at 0x7f50e41b1fa0>,49,22,[12  3],50,-1,149,-1,127
1,<environment.Job instance at 0x7f50e41b3d20>,52,3,[7 4],53,-1,160,-1,157
1,<environment.Job instance at 0x7f50e41b33c0>,55,28,[10  3],56,-1,190,-1,162
1,<environment.Job instance at 0x7f50e41b3f00>,56,3,[3 5],57,-1,165,-1,162
1,<environment.Job instance at 0x7f50e41b35a0>,58,2,[7 2],59,-1,177,-1,175
1,<environment.Job instance at 0x7f50e41b3370>,60,25,[14  4],61,-1,202,-1,177
1,<environment.Job instance at 0x7f50e41b3fa0>,61,2,[4 8],62,-1,179,-1,177
1,<environment.Job instance at 0x7f50e41b3fa0>,3,25,[12  3],4,-1,29,-1,4
1,<environment.Job instance at 0x7f50e51ab050>,13,2,[ 4 11],14,-1,28,-1,26
1,<environment.Job instance at 0x7f50e51ab8c0>,14,14,[ 5 12],15,-1,40,-1,26
1,<environment.Job instance at 0x7f50e51ab5f0>,15,24,[ 5 11],16,-1,50,-1,26
1,<environment.Job instance at 0x7f50e51ab780>,16,25,[7 3],17,-1,51,-1,26
1,<environment.Job instance at 0x7f50e51ab230>,17,18,[11  5],18,-1,44,-1,26
1,<environment.Job instance at 0x7f50e4f3caa0>,19,27,[1 5],20,-1,53,-1,26
1,<environment.Job instance at 0x7f50e4f3c140>,20,17,[1 9],21,-1,52,-1,35
1,<environment.Job instance at 0x7f50e4fdae60>,23,27,[12  4],24,-1,62,-1,35
1,<environment.Job instance at 0x7f50e4fda460>,24,14,[1 5],25,-1,49,-1,35
1,<environment.Job instance at 0x7f50e4fdaaf0>,25,12,[1 6],26,-1,47,-1,35
1,<environment.Job instance at 0x7f50e4fdadc0>,27,12,[ 5 12],28,-1,65,-1,53
1,<environment.Job instance at 0x7f50e4fda050>,28,14,[14  1],29,-1,67,-1,53
1,<environment.Job instance at 0x7f50e4fda370>,30,14,[12  4],31,-1,67,-1,53
1,<environment.Job instance at 0x7f50e4fda7d0>,31,18,[11  5],32,-1,71,-1,53
1,<environment.Job instance at 0x7f50e4fda280>,32,2,[10  5],33,-1,55,-1,53
1,<environment.Job instance at 0x7f50e4fdac30>,33,12,[14  4],34,-1,65,-1,53
1,<environment.Job instance at 0x7f50e4fda9b0>,35,25,[8 1],36,-1,86,-1,61
1,<environment.Job instance at 0x7f50e4fdaf00>,37,21,[ 5 14],38,-1,82,-1,61
1,<environment.Job instance at 0x7f50e503ee60>,39,12,[8 1],40,-1,78,-1,66
1,<environment.Job instance at 0x7f50e503eb40>,40,28,[2 8],41,-1,94,-1,66
1,<environment.Job instance at 0x7f50e503e2d0>,41,18,[5 1],42,-1,85,-1,67
1,<environment.Job instance at 0x7f50e503e690>,42,27,[9 3],43,-1,94,-1,67
1,<environment.Job instance at 0x7f50e503e1e0>,44,2,[4 7],45,-1,75,-1,73
1,<environment.Job instance at 0x7f50e503efa0>,45,28,[ 1 13],46,-1,101,-1,73
1,<environment.Job instance at 0x7f50e503e140>,46,12,[ 4 10],47,-1,85,-1,73
1,<environment.Job instance at 0x7f50e503e3c0>,48,2,[ 4 11],49,-1,87,-1,85
1,<environment.Job instance at 0x7f50e503ed20>,49,26,[9 4],50,-1,111,-1,85
1,<environment.Job instance at 0x7f50e503e500>,50,28,[2 7],51,-1,113,-1,85
1,<environment.Job instance at 0x7f50e503e550>,51,3,[5 5],52,-1,88,-1,85
1,<environment.Job instance at 0x7f50e503ee10>,52,22,[ 5 14],53,-1,107,-1,85
1,<environment.Job instance at 0x7f50e503e960>,53,20,[14  1],54,-1,105,-1,85
1,<environment.Job instance at 0x7f50e503ec80>,56,14,[ 4 10],57,-1,124,-1,110
1,<environment.Job instance at 0x7f50e5028780>,58,3,[ 1 10],59,-1,113,-1,110
1,<environment.Job instance at 0x7f50e5028c80>,60,18,[7 1],61,-1,153,-1,135
1,<environment.Job instance at 0x7f50e5028aa0>,63,18,[ 3 10],64,-1,153,-1,135
1,<environment.Job instance at 0x7f50e50285a0>,64,26,[1 5],65,-1,161,-1,135
1,<environment.Job instance at 0x7f50e51b5370>,65,22,[11  4],66,-1,157,-1,135
1,<environment.Job instance at 0x7f50e51b5e10>,66,21,[11  3],67,-1,156,-1,135
1,<environment.Job instance at 0x7f50e51b57d0>,67,23,[ 4 10],68,-1,158,-1,135
1,<environment.Job instance at 0x7f50e51b5be0>,68,19,[14  3],69,-1,154,-1,135
1,<environment.Job instance at 0x7f50e51b5320>,69,1,[3 7],70,-1,136,-1,135
1,<environment.Job instance at 0x7f50e51b5dc0>,70,15,[11  4],71,-1,150,-1,135
1,<environment.Job instance at 0x7f50e51b50f0>,71,17,[11  1],72,-1,152,-1,135
1,<environment.Job instance at 0x7f50e51b5730>,72,2,[ 1 14],73,-1,137,-1,135
1,<environment.Job instance at 0x7f50e51b5780>,73,12,[13  2],74,-1,147,-1,135
1,<environment.Job instance at 0x7f50e51b5500>,74,15,[9 1],75,-1,150,-1,135
1,<environment.Job instance at 0x7f50e51b5c30>,75,15,[ 2 11],76,-1,150,-1,135
1,<environment.Job instance at 0x7f50e51b5f00>,76,23,[7 4],77,-1,158,-1,135
1,<environment.Job instance at 0x7f50e51b55a0>,77,22,[9 4],78,-1,158,-1,136
1,<environment.Job instance at 0x7f50e51b52d0>,81,3,[5 5],82,-1,161,-1,158
1,<environment.Job instance at 0x7f50e51b5050>,82,13,[1 5],83,-1,171,-1,158
1,<environment.Job instance at 0x7f50e51b5aa0>,84,28,[10  3],85,-1,192,-1,164
1,<environment.Job instance at 0x7f50e4dbc7d0>,85,25,[12  3],86,-1,189,-1,164
1,<environment.Job instance at 0x7f50e4dbc640>,86,20,[7 1],87,-1,188,-1,168
1,<environment.Job instance at 0x7f50e4dbcc30>,89,18,[ 2 10],90,-1,196,-1,178
1,<environment.Job instance at 0x7f50e4dbce60>,90,16,[14  3],91,-1,194,-1,178
1,<environment.Job instance at 0x7f50e4dbcf00>,91,20,[5 1],92,-1,198,-1,178
1,<environment.Job instance at 0x7f50e5566690>,1,28,[ 5 12],2,-1,30,-1,2
1,<environment.Job instance at 0x7f50e5566190>,2,28,[2 6],3,-1,31,-1,3
1,<environment.Job instance at 0x7f50e5566410>,4,28,[ 1 11],5,-1,33,-1,5
1,<environment.Job instance at 0x7f50e55662d0>,6,23,[11  3],7,-1,30,-1,7
1,<environment.Job instance at 0x7f50e5566780>,7,14,[13  5],8,-1,22,-1,8
1,<environment.Job instance at 0x7f50e55669b0>,11,13,[12  5],12,-1,25,-1,12
1,<environment.Job instance at 0x7f50e5556280>,14,3,[ 5 14],15,-1,18,-1,15
1,<environment.Job instance at 0x7f50e5566a50>,15,27,[6 1],16,-1,44,-1,17
1,<environment.Job instance at 0x7f50edbffaf0>,21,27,[5 1],22,-1,58,-1,31
1,<environment.Job instance at 0x7f50e5577910>,24,18,[ 1 10],25,-1,66,-1,48
1,<environment.Job instance at 0x7f50e55775f0>,26,12,[14  1],27,-1,60,-1,48
1,<environment.Job instance at 0x7f50e5577eb0>,27,18,[ 3 13],28,-1,66,-1,48
1,<environment.Job instance at 0x7f50e5564c30>,32,3,[ 4 11],33,-1,80,-1,77
1,<environment.Job instance at 0x7f50e55644b0>,33,25,[5 6],34,-1,102,-1,77
1,<environment.Job instance at 0x7f50e55645f0>,34,26,[ 3 12],35,-1,103,-1,77
1,<environment.Job instance at 0x7f50e50ff690>,35,2,[ 4 13],36,-1,79,-1,77
1,<environment.Job instance at 0x7f50e50ff910>,36,2,[10  5],37,-1,79,-1,77
1,<environment.Job instance at 0x7f50e50ff5a0>,37,27,[5 7],38,-1,104,-1,77
1,<environment.Job instance at 0x7f50e50ffd20>,38,20,[ 4 14],39,-1,97,-1,77
1,<environment.Job instance at 0x7f50e5569410>,41,23,[11  4],42,-1,117,-1,94
1,<environment.Job instance at 0x7f50e55708c0>,43,23,[2 7],44,-1,121,-1,98
1,<environment.Job instance at 0x7f50e5405c80>,44,15,[12  4],45,-1,113,-1,98
1,<environment.Job instance at 0x7f50e558e780>,45,2,[ 1 12],46,-1,100,-1,98
1,<environment.Job instance at 0x7f50e526cb40>,48,28,[6 4],49,-1,137,-1,109
1,<environment.Job instance at 0x7f50e526c320>,49,14,[14  3],50,-1,123,-1,109
1,<environment.Job instance at 0x7f50e526cb90>,51,25,[ 2 14],52,-1,136,-1,111
1,<environment.Job instance at 0x7f50e5426c80>,55,3,[ 3 14],56,-1,143,-1,140
1,<environment.Job instance at 0x7f50e526cf00>,56,27,[10  1],57,-1,167,-1,140
1,<environment.Job instance at 0x7f50e5557af0>,60,28,[13  5],61,-1,200,-1,172
1,<environment.Job instance at 0x7f50e43e7280>,1,25,[4 9],2,-1,27,-1,2
1,<environment.Job instance at 0x7f50e44e1640>,6,2,[9 2],7,-1,9,-1,7
1,<environment.Job instance at 0x7f50e44e15a0>,7,2,[6 3],8,-1,10,-1,8
1,<environment.Job instance at 0x7f50e44e16e0>,13,12,[ 3 10],14,-1,32,-1,20
1,<environment.Job instance at 0x7f50e44e1280>,14,12,[11  4],15,-1,32,-1,20
1,<environment.Job instance at 0x7f50e44e1dc0>,16,12,[10  1],17,-1,42,-1,30
1,<environment.Job instance at 0x7f50e44e1960>,19,2,[5 5],20,-1,48,-1,46
1,<environment.Job instance at 0x7f50e4515550>,20,17,[ 2 14],21,-1,63,-1,46
1,<environment.Job instance at 0x7f50e44e11e0>,21,2,[8 4],22,-1,48,-1,46
1,<environment.Job instance at 0x7f50e4515960>,22,1,[13  4],23,-1,47,-1,46
1,<environment.Job instance at 0x7f50e45156e0>,25,17,[14  2],26,-1,75,-1,58
1,<environment.Job instance at 0x7f50e4515eb0>,26,17,[ 1 12],27,-1,75,-1,58
1,<environment.Job instance at 0x7f50e45158c0>,28,2,[8 1],29,-1,72,-1,70
1,<environment.Job instance at 0x7f50e4515690>,29,27,[11  4],30,-1,97,-1,70
1,<environment.Job instance at 0x7f50e4515050>,30,15,[ 2 13],31,-1,85,-1,70
1,<environment.Job instance at 0x7f50e4515b90>,31,3,[2 5],32,-1,73,-1,70
1,<environment.Job instance at 0x7f50e4515820>,32,2,[1 6],33,-1,72,-1,70
1,<environment.Job instance at 0x7f50e4515c30>,33,16,[11  3],34,-1,86,-1,70
1,<environment.Job instance at 0x7f50e4515190>,34,25,[6 2],35,-1,95,-1,70
1,<environment.Job instance at 0x7f50e4515aa0>,35,17,[13  1],36,-1,87,-1,70
1,<environment.Job instance at 0x7f50e43dfa00>,36,23,[8 2],37,-1,93,-1,70
1,<environment.Job instance at 0x7f50e43dfcd0>,37,26,[ 2 11],38,-1,96,-1,70
1,<environment.Job instance at 0x7f50e43df2d0>,38,1,[6 4],39,-1,71,-1,70
1,<environment.Job instance at 0x7f50e43dfd70>,39,1,[11  4],40,-1,71,-1,70
1,<environment.Job instance at 0x7f50e43df690>,40,26,[2 7],41,-1,96,-1,70
1,<environment.Job instance at 0x7f50e43dfe10>,43,24,[13  5],44,-1,111,-1,87
1,<environment.Job instance at 0x7f50e43df3c0>,45,12,[14  3],46,-1,100,-1,88
1,<environment.Job instance at 0x7f50e3fe32d0>,3,16,[12  5],4,-1,20,-1,4
1,<environment.Job instance at 0x7f50e3fe3960>,11,23,[2 9],12,-1,48,-1,25
1,<environment.Job instance at 0x7f50e3fe35f0>,14,3,[13  3],15,-1,28,-1,25
1,<environment.Job instance at 0x7f50e3fe3d20>,16,14,[13  2],17,-1,39,-1,25
1,<environment.Job instance at 0x7f50e3fe3e60>,18,2,[ 4 14],19,-1,40,-1,38
1,<environment.Job instance at 0x7f50e3fe3fa0>,20,2,[1 5],21,-1,40,-1,38
1,<environment.Job instance at 0x7f50e3fe35a0>,21,14,[ 4 14],22,-1,52,-1,38
1,<environment.Job instance at 0x7f50e3fe5550>,26,20,[ 2 10],27,-1,113,-1,93
1,<environment.Job instance at 0x7f50e3fe5eb0>,2,14,[ 3 13],3,-1,17,-1,3
1,<environment.Job instance at 0x7f50e3fe5d20>,4,1,[10  4],5,-1,7,-1,6
1,<environment.Job instance at 0x7f50e44f87d0>,6,16,[13  3],7,-1,23,-1,7
1,<environment.Job instance at 0x7f50e3ca6910>,4,12,[13  2],5,-1,17,-1,5
1,<environment.Job instance at 0x7f50e3ca6320>,6,12,[ 2 14],7,-1,19,-1,7
1,<environment.Job instance at 0x7f50e3e26d20>,7,17,[ 1 12],8,-1,25,-1,8
1,<environment.Job instance at 0x7f50e3e26910>,8,22,[13  4],9,-1,31,-1,9
1,<environment.Job instance at 0x7f50e3e26690>,9,18,[ 5 12],10,-1,28,-1,10
1,<environment.Job instance at 0x7f50e3e26af0>,10,25,[12  1],11,-1,36,-1,11
1,<environment.Job instance at 0x7f50e3e26140>,11,26,[10  2],12,-1,38,-1,12
1,<environment.Job instance at 0x7f50e3e6b6e0>,17,1,[4 7],18,-1,35,-1,34
1,<environment.Job instance at 0x7f50e46a8820>,18,12,[10  2],19,-1,46,-1,34
1,<environment.Job instance at 0x7f50e46a8320>,19,14,[ 2 13],20,-1,48,-1,34
1,<environment.Job instance at 0x7f50e3caf780>,22,1,[8 4],23,-1,51,-1,50
1,<environment.Job instance at 0x7f50e3cafaa0>,23,27,[ 1 13],24,-1,77,-1,50
1,<environment.Job instance at 0x7f50e3cafa50>,24,18,[11  3],25,-1,68,-1,50
1,<environment.Job instance at 0x7f50e3caf8c0>,27,12,[12  5],28,-1,62,-1,50
1,<environment.Job instance at 0x7f50e3caf820>,28,12,[ 3 12],29,-1,62,-1,50
1,<environment.Job instance at 0x7f50e3cafe10>,29,3,[10  3],30,-1,53,-1,50
1,<environment.Job instance at 0x7f50e3caf6e0>,31,25,[ 2 14],32,-1,89,-1,64
1,<environment.Job instance at 0x7f50e4b1b460>,46,27,[ 5 11],47,-1,172,-1,145
1,<environment.Job instance at 0x7f50e427a280>,33,20,[4 9],34,-1,183,-1,163
1,<environment.Job instance at 0x7f50e3cb9aa0>,50,25,[11  3],51,-1,188,-1,163
1,<environment.Job instance at 0x7f50e3cb9870>,51,1,[6 5],52,-1,164,-1,163
1,<environment.Job instance at 0x7f50e3cb9e60>,52,13,[6 4],53,-1,176,-1,163
1,<environment.Job instance at 0x7f50e52b8410>,5,2,[ 5 11],6,-1,8,-1,6
1,<environment.Job instance at 0x7f50e4ef7320>,6,22,[4 9],7,-1,40,-1,18
1,<environment.Job instance at 0x7f50e54ea780>,11,1,[9 4],12,-1,19,-1,18
1,<environment.Job instance at 0x7f50e5095320>,13,12,[10  5],14,-1,32,-1,20
1,<environment.Job instance at 0x7f50e52b5f00>,16,28,[ 3 11],17,-1,63,-1,35
1,<environment.Job instance at 0x7f50e50955f0>,17,1,[5 1],18,-1,36,-1,35
1,<environment.Job instance at 0x7f50e550ea50>,18,16,[14  5],19,-1,51,-1,35
1,<environment.Job instance at 0x7f50e5569a00>,19,28,[6 3],20,-1,63,-1,35
1,<environment.Job instance at 0x7f50e5095af0>,20,13,[14  3],21,-1,48,-1,35
1,<environment.Job instance at 0x7f50e5610af0>,22,14,[ 2 12],23,-1,49,-1,35
1,<environment.Job instance at 0x7f50e5610f50>,23,1,[7 3],24,-1,36,-1,35
1,<environment.Job instance at 0x7f50e40621e0>,24,21,[ 3 14],25,-1,56,-1,35
1,<environment.Job instance at 0x7f50e4062aa0>,26,23,[3 9],27,-1,58,-1,35
1,<environment.Job instance at 0x7f50e5505500>,28,25,[ 1 14],29,-1,78,-1,53
1,<environment.Job instance at 0x7f50e45d1fa0>,31,25,[2 8],32,-1,99,-1,74
1,<environment.Job instance at 0x7f50e54d9fa0>,34,16,[13  2],35,-1,94,-1,78
1,<environment.Job instance at 0x7f50e45bcdc0>,40,2,[3 9],41,-1,110,-1,108
1,<environment.Job instance at 0x7f50e45bc550>,41,3,[ 1 13],42,-1,111,-1,108
1,<environment.Job instance at 0x7f50e50b90a0>,43,16,[ 4 14],44,-1,144,-1,128
1,<environment.Job instance at 0x7f50e49896e0>,44,15,[11  3],45,-1,143,-1,128
1,<environment.Job instance at 0x7f50e50b4140>,47,23,[3 5],48,-1,173,-1,150
1,<environment.Job instance at 0x7f50e50b4960>,48,17,[12  3],49,-1,167,-1,150
1,<environment.Job instance at 0x7f50e45c1230>,50,13,[13  2],51,-1,163,-1,150
1,<environment.Job instance at 0x7f50e5085550>,54,22,[10  1],55,-1,197,-1,175
1,<environment.Job instance at 0x7f50e5688a50>,3,19,[ 1 11],4,-1,23,-1,4
1,<environment.Job instance at 0x7f50e5688460>,4,26,[5 3],5,-1,31,-1,5
1,<environment.Job instance at 0x7f50e5688e10>,5,27,[6 1],6,-1,34,-1,7
1,<environment.Job instance at 0x7f50e5688f00>,12,17,[13  2],13,-1,30,-1,13
1,<environment.Job instance at 0x7f50e56887d0>,13,20,[ 1 13],14,-1,34,-1,14
1,<environment.Job instance at 0x7f50e5688aa0>,14,18,[11  2],15,-1,33,-1,15
1,<environment.Job instance at 0x7f50e5688cd0>,15,26,[12  4],16,-1,42,-1,16
1,<environment.Job instance at 0x7f50e56880a0>,16,14,[11  2],17,-1,31,-1,17
1,<environment.Job instance at 0x7f50e5688b40>,19,13,[ 1 13],20,-1,37,-1,24
1,<environment.Job instance at 0x7f50e4be69b0>,34,2,[13  2],35,-1,119,-1,117
1,<environment.Job instance at 0x7f50e4be6d20>,36,1,[10  5],37,-1,123,-1,122
1,<environment.Job instance at 0x7f50e4be6d70>,39,28,[4 8],40,-1,176,-1,148
1,<environment.Job instance at 0x7f50e4be67d0>,41,1,[9 5],42,-1,166,-1,165
1,<environment.Job instance at 0x7f50e4be6960>,42,3,[ 5 11],43,-1,168,-1,165
1,<environment.Job instance at 0x7f50e495d3c0>,43,13,[12  1],44,-1,178,-1,165
1,<environment.Job instance at 0x7f50e495d9b0>,47,28,[ 1 10],48,-1,206,-1,178
1,<environment.Job instance at 0x7f50e4082550>,10,18,[11  5],11,-1,30,-1,12
1,<environment.Job instance at 0x7f50e3e72c80>,11,23,[ 1 10],12,-1,35,-1,12
1,<environment.Job instance at 0x7f50e3e72190>,12,17,[ 3 14],13,-1,30,-1,13
1,<environment.Job instance at 0x7f50e3e72f50>,14,28,[4 7],15,-1,45,-1,17
1,<environment.Job instance at 0x7f50e3e725f0>,15,13,[ 3 10],16,-1,30,-1,17
1,<environment.Job instance at 0x7f50e3e72280>,16,24,[11  4],17,-1,41,-1,17
1,<environment.Job instance at 0x7f50e3e72690>,17,3,[7 3],18,-1,21,-1,18
1,<environment.Job instance at 0x7f50e3e72b90>,20,24,[9 4],21,-1,68,-1,44
1,<environment.Job instance at 0x7f50e3e72140>,22,2,[ 3 12],23,-1,46,-1,44
1,<environment.Job instance at 0x7f50e3e729b0>,23,20,[12  3],24,-1,64,-1,44
1,<environment.Job instance at 0x7f50e3d87c80>,25,12,[ 2 12],26,-1,61,-1,49
1,<environment.Job instance at 0x7f50e3d875f0>,26,18,[10  1],27,-1,75,-1,57
1,<environment.Job instance at 0x7f50e3d87fa0>,29,15,[ 4 10],30,-1,80,-1,65
1,<environment.Job instance at 0x7f50e3d87190>,30,17,[ 3 14],31,-1,82,-1,65
1,<environment.Job instance at 0x7f50e3d87e10>,31,16,[12  1],32,-1,81,-1,65
1,<environment.Job instance at 0x7f50e3d870a0>,32,1,[7 3],33,-1,66,-1,65
1,<environment.Job instance at 0x7f50e3d87820>,33,17,[13  3],34,-1,82,-1,65
1,<environment.Job instance at 0x7f50e3d871e0>,34,13,[7 1],35,-1,80,-1,67
1,<environment.Job instance at 0x7f50e3d874b0>,37,18,[3 9],38,-1,90,-1,72
1,<environment.Job instance at 0x7f50e3d877d0>,38,12,[ 3 11],39,-1,84,-1,72
1,<environment.Job instance at 0x7f50e3d87a00>,39,27,[13  4],40,-1,99,-1,72
1,<environment.Job instance at 0x7f50e3d87d20>,40,15,[ 3 14],41,-1,87,-1,72
1,<environment.Job instance at 0x7f50e3d87c30>,43,14,[13  2],44,-1,91,-1,77
1,<environment.Job instance at 0x7f50e3da6c80>,44,21,[9 5],45,-1,132,-1,111
1,<environment.Job instance at 0x7f50e3da65f0>,50,14,[6 2],51,-1,132,-1,118
1,<environment.Job instance at 0x7f50e3da69b0>,51,3,[7 3],52,-1,121,-1,118
1,<environment.Job instance at 0x7f50e3da6780>,52,19,[14  4],53,-1,137,-1,118
1,<environment.Job instance at 0x7f50e3da6870>,54,26,[ 2 10],55,-1,144,-1,118
1,<environment.Job instance at 0x7f50e3da6820>,55,1,[6 2],56,-1,119,-1,118
1,<environment.Job instance at 0x7f50e3da6d20>,56,3,[5 6],57,-1,121,-1,118
1,<environment.Job instance at 0x7f50e3da61e0>,57,17,[14  4],58,-1,135,-1,118
1,<environment.Job instance at 0x7f50e3da6f00>,58,3,[14  4],59,-1,121,-1,118
1,<environment.Job instance at 0x7f50e3da63c0>,59,13,[3 8],60,-1,131,-1,118
1,<environment.Job instance at 0x7f50e3da6960>,60,14,[12  5],61,-1,132,-1,118
1,<environment.Job instance at 0x7f50e3da6500>,61,2,[2 7],62,-1,120,-1,118
1,<environment.Job instance at 0x7f50e3da6fa0>,62,13,[2 6],63,-1,131,-1,118
1,<environment.Job instance at 0x7f50e515cc80>,64,2,[2 5],65,-1,135,-1,133
1,<environment.Job instance at 0x7f50e515ca50>,65,22,[14  4],66,-1,155,-1,133
1,<environment.Job instance at 0x7f50e515c2d0>,66,16,[14  2],67,-1,149,-1,133
1,<environment.Job instance at 0x7f50e515c320>,67,15,[5 1],68,-1,148,-1,133
1,<environment.Job instance at 0x7f50e515cb40>,68,12,[1 5],69,-1,145,-1,133
1,<environment.Job instance at 0x7f50e515c460>,69,2,[ 2 11],70,-1,135,-1,133
1,<environment.Job instance at 0x7f50e515c140>,70,13,[1 5],71,-1,146,-1,133
1,<environment.Job instance at 0x7f50e515cfa0>,71,3,[7 5],72,-1,136,-1,133
1,<environment.Job instance at 0x7f50e515cbe0>,72,15,[3 8],73,-1,148,-1,133
1,<environment.Job instance at 0x7f50e515c0a0>,73,23,[14  5],74,-1,156,-1,133
1,<environment.Job instance at 0x7f50e515cd20>,74,16,[8 4],75,-1,149,-1,133
1,<environment.Job instance at 0x7f50e515ce10>,75,12,[6 4],76,-1,145,-1,133
1,<environment.Job instance at 0x7f50e515ce60>,76,14,[ 2 10],77,-1,147,-1,133
1,<environment.Job instance at 0x7f50e515c870>,77,14,[7 4],78,-1,147,-1,133
1,<environment.Job instance at 0x7f50e515c730>,78,14,[12  4],79,-1,147,-1,133
1,<environment.Job instance at 0x7f50e515c500>,79,3,[1 6],80,-1,136,-1,133
1,<environment.Job instance at 0x7f50e515c280>,80,25,[ 4 10],81,-1,158,-1,133
1,<environment.Job instance at 0x7f50e515c8c0>,81,22,[9 1],82,-1,155,-1,133
1,<environment.Job instance at 0x7f50e515c3c0>,82,14,[7 5],83,-1,147,-1,133
1,<environment.Job instance at 0x7f50e3d88d70>,83,1,[6 5],84,-1,134,-1,133
1,<environment.Job instance at 0x7f50e3d88500>,84,14,[ 2 11],85,-1,147,-1,133
1,<environment.Job instance at 0x7f50e3d88460>,85,18,[ 2 11],86,-1,151,-1,133
1,<environment.Job instance at 0x7f50e3d88f00>,86,18,[12  3],87,-1,151,-1,133
1,<environment.Job instance at 0x7f50e3d888c0>,87,19,[ 2 12],88,-1,152,-1,133
1,<environment.Job instance at 0x7f50e3d88190>,88,13,[5 2],89,-1,146,-1,133
1,<environment.Job instance at 0x7f50e3d882d0>,89,17,[1 5],90,-1,150,-1,133
1,<environment.Job instance at 0x7f50e3d88f50>,90,17,[ 5 14],91,-1,150,-1,133
1,<environment.Job instance at 0x7f50e3d88aa0>,91,25,[ 1 11],92,-1,158,-1,133
1,<environment.Job instance at 0x7f50e3d88fa0>,92,1,[3 7],93,-1,134,-1,133
1,<environment.Job instance at 0x7f50e3d889b0>,93,15,[5 7],94,-1,148,-1,133
1,<environment.Job instance at 0x7f50e3d885f0>,94,16,[2 8],95,-1,149,-1,133
1,<environment.Job instance at 0x7f50e3d88690>,95,23,[8 4],96,-1,156,-1,133
1,<environment.Job instance at 0x7f50e3d88c30>,96,12,[12  1],97,-1,145,-1,133
1,<environment.Job instance at 0x7f50e3d883c0>,97,2,[ 4 11],98,-1,135,-1,133
1,<environment.Job instance at 0x7f50e3d886e0>,98,21,[7 4],99,-1,154,-1,133
1,<environment.Job instance at 0x7f50e3d887d0>,99,3,[5 4],100,-1,136,-1,133
1,<environment.Job instance at 0x7f50e3d88550>,100,25,[5 1],101,-1,158,-1,133
1,<environment.Job instance at 0x7f50e3d88be0>,101,2,[14  3],102,-1,135,-1,133
1,<environment.Job instance at 0x7f50e3d88730>,102,27,[10  5],103,-1,160,-1,133
1,<environment.Job instance at 0x7f50e3d88dc0>,103,1,[ 3 11],104,-1,134,-1,133
1,<environment.Job instance at 0x7f50e3d88280>,104,2,[6 5],105,-1,135,-1,133
1,<environment.Job instance at 0x7f50e3d737d0>,105,1,[ 4 10],106,-1,134,-1,133
1,<environment.Job instance at 0x7f50e3d73780>,106,16,[12  5],107,-1,149,-1,133
1,<environment.Job instance at 0x7f50e3d73e10>,107,3,[ 1 13],108,-1,136,-1,133
1,<environment.Job instance at 0x7f50e3d73cd0>,108,26,[ 1 12],109,-1,159,-1,133
1,<environment.Job instance at 0x7f50e3d736e0>,109,19,[12  1],110,-1,152,-1,133
1,<environment.Job instance at 0x7f50e3d73960>,110,22,[ 2 12],111,-1,155,-1,133
1,<environment.Job instance at 0x7f50e3d73370>,111,15,[10  2],112,-1,148,-1,133
1,<environment.Job instance at 0x7f50e3d73460>,112,20,[12  3],113,-1,153,-1,133
1,<environment.Job instance at 0x7f50e3d738c0>,113,17,[14  4],114,-1,150,-1,133
1,<environment.Job instance at 0x7f50e3d73730>,114,17,[12  2],115,-1,150,-1,133
1,<environment.Job instance at 0x7f50e3d73a50>,115,17,[ 2 13],116,-1,150,-1,133
1,<environment.Job instance at 0x7f50e3d73c30>,116,15,[3 8],117,-1,148,-1,133
1,<environment.Job instance at 0x7f50e3d73910>,117,26,[ 3 14],118,-1,159,-1,133
1,<environment.Job instance at 0x7f50e3d73820>,118,17,[3 5],119,-1,150,-1,133
1,<environment.Job instance at 0x7f50e3d735f0>,119,26,[1 5],120,-1,159,-1,133
1,<environment.Job instance at 0x7f50e3d73f00>,120,13,[2 8],121,-1,146,-1,133
1,<environment.Job instance at 0x7f50e3d73550>,121,18,[11  2],122,-1,151,-1,133
1,<environment.Job instance at 0x7f50e3d73c80>,122,3,[5 5],123,-1,136,-1,133
1,<environment.Job instance at 0x7f50e3d73af0>,123,15,[5 1],124,-1,148,-1,133
1,<environment.Job instance at 0x7f50e3d734b0>,124,23,[7 1],125,-1,156,-1,133
1,<environment.Job instance at 0x7f50e3d93370>,125,12,[ 4 13],126,-1,145,-1,133
1,<environment.Job instance at 0x7f50e3d931e0>,126,17,[4 6],127,-1,150,-1,133
1,<environment.Job instance at 0x7f50e3d935f0>,127,15,[10  5],128,-1,148,-1,133
1,<environment.Job instance at 0x7f50e3d93dc0>,128,27,[ 3 12],129,-1,160,-1,133
1,<environment.Job instance at 0x7f50e3d93fa0>,129,24,[7 1],130,-1,157,-1,133
1,<environment.Job instance at 0x7f50e3d93d20>,130,2,[5 1],131,-1,135,-1,133
1,<environment.Job instance at 0x7f50e3d93320>,131,2,[ 2 12],132,-1,135,-1,133
1,<environment.Job instance at 0x7f50e3d93460>,132,13,[ 3 11],133,-1,146,-1,133
1,<environment.Job instance at 0x7f50e3d8bcd0>,133,17,[ 1 10],134,-1,151,-1,134
1,<environment.Job instance at 0x7f50e4406c80>,135,15,[7 5],136,-1,159,-1,144
1,<environment.Job instance at 0x7f50e4614910>,136,15,[13  1],137,-1,159,-1,144
1,<environment.Job instance at 0x7f50e4eadd20>,137,15,[5 5],138,-1,160,-1,145
1,<environment.Job instance at 0x7f50e40495f0>,139,12,[3 7],140,-1,162,-1,150
1,<environment.Job instance at 0x7f50e5521a00>,140,2,[12  4],141,-1,152,-1,150
1,<environment.Job instance at 0x7f50e55b44b0>,141,18,[2 9],142,-1,168,-1,150
1,<environment.Job instance at 0x7f50e4785fa0>,142,2,[12  3],143,-1,152,-1,150
1,<environment.Job instance at 0x7f50e47854b0>,143,16,[2 8],144,-1,169,-1,153
1,<environment.Job instance at 0x7f50e4675c80>,144,12,[3 6],145,-1,165,-1,153
1,<environment.Job instance at 0x7f50e4072f00>,145,14,[7 2],146,-1,167,-1,153
1,<environment.Job instance at 0x7f50e40721e0>,146,19,[14  5],147,-1,172,-1,153
1,<environment.Job instance at 0x7f50e40728c0>,147,13,[10  2],148,-1,166,-1,153
1,<environment.Job instance at 0x7f50e40720f0>,148,24,[ 5 12],149,-1,177,-1,153
1,<environment.Job instance at 0x7f50e4072230>,149,25,[9 4],150,-1,178,-1,153
1,<environment.Job instance at 0x7f50e43e5d20>,150,20,[7 2],151,-1,173,-1,153
1,<environment.Job instance at 0x7f50e4072780>,2,20,[ 2 11],3,-1,23,-1,3
1,<environment.Job instance at 0x7f50e3e3b910>,4,16,[ 1 13],5,-1,21,-1,5
1,<environment.Job instance at 0x7f50e3e3bf00>,7,2,[2 7],8,-1,11,-1,9
1,<environment.Job instance at 0x7f50e3e3b5f0>,9,12,[ 3 13],10,-1,22,-1,10
1,<environment.Job instance at 0x7f50e3e3bb40>,12,28,[13  1],13,-1,49,-1,21
1,<environment.Job instance at 0x7f50e3e3b320>,13,18,[ 2 14],14,-1,39,-1,21
1,<environment.Job instance at 0x7f50e3e1ee10>,25,3,[10  1],26,-1,130,-1,127
1,<environment.Job instance at 0x7f50e3e1e780>,26,1,[ 1 11],27,-1,128,-1,127
1,<environment.Job instance at 0x7f50e3e1e460>,29,15,[14  4],30,-1,154,-1,139
1,<environment.Job instance at 0x7f50e3e1e6e0>,30,2,[10  3],31,-1,141,-1,139
1,<environment.Job instance at 0x7f50e3e1ef50>,32,27,[6 3],33,-1,166,-1,139
1,<environment.Job instance at 0x7f50e3e1e280>,33,27,[ 3 11],34,-1,166,-1,139
1,<environment.Job instance at 0x7f50e3cb7910>,36,2,[12  2],37,-1,158,-1,156
1,<environment.Job instance at 0x7f50e3cb7190>,39,1,[11  5],40,-1,171,-1,170
1,<environment.Job instance at 0x7f50e3cb79b0>,40,28,[4 7],41,-1,198,-1,170
1,<environment.Job instance at 0x7f50e3f942d0>,3,17,[ 2 11],4,-1,21,-1,4
1,<environment.Job instance at 0x7f50e3f94e60>,7,3,[ 3 12],8,-1,11,-1,8
1,<environment.Job instance at 0x7f50e3cb79b0>,12,17,[13  5],13,-1,30,-1,13
1,<environment.Job instance at 0x7f50e459c1e0>,14,22,[5 1],15,-1,44,-1,22
1,<environment.Job instance at 0x7f50e459ca50>,19,25,[6 2],20,-1,48,-1,23
1,<environment.Job instance at 0x7f50e51cb190>,23,21,[ 5 13],24,-1,58,-1,37
1,<environment.Job instance at 0x7f50e459ce60>,20,22,[9 5],21,-1,67,-1,45
1,<environment.Job instance at 0x7f50e51cb320>,26,27,[ 1 13],27,-1,72,-1,45
1,<environment.Job instance at 0x7f50e51cb0f0>,27,18,[ 2 12],28,-1,63,-1,45
1,<environment.Job instance at 0x7f50e51cb410>,28,3,[5 1],29,-1,48,-1,45
1,<environment.Job instance at 0x7f50e51cb4b0>,29,25,[ 4 14],30,-1,70,-1,45
1,<environment.Job instance at 0x7f50e51cb550>,30,19,[ 3 14],31,-1,64,-1,45
1,<environment.Job instance at 0x7f50e51cb640>,31,18,[1 7],32,-1,63,-1,45
1,<environment.Job instance at 0x7f50e51cb6e0>,32,17,[ 2 11],33,-1,62,-1,45
1,<environment.Job instance at 0x7f50e51cb1e0>,34,17,[1 6],35,-1,74,-1,57
1,<environment.Job instance at 0x7f50e51cbc30>,37,1,[2 5],38,-1,75,-1,74
1,<environment.Job instance at 0x7f50e51cbbe0>,38,23,[5 6],39,-1,97,-1,74
1,<environment.Job instance at 0x7f50e51cbc80>,39,3,[6 1],40,-1,77,-1,74
1,<environment.Job instance at 0x7f50e51cbd70>,41,13,[9 1],42,-1,90,-1,77
1,<environment.Job instance at 0x7f50e51cbfa0>,43,2,[ 4 11],44,-1,94,-1,92
1,<environment.Job instance at 0x7f50e51cbf50>,44,13,[2 8],45,-1,105,-1,92
1,<environment.Job instance at 0x7f50e51ee050>,45,12,[ 1 14],46,-1,104,-1,92
1,<environment.Job instance at 0x7f50e51ee280>,46,16,[1 7],47,-1,108,-1,92
1,<environment.Job instance at 0x7f50e51ee0f0>,47,28,[ 1 14],48,-1,120,-1,92
1,<environment.Job instance at 0x7f50e51ee2d0>,48,23,[5 6],49,-1,115,-1,92
1,<environment.Job instance at 0x7f50e51ee370>,49,24,[ 4 14],50,-1,116,-1,92
1,<environment.Job instance at 0x7f50e51ee410>,50,12,[ 4 14],51,-1,104,-1,92
1,<environment.Job instance at 0x7f50e51ee4b0>,51,23,[11  2],52,-1,115,-1,92
1,<environment.Job instance at 0x7f50e51ee5f0>,53,14,[12  1],54,-1,109,-1,95
1,<environment.Job instance at 0x7f50e51ee690>,54,27,[ 5 10],55,-1,122,-1,95
1,<environment.Job instance at 0x7f50e51ee730>,55,28,[13  4],56,-1,123,-1,95
1,<environment.Job instance at 0x7f50e51ee7d0>,56,24,[5 2],57,-1,119,-1,95
1,<environment.Job instance at 0x7f50e51eea50>,57,18,[ 4 12],58,-1,113,-1,95
1,<environment.Job instance at 0x7f50e51ee910>,58,25,[11  1],59,-1,120,-1,95
1,<environment.Job instance at 0x7f50e51eeb40>,59,20,[11  4],60,-1,115,-1,95
1,<environment.Job instance at 0x7f50e51eebe0>,60,28,[6 5],61,-1,123,-1,95
1,<environment.Job instance at 0x7f50e51eec80>,61,26,[2 6],62,-1,121,-1,95
1,<environment.Job instance at 0x7f50e51eed20>,62,20,[8 4],63,-1,115,-1,95
1,<environment.Job instance at 0x7f50e51eee60>,63,3,[2 7],64,-1,98,-1,95
1,<environment.Job instance at 0x7f50e51eef50>,65,23,[2 8],66,-1,132,-1,109
1,<environment.Job instance at 0x7f50e51eeeb0>,66,25,[ 4 13],67,-1,134,-1,109
1,<environment.Job instance at 0x7f50e51ee8c0>,67,28,[1 6],68,-1,137,-1,109
1,<environment.Job instance at 0x7f50e51e0190>,68,2,[1 6],69,-1,111,-1,109
1,<environment.Job instance at 0x7f50e51e0230>,69,22,[ 3 13],70,-1,131,-1,109
1,<environment.Job instance at 0x7f50e51e02d0>,70,15,[13  3],71,-1,124,-1,109
1,<environment.Job instance at 0x7f50e51e0370>,71,1,[ 1 13],72,-1,110,-1,109
1,<environment.Job instance at 0x7f50e51e0410>,72,13,[12  5],73,-1,122,-1,109
1,<environment.Job instance at 0x7f50e51e05a0>,75,26,[12  4],76,-1,161,-1,135
1,<environment.Job instance at 0x7f50e51e0780>,76,19,[ 5 12],77,-1,154,-1,135
1,<environment.Job instance at 0x7f50e51e0aa0>,80,26,[ 3 13],81,-1,189,-1,163
1,<environment.Job instance at 0x7f50e51e06e0>,74,21,[9 2],75,-1,184,-1,163
1,<environment.Job instance at 0x7f50e51e0be0>,82,24,[8 5],83,-1,187,-1,163
1,<environment.Job instance at 0x7f50e51e0d20>,84,1,[10  1],85,-1,168,-1,167
1,<environment.Job instance at 0x7f50e51e0dc0>,85,21,[10  2],86,-1,188,-1,167
1,<environment.Job instance at 0x7f50e51e0e60>,86,12,[8 3],87,-1,179,-1,167
1,<environment.Job instance at 0x7f50e51e0f00>,87,2,[8 5],88,-1,169,-1,167
1,<environment.Job instance at 0x7f50e51e0910>,89,18,[ 3 10],90,-1,193,-1,175
1,<environment.Job instance at 0x7f50e51e0140>,90,3,[9 1],91,-1,178,-1,175
1,<environment.Job instance at 0x7f50e51d71e0>,91,25,[ 3 13],92,-1,200,-1,175
1,<environment.Job instance at 0x7f50e3f69e10>,92,1,[12  1],93,-1,176,-1,175
1,<environment.Job instance at 0x7f50ee0eac30>,93,2,[7 2],94,-1,177,-1,175
1,<environment.Job instance at 0x7f50edc50b40>,94,28,[14  1],95,-1,203,-1,175
1,<environment.Job instance at 0x7f50e45ca410>,95,23,[5 5],96,-1,198,-1,175
1,<environment.Job instance at 0x7f50e45ca870>,96,28,[ 5 12],97,-1,203,-1,175
1,<environment.Job instance at 0x7f50e3f86910>,97,2,[3 5],98,-1,177,-1,175
1,<environment.Job instance at 0x7f50e3f86460>,98,24,[ 2 11],99,-1,199,-1,175
1,<environment.Job instance at 0x7f50e3f86b90>,99,21,[4 5],100,-1,196,-1,175
1,<environment.Job instance at 0x7f50e3f86aa0>,100,13,[13  4],101,-1,188,-1,175
1,<environment.Job instance at 0x7f50e3f867d0>,101,15,[ 4 12],102,-1,190,-1,175
1,<environment.Job instance at 0x7f50e3f864b0>,102,23,[1 5],103,-1,198,-1,175
1,<environment.Job instance at 0x7f50e3f86e10>,103,20,[12  2],104,-1,195,-1,175
1,<environment.Job instance at 0x7f50e3fb1e10>,3,12,[14  1],4,-1,16,-1,4
1,<environment.Job instance at 0x7f50e3fb1870>,5,19,[13  5],6,-1,25,-1,6
1,<environment.Job instance at 0x7f50e3f86e10>,6,24,[10  5],7,-1,31,-1,7
1,<environment.Job instance at 0x7f50e3f6a910>,7,22,[12  2],8,-1,30,-1,8
1,<environment.Job instance at 0x7f50e416f500>,9,15,[13  2],10,-1,25,-1,10
1,<environment.Job instance at 0x7f50e416fc80>,10,26,[9 4],11,-1,37,-1,11
1,<environment.Job instance at 0x7f50e3fb1550>,12,26,[12  1],13,-1,39,-1,13
1,<environment.Job instance at 0x7f50e502c230>,18,14,[12  5],19,-1,39,-1,25
1,<environment.Job instance at 0x7f50e502cc80>,20,16,[12  5],21,-1,41,-1,25
1,<environment.Job instance at 0x7f50e502ca00>,22,2,[5 9],23,-1,38,-1,36
1,<environment.Job instance at 0x7f50e4139a50>,29,18,[ 1 12],30,-1,89,-1,71
1,<environment.Job instance at 0x7f50e4139c30>,30,28,[9 5],31,-1,99,-1,71
1,<environment.Job instance at 0x7f50e3f74690>,34,24,[6 4],35,-1,109,-1,85
1,<environment.Job instance at 0x7f50e3f74d70>,36,25,[8 5],37,-1,110,-1,85
1,<environment.Job instance at 0x7f50e3f74aa0>,38,13,[ 2 14],39,-1,111,-1,98
1,<environment.Job instance at 0x7f50e3f743c0>,39,13,[13  3],40,-1,111,-1,98
1,<environment.Job instance at 0x7f50e3f74460>,40,22,[11  5],41,-1,120,-1,98
1,<environment.Job instance at 0x7f50e3f74b40>,41,26,[11  5],42,-1,124,-1,98
1,<environment.Job instance at 0x7f50e3f741e0>,42,28,[5 8],43,-1,126,-1,98
1,<environment.Job instance at 0x7f50e3f744b0>,43,27,[1 7],44,-1,125,-1,98
1,<environment.Job instance at 0x7f50e3f74af0>,44,3,[10  5],45,-1,101,-1,98
1,<environment.Job instance at 0x7f50e3f74eb0>,45,14,[ 1 13],46,-1,112,-1,98
1,<environment.Job instance at 0x7f50e3f745a0>,46,1,[2 9],47,-1,99,-1,98
1,<environment.Job instance at 0x7f50e3f749b0>,48,13,[ 1 12],49,-1,115,-1,102
1,<environment.Job instance at 0x7f50e3f74910>,49,23,[8 2],50,-1,125,-1,102
1,<environment.Job instance at 0x7f50e512f050>,3,23,[8 4],4,-1,27,-1,4
1,<environment.Job instance at 0x7f50e512f690>,6,27,[6 1],7,-1,34,-1,7
1,<environment.Job instance at 0x7f50e512f780>,11,26,[7 4],12,-1,40,-1,14
1,<environment.Job instance at 0x7f50e4ecf230>,14,27,[ 2 11],15,-1,42,-1,15
1,<environment.Job instance at 0x7f50e4ecf1e0>,21,14,[12  2],22,-1,59,-1,45
1,<environment.Job instance at 0x7f50e4ecf370>,23,27,[9 3],24,-1,88,-1,61
1,<environment.Job instance at 0x7f50e4ecfd70>,24,3,[4 6],25,-1,64,-1,61
1,<environment.Job instance at 0x7f50e4ecf410>,25,1,[ 1 11],26,-1,62,-1,61
1,<environment.Job instance at 0x7f50e4ecf7d0>,26,13,[5 1],27,-1,74,-1,61
1,<environment.Job instance at 0x7f50e4ecf960>,28,21,[ 4 12],29,-1,82,-1,61
1,<environment.Job instance at 0x7f50ee132f00>,30,3,[ 5 10],31,-1,85,-1,82
1,<environment.Job instance at 0x7f50ee132dc0>,31,15,[ 2 10],32,-1,105,-1,90
1,<environment.Job instance at 0x7f50ee132140>,32,17,[13  2],33,-1,107,-1,90
1,<environment.Job instance at 0x7f50e4cea960>,35,12,[9 3],36,-1,106,-1,94
1,<environment.Job instance at 0x7f50e4cea5a0>,36,1,[5 3],37,-1,95,-1,94
1,<environment.Job instance at 0x7f50e4cea370>,37,12,[11  3],38,-1,106,-1,94
1,<environment.Job instance at 0x7f50e4ceab40>,38,2,[4 8],39,-1,96,-1,94
1,<environment.Job instance at 0x7f50e4cea320>,39,1,[ 5 10],40,-1,95,-1,94
1,<environment.Job instance at 0x7f50e4ceaaf0>,40,1,[9 2],41,-1,95,-1,94
1,<environment.Job instance at 0x7f50e4cea690>,43,1,[8 5],44,-1,115,-1,114
1,<environment.Job instance at 0x7f50e4ceae10>,44,1,[7 5],45,-1,115,-1,114
1,<environment.Job instance at 0x7f50e4ceaf00>,45,3,[5 5],46,-1,117,-1,114
1,<environment.Job instance at 0x7f50e4ceadc0>,46,27,[4 6],47,-1,141,-1,114
1,<environment.Job instance at 0x7f50edc11e10>,53,3,[ 1 14],54,-1,153,-1,150
1,<environment.Job instance at 0x7f50edc110f0>,54,1,[13  3],55,-1,151,-1,150
1,<environment.Job instance at 0x7f50edc11d20>,55,27,[10  1],56,-1,177,-1,150
1,<environment.Job instance at 0x7f50edc11fa0>,57,19,[ 2 11],58,-1,180,-1,161
1,<environment.Job instance at 0x7f50edc11730>,60,28,[8 2],61,-1,205,-1,177
1,<environment.Job instance at 0x7f50edc11730>,4,26,[4 9],5,-1,31,-1,5
1,<environment.Job instance at 0x7f50e4453730>,6,21,[14  3],7,-1,28,-1,7
1,<environment.Job instance at 0x7f50e44537d0>,7,2,[ 2 13],8,-1,11,-1,9
1,<environment.Job instance at 0x7f50e4453b90>,12,22,[10  5],13,-1,170,-1,148
1,<environment.Job instance at 0x7f50e4429780>,29,2,[ 3 13],30,-1,150,-1,148
1,<environment.Job instance at 0x7f50e4429820>,30,16,[13  3],31,-1,164,-1,148
1,<environment.Job instance at 0x7f50e4429960>,31,3,[7 4],32,-1,151,-1,148
1,<environment.Job instance at 0x7f50e4429aa0>,34,2,[10  4],35,-1,156,-1,154
1,<environment.Job instance at 0x7f50e4429be0>,36,15,[7 1],37,-1,177,-1,162
1,<environment.Job instance at 0x7f50e4429c80>,37,13,[ 5 11],38,-1,175,-1,162
1,<environment.Job instance at 0x7f50e4429d20>,38,3,[2 8],39,-1,165,-1,162
1,<environment.Job instance at 0x7f50e4429dc0>,39,24,[ 1 10],40,-1,186,-1,162
1,<environment.Job instance at 0x7f50e4429e60>,40,2,[2 8],41,-1,164,-1,162
1,<environment.Job instance at 0x7f50e4429f00>,41,26,[5 7],42,-1,188,-1,162
1,<environment.Job instance at 0x7f50e4429fa0>,42,28,[ 4 13],43,-1,190,-1,162
1,<environment.Job instance at 0x7f50e4434140>,44,2,[2 9],45,-1,166,-1,164
1,<environment.Job instance at 0x7f50e4434320>,45,28,[ 4 11],46,-1,192,-1,164
1,<environment.Job instance at 0x7f50e4434230>,47,16,[14  4],48,-1,188,-1,172
1,<environment.Job instance at 0x7f50e4434410>,48,23,[ 3 10],49,-1,195,-1,172
1,<environment.Job instance at 0x7f50e441cf50>,1,27,[3 7],2,-1,29,-1,2
1,<environment.Job instance at 0x7f50e4229d20>,5,1,[11  3],6,-1,8,-1,7
1,<environment.Job instance at 0x7f50e4ad32d0>,7,25,[6 4],8,-1,33,-1,8
1,<environment.Job instance at 0x7f50e4ad3e60>,8,25,[8 1],9,-1,34,-1,9
1,<environment.Job instance at 0x7f50e4ad3a50>,9,14,[14  1],10,-1,24,-1,10
1,<environment.Job instance at 0x7f50edc35b40>,12,17,[ 2 10],13,-1,36,-1,19
1,<environment.Job instance at 0x7f50e4583cd0>,23,1,[3 8],24,-1,101,-1,100
1,<environment.Job instance at 0x7f50e43540a0>,27,2,[12  5],28,-1,119,-1,117
1,<environment.Job instance at 0x7f50e5217fa0>,28,1,[7 5],29,-1,118,-1,117
1,<environment.Job instance at 0x7f50e43f8d20>,29,14,[ 2 11],30,-1,131,-1,117
1,<environment.Job instance at 0x7f50e4ceacd0>,31,1,[3 8],32,-1,126,-1,125
1,<environment.Job instance at 0x7f50e5217f50>,32,13,[12  1],33,-1,138,-1,125
1,<environment.Job instance at 0x7f50e3eb49b0>,33,28,[13  1],34,-1,153,-1,125
1,<environment.Job instance at 0x7f50e49e7aa0>,36,16,[ 4 14],37,-1,169,-1,153
1,<environment.Job instance at 0x7f50e4438730>,39,25,[9 1],40,-1,196,-1,171
1,<environment.Job instance at 0x7f50e4438280>,41,13,[13  1],42,-1,186,-1,173
1,<environment.Job instance at 0x7f50e4438230>,42,17,[ 2 12],43,-1,190,-1,173
1,<environment.Job instance at 0x7f50e40f0be0>,43,14,[11  1],44,-1,187,-1,173
1,<environment.Job instance at 0x7f50e40f0320>,44,26,[14  4],45,-1,199,-1,173
1,<environment.Job instance at 0x7f50e5074140>,5,3,[7 5],6,-1,10,-1,7
1,<environment.Job instance at 0x7f50edc44730>,7,3,[6 4],8,-1,11,-1,8
1,<environment.Job instance at 0x7f50edc44910>,8,24,[7 5],9,-1,33,-1,9
1,<environment.Job instance at 0x7f50edc44eb0>,10,25,[ 1 14],11,-1,36,-1,11
1,<environment.Job instance at 0x7f50edc44500>,13,15,[12  2],14,-1,29,-1,14
1,<environment.Job instance at 0x7f50e4500fa0>,19,25,[9 5],20,-1,53,-1,28
1,<environment.Job instance at 0x7f50e4500780>,21,25,[1 7],22,-1,63,-1,38
1,<environment.Job instance at 0x7f50e3dc2370>,24,1,[11  2],25,-1,55,-1,54
1,<environment.Job instance at 0x7f50e3dc2730>,25,2,[ 5 11],26,-1,56,-1,54
1,<environment.Job instance at 0x7f50e3dc2be0>,26,14,[13  2],27,-1,68,-1,54
1,<environment.Job instance at 0x7f50e3dc2c30>,28,13,[13  3],29,-1,79,-1,66
1,<environment.Job instance at 0x7f50e3dc2820>,29,25,[ 3 11],30,-1,91,-1,66
1,<environment.Job instance at 0x7f50e3dc21e0>,30,26,[8 4],31,-1,92,-1,66
1,<environment.Job instance at 0x7f50e3dc26e0>,32,13,[8 1],33,-1,79,-1,66
1,<environment.Job instance at 0x7f50e3dc29b0>,33,14,[12  3],34,-1,80,-1,66
1,<environment.Job instance at 0x7f50e3dc2550>,34,1,[ 4 10],35,-1,67,-1,66
1,<environment.Job instance at 0x7f50e3dc2500>,36,20,[ 1 10],37,-1,103,-1,83
1,<environment.Job instance at 0x7f50e3dc2870>,37,3,[12  5],38,-1,86,-1,83
1,<environment.Job instance at 0x7f50e47785a0>,38,23,[ 4 10],39,-1,106,-1,83
1,<environment.Job instance at 0x7f50e3dc2e60>,39,3,[5 6],40,-1,86,-1,83
1,<environment.Job instance at 0x7f50e4778780>,40,19,[ 4 14],41,-1,102,-1,83
1,<environment.Job instance at 0x7f50e4778be0>,41,20,[14  5],42,-1,103,-1,83
1,<environment.Job instance at 0x7f50e47781e0>,44,28,[5 8],45,-1,124,-1,96
1,<environment.Job instance at 0x7f50e47785f0>,45,2,[11  2],46,-1,98,-1,96
1,<environment.Job instance at 0x7f50e4778af0>,46,14,[14  2],47,-1,110,-1,96
1,<environment.Job instance at 0x7f50e50d22d0>,47,3,[ 2 10],48,-1,99,-1,96
1,<environment.Job instance at 0x7f50e4dfa5f0>,48,27,[ 5 13],49,-1,123,-1,96
1,<environment.Job instance at 0x7f50e4a2a960>,49,2,[2 8],50,-1,98,-1,96
1,<environment.Job instance at 0x7f50e4a2afa0>,50,27,[1 5],51,-1,123,-1,96
1,<environment.Job instance at 0x7f50e4a2ac80>,51,1,[9 2],52,-1,97,-1,96
1,<environment.Job instance at 0x7f50e565a910>,52,18,[13  5],53,-1,114,-1,96
1,<environment.Job instance at 0x7f50e565a230>,53,12,[ 3 13],54,-1,108,-1,96
1,<environment.Job instance at 0x7f50e513f320>,54,13,[ 1 13],55,-1,109,-1,96
1,<environment.Job instance at 0x7f50e513f8c0>,55,28,[ 1 11],56,-1,124,-1,96
1,<environment.Job instance at 0x7f50e513f820>,57,26,[13  4],58,-1,127,-1,101
1,<environment.Job instance at 0x7f50e513f3c0>,59,14,[13  1],60,-1,130,-1,116
1,<environment.Job instance at 0x7f50e513f2d0>,60,12,[14  5],61,-1,128,-1,116
1,<environment.Job instance at 0x7f50e52175f0>,61,20,[ 2 14],62,-1,136,-1,116
1,<environment.Job instance at 0x7f50e4f6d3c0>,68,3,[3 9],69,-1,167,-1,164
1,<environment.Job instance at 0x7f50e4f6deb0>,70,2,[10  5],71,-1,176,-1,174
1,<environment.Job instance at 0x7f50e4c7da50>,71,2,[7 5],72,-1,176,-1,174
1,<environment.Job instance at 0x7f50e3fb31e0>,2,27,[6 1],3,-1,30,-1,3
1,<environment.Job instance at 0x7f50e40b2af0>,5,23,[ 2 14],6,-1,29,-1,6
1,<environment.Job instance at 0x7f50e504f820>,6,27,[8 4],7,-1,34,-1,7
1,<environment.Job instance at 0x7f50e4a5f820>,11,25,[12  5],12,-1,39,-1,14
1,<environment.Job instance at 0x7f50e40b2e60>,8,3,[3 6],9,-1,17,-1,14
1,<environment.Job instance at 0x7f50e55b00f0>,16,2,[ 2 12],17,-1,46,-1,44
1,<environment.Job instance at 0x7f50e4d6ca50>,22,27,[12  2],23,-1,101,-1,74
1,<environment.Job instance at 0x7f50e4aafb90>,25,27,[9 4],26,-1,117,-1,90
1,<environment.Job instance at 0x7f50edc88780>,27,27,[ 5 14],28,-1,129,-1,102
1,<environment.Job instance at 0x7f50e4923e60>,28,26,[ 3 13],29,-1,128,-1,102
1,<environment.Job instance at 0x7f50e4ba9c80>,29,15,[ 5 12],30,-1,117,-1,102
1,<environment.Job instance at 0x7f50e40dd320>,32,15,[ 1 13],33,-1,122,-1,107
1,<environment.Job instance at 0x7f50e44f86e0>,33,23,[ 2 14],34,-1,130,-1,107
1,<environment.Job instance at 0x7f50e3d32c80>,37,25,[ 3 14],38,-1,184,-1,159
1,<environment.Job instance at 0x7f6dbdd2c5a0>,3,3,[ 4 14],4,-1,7,-1,4
1,<environment.Job instance at 0x7f6dc74a41e0>,5,24,[1 5],6,-1,33,-1,9
1,<environment.Job instance at 0x7f6dbdd2c910>,8,22,[14  3],9,-1,31,-1,9
1,<environment.Job instance at 0x7f6dbdd2c8c0>,9,18,[ 2 13],10,-1,28,-1,10
1,<environment.Job instance at 0x7f6dbdd2cb40>,11,1,[8 5],12,-1,13,-1,12
1,<environment.Job instance at 0x7f6dbdd2cbe0>,12,13,[10  2],13,-1,42,-1,29
1,<environment.Job instance at 0x7f6dbdd2cf00>,17,28,[ 5 10],18,-1,64,-1,36
1,<environment.Job instance at 0x7f6dbdd2cfa0>,18,3,[ 4 13],19,-1,39,-1,36
1,<environment.Job instance at 0x7f6dbdd2caa0>,19,14,[ 3 11],20,-1,50,-1,36
1,<environment.Job instance at 0x7f6dbdd2c870>,20,1,[13  5],21,-1,37,-1,36
1,<environment.Job instance at 0x7f6dbdd2e1e0>,21,1,[6 5],22,-1,37,-1,36
1,<environment.Job instance at 0x7f6dbdd2e190>,22,1,[2 7],23,-1,37,-1,36
1,<environment.Job instance at 0x7f6dbdd2e320>,23,27,[ 1 14],24,-1,63,-1,36
1,<environment.Job instance at 0x7f6dbdd2e140>,24,18,[ 4 10],25,-1,54,-1,36
1,<environment.Job instance at 0x7f6dbdd2e050>,25,27,[8 1],26,-1,63,-1,36
1,<environment.Job instance at 0x7f6dbdd2e460>,26,26,[5 5],27,-1,62,-1,36
1,<environment.Job instance at 0x7f6dbdd2e500>,27,18,[1 8],28,-1,54,-1,36
1,<environment.Job instance at 0x7f6dbdd2e5f0>,28,25,[5 7],29,-1,61,-1,36
1,<environment.Job instance at 0x7f6dbdd2e5a0>,29,25,[ 4 11],30,-1,61,-1,36
1,<environment.Job instance at 0x7f6dbdd2e870>,30,22,[ 5 13],31,-1,58,-1,36
1,<environment.Job instance at 0x7f6dbdd2e730>,31,27,[4 8],32,-1,63,-1,36
1,<environment.Job instance at 0x7f6dbdd2e960>,33,1,[11  3],34,-1,48,-1,47
1,<environment.Job instance at 0x7f6dbdd2ee10>,40,24,[5 6],41,-1,147,-1,123
1,<environment.Job instance at 0x7f6dbdd2ef50>,42,27,[5 2],43,-1,150,-1,123
1,<environment.Job instance at 0x7f6dbdd320f0>,45,24,[ 1 13],46,-1,164,-1,140
1,<environment.Job instance at 0x7f6dbdd323c0>,47,17,[12  2],48,-1,159,-1,142
1,<environment.Job instance at 0x7f6dbdd32730>,51,16,[12  2],52,-1,193,-1,177
1,<environment.Job instance at 0x7f6dbdd32820>,53,27,[8 5],54,-1,207,-1,180
1,<environment.Job instance at 0x7f6dbdccef00>,1,17,[12  2],2,-1,19,-1,2
1,<environment.Job instance at 0x7f6dbdd32870>,2,28,[2 8],3,-1,31,-1,3
1,<environment.Job instance at 0x7f6dbdd32820>,10,2,[7 5],11,-1,14,-1,12
1,<environment.Job instance at 0x7f6dbe4673c0>,12,24,[7 5],13,-1,37,-1,13
1,<environment.Job instance at 0x7f6dbe467730>,14,28,[2 7],15,-1,43,-1,15
1,<environment.Job instance at 0x7f6dbe467320>,15,28,[9 2],16,-1,44,-1,16
1,<environment.Job instance at 0x7f6dbe3804b0>,20,20,[ 3 13],21,-1,41,-1,21
1,<environment.Job instance at 0x7f6dbe380050>,21,1,[ 2 14],22,-1,23,-1,22
1,<environment.Job instance at 0x7f6dbe3805f0>,22,2,[12  2],23,-1,25,-1,23
1,<environment.Job instance at 0x7f6dbe380f50>,30,25,[6 2],31,-1,84,-1,59
1,<environment.Job instance at 0x7f6dbe380dc0>,31,18,[12  4],32,-1,77,-1,59
1,<environment.Job instance at 0x7f6dc716bd70>,33,26,[11  5],34,-1,94,-1,68
1,<environment.Job instance at 0x7f6dbdedc2d0>,37,15,[13  5],38,-1,104,-1,89
1,<environment.Job instance at 0x7f6dbdedce60>,40,27,[14  3],41,-1,129,-1,102
1,<environment.Job instance at 0x7f6dbdedce10>,42,26,[ 4 10],43,-1,136,-1,110
1,<environment.Job instance at 0x7f6dbdedc320>,43,26,[8 3],44,-1,136,-1,110
1,<environment.Job instance at 0x7f6dbdedcdc0>,44,1,[12  1],45,-1,111,-1,110
1,<environment.Job instance at 0x7f6dbdedc550>,45,19,[ 2 13],46,-1,129,-1,110
1,<environment.Job instance at 0x7f6dbdedcfa0>,46,22,[11  1],47,-1,132,-1,110
1,<environment.Job instance at 0x7f6dbdedc050>,47,22,[ 1 13],48,-1,132,-1,110
1,<environment.Job instance at 0x7f6dbdedc640>,50,23,[7 3],51,-1,144,-1,121
1,<environment.Job instance at 0x7f6dbdedc690>,53,24,[14  3],54,-1,145,-1,121
1,<environment.Job instance at 0x7f6dbdedcd20>,55,21,[12  3],56,-1,145,-1,124
1,<environment.Job instance at 0x7f6dbdea98c0>,57,28,[4 5],58,-1,165,-1,137
1,<environment.Job instance at 0x7f6dbdea9870>,59,22,[14  1],60,-1,165,-1,143
1,<environment.Job instance at 0x7f6dbdea9820>,60,3,[11  3],61,-1,146,-1,143
1,<environment.Job instance at 0x7f6dbdea90f0>,61,27,[ 4 13],62,-1,170,-1,143
1,<environment.Job instance at 0x7f6dbdea9f50>,62,26,[8 4],63,-1,169,-1,143
1,<environment.Job instance at 0x7f6dbdea9b40>,65,16,[14  1],66,-1,172,-1,156
1,<environment.Job instance at 0x7f6dbdea9780>,66,3,[9 1],67,-1,159,-1,156
1,<environment.Job instance at 0x7f6dbdeb1e60>,69,1,[5 4],70,-1,168,-1,167
1,<environment.Job instance at 0x7f6dbdeb1230>,70,25,[ 3 10],71,-1,192,-1,167
1,<environment.Job instance at 0x7f6dbdeb10f0>,71,1,[ 2 10],72,-1,168,-1,167
1,<environment.Job instance at 0x7f6dbdeb10a0>,72,27,[3 9],73,-1,194,-1,167
1,<environment.Job instance at 0x7f6dbdeb1af0>,74,12,[13  2],75,-1,179,-1,167
1,<environment.Job instance at 0x7f6dbdeb11e0>,75,24,[1 5],76,-1,198,-1,174
1,<environment.Job instance at 0x7f6dbd4c7aa0>,5,3,[12  3],6,-1,9,-1,6
1,<environment.Job instance at 0x7f6dbd4c7960>,6,12,[ 5 14],7,-1,19,-1,7
1,<environment.Job instance at 0x7f6dbd4c7370>,10,26,[9 4],11,-1,45,-1,19
1,<environment.Job instance at 0x7f6dbd4c32d0>,14,22,[ 1 12],15,-1,41,-1,19
1,<environment.Job instance at 0x7f6dbd4bef00>,23,3,[ 2 11],24,-1,52,-1,49
1,<environment.Job instance at 0x7f6dbd4be140>,25,2,[12  2],26,-1,73,-1,71
1,<environment.Job instance at 0x7f6dbd4bee10>,27,17,[14  5],28,-1,102,-1,85
1,<environment.Job instance at 0x7f6dbd4bea50>,28,2,[13  3],29,-1,87,-1,85
1,<environment.Job instance at 0x7f6dbd4be960>,29,22,[12  3],30,-1,107,-1,85
1,<environment.Job instance at 0x7f6dbd4bb0a0>,35,28,[10  3],36,-1,151,-1,123
1,<environment.Job instance at 0x7f6dbd4bb050>,36,3,[3 5],37,-1,126,-1,123
1,<environment.Job instance at 0x7f6dbd4bbb90>,38,2,[7 2],39,-1,138,-1,136
1,<environment.Job instance at 0x7f6dbd4bb190>,40,25,[14  4],41,-1,161,-1,136
1,<environment.Job instance at 0x7f6dbd4bb870>,41,2,[4 8],42,-1,138,-1,136
1,<environment.Job instance at 0x7f6dbd4bbb40>,44,1,[3 8],45,-1,152,-1,151
1,<environment.Job instance at 0x7f6dbd4bb500>,45,3,[10  2],46,-1,154,-1,151
1,<environment.Job instance at 0x7f6dbd4bb5a0>,46,24,[14  2],47,-1,175,-1,151
1,<environment.Job instance at 0x7f6dbd4bb4b0>,47,3,[ 5 11],48,-1,154,-1,151
1,<environment.Job instance at 0x7f6dbd4bb780>,48,2,[ 2 12],49,-1,153,-1,151
1,<environment.Job instance at 0x7f6dbd4b60f0>,49,23,[ 4 11],50,-1,174,-1,151
1,<environment.Job instance at 0x7f6dbd4b6320>,51,23,[ 3 13],52,-1,178,-1,155
1,<environment.Job instance at 0x7f6dbd4b6370>,52,3,[8 4],53,-1,158,-1,155
1,<environment.Job instance at 0x7f6dbd4b6550>,54,24,[ 3 10],55,-1,194,-1,170
1,<environment.Job instance at 0x7f6dbd4b6690>,55,2,[10  4],56,-1,172,-1,170
1,<environment.Job instance at 0x7f6dbd4b6460>,59,14,[ 1 14],60,-1,203,-1,189
1,<environment.Job instance at 0x7f6dbd4b64b0>,60,25,[5 8],61,-1,214,-1,189
1,<environment.Job instance at 0x7f6dbd4b6870>,61,27,[7 4],62,-1,216,-1,189
1,<environment.Job instance at 0x7f6dbd4b6f50>,62,3,[2 7],63,-1,192,-1,189
1,<environment.Job instance at 0x7f6dbd4b6f50>,3,12,[14  4],4,-1,16,-1,4
1,<environment.Job instance at 0x7f6dbe1bd1e0>,9,12,[8 1],10,-1,36,-1,24
1,<environment.Job instance at 0x7f6dbe1bd640>,11,18,[5 1],12,-1,42,-1,24
1,<environment.Job instance at 0x7f6dbe1bdc80>,12,27,[9 3],13,-1,51,-1,24
1,<environment.Job instance at 0x7f6dbe1bdb40>,14,2,[4 7],15,-1,38,-1,36
1,<environment.Job instance at 0x7f6dbe1bdf50>,15,28,[ 1 13],16,-1,64,-1,36
1,<environment.Job instance at 0x7f6dbe1bd730>,16,12,[ 4 10],17,-1,48,-1,36
1,<environment.Job instance at 0x7f6dbe1bd3c0>,19,26,[9 4],20,-1,81,-1,55
1,<environment.Job instance at 0x7f6dbe1bdaf0>,20,28,[2 7],21,-1,83,-1,55
1,<environment.Job instance at 0x7f6dbe1bd5f0>,21,3,[5 5],22,-1,58,-1,55
1,<environment.Job instance at 0x7f6dbe1bd910>,22,22,[ 5 14],23,-1,77,-1,55
1,<environment.Job instance at 0x7f6dbe1bdbe0>,23,20,[14  1],24,-1,75,-1,55
1,<environment.Job instance at 0x7f6dbde9e6e0>,28,3,[ 1 10],29,-1,94,-1,91
1,<environment.Job instance at 0x7f6dbde9e500>,33,18,[ 3 10],34,-1,130,-1,112
1,<environment.Job instance at 0x7f6dbde9ec80>,34,26,[1 5],35,-1,138,-1,112
1,<environment.Job instance at 0x7f6dbde9e0f0>,35,22,[11  4],36,-1,134,-1,112
1,<environment.Job instance at 0x7f6dbde9ee60>,36,21,[11  3],37,-1,133,-1,112
1,<environment.Job instance at 0x7f6dbde9e8c0>,37,23,[ 4 10],38,-1,135,-1,112
1,<environment.Job instance at 0x7f6dbde9e280>,38,19,[14  3],39,-1,131,-1,112
1,<environment.Job instance at 0x7f6dbde9e5a0>,39,1,[3 7],40,-1,113,-1,112
1,<environment.Job instance at 0x7f6dbde9ea50>,40,15,[11  4],41,-1,127,-1,112
1,<environment.Job instance at 0x7f6dbde9e550>,41,17,[11  1],42,-1,129,-1,112
1,<environment.Job instance at 0x7f6dbda327d0>,42,2,[ 1 14],43,-1,114,-1,112
1,<environment.Job instance at 0x7f6dbde9e910>,43,12,[13  2],44,-1,124,-1,112
1,<environment.Job instance at 0x7f6dbe072cd0>,45,15,[ 2 11],46,-1,142,-1,127
1,<environment.Job instance at 0x7f6dbe072e10>,46,23,[7 4],47,-1,150,-1,127
1,<environment.Job instance at 0x7f6dbe0720a0>,51,3,[5 5],52,-1,167,-1,164
1,<environment.Job instance at 0x7f6dbe0722d0>,54,28,[10  3],55,-1,199,-1,171
1,<environment.Job instance at 0x7f6dbe072eb0>,55,25,[12  3],56,-1,196,-1,171
1,<environment.Job instance at 0x7f6dbe82da00>,1,23,[11  4],2,-1,25,-1,2
1,<environment.Job instance at 0x7f6dbe82df50>,4,15,[12  4],5,-1,20,-1,5
1,<environment.Job instance at 0x7f6dbe82ddc0>,5,2,[ 1 12],6,-1,8,-1,6
1,<environment.Job instance at 0x7f6dbe81b320>,8,28,[6 4],9,-1,38,-1,10
1,<environment.Job instance at 0x7f6dbe47d910>,20,28,[13  5],21,-1,131,-1,103
1,<environment.Job instance at 0x7f6dc6eac8c0>,31,2,[5 6],32,-1,168,-1,166
1,<environment.Job instance at 0x7f6dc6eac230>,32,13,[ 2 13],33,-1,179,-1,166
1,<environment.Job instance at 0x7f6dc6eac780>,33,23,[5 1],34,-1,189,-1,166
1,<environment.Job instance at 0x7f6dc6eaca50>,34,14,[ 3 13],35,-1,180,-1,166
1,<environment.Job instance at 0x7f6dbe7b47d0>,36,26,[ 1 12],37,-1,192,-1,166
1,<environment.Job instance at 0x7f6dbe3a1e60>,38,3,[1 5],39,-1,169,-1,166
1,<environment.Job instance at 0x7f6dbe46b190>,40,24,[11  5],41,-1,210,-1,186
1,<environment.Job instance at 0x7f6dbe46baf0>,42,1,[10  4],43,-1,187,-1,186
1,<environment.Job instance at 0x7f6dbdca42d0>,13,25,[ 5 10],14,-1,45,-1,20
1,<environment.Job instance at 0x7f6dbdca4960>,15,14,[11  2],16,-1,43,-1,29
1,<environment.Job instance at 0x7f6dbd694410>,18,27,[7 4],19,-1,65,-1,38
1,<environment.Job instance at 0x7f6dbd694280>,23,2,[ 1 12],24,-1,67,-1,65
1,<environment.Job instance at 0x7f6dbd6946e0>,26,14,[ 4 12],27,-1,97,-1,83
1,<environment.Job instance at 0x7f6dbd694230>,28,25,[ 1 14],29,-1,108,-1,83
1,<environment.Job instance at 0x7f6dbd697e60>,29,14,[11  5],30,-1,97,-1,83
1,<environment.Job instance at 0x7f6dbd697320>,31,23,[ 4 13],32,-1,121,-1,98
1,<environment.Job instance at 0x7f6dbd6976e0>,32,19,[11  1],33,-1,117,-1,98
1,<environment.Job instance at 0x7f6dbd697550>,33,3,[ 4 11],34,-1,101,-1,98
1,<environment.Job instance at 0x7f6dbd697690>,34,2,[8 3],35,-1,100,-1,98
1,<environment.Job instance at 0x7f6dbd697c80>,35,3,[2 8],36,-1,101,-1,98
1,<environment.Job instance at 0x7f6dbd697cd0>,36,13,[ 3 13],37,-1,111,-1,98
1,<environment.Job instance at 0x7f6dbd697280>,39,16,[14  5],40,-1,136,-1,120
1,<environment.Job instance at 0x7f6dbd697190>,41,2,[7 5],42,-1,122,-1,120
1,<environment.Job instance at 0x7f6dbd697500>,42,1,[14  3],43,-1,121,-1,120
1,<environment.Job instance at 0x7f6dbd69af50>,43,3,[2 8],44,-1,123,-1,120
1,<environment.Job instance at 0x7f6dbd69a820>,44,3,[ 3 10],45,-1,123,-1,120
1,<environment.Job instance at 0x7f6dbd69a5a0>,45,22,[2 6],46,-1,142,-1,120
1,<environment.Job instance at 0x7f6dbd69a870>,46,3,[5 3],47,-1,123,-1,120
1,<environment.Job instance at 0x7f6dbd69abe0>,48,23,[5 5],49,-1,151,-1,128
1,<environment.Job instance at 0x7f6dbd69aa00>,49,2,[6 2],50,-1,130,-1,128
1,<environment.Job instance at 0x7f6dbd69a050>,50,14,[11  3],51,-1,142,-1,128
1,<environment.Job instance at 0x7f6dbd69a0a0>,51,2,[2 7],52,-1,130,-1,128
1,<environment.Job instance at 0x7f6dbd69a460>,52,1,[11  2],53,-1,129,-1,128
1,<environment.Job instance at 0x7f6dbd69afa0>,53,3,[9 1],54,-1,131,-1,128
1,<environment.Job instance at 0x7f6dbd69aaa0>,55,22,[6 1],56,-1,158,-1,136
1,<environment.Job instance at 0x7f6dbd6a0050>,60,2,[14  2],61,-1,182,-1,180
1,<environment.Job instance at 0x7f6dbd6a0a00>,61,2,[8 1],62,-1,182,-1,180
1,<environment.Job instance at 0x7f6dbd6a0d20>,62,23,[ 3 10],63,-1,203,-1,180
1,<environment.Job instance at 0x7f6dbd6a0f00>,2,23,[ 2 12],3,-1,26,-1,3
1,<environment.Job instance at 0x7f6dbda14870>,3,27,[8 3],4,-1,31,-1,4
1,<environment.Job instance at 0x7f6dbd39b6e0>,11,3,[3 9],12,-1,17,-1,14
1,<environment.Job instance at 0x7f6dbd39bf00>,12,28,[ 5 13],13,-1,42,-1,14
1,<environment.Job instance at 0x7f6dbd39bc30>,13,15,[12  1],14,-1,29,-1,14
1,<environment.Job instance at 0x7f6dbd39bb40>,14,3,[ 5 14],15,-1,18,-1,15
1,<environment.Job instance at 0x7f6dbd39b320>,17,27,[10  5],18,-1,54,-1,27
1,<environment.Job instance at 0x7f6dbd39b280>,23,18,[9 3],24,-1,93,-1,75
1,<environment.Job instance at 0x7f6dbd39b910>,26,19,[2 7],27,-1,94,-1,75
1,<environment.Job instance at 0x7f6dbd39b550>,27,3,[6 1],28,-1,78,-1,75
1,<environment.Job instance at 0x7f6dbe3ed0f0>,28,12,[ 2 12],29,-1,87,-1,75
1,<environment.Job instance at 0x7f6dbe3ed0a0>,29,2,[6 2],30,-1,77,-1,75
1,<environment.Job instance at 0x7f6dbe3ed370>,30,22,[5 4],31,-1,97,-1,75
1,<environment.Job instance at 0x7f6dbe3ed410>,31,3,[7 2],32,-1,78,-1,75
1,<environment.Job instance at 0x7f6dbe3ed4b0>,32,13,[5 8],33,-1,88,-1,75
1,<environment.Job instance at 0x7f6dbe3ed550>,33,13,[5 5],34,-1,88,-1,75
1,<environment.Job instance at 0x7f6dbe3ed5f0>,34,18,[ 1 11],35,-1,93,-1,75
1,<environment.Job instance at 0x7f6dbe3ed690>,35,3,[3 7],36,-1,78,-1,75
1,<environment.Job instance at 0x7f6dbe3ed730>,36,17,[7 5],37,-1,92,-1,75
1,<environment.Job instance at 0x7f6dbe3ed7d0>,37,13,[4 8],38,-1,88,-1,75
1,<environment.Job instance at 0x7f6dbe3ed870>,38,17,[10  1],39,-1,92,-1,75
1,<environment.Job instance at 0x7f6dbe3ed910>,39,16,[ 2 13],40,-1,91,-1,75
1,<environment.Job instance at 0x7f6dbe3edaf0>,40,16,[ 5 12],41,-1,91,-1,75
1,<environment.Job instance at 0x7f6dbe3edaa0>,41,12,[11  1],42,-1,87,-1,75
1,<environment.Job instance at 0x7f6dbe3eda00>,42,20,[9 5],43,-1,95,-1,75
1,<environment.Job instance at 0x7f6dbe3edb90>,43,15,[11  4],44,-1,90,-1,75
1,<environment.Job instance at 0x7f6dbe3edc30>,44,17,[ 2 14],45,-1,92,-1,75
1,<environment.Job instance at 0x7f6dbe3edcd0>,45,26,[10  5],46,-1,101,-1,75
1,<environment.Job instance at 0x7f6dbe3edd70>,46,2,[7 5],47,-1,77,-1,75
1,<environment.Job instance at 0x7f6dbe3ede10>,47,16,[5 6],48,-1,91,-1,75
1,<environment.Job instance at 0x7f6dbe3ed320>,48,18,[4 5],49,-1,93,-1,75
1,<environment.Job instance at 0x7f6dbe3edfa0>,49,18,[4 9],50,-1,93,-1,75
1,<environment.Job instance at 0x7f6dbe40d230>,50,25,[1 7],51,-1,100,-1,75
1,<environment.Job instance at 0x7f6dbe40d0a0>,51,13,[9 3],52,-1,88,-1,75
1,<environment.Job instance at 0x7f6dbe40d370>,52,19,[2 5],53,-1,94,-1,75
1,<environment.Job instance at 0x7f6dbe40d410>,53,14,[ 3 10],54,-1,89,-1,75
1,<environment.Job instance at 0x7f6dbe40d4b0>,54,14,[5 4],55,-1,89,-1,75
1,<environment.Job instance at 0x7f6dbe40d550>,55,27,[3 8],56,-1,102,-1,75
1,<environment.Job instance at 0x7f6dbe40d5f0>,56,12,[1 9],57,-1,87,-1,75
1,<environment.Job instance at 0x7f6dbe40d7d0>,57,3,[6 1],58,-1,78,-1,75
1,<environment.Job instance at 0x7f6dbe40d6e0>,58,28,[2 6],59,-1,103,-1,75
1,<environment.Job instance at 0x7f6dbe40d8c0>,59,28,[7 1],60,-1,103,-1,75
1,<environment.Job instance at 0x7f6dbe40d960>,60,26,[10  3],61,-1,101,-1,75
1,<environment.Job instance at 0x7f6dbe40da00>,61,27,[5 2],62,-1,102,-1,75
1,<environment.Job instance at 0x7f6dbe40daa0>,62,12,[ 3 13],63,-1,87,-1,75
1,<environment.Job instance at 0x7f6dbe40db40>,63,17,[14  5],64,-1,92,-1,75
1,<environment.Job instance at 0x7f6dbe40dbe0>,64,15,[14  2],65,-1,90,-1,75
1,<environment.Job instance at 0x7f6dbe40daf0>,65,15,[ 1 12],66,-1,90,-1,75
1,<environment.Job instance at 0x7f6dbe40dc80>,66,14,[3 9],67,-1,89,-1,75
1,<environment.Job instance at 0x7f6dbe40de10>,67,12,[10  1],68,-1,87,-1,75
1,<environment.Job instance at 0x7f6dbe40dcd0>,68,17,[4 7],69,-1,92,-1,75
1,<environment.Job instance at 0x7f6dbe40de60>,69,12,[ 1 12],70,-1,87,-1,75
1,<environment.Job instance at 0x7f6dbe40df50>,70,19,[5 8],71,-1,94,-1,75
1,<environment.Job instance at 0x7f6dbe40dfa0>,71,16,[ 1 10],72,-1,91,-1,75
1,<environment.Job instance at 0x7f6dbde58190>,72,22,[8 3],73,-1,97,-1,75
1,<environment.Job instance at 0x7f6dbde58230>,73,1,[9 3],74,-1,76,-1,75
1,<environment.Job instance at 0x7f6dbde582d0>,74,12,[9 2],75,-1,87,-1,75
1,<environment.Job instance at 0x7f6dbde580a0>,75,21,[5 8],76,-1,97,-1,76
1,<environment.Job instance at 0x7f6dbde58140>,76,21,[11  3],77,-1,98,-1,77
1,<environment.Job instance at 0x7f6dbde583c0>,77,2,[1 8],78,-1,80,-1,78
1,<environment.Job instance at 0x7f6dbde58550>,78,17,[ 1 10],79,-1,96,-1,79
1,<environment.Job instance at 0x7f6dbde586e0>,80,12,[11  2],81,-1,101,-1,89
1,<environment.Job instance at 0x7f6dbde58690>,81,18,[ 3 11],82,-1,107,-1,89
1,<environment.Job instance at 0x7f6dbde58460>,82,15,[3 6],83,-1,104,-1,89
1,<environment.Job instance at 0x7f6dbde58820>,83,15,[1 7],84,-1,107,-1,92
1,<environment.Job instance at 0x7f6dbde588c0>,84,24,[2 8],85,-1,116,-1,92
1,<environment.Job instance at 0x7f6dbde58960>,85,24,[5 7],86,-1,116,-1,92
1,<environment.Job instance at 0x7f6dbde58a00>,86,13,[14  2],87,-1,105,-1,92
1,<environment.Job instance at 0x7f6dbde58aa0>,87,12,[ 5 14],88,-1,104,-1,92
1,<environment.Job instance at 0x7f6dbde58b40>,88,28,[11  4],89,-1,120,-1,92
1,<environment.Job instance at 0x7f6dbd422b90>,89,1,[1 6],90,-1,93,-1,92
1,<environment.Job instance at 0x7f6dbe17b9b0>,90,26,[1 8],91,-1,118,-1,92
1,<environment.Job instance at 0x7f6dbe3f9dc0>,91,13,[1 9],92,-1,105,-1,92
1,<environment.Job instance at 0x7f6dbe3f9c80>,92,12,[5 2],93,-1,105,-1,93
1,<environment.Job instance at 0x7f6dbe3f9aa0>,93,18,[7 1],94,-1,116,-1,98
1,<environment.Job instance at 0x7f6dbe3f9230>,94,3,[7 5],95,-1,101,-1,98
1,<environment.Job instance at 0x7f6dbe3f9be0>,95,24,[5 3],96,-1,122,-1,98
1,<environment.Job instance at 0x7f6dbe3f9f00>,96,15,[ 1 14],97,-1,113,-1,98
1,<environment.Job instance at 0x7f6dbd975190>,97,1,[ 3 13],98,-1,99,-1,98
1,<environment.Job instance at 0x7f6dbd5a65f0>,98,23,[11  4],99,-1,122,-1,99
1,<environment.Job instance at 0x7f6dbd3d5320>,99,13,[1 9],100,-1,113,-1,100
1,<environment.Job instance at 0x7f6dbe89f550>,100,20,[4 7],101,-1,122,-1,102
1,<environment.Job instance at 0x7f6dbe844cd0>,101,3,[2 7],102,-1,105,-1,102
1,<environment.Job instance at 0x7f6dbd5c5190>,102,20,[1 9],103,-1,123,-1,103
1,<environment.Job instance at 0x7f6dbd98c0a0>,104,26,[9 3],105,-1,131,-1,105
1,<environment.Job instance at 0x7f6dbda873c0>,105,22,[6 3],106,-1,128,-1,106
1,<environment.Job instance at 0x7f6dbe424f00>,106,2,[14  4],107,-1,109,-1,107
1,<environment.Job instance at 0x7f6dbe89e370>,107,17,[4 7],108,-1,140,-1,123
1,<environment.Job instance at 0x7f6dbda606e0>,110,2,[14  4],111,-1,125,-1,123
1,<environment.Job instance at 0x7f6dbe89e7d0>,111,15,[ 4 12],112,-1,138,-1,123
1,<environment.Job instance at 0x7f6dbda5f870>,112,16,[2 7],113,-1,142,-1,126
1,<environment.Job instance at 0x7f6dbda60690>,113,26,[8 3],114,-1,152,-1,126
1,<environment.Job instance at 0x7f6dbda5aa00>,114,14,[2 6],115,-1,140,-1,126
1,<environment.Job instance at 0x7f6dbda5f960>,115,24,[3 9],116,-1,150,-1,126
1,<environment.Job instance at 0x7f6dbda5a050>,116,18,[9 1],117,-1,144,-1,126
1,<environment.Job instance at 0x7f6dbda76eb0>,122,14,[ 3 13],123,-1,168,-1,154
1,<environment.Job instance at 0x7f6dbda765a0>,123,23,[6 1],124,-1,177,-1,154
1,<environment.Job instance at 0x7f6dbda76500>,124,1,[10  4],125,-1,155,-1,154
1,<environment.Job instance at 0x7f6dbda76aa0>,125,12,[5 1],126,-1,166,-1,154
1,<environment.Job instance at 0x7f6dbda76460>,126,16,[13  3],127,-1,170,-1,154
1,<environment.Job instance at 0x7f6dbd955230>,127,12,[4 8],128,-1,166,-1,154
1,<environment.Job instance at 0x7f6dbd955410>,128,14,[1 9],129,-1,168,-1,154
1,<environment.Job instance at 0x7f6dbd955550>,129,2,[5 4],130,-1,156,-1,154
1,<environment.Job instance at 0x7f6dbd9555f0>,130,12,[1 7],131,-1,166,-1,154
1,<environment.Job instance at 0x7f6dbd955190>,131,26,[ 2 10],132,-1,180,-1,154
1,<environment.Job instance at 0x7f6dbe896500>,2,18,[ 2 11],3,-1,21,-1,3
1,<environment.Job instance at 0x7f6dbe122500>,4,18,[13  2],5,-1,23,-1,5
1,<environment.Job instance at 0x7f6dbe122960>,6,23,[ 5 13],7,-1,30,-1,7
1,<environment.Job instance at 0x7f6dbe122320>,8,28,[ 1 10],9,-1,37,-1,9
1,<environment.Job instance at 0x7f6dbdccbd20>,10,12,[ 4 14],11,-1,23,-1,11
1,<environment.Job instance at 0x7f6dbdccb960>,18,1,[12  3],19,-1,27,-1,26
1,<environment.Job instance at 0x7f6dbdccba00>,19,25,[13  1],20,-1,51,-1,26
1,<environment.Job instance at 0x7f6dbdccb9b0>,21,1,[2 5],22,-1,27,-1,26
1,<environment.Job instance at 0x7f6dbdccbcd0>,23,1,[14  4],24,-1,34,-1,33
1,<environment.Job instance at 0x7f6dbdccbb90>,24,17,[13  5],25,-1,50,-1,33
1,<environment.Job instance at 0x7f6dbdccbc80>,25,1,[1 5],26,-1,34,-1,33
1,<environment.Job instance at 0x7f6dbdccb460>,26,13,[ 4 11],27,-1,46,-1,33
1,<environment.Job instance at 0x7f6dbdccb280>,29,2,[3 7],30,-1,52,-1,50
1,<environment.Job instance at 0x7f6dbdccb730>,30,28,[ 3 10],31,-1,78,-1,50
1,<environment.Job instance at 0x7f6dbd5bfc80>,36,22,[ 1 10],37,-1,128,-1,106
1,<environment.Job instance at 0x7f6dbd5bfdc0>,39,27,[1 9],40,-1,154,-1,127
1,<environment.Job instance at 0x7f6dbd5bf870>,40,25,[ 3 12],41,-1,152,-1,127
1,<environment.Job instance at 0x7f6dbd5bf730>,42,20,[ 1 13],43,-1,147,-1,127
1,<environment.Job instance at 0x7f6dbd5bf8c0>,43,1,[5 6],44,-1,128,-1,127
1,<environment.Job instance at 0x7f6dbd5bf2d0>,44,23,[10  3],45,-1,150,-1,127
1,<environment.Job instance at 0x7f6dbd5bfaf0>,45,15,[ 2 11],46,-1,142,-1,127
1,<environment.Job instance at 0x7f6dbd5bf0f0>,48,26,[2 5],49,-1,168,-1,142
1,<environment.Job instance at 0x7f6dbd5bf4b0>,51,3,[ 2 10],52,-1,161,-1,158
1,<environment.Job instance at 0x7f6dbe1cf140>,54,22,[8 1],55,-1,180,-1,158
1,<environment.Job instance at 0x7f6dbe1cfbe0>,55,1,[14  3],56,-1,159,-1,158
1,<environment.Job instance at 0x7f6dbe1cf5a0>,56,14,[11  1],57,-1,172,-1,158
1,<environment.Job instance at 0x7f6dbe1cfb40>,58,18,[14  5],59,-1,180,-1,162
1,<environment.Job instance at 0x7f6dbe1cf780>,59,15,[ 1 12],60,-1,177,-1,162
1,<environment.Job instance at 0x7f6dbe1cfaa0>,63,14,[ 5 11],64,-1,196,-1,182
1,<environment.Job instance at 0x7f6dbe1cf6e0>,2,15,[ 3 13],3,-1,18,-1,3
1,<environment.Job instance at 0x7f6dbe32b780>,8,2,[7 4],9,-1,15,-1,13
1,<environment.Job instance at 0x7f6dbe32b550>,9,24,[8 2],10,-1,37,-1,13
1,<environment.Job instance at 0x7f6dbe32bc30>,10,25,[5 8],11,-1,38,-1,13
1,<environment.Job instance at 0x7f6dbe32b230>,11,15,[11  2],12,-1,31,-1,16
1,<environment.Job instance at 0x7f6dbe32b050>,13,25,[ 2 10],14,-1,41,-1,16
1,<environment.Job instance at 0x7f6dbe32b0f0>,14,2,[ 2 10],15,-1,18,-1,16
1,<environment.Job instance at 0x7f6dbe32ba00>,15,23,[7 1],16,-1,49,-1,26
1,<environment.Job instance at 0x7f6dbd436fa0>,17,26,[1 7],18,-1,53,-1,27
1,<environment.Job instance at 0x7f6dbd436dc0>,19,13,[ 2 12],20,-1,40,-1,27
1,<environment.Job instance at 0x7f6dbd4360f0>,20,27,[ 1 14],21,-1,54,-1,27
1,<environment.Job instance at 0x7f6dbd436320>,23,28,[ 5 13],24,-1,73,-1,45
1,<environment.Job instance at 0x7f6dbd50f050>,25,1,[6 4],26,-1,48,-1,47
1,<environment.Job instance at 0x7f6dbe8ecb40>,31,1,[ 2 13],32,-1,84,-1,83
1,<environment.Job instance at 0x7f6dbd387fa0>,6,28,[4 7],7,-1,36,-1,8
1,<environment.Job instance at 0x7f6dbd388190>,8,3,[ 4 13],9,-1,12,-1,9
1,<environment.Job instance at 0x7f6dbd388460>,14,18,[11  5],15,-1,55,-1,37
1,<environment.Job instance at 0x7f6dbd3885f0>,15,15,[5 1],16,-1,52,-1,37
1,<environment.Job instance at 0x7f6dbd388690>,16,12,[2 7],17,-1,49,-1,37
1,<environment.Job instance at 0x7f6dbd388730>,17,24,[10  4],18,-1,61,-1,37
1,<environment.Job instance at 0x7f6dbd3887d0>,18,25,[5 1],19,-1,62,-1,37
1,<environment.Job instance at 0x7f6dbd388aa0>,19,17,[1 8],20,-1,54,-1,37
1,<environment.Job instance at 0x7f6dbd388a50>,20,13,[ 5 13],21,-1,50,-1,37
1,<environment.Job instance at 0x7f6dbd388dc0>,26,16,[7 1],27,-1,107,-1,91
1,<environment.Job instance at 0x7f6dbd388f00>,28,23,[3 5],29,-1,116,-1,93
1,<environment.Job instance at 0x7f6dbd353140>,31,23,[5 3],32,-1,136,-1,113
1,<environment.Job instance at 0x7f6dbd353230>,34,27,[5 6],35,-1,158,-1,131
1,<environment.Job instance at 0x7f6dbd3534b0>,36,2,[4 6],37,-1,148,-1,146
1,<environment.Job instance at 0x7f6dbd353550>,37,26,[ 2 12],38,-1,172,-1,146
1,<environment.Job instance at 0x7f6dbd3538c0>,2,28,[ 1 12],3,-1,31,-1,3
1,<environment.Job instance at 0x7f6dbe7cca00>,9,12,[10  1],10,-1,24,-1,12
1,<environment.Job instance at 0x7f6dbe7cc820>,11,3,[5 6],12,-1,18,-1,15
1,<environment.Job instance at 0x7f6dbe7ccf50>,14,1,[ 4 12],15,-1,27,-1,26
1,<environment.Job instance at 0x7f6dbe7cc460>,16,2,[6 5],17,-1,32,-1,30
1,<environment.Job instance at 0x7f6dbe7ccc30>,18,17,[ 3 12],19,-1,60,-1,43
1,<environment.Job instance at 0x7f6dbe7cc0a0>,20,27,[14  1],21,-1,70,-1,43
1,<environment.Job instance at 0x7f6dbe7ccaf0>,21,26,[5 6],22,-1,69,-1,43
1,<environment.Job instance at 0x7f6dbe1c4410>,23,14,[ 1 13],24,-1,57,-1,43
1,<environment.Job instance at 0x7f6dbe1c4460>,25,26,[11  1],26,-1,82,-1,56
1,<environment.Job instance at 0x7f6dbe1c4cd0>,26,24,[12  2],27,-1,80,-1,56
1,<environment.Job instance at 0x7f6dbe1c40a0>,29,2,[8 1],30,-1,76,-1,74
1,<environment.Job instance at 0x7f6dbe31ca50>,30,3,[ 5 14],31,-1,77,-1,74
1,<environment.Job instance at 0x7f6dbe31c910>,31,18,[ 3 12],32,-1,92,-1,74
1,<environment.Job instance at 0x7f6dbded3820>,36,23,[9 5],37,-1,137,-1,114
1,<environment.Job instance at 0x7f6dbded3fa0>,38,26,[ 4 12],39,-1,144,-1,118
1,<environment.Job instance at 0x7f6dbded31e0>,37,18,[1 8],38,-1,136,-1,118
1,<environment.Job instance at 0x7f6dbded39b0>,41,20,[10  5],42,-1,138,-1,118
1,<environment.Job instance at 0x7f6dbded37d0>,42,18,[1 6],43,-1,136,-1,118
1,<environment.Job instance at 0x7f6dbded35f0>,43,17,[13  3],44,-1,135,-1,118
1,<environment.Job instance at 0x7f6dbded3730>,44,20,[ 4 11],45,-1,138,-1,118
1,<environment.Job instance at 0x7f6dbded30f0>,46,20,[8 2],47,-1,153,-1,133
1,<environment.Job instance at 0x7f6dbded3410>,47,25,[8 5],48,-1,158,-1,133
1,<environment.Job instance at 0x7f6dbe35b7d0>,48,3,[11  3],49,-1,136,-1,133
1,<environment.Job instance at 0x7f6dbe35bbe0>,49,27,[13  5],50,-1,160,-1,133
1,<environment.Job instance at 0x7f6dbe35be60>,50,22,[10  4],51,-1,155,-1,133
1,<environment.Job instance at 0x7f6dbe35b9b0>,51,14,[ 4 13],52,-1,147,-1,133
1,<environment.Job instance at 0x7f6dbe35b500>,53,12,[5 6],54,-1,145,-1,133
1,<environment.Job instance at 0x7f6dbe35b4b0>,54,25,[5 3],55,-1,158,-1,133
1,<environment.Job instance at 0x7f6dbe35b230>,55,19,[9 2],56,-1,152,-1,133
1,<environment.Job instance at 0x7f6dbe35b2d0>,56,16,[ 3 11],57,-1,149,-1,133
1,<environment.Job instance at 0x7f6dbe35b6e0>,57,28,[4 9],58,-1,161,-1,133
1,<environment.Job instance at 0x7f6dbe35b410>,58,25,[11  1],59,-1,158,-1,133
1,<environment.Job instance at 0x7f6dbe35b8c0>,59,20,[1 6],60,-1,153,-1,133
1,<environment.Job instance at 0x7f6dbe35baa0>,60,21,[7 1],61,-1,154,-1,133
1,<environment.Job instance at 0x7f6dbe35bd70>,61,12,[12  1],62,-1,145,-1,133
1,<environment.Job instance at 0x7f6dbe35b370>,62,16,[7 1],63,-1,149,-1,133
1,<environment.Job instance at 0x7f6dbe35b5f0>,63,13,[6 5],64,-1,146,-1,133
1,<environment.Job instance at 0x7f6dbe35b640>,64,27,[ 3 14],65,-1,160,-1,133
1,<environment.Job instance at 0x7f6dbdf8a5f0>,65,2,[ 3 13],66,-1,135,-1,133
1,<environment.Job instance at 0x7f6dbdf8af50>,66,28,[11  1],67,-1,161,-1,133
1,<environment.Job instance at 0x7f6dbdf8ad70>,67,18,[ 4 11],68,-1,151,-1,133
1,<environment.Job instance at 0x7f6dbdf8ac80>,70,18,[12  3],71,-1,166,-1,148
1,<environment.Job instance at 0x7f6dbdf8a4b0>,71,15,[4 9],72,-1,163,-1,148
1,<environment.Job instance at 0x7f6dbdf8aeb0>,72,13,[1 8],73,-1,161,-1,148
1,<environment.Job instance at 0x7f6dbdf8ad20>,73,18,[1 8],74,-1,166,-1,148
1,<environment.Job instance at 0x7f6dbdf8aa50>,74,17,[ 3 13],75,-1,165,-1,148
1,<environment.Job instance at 0x7f6dbdf8a3c0>,75,15,[8 2],76,-1,163,-1,148
1,<environment.Job instance at 0x7f6dbdf8a1e0>,77,1,[1 7],78,-1,162,-1,161
1,<environment.Job instance at 0x7f6dbdf8a500>,78,12,[4 8],79,-1,174,-1,162
1,<environment.Job instance at 0x7f6dbdf8a870>,79,17,[7 1],80,-1,179,-1,162
1,<environment.Job instance at 0x7f6dbd547280>,80,16,[10  3],81,-1,178,-1,162
1,<environment.Job instance at 0x7f6dbd5471e0>,81,24,[5 3],82,-1,186,-1,162
1,<environment.Job instance at 0x7f6dbe72daf0>,82,1,[5 5],83,-1,163,-1,162
1,<environment.Job instance at 0x7f6dbe2dd820>,83,12,[9 4],84,-1,174,-1,162
1,<environment.Job instance at 0x7f6dbe6f3280>,84,19,[12  3],85,-1,181,-1,162
1,<environment.Job instance at 0x7f6dbe6f3640>,85,25,[2 6],86,-1,187,-1,162
1,<environment.Job instance at 0x7f6dbe6f32d0>,86,15,[5 2],87,-1,177,-1,162
1,<environment.Job instance at 0x7f6dbe457550>,87,3,[6 3],88,-1,165,-1,162
1,<environment.Job instance at 0x7f6dbe457af0>,88,28,[4 6],89,-1,190,-1,162
1,<environment.Job instance at 0x7f6dbe457230>,90,18,[11  5],91,-1,181,-1,163
1,<environment.Job instance at 0x7f6dbe457c30>,91,23,[ 1 10],92,-1,186,-1,163
1,<environment.Job instance at 0x7f6dbe457500>,92,17,[ 3 14],93,-1,180,-1,163
1,<environment.Job instance at 0x7f6dbe457cd0>,93,14,[4 9],94,-1,177,-1,163
1,<environment.Job instance at 0x7f6dbe457190>,94,28,[4 7],95,-1,191,-1,163
1,<environment.Job instance at 0x7f6dbe457e10>,95,13,[ 3 10],96,-1,176,-1,163
1,<environment.Job instance at 0x7f6dbe4571e0>,96,24,[11  4],97,-1,187,-1,163
1,<environment.Job instance at 0x7f6dbe09a320>,97,3,[7 3],98,-1,166,-1,163
1,<environment.Job instance at 0x7f6dc6f3edc0>,98,14,[10  3],99,-1,177,-1,163
1,<environment.Job instance at 0x7f6dbe457f00>,99,18,[8 2],100,-1,184,-1,166
1,<environment.Job instance at 0x7f6dbde79190>,100,24,[9 4],101,-1,190,-1,166
1,<environment.Job instance at 0x7f6dbddb4550>,102,2,[ 3 12],103,-1,180,-1,178
1,<environment.Job instance at 0x7f6dbe69c230>,103,20,[12  3],104,-1,198,-1,178
1,<environment.Job instance at 0x7f6dbe7cc2d0>,8,17,[1 6],9,-1,195,-1,178
1,<environment.Job instance at 0x7f6dbd6cb7d0>,104,14,[3 7],105,-1,192,-1,178
1,<environment.Job instance at 0x7f6dbd810d70>,105,12,[ 2 12],106,-1,190,-1,178
1,<environment.Job instance at 0x7f6dbdb9d0f0>,106,18,[10  1],107,-1,196,-1,178
1,<environment.Job instance at 0x7f6dbd419a50>,108,16,[7 1],109,-1,194,-1,178
1,<environment.Job instance at 0x7f6dbe62dc30>,109,15,[ 4 10],110,-1,193,-1,178
1,<environment.Job instance at 0x7f6dbdfacd70>,110,17,[ 3 14],111,-1,195,-1,178
1,<environment.Job instance at 0x7f6dbdf871e0>,111,16,[12  1],112,-1,194,-1,178
1,<environment.Job instance at 0x7f6dbe6be8c0>,112,1,[7 3],113,-1,179,-1,178
1,<environment.Job instance at 0x7f6dbde95af0>,113,17,[13  3],114,-1,195,-1,178
1,<environment.Job instance at 0x7f6dbe09a2d0>,114,13,[7 1],115,-1,191,-1,178
1,<environment.Job instance at 0x7f6dbd87d4b0>,115,12,[5 5],116,-1,190,-1,178
1,<environment.Job instance at 0x7f6dbdf158c0>,116,12,[4 6],117,-1,190,-1,178
1,<environment.Job instance at 0x7f6dbded3f50>,40,25,[12  5],41,-1,203,-1,178
1,<environment.Job instance at 0x7f6dbd381780>,2,20,[12  3],3,-1,23,-1,3
1,<environment.Job instance at 0x7f6dbd4ce910>,3,17,[14  4],4,-1,21,-1,4
1,<environment.Job instance at 0x7f6dbd4cec80>,4,17,[12  2],5,-1,22,-1,5
1,<environment.Job instance at 0x7f6dbd4cee60>,5,17,[ 2 13],6,-1,23,-1,6
1,<environment.Job instance at 0x7f6dbd4ced20>,7,26,[ 3 14],8,-1,34,-1,8
1,<environment.Job instance at 0x7f6dbd7c2320>,9,26,[1 5],10,-1,37,-1,11
1,<environment.Job instance at 0x7f6dbd7c2af0>,12,3,[5 5],13,-1,16,-1,13
1,<environment.Job instance at 0x7f6dbd7c2be0>,14,23,[7 1],15,-1,39,-1,16
1,<environment.Job instance at 0x7f6dbd4fa4b0>,18,27,[ 3 12],19,-1,53,-1,26
1,<environment.Job instance at 0x7f6dbd4fa5f0>,19,24,[7 1],20,-1,50,-1,26
1,<environment.Job instance at 0x7f6dbd4fa690>,20,2,[5 1],21,-1,28,-1,26
1,<environment.Job instance at 0x7f6dbd4fad70>,21,2,[ 2 12],22,-1,28,-1,26
1,<environment.Job instance at 0x7f6dbd4fac30>,22,13,[ 3 11],23,-1,39,-1,26
1,<environment.Job instance at 0x7f6dbd7b50f0>,26,15,[13  1],27,-1,70,-1,55
1,<environment.Job instance at 0x7f6dbd7b58c0>,30,2,[12  4],31,-1,74,-1,72
1,<environment.Job instance at 0x7f6dbd7b5f50>,32,2,[12  3],33,-1,90,-1,88
1,<environment.Job instance at 0x7f6dbdfe33c0>,36,19,[14  5],37,-1,123,-1,104
1,<environment.Job instance at 0x7f6dbdfe3d20>,38,24,[ 5 12],39,-1,138,-1,114
1,<environment.Job instance at 0x7f6dbdfe3280>,39,25,[9 4],40,-1,139,-1,114
1,<environment.Job instance at 0x7f6dbdfe3fa0>,44,15,[14  5],45,-1,159,-1,144
1,<environment.Job instance at 0x7f6dbdfe3550>,47,13,[10  1],48,-1,160,-1,147
1,<environment.Job instance at 0x7f6dbdfe37d0>,48,1,[1 8],49,-1,148,-1,147
1,<environment.Job instance at 0x7f6dbdfe3960>,49,20,[ 4 14],50,-1,167,-1,147
1,<environment.Job instance at 0x7f6dbdfe3910>,50,2,[14  1],51,-1,149,-1,147
1,<environment.Job instance at 0x7f6dbdfe3eb0>,51,16,[13  2],52,-1,163,-1,147
1,<environment.Job instance at 0x7f6dbdfe3140>,53,2,[6 2],54,-1,167,-1,165
1,<environment.Job instance at 0x7f6dbdfe3870>,55,2,[ 1 12],56,-1,167,-1,165
1,<environment.Job instance at 0x7f6dbe00c190>,57,20,[ 1 13],58,-1,199,-1,179
1,<environment.Job instance at 0x7f6dbe00c730>,58,1,[5 7],59,-1,180,-1,179
1,<environment.Job instance at 0x7f6dbe00c8c0>,59,23,[ 3 11],60,-1,202,-1,179
1,<environment.Job instance at 0x7f6dbe00c870>,61,16,[ 1 14],62,-1,197,-1,181
1,<environment.Job instance at 0x7f6dbe3dfe10>,5,1,[1 8],6,-1,8,-1,7
1,<environment.Job instance at 0x7f6dbe3df780>,10,3,[2 9],11,-1,14,-1,11
1,<environment.Job instance at 0x7f6dbe3df6e0>,12,18,[ 4 13],13,-1,34,-1,16
1,<environment.Job instance at 0x7f6dbd708780>,13,2,[1 6],14,-1,18,-1,16
1,<environment.Job instance at 0x7f6dbd708870>,14,12,[ 2 12],15,-1,28,-1,16
1,<environment.Job instance at 0x7f6dbd1a9eb0>,1,27,[8 1],2,-1,29,-1,2
1,<environment.Job instance at 0x7f6dbe8f6cd0>,2,27,[7 2],3,-1,30,-1,3
1,<environment.Job instance at 0x7f6dbe0fb8c0>,4,23,[10  3],5,-1,28,-1,5
1,<environment.Job instance at 0x7f6dbe111690>,8,2,[7 3],9,-1,12,-1,10
1,<environment.Job instance at 0x7f6dbe0f26e0>,10,1,[6 2],11,-1,12,-1,11
1,<environment.Job instance at 0x7f6dbe0f2c80>,13,24,[9 1],14,-1,38,-1,14
1,<environment.Job instance at 0x7f6dbe0f2960>,14,1,[6 3],15,-1,16,-1,15
1,<environment.Job instance at 0x7f6dbe0f2910>,18,2,[1 7],19,-1,28,-1,26
1,<environment.Job instance at 0x7f6dbde6f370>,20,2,[10  3],21,-1,33,-1,31
1,<environment.Job instance at 0x7f6dbde6f320>,22,28,[6 5],23,-1,62,-1,34
1,<environment.Job instance at 0x7f6dbde6fbe0>,23,3,[4 6],24,-1,37,-1,34
1,<environment.Job instance at 0x7f6dbde6fe60>,25,25,[5 3],26,-1,69,-1,44
1,<environment.Job instance at 0x7f6dbde6fa50>,26,3,[1 8],27,-1,47,-1,44
1,<environment.Job instance at 0x7f6dbde6f460>,28,1,[3 6],29,-1,52,-1,51
1,<environment.Job instance at 0x7f6dbde6f410>,29,1,[5 2],30,-1,52,-1,51
1,<environment.Job instance at 0x7f6dbde6faa0>,30,13,[11  2],31,-1,64,-1,51
1,<environment.Job instance at 0x7f6dbde6f870>,32,1,[9 2],33,-1,59,-1,58
1,<environment.Job instance at 0x7f6dbde6ff50>,34,1,[8 5],35,-1,65,-1,64
1,<environment.Job instance at 0x7f6dbde6f960>,35,23,[5 2],36,-1,89,-1,66
1,<environment.Job instance at 0x7f6dbde6f8c0>,36,17,[ 5 14],37,-1,83,-1,66
1,<environment.Job instance at 0x7f6dbde6f1e0>,37,28,[10  4],38,-1,94,-1,66
1,<environment.Job instance at 0x7f6dbde6fb40>,38,2,[5 7],39,-1,68,-1,66
1,<environment.Job instance at 0x7f6dbde6f2d0>,39,22,[10  5],40,-1,145,-1,123
1,<environment.Job instance at 0x7f6dbd2b1640>,48,27,[ 5 10],49,-1,152,-1,125
1,<environment.Job instance at 0x7f6dbd2b16e0>,49,13,[ 4 10],50,-1,138,-1,125
1,<environment.Job instance at 0x7f6dbd2b1780>,50,18,[12  3],51,-1,143,-1,125
1,<environment.Job instance at 0x7f6dbd2b1a50>,53,12,[14  1],54,-1,146,-1,134
1,<environment.Job instance at 0x7f6dbd2b1b90>,55,19,[13  5],56,-1,167,-1,148
1,<environment.Job instance at 0x7f6dbd2b1c30>,56,24,[10  5],57,-1,172,-1,148
1,<environment.Job instance at 0x7f6dbd2b1cd0>,57,22,[12  2],58,-1,170,-1,148
1,<environment.Job instance at 0x7f6dbd2b1e60>,59,15,[13  2],60,-1,165,-1,150
1,<environment.Job instance at 0x7f6dbd2b1f00>,60,26,[9 4],61,-1,176,-1,150
1,<environment.Job instance at 0x7f6dbd2b1fa0>,61,13,[ 1 10],62,-1,163,-1,150
1,<environment.Job instance at 0x7f6dbd2b18c0>,62,26,[12  1],63,-1,176,-1,150
1,<environment.Job instance at 0x7f6dbd2c5370>,64,2,[10  5],65,-1,167,-1,165
1,<environment.Job instance at 0x7f6dbd2c55a0>,67,16,[ 1 10],68,-1,199,-1,183
1,<environment.Job instance at 0x7f6dbd2c5640>,68,14,[12  5],69,-1,197,-1,183
1,<environment.Job instance at 0x7f6dbd2c5780>,70,16,[12  5],71,-1,199,-1,183
1,<environment.Job instance at 0x7f6dbd2c58c0>,72,2,[5 9],73,-1,186,-1,184
1,<environment.Job instance at 0x7f6dbe3e13c0>,1,26,[8 5],2,-1,28,-1,2
1,<environment.Job instance at 0x7f6dbd6ecaa0>,3,13,[ 2 13],4,-1,17,-1,4
1,<environment.Job instance at 0x7f6dbd6ec190>,5,27,[13  2],6,-1,33,-1,6
1,<environment.Job instance at 0x7f6dbd6ec7d0>,6,26,[ 5 11],7,-1,33,-1,7
1,<environment.Job instance at 0x7f6dbd2c58c0>,8,27,[11  3],9,-1,36,-1,9
1,<environment.Job instance at 0x7f6dbd6ec910>,9,2,[2 7],10,-1,13,-1,11
1,<environment.Job instance at 0x7f6dbd786fa0>,12,2,[14  4],13,-1,15,-1,13
1,<environment.Job instance at 0x7f6dbd786690>,13,12,[12  3],14,-1,26,-1,14
1,<environment.Job instance at 0x7f6dbd786320>,15,26,[5 5],16,-1,42,-1,16
1,<environment.Job instance at 0x7f6dbd786d70>,18,13,[12  3],19,-1,32,-1,19
1,<environment.Job instance at 0x7f6dbd786be0>,20,12,[14  1],21,-1,33,-1,21
1,<environment.Job instance at 0x7f6dbd786af0>,22,16,[ 2 12],23,-1,39,-1,23
1,<environment.Job instance at 0x7f6dbd786e10>,23,20,[ 2 12],24,-1,44,-1,24
1,<environment.Job instance at 0x7f6dbd786cd0>,24,27,[1 6],25,-1,52,-1,25
1,<environment.Job instance at 0x7f6dbd786e60>,25,27,[10  4],26,-1,53,-1,26
1,<environment.Job instance at 0x7f6dbd786190>,27,24,[9 5],28,-1,55,-1,31
1,<environment.Job instance at 0x7f6dbd786f00>,28,2,[1 6],29,-1,33,-1,31
1,<environment.Job instance at 0x7f6dbd7864b0>,30,13,[11  1],31,-1,47,-1,34
1,<environment.Job instance at 0x7f6dbe7c62d0>,33,22,[ 2 11],34,-1,77,-1,55
1,<environment.Job instance at 0x7f6dbe7c6a00>,34,1,[ 1 13],35,-1,56,-1,55
1,<environment.Job instance at 0x7f6dbe7c6320>,35,22,[7 1],36,-1,80,-1,58
1,<environment.Job instance at 0x7f6dbd6f64b0>,37,24,[10  4],38,-1,90,-1,66
1,<environment.Job instance at 0x7f6dbd6f6e10>,38,22,[4 7],39,-1,88,-1,66
1,<environment.Job instance at 0x7f6dbd6f6d70>,39,2,[ 2 13],40,-1,68,-1,66
1,<environment.Job instance at 0x7f6dbd6f6f00>,40,1,[3 8],41,-1,67,-1,66
1,<environment.Job instance at 0x7f6dbd6f6dc0>,41,2,[ 3 11],42,-1,68,-1,66
1,<environment.Job instance at 0x7f6dbd6f60f0>,42,3,[ 4 14],43,-1,69,-1,66
1,<environment.Job instance at 0x7f6dbd6f6640>,43,23,[8 4],44,-1,89,-1,66
1,<environment.Job instance at 0x7f6dbd6f6550>,44,20,[3 9],45,-1,88,-1,68
1,<environment.Job instance at 0x7f6dbd6f62d0>,45,18,[10  2],46,-1,93,-1,75
1,<environment.Job instance at 0x7f6dbd6f6870>,47,14,[5 6],48,-1,89,-1,75
1,<environment.Job instance at 0x7f6dbd6f60a0>,48,3,[10  1],49,-1,78,-1,75
1,<environment.Job instance at 0x7f6dbd6f6f50>,49,2,[1 8],50,-1,77,-1,75
1,<environment.Job instance at 0x7f6dbdfb2a00>,56,1,[ 3 10],57,-1,128,-1,127
1,<environment.Job instance at 0x7f6dbd3c7b40>,57,12,[13  2],58,-1,139,-1,127
1,<environment.Job instance at 0x7f6dbdda5dc0>,58,25,[14  3],59,-1,152,-1,127
1,<environment.Job instance at 0x7f6dbd3c7410>,59,2,[ 1 13],60,-1,129,-1,127
1,<environment.Job instance at 0x7f6dbdda5eb0>,60,18,[3 9],61,-1,154,-1,136
1,<environment.Job instance at 0x7f6dbdda53c0>,62,16,[ 2 10],63,-1,152,-1,136
1,<environment.Job instance at 0x7f6dbdda5f00>,63,27,[9 3],64,-1,163,-1,136
1,<environment.Job instance at 0x7f6dbde48c30>,64,3,[4 6],65,-1,139,-1,136
1,<environment.Job instance at 0x7f6dbdbe69b0>,65,1,[ 1 11],66,-1,137,-1,136
1,<environment.Job instance at 0x7f6dbdbe60a0>,66,13,[5 1],67,-1,149,-1,136
1,<environment.Job instance at 0x7f6dbdbe65f0>,67,15,[3 5],68,-1,151,-1,136
1,<environment.Job instance at 0x7f6dbe8ab1e0>,68,21,[ 4 12],69,-1,157,-1,136
1,<environment.Job instance at 0x7f6dbdbe6eb0>,69,21,[4 6],70,-1,157,-1,136
1,<environment.Job instance at 0x7f6dbe8ab0f0>,70,3,[ 5 10],71,-1,139,-1,136
1,<environment.Job instance at 0x7f6dbe8ab7d0>,71,15,[ 2 10],72,-1,151,-1,136
1,<environment.Job instance at 0x7f6dbe8ab370>,72,17,[13  2],73,-1,153,-1,136
1,<environment.Job instance at 0x7f6dbe8ab0a0>,73,15,[7 2],74,-1,151,-1,136
1,<environment.Job instance at 0x7f6dbe8ab460>,74,17,[7 4],75,-1,153,-1,136
1,<environment.Job instance at 0x7f6dbe8abaf0>,75,12,[9 3],76,-1,148,-1,136
1,<environment.Job instance at 0x7f6dbe8ab960>,76,1,[5 3],77,-1,137,-1,136
1,<environment.Job instance at 0x7f6dbe8abe10>,77,12,[11  3],78,-1,148,-1,136
1,<environment.Job instance at 0x7f6dbd3456e0>,78,2,[4 8],79,-1,138,-1,136
1,<environment.Job instance at 0x7f6dbd345550>,79,1,[ 5 10],80,-1,137,-1,136
1,<environment.Job instance at 0x7f6dbd345870>,80,1,[9 2],81,-1,137,-1,136
1,<environment.Job instance at 0x7f6dbd345960>,81,21,[3 9],82,-1,157,-1,136
1,<environment.Job instance at 0x7f6dbd345050>,82,12,[9 5],83,-1,148,-1,136
1,<environment.Job instance at 0x7f6dbd345140>,83,1,[8 5],84,-1,137,-1,136
1,<environment.Job instance at 0x7f6dbd345a00>,84,1,[7 5],85,-1,137,-1,136
1,<environment.Job instance at 0x7f6dbd345fa0>,85,3,[5 5],86,-1,139,-1,136
1,<environment.Job instance at 0x7f6dbd345910>,86,27,[4 6],87,-1,163,-1,136
1,<environment.Job instance at 0x7f6dbd345b40>,87,14,[3 5],88,-1,150,-1,136
1,<environment.Job instance at 0x7f6dbd345c30>,88,17,[10  2],89,-1,153,-1,136
1,<environment.Job instance at 0x7f6dbd3454b0>,89,16,[ 5 10],90,-1,152,-1,136
1,<environment.Job instance at 0x7f6dbd345640>,90,20,[3 5],91,-1,156,-1,136
1,<environment.Job instance at 0x7f6dbd345c80>,91,14,[5 1],92,-1,150,-1,136
1,<environment.Job instance at 0x7f6dbd3457d0>,92,12,[6 2],93,-1,148,-1,136
1,<environment.Job instance at 0x7f6dbd345dc0>,93,3,[ 1 14],94,-1,139,-1,136
1,<environment.Job instance at 0x7f6dbd345410>,94,1,[13  3],95,-1,137,-1,136
1,<environment.Job instance at 0x7f6dbd345730>,95,27,[10  1],96,-1,163,-1,136
1,<environment.Job instance at 0x7f6dbd345cd0>,96,13,[8 5],97,-1,149,-1,136
1,<environment.Job instance at 0x7f6dbd2fd410>,97,19,[ 2 11],98,-1,155,-1,136
1,<environment.Job instance at 0x7f6dbd2fdc80>,98,13,[6 4],99,-1,149,-1,136
1,<environment.Job instance at 0x7f6dbd2fda50>,99,16,[4 8],100,-1,153,-1,137
1,<environment.Job instance at 0x7f6dbd2fdaf0>,100,28,[8 2],101,-1,165,-1,137
1,<environment.Job instance at 0x7f6dbd2fdf50>,101,22,[5 8],102,-1,159,-1,137
1,<environment.Job instance at 0x7f6dbd4b3910>,102,15,[8 3],103,-1,152,-1,137
1,<environment.Job instance at 0x7f6dbd4b3d20>,103,18,[14  3],104,-1,155,-1,137
1,<environment.Job instance at 0x7f6dbe4b3e60>,104,15,[13  2],105,-1,152,-1,137
1,<environment.Job instance at 0x7f6dbe4b3eb0>,105,18,[ 5 10],106,-1,155,-1,137
1,<environment.Job instance at 0x7f6dbda02500>,106,2,[ 3 13],107,-1,139,-1,137
1,<environment.Job instance at 0x7f6dbda02a00>,107,26,[7 2],108,-1,163,-1,137
1,<environment.Job instance at 0x7f6dbda027d0>,108,14,[5 2],109,-1,151,-1,137
1,<environment.Job instance at 0x7f6dbda02050>,109,22,[ 3 10],110,-1,159,-1,137
1,<environment.Job instance at 0x7f6dbda029b0>,110,21,[ 4 11],111,-1,158,-1,137
1,<environment.Job instance at 0x7f6dbda02280>,111,16,[ 1 12],112,-1,153,-1,137
1,<environment.Job instance at 0x7f6dbda02af0>,112,17,[2 5],113,-1,154,-1,137
1,<environment.Job instance at 0x7f6dbda02640>,113,14,[14  4],114,-1,151,-1,137
1,<environment.Job instance at 0x7f6dbda025a0>,114,26,[5 7],115,-1,163,-1,137
1,<environment.Job instance at 0x7f6dbda025f0>,115,26,[11  1],116,-1,163,-1,137
1,<environment.Job instance at 0x7f6dbda02140>,116,24,[12  1],117,-1,161,-1,137
1,<environment.Job instance at 0x7f6dbda02320>,117,28,[6 4],118,-1,165,-1,137
1,<environment.Job instance at 0x7f6dbda02910>,118,18,[ 1 11],119,-1,155,-1,137
1,<environment.Job instance at 0x7f6dbda02f50>,119,17,[9 2],120,-1,154,-1,137
1,<environment.Job instance at 0x7f6dbda02b90>,120,14,[7 2],121,-1,151,-1,137
1,<environment.Job instance at 0x7f6dbda02fa0>,121,28,[ 1 12],122,-1,165,-1,137
1,<environment.Job instance at 0x7f6dbda02730>,122,12,[5 7],123,-1,149,-1,137
1,<environment.Job instance at 0x7f6dbda02780>,123,23,[1 5],124,-1,160,-1,137
1,<environment.Job instance at 0x7f6dbda02e10>,124,18,[5 4],125,-1,156,-1,138
1,<environment.Job instance at 0x7f6dbda02d20>,125,12,[1 8],126,-1,150,-1,138
1,<environment.Job instance at 0x7f6dbda02820>,126,3,[10  4],127,-1,141,-1,138
1,<environment.Job instance at 0x7f6dbd139a00>,127,2,[6 4],128,-1,140,-1,138
1,<environment.Job instance at 0x7f6dbd6e03c0>,129,24,[13  2],130,-1,176,-1,152
1,<environment.Job instance at 0x7f6dbd2a65f0>,130,16,[14  5],131,-1,168,-1,152
1,<environment.Job instance at 0x7f6dbd2a6f50>,131,23,[ 1 13],132,-1,175,-1,152
1,<environment.Job instance at 0x7f6dbe007460>,9,2,[9 3],10,-1,19,-1,17
1,<environment.Job instance at 0x7f6dbe007910>,12,2,[14  2],13,-1,36,-1,34
1,<environment.Job instance at 0x7f6dbe0072d0>,16,26,[3 5],17,-1,83,-1,57
1,<environment.Job instance at 0x7f6dbe0074b0>,18,2,[ 3 10],19,-1,59,-1,57
1,<environment.Job instance at 0x7f6dbe007e10>,19,27,[ 4 13],20,-1,84,-1,57
1,<environment.Job instance at 0x7f6dbe007690>,20,26,[12  1],21,-1,83,-1,57
1,<environment.Job instance at 0x7f6dc754a6e0>,21,2,[2 5],22,-1,59,-1,57
1,<environment.Job instance at 0x7f6dc754a690>,23,23,[ 2 13],24,-1,92,-1,69
1,<environment.Job instance at 0x7f6dbd6acc30>,26,2,[2 7],27,-1,87,-1,85
1,<environment.Job instance at 0x7f6dbd6ac230>,27,20,[8 2],28,-1,124,-1,104
1,<environment.Job instance at 0x7f6dbe977050>,30,25,[5 5],31,-1,129,-1,104
1,<environment.Job instance at 0x7f6dbe977f00>,32,3,[4 8],33,-1,107,-1,104
1,<environment.Job instance at 0x7f6dbe977960>,33,23,[8 1],34,-1,127,-1,104
1,<environment.Job instance at 0x7f6dbe977190>,34,26,[4 9],35,-1,130,-1,104
1,<environment.Job instance at 0x7f6dbe977870>,36,21,[14  3],37,-1,137,-1,116
1,<environment.Job instance at 0x7f6dbe9775a0>,37,2,[ 2 13],38,-1,118,-1,116
1,<environment.Job instance at 0x7f6dbe977500>,38,2,[7 4],39,-1,118,-1,116
1,<environment.Job instance at 0x7f6dbe977af0>,40,3,[4 8],41,-1,122,-1,119
1,<environment.Job instance at 0x7f6dbe9778c0>,42,22,[10  5],43,-1,152,-1,130
1,<environment.Job instance at 0x7f6dbe977370>,43,25,[14  2],44,-1,155,-1,130
1,<environment.Job instance at 0x7f6dbe9772d0>,44,3,[14  1],45,-1,133,-1,130
1,<environment.Job instance at 0x7f6dc6f59f00>,45,15,[ 3 10],46,-1,145,-1,130
1,<environment.Job instance at 0x7f6dc6f59fa0>,47,14,[ 2 10],48,-1,144,-1,130
1,<environment.Job instance at 0x7f6dbe71a690>,50,25,[ 5 14],51,-1,160,-1,135
1,<environment.Job instance at 0x7f6dbe71a500>,51,18,[ 5 14],52,-1,153,-1,135
1,<environment.Job instance at 0x7f6dbe71a910>,52,16,[5 1],53,-1,151,-1,135
1,<environment.Job instance at 0x7f6dbe71a4b0>,53,12,[ 3 13],54,-1,147,-1,135
1,<environment.Job instance at 0x7f6dbe71a730>,54,23,[6 5],55,-1,158,-1,135
1,<environment.Job instance at 0x7f6dbe71a190>,55,1,[6 4],56,-1,136,-1,135
1,<environment.Job instance at 0x7f6dbe71a820>,56,3,[9 2],57,-1,138,-1,135
1,<environment.Job instance at 0x7f6dbdfbdc30>,57,2,[8 3],58,-1,137,-1,135
1,<environment.Job instance at 0x7f6dbd641230>,58,16,[13  4],59,-1,151,-1,135
1,<environment.Job instance at 0x7f6dbd138280>,59,2,[ 3 13],60,-1,137,-1,135
1,<environment.Job instance at 0x7f6dbd138730>,60,16,[13  3],61,-1,151,-1,135
1,<environment.Job instance at 0x7f6dbd138230>,61,3,[7 4],62,-1,138,-1,135
1,<environment.Job instance at 0x7f6dbd138870>,64,2,[10  4],65,-1,155,-1,153
1,<environment.Job instance at 0x7f6dbd138140>,66,15,[7 1],67,-1,168,-1,153
1,<environment.Job instance at 0x7f6dbd1380f0>,67,13,[ 5 11],68,-1,166,-1,153
1,<environment.Job instance at 0x7f6dbd138690>,68,3,[2 8],69,-1,156,-1,153
1,<environment.Job instance at 0x7f6dbd138190>,69,24,[ 1 10],70,-1,177,-1,153
1,<environment.Job instance at 0x7f6dbd1bbc30>,70,2,[2 8],71,-1,155,-1,153
1,<environment.Job instance at 0x7f6dbd1bbdc0>,71,26,[5 7],72,-1,179,-1,153
1,<environment.Job instance at 0x7f6dbd1bb730>,72,28,[ 4 13],73,-1,181,-1,153
1,<environment.Job instance at 0x7f6dbd1bb550>,74,2,[2 9],75,-1,164,-1,162
1,<environment.Job instance at 0x7f6dbd1bbcd0>,75,28,[ 4 11],76,-1,190,-1,162
1,<environment.Job instance at 0x7f6dbd1bb6e0>,76,13,[9 5],77,-1,175,-1,162
1,<environment.Job instance at 0x7f6dbd1bb780>,77,16,[14  4],78,-1,178,-1,162
1,<environment.Job instance at 0x7f6dbd1bbaa0>,78,23,[ 3 10],79,-1,185,-1,162
1,<environment.Job instance at 0x7f6dbd610c30>,80,12,[12  5],81,-1,182,-1,170
1,<environment.Job instance at 0x7f6dbd1bb5f0>,81,1,[ 1 10],82,-1,171,-1,170
1,<environment.Job instance at 0x7f6dbd610870>,82,2,[1 5],83,-1,172,-1,170
1,<environment.Job instance at 0x7f6dbda73370>,84,14,[ 1 11],85,-1,194,-1,180
1,<environment.Job instance at 0x7f6dbda73230>,86,1,[7 2],87,-1,185,-1,184
1,<environment.Job instance at 0x7f6dbcffc730>,87,12,[ 2 12],88,-1,196,-1,184
1,<environment.Job instance at 0x7f6dbe866e10>,7,3,[9 1],8,-1,11,-1,8
1,<environment.Job instance at 0x7f6dbe866f00>,8,2,[10  1],9,-1,11,-1,9
1,<environment.Job instance at 0x7f6dbe866cd0>,9,23,[ 3 10],10,-1,33,-1,10
1,<environment.Job instance at 0x7f6dbe86a050>,10,3,[14  1],11,-1,14,-1,11
1,<environment.Job instance at 0x7f6dbe86a0f0>,11,16,[ 3 13],12,-1,28,-1,12
1,<environment.Job instance at 0x7f6dbe86a370>,14,21,[11  3],15,-1,49,-1,28
1,<environment.Job instance at 0x7f6dbe86a410>,15,25,[8 1],16,-1,53,-1,28
1,<environment.Job instance at 0x7f6dbe86a4b0>,16,18,[ 5 13],17,-1,46,-1,28
1,<environment.Job instance at 0x7f6dbe86a550>,17,1,[ 2 14],18,-1,29,-1,28
1,<environment.Job instance at 0x7f6dbe86a690>,19,15,[11  2],20,-1,44,-1,29
1,<environment.Job instance at 0x7f6dbe86a730>,20,28,[1 8],21,-1,57,-1,29
1,<environment.Job instance at 0x7f6dbe86a230>,21,27,[3 7],22,-1,56,-1,29
1,<environment.Job instance at 0x7f6dbe86a870>,22,1,[ 3 14],23,-1,30,-1,29
1,<environment.Job instance at 0x7f6dbe86aa50>,25,1,[11  3],26,-1,62,-1,61
1,<environment.Job instance at 0x7f6dbe86aaf0>,26,25,[13  5],27,-1,86,-1,61
1,<environment.Job instance at 0x7f6dbe86ab90>,27,25,[6 4],28,-1,86,-1,61
1,<environment.Job instance at 0x7f6dbe86acd0>,28,25,[8 1],29,-1,86,-1,61
1,<environment.Job instance at 0x7f6dbe86ae10>,29,14,[14  1],30,-1,75,-1,61
1,<environment.Job instance at 0x7f6dbe86ac80>,31,25,[4 6],32,-1,86,-1,61
1,<environment.Job instance at 0x7f6dbe86a280>,34,27,[10  1],35,-1,105,-1,78
1,<environment.Job instance at 0x7f6dbe84b140>,35,23,[10  1],36,-1,101,-1,78
1,<environment.Job instance at 0x7f6dbe84b280>,37,26,[10  2],38,-1,118,-1,92
1,<environment.Job instance at 0x7f6dbe84b320>,38,3,[ 3 12],39,-1,95,-1,92
1,<environment.Job instance at 0x7f6dbe84b500>,41,1,[3 5],42,-1,109,-1,108
1,<environment.Job instance at 0x7f6dbe84b5a0>,42,25,[10  1],43,-1,133,-1,108
1,<environment.Job instance at 0x7f6dbe84b640>,43,1,[3 8],44,-1,109,-1,108
1,<environment.Job instance at 0x7f6dbe84b780>,45,24,[4 8],46,-1,132,-1,108
1,<environment.Job instance at 0x7f6dbe84b870>,47,2,[12  5],48,-1,127,-1,125
1,<environment.Job instance at 0x7f6dbe84ba50>,48,1,[7 5],49,-1,126,-1,125
1,<environment.Job instance at 0x7f6dbe84baf0>,49,14,[ 2 11],50,-1,139,-1,125
1,<environment.Job instance at 0x7f6dbe84bc30>,51,1,[3 8],52,-1,126,-1,125
1,<environment.Job instance at 0x7f6dbe84bcd0>,52,13,[12  1],53,-1,138,-1,125
1,<environment.Job instance at 0x7f6dbe84bd70>,53,28,[13  1],54,-1,153,-1,125
1,<environment.Job instance at 0x7f6dbe84bf50>,56,16,[ 4 14],57,-1,163,-1,147
1,<environment.Job instance at 0x7f6dbe84b0f0>,59,25,[9 1],60,-1,190,-1,165
1,<environment.Job instance at 0x7f6dbe85a370>,61,13,[13  1],62,-1,181,-1,168
1,<environment.Job instance at 0x7f6dbe85a410>,62,17,[ 2 12],63,-1,185,-1,168
1,<environment.Job instance at 0x7f6dbe85a320>,63,14,[11  1],64,-1,182,-1,168
1,<environment.Job instance at 0x7f6dbe85a4b0>,64,26,[14  4],65,-1,194,-1,168
1,<environment.Job instance at 0x7f6dbe85a5f0>,66,1,[8 3],67,-1,181,-1,180
1,<environment.Job instance at 0x7f6dbe85a690>,67,25,[10  1],68,-1,205,-1,180
1,<environment.Job instance at 0x7f6dbe85a730>,68,13,[ 2 11],69,-1,193,-1,180
1,<environment.Job instance at 0x7f6dbe85a7d0>,69,28,[1 7],70,-1,208,-1,180
1,<environment.Job instance at 0x7f6dbe85a870>,70,15,[ 3 12],71,-1,195,-1,180
1,<environment.Job instance at 0x7f6dbe85a870>,2,13,[ 2 14],3,-1,16,-1,3
1,<environment.Job instance at 0x7f6dbe48bdc0>,4,23,[ 4 11],5,-1,28,-1,5
1,<environment.Job instance at 0x7f6dbe48b780>,5,27,[5 3],6,-1,33,-1,6
1,<environment.Job instance at 0x7f6dbd9b2500>,17,3,[6 4],18,-1,62,-1,59
1,<environment.Job instance at 0x7f6dbd9b25f0>,20,25,[ 1 14],21,-1,98,-1,73
1,<environment.Job instance at 0x7f6dbd9b2fa0>,22,3,[2 7],23,-1,76,-1,73
1,<environment.Job instance at 0x7f6dbd9b2640>,23,15,[12  2],24,-1,88,-1,73
1,<environment.Job instance at 0x7f6dbd69faa0>,29,25,[9 5],30,-1,119,-1,94
1,<environment.Job instance at 0x7f6dbda6a050>,31,25,[1 7],32,-1,130,-1,105
1,<environment.Job instance at 0x7f6dbd989370>,34,1,[11  2],35,-1,122,-1,121
1,<environment.Job instance at 0x7f6dc74a4140>,35,2,[ 5 11],36,-1,123,-1,121
1,<environment.Job instance at 0x7f6dbe907820>,36,14,[13  2],37,-1,135,-1,121
1,<environment.Job instance at 0x7f6dbe8f2c30>,38,13,[13  3],39,-1,146,-1,133
1,<environment.Job instance at 0x7f6dbe8f2aa0>,39,25,[ 3 11],40,-1,158,-1,133
1,<environment.Job instance at 0x7f6dbe8f2a00>,40,26,[8 4],41,-1,159,-1,133
1,<environment.Job instance at 0x7f6dbe8670a0>,44,1,[ 4 10],45,-1,148,-1,147
1,<environment.Job instance at 0x7f6dbdd19e60>,46,20,[ 1 10],47,-1,186,-1,166
1,<environment.Job instance at 0x7f6dbd575280>,49,3,[5 6],50,-1,169,-1,166
1,<environment.Job instance at 0x7f6dbd7c0140>,50,19,[ 4 14],51,-1,185,-1,166
1,<environment.Job instance at 0x7f6dbd7c0a00>,51,20,[14  5],52,-1,186,-1,166
1,<environment.Job instance at 0x7f6dbd455640>,2,27,[6 1],3,-1,30,-1,3
1,<environment.Job instance at 0x7f6dbd7b8fa0>,4,1,[2 7],5,-1,6,-1,5
1,<environment.Job instance at 0x7f6dbd281730>,5,23,[ 2 14],6,-1,29,-1,6
1,<environment.Job instance at 0x7f6dbd2811e0>,6,27,[8 4],7,-1,34,-1,7
1,<environment.Job instance at 0x7f6dbd281d20>,11,25,[12  5],12,-1,39,-1,14
1,<environment.Job instance at 0x7f6dbd7b8500>,8,3,[3 6],9,-1,17,-1,14
1,<environment.Job instance at 0x7f6dbd281cd0>,16,2,[ 2 12],17,-1,45,-1,43
1,<environment.Job instance at 0x7f6dbe00f5a0>,22,27,[12  2],23,-1,104,-1,77
1,<environment.Job instance at 0x7f6dbe00fe60>,25,27,[9 4],26,-1,127,-1,100
1,<environment.Job instance at 0x7f6dbe00f870>,27,27,[ 5 14],28,-1,129,-1,102
1,<environment.Job instance at 0x7f6dbe00f8c0>,28,26,[ 3 13],29,-1,128,-1,102
1,<environment.Job instance at 0x7f6dbe00fbe0>,29,15,[ 5 12],30,-1,117,-1,102
1,<environment.Job instance at 0x7f6dbe00f0f0>,30,3,[5 7],31,-1,105,-1,102
1,<environment.Job instance at 0x7f6dbe00f690>,32,15,[ 1 13],33,-1,125,-1,110
1,<environment.Job instance at 0x7f6dbe00f960>,33,23,[ 2 14],34,-1,133,-1,110
1,<environment.Job instance at 0x7f6dbe00feb0>,35,13,[13  1],36,-1,146,-1,133
1,<environment.Job instance at 0x7f6dbe00f1e0>,36,14,[11  1],37,-1,147,-1,133
1,<environment.Job instance at 0x7f6dbe00f0a0>,37,25,[ 3 14],38,-1,158,-1,133
1,<environment.Job instance at 0x7f6dbe00f280>,39,3,[7 2],40,-1,150,-1,147
1,<environment.Job instance at 0x7f6dbdfdeeb0>,41,24,[ 2 10],42,-1,173,-1,149
1,<environment.Job instance at 0x7f6dbdfdec80>,43,12,[ 1 14],44,-1,173,-1,161
1,<environment.Job instance at 0x7f6dbd6a61e0>,47,22,[11  3],48,-1,205,-1,183
1,<environment.Job instance at 0x7f6dbd3a3dc0>,48,23,[ 5 12],49,-1,206,-1,183
1,<environment.Job instance at 0x7f6dbdfd6a50>,1,2,[ 1 12],2,-1,4,-1,2
1,<environment.Job instance at 0x7f6dbdfd6dc0>,2,27,[7 1],3,-1,30,-1,3
1,<environment.Job instance at 0x7f6dbdfd6e10>,3,25,[7 3],4,-1,29,-1,4
1,<environment.Job instance at 0x7f6dbdfd6370>,5,18,[ 5 13],6,-1,24,-1,6
1,<environment.Job instance at 0x7f6dbe6276e0>,9,25,[14  4],10,-1,35,-1,10
1,<environment.Job instance at 0x7f6dbd8bb0a0>,11,2,[14  2],12,-1,15,-1,13
1,<environment.Job instance at 0x7f6dbd118e60>,18,21,[ 3 14],19,-1,48,-1,27
1,<environment.Job instance at 0x7f6dbd118c30>,20,25,[14  3],21,-1,52,-1,27
1,<environment.Job instance at 0x7f6dbd118f00>,23,1,[4 8],24,-1,47,-1,46
1,<environment.Job instance at 0x7f6dbd118fa0>,24,26,[5 3],25,-1,72,-1,46
1,<environment.Job instance at 0x7f6dbe37ea00>,25,14,[14  3],26,-1,60,-1,46
1,<environment.Job instance at 0x7f6dbdc3bdc0>,26,24,[ 4 13],27,-1,70,-1,46
1,<environment.Job instance at 0x7f6dbdf70dc0>,27,28,[ 4 14],28,-1,74,-1,46
1,<environment.Job instance at 0x7f6dbd1156e0>,30,13,[ 4 12],31,-1,71,-1,58
1,<environment.Job instance at 0x7f6dbd1151e0>,31,24,[5 6],32,-1,82,-1,58
1,<environment.Job instance at 0x7f6dbd115e10>,32,14,[13  2],33,-1,72,-1,58
1,<environment.Job instance at 0x7f6dbcfc26e0>,33,2,[5 7],34,-1,60,-1,58
1,<environment.Job instance at 0x7f6dbd539320>,37,15,[11  3],38,-1,89,-1,74
1,<environment.Job instance at 0x7f6dbd218550>,39,3,[12  4],40,-1,77,-1,74
1,<environment.Job instance at 0x7f6dbd10f550>,41,27,[5 1],42,-1,113,-1,86
1,<environment.Job instance at 0x7f6dbd10f410>,42,23,[13  3],43,-1,109,-1,86
1,<environment.Job instance at 0x7f6dbd5152d0>,44,28,[10  1],45,-1,115,-1,87
1,<environment.Job instance at 0x7f6dbd68ea50>,46,3,[5 5],47,-1,98,-1,95
1,<environment.Job instance at 0x7f6dbd7c4a50>,48,23,[3 9],49,-1,125,-1,102
1,<environment.Job instance at 0x7f6dbd2236e0>,49,1,[11  5],50,-1,103,-1,102
1,<environment.Job instance at 0x7f6dbe8ecb90>,51,18,[ 1 14],52,-1,120,-1,102
1,<environment.Job instance at 0x7f6dbe8ec820>,52,12,[ 3 13],53,-1,114,-1,102
1,<environment.Job instance at 0x7f6dbe8ecc30>,58,22,[ 4 10],59,-1,167,-1,145
1,<environment.Job instance at 0x7f6dbe8ec0f0>,59,19,[ 3 12],60,-1,164,-1,145
1,<environment.Job instance at 0x7f6dbe8ecdc0>,61,24,[10  3],62,-1,170,-1,146
1,<environment.Job instance at 0x7f6dbd1c5b40>,63,1,[9 4],64,-1,149,-1,148
1,<environment.Job instance at 0x7f6dbd1241e0>,65,26,[ 1 11],66,-1,190,-1,164
1,<environment.Job instance at 0x7f6dbd124fa0>,66,12,[11  1],67,-1,176,-1,164
1,<environment.Job instance at 0x7f6dbd124460>,67,25,[6 1],68,-1,189,-1,164
1,<environment.Job instance at 0x7f6dbd124190>,68,24,[7 4],69,-1,188,-1,164
1,<environment.Job instance at 0x7f6dbd36f960>,73,28,[5 9],74,-1,207,-1,179
1,<environment.Job instance at 0x7f6dbdb0a410>,74,12,[12  3],75,-1,191,-1,179
1,<environment.Job instance at 0x7f6dbd36f730>,75,12,[11  3],76,-1,191,-1,179
1,<environment.Job instance at 0x7f893913d640>,1,27,[3 7],2,-1,29,-1,2
1,<environment.Job instance at 0x7f892f9ece10>,4,1,[5 6],5,-1,6,-1,5
1,<environment.Job instance at 0x7f892f9ecfa0>,7,16,[ 5 14],8,-1,24,-1,8
1,<environment.Job instance at 0x7f893913d500>,9,16,[ 4 11],10,-1,27,-1,11
1,<environment.Job instance at 0x7f892f96a460>,13,15,[13  4],14,-1,40,-1,25
1,<environment.Job instance at 0x7f892f96a5a0>,15,16,[11  5],16,-1,41,-1,25
1,<environment.Job instance at 0x7f892f96a640>,16,15,[ 1 11],17,-1,40,-1,25
1,<environment.Job instance at 0x7f892f96a6e0>,17,2,[3 5],18,-1,27,-1,25
1,<environment.Job instance at 0x7f892f96a820>,19,2,[5 5],20,-1,38,-1,36
1,<environment.Job instance at 0x7f892f123d20>,4,28,[8 4],5,-1,33,-1,5
1,<environment.Job instance at 0x7f892f123140>,8,12,[ 1 10],9,-1,22,-1,10
1,<environment.Job instance at 0x7f892f1239b0>,16,22,[ 4 14],17,-1,57,-1,35
1,<environment.Job instance at 0x7f892f9a5960>,3,25,[7 4],4,-1,31,-1,6
1,<environment.Job instance at 0x7f892f3afaf0>,9,1,[9 3],10,-1,23,-1,22
1,<environment.Job instance at 0x7f892f3af320>,10,17,[13  3],11,-1,39,-1,22
1,<environment.Job instance at 0x7f892f3afb40>,11,3,[ 5 12],12,-1,25,-1,22
1,<environment.Job instance at 0x7f892f3af050>,12,26,[ 5 12],13,-1,48,-1,22
1,<environment.Job instance at 0x7f892f3af550>,14,27,[ 2 12],15,-1,65,-1,38
1,<environment.Job instance at 0x7f892f428b90>,16,3,[ 1 10],17,-1,42,-1,39
1,<environment.Job instance at 0x7f892f4288c0>,17,2,[ 3 10],18,-1,41,-1,39
1,<environment.Job instance at 0x7f892fdede10>,3,23,[ 4 11],4,-1,27,-1,4
1,<environment.Job instance at 0x7f892fded960>,6,16,[ 3 11],7,-1,23,-1,7
1,<environment.Job instance at 0x7f892fdedd20>,7,12,[ 1 11],8,-1,21,-1,9
1,<environment.Job instance at 0x7f892f343230>,8,17,[11  3],9,-1,26,-1,9
1,<environment.Job instance at 0x7f892fdedc30>,9,16,[ 2 12],10,-1,26,-1,10
1,<environment.Job instance at 0x7f892fdeda00>,10,21,[14  1],11,-1,32,-1,11
1,<environment.Job instance at 0x7f892fdedd70>,12,2,[12  2],13,-1,15,-1,13
1,<environment.Job instance at 0x7f892f6f3eb0>,15,25,[7 2],16,-1,44,-1,19
1,<environment.Job instance at 0x7f892f45dcd0>,19,17,[11  1],20,-1,46,-1,29
1,<environment.Job instance at 0x7f892f6f3460>,20,22,[ 5 14],21,-1,51,-1,29
1,<environment.Job instance at 0x7f892f45d370>,21,26,[ 5 13],22,-1,55,-1,29
1,<environment.Job instance at 0x7f892f70e6e0>,24,1,[14  1],25,-1,33,-1,32
1,<environment.Job instance at 0x7f892f3d68c0>,7,15,[12  3],8,-1,23,-1,8
1,<environment.Job instance at 0x7f893061e230>,17,28,[ 4 11],18,-1,51,-1,23
1,<environment.Job instance at 0x7f892f986690>,3,28,[11  3],4,-1,32,-1,4
1,<environment.Job instance at 0x7f892f986280>,7,23,[8 3],8,-1,32,-1,9
1,<environment.Job instance at 0x7f892f024d70>,11,18,[ 5 11],12,-1,30,-1,12
1,<environment.Job instance at 0x7f892f024820>,15,22,[5 2],16,-1,59,-1,37
1,<environment.Job instance at 0x7f892f403050>,17,22,[10  1],18,-1,59,-1,37
1,<environment.Job instance at 0x7f892f403c30>,21,17,[11  2],22,-1,54,-1,37
1,<environment.Job instance at 0x7f892f403b40>,22,13,[11  3],23,-1,50,-1,37
1,<environment.Job instance at 0x7f892f403c80>,23,17,[11  5],24,-1,54,-1,37
1,<environment.Job instance at 0x7f892f403f50>,24,14,[10  3],25,-1,54,-1,40
1,<environment.Job instance at 0x7f892f403870>,25,2,[7 5],26,-1,42,-1,40
1,<environment.Job instance at 0x7f892f700af0>,26,24,[8 3],27,-1,64,-1,40
1,<environment.Job instance at 0x7f892f700050>,27,1,[2 5],28,-1,41,-1,40
1,<environment.Job instance at 0x7f892f700230>,28,20,[11  1],29,-1,60,-1,40
1,<environment.Job instance at 0x7f892f700d70>,29,1,[5 5],30,-1,41,-1,40
1,<environment.Job instance at 0x7f892f700a50>,30,22,[14  1],31,-1,62,-1,40
1,<environment.Job instance at 0x7f892f700190>,32,17,[ 1 12],33,-1,63,-1,46
1,<environment.Job instance at 0x7f892f700370>,33,15,[ 5 11],34,-1,61,-1,46
1,<environment.Job instance at 0x7f892f7005a0>,35,1,[9 1],36,-1,47,-1,46
1,<environment.Job instance at 0x7f892f700b90>,36,12,[14  5],37,-1,58,-1,46
1,<environment.Job instance at 0x7f892f6f3690>,37,2,[2 8],38,-1,48,-1,46
1,<environment.Job instance at 0x7f892f6f3820>,38,28,[ 2 12],39,-1,74,-1,46
1,<environment.Job instance at 0x7f892f0f1910>,1,17,[ 3 14],2,-1,19,-1,2
1,<environment.Job instance at 0x7f892ef43730>,3,20,[ 1 11],4,-1,24,-1,4
1,<environment.Job instance at 0x7f892ef43be0>,9,26,[ 2 14],10,-1,36,-1,10
1,<environment.Job instance at 0x7f892ef43d70>,10,1,[4 8],11,-1,13,-1,12
1,<environment.Job instance at 0x7f892ef43af0>,12,20,[12  3],13,-1,33,-1,13
1,<environment.Job instance at 0x7f892ef460a0>,18,2,[8 5],19,-1,25,-1,23
1,<environment.Job instance at 0x7f892ef46280>,20,27,[11  2],21,-1,50,-1,23
1,<environment.Job instance at 0x7f892ef46500>,21,1,[7 2],22,-1,24,-1,23
1,<environment.Job instance at 0x7f892ef466e0>,23,12,[ 3 14],24,-1,41,-1,29
1,<environment.Job instance at 0x7f892ef46690>,25,3,[ 3 11],26,-1,42,-1,39
1,<environment.Job instance at 0x7f892ef46910>,26,25,[7 4],27,-1,64,-1,39
1,<environment.Job instance at 0x7f892ef469b0>,27,16,[ 1 10],28,-1,55,-1,39
1,<environment.Job instance at 0x7f892ef46a50>,28,12,[ 2 14],29,-1,51,-1,39
1,<environment.Job instance at 0x7f892ef46d20>,29,23,[5 5],30,-1,62,-1,39
1,<environment.Job instance at 0x7f892ef46c30>,31,13,[ 3 11],32,-1,60,-1,47
1,<environment.Job instance at 0x7f892ef46d70>,32,26,[ 4 13],33,-1,73,-1,47
1,<environment.Job instance at 0x7f892ef46e10>,33,25,[5 5],34,-1,72,-1,47
1,<environment.Job instance at 0x7f892ef46e10>,2,24,[1 8],3,-1,27,-1,3
1,<environment.Job instance at 0x7f892f625500>,3,27,[1 9],4,-1,31,-1,4
1,<environment.Job instance at 0x7f892f625b90>,9,26,[3 8],10,-1,36,-1,10
1,<environment.Job instance at 0x7f892f625230>,10,22,[8 1],11,-1,42,-1,20
1,<environment.Job instance at 0x7f892f788500>,17,1,[6 3],18,-1,35,-1,34
1,<environment.Job instance at 0x7f892fd58910>,3,18,[14  1],4,-1,22,-1,4
1,<environment.Job instance at 0x7f892fc567d0>,4,27,[4 8],5,-1,32,-1,5
1,<environment.Job instance at 0x7f892fc56dc0>,5,16,[14  3],6,-1,22,-1,6
1,<environment.Job instance at 0x7f892fc56870>,6,23,[ 4 11],7,-1,30,-1,7
1,<environment.Job instance at 0x7f892f4416e0>,8,3,[12  4],9,-1,12,-1,9
1,<environment.Job instance at 0x7f892f86c2d0>,9,24,[ 2 12],10,-1,34,-1,10
1,<environment.Job instance at 0x7f892f9c9730>,18,1,[7 3],19,-1,22,-1,21
1,<environment.Job instance at 0x7f892f81aeb0>,21,26,[6 3],22,-1,48,-1,22
1,<environment.Job instance at 0x7f892f2b1cd0>,22,25,[5 1],23,-1,48,-1,23
1,<environment.Job instance at 0x7f89305f7be0>,23,16,[14  5],24,-1,40,-1,24
1,<environment.Job instance at 0x7f892f2b15f0>,24,15,[ 5 12],25,-1,40,-1,25
1,<environment.Job instance at 0x7f892f7001e0>,25,17,[12  1],26,-1,43,-1,26
1,<environment.Job instance at 0x7f892f700230>,26,12,[ 2 14],27,-1,39,-1,27
1,<environment.Job instance at 0x7f8930192aa0>,27,23,[9 5],28,-1,55,-1,32
1,<environment.Job instance at 0x7f892f841960>,3,24,[7 3],4,-1,28,-1,4
1,<environment.Job instance at 0x7f892f841b90>,4,2,[ 2 13],5,-1,7,-1,5
1,<environment.Job instance at 0x7f892f841aa0>,5,15,[ 4 14],6,-1,21,-1,6
1,<environment.Job instance at 0x7f892f841e10>,8,27,[ 2 14],9,-1,36,-1,9
1,<environment.Job instance at 0x7f892f41ab40>,10,14,[ 1 11],11,-1,26,-1,12
1,<environment.Job instance at 0x7f892f865320>,13,23,[ 4 14],14,-1,37,-1,14
1,<environment.Job instance at 0x7f892f865230>,14,28,[11  2],15,-1,43,-1,15
1,<environment.Job instance at 0x7f892f8650f0>,17,3,[ 1 11],18,-1,21,-1,18
1,<environment.Job instance at 0x7f892f8658c0>,22,28,[6 2],23,-1,66,-1,38
1,<environment.Job instance at 0x7f892f865960>,23,2,[12  2],24,-1,40,-1,38
1,<environment.Job instance at 0x7f892f865a50>,24,2,[1 8],25,-1,40,-1,38
1,<environment.Job instance at 0x7f892f865500>,25,1,[5 4],26,-1,39,-1,38
1,<environment.Job instance at 0x7f892f865b40>,26,3,[ 5 10],27,-1,41,-1,38
1,<environment.Job instance at 0x7f892f865be0>,27,26,[5 4],28,-1,64,-1,38
1,<environment.Job instance at 0x7f892f865c80>,28,3,[1 9],29,-1,41,-1,38
1,<environment.Job instance at 0x7f892f865d20>,29,3,[5 2],30,-1,41,-1,38
1,<environment.Job instance at 0x7f892f865dc0>,30,13,[9 2],31,-1,51,-1,38
1,<environment.Job instance at 0x7f892f865e60>,31,23,[ 5 14],32,-1,61,-1,38
1,<environment.Job instance at 0x7f892f865f00>,32,18,[ 2 14],33,-1,56,-1,38
1,<environment.Job instance at 0x7f892f865fa0>,33,17,[ 4 13],34,-1,55,-1,38
1,<environment.Job instance at 0x7f892f8659b0>,34,25,[7 3],35,-1,63,-1,38
1,<environment.Job instance at 0x7f892f8581e0>,36,19,[13  5],37,-1,68,-1,49
1,<environment.Job instance at 0x7f892f858280>,37,26,[ 5 10],38,-1,75,-1,49
1,<environment.Job instance at 0x7f892fe757d0>,1,26,[8 3],2,-1,28,-1,2
1,<environment.Job instance at 0x7f892f8582d0>,2,3,[11  1],3,-1,6,-1,3
1,<environment.Job instance at 0x7f89303bda00>,6,25,[ 3 10],7,-1,32,-1,7
1,<environment.Job instance at 0x7f892f858280>,8,2,[2 7],9,-1,11,-1,9
1,<environment.Job instance at 0x7f89303bd9b0>,9,2,[4 5],10,-1,12,-1,10
1,<environment.Job instance at 0x7f89303bdb40>,7,2,[1 5],8,-1,12,-1,10
1,<environment.Job instance at 0x7f89303bd320>,13,16,[14  3],14,-1,30,-1,14
1,<environment.Job instance at 0x7f89303bd910>,14,17,[11  3],15,-1,39,-1,22
1,<environment.Job instance at 0x7f89303bdfa0>,18,23,[8 4],19,-1,48,-1,25
1,<environment.Job instance at 0x7f8930534cd0>,6,13,[ 3 13],7,-1,20,-1,7
1,<environment.Job instance at 0x7f8930534be0>,12,16,[13  2],13,-1,29,-1,13
1,<environment.Job instance at 0x7f893902f960>,15,22,[14  4],16,-1,42,-1,20
1,<environment.Job instance at 0x7f892f3fda50>,16,12,[ 1 10],17,-1,36,-1,24
1,<environment.Job instance at 0x7f892f365050>,18,23,[1 6],19,-1,48,-1,25
1,<environment.Job instance at 0x7f892f419dc0>,4,28,[10  4],5,-1,33,-1,5
1,<environment.Job instance at 0x7f892ffe4460>,5,3,[ 2 12],6,-1,9,-1,6
1,<environment.Job instance at 0x7f8930442640>,9,23,[ 4 10],10,-1,34,-1,11
1,<environment.Job instance at 0x7f8930442280>,11,21,[13  5],12,-1,33,-1,12
1,<environment.Job instance at 0x7f8930442c80>,16,3,[2 5],17,-1,27,-1,24
1,<environment.Job instance at 0x7f8930436eb0>,20,12,[13  5],21,-1,60,-1,48
1,<environment.Job instance at 0x7f89304368c0>,21,2,[ 5 13],22,-1,50,-1,48
1,<environment.Job instance at 0x7f8938aeeaa0>,1,13,[ 5 11],2,-1,15,-1,2
1,<environment.Job instance at 0x7f892f9739b0>,2,27,[ 2 10],3,-1,30,-1,3
1,<environment.Job instance at 0x7f892f973f50>,3,18,[ 4 11],4,-1,22,-1,4
1,<environment.Job instance at 0x7f892f973af0>,6,28,[10  3],7,-1,35,-1,7
1,<environment.Job instance at 0x7f892f973eb0>,8,14,[12  2],9,-1,23,-1,9
1,<environment.Job instance at 0x7f892f9734b0>,10,12,[12  1],11,-1,23,-1,11
1,<environment.Job instance at 0x7f892f0d2af0>,12,27,[ 3 12],13,-1,40,-1,13
1,<environment.Job instance at 0x7f892f0d2b40>,13,18,[14  2],14,-1,32,-1,14
1,<environment.Job instance at 0x7f892f0d25a0>,14,25,[4 6],15,-1,40,-1,15
1,<environment.Job instance at 0x7f892f0d21e0>,15,28,[ 5 11],16,-1,44,-1,16
1,<environment.Job instance at 0x7f8938d920a0>,19,25,[12  3],20,-1,45,-1,20
1,<environment.Job instance at 0x7f8938d92730>,24,2,[5 8],25,-1,29,-1,27
1,<environment.Job instance at 0x7f8930365a50>,3,13,[ 2 12],4,-1,17,-1,4
1,<environment.Job instance at 0x7f89303654b0>,4,3,[10  1],5,-1,9,-1,6
1,<environment.Job instance at 0x7f892f5c4dc0>,1,2,[11  2],2,-1,4,-1,2
1,<environment.Job instance at 0x7f8930365d20>,2,13,[13  3],3,-1,16,-1,3
1,<environment.Job instance at 0x7f892fe131e0>,4,13,[ 3 14],5,-1,18,-1,5
1,<environment.Job instance at 0x7f892fe13d70>,8,16,[12  1],9,-1,25,-1,9
1,<environment.Job instance at 0x7f8930365460>,9,2,[2 7],10,-1,12,-1,10
1,<environment.Job instance at 0x7f892f2b3dc0>,10,13,[ 1 14],11,-1,24,-1,11
1,<environment.Job instance at 0x7f892f2b3e60>,12,1,[ 2 14],13,-1,14,-1,13
1,<environment.Job instance at 0x7f892fe0eeb0>,16,26,[ 1 14],17,-1,45,-1,19
1,<environment.Job instance at 0x7f892fe0e320>,18,15,[ 5 11],19,-1,40,-1,25
1,<environment.Job instance at 0x7f892f2c1b40>,22,27,[ 3 14],23,-1,76,-1,49
1,<environment.Job instance at 0x7f892fdfcbe0>,3,28,[1 8],4,-1,32,-1,4
1,<environment.Job instance at 0x7f892fdfc0f0>,9,12,[13  2],10,-1,22,-1,10
1,<environment.Job instance at 0x7f892f395c80>,15,17,[13  3],16,-1,40,-1,23
1,<environment.Job instance at 0x7f892f395e60>,16,1,[2 7],17,-1,24,-1,23
1,<environment.Job instance at 0x7f892ef6d730>,1,19,[ 1 14],2,-1,21,-1,2
1,<environment.Job instance at 0x7f892f395690>,6,17,[ 2 12],7,-1,25,-1,8
1,<environment.Job instance at 0x7f892ed81190>,16,17,[13  3],17,-1,40,-1,23
1,<environment.Job instance at 0x7f892ed81050>,17,13,[ 3 13],18,-1,36,-1,23
1,<environment.Job instance at 0x7f892ed81820>,18,28,[ 1 10],19,-1,51,-1,23
1,<environment.Job instance at 0x7f892ed81f50>,19,28,[ 2 12],20,-1,51,-1,23
1,<environment.Job instance at 0x7f892ed81410>,20,3,[7 1],21,-1,26,-1,23
1,<environment.Job instance at 0x7f89301a19b0>,4,14,[ 4 11],5,-1,19,-1,5
1,<environment.Job instance at 0x7f892ed81d20>,3,16,[12  1],4,-1,21,-1,5
1,<environment.Job instance at 0x7f8938d926e0>,8,24,[8 4],9,-1,34,-1,10
1,<environment.Job instance at 0x7f89301a18c0>,11,3,[4 7],12,-1,15,-1,12
1,<environment.Job instance at 0x7f8930537dc0>,17,3,[9 5],18,-1,34,-1,31
1,<environment.Job instance at 0x7f8930537410>,18,2,[13  3],19,-1,33,-1,31
1,<environment.Job instance at 0x7f8930537780>,19,17,[3 6],20,-1,58,-1,41
1,<environment.Job instance at 0x7f892f14bd20>,21,13,[6 1],22,-1,54,-1,41
1,<environment.Job instance at 0x7f892fd6aaf0>,22,24,[1 7],23,-1,65,-1,41
1,<environment.Job instance at 0x7f892fc6be60>,23,3,[4 6],24,-1,44,-1,41
1,<environment.Job instance at 0x7f892fc45d20>,24,24,[5 9],25,-1,65,-1,41
1,<environment.Job instance at 0x7f892fc45e60>,25,3,[14  3],26,-1,44,-1,41
1,<environment.Job instance at 0x7f893029ff00>,26,13,[ 4 13],27,-1,54,-1,41
1,<environment.Job instance at 0x7f8017faa5f0>,1,27,[3 7],2,-1,29,-1,2
1,<environment.Job instance at 0x7f8017faa4b0>,7,16,[ 5 14],8,-1,24,-1,8
1,<environment.Job instance at 0x7f800e7d3320>,12,17,[ 1 14],13,-1,33,-1,16
1,<environment.Job instance at 0x7f800e7d3280>,13,15,[13  4],14,-1,31,-1,16
1,<environment.Job instance at 0x7f800e7d3500>,15,16,[11  5],16,-1,44,-1,28
1,<environment.Job instance at 0x7f800e7d3730>,16,15,[ 1 11],17,-1,43,-1,28
1,<environment.Job instance at 0x7f800e7d36e0>,17,2,[3 5],18,-1,30,-1,28
1,<environment.Job instance at 0x7f800e7d38c0>,19,2,[5 5],20,-1,30,-1,28
1,<environment.Job instance at 0x7f800e7d3a00>,21,23,[6 4],22,-1,66,-1,43
1,<environment.Job instance at 0x7f800e7d3b40>,23,16,[ 1 11],24,-1,65,-1,49
1,<environment.Job instance at 0x7f800e7d3be0>,24,23,[5 8],25,-1,72,-1,49
1,<environment.Job instance at 0x7f800e93dc30>,5,14,[11  5],6,-1,26,-1,12
1,<environment.Job instance at 0x7f800e8a2820>,10,3,[7 1],11,-1,15,-1,12
1,<environment.Job instance at 0x7f800e8a2230>,11,21,[12  2],12,-1,33,-1,12
1,<environment.Job instance at 0x7f800e8a28c0>,13,1,[9 5],14,-1,17,-1,16
1,<environment.Job instance at 0x7f800e8a2cd0>,14,16,[ 3 13],15,-1,32,-1,16
1,<environment.Job instance at 0x7f800e8a29b0>,15,18,[ 4 10],16,-1,40,-1,22
1,<environment.Job instance at 0x7f800e8a2960>,16,3,[ 4 12],17,-1,25,-1,22
1,<environment.Job instance at 0x7f800e161f50>,18,19,[12  3],19,-1,41,-1,22
1,<environment.Job instance at 0x7f800e21c190>,19,1,[3 6],20,-1,23,-1,22
1,<environment.Job instance at 0x7f800dfbd320>,20,19,[11  2],21,-1,41,-1,22
1,<environment.Job instance at 0x7f800de9ee10>,21,15,[11  5],22,-1,37,-1,22
1,<environment.Job instance at 0x7f800e8a2f00>,23,20,[ 4 11],24,-1,44,-1,24
1,<environment.Job instance at 0x7f800e8a2aa0>,25,3,[2 6],26,-1,37,-1,34
1,<environment.Job instance at 0x7f800dedd0a0>,1,26,[12  1],2,-1,28,-1,2
1,<environment.Job instance at 0x7f800dedb5f0>,7,26,[5 7],8,-1,34,-1,8
1,<environment.Job instance at 0x7f800dedb870>,10,14,[11  5],11,-1,25,-1,11
1,<environment.Job instance at 0x7f800de990a0>,11,25,[3 5],12,-1,38,-1,13
1,<environment.Job instance at 0x7f800de99fa0>,16,13,[12  1],17,-1,35,-1,22
1,<environment.Job instance at 0x7f800de998c0>,17,17,[ 5 14],18,-1,39,-1,22
1,<environment.Job instance at 0x7f800de99870>,19,27,[8 5],20,-1,59,-1,32
1,<environment.Job instance at 0x7f800de99a50>,20,17,[14  2],21,-1,49,-1,32
1,<environment.Job instance at 0x7f800de99f00>,21,12,[11  1],22,-1,44,-1,32
1,<environment.Job instance at 0x7f800de99960>,22,1,[7 3],23,-1,33,-1,32
1,<environment.Job instance at 0x7f800de99820>,25,3,[7 1],26,-1,57,-1,54
1,<environment.Job instance at 0x7f800de99640>,27,22,[1 7],28,-1,78,-1,56
1,<environment.Job instance at 0x7f800de99c30>,28,22,[14  1],29,-1,78,-1,56
1,<environment.Job instance at 0x7f800de99f50>,29,22,[ 2 10],30,-1,78,-1,56
1,<environment.Job instance at 0x7f800de992d0>,30,14,[ 4 11],31,-1,70,-1,56
1,<environment.Job instance at 0x7f800de99cd0>,31,28,[8 4],32,-1,84,-1,56
1,<environment.Job instance at 0x7f800df66640>,7,18,[ 3 11],8,-1,26,-1,8
1,<environment.Job instance at 0x7f800e4bfc80>,8,18,[1 9],9,-1,56,-1,38
1,<environment.Job instance at 0x7f800e216c30>,18,25,[5 5],19,-1,63,-1,38
1,<environment.Job instance at 0x7f800e216690>,19,19,[6 1],20,-1,57,-1,38
1,<environment.Job instance at 0x7f800e216c80>,20,26,[6 5],21,-1,64,-1,38
1,<environment.Job instance at 0x7f800e02d910>,21,12,[ 1 11],22,-1,50,-1,38
1,<environment.Job instance at 0x7f800e02db40>,22,3,[5 3],23,-1,41,-1,38
1,<environment.Job instance at 0x7f800e452f50>,23,23,[ 4 11],24,-1,61,-1,38
1,<environment.Job instance at 0x7f800e52c960>,24,13,[ 3 11],25,-1,51,-1,38
1,<environment.Job instance at 0x7f800dedf690>,25,2,[14  5],26,-1,40,-1,38
1,<environment.Job instance at 0x7f800ec9dc80>,26,16,[ 3 11],27,-1,54,-1,38
1,<environment.Job instance at 0x7f800ec9daf0>,27,12,[ 1 11],28,-1,50,-1,38
1,<environment.Job instance at 0x7f800dfa71e0>,28,17,[11  3],29,-1,55,-1,38
1,<environment.Job instance at 0x7f800e1ad050>,29,16,[ 2 12],30,-1,54,-1,38
1,<environment.Job instance at 0x7f800e288cd0>,30,21,[14  1],31,-1,59,-1,38
1,<environment.Job instance at 0x7f800e2c8500>,31,21,[5 6],32,-1,70,-1,49
1,<environment.Job instance at 0x7f800df4bf00>,36,12,[8 1],37,-1,61,-1,49
1,<environment.Job instance at 0x7f800df4b8c0>,37,21,[ 2 10],38,-1,70,-1,49
1,<environment.Job instance at 0x7f800df4ba00>,39,17,[11  1],40,-1,74,-1,57
1,<environment.Job instance at 0x7f800df4b1e0>,40,22,[ 5 14],41,-1,79,-1,57
1,<environment.Job instance at 0x7f800df4bb90>,41,26,[ 5 13],42,-1,83,-1,57
1,<environment.Job instance at 0x7f800ddabd20>,4,26,[1 9],5,-1,33,-1,7
1,<environment.Job instance at 0x7f800ddaf1e0>,11,14,[11  3],12,-1,40,-1,26
1,<environment.Job instance at 0x7f800ddaf410>,12,1,[5 9],13,-1,27,-1,26
1,<environment.Job instance at 0x7f800ddaf730>,17,15,[12  3],18,-1,56,-1,41
1,<environment.Job instance at 0x7f800de42410>,5,20,[ 2 11],6,-1,26,-1,6
1,<environment.Job instance at 0x7f800de42f50>,14,2,[8 4],15,-1,31,-1,29
1,<environment.Job instance at 0x7f800de427d0>,16,25,[ 3 14],17,-1,55,-1,30
1,<environment.Job instance at 0x7f800de42910>,17,22,[10  1],18,-1,53,-1,31
1,<environment.Job instance at 0x7f800de42870>,18,1,[6 2],19,-1,32,-1,31
1,<environment.Job instance at 0x7f800e1e5fa0>,20,25,[6 5],21,-1,58,-1,33
1,<environment.Job instance at 0x7f800e1e5640>,21,17,[11  2],22,-1,50,-1,33
1,<environment.Job instance at 0x7f800e1e56e0>,22,13,[11  3],23,-1,46,-1,33
1,<environment.Job instance at 0x7f800e1e5370>,23,17,[11  5],24,-1,50,-1,33
1,<environment.Job instance at 0x7f800e1e5820>,25,2,[7 5],26,-1,49,-1,47
1,<environment.Job instance at 0x7f800e1e5d20>,26,24,[8 3],27,-1,71,-1,47
1,<environment.Job instance at 0x7f800e1e5960>,27,1,[2 5],28,-1,48,-1,47
1,<environment.Job instance at 0x7f800e1e5aa0>,28,20,[11  1],29,-1,67,-1,47
1,<environment.Job instance at 0x7f800e1e5d70>,29,1,[5 5],30,-1,48,-1,47
1,<environment.Job instance at 0x7f800e1e5690>,30,22,[14  1],31,-1,69,-1,47
1,<environment.Job instance at 0x7f800ddafe10>,1,20,[11  5],2,-1,22,-1,2
1,<environment.Job instance at 0x7f800ee01c80>,5,1,[14  2],6,-1,7,-1,6
1,<environment.Job instance at 0x7f800ee01280>,7,28,[10  5],8,-1,36,-1,8
1,<environment.Job instance at 0x7f80179fbb40>,10,27,[11  2],11,-1,38,-1,11
1,<environment.Job instance at 0x7f80179fb690>,13,12,[ 3 14],14,-1,26,-1,14
1,<environment.Job instance at 0x7f800ee01410>,16,25,[7 4],17,-1,44,-1,19
1,<environment.Job instance at 0x7f80179fb9b0>,19,23,[5 5],20,-1,48,-1,25
1,<environment.Job instance at 0x7f80179fb500>,21,13,[ 3 11],22,-1,38,-1,25
1,<environment.Job instance at 0x7f80179fb910>,22,26,[ 4 13],23,-1,51,-1,25
1,<environment.Job instance at 0x7f80179fbb90>,23,25,[5 5],24,-1,50,-1,25
1,<environment.Job instance at 0x7f800e1b1f00>,28,24,[ 1 10],29,-1,62,-1,38
1,<environment.Job instance at 0x7f800e1b17d0>,29,23,[ 3 13],30,-1,61,-1,38
1,<environment.Job instance at 0x7f800ddf98c0>,3,16,[12  1],4,-1,20,-1,4
1,<environment.Job instance at 0x7f800dda7780>,4,25,[ 1 11],5,-1,30,-1,5
1,<environment.Job instance at 0x7f800e0f65a0>,3,14,[14  5],4,-1,18,-1,4
1,<environment.Job instance at 0x7f800e0f6050>,6,25,[10  1],7,-1,32,-1,7
1,<environment.Job instance at 0x7f800e0f75a0>,13,22,[3 9],14,-1,44,-1,22
1,<environment.Job instance at 0x7f800e0f75f0>,14,13,[13  1],15,-1,35,-1,22
1,<environment.Job instance at 0x7f800e0f70f0>,15,20,[ 3 10],16,-1,42,-1,22
1,<environment.Job instance at 0x7f800dfb6a00>,11,26,[8 3],12,-1,39,-1,13
1,<environment.Job instance at 0x7f800dfb6a50>,12,3,[11  1],13,-1,16,-1,13
1,<environment.Job instance at 0x7f800dfb6b40>,16,25,[ 3 10],17,-1,44,-1,19
1,<environment.Job instance at 0x7f800dfb6e60>,19,2,[4 5],20,-1,25,-1,23
1,<environment.Job instance at 0x7f800eda4780>,6,13,[ 3 13],7,-1,20,-1,7
1,<environment.Job instance at 0x7f800eda4230>,11,14,[8 1],12,-1,48,-1,34
1,<environment.Job instance at 0x7f800eeac690>,16,12,[ 1 10],17,-1,46,-1,34
1,<environment.Job instance at 0x7f800eeacd70>,20,27,[6 3],21,-1,80,-1,53
1,<environment.Job instance at 0x7f800eeac6e0>,21,16,[ 5 13],22,-1,69,-1,53
1,<environment.Job instance at 0x7f800eeaceb0>,23,28,[5 2],24,-1,83,-1,55
1,<environment.Job instance at 0x7f800eeacf00>,24,17,[13  4],25,-1,72,-1,55
1,<environment.Job instance at 0x7f800eeac1e0>,25,22,[10  2],26,-1,77,-1,55
1,<environment.Job instance at 0x7f800eeac4b0>,26,12,[1 8],27,-1,67,-1,55
1,<environment.Job instance at 0x7f800eeac280>,27,12,[ 1 10],28,-1,67,-1,55
1,<environment.Job instance at 0x7f800e8c55a0>,1,21,[13  5],2,-1,23,-1,2
1,<environment.Job instance at 0x7f800e8c5c30>,3,26,[7 1],4,-1,31,-1,5
1,<environment.Job instance at 0x7f800eaa9f00>,13,25,[1 8],14,-1,58,-1,33
1,<environment.Job instance at 0x7f800de0fa00>,1,24,[ 1 12],2,-1,26,-1,2
1,<environment.Job instance at 0x7f800e147410>,2,3,[ 3 14],3,-1,6,-1,3
1,<environment.Job instance at 0x7f800de0f4b0>,3,28,[11  3],4,-1,32,-1,4
1,<environment.Job instance at 0x7f800de0f140>,4,3,[14  5],5,-1,8,-1,5
1,<environment.Job instance at 0x7f800f071d20>,5,26,[5 1],6,-1,32,-1,6
1,<environment.Job instance at 0x7f800e2dd550>,6,25,[2 7],7,-1,32,-1,7
1,<environment.Job instance at 0x7f800e5392d0>,8,27,[8 2],9,-1,36,-1,9
1,<environment.Job instance at 0x7f800e147a50>,10,28,[11  3],11,-1,39,-1,11
1,<environment.Job instance at 0x7f800e737460>,11,13,[ 4 13],12,-1,25,-1,12
1,<environment.Job instance at 0x7f800e7377d0>,12,15,[12  1],13,-1,28,-1,13
1,<environment.Job instance at 0x7f800e737d70>,18,12,[12  4],19,-1,31,-1,19
1,<environment.Job instance at 0x7f800e737500>,19,17,[ 4 13],20,-1,37,-1,20
1,<environment.Job instance at 0x7f800e237050>,20,16,[14  2],21,-1,37,-1,21
1,<environment.Job instance at 0x7f800e2378c0>,21,2,[11  2],22,-1,24,-1,22
1,<environment.Job instance at 0x7f800e237d70>,23,18,[8 5],24,-1,69,-1,51
1,<environment.Job instance at 0x7f800e1a76e0>,26,12,[ 2 10],27,-1,63,-1,51
1,<environment.Job instance at 0x7f800e1a7230>,27,15,[5 5],28,-1,66,-1,51
1,<environment.Job instance at 0x7f800e902410>,28,16,[12  1],29,-1,67,-1,51
1,<environment.Job instance at 0x7f800e2151e0>,29,2,[2 7],30,-1,53,-1,51
1,<environment.Job instance at 0x7f800e215500>,30,13,[ 1 14],31,-1,64,-1,51
1,<environment.Job instance at 0x7f800e1e63c0>,31,12,[8 2],32,-1,63,-1,51
1,<environment.Job instance at 0x7f800e283d70>,32,1,[ 2 14],33,-1,52,-1,51
1,<environment.Job instance at 0x7f800ddae280>,33,17,[6 1],34,-1,68,-1,51
1,<environment.Job instance at 0x7f800dcc80f0>,34,12,[5 5],35,-1,63,-1,51
1,<environment.Job instance at 0x7f800ddae500>,35,24,[10  2],36,-1,75,-1,51
1,<environment.Job instance at 0x7f800ddae730>,36,26,[ 1 14],37,-1,77,-1,51
1,<environment.Job instance at 0x7f800eaa94b0>,37,22,[5 8],38,-1,73,-1,51
1,<environment.Job instance at 0x7f800eaa9870>,38,15,[ 5 11],39,-1,66,-1,51
1,<environment.Job instance at 0x7f800eaa9f00>,39,13,[8 5],40,-1,64,-1,51
1,<environment.Job instance at 0x7f800ef6b690>,40,2,[8 1],41,-1,53,-1,51
1,<environment.Job instance at 0x7f800ef6b910>,41,18,[7 2],42,-1,69,-1,51
1,<environment.Job instance at 0x7f800df6bb40>,42,27,[ 3 14],43,-1,78,-1,51
1,<environment.Job instance at 0x7f800e7d9b40>,43,15,[3 6],44,-1,66,-1,51
1,<environment.Job instance at 0x7f800e7d9140>,44,3,[7 1],45,-1,54,-1,51
1,<environment.Job instance at 0x7f800eaf2fa0>,45,18,[9 1],46,-1,69,-1,51
1,<environment.Job instance at 0x7f800eaf2e10>,46,15,[9 3],47,-1,66,-1,51
1,<environment.Job instance at 0x7f800f3bbdc0>,47,18,[ 2 13],48,-1,69,-1,51
1,<environment.Job instance at 0x7f800f3bbe10>,48,23,[4 8],49,-1,74,-1,51
1,<environment.Job instance at 0x7f800ed6e780>,49,17,[3 8],50,-1,68,-1,51
1,<environment.Job instance at 0x7f800ed6e140>,50,27,[3 7],51,-1,78,-1,51
1,<environment.Job instance at 0x7f8017a68640>,51,14,[3 9],52,-1,66,-1,52
1,<environment.Job instance at 0x7f8017a68730>,52,13,[7 1],53,-1,66,-1,53
1,<environment.Job instance at 0x7f8017a68960>,53,2,[7 5],54,-1,56,-1,54
1,<environment.Job instance at 0x7f8017a68c80>,54,3,[4 9],55,-1,58,-1,55
1,<environment.Job instance at 0x7f8017a68a00>,55,13,[6 3],56,-1,69,-1,56
1,<environment.Job instance at 0x7f8017a687d0>,56,2,[7 1],57,-1,59,-1,57
1,<environment.Job instance at 0x7f8017a683c0>,57,23,[ 1 10],58,-1,81,-1,58
1,<environment.Job instance at 0x7f800e63a280>,8,18,[ 4 11],9,-1,27,-1,9
1,<environment.Job instance at 0x7f800ec0f050>,9,16,[12  5],10,-1,26,-1,10
1,<environment.Job instance at 0x7f800ec0f280>,13,28,[1 8],14,-1,45,-1,17
1,<environment.Job instance at 0x7f800ec0f6e0>,15,1,[10  2],16,-1,23,-1,22
1,<environment.Job instance at 0x7f800ea93b90>,19,12,[13  2],20,-1,46,-1,34
1,<environment.Job instance at 0x7f800e8b7280>,20,18,[ 2 10],21,-1,60,-1,42
1,<environment.Job instance at 0x7f800e444370>,21,1,[6 5],22,-1,43,-1,42
1,<environment.Job instance at 0x7f800ed0cd20>,23,18,[13  1],24,-1,67,-1,49
1,<environment.Job instance at 0x7f800e6309b0>,25,17,[13  3],26,-1,66,-1,49
1,<environment.Job instance at 0x7f800ef95190>,26,1,[2 7],27,-1,50,-1,49
1,<environment.Job instance at 0x7f800ee546e0>,1,19,[ 1 14],2,-1,21,-1,2
1,<environment.Job instance at 0x7f800ef95190>,6,17,[ 2 12],7,-1,24,-1,7
1,<environment.Job instance at 0x7f800eba6910>,9,3,[3 9],10,-1,14,-1,11
1,<environment.Job instance at 0x7f800eb765f0>,15,25,[2 8],16,-1,47,-1,22
1,<environment.Job instance at 0x7f800eb767d0>,17,13,[ 3 13],18,-1,35,-1,22
1,<environment.Job instance at 0x7f800eb76f00>,18,28,[ 1 10],19,-1,50,-1,22
1,<environment.Job instance at 0x7f800eb76fa0>,19,28,[ 2 12],20,-1,50,-1,22
1,<environment.Job instance at 0x7f800eb76870>,20,3,[7 1],21,-1,25,-1,22
1,<environment.Job instance at 0x7f800eb76c30>,25,2,[7 1],26,-1,52,-1,50
1,<environment.Job instance at 0x7f800eb763c0>,26,1,[5 8],27,-1,51,-1,50
1,<environment.Job instance at 0x7f800dca4050>,6,25,[4 6],7,-1,32,-1,7
1,<environment.Job instance at 0x7f800ee4caf0>,10,19,[ 5 11],11,-1,32,-1,13
1,<environment.Job instance at 0x7f800ecfc6e0>,14,24,[5 9],15,-1,40,-1,16
1,<environment.Job instance at 0x7f800e4eb960>,15,3,[14  3],16,-1,21,-1,18
1,<environment.Job instance at 0x7f800ecfcbe0>,19,24,[ 2 13],20,-1,56,-1,32
1,<environment.Job instance at 0x7f800de1c780>,21,18,[ 4 13],22,-1,54,-1,36
1,<environment.Job instance at 0x7f800dc48f50>,25,2,[6 2],26,-1,55,-1,53
1,<environment.Job instance at 0x7f800e7f25f0>,2,25,[7 5],3,-1,28,-1,3
1,<environment.Job instance at 0x7f800dc06d70>,3,3,[1 9],4,-1,9,-1,6
1,<environment.Job instance at 0x7f800e15f640>,8,1,[12  4],9,-1,10,-1,9
1,<environment.Job instance at 0x7f800e15f910>,10,22,[11  3],11,-1,33,-1,11
1,<environment.Job instance at 0x7f800e15fbe0>,12,22,[ 1 11],13,-1,36,-1,14
1,<environment.Job instance at 0x7f800e15fe10>,14,3,[8 2],15,-1,22,-1,19
1,<environment.Job instance at 0x7f800e15fdc0>,15,16,[5 1],16,-1,43,-1,27
1,<environment.Job instance at 0x7f800e15fb90>,16,26,[9 5],17,-1,53,-1,27
1,<environment.Job instance at 0x7f800e15feb0>,17,1,[ 2 10],18,-1,28,-1,27
1,<environment.Job instance at 0x7f800e15fc30>,19,17,[13  5],20,-1,45,-1,28
1,<environment.Job instance at 0x7f800e15fcd0>,20,13,[14  1],21,-1,41,-1,28
1,<environment.Job instance at 0x7f800e156910>,23,3,[9 1],24,-1,46,-1,43
1,<environment.Job instance at 0x7f800ebeeaf0>,1,22,[13  3],2,-1,24,-1,2
1,<environment.Job instance at 0x7f800e1563c0>,2,17,[ 3 14],3,-1,20,-1,3
1,<environment.Job instance at 0x7f800ebf6910>,4,26,[4 6],5,-1,31,-1,5
1,<environment.Job instance at 0x7f800ebf6280>,13,2,[12  1],14,-1,16,-1,14
1,<environment.Job instance at 0x7f800ebf65a0>,14,2,[8 4],15,-1,17,-1,15
1,<environment.Job instance at 0x7f800ebf61e0>,15,23,[ 4 10],16,-1,39,-1,16
1,<environment.Job instance at 0x7f800ebf6640>,16,1,[1 5],17,-1,18,-1,17
1,<environment.Job instance at 0x7f800ebf6140>,21,12,[ 2 10],22,-1,48,-1,36
1,<environment.Job instance at 0x7f800e172aa0>,22,14,[10  1],23,-1,51,-1,37
1,<environment.Job instance at 0x7f800e1724b0>,23,27,[6 4],24,-1,64,-1,37
1,<environment.Job instance at 0x7f800e172fa0>,24,14,[ 2 14],25,-1,51,-1,37
1,<environment.Job instance at 0x7f800f0004b0>,4,14,[ 1 13],5,-1,19,-1,5
1,<environment.Job instance at 0x7f800f000e10>,6,2,[13  3],7,-1,9,-1,7
1,<environment.Job instance at 0x7f800e3b3960>,14,26,[10  2],15,-1,50,-1,24
1,<environment.Job instance at 0x7f800e3b3230>,15,2,[5 8],16,-1,27,-1,25
1,<environment.Job instance at 0x7f800e3b3690>,16,22,[14  1],17,-1,47,-1,25
1,<environment.Job instance at 0x7f800e3b3be0>,18,18,[ 1 11],19,-1,53,-1,35
1,<environment.Job instance at 0x7f800e3b3aa0>,19,27,[ 4 14],20,-1,62,-1,35
1,<environment.Job instance at 0x7f800e3b3f00>,20,27,[8 4],21,-1,62,-1,35
1,<environment.Job instance at 0x7f800e3b3b40>,21,22,[9 1],22,-1,68,-1,46
1,<environment.Job instance at 0x7f800e3b33c0>,23,26,[ 1 11],24,-1,73,-1,47
1,<environment.Job instance at 0x7f800e3b3910>,24,3,[11  2],25,-1,50,-1,47
1,<environment.Job instance at 0x7f800e3b32d0>,25,17,[ 4 11],26,-1,64,-1,47
1,<environment.Job instance at 0x7f800e3b35a0>,26,24,[7 5],27,-1,71,-1,47
1,<environment.Job instance at 0x7f800e3b38c0>,27,3,[4 8],28,-1,50,-1,47
1,<environment.Job instance at 0x7f800e3b3c30>,29,12,[13  1],30,-1,62,-1,50
1,<environment.Job instance at 0x7f800ef64f50>,30,12,[2 5],31,-1,62,-1,50
1,<environment.Job instance at 0x7f800ef64dc0>,31,2,[4 6],32,-1,52,-1,50
1,<environment.Job instance at 0x7f800ef646e0>,32,22,[ 2 13],33,-1,72,-1,50
1,<environment.Job instance at 0x7f800ef64b90>,33,14,[10  1],34,-1,64,-1,50
1,<environment.Job instance at 0x7f800ef643c0>,35,28,[ 3 10],36,-1,80,-1,52
1,<environment.Job instance at 0x7fdb55726320>,1,27,[3 7],2,-1,29,-1,2
1,<environment.Job instance at 0x7fdb557261e0>,7,16,[ 5 14],8,-1,24,-1,8
1,<environment.Job instance at 0x7fdb4bfaeb90>,12,17,[ 1 14],13,-1,33,-1,16
1,<environment.Job instance at 0x7fdb4bfaeaf0>,13,15,[13  4],14,-1,31,-1,16
1,<environment.Job instance at 0x7fdb4bfaed70>,15,16,[11  5],16,-1,43,-1,27
1,<environment.Job instance at 0x7fdb4bfaef50>,16,15,[ 1 11],17,-1,42,-1,27
1,<environment.Job instance at 0x7fdb4bfaefa0>,17,2,[3 5],18,-1,29,-1,27
1,<environment.Job instance at 0x7fdb4bfb0190>,19,2,[5 5],20,-1,30,-1,28
1,<environment.Job instance at 0x7fdb4bfb02d0>,21,23,[6 4],22,-1,73,-1,50
1,<environment.Job instance at 0x7fdb4bfb0410>,23,16,[ 1 11],24,-1,66,-1,50
1,<environment.Job instance at 0x7fdb4bfb04b0>,24,23,[5 8],25,-1,73,-1,50
1,<environment.Job instance at 0x7fdb4c46f2d0>,3,1,[9 5],4,-1,5,-1,4
1,<environment.Job instance at 0x7fdb4c46f050>,4,16,[ 3 13],5,-1,21,-1,5
1,<environment.Job instance at 0x7fdb4c4678c0>,6,3,[ 4 12],7,-1,10,-1,7
1,<environment.Job instance at 0x7fdb4c46f370>,8,19,[12  3],9,-1,28,-1,9
1,<environment.Job instance at 0x7fdb4c467d20>,9,1,[3 6],10,-1,12,-1,11
1,<environment.Job instance at 0x7fdb4c4e8640>,15,3,[2 6],16,-1,29,-1,26
1,<environment.Job instance at 0x7fdb4c4e8c30>,19,12,[ 2 10],20,-1,56,-1,44
1,<environment.Job instance at 0x7fdb4c4e8910>,20,14,[12  4],21,-1,58,-1,44
1,<environment.Job instance at 0x7fdb4c4e8f50>,22,23,[10  2],23,-1,78,-1,55
1,<environment.Job instance at 0x7fdb4b6ad820>,10,14,[ 4 11],11,-1,39,-1,25
1,<environment.Job instance at 0x7fdb4b6ad460>,11,28,[8 4],12,-1,53,-1,25
1,<environment.Job instance at 0x7fdb4b6ad9b0>,13,25,[7 4],14,-1,50,-1,25
1,<environment.Job instance at 0x7fdb4b6ad410>,15,19,[ 1 12],16,-1,56,-1,37
1,<environment.Job instance at 0x7fdb4b675aa0>,1,21,[5 6],2,-1,23,-1,2
1,<environment.Job instance at 0x7fdb4b6add70>,2,2,[12  2],3,-1,5,-1,3
1,<environment.Job instance at 0x7fdb4b814aa0>,5,25,[7 2],6,-1,31,-1,6
1,<environment.Job instance at 0x7fdb4b814500>,7,21,[ 2 10],8,-1,29,-1,8
1,<environment.Job instance at 0x7fdb4b814870>,10,22,[ 5 14],11,-1,33,-1,11
1,<environment.Job instance at 0x7fdb4b84a320>,11,26,[ 5 13],12,-1,38,-1,12
1,<environment.Job instance at 0x7fdb4b84a4b0>,17,3,[2 8],18,-1,21,-1,18
1,<environment.Job instance at 0x7fdb4b84a1e0>,19,24,[14  5],20,-1,50,-1,26
1,<environment.Job instance at 0x7fdb4b84ab90>,20,2,[10  5],21,-1,28,-1,26
1,<environment.Job instance at 0x7fdb4b84aa00>,21,3,[9 3],22,-1,29,-1,26
1,<environment.Job instance at 0x7fdb4b84a230>,22,17,[14  3],23,-1,43,-1,26
1,<environment.Job instance at 0x7fdb4b7cff50>,23,2,[2 9],24,-1,28,-1,26
1,<environment.Job instance at 0x7fdb4cb62140>,3,3,[ 2 10],4,-1,7,-1,4
1,<environment.Job instance at 0x7fdb4cb62550>,4,23,[5 7],5,-1,28,-1,5
1,<environment.Job instance at 0x7fdb4c6ee0a0>,6,24,[1 9],7,-1,31,-1,7
1,<environment.Job instance at 0x7fdb4c6ee230>,7,18,[ 1 11],8,-1,26,-1,8
1,<environment.Job instance at 0x7fdb4c6eeaa0>,8,15,[ 4 12],9,-1,24,-1,9
1,<environment.Job instance at 0x7fdb4c6eee60>,9,26,[9 2],10,-1,36,-1,10
1,<environment.Job instance at 0x7fdb4c6ee730>,11,18,[ 2 14],12,-1,30,-1,12
1,<environment.Job instance at 0x7fdb4cb62c80>,12,28,[10  1],13,-1,41,-1,13
1,<environment.Job instance at 0x7fdb4cb78820>,13,2,[5 6],14,-1,16,-1,14
1,<environment.Job instance at 0x7fdb4cb78af0>,14,15,[14  3],15,-1,30,-1,15
1,<environment.Job instance at 0x7fdb4cb78730>,15,28,[2 5],16,-1,44,-1,16
1,<environment.Job instance at 0x7fdb4cb783c0>,16,12,[ 2 11],17,-1,29,-1,17
1,<environment.Job instance at 0x7fdb4cb78370>,17,12,[ 5 11],18,-1,30,-1,18
1,<environment.Job instance at 0x7fdb4cb78410>,18,26,[13  3],19,-1,45,-1,19
1,<environment.Job instance at 0x7fdb4cb785a0>,19,12,[ 5 11],20,-1,32,-1,20
1,<environment.Job instance at 0x7fdb4cb779b0>,23,28,[11  3],24,-1,52,-1,24
1,<environment.Job instance at 0x7fdb4cb78050>,25,20,[ 2 11],26,-1,47,-1,27
1,<environment.Job instance at 0x7fdb4cb77280>,31,18,[ 5 11],32,-1,50,-1,32
1,<environment.Job instance at 0x7fdb4c69e0a0>,1,17,[ 3 14],2,-1,19,-1,2
1,<environment.Job instance at 0x7fdb4c69e050>,12,20,[12  3],13,-1,39,-1,19
1,<environment.Job instance at 0x7fdb4c69e1e0>,13,3,[1 5],14,-1,23,-1,20
1,<environment.Job instance at 0x7fdb4c69ed20>,15,1,[14  2],16,-1,41,-1,40
1,<environment.Job instance at 0x7fdb4b6cb320>,16,12,[2 8],17,-1,62,-1,50
1,<environment.Job instance at 0x7fdb4b6cb3c0>,17,28,[10  5],18,-1,78,-1,50
1,<environment.Job instance at 0x7fdb4b6cbe60>,18,2,[8 5],19,-1,52,-1,50
1,<environment.Job instance at 0x7fdb4b6cb550>,19,2,[5 3],20,-1,52,-1,50
1,<environment.Job instance at 0x7fdb4b6cb910>,20,27,[11  2],21,-1,77,-1,50
1,<environment.Job instance at 0x7fdb4b6cb9b0>,21,1,[7 2],22,-1,51,-1,50
1,<environment.Job instance at 0x7fdb4b6cb7d0>,23,12,[ 3 14],24,-1,62,-1,50
1,<environment.Job instance at 0x7fdb4b6cb050>,25,3,[ 3 11],26,-1,53,-1,50
1,<environment.Job instance at 0x7fdb4b6cb410>,26,25,[7 4],27,-1,75,-1,50
1,<environment.Job instance at 0x7fdb4b6cb4b0>,27,16,[ 1 10],28,-1,66,-1,50
1,<environment.Job instance at 0x7fdb4b6cbf50>,28,12,[ 2 14],29,-1,62,-1,50
1,<environment.Job instance at 0x7fdb4b6cb5a0>,29,23,[5 5],30,-1,73,-1,50
1,<environment.Job instance at 0x7fdb4b6cb870>,31,13,[ 3 11],32,-1,70,-1,57
1,<environment.Job instance at 0x7fdb4b6cbd20>,32,26,[ 4 13],33,-1,83,-1,57
1,<environment.Job instance at 0x7fdb4b6cbc80>,33,25,[5 5],34,-1,82,-1,57
1,<environment.Job instance at 0x7fdb4b6cd370>,35,12,[10  4],36,-1,78,-1,66
1,<environment.Job instance at 0x7fdb4b6cd3c0>,36,3,[4 9],37,-1,69,-1,66
1,<environment.Job instance at 0x7fdb4b6cd1e0>,37,27,[6 3],38,-1,93,-1,66
1,<environment.Job instance at 0x7fdb4b6cd640>,38,24,[ 1 10],39,-1,90,-1,66
1,<environment.Job instance at 0x7fdb4b6cd550>,39,23,[ 3 13],40,-1,89,-1,66
1,<environment.Job instance at 0x7fdb4b6cd910>,3,16,[12  1],4,-1,20,-1,4
1,<environment.Job instance at 0x7fdb4b618dc0>,4,25,[ 1 11],5,-1,30,-1,5
1,<environment.Job instance at 0x7fdb4b61b3c0>,11,12,[ 5 13],12,-1,35,-1,23
1,<environment.Job instance at 0x7fdb4b61b460>,12,24,[2 8],13,-1,47,-1,23
1,<environment.Job instance at 0x7fdb4b61b500>,13,3,[7 4],14,-1,26,-1,23
1,<environment.Job instance at 0x7fdb4b61b640>,15,2,[ 4 10],16,-1,25,-1,23
1,<environment.Job instance at 0x7fdb4b61b6e0>,16,17,[12  2],17,-1,40,-1,23
1,<environment.Job instance at 0x7fdb4b61b780>,17,26,[ 5 13],18,-1,49,-1,23
1,<environment.Job instance at 0x7fdb4b61b820>,18,27,[14  3],19,-1,50,-1,23
1,<environment.Job instance at 0x7fdb4b61b8c0>,19,23,[3 8],20,-1,46,-1,23
1,<environment.Job instance at 0x7fdb4b61ba00>,21,21,[ 1 12],22,-1,60,-1,39
1,<environment.Job instance at 0x7fdb4b61bbe0>,23,27,[7 4],24,-1,66,-1,39
1,<environment.Job instance at 0x7fdb4b61ba50>,24,14,[ 3 12],25,-1,53,-1,39
1,<environment.Job instance at 0x7fdb4b61b9b0>,25,3,[7 4],26,-1,42,-1,39
1,<environment.Job instance at 0x7fdb4b61b2d0>,26,17,[ 3 14],27,-1,56,-1,39
1,<environment.Job instance at 0x7fdb4b61bd20>,27,1,[2 5],28,-1,40,-1,39
1,<environment.Job instance at 0x7fdb4b61be60>,29,18,[ 5 12],30,-1,58,-1,40
1,<environment.Job instance at 0x7fdb4b61bf50>,30,19,[13  2],31,-1,59,-1,40
1,<environment.Job instance at 0x7fdb4b6260a0>,33,18,[14  1],34,-1,73,-1,55
1,<environment.Job instance at 0x7fdb4b6261e0>,34,27,[4 8],35,-1,82,-1,55
1,<environment.Job instance at 0x7fdb4b626280>,35,16,[14  3],36,-1,71,-1,55
1,<environment.Job instance at 0x7fdb4b626320>,36,23,[ 4 11],37,-1,78,-1,55
1,<environment.Job instance at 0x7fdb4b7bec30>,4,13,[13  1],5,-1,18,-1,5
1,<environment.Job instance at 0x7fdb4b7be460>,8,26,[ 4 14],9,-1,35,-1,9
1,<environment.Job instance at 0x7fdb4b7be640>,9,1,[10  1],10,-1,11,-1,10
1,<environment.Job instance at 0x7fdb4b7be500>,13,24,[7 3],14,-1,40,-1,16
1,<environment.Job instance at 0x7fdb4b74ecd0>,14,2,[ 2 13],15,-1,18,-1,16
1,<environment.Job instance at 0x7fdb4b74e640>,15,15,[ 4 14],16,-1,31,-1,16
1,<environment.Job instance at 0x7fdb4b74e230>,16,16,[ 4 11],17,-1,33,-1,17
1,<environment.Job instance at 0x7fdb4b74e780>,18,27,[ 2 14],19,-1,50,-1,23
1,<environment.Job instance at 0x7fdb4b74ea50>,19,22,[ 2 10],20,-1,45,-1,23
1,<environment.Job instance at 0x7fdb4b74e320>,20,14,[ 1 11],21,-1,37,-1,23
1,<environment.Job instance at 0x7fdb4b74eaa0>,23,23,[ 4 14],24,-1,59,-1,36
1,<environment.Job instance at 0x7fdb4b74ef50>,24,28,[11  2],25,-1,64,-1,36
1,<environment.Job instance at 0x7fdb4b74e730>,25,3,[5 1],26,-1,39,-1,36
1,<environment.Job instance at 0x7fdb4b74e410>,26,24,[ 2 12],27,-1,60,-1,36
1,<environment.Job instance at 0x7fdb4b74e190>,27,3,[ 1 11],28,-1,39,-1,36
1,<environment.Job instance at 0x7fdb4b7bd3c0>,32,28,[6 2],33,-1,96,-1,68
1,<environment.Job instance at 0x7fdb4b7bd460>,33,2,[12  2],34,-1,70,-1,68
1,<environment.Job instance at 0x7fdb4b7bd2d0>,34,2,[1 8],35,-1,70,-1,68
1,<environment.Job instance at 0x7fdb4b7bd410>,35,1,[5 4],36,-1,69,-1,68
1,<environment.Job instance at 0x7fdb4b7bdaf0>,36,3,[ 5 10],37,-1,71,-1,68
1,<environment.Job instance at 0x7fdb4b7bd140>,37,26,[5 4],38,-1,94,-1,68
1,<environment.Job instance at 0x7fdb4b7bd780>,38,3,[1 9],39,-1,71,-1,68
1,<environment.Job instance at 0x7fdb4b7bd1e0>,39,3,[5 2],40,-1,71,-1,68
1,<environment.Job instance at 0x7fdb4b7bdfa0>,41,23,[ 5 14],42,-1,91,-1,68
1,<environment.Job instance at 0x7fdb4b7568c0>,42,18,[ 2 14],43,-1,86,-1,68
1,<environment.Job instance at 0x7fdb4b756050>,43,17,[ 4 13],44,-1,85,-1,68
1,<environment.Job instance at 0x7fdb4b756e60>,44,25,[7 3],45,-1,93,-1,68
1,<environment.Job instance at 0x7fdb4b756e60>,4,17,[11  3],5,-1,22,-1,5
1,<environment.Job instance at 0x7fdb4ba51960>,3,16,[14  3],4,-1,21,-1,5
1,<environment.Job instance at 0x7fdb4b212d20>,13,15,[ 5 11],14,-1,56,-1,41
1,<environment.Job instance at 0x7fdb4b212b90>,14,15,[11  2],15,-1,56,-1,41
1,<environment.Job instance at 0x7fdb4c3122d0>,15,28,[ 4 10],16,-1,69,-1,41
1,<environment.Job instance at 0x7fdb4c312910>,16,2,[1 6],17,-1,43,-1,41
1,<environment.Job instance at 0x7fdb4c312e60>,17,14,[ 5 12],18,-1,55,-1,41
1,<environment.Job instance at 0x7fdb4ba518c0>,2,1,[ 4 14],3,-1,4,-1,3
1,<environment.Job instance at 0x7fdb4c5fa9b0>,3,1,[2 5],4,-1,5,-1,4
1,<environment.Job instance at 0x7fdb4c5fabe0>,5,15,[13  4],6,-1,21,-1,6
1,<environment.Job instance at 0x7fdb4ca87a00>,9,1,[14  5],10,-1,11,-1,10
1,<environment.Job instance at 0x7fdb4c96fe60>,17,2,[4 7],18,-1,32,-1,30
1,<environment.Job instance at 0x7fdb4c96fa00>,19,24,[8 2],20,-1,67,-1,43
1,<environment.Job instance at 0x7fdb4cbc5c30>,21,15,[ 1 12],22,-1,58,-1,43
1,<environment.Job instance at 0x7fdb4caa85f0>,24,28,[10  4],25,-1,92,-1,64
1,<environment.Job instance at 0x7fdb4caa8550>,25,3,[ 2 12],26,-1,67,-1,64
1,<environment.Job instance at 0x7fdb4bc58f50>,1,13,[ 5 11],2,-1,15,-1,2
1,<environment.Job instance at 0x7fdb4b747c80>,2,27,[ 2 10],3,-1,30,-1,3
1,<environment.Job instance at 0x7fdb4bea0820>,3,18,[ 4 11],4,-1,22,-1,4
1,<environment.Job instance at 0x7fdb4b5f4870>,6,28,[10  3],7,-1,35,-1,7
1,<environment.Job instance at 0x7fdb4be58b40>,8,14,[12  2],9,-1,23,-1,9
1,<environment.Job instance at 0x7fdb4be58230>,10,12,[12  1],11,-1,23,-1,11
1,<environment.Job instance at 0x7fdb551bce60>,12,27,[ 3 12],13,-1,40,-1,13
1,<environment.Job instance at 0x7fdb551bc730>,13,18,[14  2],14,-1,32,-1,14
1,<environment.Job instance at 0x7fdb4be58460>,14,25,[4 6],15,-1,40,-1,15
1,<environment.Job instance at 0x7fdb4c02f320>,15,28,[ 5 11],16,-1,44,-1,16
1,<environment.Job instance at 0x7fdb4c02fe10>,17,1,[12  5],18,-1,19,-1,18
1,<environment.Job instance at 0x7fdb4c66c780>,19,25,[12  3],20,-1,45,-1,20
1,<environment.Job instance at 0x7fdb4c66ca50>,24,2,[5 8],25,-1,29,-1,27
1,<environment.Job instance at 0x7fdb4b8feb90>,4,14,[ 5 14],5,-1,19,-1,5
1,<environment.Job instance at 0x7fdb4b8fed20>,7,2,[11  4],8,-1,10,-1,8
1,<environment.Job instance at 0x7fdb4b8fe8c0>,8,23,[4 8],9,-1,32,-1,9
1,<environment.Job instance at 0x7fdb4b3af460>,10,25,[7 5],11,-1,44,-1,19
1,<environment.Job instance at 0x7fdb4b8fe0f0>,16,25,[2 7],17,-1,52,-1,27
1,<environment.Job instance at 0x7fdb4b8fee60>,18,27,[8 2],19,-1,54,-1,27
1,<environment.Job instance at 0x7fdb4b8feb40>,20,28,[11  3],21,-1,60,-1,32
1,<environment.Job instance at 0x7fdb4b8fee10>,21,13,[ 4 13],22,-1,45,-1,32
1,<environment.Job instance at 0x7fdb4b8fe5a0>,22,15,[12  1],23,-1,47,-1,32
1,<environment.Job instance at 0x7fdb4b3e2820>,26,12,[14  3],27,-1,62,-1,50
1,<environment.Job instance at 0x7fdb4b3e23c0>,27,16,[13  1],28,-1,66,-1,50
1,<environment.Job instance at 0x7fdb4b3e2320>,28,12,[12  4],29,-1,62,-1,50
1,<environment.Job instance at 0x7fdb4b3e2af0>,29,17,[ 4 13],30,-1,67,-1,50
1,<environment.Job instance at 0x7fdb4b3e2460>,30,16,[14  2],31,-1,66,-1,50
1,<environment.Job instance at 0x7fdb4b3e24b0>,31,2,[11  2],32,-1,52,-1,50
1,<environment.Job instance at 0x7fdb4b3e2f00>,32,13,[13  3],33,-1,63,-1,50
1,<environment.Job instance at 0x7fdb4b3e2640>,34,13,[ 3 14],35,-1,81,-1,68
1,<environment.Job instance at 0x7fdb4b8fe460>,8,18,[ 4 11],9,-1,27,-1,9
1,<environment.Job instance at 0x7fdb4bb40500>,9,16,[12  5],10,-1,26,-1,10
1,<environment.Job instance at 0x7fdb4cb89910>,13,28,[1 8],14,-1,45,-1,17
1,<environment.Job instance at 0x7fdb4cb89c30>,15,1,[10  2],16,-1,23,-1,22
1,<environment.Job instance at 0x7fdb4cb899b0>,19,12,[13  2],20,-1,46,-1,34
1,<environment.Job instance at 0x7fdb4cb89820>,21,1,[6 5],22,-1,50,-1,49
1,<environment.Job instance at 0x7fdb4cb89460>,23,18,[13  1],24,-1,67,-1,49
1,<environment.Job instance at 0x7fdb4cb89fa0>,25,17,[13  3],26,-1,81,-1,64
1,<environment.Job instance at 0x7fdb4cb89280>,26,1,[2 7],27,-1,65,-1,64
1,<environment.Job instance at 0x7fdb4cb89d20>,28,22,[10  1],29,-1,88,-1,66
1,<environment.Job instance at 0x7fdb4b78b320>,5,25,[2 8],6,-1,31,-1,6
1,<environment.Job instance at 0x7fdb4b7c95f0>,8,28,[ 1 10],9,-1,37,-1,9
1,<environment.Job instance at 0x7fdb4b78cc80>,9,28,[ 2 12],10,-1,38,-1,10
1,<environment.Job instance at 0x7fdb4b78c550>,10,3,[7 1],11,-1,14,-1,11
1,<environment.Job instance at 0x7fdb4b78c500>,15,2,[7 1],16,-1,19,-1,17
1,<environment.Job instance at 0x7fdb4ba07410>,16,1,[5 8],17,-1,18,-1,17
1,<environment.Job instance at 0x7fdb4ba07500>,18,13,[14  2],19,-1,32,-1,19
1,<environment.Job instance at 0x7fdb4ba075f0>,19,14,[11  2],20,-1,34,-1,20
1,<environment.Job instance at 0x7fdb4ba077d0>,22,24,[4 6],23,-1,60,-1,36
1,<environment.Job instance at 0x7fdb4ba07870>,23,23,[1 6],24,-1,59,-1,36
1,<environment.Job instance at 0x7fdb4ba07910>,24,21,[ 2 11],25,-1,57,-1,36
1,<environment.Job instance at 0x7fdb4ba079b0>,25,22,[4 5],26,-1,58,-1,36
1,<environment.Job instance at 0x7fdb4ba07a50>,26,3,[12  2],27,-1,39,-1,36
1,<environment.Job instance at 0x7fdb4ba07c30>,29,1,[4 8],30,-1,54,-1,53
1,<environment.Job instance at 0x7fdb4ba07cd0>,30,26,[10  5],31,-1,79,-1,53
1,<environment.Job instance at 0x7fdb4c5da3c0>,11,24,[11  1],12,-1,41,-1,17
1,<environment.Job instance at 0x7fdb4b878fa0>,14,14,[11  2],15,-1,55,-1,41
1,<environment.Job instance at 0x7fdb4b878aa0>,15,20,[ 1 11],16,-1,61,-1,41
1,<environment.Job instance at 0x7fdb4c56d050>,5,27,[5 2],6,-1,33,-1,6
1,<environment.Job instance at 0x7fdb4bdaf4b0>,4,19,[14  3],5,-1,25,-1,6
1,<environment.Job instance at 0x7fdb4bdaf960>,7,12,[ 2 13],8,-1,20,-1,8
1,<environment.Job instance at 0x7fdb550d3d20>,8,20,[ 5 11],9,-1,29,-1,9
1,<environment.Job instance at 0x7fdb4c8f3e10>,11,1,[1 6],12,-1,14,-1,13
1,<environment.Job instance at 0x7fdb550d3b40>,13,16,[ 3 13],14,-1,30,-1,14
1,<environment.Job instance at 0x7fdb4c09f4b0>,14,22,[ 3 14],15,-1,37,-1,15
1,<environment.Job instance at 0x7fdb4c09f280>,19,26,[2 7],20,-1,46,-1,20
1,<environment.Job instance at 0x7fdb4c7e44b0>,20,3,[ 5 11],21,-1,24,-1,21
1,<environment.Job instance at 0x7fdb4c712cd0>,23,1,[9 3],24,-1,36,-1,35
1,<environment.Job instance at 0x7fdb4c712640>,24,28,[5 7],25,-1,63,-1,35
1,<environment.Job instance at 0x7fdb55653fa0>,25,28,[ 2 10],26,-1,63,-1,35
1,<environment.Job instance at 0x7fdb4c9604b0>,26,26,[8 2],27,-1,61,-1,35
1,<environment.Job instance at 0x7fdb4b20d820>,27,2,[14  1],28,-1,37,-1,35
1,<environment.Job instance at 0x7fdb4c9606e0>,29,17,[13  5],30,-1,52,-1,35
1,<environment.Job instance at 0x7fdb4ca11550>,30,28,[9 5],31,-1,63,-1,35
1,<environment.Job instance at 0x7fdb55160d20>,31,22,[13  3],32,-1,57,-1,35
1,<environment.Job instance at 0x7fdb55160500>,32,17,[ 3 14],33,-1,52,-1,35
1,<environment.Job instance at 0x7fdb4b6af140>,33,2,[ 3 12],34,-1,37,-1,35
1,<environment.Job instance at 0x7fdb4b6af1e0>,34,26,[4 6],35,-1,61,-1,35
1,<environment.Job instance at 0x7fdb4ba39640>,35,3,[7 3],36,-1,39,-1,36
1,<environment.Job instance at 0x7fdb4b6996e0>,3,28,[2 8],4,-1,32,-1,4
1,<environment.Job instance at 0x7fdb4bf58cd0>,4,3,[5 7],5,-1,8,-1,5
1,<environment.Job instance at 0x7fdb4bf58c30>,5,26,[ 1 11],6,-1,32,-1,6
1,<environment.Job instance at 0x7fdb4b5823c0>,12,15,[11  2],13,-1,36,-1,21
1,<environment.Job instance at 0x7fdb4b5820a0>,13,1,[8 5],14,-1,22,-1,21
1,<environment.Job instance at 0x7fdb4b5827d0>,14,3,[ 4 12],15,-1,24,-1,21
1,<environment.Job instance at 0x7fdb4bf8ac30>,15,21,[11  4],16,-1,42,-1,21
1,<environment.Job instance at 0x7fdb4bf8af50>,19,14,[ 3 10],20,-1,47,-1,33
1,<environment.Job instance at 0x7fdb4bf8a050>,24,14,[ 1 13],25,-1,81,-1,67
1,<environment.Job instance at 0x7fdb4bf69af0>,25,1,[10  5],26,-1,68,-1,67
1,<environment.Job instance at 0x7fdb4bf85f00>,26,2,[13  3],27,-1,69,-1,67
1,<environment.Job instance at 0x7fdb4bf85230>,27,25,[1 9],28,-1,92,-1,67
1,<environment.Job instance at 0x7fdb4b57f5f0>,5,13,[ 2 13],6,-1,19,-1,6
1,<environment.Job instance at 0x7fdb4b57f370>,6,17,[12  2],7,-1,24,-1,7
1,<environment.Job instance at 0x7fdb4b57f1e0>,7,28,[7 4],8,-1,36,-1,8
1,<environment.Job instance at 0x7fdb4b57f9b0>,8,17,[ 1 10],9,-1,28,-1,11
1,<environment.Job instance at 0x7fdb4b57f0a0>,11,25,[3 7],12,-1,37,-1,12
1,<environment.Job instance at 0x7fdb4b57f320>,12,19,[ 3 12],13,-1,32,-1,13
1,<environment.Job instance at 0x7fdb4b57fe60>,18,2,[ 1 14],19,-1,32,-1,30
1,<environment.Job instance at 0x7fdb4b57fdc0>,20,25,[10  5],21,-1,55,-1,30
1,<environment.Job instance at 0x7fdb4b57f410>,21,24,[ 3 12],22,-1,54,-1,30
1,<environment.Job instance at 0x7fdb4b5610f0>,22,14,[ 5 13],23,-1,44,-1,30
1,<environment.Job instance at 0x7fdb4b561eb0>,23,24,[6 5],24,-1,54,-1,30
1,<environment.Job instance at 0x7fdb4b561e10>,24,18,[11  2],25,-1,48,-1,30
1,<environment.Job instance at 0x7fdb4b561780>,26,24,[8 1],27,-1,70,-1,46
1,<environment.Job instance at 0x7fdb4c33ed70>,1,19,[ 2 14],2,-1,21,-1,2
1,<environment.Job instance at 0x7fdb4c33e410>,2,28,[3 5],3,-1,31,-1,3
1,<environment.Job instance at 0x7fdb4c33e050>,7,14,[13  1],8,-1,22,-1,8
1,<environment.Job instance at 0x7fdb4c33e3c0>,8,24,[9 5],9,-1,33,-1,9
1,<environment.Job instance at 0x7fdb4c33e8c0>,9,2,[13  3],10,-1,12,-1,10
1,<environment.Job instance at 0x7fdb4c33ea50>,10,27,[3 9],11,-1,38,-1,11
1,<environment.Job instance at 0x7fdb4c33e370>,11,23,[ 3 12],12,-1,35,-1,12
1,<environment.Job instance at 0x7fdb4c33e2d0>,13,27,[3 5],14,-1,41,-1,14
1,<environment.Job instance at 0x7fdb4c351e10>,14,20,[ 4 14],15,-1,35,-1,15
1,<environment.Job instance at 0x7fdb4c33e730>,12,13,[13  2],13,-1,28,-1,15
1,<environment.Job instance at 0x7fdb4c33e640>,15,25,[10  5],16,-1,41,-1,16
1,<environment.Job instance at 0x7fdb4c3515a0>,17,1,[2 6],18,-1,22,-1,21
1,<environment.Job instance at 0x7fdb4c351780>,21,19,[ 1 10],22,-1,42,-1,23
1,<environment.Job instance at 0x7fdb4c351730>,27,3,[10  1],28,-1,49,-1,46
1,<environment.Job instance at 0x7fdb4c351500>,28,1,[ 3 11],29,-1,47,-1,46
1,<environment.Job instance at 0x7fdb4c351e60>,31,17,[11  3],32,-1,81,-1,64
1,<environment.Job instance at 0x7fdb4c351690>,32,15,[ 5 12],33,-1,79,-1,64
1,<environment.Job instance at 0x7fdb4b47dc80>,33,18,[ 1 13],34,-1,82,-1,64
1,<environment.Job instance at 0x7fdb4b47d730>,34,2,[7 3],35,-1,66,-1,64
1,<environment.Job instance at 0x7fdb4b47daf0>,36,24,[14  3],37,-1,88,-1,64
1,<environment.Job instance at 0x7fdb4c807b90>,4,20,[ 5 11],5,-1,25,-1,5
1,<environment.Job instance at 0x7fdb4c807550>,6,27,[13  4],7,-1,34,-1,7
1,<environment.Job instance at 0x7fdb4b9994b0>,14,28,[5 8],15,-1,67,-1,39
1,<environment.Job instance at 0x7fdb4b999a00>,15,3,[ 1 12],16,-1,42,-1,39
1,<environment.Job instance at 0x7fdb4bd0e0a0>,16,1,[ 5 10],17,-1,40,-1,39
1,<environment.Job instance at 0x7fdb4bd26960>,18,1,[5 2],19,-1,58,-1,57
1,<environment.Job instance at 0x7f014046a320>,1,27,[3 7],2,-1,29,-1,2
1,<environment.Job instance at 0x7f014046a1e0>,7,16,[ 5 14],8,-1,24,-1,8
1,<environment.Job instance at 0x7f0136cf2b90>,12,17,[ 1 14],13,-1,33,-1,16
1,<environment.Job instance at 0x7f0136cf2af0>,13,15,[13  4],14,-1,31,-1,16
1,<environment.Job instance at 0x7f0136cf2d70>,15,16,[11  5],16,-1,43,-1,27
1,<environment.Job instance at 0x7f0136cf2f50>,16,15,[ 1 11],17,-1,42,-1,27
1,<environment.Job instance at 0x7f0136cf2fa0>,17,2,[3 5],18,-1,29,-1,27
1,<environment.Job instance at 0x7f0136cf4190>,19,2,[5 5],20,-1,30,-1,28
1,<environment.Job instance at 0x7f0136cf42d0>,21,23,[6 4],22,-1,67,-1,44
1,<environment.Job instance at 0x7f0136cf4410>,23,16,[ 1 11],24,-1,64,-1,48
1,<environment.Job instance at 0x7f0136cf44b0>,24,23,[5 8],25,-1,71,-1,48
1,<environment.Job instance at 0x7f0136cf40a0>,27,13,[11  4],28,-1,87,-1,74
1,<environment.Job instance at 0x7f0136cf4820>,28,2,[ 3 10],29,-1,76,-1,74
1,<environment.Job instance at 0x7f0136cf4910>,30,3,[13  2],31,-1,77,-1,74
1,<environment.Job instance at 0x7f0136cf49b0>,31,19,[ 5 11],32,-1,93,-1,74
1,<environment.Job instance at 0x7f0136cf4a50>,32,12,[13  5],33,-1,86,-1,74
1,<environment.Job instance at 0x7f013742d500>,3,20,[ 4 11],4,-1,24,-1,4
1,<environment.Job instance at 0x7f0136ea14b0>,12,23,[10  2],13,-1,46,-1,23
1,<environment.Job instance at 0x7f0136ea11e0>,14,23,[ 1 14],15,-1,59,-1,36
1,<environment.Job instance at 0x7f0136ea10a0>,16,1,[3 8],17,-1,37,-1,36
1,<environment.Job instance at 0x7f0136ea1910>,18,12,[13  2],19,-1,60,-1,48
1,<environment.Job instance at 0x7f0136ea1f00>,19,3,[ 5 12],20,-1,51,-1,48
1,<environment.Job instance at 0x7f0136ea1280>,22,21,[ 1 14],23,-1,85,-1,64
1,<environment.Job instance at 0x7f0136ea1460>,26,1,[ 4 10],27,-1,77,-1,76
1,<environment.Job instance at 0x7f0136ea1230>,27,17,[12  2],28,-1,93,-1,76
1,<environment.Job instance at 0x7f01363a3550>,1,3,[ 5 12],2,-1,5,-1,2
1,<environment.Job instance at 0x7f0136e6f050>,2,26,[ 5 12],3,-1,29,-1,3
1,<environment.Job instance at 0x7f01363a38c0>,4,27,[ 2 12],5,-1,32,-1,5
1,<environment.Job instance at 0x7f01363961e0>,14,16,[ 2 14],15,-1,31,-1,15
1,<environment.Job instance at 0x7f0136396b90>,15,3,[13  5],16,-1,19,-1,16
1,<environment.Job instance at 0x7f0136396e60>,17,21,[11  2],18,-1,39,-1,18
1,<environment.Job instance at 0x7f0136396140>,18,23,[3 7],19,-1,42,-1,19
1,<environment.Job instance at 0x7f01363968c0>,20,13,[ 2 13],21,-1,37,-1,24
1,<environment.Job instance at 0x7f0136396a00>,23,2,[6 1],24,-1,39,-1,37
1,<environment.Job instance at 0x7f0136396af0>,24,3,[12  3],25,-1,40,-1,37
1,<environment.Job instance at 0x7f0136396280>,25,23,[3 7],26,-1,60,-1,37
1,<environment.Job instance at 0x7f01363c7370>,29,2,[12  2],30,-1,74,-1,72
1,<environment.Job instance at 0x7f01363c75a0>,31,14,[ 5 11],32,-1,86,-1,72
1,<environment.Job instance at 0x7f013729b820>,5,12,[1 9],6,-1,19,-1,7
1,<environment.Job instance at 0x7f013729bb40>,7,21,[3 6],8,-1,63,-1,42
1,<environment.Job instance at 0x7f0136e64730>,17,15,[12  3],18,-1,71,-1,56
1,<environment.Job instance at 0x7f0136e64050>,19,28,[5 5],20,-1,86,-1,58
1,<environment.Job instance at 0x7f0136e64a00>,20,3,[5 2],21,-1,61,-1,58
1,<environment.Job instance at 0x7f0136dfa6e0>,9,1,[5 5],10,-1,21,-1,20
1,<environment.Job instance at 0x7f0136dfa870>,10,22,[14  1],11,-1,42,-1,20
1,<environment.Job instance at 0x7f0136dfad20>,12,17,[ 1 12],13,-1,49,-1,32
1,<environment.Job instance at 0x7f0136dfadc0>,13,15,[ 5 11],14,-1,47,-1,32
1,<environment.Job instance at 0x7f0136dfaaf0>,15,1,[9 1],16,-1,44,-1,43
1,<environment.Job instance at 0x7f0136dfaf00>,16,12,[14  5],17,-1,55,-1,43
1,<environment.Job instance at 0x7f0136dfaf50>,17,2,[2 8],18,-1,45,-1,43
1,<environment.Job instance at 0x7f0137176280>,18,28,[ 2 12],19,-1,71,-1,43
1,<environment.Job instance at 0x7f0137176500>,21,3,[1 5],22,-1,62,-1,59
1,<environment.Job instance at 0x7f0137176640>,22,3,[8 5],23,-1,62,-1,59
1,<environment.Job instance at 0x7f0137176050>,23,27,[9 5],24,-1,86,-1,59
1,<environment.Job instance at 0x7f01371768c0>,24,14,[10  1],25,-1,85,-1,71
1,<environment.Job instance at 0x7f0137176780>,25,17,[14  2],26,-1,88,-1,71
1,<environment.Job instance at 0x7f01371765a0>,26,2,[7 1],27,-1,73,-1,71
1,<environment.Job instance at 0x7f0137176870>,27,24,[ 3 12],28,-1,95,-1,71
1,<environment.Job instance at 0x7f01371766e0>,28,24,[5 8],29,-1,95,-1,71
1,<environment.Job instance at 0x7f01371767d0>,29,27,[2 9],30,-1,98,-1,71
1,<environment.Job instance at 0x7f01371769b0>,30,27,[3 7],31,-1,98,-1,71
1,<environment.Job instance at 0x7f0137176460>,31,17,[ 3 14],32,-1,88,-1,71
1,<environment.Job instance at 0x7f0137176230>,32,1,[8 3],33,-1,72,-1,71
1,<environment.Job instance at 0x7f0137176eb0>,33,20,[ 1 11],34,-1,91,-1,71
1,<environment.Job instance at 0x7f0137792320>,35,1,[8 2],36,-1,72,-1,71
1,<environment.Job instance at 0x7f013719ea50>,37,19,[13  2],38,-1,90,-1,71
1,<environment.Job instance at 0x7f0137177cd0>,39,26,[ 2 14],40,-1,104,-1,78
1,<environment.Job instance at 0x7f0137177b90>,40,1,[4 8],41,-1,79,-1,78
1,<environment.Job instance at 0x7f0137177e10>,41,20,[11  5],42,-1,98,-1,78
1,<environment.Job instance at 0x7f0137177320>,42,20,[12  3],43,-1,98,-1,78
1,<environment.Job instance at 0x7f0137177140>,43,3,[1 5],44,-1,81,-1,78
1,<environment.Job instance at 0x7f0136e557d0>,3,27,[1 9],4,-1,33,-1,6
1,<environment.Job instance at 0x7f0136e55410>,4,3,[8 2],5,-1,9,-1,6
1,<environment.Job instance at 0x7f0136e55140>,7,15,[ 5 14],8,-1,23,-1,8
1,<environment.Job instance at 0x7f0136e55e10>,12,23,[9 3],13,-1,45,-1,22
1,<environment.Job instance at 0x7f01363582d0>,3,14,[14  5],4,-1,18,-1,4
1,<environment.Job instance at 0x7f0136358690>,6,25,[10  1],7,-1,32,-1,7
1,<environment.Job instance at 0x7f0136358be0>,13,22,[3 9],14,-1,49,-1,27
1,<environment.Job instance at 0x7f0136358aa0>,14,13,[13  1],15,-1,40,-1,27
1,<environment.Job instance at 0x7f0136358c80>,15,20,[ 3 10],16,-1,47,-1,27
1,<environment.Job instance at 0x7f0136353230>,4,17,[11  3],5,-1,22,-1,5
1,<environment.Job instance at 0x7f01371018c0>,5,22,[12  5],6,-1,28,-1,6
1,<environment.Job instance at 0x7f0137391fa0>,14,15,[11  2],15,-1,57,-1,42
1,<environment.Job instance at 0x7f0137391a50>,15,28,[ 4 10],16,-1,70,-1,42
1,<environment.Job instance at 0x7f0137391b90>,16,2,[1 6],17,-1,44,-1,42
1,<environment.Job instance at 0x7f0137391690>,17,14,[ 5 12],18,-1,56,-1,42
1,<environment.Job instance at 0x7f0135f62aa0>,4,12,[ 5 13],5,-1,17,-1,5
1,<environment.Job instance at 0x7f01365048c0>,11,15,[ 1 12],12,-1,28,-1,13
1,<environment.Job instance at 0x7f0136504d20>,14,28,[10  4],15,-1,43,-1,15
1,<environment.Job instance at 0x7f0136ce4190>,15,3,[ 2 12],16,-1,19,-1,16
1,<environment.Job instance at 0x7f0136ce42d0>,18,2,[3 5],19,-1,30,-1,28
1,<environment.Job instance at 0x7f0136ce4b90>,19,23,[ 4 10],20,-1,51,-1,28
1,<environment.Job instance at 0x7f0136ce4c30>,20,24,[11  1],21,-1,52,-1,28
1,<environment.Job instance at 0x7f0137115a00>,21,21,[13  5],22,-1,49,-1,28
1,<environment.Job instance at 0x7f0137115230>,23,26,[7 1],24,-1,67,-1,41
1,<environment.Job instance at 0x7f01371157d0>,26,3,[2 5],27,-1,50,-1,47
1,<environment.Job instance at 0x7f01374280f0>,30,12,[13  5],31,-1,82,-1,70
1,<environment.Job instance at 0x7f01374281e0>,31,2,[ 5 13],32,-1,72,-1,70
1,<environment.Job instance at 0x7f01368a03c0>,13,23,[5 5],14,-1,52,-1,29
1,<environment.Job instance at 0x7f01376ad140>,18,1,[ 4 14],19,-1,47,-1,46
1,<environment.Job instance at 0x7f01377461e0>,19,24,[8 4],20,-1,70,-1,46
1,<environment.Job instance at 0x7f0136d5be10>,23,24,[7 3],24,-1,103,-1,79
1,<environment.Job instance at 0x7f013fe16870>,25,28,[6 2],26,-1,107,-1,79
1,<environment.Job instance at 0x7f0137741b40>,26,15,[14  2],27,-1,94,-1,79
1,<environment.Job instance at 0x7f0136b04280>,1,2,[11  2],2,-1,4,-1,2
1,<environment.Job instance at 0x7f0137741550>,2,13,[13  3],3,-1,16,-1,3
1,<environment.Job instance at 0x7f0137741b40>,4,13,[ 3 14],5,-1,18,-1,5
1,<environment.Job instance at 0x7f01364e26e0>,8,16,[12  1],9,-1,25,-1,9
1,<environment.Job instance at 0x7f013693e190>,10,13,[ 1 14],11,-1,24,-1,11
1,<environment.Job instance at 0x7f0135f78f50>,12,1,[ 2 14],13,-1,14,-1,13
1,<environment.Job instance at 0x7f013693ef00>,16,26,[ 1 14],17,-1,45,-1,19
1,<environment.Job instance at 0x7f013693e140>,13,17,[6 1],14,-1,48,-1,31
1,<environment.Job instance at 0x7f01363f7c30>,20,2,[8 1],21,-1,34,-1,32
1,<environment.Job instance at 0x7f01363f7500>,22,27,[ 3 14],23,-1,65,-1,38
1,<environment.Job instance at 0x7f01363f7190>,24,3,[7 1],25,-1,50,-1,47
1,<environment.Job instance at 0x7f01363f7e10>,25,18,[9 1],26,-1,71,-1,53
1,<environment.Job instance at 0x7f013669bcd0>,27,18,[ 2 13],28,-1,71,-1,53
1,<environment.Job instance at 0x7f013669b320>,28,23,[4 8],29,-1,76,-1,53
1,<environment.Job instance at 0x7f013669b5a0>,30,27,[3 7],31,-1,91,-1,64
1,<environment.Job instance at 0x7f013669b1e0>,31,14,[3 9],32,-1,82,-1,68
1,<environment.Job instance at 0x7f013669bc30>,32,13,[7 1],33,-1,81,-1,68
1,<environment.Job instance at 0x7f0136b1af50>,33,2,[7 5],34,-1,70,-1,68
1,<environment.Job instance at 0x7f0136b1aa50>,34,3,[4 9],35,-1,71,-1,68
1,<environment.Job instance at 0x7f0136b1a050>,36,2,[7 1],37,-1,70,-1,68
1,<environment.Job instance at 0x7f0136b1adc0>,37,23,[ 1 10],38,-1,91,-1,68
1,<environment.Job instance at 0x7f0136b1a820>,38,14,[2 8],39,-1,86,-1,72
1,<environment.Job instance at 0x7f0136c21640>,39,14,[11  4],40,-1,86,-1,72
1,<environment.Job instance at 0x7f0136b13460>,40,28,[ 1 10],41,-1,100,-1,72
1,<environment.Job instance at 0x7f0136b13640>,41,15,[ 3 10],42,-1,87,-1,72
1,<environment.Job instance at 0x7f0136b130f0>,42,26,[6 2],43,-1,98,-1,72
1,<environment.Job instance at 0x7f0136b13730>,43,2,[ 4 14],44,-1,74,-1,72
1,<environment.Job instance at 0x7f0136b13050>,44,21,[5 3],45,-1,93,-1,72
1,<environment.Job instance at 0x7f0136b13f50>,45,2,[5 8],46,-1,74,-1,72
1,<environment.Job instance at 0x7f0136b13b90>,46,1,[ 4 10],47,-1,73,-1,72
1,<environment.Job instance at 0x7f0136b13a50>,47,18,[14  3],48,-1,90,-1,72
1,<environment.Job instance at 0x7f01364a3280>,48,18,[ 4 11],49,-1,90,-1,72
1,<environment.Job instance at 0x7f01364a3370>,49,16,[12  5],50,-1,88,-1,72
1,<environment.Job instance at 0x7f01364a3230>,51,18,[13  5],52,-1,97,-1,79
1,<environment.Job instance at 0x7f01365bb550>,7,23,[ 5 14],8,-1,31,-1,8
1,<environment.Job instance at 0x7f01365bb320>,8,22,[1 7],9,-1,31,-1,9
1,<environment.Job instance at 0x7f01365bb640>,9,15,[ 4 14],10,-1,25,-1,10
1,<environment.Job instance at 0x7f01365bbfa0>,10,22,[ 5 12],11,-1,33,-1,11
1,<environment.Job instance at 0x7f013623ffa0>,21,19,[ 1 14],22,-1,57,-1,38
1,<environment.Job instance at 0x7f013623faa0>,22,2,[8 3],23,-1,40,-1,38
1,<environment.Job instance at 0x7f013623f690>,26,17,[ 2 12],27,-1,85,-1,68
1,<environment.Job instance at 0x7f0136d3e370>,6,25,[4 6],7,-1,32,-1,7
1,<environment.Job instance at 0x7f0136d3ea50>,10,19,[ 5 11],11,-1,32,-1,13
1,<environment.Job instance at 0x7f0136af6f50>,15,3,[14  3],16,-1,19,-1,16
1,<environment.Job instance at 0x7f0136af6640>,16,13,[ 4 13],17,-1,30,-1,17
1,<environment.Job instance at 0x7f0136af65a0>,21,18,[ 4 13],22,-1,58,-1,40
1,<environment.Job instance at 0x7f0136af6730>,23,3,[4 5],24,-1,51,-1,48
1,<environment.Job instance at 0x7f0136af6050>,24,22,[ 3 10],25,-1,76,-1,54
1,<environment.Job instance at 0x7f0136af6320>,25,2,[6 2],26,-1,56,-1,54
1,<environment.Job instance at 0x7f0136af66e0>,28,14,[13  3],29,-1,82,-1,68
1,<environment.Job instance at 0x7f0136af67d0>,29,14,[11  3],30,-1,86,-1,72
1,<environment.Job instance at 0x7f0136af6500>,30,3,[ 3 11],31,-1,75,-1,72
1,<environment.Job instance at 0x7f0136af6780>,31,24,[11  1],32,-1,96,-1,72
1,<environment.Job instance at 0x7f0136af6fa0>,32,24,[5 4],33,-1,96,-1,72
1,<environment.Job instance at 0x7f0135f216e0>,34,14,[11  2],35,-1,89,-1,75
1,<environment.Job instance at 0x7f0135f218c0>,35,20,[ 1 11],36,-1,95,-1,75
1,<environment.Job instance at 0x7f0135f218c0>,5,12,[ 1 11],6,-1,18,-1,6
1,<environment.Job instance at 0x7f0135f91a00>,8,14,[ 3 13],9,-1,23,-1,9
1,<environment.Job instance at 0x7f0135f91960>,9,23,[9 4],10,-1,54,-1,31
1,<environment.Job instance at 0x7f0135f91f50>,16,2,[1 8],17,-1,33,-1,31
1,<environment.Job instance at 0x7f0135fa3190>,17,12,[ 2 13],18,-1,43,-1,31
1,<environment.Job instance at 0x7f0135fa3320>,18,20,[ 5 11],19,-1,51,-1,31
1,<environment.Job instance at 0x7f0135fa3460>,19,12,[11  2],20,-1,43,-1,31
1,<environment.Job instance at 0x7f0135fa33c0>,20,3,[13  3],21,-1,34,-1,31
1,<environment.Job instance at 0x7f0135fa3370>,21,1,[1 6],22,-1,32,-1,31
1,<environment.Job instance at 0x7f0135fa3550>,22,23,[1 6],23,-1,55,-1,32
1,<environment.Job instance at 0x7f0135fa35f0>,23,16,[ 3 13],24,-1,48,-1,32
1,<environment.Job instance at 0x7f0135fa3690>,24,22,[ 3 14],25,-1,54,-1,32
1,<environment.Job instance at 0x7f0135fa3c80>,3,28,[2 8],4,-1,32,-1,4
1,<environment.Job instance at 0x7f0136b41b40>,5,26,[ 1 11],6,-1,32,-1,6
1,<environment.Job instance at 0x7f0136b411e0>,7,22,[14  1],8,-1,30,-1,8
1,<environment.Job instance at 0x7f0136b41640>,10,15,[12  5],11,-1,26,-1,11
1,<environment.Job instance at 0x7f013763beb0>,24,14,[ 1 13],25,-1,82,-1,68
1,<environment.Job instance at 0x7f013763b690>,25,1,[10  5],26,-1,69,-1,68
1,<environment.Job instance at 0x7f013763b370>,26,2,[13  3],27,-1,70,-1,68
1,<environment.Job instance at 0x7f013763b820>,27,25,[1 9],28,-1,93,-1,68
1,<environment.Job instance at 0x7f0137206640>,1,25,[3 7],2,-1,27,-1,2
1,<environment.Job instance at 0x7f01366d8c80>,2,19,[ 3 12],3,-1,22,-1,3
1,<environment.Job instance at 0x7f01366d8e60>,6,3,[ 1 12],7,-1,10,-1,7
1,<environment.Job instance at 0x7f01366d8550>,7,21,[ 5 11],8,-1,29,-1,8
1,<environment.Job instance at 0x7f01366d8050>,8,2,[ 1 14],9,-1,11,-1,9
1,<environment.Job instance at 0x7f01366d8190>,10,25,[10  5],11,-1,36,-1,11
1,<environment.Job instance at 0x7f01366d87d0>,11,24,[ 3 12],12,-1,36,-1,12
1,<environment.Job instance at 0x7f01366d80a0>,12,14,[ 5 13],13,-1,27,-1,13
1,<environment.Job instance at 0x7f0136f5deb0>,13,24,[6 5],14,-1,39,-1,15
1,<environment.Job instance at 0x7f01366d85a0>,14,18,[11  2],15,-1,47,-1,29
1,<environment.Job instance at 0x7f01366e21e0>,21,25,[ 5 13],22,-1,63,-1,38
1,<environment.Job instance at 0x7f01366e2730>,20,22,[7 5],21,-1,94,-1,72
1,<environment.Job instance at 0x7f01366e29b0>,28,3,[12  4],29,-1,75,-1,72
1,<environment.Job instance at 0x7f013734d460>,7,3,[10  1],8,-1,16,-1,13
1,<environment.Job instance at 0x7f013734d5a0>,8,1,[ 3 11],9,-1,14,-1,13
1,<environment.Job instance at 0x7f013643b280>,6,27,[5 3],7,-1,35,-1,8
1,<environment.Job instance at 0x7f013763aaf0>,8,3,[9 5],9,-1,12,-1,9
1,<environment.Job instance at 0x7f013763a370>,9,25,[ 4 14],10,-1,35,-1,10
1,<environment.Job instance at 0x7f013763a640>,10,12,[13  2],11,-1,23,-1,11
1,<environment.Job instance at 0x7f013763afa0>,11,3,[3 6],12,-1,15,-1,12
1,<environment.Job instance at 0x7f013763aeb0>,12,1,[8 3],13,-1,14,-1,13
1,<environment.Job instance at 0x7f0137391870>,13,18,[14  5],14,-1,32,-1,14
1,<environment.Job instance at 0x7f0137391d20>,14,15,[14  3],15,-1,30,-1,15
1,<environment.Job instance at 0x7f0137391c80>,18,1,[12  2],19,-1,20,-1,19
1,<environment.Job instance at 0x7f0137391b90>,19,12,[ 2 11],20,-1,32,-1,20
1,<environment.Job instance at 0x7f0137391410>,20,28,[14  5],21,-1,49,-1,21
1,<environment.Job instance at 0x7f0137391a00>,21,1,[ 3 12],22,-1,23,-1,22
1,<environment.Job instance at 0x7f01375e7d20>,22,2,[12  2],23,-1,25,-1,23
1,<environment.Job instance at 0x7f01375e79b0>,23,24,[11  4],24,-1,48,-1,24
1,<environment.Job instance at 0x7f01375e7be0>,25,21,[ 4 13],26,-1,52,-1,31
1,<environment.Job instance at 0x7f0136edbb40>,29,24,[13  4],30,-1,70,-1,46
1,<environment.Job instance at 0x7f0136428aa0>,30,3,[2 7],31,-1,49,-1,46
1,<environment.Job instance at 0x7f0136428f00>,31,2,[5 4],32,-1,48,-1,46
1,<environment.Job instance at 0x7f0140397550>,33,1,[4 7],34,-1,60,-1,59
1,<environment.Job instance at 0x7f0136811e10>,1,14,[13  5],2,-1,16,-1,2
1,<environment.Job instance at 0x7f0136811cd0>,2,15,[ 5 11],3,-1,18,-1,3
1,<environment.Job instance at 0x7f0136811960>,4,16,[ 2 14],5,-1,21,-1,5
1,<environment.Job instance at 0x7f0136811a50>,5,25,[10  3],6,-1,31,-1,6
1,<environment.Job instance at 0x7f0136811af0>,7,25,[8 2],8,-1,33,-1,8
1,<environment.Job instance at 0x7f01403973c0>,8,25,[ 1 13],9,-1,34,-1,9
1,<environment.Job instance at 0x7f0136322dc0>,9,25,[7 1],10,-1,35,-1,10
1,<environment.Job instance at 0x7f0136322fa0>,11,3,[ 5 13],12,-1,15,-1,12
1,<environment.Job instance at 0x7f0136811910>,14,12,[4 9],15,-1,28,-1,16
1,<environment.Job instance at 0x7f01363222d0>,24,18,[12  1],25,-1,88,-1,70
1,<environment.Job instance at 0x7f01363220a0>,25,15,[8 5],26,-1,94,-1,79
1,<environment.Job instance at 0x7f013777eb40>,27,13,[3 5],28,-1,92,-1,79
1,<environment.Job instance at 0x7f013777eeb0>,28,3,[ 3 13],29,-1,82,-1,79
1,<environment.Job instance at 0x7f01373ee7d0>,4,12,[ 2 11],5,-1,20,-1,8
1,<environment.Job instance at 0x7f013783ff00>,16,2,[3 8],17,-1,65,-1,63
1,<environment.Job instance at 0x7f013783f730>,17,2,[13  2],18,-1,65,-1,63
1,<environment.Job instance at 0x7fa30e898320>,1,27,[3 7],2,-1,29,-1,2
1,<environment.Job instance at 0x7fa3051204b0>,3,17,[ 5 10],4,-1,21,-1,4
1,<environment.Job instance at 0x7fa3051208c0>,7,16,[ 5 14],8,-1,24,-1,8
1,<environment.Job instance at 0x7fa3051206e0>,9,16,[ 4 11],10,-1,26,-1,10
1,<environment.Job instance at 0x7fa305120e10>,16,15,[ 1 11],17,-1,55,-1,40
1,<environment.Job instance at 0x7fa305120d20>,15,16,[11  5],16,-1,75,-1,59
1,<environment.Job instance at 0x7fa3056da910>,14,28,[8 4],15,-1,72,-1,44
1,<environment.Job instance at 0x7fa305683960>,17,17,[12  2],18,-1,73,-1,56
1,<environment.Job instance at 0x7fa305683690>,18,12,[ 1 10],19,-1,68,-1,56
1,<environment.Job instance at 0x7fa305683780>,22,26,[ 2 14],23,-1,100,-1,74
1,<environment.Job instance at 0x7fa30478fb90>,9,2,[12  2],10,-1,20,-1,18
1,<environment.Job instance at 0x7fa30478f1e0>,11,14,[ 5 11],12,-1,32,-1,18
1,<environment.Job instance at 0x7fa30478ffa0>,14,3,[4 5],15,-1,35,-1,32
1,<environment.Job instance at 0x7fa30478f910>,15,3,[3 7],16,-1,35,-1,32
1,<environment.Job instance at 0x7fa30478f4b0>,16,13,[ 2 10],17,-1,45,-1,32
1,<environment.Job instance at 0x7fa30478fc80>,17,26,[10  2],18,-1,58,-1,32
1,<environment.Job instance at 0x7fa30478f8c0>,18,25,[5 5],19,-1,57,-1,32
1,<environment.Job instance at 0x7fa304788050>,20,26,[6 5],21,-1,65,-1,39
1,<environment.Job instance at 0x7fa304788a00>,21,12,[ 1 11],22,-1,51,-1,39
1,<environment.Job instance at 0x7fa304788fa0>,22,3,[5 3],23,-1,42,-1,39
1,<environment.Job instance at 0x7fa304788e60>,23,23,[ 4 11],24,-1,62,-1,39
1,<environment.Job instance at 0x7fa304788140>,24,13,[ 3 11],25,-1,52,-1,39
1,<environment.Job instance at 0x7fa304788e10>,25,2,[14  5],26,-1,41,-1,39
1,<environment.Job instance at 0x7fa304788d70>,26,16,[ 3 11],27,-1,55,-1,39
1,<environment.Job instance at 0x7fa304788780>,27,12,[ 1 11],28,-1,51,-1,39
1,<environment.Job instance at 0x7fa3047885a0>,28,17,[11  3],29,-1,56,-1,39
1,<environment.Job instance at 0x7fa304788730>,29,16,[ 2 12],30,-1,55,-1,39
1,<environment.Job instance at 0x7fa304788280>,30,21,[14  1],31,-1,60,-1,39
1,<environment.Job instance at 0x7fa304788320>,32,2,[12  2],33,-1,55,-1,53
1,<environment.Job instance at 0x7fa304831f50>,34,1,[7 1],35,-1,54,-1,53
1,<environment.Job instance at 0x7fa304831500>,35,25,[7 2],36,-1,78,-1,53
1,<environment.Job instance at 0x7fa3048310f0>,37,21,[ 2 10],38,-1,74,-1,53
1,<environment.Job instance at 0x7fa304831aa0>,39,17,[11  1],40,-1,85,-1,68
1,<environment.Job instance at 0x7fa304831cd0>,40,22,[ 5 14],41,-1,90,-1,68
1,<environment.Job instance at 0x7fa304831dc0>,41,26,[ 5 13],42,-1,94,-1,68
1,<environment.Job instance at 0x7fa304831640>,43,2,[ 3 14],44,-1,71,-1,69
1,<environment.Job instance at 0x7fa3048318c0>,44,1,[14  1],45,-1,70,-1,69
1,<environment.Job instance at 0x7fa304831690>,46,26,[11  5],47,-1,112,-1,86
1,<environment.Job instance at 0x7fa304831d70>,47,3,[2 8],48,-1,89,-1,86
1,<environment.Job instance at 0x7fa3048312d0>,49,24,[14  5],50,-1,110,-1,86
1,<environment.Job instance at 0x7fa304831190>,50,2,[10  5],51,-1,88,-1,86
1,<environment.Job instance at 0x7fa304831550>,51,3,[9 3],52,-1,89,-1,86
1,<environment.Job instance at 0x7fa304831320>,52,17,[14  3],53,-1,103,-1,86
1,<environment.Job instance at 0x7fa304f89500>,53,2,[2 9],54,-1,88,-1,86
1,<environment.Job instance at 0x7fa304b572d0>,7,19,[13  1],8,-1,27,-1,8
1,<environment.Job instance at 0x7fa304b57460>,8,25,[8 1],9,-1,34,-1,9
1,<environment.Job instance at 0x7fa304b574b0>,11,14,[12  2],12,-1,26,-1,12
1,<environment.Job instance at 0x7fa30512ee10>,18,15,[ 4 12],19,-1,41,-1,26
1,<environment.Job instance at 0x7fa304c44410>,19,26,[9 2],20,-1,52,-1,26
1,<environment.Job instance at 0x7fa304931140>,20,2,[3 8],21,-1,30,-1,28
1,<environment.Job instance at 0x7fa304931e60>,21,18,[ 2 14],22,-1,46,-1,28
1,<environment.Job instance at 0x7fa30512e410>,22,28,[10  1],23,-1,56,-1,28
1,<environment.Job instance at 0x7fa30480b410>,23,2,[5 6],24,-1,30,-1,28
1,<environment.Job instance at 0x7fa30480b500>,24,15,[14  3],25,-1,43,-1,28
1,<environment.Job instance at 0x7fa304bc54b0>,25,28,[2 5],26,-1,57,-1,29
1,<environment.Job instance at 0x7fa304b3b640>,26,12,[ 2 11],27,-1,41,-1,29
1,<environment.Job instance at 0x7fa304b3b6e0>,27,12,[ 5 11],28,-1,41,-1,29
1,<environment.Job instance at 0x7fa304c0e7d0>,28,26,[13  3],29,-1,55,-1,29
1,<environment.Job instance at 0x7fa304d9d640>,29,12,[ 5 11],30,-1,42,-1,30
1,<environment.Job instance at 0x7fa3056da320>,33,28,[11  3],34,-1,70,-1,42
1,<environment.Job instance at 0x7fa30478f960>,35,20,[ 2 11],36,-1,64,-1,44
1,<environment.Job instance at 0x7fa3047a50a0>,41,18,[ 5 11],42,-1,96,-1,78
1,<environment.Job instance at 0x7fa3047a5370>,43,14,[12  3],44,-1,93,-1,79
1,<environment.Job instance at 0x7fa3047a5820>,44,2,[8 4],45,-1,81,-1,79
1,<environment.Job instance at 0x7fa304698fa0>,5,1,[14  2],6,-1,7,-1,6
1,<environment.Job instance at 0x7fa30469d2d0>,7,28,[10  5],8,-1,36,-1,8
1,<environment.Job instance at 0x7fa30469d460>,8,2,[8 5],9,-1,11,-1,9
1,<environment.Job instance at 0x7fa30469d550>,10,27,[11  2],11,-1,38,-1,11
1,<environment.Job instance at 0x7fa30469d640>,11,1,[7 2],12,-1,13,-1,12
1,<environment.Job instance at 0x7fa30469d780>,13,12,[ 3 14],14,-1,26,-1,14
1,<environment.Job instance at 0x7fa30469d730>,15,3,[ 3 11],16,-1,19,-1,16
1,<environment.Job instance at 0x7fa30469d820>,16,25,[7 4],17,-1,43,-1,18
1,<environment.Job instance at 0x7fa30469d9b0>,18,12,[ 2 14],19,-1,31,-1,19
1,<environment.Job instance at 0x7fa30469de60>,22,26,[ 4 13],23,-1,50,-1,24
1,<environment.Job instance at 0x7fa30469df00>,23,25,[5 5],24,-1,49,-1,24
1,<environment.Job instance at 0x7fa3046a01e0>,27,27,[6 3],28,-1,74,-1,47
1,<environment.Job instance at 0x7fa3046a0280>,28,24,[ 1 10],29,-1,71,-1,47
1,<environment.Job instance at 0x7fa3046a0320>,29,23,[ 3 13],30,-1,70,-1,47
1,<environment.Job instance at 0x7fa3046a0500>,32,17,[ 1 13],33,-1,77,-1,60
1,<environment.Job instance at 0x7fa3046a0640>,34,17,[11  1],35,-1,77,-1,60
1,<environment.Job instance at 0x7fa3046a0820>,37,17,[13  4],38,-1,94,-1,77
1,<environment.Job instance at 0x7fa3046a08c0>,38,14,[ 3 11],39,-1,91,-1,77
1,<environment.Job instance at 0x7fa3046a0960>,39,18,[12  4],40,-1,95,-1,77
1,<environment.Job instance at 0x7fa3046a0960>,4,27,[4 8],5,-1,32,-1,5
1,<environment.Job instance at 0x7fa30468bd20>,3,18,[14  1],4,-1,23,-1,5
1,<environment.Job instance at 0x7fa3046f7a50>,5,16,[14  3],6,-1,22,-1,6
1,<environment.Job instance at 0x7fa3046f76e0>,6,23,[ 4 11],7,-1,30,-1,7
1,<environment.Job instance at 0x7fa3046f7f50>,8,3,[12  4],9,-1,12,-1,9
1,<environment.Job instance at 0x7fa3046f70f0>,9,24,[ 2 12],10,-1,34,-1,10
1,<environment.Job instance at 0x7fa3046f7280>,18,1,[7 3],19,-1,21,-1,20
1,<environment.Job instance at 0x7fa30467e960>,20,24,[14  1],21,-1,45,-1,21
1,<environment.Job instance at 0x7fa30467ef00>,21,26,[6 3],22,-1,48,-1,22
1,<environment.Job instance at 0x7fa30467e7d0>,22,25,[5 1],23,-1,48,-1,23
1,<environment.Job instance at 0x7fa30467eb90>,23,16,[14  5],24,-1,40,-1,24
1,<environment.Job instance at 0x7fa30467e500>,24,15,[ 5 12],25,-1,40,-1,25
1,<environment.Job instance at 0x7fa30467e2d0>,25,17,[12  1],26,-1,43,-1,26
1,<environment.Job instance at 0x7fa30467ed70>,26,12,[ 2 14],27,-1,39,-1,27
1,<environment.Job instance at 0x7fa30467e280>,27,23,[9 5],28,-1,51,-1,28
1,<environment.Job instance at 0x7fa30467e730>,28,2,[10  1],29,-1,31,-1,29
1,<environment.Job instance at 0x7fa30467e0a0>,36,25,[10  1],37,-1,70,-1,45
1,<environment.Job instance at 0x7fa30467e3c0>,37,2,[10  5],38,-1,47,-1,45
1,<environment.Job instance at 0x7fa3046f4500>,42,25,[9 2],43,-1,93,-1,68
1,<environment.Job instance at 0x7fa3046f4730>,44,13,[13  1],45,-1,95,-1,82
1,<environment.Job instance at 0x7fa3057f6050>,3,17,[ 5 12],4,-1,21,-1,4
1,<environment.Job instance at 0x7fa304cfbeb0>,24,17,[11  3],25,-1,92,-1,75
1,<environment.Job instance at 0x7fa304cfbc30>,26,13,[1 8],27,-1,88,-1,75
1,<environment.Job instance at 0x7fa304cfb320>,27,16,[10  3],28,-1,91,-1,75
1,<environment.Job instance at 0x7fa304cfb820>,28,23,[8 4],29,-1,98,-1,75
1,<environment.Job instance at 0x7fa304cfb5a0>,29,16,[5 9],30,-1,91,-1,75
1,<environment.Job instance at 0x7fa304aa3640>,30,17,[9 4],31,-1,93,-1,76
1,<environment.Job instance at 0x7fa304aa3050>,2,1,[ 4 14],3,-1,4,-1,3
1,<environment.Job instance at 0x7fa304f48eb0>,3,1,[2 5],4,-1,5,-1,4
1,<environment.Job instance at 0x7fa304f575f0>,14,12,[ 5 13],15,-1,38,-1,26
1,<environment.Job instance at 0x7fa304f58460>,21,15,[ 1 12],22,-1,73,-1,58
1,<environment.Job instance at 0x7fa3046b39b0>,16,21,[4 6],17,-1,90,-1,69
1,<environment.Job instance at 0x7fa304f58af0>,25,3,[ 2 12],26,-1,72,-1,69
1,<environment.Job instance at 0x7fa304b45230>,26,15,[3 7],27,-1,84,-1,69
1,<environment.Job instance at 0x7fa3057c65a0>,28,2,[3 5],29,-1,83,-1,81
1,<environment.Job instance at 0x7fa304f58730>,29,23,[ 4 10],30,-1,104,-1,81
1,<environment.Job instance at 0x7fa304f588c0>,30,24,[11  1],31,-1,105,-1,81
1,<environment.Job instance at 0x7fa304b4a410>,31,21,[13  5],32,-1,102,-1,81
1,<environment.Job instance at 0x7fa304b8a910>,6,15,[14  1],7,-1,22,-1,7
1,<environment.Job instance at 0x7fa304b8ae10>,8,25,[4 7],9,-1,35,-1,10
1,<environment.Job instance at 0x7fa304b8a370>,10,1,[1 9],11,-1,14,-1,13
1,<environment.Job instance at 0x7fa304b8a870>,13,23,[5 5],14,-1,38,-1,15
1,<environment.Job instance at 0x7fa304b8ad20>,18,1,[ 4 14],19,-1,22,-1,21
1,<environment.Job instance at 0x7fa304b8a960>,19,24,[8 4],20,-1,45,-1,21
1,<environment.Job instance at 0x7fa304ec8690>,23,24,[7 3],24,-1,78,-1,54
1,<environment.Job instance at 0x7fa304ec8fa0>,26,15,[14  2],27,-1,81,-1,66
1,<environment.Job instance at 0x7fa304810870>,6,26,[ 1 14],7,-1,33,-1,7
1,<environment.Job instance at 0x7fa304810960>,7,22,[5 8],8,-1,47,-1,25
1,<environment.Job instance at 0x7fa304810f00>,14,3,[7 1],15,-1,28,-1,25
1,<environment.Job instance at 0x7fa304810fa0>,17,18,[ 2 13],18,-1,67,-1,49
1,<environment.Job instance at 0x7fa3047ff050>,18,23,[4 8],19,-1,72,-1,49
1,<environment.Job instance at 0x7fa3047ff230>,20,27,[3 7],21,-1,79,-1,52
1,<environment.Job instance at 0x7fa3047ff370>,22,13,[7 1],23,-1,69,-1,56
1,<environment.Job instance at 0x7fa3047ff500>,23,2,[7 5],24,-1,58,-1,56
1,<environment.Job instance at 0x7fa3047ff5a0>,24,3,[4 9],25,-1,59,-1,56
1,<environment.Job instance at 0x7fa3047ff4b0>,26,2,[7 1],27,-1,64,-1,62
1,<environment.Job instance at 0x7fa3047ff7d0>,27,23,[ 1 10],28,-1,85,-1,62
1,<environment.Job instance at 0x7fa3047ff910>,29,14,[11  4],30,-1,84,-1,70
1,<environment.Job instance at 0x7fa3047ff9b0>,30,28,[ 1 10],31,-1,98,-1,70
1,<environment.Job instance at 0x7fa3047ffaa0>,31,15,[ 3 10],32,-1,85,-1,70
1,<environment.Job instance at 0x7fa3047ffa50>,32,26,[6 2],33,-1,96,-1,70
1,<environment.Job instance at 0x7fa3047ff460>,33,2,[ 4 14],34,-1,72,-1,70
1,<environment.Job instance at 0x7fa3047ffd20>,35,2,[5 8],36,-1,72,-1,70
1,<environment.Job instance at 0x7fa3047ffb90>,36,1,[ 4 10],37,-1,71,-1,70
1,<environment.Job instance at 0x7fa3047ffbe0>,37,18,[14  3],38,-1,88,-1,70
1,<environment.Job instance at 0x7fa3047fff00>,38,18,[ 4 11],39,-1,88,-1,70
1,<environment.Job instance at 0x7fa3047fffa0>,39,16,[12  5],40,-1,86,-1,70
1,<environment.Job instance at 0x7fa3047ffe10>,41,18,[13  5],42,-1,103,-1,85
1,<environment.Job instance at 0x7fa30481c280>,43,28,[1 8],44,-1,113,-1,85
1,<environment.Job instance at 0x7fa304ec1d70>,1,19,[ 1 14],2,-1,21,-1,2
1,<environment.Job instance at 0x7fa30481c280>,6,17,[ 2 12],7,-1,24,-1,7
1,<environment.Job instance at 0x7fa305c526e0>,9,3,[3 9],10,-1,14,-1,11
1,<environment.Job instance at 0x7fa305c52e60>,14,2,[8 4],15,-1,22,-1,20
1,<environment.Job instance at 0x7fa305c525a0>,16,17,[13  3],17,-1,37,-1,20
1,<environment.Job instance at 0x7fa30522c190>,17,13,[ 3 13],18,-1,33,-1,20
1,<environment.Job instance at 0x7fa30522ceb0>,18,28,[ 1 10],19,-1,48,-1,20
1,<environment.Job instance at 0x7fa30522caf0>,19,28,[ 2 12],20,-1,48,-1,20
1,<environment.Job instance at 0x7fa30522ce10>,26,1,[5 8],27,-1,51,-1,50
1,<environment.Job instance at 0x7fa30522cd20>,28,13,[14  2],29,-1,78,-1,65
1,<environment.Job instance at 0x7fa30522c5f0>,29,14,[11  2],30,-1,79,-1,65
1,<environment.Job instance at 0x7fa30522c5a0>,2,24,[5 4],3,-1,27,-1,3
1,<environment.Job instance at 0x7fa305734aa0>,5,20,[ 1 11],6,-1,26,-1,6
1,<environment.Job instance at 0x7fa305185500>,21,13,[ 3 14],22,-1,82,-1,69
1,<environment.Job instance at 0x7fa3048e55a0>,25,13,[ 5 14],26,-1,99,-1,86
1,<environment.Job instance at 0x7fa3051fc960>,1,22,[13  3],2,-1,24,-1,2
1,<environment.Job instance at 0x7fa305778780>,2,17,[ 3 14],3,-1,20,-1,3
1,<environment.Job instance at 0x7fa305854af0>,3,2,[ 3 12],4,-1,6,-1,4
1,<environment.Job instance at 0x7fa305854f50>,4,26,[4 6],5,-1,31,-1,5
1,<environment.Job instance at 0x7fa305778d20>,11,3,[3 7],12,-1,16,-1,13
1,<environment.Job instance at 0x7fa305854370>,13,2,[12  1],14,-1,16,-1,14
1,<environment.Job instance at 0x7fa3058548c0>,14,2,[8 4],15,-1,17,-1,15
1,<environment.Job instance at 0x7fa305854f00>,15,23,[ 4 10],16,-1,39,-1,16
1,<environment.Job instance at 0x7fa305854320>,18,23,[9 2],19,-1,47,-1,24
1,<environment.Job instance at 0x7fa3052cee60>,20,28,[9 1],21,-1,52,-1,24
1,<environment.Job instance at 0x7fa3052cea00>,21,12,[ 2 10],22,-1,36,-1,24
1,<environment.Job instance at 0x7fa3052ce140>,22,14,[10  1],23,-1,38,-1,24
1,<environment.Job instance at 0x7fa3052cec30>,23,27,[6 4],24,-1,51,-1,24
1,<environment.Job instance at 0x7fa3052ce320>,24,14,[ 2 14],25,-1,39,-1,25
1,<environment.Job instance at 0x7fa3052ce0a0>,26,1,[9 3],27,-1,34,-1,33
1,<environment.Job instance at 0x7fa3052ce370>,27,1,[7 2],28,-1,34,-1,33
1,<environment.Job instance at 0x7fa3052ceb40>,28,2,[6 4],29,-1,35,-1,33
1,<environment.Job instance at 0x7fa3049e4190>,40,21,[ 3 14],41,-1,103,-1,82
1,<environment.Job instance at 0x7fa3057345a0>,5,28,[ 3 10],6,-1,34,-1,6
1,<environment.Job instance at 0x7fa305734c30>,8,15,[ 3 14],9,-1,24,-1,9
1,<environment.Job instance at 0x7fa3058beeb0>,1,19,[ 2 14],2,-1,21,-1,2
1,<environment.Job instance at 0x7fa3058bee60>,2,28,[3 5],3,-1,31,-1,3
1,<environment.Job instance at 0x7fa3058be7d0>,8,24,[9 5],9,-1,33,-1,9
1,<environment.Job instance at 0x7fa3058be910>,9,2,[13  3],10,-1,12,-1,10
1,<environment.Job instance at 0x7fa3058be6e0>,10,27,[3 9],11,-1,38,-1,11
1,<environment.Job instance at 0x7fa3058be640>,11,23,[ 3 12],12,-1,35,-1,12
1,<environment.Job instance at 0x7fa3058be4b0>,12,13,[13  2],13,-1,26,-1,13
1,<environment.Job instance at 0x7fa3058be960>,13,27,[3 5],14,-1,41,-1,14
1,<environment.Job instance at 0x7fa3058bee10>,7,14,[13  1],8,-1,28,-1,14
1,<environment.Job instance at 0x7fa3058be0a0>,14,20,[ 4 14],15,-1,35,-1,15
1,<environment.Job instance at 0x7fa30e93e140>,15,25,[10  5],16,-1,41,-1,16
1,<environment.Job instance at 0x7fa30486a5f0>,17,1,[2 6],18,-1,21,-1,20
1,<environment.Job instance at 0x7fa304d6a5a0>,19,3,[1 9],20,-1,23,-1,20
1,<environment.Job instance at 0x7fa3046323c0>,21,19,[ 1 10],22,-1,42,-1,23
1,<environment.Job instance at 0x7fa30581cf00>,25,2,[ 5 14],26,-1,37,-1,35
1,<environment.Job instance at 0x7fa304d0b320>,26,19,[ 4 12],27,-1,54,-1,35
1,<environment.Job instance at 0x7fa304d0b050>,27,3,[10  1],28,-1,38,-1,35
1,<environment.Job instance at 0x7fa30460e730>,28,1,[ 3 11],29,-1,36,-1,35
1,<environment.Job instance at 0x7fa3055ac960>,31,17,[11  3],32,-1,70,-1,53
1,<environment.Job instance at 0x7fa304870b90>,32,15,[ 5 12],33,-1,68,-1,53
1,<environment.Job instance at 0x7fa3057ffa00>,33,18,[ 1 13],34,-1,71,-1,53
1,<environment.Job instance at 0x7fa304fe4280>,34,2,[7 3],35,-1,55,-1,53
1,<environment.Job instance at 0x7fa304870730>,36,24,[14  3],37,-1,79,-1,55
1,<environment.Job instance at 0x7fa304854dc0>,38,26,[5 7],39,-1,92,-1,66
1,<environment.Job instance at 0x7fa304854460>,40,13,[ 3 14],41,-1,85,-1,72
1,<environment.Job instance at 0x7fa3043fa6e0>,42,24,[5 3],43,-1,104,-1,80
1,<environment.Job instance at 0x7fa304854e60>,43,17,[6 1],44,-1,98,-1,81
1,<environment.Job instance at 0x7fa304d1a690>,44,1,[3 9],45,-1,82,-1,81
1,<environment.Job instance at 0x7fa30542f460>,1,21,[ 5 12],2,-1,23,-1,2
1,<environment.Job instance at 0x7fa30542f230>,2,15,[ 2 13],3,-1,18,-1,3
1,<environment.Job instance at 0x7fa30542f6e0>,3,14,[ 5 14],4,-1,18,-1,4
1,<environment.Job instance at 0x7fa30542f500>,4,26,[13  1],5,-1,31,-1,5
1,<environment.Job instance at 0x7fa30542ff00>,6,17,[ 1 14],7,-1,24,-1,7
1,<environment.Job instance at 0x7fa30542fd70>,7,16,[14  1],8,-1,24,-1,8
1,<environment.Job instance at 0x7fa30542faf0>,13,14,[ 5 13],14,-1,28,-1,14
1,<environment.Job instance at 0x7fa3054388c0>,18,3,[9 5],19,-1,29,-1,26
1,<environment.Job instance at 0x7fa305438910>,19,25,[ 4 14],20,-1,51,-1,26
1,<environment.Job instance at 0x7fa3054382d0>,20,12,[13  2],21,-1,38,-1,26
1,<environment.Job instance at 0x7fa305438aa0>,21,3,[3 6],22,-1,29,-1,26
1,<environment.Job instance at 0x7fa305438fa0>,22,1,[8 3],23,-1,27,-1,26
1,<environment.Job instance at 0x7fa305438eb0>,23,18,[14  5],24,-1,44,-1,26
1,<environment.Job instance at 0x7fa305438c30>,24,15,[14  3],25,-1,41,-1,26
1,<environment.Job instance at 0x7fa305438dc0>,26,27,[5 9],27,-1,54,-1,27
1,<environment.Job instance at 0x7fa305438960>,27,12,[10  3],28,-1,43,-1,31
1,<environment.Job instance at 0x7fa305438140>,28,1,[12  2],29,-1,32,-1,31
1,<environment.Job instance at 0x7fa305438190>,29,12,[ 2 11],30,-1,43,-1,31
1,<environment.Job instance at 0x7fa305438820>,30,28,[14  5],31,-1,59,-1,31
1,<environment.Job instance at 0x7fa305438e10>,31,1,[ 3 12],32,-1,33,-1,32
1,<environment.Job instance at 0x7fa304fb4640>,32,2,[12  2],33,-1,35,-1,33
1,<environment.Job instance at 0x7fa304fb4fa0>,33,24,[11  4],34,-1,58,-1,34
1,<environment.Job instance at 0x7fa304fb4190>,35,21,[ 4 13],36,-1,59,-1,38
1,<environment.Job instance at 0x7fa304fb43c0>,37,3,[8 4],38,-1,41,-1,38
1,<environment.Job instance at 0x7fa304fb4c30>,38,23,[14  4],39,-1,62,-1,39
1,<environment.Job instance at 0x7fa304fb4230>,39,24,[13  4],40,-1,64,-1,40
1,<environment.Job instance at 0x7fa304fb4f50>,40,3,[2 7],41,-1,44,-1,41
1,<environment.Job instance at 0x7fa304fb4f00>,41,2,[5 4],42,-1,44,-1,42
1,<environment.Job instance at 0x7fa304cfb4b0>,43,1,[4 7],44,-1,59,-1,58
1,<environment.Job instance at 0x7fa304d6ad20>,47,13,[13  5],48,-1,73,-1,60
1,<environment.Job instance at 0x7fa304d6a230>,48,22,[8 1],49,-1,83,-1,61
1,<environment.Job instance at 0x7fa304d6ac80>,49,15,[ 1 11],50,-1,76,-1,61
1,<environment.Job instance at 0x7fa304d6a5f0>,50,19,[ 4 12],51,-1,80,-1,61
1,<environment.Job instance at 0x7fa30e32ceb0>,52,28,[7 4],53,-1,98,-1,70
1,<environment.Job instance at 0x7fa3047dcdc0>,53,20,[ 5 12],54,-1,90,-1,70
1,<environment.Job instance at 0x7fa304fcdeb0>,56,22,[ 4 14],57,-1,107,-1,85
1,<environment.Job instance at 0x7fa30e7c1050>,1,14,[13  5],2,-1,16,-1,2
1,<environment.Job instance at 0x7fa30e7c13c0>,2,15,[ 5 11],3,-1,18,-1,3
1,<environment.Job instance at 0x7fa3059fb0a0>,4,16,[ 2 14],5,-1,21,-1,5
1,<environment.Job instance at 0x7fa305a07d70>,5,25,[10  3],6,-1,31,-1,6
1,<environment.Job instance at 0x7fa30e78fcd0>,7,25,[8 2],8,-1,33,-1,8
1,<environment.Job instance at 0x7fa30e2e5960>,8,25,[ 1 13],9,-1,34,-1,9
1,<environment.Job instance at 0x7fa3055ac460>,9,25,[7 1],10,-1,35,-1,10
1,<environment.Job instance at 0x7fa305ab60a0>,11,3,[ 5 13],12,-1,15,-1,12
1,<environment.Job instance at 0x7fa3055acd20>,13,14,[13  2],14,-1,28,-1,14
1,<environment.Job instance at 0x7fa304d97730>,21,26,[ 2 13],22,-1,53,-1,27
1,<environment.Job instance at 0x7fa304a20af0>,24,18,[12  1],25,-1,67,-1,49
1,<environment.Job instance at 0x7fa305064190>,28,3,[ 3 13],29,-1,67,-1,64
1,<environment.Job instance at 0x7fa30559bfa0>,30,1,[9 3],31,-1,81,-1,80
1,<environment.Job instance at 0x7fa3046eb730>,32,2,[6 1],33,-1,83,-1,81
1,<environment.Job instance at 0x7fa304ea4dc0>,10,3,[ 4 10],11,-1,23,-1,20
1,<environment.Job instance at 0x7fa304ea4e60>,11,12,[11  4],12,-1,32,-1,20
1,<environment.Job instance at 0x7fa304ea49b0>,13,20,[14  1],14,-1,57,-1,37
1,<environment.Job instance at 0x7fa304ea4c30>,14,16,[ 2 12],15,-1,53,-1,37
1,<environment.Job instance at 0x7fa304ead050>,18,22,[13  4],19,-1,74,-1,52
1,<environment.Job instance at 0x7fa304ead5f0>,20,2,[3 8],21,-1,68,-1,66
1,<environment.Job instance at 0x7fa304ead5a0>,21,28,[7 1],22,-1,94,-1,66
1,<environment.Job instance at 0x7fa304ead4b0>,22,28,[ 3 10],23,-1,94,-1,66
1,<environment.Job instance at 0x7fa304ead690>,23,25,[6 2],24,-1,91,-1,66
1,<environment.Job instance at 0x7fa30448a960>,3,24,[1 8],4,-1,30,-1,6
1,<environment.Job instance at 0x7fa30448aaf0>,7,14,[ 3 12],8,-1,22,-1,8
1,<environment.Job instance at 0x7fa304755b40>,8,1,[1 5],9,-1,10,-1,9
1,<environment.Job instance at 0x7fa304755690>,9,15,[ 5 12],10,-1,25,-1,10
1,<environment.Job instance at 0x7fa3047557d0>,10,21,[ 2 13],11,-1,32,-1,11
1,<environment.Job instance at 0x7fa3047556e0>,12,17,[ 2 12],13,-1,30,-1,13
1,<environment.Job instance at 0x7fa3047558c0>,14,1,[13  5],15,-1,16,-1,15
1,<environment.Job instance at 0x7fa3047552d0>,20,2,[4 7],21,-1,49,-1,47
1,<environment.Job instance at 0x7fa304755550>,21,28,[2 7],22,-1,75,-1,47
1,<environment.Job instance at 0x7fa304755b90>,24,3,[14  2],25,-1,65,-1,62
1,<environment.Job instance at 0x7fa304755e60>,25,17,[12  2],26,-1,79,-1,62
1,<environment.Job instance at 0x7fa304755f00>,26,19,[11  3],27,-1,81,-1,62
1,<environment.Job instance at 0x7fa304e95550>,29,2,[5 3],30,-1,72,-1,70
1,<environment.Job instance at 0x7fa304e95370>,30,2,[2 8],31,-1,72,-1,70
1,<environment.Job instance at 0x7fa304e95d20>,31,13,[ 3 10],32,-1,83,-1,70
1,<environment.Job instance at 0x7fa304e95dc0>,32,18,[ 2 14],33,-1,88,-1,70
1,<environment.Job instance at 0x7fa304e95730>,33,3,[8 3],34,-1,73,-1,70
1,<environment.Job instance at 0x7fa304e95af0>,34,14,[11  1],35,-1,84,-1,70
1,<environment.Job instance at 0x7fa304e95fa0>,36,3,[5 8],37,-1,78,-1,75
1,<environment.Job instance at 0x7fa305123230>,10,20,[13  1],11,-1,42,-1,22
1,<environment.Job instance at 0x7fa305123910>,11,1,[ 5 12],12,-1,23,-1,22
1,<environment.Job instance at 0x7fa3051230a0>,12,3,[8 4],13,-1,25,-1,22
1,<environment.Job instance at 0x7fa305123a50>,13,22,[1 9],14,-1,60,-1,38
1,<environment.Job instance at 0x7fa3055c7140>,16,1,[2 7],17,-1,39,-1,38
1,<environment.Job instance at 0x7fa3055c7640>,21,3,[5 2],22,-1,72,-1,69
1,<environment.Job instance at 0x7fa3055c7410>,23,1,[ 5 12],24,-1,80,-1,79
1,<environment.Job instance at 0x7fa3055c7b90>,24,14,[7 1],25,-1,95,-1,81
1,<environment.Job instance at 0x7fa3055c7af0>,25,26,[ 4 12],26,-1,107,-1,81
1,<environment.Job instance at 0x7fa3055c7870>,27,13,[3 8],28,-1,95,-1,82
1,<environment.Job instance at 0x7fa3055c7aa0>,28,18,[1 5],29,-1,100,-1,82
1,<environment.Job instance at 0x7fa3055c75f0>,29,18,[10  1],30,-1,100,-1,82
1,<environment.Job instance at 0x7f74c1d1b320>,1,27,[3 7],2,-1,29,-1,2
1,<environment.Job instance at 0x7f74c1d1b1e0>,7,16,[ 5 14],8,-1,24,-1,8
1,<environment.Job instance at 0x7f74b85a3be0>,12,17,[ 1 14],13,-1,33,-1,16
1,<environment.Job instance at 0x7f74b85a3b40>,13,15,[13  4],14,-1,31,-1,16
1,<environment.Job instance at 0x7f74b85a3dc0>,15,16,[11  5],16,-1,43,-1,27
1,<environment.Job instance at 0x7f74b85a3eb0>,16,15,[ 1 11],17,-1,42,-1,27
1,<environment.Job instance at 0x7f74b85a3f50>,17,2,[3 5],18,-1,29,-1,27
1,<environment.Job instance at 0x7f74b85a51e0>,19,2,[5 5],20,-1,30,-1,28
1,<environment.Job instance at 0x7f74b85a5320>,21,23,[6 4],22,-1,71,-1,48
1,<environment.Job instance at 0x7f74b85a5460>,23,16,[ 1 11],24,-1,64,-1,48
1,<environment.Job instance at 0x7f74b85a5500>,24,23,[5 8],25,-1,71,-1,48
1,<environment.Job instance at 0x7f74b85a5960>,30,3,[13  2],31,-1,92,-1,89
1,<environment.Job instance at 0x7f74b85a5a00>,31,19,[ 5 11],32,-1,108,-1,89
1,<environment.Job instance at 0x7f74b85a5aa0>,32,12,[13  5],33,-1,101,-1,89
1,<environment.Job instance at 0x7f74b89c0140>,4,28,[8 4],5,-1,33,-1,5
1,<environment.Job instance at 0x7f74b8a45050>,12,26,[ 2 14],13,-1,43,-1,17
1,<environment.Job instance at 0x7f74b8a45fa0>,13,22,[5 5],14,-1,40,-1,18
1,<environment.Job instance at 0x7f74b8a450a0>,16,22,[ 4 14],17,-1,50,-1,28
1,<environment.Job instance at 0x7f74b8a457d0>,19,1,[5 9],20,-1,41,-1,40
1,<environment.Job instance at 0x7f74b8a45870>,20,24,[ 2 13],21,-1,64,-1,40
1,<environment.Job instance at 0x7f74b8a45eb0>,21,26,[12  1],22,-1,66,-1,40
1,<environment.Job instance at 0x7f74b8a45320>,22,1,[ 1 14],23,-1,41,-1,40
1,<environment.Job instance at 0x7f74b807caf0>,26,13,[4 6],27,-1,67,-1,54
1,<environment.Job instance at 0x7f74b7fd9640>,27,26,[5 7],28,-1,80,-1,54
1,<environment.Job instance at 0x7f74b80c52d0>,29,27,[2 5],30,-1,96,-1,69
1,<environment.Job instance at 0x7f74b7ceb550>,30,14,[11  5],31,-1,83,-1,69
1,<environment.Job instance at 0x7f74b7d317d0>,31,25,[3 5],32,-1,94,-1,69
1,<environment.Job instance at 0x7f74b8096050>,34,12,[14  1],35,-1,94,-1,82
1,<environment.Job instance at 0x7f74b7c7ce60>,36,13,[12  1],37,-1,97,-1,84
1,<environment.Job instance at 0x7f74b802a1e0>,37,17,[ 5 14],38,-1,101,-1,84
1,<environment.Job instance at 0x7f74b80aeaa0>,39,27,[8 5],40,-1,114,-1,87
1,<environment.Job instance at 0x7f74b7ef3a00>,40,17,[14  2],41,-1,104,-1,87
1,<environment.Job instance at 0x7f74b7fb0d20>,41,12,[11  1],42,-1,99,-1,87
1,<environment.Job instance at 0x7f74b80aedc0>,42,1,[7 3],43,-1,88,-1,87
1,<environment.Job instance at 0x7f74b7cb10f0>,3,23,[ 4 11],4,-1,27,-1,4
1,<environment.Job instance at 0x7f74b7cb1c80>,6,16,[ 3 11],7,-1,23,-1,7
1,<environment.Job instance at 0x7f74b7cb10a0>,7,12,[ 1 11],8,-1,21,-1,9
1,<environment.Job instance at 0x7f74b80aedc0>,8,17,[11  3],9,-1,26,-1,9
1,<environment.Job instance at 0x7f74b7c450f0>,9,16,[ 2 12],10,-1,26,-1,10
1,<environment.Job instance at 0x7f74b7c454b0>,14,1,[7 1],15,-1,22,-1,21
1,<environment.Job instance at 0x7f74b7c45b90>,15,25,[7 2],16,-1,46,-1,21
1,<environment.Job instance at 0x7f74b7c45cd0>,17,21,[ 2 10],18,-1,42,-1,21
1,<environment.Job instance at 0x7f74b7c45e10>,19,17,[11  1],20,-1,38,-1,21
1,<environment.Job instance at 0x7f74b7c45910>,20,22,[ 5 14],21,-1,43,-1,21
1,<environment.Job instance at 0x7f74b7c45af0>,21,26,[ 5 13],22,-1,48,-1,22
1,<environment.Job instance at 0x7f74b7c45eb0>,23,2,[ 3 14],24,-1,30,-1,28
1,<environment.Job instance at 0x7f74b7c455a0>,24,1,[14  1],25,-1,29,-1,28
1,<environment.Job instance at 0x7f74b7c45410>,26,26,[11  5],27,-1,65,-1,39
1,<environment.Job instance at 0x7f74b7c457d0>,27,3,[2 8],28,-1,42,-1,39
1,<environment.Job instance at 0x7f74b7c45780>,29,24,[14  5],30,-1,68,-1,44
1,<environment.Job instance at 0x7f74b7c6cd70>,30,2,[10  5],31,-1,46,-1,44
1,<environment.Job instance at 0x7f74b7c6ce10>,31,3,[9 3],32,-1,47,-1,44
1,<environment.Job instance at 0x7f74b7c6c3c0>,32,17,[14  3],33,-1,61,-1,44
1,<environment.Job instance at 0x7f74b7c6c9b0>,33,2,[2 9],34,-1,46,-1,44
1,<environment.Job instance at 0x7f74b7c6cf50>,35,28,[1 9],36,-1,85,-1,57
1,<environment.Job instance at 0x7f74b7c89690>,36,2,[5 8],37,-1,59,-1,57
1,<environment.Job instance at 0x7f74b7c89eb0>,37,19,[12  1],38,-1,76,-1,57
1,<environment.Job instance at 0x7f74b7c89cd0>,38,24,[9 3],39,-1,81,-1,57
1,<environment.Job instance at 0x7f74b7c89780>,39,3,[7 2],40,-1,60,-1,57
1,<environment.Job instance at 0x7f74b7c89230>,42,2,[11  4],43,-1,74,-1,72
1,<environment.Job instance at 0x7f74b7c89e60>,43,21,[1 9],44,-1,96,-1,75
1,<environment.Job instance at 0x7f74c1717fa0>,44,26,[1 9],45,-1,101,-1,75
1,<environment.Job instance at 0x7f74b841a050>,46,28,[9 1],47,-1,112,-1,84
1,<environment.Job instance at 0x7f74b8abba00>,48,12,[8 1],49,-1,96,-1,84
1,<environment.Job instance at 0x7f74b8abbaa0>,49,25,[9 3],50,-1,109,-1,84
1,<environment.Job instance at 0x7f74b8abbdc0>,51,14,[11  3],52,-1,110,-1,96
1,<environment.Job instance at 0x7f74b8a64910>,52,1,[5 9],53,-1,97,-1,96
1,<environment.Job instance at 0x7f74b8078b90>,5,20,[ 2 11],6,-1,26,-1,6
1,<environment.Job instance at 0x7f74b80b1aa0>,13,14,[12  3],14,-1,35,-1,21
1,<environment.Job instance at 0x7f74b7fa8230>,14,2,[8 4],15,-1,23,-1,21
1,<environment.Job instance at 0x7f74b80b1500>,15,22,[5 2],16,-1,43,-1,21
1,<environment.Job instance at 0x7f74b84f91e0>,16,25,[ 3 14],17,-1,46,-1,21
1,<environment.Job instance at 0x7f74b8544b90>,17,22,[10  1],18,-1,43,-1,21
1,<environment.Job instance at 0x7f74b80f34b0>,18,1,[6 2],19,-1,22,-1,21
1,<environment.Job instance at 0x7f74b7fb6af0>,20,25,[6 5],21,-1,46,-1,21
1,<environment.Job instance at 0x7f74b80de3c0>,21,17,[11  2],22,-1,39,-1,22
1,<environment.Job instance at 0x7f74b80925a0>,22,13,[11  3],23,-1,36,-1,23
1,<environment.Job instance at 0x7f74b8092870>,23,17,[11  5],24,-1,41,-1,24
1,<environment.Job instance at 0x7f74b8093d20>,25,2,[7 5],26,-1,34,-1,32
1,<environment.Job instance at 0x7f74b813a370>,26,24,[8 3],27,-1,56,-1,32
1,<environment.Job instance at 0x7f74b7c0a7d0>,27,1,[2 5],28,-1,33,-1,32
1,<environment.Job instance at 0x7f74b7c0a4b0>,28,20,[11  1],29,-1,52,-1,32
1,<environment.Job instance at 0x7f74b7c16be0>,29,1,[5 5],30,-1,33,-1,32
1,<environment.Job instance at 0x7f74b7fd93c0>,30,22,[14  1],31,-1,54,-1,32
1,<environment.Job instance at 0x7f74b7c63870>,32,17,[ 1 12],33,-1,62,-1,45
1,<environment.Job instance at 0x7f74b7d2e2d0>,33,15,[ 5 11],34,-1,60,-1,45
1,<environment.Job instance at 0x7f74b89c0730>,36,12,[14  5],37,-1,59,-1,47
1,<environment.Job instance at 0x7f74b7c24960>,37,2,[2 8],38,-1,49,-1,47
1,<environment.Job instance at 0x7f74b7c90960>,38,28,[ 2 12],39,-1,75,-1,47
1,<environment.Job instance at 0x7f74b7c660f0>,41,3,[1 5],42,-1,62,-1,59
1,<environment.Job instance at 0x7f74b7c66870>,42,3,[8 5],43,-1,62,-1,59
1,<environment.Job instance at 0x7f74b7c66550>,43,27,[9 5],44,-1,86,-1,59
1,<environment.Job instance at 0x7f74b7c66a50>,44,14,[10  1],45,-1,73,-1,59
1,<environment.Job instance at 0x7f74b7c665f0>,45,17,[14  2],46,-1,76,-1,59
1,<environment.Job instance at 0x7f74b7c66730>,46,2,[7 1],47,-1,61,-1,59
1,<environment.Job instance at 0x7f74b7ceb1e0>,47,24,[ 3 12],48,-1,83,-1,59
1,<environment.Job instance at 0x7f74b7ceb8c0>,48,24,[5 8],49,-1,83,-1,59
1,<environment.Job instance at 0x7f74b7cebc80>,49,27,[2 9],50,-1,86,-1,59
1,<environment.Job instance at 0x7f74c1c2c3c0>,50,27,[3 7],51,-1,86,-1,59
1,<environment.Job instance at 0x7f74c1c2cfa0>,51,17,[ 3 14],52,-1,76,-1,59
1,<environment.Job instance at 0x7f74c1c2c410>,52,1,[8 3],53,-1,60,-1,59
1,<environment.Job instance at 0x7f74c1c2c4b0>,53,20,[ 1 11],54,-1,79,-1,59
1,<environment.Job instance at 0x7f74c1c2c5f0>,55,1,[8 2],56,-1,74,-1,73
1,<environment.Job instance at 0x7f74b82206e0>,57,19,[13  2],58,-1,92,-1,73
1,<environment.Job instance at 0x7f74b8221460>,59,26,[ 2 14],60,-1,102,-1,76
1,<environment.Job instance at 0x7f74b8221190>,60,1,[4 8],61,-1,77,-1,76
1,<environment.Job instance at 0x7f74b8221820>,61,20,[11  5],62,-1,96,-1,76
1,<environment.Job instance at 0x7f74b7ce3f50>,62,20,[12  3],63,-1,96,-1,76
1,<environment.Job instance at 0x7f74b7ce31e0>,63,3,[1 5],64,-1,79,-1,76
1,<environment.Job instance at 0x7f74b8445d70>,4,3,[8 2],5,-1,9,-1,6
1,<environment.Job instance at 0x7f74b8445780>,6,1,[ 4 11],7,-1,8,-1,7
1,<environment.Job instance at 0x7f74b8445550>,7,15,[ 5 14],8,-1,23,-1,8
1,<environment.Job instance at 0x7f74b844bfa0>,12,23,[9 3],13,-1,43,-1,20
1,<environment.Job instance at 0x7f74b844bdc0>,13,17,[2 9],14,-1,56,-1,39
1,<environment.Job instance at 0x7f74b844b1e0>,16,23,[5 5],17,-1,62,-1,39
1,<environment.Job instance at 0x7f74b844b780>,17,1,[6 3],18,-1,40,-1,39
1,<environment.Job instance at 0x7f74b844b5f0>,21,17,[14  3],22,-1,77,-1,60
1,<environment.Job instance at 0x7f74b844bd70>,23,16,[12  1],24,-1,76,-1,60
1,<environment.Job instance at 0x7f74b8468d20>,24,25,[ 1 11],25,-1,85,-1,60
1,<environment.Job instance at 0x7f74b8468a00>,26,15,[ 1 10],27,-1,88,-1,73
1,<environment.Job instance at 0x7f74b7fd8a50>,5,15,[ 4 14],6,-1,21,-1,6
1,<environment.Job instance at 0x7f74b7fd8fa0>,6,16,[ 4 11],7,-1,23,-1,7
1,<environment.Job instance at 0x7f74b7fd8960>,8,27,[ 2 14],9,-1,36,-1,9
1,<environment.Job instance at 0x7f74b7fd8e10>,9,22,[ 2 10],10,-1,38,-1,16
1,<environment.Job instance at 0x7f74b7fd8140>,13,23,[ 4 14],14,-1,39,-1,16
1,<environment.Job instance at 0x7f74b7ba7fa0>,14,28,[11  2],15,-1,44,-1,16
1,<environment.Job instance at 0x7f74b7ba7550>,22,28,[6 2],23,-1,82,-1,54
1,<environment.Job instance at 0x7f74b7ba7230>,27,26,[5 4],28,-1,80,-1,54
1,<environment.Job instance at 0x7f74b7ba71e0>,32,18,[ 2 14],33,-1,78,-1,60
1,<environment.Job instance at 0x7f74b7ba7370>,33,17,[ 4 13],34,-1,77,-1,60
1,<environment.Job instance at 0x7f74b7ba79b0>,34,25,[7 3],35,-1,85,-1,60
1,<environment.Job instance at 0x7f74b82e3730>,36,19,[13  5],37,-1,91,-1,72
1,<environment.Job instance at 0x7f74b82e3500>,37,26,[ 5 10],38,-1,98,-1,72
1,<environment.Job instance at 0x7f74b82e3b90>,40,24,[ 2 10],41,-1,107,-1,83
1,<environment.Job instance at 0x7f74b8bf0eb0>,6,13,[ 3 13],7,-1,20,-1,7
1,<environment.Job instance at 0x7f74b8bf0910>,12,16,[13  2],13,-1,31,-1,15
1,<environment.Job instance at 0x7f74b8bf0a50>,13,3,[4 5],14,-1,18,-1,15
1,<environment.Job instance at 0x7f74b8bf0aa0>,15,22,[14  4],16,-1,42,-1,20
1,<environment.Job instance at 0x7f74b8bf0c80>,16,12,[ 1 10],17,-1,37,-1,25
1,<environment.Job instance at 0x7f74b8bf0230>,18,23,[1 6],19,-1,48,-1,25
1,<environment.Job instance at 0x7f74b8830370>,21,16,[ 5 13],22,-1,56,-1,40
1,<environment.Job instance at 0x7f74b902cfa0>,25,22,[10  2],26,-1,105,-1,83
1,<environment.Job instance at 0x7f74b902c0a0>,30,16,[11  4],31,-1,111,-1,95
1,<environment.Job instance at 0x7f74b7b63370>,1,13,[ 5 11],2,-1,15,-1,2
1,<environment.Job instance at 0x7f74b902cb90>,2,27,[ 2 10],3,-1,30,-1,3
1,<environment.Job instance at 0x7f74b7f28d70>,3,18,[ 4 11],4,-1,22,-1,4
1,<environment.Job instance at 0x7f74b7f28140>,6,28,[10  3],7,-1,35,-1,7
1,<environment.Job instance at 0x7f74b7f28af0>,10,12,[12  1],11,-1,23,-1,11
1,<environment.Job instance at 0x7f74b7f0c0a0>,12,27,[ 3 12],13,-1,40,-1,13
1,<environment.Job instance at 0x7f74b7f3f5f0>,14,25,[4 6],15,-1,40,-1,15
1,<environment.Job instance at 0x7f74b7f0c5a0>,15,28,[ 5 11],16,-1,44,-1,16
1,<environment.Job instance at 0x7f74b7f0ce10>,19,25,[12  3],20,-1,48,-1,23
1,<environment.Job instance at 0x7f74b7f0c9b0>,13,18,[14  2],14,-1,41,-1,23
1,<environment.Job instance at 0x7f74b7f0cf50>,20,1,[6 1],21,-1,53,-1,52
1,<environment.Job instance at 0x7f74b8fb8730>,32,14,[ 4 14],33,-1,95,-1,81
1,<environment.Job instance at 0x7f74b89dfaf0>,1,2,[11  2],2,-1,4,-1,2
1,<environment.Job instance at 0x7f74b8394eb0>,16,26,[ 1 14],17,-1,75,-1,49
1,<environment.Job instance at 0x7f74b8394960>,18,15,[ 5 11],19,-1,79,-1,64
1,<environment.Job instance at 0x7f74b8394780>,20,2,[8 1],21,-1,78,-1,76
1,<environment.Job instance at 0x7f74b8394870>,22,27,[ 3 14],23,-1,103,-1,76
1,<environment.Job instance at 0x7f74b8296e60>,1,19,[ 1 14],2,-1,21,-1,2
1,<environment.Job instance at 0x7f74b7d2de10>,5,13,[ 2 10],6,-1,20,-1,7
1,<environment.Job instance at 0x7f74b8394870>,6,17,[ 2 12],7,-1,24,-1,7
1,<environment.Job instance at 0x7f74b7d1a6e0>,15,25,[2 8],16,-1,62,-1,37
1,<environment.Job instance at 0x7f74b7d1a500>,18,28,[ 1 10],19,-1,65,-1,37
1,<environment.Job instance at 0x7f74b7d1a820>,19,28,[ 2 12],20,-1,65,-1,37
1,<environment.Job instance at 0x7f74b7d1af50>,28,13,[14  2],29,-1,86,-1,73
1,<environment.Job instance at 0x7f74b7d1aaa0>,29,14,[11  2],30,-1,88,-1,74
1,<environment.Job instance at 0x7f74b7d00230>,32,24,[4 6],33,-1,119,-1,95
1,<environment.Job instance at 0x7f74b7d00370>,34,21,[ 2 11],35,-1,117,-1,96
1,<environment.Job instance at 0x7f74b899f550>,3,1,[4 8],4,-1,5,-1,4
1,<environment.Job instance at 0x7f74b899f190>,7,26,[3 5],8,-1,37,-1,11
1,<environment.Job instance at 0x7f74b899faf0>,11,13,[ 3 14],12,-1,25,-1,12
1,<environment.Job instance at 0x7f74b899f640>,14,26,[11  4],15,-1,42,-1,16
1,<environment.Job instance at 0x7f74b899f5f0>,15,13,[ 5 14],16,-1,29,-1,16
1,<environment.Job instance at 0x7f74b855ab40>,19,3,[ 1 14],20,-1,35,-1,32
1,<environment.Job instance at 0x7f74b855a410>,20,15,[ 1 12],21,-1,47,-1,32
1,<environment.Job instance at 0x7f74b855aaf0>,21,21,[13  1],22,-1,53,-1,32
1,<environment.Job instance at 0x7f74b855a0a0>,22,25,[7 5],23,-1,57,-1,32
1,<environment.Job instance at 0x7f74b855a820>,23,3,[1 9],24,-1,35,-1,32
1,<environment.Job instance at 0x7f74b855a4b0>,24,2,[1 8],25,-1,34,-1,32
1,<environment.Job instance at 0x7f74b855abe0>,28,1,[12  4],29,-1,57,-1,56
1,<environment.Job instance at 0x7f74b8a21870>,30,22,[11  3],31,-1,87,-1,65
1,<environment.Job instance at 0x7f74b8a21410>,32,22,[ 1 11],33,-1,93,-1,71
1,<environment.Job instance at 0x7f74b8a21eb0>,34,3,[8 2],35,-1,82,-1,79
1,<environment.Job instance at 0x7f74b8a21640>,36,26,[9 5],37,-1,113,-1,87
1,<environment.Job instance at 0x7f74b8a21d20>,37,1,[ 2 10],38,-1,88,-1,87
1,<environment.Job instance at 0x7f74b8a21190>,39,17,[13  5],40,-1,104,-1,87
1,<environment.Job instance at 0x7f74b8a21960>,40,13,[14  1],41,-1,100,-1,87
1,<environment.Job instance at 0x7f74b8a4df00>,3,27,[6 4],4,-1,31,-1,4
1,<environment.Job instance at 0x7f74b8a21960>,4,14,[ 2 14],5,-1,19,-1,5
1,<environment.Job instance at 0x7f74b8a4d5a0>,11,28,[ 2 13],12,-1,40,-1,12
1,<environment.Job instance at 0x7f74b8fb4aa0>,12,2,[5 3],13,-1,16,-1,14
1,<environment.Job instance at 0x7f74b8fb4730>,18,3,[9 3],19,-1,34,-1,31
1,<environment.Job instance at 0x7f74b8fb4820>,20,21,[ 3 14],21,-1,52,-1,31
1,<environment.Job instance at 0x7f74b8394780>,21,1,[4 5],22,-1,32,-1,31
1,<environment.Job instance at 0x7f74b83945f0>,22,13,[13  2],23,-1,44,-1,31
1,<environment.Job instance at 0x7f74b8394500>,23,28,[2 8],24,-1,59,-1,31
1,<environment.Job instance at 0x7f74b8394a50>,24,3,[5 7],25,-1,34,-1,31
1,<environment.Job instance at 0x7f74b8394b40>,25,26,[ 1 11],26,-1,57,-1,31
1,<environment.Job instance at 0x7f74b8394a00>,28,12,[6 1],29,-1,56,-1,44
1,<environment.Job instance at 0x7f74b8c5e550>,32,15,[11  2],33,-1,93,-1,78
1,<environment.Job instance at 0x7f74b8c5e410>,33,1,[8 5],34,-1,79,-1,78
1,<environment.Job instance at 0x7f74b8c5e280>,34,3,[ 4 12],35,-1,81,-1,78
1,<environment.Job instance at 0x7f74b8c5e320>,35,21,[11  4],36,-1,99,-1,78
1,<environment.Job instance at 0x7f74b8b046e0>,1,25,[3 7],2,-1,27,-1,2
1,<environment.Job instance at 0x7f74c1751730>,2,19,[ 3 12],3,-1,22,-1,3
1,<environment.Job instance at 0x7f74b7bd9640>,6,3,[ 1 12],7,-1,10,-1,7
1,<environment.Job instance at 0x7f74b8466870>,7,21,[ 5 11],8,-1,29,-1,8
1,<environment.Job instance at 0x7f74b84660a0>,8,2,[ 1 14],9,-1,11,-1,9
1,<environment.Job instance at 0x7f74b84669b0>,10,25,[10  5],11,-1,36,-1,11
1,<environment.Job instance at 0x7f74b84664b0>,11,24,[ 3 12],12,-1,36,-1,12
1,<environment.Job instance at 0x7f74b7fbe460>,12,14,[ 5 13],13,-1,27,-1,13
1,<environment.Job instance at 0x7f74b7fbeaa0>,13,24,[6 5],14,-1,39,-1,15
1,<environment.Job instance at 0x7f74b8466d20>,14,18,[11  2],15,-1,33,-1,15
1,<environment.Job instance at 0x7f74b7fbe0a0>,16,24,[8 1],17,-1,42,-1,18
1,<environment.Job instance at 0x7f74b84e95a0>,11,2,[ 1 12],12,-1,18,-1,16
1,<environment.Job instance at 0x7f74b7fa26e0>,12,2,[ 1 12],13,-1,18,-1,16
1,<environment.Job instance at 0x7f74b7fa2690>,13,3,[5 2],14,-1,19,-1,16
1,<environment.Job instance at 0x7f74b7fa28c0>,15,18,[ 2 11],16,-1,34,-1,16
1,<environment.Job instance at 0x7f74c1c15c80>,2,28,[7 4],3,-1,31,-1,3
1,<environment.Job instance at 0x7f74c1c15640>,3,20,[ 5 12],4,-1,24,-1,4
1,<environment.Job instance at 0x7f74c1c15b40>,6,22,[ 4 14],7,-1,29,-1,7
1,<environment.Job instance at 0x7f74b89732d0>,12,13,[10  2],13,-1,46,-1,33
1,<environment.Job instance at 0x7f74b8973730>,15,12,[ 5 12],16,-1,45,-1,33
1,<environment.Job instance at 0x7f74b8973d20>,16,15,[1 9],17,-1,50,-1,35
1,<environment.Job instance at 0x7f74b8973410>,17,3,[ 3 11],18,-1,38,-1,35
1,<environment.Job instance at 0x7f74b8144dc0>,18,17,[13  2],19,-1,52,-1,35
1,<environment.Job instance at 0x7f74b8973f00>,19,23,[ 1 11],20,-1,58,-1,35
1,<environment.Job instance at 0x7f74b89739b0>,20,16,[ 3 11],21,-1,51,-1,35
1,<environment.Job instance at 0x7f74b7de8910>,21,2,[12  4],22,-1,37,-1,35
1,<environment.Job instance at 0x7f74b7de8730>,22,16,[ 3 14],23,-1,51,-1,35
1,<environment.Job instance at 0x7f74b9149e10>,23,17,[8 5],24,-1,52,-1,35
1,<environment.Job instance at 0x7f74b89736e0>,11,21,[ 5 14],12,-1,56,-1,35
1,<environment.Job instance at 0x7f74b82f20f0>,24,23,[ 3 13],25,-1,58,-1,35
1,<environment.Job instance at 0x7f74b82c2e10>,25,1,[1 9],26,-1,36,-1,35
1,<environment.Job instance at 0x7f74b8f28f50>,31,1,[13  1],32,-1,42,-1,41
1,<environment.Job instance at 0x7f74b7ff0eb0>,32,26,[6 4],33,-1,67,-1,41
1,<environment.Job instance at 0x7f74b7906aa0>,33,13,[ 3 10],34,-1,54,-1,41
1,<environment.Job instance at 0x7f74b7dfedc0>,34,3,[5 8],35,-1,44,-1,41
1,<environment.Job instance at 0x7f74b7dfe0f0>,35,26,[12  2],36,-1,67,-1,41
1,<environment.Job instance at 0x7f74b7be40f0>,36,2,[8 4],37,-1,43,-1,41
1,<environment.Job instance at 0x7f74b7df23c0>,37,18,[ 4 10],38,-1,71,-1,53
1,<environment.Job instance at 0x7f74b7d3be60>,40,16,[12  2],41,-1,69,-1,53
1,<environment.Job instance at 0x7f74b7d3bf50>,41,14,[13  5],42,-1,67,-1,53
1,<environment.Job instance at 0x7f74b7d3bf00>,42,15,[ 5 11],43,-1,68,-1,53
1,<environment.Job instance at 0x7f74b7d2eaa0>,43,2,[8 4],44,-1,55,-1,53
1,<environment.Job instance at 0x7f74b7d2e370>,44,16,[ 2 14],45,-1,69,-1,53
1,<environment.Job instance at 0x7f74b7d2e690>,45,25,[10  3],46,-1,78,-1,53
1,<environment.Job instance at 0x7f74b7d2ebe0>,47,25,[8 2],48,-1,83,-1,58
1,<environment.Job instance at 0x7f74b7d2e050>,48,25,[ 1 13],49,-1,83,-1,58
1,<environment.Job instance at 0x7f74b7d2e820>,49,25,[7 1],50,-1,83,-1,58
1,<environment.Job instance at 0x7f74b7906410>,2,26,[ 3 12],3,-1,29,-1,3
1,<environment.Job instance at 0x7f74b7912550>,13,12,[ 3 12],14,-1,34,-1,22
1,<environment.Job instance at 0x7f74b7912f50>,18,18,[ 2 13],19,-1,60,-1,42
1,<environment.Job instance at 0x7f74b79129b0>,19,22,[ 1 14],20,-1,64,-1,42
1,<environment.Job instance at 0x7f74b8d64cd0>,22,26,[8 4],23,-1,85,-1,59
1,<environment.Job instance at 0x7f74b8d64c30>,24,12,[ 2 11],25,-1,71,-1,59
1,<environment.Job instance at 0x7f74b8d64aa0>,25,1,[8 3],26,-1,60,-1,59
1,<environment.Job instance at 0x7f74b8d64e10>,31,17,[ 1 11],32,-1,115,-1,98
1,<environment.Job instance at 0x7f74b8937dc0>,3,17,[ 5 12],4,-1,21,-1,4
1,<environment.Job instance at 0x7f74b8937eb0>,7,13,[ 5 14],8,-1,21,-1,8
1,<environment.Job instance at 0x7f74b7d82050>,8,27,[4 9],9,-1,36,-1,9
1,<environment.Job instance at 0x7f74b7d82370>,9,18,[ 2 14],10,-1,28,-1,10
1,<environment.Job instance at 0x7f74b7d82a00>,20,20,[13  1],21,-1,79,-1,59
1,<environment.Job instance at 0x7f74b7d82af0>,21,1,[ 5 12],22,-1,60,-1,59
1,<environment.Job instance at 0x7f74b7d82d70>,22,3,[8 4],23,-1,62,-1,59
1,<environment.Job instance at 0x7f74b7d82be0>,23,22,[1 9],24,-1,81,-1,59
1,<environment.Job instance at 0x7f74b7d82cd0>,24,3,[ 4 12],25,-1,62,-1,59
1,<environment.Job instance at 0x7f74b7d82f50>,26,1,[2 7],27,-1,65,-1,64
1,<environment.Job instance at 0x7f74b7d9c1e0>,29,27,[4 5],30,-1,105,-1,78
1,<environment.Job instance at 0x7f74b7d9c280>,30,26,[5 1],31,-1,104,-1,78
1,<environment.Job instance at 0x7f74b7d9c320>,31,3,[5 2],32,-1,81,-1,78
1,<environment.Job instance at 0x7f74b7d9c460>,33,1,[ 5 12],34,-1,95,-1,94
1,<environment.Job instance at 0x7f74b7d9c5a0>,35,26,[ 4 12],36,-1,120,-1,94
1,<environment.Job instance at 0x7f74b7d9c190>,37,13,[3 8],38,-1,108,-1,95
1,<environment.Job instance at 0x7f74b82565a0>,6,15,[14  1],7,-1,22,-1,7
1,<environment.Job instance at 0x7f74b8256230>,7,16,[13  3],8,-1,24,-1,8
1,<environment.Job instance at 0x7f74b8256be0>,9,25,[13  4],10,-1,35,-1,10
1,<environment.Job instance at 0x7f74b8256eb0>,10,22,[11  4],11,-1,36,-1,14
1,<environment.Job instance at 0x7f74b8256e60>,15,1,[8 3],16,-1,19,-1,18
1,<environment.Job instance at 0x7f74b8256af0>,16,1,[5 5],17,-1,19,-1,18
1,<environment.Job instance at 0x7f74b8256fa0>,17,25,[10  3],18,-1,43,-1,18
1,<environment.Job instance at 0x7f74b8256870>,18,24,[1 9],19,-1,47,-1,23
1,<environment.Job instance at 0x7f74b82759b0>,20,25,[10  3],21,-1,48,-1,23
1,<environment.Job instance at 0x7f74b8275f50>,21,3,[5 9],22,-1,31,-1,28
1,<environment.Job instance at 0x7f74b8275f00>,22,14,[ 1 10],23,-1,63,-1,49
1,<environment.Job instance at 0x7f74b8275140>,25,18,[ 3 11],26,-1,73,-1,55
1,<environment.Job instance at 0x7f74b8275370>,26,1,[9 2],27,-1,56,-1,55
1,<environment.Job instance at 0x7f74b8275230>,27,3,[5 8],28,-1,58,-1,55
1,<environment.Job instance at 0x7f74b8275d70>,28,27,[ 5 14],29,-1,82,-1,55
1,<environment.Job instance at 0x7f74b8275460>,29,12,[10  3],30,-1,67,-1,55
1,<environment.Job instance at 0x7f74b86943c0>,2,26,[ 5 12],3,-1,29,-1,3
1,<environment.Job instance at 0x7f74b8694780>,6,27,[7 3],7,-1,34,-1,7
1,<environment.Job instance at 0x7f90169ad320>,1,27,[3 7],2,-1,29,-1,2
1,<environment.Job instance at 0x7f90169ad1e0>,7,16,[ 5 14],8,-1,24,-1,8
1,<environment.Job instance at 0x7f900d235be0>,12,17,[ 1 14],13,-1,33,-1,16
1,<environment.Job instance at 0x7f900d235b40>,13,15,[13  4],14,-1,31,-1,16
1,<environment.Job instance at 0x7f900d235dc0>,15,16,[11  5],16,-1,43,-1,27
1,<environment.Job instance at 0x7f900d235eb0>,16,15,[ 1 11],17,-1,42,-1,27
1,<environment.Job instance at 0x7f900d235f50>,17,2,[3 5],18,-1,29,-1,27
1,<environment.Job instance at 0x7f900d2371e0>,19,2,[5 5],20,-1,30,-1,28
1,<environment.Job instance at 0x7f900d237320>,21,23,[6 4],22,-1,65,-1,42
1,<environment.Job instance at 0x7f900d237460>,23,16,[ 1 11],24,-1,64,-1,48
1,<environment.Job instance at 0x7f900d237500>,24,23,[5 8],25,-1,71,-1,48
1,<environment.Job instance at 0x7f900d2370f0>,27,13,[11  4],28,-1,87,-1,74
1,<environment.Job instance at 0x7f900d237870>,28,2,[ 3 10],29,-1,76,-1,74
1,<environment.Job instance at 0x7f900d237960>,30,3,[13  2],31,-1,77,-1,74
1,<environment.Job instance at 0x7f900d237a00>,31,19,[ 5 11],32,-1,93,-1,74
1,<environment.Job instance at 0x7f900d237aa0>,32,12,[13  5],33,-1,86,-1,74
1,<environment.Job instance at 0x7f900d237be0>,34,18,[11  2],35,-1,98,-1,80
1,<environment.Job instance at 0x7f900d237c80>,35,3,[5 9],36,-1,83,-1,80
1,<environment.Job instance at 0x7f900d237e60>,38,23,[ 4 11],39,-1,128,-1,105
1,<environment.Job instance at 0x7f900d237f00>,39,25,[12  4],40,-1,130,-1,105
1,<environment.Job instance at 0x7f900d237730>,41,28,[7 5],42,-1,133,-1,105
1,<environment.Job instance at 0x7f900d237780>,42,15,[14  4],43,-1,120,-1,105
1,<environment.Job instance at 0x7f900d69c6e0>,6,22,[ 4 14],7,-1,29,-1,7
1,<environment.Job instance at 0x7f900d67a870>,12,1,[ 1 14],13,-1,26,-1,25
1,<environment.Job instance at 0x7f900d67a0a0>,15,12,[5 1],16,-1,38,-1,26
1,<environment.Job instance at 0x7f900d67a050>,17,26,[5 7],18,-1,57,-1,31
1,<environment.Job instance at 0x7f900d67acd0>,19,27,[2 5],20,-1,70,-1,43
1,<environment.Job instance at 0x7f900d67a7d0>,20,14,[11  5],21,-1,57,-1,43
1,<environment.Job instance at 0x7f900d67aa00>,21,25,[3 5],22,-1,68,-1,43
1,<environment.Job instance at 0x7f900ca49370>,24,12,[14  1],25,-1,68,-1,56
1,<environment.Job instance at 0x7f900cc455f0>,26,13,[12  1],27,-1,74,-1,61
1,<environment.Job instance at 0x7f900ccf3820>,27,17,[ 5 14],28,-1,78,-1,61
1,<environment.Job instance at 0x7f900ccdbf50>,28,18,[7 1],29,-1,80,-1,62
1,<environment.Job instance at 0x7f900ccdb910>,29,27,[8 5],30,-1,89,-1,62
1,<environment.Job instance at 0x7f900ccdb690>,30,17,[14  2],31,-1,79,-1,62
1,<environment.Job instance at 0x7f900ccdb4b0>,31,12,[11  1],32,-1,74,-1,62
1,<environment.Job instance at 0x7f900cd4c050>,32,1,[7 3],33,-1,63,-1,62
1,<environment.Job instance at 0x7f900cd09e60>,35,3,[7 1],36,-1,82,-1,79
1,<environment.Job instance at 0x7f900cd4c5a0>,37,22,[1 7],38,-1,121,-1,99
1,<environment.Job instance at 0x7f900cd4fc80>,38,22,[14  1],39,-1,121,-1,99
1,<environment.Job instance at 0x7f900c9443c0>,39,22,[ 2 10],40,-1,121,-1,99
1,<environment.Job instance at 0x7f900cd4fb40>,40,14,[ 4 11],41,-1,113,-1,99
1,<environment.Job instance at 0x7f900cd4fd70>,41,28,[8 4],42,-1,127,-1,99
1,<environment.Job instance at 0x7f900cd257d0>,43,25,[7 4],44,-1,124,-1,99
1,<environment.Job instance at 0x7f900cd255f0>,44,12,[8 2],45,-1,111,-1,99
1,<environment.Job instance at 0x7f900cd25190>,45,19,[ 1 12],46,-1,118,-1,99
1,<environment.Job instance at 0x7f900c9216e0>,1,26,[ 5 13],2,-1,28,-1,2
1,<environment.Job instance at 0x7f900cd25190>,4,1,[14  1],5,-1,6,-1,5
1,<environment.Job instance at 0x7f900c9210a0>,9,24,[14  5],10,-1,34,-1,10
1,<environment.Job instance at 0x7f900c921e10>,6,26,[11  5],7,-1,36,-1,10
1,<environment.Job instance at 0x7f900c921aa0>,11,3,[9 3],12,-1,15,-1,12
1,<environment.Job instance at 0x7f900c9215f0>,12,17,[14  3],13,-1,30,-1,13
1,<environment.Job instance at 0x7f900c921c80>,13,2,[2 9],14,-1,16,-1,14
1,<environment.Job instance at 0x7f900c946be0>,17,19,[12  1],18,-1,47,-1,28
1,<environment.Job instance at 0x7f900c946d20>,18,24,[9 3],19,-1,52,-1,28
1,<environment.Job instance at 0x7f900c9465f0>,19,3,[7 2],20,-1,31,-1,28
1,<environment.Job instance at 0x7f900c9466e0>,22,2,[11  4],23,-1,32,-1,30
1,<environment.Job instance at 0x7f900c946af0>,23,21,[1 9],24,-1,51,-1,30
1,<environment.Job instance at 0x7f900c946730>,24,26,[1 9],25,-1,56,-1,30
1,<environment.Job instance at 0x7f900c9461e0>,25,12,[1 9],26,-1,42,-1,30
1,<environment.Job instance at 0x7f900c946410>,26,28,[9 1],27,-1,58,-1,30
1,<environment.Job instance at 0x7f900c946eb0>,27,21,[3 6],28,-1,52,-1,31
1,<environment.Job instance at 0x7f900c9468c0>,28,12,[8 1],29,-1,43,-1,31
1,<environment.Job instance at 0x7f900c946aa0>,29,25,[9 3],30,-1,56,-1,31
1,<environment.Job instance at 0x7f900c946690>,31,14,[11  3],32,-1,46,-1,32
1,<environment.Job instance at 0x7f900c946dc0>,32,1,[5 9],33,-1,34,-1,33
1,<environment.Job instance at 0x7f900c946140>,37,15,[12  3],38,-1,76,-1,61
1,<environment.Job instance at 0x7f900c941d20>,39,28,[5 5],40,-1,91,-1,63
1,<environment.Job instance at 0x7f900c941690>,40,3,[5 2],41,-1,66,-1,63
1,<environment.Job instance at 0x7f900c9417d0>,44,2,[6 1],45,-1,101,-1,99
1,<environment.Job instance at 0x7f900c941b40>,45,3,[ 3 10],46,-1,102,-1,99
1,<environment.Job instance at 0x7f900d0744b0>,46,1,[3 7],47,-1,100,-1,99
1,<environment.Job instance at 0x7f900d7a9f50>,47,28,[ 4 11],48,-1,127,-1,99
1,<environment.Job instance at 0x7f900d889c30>,2,17,[ 1 12],3,-1,20,-1,3
1,<environment.Job instance at 0x7f900cd0d410>,3,15,[ 5 11],4,-1,19,-1,4
1,<environment.Job instance at 0x7f900d634870>,6,12,[14  5],7,-1,20,-1,8
1,<environment.Job instance at 0x7f900cbd3d70>,8,28,[ 2 12],9,-1,37,-1,9
1,<environment.Job instance at 0x7f900cbae050>,7,2,[2 8],8,-1,17,-1,15
1,<environment.Job instance at 0x7f900ce33730>,14,14,[10  1],15,-1,53,-1,39
1,<environment.Job instance at 0x7f900cd69a00>,19,27,[2 9],20,-1,66,-1,39
1,<environment.Job instance at 0x7f900cd70410>,20,27,[3 7],21,-1,66,-1,39
1,<environment.Job instance at 0x7f900cd70320>,21,17,[ 3 14],22,-1,56,-1,39
1,<environment.Job instance at 0x7f900cf11500>,22,1,[8 3],23,-1,40,-1,39
1,<environment.Job instance at 0x7f900cf11690>,23,20,[ 1 11],24,-1,59,-1,39
1,<environment.Job instance at 0x7f900cd47780>,25,1,[8 2],26,-1,40,-1,39
1,<environment.Job instance at 0x7f900cf11c80>,27,19,[13  2],28,-1,65,-1,46
1,<environment.Job instance at 0x7f900cef3a50>,29,26,[ 2 14],30,-1,77,-1,51
1,<environment.Job instance at 0x7f900cef3870>,30,1,[4 8],31,-1,52,-1,51
1,<environment.Job instance at 0x7f900cc3a0a0>,31,20,[11  5],32,-1,71,-1,51
1,<environment.Job instance at 0x7f900cd7bf50>,32,20,[12  3],33,-1,71,-1,51
1,<environment.Job instance at 0x7f900d2afaf0>,33,3,[1 5],34,-1,54,-1,51
1,<environment.Job instance at 0x7f900d2aff00>,34,20,[10  5],35,-1,112,-1,92
1,<environment.Job instance at 0x7f900c8fc0f0>,38,2,[8 5],39,-1,94,-1,92
1,<environment.Job instance at 0x7f900cebe8c0>,39,2,[5 3],40,-1,94,-1,92
1,<environment.Job instance at 0x7f900cebef50>,40,27,[11  2],41,-1,119,-1,92
1,<environment.Job instance at 0x7f900ceb4320>,41,1,[7 2],42,-1,93,-1,92
1,<environment.Job instance at 0x7f900ceb42d0>,43,12,[ 3 14],44,-1,104,-1,92
1,<environment.Job instance at 0x7f900ceb47d0>,45,3,[ 3 11],46,-1,102,-1,99
1,<environment.Job instance at 0x7f900d67a0f0>,46,25,[7 4],47,-1,124,-1,99
1,<environment.Job instance at 0x7f900d67a230>,47,16,[ 1 10],48,-1,115,-1,99
1,<environment.Job instance at 0x7f900d67a910>,48,12,[ 2 14],49,-1,111,-1,99
1,<environment.Job instance at 0x7f900d67a190>,49,23,[5 5],50,-1,122,-1,99
1,<environment.Job instance at 0x7f900d67a8c0>,51,13,[ 3 11],52,-1,114,-1,101
1,<environment.Job instance at 0x7f900d67aeb0>,52,26,[ 4 13],53,-1,127,-1,101
1,<environment.Job instance at 0x7f900d67ab90>,53,25,[5 5],54,-1,126,-1,101
1,<environment.Job instance at 0x7f900d679500>,1,21,[ 1 12],2,-1,23,-1,2
1,<environment.Job instance at 0x7f900cbeb190>,4,14,[ 3 12],5,-1,19,-1,5
1,<environment.Job instance at 0x7f900d0c60a0>,6,17,[ 3 14],7,-1,24,-1,7
1,<environment.Job instance at 0x7f900d928e60>,9,18,[ 5 12],10,-1,28,-1,10
1,<environment.Job instance at 0x7f900d928fa0>,10,19,[13  2],11,-1,30,-1,11
1,<environment.Job instance at 0x7f900d928780>,13,18,[14  1],14,-1,32,-1,14
1,<environment.Job instance at 0x7f900d9288c0>,14,27,[4 8],15,-1,43,-1,16
1,<environment.Job instance at 0x7f900d928c30>,16,23,[ 4 11],17,-1,40,-1,17
1,<environment.Job instance at 0x7f900d928cd0>,17,20,[4 7],18,-1,73,-1,53
1,<environment.Job instance at 0x7f900d909d20>,28,1,[7 3],29,-1,54,-1,53
1,<environment.Job instance at 0x7f900d930fa0>,30,24,[14  1],31,-1,80,-1,56
1,<environment.Job instance at 0x7f900d9303c0>,31,26,[6 3],32,-1,82,-1,56
1,<environment.Job instance at 0x7f900d930280>,32,25,[5 1],33,-1,81,-1,56
1,<environment.Job instance at 0x7f900d9301e0>,33,16,[14  5],34,-1,72,-1,56
1,<environment.Job instance at 0x7f900d9306e0>,34,15,[ 5 12],35,-1,71,-1,56
1,<environment.Job instance at 0x7f900d9308c0>,35,17,[12  1],36,-1,73,-1,56
1,<environment.Job instance at 0x7f900d930140>,36,12,[ 2 14],37,-1,68,-1,56
1,<environment.Job instance at 0x7f900d930820>,37,23,[9 5],38,-1,79,-1,56
1,<environment.Job instance at 0x7f900d927dc0>,38,2,[10  1],39,-1,58,-1,56
1,<environment.Job instance at 0x7f900cc54b40>,40,17,[12  3],41,-1,82,-1,65
1,<environment.Job instance at 0x7f900c820d20>,46,25,[10  1],47,-1,111,-1,86
1,<environment.Job instance at 0x7f900c820af0>,47,2,[10  5],48,-1,88,-1,86
1,<environment.Job instance at 0x7f900dd6fb90>,1,26,[8 3],2,-1,28,-1,2
1,<environment.Job instance at 0x7f900c820f00>,2,3,[11  1],3,-1,6,-1,3
1,<environment.Job instance at 0x7f900d932f00>,6,25,[ 3 10],7,-1,32,-1,7
1,<environment.Job instance at 0x7f900cbeb3c0>,13,16,[14  3],14,-1,30,-1,14
1,<environment.Job instance at 0x7f900d932c30>,14,17,[11  3],15,-1,44,-1,27
1,<environment.Job instance at 0x7f900d932500>,23,15,[ 5 11],24,-1,94,-1,79
1,<environment.Job instance at 0x7f900d9327d0>,24,15,[11  2],25,-1,94,-1,79
1,<environment.Job instance at 0x7f900d932730>,25,28,[ 4 10],26,-1,107,-1,79
1,<environment.Job instance at 0x7f900cf880a0>,26,2,[1 6],27,-1,81,-1,79
1,<environment.Job instance at 0x7f900cf88640>,27,14,[ 5 12],28,-1,93,-1,79
1,<environment.Job instance at 0x7f900cbee410>,1,21,[13  5],2,-1,23,-1,2
1,<environment.Job instance at 0x7f900cec4f00>,3,26,[7 1],4,-1,31,-1,5
1,<environment.Job instance at 0x7f900c9455f0>,10,12,[13  5],11,-1,23,-1,11
1,<environment.Job instance at 0x7f900c9458c0>,11,2,[ 5 13],12,-1,14,-1,12
1,<environment.Job instance at 0x7f900c945780>,22,17,[14  1],23,-1,83,-1,66
1,<environment.Job instance at 0x7f900c9450a0>,26,16,[ 1 12],27,-1,102,-1,86
1,<environment.Job instance at 0x7f900da35e10>,3,2,[10  5],4,-1,6,-1,4
1,<environment.Job instance at 0x7f900da35780>,4,14,[ 5 14],5,-1,19,-1,5
1,<environment.Job instance at 0x7f900da26780>,8,23,[4 8],9,-1,32,-1,9
1,<environment.Job instance at 0x7f900cbc1640>,10,25,[7 5],11,-1,43,-1,18
1,<environment.Job instance at 0x7f900da3ac80>,16,25,[2 7],17,-1,50,-1,25
1,<environment.Job instance at 0x7f900da3adc0>,18,27,[8 2],19,-1,54,-1,27
1,<environment.Job instance at 0x7f900cc18190>,20,28,[11  3],21,-1,59,-1,31
1,<environment.Job instance at 0x7f900d5c78c0>,21,13,[ 4 13],22,-1,44,-1,31
1,<environment.Job instance at 0x7f900cc22be0>,22,15,[12  1],23,-1,46,-1,31
1,<environment.Job instance at 0x7f900cc12460>,26,12,[14  3],27,-1,61,-1,49
1,<environment.Job instance at 0x7f900cc55d70>,27,16,[13  1],28,-1,65,-1,49
1,<environment.Job instance at 0x7f900cc127d0>,28,12,[12  4],29,-1,61,-1,49
1,<environment.Job instance at 0x7f900cc12b40>,29,17,[ 4 13],30,-1,66,-1,49
1,<environment.Job instance at 0x7f900da10050>,30,16,[14  2],31,-1,65,-1,49
1,<environment.Job instance at 0x7f900da104b0>,31,2,[11  2],32,-1,51,-1,49
1,<environment.Job instance at 0x7f900da10410>,32,13,[13  3],33,-1,62,-1,49
1,<environment.Job instance at 0x7f900cc91820>,34,13,[ 3 14],35,-1,80,-1,67
1,<environment.Job instance at 0x7f900cc66f00>,39,2,[2 7],40,-1,98,-1,96
1,<environment.Job instance at 0x7f900d5b90a0>,40,13,[ 1 14],41,-1,109,-1,96
1,<environment.Job instance at 0x7f900cc66640>,42,1,[ 2 14],43,-1,97,-1,96
1,<environment.Job instance at 0x7f900da21690>,45,24,[10  2],46,-1,126,-1,102
1,<environment.Job instance at 0x7f900da21d70>,46,26,[ 1 14],47,-1,128,-1,102
1,<environment.Job instance at 0x7f900d87f910>,1,1,[14  5],2,-1,3,-1,2
1,<environment.Job instance at 0x7f900d87faa0>,7,23,[ 5 14],8,-1,31,-1,8
1,<environment.Job instance at 0x7f900da21d70>,9,15,[ 4 14],10,-1,25,-1,10
1,<environment.Job instance at 0x7f900d87f820>,10,22,[ 5 12],11,-1,33,-1,11
1,<environment.Job instance at 0x7f900d87fd70>,11,3,[7 4],12,-1,16,-1,13
1,<environment.Job instance at 0x7f900d884dc0>,22,2,[8 3],23,-1,52,-1,50
1,<environment.Job instance at 0x7f900d884aa0>,24,18,[ 4 10],25,-1,84,-1,66
1,<environment.Job instance at 0x7f900d8843c0>,25,13,[ 2 10],26,-1,79,-1,66
1,<environment.Job instance at 0x7f900d884550>,26,17,[ 2 12],27,-1,83,-1,66
1,<environment.Job instance at 0x7f900d884c80>,29,3,[3 9],30,-1,84,-1,81
1,<environment.Job instance at 0x7f900d884e60>,31,13,[4 7],32,-1,94,-1,81
1,<environment.Job instance at 0x7f900d884d20>,32,1,[2 8],33,-1,82,-1,81
1,<environment.Job instance at 0x7f900d884780>,34,2,[8 4],35,-1,97,-1,95
1,<environment.Job instance at 0x7f900d884280>,35,25,[2 8],36,-1,120,-1,95
1,<environment.Job instance at 0x7f900d888550>,36,17,[13  3],37,-1,112,-1,95
1,<environment.Job instance at 0x7f900d888aa0>,37,13,[ 3 13],38,-1,108,-1,95
1,<environment.Job instance at 0x7f900d888780>,38,28,[ 1 10],39,-1,123,-1,95
1,<environment.Job instance at 0x7f900d8888c0>,39,28,[ 2 12],40,-1,123,-1,95
1,<environment.Job instance at 0x7f900d888fa0>,40,3,[7 1],41,-1,98,-1,95
1,<environment.Job instance at 0x7f900da35640>,1,24,[11  1],2,-1,26,-1,2
1,<environment.Job instance at 0x7f900d888a50>,2,24,[5 4],3,-1,27,-1,3
1,<environment.Job instance at 0x7f900cc8e230>,5,20,[ 1 11],6,-1,26,-1,6
1,<environment.Job instance at 0x7f900cc70690>,17,26,[3 5],18,-1,55,-1,29
1,<environment.Job instance at 0x7f900cc70fa0>,20,17,[ 2 14],21,-1,65,-1,48
1,<environment.Job instance at 0x7f900cc700f0>,21,13,[ 3 14],22,-1,61,-1,48
1,<environment.Job instance at 0x7f900c99bd70>,29,3,[ 1 14],30,-1,94,-1,91
1,<environment.Job instance at 0x7f900cfb3140>,30,15,[ 1 12],31,-1,106,-1,91
1,<environment.Job instance at 0x7f900cffd640>,31,21,[13  1],32,-1,112,-1,91
1,<environment.Job instance at 0x7f900cc8f0a0>,32,25,[7 5],33,-1,116,-1,91
1,<environment.Job instance at 0x7f900cc8fb90>,33,3,[1 9],34,-1,94,-1,91
1,<environment.Job instance at 0x7f900cfe3fa0>,34,2,[1 8],35,-1,93,-1,91
1,<environment.Job instance at 0x7f900dd7a050>,3,27,[6 4],4,-1,31,-1,4
1,<environment.Job instance at 0x7f900dd7a8c0>,4,14,[ 2 14],5,-1,19,-1,5
1,<environment.Job instance at 0x7f900dd7ab40>,11,28,[ 2 13],12,-1,40,-1,12
1,<environment.Job instance at 0x7f900ce640f0>,12,2,[5 3],13,-1,16,-1,14
1,<environment.Job instance at 0x7f900ce64c30>,18,3,[9 3],19,-1,34,-1,31
1,<environment.Job instance at 0x7f900ce64410>,20,21,[ 3 14],21,-1,52,-1,31
1,<environment.Job instance at 0x7f900ce642d0>,21,1,[4 5],22,-1,32,-1,31
1,<environment.Job instance at 0x7f900ce64aa0>,22,13,[13  2],23,-1,44,-1,31
1,<environment.Job instance at 0x7f900ce64e60>,23,28,[2 8],24,-1,59,-1,31
1,<environment.Job instance at 0x7f900ce645f0>,24,3,[5 7],25,-1,34,-1,31
1,<environment.Job instance at 0x7f900ce64a00>,25,26,[ 1 11],26,-1,57,-1,31
1,<environment.Job instance at 0x7f900ce64dc0>,27,22,[14  1],28,-1,64,-1,42
1,<environment.Job instance at 0x7f900ce64690>,30,15,[12  5],31,-1,74,-1,59
1,<environment.Job instance at 0x7f900ce64a50>,31,16,[9 1],32,-1,83,-1,67
1,<environment.Job instance at 0x7f900ce64cd0>,32,15,[11  2],33,-1,82,-1,67
1,<environment.Job instance at 0x7f900ce64460>,33,1,[8 5],34,-1,68,-1,67
1,<environment.Job instance at 0x7f900ce648c0>,34,3,[ 4 12],35,-1,70,-1,67
1,<environment.Job instance at 0x7f900d6f21e0>,35,21,[11  4],36,-1,88,-1,67
1,<environment.Job instance at 0x7f900d6f2c30>,39,14,[ 3 10],40,-1,85,-1,71
1,<environment.Job instance at 0x7f900d6f25f0>,44,14,[ 1 13],45,-1,119,-1,105
1,<environment.Job instance at 0x7f900d6f2870>,45,1,[10  5],46,-1,106,-1,105
1,<environment.Job instance at 0x7f900d6f20f0>,46,2,[13  3],47,-1,107,-1,105
1,<environment.Job instance at 0x7f900d6f2820>,47,25,[1 9],48,-1,130,-1,105
1,<environment.Job instance at 0x7f900c636b90>,1,24,[ 3 12],2,-1,26,-1,2
1,<environment.Job instance at 0x7f900c636780>,2,14,[ 5 13],3,-1,17,-1,3
1,<environment.Job instance at 0x7f900c6369b0>,3,24,[6 5],4,-1,28,-1,4
1,<environment.Job instance at 0x7f900c636230>,6,24,[8 1],7,-1,31,-1,7
1,<environment.Job instance at 0x7f900c711460>,21,17,[ 2 13],22,-1,104,-1,87
1,<environment.Job instance at 0x7f900c7111e0>,22,19,[ 3 12],23,-1,106,-1,87
1,<environment.Job instance at 0x7f900c711b40>,23,15,[ 1 14],24,-1,102,-1,87
1,<environment.Job instance at 0x7f900c711870>,24,20,[ 5 10],25,-1,118,-1,98
1,<environment.Job instance at 0x7f900c711c80>,25,22,[3 7],26,-1,126,-1,104
1,<environment.Job instance at 0x7f900c7112d0>,26,13,[13  1],27,-1,117,-1,104
1,<environment.Job instance at 0x7f900c711320>,29,12,[13  4],30,-1,116,-1,104
1,<environment.Job instance at 0x7f900d23d500>,7,15,[ 2 13],8,-1,23,-1,8
1,<environment.Job instance at 0x7f900d23d050>,8,13,[14  5],9,-1,22,-1,9
1,<environment.Job instance at 0x7f900d23dc80>,9,16,[ 4 13],10,-1,26,-1,10
1,<environment.Job instance at 0x7f900cec40a0>,20,16,[ 1 13],21,-1,80,-1,64
1,<environment.Job instance at 0x7f900cec4910>,24,28,[5 8],25,-1,120,-1,92
1,<environment.Job instance at 0x7f900cec4f00>,25,3,[ 1 12],26,-1,95,-1,92
1,<environment.Job instance at 0x7f900cec4690>,26,1,[ 5 10],27,-1,93,-1,92
1,<environment.Job instance at 0x7f900cc8fd20>,5,26,[12  2],6,-1,32,-1,6
1,<environment.Job instance at 0x7f900cc8fb90>,8,24,[6 3],9,-1,34,-1,10
1,<environment.Job instance at 0x7f900cc8fc30>,10,16,[12  2],11,-1,27,-1,11
1,<environment.Job instance at 0x7f900cc8f050>,11,14,[13  5],12,-1,26,-1,12
1,<environment.Job instance at 0x7f900cc8f690>,12,15,[ 5 11],13,-1,28,-1,13
1,<environment.Job instance at 0x7f900cc8fb40>,13,2,[8 4],14,-1,16,-1,14
1,<environment.Job instance at 0x7f900cc8f550>,14,16,[ 2 14],15,-1,31,-1,15
1,<environment.Job instance at 0x7f901646ea00>,18,25,[ 1 13],19,-1,44,-1,19
1,<environment.Job instance at 0x7f901646e190>,19,25,[7 1],20,-1,45,-1,20
1,<environment.Job instance at 0x7f901646eb90>,21,3,[ 5 13],22,-1,28,-1,25
1,<environment.Job instance at 0x7f901646edc0>,22,2,[2 5],23,-1,27,-1,25
1,<environment.Job instance at 0x7f901646eb40>,23,14,[13  2],24,-1,39,-1,25
1,<environment.Job instance at 0x7f900c7f2af0>,25,14,[ 4 10],26,-1,43,-1,29
1,<environment.Job instance at 0x7f9016443460>,3,20,[14  1],4,-1,24,-1,4
1,<environment.Job instance at 0x7f9016443140>,4,16,[ 2 12],5,-1,21,-1,5
1,<environment.Job instance at 0x7f900d4b6140>,8,22,[13  4],9,-1,31,-1,9
1,<environment.Job instance at 0x7f900d4b6870>,10,2,[3 8],11,-1,15,-1,13
1,<environment.Job instance at 0x7f900d4c30a0>,13,25,[6 2],14,-1,39,-1,14
1,<environment.Job instance at 0x7f900d4c3dc0>,17,3,[6 2],18,-1,43,-1,40
1,<environment.Job instance at 0x7f900d4c3c80>,19,3,[ 3 10],20,-1,57,-1,54
1,<environment.Job instance at 0x7f900d4c3190>,21,2,[12  4],22,-1,56,-1,54
1,<environment.Job instance at 0x7f900d4c3640>,23,22,[ 2 10],24,-1,76,-1,54
1,<environment.Job instance at 0x7f900d4c3460>,24,17,[ 5 12],25,-1,71,-1,54
1,<environment.Job instance at 0x7f900d4c3eb0>,25,2,[ 4 10],26,-1,56,-1,54
1,<environment.Job instance at 0x7f900d4c3280>,27,21,[14  5],28,-1,89,-1,68
1,<environment.Job instance at 0x7f900d353be0>,30,25,[5 2],31,-1,105,-1,80
1,<environment.Job instance at 0x7f900d353410>,31,22,[12  5],32,-1,102,-1,80
1,<environment.Job instance at 0x7f900d353a00>,33,28,[ 2 14],34,-1,112,-1,84
1,<environment.Job instance at 0x7f900c663370>,8,1,[ 1 11],9,-1,10,-1,9
1,<environment.Job instance at 0x7f900c6636e0>,10,19,[13  5],11,-1,30,-1,11
1,<environment.Job instance at 0x7f900c663e10>,11,22,[13  5],12,-1,34,-1,12
1,<environment.Job instance at 0x7f900c663050>,12,18,[11  2],13,-1,41,-1,23
1,<environment.Job instance at 0x7f900c674f00>,16,14,[ 4 14],17,-1,37,-1,23
1,<environment.Job instance at 0x7f900c674b90>,17,28,[ 3 13],18,-1,51,-1,23
1,<environment.Job instance at 0x7f900c674550>,20,23,[2 6],21,-1,70,-1,47
1,<environment.Job instance at 0x7f900c674e60>,22,26,[ 2 11],23,-1,89,-1,63
1,<environment.Job instance at 0x7f900c6741e0>,24,19,[ 4 11],25,-1,82,-1,63
1,<environment.Job instance at 0x7f900c6749b0>,25,17,[ 5 14],26,-1,80,-1,63
1,<environment.Job instance at 0x7f900c6748c0>,26,2,[12  2],27,-1,65,-1,63
1,<environment.Job instance at 0x7f900c674500>,27,12,[12  4],28,-1,75,-1,63
1,<environment.Job instance at 0x7f900c674d20>,29,18,[12  2],30,-1,81,-1,63
1,<environment.Job instance at 0x7f900c674c30>,32,27,[3 9],33,-1,108,-1,81
1,<environment.Job instance at 0x7f900c6660a0>,35,1,[5 2],36,-1,106,-1,105
1,<environment.Job instance at 0x7f900c6667d0>,2,24,[ 2 10],3,-1,27,-1,3
1,<environment.Job instance at 0x7f9016438050>,4,27,[7 4],5,-1,32,-1,5
1,<environment.Job instance at 0x7f90164389b0>,6,21,[ 1 12],7,-1,28,-1,7
1,<environment.Job instance at 0x7f900cd89aa0>,8,28,[1 7],9,-1,37,-1,9
1,<environment.Job instance at 0x7f900cd89c30>,11,16,[ 1 11],12,-1,29,-1,13
1,<environment.Job instance at 0x7f900d27ab90>,13,13,[14  5],14,-1,27,-1,14
1,<environment.Job instance at 0x7f900d27acd0>,16,12,[ 4 10],17,-1,32,-1,20
1,<environment.Job instance at 0x7f900d27a0f0>,20,18,[ 5 14],21,-1,52,-1,34
1,<environment.Job instance at 0x7f900d27ab40>,27,28,[ 4 10],28,-1,117,-1,89
1,<environment.Job instance at 0x7f900d27afa0>,29,13,[12  1],30,-1,108,-1,95
1,<environment.Job instance at 0x7f900d27a3c0>,30,18,[14  5],31,-1,113,-1,95
1,<environment.Job instance at 0x7f90163fa5f0>,33,27,[7 2],34,-1,135,-1,108
1,<environment.Job instance at 0x7f90163fa500>,34,22,[11  5],35,-1,130,-1,108
1,<environment.Job instance at 0x7f90163fac80>,35,22,[11  2],36,-1,130,-1,108
1,<environment.Job instance at 0x7f90163fa8c0>,36,2,[13  4],37,-1,110,-1,108
1,<environment.Job instance at 0x7f90163faa00>,37,28,[7 5],38,-1,136,-1,108
1,<environment.Job instance at 0x7f900dbc0dc0>,3,17,[ 5 12],4,-1,21,-1,4
1,<environment.Job instance at 0x7f900dbc06e0>,5,15,[ 4 14],6,-1,21,-1,6
1,<environment.Job instance at 0x7f900dbc0e60>,6,20,[ 1 11],7,-1,27,-1,7
1,<environment.Job instance at 0x7f900dbbc0a0>,10,28,[ 4 10],11,-1,39,-1,11
1,<environment.Job instance at 0x7f900dbc0960>,12,1,[14  3],13,-1,15,-1,14
1,<environment.Job instance at 0x7f900dbc8640>,20,12,[14  3],21,-1,58,-1,46
1,<environment.Job instance at 0x7f900dbc8c30>,21,1,[14  4],22,-1,47,-1,46
1,<environment.Job instance at 0x7f900dbc8e10>,22,2,[6 1],23,-1,48,-1,46
1,<environment.Job instance at 0x7f900dbc8e60>,23,1,[8 5],24,-1,47,-1,46
1,<environment.Job instance at 0x7f900dbc8fa0>,24,15,[13  4],25,-1,61,-1,46
1,<environment.Job instance at 0x7f900dbc85a0>,28,3,[ 5 10],29,-1,77,-1,74
1,<environment.Job instance at 0x7f900dbc84b0>,29,16,[11  1],30,-1,90,-1,74
1,<environment.Job instance at 0x7f900dbc8500>,30,24,[1 5],31,-1,98,-1,74
1,<environment.Job instance at 0x7f900dbc89b0>,32,26,[ 5 12],33,-1,100,-1,74
1,<environment.Job instance at 0x7f900dbc8050>,33,24,[6 2],34,-1,98,-1,74
1,<environment.Job instance at 0x7f900dbb6e10>,34,1,[2 7],35,-1,75,-1,74
1,<environment.Job instance at 0x7f900dbb68c0>,35,2,[3 8],36,-1,76,-1,74
1,<environment.Job instance at 0x7f900dbb65f0>,36,27,[7 3],37,-1,101,-1,74
1,<environment.Job instance at 0x7f900dbb6c30>,37,1,[ 4 10],38,-1,75,-1,74
1,<environment.Job instance at 0x7f900dbb6640>,38,13,[12  4],39,-1,87,-1,74
1,<environment.Job instance at 0x7f900cb8ecd0>,41,18,[13  1],42,-1,113,-1,95
1,<environment.Job instance at 0x7f900d521f50>,45,13,[ 5 11],46,-1,122,-1,109
1,<environment.Job instance at 0x7f900cab1820>,46,17,[12  5],47,-1,126,-1,109
1,<environment.Job instance at 0x7f900d0e1050>,47,3,[ 5 12],48,-1,112,-1,109
1,<environment.Job instance at 0x7f900ce02910>,7,24,[5 5],8,-1,32,-1,8
1,<environment.Job instance at 0x7f900ce02870>,10,28,[ 2 11],11,-1,39,-1,11
1,<environment.Job instance at 0x7f900d26f8c0>,11,22,[7 4],12,-1,36,-1,14
1,<environment.Job instance at 0x7f900d26f230>,19,12,[ 1 10],20,-1,60,-1,48
1,<environment.Job instance at 0x7f900cdf8f00>,20,14,[14  4],21,-1,62,-1,48
1,<environment.Job instance at 0x7f900cdf8a50>,21,28,[3 8],22,-1,76,-1,48
1,<environment.Job instance at 0x7f900cdf8780>,22,22,[12  5],23,-1,70,-1,48
1,<environment.Job instance at 0x7f900cdf87d0>,23,14,[ 1 12],24,-1,62,-1,48
1,<environment.Job instance at 0x7f900cdf84b0>,26,3,[ 5 10],27,-1,66,-1,63
1,<environment.Job instance at 0x7f900cdf8280>,27,1,[10  5],28,-1,64,-1,63
1,<environment.Job instance at 0x7f900cdf8cd0>,33,22,[ 3 12],34,-1,123,-1,101
1,<environment.Job instance at 0x7f900cdf8140>,35,26,[6 2],36,-1,127,-1,101
1,<environment.Job instance at 0x7f900cdf8190>,36,12,[8 1],37,-1,113,-1,101
1,<environment.Job instance at 0x7f900cdf8be0>,37,15,[12  4],38,-1,116,-1,101
1,<environment.Job instance at 0x7f900dcbfd20>,38,1,[5 6],39,-1,102,-1,101
1,<environment.Job instance at 0x7f900dcbf320>,39,17,[13  2],40,-1,118,-1,101
1,<environment.Job instance at 0x7f900dcbf3c0>,40,18,[11  2],41,-1,119,-1,101
1,<environment.Job instance at 0x7f900de344b0>,1,25,[ 2 13],2,-1,27,-1,2
1,<environment.Job instance at 0x7f900dcbf3c0>,3,3,[5 7],4,-1,7,-1,4
1,<environment.Job instance at 0x7f900ca6e140>,4,28,[ 3 12],5,-1,33,-1,5
1,<environment.Job instance at 0x7f900ca6e1e0>,5,14,[ 2 13],6,-1,20,-1,6
1,<environment.Job instance at 0x7f900dcbf780>,2,17,[13  1],3,-1,23,-1,6
1,<environment.Job instance at 0x7f900ca6e0a0>,6,23,[13  4],7,-1,30,-1,7
1,<environment.Job instance at 0x7f900ca6e500>,9,27,[9 3],10,-1,37,-1,10
1,<environment.Job instance at 0x7f900ca6e730>,13,1,[5 6],14,-1,15,-1,14
1,<environment.Job instance at 0x7f900ca6ebe0>,19,28,[12  2],20,-1,50,-1,22
1,<environment.Job instance at 0x7f900ca6ef50>,22,1,[4 5],23,-1,37,-1,36
1,<environment.Job instance at 0x7f900ca5e230>,26,25,[5 9],27,-1,74,-1,49
1,<environment.Job instance at 0x7f900ca5e550>,31,27,[ 1 14],32,-1,113,-1,86
1,<environment.Job instance at 0x7f900ca5e5f0>,32,23,[6 2],33,-1,109,-1,86
1,<environment.Job instance at 0x7f900ca5e690>,33,3,[2 6],34,-1,89,-1,86
1,<environment.Job instance at 0x7f900ca5e7d0>,34,12,[14  3],35,-1,98,-1,86
1,<environment.Job instance at 0x7f900ca5e820>,35,16,[11  2],36,-1,102,-1,86
1,<environment.Job instance at 0x7f900ca5e960>,36,2,[ 3 14],37,-1,88,-1,86
1,<environment.Job instance at 0x7f07165cc320>,1,27,[3 7],2,-1,29,-1,2
1,<environment.Job instance at 0x7f07165cc1e0>,7,16,[ 5 14],8,-1,24,-1,8
1,<environment.Job instance at 0x7f070ce54b90>,12,17,[ 1 14],13,-1,33,-1,16
1,<environment.Job instance at 0x7f070ce54af0>,13,15,[13  4],14,-1,31,-1,16
1,<environment.Job instance at 0x7f070ce54f50>,16,15,[ 1 11],17,-1,47,-1,32
1,<environment.Job instance at 0x7f070ce54fa0>,17,2,[3 5],18,-1,34,-1,32
1,<environment.Job instance at 0x7f070ce56190>,19,2,[5 5],20,-1,41,-1,39
1,<environment.Job instance at 0x7f070ce56140>,21,23,[6 4],22,-1,77,-1,54
1,<environment.Job instance at 0x7f070ce56410>,23,16,[ 1 11],24,-1,70,-1,54
1,<environment.Job instance at 0x7f070ce564b0>,24,23,[5 8],25,-1,77,-1,54
1,<environment.Job instance at 0x7f070ce56320>,28,2,[ 3 10],29,-1,87,-1,85
1,<environment.Job instance at 0x7f070ce566e0>,30,3,[13  2],31,-1,100,-1,97
1,<environment.Job instance at 0x7f070ce56870>,31,19,[ 5 11],32,-1,116,-1,97
1,<environment.Job instance at 0x7f070ce569b0>,32,12,[13  5],33,-1,109,-1,97
1,<environment.Job instance at 0x7f070ce56a50>,34,18,[11  2],35,-1,117,-1,99
1,<environment.Job instance at 0x7f070ce56960>,35,3,[5 9],36,-1,102,-1,99
1,<environment.Job instance at 0x7f070cfa1780>,1,26,[12  1],2,-1,28,-1,2
1,<environment.Job instance at 0x7f070d5085a0>,7,26,[5 7],8,-1,34,-1,8
1,<environment.Job instance at 0x7f070ce56c80>,10,14,[11  5],11,-1,25,-1,11
1,<environment.Job instance at 0x7f070d508050>,11,25,[3 5],12,-1,38,-1,13
1,<environment.Job instance at 0x7f070c7b0dc0>,16,13,[12  1],17,-1,35,-1,22
1,<environment.Job instance at 0x7f070c864c80>,17,17,[ 5 14],18,-1,39,-1,22
1,<environment.Job instance at 0x7f070c94bc80>,19,27,[8 5],20,-1,59,-1,32
1,<environment.Job instance at 0x7f0716218e10>,20,17,[14  2],21,-1,49,-1,32
1,<environment.Job instance at 0x7f070c575b40>,21,12,[11  1],22,-1,44,-1,32
1,<environment.Job instance at 0x7f070c5a08c0>,22,1,[7 3],23,-1,33,-1,32
1,<environment.Job instance at 0x7f070c59d7d0>,25,3,[7 1],26,-1,57,-1,54
1,<environment.Job instance at 0x7f070c865370>,28,22,[14  1],29,-1,77,-1,55
1,<environment.Job instance at 0x7f070c79deb0>,29,22,[ 2 10],30,-1,77,-1,55
1,<environment.Job instance at 0x7f070c578eb0>,30,14,[ 4 11],31,-1,69,-1,55
1,<environment.Job instance at 0x7f070c7a6d70>,31,28,[8 4],32,-1,83,-1,55
1,<environment.Job instance at 0x7f070c9a3230>,33,25,[7 4],34,-1,96,-1,71
1,<environment.Job instance at 0x7f070c953c30>,35,19,[ 1 12],36,-1,90,-1,71
1,<environment.Job instance at 0x7f070c9535f0>,39,1,[9 3],40,-1,114,-1,113
1,<environment.Job instance at 0x7f070c916d70>,40,17,[13  3],41,-1,130,-1,113
1,<environment.Job instance at 0x7f070c5095a0>,41,3,[ 5 12],42,-1,116,-1,113
1,<environment.Job instance at 0x7f070c9d6960>,42,26,[ 5 12],43,-1,139,-1,113
1,<environment.Job instance at 0x7f070c920f50>,43,16,[9 1],44,-1,133,-1,117
1,<environment.Job instance at 0x7f070c916320>,44,27,[ 2 12],45,-1,144,-1,117
1,<environment.Job instance at 0x7f070c94eaa0>,46,3,[ 1 10],47,-1,120,-1,117
1,<environment.Job instance at 0x7f070c94efa0>,47,2,[ 3 10],48,-1,119,-1,117
1,<environment.Job instance at 0x7f070c507af0>,5,12,[1 9],6,-1,20,-1,8
1,<environment.Job instance at 0x7f070c507b90>,8,12,[8 1],9,-1,22,-1,10
1,<environment.Job instance at 0x7f070c507e10>,19,28,[5 5],20,-1,108,-1,80
1,<environment.Job instance at 0x7f070c4f9e60>,27,28,[ 4 11],28,-1,130,-1,102
1,<environment.Job instance at 0x7f070c7f3370>,1,20,[11  5],2,-1,23,-1,3
1,<environment.Job instance at 0x7f070d262910>,7,28,[10  5],8,-1,36,-1,8
1,<environment.Job instance at 0x7f070c9acd70>,10,27,[11  2],11,-1,38,-1,11
1,<environment.Job instance at 0x7f070c9acf00>,13,12,[ 3 14],14,-1,26,-1,14
1,<environment.Job instance at 0x7f070cf15eb0>,16,25,[7 4],17,-1,43,-1,18
1,<environment.Job instance at 0x7f070c987280>,18,12,[ 2 14],19,-1,31,-1,19
1,<environment.Job instance at 0x7f070c993050>,19,23,[5 5],20,-1,43,-1,20
1,<environment.Job instance at 0x7f070c993dc0>,21,13,[ 3 11],22,-1,35,-1,22
1,<environment.Job instance at 0x7f070c864d70>,22,26,[ 4 13],23,-1,49,-1,23
1,<environment.Job instance at 0x7f070c9e0140>,23,25,[5 5],24,-1,49,-1,24
1,<environment.Job instance at 0x7f070c8f2320>,27,27,[6 3],28,-1,55,-1,28
1,<environment.Job instance at 0x7f070cdf67d0>,28,24,[ 1 10],29,-1,53,-1,29
1,<environment.Job instance at 0x7f070c958a00>,29,23,[ 3 13],30,-1,53,-1,30
1,<environment.Job instance at 0x7f070c5deaa0>,32,17,[ 1 13],33,-1,66,-1,49
1,<environment.Job instance at 0x7f070c8fe500>,34,17,[11  1],35,-1,67,-1,50
1,<environment.Job instance at 0x7f070cac9d20>,37,17,[13  4],38,-1,84,-1,67
1,<environment.Job instance at 0x7f070c904870>,38,14,[ 3 11],39,-1,81,-1,67
1,<environment.Job instance at 0x7f070cac9910>,39,18,[12  4],40,-1,85,-1,67
1,<environment.Job instance at 0x7f070c904230>,41,2,[ 4 14],42,-1,89,-1,87
1,<environment.Job instance at 0x7f070c904550>,42,24,[1 8],43,-1,111,-1,87
1,<environment.Job instance at 0x7f070c5d0050>,43,27,[1 9],44,-1,114,-1,87
1,<environment.Job instance at 0x7f070c5d0cd0>,46,1,[ 4 11],47,-1,100,-1,99
1,<environment.Job instance at 0x7f070c5d0c30>,47,15,[ 5 14],48,-1,114,-1,99
1,<environment.Job instance at 0x7f070c5426e0>,49,26,[3 8],50,-1,125,-1,99
1,<environment.Job instance at 0x7f070c802280>,3,14,[14  5],4,-1,18,-1,4
1,<environment.Job instance at 0x7f070c8247d0>,6,25,[10  1],7,-1,32,-1,7
1,<environment.Job instance at 0x7f070c81e550>,13,22,[3 9],14,-1,48,-1,26
1,<environment.Job instance at 0x7f070c81ecd0>,15,20,[ 3 10],16,-1,46,-1,26
1,<environment.Job instance at 0x7f070c81e4b0>,18,26,[ 4 14],19,-1,75,-1,49
1,<environment.Job instance at 0x7f070c81ef50>,21,3,[1 6],22,-1,68,-1,65
1,<environment.Job instance at 0x7f070c7f8460>,23,24,[7 3],24,-1,89,-1,65
1,<environment.Job instance at 0x7f070c7f8640>,24,2,[ 2 13],25,-1,67,-1,65
1,<environment.Job instance at 0x7f070c7f86e0>,25,15,[ 4 14],26,-1,80,-1,65
1,<environment.Job instance at 0x7f070c7f8a00>,26,16,[ 4 11],27,-1,81,-1,65
1,<environment.Job instance at 0x7f070c7f8b40>,28,27,[ 2 14],29,-1,97,-1,70
1,<environment.Job instance at 0x7f070c7f8f00>,29,22,[ 2 10],30,-1,92,-1,70
1,<environment.Job instance at 0x7f070c7f83c0>,30,14,[ 1 11],31,-1,84,-1,70
1,<environment.Job instance at 0x7f070c3f4b90>,35,3,[5 1],36,-1,105,-1,102
1,<environment.Job instance at 0x7f070d2b45a0>,36,24,[ 2 12],37,-1,126,-1,102
1,<environment.Job instance at 0x7f070c3f4be0>,37,3,[ 1 11],38,-1,105,-1,102
1,<environment.Job instance at 0x7f070c496af0>,6,13,[ 3 13],7,-1,20,-1,7
1,<environment.Job instance at 0x7f070c438e10>,12,16,[13  2],13,-1,30,-1,14
1,<environment.Job instance at 0x7f070c438f00>,13,3,[4 5],14,-1,17,-1,14
1,<environment.Job instance at 0x7f070c438e60>,15,22,[14  4],16,-1,42,-1,20
1,<environment.Job instance at 0x7f070c438d20>,16,12,[ 1 10],17,-1,32,-1,20
1,<environment.Job instance at 0x7f070c438230>,18,23,[1 6],19,-1,47,-1,24
1,<environment.Job instance at 0x7f070c4348c0>,20,27,[6 3],21,-1,66,-1,39
1,<environment.Job instance at 0x7f070c434550>,21,16,[ 5 13],22,-1,55,-1,39
1,<environment.Job instance at 0x7f070c434d20>,23,28,[5 2],24,-1,69,-1,41
1,<environment.Job instance at 0x7f070c434b90>,24,17,[13  4],25,-1,58,-1,41
1,<environment.Job instance at 0x7f070c434e60>,25,22,[10  2],26,-1,127,-1,105
1,<environment.Job instance at 0x7f070c434af0>,36,14,[ 5 10],37,-1,119,-1,105
1,<environment.Job instance at 0x7f070c434f50>,37,3,[2 8],38,-1,108,-1,105
1,<environment.Job instance at 0x7f070c472eb0>,38,2,[3 7],39,-1,107,-1,105
1,<environment.Job instance at 0x7f070c472730>,39,1,[14  5],40,-1,106,-1,105
1,<environment.Job instance at 0x7f070c472640>,40,3,[5 6],41,-1,108,-1,105
1,<environment.Job instance at 0x7f070c4722d0>,42,14,[2 6],43,-1,120,-1,106
1,<environment.Job instance at 0x7f070c8939b0>,7,20,[4 9],8,-1,54,-1,34
1,<environment.Job instance at 0x7f070ce1fc30>,8,18,[ 4 11],9,-1,27,-1,9
1,<environment.Job instance at 0x7f070ca98c80>,9,16,[12  5],10,-1,26,-1,10
1,<environment.Job instance at 0x7f070ca98280>,13,28,[1 8],14,-1,45,-1,17
1,<environment.Job instance at 0x7f070cb0cf00>,15,1,[10  2],16,-1,23,-1,22
1,<environment.Job instance at 0x7f070cafaa00>,19,12,[13  2],20,-1,46,-1,34
1,<environment.Job instance at 0x7f070ca93960>,20,18,[ 2 10],21,-1,59,-1,41
1,<environment.Job instance at 0x7f070d4678c0>,21,1,[6 5],22,-1,42,-1,41
1,<environment.Job instance at 0x7f070d53f370>,23,18,[13  1],24,-1,67,-1,49
1,<environment.Job instance at 0x7f070caadbe0>,25,17,[13  3],26,-1,66,-1,49
1,<environment.Job instance at 0x7f070caadcd0>,26,1,[2 7],27,-1,50,-1,49
1,<environment.Job instance at 0x7f070caadd20>,28,22,[10  1],29,-1,88,-1,66
1,<environment.Job instance at 0x7f070caad9b0>,30,24,[12  2],31,-1,90,-1,66
1,<environment.Job instance at 0x7f070d527550>,31,1,[13  2],32,-1,67,-1,66
1,<environment.Job instance at 0x7f070d5fe6e0>,34,1,[ 5 12],35,-1,99,-1,98
1,<environment.Job instance at 0x7f070d857320>,35,23,[7 3],36,-1,121,-1,98
1,<environment.Job instance at 0x7f070d872a00>,36,1,[9 5],37,-1,99,-1,98
1,<environment.Job instance at 0x7f070d872410>,37,15,[13  4],38,-1,113,-1,98
1,<environment.Job instance at 0x7f070d5e7cd0>,38,21,[ 5 12],39,-1,119,-1,98
1,<environment.Job instance at 0x7f070d465cd0>,40,16,[13  4],41,-1,114,-1,98
1,<environment.Job instance at 0x7f070d45a0a0>,41,1,[14  5],42,-1,99,-1,98
1,<environment.Job instance at 0x7f070d8561e0>,6,25,[4 6],7,-1,32,-1,7
1,<environment.Job instance at 0x7f070d856c30>,10,19,[ 5 11],11,-1,32,-1,13
1,<environment.Job instance at 0x7f070ceba910>,15,3,[14  3],16,-1,19,-1,16
1,<environment.Job instance at 0x7f070ceba1e0>,16,13,[ 4 13],17,-1,30,-1,17
1,<environment.Job instance at 0x7f070ceba730>,21,18,[ 4 13],22,-1,58,-1,40
1,<environment.Job instance at 0x7f070ceba190>,24,22,[ 3 10],25,-1,70,-1,48
1,<environment.Job instance at 0x7f070ceba690>,28,14,[13  3],29,-1,82,-1,68
1,<environment.Job instance at 0x7f070ceba550>,29,14,[11  3],30,-1,93,-1,79
1,<environment.Job instance at 0x7f070ceba640>,30,3,[ 3 11],31,-1,82,-1,79
1,<environment.Job instance at 0x7f070cebacd0>,31,24,[11  1],32,-1,103,-1,79
1,<environment.Job instance at 0x7f070d8551e0>,32,24,[5 4],33,-1,103,-1,79
1,<environment.Job instance at 0x7f070d8552d0>,34,14,[11  2],35,-1,95,-1,81
1,<environment.Job instance at 0x7f070d855fa0>,35,20,[ 1 11],36,-1,101,-1,81
1,<environment.Job instance at 0x7f070d855e10>,42,2,[9 4],43,-1,119,-1,117
1,<environment.Job instance at 0x7f070d855370>,43,1,[4 8],44,-1,118,-1,117
1,<environment.Job instance at 0x7f070d520460>,1,22,[13  3],2,-1,24,-1,2
1,<environment.Job instance at 0x7f070d855c80>,2,17,[ 3 14],3,-1,20,-1,3
1,<environment.Job instance at 0x7f070ce84d20>,3,2,[ 3 12],4,-1,6,-1,4
1,<environment.Job instance at 0x7f070ce84dc0>,4,26,[4 6],5,-1,31,-1,5
1,<environment.Job instance at 0x7f070d48eb40>,13,2,[12  1],14,-1,16,-1,14
1,<environment.Job instance at 0x7f070d48e0f0>,14,2,[8 4],15,-1,17,-1,15
1,<environment.Job instance at 0x7f070d4648c0>,15,23,[ 4 10],16,-1,39,-1,16
1,<environment.Job instance at 0x7f070d464780>,16,1,[1 5],17,-1,18,-1,17
1,<environment.Job instance at 0x7f070d4640a0>,20,28,[9 1],21,-1,49,-1,21
1,<environment.Job instance at 0x7f070d464c80>,21,12,[ 2 10],22,-1,36,-1,24
1,<environment.Job instance at 0x7f070d464f00>,22,14,[10  1],23,-1,39,-1,25
1,<environment.Job instance at 0x7f070d464a00>,23,27,[6 4],24,-1,52,-1,25
1,<environment.Job instance at 0x7f070ceae730>,24,14,[ 2 14],25,-1,39,-1,25
1,<environment.Job instance at 0x7f070ceaea00>,26,1,[9 3],27,-1,37,-1,36
1,<environment.Job instance at 0x7f070ceae910>,27,1,[7 2],28,-1,37,-1,36
1,<environment.Job instance at 0x7f070d466640>,28,2,[6 4],29,-1,38,-1,36
1,<environment.Job instance at 0x7f070cb4bb40>,40,21,[ 3 14],41,-1,115,-1,94
1,<environment.Job instance at 0x7f070c7ce500>,1,25,[3 7],2,-1,27,-1,2
1,<environment.Job instance at 0x7f070cb521e0>,2,19,[ 3 12],3,-1,22,-1,3
1,<environment.Job instance at 0x7f070d891460>,6,3,[ 1 12],7,-1,10,-1,7
1,<environment.Job instance at 0x7f070c7ce820>,7,21,[ 5 11],8,-1,29,-1,8
1,<environment.Job instance at 0x7f070c7ce230>,8,2,[ 1 14],9,-1,11,-1,9
1,<environment.Job instance at 0x7f070c7ce8c0>,10,25,[10  5],11,-1,36,-1,11
1,<environment.Job instance at 0x7f070c7cebe0>,11,24,[ 3 12],12,-1,36,-1,12
1,<environment.Job instance at 0x7f070c7cedc0>,12,14,[ 5 13],13,-1,27,-1,13
1,<environment.Job instance at 0x7f070c7cea00>,13,24,[6 5],14,-1,39,-1,15
1,<environment.Job instance at 0x7f070c7ce640>,14,18,[11  2],15,-1,33,-1,15
1,<environment.Job instance at 0x7f070c7ce780>,16,24,[8 1],17,-1,42,-1,18
1,<environment.Job instance at 0x7f070d58cc30>,21,25,[ 5 13],22,-1,51,-1,26
1,<environment.Job instance at 0x7f070d58caf0>,18,21,[1 9],19,-1,59,-1,38
1,<environment.Job instance at 0x7f070d58cb90>,31,17,[ 2 13],32,-1,100,-1,83
1,<environment.Job instance at 0x7f070d58c2d0>,30,21,[10  4],31,-1,116,-1,95
1,<environment.Job instance at 0x7f070d58cf00>,34,20,[ 5 10],35,-1,115,-1,95
1,<environment.Job instance at 0x7f070d58c870>,35,22,[3 7],36,-1,117,-1,95
1,<environment.Job instance at 0x7f070d58c730>,36,13,[13  1],37,-1,108,-1,95
1,<environment.Job instance at 0x7f070c6947d0>,39,12,[13  4],40,-1,113,-1,101
1,<environment.Job instance at 0x7f070c694870>,40,13,[6 4],41,-1,119,-1,106
1,<environment.Job instance at 0x7f070c6943c0>,41,27,[1 6],42,-1,133,-1,106
1,<environment.Job instance at 0x7f070c694730>,42,15,[ 2 12],43,-1,121,-1,106
1,<environment.Job instance at 0x7f070c694c30>,43,12,[6 2],44,-1,118,-1,106
1,<environment.Job instance at 0x7f070c6946e0>,45,15,[ 2 12],46,-1,121,-1,106
1,<environment.Job instance at 0x7f070c694050>,46,24,[10  2],47,-1,130,-1,106
1,<environment.Job instance at 0x7f070c694640>,47,21,[4 9],48,-1,127,-1,106
1,<environment.Job instance at 0x7f070c694f00>,48,15,[4 9],49,-1,125,-1,110
1,<environment.Job instance at 0x7f070c766230>,4,1,[9 5],5,-1,6,-1,5
1,<environment.Job instance at 0x7f070c766aa0>,7,15,[ 2 13],8,-1,23,-1,8
1,<environment.Job instance at 0x7f070c766370>,8,13,[14  5],9,-1,22,-1,9
1,<environment.Job instance at 0x7f070c7661e0>,9,16,[ 4 13],10,-1,26,-1,10
1,<environment.Job instance at 0x7f070c2b6b40>,20,16,[ 1 13],21,-1,68,-1,52
1,<environment.Job instance at 0x7f070c2b6e10>,23,18,[ 1 11],24,-1,83,-1,65
1,<environment.Job instance at 0x7f070c2b6320>,24,28,[5 8],25,-1,93,-1,65
1,<environment.Job instance at 0x7f070c2b6b90>,25,3,[ 1 12],26,-1,68,-1,65
1,<environment.Job instance at 0x7f070c2b6f00>,26,1,[ 5 10],27,-1,66,-1,65
1,<environment.Job instance at 0x7f070c2b65a0>,28,1,[5 2],29,-1,85,-1,84
1,<environment.Job instance at 0x7f070c2b6190>,30,19,[13  2],31,-1,118,-1,99
1,<environment.Job instance at 0x7f070c2b6dc0>,31,21,[ 5 12],32,-1,120,-1,99
1,<environment.Job instance at 0x7f070c2b6870>,32,15,[ 2 13],33,-1,114,-1,99
1,<environment.Job instance at 0x7f070c2b6460>,33,14,[ 5 14],34,-1,113,-1,99
1,<environment.Job instance at 0x7f070c2b6af0>,34,26,[13  1],35,-1,125,-1,99
1,<environment.Job instance at 0x7f070c2b60f0>,36,17,[ 1 14],37,-1,130,-1,113
1,<environment.Job instance at 0x7f070c2b6d20>,37,16,[14  1],38,-1,129,-1,113
1,<environment.Job instance at 0x7f070c2b6eb0>,38,16,[1 6],39,-1,129,-1,113
1,<environment.Job instance at 0x7f070c2b6500>,39,3,[9 2],40,-1,116,-1,113
1,<environment.Job instance at 0x7f070c2b5140>,41,1,[14  5],42,-1,114,-1,113
1,<environment.Job instance at 0x7f070c2b5550>,43,14,[ 5 13],44,-1,129,-1,115
1,<environment.Job instance at 0x7f070c2b5230>,44,17,[6 2],45,-1,132,-1,115
1,<environment.Job instance at 0x7f070c75a5f0>,1,14,[13  5],2,-1,16,-1,2
1,<environment.Job instance at 0x7f070c2b52d0>,2,15,[ 5 11],3,-1,18,-1,3
1,<environment.Job instance at 0x7f070d562870>,4,16,[ 2 14],5,-1,21,-1,5
1,<environment.Job instance at 0x7f070d562fa0>,5,25,[10  3],6,-1,31,-1,6
1,<environment.Job instance at 0x7f070d5620f0>,7,25,[8 2],8,-1,33,-1,8
1,<environment.Job instance at 0x7f070d562410>,8,25,[ 1 13],9,-1,34,-1,9
1,<environment.Job instance at 0x7f070d562eb0>,9,25,[7 1],10,-1,35,-1,10
1,<environment.Job instance at 0x7f070d5626e0>,11,3,[ 5 13],12,-1,15,-1,12
1,<environment.Job instance at 0x7f070d562af0>,13,14,[13  2],14,-1,28,-1,14
1,<environment.Job instance at 0x7f070d562f50>,21,26,[ 2 13],22,-1,53,-1,27
1,<environment.Job instance at 0x7f070d562370>,24,18,[12  1],25,-1,67,-1,49
1,<environment.Job instance at 0x7f070d898190>,28,3,[ 3 13],29,-1,67,-1,64
1,<environment.Job instance at 0x7f070d898aa0>,30,1,[9 3],31,-1,81,-1,80
1,<environment.Job instance at 0x7f070d898780>,32,2,[6 1],33,-1,83,-1,81
1,<environment.Job instance at 0x7f070d898f50>,34,17,[12  5],35,-1,112,-1,95
1,<environment.Job instance at 0x7f070d898b40>,35,26,[ 1 12],36,-1,121,-1,95
1,<environment.Job instance at 0x7f070d898d20>,36,15,[ 5 13],37,-1,110,-1,95
1,<environment.Job instance at 0x7f070d898140>,38,27,[13  3],39,-1,122,-1,95
1,<environment.Job instance at 0x7f070d898e60>,40,16,[13  2],41,-1,116,-1,100
1,<environment.Job instance at 0x7f070d898460>,41,12,[13  2],42,-1,112,-1,100
1,<environment.Job instance at 0x7f070d898230>,43,12,[11  4],44,-1,120,-1,108
1,<environment.Job instance at 0x7f070d898b90>,45,15,[12  4],46,-1,132,-1,117
1,<environment.Job instance at 0x7f070c306d20>,7,21,[14  5],8,-1,29,-1,8
1,<environment.Job instance at 0x7f070d435c80>,13,28,[ 2 14],14,-1,57,-1,29
1,<environment.Job instance at 0x7f070d2f56e0>,17,23,[ 2 13],18,-1,76,-1,53
1,<environment.Job instance at 0x7f070d2f5b90>,18,25,[14  4],19,-1,78,-1,53
1,<environment.Job instance at 0x7f070c45a870>,19,24,[7 4],20,-1,77,-1,53
1,<environment.Job instance at 0x7f070c45a9b0>,20,21,[3 8],21,-1,87,-1,66
1,<environment.Job instance at 0x7f070c45a5f0>,25,25,[14  5],26,-1,98,-1,73
1,<environment.Job instance at 0x7f070c45aaa0>,26,18,[ 4 10],27,-1,91,-1,73
1,<environment.Job instance at 0x7f070c45a370>,27,27,[ 2 11],28,-1,100,-1,73
1,<environment.Job instance at 0x7f070c45ab40>,28,14,[5 5],29,-1,87,-1,73
1,<environment.Job instance at 0x7f070c45a960>,29,20,[6 2],30,-1,93,-1,73
1,<environment.Job instance at 0x7f070c6322d0>,30,14,[ 2 10],31,-1,87,-1,73
1,<environment.Job instance at 0x7f070c632820>,32,20,[6 1],33,-1,99,-1,79
1,<environment.Job instance at 0x7f070c632be0>,33,17,[1 5],34,-1,96,-1,79
1,<environment.Job instance at 0x7f070c632780>,34,13,[9 4],35,-1,92,-1,79
1,<environment.Job instance at 0x7f070c632140>,35,13,[9 3],36,-1,92,-1,79
1,<environment.Job instance at 0x7f070c632730>,36,25,[4 9],37,-1,104,-1,79
1,<environment.Job instance at 0x7f070d177280>,38,3,[2 7],39,-1,90,-1,87
1,<environment.Job instance at 0x7f070d177140>,39,3,[ 5 13],40,-1,90,-1,87
1,<environment.Job instance at 0x7f070d1770a0>,40,12,[2 5],41,-1,99,-1,87
1,<environment.Job instance at 0x7f070d1778c0>,41,16,[14  2],42,-1,103,-1,87
1,<environment.Job instance at 0x7f070c17a460>,43,14,[ 1 10],44,-1,109,-1,95
1,<environment.Job instance at 0x7f070c17a190>,45,23,[1 6],46,-1,127,-1,104
1,<environment.Job instance at 0x7f070c17aaf0>,47,12,[ 4 14],48,-1,123,-1,111
1,<environment.Job instance at 0x7f070c17a1e0>,48,27,[ 3 11],49,-1,138,-1,111
1,<environment.Job instance at 0x7f070c17a0f0>,49,16,[2 5],50,-1,128,-1,112
1,<environment.Job instance at 0x7f070cb520a0>,50,28,[14  2],51,-1,140,-1,112
1,<environment.Job instance at 0x7f070d81bd70>,5,1,[5 2],6,-1,8,-1,7
1,<environment.Job instance at 0x7f070cc90050>,15,3,[12  3],16,-1,57,-1,54
1,<environment.Job instance at 0x7f070cc90b40>,16,12,[5 2],17,-1,67,-1,55
1,<environment.Job instance at 0x7f070c33db40>,23,17,[ 5 12],24,-1,110,-1,93
1,<environment.Job instance at 0x7f070c33d230>,24,2,[6 5],25,-1,95,-1,93
1,<environment.Job instance at 0x7f070c33d780>,25,3,[ 3 13],26,-1,96,-1,93
1,<environment.Job instance at 0x7f070c33d5a0>,26,22,[9 1],27,-1,124,-1,102
1,<environment.Job instance at 0x7f070c33dbe0>,27,13,[ 5 14],28,-1,115,-1,102
1,<environment.Job instance at 0x7f070c33d460>,28,27,[4 9],29,-1,129,-1,102
1,<environment.Job instance at 0x7f070c33d370>,29,18,[ 2 14],30,-1,120,-1,102
1,<environment.Job instance at 0x7f070c33da50>,32,2,[4 7],33,-1,108,-1,106
1,<environment.Job instance at 0x7f070c33d8c0>,33,24,[5 5],34,-1,130,-1,106
1,<environment.Job instance at 0x7f070cd99a00>,6,15,[14  1],7,-1,22,-1,7
1,<environment.Job instance at 0x7f070cd998c0>,7,16,[13  3],8,-1,24,-1,8
1,<environment.Job instance at 0x7f070cd99140>,8,2,[5 5],9,-1,12,-1,10
1,<environment.Job instance at 0x7f070cd99be0>,10,22,[11  4],11,-1,34,-1,12
1,<environment.Job instance at 0x7f070cd99e10>,12,26,[3 7],13,-1,39,-1,13
1,<environment.Job instance at 0x7f070cd99f50>,13,15,[11  3],14,-1,30,-1,15
1,<environment.Job instance at 0x7f070cd99cd0>,15,1,[8 3],16,-1,17,-1,16
1,<environment.Job instance at 0x7f070cd990a0>,16,1,[5 5],17,-1,18,-1,17
1,<environment.Job instance at 0x7f070cd99eb0>,17,25,[10  3],18,-1,43,-1,18
1,<environment.Job instance at 0x7f070cd99640>,18,24,[1 9],19,-1,43,-1,19
1,<environment.Job instance at 0x7f070c679500>,21,3,[5 9],22,-1,25,-1,22
1,<environment.Job instance at 0x7f070cd99a50>,23,22,[11  2],24,-1,46,-1,24
1,<environment.Job instance at 0x7f070c679870>,25,18,[ 3 11],26,-1,51,-1,33
1,<environment.Job instance at 0x7f070c6790f0>,26,1,[9 2],27,-1,34,-1,33
1,<environment.Job instance at 0x7f070c40e370>,27,3,[5 8],28,-1,36,-1,33
1,<environment.Job instance at 0x7f070c40e410>,28,27,[ 5 14],29,-1,60,-1,33
1,<environment.Job instance at 0x7f070c40e140>,29,12,[10  3],30,-1,47,-1,35
1,<environment.Job instance at 0x7f070c40e1e0>,31,26,[ 5 14],32,-1,70,-1,44
1,<environment.Job instance at 0x7f070c40e0f0>,33,2,[14  2],34,-1,57,-1,55
1,<environment.Job instance at 0x7f070c40e6e0>,34,20,[ 1 14],35,-1,75,-1,55
1,<environment.Job instance at 0x7f070d29a960>,2,23,[ 4 12],3,-1,26,-1,3
1,<environment.Job instance at 0x7f070ce52fa0>,5,26,[ 1 14],6,-1,32,-1,6
1,<environment.Job instance at 0x7f070ce52460>,6,21,[ 1 14],7,-1,28,-1,7
1,<environment.Job instance at 0x7f070c942140>,8,18,[11  2],9,-1,27,-1,9
1,<environment.Job instance at 0x7f070ce52910>,9,16,[ 2 14],10,-1,26,-1,10
1,<environment.Job instance at 0x7f070ce52eb0>,7,14,[14  5],8,-1,24,-1,10
1,<environment.Job instance at 0x7f070ce52a50>,12,25,[11  5],13,-1,38,-1,13
1,<environment.Job instance at 0x7f070ce52af0>,14,23,[6 1],15,-1,39,-1,16
1,<environment.Job instance at 0x7f070cff9320>,16,3,[1 6],17,-1,20,-1,17
1,<environment.Job instance at 0x7f070cff9640>,17,2,[1 6],18,-1,20,-1,18
1,<environment.Job instance at 0x7f070cff9730>,18,17,[ 1 10],19,-1,36,-1,19
1,<environment.Job instance at 0x7f070cff97d0>,19,2,[ 4 10],20,-1,22,-1,20
1,<environment.Job instance at 0x7f070cff9960>,20,22,[1 5],21,-1,47,-1,25
1,<environment.Job instance at 0x7f070cff9be0>,23,14,[11  5],24,-1,39,-1,25
1,<environment.Job instance at 0x7f070cff9c80>,24,25,[ 3 11],25,-1,50,-1,25
1,<environment.Job instance at 0x7f070ce3c2d0>,31,21,[ 3 14],32,-1,58,-1,37
1,<environment.Job instance at 0x7f070ce3c410>,33,23,[7 4],34,-1,78,-1,55
1,<environment.Job instance at 0x7f070ce3c4b0>,34,3,[7 4],35,-1,58,-1,55
1,<environment.Job instance at 0x7f070ce3c550>,35,1,[3 7],36,-1,56,-1,55
1,<environment.Job instance at 0x7f070ce3c5f0>,36,1,[2 5],37,-1,56,-1,55
1,<environment.Job instance at 0x7f070ce3c230>,37,24,[2 6],38,-1,79,-1,55
1,<environment.Job instance at 0x7f070ce3c730>,38,3,[9 5],39,-1,58,-1,55
1,<environment.Job instance at 0x7f070ce3c960>,39,1,[8 2],40,-1,56,-1,55
1,<environment.Job instance at 0x7f070ce3cb90>,44,13,[ 2 14],45,-1,101,-1,88
1,<environment.Job instance at 0x7f070ce3cd20>,45,3,[7 2],46,-1,91,-1,88
1,<environment.Job instance at 0x7f070ce3cdc0>,46,22,[8 1],47,-1,130,-1,108
1,<environment.Job instance at 0x7f070ce3cf00>,48,15,[13  3],49,-1,123,-1,108
1,<environment.Job instance at 0x7f070ce3cfa0>,49,3,[7 4],50,-1,111,-1,108
1,<environment.Job instance at 0x7f070ce3cc30>,51,28,[14  4],52,-1,136,-1,108
1,<environment.Job instance at 0x7f070ce541e0>,52,17,[14  5],53,-1,125,-1,108
1,<environment.Job instance at 0x7f070ce54280>,53,20,[ 3 14],54,-1,128,-1,108
1,<environment.Job instance at 0x7f070ce54320>,54,13,[ 3 14],55,-1,121,-1,108
1,<environment.Job instance at 0x7f070ce54550>,55,24,[4 7],56,-1,132,-1,108
1,<environment.Job instance at 0x7f070ce546e0>,58,24,[8 1],59,-1,139,-1,115
1,<environment.Job instance at 0x7f070ce54870>,3,22,[ 3 11],4,-1,26,-1,4
1,<environment.Job instance at 0x7f070c284140>,6,18,[ 2 14],7,-1,25,-1,7
1,<environment.Job instance at 0x7f070c284e60>,7,28,[9 2],8,-1,36,-1,8
1,<environment.Job instance at 0x7f070c2a9e10>,10,27,[ 1 13],11,-1,38,-1,11
1,<environment.Job instance at 0x7f070c284690>,9,25,[1 9],10,-1,37,-1,12
1,<environment.Job instance at 0x7f070c280eb0>,12,18,[9 2],13,-1,53,-1,35
1,<environment.Job instance at 0x7f070c280be0>,16,3,[4 6],17,-1,38,-1,35
1,<environment.Job instance at 0x7f070c2805f0>,17,14,[1 5],18,-1,49,-1,35
1,<environment.Job instance at 0x7f070c2800a0>,18,25,[ 5 10],19,-1,60,-1,35
1,<environment.Job instance at 0x7f070c280190>,20,15,[ 2 14],21,-1,50,-1,35
1,<environment.Job instance at 0x7f070c280f50>,21,13,[ 1 10],22,-1,48,-1,35
1,<environment.Job instance at 0x7f070c280a50>,22,12,[1 8],23,-1,47,-1,35
1,<environment.Job instance at 0x7f070c280c80>,23,19,[14  3],24,-1,54,-1,35
1,<environment.Job instance at 0x7f070c280690>,24,24,[ 4 13],25,-1,59,-1,35
1,<environment.Job instance at 0x7f070c280500>,26,25,[1 7],27,-1,61,-1,36
1,<environment.Job instance at 0x7f070c280d70>,27,1,[9 5],28,-1,37,-1,36
1,<environment.Job instance at 0x7f070c280b40>,28,13,[9 4],29,-1,49,-1,36
1,<environment.Job instance at 0x7f070c296730>,29,21,[ 5 10],30,-1,58,-1,37
1,<environment.Job instance at 0x7f070c296640>,30,16,[ 5 13],31,-1,53,-1,37
1,<environment.Job instance at 0x7f070c296eb0>,31,14,[2 9],32,-1,51,-1,37
1,<environment.Job instance at 0x7f070c2966e0>,32,26,[3 5],33,-1,63,-1,37
1,<environment.Job instance at 0x7f070c296960>,33,2,[4 9],34,-1,39,-1,37
1,<environment.Job instance at 0x7f070c296c80>,34,3,[3 7],35,-1,40,-1,37
1,<environment.Job instance at 0x7f070ce3da00>,36,12,[4 9],37,-1,50,-1,38
1,<environment.Job instance at 0x7f070c2980a0>,37,19,[12  4],38,-1,57,-1,38
1,<environment.Job instance at 0x7f070c298e10>,38,1,[ 1 12],39,-1,40,-1,39
1,<environment.Job instance at 0x7f070c298460>,39,24,[1 9],40,-1,64,-1,40
1,<environment.Job instance at 0x7f070c9375f0>,40,13,[14  2],41,-1,54,-1,41
1,<environment.Job instance at 0x7f070c283c30>,41,20,[ 4 11],42,-1,62,-1,42
1,<environment.Job instance at 0x7f070c283d70>,42,2,[3 9],43,-1,45,-1,43
1,<environment.Job instance at 0x7f070c2830a0>,43,16,[ 3 10],44,-1,62,-1,46
1,<environment.Job instance at 0x7f070c298af0>,44,1,[ 5 14],45,-1,47,-1,46
1,<environment.Job instance at 0x7f070c283f50>,45,18,[10  2],46,-1,68,-1,50
1,<environment.Job instance at 0x7f070c2927d0>,47,1,[5 4],48,-1,51,-1,50
1,<environment.Job instance at 0x7f070c2925f0>,48,25,[ 2 10],49,-1,75,-1,50
1,<environment.Job instance at 0x7f070c292910>,50,26,[6 2],51,-1,77,-1,51
1,<environment.Job instance at 0x7f070c2880a0>,51,25,[ 2 13],52,-1,77,-1,52
1,<environment.Job instance at 0x7f070c288460>,52,17,[13  1],53,-1,70,-1,53
1,<environment.Job instance at 0x7f070c288f50>,53,3,[5 7],54,-1,57,-1,54
1,<environment.Job instance at 0x7f070c2889b0>,54,28,[ 3 12],55,-1,83,-1,55
1,<environment.Job instance at 0x7f070c288fa0>,55,14,[ 2 13],56,-1,70,-1,56
1,<environment.Job instance at 0x7f070c288d70>,56,23,[13  4],57,-1,80,-1,57
1,<environment.Job instance at 0x7f070c292410>,58,3,[10  3],59,-1,63,-1,60
1,<environment.Job instance at 0x7f070c288a50>,59,27,[9 3],60,-1,87,-1,60
1,<environment.Job instance at 0x7f070c288960>,60,12,[1 9],61,-1,73,-1,61
1,<environment.Job instance at 0x7f070c288dc0>,62,17,[13  3],63,-1,83,-1,66
1,<environment.Job instance at 0x7f070c288c80>,63,1,[5 6],64,-1,67,-1,66
1,<environment.Job instance at 0x7f070c2886e0>,64,13,[5 2],65,-1,79,-1,66
1,<environment.Job instance at 0x7f070c2883c0>,65,14,[ 2 11],66,-1,80,-1,66
1,<environment.Job instance at 0x7f070c288410>,66,20,[6 2],67,-1,96,-1,76
1,<environment.Job instance at 0x7f070c288690>,67,21,[12  2],68,-1,97,-1,76
1,<environment.Job instance at 0x7f070c288870>,68,13,[5 7],69,-1,92,-1,79
1,<environment.Job instance at 0x7f070c288910>,69,28,[12  2],70,-1,107,-1,79
1,<environment.Job instance at 0x7f070c288280>,70,14,[5 5],71,-1,93,-1,79
1,<environment.Job instance at 0x7f070d417690>,72,1,[4 5],73,-1,80,-1,79
1,<environment.Job instance at 0x7f070d417820>,73,14,[5 2],74,-1,93,-1,79
1,<environment.Job instance at 0x7f070d4170f0>,74,13,[6 3],75,-1,92,-1,79
1,<environment.Job instance at 0x7f070d4173c0>,75,12,[4 9],76,-1,91,-1,79
1,<environment.Job instance at 0x7f070d417640>,76,25,[5 9],77,-1,104,-1,79
1,<environment.Job instance at 0x7f070d417a50>,77,16,[3 5],78,-1,95,-1,79
1,<environment.Job instance at 0x7f070d4174b0>,78,20,[10  5],79,-1,103,-1,83
1,<environment.Job instance at 0x7f070d417f00>,80,17,[2 9],81,-1,111,-1,94
1,<environment.Job instance at 0x7f070d417aa0>,81,27,[ 1 14],82,-1,121,-1,94
1,<environment.Job instance at 0x7f070d417eb0>,82,23,[6 2],83,-1,117,-1,94
1,<environment.Job instance at 0x7f070c1185f0>,83,3,[2 6],84,-1,97,-1,94
1,<environment.Job instance at 0x7f070c118a00>,84,12,[14  3],85,-1,106,-1,94
1,<environment.Job instance at 0x7f070d68a190>,85,16,[11  2],86,-1,110,-1,94
1,<environment.Job instance at 0x7f070d68a550>,86,2,[ 3 14],87,-1,96,-1,94
1,<environment.Job instance at 0x7f070cd205f0>,87,14,[3 8],88,-1,112,-1,98
1,<environment.Job instance at 0x7f070cd204b0>,88,1,[8 1],89,-1,99,-1,98
1,<environment.Job instance at 0x7f070cd20910>,89,12,[2 6],90,-1,110,-1,98
1,<environment.Job instance at 0x7f070c7175a0>,90,1,[11  3],91,-1,99,-1,98
1,<environment.Job instance at 0x7f070c717b40>,91,16,[13  1],92,-1,114,-1,98
1,<environment.Job instance at 0x7f070c717280>,93,16,[1 8],94,-1,132,-1,116
1,<environment.Job instance at 0x7f070c7177d0>,95,2,[8 4],96,-1,118,-1,116
1,<environment.Job instance at 0x7f070c8b8c80>,3,25,[1 6],4,-1,29,-1,4
1,<environment.Job instance at 0x7f070c8b86e0>,9,27,[6 5],10,-1,47,-1,20
1,<environment.Job instance at 0x7f070c8b88c0>,11,1,[7 4],12,-1,21,-1,20
1,<environment.Job instance at 0x7f070c8b8780>,12,1,[ 2 13],13,-1,21,-1,20
1,<environment.Job instance at 0x7f070c8b8140>,14,17,[13  2],15,-1,37,-1,20
1,<environment.Job instance at 0x7f070c8b8fa0>,15,13,[13  4],16,-1,33,-1,20
1,<environment.Job instance at 0x7f070c8b80a0>,16,15,[ 3 14],17,-1,35,-1,20
1,<environment.Job instance at 0x7f070c8b8820>,18,15,[14  5],19,-1,50,-1,35
1,<environment.Job instance at 0x7f070d6a3690>,19,26,[12  1],20,-1,61,-1,35
1,<environment.Job instance at 0x7f070d6a33c0>,20,15,[ 2 11],21,-1,50,-1,35
1,<environment.Job instance at 0x7f070d6a3410>,21,25,[5 6],22,-1,60,-1,35
1,<environment.Job instance at 0x7f070d6a36e0>,22,27,[4 5],23,-1,62,-1,35
1,<environment.Job instance at 0x7f070d6a3fa0>,23,28,[13  3],24,-1,63,-1,35
1,<environment.Job instance at 0x7f070d6a3640>,24,26,[12  1],25,-1,61,-1,35
1,<environment.Job instance at 0x7f070d6a3a50>,27,12,[11  2],28,-1,62,-1,50
1,<environment.Job instance at 0x7f070d6a3af0>,28,27,[10  1],29,-1,77,-1,50
1,<environment.Job instance at 0x7f070d6a34b0>,31,28,[7 5],32,-1,94,-1,66
1,<environment.Job instance at 0x7f070d6a32d0>,33,24,[5 1],34,-1,103,-1,79
1,<environment.Job instance at 0x7f070c91f6e0>,36,17,[13  3],37,-1,110,-1,93
1,<environment.Job instance at 0x7f070c91f870>,37,1,[5 3],38,-1,94,-1,93
1,<environment.Job instance at 0x7f070c91f550>,38,22,[4 6],39,-1,132,-1,110
1,<environment.Job instance at 0x7f070c91ff50>,41,16,[5 6],42,-1,134,-1,118
1,<environment.Job instance at 0x7f070c91f3c0>,42,24,[14  4],43,-1,142,-1,118
1,<environment.Job instance at 0x7f070c91f730>,43,28,[10  1],44,-1,146,-1,118
1,<environment.Job instance at 0x7f070cd84d20>,2,1,[8 3],3,-1,4,-1,3
1,<environment.Job instance at 0x7f070c7ac140>,5,1,[8 4],6,-1,7,-1,6
1,<environment.Job instance at 0x7f070c7acaf0>,7,23,[12  4],8,-1,31,-1,8
1,<environment.Job instance at 0x7f070c7ac690>,8,15,[11  1],9,-1,24,-1,9
1,<environment.Job instance at 0x7f070c7ac6e0>,9,27,[13  1],10,-1,37,-1,10
1,<environment.Job instance at 0x7f070c7aceb0>,12,23,[6 3],13,-1,43,-1,20
1,<environment.Job instance at 0x7f070cc48500>,17,25,[ 1 12],18,-1,45,-1,20
1,<environment.Job instance at 0x7f070cc485a0>,18,1,[5 6],19,-1,21,-1,20
1,<environment.Job instance at 0x7f070cc48eb0>,19,2,[4 8],20,-1,22,-1,20
1,<environment.Job instance at 0x7f070cc48730>,20,24,[ 2 11],21,-1,45,-1,21
1,<environment.Job instance at 0x7f070d5a6550>,21,27,[6 4],22,-1,49,-1,22
1,<environment.Job instance at 0x7f070d5a6230>,22,13,[ 3 10],23,-1,38,-1,25
1,<environment.Job instance at 0x7f070d5b0c30>,23,24,[7 5],24,-1,49,-1,25
1,<environment.Job instance at 0x7f070c21f820>,24,3,[10  3],25,-1,28,-1,25
1,<environment.Job instance at 0x7f070d465be0>,32,12,[11  5],33,-1,86,-1,74
1,<environment.Job instance at 0x7f070d507aa0>,33,24,[ 4 10],34,-1,98,-1,74
1,<environment.Job instance at 0x7f070c78f410>,34,12,[ 4 10],35,-1,86,-1,74
1,<environment.Job instance at 0x7f070c78f820>,35,3,[ 3 10],36,-1,77,-1,74
1,<environment.Job instance at 0x7f070c52ea00>,36,3,[ 4 14],37,-1,77,-1,74
1,<environment.Job instance at 0x7f070c6ce0a0>,37,28,[5 8],38,-1,102,-1,74
1,<environment.Job instance at 0x7f070d69bfa0>,38,15,[ 5 11],39,-1,89,-1,74
1,<environment.Job instance at 0x7f070d830050>,40,2,[1 5],41,-1,79,-1,77
1,<environment.Job instance at 0x7f802e90c320>,1,27,[3 7],2,-1,29,-1,2
1,<environment.Job instance at 0x7f8025194690>,4,1,[5 6],5,-1,6,-1,5
1,<environment.Job instance at 0x7f80251948c0>,7,16,[ 5 14],8,-1,24,-1,8
1,<environment.Job instance at 0x7f802e90c1e0>,9,16,[ 4 11],10,-1,27,-1,11
1,<environment.Job instance at 0x7f8025194c80>,13,15,[13  4],14,-1,40,-1,25
1,<environment.Job instance at 0x7f8025194dc0>,15,16,[11  5],16,-1,41,-1,25
1,<environment.Job instance at 0x7f8025194e60>,16,15,[ 1 11],17,-1,40,-1,25
1,<environment.Job instance at 0x7f8025194f00>,17,2,[3 5],18,-1,27,-1,25
1,<environment.Job instance at 0x7f8025194be0>,19,2,[5 5],20,-1,38,-1,36
1,<environment.Job instance at 0x7f80251961e0>,21,23,[6 4],22,-1,73,-1,50
1,<environment.Job instance at 0x7f8025196320>,23,16,[ 1 11],24,-1,66,-1,50
1,<environment.Job instance at 0x7f80251963c0>,24,23,[5 8],25,-1,73,-1,50
1,<environment.Job instance at 0x7f8025196050>,26,16,[9 1],27,-1,84,-1,68
1,<environment.Job instance at 0x7f8025196500>,28,2,[ 3 10],29,-1,70,-1,68
1,<environment.Job instance at 0x7f80251966e0>,29,18,[5 1],30,-1,86,-1,68
1,<environment.Job instance at 0x7f8025196780>,30,3,[13  2],31,-1,71,-1,68
1,<environment.Job instance at 0x7f8025196820>,31,19,[ 5 11],32,-1,87,-1,68
1,<environment.Job instance at 0x7f80251968c0>,32,12,[13  5],33,-1,80,-1,68
1,<environment.Job instance at 0x7f8025196a00>,34,18,[11  2],35,-1,94,-1,76
1,<environment.Job instance at 0x7f8025196aa0>,35,3,[5 9],36,-1,79,-1,76
1,<environment.Job instance at 0x7f8025196cd0>,36,18,[10  1],37,-1,94,-1,76
1,<environment.Job instance at 0x7f8025196c80>,37,13,[7 1],38,-1,89,-1,76
1,<environment.Job instance at 0x7f8025196be0>,38,23,[ 4 11],39,-1,99,-1,76
1,<environment.Job instance at 0x7f8025196e60>,39,25,[12  4],40,-1,101,-1,76
1,<environment.Job instance at 0x7f8025196f00>,40,13,[ 2 10],41,-1,89,-1,76
1,<environment.Job instance at 0x7f8025196d70>,41,28,[7 5],42,-1,104,-1,76
1,<environment.Job instance at 0x7f8025196c30>,42,15,[14  4],43,-1,91,-1,76
1,<environment.Job instance at 0x7f8025196e10>,43,22,[5 3],44,-1,98,-1,76
1,<environment.Job instance at 0x7f802519a1e0>,44,1,[1 7],45,-1,77,-1,76
1,<environment.Job instance at 0x7f802519a280>,45,12,[ 4 12],46,-1,88,-1,76
1,<environment.Job instance at 0x7f802519a3c0>,47,1,[3 5],48,-1,81,-1,80
1,<environment.Job instance at 0x7f802519a5f0>,52,28,[12  2],53,-1,139,-1,111
1,<environment.Job instance at 0x7f80252dd320>,5,15,[3 5],6,-1,24,-1,9
1,<environment.Job instance at 0x7f80252ddd70>,8,18,[7 1],9,-1,30,-1,12
1,<environment.Job instance at 0x7f80252dd280>,10,17,[14  2],11,-1,29,-1,12
1,<environment.Job instance at 0x7f802595bb90>,11,12,[11  1],12,-1,24,-1,12
1,<environment.Job instance at 0x7f80252dd140>,12,1,[7 3],13,-1,14,-1,13
1,<environment.Job instance at 0x7f80252180f0>,14,18,[8 2],15,-1,39,-1,21
1,<environment.Job instance at 0x7f8025218230>,15,3,[7 1],16,-1,24,-1,21
1,<environment.Job instance at 0x7f8025218d20>,16,19,[8 2],17,-1,40,-1,21
1,<environment.Job instance at 0x7f8025218690>,17,22,[1 7],18,-1,43,-1,21
1,<environment.Job instance at 0x7f80252185f0>,18,22,[14  1],19,-1,43,-1,21
1,<environment.Job instance at 0x7f8025218e60>,19,22,[ 2 10],20,-1,43,-1,21
1,<environment.Job instance at 0x7f8025218c80>,20,14,[ 4 11],21,-1,35,-1,21
1,<environment.Job instance at 0x7f8025218780>,21,28,[8 4],22,-1,50,-1,22
1,<environment.Job instance at 0x7f8024d5c320>,23,25,[7 4],24,-1,49,-1,24
1,<environment.Job instance at 0x7f8024a727d0>,24,12,[8 2],25,-1,37,-1,25
1,<environment.Job instance at 0x7f8025218cd0>,25,19,[ 1 12],26,-1,45,-1,26
1,<environment.Job instance at 0x7f8024c57910>,28,14,[8 4],29,-1,66,-1,52
1,<environment.Job instance at 0x7f8024b11230>,29,1,[9 3],30,-1,53,-1,52
1,<environment.Job instance at 0x7f8024bfb370>,30,17,[13  3],31,-1,69,-1,52
1,<environment.Job instance at 0x7f8024b97550>,31,3,[ 5 12],32,-1,55,-1,52
1,<environment.Job instance at 0x7f8024bfb230>,32,26,[ 5 12],33,-1,78,-1,52
1,<environment.Job instance at 0x7f8024843fa0>,33,16,[9 1],34,-1,68,-1,52
1,<environment.Job instance at 0x7f8024ba6fa0>,34,27,[ 2 12],35,-1,79,-1,52
1,<environment.Job instance at 0x7f8024c6d370>,35,15,[4 8],36,-1,76,-1,61
1,<environment.Job instance at 0x7f8024ba60f0>,36,3,[ 1 10],37,-1,64,-1,61
1,<environment.Job instance at 0x7f8024c6dc30>,37,2,[ 3 10],38,-1,63,-1,61
1,<environment.Job instance at 0x7f802481faa0>,38,15,[2 5],39,-1,76,-1,61
1,<environment.Job instance at 0x7f8024c6de10>,40,15,[3 7],41,-1,81,-1,66
1,<environment.Job instance at 0x7f80248de6e0>,41,19,[ 5 11],42,-1,85,-1,66
1,<environment.Job instance at 0x7f80248de780>,42,16,[9 1],43,-1,82,-1,66
1,<environment.Job instance at 0x7f80248de280>,43,18,[9 2],44,-1,85,-1,67
1,<environment.Job instance at 0x7f80248e20a0>,44,16,[ 2 14],45,-1,83,-1,67
1,<environment.Job instance at 0x7f80248843c0>,45,3,[13  5],46,-1,70,-1,67
1,<environment.Job instance at 0x7f80248f90f0>,46,17,[1 5],47,-1,84,-1,67
1,<environment.Job instance at 0x7f80248e2460>,47,21,[11  2],48,-1,88,-1,67
1,<environment.Job instance at 0x7f8024bf1e10>,48,23,[3 7],49,-1,90,-1,67
1,<environment.Job instance at 0x7f8024ba8a00>,49,12,[5 5],50,-1,79,-1,67
1,<environment.Job instance at 0x7f8024ba8960>,50,13,[ 2 13],51,-1,80,-1,67
1,<environment.Job instance at 0x7f8024c39f50>,51,13,[4 9],52,-1,80,-1,67
1,<environment.Job instance at 0x7f8024c39d70>,53,2,[6 1],54,-1,70,-1,68
1,<environment.Job instance at 0x7f8024c39500>,54,3,[12  3],55,-1,71,-1,68
1,<environment.Job instance at 0x7f8024c39c80>,55,23,[3 7],56,-1,91,-1,68
1,<environment.Job instance at 0x7f8024c396e0>,57,18,[ 3 11],58,-1,89,-1,71
1,<environment.Job instance at 0x7f8024c99960>,58,18,[1 9],59,-1,89,-1,71
1,<environment.Job instance at 0x7f8024c99a00>,59,2,[12  2],60,-1,73,-1,71
1,<environment.Job instance at 0x7f8024c998c0>,60,16,[2 5],61,-1,87,-1,71
1,<environment.Job instance at 0x7f8024811410>,61,14,[ 5 11],62,-1,85,-1,71
1,<environment.Job instance at 0x7f8024c990a0>,62,19,[5 1],63,-1,90,-1,71
1,<environment.Job instance at 0x7f8024c3f5a0>,63,14,[5 9],64,-1,101,-1,87
1,<environment.Job instance at 0x7f8024c3f280>,67,26,[10  2],68,-1,113,-1,87
1,<environment.Job instance at 0x7f8024c3f370>,68,25,[5 5],69,-1,112,-1,87
1,<environment.Job instance at 0x7f8024c9d500>,69,19,[6 1],70,-1,106,-1,87
1,<environment.Job instance at 0x7f8024c9db90>,70,26,[6 5],71,-1,113,-1,87
1,<environment.Job instance at 0x7f8024c9d320>,71,12,[ 1 11],72,-1,99,-1,87
1,<environment.Job instance at 0x7f8024c9deb0>,72,3,[5 3],73,-1,90,-1,87
1,<environment.Job instance at 0x7f8024c9d5f0>,73,23,[ 4 11],74,-1,110,-1,87
1,<environment.Job instance at 0x7f8024c9d820>,74,13,[ 3 11],75,-1,100,-1,87
1,<environment.Job instance at 0x7f8024c9d730>,75,2,[14  5],76,-1,89,-1,87
1,<environment.Job instance at 0x7f8024ba3cd0>,76,16,[ 3 11],77,-1,103,-1,87
1,<environment.Job instance at 0x7f8024ce37d0>,77,12,[ 1 11],78,-1,99,-1,87
1,<environment.Job instance at 0x7f8024ba3d20>,78,17,[11  3],79,-1,104,-1,87
1,<environment.Job instance at 0x7f8024c8fe10>,79,16,[ 2 12],80,-1,103,-1,87
1,<environment.Job instance at 0x7f8024c8ffa0>,80,21,[14  1],81,-1,108,-1,87
1,<environment.Job instance at 0x7f8024c88a50>,81,21,[5 6],82,-1,109,-1,88
1,<environment.Job instance at 0x7f8024c88dc0>,82,2,[12  2],83,-1,90,-1,88
1,<environment.Job instance at 0x7f8024c889b0>,83,15,[4 5],84,-1,104,-1,89
1,<environment.Job instance at 0x7f8024c88d70>,84,1,[7 1],85,-1,90,-1,89
1,<environment.Job instance at 0x7f8024c88e60>,85,25,[7 2],86,-1,114,-1,89
1,<environment.Job instance at 0x7f8024d157d0>,86,12,[8 1],87,-1,101,-1,89
1,<environment.Job instance at 0x7f8024c88690>,87,21,[ 2 10],88,-1,110,-1,89
1,<environment.Job instance at 0x7f8024ca6190>,88,17,[10  4],89,-1,106,-1,89
1,<environment.Job instance at 0x7f8024ca6370>,89,17,[11  1],90,-1,107,-1,90
1,<environment.Job instance at 0x7f8024cae1e0>,90,22,[ 5 14],91,-1,113,-1,91
1,<environment.Job instance at 0x7f8024cae8c0>,91,26,[ 5 13],92,-1,118,-1,92
1,<environment.Job instance at 0x7f8024caeaa0>,92,16,[3 7],93,-1,109,-1,93
1,<environment.Job instance at 0x7f8024d1a960>,93,2,[ 3 14],94,-1,96,-1,94
1,<environment.Job instance at 0x7f8024c87d20>,94,1,[14  1],95,-1,96,-1,95
1,<environment.Job instance at 0x7f8024a5cd70>,3,22,[11  4],4,-1,26,-1,4
1,<environment.Job instance at 0x7f8024a5cf00>,7,28,[ 4 11],8,-1,36,-1,8
1,<environment.Job instance at 0x7f8024a55370>,20,1,[ 2 10],21,-1,38,-1,37
1,<environment.Job instance at 0x7f8024a559b0>,21,14,[12  2],22,-1,51,-1,37
1,<environment.Job instance at 0x7f8024a55730>,23,3,[ 2 10],24,-1,45,-1,42
1,<environment.Job instance at 0x7f8024a55af0>,24,23,[5 7],25,-1,65,-1,42
1,<environment.Job instance at 0x7f8024a55910>,26,24,[1 9],27,-1,66,-1,42
1,<environment.Job instance at 0x7f8024a55230>,27,18,[ 1 11],28,-1,60,-1,42
1,<environment.Job instance at 0x7f8024a55f50>,28,15,[ 4 12],29,-1,57,-1,42
1,<environment.Job instance at 0x7f8024a55cd0>,29,26,[9 2],30,-1,68,-1,42
1,<environment.Job instance at 0x7f8024a55f00>,30,2,[3 8],31,-1,44,-1,42
1,<environment.Job instance at 0x7f8024a55960>,31,18,[ 2 14],32,-1,60,-1,42
1,<environment.Job instance at 0x7f8024a55be0>,32,28,[10  1],33,-1,70,-1,42
1,<environment.Job instance at 0x7f8024a55140>,33,2,[5 6],34,-1,44,-1,42
1,<environment.Job instance at 0x7f8024a55500>,34,15,[14  3],35,-1,57,-1,42
1,<environment.Job instance at 0x7f8024a550f0>,35,28,[2 5],36,-1,70,-1,42
1,<environment.Job instance at 0x7f8024a55b90>,36,12,[ 2 11],37,-1,54,-1,42
1,<environment.Job instance at 0x7f8024ab8550>,37,12,[ 5 11],38,-1,54,-1,42
1,<environment.Job instance at 0x7f8024ab87d0>,38,26,[13  3],39,-1,68,-1,42
1,<environment.Job instance at 0x7f8024ab8820>,39,12,[ 5 11],40,-1,54,-1,42
1,<environment.Job instance at 0x7f80256ba8c0>,43,28,[11  3],44,-1,85,-1,57
1,<environment.Job instance at 0x7f80256dc320>,45,20,[ 2 11],46,-1,87,-1,67
1,<environment.Job instance at 0x7f802500faa0>,47,23,[8 3],48,-1,98,-1,75
1,<environment.Job instance at 0x7f8024fe0690>,51,18,[ 5 11],52,-1,107,-1,89
1,<environment.Job instance at 0x7f802e90baa0>,53,14,[12  3],54,-1,104,-1,90
1,<environment.Job instance at 0x7f802e90b1e0>,54,2,[8 4],55,-1,92,-1,90
1,<environment.Job instance at 0x7f802563ed20>,56,25,[ 3 14],57,-1,130,-1,105
1,<environment.Job instance at 0x7f802543e5f0>,57,22,[10  1],58,-1,150,-1,128
1,<environment.Job instance at 0x7f80253422d0>,61,17,[11  2],62,-1,145,-1,128
1,<environment.Job instance at 0x7f80253420a0>,62,13,[11  3],63,-1,141,-1,128
1,<environment.Job instance at 0x7f8024fde2d0>,63,17,[11  5],64,-1,145,-1,128
1,<environment.Job instance at 0x7f8024ba8640>,2,17,[ 1 13],3,-1,20,-1,3
1,<environment.Job instance at 0x7f8024babd70>,7,17,[13  4],8,-1,26,-1,9
1,<environment.Job instance at 0x7f80248d72d0>,9,18,[12  4],10,-1,28,-1,10
1,<environment.Job instance at 0x7f8024b335a0>,16,1,[ 4 11],17,-1,54,-1,53
1,<environment.Job instance at 0x7f802513af50>,17,15,[ 5 14],18,-1,68,-1,53
1,<environment.Job instance at 0x7f8024b33050>,19,26,[3 8],20,-1,79,-1,53
1,<environment.Job instance at 0x7f8024fa8b90>,2,28,[6 2],3,-1,31,-1,3
1,<environment.Job instance at 0x7f8024f8da00>,7,26,[5 4],8,-1,34,-1,8
1,<environment.Job instance at 0x7f8024f95230>,11,23,[ 5 14],12,-1,35,-1,12
1,<environment.Job instance at 0x7f8024f95f00>,12,18,[ 2 14],13,-1,31,-1,13
1,<environment.Job instance at 0x7f8024f95a00>,13,17,[ 4 13],14,-1,31,-1,14
1,<environment.Job instance at 0x7f8024f90f00>,14,25,[7 3],15,-1,40,-1,15
1,<environment.Job instance at 0x7f8024f90410>,17,26,[ 5 10],18,-1,44,-1,18
1,<environment.Job instance at 0x7f8024f92640>,22,1,[ 1 13],23,-1,33,-1,32
1,<environment.Job instance at 0x7f8024f92e60>,23,17,[ 5 12],24,-1,49,-1,32
1,<environment.Job instance at 0x7f8024f925f0>,25,1,[8 4],26,-1,33,-1,32
1,<environment.Job instance at 0x7f8024f92cd0>,29,13,[12  5],30,-1,60,-1,47
1,<environment.Job instance at 0x7f8024f92410>,31,26,[8 3],32,-1,90,-1,64
1,<environment.Job instance at 0x7f8024fa82d0>,32,3,[11  1],33,-1,67,-1,64
1,<environment.Job instance at 0x7f8024756500>,33,3,[5 1],34,-1,67,-1,64
1,<environment.Job instance at 0x7f80247cf0a0>,37,2,[1 5],38,-1,84,-1,82
1,<environment.Job instance at 0x7f80247ccdc0>,38,2,[2 7],39,-1,84,-1,82
1,<environment.Job instance at 0x7f80247d54b0>,39,2,[4 5],40,-1,84,-1,82
1,<environment.Job instance at 0x7f8024f90eb0>,43,16,[14  3],44,-1,112,-1,96
1,<environment.Job instance at 0x7f80247b2370>,44,17,[11  3],45,-1,113,-1,96
1,<environment.Job instance at 0x7f8024782730>,45,22,[12  5],46,-1,118,-1,96
1,<environment.Job instance at 0x7f80247824b0>,46,13,[1 8],47,-1,109,-1,96
1,<environment.Job instance at 0x7f80247901e0>,47,16,[10  3],48,-1,113,-1,97
1,<environment.Job instance at 0x7f8024790dc0>,48,23,[8 4],49,-1,120,-1,97
1,<environment.Job instance at 0x7f80255b40a0>,4,28,[10  4],5,-1,33,-1,5
1,<environment.Job instance at 0x7f8025591960>,11,21,[13  5],12,-1,39,-1,18
1,<environment.Job instance at 0x7f8025591190>,13,26,[7 1],14,-1,60,-1,34
1,<environment.Job instance at 0x7f8025591a50>,16,3,[2 5],17,-1,46,-1,43
1,<environment.Job instance at 0x7f80255910f0>,20,12,[13  5],21,-1,78,-1,66
1,<environment.Job instance at 0x7f8025591640>,21,2,[ 5 13],22,-1,68,-1,66
1,<environment.Job instance at 0x7f8025591a00>,23,25,[1 8],24,-1,104,-1,79
1,<environment.Job instance at 0x7f8024f8ee60>,1,24,[ 1 12],2,-1,26,-1,2
1,<environment.Job instance at 0x7f8024bd4780>,2,3,[ 3 14],3,-1,6,-1,3
1,<environment.Job instance at 0x7f8024bd4870>,3,28,[11  3],4,-1,32,-1,4
1,<environment.Job instance at 0x7f8024bd4e10>,4,3,[14  5],5,-1,8,-1,5
1,<environment.Job instance at 0x7f8024bd47d0>,5,26,[5 1],6,-1,32,-1,6
1,<environment.Job instance at 0x7f8024bd4050>,6,25,[2 7],7,-1,32,-1,7
1,<environment.Job instance at 0x7f8024bd44b0>,8,27,[8 2],9,-1,36,-1,9
1,<environment.Job instance at 0x7f8024bd4d20>,10,28,[11  3],11,-1,39,-1,11
1,<environment.Job instance at 0x7f8024bd43c0>,11,13,[ 4 13],12,-1,25,-1,12
1,<environment.Job instance at 0x7f8024bd4190>,12,15,[12  1],13,-1,28,-1,13
1,<environment.Job instance at 0x7f802e38e5a0>,18,12,[12  4],19,-1,33,-1,21
1,<environment.Job instance at 0x7f802e38ef00>,19,17,[ 4 13],20,-1,38,-1,21
1,<environment.Job instance at 0x7f802e38e910>,20,16,[14  2],21,-1,37,-1,21
1,<environment.Job instance at 0x7f8024f96fa0>,21,2,[11  2],22,-1,24,-1,22
1,<environment.Job instance at 0x7f8024f96aa0>,22,13,[13  3],23,-1,36,-1,23
1,<environment.Job instance at 0x7f8024df8d20>,7,13,[ 3 13],8,-1,21,-1,8
1,<environment.Job instance at 0x7f8025597dc0>,8,28,[ 1 10],9,-1,37,-1,9
1,<environment.Job instance at 0x7f8024e15320>,9,28,[ 2 12],10,-1,38,-1,10
1,<environment.Job instance at 0x7f8024e151e0>,10,3,[7 1],11,-1,14,-1,11
1,<environment.Job instance at 0x7f8024e2a730>,15,2,[7 1],16,-1,18,-1,16
1,<environment.Job instance at 0x7f8024e2a140>,16,1,[5 8],17,-1,18,-1,17
1,<environment.Job instance at 0x7f8024e2a280>,18,13,[14  2],19,-1,44,-1,31
1,<environment.Job instance at 0x7f8024e2a460>,19,14,[11  2],20,-1,45,-1,31
1,<environment.Job instance at 0x7f8024e2aa50>,23,23,[1 6],24,-1,74,-1,51
1,<environment.Job instance at 0x7f8024e2ac80>,24,21,[ 2 11],25,-1,72,-1,51
1,<environment.Job instance at 0x7f8025821d70>,25,22,[4 5],26,-1,73,-1,51
1,<environment.Job instance at 0x7f80258b53c0>,26,3,[12  2],27,-1,54,-1,51
1,<environment.Job instance at 0x7f802589d4b0>,29,1,[4 8],30,-1,62,-1,61
1,<environment.Job instance at 0x7f80258424b0>,30,26,[10  5],31,-1,87,-1,61
1,<environment.Job instance at 0x7f802589daa0>,31,18,[8 1],32,-1,79,-1,61
1,<environment.Job instance at 0x7f8024863820>,33,17,[14  2],34,-1,87,-1,70
1,<environment.Job instance at 0x7f8024e05b40>,34,28,[2 6],35,-1,98,-1,70
1,<environment.Job instance at 0x7f8025064550>,35,3,[11  4],36,-1,73,-1,70
1,<environment.Job instance at 0x7f802483f0f0>,36,1,[7 1],37,-1,71,-1,70
1,<environment.Job instance at 0x7f802483fd70>,37,12,[ 3 12],38,-1,82,-1,70
1,<environment.Job instance at 0x7f802582e9b0>,38,24,[9 2],39,-1,94,-1,70
1,<environment.Job instance at 0x7f8024e2efa0>,39,15,[ 3 11],40,-1,85,-1,70
1,<environment.Job instance at 0x7f802486bbe0>,43,16,[12  1],44,-1,103,-1,87
1,<environment.Job instance at 0x7f8024844460>,44,14,[ 4 11],45,-1,101,-1,87
1,<environment.Job instance at 0x7f80248446e0>,45,26,[12  1],46,-1,113,-1,87
1,<environment.Job instance at 0x7f8024844230>,46,3,[11  3],47,-1,90,-1,87
1,<environment.Job instance at 0x7f802483a190>,48,24,[8 4],49,-1,111,-1,87
1,<environment.Job instance at 0x7f802483a4b0>,49,15,[3 7],50,-1,102,-1,87
1,<environment.Job instance at 0x7f802503d870>,50,13,[9 5],51,-1,100,-1,87
1,<environment.Job instance at 0x7f802503d370>,51,3,[4 7],52,-1,90,-1,87
1,<environment.Job instance at 0x7f8024844320>,52,16,[5 6],53,-1,103,-1,87
1,<environment.Job instance at 0x7f802503a1e0>,53,19,[9 2],54,-1,106,-1,87
1,<environment.Job instance at 0x7f802503a0f0>,54,12,[6 2],55,-1,99,-1,87
1,<environment.Job instance at 0x7f802503a050>,55,16,[4 5],56,-1,103,-1,87
1,<environment.Job instance at 0x7f802503a0a0>,56,25,[4 6],57,-1,112,-1,87
1,<environment.Job instance at 0x7f8025052640>,57,3,[9 5],58,-1,90,-1,87
1,<environment.Job instance at 0x7f80250523c0>,58,2,[13  3],59,-1,89,-1,87
1,<environment.Job instance at 0x7f80250520a0>,59,17,[3 6],60,-1,104,-1,87
1,<environment.Job instance at 0x7f80250520f0>,60,19,[ 5 11],61,-1,106,-1,87
1,<environment.Job instance at 0x7f80250529b0>,61,13,[6 1],62,-1,100,-1,87
1,<environment.Job instance at 0x7f8025052870>,62,24,[1 7],63,-1,111,-1,87
1,<environment.Job instance at 0x7f8025052960>,63,3,[4 6],64,-1,90,-1,87
1,<environment.Job instance at 0x7f8025052aa0>,64,24,[5 9],65,-1,111,-1,87
1,<environment.Job instance at 0x7f8025052b90>,65,3,[14  3],66,-1,90,-1,87
1,<environment.Job instance at 0x7f8025052f50>,66,13,[ 4 13],67,-1,100,-1,87
1,<environment.Job instance at 0x7f8025052550>,67,18,[5 3],68,-1,105,-1,87
1,<environment.Job instance at 0x7f8025052460>,69,24,[ 2 13],70,-1,126,-1,102
1,<environment.Job instance at 0x7f8025052c80>,70,19,[5 3],71,-1,124,-1,105
1,<environment.Job instance at 0x7f80250522d0>,71,18,[ 4 13],72,-1,123,-1,105
1,<environment.Job instance at 0x7f802504dd70>,73,3,[4 5],74,-1,121,-1,118
1,<environment.Job instance at 0x7f802504df50>,74,22,[ 3 10],75,-1,140,-1,118
1,<environment.Job instance at 0x7f8024f08050>,75,2,[6 2],76,-1,120,-1,118
1,<environment.Job instance at 0x7f8024f08190>,77,20,[ 2 10],78,-1,138,-1,118
1,<environment.Job instance at 0x7f8024f08320>,78,14,[13  3],79,-1,132,-1,118
1,<environment.Job instance at 0x7f8024f083c0>,79,14,[11  3],80,-1,132,-1,118
1,<environment.Job instance at 0x7f8024f08460>,80,3,[ 3 11],81,-1,121,-1,118
1,<environment.Job instance at 0x7f8024f080a0>,81,24,[11  1],82,-1,142,-1,118
1,<environment.Job instance at 0x7f8024f082d0>,82,24,[5 4],83,-1,142,-1,118
1,<environment.Job instance at 0x7f8024f085f0>,84,14,[11  2],85,-1,138,-1,124
1,<environment.Job instance at 0x7f8024f085a0>,85,20,[ 1 11],86,-1,144,-1,124
1,<environment.Job instance at 0x7f802548b8c0>,5,12,[ 1 11],6,-1,18,-1,6
1,<environment.Job instance at 0x7f80251e85a0>,8,14,[ 3 13],9,-1,23,-1,9
1,<environment.Job instance at 0x7f802548ba00>,9,23,[9 4],10,-1,36,-1,13
1,<environment.Job instance at 0x7f802548bf50>,13,1,[2 8],14,-1,15,-1,14
1,<environment.Job instance at 0x7f802548b690>,14,19,[14  3],15,-1,34,-1,15
1,<environment.Job instance at 0x7f802548b640>,15,27,[5 2],16,-1,43,-1,16
1,<environment.Job instance at 0x7f802548bc30>,16,2,[1 8],17,-1,19,-1,17
1,<environment.Job instance at 0x7f802548b460>,17,12,[ 2 13],18,-1,30,-1,18
1,<environment.Job instance at 0x7f802548bd70>,18,20,[ 5 11],19,-1,39,-1,19
1,<environment.Job instance at 0x7f802548bd20>,19,12,[11  2],20,-1,32,-1,20
1,<environment.Job instance at 0x7f802548b050>,20,3,[13  3],21,-1,24,-1,21
1,<environment.Job instance at 0x7f802548b5f0>,21,1,[1 6],22,-1,23,-1,22
1,<environment.Job instance at 0x7f802548b140>,22,23,[1 6],23,-1,46,-1,23
1,<environment.Job instance at 0x7f802548bcd0>,23,16,[ 3 13],24,-1,40,-1,24
1,<environment.Job instance at 0x7f8024bb3280>,24,22,[ 3 14],25,-1,47,-1,25
1,<environment.Job instance at 0x7f8024bb3cd0>,25,12,[10  5],26,-1,85,-1,73
1,<environment.Job instance at 0x7f8024bb30a0>,35,28,[ 2 10],36,-1,101,-1,73
1,<environment.Job instance at 0x7f8024bb3c30>,36,26,[8 2],37,-1,99,-1,73
1,<environment.Job instance at 0x7f8024bb3af0>,37,2,[14  1],38,-1,75,-1,73
1,<environment.Job instance at 0x7f8024bb35f0>,38,14,[ 2 10],39,-1,87,-1,73
1,<environment.Job instance at 0x7f8024bb34b0>,39,17,[13  5],40,-1,90,-1,73
1,<environment.Job instance at 0x7f8024bbf690>,40,28,[9 5],41,-1,101,-1,73
1,<environment.Job instance at 0x7f8024bbf1e0>,41,22,[13  3],42,-1,95,-1,73
1,<environment.Job instance at 0x7f8024bbfd20>,42,17,[ 3 14],43,-1,90,-1,73
1,<environment.Job instance at 0x7f8024bbf910>,43,2,[ 3 12],44,-1,75,-1,73
1,<environment.Job instance at 0x7f8024bbf320>,44,26,[4 6],45,-1,99,-1,73
1,<environment.Job instance at 0x7f8024bbf0f0>,45,3,[7 3],46,-1,76,-1,73
1,<environment.Job instance at 0x7f802547dcd0>,5,28,[ 3 10],6,-1,34,-1,6
1,<environment.Job instance at 0x7f802547dc80>,7,26,[ 3 13],8,-1,34,-1,8
1,<environment.Job instance at 0x7f802547d960>,8,15,[ 3 14],9,-1,24,-1,9
1,<environment.Job instance at 0x7f8024b3f500>,13,14,[14  2],14,-1,28,-1,14
1,<environment.Job instance at 0x7f8025459e60>,17,20,[14  3],18,-1,48,-1,28
1,<environment.Job instance at 0x7f8025459780>,20,12,[ 2 13],21,-1,50,-1,38
1,<environment.Job instance at 0x7f8025695280>,21,2,[12  5],22,-1,40,-1,38
1,<environment.Job instance at 0x7f8024d941e0>,22,18,[ 2 13],23,-1,56,-1,38
1,<environment.Job instance at 0x7f8025459b40>,23,2,[12  2],24,-1,40,-1,38
1,<environment.Job instance at 0x7f8025462e60>,24,23,[6 4],25,-1,67,-1,44
1,<environment.Job instance at 0x7f8025462960>,25,13,[ 2 13],26,-1,57,-1,44
1,<environment.Job instance at 0x7f8025462460>,26,17,[12  2],27,-1,61,-1,44
1,<environment.Job instance at 0x7f8024ecf050>,27,28,[7 4],28,-1,72,-1,44
1,<environment.Job instance at 0x7f802586c4b0>,29,2,[13  3],30,-1,47,-1,45
1,<environment.Job instance at 0x7f8025462a50>,30,25,[10  4],31,-1,70,-1,45
1,<environment.Job instance at 0x7f8025822be0>,31,25,[3 7],32,-1,70,-1,45
1,<environment.Job instance at 0x7f802586c050>,32,19,[ 3 12],33,-1,64,-1,45
1,<environment.Job instance at 0x7f802588e730>,36,3,[ 1 12],37,-1,74,-1,71
1,<environment.Job instance at 0x7f802588e5f0>,37,21,[ 5 11],38,-1,92,-1,71
1,<environment.Job instance at 0x7f8024d93e10>,38,2,[ 1 14],39,-1,73,-1,71
1,<environment.Job instance at 0x7f8024ee6af0>,40,25,[10  5],41,-1,100,-1,75
1,<environment.Job instance at 0x7f80256b58c0>,41,24,[ 3 12],42,-1,99,-1,75
1,<environment.Job instance at 0x7f80256b5730>,42,14,[ 5 13],43,-1,89,-1,75
1,<environment.Job instance at 0x7f8024d75c30>,43,24,[6 5],44,-1,99,-1,75
1,<environment.Job instance at 0x7f8024ebfe60>,44,18,[11  2],45,-1,93,-1,75
1,<environment.Job instance at 0x7f8024ebf230>,46,24,[8 1],47,-1,113,-1,89
1,<environment.Job instance at 0x7f8024cc3140>,11,2,[ 1 12],12,-1,15,-1,13
1,<environment.Job instance at 0x7f8024cc3190>,12,2,[ 1 12],13,-1,15,-1,13
1,<environment.Job instance at 0x7f8024cc3f50>,13,3,[5 2],14,-1,24,-1,21
1,<environment.Job instance at 0x7f8024cc3aa0>,24,1,[9 5],25,-1,83,-1,82
1,<environment.Job instance at 0x7f8024cc3f00>,25,3,[4 9],26,-1,85,-1,82
1,<environment.Job instance at 0x7f8024cc35a0>,26,22,[10  5],27,-1,150,-1,128
1,<environment.Job instance at 0x7f8024525b90>,5,26,[12  2],6,-1,32,-1,6
1,<environment.Job instance at 0x7f80245250a0>,8,24,[6 3],9,-1,34,-1,10
1,<environment.Job instance at 0x7f80245252d0>,10,16,[12  2],11,-1,27,-1,11
1,<environment.Job instance at 0x7f8024525280>,12,15,[ 5 11],13,-1,28,-1,13
1,<environment.Job instance at 0x7f80245255f0>,13,2,[8 4],14,-1,16,-1,14
1,<environment.Job instance at 0x7f8024525d70>,14,16,[ 2 14],15,-1,31,-1,15
1,<environment.Job instance at 0x7f8024525dc0>,15,25,[10  3],16,-1,41,-1,16
1,<environment.Job instance at 0x7f8024525af0>,16,15,[7 1],17,-1,34,-1,19
1,<environment.Job instance at 0x7f8024525690>,19,25,[7 1],20,-1,45,-1,20
1,<environment.Job instance at 0x7f8024525500>,21,3,[ 5 13],22,-1,31,-1,28
1,<environment.Job instance at 0x7f802454f640>,22,2,[2 5],23,-1,30,-1,28
1,<environment.Job instance at 0x7f802454f7d0>,23,14,[13  2],24,-1,42,-1,28
1,<environment.Job instance at 0x7f802454f320>,25,14,[ 4 10],26,-1,45,-1,31
1,<environment.Job instance at 0x7f802454fd20>,31,26,[ 2 13],32,-1,108,-1,82
1,<environment.Job instance at 0x7f802454fa00>,30,13,[10  5],31,-1,102,-1,89
1,<environment.Job instance at 0x7f802454f190>,38,3,[ 3 13],39,-1,121,-1,118
1,<environment.Job instance at 0x7f80250c98c0>,10,25,[5 2],11,-1,38,-1,13
1,<environment.Job instance at 0x7f80250c96e0>,11,22,[12  5],12,-1,35,-1,13
1,<environment.Job instance at 0x7f80250c9730>,13,28,[ 2 14],14,-1,57,-1,29
1,<environment.Job instance at 0x7f80250c93c0>,17,23,[ 2 13],18,-1,69,-1,46
1,<environment.Job instance at 0x7f802483fc80>,18,25,[14  4],19,-1,71,-1,46
1,<environment.Job instance at 0x7f802483f8c0>,19,24,[7 4],20,-1,70,-1,46
1,<environment.Job instance at 0x7f802483fa00>,22,2,[10  1],23,-1,69,-1,67
1,<environment.Job instance at 0x7f802483f960>,23,24,[13  2],24,-1,91,-1,67
1,<environment.Job instance at 0x7f802483f5a0>,25,25,[14  5],26,-1,92,-1,67
1,<environment.Job instance at 0x7f802483ff50>,27,27,[ 2 11],28,-1,112,-1,85
1,<environment.Job instance at 0x7f802483f690>,30,14,[ 2 10],31,-1,114,-1,100
1,<environment.Job instance at 0x7f8025b736e0>,1,13,[ 3 11],2,-1,15,-1,2
1,<environment.Job instance at 0x7f8025c83f00>,5,3,[12  3],6,-1,9,-1,6
1,<environment.Job instance at 0x7f8025c1b5f0>,17,13,[ 5 14],18,-1,59,-1,46
1,<environment.Job instance at 0x7f8025c1b050>,18,27,[4 9],19,-1,73,-1,46
1,<environment.Job instance at 0x7f8025c1b6e0>,19,18,[ 2 14],20,-1,64,-1,46
1,<environment.Job instance at 0x7f8025c1bb40>,30,20,[13  1],31,-1,144,-1,124
1,<environment.Job instance at 0x7f8025316d70>,31,1,[ 5 12],32,-1,125,-1,124
1,<environment.Job instance at 0x7f8025316b90>,32,3,[8 4],33,-1,127,-1,124
1,<environment.Job instance at 0x7f80253168c0>,33,22,[1 9],34,-1,146,-1,124
1,<environment.Job instance at 0x7f8025316370>,34,3,[ 4 12],35,-1,127,-1,124
1,<environment.Job instance at 0x7f8025316820>,36,1,[2 7],37,-1,128,-1,127
1,<environment.Job instance at 0x7f8025cc14b0>,3,22,[11  2],4,-1,26,-1,4
1,<environment.Job instance at 0x7f8025cc1af0>,5,18,[ 3 11],6,-1,24,-1,6
1,<environment.Job instance at 0x7f8025cc1190>,8,27,[ 5 14],9,-1,36,-1,9
1,<environment.Job instance at 0x7f8025cc1550>,7,3,[5 8],8,-1,16,-1,13
1,<environment.Job instance at 0x7f80258c65f0>,13,2,[14  2],14,-1,16,-1,14
1,<environment.Job instance at 0x7f80258c6550>,14,20,[ 1 14],15,-1,35,-1,15
1,<environment.Job instance at 0x7f80245e3960>,1,21,[ 3 14],2,-1,23,-1,2
1,<environment.Job instance at 0x7f8024f19140>,14,13,[ 2 14],15,-1,47,-1,34
1,<environment.Job instance at 0x7f8024f19a50>,21,28,[14  4],22,-1,96,-1,68
1,<environment.Job instance at 0x7f8024f19c80>,16,22,[8 1],17,-1,92,-1,70
1,<environment.Job instance at 0x7f8024f19960>,23,20,[ 3 14],24,-1,90,-1,70
1,<environment.Job instance at 0x7f8024f190a0>,24,13,[ 3 14],25,-1,83,-1,70
1,<environment.Job instance at 0x7f8024f19820>,25,24,[4 7],26,-1,94,-1,70
1,<environment.Job instance at 0x7f80247f9730>,28,24,[8 1],29,-1,108,-1,84
1,<environment.Job instance at 0x7f80247f9370>,32,1,[3 6],33,-1,102,-1,101
1,<environment.Job instance at 0x7f80247f9d70>,33,3,[5 3],34,-1,104,-1,101
1,<environment.Job instance at 0x7f80247f9f00>,37,24,[5 5],38,-1,144,-1,120
1,<environment.Job instance at 0x7f80247f9b40>,38,13,[3 6],39,-1,137,-1,124
1,<environment.Job instance at 0x7f80247f9f50>,39,15,[13  4],40,-1,139,-1,124
1,<environment.Job instance at 0x7f80247f9640>,40,28,[ 2 11],41,-1,152,-1,124
1,<environment.Job instance at 0x7f80247f9c80>,41,22,[7 4],42,-1,148,-1,126
1,<environment.Job instance at 0x7f80247f93c0>,42,12,[10  5],43,-1,138,-1,126
1,<environment.Job instance at 0x7f80247f9af0>,43,2,[ 5 12],44,-1,128,-1,126
1,<environment.Job instance at 0x7f80246ecf50>,11,25,[ 2 13],12,-1,42,-1,17
1,<environment.Job instance at 0x7f80246ec640>,12,17,[13  1],13,-1,34,-1,17
1,<environment.Job instance at 0x7f80246ec4b0>,13,3,[5 7],14,-1,20,-1,17
1,<environment.Job instance at 0x7f80246ecd20>,14,28,[ 3 12],15,-1,45,-1,17
1,<environment.Job instance at 0x7f80246ec140>,15,14,[ 2 13],16,-1,31,-1,17
1,<environment.Job instance at 0x7f80252f34b0>,16,23,[13  4],17,-1,40,-1,17
1,<environment.Job instance at 0x7f80252f37d0>,18,3,[10  3],19,-1,22,-1,19
1,<environment.Job instance at 0x7f80252f3f50>,19,27,[9 3],20,-1,47,-1,20
1,<environment.Job instance at 0x7f80252f3e60>,23,1,[5 6],24,-1,34,-1,33
1,<environment.Job instance at 0x7f80252f3780>,25,14,[ 2 11],26,-1,57,-1,43
1,<environment.Job instance at 0x7f80252f31e0>,27,21,[12  2],28,-1,74,-1,53
1,<environment.Job instance at 0x7f80252f32d0>,29,28,[12  2],30,-1,85,-1,57
1,<environment.Job instance at 0x7f80252f3870>,32,1,[4 5],33,-1,71,-1,70
1,<environment.Job instance at 0x7f80250da050>,36,25,[5 9],37,-1,118,-1,93
1,<environment.Job instance at 0x7f8025310730>,6,28,[7 3],7,-1,35,-1,7
1,<environment.Job instance at 0x7f8025312960>,12,23,[13  4],13,-1,36,-1,13
1,<environment.Job instance at 0x7f8025312690>,14,23,[ 2 12],15,-1,38,-1,15
1,<environment.Job instance at 0x7f8025312460>,15,17,[11  5],16,-1,35,-1,18
1,<environment.Job instance at 0x7f8025312eb0>,18,16,[6 2],19,-1,77,-1,61
1,<environment.Job instance at 0x7f80253337d0>,24,23,[9 5],25,-1,97,-1,74
1,<environment.Job instance at 0x7f8025333a00>,25,19,[ 4 13],26,-1,93,-1,74
1,<environment.Job instance at 0x7f802449e4b0>,4,13,[12  4],5,-1,18,-1,5
1,<environment.Job instance at 0x7f802449e8c0>,5,28,[8 5],6,-1,34,-1,6
1,<environment.Job instance at 0x7f802449e550>,10,2,[ 4 14],11,-1,17,-1,15
1,<environment.Job instance at 0x7f802449e410>,12,16,[14  3],13,-1,31,-1,15
1,<environment.Job instance at 0x7f802449e9b0>,15,2,[10  1],16,-1,34,-1,32
1,<environment.Job instance at 0x7f802449e500>,17,21,[ 4 12],18,-1,66,-1,45
1,<environment.Job instance at 0x7f802449ee60>,18,23,[7 2],19,-1,68,-1,45
1,<environment.Job instance at 0x7f80244a0870>,20,26,[6 2],21,-1,71,-1,45
1,<environment.Job instance at 0x7f80244a07d0>,23,28,[ 5 10],24,-1,87,-1,59
1,<environment.Job instance at 0x7f80244a01e0>,24,2,[ 2 11],25,-1,61,-1,59
1,<environment.Job instance at 0x7f80244a0d20>,25,24,[4 7],26,-1,83,-1,59
1,<environment.Job instance at 0x7f80244a04b0>,27,2,[9 5],28,-1,69,-1,67
1,<environment.Job instance at 0x7f80244a0140>,28,17,[7 1],29,-1,90,-1,73
1,<environment.Job instance at 0x7f80244a0f00>,30,3,[8 2],31,-1,76,-1,73
1,<environment.Job instance at 0x7f80244a05f0>,31,28,[6 2],32,-1,101,-1,73
1,<environment.Job instance at 0x7f80244a0730>,32,17,[3 6],33,-1,90,-1,73
1,<environment.Job instance at 0x7f80244a0fa0>,33,17,[12  3],34,-1,90,-1,73
1,<environment.Job instance at 0x7f80244a0c80>,34,21,[7 2],35,-1,94,-1,73
1,<environment.Job instance at 0x7f80244a0b90>,35,23,[1 9],36,-1,96,-1,73
1,<environment.Job instance at 0x7f80244a0af0>,36,24,[2 6],37,-1,97,-1,73
1,<environment.Job instance at 0x7f8024d009b0>,37,15,[10  3],38,-1,90,-1,75
1,<environment.Job instance at 0x7f8024d00820>,38,26,[7 5],39,-1,101,-1,75
1,<environment.Job instance at 0x7f8024d00eb0>,39,13,[5 5],40,-1,88,-1,75
1,<environment.Job instance at 0x7f8024d00960>,40,15,[5 2],41,-1,90,-1,75
1,<environment.Job instance at 0x7f8024d00460>,41,12,[8 3],42,-1,87,-1,75
1,<environment.Job instance at 0x7f8024d00d20>,42,3,[12  4],43,-1,78,-1,75
1,<environment.Job instance at 0x7f8024d00370>,43,3,[ 5 14],44,-1,78,-1,75
1,<environment.Job instance at 0x7f8024d007d0>,44,23,[ 1 14],45,-1,98,-1,75
1,<environment.Job instance at 0x7f8024d00a00>,45,2,[ 4 11],46,-1,77,-1,75
1,<environment.Job instance at 0x7f8024d00690>,46,16,[ 1 11],47,-1,91,-1,75
1,<environment.Job instance at 0x7f8024d003c0>,47,27,[13  3],48,-1,102,-1,75
1,<environment.Job instance at 0x7f8024d00870>,48,21,[5 4],49,-1,97,-1,76
1,<environment.Job instance at 0x7f8024d00d70>,49,18,[13  3],50,-1,94,-1,76
1,<environment.Job instance at 0x7f8024d00640>,50,1,[11  3],51,-1,77,-1,76
1,<environment.Job instance at 0x7f8024d00780>,51,27,[6 2],52,-1,103,-1,76
1,<environment.Job instance at 0x7f8024d00b40>,52,3,[5 9],53,-1,79,-1,76
1,<environment.Job instance at 0x7f8024d187d0>,53,14,[3 7],54,-1,90,-1,76
1,<environment.Job instance at 0x7f8024d18230>,54,3,[ 2 12],55,-1,79,-1,76
1,<environment.Job instance at 0x7f8024d183c0>,55,12,[6 5],56,-1,97,-1,85
1,<environment.Job instance at 0x7f8024d18a00>,56,12,[1 7],57,-1,98,-1,86
1,<environment.Job instance at 0x7f8024d18910>,57,17,[ 5 10],58,-1,103,-1,86
1,<environment.Job instance at 0x7f8024d185f0>,58,12,[ 4 11],59,-1,98,-1,86
1,<environment.Job instance at 0x7f8024d18af0>,60,17,[ 5 12],61,-1,107,-1,90
1,<environment.Job instance at 0x7f8024d18d20>,61,14,[13  4],62,-1,104,-1,90
1,<environment.Job instance at 0x7f8024d18f00>,64,14,[12  4],65,-1,116,-1,102
1,<environment.Job instance at 0x7f8024d18870>,65,26,[1 9],66,-1,128,-1,102
1,<environment.Job instance at 0x7f8024d180f0>,66,21,[ 5 14],67,-1,123,-1,102
1,<environment.Job instance at 0x7f8025d84a50>,67,1,[9 3],68,-1,103,-1,102
1,<environment.Job instance at 0x7f8025d84870>,68,20,[9 2],69,-1,149,-1,129
1,<environment.Job instance at 0x7f8025d849b0>,72,22,[ 1 14],73,-1,151,-1,129
1,<environment.Job instance at 0x7f8025d84d20>,73,2,[3 9],74,-1,131,-1,129
1,<environment.Job instance at 0x7f8025d84eb0>,74,23,[ 2 11],75,-1,152,-1,129
1,<environment.Job instance at 0x7f8025d84d70>,75,2,[5 6],76,-1,131,-1,129
1,<environment.Job instance at 0x7f8025d844b0>,76,15,[12  5],77,-1,144,-1,129
1,<environment.Job instance at 0x7f8025d84140>,77,20,[10  1],78,-1,149,-1,129
1,<environment.Job instance at 0x7f8025d84780>,78,22,[5 8],79,-1,151,-1,129
1,<environment.Job instance at 0x7f8025d845a0>,79,14,[14  3],80,-1,143,-1,129
1,<environment.Job instance at 0x7f8025d84910>,80,28,[13  5],81,-1,157,-1,129
1,<environment.Job instance at 0x7f8025d84e10>,81,22,[7 4],82,-1,151,-1,129
1,<environment.Job instance at 0x7f8025d84f00>,82,16,[6 1],83,-1,145,-1,129
1,<environment.Job instance at 0x7f8025d84460>,83,2,[ 2 11],84,-1,131,-1,129
1,<environment.Job instance at 0x7f8025d84dc0>,84,1,[ 4 13],85,-1,130,-1,129
1,<environment.Job instance at 0x7f8025d84320>,85,1,[4 9],86,-1,130,-1,129
1,<environment.Job instance at 0x7f802448a4b0>,86,3,[14  5],87,-1,132,-1,129
1,<environment.Job instance at 0x7f8025d84500>,87,18,[12  2],88,-1,147,-1,129
1,<environment.Job instance at 0x7f802448aaa0>,88,19,[ 5 13],89,-1,148,-1,129
1,<environment.Job instance at 0x7f802448a6e0>,89,14,[2 8],90,-1,143,-1,129
1,<environment.Job instance at 0x7f8024ca6f50>,8,25,[12  3],9,-1,34,-1,9
1,<environment.Job instance at 0x7f8024c80050>,9,25,[ 5 11],10,-1,35,-1,10
1,<environment.Job instance at 0x7f8024c800f0>,10,24,[5 2],11,-1,37,-1,13
1,<environment.Job instance at 0x7f8024ca6d20>,11,2,[8 4],12,-1,15,-1,13
1,<environment.Job instance at 0x7f8024c80280>,12,2,[5 3],13,-1,15,-1,13
1,<environment.Job instance at 0x7f8024c80190>,13,14,[ 5 12],14,-1,28,-1,14
1,<environment.Job instance at 0x7f8024c803c0>,14,28,[3 6],15,-1,43,-1,15
1,<environment.Job instance at 0x7f8024c80370>,15,14,[ 3 14],16,-1,30,-1,16
1,<environment.Job instance at 0x7f8024c80500>,16,18,[13  4],17,-1,35,-1,17
1,<environment.Job instance at 0x7f8024c806e0>,21,12,[7 3],22,-1,38,-1,26
1,<environment.Job instance at 0x7f8024c80a50>,23,21,[11  5],24,-1,54,-1,33
1,<environment.Job instance at 0x7f8024c80af0>,24,25,[ 3 13],25,-1,58,-1,33
1,<environment.Job instance at 0x7f8024c80730>,25,1,[ 1 11],26,-1,34,-1,33
1,<environment.Job instance at 0x7f8024c80e60>,28,2,[6 4],29,-1,48,-1,46
1,<environment.Job instance at 0x7f8024c80eb0>,31,19,[ 5 10],32,-1,81,-1,62
1,<environment.Job instance at 0x7f8024ca22d0>,33,16,[ 5 11],34,-1,93,-1,77
1,<environment.Job instance at 0x7f8024ca2050>,34,1,[1 6],35,-1,78,-1,77
1,<environment.Job instance at 0x7f8024ca2370>,36,15,[13  1],37,-1,96,-1,81
1,<environment.Job instance at 0x7f8024ca2410>,37,18,[ 5 11],38,-1,99,-1,81
1,<environment.Job instance at 0x7f8024ca24b0>,38,2,[1 7],39,-1,83,-1,81
1,<environment.Job instance at 0x7f8024ca2690>,41,12,[12  2],42,-1,107,-1,95
1,<environment.Job instance at 0x7f8024ca27d0>,42,23,[6 5],43,-1,118,-1,95
1,<environment.Job instance at 0x7f8024ca2b90>,46,26,[3 9],47,-1,148,-1,122
1,<environment.Job instance at 0x7f8024ca2780>,47,3,[10  2],48,-1,125,-1,122
1,<environment.Job instance at 0x7f8024ca2c30>,49,17,[ 3 11],50,-1,145,-1,128
1,<environment.Job instance at 0x7f8024ca2cd0>,50,26,[9 1],51,-1,154,-1,128
1,<environment.Job instance at 0x7f0818715320>,1,27,[3 7],2,-1,29,-1,2
1,<environment.Job instance at 0x7f08187151e0>,7,16,[ 5 14],8,-1,24,-1,8
1,<environment.Job instance at 0x7f080ef9dbe0>,12,17,[ 1 14],13,-1,33,-1,16
1,<environment.Job instance at 0x7f080ef9db40>,13,15,[13  4],14,-1,31,-1,16
1,<environment.Job instance at 0x7f080ef9ddc0>,15,16,[11  5],16,-1,43,-1,27
1,<environment.Job instance at 0x7f080ef9deb0>,16,15,[ 1 11],17,-1,42,-1,27
1,<environment.Job instance at 0x7f080ef9df50>,17,2,[3 5],18,-1,29,-1,27
1,<environment.Job instance at 0x7f080ef9f1e0>,19,2,[5 5],20,-1,30,-1,28
1,<environment.Job instance at 0x7f080ef9f320>,21,23,[6 4],22,-1,65,-1,42
1,<environment.Job instance at 0x7f080ef9f460>,23,16,[ 1 11],24,-1,64,-1,48
1,<environment.Job instance at 0x7f080ef9f500>,24,23,[5 8],25,-1,71,-1,48
1,<environment.Job instance at 0x7f080ef9f960>,30,3,[13  2],31,-1,91,-1,88
1,<environment.Job instance at 0x7f080ef9fa00>,31,19,[ 5 11],32,-1,107,-1,88
1,<environment.Job instance at 0x7f080ef9faa0>,32,12,[13  5],33,-1,100,-1,88
1,<environment.Job instance at 0x7f080ef9fc80>,35,3,[5 9],36,-1,104,-1,101
1,<environment.Job instance at 0x7f080ef9fe60>,38,23,[ 4 11],39,-1,143,-1,120
1,<environment.Job instance at 0x7f080ef9ff00>,39,25,[12  4],40,-1,145,-1,120
1,<environment.Job instance at 0x7f080ef9f7d0>,41,28,[7 5],42,-1,151,-1,123
1,<environment.Job instance at 0x7f080ef9f190>,42,15,[14  4],43,-1,138,-1,123
1,<environment.Job instance at 0x7f080efa3190>,44,1,[1 7],45,-1,130,-1,129
1,<environment.Job instance at 0x7f080efa3050>,45,12,[ 4 12],46,-1,141,-1,129
1,<environment.Job instance at 0x7f080efa3460>,47,1,[3 5],48,-1,130,-1,129
1,<environment.Job instance at 0x7f080f677a00>,10,14,[ 4 11],11,-1,39,-1,25
1,<environment.Job instance at 0x7f080f677230>,11,28,[8 4],12,-1,53,-1,25
1,<environment.Job instance at 0x7f080f6774b0>,13,25,[7 4],14,-1,50,-1,25
1,<environment.Job instance at 0x7f080f6775f0>,15,19,[ 1 12],16,-1,56,-1,37
1,<environment.Job instance at 0x7f080f6773c0>,19,1,[9 3],20,-1,85,-1,84
1,<environment.Job instance at 0x7f080ebe87d0>,20,17,[13  3],21,-1,101,-1,84
1,<environment.Job instance at 0x7f080e87c6e0>,21,3,[ 5 12],22,-1,87,-1,84
1,<environment.Job instance at 0x7f080e9aa690>,22,26,[ 5 12],23,-1,110,-1,84
1,<environment.Job instance at 0x7f080f677500>,24,27,[ 2 12],25,-1,112,-1,85
1,<environment.Job instance at 0x7f080e87a230>,31,19,[ 5 11],32,-1,131,-1,112
1,<environment.Job instance at 0x7f080e6c58c0>,1,14,[12  2],2,-1,17,-1,3
1,<environment.Job instance at 0x7f080e6c5a50>,4,23,[5 7],5,-1,28,-1,5
1,<environment.Job instance at 0x7f080e6c52d0>,6,24,[1 9],7,-1,31,-1,7
1,<environment.Job instance at 0x7f080e6c5eb0>,8,15,[ 4 12],9,-1,24,-1,9
1,<environment.Job instance at 0x7f080e6c5d70>,10,2,[3 8],11,-1,13,-1,11
1,<environment.Job instance at 0x7f080e6c5230>,9,26,[9 2],10,-1,37,-1,11
1,<environment.Job instance at 0x7f080e6c5320>,11,18,[ 2 14],12,-1,30,-1,12
1,<environment.Job instance at 0x7f080e6c5cd0>,13,2,[5 6],14,-1,16,-1,14
1,<environment.Job instance at 0x7f080e6c7690>,14,15,[14  3],15,-1,30,-1,15
1,<environment.Job instance at 0x7f080e6c7280>,15,28,[2 5],16,-1,45,-1,17
1,<environment.Job instance at 0x7f080e6c70f0>,17,12,[ 5 11],18,-1,30,-1,18
1,<environment.Job instance at 0x7f080e6c7c80>,18,26,[13  3],19,-1,45,-1,19
1,<environment.Job instance at 0x7f080e6c7460>,19,12,[ 5 11],20,-1,32,-1,20
1,<environment.Job instance at 0x7f080e6c7b90>,23,28,[11  3],24,-1,52,-1,24
1,<environment.Job instance at 0x7f080e6c74b0>,25,20,[ 2 11],26,-1,46,-1,26
1,<environment.Job instance at 0x7f080e6c7eb0>,27,23,[8 3],28,-1,51,-1,28
1,<environment.Job instance at 0x7f080e6cacd0>,31,18,[ 5 11],32,-1,52,-1,34
1,<environment.Job instance at 0x7f080e6ca1e0>,33,14,[12  3],34,-1,55,-1,41
1,<environment.Job instance at 0x7f080e6ca2d0>,34,2,[8 4],35,-1,43,-1,41
1,<environment.Job instance at 0x7f080e6cadc0>,36,25,[ 3 14],37,-1,73,-1,48
1,<environment.Job instance at 0x7f080e6ca0f0>,37,22,[10  1],38,-1,71,-1,49
1,<environment.Job instance at 0x7f080e6ca230>,38,1,[6 2],39,-1,50,-1,49
1,<environment.Job instance at 0x7f080e6caa50>,40,25,[6 5],41,-1,74,-1,49
1,<environment.Job instance at 0x7f080ed885a0>,41,17,[11  2],42,-1,66,-1,49
1,<environment.Job instance at 0x7f080ed885f0>,42,13,[11  3],43,-1,62,-1,49
1,<environment.Job instance at 0x7f080ed88370>,43,17,[11  5],44,-1,66,-1,49
1,<environment.Job instance at 0x7f080f4366e0>,45,2,[7 5],46,-1,62,-1,60
1,<environment.Job instance at 0x7f080f4365f0>,46,24,[8 3],47,-1,84,-1,60
1,<environment.Job instance at 0x7f080f436a50>,47,1,[2 5],48,-1,61,-1,60
1,<environment.Job instance at 0x7f080f436aa0>,48,20,[11  1],49,-1,80,-1,60
1,<environment.Job instance at 0x7f080f436fa0>,49,1,[5 5],50,-1,61,-1,60
1,<environment.Job instance at 0x7f080f4b06e0>,50,22,[14  1],51,-1,82,-1,60
1,<environment.Job instance at 0x7f080ee17be0>,52,17,[ 1 12],53,-1,90,-1,73
1,<environment.Job instance at 0x7f080ee17280>,53,15,[ 5 11],54,-1,88,-1,73
1,<environment.Job instance at 0x7f080ed61af0>,55,1,[9 1],56,-1,74,-1,73
1,<environment.Job instance at 0x7f080ed61910>,56,12,[14  5],57,-1,85,-1,73
1,<environment.Job instance at 0x7f080ed61f50>,57,2,[2 8],58,-1,75,-1,73
1,<environment.Job instance at 0x7f080ed61460>,58,28,[ 2 12],59,-1,101,-1,73
1,<environment.Job instance at 0x7f080ed61b40>,61,3,[1 5],62,-1,103,-1,100
1,<environment.Job instance at 0x7f080ed610a0>,62,3,[8 5],63,-1,103,-1,100
1,<environment.Job instance at 0x7f080ed618c0>,63,27,[9 5],64,-1,127,-1,100
1,<environment.Job instance at 0x7f080ed61eb0>,64,14,[10  1],65,-1,121,-1,107
1,<environment.Job instance at 0x7f080ed61f00>,65,17,[14  2],66,-1,124,-1,107
1,<environment.Job instance at 0x7f080f1e54b0>,66,2,[7 1],67,-1,109,-1,107
1,<environment.Job instance at 0x7f080f20e410>,67,24,[ 3 12],68,-1,131,-1,107
1,<environment.Job instance at 0x7f080e5fa7d0>,68,24,[5 8],69,-1,131,-1,107
1,<environment.Job instance at 0x7f080f1d5af0>,69,27,[2 9],70,-1,134,-1,107
1,<environment.Job instance at 0x7f080e64f370>,70,27,[3 7],71,-1,134,-1,107
1,<environment.Job instance at 0x7f080ef9f7d0>,71,17,[ 3 14],72,-1,124,-1,107
1,<environment.Job instance at 0x7f080e6e6a00>,72,1,[8 3],73,-1,108,-1,107
1,<environment.Job instance at 0x7f080ebc88c0>,73,20,[ 1 11],74,-1,127,-1,107
1,<environment.Job instance at 0x7f080e95e910>,75,1,[8 2],76,-1,108,-1,107
1,<environment.Job instance at 0x7f080eba06e0>,77,19,[13  2],78,-1,131,-1,112
1,<environment.Job instance at 0x7f080e654fa0>,79,26,[ 2 14],80,-1,143,-1,117
1,<environment.Job instance at 0x7f080ecea370>,80,1,[4 8],81,-1,118,-1,117
1,<environment.Job instance at 0x7f080eceac30>,81,20,[11  5],82,-1,137,-1,117
1,<environment.Job instance at 0x7f080eceac80>,82,20,[12  3],83,-1,137,-1,117
1,<environment.Job instance at 0x7f080e629c80>,85,1,[14  2],86,-1,138,-1,137
1,<environment.Job instance at 0x7f080e6123c0>,87,28,[10  5],88,-1,165,-1,137
1,<environment.Job instance at 0x7f080e6299b0>,88,2,[8 5],89,-1,139,-1,137
1,<environment.Job instance at 0x7f080ebfed70>,89,2,[5 3],90,-1,139,-1,137
1,<environment.Job instance at 0x7f08181a04b0>,90,27,[11  2],91,-1,164,-1,137
1,<environment.Job instance at 0x7f080e6296e0>,91,1,[7 2],92,-1,138,-1,137
1,<environment.Job instance at 0x7f080e6165f0>,93,12,[ 3 14],94,-1,149,-1,137
1,<environment.Job instance at 0x7f080e6e0640>,3,16,[12  1],4,-1,20,-1,4
1,<environment.Job instance at 0x7f080ec66e10>,4,25,[ 1 11],5,-1,30,-1,5
1,<environment.Job instance at 0x7f080e9b6690>,1,17,[14  3],2,-1,22,-1,5
1,<environment.Job instance at 0x7f080e645aa0>,13,3,[7 4],14,-1,41,-1,38
1,<environment.Job instance at 0x7f080eae6370>,14,15,[ 1 10],15,-1,62,-1,47
1,<environment.Job instance at 0x7f080eb498c0>,17,26,[ 5 13],18,-1,73,-1,47
1,<environment.Job instance at 0x7f080f3ae320>,18,27,[14  3],19,-1,74,-1,47
1,<environment.Job instance at 0x7f080e7181e0>,19,23,[3 8],20,-1,70,-1,47
1,<environment.Job instance at 0x7f080eaedf00>,23,27,[7 4],24,-1,90,-1,63
1,<environment.Job instance at 0x7f080e6f0b40>,24,14,[ 3 12],25,-1,77,-1,63
1,<environment.Job instance at 0x7f080e7b6690>,26,17,[ 3 14],27,-1,86,-1,69
1,<environment.Job instance at 0x7f080ef43cd0>,27,1,[2 5],28,-1,73,-1,72
1,<environment.Job instance at 0x7f080e653e10>,29,18,[ 5 12],30,-1,95,-1,77
1,<environment.Job instance at 0x7f080e653a00>,30,19,[13  2],31,-1,96,-1,77
1,<environment.Job instance at 0x7f080e653820>,33,18,[14  1],34,-1,110,-1,92
1,<environment.Job instance at 0x7f080ea91870>,34,27,[4 8],35,-1,119,-1,92
1,<environment.Job instance at 0x7f080e669460>,35,16,[14  3],36,-1,108,-1,92
1,<environment.Job instance at 0x7f080eab7410>,36,23,[ 4 11],37,-1,115,-1,92
1,<environment.Job instance at 0x7f080ebc35a0>,38,3,[12  4],39,-1,105,-1,102
1,<environment.Job instance at 0x7f080ec28910>,39,24,[ 2 12],40,-1,126,-1,102
1,<environment.Job instance at 0x7f080ea8cc80>,41,2,[12  4],42,-1,111,-1,109
1,<environment.Job instance at 0x7f080ec15f50>,42,1,[10  5],43,-1,110,-1,109
1,<environment.Job instance at 0x7f080e669960>,43,1,[3 5],44,-1,110,-1,109
1,<environment.Job instance at 0x7f080e61be10>,44,3,[7 1],45,-1,124,-1,121
1,<environment.Job instance at 0x7f080e640640>,50,24,[14  1],51,-1,145,-1,121
1,<environment.Job instance at 0x7f080e640960>,51,26,[6 3],52,-1,147,-1,121
1,<environment.Job instance at 0x7f080e6405f0>,52,25,[5 1],53,-1,146,-1,121
1,<environment.Job instance at 0x7f080e640230>,53,16,[14  5],54,-1,137,-1,121
1,<environment.Job instance at 0x7f080e640fa0>,54,15,[ 5 12],55,-1,136,-1,121
1,<environment.Job instance at 0x7f080e65e460>,55,17,[12  1],56,-1,138,-1,121
1,<environment.Job instance at 0x7f080e65e320>,56,12,[ 2 14],57,-1,133,-1,121
1,<environment.Job instance at 0x7f080e9e32d0>,4,17,[11  3],5,-1,22,-1,5
1,<environment.Job instance at 0x7f080e9e3730>,5,22,[12  5],6,-1,28,-1,6
1,<environment.Job instance at 0x7f080e9c2370>,8,23,[8 4],9,-1,33,-1,10
1,<environment.Job instance at 0x7f080edb3d20>,13,15,[ 5 11],14,-1,54,-1,39
1,<environment.Job instance at 0x7f080edb3b90>,14,15,[11  2],15,-1,54,-1,39
1,<environment.Job instance at 0x7f080edb3690>,15,28,[ 4 10],16,-1,67,-1,39
1,<environment.Job instance at 0x7f080edb3cd0>,16,2,[1 6],17,-1,41,-1,39
1,<environment.Job instance at 0x7f080edb3fa0>,17,14,[ 5 12],18,-1,53,-1,39
1,<environment.Job instance at 0x7f080edb0eb0>,20,24,[12  4],21,-1,84,-1,60
1,<environment.Job instance at 0x7f080edb0690>,21,28,[5 7],22,-1,88,-1,60
1,<environment.Job instance at 0x7f080edb0820>,22,2,[11  1],23,-1,62,-1,60
1,<environment.Job instance at 0x7f080edb0500>,24,3,[ 5 12],25,-1,63,-1,60
1,<environment.Job instance at 0x7f080edb08c0>,25,12,[ 2 10],26,-1,72,-1,60
1,<environment.Job instance at 0x7f080edb0aa0>,26,2,[8 2],27,-1,62,-1,60
1,<environment.Job instance at 0x7f080edb0be0>,27,26,[13  5],28,-1,86,-1,60
1,<environment.Job instance at 0x7f080edb00a0>,28,16,[ 5 14],29,-1,76,-1,60
1,<environment.Job instance at 0x7f080ed98730>,30,1,[14  2],31,-1,61,-1,60
1,<environment.Job instance at 0x7f080ed98820>,31,2,[3 6],32,-1,62,-1,60
1,<environment.Job instance at 0x7f080ed98dc0>,33,2,[2 5],34,-1,76,-1,74
1,<environment.Job instance at 0x7f080ed98aa0>,34,2,[7 3],35,-1,76,-1,74
1,<environment.Job instance at 0x7f080ed98f00>,35,2,[6 2],36,-1,76,-1,74
1,<environment.Job instance at 0x7f080ed985f0>,36,16,[11  5],37,-1,90,-1,74
1,<environment.Job instance at 0x7f080ed98c80>,37,19,[14  5],38,-1,93,-1,74
1,<environment.Job instance at 0x7f080e68eaf0>,39,14,[ 2 10],40,-1,89,-1,75
1,<environment.Job instance at 0x7f080e558b40>,40,22,[4 5],41,-1,97,-1,75
1,<environment.Job instance at 0x7f080e963eb0>,41,3,[ 4 12],42,-1,78,-1,75
1,<environment.Job instance at 0x7f080f408eb0>,42,3,[2 9],43,-1,78,-1,75
1,<environment.Job instance at 0x7f080f408a50>,45,13,[10  3],46,-1,103,-1,90
1,<environment.Job instance at 0x7f080f408c30>,46,13,[ 3 13],47,-1,103,-1,90
1,<environment.Job instance at 0x7f080e55ae10>,49,3,[8 1],50,-1,106,-1,103
1,<environment.Job instance at 0x7f080e55adc0>,52,16,[13  2],53,-1,135,-1,119
1,<environment.Job instance at 0x7f080e55af50>,53,3,[4 5],54,-1,122,-1,119
1,<environment.Job instance at 0x7f080ee2b2d0>,55,22,[14  4],56,-1,154,-1,132
1,<environment.Job instance at 0x7f080e976730>,56,12,[ 1 10],57,-1,144,-1,132
1,<environment.Job instance at 0x7f080e585f50>,58,23,[1 6],59,-1,155,-1,132
1,<environment.Job instance at 0x7f080ed7a640>,1,13,[ 5 11],2,-1,15,-1,2
1,<environment.Job instance at 0x7f080e585d20>,2,27,[ 2 10],3,-1,30,-1,3
1,<environment.Job instance at 0x7f080ed7a140>,3,18,[ 4 11],4,-1,22,-1,4
1,<environment.Job instance at 0x7f080ed7ad70>,6,28,[10  3],7,-1,35,-1,7
1,<environment.Job instance at 0x7f080ed7a410>,8,14,[12  2],9,-1,23,-1,9
1,<environment.Job instance at 0x7f080ed7a7d0>,10,12,[12  1],11,-1,23,-1,11
1,<environment.Job instance at 0x7f080ed7ae60>,12,27,[ 3 12],13,-1,40,-1,13
1,<environment.Job instance at 0x7f080ed7afa0>,13,18,[14  2],14,-1,32,-1,14
1,<environment.Job instance at 0x7f080ed7a320>,14,25,[4 6],15,-1,40,-1,15
1,<environment.Job instance at 0x7f080ed7adc0>,15,28,[ 5 11],16,-1,44,-1,16
1,<environment.Job instance at 0x7f080e9d41e0>,19,25,[12  3],20,-1,45,-1,20
1,<environment.Job instance at 0x7f080e9d4f50>,24,2,[5 8],25,-1,29,-1,27
1,<environment.Job instance at 0x7f080e9d4d70>,27,20,[4 9],28,-1,78,-1,58
1,<environment.Job instance at 0x7f080fad7e10>,43,24,[7 3],44,-1,141,-1,117
1,<environment.Job instance at 0x7f080fad7820>,45,28,[6 2],46,-1,163,-1,135
1,<environment.Job instance at 0x7f080fad7b40>,46,15,[14  2],47,-1,150,-1,135
1,<environment.Job instance at 0x7f080fad7b40>,8,18,[ 4 11],9,-1,27,-1,9
1,<environment.Job instance at 0x7f080ed7b050>,9,16,[12  5],10,-1,26,-1,10
1,<environment.Job instance at 0x7f080ed85f00>,13,28,[1 8],14,-1,45,-1,17
1,<environment.Job instance at 0x7f080ed851e0>,15,1,[10  2],16,-1,23,-1,22
1,<environment.Job instance at 0x7f080f3cb410>,19,12,[13  2],20,-1,46,-1,34
1,<environment.Job instance at 0x7f080f695fa0>,20,18,[ 2 10],21,-1,57,-1,39
1,<environment.Job instance at 0x7f080f3cb280>,21,1,[6 5],22,-1,40,-1,39
1,<environment.Job instance at 0x7f080e94fc30>,23,18,[13  1],24,-1,67,-1,49
1,<environment.Job instance at 0x7f080e94f3c0>,25,17,[13  3],26,-1,66,-1,49
1,<environment.Job instance at 0x7f080e94f190>,26,1,[2 7],27,-1,50,-1,49
1,<environment.Job instance at 0x7f080e94f870>,28,22,[10  1],29,-1,88,-1,66
1,<environment.Job instance at 0x7f080e94f550>,30,24,[12  2],31,-1,90,-1,66
1,<environment.Job instance at 0x7f080e94fbe0>,31,1,[13  2],32,-1,67,-1,66
1,<environment.Job instance at 0x7f080f3af410>,34,1,[ 5 12],35,-1,99,-1,98
1,<environment.Job instance at 0x7f080f3af2d0>,35,23,[7 3],36,-1,121,-1,98
1,<environment.Job instance at 0x7f080f3af870>,36,1,[9 5],37,-1,99,-1,98
1,<environment.Job instance at 0x7f080f3af640>,37,15,[13  4],38,-1,113,-1,98
1,<environment.Job instance at 0x7f080e969be0>,38,21,[ 5 12],39,-1,119,-1,98
1,<environment.Job instance at 0x7f080e969410>,40,16,[13  4],41,-1,114,-1,98
1,<environment.Job instance at 0x7f080e9693c0>,41,1,[14  5],42,-1,99,-1,98
1,<environment.Job instance at 0x7f080e969550>,45,1,[10  2],46,-1,125,-1,124
1,<environment.Job instance at 0x7f080e969460>,47,23,[ 5 14],48,-1,147,-1,124
1,<environment.Job instance at 0x7f080e969910>,48,22,[1 7],49,-1,146,-1,124
1,<environment.Job instance at 0x7f080e9695a0>,49,15,[ 4 14],50,-1,139,-1,124
1,<environment.Job instance at 0x7f080f4082d0>,50,22,[ 5 12],51,-1,146,-1,124
1,<environment.Job instance at 0x7f080f4083c0>,51,3,[7 4],52,-1,127,-1,124
1,<environment.Job instance at 0x7f080f408820>,52,23,[10  3],53,-1,147,-1,124
1,<environment.Job instance at 0x7f080f408910>,54,12,[ 5 11],55,-1,150,-1,138
1,<environment.Job instance at 0x7f080f408780>,55,13,[11  1],56,-1,151,-1,138
1,<environment.Job instance at 0x7f080f408fa0>,56,14,[ 3 13],57,-1,152,-1,138
1,<environment.Job instance at 0x7f080f4086e0>,57,3,[ 4 10],58,-1,141,-1,138
1,<environment.Job instance at 0x7f080f4085f0>,58,3,[10  4],59,-1,141,-1,138
1,<environment.Job instance at 0x7f080f4087d0>,59,2,[5 3],60,-1,140,-1,138
1,<environment.Job instance at 0x7f080e6c8280>,11,24,[11  1],12,-1,41,-1,17
1,<environment.Job instance at 0x7f080e6c8960>,14,14,[11  2],15,-1,57,-1,43
1,<environment.Job instance at 0x7f080e6c8c80>,15,20,[ 1 11],16,-1,63,-1,43
1,<environment.Job instance at 0x7f080e6a3d70>,21,2,[8 2],22,-1,74,-1,72
1,<environment.Job instance at 0x7f080e6cea00>,22,2,[9 4],23,-1,74,-1,72
1,<environment.Job instance at 0x7f080f6c57d0>,23,1,[4 8],24,-1,73,-1,72
1,<environment.Job instance at 0x7f080f421910>,30,17,[ 2 14],31,-1,129,-1,112
1,<environment.Job instance at 0x7f080e6d8d20>,31,13,[ 3 14],32,-1,125,-1,112
1,<environment.Job instance at 0x7f080f6a68c0>,34,26,[11  4],35,-1,152,-1,126
1,<environment.Job instance at 0x7f080f28af50>,35,13,[ 5 14],36,-1,139,-1,126
1,<environment.Job instance at 0x7f080f41c5a0>,3,28,[2 8],4,-1,32,-1,4
1,<environment.Job instance at 0x7f080f41ce10>,4,3,[5 7],5,-1,8,-1,5
1,<environment.Job instance at 0x7f080f41ca00>,5,26,[ 1 11],6,-1,32,-1,6
1,<environment.Job instance at 0x7f080f41c690>,12,15,[11  2],13,-1,36,-1,21
1,<environment.Job instance at 0x7f080ec59690>,13,1,[8 5],14,-1,22,-1,21
1,<environment.Job instance at 0x7f080ec597d0>,14,3,[ 4 12],15,-1,24,-1,21
1,<environment.Job instance at 0x7f080ec59a00>,15,21,[11  4],16,-1,42,-1,21
1,<environment.Job instance at 0x7f080ec59f50>,19,14,[ 3 10],20,-1,47,-1,33
1,<environment.Job instance at 0x7f080ec599b0>,24,14,[ 1 13],25,-1,81,-1,67
1,<environment.Job instance at 0x7f080ec59910>,25,1,[10  5],26,-1,68,-1,67
1,<environment.Job instance at 0x7f080ec59140>,26,2,[13  3],27,-1,69,-1,67
1,<environment.Job instance at 0x7f080ec59280>,27,25,[1 9],28,-1,92,-1,67
1,<environment.Job instance at 0x7f080ec595a0>,30,21,[7 2],31,-1,103,-1,82
1,<environment.Job instance at 0x7f080ec591e0>,31,1,[8 1],32,-1,83,-1,82
1,<environment.Job instance at 0x7f080f26ed70>,33,26,[12  1],34,-1,128,-1,102
1,<environment.Job instance at 0x7f080f26e910>,34,26,[10  2],35,-1,128,-1,102
1,<environment.Job instance at 0x7f080f26ea00>,35,2,[5 8],36,-1,104,-1,102
1,<environment.Job instance at 0x7f080f26efa0>,36,22,[14  1],37,-1,124,-1,102
1,<environment.Job instance at 0x7f080f26eaa0>,38,18,[ 1 11],39,-1,120,-1,102
1,<environment.Job instance at 0x7f080f26ec30>,39,27,[ 4 14],40,-1,129,-1,102
1,<environment.Job instance at 0x7f080f26ec80>,40,27,[8 4],41,-1,129,-1,102
1,<environment.Job instance at 0x7f080f26edc0>,41,22,[9 1],42,-1,124,-1,102
1,<environment.Job instance at 0x7f080f26e960>,43,26,[ 1 11],44,-1,135,-1,109
1,<environment.Job instance at 0x7f080f26ecd0>,44,3,[11  2],45,-1,112,-1,109
1,<environment.Job instance at 0x7f080f26e0a0>,45,17,[ 4 11],46,-1,126,-1,109
1,<environment.Job instance at 0x7f080f26e6e0>,46,24,[7 5],47,-1,133,-1,109
1,<environment.Job instance at 0x7f080f26e2d0>,47,3,[4 8],48,-1,112,-1,109
1,<environment.Job instance at 0x7f080f26e690>,49,12,[13  1],50,-1,129,-1,117
1,<environment.Job instance at 0x7f080f26e280>,50,12,[2 5],51,-1,129,-1,117
1,<environment.Job instance at 0x7f080f26ebe0>,51,2,[4 6],52,-1,119,-1,117
1,<environment.Job instance at 0x7f080f26e1e0>,52,22,[ 2 13],53,-1,139,-1,117
1,<environment.Job instance at 0x7f080f26e780>,53,14,[10  1],54,-1,131,-1,117
1,<environment.Job instance at 0x7f080f26e500>,54,13,[6 4],55,-1,130,-1,117
1,<environment.Job instance at 0x7f080ec5bdc0>,55,28,[ 3 10],56,-1,145,-1,117
1,<environment.Job instance at 0x7f080ec5bfa0>,57,26,[ 3 13],58,-1,154,-1,128
1,<environment.Job instance at 0x7f080ec5b3c0>,58,15,[ 3 14],59,-1,143,-1,128
1,<environment.Job instance at 0x7f080ef675a0>,1,19,[ 2 14],2,-1,21,-1,2
1,<environment.Job instance at 0x7f080ec5b050>,2,28,[3 5],3,-1,31,-1,3
1,<environment.Job instance at 0x7f08181a53c0>,8,24,[9 5],9,-1,33,-1,9
1,<environment.Job instance at 0x7f080f41a7d0>,7,14,[13  1],8,-1,23,-1,9
1,<environment.Job instance at 0x7f080f41ab90>,9,2,[13  3],10,-1,12,-1,10
1,<environment.Job instance at 0x7f080f41ac30>,10,27,[3 9],11,-1,38,-1,11
1,<environment.Job instance at 0x7f080f41adc0>,11,23,[ 3 12],12,-1,35,-1,12
1,<environment.Job instance at 0x7f080f41a910>,13,27,[3 5],14,-1,41,-1,14
1,<environment.Job instance at 0x7f080eabe370>,14,20,[ 4 14],15,-1,35,-1,15
1,<environment.Job instance at 0x7f080eabe690>,15,25,[10  5],16,-1,41,-1,16
1,<environment.Job instance at 0x7f080f41afa0>,12,13,[13  2],13,-1,29,-1,16
1,<environment.Job instance at 0x7f080eabe140>,17,1,[2 6],18,-1,22,-1,21
1,<environment.Job instance at 0x7f080eabef00>,21,19,[ 1 10],22,-1,42,-1,23
1,<environment.Job instance at 0x7f080f430910>,27,3,[10  1],28,-1,49,-1,46
1,<environment.Job instance at 0x7f080f430f50>,28,1,[ 3 11],29,-1,47,-1,46
1,<environment.Job instance at 0x7f080efe4730>,31,17,[11  3],32,-1,81,-1,64
1,<environment.Job instance at 0x7f080efe40f0>,32,15,[ 5 12],33,-1,79,-1,64
1,<environment.Job instance at 0x7f080efe4500>,33,18,[ 1 13],34,-1,82,-1,64
1,<environment.Job instance at 0x7f080efe4870>,34,2,[7 3],35,-1,66,-1,64
1,<environment.Job instance at 0x7f080f3ee870>,36,24,[14  3],37,-1,88,-1,64
1,<environment.Job instance at 0x7f080e72c230>,38,26,[5 7],39,-1,99,-1,73
1,<environment.Job instance at 0x7f080f3ffa00>,40,13,[ 3 14],41,-1,94,-1,81
1,<environment.Job instance at 0x7f080f3ff460>,42,24,[5 3],43,-1,111,-1,87
1,<environment.Job instance at 0x7f080eabd9b0>,44,1,[3 9],45,-1,99,-1,98
1,<environment.Job instance at 0x7f080eaec410>,47,2,[10  1],48,-1,115,-1,113
1,<environment.Job instance at 0x7f080eb494b0>,48,24,[5 8],49,-1,137,-1,113
1,<environment.Job instance at 0x7f080eb5c370>,49,3,[5 7],50,-1,116,-1,113
1,<environment.Job instance at 0x7f080eb5c820>,50,22,[1 6],51,-1,135,-1,113
1,<environment.Job instance at 0x7f080eb3f7d0>,51,2,[ 1 12],52,-1,115,-1,113
1,<environment.Job instance at 0x7f080eb3f410>,52,2,[ 1 12],53,-1,115,-1,113
1,<environment.Job instance at 0x7f080eae4500>,53,3,[5 2],54,-1,116,-1,113
1,<environment.Job instance at 0x7f080eb687d0>,54,3,[5 1],55,-1,116,-1,113
1,<environment.Job instance at 0x7f080eb68870>,55,18,[ 2 11],56,-1,131,-1,113
1,<environment.Job instance at 0x7f080eb68be0>,57,22,[8 5],58,-1,148,-1,126
1,<environment.Job instance at 0x7f080eb68af0>,58,28,[6 1],59,-1,154,-1,126
1,<environment.Job instance at 0x7f080eb68aa0>,59,1,[ 1 14],60,-1,127,-1,126
1,<environment.Job instance at 0x7f080eb68f00>,60,2,[ 1 11],61,-1,128,-1,126
1,<environment.Job instance at 0x7f080eb685f0>,62,22,[8 3],63,-1,155,-1,133
1,<environment.Job instance at 0x7f080eb78320>,64,1,[9 5],65,-1,140,-1,139
1,<environment.Job instance at 0x7f080eb78190>,65,3,[4 9],66,-1,142,-1,139
1,<environment.Job instance at 0x7f080eb78410>,66,22,[10  5],67,-1,161,-1,139
1,<environment.Job instance at 0x7f080eb784b0>,67,15,[ 2 13],68,-1,154,-1,139
1,<environment.Job instance at 0x7f080eb780a0>,68,13,[14  5],69,-1,152,-1,139
1,<environment.Job instance at 0x7f080eb785f0>,69,16,[ 4 13],70,-1,155,-1,139
1,<environment.Job instance at 0x7f080eb785f0>,2,28,[7 4],3,-1,31,-1,3
1,<environment.Job instance at 0x7f080f1808c0>,3,20,[ 5 12],4,-1,24,-1,4
1,<environment.Job instance at 0x7f080f1809b0>,12,13,[10  2],13,-1,39,-1,26
1,<environment.Job instance at 0x7f080f1807d0>,13,3,[5 6],14,-1,29,-1,26
1,<environment.Job instance at 0x7f080f9ff410>,14,22,[4 6],15,-1,48,-1,26
1,<environment.Job instance at 0x7f080f9ffd20>,15,12,[ 5 12],16,-1,38,-1,26
1,<environment.Job instance at 0x7f080f9ff370>,16,15,[1 9],17,-1,41,-1,26
1,<environment.Job instance at 0x7f080f9ff230>,17,3,[ 3 11],18,-1,29,-1,26
1,<environment.Job instance at 0x7f080f9ff0f0>,18,17,[13  2],19,-1,43,-1,26
1,<environment.Job instance at 0x7f080f9ff7d0>,19,23,[ 1 11],20,-1,49,-1,26
1,<environment.Job instance at 0x7f080f9ff780>,20,16,[ 3 11],21,-1,42,-1,26
1,<environment.Job instance at 0x7f080f9ff690>,21,2,[12  4],22,-1,28,-1,26
1,<environment.Job instance at 0x7f080f9ffb90>,22,16,[ 3 14],23,-1,42,-1,26
1,<environment.Job instance at 0x7f080f9ff550>,24,23,[ 3 13],25,-1,50,-1,27
1,<environment.Job instance at 0x7f080f9ff140>,25,1,[1 9],26,-1,28,-1,27
1,<environment.Job instance at 0x7f080f9ff5f0>,27,2,[3 9],28,-1,38,-1,36
1,<environment.Job instance at 0x7f080f9ff500>,29,2,[10  1],30,-1,45,-1,43
1,<environment.Job instance at 0x7f080f9ff1e0>,31,1,[13  1],32,-1,56,-1,55
1,<environment.Job instance at 0x7f080f9ff5a0>,32,26,[6 4],33,-1,81,-1,55
1,<environment.Job instance at 0x7f080f9ff960>,33,13,[ 3 10],34,-1,68,-1,55
1,<environment.Job instance at 0x7f080f9fff00>,34,3,[5 8],35,-1,58,-1,55
1,<environment.Job instance at 0x7f080f9ffaa0>,35,26,[12  2],36,-1,81,-1,55
1,<environment.Job instance at 0x7f080f9ffdc0>,36,2,[8 4],37,-1,57,-1,55
1,<environment.Job instance at 0x7f080f6400a0>,37,18,[ 4 10],38,-1,86,-1,68
1,<environment.Job instance at 0x7f080f640460>,39,24,[3 6],40,-1,92,-1,68
1,<environment.Job instance at 0x7f080f640af0>,40,16,[12  2],41,-1,84,-1,68
1,<environment.Job instance at 0x7f080f640dc0>,41,14,[13  5],42,-1,82,-1,68
1,<environment.Job instance at 0x7f080f640780>,42,15,[ 5 11],43,-1,83,-1,68
1,<environment.Job instance at 0x7f080f640140>,43,2,[8 4],44,-1,70,-1,68
1,<environment.Job instance at 0x7f080f640f00>,44,16,[ 2 14],45,-1,84,-1,68
1,<environment.Job instance at 0x7f080f6407d0>,45,25,[10  3],46,-1,93,-1,68
1,<environment.Job instance at 0x7f080f640eb0>,46,15,[7 1],47,-1,83,-1,68
1,<environment.Job instance at 0x7f080f640410>,47,25,[8 2],48,-1,93,-1,68
1,<environment.Job instance at 0x7f080f640820>,48,25,[ 1 13],49,-1,93,-1,68
1,<environment.Job instance at 0x7f080f640f50>,49,25,[7 1],50,-1,93,-1,68
1,<environment.Job instance at 0x7f080f640640>,51,3,[ 5 13],52,-1,87,-1,84
1,<environment.Job instance at 0x7f080f6404b0>,52,2,[2 5],53,-1,86,-1,84
1,<environment.Job instance at 0x7f080f640230>,53,14,[13  2],54,-1,98,-1,84
1,<environment.Job instance at 0x7f080e94e0f0>,54,12,[4 9],55,-1,96,-1,84
1,<environment.Job instance at 0x7f080e94ec30>,55,14,[ 4 10],56,-1,98,-1,84
1,<environment.Job instance at 0x7f080e94efa0>,59,13,[7 3],60,-1,125,-1,112
1,<environment.Job instance at 0x7f080e94e460>,60,13,[10  5],61,-1,125,-1,112
1,<environment.Job instance at 0x7f080e94e320>,61,26,[ 2 13],62,-1,138,-1,112
1,<environment.Job instance at 0x7f080e94e5f0>,62,12,[10  4],63,-1,124,-1,112
1,<environment.Job instance at 0x7f080e94e410>,63,14,[10  3],64,-1,126,-1,112
1,<environment.Job instance at 0x7f080e94eb90>,64,18,[12  1],65,-1,130,-1,112
1,<environment.Job instance at 0x7f080e94ef00>,68,3,[ 3 13],69,-1,131,-1,128
1,<environment.Job instance at 0x7f080e94e780>,70,1,[9 3],71,-1,135,-1,134
1,<environment.Job instance at 0x7f080e94e780>,3,20,[14  1],4,-1,24,-1,4
1,<environment.Job instance at 0x7f080e477a00>,4,16,[ 2 12],5,-1,21,-1,5
1,<environment.Job instance at 0x7f080e477c30>,8,22,[13  4],9,-1,31,-1,9
1,<environment.Job instance at 0x7f080e477fa0>,10,2,[3 8],11,-1,15,-1,13
1,<environment.Job instance at 0x7f080e477960>,13,25,[6 2],14,-1,42,-1,17
1,<environment.Job instance at 0x7f080e41c1e0>,17,3,[6 2],18,-1,43,-1,40
1,<environment.Job instance at 0x7f080e41c2d0>,19,3,[ 3 10],20,-1,58,-1,55
1,<environment.Job instance at 0x7f080e41c820>,21,2,[12  4],22,-1,57,-1,55
1,<environment.Job instance at 0x7f080e41cf50>,23,22,[ 2 10],24,-1,77,-1,55
1,<environment.Job instance at 0x7f080e41ccd0>,24,17,[ 5 12],25,-1,72,-1,55
1,<environment.Job instance at 0x7f080e41c370>,25,2,[ 4 10],26,-1,57,-1,55
1,<environment.Job instance at 0x7f080e41c050>,27,21,[14  5],28,-1,89,-1,68
1,<environment.Job instance at 0x7f080e41c550>,30,25,[5 2],31,-1,106,-1,81
1,<environment.Job instance at 0x7f080e41c6e0>,31,22,[12  5],32,-1,103,-1,81
1,<environment.Job instance at 0x7f080e41c190>,33,28,[ 2 14],34,-1,112,-1,84
1,<environment.Job instance at 0x7f080e41c5a0>,37,23,[ 2 13],38,-1,138,-1,115
1,<environment.Job instance at 0x7f080e2d2780>,38,25,[14  4],39,-1,140,-1,115
1,<environment.Job instance at 0x7f080e2d2190>,39,24,[7 4],40,-1,139,-1,115
1,<environment.Job instance at 0x7f080e7be140>,2,27,[3 9],3,-1,30,-1,3
1,<environment.Job instance at 0x7f080f528410>,15,3,[12  3],16,-1,39,-1,36
1,<environment.Job instance at 0x7f080f528640>,23,17,[ 5 12],24,-1,101,-1,84
1,<environment.Job instance at 0x7f080f5285f0>,24,2,[6 5],25,-1,86,-1,84
1,<environment.Job instance at 0x7f080ef30370>,25,3,[ 3 13],26,-1,87,-1,84
1,<environment.Job instance at 0x7f080ef10d20>,5,18,[ 3 11],6,-1,25,-1,7
1,<environment.Job instance at 0x7f080f2a84b0>,11,26,[ 5 14],12,-1,38,-1,12
1,<environment.Job instance at 0x7f080f2a8190>,13,2,[14  2],14,-1,23,-1,21
1,<environment.Job instance at 0x7f080f2a85f0>,14,20,[ 1 14],15,-1,41,-1,21
1,<environment.Job instance at 0x7f080e9c4a00>,17,15,[ 1 14],18,-1,54,-1,39
1,<environment.Job instance at 0x7f080e9c4550>,18,15,[ 5 14],19,-1,54,-1,39
1,<environment.Job instance at 0x7f080e9c4cd0>,19,26,[3 8],20,-1,65,-1,39
1,<environment.Job instance at 0x7f080e9c44b0>,20,26,[ 4 10],21,-1,65,-1,39
1,<environment.Job instance at 0x7f080e9c4dc0>,22,16,[ 2 11],23,-1,61,-1,45
1,<environment.Job instance at 0x7f080e9c4050>,24,3,[7 2],25,-1,54,-1,51
1,<environment.Job instance at 0x7f080e9c4f50>,25,17,[ 5 13],26,-1,68,-1,51
1,<environment.Job instance at 0x7f080e9c4be0>,26,14,[14  3],27,-1,65,-1,51
1,<environment.Job instance at 0x7f080e9c48c0>,28,18,[ 5 14],29,-1,85,-1,67
1,<environment.Job instance at 0x7f080f63cb90>,31,21,[ 1 10],32,-1,89,-1,68
1,<environment.Job instance at 0x7f080f63c460>,32,26,[13  5],33,-1,94,-1,68
1,<environment.Job instance at 0x7f080f63ca00>,33,2,[10  4],34,-1,70,-1,68
1,<environment.Job instance at 0x7f080f63c500>,34,24,[5 9],35,-1,92,-1,68
1,<environment.Job instance at 0x7f080f63cf00>,35,1,[1 7],36,-1,69,-1,68
1,<environment.Job instance at 0x7f080f63c3c0>,37,2,[2 8],38,-1,73,-1,71
1,<environment.Job instance at 0x7f080f63c2d0>,39,3,[5 5],40,-1,83,-1,80
1,<environment.Job instance at 0x7f080f63c190>,40,20,[ 1 10],41,-1,101,-1,81
1,<environment.Job instance at 0x7f080f63c640>,41,3,[ 5 13],42,-1,84,-1,81
1,<environment.Job instance at 0x7f080f63c370>,42,13,[ 1 11],43,-1,94,-1,81
1,<environment.Job instance at 0x7f080f63c870>,43,26,[14  2],44,-1,107,-1,81
1,<environment.Job instance at 0x7f080f63c140>,45,25,[13  1],46,-1,110,-1,85
1,<environment.Job instance at 0x7f080f63c050>,47,13,[ 1 12],48,-1,113,-1,100
1,<environment.Job instance at 0x7f080f63cd20>,49,3,[11  3],50,-1,109,-1,106
1,<environment.Job instance at 0x7f080f63ceb0>,50,2,[8 5],51,-1,108,-1,106
1,<environment.Job instance at 0x7f080f6ef3c0>,51,18,[14  1],52,-1,124,-1,106
1,<environment.Job instance at 0x7f080f6efd70>,52,1,[4 7],53,-1,107,-1,106
1,<environment.Job instance at 0x7f080f6ef8c0>,53,17,[ 5 12],54,-1,123,-1,106
1,<environment.Job instance at 0x7f080f6efb90>,55,15,[ 4 14],56,-1,136,-1,121
1,<environment.Job instance at 0x7f080f6ef910>,56,20,[ 1 11],57,-1,141,-1,121
1,<environment.Job instance at 0x7f080f6ef7d0>,60,28,[ 4 10],61,-1,164,-1,136
1,<environment.Job instance at 0x7f080f6eff00>,62,1,[14  3],63,-1,140,-1,139
1,<environment.Job instance at 0x7f080f196230>,4,13,[ 2 14],5,-1,18,-1,5
1,<environment.Job instance at 0x7f080f1965a0>,12,17,[14  5],13,-1,35,-1,18
1,<environment.Job instance at 0x7f080f196460>,13,20,[ 3 14],14,-1,38,-1,18
1,<environment.Job instance at 0x7f080f196960>,14,13,[ 3 14],15,-1,31,-1,18
1,<environment.Job instance at 0x7f080f1965f0>,15,24,[4 7],16,-1,42,-1,18
1,<environment.Job instance at 0x7f080e9426e0>,18,24,[8 1],19,-1,56,-1,32
1,<environment.Job instance at 0x7f080e9421e0>,22,1,[3 6],23,-1,54,-1,53
1,<environment.Job instance at 0x7f080e942730>,23,3,[5 3],24,-1,60,-1,57
1,<environment.Job instance at 0x7f080e9427d0>,25,3,[3 5],26,-1,67,-1,64
1,<environment.Job instance at 0x7f080e942370>,30,28,[ 2 11],31,-1,132,-1,104
1,<environment.Job instance at 0x7f080f339960>,5,14,[ 2 11],6,-1,20,-1,6
1,<environment.Job instance at 0x7f080f339230>,7,21,[12  2],8,-1,29,-1,8
1,<environment.Job instance at 0x7f080f339be0>,9,28,[12  2],10,-1,38,-1,10
1,<environment.Job instance at 0x7f080fb48690>,24,12,[14  3],25,-1,88,-1,76
1,<environment.Job instance at 0x7f080fb48550>,25,16,[11  2],26,-1,94,-1,78
1,<environment.Job instance at 0x7f080fb485a0>,26,2,[ 3 14],27,-1,80,-1,78
1,<environment.Job instance at 0x7f080fb48820>,28,1,[8 1],29,-1,92,-1,91
1,<environment.Job instance at 0x7f080fb48050>,30,1,[11  3],31,-1,92,-1,91
1,<environment.Job instance at 0x7f080fb48910>,31,16,[13  1],32,-1,107,-1,91
1,<environment.Job instance at 0x7f080fb48280>,34,25,[10  1],35,-1,130,-1,105
1,<environment.Job instance at 0x7f080fb48730>,35,2,[8 4],36,-1,107,-1,105
1,<environment.Job instance at 0x7f080fb48c80>,38,14,[ 5 14],39,-1,149,-1,135
1,<environment.Job instance at 0x7f080fb48fa0>,40,20,[ 3 14],41,-1,155,-1,135
1,<environment.Job instance at 0x7f080e759690>,3,27,[3 7],4,-1,31,-1,4
1,<environment.Job instance at 0x7f080e7590f0>,6,24,[5 2],7,-1,31,-1,7
1,<environment.Job instance at 0x7f080e7527d0>,20,26,[5 6],21,-1,79,-1,53
1,<environment.Job instance at 0x7f080e752af0>,22,26,[13  1],23,-1,95,-1,69
1,<environment.Job instance at 0x7f080e752c30>,23,12,[ 1 11],24,-1,81,-1,69
1,<environment.Job instance at 0x7f080e752d70>,24,25,[14  1],25,-1,94,-1,69
1,<environment.Job instance at 0x7f080e752550>,25,1,[9 4],26,-1,70,-1,69
1,<environment.Job instance at 0x7f080e752cd0>,26,1,[13  4],27,-1,70,-1,69
1,<environment.Job instance at 0x7f080e752370>,28,2,[11  3],29,-1,71,-1,69
1,<environment.Job instance at 0x7f080e752a00>,30,12,[11  2],31,-1,95,-1,83
1,<environment.Job instance at 0x7f080e752960>,32,26,[12  3],33,-1,114,-1,88
1,<environment.Job instance at 0x7f080e752230>,33,1,[10  2],34,-1,89,-1,88
1,<environment.Job instance at 0x7f080e7b8be0>,35,1,[11  5],36,-1,105,-1,104
1,<environment.Job instance at 0x7f080e7b8640>,36,28,[7 5],37,-1,132,-1,104
1,<environment.Job instance at 0x7f080e7b8730>,37,16,[ 1 13],38,-1,120,-1,104
1,<environment.Job instance at 0x7f080e7b82d0>,39,2,[3 5],40,-1,108,-1,106
1,<environment.Job instance at 0x7f080e7b8a50>,42,1,[8 3],43,-1,125,-1,124
1,<environment.Job instance at 0x7f080e3aa0a0>,2,3,[12  4],3,-1,6,-1,3
1,<environment.Job instance at 0x7f080e3aa870>,4,23,[ 1 14],5,-1,28,-1,5
1,<environment.Job instance at 0x7f080e9f6550>,6,16,[ 1 11],7,-1,23,-1,7
1,<environment.Job instance at 0x7f080e38ab90>,9,18,[13  3],10,-1,28,-1,10
1,<environment.Job instance at 0x7f080e38af50>,10,1,[11  3],11,-1,12,-1,11
1,<environment.Job instance at 0x7f080e38aa50>,11,27,[6 2],12,-1,39,-1,12
1,<environment.Job instance at 0x7f080e38ac30>,16,12,[1 7],17,-1,37,-1,25
1,<environment.Job instance at 0x7f080f43e7d0>,19,16,[4 7],20,-1,42,-1,26
1,<environment.Job instance at 0x7f080f43e550>,21,14,[13  4],22,-1,40,-1,26
1,<environment.Job instance at 0x7f080f43e5f0>,22,16,[2 7],23,-1,42,-1,26
1,<environment.Job instance at 0x7f080f43e690>,23,13,[8 5],24,-1,39,-1,26
1,<environment.Job instance at 0x7f080f43e910>,24,14,[12  4],25,-1,40,-1,26
1,<environment.Job instance at 0x7f080e296050>,25,26,[1 9],26,-1,52,-1,26
1,<environment.Job instance at 0x7f080e296230>,26,21,[ 5 14],27,-1,48,-1,27
1,<environment.Job instance at 0x7f080e296690>,27,1,[9 3],28,-1,29,-1,28
1,<environment.Job instance at 0x7f080e296780>,30,12,[8 3],31,-1,54,-1,42
1,<environment.Job instance at 0x7f080e296910>,31,19,[ 3 11],32,-1,61,-1,42
1,<environment.Job instance at 0x7f080e296870>,32,22,[ 1 14],33,-1,64,-1,42
1,<environment.Job instance at 0x7f080e296aa0>,33,2,[3 9],34,-1,44,-1,42
1,<environment.Job instance at 0x7f080e2965f0>,34,23,[ 2 11],35,-1,65,-1,42
1,<environment.Job instance at 0x7f080e3ad550>,35,2,[5 6],36,-1,44,-1,42
1,<environment.Job instance at 0x7f080e3ad500>,36,15,[12  5],37,-1,57,-1,42
1,<environment.Job instance at 0x7f080e3ad4b0>,37,20,[10  1],38,-1,62,-1,42
1,<environment.Job instance at 0x7f080e3ad140>,38,22,[5 8],39,-1,67,-1,45
1,<environment.Job instance at 0x7f080e3ad780>,39,14,[14  3],40,-1,59,-1,45
1,<environment.Job instance at 0x7f080e3ad1e0>,40,28,[13  5],41,-1,73,-1,45
1,<environment.Job instance at 0x7f080e3ada50>,43,2,[ 2 11],44,-1,56,-1,54
1,<environment.Job instance at 0x7f080e3ad9b0>,44,1,[ 4 13],45,-1,55,-1,54
1,<environment.Job instance at 0x7f080e3ad410>,45,1,[4 9],46,-1,55,-1,54
1,<environment.Job instance at 0x7f080e3ad640>,46,3,[14  5],47,-1,57,-1,54
1,<environment.Job instance at 0x7f080e3adeb0>,47,18,[12  2],48,-1,72,-1,54
1,<environment.Job instance at 0x7f080f42cfa0>,48,19,[ 5 13],49,-1,73,-1,54
1,<environment.Job instance at 0x7f080f42cf00>,51,2,[2 5],52,-1,74,-1,72
1,<environment.Job instance at 0x7f080f42c870>,52,26,[ 3 11],53,-1,98,-1,72
1,<environment.Job instance at 0x7f080e38caa0>,53,2,[7 4],54,-1,74,-1,72
1,<environment.Job instance at 0x7f080e9c5cd0>,55,13,[ 2 14],56,-1,85,-1,72
1,<environment.Job instance at 0x7f080e9c55a0>,56,12,[4 8],57,-1,90,-1,78
1,<environment.Job instance at 0x7f080e9c51e0>,57,3,[9 5],58,-1,81,-1,78
1,<environment.Job instance at 0x7f080e9c5140>,59,14,[10  2],60,-1,107,-1,93
1,<environment.Job instance at 0x7f080e9c5eb0>,60,2,[7 3],61,-1,95,-1,93
1,<environment.Job instance at 0x7f080e9c5820>,63,21,[ 2 10],64,-1,124,-1,103
1,<environment.Job instance at 0x7f080f42a690>,65,23,[ 5 11],66,-1,126,-1,103
1,<environment.Job instance at 0x7f080f42a320>,66,2,[11  4],67,-1,105,-1,103
1,<environment.Job instance at 0x7f080f42a4b0>,67,14,[ 3 11],68,-1,117,-1,103
1,<environment.Job instance at 0x7f080f42ad70>,68,27,[3 8],69,-1,130,-1,103
1,<environment.Job instance at 0x7f080f42a050>,69,1,[ 4 12],70,-1,104,-1,103
1,<environment.Job instance at 0x7f080f42a1e0>,70,19,[ 4 11],71,-1,122,-1,103
1,<environment.Job instance at 0x7f080f42ad20>,71,15,[5 1],72,-1,118,-1,103
1,<environment.Job instance at 0x7f080e297500>,77,1,[10  5],78,-1,132,-1,131
1,<environment.Job instance at 0x7f080f9a6460>,78,14,[ 4 10],79,-1,145,-1,131
1,<environment.Job instance at 0x7f080e2973c0>,79,3,[7 2],80,-1,134,-1,131
1,<environment.Job instance at 0x7f080eb4a0f0>,80,3,[12  5],81,-1,134,-1,131
1,<environment.Job instance at 0x7f080efb1e60>,82,27,[5 7],83,-1,159,-1,132
1,<environment.Job instance at 0x7f080eb4ae60>,5,25,[5 6],6,-1,31,-1,6
1,<environment.Job instance at 0x7f080eb4a140>,8,25,[7 4],9,-1,34,-1,9
1,<environment.Job instance at 0x7f080efb1e60>,11,13,[ 2 14],12,-1,25,-1,12
1,<environment.Job instance at 0x7f080e6cbd20>,10,12,[14  1],11,-1,24,-1,12
1,<environment.Job instance at 0x7f080e6cb460>,12,13,[14  2],13,-1,26,-1,13
1,<environment.Job instance at 0x7f080e3ceaf0>,14,2,[10  3],15,-1,17,-1,15
1,<environment.Job instance at 0x7f080fb1d050>,19,18,[14  1],20,-1,40,-1,22
1,<environment.Job instance at 0x7f080f3bec80>,20,17,[8 1],21,-1,44,-1,27
1,<environment.Job instance at 0x7f080eace2d0>,22,1,[1 5],23,-1,28,-1,27
1,<environment.Job instance at 0x7f080f3a6c30>,25,15,[ 5 10],26,-1,62,-1,47
1,<environment.Job instance at 0x7f080e3f4f50>,26,14,[ 4 12],27,-1,61,-1,47
1,<environment.Job instance at 0x7f080e3f4e60>,27,3,[3 6],28,-1,50,-1,47
1,<environment.Job instance at 0x7f080e3f4820>,28,17,[10  1],29,-1,64,-1,47
1,<environment.Job instance at 0x7f080e6a7460>,30,16,[ 5 11],31,-1,63,-1,47
1,<environment.Job instance at 0x7f080f0009b0>,33,3,[ 4 12],34,-1,63,-1,60
1,<environment.Job instance at 0x7f080f000c80>,34,13,[8 2],35,-1,73,-1,60
1,<environment.Job instance at 0x7f080e695320>,36,14,[5 1],37,-1,77,-1,63
1,<environment.Job instance at 0x7f080e695910>,39,17,[ 3 10],40,-1,104,-1,87
1,<environment.Job instance at 0x7f080e238780>,2,17,[ 3 14],3,-1,20,-1,3
1,<environment.Job instance at 0x7f080ebb45f0>,5,17,[12  5],6,-1,23,-1,6
1,<environment.Job instance at 0x7f080ebb45a0>,6,2,[9 5],7,-1,9,-1,7
1,<environment.Job instance at 0x7f080ebb44b0>,7,25,[4 7],8,-1,33,-1,8
1,<environment.Job instance at 0x7f080ebb4690>,8,19,[ 3 13],9,-1,28,-1,9
1,<environment.Job instance at 0x7f080ebb4730>,9,1,[9 1],10,-1,11,-1,10
1,<environment.Job instance at 0x7f080ebb4410>,10,3,[12  3],11,-1,14,-1,11
1,<environment.Job instance at 0x7f080ebb4870>,11,12,[ 5 11],12,-1,24,-1,12
1,<environment.Job instance at 0x7f080ebb4910>,12,17,[ 5 12],13,-1,30,-1,13
1,<environment.Job instance at 0x7f080ebb49b0>,13,2,[8 3],14,-1,16,-1,14
1,<environment.Job instance at 0x7f080ebb4a50>,14,25,[5 2],15,-1,41,-1,16
1,<environment.Job instance at 0x7f080ebb4b40>,16,24,[14  1],17,-1,41,-1,17
1,<environment.Job instance at 0x7f080ebb4be0>,17,25,[11  5],18,-1,43,-1,18
1,<environment.Job instance at 0x7f080ebb4c80>,18,14,[11  4],19,-1,33,-1,19
1,<environment.Job instance at 0x7f080ebb4dc0>,20,1,[5 5],21,-1,22,-1,21
1,<environment.Job instance at 0x7f080ebb4f00>,21,1,[14  3],22,-1,23,-1,22
1,<environment.Job instance at 0x7f080ebb4f50>,22,2,[7 4],23,-1,25,-1,23
1,<environment.Job instance at 0x7f080eb8b0f0>,24,1,[10  5],25,-1,26,-1,25
1,<environment.Job instance at 0x7f080eb8b410>,27,3,[7 4],28,-1,31,-1,28
1,<environment.Job instance at 0x7f080eb8b550>,28,13,[ 4 10],29,-1,42,-1,29
1,<environment.Job instance at 0x7f080eb8b5a0>,31,2,[ 3 11],32,-1,43,-1,41
1,<environment.Job instance at 0x7f080eb8b640>,32,18,[ 1 12],33,-1,59,-1,41
1,<environment.Job instance at 0x7f080eb8b870>,35,14,[13  2],36,-1,55,-1,41
1,<environment.Job instance at 0x7f080eb8b9b0>,37,1,[3 8],38,-1,57,-1,56
1,<environment.Job instance at 0x7f080eb8ba50>,38,25,[ 2 10],39,-1,81,-1,56
1,<environment.Job instance at 0x7f080eb8baf0>,39,1,[10  2],40,-1,57,-1,56
1,<environment.Job instance at 0x7f080eb8bb90>,40,25,[4 8],41,-1,81,-1,56
1,<environment.Job instance at 0x7f080eb8bcd0>,41,1,[5 5],42,-1,57,-1,56
1,<environment.Job instance at 0x7f080eb8bfa0>,43,17,[11  5],44,-1,73,-1,56
1,<environment.Job instance at 0x7f080eb8be10>,44,3,[5 6],45,-1,59,-1,56
1,<environment.Job instance at 0x7f080eb8bf50>,45,28,[2 6],46,-1,84,-1,56
1,<environment.Job instance at 0x7f080eb9f280>,47,17,[ 2 10],48,-1,85,-1,68
1,<environment.Job instance at 0x7f080eb9f3c0>,49,25,[ 2 10],50,-1,97,-1,72
1,<environment.Job instance at 0x7f080eb9f460>,50,28,[6 2],51,-1,100,-1,72
1,<environment.Job instance at 0x7f080eb9f500>,51,23,[12  4],52,-1,95,-1,72
1,<environment.Job instance at 0x7f080eb9f5a0>,52,23,[ 1 10],53,-1,95,-1,72
1,<environment.Job instance at 0x7f080eb9f640>,53,22,[14  4],54,-1,94,-1,72
1,<environment.Job instance at 0x7f080eb9f870>,56,2,[ 4 10],57,-1,90,-1,88
1,<environment.Job instance at 0x7f080eb9fa00>,58,25,[4 6],59,-1,123,-1,98
1,<environment.Job instance at 0x7f080eb9fb40>,61,27,[ 4 12],62,-1,134,-1,107
1,<environment.Job instance at 0x7f080eb9fe60>,65,14,[ 5 13],66,-1,132,-1,118
1,<environment.Job instance at 0x7f080eb9ff50>,66,3,[7 4],67,-1,121,-1,118
1,<environment.Job instance at 0x7f080eb910f0>,68,12,[10  4],69,-1,138,-1,126
1,<environment.Job instance at 0x7f080eb91050>,69,13,[ 3 11],70,-1,139,-1,126
1,<environment.Job instance at 0x7f080eb91320>,70,22,[ 1 14],71,-1,148,-1,126
1,<environment.Job instance at 0x7f080eb91280>,71,24,[9 4],72,-1,150,-1,126
1,<environment.Job instance at 0x7f080eb91550>,72,28,[9 5],73,-1,154,-1,126
1,<environment.Job instance at 0x7f3900dd9320>,1,27,[3 7],2,-1,29,-1,2
1,<environment.Job instance at 0x7f3900dd91e0>,7,16,[ 5 14],8,-1,24,-1,8
1,<environment.Job instance at 0x7f38f7661be0>,12,17,[ 1 14],13,-1,33,-1,16
1,<environment.Job instance at 0x7f38f7661b40>,13,15,[13  4],14,-1,31,-1,16
1,<environment.Job instance at 0x7f38f7661eb0>,16,15,[ 1 11],17,-1,47,-1,32
1,<environment.Job instance at 0x7f38f7661f50>,17,2,[3 5],18,-1,34,-1,32
1,<environment.Job instance at 0x7f38f76631e0>,19,2,[5 5],20,-1,41,-1,39
1,<environment.Job instance at 0x7f38f7663320>,21,23,[6 4],22,-1,76,-1,53
1,<environment.Job instance at 0x7f38f7663460>,23,16,[ 1 11],24,-1,69,-1,53
1,<environment.Job instance at 0x7f38f7663500>,24,23,[5 8],25,-1,76,-1,53
1,<environment.Job instance at 0x7f38f7663730>,30,3,[13  2],31,-1,102,-1,99
1,<environment.Job instance at 0x7f38f7663910>,31,19,[ 5 11],32,-1,118,-1,99
1,<environment.Job instance at 0x7f38f76638c0>,32,12,[13  5],33,-1,111,-1,99
1,<environment.Job instance at 0x7f38f7663a00>,35,3,[5 9],36,-1,115,-1,112
1,<environment.Job instance at 0x7f38f7663d70>,38,23,[ 4 11],39,-1,154,-1,131
1,<environment.Job instance at 0x7f38f7663f00>,39,25,[12  4],40,-1,156,-1,131
1,<environment.Job instance at 0x7f38f7663f50>,41,28,[7 5],42,-1,163,-1,135
1,<environment.Job instance at 0x7f38f7666190>,42,15,[14  4],43,-1,150,-1,135
1,<environment.Job instance at 0x7f38f76662d0>,44,1,[1 7],45,-1,141,-1,140
1,<environment.Job instance at 0x7f38f7666370>,45,12,[ 4 12],46,-1,152,-1,140
1,<environment.Job instance at 0x7f38f76664b0>,47,1,[3 5],48,-1,142,-1,141
1,<environment.Job instance at 0x7f38f77aedc0>,3,25,[7 4],4,-1,31,-1,6
1,<environment.Job instance at 0x7f38f77c02d0>,9,1,[9 3],10,-1,23,-1,22
1,<environment.Job instance at 0x7f38f77c0b90>,10,17,[13  3],11,-1,39,-1,22
1,<environment.Job instance at 0x7f38f77c09b0>,11,3,[ 5 12],12,-1,25,-1,22
1,<environment.Job instance at 0x7f38f77c08c0>,12,26,[ 5 12],13,-1,48,-1,22
1,<environment.Job instance at 0x7f38f77c0be0>,14,27,[ 2 12],15,-1,65,-1,38
1,<environment.Job instance at 0x7f38f77c0640>,16,3,[ 1 10],17,-1,41,-1,38
1,<environment.Job instance at 0x7f38f76db280>,17,2,[ 3 10],18,-1,40,-1,38
1,<environment.Job instance at 0x7f38f76dbe60>,21,19,[ 5 11],22,-1,75,-1,56
1,<environment.Job instance at 0x7f38f76dba00>,24,16,[ 2 14],25,-1,88,-1,72
1,<environment.Job instance at 0x7f38f76dbd70>,25,3,[13  5],26,-1,75,-1,72
1,<environment.Job instance at 0x7f38f76dbcd0>,27,21,[11  2],28,-1,99,-1,78
1,<environment.Job instance at 0x7f38f76db9b0>,28,23,[3 7],29,-1,102,-1,79
1,<environment.Job instance at 0x7f38f76dbaa0>,30,13,[ 2 13],31,-1,92,-1,79
1,<environment.Job instance at 0x7f38f718a0a0>,33,2,[6 1],34,-1,98,-1,96
1,<environment.Job instance at 0x7f38f70ef500>,34,3,[12  3],35,-1,99,-1,96
1,<environment.Job instance at 0x7f38f6d745f0>,35,23,[3 7],36,-1,119,-1,96
1,<environment.Job instance at 0x7f38f70c1140>,39,2,[12  2],40,-1,127,-1,125
1,<environment.Job instance at 0x7f38f713d870>,41,14,[ 5 11],42,-1,139,-1,125
1,<environment.Job instance at 0x7f38f6fbd910>,44,3,[4 5],45,-1,142,-1,139
1,<environment.Job instance at 0x7f38f7127960>,45,3,[3 7],46,-1,142,-1,139
1,<environment.Job instance at 0x7f38f7127c80>,46,13,[ 2 10],47,-1,152,-1,139
1,<environment.Job instance at 0x7f38f7072960>,47,26,[10  2],48,-1,165,-1,139
1,<environment.Job instance at 0x7f38f6cce0a0>,48,25,[5 5],49,-1,164,-1,139
1,<environment.Job instance at 0x7f38f7127a50>,50,26,[6 5],51,-1,165,-1,139
1,<environment.Job instance at 0x7f38f7076320>,51,12,[ 1 11],52,-1,151,-1,139
1,<environment.Job instance at 0x7f38f7076fa0>,52,3,[5 3],53,-1,142,-1,139
1,<environment.Job instance at 0x7f38f7076c80>,53,23,[ 4 11],54,-1,162,-1,139
1,<environment.Job instance at 0x7f38f6d19c80>,54,13,[ 3 11],55,-1,152,-1,139
1,<environment.Job instance at 0x7f38f7176870>,55,2,[14  5],56,-1,141,-1,139
1,<environment.Job instance at 0x7f38f7163690>,56,16,[ 3 11],57,-1,155,-1,139
1,<environment.Job instance at 0x7f38f7163640>,57,12,[ 1 11],58,-1,151,-1,139
1,<environment.Job instance at 0x7f38f7163370>,58,17,[11  3],59,-1,156,-1,139
1,<environment.Job instance at 0x7f38f70fe5f0>,59,16,[ 2 12],60,-1,155,-1,139
1,<environment.Job instance at 0x7f38f7078050>,60,21,[14  1],61,-1,160,-1,139
1,<environment.Job instance at 0x7f38f6d7dc80>,3,28,[11  3],4,-1,32,-1,4
1,<environment.Job instance at 0x7f38f6d7d410>,7,23,[8 3],8,-1,32,-1,9
1,<environment.Job instance at 0x7f38f6d187d0>,11,18,[ 5 11],12,-1,30,-1,12
1,<environment.Job instance at 0x7f38f6d18f50>,14,2,[8 4],15,-1,17,-1,15
1,<environment.Job instance at 0x7f38f6d18050>,16,25,[ 3 14],17,-1,49,-1,24
1,<environment.Job instance at 0x7f38f6d188c0>,17,22,[10  1],18,-1,154,-1,132
1,<environment.Job instance at 0x7f38f6d52320>,32,17,[ 1 12],33,-1,162,-1,145
1,<environment.Job instance at 0x7f38f6d52dc0>,33,15,[ 5 11],34,-1,160,-1,145
1,<environment.Job instance at 0x7f38f6d52b40>,34,12,[1 8],35,-1,157,-1,145
1,<environment.Job instance at 0x7f38f6d522d0>,35,1,[9 1],36,-1,146,-1,145
1,<environment.Job instance at 0x7f38f6d52640>,36,12,[14  5],37,-1,157,-1,145
1,<environment.Job instance at 0x7f38f6d52f50>,37,2,[2 8],38,-1,147,-1,145
1,<environment.Job instance at 0x7f38f6d52730>,38,28,[ 2 12],39,-1,173,-1,145
1,<environment.Job instance at 0x7f38f6d52690>,39,13,[10  3],40,-1,158,-1,145
1,<environment.Job instance at 0x7f38f6d52f00>,41,3,[1 5],42,-1,149,-1,146
1,<environment.Job instance at 0x7f38f6d52d70>,42,3,[8 5],43,-1,149,-1,146
1,<environment.Job instance at 0x7f38f6d525f0>,43,27,[9 5],44,-1,173,-1,146
1,<environment.Job instance at 0x7f38f6d52af0>,44,14,[10  1],45,-1,160,-1,146
1,<environment.Job instance at 0x7f38f6d52b90>,45,17,[14  2],46,-1,163,-1,146
1,<environment.Job instance at 0x7f38f6d521e0>,46,2,[7 1],47,-1,148,-1,146
1,<environment.Job instance at 0x7f38f6cd3b90>,47,24,[ 3 12],48,-1,170,-1,146
1,<environment.Job instance at 0x7f38f6cd3aa0>,48,24,[5 8],49,-1,170,-1,146
1,<environment.Job instance at 0x7f38f6cd3af0>,49,27,[2 9],50,-1,173,-1,146
1,<environment.Job instance at 0x7f38f7d0e280>,50,27,[3 7],51,-1,173,-1,146
1,<environment.Job instance at 0x7f38f74a2cd0>,51,17,[ 3 14],52,-1,163,-1,146
1,<environment.Job instance at 0x7f38f74ad230>,52,1,[8 3],53,-1,147,-1,146
1,<environment.Job instance at 0x7f38f74ad370>,53,20,[ 1 11],54,-1,166,-1,146
1,<environment.Job instance at 0x7f38f7af55a0>,55,1,[8 2],56,-1,147,-1,146
1,<environment.Job instance at 0x7f38f72446e0>,3,18,[14  1],4,-1,22,-1,4
1,<environment.Job instance at 0x7f38f72442d0>,4,27,[4 8],5,-1,32,-1,5
1,<environment.Job instance at 0x7f38f72447d0>,6,23,[ 4 11],7,-1,30,-1,7
1,<environment.Job instance at 0x7f38f710e4b0>,8,3,[12  4],9,-1,13,-1,10
1,<environment.Job instance at 0x7f38f71af320>,22,25,[5 1],23,-1,78,-1,53
1,<environment.Job instance at 0x7f38f7752e10>,23,16,[14  5],24,-1,69,-1,53
1,<environment.Job instance at 0x7f38f6fae0f0>,24,15,[ 5 12],25,-1,68,-1,53
1,<environment.Job instance at 0x7f38f7d15730>,25,17,[12  1],26,-1,70,-1,53
1,<environment.Job instance at 0x7f38f7d155f0>,26,12,[ 2 14],27,-1,65,-1,53
1,<environment.Job instance at 0x7f38f7118410>,27,23,[9 5],28,-1,76,-1,53
1,<environment.Job instance at 0x7f38f71182d0>,28,2,[10  1],29,-1,55,-1,53
1,<environment.Job instance at 0x7f38f77c05a0>,30,17,[12  3],31,-1,70,-1,53
1,<environment.Job instance at 0x7f38f7169730>,37,2,[10  5],38,-1,110,-1,108
1,<environment.Job instance at 0x7f38f7150d20>,42,25,[9 2],43,-1,147,-1,122
1,<environment.Job instance at 0x7f38f6d85280>,44,13,[13  1],45,-1,150,-1,137
1,<environment.Job instance at 0x7f38f7d3a230>,6,13,[ 3 13],7,-1,20,-1,7
1,<environment.Job instance at 0x7f38f7a80aa0>,12,16,[13  2],13,-1,33,-1,17
1,<environment.Job instance at 0x7f38f7a80820>,15,22,[14  4],16,-1,42,-1,20
1,<environment.Job instance at 0x7f38f7a80a00>,16,12,[ 1 10],17,-1,32,-1,20
1,<environment.Job instance at 0x7f38f7d29aa0>,18,23,[1 6],19,-1,64,-1,41
1,<environment.Job instance at 0x7f38f7d29b40>,20,27,[6 3],21,-1,68,-1,41
1,<environment.Job instance at 0x7f38f7d29050>,21,16,[ 5 13],22,-1,57,-1,41
1,<environment.Job instance at 0x7f38f7d295f0>,22,17,[ 3 10],23,-1,72,-1,55
1,<environment.Job instance at 0x7f38f7d5bbe0>,25,22,[10  2],26,-1,86,-1,64
1,<environment.Job instance at 0x7f38f7a88dc0>,30,16,[11  4],31,-1,99,-1,83
1,<environment.Job instance at 0x7f38f7a88780>,32,1,[ 4 14],33,-1,84,-1,83
1,<environment.Job instance at 0x7f38f7a88d70>,33,1,[2 5],34,-1,84,-1,83
1,<environment.Job instance at 0x7f38f7097eb0>,37,3,[2 8],38,-1,103,-1,100
1,<environment.Job instance at 0x7f38f6cb4230>,38,2,[3 7],39,-1,102,-1,100
1,<environment.Job instance at 0x7f38f70af410>,39,1,[14  5],40,-1,101,-1,100
1,<environment.Job instance at 0x7f38f6c51c80>,44,12,[ 5 13],45,-1,145,-1,133
1,<environment.Job instance at 0x7f38f6c51820>,47,2,[4 7],48,-1,141,-1,139
1,<environment.Job instance at 0x7f38f6c4ef50>,3,13,[ 2 12],4,-1,17,-1,4
1,<environment.Job instance at 0x7f38f6c52e10>,4,3,[10  1],5,-1,9,-1,6
1,<environment.Job instance at 0x7f38f6c52550>,10,19,[12  2],11,-1,51,-1,32
1,<environment.Job instance at 0x7f38f6c52af0>,13,3,[1 7],14,-1,57,-1,54
1,<environment.Job instance at 0x7f38f6c52f50>,14,23,[11  5],15,-1,77,-1,54
1,<environment.Job instance at 0x7f38f6c52fa0>,15,3,[6 1],16,-1,57,-1,54
1,<environment.Job instance at 0x7f38f6c52a00>,16,1,[ 3 10],17,-1,55,-1,54
1,<environment.Job instance at 0x7f38f6c52820>,19,15,[11  2],20,-1,89,-1,74
1,<environment.Job instance at 0x7f38f6c871e0>,23,2,[10  5],24,-1,91,-1,89
1,<environment.Job instance at 0x7f38f7097c80>,24,14,[ 5 14],25,-1,103,-1,89
1,<environment.Job instance at 0x7f38f7097230>,27,2,[11  4],28,-1,98,-1,96
1,<environment.Job instance at 0x7f38f7097050>,28,23,[4 8],29,-1,125,-1,102
1,<environment.Job instance at 0x7f38f7097320>,30,25,[7 5],31,-1,131,-1,106
1,<environment.Job instance at 0x7f38f70975f0>,31,24,[ 1 12],32,-1,130,-1,106
1,<environment.Job instance at 0x7f38f70970f0>,32,3,[ 3 14],33,-1,109,-1,106
1,<environment.Job instance at 0x7f38f70973c0>,33,28,[11  3],34,-1,134,-1,106
1,<environment.Job instance at 0x7f38f7097370>,34,3,[14  5],35,-1,109,-1,106
1,<environment.Job instance at 0x7f38f7097a50>,35,26,[5 1],36,-1,132,-1,106
1,<environment.Job instance at 0x7f38f7097870>,36,25,[2 7],37,-1,131,-1,106
1,<environment.Job instance at 0x7f38f7097820>,38,27,[8 2],39,-1,137,-1,110
1,<environment.Job instance at 0x7f38f70979b0>,39,3,[6 2],40,-1,113,-1,110
1,<environment.Job instance at 0x7f38f7097910>,40,28,[11  3],41,-1,138,-1,110
1,<environment.Job instance at 0x7f38f7097d20>,41,13,[ 4 13],42,-1,123,-1,110
1,<environment.Job instance at 0x7f38f7097500>,42,15,[12  1],43,-1,125,-1,110
1,<environment.Job instance at 0x7f38f70978c0>,46,12,[14  3],47,-1,151,-1,139
1,<environment.Job instance at 0x7f38f6c49640>,47,16,[13  1],48,-1,155,-1,139
1,<environment.Job instance at 0x7f38f6c49820>,48,12,[12  4],49,-1,151,-1,139
1,<environment.Job instance at 0x7f38f6c497d0>,49,17,[ 4 13],50,-1,156,-1,139
1,<environment.Job instance at 0x7f38f6c49910>,50,16,[14  2],51,-1,155,-1,139
1,<environment.Job instance at 0x7f38f6c499b0>,51,2,[11  2],52,-1,141,-1,139
1,<environment.Job instance at 0x7f38f6c49a00>,52,13,[13  3],53,-1,152,-1,139
1,<environment.Job instance at 0x7f39007e12d0>,1,19,[ 1 14],2,-1,21,-1,2
1,<environment.Job instance at 0x7f38f7ce1690>,5,13,[ 2 10],6,-1,19,-1,6
1,<environment.Job instance at 0x7f38f6c1cc30>,6,17,[ 2 12],7,-1,24,-1,7
1,<environment.Job instance at 0x7f38f6c1c5f0>,12,1,[2 8],13,-1,14,-1,13
1,<environment.Job instance at 0x7f38f6c1ceb0>,16,17,[13  3],17,-1,40,-1,23
1,<environment.Job instance at 0x7f38f6c1c500>,17,13,[ 3 13],18,-1,36,-1,23
1,<environment.Job instance at 0x7f38f6c1caf0>,18,28,[ 1 10],19,-1,51,-1,23
1,<environment.Job instance at 0x7f38f6c1cd20>,19,28,[ 2 12],20,-1,51,-1,23
1,<environment.Job instance at 0x7f38f6c1c550>,25,2,[7 1],26,-1,42,-1,40
1,<environment.Job instance at 0x7f38f7a7faa0>,26,1,[5 8],27,-1,41,-1,40
1,<environment.Job instance at 0x7f38f7a7f960>,28,13,[14  2],29,-1,67,-1,54
1,<environment.Job instance at 0x7f38f7a7fcd0>,29,14,[11  2],30,-1,76,-1,62
1,<environment.Job instance at 0x7f38f7a7f8c0>,33,23,[1 6],34,-1,97,-1,74
1,<environment.Job instance at 0x7f38f7a7fb90>,34,21,[ 2 11],35,-1,95,-1,74
1,<environment.Job instance at 0x7f38f7a7ff00>,35,22,[4 5],36,-1,116,-1,94
1,<environment.Job instance at 0x7f38f6d5b370>,4,19,[14  3],5,-1,24,-1,5
1,<environment.Job instance at 0x7f38f6d5beb0>,5,27,[5 2],6,-1,33,-1,6
1,<environment.Job instance at 0x7f38f6d5bcd0>,7,12,[ 2 13],8,-1,20,-1,8
1,<environment.Job instance at 0x7f38f6d5b140>,8,20,[ 5 11],9,-1,29,-1,9
1,<environment.Job instance at 0x7f38f6d5bbe0>,11,1,[1 6],12,-1,14,-1,13
1,<environment.Job instance at 0x7f38f6d6a050>,13,16,[ 3 13],14,-1,30,-1,14
1,<environment.Job instance at 0x7f38f6d6aeb0>,14,22,[ 3 14],15,-1,37,-1,15
1,<environment.Job instance at 0x7f38f6d6aaf0>,15,12,[10  5],16,-1,28,-1,16
1,<environment.Job instance at 0x7f38f6d6ab90>,20,3,[ 5 11],21,-1,24,-1,21
1,<environment.Job instance at 0x7f38f6d57d70>,23,1,[9 3],24,-1,36,-1,35
1,<environment.Job instance at 0x7f38f6d574b0>,24,28,[5 7],25,-1,63,-1,35
1,<environment.Job instance at 0x7f38f6d577d0>,25,28,[ 2 10],26,-1,63,-1,35
1,<environment.Job instance at 0x7f38f6d6cf50>,26,26,[8 2],27,-1,61,-1,35
1,<environment.Job instance at 0x7f38f6d6c050>,27,2,[14  1],28,-1,37,-1,35
1,<environment.Job instance at 0x7f38f8061be0>,29,17,[13  5],30,-1,52,-1,35
1,<environment.Job instance at 0x7f38f7629460>,30,28,[9 5],31,-1,63,-1,35
1,<environment.Job instance at 0x7f38f809ef00>,31,22,[13  3],32,-1,57,-1,35
1,<environment.Job instance at 0x7f38f809e370>,32,17,[ 3 14],33,-1,52,-1,35
1,<environment.Job instance at 0x7f38f7606eb0>,33,2,[ 3 12],34,-1,37,-1,35
1,<environment.Job instance at 0x7f38f809ebe0>,34,26,[4 6],35,-1,61,-1,35
1,<environment.Job instance at 0x7f38f7e58b90>,35,3,[7 3],36,-1,39,-1,36
1,<environment.Job instance at 0x7f38f7e2fe10>,46,1,[1 5],47,-1,92,-1,91
1,<environment.Job instance at 0x7f38f7e64d70>,50,28,[9 1],51,-1,151,-1,123
1,<environment.Job instance at 0x7f38f7e2fd70>,51,12,[ 2 10],52,-1,136,-1,124
1,<environment.Job instance at 0x7f38f6d5a320>,52,14,[10  1],53,-1,138,-1,124
1,<environment.Job instance at 0x7f38f6d5a410>,53,27,[6 4],54,-1,151,-1,124
1,<environment.Job instance at 0x7f38f7e44eb0>,54,14,[ 2 14],55,-1,138,-1,124
1,<environment.Job instance at 0x7f38f7e660f0>,56,1,[9 3],57,-1,126,-1,125
1,<environment.Job instance at 0x7f38f7e66730>,57,1,[7 2],58,-1,126,-1,125
1,<environment.Job instance at 0x7f38f7e66410>,58,2,[6 4],59,-1,127,-1,125
1,<environment.Job instance at 0x7f38f7e66d20>,61,28,[ 2 13],62,-1,175,-1,147
1,<environment.Job instance at 0x7f38f7e668c0>,62,2,[5 3],63,-1,149,-1,147
1,<environment.Job instance at 0x7f38f7a6daf0>,1,25,[3 7],2,-1,27,-1,2
1,<environment.Job instance at 0x7f38f7a6dd70>,2,19,[ 3 12],3,-1,22,-1,3
1,<environment.Job instance at 0x7f38f7a6d140>,6,3,[ 1 12],7,-1,10,-1,7
1,<environment.Job instance at 0x7f38f7ca7140>,7,21,[ 5 11],8,-1,29,-1,8
1,<environment.Job instance at 0x7f38f7ca7190>,8,2,[ 1 14],9,-1,11,-1,9
1,<environment.Job instance at 0x7f38f7ca7050>,10,25,[10  5],11,-1,36,-1,11
1,<environment.Job instance at 0x7f38f7ce0c80>,11,24,[ 3 12],12,-1,36,-1,12
1,<environment.Job instance at 0x7f38f7ce0fa0>,12,14,[ 5 13],13,-1,27,-1,13
1,<environment.Job instance at 0x7f38f7ce0af0>,13,24,[6 5],14,-1,38,-1,14
1,<environment.Job instance at 0x7f38f7cabcd0>,31,17,[ 2 13],32,-1,130,-1,113
1,<environment.Job instance at 0x7f38f7cab370>,32,19,[ 3 12],33,-1,132,-1,113
1,<environment.Job instance at 0x7f38f7cab6e0>,33,15,[ 1 14],34,-1,128,-1,113
1,<environment.Job instance at 0x7f38f7593910>,1,21,[ 5 12],2,-1,23,-1,2
1,<environment.Job instance at 0x7f38f7ce0640>,2,15,[ 2 13],3,-1,18,-1,3
1,<environment.Job instance at 0x7f38f6c661e0>,3,14,[ 5 14],4,-1,18,-1,4
1,<environment.Job instance at 0x7f38f6c660a0>,4,26,[13  1],5,-1,31,-1,5
1,<environment.Job instance at 0x7f38f75ccc80>,6,17,[ 1 14],7,-1,24,-1,7
1,<environment.Job instance at 0x7f38f6c7b730>,19,25,[ 4 14],20,-1,74,-1,49
1,<environment.Job instance at 0x7f38f75dacd0>,27,12,[10  3],28,-1,127,-1,115
1,<environment.Job instance at 0x7f38f75ece60>,28,1,[12  2],29,-1,116,-1,115
1,<environment.Job instance at 0x7f38f75ec7d0>,29,12,[ 2 11],30,-1,127,-1,115
1,<environment.Job instance at 0x7f38f7c7d780>,30,28,[14  5],31,-1,143,-1,115
1,<environment.Job instance at 0x7f38f7c7da50>,31,1,[ 3 12],32,-1,116,-1,115
1,<environment.Job instance at 0x7f38f7c79640>,32,2,[12  2],33,-1,117,-1,115
1,<environment.Job instance at 0x7f38f7c795f0>,33,24,[11  4],34,-1,139,-1,115
1,<environment.Job instance at 0x7f38f7c79460>,35,21,[ 4 13],36,-1,136,-1,115
1,<environment.Job instance at 0x7f38f82460f0>,37,3,[8 4],38,-1,118,-1,115
1,<environment.Job instance at 0x7f38f6cb8140>,38,23,[14  4],39,-1,138,-1,115
1,<environment.Job instance at 0x7f38f6cb7f00>,39,24,[13  4],40,-1,139,-1,115
1,<environment.Job instance at 0x7f39007fd410>,40,3,[2 7],41,-1,118,-1,115
1,<environment.Job instance at 0x7f39007d15a0>,41,2,[5 4],42,-1,117,-1,115
1,<environment.Job instance at 0x7f38f824a6e0>,43,1,[4 7],44,-1,126,-1,125
1,<environment.Job instance at 0x7f38f6c7f780>,47,13,[13  5],48,-1,144,-1,131
1,<environment.Job instance at 0x7f38f74554b0>,11,17,[11  3],12,-1,54,-1,37
1,<environment.Job instance at 0x7f38f7455cd0>,14,2,[ 4 10],15,-1,39,-1,37
1,<environment.Job instance at 0x7f38f7455e60>,17,3,[1 6],18,-1,61,-1,58
1,<environment.Job instance at 0x7f38f74558c0>,18,18,[ 2 13],19,-1,76,-1,58
1,<environment.Job instance at 0x7f38f7455820>,19,22,[ 1 14],20,-1,80,-1,58
1,<environment.Job instance at 0x7f38f74550f0>,21,21,[10  5],22,-1,126,-1,105
1,<environment.Job instance at 0x7f38f7455c30>,25,1,[8 3],26,-1,106,-1,105
1,<environment.Job instance at 0x7f38f727eaf0>,26,2,[8 3],27,-1,107,-1,105
1,<environment.Job instance at 0x7f38f727efa0>,27,22,[ 1 10],28,-1,127,-1,105
1,<environment.Job instance at 0x7f38f727e230>,30,13,[10  5],31,-1,126,-1,113
1,<environment.Job instance at 0x7f38f727e690>,31,17,[ 1 11],32,-1,130,-1,113
1,<environment.Job instance at 0x7f38f727ec80>,32,23,[5 1],33,-1,136,-1,113
1,<environment.Job instance at 0x7f38f727e320>,34,25,[1 8],35,-1,147,-1,122
1,<environment.Job instance at 0x7f38f727e280>,39,15,[ 5 11],40,-1,160,-1,145
1,<environment.Job instance at 0x7f38f727e4b0>,40,3,[ 4 10],41,-1,148,-1,145
1,<environment.Job instance at 0x7f38f727e5f0>,41,12,[11  4],42,-1,157,-1,145
1,<environment.Job instance at 0x7f38f6abdf50>,8,1,[ 1 11],9,-1,10,-1,9
1,<environment.Job instance at 0x7f38f6abd190>,10,19,[13  5],11,-1,30,-1,11
1,<environment.Job instance at 0x7f38f6abd9b0>,11,22,[13  5],12,-1,34,-1,12
1,<environment.Job instance at 0x7f38f6abda00>,12,18,[11  2],13,-1,42,-1,24
1,<environment.Job instance at 0x7f38f6abd2d0>,16,14,[ 4 14],17,-1,38,-1,24
1,<environment.Job instance at 0x7f38f6abd5f0>,17,28,[ 3 13],18,-1,52,-1,24
1,<environment.Job instance at 0x7f38f6a43fa0>,22,26,[ 2 11],23,-1,102,-1,76
1,<environment.Job instance at 0x7f38f6a434b0>,24,19,[ 4 11],25,-1,95,-1,76
1,<environment.Job instance at 0x7f38f6a43870>,25,17,[ 5 14],26,-1,93,-1,76
1,<environment.Job instance at 0x7f38f6a43190>,26,2,[12  2],27,-1,78,-1,76
1,<environment.Job instance at 0x7f38f6a43f00>,27,12,[12  4],28,-1,88,-1,76
1,<environment.Job instance at 0x7f38f6a43640>,29,18,[12  2],30,-1,94,-1,76
1,<environment.Job instance at 0x7f38f6a430f0>,32,27,[3 9],33,-1,121,-1,94
1,<environment.Job instance at 0x7f38f6a43d20>,35,1,[5 2],36,-1,119,-1,118
1,<environment.Job instance at 0x7f38f6a43690>,39,25,[6 2],40,-1,157,-1,132
1,<environment.Job instance at 0x7f38f6ab8230>,41,13,[ 3 11],42,-1,151,-1,138
1,<environment.Job instance at 0x7f38f6ab8c80>,42,21,[7 1],43,-1,159,-1,138
1,<environment.Job instance at 0x7f38f6ab87d0>,43,3,[10  2],44,-1,141,-1,138
1,<environment.Job instance at 0x7f38f7c3e140>,6,15,[14  1],7,-1,22,-1,7
1,<environment.Job instance at 0x7f38f72bcdc0>,7,16,[13  3],8,-1,24,-1,8
1,<environment.Job instance at 0x7f38f72bc3c0>,8,2,[5 5],9,-1,12,-1,10
1,<environment.Job instance at 0x7f38f72bc320>,10,22,[11  4],11,-1,33,-1,11
1,<environment.Job instance at 0x7f38f72bc140>,11,1,[9 1],12,-1,13,-1,12
1,<environment.Job instance at 0x7f38f72bc6e0>,12,26,[3 7],13,-1,39,-1,13
1,<environment.Job instance at 0x7f38f72bc190>,13,15,[11  3],14,-1,33,-1,18
1,<environment.Job instance at 0x7f38f72bcaa0>,18,24,[1 9],19,-1,45,-1,21
1,<environment.Job instance at 0x7f38f72bceb0>,20,25,[10  3],21,-1,46,-1,21
1,<environment.Job instance at 0x7f38f72bcf00>,21,3,[5 9],22,-1,25,-1,22
1,<environment.Job instance at 0x7f38f72bc4b0>,23,22,[11  2],24,-1,57,-1,35
1,<environment.Job instance at 0x7f38f72bc9b0>,25,18,[ 3 11],26,-1,53,-1,35
1,<environment.Job instance at 0x7f38f72bce60>,26,1,[9 2],27,-1,36,-1,35
1,<environment.Job instance at 0x7f38f72bc500>,27,3,[5 8],28,-1,38,-1,35
1,<environment.Job instance at 0x7f38f72bc640>,28,27,[ 5 14],29,-1,62,-1,35
1,<environment.Job instance at 0x7f38f751c6e0>,31,26,[ 5 14],32,-1,78,-1,52
1,<environment.Job instance at 0x7f38f751cf00>,33,2,[14  2],34,-1,65,-1,63
1,<environment.Job instance at 0x7f38f751c0f0>,34,20,[ 1 14],35,-1,83,-1,63
1,<environment.Job instance at 0x7f38f751c780>,37,15,[ 1 14],38,-1,106,-1,91
1,<environment.Job instance at 0x7f38f751c910>,38,15,[ 5 14],39,-1,106,-1,91
1,<environment.Job instance at 0x7f38f751c410>,39,26,[3 8],40,-1,117,-1,91
1,<environment.Job instance at 0x7f38f751ca00>,40,26,[ 4 10],41,-1,117,-1,91
1,<environment.Job instance at 0x7f38f751cf50>,42,16,[ 2 11],43,-1,107,-1,91
1,<environment.Job instance at 0x7f38f751c5f0>,44,3,[7 2],45,-1,95,-1,92
1,<environment.Job instance at 0x7f38f751cdc0>,45,17,[ 5 13],46,-1,109,-1,92
1,<environment.Job instance at 0x7f38f751c2d0>,46,14,[14  3],47,-1,106,-1,92
1,<environment.Job instance at 0x7f38f751c730>,48,18,[ 5 14],49,-1,133,-1,115
1,<environment.Job instance at 0x7f38f79d7690>,50,23,[5 4],51,-1,138,-1,115
1,<environment.Job instance at 0x7f38f79d7c30>,51,21,[ 1 10],52,-1,137,-1,116
1,<environment.Job instance at 0x7f38f79d74b0>,52,26,[13  5],53,-1,142,-1,116
1,<environment.Job instance at 0x7f38f79d7be0>,53,2,[10  4],54,-1,118,-1,116
1,<environment.Job instance at 0x7f38f79d7410>,54,24,[5 9],55,-1,140,-1,116
1,<environment.Job instance at 0x7f38f79d7230>,55,1,[1 7],56,-1,117,-1,116
1,<environment.Job instance at 0x7f38f79d7b40>,57,2,[2 8],58,-1,120,-1,118
1,<environment.Job instance at 0x7f38f79d75f0>,59,3,[5 5],60,-1,125,-1,122
1,<environment.Job instance at 0x7f38f79d7730>,60,20,[ 1 10],61,-1,146,-1,126
1,<environment.Job instance at 0x7f38f79d7780>,61,3,[ 5 13],62,-1,129,-1,126
1,<environment.Job instance at 0x7f38f79d73c0>,62,13,[ 1 11],63,-1,139,-1,126
1,<environment.Job instance at 0x7f38f79d77d0>,63,26,[14  2],64,-1,152,-1,126
1,<environment.Job instance at 0x7f38f79d75a0>,64,14,[7 1],65,-1,143,-1,129
1,<environment.Job instance at 0x7f38f79d79b0>,65,25,[13  1],66,-1,154,-1,129
1,<environment.Job instance at 0x7f38f79d70a0>,67,13,[ 1 12],68,-1,158,-1,145
1,<environment.Job instance at 0x7f38f75f90a0>,1,21,[ 3 14],2,-1,23,-1,2
1,<environment.Job instance at 0x7f38f708bfa0>,9,1,[8 2],10,-1,12,-1,11
1,<environment.Job instance at 0x7f38f708baf0>,14,13,[ 2 14],15,-1,28,-1,15
1,<environment.Job instance at 0x7f38f708b460>,15,3,[7 2],16,-1,21,-1,18
1,<environment.Job instance at 0x7f38f708bd70>,16,22,[8 1],17,-1,57,-1,35
1,<environment.Job instance at 0x7f38f708bb90>,19,3,[7 4],20,-1,38,-1,35
1,<environment.Job instance at 0x7f38f708b550>,21,28,[14  4],22,-1,70,-1,42
1,<environment.Job instance at 0x7f38f708b960>,22,17,[14  5],23,-1,59,-1,42
1,<environment.Job instance at 0x7f38f708b050>,23,20,[ 3 14],24,-1,62,-1,42
1,<environment.Job instance at 0x7f38f708b4b0>,24,13,[ 3 14],25,-1,55,-1,42
1,<environment.Job instance at 0x7f38f708bdc0>,25,24,[4 7],26,-1,66,-1,42
1,<environment.Job instance at 0x7f38f708bf50>,28,24,[8 1],29,-1,81,-1,57
1,<environment.Job instance at 0x7f38f809e550>,32,1,[3 6],33,-1,75,-1,74
1,<environment.Job instance at 0x7f38f809edc0>,33,3,[5 3],34,-1,77,-1,74
1,<environment.Job instance at 0x7f38f809ef50>,37,24,[5 5],38,-1,113,-1,89
1,<environment.Job instance at 0x7f38f809efa0>,39,15,[13  4],40,-1,111,-1,96
1,<environment.Job instance at 0x7f38f809e370>,40,28,[ 2 11],41,-1,124,-1,96
1,<environment.Job instance at 0x7f38f809eeb0>,41,22,[7 4],42,-1,150,-1,128
1,<environment.Job instance at 0x7f38f809e3c0>,49,12,[ 1 10],50,-1,153,-1,141
1,<environment.Job instance at 0x7f38f8248d70>,50,14,[14  4],51,-1,155,-1,141
1,<environment.Job instance at 0x7f38f8248f50>,51,28,[3 8],52,-1,169,-1,141
1,<environment.Job instance at 0x7f38f8248410>,52,22,[12  5],53,-1,163,-1,141
1,<environment.Job instance at 0x7f38f8248b90>,53,14,[ 1 12],54,-1,155,-1,141
1,<environment.Job instance at 0x7f38f6eaf280>,5,14,[ 2 11],6,-1,20,-1,6
1,<environment.Job instance at 0x7f38f6eafe10>,7,21,[12  2],8,-1,29,-1,8
1,<environment.Job instance at 0x7f38f6eafbe0>,9,28,[12  2],10,-1,38,-1,10
1,<environment.Job instance at 0x7f38f7fc6280>,21,27,[ 1 14],22,-1,83,-1,56
1,<environment.Job instance at 0x7f38f7fc6af0>,22,23,[6 2],23,-1,79,-1,56
1,<environment.Job instance at 0x7f38f7fc6780>,23,3,[2 6],24,-1,59,-1,56
1,<environment.Job instance at 0x7f38f7fc6f00>,24,12,[14  3],25,-1,68,-1,56
1,<environment.Job instance at 0x7f38f7fc6be0>,25,16,[11  2],26,-1,72,-1,56
1,<environment.Job instance at 0x7f38f7fc60a0>,26,2,[ 3 14],27,-1,58,-1,56
1,<environment.Job instance at 0x7f38f7fc6b40>,28,1,[8 1],29,-1,76,-1,75
1,<environment.Job instance at 0x7f38f7fc66e0>,30,1,[11  3],31,-1,76,-1,75
1,<environment.Job instance at 0x7f38f7fc6500>,31,16,[13  1],32,-1,91,-1,75
1,<environment.Job instance at 0x7f38f6fe4e60>,34,25,[10  1],35,-1,131,-1,106
1,<environment.Job instance at 0x7f38f6fe4230>,35,2,[8 4],36,-1,108,-1,106
1,<environment.Job instance at 0x7f38f70fda00>,4,22,[9 5],5,-1,46,-1,24
1,<environment.Job instance at 0x7f38f70fde60>,12,26,[13  1],13,-1,53,-1,27
1,<environment.Job instance at 0x7f38f70fddc0>,13,12,[ 1 11],14,-1,39,-1,27
1,<environment.Job instance at 0x7f38f70fd780>,14,25,[14  1],15,-1,52,-1,27
1,<environment.Job instance at 0x7f38f70cedc0>,15,1,[9 4],16,-1,28,-1,27
1,<environment.Job instance at 0x7f38f70ceb90>,16,1,[13  4],17,-1,28,-1,27
1,<environment.Job instance at 0x7f38f70cecd0>,18,2,[11  3],19,-1,29,-1,27
1,<environment.Job instance at 0x7f38f70cea00>,20,12,[11  2],21,-1,53,-1,41
1,<environment.Job instance at 0x7f38f70ce2d0>,23,1,[10  2],24,-1,61,-1,60
1,<environment.Job instance at 0x7f38f70ce820>,24,21,[8 5],25,-1,83,-1,62
1,<environment.Job instance at 0x7f38f70cea50>,25,1,[11  5],26,-1,63,-1,62
1,<environment.Job instance at 0x7f38f70ce7d0>,26,28,[7 5],27,-1,90,-1,62
1,<environment.Job instance at 0x7f38f70ce8c0>,27,16,[ 1 13],28,-1,78,-1,62
1,<environment.Job instance at 0x7f38f77521e0>,29,2,[3 5],30,-1,64,-1,62
1,<environment.Job instance at 0x7f38f77520a0>,30,18,[ 5 10],31,-1,87,-1,69
1,<environment.Job instance at 0x7f38f7752e10>,31,20,[10  5],32,-1,89,-1,69
1,<environment.Job instance at 0x7f38f70fd870>,6,18,[8 5],7,-1,87,-1,69
1,<environment.Job instance at 0x7f38f7752dc0>,32,1,[8 3],33,-1,70,-1,69
1,<environment.Job instance at 0x7f38f7752a50>,35,1,[8 4],36,-1,75,-1,74
1,<environment.Job instance at 0x7f38f7752500>,36,3,[5 7],37,-1,77,-1,74
1,<environment.Job instance at 0x7f38f7752410>,37,23,[12  4],38,-1,97,-1,74
1,<environment.Job instance at 0x7f38f77527d0>,38,15,[11  1],39,-1,89,-1,74
1,<environment.Job instance at 0x7f38f7752b40>,39,27,[13  1],40,-1,101,-1,74
1,<environment.Job instance at 0x7f38f77525a0>,40,13,[10  1],41,-1,87,-1,74
1,<environment.Job instance at 0x7f38f7752eb0>,41,15,[5 1],42,-1,89,-1,74
1,<environment.Job instance at 0x7f38f7752780>,42,23,[6 3],43,-1,97,-1,74
1,<environment.Job instance at 0x7f38f7752aa0>,43,1,[7 2],44,-1,75,-1,74
1,<environment.Job instance at 0x7f38f7752af0>,44,25,[1 5],45,-1,99,-1,74
1,<environment.Job instance at 0x7f38f7752f00>,45,15,[11  5],46,-1,89,-1,74
1,<environment.Job instance at 0x7f38f77529b0>,46,14,[11  5],47,-1,88,-1,74
1,<environment.Job instance at 0x7f38f7752820>,47,25,[ 1 12],48,-1,99,-1,74
1,<environment.Job instance at 0x7f38f70eef50>,48,1,[5 6],49,-1,75,-1,74
1,<environment.Job instance at 0x7f38f70eee10>,49,2,[4 8],50,-1,76,-1,74
1,<environment.Job instance at 0x7f38f70eef00>,50,24,[ 2 11],51,-1,98,-1,74
1,<environment.Job instance at 0x7f38f70eea00>,51,27,[6 4],52,-1,101,-1,74
1,<environment.Job instance at 0x7f38f70ee820>,52,13,[ 3 10],53,-1,87,-1,74
1,<environment.Job instance at 0x7f38f70eeb40>,53,24,[7 5],54,-1,98,-1,74
1,<environment.Job instance at 0x7f38f7752190>,33,19,[8 5],34,-1,93,-1,74
1,<environment.Job instance at 0x7f38f70ee5f0>,54,3,[10  3],55,-1,77,-1,74
1,<environment.Job instance at 0x7f38f70ee730>,57,27,[10  5],58,-1,108,-1,81
1,<environment.Job instance at 0x7f38f70ee910>,58,3,[12  5],59,-1,84,-1,81
1,<environment.Job instance at 0x7f38f70eec30>,59,25,[12  2],60,-1,106,-1,81
1,<environment.Job instance at 0x7f38f70ee230>,60,2,[4 7],61,-1,83,-1,81
1,<environment.Job instance at 0x7f38f70ee280>,61,16,[ 4 10],62,-1,97,-1,81
1,<environment.Job instance at 0x7f38f70ee0f0>,62,12,[11  5],63,-1,93,-1,81
1,<environment.Job instance at 0x7f38f70eec80>,63,24,[ 4 10],64,-1,105,-1,81
1,<environment.Job instance at 0x7f38f77efaf0>,64,12,[ 4 10],65,-1,93,-1,81
1,<environment.Job instance at 0x7f38f77efd70>,65,3,[ 3 10],66,-1,84,-1,81
1,<environment.Job instance at 0x7f38f77efcd0>,66,3,[ 4 14],67,-1,84,-1,81
1,<environment.Job instance at 0x7f38f77ef5a0>,67,28,[5 8],68,-1,109,-1,81
1,<environment.Job instance at 0x7f38f77efaa0>,68,15,[ 5 11],69,-1,96,-1,81
1,<environment.Job instance at 0x7f38f77ef7d0>,69,12,[9 2],70,-1,93,-1,81
1,<environment.Job instance at 0x7f38f77ef910>,70,2,[1 5],71,-1,83,-1,81
1,<environment.Job instance at 0x7f38f77ef4b0>,71,22,[10  4],72,-1,103,-1,81
1,<environment.Job instance at 0x7f38f77ef410>,72,16,[ 3 11],73,-1,97,-1,81
1,<environment.Job instance at 0x7f38f77efa50>,74,23,[6 1],75,-1,112,-1,89
1,<environment.Job instance at 0x7f38f77effa0>,75,26,[9 2],76,-1,115,-1,89
1,<environment.Job instance at 0x7f38f77ef190>,77,24,[ 5 13],78,-1,121,-1,97
1,<environment.Job instance at 0x7f38f77ef5f0>,78,1,[5 4],79,-1,98,-1,97
1,<environment.Job instance at 0x7f38f77fed70>,79,2,[2 6],80,-1,99,-1,97
1,<environment.Job instance at 0x7f38f77fecd0>,81,17,[ 4 11],82,-1,127,-1,110
1,<environment.Job instance at 0x7f38f77fe5a0>,82,16,[13  5],83,-1,126,-1,110
1,<environment.Job instance at 0x7f38f77fe500>,83,2,[9 4],84,-1,112,-1,110
1,<environment.Job instance at 0x7f38f77febe0>,85,16,[14  1],86,-1,128,-1,112
1,<environment.Job instance at 0x7f38f77fe8c0>,86,18,[2 8],87,-1,130,-1,112
1,<environment.Job instance at 0x7f38f77fe3c0>,87,17,[12  1],88,-1,129,-1,112
1,<environment.Job instance at 0x7f38f77fe230>,88,23,[6 3],89,-1,135,-1,112
1,<environment.Job instance at 0x7f38f77fe6e0>,89,13,[ 2 12],90,-1,125,-1,112
1,<environment.Job instance at 0x7f38f77fe410>,90,21,[ 5 10],91,-1,133,-1,112
1,<environment.Job instance at 0x7f38f77feaa0>,91,3,[3 7],92,-1,115,-1,112
1,<environment.Job instance at 0x7f38f77fe320>,92,14,[ 2 12],93,-1,126,-1,112
1,<environment.Job instance at 0x7f38f77e5eb0>,94,13,[12  4],95,-1,140,-1,127
1,<environment.Job instance at 0x7f38f77e5a00>,95,28,[8 5],96,-1,155,-1,127
1,<environment.Job instance at 0x7f38f77e58c0>,98,14,[6 1],99,-1,158,-1,144
1,<environment.Job instance at 0x7f38f77e57d0>,99,26,[6 2],100,-1,170,-1,144
1,<environment.Job instance at 0x7f38f77e5910>,100,2,[ 4 14],101,-1,146,-1,144
1,<environment.Job instance at 0x7f38f77e5500>,102,16,[14  3],103,-1,163,-1,147
1,<environment.Job instance at 0x7f38f6aa0f00>,6,21,[ 5 14],7,-1,32,-1,11
1,<environment.Job instance at 0x7f38f6aa0dc0>,7,1,[9 3],8,-1,12,-1,11
1,<environment.Job instance at 0x7f38f6aa0690>,12,22,[ 1 14],13,-1,65,-1,43
1,<environment.Job instance at 0x7f38f6aa0af0>,13,2,[3 9],14,-1,45,-1,43
1,<environment.Job instance at 0x7f38f6aa0d20>,14,23,[ 2 11],15,-1,66,-1,43
1,<environment.Job instance at 0x7f38f6ac6e10>,15,2,[5 6],16,-1,45,-1,43
1,<environment.Job instance at 0x7f38f6ac6870>,16,15,[12  5],17,-1,58,-1,43
1,<environment.Job instance at 0x7f38f77bd1e0>,3,3,[ 4 12],4,-1,7,-1,4
1,<environment.Job instance at 0x7f38f73e0140>,15,1,[11  4],16,-1,39,-1,38
1,<environment.Job instance at 0x7f38f73e02d0>,16,17,[ 2 12],17,-1,55,-1,38
1,<environment.Job instance at 0x7f38f73e04b0>,18,2,[ 4 13],19,-1,54,-1,52
1,<environment.Job instance at 0x7f38f80ea6e0>,19,2,[9 4],20,-1,54,-1,52
1,<environment.Job instance at 0x7f38f80ea050>,20,12,[14  4],21,-1,64,-1,52
1,<environment.Job instance at 0x7f38f73e0190>,22,12,[12  4],23,-1,64,-1,52
1,<environment.Job instance at 0x7f38f7fd6780>,24,23,[ 1 14],25,-1,90,-1,67
1,<environment.Job instance at 0x7f38f6f1e640>,28,1,[1 9],29,-1,86,-1,85
1,<environment.Job instance at 0x7f38f6f2b960>,37,1,[4 8],38,-1,141,-1,140
1,<environment.Job instance at 0x7f38f6f2b730>,38,27,[4 9],39,-1,167,-1,140
1,<environment.Job instance at 0x7f38f6f2b8c0>,39,19,[14  4],40,-1,159,-1,140
1,<environment.Job instance at 0x7f38f7088cd0>,9,25,[ 2 10],10,-1,37,-1,12
1,<environment.Job instance at 0x7f38f7088a50>,10,28,[6 2],11,-1,40,-1,12
1,<environment.Job instance at 0x7f38f7088410>,11,23,[12  4],12,-1,35,-1,12
1,<environment.Job instance at 0x7f38f7088280>,12,23,[ 1 10],13,-1,36,-1,13
1,<environment.Job instance at 0x7f38f7088d20>,13,22,[14  4],14,-1,36,-1,14
1,<environment.Job instance at 0x7f38f7088910>,16,2,[ 4 10],17,-1,27,-1,25
1,<environment.Job instance at 0x7f38f7088a00>,18,25,[4 6],19,-1,55,-1,30
1,<environment.Job instance at 0x7f38f7088be0>,21,27,[ 4 12],22,-1,67,-1,40
1,<environment.Job instance at 0x7f38f70aa7d0>,25,14,[ 5 13],26,-1,69,-1,55
1,<environment.Job instance at 0x7f38f70aa870>,26,3,[7 4],27,-1,58,-1,55
1,<environment.Job instance at 0x7f38f70aa410>,29,13,[ 3 11],30,-1,80,-1,67
1,<environment.Job instance at 0x7f38f70aa5f0>,30,22,[ 1 14],31,-1,89,-1,67
1,<environment.Job instance at 0x7f38f70aa0f0>,31,24,[9 4],32,-1,91,-1,67
1,<environment.Job instance at 0x7f38f70aac80>,32,28,[9 5],33,-1,95,-1,67
1,<environment.Job instance at 0x7f38f72a99b0>,37,25,[ 2 14],38,-1,143,-1,118
1,<environment.Job instance at 0x7f38f72a9af0>,38,3,[14  3],39,-1,121,-1,118
1,<environment.Job instance at 0x7f38f72a94b0>,39,12,[ 1 11],40,-1,130,-1,118
1,<environment.Job instance at 0x7f38f72a9370>,40,27,[10  2],41,-1,145,-1,118
1,<environment.Job instance at 0x7f38f72a9550>,41,14,[ 3 13],42,-1,132,-1,118
1,<environment.Job instance at 0x7f38f72a9640>,42,24,[14  4],43,-1,142,-1,118
1,<environment.Job instance at 0x7f38f72a93c0>,43,2,[ 1 12],44,-1,120,-1,118
1,<environment.Job instance at 0x7f38f72a9500>,45,27,[3 6],46,-1,145,-1,118
1,<environment.Job instance at 0x7f38f72a9f50>,46,3,[7 1],47,-1,121,-1,118
1,<environment.Job instance at 0x7f38f72a9fa0>,47,28,[4 9],48,-1,146,-1,118
1,<environment.Job instance at 0x7f38f72a9e60>,48,16,[12  2],49,-1,134,-1,118
1,<environment.Job instance at 0x7f38f72ba640>,51,2,[1 8],52,-1,134,-1,132
1,<environment.Job instance at 0x7f38f6b20320>,2,15,[12  2],3,-1,18,-1,3
1,<environment.Job instance at 0x7f38f6e306e0>,3,23,[11  2],4,-1,27,-1,4
1,<environment.Job instance at 0x7f38f7775be0>,5,19,[ 5 14],6,-1,25,-1,6
1,<environment.Job instance at 0x7f38f6b050f0>,10,3,[7 4],11,-1,14,-1,11
1,<environment.Job instance at 0x7f38f79819b0>,9,19,[13  1],10,-1,30,-1,11
1,<environment.Job instance at 0x7f38f7981190>,12,3,[14  3],13,-1,17,-1,14
1,<environment.Job instance at 0x7f38f7981be0>,18,19,[13  4],19,-1,55,-1,36
1,<environment.Job instance at 0x7f38f79811e0>,21,23,[5 9],22,-1,76,-1,53
1,<environment.Job instance at 0x7f38f7981960>,24,2,[5 9],25,-1,76,-1,74
1,<environment.Job instance at 0x7f38f79813c0>,27,3,[14  5],28,-1,98,-1,95
1,<environment.Job instance at 0x7f38f79b6050>,30,14,[ 1 10],31,-1,131,-1,117
1,<environment.Job instance at 0x7f38f79b6320>,33,26,[2 9],34,-1,158,-1,132
1,<environment.Job instance at 0x7f629ebb0320>,1,27,[3 7],2,-1,29,-1,2
1,<environment.Job instance at 0x7f629ebb01e0>,7,16,[ 5 14],8,-1,24,-1,8
1,<environment.Job instance at 0x7f6295438b90>,12,17,[ 1 14],13,-1,33,-1,16
1,<environment.Job instance at 0x7f6295438c30>,13,15,[13  4],14,-1,31,-1,16
1,<environment.Job instance at 0x7f6295438d70>,15,16,[11  5],16,-1,45,-1,29
1,<environment.Job instance at 0x7f6295438f50>,16,15,[ 1 11],17,-1,44,-1,29
1,<environment.Job instance at 0x7f6295438fa0>,17,2,[3 5],18,-1,31,-1,29
1,<environment.Job instance at 0x7f629543a190>,19,2,[5 5],20,-1,31,-1,29
1,<environment.Job instance at 0x7f629543a2d0>,21,23,[6 4],22,-1,69,-1,46
1,<environment.Job instance at 0x7f629543a410>,23,16,[ 1 11],24,-1,64,-1,48
1,<environment.Job instance at 0x7f629543a4b0>,24,23,[5 8],25,-1,71,-1,48
1,<environment.Job instance at 0x7f629543a050>,27,13,[11  4],28,-1,87,-1,74
1,<environment.Job instance at 0x7f629543a0a0>,28,2,[ 3 10],29,-1,76,-1,74
1,<environment.Job instance at 0x7f629543aa50>,32,12,[13  5],33,-1,107,-1,95
1,<environment.Job instance at 0x7f629543ab90>,34,18,[11  2],35,-1,113,-1,95
1,<environment.Job instance at 0x7f629543ac30>,35,3,[5 9],36,-1,98,-1,95
1,<environment.Job instance at 0x7f629543a870>,41,28,[7 5],42,-1,162,-1,134
1,<environment.Job instance at 0x7f629543e190>,42,15,[14  4],43,-1,149,-1,134
1,<environment.Job instance at 0x7f629543e2d0>,44,1,[1 7],45,-1,149,-1,148
1,<environment.Job instance at 0x7f629543e370>,45,12,[ 4 12],46,-1,160,-1,148
1,<environment.Job instance at 0x7f629543e410>,47,1,[3 5],48,-1,149,-1,148
1,<environment.Job instance at 0x7f62953d60f0>,1,3,[ 5 12],2,-1,5,-1,2
1,<environment.Job instance at 0x7f629543e460>,2,26,[ 5 12],3,-1,29,-1,3
1,<environment.Job instance at 0x7f6295526820>,4,27,[ 2 12],5,-1,32,-1,5
1,<environment.Job instance at 0x7f6295585140>,15,3,[13  5],16,-1,32,-1,29
1,<environment.Job instance at 0x7f6295585370>,17,21,[11  2],18,-1,50,-1,29
1,<environment.Job instance at 0x7f6295585eb0>,18,23,[3 7],19,-1,52,-1,29
1,<environment.Job instance at 0x7f6295585aa0>,20,13,[ 2 13],21,-1,42,-1,29
1,<environment.Job instance at 0x7f62955855f0>,23,2,[6 1],24,-1,47,-1,45
1,<environment.Job instance at 0x7f6295585910>,24,3,[12  3],25,-1,48,-1,45
1,<environment.Job instance at 0x7f6294b299b0>,25,23,[3 7],26,-1,68,-1,45
1,<environment.Job instance at 0x7f6294ec5960>,27,18,[ 3 11],28,-1,72,-1,54
1,<environment.Job instance at 0x7f6294e4d0a0>,29,2,[12  2],30,-1,74,-1,72
1,<environment.Job instance at 0x7f6294eefe60>,31,14,[ 5 11],32,-1,86,-1,72
1,<environment.Job instance at 0x7f6294ad8aa0>,34,3,[4 5],35,-1,89,-1,86
1,<environment.Job instance at 0x7f6294aa8500>,35,3,[3 7],36,-1,89,-1,86
1,<environment.Job instance at 0x7f6294efdf00>,36,13,[ 2 10],37,-1,99,-1,86
1,<environment.Job instance at 0x7f6294efdf50>,37,26,[10  2],38,-1,112,-1,86
1,<environment.Job instance at 0x7f6294f12370>,38,25,[5 5],39,-1,111,-1,86
1,<environment.Job instance at 0x7f6294f12500>,40,26,[6 5],41,-1,112,-1,86
1,<environment.Job instance at 0x7f6294af11e0>,41,12,[ 1 11],42,-1,98,-1,86
1,<environment.Job instance at 0x7f6294b07230>,42,3,[5 3],43,-1,89,-1,86
1,<environment.Job instance at 0x7f6294f2fc80>,43,23,[ 4 11],44,-1,109,-1,86
1,<environment.Job instance at 0x7f6294f2fa00>,44,13,[ 3 11],45,-1,99,-1,86
1,<environment.Job instance at 0x7f6294f8f3c0>,45,2,[14  5],46,-1,88,-1,86
1,<environment.Job instance at 0x7f6294f8f140>,46,16,[ 3 11],47,-1,102,-1,86
1,<environment.Job instance at 0x7f6294f2f690>,47,12,[ 1 11],48,-1,98,-1,86
1,<environment.Job instance at 0x7f6294f2f730>,48,17,[11  3],49,-1,103,-1,86
1,<environment.Job instance at 0x7f6294ed5dc0>,49,16,[ 2 12],50,-1,102,-1,86
1,<environment.Job instance at 0x7f6294ed5190>,50,21,[14  1],51,-1,107,-1,86
1,<environment.Job instance at 0x7f6294ed55a0>,52,2,[12  2],53,-1,103,-1,101
1,<environment.Job instance at 0x7f6294d87910>,54,1,[7 1],55,-1,102,-1,101
1,<environment.Job instance at 0x7f6294f4d690>,55,25,[7 2],56,-1,126,-1,101
1,<environment.Job instance at 0x7f6294f36e60>,56,12,[8 1],57,-1,113,-1,101
1,<environment.Job instance at 0x7f6294f4deb0>,57,21,[ 2 10],58,-1,122,-1,101
1,<environment.Job instance at 0x7f6294eea0f0>,59,17,[11  1],60,-1,135,-1,118
1,<environment.Job instance at 0x7f6294eea8c0>,60,22,[ 5 14],61,-1,140,-1,118
1,<environment.Job instance at 0x7f6294eeadc0>,61,26,[ 5 13],62,-1,144,-1,118
1,<environment.Job instance at 0x7f6294f3e3c0>,63,2,[ 3 14],64,-1,120,-1,118
1,<environment.Job instance at 0x7f6294f3e410>,64,1,[14  1],65,-1,119,-1,118
1,<environment.Job instance at 0x7f6294f3eaa0>,66,26,[11  5],67,-1,161,-1,135
1,<environment.Job instance at 0x7f6294f3e1e0>,67,3,[2 8],68,-1,138,-1,135
1,<environment.Job instance at 0x7f6294f3ed20>,69,24,[14  5],70,-1,159,-1,135
1,<environment.Job instance at 0x7f6294f08e10>,70,2,[10  5],71,-1,137,-1,135
1,<environment.Job instance at 0x7f6294f08af0>,71,3,[9 3],72,-1,138,-1,135
1,<environment.Job instance at 0x7f6294f086e0>,72,17,[14  3],73,-1,152,-1,135
1,<environment.Job instance at 0x7f6294e97960>,73,2,[2 9],74,-1,137,-1,135
1,<environment.Job instance at 0x7f6294ee0f00>,75,28,[1 9],76,-1,181,-1,153
1,<environment.Job instance at 0x7f6294ee0870>,76,2,[5 8],77,-1,155,-1,153
1,<environment.Job instance at 0x7f6294ee0fa0>,77,19,[12  1],78,-1,172,-1,153
1,<environment.Job instance at 0x7f6294ee0320>,78,24,[9 3],79,-1,177,-1,153
1,<environment.Job instance at 0x7f6294ee09b0>,79,3,[7 2],80,-1,156,-1,153
1,<environment.Job instance at 0x7f6294ab5500>,2,13,[11  3],3,-1,16,-1,3
1,<environment.Job instance at 0x7f6294ee45a0>,3,17,[11  5],4,-1,21,-1,4
1,<environment.Job instance at 0x7f6294ab5a50>,6,24,[8 3],7,-1,31,-1,7
1,<environment.Job instance at 0x7f6294ee4780>,8,20,[11  1],9,-1,29,-1,9
1,<environment.Job instance at 0x7f6294b00a00>,9,1,[5 5],10,-1,11,-1,10
1,<environment.Job instance at 0x7f6294b00050>,15,1,[9 1],16,-1,20,-1,19
1,<environment.Job instance at 0x7f6294b002d0>,16,12,[14  5],17,-1,31,-1,19
1,<environment.Job instance at 0x7f6294b00230>,17,2,[2 8],18,-1,21,-1,19
1,<environment.Job instance at 0x7f6294b00820>,18,28,[ 2 12],19,-1,47,-1,19
1,<environment.Job instance at 0x7f6294b21af0>,21,3,[1 5],22,-1,48,-1,45
1,<environment.Job instance at 0x7f6294b21460>,22,3,[8 5],23,-1,48,-1,45
1,<environment.Job instance at 0x7f6294b21140>,23,27,[9 5],24,-1,72,-1,45
1,<environment.Job instance at 0x7f6294b21370>,24,14,[10  1],25,-1,59,-1,45
1,<environment.Job instance at 0x7f6294b213c0>,25,17,[14  2],26,-1,62,-1,45
1,<environment.Job instance at 0x7f6294b21f50>,26,2,[7 1],27,-1,47,-1,45
1,<environment.Job instance at 0x7f6294b21870>,27,24,[ 3 12],28,-1,69,-1,45
1,<environment.Job instance at 0x7f6294b21e60>,28,24,[5 8],29,-1,69,-1,45
1,<environment.Job instance at 0x7f6294b219b0>,29,27,[2 9],30,-1,72,-1,45
1,<environment.Job instance at 0x7f6294b21690>,30,27,[3 7],31,-1,72,-1,45
1,<environment.Job instance at 0x7f6294b214b0>,31,17,[ 3 14],32,-1,62,-1,45
1,<environment.Job instance at 0x7f6294b21230>,32,1,[8 3],33,-1,46,-1,45
1,<environment.Job instance at 0x7f6294b21280>,33,20,[ 1 11],34,-1,65,-1,45
1,<environment.Job instance at 0x7f6294b21960>,35,1,[8 2],36,-1,46,-1,45
1,<environment.Job instance at 0x7f6294b21be0>,37,19,[13  2],38,-1,64,-1,45
1,<environment.Job instance at 0x7f6294b21550>,39,26,[ 2 14],40,-1,88,-1,62
1,<environment.Job instance at 0x7f6294b21fa0>,40,1,[4 8],41,-1,63,-1,62
1,<environment.Job instance at 0x7f6294b21b40>,41,20,[11  5],42,-1,82,-1,62
1,<environment.Job instance at 0x7f6294b21500>,42,20,[12  3],43,-1,82,-1,62
1,<environment.Job instance at 0x7f6294b13820>,43,3,[1 5],44,-1,65,-1,62
1,<environment.Job instance at 0x7f6295ff34b0>,45,1,[14  2],46,-1,83,-1,82
1,<environment.Job instance at 0x7f629526d2d0>,47,28,[10  5],48,-1,110,-1,82
1,<environment.Job instance at 0x7f629526d960>,48,2,[8 5],49,-1,84,-1,82
1,<environment.Job instance at 0x7f62952892d0>,49,2,[5 3],50,-1,84,-1,82
1,<environment.Job instance at 0x7f6295289dc0>,50,27,[11  2],51,-1,109,-1,82
1,<environment.Job instance at 0x7f6295289550>,51,1,[7 2],52,-1,83,-1,82
1,<environment.Job instance at 0x7f62952891e0>,53,12,[ 3 14],54,-1,94,-1,82
1,<environment.Job instance at 0x7f62959837d0>,55,3,[ 3 11],56,-1,96,-1,93
1,<environment.Job instance at 0x7f6295983870>,56,25,[7 4],57,-1,118,-1,93
1,<environment.Job instance at 0x7f6295983af0>,57,16,[ 1 10],58,-1,109,-1,93
1,<environment.Job instance at 0x7f629527c690>,58,12,[ 2 14],59,-1,105,-1,93
1,<environment.Job instance at 0x7f629527ca00>,59,23,[5 5],60,-1,124,-1,101
1,<environment.Job instance at 0x7f629527c370>,61,13,[ 3 11],62,-1,114,-1,101
1,<environment.Job instance at 0x7f629527ccd0>,62,26,[ 4 13],63,-1,127,-1,101
1,<environment.Job instance at 0x7f629527c910>,63,25,[5 5],64,-1,126,-1,101
1,<environment.Job instance at 0x7f629527cfa0>,66,3,[4 9],67,-1,125,-1,122
1,<environment.Job instance at 0x7f629527c1e0>,67,27,[6 3],68,-1,149,-1,122
1,<environment.Job instance at 0x7f6294e4fd20>,68,24,[ 1 10],69,-1,146,-1,122
1,<environment.Job instance at 0x7f62959305a0>,69,23,[ 3 13],70,-1,145,-1,122
1,<environment.Job instance at 0x7f629527c780>,71,22,[1 6],72,-1,144,-1,122
1,<environment.Job instance at 0x7f62952bec30>,72,17,[ 1 13],73,-1,139,-1,122
1,<environment.Job instance at 0x7f62952bef50>,73,12,[1 6],74,-1,134,-1,122
1,<environment.Job instance at 0x7f6295610190>,74,17,[11  1],75,-1,139,-1,122
1,<environment.Job instance at 0x7f6294f9b910>,77,17,[13  4],78,-1,145,-1,128
1,<environment.Job instance at 0x7f62959647d0>,78,14,[ 3 11],79,-1,142,-1,128
1,<environment.Job instance at 0x7f629580baf0>,79,18,[12  4],80,-1,146,-1,128
1,<environment.Job instance at 0x7f62952b4190>,80,20,[ 2 10],81,-1,148,-1,128
1,<environment.Job instance at 0x7f62950b2a50>,81,2,[ 4 14],82,-1,130,-1,128
1,<environment.Job instance at 0x7f62951e3460>,82,24,[1 8],83,-1,152,-1,128
1,<environment.Job instance at 0x7f62950c7af0>,83,27,[1 9],84,-1,155,-1,128
1,<environment.Job instance at 0x7f62950c78c0>,84,3,[8 2],85,-1,131,-1,128
1,<environment.Job instance at 0x7f6294e44960>,85,12,[ 5 10],86,-1,140,-1,128
1,<environment.Job instance at 0x7f62959594b0>,86,1,[ 4 11],87,-1,129,-1,128
1,<environment.Job instance at 0x7f6294e44190>,87,15,[ 5 14],88,-1,143,-1,128
1,<environment.Job instance at 0x7f6294ac4cd0>,89,26,[3 8],90,-1,167,-1,141
1,<environment.Job instance at 0x7f6295084c80>,90,22,[8 1],91,-1,163,-1,141
1,<environment.Job instance at 0x7f6294af11e0>,92,23,[9 3],93,-1,169,-1,146
1,<environment.Job instance at 0x7f62950845a0>,94,12,[2 9],95,-1,158,-1,146
1,<environment.Job instance at 0x7f6294b7f960>,95,15,[2 9],96,-1,161,-1,146
1,<environment.Job instance at 0x7f6294b7f140>,96,23,[5 5],97,-1,169,-1,146
1,<environment.Job instance at 0x7f6294b7fdc0>,97,1,[6 3],98,-1,147,-1,146
1,<environment.Job instance at 0x7f6294b7fd70>,98,12,[7 5],99,-1,158,-1,146
1,<environment.Job instance at 0x7f6294e435a0>,3,14,[14  5],4,-1,18,-1,4
1,<environment.Job instance at 0x7f6295097c30>,6,25,[10  1],7,-1,32,-1,7
1,<environment.Job instance at 0x7f6295103a50>,13,22,[3 9],14,-1,46,-1,24
1,<environment.Job instance at 0x7f6295097f00>,15,20,[ 3 10],16,-1,44,-1,24
1,<environment.Job instance at 0x7f6294bcd3c0>,16,17,[5 8],17,-1,42,-1,25
1,<environment.Job instance at 0x7f6294e9b2d0>,17,14,[9 2],18,-1,39,-1,25
1,<environment.Job instance at 0x7f6294e9b190>,18,26,[ 4 14],19,-1,51,-1,25
1,<environment.Job instance at 0x7f6294e9b730>,19,1,[10  1],20,-1,26,-1,25
1,<environment.Job instance at 0x7f6294e9b5f0>,20,17,[7 2],21,-1,48,-1,31
1,<environment.Job instance at 0x7f6294e9ba50>,21,3,[1 6],22,-1,34,-1,31
1,<environment.Job instance at 0x7f6294e9b960>,22,13,[8 5],23,-1,48,-1,35
1,<environment.Job instance at 0x7f6295106af0>,23,24,[7 3],24,-1,59,-1,35
1,<environment.Job instance at 0x7f6294eeaf50>,24,2,[ 2 13],25,-1,37,-1,35
1,<environment.Job instance at 0x7f6294e9baf0>,25,15,[ 4 14],26,-1,50,-1,35
1,<environment.Job instance at 0x7f629501dd70>,26,16,[ 4 11],27,-1,51,-1,35
1,<environment.Job instance at 0x7f6294b89aa0>,28,27,[ 2 14],29,-1,62,-1,35
1,<environment.Job instance at 0x7f6294f51780>,30,14,[ 1 11],31,-1,66,-1,52
1,<environment.Job instance at 0x7f6294abf370>,33,23,[ 4 14],34,-1,88,-1,65
1,<environment.Job instance at 0x7f6294b006e0>,34,28,[11  2],35,-1,93,-1,65
1,<environment.Job instance at 0x7f62959f2f50>,35,3,[5 1],36,-1,68,-1,65
1,<environment.Job instance at 0x7f62959f2550>,36,24,[ 2 12],37,-1,89,-1,65
1,<environment.Job instance at 0x7f6295855f50>,37,3,[ 1 11],38,-1,68,-1,65
1,<environment.Job instance at 0x7f6294aefa00>,51,23,[ 5 14],52,-1,165,-1,142
1,<environment.Job instance at 0x7f6294b4ab90>,52,18,[ 2 14],53,-1,160,-1,142
1,<environment.Job instance at 0x7f6294aef370>,53,17,[ 4 13],54,-1,159,-1,142
1,<environment.Job instance at 0x7f6295b2b7d0>,4,12,[ 5 13],5,-1,17,-1,5
1,<environment.Job instance at 0x7f6295b18140>,11,15,[ 1 12],12,-1,28,-1,13
1,<environment.Job instance at 0x7f62958a6140>,14,28,[10  4],15,-1,49,-1,21
1,<environment.Job instance at 0x7f6295b18d20>,15,3,[ 2 12],16,-1,24,-1,21
1,<environment.Job instance at 0x7f6295f87b90>,18,2,[3 5],19,-1,31,-1,29
1,<environment.Job instance at 0x7f6295f87f50>,19,23,[ 4 10],20,-1,52,-1,29
1,<environment.Job instance at 0x7f6295f73c80>,20,24,[11  1],21,-1,53,-1,29
1,<environment.Job instance at 0x7f629587c370>,21,21,[13  5],22,-1,50,-1,29
1,<environment.Job instance at 0x7f629587cf50>,23,26,[7 1],24,-1,68,-1,42
1,<environment.Job instance at 0x7f629587c140>,26,3,[2 5],27,-1,51,-1,48
1,<environment.Job instance at 0x7f629587ba00>,30,12,[13  5],31,-1,83,-1,71
1,<environment.Job instance at 0x7f629587bb40>,31,2,[ 5 13],32,-1,73,-1,71
1,<environment.Job instance at 0x7f629587b550>,33,25,[1 8],34,-1,109,-1,84
1,<environment.Job instance at 0x7f629587ba50>,34,13,[10  4],35,-1,111,-1,98
1,<environment.Job instance at 0x7f629587b690>,37,13,[5 6],38,-1,112,-1,99
1,<environment.Job instance at 0x7f6295f85780>,39,14,[1 6],40,-1,116,-1,102
1,<environment.Job instance at 0x7f62949e0370>,42,17,[14  1],43,-1,136,-1,119
1,<environment.Job instance at 0x7f6295874280>,44,3,[5 5],45,-1,132,-1,129
1,<environment.Job instance at 0x7f6295171aa0>,46,16,[ 1 12],47,-1,149,-1,133
1,<environment.Job instance at 0x7f62951718c0>,48,13,[9 1],49,-1,162,-1,149
1,<environment.Job instance at 0x7f6295f23d20>,49,15,[ 2 12],50,-1,164,-1,149
1,<environment.Job instance at 0x7f6295171d70>,50,21,[13  2],51,-1,170,-1,149
1,<environment.Job instance at 0x7f6295f87af0>,51,13,[3 5],52,-1,163,-1,150
1,<environment.Job instance at 0x7f629587b140>,52,22,[5 4],53,-1,175,-1,153
1,<environment.Job instance at 0x7f6294a7d140>,54,1,[5 9],55,-1,154,-1,153
1,<environment.Job instance at 0x7f6294a61190>,55,26,[10  2],56,-1,179,-1,153
1,<environment.Job instance at 0x7f629518b690>,56,26,[ 2 11],57,-1,179,-1,153
1,<environment.Job instance at 0x7f6294a258c0>,57,14,[1 9],58,-1,167,-1,153
1,<environment.Job instance at 0x7f6294a25aa0>,58,14,[4 9],59,-1,172,-1,158
1,<environment.Job instance at 0x7f6294a29f50>,61,13,[ 5 11],62,-1,171,-1,158
1,<environment.Job instance at 0x7f6294a29cd0>,62,27,[ 2 10],63,-1,185,-1,158
1,<environment.Job instance at 0x7f6294a29be0>,63,18,[ 4 11],64,-1,176,-1,158
1,<environment.Job instance at 0x7f6294a291e0>,64,3,[5 9],65,-1,161,-1,158
1,<environment.Job instance at 0x7f6294a29690>,1,2,[11  2],2,-1,4,-1,2
1,<environment.Job instance at 0x7f6294a29aa0>,2,13,[13  3],3,-1,16,-1,3
1,<environment.Job instance at 0x7f6294a29a50>,4,13,[ 3 14],5,-1,18,-1,5
1,<environment.Job instance at 0x7f6294a2ab40>,8,16,[12  1],9,-1,25,-1,9
1,<environment.Job instance at 0x7f6294a29190>,10,13,[ 1 14],11,-1,24,-1,11
1,<environment.Job instance at 0x7f6294a2ae60>,16,26,[ 1 14],17,-1,48,-1,22
1,<environment.Job instance at 0x7f6295180820>,27,18,[ 2 13],28,-1,129,-1,111
1,<environment.Job instance at 0x7f62958747d0>,6,25,[4 6],7,-1,32,-1,7
1,<environment.Job instance at 0x7f6294a20fa0>,10,19,[ 5 11],11,-1,31,-1,12
1,<environment.Job instance at 0x7f629eac1dc0>,21,18,[ 4 13],22,-1,72,-1,54
1,<environment.Job instance at 0x7f629eac1fa0>,24,22,[ 3 10],25,-1,150,-1,128
1,<environment.Job instance at 0x7f629eac1320>,32,24,[5 4],33,-1,161,-1,137
1,<environment.Job instance at 0x7f629eac12d0>,34,14,[11  2],35,-1,158,-1,144
1,<environment.Job instance at 0x7f629eac1f00>,35,20,[ 1 11],36,-1,164,-1,144
1,<environment.Job instance at 0x7f629eac1f00>,3,28,[2 8],4,-1,32,-1,4
1,<environment.Job instance at 0x7f62951f7aa0>,4,3,[5 7],5,-1,8,-1,5
1,<environment.Job instance at 0x7f62951f7e60>,5,26,[ 1 11],6,-1,32,-1,6
1,<environment.Job instance at 0x7f62954730a0>,12,15,[11  2],13,-1,36,-1,21
1,<environment.Job instance at 0x7f62951f7a00>,13,1,[8 5],14,-1,22,-1,21
1,<environment.Job instance at 0x7f62951f7e10>,14,3,[ 4 12],15,-1,24,-1,21
1,<environment.Job instance at 0x7f62951e9050>,15,21,[11  4],16,-1,42,-1,21
1,<environment.Job instance at 0x7f62951e9e10>,19,14,[ 3 10],20,-1,47,-1,33
1,<environment.Job instance at 0x7f62951e93c0>,24,14,[ 1 13],25,-1,81,-1,67
1,<environment.Job instance at 0x7f62951de4b0>,25,1,[10  5],26,-1,68,-1,67
1,<environment.Job instance at 0x7f62951decd0>,26,2,[13  3],27,-1,69,-1,67
1,<environment.Job instance at 0x7f6295478690>,27,25,[1 9],28,-1,92,-1,67
1,<environment.Job instance at 0x7f629549d730>,28,16,[ 5 10],29,-1,86,-1,70
1,<environment.Job instance at 0x7f62951de730>,31,1,[8 1],32,-1,104,-1,103
1,<environment.Job instance at 0x7f6295884370>,33,26,[12  1],34,-1,129,-1,103
1,<environment.Job instance at 0x7f6295c15e10>,34,26,[10  2],35,-1,129,-1,103
1,<environment.Job instance at 0x7f629586ec30>,35,2,[5 8],36,-1,105,-1,103
1,<environment.Job instance at 0x7f6295c15b90>,36,22,[14  1],37,-1,125,-1,103
1,<environment.Job instance at 0x7f6295871e60>,38,18,[ 1 11],39,-1,134,-1,116
1,<environment.Job instance at 0x7f6295469d70>,39,27,[ 4 14],40,-1,143,-1,116
1,<environment.Job instance at 0x7f6295469690>,40,27,[8 4],41,-1,143,-1,116
1,<environment.Job instance at 0x7f62954690a0>,41,22,[9 1],42,-1,138,-1,116
1,<environment.Job instance at 0x7f62951fd960>,43,26,[ 1 11],44,-1,142,-1,116
1,<environment.Job instance at 0x7f62951fd410>,44,3,[11  2],45,-1,119,-1,116
1,<environment.Job instance at 0x7f6295c2c0f0>,45,17,[ 4 11],46,-1,133,-1,116
1,<environment.Job instance at 0x7f6295c2c640>,46,24,[7 5],47,-1,140,-1,116
1,<environment.Job instance at 0x7f6295c05500>,47,3,[4 8],48,-1,119,-1,116
1,<environment.Job instance at 0x7f6295c3cf00>,49,12,[13  1],50,-1,143,-1,131
1,<environment.Job instance at 0x7f6295c3c550>,51,2,[4 6],52,-1,133,-1,131
1,<environment.Job instance at 0x7f6295c13e10>,52,22,[ 2 13],53,-1,153,-1,131
1,<environment.Job instance at 0x7f6295c320a0>,53,14,[10  1],54,-1,145,-1,131
1,<environment.Job instance at 0x7f6295c32230>,55,28,[ 3 10],56,-1,159,-1,131
1,<environment.Job instance at 0x7f6295c325a0>,57,26,[ 3 13],58,-1,174,-1,148
1,<environment.Job instance at 0x7f6295c321e0>,58,15,[ 3 14],59,-1,163,-1,148
1,<environment.Job instance at 0x7f62958ab5a0>,7,3,[10  1],8,-1,15,-1,12
1,<environment.Job instance at 0x7f62958ab550>,8,1,[ 3 11],9,-1,13,-1,12
1,<environment.Job instance at 0x7f62958abb90>,11,17,[11  3],12,-1,47,-1,30
1,<environment.Job instance at 0x7f62958aba00>,12,15,[ 5 12],13,-1,45,-1,30
1,<environment.Job instance at 0x7f62958ab820>,13,18,[ 1 13],14,-1,48,-1,30
1,<environment.Job instance at 0x7f62958abe60>,14,2,[7 3],15,-1,32,-1,30
1,<environment.Job instance at 0x7f62958ab730>,16,24,[14  3],17,-1,64,-1,40
1,<environment.Job instance at 0x7f62958abb40>,18,26,[5 7],19,-1,69,-1,43
1,<environment.Job instance at 0x7f62958ab0f0>,20,13,[ 3 14],21,-1,62,-1,49
1,<environment.Job instance at 0x7f62958ab050>,22,24,[5 3],23,-1,81,-1,57
1,<environment.Job instance at 0x7f629537f370>,24,1,[3 9],25,-1,67,-1,66
1,<environment.Job instance at 0x7f629537f690>,27,2,[10  1],28,-1,88,-1,86
1,<environment.Job instance at 0x7f629537f280>,28,24,[5 8],29,-1,110,-1,86
1,<environment.Job instance at 0x7f629537f500>,29,3,[5 7],30,-1,89,-1,86
1,<environment.Job instance at 0x7f629537f0a0>,31,2,[ 1 12],32,-1,100,-1,98
1,<environment.Job instance at 0x7f629537f7d0>,32,2,[ 1 12],33,-1,100,-1,98
1,<environment.Job instance at 0x7f629537f6e0>,33,3,[5 2],34,-1,101,-1,98
1,<environment.Job instance at 0x7f629537fe10>,34,3,[5 1],35,-1,101,-1,98
1,<environment.Job instance at 0x7f629537ff00>,35,18,[ 2 11],36,-1,116,-1,98
1,<environment.Job instance at 0x7f629537fb90>,37,22,[8 5],38,-1,121,-1,99
1,<environment.Job instance at 0x7f629537f1e0>,38,28,[6 1],39,-1,127,-1,99
1,<environment.Job instance at 0x7f629537ff50>,39,1,[ 1 14],40,-1,100,-1,99
1,<environment.Job instance at 0x7f629537f8c0>,40,2,[ 1 11],41,-1,101,-1,99
1,<environment.Job instance at 0x7f629537f960>,42,22,[8 3],43,-1,137,-1,115
1,<environment.Job instance at 0x7f62953720f0>,44,1,[9 5],45,-1,116,-1,115
1,<environment.Job instance at 0x7f6295372cd0>,45,3,[4 9],46,-1,118,-1,115
1,<environment.Job instance at 0x7f62953726e0>,46,22,[10  5],47,-1,143,-1,121
1,<environment.Job instance at 0x7f6295372be0>,47,15,[ 2 13],48,-1,136,-1,121
1,<environment.Job instance at 0x7f62953727d0>,48,13,[14  5],49,-1,134,-1,121
1,<environment.Job instance at 0x7f6295372f50>,49,16,[ 4 13],50,-1,137,-1,121
1,<environment.Job instance at 0x7f6295372b90>,54,20,[ 5 11],55,-1,157,-1,137
1,<environment.Job instance at 0x7f6295372410>,55,1,[2 8],56,-1,138,-1,137
1,<environment.Job instance at 0x7f6295372e60>,56,27,[13  4],57,-1,164,-1,137
1,<environment.Job instance at 0x7f6294eb7d70>,1,14,[13  5],2,-1,16,-1,2
1,<environment.Job instance at 0x7f6295372960>,2,15,[ 5 11],3,-1,18,-1,3
1,<environment.Job instance at 0x7f6295acb6e0>,4,16,[ 2 14],5,-1,21,-1,5
1,<environment.Job instance at 0x7f6294b9d230>,5,25,[10  3],6,-1,31,-1,6
1,<environment.Job instance at 0x7f6294b9d0f0>,7,25,[8 2],8,-1,33,-1,8
1,<environment.Job instance at 0x7f6294b9d9b0>,8,25,[ 1 13],9,-1,34,-1,9
1,<environment.Job instance at 0x7f6294b9d6e0>,9,25,[7 1],10,-1,35,-1,10
1,<environment.Job instance at 0x7f6294b9d640>,11,3,[ 5 13],12,-1,15,-1,12
1,<environment.Job instance at 0x7f6294be95f0>,14,12,[4 9],15,-1,28,-1,16
1,<environment.Job instance at 0x7f6294ba0370>,23,14,[10  3],24,-1,78,-1,64
1,<environment.Job instance at 0x7f6294ba00f0>,24,18,[12  1],25,-1,82,-1,64
1,<environment.Job instance at 0x7f6294ba0550>,28,3,[ 3 13],29,-1,73,-1,70
1,<environment.Job instance at 0x7f62952fd460>,34,17,[12  5],35,-1,118,-1,101
1,<environment.Job instance at 0x7f62952fd6e0>,35,26,[ 1 12],36,-1,127,-1,101
1,<environment.Job instance at 0x7f62952fd820>,36,15,[ 5 13],37,-1,116,-1,101
1,<environment.Job instance at 0x7f62953045f0>,37,13,[1 9],38,-1,114,-1,101
1,<environment.Job instance at 0x7f62953b4910>,38,27,[13  3],39,-1,128,-1,101
1,<environment.Job instance at 0x7f629538f0a0>,40,16,[13  2],41,-1,123,-1,107
1,<environment.Job instance at 0x7f62952a51e0>,41,12,[13  2],42,-1,119,-1,107
1,<environment.Job instance at 0x7f6294babf00>,42,13,[7 5],43,-1,120,-1,107
1,<environment.Job instance at 0x7f6295887190>,43,12,[11  4],44,-1,119,-1,107
1,<environment.Job instance at 0x7f6294bcc190>,44,17,[2 6],45,-1,125,-1,108
1,<environment.Job instance at 0x7f629537efa0>,45,15,[12  4],46,-1,123,-1,108
1,<environment.Job instance at 0x7f629529f550>,46,21,[9 3],47,-1,132,-1,111
1,<environment.Job instance at 0x7f629529f140>,47,1,[ 3 12],48,-1,112,-1,111
1,<environment.Job instance at 0x7f629589fa00>,48,12,[13  3],49,-1,123,-1,111
1,<environment.Job instance at 0x7f62952c99b0>,49,16,[12  5],50,-1,127,-1,111
1,<environment.Job instance at 0x7f62952b90a0>,50,14,[ 4 12],51,-1,125,-1,111
1,<environment.Job instance at 0x7f62952b9af0>,51,1,[6 5],52,-1,112,-1,111
1,<environment.Job instance at 0x7f62952b9aa0>,52,21,[3 6],53,-1,132,-1,111
1,<environment.Job instance at 0x7f62952b9230>,53,26,[13  1],54,-1,137,-1,111
1,<environment.Job instance at 0x7f62952b9500>,54,23,[2 7],55,-1,134,-1,111
1,<environment.Job instance at 0x7f629529b4b0>,55,12,[ 1 10],56,-1,123,-1,111
1,<environment.Job instance at 0x7f629529b190>,57,2,[14  5],58,-1,121,-1,119
1,<environment.Job instance at 0x7f629529b8c0>,58,1,[1 5],59,-1,120,-1,119
1,<environment.Job instance at 0x7f629529b780>,60,2,[ 4 14],61,-1,121,-1,119
1,<environment.Job instance at 0x7f629529b140>,61,1,[11  4],62,-1,120,-1,119
1,<environment.Job instance at 0x7f629529bf00>,62,26,[ 3 12],63,-1,145,-1,119
1,<environment.Job instance at 0x7f629529b5f0>,63,3,[9 5],64,-1,122,-1,119
1,<environment.Job instance at 0x7f629529bdc0>,66,12,[12  4],67,-1,146,-1,134
1,<environment.Job instance at 0x7f629529b370>,67,14,[1 9],68,-1,150,-1,136
1,<environment.Job instance at 0x7f629529b500>,68,17,[ 2 13],69,-1,153,-1,136
1,<environment.Job instance at 0x7f62952be320>,70,12,[7 1],71,-1,164,-1,152
1,<environment.Job instance at 0x7f62952be0a0>,71,17,[11  3],72,-1,169,-1,152
1,<environment.Job instance at 0x7f62952be0f0>,72,1,[12  1],73,-1,153,-1,152
1,<environment.Job instance at 0x7f629590ecd0>,73,12,[ 3 12],74,-1,164,-1,152
1,<environment.Job instance at 0x7f629590eeb0>,74,2,[ 4 10],75,-1,154,-1,152
1,<environment.Job instance at 0x7f629590ef50>,75,22,[4 5],76,-1,174,-1,152
1,<environment.Job instance at 0x7f629590e0f0>,77,3,[1 6],78,-1,155,-1,152
1,<environment.Job instance at 0x7f6295925190>,78,18,[ 2 13],79,-1,170,-1,152
1,<environment.Job instance at 0x7f62959250a0>,79,22,[ 1 14],80,-1,174,-1,152
1,<environment.Job instance at 0x7f6295925140>,80,17,[ 2 10],81,-1,169,-1,152
1,<environment.Job instance at 0x7f6295925280>,81,21,[10  5],82,-1,174,-1,153
1,<environment.Job instance at 0x7f6295925320>,82,26,[8 4],83,-1,179,-1,153
1,<environment.Job instance at 0x7f62959253c0>,83,12,[8 5],84,-1,167,-1,155
1,<environment.Job instance at 0x7f6295925460>,84,12,[ 2 11],85,-1,167,-1,155
1,<environment.Job instance at 0x7f62959255a0>,85,1,[8 3],86,-1,156,-1,155
1,<environment.Job instance at 0x7f6295925780>,86,2,[8 3],87,-1,157,-1,155
1,<environment.Job instance at 0x7f6295925820>,87,22,[ 1 10],88,-1,177,-1,155
1,<environment.Job instance at 0x7f62959256e0>,88,18,[10  1],89,-1,173,-1,155
1,<environment.Job instance at 0x7f6294e47820>,15,16,[ 1 13],16,-1,114,-1,98
1,<environment.Job instance at 0x7f6294e47be0>,2,24,[ 2 10],3,-1,27,-1,3
1,<environment.Job instance at 0x7f629476f190>,4,27,[7 4],5,-1,32,-1,5
1,<environment.Job instance at 0x7f629476feb0>,6,21,[ 1 12],7,-1,28,-1,7
1,<environment.Job instance at 0x7f629476fc30>,8,28,[1 7],9,-1,37,-1,9
1,<environment.Job instance at 0x7f629476f410>,10,23,[3 7],11,-1,35,-1,12
1,<environment.Job instance at 0x7f629476f050>,11,16,[ 1 11],12,-1,30,-1,14
1,<environment.Job instance at 0x7f62947b1500>,12,12,[ 4 11],13,-1,26,-1,14
1,<environment.Job instance at 0x7f62947b1550>,15,25,[11  4],16,-1,41,-1,16
1,<environment.Job instance at 0x7f62947b19b0>,16,12,[ 4 10],17,-1,31,-1,19
1,<environment.Job instance at 0x7f62947b1280>,18,23,[6 4],19,-1,42,-1,19
1,<environment.Job instance at 0x7f62947b10a0>,19,2,[ 2 12],20,-1,22,-1,20
1,<environment.Job instance at 0x7f62947b1a00>,20,18,[ 5 14],21,-1,39,-1,21
1,<environment.Job instance at 0x7f62947b1690>,21,13,[11  4],22,-1,36,-1,23
1,<environment.Job instance at 0x7f62947b17d0>,27,28,[ 4 10],28,-1,96,-1,68
1,<environment.Job instance at 0x7f62947b1fa0>,29,13,[12  1],30,-1,81,-1,68
1,<environment.Job instance at 0x7f62947b1b90>,30,18,[14  5],31,-1,86,-1,68
1,<environment.Job instance at 0x7f62947b18c0>,33,27,[7 2],34,-1,106,-1,79
1,<environment.Job instance at 0x7f62947b1af0>,34,22,[11  5],35,-1,101,-1,79
1,<environment.Job instance at 0x7f62947b1b40>,35,22,[11  2],36,-1,101,-1,79
1,<environment.Job instance at 0x7f629479e190>,36,2,[13  4],37,-1,81,-1,79
1,<environment.Job instance at 0x7f629479e460>,37,28,[7 5],38,-1,107,-1,79
1,<environment.Job instance at 0x7f629479ea50>,39,3,[3 5],40,-1,97,-1,94
1,<environment.Job instance at 0x7f629479e870>,40,2,[ 1 11],41,-1,96,-1,94
1,<environment.Job instance at 0x7f629479efa0>,46,15,[14  1],47,-1,150,-1,135
1,<environment.Job instance at 0x7f629479e370>,47,16,[13  3],48,-1,151,-1,135
1,<environment.Job instance at 0x7f629479eb90>,48,2,[5 5],49,-1,137,-1,135
1,<environment.Job instance at 0x7f629479e140>,49,25,[13  4],50,-1,160,-1,135
1,<environment.Job instance at 0x7f629479ecd0>,50,22,[11  4],51,-1,157,-1,135
1,<environment.Job instance at 0x7f629479e410>,51,1,[9 1],52,-1,136,-1,135
1,<environment.Job instance at 0x7f629479ee10>,52,26,[3 7],53,-1,161,-1,135
1,<environment.Job instance at 0x7f629479eaf0>,53,15,[11  3],54,-1,151,-1,136
1,<environment.Job instance at 0x7f6294881c80>,55,1,[8 3],56,-1,137,-1,136
1,<environment.Job instance at 0x7f6294881d20>,56,1,[5 5],57,-1,137,-1,136
1,<environment.Job instance at 0x7f6294881690>,57,25,[10  3],58,-1,161,-1,136
1,<environment.Job instance at 0x7f6294881230>,58,24,[1 9],59,-1,160,-1,136
1,<environment.Job instance at 0x7f62948815a0>,60,25,[10  3],61,-1,174,-1,149
1,<environment.Job instance at 0x7f6294881190>,61,3,[5 9],62,-1,152,-1,149
1,<environment.Job instance at 0x7f6294881280>,63,22,[11  2],64,-1,171,-1,149
1,<environment.Job instance at 0x7f6294881280>,2,23,[ 4 12],3,-1,26,-1,3
1,<environment.Job instance at 0x7f6295b75550>,5,26,[ 1 14],6,-1,32,-1,6
1,<environment.Job instance at 0x7f6295b75b40>,6,21,[ 1 14],7,-1,28,-1,7
1,<environment.Job instance at 0x7f6294e77eb0>,8,18,[11  2],9,-1,27,-1,9
1,<environment.Job instance at 0x7f6295b75730>,9,16,[ 2 14],10,-1,26,-1,10
1,<environment.Job instance at 0x7f6295b75140>,15,24,[4 9],16,-1,47,-1,23
1,<environment.Job instance at 0x7f6295b75690>,16,3,[1 6],17,-1,26,-1,23
1,<environment.Job instance at 0x7f6295fd5910>,17,2,[1 6],18,-1,25,-1,23
1,<environment.Job instance at 0x7f6295fd5f00>,18,17,[ 1 10],19,-1,44,-1,27
1,<environment.Job instance at 0x7f6295fd5870>,19,2,[ 4 10],20,-1,29,-1,27
1,<environment.Job instance at 0x7f6295fd5280>,21,1,[5 2],22,-1,29,-1,28
1,<environment.Job instance at 0x7f6295fd5e10>,23,14,[11  5],24,-1,42,-1,28
1,<environment.Job instance at 0x7f6295fd5e60>,24,25,[ 3 11],25,-1,53,-1,28
1,<environment.Job instance at 0x7f6295fd5be0>,27,3,[8 4],28,-1,45,-1,42
1,<environment.Job instance at 0x7f6295fd5690>,28,24,[10  3],29,-1,66,-1,42
1,<environment.Job instance at 0x7f6295fd5730>,33,23,[7 4],34,-1,87,-1,64
1,<environment.Job instance at 0x7f6295fd5230>,34,3,[7 4],35,-1,67,-1,64
1,<environment.Job instance at 0x7f6295fd5aa0>,35,1,[3 7],36,-1,65,-1,64
1,<environment.Job instance at 0x7f6295fd59b0>,36,1,[2 5],37,-1,65,-1,64
1,<environment.Job instance at 0x7f62957575a0>,37,24,[2 6],38,-1,88,-1,64
1,<environment.Job instance at 0x7f6295757820>,38,3,[9 5],39,-1,67,-1,64
1,<environment.Job instance at 0x7f62957576e0>,39,1,[8 2],40,-1,65,-1,64
1,<environment.Job instance at 0x7f6295757a50>,43,18,[2 9],44,-1,137,-1,119
1,<environment.Job instance at 0x7f6295757eb0>,46,22,[8 1],47,-1,145,-1,123
1,<environment.Job instance at 0x7f6295757190>,47,21,[1 5],48,-1,144,-1,123
1,<environment.Job instance at 0x7f6295757550>,48,15,[13  3],49,-1,138,-1,123
1,<environment.Job instance at 0x7f6295757af0>,49,3,[7 4],50,-1,126,-1,123
1,<environment.Job instance at 0x7f6295757640>,50,12,[1 8],51,-1,135,-1,123
1,<environment.Job instance at 0x7f6295757910>,51,28,[14  4],52,-1,151,-1,123
1,<environment.Job instance at 0x7f6295757a00>,52,17,[14  5],53,-1,140,-1,123
1,<environment.Job instance at 0x7f6295757500>,53,20,[ 3 14],54,-1,143,-1,123
1,<environment.Job instance at 0x7f6295757fa0>,54,13,[ 3 14],55,-1,136,-1,123
1,<environment.Job instance at 0x7f6295757870>,55,24,[4 7],56,-1,147,-1,123
1,<environment.Job instance at 0x7f62957573c0>,58,24,[8 1],59,-1,159,-1,135
1,<environment.Job instance at 0x7f6295067820>,65,3,[3 5],66,-1,159,-1,156
1,<environment.Job instance at 0x7f62950672d0>,66,22,[1 8],67,-1,178,-1,156
1,<environment.Job instance at 0x7f6295067dc0>,67,24,[5 5],68,-1,180,-1,156
1,<environment.Job instance at 0x7f6294bb6410>,10,26,[6 2],11,-1,42,-1,16
1,<environment.Job instance at 0x7f6294bb6140>,11,25,[ 2 13],12,-1,41,-1,16
1,<environment.Job instance at 0x7f629589fc30>,12,17,[13  1],13,-1,33,-1,16
1,<environment.Job instance at 0x7f629589faf0>,14,28,[ 3 12],15,-1,44,-1,16
1,<environment.Job instance at 0x7f629589fdc0>,15,14,[ 2 13],16,-1,30,-1,16
1,<environment.Job instance at 0x7f629589f1e0>,16,23,[13  4],17,-1,40,-1,17
1,<environment.Job instance at 0x7f629589fe60>,19,27,[9 3],20,-1,47,-1,20
1,<environment.Job instance at 0x7f629589f0f0>,22,17,[13  3],23,-1,45,-1,28
1,<environment.Job instance at 0x7f629589ff50>,23,1,[5 6],24,-1,29,-1,28
1,<environment.Job instance at 0x7f629589f9b0>,25,14,[ 2 11],26,-1,42,-1,28
1,<environment.Job instance at 0x7f629589f0a0>,27,21,[12  2],28,-1,64,-1,43
1,<environment.Job instance at 0x7f629589f3c0>,29,28,[12  2],30,-1,71,-1,43
1,<environment.Job instance at 0x7f629575daf0>,32,1,[4 5],33,-1,58,-1,57
1,<environment.Job instance at 0x7f629575dbe0>,36,25,[5 9],37,-1,95,-1,70
1,<environment.Job instance at 0x7f6295242a50>,41,27,[ 1 14],42,-1,134,-1,107
1,<environment.Job instance at 0x7f6295242e60>,42,23,[6 2],43,-1,130,-1,107
1,<environment.Job instance at 0x7f6295242050>,43,3,[2 6],44,-1,110,-1,107
1,<environment.Job instance at 0x7f6295242dc0>,44,12,[14  3],45,-1,119,-1,107
1,<environment.Job instance at 0x7f6295242a00>,45,16,[11  2],46,-1,123,-1,107
1,<environment.Job instance at 0x7f6295242af0>,46,2,[ 3 14],47,-1,109,-1,107
1,<environment.Job instance at 0x7f6295242280>,48,1,[8 1],49,-1,122,-1,121
1,<environment.Job instance at 0x7f6295242d20>,50,1,[11  3],51,-1,122,-1,121
1,<environment.Job instance at 0x7f6295242370>,51,16,[13  1],52,-1,137,-1,121
1,<environment.Job instance at 0x7f62952421e0>,54,25,[10  1],55,-1,162,-1,137
1,<environment.Job instance at 0x7f6295242e10>,55,2,[8 4],56,-1,139,-1,137
1,<environment.Job instance at 0x7f62952425a0>,57,12,[ 1 12],58,-1,166,-1,154
1,<environment.Job instance at 0x7f6295242230>,58,14,[ 5 14],59,-1,168,-1,154
1,<environment.Job instance at 0x7f6294e39dc0>,59,2,[ 5 10],60,-1,156,-1,154
1,<environment.Job instance at 0x7f6294e39500>,60,20,[ 3 14],61,-1,174,-1,154
1,<environment.Job instance at 0x7f62952bd4b0>,12,24,[4 9],13,-1,44,-1,20
1,<environment.Job instance at 0x7f62952af5a0>,15,2,[3 5],16,-1,42,-1,40
1,<environment.Job instance at 0x7f62952af730>,19,17,[ 5 10],20,-1,78,-1,61
1,<environment.Job instance at 0x7f62952af460>,20,26,[5 6],21,-1,87,-1,61
1,<environment.Job instance at 0x7f62952affa0>,22,26,[13  1],23,-1,94,-1,68
1,<environment.Job instance at 0x7f62952afa50>,23,12,[ 1 11],24,-1,80,-1,68
1,<environment.Job instance at 0x7f62952af5f0>,24,25,[14  1],25,-1,93,-1,68
1,<environment.Job instance at 0x7f62952afbe0>,25,1,[9 4],26,-1,69,-1,68
1,<environment.Job instance at 0x7f62952afc30>,26,1,[13  4],27,-1,69,-1,68
1,<environment.Job instance at 0x7f62952afb40>,28,2,[11  3],29,-1,74,-1,72
1,<environment.Job instance at 0x7f62952af280>,30,12,[11  2],31,-1,97,-1,85
1,<environment.Job instance at 0x7f629567c5a0>,37,16,[ 1 13],38,-1,140,-1,124
1,<environment.Job instance at 0x7f629567c820>,39,2,[3 5],40,-1,136,-1,134
1,<environment.Job instance at 0x7f6295bb6be0>,42,1,[8 3],43,-1,160,-1,159
1,<environment.Job instance at 0x7f6295e60280>,6,21,[ 5 14],7,-1,29,-1,8
1,<environment.Job instance at 0x7f6295e60190>,7,1,[9 3],8,-1,9,-1,8
1,<environment.Job instance at 0x7f6295e60d20>,12,22,[ 1 14],13,-1,57,-1,35
1,<environment.Job instance at 0x7f6295e60550>,8,20,[9 2],9,-1,66,-1,46
1,<environment.Job instance at 0x7f6295e60460>,15,2,[5 6],16,-1,48,-1,46
1,<environment.Job instance at 0x7f6295e60dc0>,16,15,[12  5],17,-1,61,-1,46
1,<environment.Job instance at 0x7f6295e5d5f0>,17,20,[10  1],18,-1,66,-1,46
1,<environment.Job instance at 0x7f6295e5d370>,18,22,[5 8],19,-1,68,-1,46
1,<environment.Job instance at 0x7f6295e5d280>,19,14,[14  3],20,-1,60,-1,46
1,<environment.Job instance at 0x7f6295e5de10>,20,28,[13  5],21,-1,74,-1,46
1,<environment.Job instance at 0x7f6295e5df50>,21,22,[7 4],22,-1,69,-1,47
1,<environment.Job instance at 0x7f6295e5d140>,22,16,[6 1],23,-1,63,-1,47
1,<environment.Job instance at 0x7f6295e5d190>,23,2,[ 2 11],24,-1,49,-1,47
1,<environment.Job instance at 0x7f6295e5dfa0>,24,1,[ 4 13],25,-1,48,-1,47
1,<environment.Job instance at 0x7f6295e5d0a0>,25,1,[4 9],26,-1,48,-1,47
1,<environment.Job instance at 0x7f6295e5ddc0>,26,3,[14  5],27,-1,50,-1,47
1,<environment.Job instance at 0x7f6295e5d820>,27,18,[12  2],28,-1,65,-1,47
1,<environment.Job instance at 0x7f6295e5d1e0>,28,19,[ 5 13],29,-1,66,-1,47
1,<environment.Job instance at 0x7f6295e5d910>,29,14,[2 8],30,-1,63,-1,49
1,<environment.Job instance at 0x7f6295e5d960>,31,2,[2 5],32,-1,52,-1,50
1,<environment.Job instance at 0x7f6295e5d500>,32,26,[ 3 11],33,-1,76,-1,50
1,<environment.Job instance at 0x7f6295e5d4b0>,33,2,[7 4],34,-1,52,-1,50
1,<environment.Job instance at 0x7f6295e5d460>,34,18,[4 5],35,-1,71,-1,53
1,<environment.Job instance at 0x7f6295e4adc0>,35,13,[ 2 14],36,-1,66,-1,53
1,<environment.Job instance at 0x7f6295e4a2d0>,36,12,[4 8],37,-1,65,-1,53
1,<environment.Job instance at 0x7f6295e4aa00>,37,3,[9 5],38,-1,56,-1,53
1,<environment.Job instance at 0x7f6295e4af00>,39,14,[10  2],40,-1,67,-1,53
1,<environment.Job instance at 0x7f6295e4a0a0>,40,2,[7 3],41,-1,55,-1,53
1,<environment.Job instance at 0x7f6295e4ac80>,41,15,[6 3],42,-1,75,-1,60
1,<environment.Job instance at 0x7f6295e4a140>,42,12,[7 4],43,-1,72,-1,60
1,<environment.Job instance at 0x7f6295e4a7d0>,43,21,[ 2 10],44,-1,81,-1,60
1,<environment.Job instance at 0x7f6295e4a730>,45,23,[ 5 11],46,-1,87,-1,64
1,<environment.Job instance at 0x7f6295e4a640>,46,2,[11  4],47,-1,66,-1,64
1,<environment.Job instance at 0x7f6295e4a870>,47,14,[ 3 11],48,-1,78,-1,64
1,<environment.Job instance at 0x7f6295e4a050>,48,27,[3 8],49,-1,91,-1,64
1,<environment.Job instance at 0x7f6295e4d0a0>,49,1,[ 4 12],50,-1,65,-1,64
1,<environment.Job instance at 0x7f6295e4a410>,50,19,[ 4 11],51,-1,83,-1,64
1,<environment.Job instance at 0x7f6295e4d190>,51,15,[5 1],52,-1,79,-1,64
1,<environment.Job instance at 0x7f6295e4dbe0>,52,13,[2 7],53,-1,77,-1,64
1,<environment.Job instance at 0x7f6295e4daf0>,54,12,[5 8],55,-1,80,-1,68
1,<environment.Job instance at 0x7f6295e4daa0>,55,16,[6 1],56,-1,84,-1,68
1,<environment.Job instance at 0x7f6295e4dd20>,56,16,[1 8],57,-1,84,-1,68
1,<environment.Job instance at 0x7f6295e4dc80>,57,1,[10  5],58,-1,69,-1,68
1,<environment.Job instance at 0x7f6295e4d0f0>,58,14,[ 4 10],59,-1,82,-1,68
1,<environment.Job instance at 0x7f6295e4d870>,59,3,[7 2],60,-1,71,-1,68
1,<environment.Job instance at 0x7f6295e4d7d0>,60,3,[12  5],61,-1,71,-1,68
1,<environment.Job instance at 0x7f6295e4d960>,61,14,[3 6],62,-1,82,-1,68
1,<environment.Job instance at 0x7f6295e4d550>,62,27,[5 7],63,-1,95,-1,68
1,<environment.Job instance at 0x7f6295e39a00>,64,15,[10  3],65,-1,97,-1,82
1,<environment.Job instance at 0x7f6295e39320>,65,2,[ 2 14],66,-1,84,-1,82
1,<environment.Job instance at 0x7f6295e39dc0>,66,21,[12  4],67,-1,103,-1,82
1,<environment.Job instance at 0x7f6295e39a50>,68,3,[3 8],69,-1,88,-1,85
1,<environment.Job instance at 0x7f6295e394b0>,69,16,[ 1 10],70,-1,101,-1,85
1,<environment.Job instance at 0x7f6295e39960>,70,17,[ 5 10],71,-1,102,-1,85
1,<environment.Job instance at 0x7f6295e39eb0>,71,16,[8 4],72,-1,102,-1,86
1,<environment.Job instance at 0x7f6295e39500>,72,16,[1 7],73,-1,102,-1,86
1,<environment.Job instance at 0x7f6295e39e60>,73,13,[1 5],74,-1,99,-1,86
1,<environment.Job instance at 0x7f6295e39460>,74,17,[12  2],75,-1,103,-1,86
1,<environment.Job instance at 0x7f6295e39f00>,75,19,[5 5],76,-1,105,-1,86
1,<environment.Job instance at 0x7f6295e3e640>,76,13,[5 5],77,-1,99,-1,86
1,<environment.Job instance at 0x7f6295e3e4b0>,77,27,[1 9],78,-1,113,-1,86
1,<environment.Job instance at 0x7f6295e3e320>,78,25,[12  3],79,-1,111,-1,86
1,<environment.Job instance at 0x7f6295e3e910>,79,25,[ 5 11],80,-1,111,-1,86
1,<environment.Job instance at 0x7f6295e3e690>,80,24,[5 2],81,-1,110,-1,86
1,<environment.Job instance at 0x7f6295e3ed20>,81,2,[8 4],82,-1,88,-1,86
1,<environment.Job instance at 0x7f6295e3eb90>,82,2,[5 3],83,-1,88,-1,86
1,<environment.Job instance at 0x7f6295e3ebe0>,83,14,[ 5 12],84,-1,100,-1,86
1,<environment.Job instance at 0x7f6295e3e1e0>,84,28,[3 6],85,-1,114,-1,86
1,<environment.Job instance at 0x7f6295e3ecd0>,85,14,[ 3 14],86,-1,100,-1,86
1,<environment.Job instance at 0x7f6295e3eaf0>,86,18,[13  4],87,-1,105,-1,87
1,<environment.Job instance at 0x7f6295e3e280>,87,17,[5 9],88,-1,106,-1,89
1,<environment.Job instance at 0x7f6295e3e230>,88,1,[9 5],89,-1,90,-1,89
1,<environment.Job instance at 0x7f6295e3e460>,89,1,[7 1],90,-1,91,-1,90
1,<environment.Job instance at 0x7f6295e3edc0>,91,12,[7 3],92,-1,112,-1,100
1,<environment.Job instance at 0x7f6295e511e0>,92,15,[5 5],93,-1,115,-1,100
1,<environment.Job instance at 0x7f6295e51370>,93,21,[11  5],94,-1,121,-1,100
1,<environment.Job instance at 0x7f6295e51460>,94,25,[ 3 13],95,-1,125,-1,100
1,<environment.Job instance at 0x7f6295e515f0>,95,1,[ 1 11],96,-1,101,-1,100
1,<environment.Job instance at 0x7f6295e60f50>,14,23,[ 2 11],15,-1,123,-1,100
1,<environment.Job instance at 0x7f6295e51320>,98,2,[6 4],99,-1,111,-1,109
1,<environment.Job instance at 0x7f6295e51dc0>,101,19,[ 5 10],102,-1,139,-1,120
1,<environment.Job instance at 0x7f6295e51a00>,103,16,[ 5 11],104,-1,151,-1,135
1,<environment.Job instance at 0x7f6295e51f00>,104,1,[1 6],105,-1,136,-1,135
1,<environment.Job instance at 0x7f6294818690>,9,2,[9 4],10,-1,12,-1,10
1,<environment.Job instance at 0x7f6294818b90>,10,12,[14  4],11,-1,23,-1,11
1,<environment.Job instance at 0x7f62950be190>,12,12,[12  4],13,-1,25,-1,13
1,<environment.Job instance at 0x7f6295b53820>,18,1,[1 9],19,-1,43,-1,42
1,<environment.Job instance at 0x7f62954caf00>,9,13,[ 3 11],10,-1,28,-1,15
1,<environment.Job instance at 0x7f62954cab90>,10,22,[ 1 14],11,-1,37,-1,15
1,<environment.Job instance at 0x7f62954ca320>,11,24,[9 4],12,-1,39,-1,15
1,<environment.Job instance at 0x7f6294748280>,12,28,[9 5],13,-1,43,-1,15
1,<environment.Job instance at 0x7f6294748e60>,17,25,[ 2 14],18,-1,71,-1,46
1,<environment.Job instance at 0x7f6294748c30>,18,3,[14  3],19,-1,49,-1,46
1,<environment.Job instance at 0x7f6295a510f0>,19,12,[ 1 11],20,-1,58,-1,46
1,<environment.Job instance at 0x7f6295a51050>,20,27,[10  2],21,-1,73,-1,46
1,<environment.Job instance at 0x7f6295a514b0>,21,14,[ 3 13],22,-1,60,-1,46
1,<environment.Job instance at 0x7f6295a51500>,22,24,[14  4],23,-1,70,-1,46
1,<environment.Job instance at 0x7f6295a51640>,23,2,[ 1 12],24,-1,48,-1,46
1,<environment.Job instance at 0x7f62946ad410>,3,26,[2 9],4,-1,30,-1,4
1,<environment.Job instance at 0x7f62946ad6e0>,7,2,[ 5 12],8,-1,10,-1,8
1,<environment.Job instance at 0x7f62946ade10>,10,17,[ 4 10],11,-1,38,-1,21
1,<environment.Job instance at 0x7f6295dcdcd0>,17,3,[ 5 14],18,-1,41,-1,38
1,<environment.Job instance at 0x7f6295dcdaa0>,19,24,[4 9],20,-1,74,-1,50
1,<environment.Job instance at 0x7f6295dcd910>,20,14,[ 4 12],21,-1,64,-1,50
1,<environment.Job instance at 0x7f6295dcd140>,25,3,[13  1],26,-1,76,-1,73
1,<environment.Job instance at 0x7f6295dcd5a0>,26,2,[11  3],27,-1,75,-1,73
1,<environment.Job instance at 0x7f6295dcddc0>,28,14,[11  4],29,-1,100,-1,86
1,<environment.Job instance at 0x7f6295dcd2d0>,30,28,[8 2],31,-1,114,-1,86
1,<environment.Job instance at 0x7f6295dcd550>,31,1,[5 9],32,-1,87,-1,86
1,<environment.Job instance at 0x7f6295fe5d20>,33,25,[12  5],34,-1,125,-1,100
1,<environment.Job instance at 0x7f6295fe55f0>,34,26,[1 5],35,-1,126,-1,100
1,<environment.Job instance at 0x7f62947c8820>,36,24,[5 6],37,-1,144,-1,120
1,<environment.Job instance at 0x7f62947c8730>,43,3,[7 1],44,-1,154,-1,151
1,<environment.Job instance at 0x7f62947c8e60>,45,27,[6 5],46,-1,178,-1,151
1,<environment.Job instance at 0x7f62947c8eb0>,47,15,[14  1],48,-1,166,-1,151
1,<environment.Job instance at 0x7f6294f7c410>,6,28,[9 2],7,-1,36,-1,8
1,<environment.Job instance at 0x7f6294f7c460>,8,17,[ 4 11],9,-1,26,-1,9
1,<environment.Job instance at 0x7f6294f7c640>,10,21,[3 7],11,-1,36,-1,15
1,<environment.Job instance at 0x7f6294f7c6e0>,15,24,[12  5],16,-1,51,-1,27
1,<environment.Job instance at 0x7f6294f7cb90>,16,1,[2 5],17,-1,28,-1,27
1,<environment.Job instance at 0x7f6294f7ccd0>,19,22,[14  5],20,-1,61,-1,39
1,<environment.Job instance at 0x7f6294f7cbe0>,20,27,[ 4 10],21,-1,66,-1,39
1,<environment.Job instance at 0x7f6294f7ceb0>,22,1,[8 4],23,-1,48,-1,47
1,<environment.Job instance at 0x7f6294f7cf50>,23,23,[11  5],24,-1,70,-1,47
1,<environment.Job instance at 0x7f6294f7cfa0>,24,28,[2 5],25,-1,75,-1,47
1,<environment.Job instance at 0x7f6294f60050>,25,18,[ 5 13],26,-1,65,-1,47
1,<environment.Job instance at 0x7f6294f600a0>,26,3,[9 4],27,-1,50,-1,47
1,<environment.Job instance at 0x7f6294f605a0>,31,3,[3 5],32,-1,84,-1,81
1,<environment.Job instance at 0x7f6294f604b0>,32,18,[13  1],33,-1,99,-1,81
1,<environment.Job instance at 0x7f6294f606e0>,34,18,[12  3],35,-1,106,-1,88
1,<environment.Job instance at 0x7f6294f60820>,36,16,[5 1],37,-1,116,-1,100
1,<environment.Job instance at 0x7f6294f608c0>,37,19,[ 5 14],38,-1,119,-1,100
1,<environment.Job instance at 0x7f6294f609b0>,38,26,[ 4 11],39,-1,126,-1,100
1,<environment.Job instance at 0x7f6294f60960>,39,1,[4 8],40,-1,101,-1,100
1,<environment.Job instance at 0x7f6294f60b40>,42,3,[11  4],43,-1,123,-1,120
1,<environment.Job instance at 0x7f6294f60d20>,46,28,[7 4],47,-1,167,-1,139
1,<environment.Job instance at 0x7f6294f87230>,47,12,[13  4],48,-1,151,-1,139
1,<environment.Job instance at 0x7f6294f87320>,51,13,[12  3],52,-1,166,-1,153
1,<environment.Job instance at 0x7f6294f87460>,52,25,[9 2],53,-1,178,-1,153
1,<environment.Job instance at 0x7f7f185f1320>,1,27,[3 7],2,-1,29,-1,2
1,<environment.Job instance at 0x7f7f0ee79500>,3,17,[ 5 10],4,-1,21,-1,4
1,<environment.Job instance at 0x7f7f0ee79910>,7,16,[ 5 14],8,-1,24,-1,8
1,<environment.Job instance at 0x7f7f0ee79730>,9,16,[ 4 11],10,-1,26,-1,10
1,<environment.Job instance at 0x7f7f0ee79d70>,15,16,[11  5],16,-1,53,-1,37
1,<environment.Job instance at 0x7f7f0ee79e60>,16,15,[ 1 11],17,-1,52,-1,37
1,<environment.Job instance at 0x7f7f0ee7b2d0>,21,23,[6 4],22,-1,81,-1,58
1,<environment.Job instance at 0x7f7f0ee7b410>,23,16,[ 1 11],24,-1,74,-1,58
1,<environment.Job instance at 0x7f7f0ee7b4b0>,24,23,[5 8],25,-1,87,-1,64
1,<environment.Job instance at 0x7f7f0ee7b730>,28,2,[ 3 10],29,-1,82,-1,80
1,<environment.Job instance at 0x7f7f0ee7b910>,30,3,[13  2],31,-1,92,-1,89
1,<environment.Job instance at 0x7f7f0ee7ba00>,31,19,[ 5 11],32,-1,108,-1,89
1,<environment.Job instance at 0x7f7f0ee7baa0>,32,12,[13  5],33,-1,101,-1,89
1,<environment.Job instance at 0x7f7f0ee7ba50>,34,18,[11  2],35,-1,114,-1,96
1,<environment.Job instance at 0x7f7f0ee7bc80>,35,3,[5 9],36,-1,99,-1,96
1,<environment.Job instance at 0x7f7f0ee7bd70>,38,23,[ 4 11],39,-1,144,-1,121
1,<environment.Job instance at 0x7f7f0ee7bfa0>,39,25,[12  4],40,-1,146,-1,121
1,<environment.Job instance at 0x7f7f0ee7f280>,41,28,[7 5],42,-1,149,-1,121
1,<environment.Job instance at 0x7f7f0ee7bdc0>,36,18,[10  1],37,-1,141,-1,123
1,<environment.Job instance at 0x7f7f0ee7f410>,44,1,[1 7],45,-1,130,-1,129
1,<environment.Job instance at 0x7f7f0ee7f500>,45,12,[ 4 12],46,-1,141,-1,129
1,<environment.Job instance at 0x7f7f0ee7f640>,47,1,[3 5],48,-1,130,-1,129
1,<environment.Job instance at 0x7f7f0f3b9640>,4,16,[ 2 14],5,-1,21,-1,5
1,<environment.Job instance at 0x7f7f0f3b9780>,5,3,[13  5],6,-1,10,-1,7
1,<environment.Job instance at 0x7f7f0f3b9f50>,7,21,[11  2],8,-1,29,-1,8
1,<environment.Job instance at 0x7f7f0efc6f50>,8,23,[3 7],9,-1,32,-1,9
1,<environment.Job instance at 0x7f7f0efc68c0>,10,13,[ 2 13],11,-1,24,-1,11
1,<environment.Job instance at 0x7f7f0efc6a50>,14,3,[12  3],15,-1,18,-1,15
1,<environment.Job instance at 0x7f7f0efc6370>,15,23,[3 7],16,-1,44,-1,21
1,<environment.Job instance at 0x7f7f0efc6cd0>,19,2,[12  2],20,-1,35,-1,33
1,<environment.Job instance at 0x7f7f0efc6dc0>,21,14,[ 5 11],22,-1,50,-1,36
1,<environment.Job instance at 0x7f7f0efc60a0>,24,3,[4 5],25,-1,50,-1,47
1,<environment.Job instance at 0x7f7f0effb460>,25,3,[3 7],26,-1,50,-1,47
1,<environment.Job instance at 0x7f7f0e9bf2d0>,27,26,[10  2],28,-1,86,-1,60
1,<environment.Job instance at 0x7f7f0effb1e0>,28,25,[5 5],29,-1,85,-1,60
1,<environment.Job instance at 0x7f7f0e8e0550>,30,26,[6 5],31,-1,86,-1,60
1,<environment.Job instance at 0x7f7f0e8e0500>,31,12,[ 1 11],32,-1,72,-1,60
1,<environment.Job instance at 0x7f7f0e8b8320>,32,3,[5 3],33,-1,63,-1,60
1,<environment.Job instance at 0x7f7f0e8e0410>,33,23,[ 4 11],34,-1,83,-1,60
1,<environment.Job instance at 0x7f7f0e893b40>,34,13,[ 3 11],35,-1,73,-1,60
1,<environment.Job instance at 0x7f7f0e8e0b40>,35,2,[14  5],36,-1,62,-1,60
1,<environment.Job instance at 0x7f7f0e91da50>,36,16,[ 3 11],37,-1,76,-1,60
1,<environment.Job instance at 0x7f7f0e88f640>,37,12,[ 1 11],38,-1,72,-1,60
1,<environment.Job instance at 0x7f7f0e5181e0>,38,17,[11  3],39,-1,77,-1,60
1,<environment.Job instance at 0x7f7f0e7cfcd0>,39,16,[ 2 12],40,-1,76,-1,60
1,<environment.Job instance at 0x7f7f0e905f00>,40,21,[14  1],41,-1,81,-1,60
1,<environment.Job instance at 0x7f7f0e7cf640>,42,2,[12  2],43,-1,83,-1,81
1,<environment.Job instance at 0x7f7f0e942410>,44,1,[7 1],45,-1,82,-1,81
1,<environment.Job instance at 0x7f7f0e942c80>,45,25,[7 2],46,-1,106,-1,81
1,<environment.Job instance at 0x7f7f0e942500>,47,21,[ 2 10],48,-1,134,-1,113
1,<environment.Job instance at 0x7f7f0e971f50>,51,26,[ 5 13],52,-1,139,-1,113
1,<environment.Job instance at 0x7f7f0e97e140>,53,2,[ 3 14],54,-1,117,-1,115
1,<environment.Job instance at 0x7f7f0e97e3c0>,54,1,[14  1],55,-1,116,-1,115
1,<environment.Job instance at 0x7f7f0e51e730>,5,17,[14  2],6,-1,23,-1,6
1,<environment.Job instance at 0x7f7f0e51eeb0>,7,24,[ 3 12],8,-1,32,-1,8
1,<environment.Job instance at 0x7f7f0e51e5a0>,8,24,[5 8],9,-1,33,-1,9
1,<environment.Job instance at 0x7f7f0e51edc0>,9,27,[2 9],10,-1,37,-1,10
1,<environment.Job instance at 0x7f7f0e51e370>,10,27,[3 7],11,-1,38,-1,11
1,<environment.Job instance at 0x7f7f0e51ec30>,11,17,[ 3 14],12,-1,29,-1,12
1,<environment.Job instance at 0x7f7f0e51e780>,13,20,[ 1 11],14,-1,34,-1,14
1,<environment.Job instance at 0x7f7f0e51e5f0>,15,1,[8 2],16,-1,18,-1,17
1,<environment.Job instance at 0x7f7f0e51e910>,20,1,[4 8],21,-1,22,-1,21
1,<environment.Job instance at 0x7f7f0e51ea00>,21,20,[11  5],22,-1,42,-1,22
1,<environment.Job instance at 0x7f7f0e58ddc0>,22,20,[12  3],23,-1,43,-1,23
1,<environment.Job instance at 0x7f7f0e58d640>,23,3,[1 5],24,-1,27,-1,24
1,<environment.Job instance at 0x7f7f0e51ef00>,25,1,[14  2],26,-1,42,-1,41
1,<environment.Job instance at 0x7f7f0e58d6e0>,26,12,[2 8],27,-1,53,-1,41
1,<environment.Job instance at 0x7f7f0e58d2d0>,27,28,[10  5],28,-1,69,-1,41
1,<environment.Job instance at 0x7f7f0e58da50>,28,2,[8 5],29,-1,43,-1,41
1,<environment.Job instance at 0x7f7f0e58d1e0>,29,2,[5 3],30,-1,43,-1,41
1,<environment.Job instance at 0x7f7f0e58d7d0>,30,27,[11  2],31,-1,68,-1,41
1,<environment.Job instance at 0x7f7f0e58dbe0>,31,1,[7 2],32,-1,42,-1,41
1,<environment.Job instance at 0x7f7f0e58d960>,32,12,[5 4],33,-1,53,-1,41
1,<environment.Job instance at 0x7f7f0e58d9b0>,33,12,[ 3 14],34,-1,53,-1,41
1,<environment.Job instance at 0x7f7f0e58d320>,35,3,[ 3 11],36,-1,44,-1,41
1,<environment.Job instance at 0x7f7f0e58d5f0>,36,25,[7 4],37,-1,66,-1,41
1,<environment.Job instance at 0x7f7f0e58da00>,37,16,[ 1 10],38,-1,57,-1,41
1,<environment.Job instance at 0x7f7f0e58d410>,38,12,[ 2 14],39,-1,53,-1,41
1,<environment.Job instance at 0x7f7f0e58d730>,39,23,[5 5],40,-1,64,-1,41
1,<environment.Job instance at 0x7f7f0e531050>,41,13,[ 3 11],42,-1,72,-1,59
1,<environment.Job instance at 0x7f7f0e531cd0>,42,26,[ 4 13],43,-1,85,-1,59
1,<environment.Job instance at 0x7f7f0e5311e0>,43,25,[5 5],44,-1,84,-1,59
1,<environment.Job instance at 0x7f7f0e531370>,45,12,[10  4],46,-1,71,-1,59
1,<environment.Job instance at 0x7f7f0e531d70>,46,3,[4 9],47,-1,62,-1,59
1,<environment.Job instance at 0x7f7f0e531140>,47,27,[6 3],48,-1,86,-1,59
1,<environment.Job instance at 0x7f7f0e531af0>,48,24,[ 1 10],49,-1,83,-1,59
1,<environment.Job instance at 0x7f7f0e5313c0>,49,23,[ 3 13],50,-1,82,-1,59
1,<environment.Job instance at 0x7f7f0e531e60>,50,17,[1 9],51,-1,76,-1,59
1,<environment.Job instance at 0x7f7f0e5317d0>,51,22,[1 6],52,-1,81,-1,59
1,<environment.Job instance at 0x7f7f0e531780>,52,17,[ 1 13],53,-1,76,-1,59
1,<environment.Job instance at 0x7f7f0e531870>,53,12,[1 6],54,-1,71,-1,59
1,<environment.Job instance at 0x7f7f0e531500>,54,17,[11  1],55,-1,76,-1,59
1,<environment.Job instance at 0x7f7f0f2ba820>,56,17,[2 5],57,-1,93,-1,76
1,<environment.Job instance at 0x7f7f0f0b9320>,57,17,[13  4],58,-1,93,-1,76
1,<environment.Job instance at 0x7f7f0f3a8690>,58,14,[ 3 11],59,-1,90,-1,76
1,<environment.Job instance at 0x7f7f0eccac30>,59,18,[12  4],60,-1,94,-1,76
1,<environment.Job instance at 0x7f7f0f3a87d0>,60,20,[ 2 10],61,-1,96,-1,76
1,<environment.Job instance at 0x7f7f0f059eb0>,61,2,[ 4 14],62,-1,78,-1,76
1,<environment.Job instance at 0x7f7f0f059d20>,62,24,[1 8],63,-1,100,-1,76
1,<environment.Job instance at 0x7f7f0ecff460>,63,27,[1 9],64,-1,103,-1,76
1,<environment.Job instance at 0x7f7f0ecff7d0>,64,3,[8 2],65,-1,79,-1,76
1,<environment.Job instance at 0x7f7f0ecffe10>,65,12,[ 5 10],66,-1,88,-1,76
1,<environment.Job instance at 0x7f7f0ecff640>,66,1,[ 4 11],67,-1,77,-1,76
1,<environment.Job instance at 0x7f7f0ecff1e0>,67,15,[ 5 14],68,-1,91,-1,76
1,<environment.Job instance at 0x7f7f0ecff280>,69,26,[3 8],70,-1,104,-1,78
1,<environment.Job instance at 0x7f7f0ecff820>,70,22,[8 1],71,-1,100,-1,78
1,<environment.Job instance at 0x7f7f0ecff4b0>,71,19,[6 2],72,-1,97,-1,78
1,<environment.Job instance at 0x7f7f0ecffd20>,72,23,[9 3],73,-1,101,-1,78
1,<environment.Job instance at 0x7f7f0f308690>,73,17,[2 9],74,-1,95,-1,78
1,<environment.Job instance at 0x7f7f0f308c30>,75,15,[2 9],76,-1,93,-1,78
1,<environment.Job instance at 0x7f7f0ed06410>,76,23,[5 5],77,-1,101,-1,78
1,<environment.Job instance at 0x7f7f0ecb0c30>,77,1,[6 3],78,-1,79,-1,78
1,<environment.Job instance at 0x7f7f0f3b3e10>,82,13,[7 2],83,-1,124,-1,111
1,<environment.Job instance at 0x7f7f0eb042d0>,83,16,[12  1],84,-1,127,-1,111
1,<environment.Job instance at 0x7f7f0f391aa0>,84,25,[ 1 11],85,-1,136,-1,111
1,<environment.Job instance at 0x7f7f0ecb4c80>,85,15,[1 8],86,-1,126,-1,111
1,<environment.Job instance at 0x7f7f0e711910>,86,15,[ 1 10],87,-1,126,-1,111
1,<environment.Job instance at 0x7f7f0f4457d0>,87,22,[8 4],88,-1,133,-1,111
1,<environment.Job instance at 0x7f7f0ecc99b0>,89,19,[7 1],90,-1,131,-1,112
1,<environment.Job instance at 0x7f7f0f051d70>,90,18,[8 3],91,-1,130,-1,112
1,<environment.Job instance at 0x7f7f0e87f460>,91,12,[ 5 13],92,-1,124,-1,112
1,<environment.Job instance at 0x7f7f0f967190>,92,24,[2 8],93,-1,136,-1,112
1,<environment.Job instance at 0x7f7f0e5058c0>,93,3,[7 4],94,-1,115,-1,112
1,<environment.Job instance at 0x7f7f0f6410a0>,94,15,[ 1 10],95,-1,127,-1,112
1,<environment.Job instance at 0x7f7f0ec6c640>,95,2,[ 4 10],96,-1,114,-1,112
1,<environment.Job instance at 0x7f7f0ec6ca00>,96,17,[12  2],97,-1,129,-1,112
1,<environment.Job instance at 0x7f7f0e4f4dc0>,97,26,[ 5 13],98,-1,138,-1,112
1,<environment.Job instance at 0x7f7f0f391690>,98,27,[14  3],99,-1,139,-1,112
1,<environment.Job instance at 0x7f7f0f449190>,99,23,[3 8],100,-1,135,-1,112
1,<environment.Job instance at 0x7f7f0e4dc2d0>,100,16,[2 7],101,-1,128,-1,112
1,<environment.Job instance at 0x7f7f0e4f4910>,101,21,[ 1 12],102,-1,133,-1,112
1,<environment.Job instance at 0x7f7f0e4dcb40>,102,15,[5 3],103,-1,127,-1,112
1,<environment.Job instance at 0x7f7f1800be60>,103,27,[7 4],104,-1,139,-1,112
1,<environment.Job instance at 0x7f7f1800b690>,104,14,[ 3 12],105,-1,126,-1,112
1,<environment.Job instance at 0x7f7f1800bf00>,105,3,[7 4],106,-1,115,-1,112
1,<environment.Job instance at 0x7f7f0e5326e0>,106,17,[ 3 14],107,-1,129,-1,112
1,<environment.Job instance at 0x7f7f0f319a50>,107,1,[2 5],108,-1,113,-1,112
1,<environment.Job instance at 0x7f7f0e4e9640>,108,15,[3 7],109,-1,127,-1,112
1,<environment.Job instance at 0x7f7f0e4e97d0>,109,18,[ 5 12],110,-1,130,-1,112
1,<environment.Job instance at 0x7f7f0e4e98c0>,110,19,[13  2],111,-1,131,-1,112
1,<environment.Job instance at 0x7f7f0e4e9d70>,113,18,[14  1],114,-1,145,-1,127
1,<environment.Job instance at 0x7f7f0e58a320>,114,27,[4 8],115,-1,154,-1,127
1,<environment.Job instance at 0x7f7f0e58a820>,115,16,[14  3],116,-1,143,-1,127
1,<environment.Job instance at 0x7f7f0e58aa50>,116,23,[ 4 11],117,-1,150,-1,127
1,<environment.Job instance at 0x7f7f0e58a870>,117,20,[4 7],118,-1,161,-1,141
1,<environment.Job instance at 0x7f7f0e58a5f0>,118,3,[12  4],119,-1,144,-1,141
1,<environment.Job instance at 0x7f7f0e58a6e0>,119,24,[ 2 12],120,-1,165,-1,141
1,<environment.Job instance at 0x7f7f0e508aa0>,121,2,[12  4],122,-1,146,-1,144
1,<environment.Job instance at 0x7f7f0e508c80>,122,1,[10  5],123,-1,145,-1,144
1,<environment.Job instance at 0x7f7f0e508f00>,123,1,[3 5],124,-1,145,-1,144
1,<environment.Job instance at 0x7f7f0e508960>,124,3,[7 1],125,-1,147,-1,144
1,<environment.Job instance at 0x7f7f0e508b40>,126,3,[5 4],127,-1,147,-1,144
1,<environment.Job instance at 0x7f7f0e5085f0>,127,21,[5 1],128,-1,165,-1,144
1,<environment.Job instance at 0x7f7f0e508c30>,128,1,[7 3],129,-1,145,-1,144
1,<environment.Job instance at 0x7f7f0ec329b0>,129,15,[6 1],130,-1,159,-1,144
1,<environment.Job instance at 0x7f7f0ec32050>,130,24,[14  1],131,-1,168,-1,144
1,<environment.Job instance at 0x7f7f0e534e10>,131,26,[6 3],132,-1,170,-1,144
1,<environment.Job instance at 0x7f7f0e5344b0>,132,25,[5 1],133,-1,169,-1,144
1,<environment.Job instance at 0x7f7f0e534be0>,133,16,[14  5],134,-1,160,-1,144
1,<environment.Job instance at 0x7f7f0e534910>,134,15,[ 5 12],135,-1,159,-1,144
1,<environment.Job instance at 0x7f7f0e534870>,135,17,[12  1],136,-1,161,-1,144
1,<environment.Job instance at 0x7f7f0e534230>,136,12,[ 2 14],137,-1,156,-1,144
1,<environment.Job instance at 0x7f7f0e5340a0>,137,23,[9 5],138,-1,167,-1,144
1,<environment.Job instance at 0x7f7f0e534820>,138,2,[10  1],139,-1,146,-1,144
1,<environment.Job instance at 0x7f7f0e534c30>,139,12,[7 3],140,-1,156,-1,144
1,<environment.Job instance at 0x7f7f0e5c13c0>,140,17,[12  3],141,-1,161,-1,144
1,<environment.Job instance at 0x7f7f0e5c1320>,141,18,[1 8],142,-1,162,-1,144
1,<environment.Job instance at 0x7f7f0e5c1690>,143,14,[14  5],144,-1,159,-1,145
1,<environment.Job instance at 0x7f7f0e5c1140>,145,13,[5 2],146,-1,168,-1,155
1,<environment.Job instance at 0x7f7f0e5c1fa0>,146,25,[10  1],147,-1,180,-1,155
1,<environment.Job instance at 0x7f7f0e513690>,147,2,[10  5],148,-1,157,-1,155
1,<environment.Job instance at 0x7f7f0e88feb0>,3,23,[ 4 14],4,-1,27,-1,4
1,<environment.Job instance at 0x7f7f0ea624b0>,6,24,[ 2 12],7,-1,31,-1,7
1,<environment.Job instance at 0x7f7f0e5cb1e0>,12,28,[6 2],13,-1,47,-1,19
1,<environment.Job instance at 0x7f7f0e9cf410>,13,2,[12  2],14,-1,21,-1,19
1,<environment.Job instance at 0x7f7f0e5cbb40>,14,2,[1 8],15,-1,21,-1,19
1,<environment.Job instance at 0x7f7f0e9b9550>,16,3,[ 5 10],17,-1,22,-1,19
1,<environment.Job instance at 0x7f7f0e9b9b40>,17,26,[5 4],18,-1,45,-1,19
1,<environment.Job instance at 0x7f7f0ee84370>,21,23,[ 5 14],22,-1,45,-1,22
1,<environment.Job instance at 0x7f7f0ead7910>,22,18,[ 2 14],23,-1,41,-1,23
1,<environment.Job instance at 0x7f7f0e9c50f0>,23,17,[ 4 13],24,-1,41,-1,24
1,<environment.Job instance at 0x7f7f0e9aeb90>,24,25,[7 3],25,-1,54,-1,29
1,<environment.Job instance at 0x7f7f0eaa7d70>,26,19,[13  5],27,-1,48,-1,29
1,<environment.Job instance at 0x7f7f0e693d70>,27,26,[ 5 10],28,-1,55,-1,29
1,<environment.Job instance at 0x7f7f0ee18280>,30,24,[ 2 10],31,-1,72,-1,48
1,<environment.Job instance at 0x7f7f0e9b6820>,31,23,[7 2],32,-1,72,-1,49
1,<environment.Job instance at 0x7f7f0e971f50>,35,1,[8 4],36,-1,50,-1,49
1,<environment.Job instance at 0x7f7f0f2ba230>,39,13,[12  5],40,-1,87,-1,74
1,<environment.Job instance at 0x7f7f0f227370>,41,26,[8 3],42,-1,109,-1,83
1,<environment.Job instance at 0x7f7f0e925e10>,42,3,[11  1],43,-1,86,-1,83
1,<environment.Job instance at 0x7f7f0e925370>,46,25,[ 3 10],47,-1,123,-1,98
1,<environment.Job instance at 0x7f7f0e925870>,47,2,[1 5],48,-1,100,-1,98
1,<environment.Job instance at 0x7f7f0e925730>,48,2,[2 7],49,-1,100,-1,98
1,<environment.Job instance at 0x7f7f0eafee10>,49,2,[4 5],50,-1,100,-1,98
1,<environment.Job instance at 0x7f7f0eb053c0>,53,16,[14  3],54,-1,131,-1,115
1,<environment.Job instance at 0x7f7f0eb05d20>,54,17,[11  3],55,-1,132,-1,115
1,<environment.Job instance at 0x7f7f0eb05c30>,55,22,[12  5],56,-1,137,-1,115
1,<environment.Job instance at 0x7f7f0eb057d0>,58,23,[8 4],59,-1,154,-1,131
1,<environment.Job instance at 0x7f7f0f2c7320>,2,17,[14  1],3,-1,22,-1,5
1,<environment.Job instance at 0x7f7f0f2c4fa0>,6,16,[ 1 12],7,-1,23,-1,7
1,<environment.Job instance at 0x7f7f0f275dc0>,21,13,[ 5 11],22,-1,106,-1,93
1,<environment.Job instance at 0x7f7f0f275c80>,22,27,[ 2 10],23,-1,120,-1,93
1,<environment.Job instance at 0x7f7f0f275e60>,23,18,[ 4 11],24,-1,111,-1,93
1,<environment.Job instance at 0x7f7f0f275aa0>,24,3,[5 9],25,-1,96,-1,93
1,<environment.Job instance at 0x7f7f0f275500>,26,28,[10  3],27,-1,135,-1,107
1,<environment.Job instance at 0x7f7f0f2750a0>,27,1,[ 5 10],28,-1,108,-1,107
1,<environment.Job instance at 0x7f7f0f56a3c0>,28,14,[12  2],29,-1,121,-1,107
1,<environment.Job instance at 0x7f7f0f56a190>,29,2,[1 5],30,-1,109,-1,107
1,<environment.Job instance at 0x7f7f0f56a820>,30,12,[12  1],31,-1,119,-1,107
1,<environment.Job instance at 0x7f7f0f56aaa0>,32,27,[ 3 12],33,-1,151,-1,124
1,<environment.Job instance at 0x7f7f0f56a910>,33,18,[14  2],34,-1,142,-1,124
1,<environment.Job instance at 0x7f7f0f29a910>,34,25,[4 6],35,-1,149,-1,124
1,<environment.Job instance at 0x7f7f0f29a870>,35,28,[ 5 11],36,-1,152,-1,124
1,<environment.Job instance at 0x7f7f0f29af00>,37,1,[12  5],38,-1,125,-1,124
1,<environment.Job instance at 0x7f7f0f29a370>,38,2,[10  2],39,-1,126,-1,124
1,<environment.Job instance at 0x7f7f0f29a5f0>,39,25,[12  3],40,-1,149,-1,124
1,<environment.Job instance at 0x7f7f0f29a2d0>,40,1,[6 1],41,-1,125,-1,124
1,<environment.Job instance at 0x7f7f0f29ae60>,41,1,[7 5],42,-1,125,-1,124
1,<environment.Job instance at 0x7f7f0ec871e0>,42,3,[9 4],43,-1,127,-1,124
1,<environment.Job instance at 0x7f7f0f56ac80>,43,14,[ 1 10],44,-1,138,-1,124
1,<environment.Job instance at 0x7f7f0e45c7d0>,44,2,[5 8],45,-1,126,-1,124
1,<environment.Job instance at 0x7f7f0e47ba00>,48,25,[4 7],49,-1,171,-1,146
1,<environment.Job instance at 0x7f7f0e47baf0>,49,3,[ 3 11],50,-1,149,-1,146
1,<environment.Job instance at 0x7f7f0edf4eb0>,50,1,[1 9],51,-1,147,-1,146
1,<environment.Job instance at 0x7f7f0e46ce10>,52,14,[ 4 14],53,-1,173,-1,159
1,<environment.Job instance at 0x7f7f0e463dc0>,3,28,[1 8],4,-1,32,-1,4
1,<environment.Job instance at 0x7f7f0e463230>,9,12,[13  2],10,-1,22,-1,10
1,<environment.Job instance at 0x7f7f0e45e6e0>,15,17,[13  3],16,-1,40,-1,23
1,<environment.Job instance at 0x7f7f0e45e1e0>,16,1,[2 7],17,-1,24,-1,23
1,<environment.Job instance at 0x7f7f0e45ef00>,18,22,[10  1],19,-1,80,-1,58
1,<environment.Job instance at 0x7f7f0e45e9b0>,20,24,[12  2],21,-1,82,-1,58
1,<environment.Job instance at 0x7f7f0e45e5f0>,21,1,[13  2],22,-1,59,-1,58
1,<environment.Job instance at 0x7f7f0e45ebe0>,24,1,[ 5 12],25,-1,75,-1,74
1,<environment.Job instance at 0x7f7f0e45e410>,25,23,[7 3],26,-1,97,-1,74
1,<environment.Job instance at 0x7f7f0e49de10>,26,1,[9 5],27,-1,75,-1,74
1,<environment.Job instance at 0x7f7f0e49d6e0>,27,15,[13  4],28,-1,89,-1,74
1,<environment.Job instance at 0x7f7f0e49d190>,28,21,[ 5 12],29,-1,95,-1,74
1,<environment.Job instance at 0x7f7f0e49d230>,30,16,[13  4],31,-1,109,-1,93
1,<environment.Job instance at 0x7f7f0e49d730>,31,1,[14  5],32,-1,94,-1,93
1,<environment.Job instance at 0x7f7f0e49d870>,35,1,[10  2],36,-1,99,-1,98
1,<environment.Job instance at 0x7f7f0e49d140>,37,23,[ 5 14],38,-1,121,-1,98
1,<environment.Job instance at 0x7f7f0e49ddc0>,38,22,[1 7],39,-1,131,-1,109
1,<environment.Job instance at 0x7f7f0e4c0640>,39,15,[ 4 14],40,-1,124,-1,109
1,<environment.Job instance at 0x7f7f0e4c0500>,40,22,[ 5 12],41,-1,131,-1,109
1,<environment.Job instance at 0x7f7f0e4c0e60>,41,3,[7 4],42,-1,112,-1,109
1,<environment.Job instance at 0x7f7f0e4c0dc0>,42,23,[10  3],43,-1,132,-1,109
1,<environment.Job instance at 0x7f7f0e4c0e10>,44,12,[ 5 11],45,-1,124,-1,112
1,<environment.Job instance at 0x7f7f0e4c0690>,45,13,[11  1],46,-1,125,-1,112
1,<environment.Job instance at 0x7f7f0e4c0820>,46,14,[ 3 13],47,-1,126,-1,112
1,<environment.Job instance at 0x7f7f0e4c0aa0>,47,3,[ 4 10],48,-1,115,-1,112
1,<environment.Job instance at 0x7f7f0e4c0370>,48,3,[10  4],49,-1,115,-1,112
1,<environment.Job instance at 0x7f7f0e4c03c0>,49,2,[5 3],50,-1,114,-1,112
1,<environment.Job instance at 0x7f7f0e4c0140>,51,19,[ 1 14],52,-1,133,-1,114
1,<environment.Job instance at 0x7f7f0e45cf00>,52,2,[8 3],53,-1,116,-1,114
1,<environment.Job instance at 0x7f7f0e45c910>,54,18,[ 4 10],55,-1,158,-1,140
1,<environment.Job instance at 0x7f7f0e45c140>,59,3,[3 9],60,-1,162,-1,159
1,<environment.Job instance at 0x7f7f0e45caa0>,60,12,[1 7],61,-1,171,-1,159
1,<environment.Job instance at 0x7f7f0e45c280>,62,1,[2 8],63,-1,160,-1,159
1,<environment.Job instance at 0x7f7f0f51a960>,2,25,[7 5],3,-1,28,-1,3
1,<environment.Job instance at 0x7f7f0ea140a0>,1,21,[13  1],2,-1,25,-1,4
1,<environment.Job instance at 0x7f7f0f9ad500>,8,1,[12  4],9,-1,10,-1,9
1,<environment.Job instance at 0x7f7f0f9adaf0>,14,3,[8 2],15,-1,27,-1,24
1,<environment.Job instance at 0x7f7f0f9adc80>,16,26,[9 5],17,-1,65,-1,39
1,<environment.Job instance at 0x7f7f0f9add70>,17,1,[ 2 10],18,-1,40,-1,39
1,<environment.Job instance at 0x7f7f0f9ad690>,19,17,[13  5],20,-1,56,-1,39
1,<environment.Job instance at 0x7f7f0f9ad460>,20,13,[14  1],21,-1,52,-1,39
1,<environment.Job instance at 0x7f7f0f552cd0>,22,3,[1 5],23,-1,55,-1,52
1,<environment.Job instance at 0x7f7f0f552550>,23,3,[9 1],24,-1,55,-1,52
1,<environment.Job instance at 0x7f7f0f552730>,25,12,[ 1 11],26,-1,64,-1,52
1,<environment.Job instance at 0x7f7f0f5527d0>,28,14,[ 3 13],29,-1,82,-1,68
1,<environment.Job instance at 0x7f7f0f5521e0>,29,23,[9 4],30,-1,91,-1,68
1,<environment.Job instance at 0x7f7f0f2a4910>,30,28,[10  3],31,-1,96,-1,68
1,<environment.Job instance at 0x7f7f0f2a4a50>,31,2,[4 8],32,-1,70,-1,68
1,<environment.Job instance at 0x7f7f0e4272d0>,33,1,[2 8],34,-1,73,-1,72
1,<environment.Job instance at 0x7f7f0e427c30>,34,19,[14  3],35,-1,91,-1,72
1,<environment.Job instance at 0x7f7f0e4275f0>,35,27,[5 2],36,-1,99,-1,72
1,<environment.Job instance at 0x7f7f0e427550>,36,2,[1 8],37,-1,74,-1,72
1,<environment.Job instance at 0x7f7f0e4275a0>,37,12,[ 2 13],38,-1,84,-1,72
1,<environment.Job instance at 0x7f7f0e427460>,38,20,[ 5 11],39,-1,92,-1,72
1,<environment.Job instance at 0x7f7f0e4276e0>,39,12,[11  2],40,-1,84,-1,72
1,<environment.Job instance at 0x7f7f0e427cd0>,40,3,[13  3],41,-1,75,-1,72
1,<environment.Job instance at 0x7f7f0e4270a0>,41,1,[1 6],42,-1,73,-1,72
1,<environment.Job instance at 0x7f7f0e427370>,42,23,[1 6],43,-1,99,-1,76
1,<environment.Job instance at 0x7f7f0e4273c0>,43,16,[ 3 13],44,-1,92,-1,76
1,<environment.Job instance at 0x7f7f0e427b90>,44,22,[ 3 14],45,-1,98,-1,76
1,<environment.Job instance at 0x7f7f0f4be230>,49,26,[2 7],50,-1,133,-1,107
1,<environment.Job instance at 0x7f7f0f4bef00>,50,3,[ 5 11],51,-1,110,-1,107
1,<environment.Job instance at 0x7f7f0f4be140>,53,1,[9 3],54,-1,123,-1,122
1,<environment.Job instance at 0x7f7f0f5671e0>,54,28,[5 7],55,-1,150,-1,122
1,<environment.Job instance at 0x7f7f0f567780>,55,28,[ 2 10],56,-1,150,-1,122
1,<environment.Job instance at 0x7f7f0f5675f0>,56,26,[8 2],57,-1,148,-1,122
1,<environment.Job instance at 0x7f7f0f567e60>,57,2,[14  1],58,-1,124,-1,122
1,<environment.Job instance at 0x7f7f0f541550>,59,17,[13  5],60,-1,141,-1,124
1,<environment.Job instance at 0x7f7f0f541fa0>,60,28,[9 5],61,-1,152,-1,124
1,<environment.Job instance at 0x7f7f0f541820>,61,22,[13  3],62,-1,146,-1,124
1,<environment.Job instance at 0x7f7f0f5412d0>,62,17,[ 3 14],63,-1,141,-1,124
1,<environment.Job instance at 0x7f7f0f5415f0>,63,2,[ 3 12],64,-1,126,-1,124
1,<environment.Job instance at 0x7f7f0f5410a0>,64,26,[4 6],65,-1,150,-1,124
1,<environment.Job instance at 0x7f7f0f541aa0>,65,3,[7 3],66,-1,127,-1,124
1,<environment.Job instance at 0x7f7f0f4f9af0>,68,1,[10  5],69,-1,144,-1,143
1,<environment.Job instance at 0x7f7f0f4f9960>,69,3,[3 6],70,-1,146,-1,143
1,<environment.Job instance at 0x7f7f0f4f93c0>,71,3,[3 7],72,-1,159,-1,156
1,<environment.Job instance at 0x7f7f0f2c7050>,73,2,[12  1],74,-1,164,-1,162
1,<environment.Job instance at 0x7f7f0f2c7730>,74,2,[8 4],75,-1,164,-1,162
1,<environment.Job instance at 0x7f7f0f2c78c0>,75,23,[ 4 10],76,-1,185,-1,162
1,<environment.Job instance at 0x7f7f0f2c7820>,76,1,[1 5],77,-1,163,-1,162
1,<environment.Job instance at 0x7f7f0f2c7820>,3,2,[12  2],4,-1,6,-1,4
1,<environment.Job instance at 0x7f7f0eb1b870>,5,13,[ 2 13],6,-1,19,-1,6
1,<environment.Job instance at 0x7f7f0eb29be0>,6,17,[12  2],7,-1,24,-1,7
1,<environment.Job instance at 0x7f7f0eb294b0>,7,28,[7 4],8,-1,36,-1,8
1,<environment.Job instance at 0x7f7f0eb1b9b0>,9,2,[13  3],10,-1,13,-1,11
1,<environment.Job instance at 0x7f7f0eb297d0>,11,25,[3 7],12,-1,37,-1,12
1,<environment.Job instance at 0x7f7f0eb29370>,12,19,[ 3 12],13,-1,32,-1,13
1,<environment.Job instance at 0x7f7f0eb3da00>,18,2,[ 1 14],19,-1,41,-1,39
1,<environment.Job instance at 0x7f7f0eb29410>,20,25,[10  5],21,-1,65,-1,40
1,<environment.Job instance at 0x7f7f0eb53a00>,21,24,[ 3 12],22,-1,64,-1,40
1,<environment.Job instance at 0x7f7f0eb53cd0>,22,14,[ 5 13],23,-1,54,-1,40
1,<environment.Job instance at 0x7f7f0eb53e10>,23,24,[6 5],24,-1,64,-1,40
1,<environment.Job instance at 0x7f7f0eb53460>,24,18,[11  2],25,-1,58,-1,40
1,<environment.Job instance at 0x7f7f0eca4140>,26,24,[8 1],27,-1,79,-1,55
1,<environment.Job instance at 0x7f7f0eafe6e0>,28,21,[1 9],29,-1,77,-1,56
1,<environment.Job instance at 0x7f7f0eca24b0>,8,3,[9 5],9,-1,21,-1,18
1,<environment.Job instance at 0x7f7f0eca22d0>,9,25,[ 4 14],10,-1,43,-1,18
1,<environment.Job instance at 0x7f7f0eca2b90>,10,12,[13  2],11,-1,30,-1,18
1,<environment.Job instance at 0x7f7f0eca2460>,11,3,[3 6],12,-1,21,-1,18
1,<environment.Job instance at 0x7f7f0f290be0>,12,1,[8 3],13,-1,19,-1,18
1,<environment.Job instance at 0x7f7f0f290550>,13,18,[14  5],14,-1,36,-1,18
1,<environment.Job instance at 0x7f7f0f290fa0>,14,15,[14  3],15,-1,33,-1,18
1,<environment.Job instance at 0x7f7f0f2900f0>,16,27,[5 9],17,-1,48,-1,21
1,<environment.Job instance at 0x7f7f0f290820>,18,1,[12  2],19,-1,32,-1,31
1,<environment.Job instance at 0x7f7f0f290780>,19,12,[ 2 11],20,-1,43,-1,31
1,<environment.Job instance at 0x7f7f0ecadcd0>,20,28,[14  5],21,-1,59,-1,31
1,<environment.Job instance at 0x7f7f0ecadbe0>,21,1,[ 3 12],22,-1,32,-1,31
1,<environment.Job instance at 0x7f7f0ecad9b0>,22,2,[12  2],23,-1,33,-1,31
1,<environment.Job instance at 0x7f7f0ecad410>,23,24,[11  4],24,-1,55,-1,31
1,<environment.Job instance at 0x7f7f0ecad5a0>,25,21,[ 4 13],26,-1,65,-1,44
1,<environment.Job instance at 0x7f7f0ecadd20>,27,3,[8 4],28,-1,48,-1,45
1,<environment.Job instance at 0x7f7f0ecad460>,28,23,[14  4],29,-1,68,-1,45
1,<environment.Job instance at 0x7f7f0ecad8c0>,29,24,[13  4],30,-1,69,-1,45
1,<environment.Job instance at 0x7f7f0ecadc80>,30,3,[2 7],31,-1,48,-1,45
1,<environment.Job instance at 0x7f7f0ecad050>,31,2,[5 4],32,-1,47,-1,45
1,<environment.Job instance at 0x7f7f0ecb50f0>,42,28,[7 4],43,-1,138,-1,110
1,<environment.Job instance at 0x7f7f0ecb5a00>,43,20,[ 5 12],44,-1,130,-1,110
1,<environment.Job instance at 0x7f7f0ecb5230>,46,22,[ 4 14],47,-1,139,-1,117
1,<environment.Job instance at 0x7f7f0ecb51e0>,49,12,[10  5],50,-1,155,-1,143
1,<environment.Job instance at 0x7f7f0ecb5f50>,50,1,[1 5],51,-1,144,-1,143
1,<environment.Job instance at 0x7f7f0ecb5280>,51,21,[ 5 14],52,-1,164,-1,143
1,<environment.Job instance at 0x7f7f0ecb5a50>,52,13,[10  2],53,-1,158,-1,145
1,<environment.Job instance at 0x7f7f0ecb5190>,53,3,[5 6],54,-1,148,-1,145
1,<environment.Job instance at 0x7f7f0ec984b0>,54,22,[4 6],55,-1,167,-1,145
1,<environment.Job instance at 0x7f7f0ec98230>,55,12,[ 5 12],56,-1,157,-1,145
1,<environment.Job instance at 0x7f7f0ec980f0>,57,3,[ 3 11],58,-1,148,-1,145
1,<environment.Job instance at 0x7f7f0ec98a50>,58,17,[13  2],59,-1,162,-1,145
1,<environment.Job instance at 0x7f7f0ec987d0>,59,23,[ 1 11],60,-1,168,-1,145
1,<environment.Job instance at 0x7f7f0ec98410>,60,16,[ 3 11],61,-1,161,-1,145
1,<environment.Job instance at 0x7f7f0ec98b90>,61,2,[12  4],62,-1,147,-1,145
1,<environment.Job instance at 0x7f7f0ec98460>,62,16,[ 3 14],63,-1,161,-1,145
1,<environment.Job instance at 0x7f7f0ec98e10>,64,23,[ 3 13],65,-1,175,-1,152
1,<environment.Job instance at 0x7f7f0ec982d0>,65,1,[1 9],66,-1,153,-1,152
1,<environment.Job instance at 0x7f7f0ec98af0>,66,13,[5 5],67,-1,165,-1,152
1,<environment.Job instance at 0x7f7f0ec98690>,67,2,[3 9],68,-1,154,-1,152
1,<environment.Job instance at 0x7f7f0ec985f0>,69,2,[10  1],70,-1,164,-1,162
1,<environment.Job instance at 0x7f7f0eedcaf0>,4,25,[1 8],5,-1,30,-1,5
1,<environment.Job instance at 0x7f7f0ed55b90>,10,3,[ 4 10],11,-1,21,-1,18
1,<environment.Job instance at 0x7f7f0ed24a50>,11,12,[11  4],12,-1,30,-1,18
1,<environment.Job instance at 0x7f7f0ed24730>,13,20,[14  1],14,-1,38,-1,18
1,<environment.Job instance at 0x7f7f0ed24d70>,14,16,[ 2 12],15,-1,34,-1,18
1,<environment.Job instance at 0x7f7f0ed4ecd0>,18,22,[13  4],19,-1,70,-1,48
1,<environment.Job instance at 0x7f7f0ed24af0>,19,14,[ 3 10],20,-1,68,-1,54
1,<environment.Job instance at 0x7f7f0f323c30>,20,2,[3 8],21,-1,56,-1,54
1,<environment.Job instance at 0x7f7f0f323780>,21,28,[7 1],22,-1,82,-1,54
1,<environment.Job instance at 0x7f7f0ed2f280>,22,28,[ 3 10],23,-1,82,-1,54
1,<environment.Job instance at 0x7f7f0ed2f6e0>,23,25,[6 2],24,-1,79,-1,54
1,<environment.Job instance at 0x7f7f0ed2f320>,26,17,[ 1 10],27,-1,83,-1,66
1,<environment.Job instance at 0x7f7f0ed2f1e0>,27,3,[6 2],28,-1,69,-1,66
1,<environment.Job instance at 0x7f7f0ed2f820>,29,3,[ 3 10],30,-1,81,-1,78
1,<environment.Job instance at 0x7f7f0e9501e0>,31,2,[12  4],32,-1,80,-1,78
1,<environment.Job instance at 0x7f7f0ed2f460>,33,22,[ 2 10],34,-1,100,-1,78
1,<environment.Job instance at 0x7f7f0f1b1780>,34,17,[ 5 12],35,-1,95,-1,78
1,<environment.Job instance at 0x7f7f0e91cd70>,35,2,[ 4 10],36,-1,80,-1,78
1,<environment.Job instance at 0x7f7f0f1b1e10>,36,14,[ 5 10],37,-1,92,-1,78
1,<environment.Job instance at 0x7f7f0ed40d20>,37,21,[14  5],38,-1,99,-1,78
1,<environment.Job instance at 0x7f7f0eca1c30>,40,25,[5 2],41,-1,132,-1,107
1,<environment.Job instance at 0x7f7f0ecb7550>,41,22,[12  5],42,-1,129,-1,107
1,<environment.Job instance at 0x7f7f0ed28690>,43,28,[ 2 14],44,-1,135,-1,107
1,<environment.Job instance at 0x7f7f0f63a190>,47,23,[ 2 13],48,-1,151,-1,128
1,<environment.Job instance at 0x7f7f0e9195a0>,48,25,[14  4],49,-1,153,-1,128
1,<environment.Job instance at 0x7f7f0ec96be0>,49,24,[7 4],50,-1,152,-1,128
1,<environment.Job instance at 0x7f7f0f60d640>,52,2,[10  1],53,-1,147,-1,145
1,<environment.Job instance at 0x7f7f0e953af0>,53,24,[13  2],54,-1,169,-1,145
1,<environment.Job instance at 0x7f7f0f60da50>,55,25,[14  5],56,-1,181,-1,156
1,<environment.Job instance at 0x7f7f0faa2230>,7,13,[ 5 14],8,-1,21,-1,8
1,<environment.Job instance at 0x7f7f0e7f1870>,8,27,[4 9],9,-1,36,-1,9
1,<environment.Job instance at 0x7f7f0e7f13c0>,9,18,[ 2 14],10,-1,28,-1,10
1,<environment.Job instance at 0x7f7f0f31beb0>,13,24,[5 5],14,-1,45,-1,21
1,<environment.Job instance at 0x7f7f0f31b780>,20,20,[13  1],21,-1,78,-1,58
1,<environment.Job instance at 0x7f7f0f31b8c0>,21,1,[ 5 12],22,-1,59,-1,58
1,<environment.Job instance at 0x7f7f0f31b5a0>,22,3,[8 4],23,-1,61,-1,58
1,<environment.Job instance at 0x7f7f0f31b910>,23,22,[1 9],24,-1,81,-1,59
1,<environment.Job instance at 0x7f7f0f31bbe0>,24,3,[ 4 12],25,-1,62,-1,59
1,<environment.Job instance at 0x7f7f0f31b2d0>,26,1,[2 7],27,-1,63,-1,62
1,<environment.Job instance at 0x7f7f0f31b3c0>,29,27,[4 5],30,-1,104,-1,77
1,<environment.Job instance at 0x7f7f0f31bcd0>,30,26,[5 1],31,-1,103,-1,77
1,<environment.Job instance at 0x7f7f0f31ba00>,31,3,[5 2],32,-1,80,-1,77
1,<environment.Job instance at 0x7f7f0f17f7d0>,33,1,[ 5 12],34,-1,93,-1,92
1,<environment.Job instance at 0x7f7f0f17f910>,35,26,[ 4 12],36,-1,118,-1,92
1,<environment.Job instance at 0x7f7f0f17fb40>,41,1,[14  5],42,-1,128,-1,127
1,<environment.Job instance at 0x7f7f0f17f4b0>,42,20,[ 4 12],43,-1,147,-1,127
1,<environment.Job instance at 0x7f7f0f17f820>,43,15,[11  4],44,-1,142,-1,127
1,<environment.Job instance at 0x7f7f0f17f780>,44,3,[13  4],45,-1,130,-1,127
1,<environment.Job instance at 0x7f7f0f17f640>,45,22,[ 1 14],46,-1,149,-1,127
1,<environment.Job instance at 0x7f7f0f17fe10>,47,24,[7 3],48,-1,151,-1,127
1,<environment.Job instance at 0x7f7f0f17f690>,48,26,[3 9],49,-1,153,-1,127
1,<environment.Job instance at 0x7f7f0f17ff00>,49,20,[ 5 14],50,-1,147,-1,127
1,<environment.Job instance at 0x7f7f0f17f9b0>,50,2,[ 3 12],51,-1,129,-1,127
1,<environment.Job instance at 0x7f7f0e333500>,3,17,[ 5 12],4,-1,21,-1,4
1,<environment.Job instance at 0x7f7f0e333690>,5,15,[ 4 14],6,-1,21,-1,6
1,<environment.Job instance at 0x7f7f0e333b90>,6,20,[ 1 11],7,-1,27,-1,7
1,<environment.Job instance at 0x7f7f0e333f00>,10,28,[ 4 10],11,-1,39,-1,11
1,<environment.Job instance at 0x7f7f0e333550>,12,1,[14  3],13,-1,15,-1,14
1,<environment.Job instance at 0x7f7f0e333be0>,14,18,[ 4 10],15,-1,42,-1,24
1,<environment.Job instance at 0x7f7f0e2bbaf0>,20,12,[14  3],21,-1,53,-1,41
1,<environment.Job instance at 0x7f7f0e2bb0a0>,21,1,[14  4],22,-1,42,-1,41
1,<environment.Job instance at 0x7f7f0e2bbfa0>,22,2,[6 1],23,-1,43,-1,41
1,<environment.Job instance at 0x7f7f0e2bb870>,23,1,[8 5],24,-1,42,-1,41
1,<environment.Job instance at 0x7f7f0e2bb3c0>,24,15,[13  4],25,-1,56,-1,41
1,<environment.Job instance at 0x7f7f0e2bbd70>,28,3,[ 5 10],29,-1,66,-1,63
1,<environment.Job instance at 0x7f7f0e2bbb90>,29,16,[11  1],30,-1,79,-1,63
1,<environment.Job instance at 0x7f7f0e2bb910>,30,24,[1 5],31,-1,88,-1,64
1,<environment.Job instance at 0x7f7f0e2bb050>,32,26,[ 5 12],33,-1,90,-1,64
1,<environment.Job instance at 0x7f7f0e2bb4b0>,33,24,[6 2],34,-1,88,-1,64
1,<environment.Job instance at 0x7f7f0e2bbb40>,34,1,[2 7],35,-1,65,-1,64
1,<environment.Job instance at 0x7f7f0e2bb140>,35,2,[3 8],36,-1,66,-1,64
1,<environment.Job instance at 0x7f7f0e2bbc80>,36,27,[7 3],37,-1,91,-1,64
1,<environment.Job instance at 0x7f7f0e2e2dc0>,37,1,[ 4 10],38,-1,65,-1,64
1,<environment.Job instance at 0x7f7f0e2e2730>,38,13,[12  4],39,-1,77,-1,64
1,<environment.Job instance at 0x7f7f0e2e2cd0>,41,18,[13  1],42,-1,101,-1,83
1,<environment.Job instance at 0x7f7f0e2e2550>,43,21,[6 1],44,-1,129,-1,108
1,<environment.Job instance at 0x7f7f0e2e2af0>,47,3,[ 5 12],48,-1,111,-1,108
1,<environment.Job instance at 0x7f7f0e2e2a00>,51,21,[1 9],52,-1,147,-1,126
1,<environment.Job instance at 0x7f7f0e2e2820>,52,23,[ 4 12],53,-1,149,-1,126
1,<environment.Job instance at 0x7f7f0e2e2fa0>,54,3,[2 9],55,-1,129,-1,126
1,<environment.Job instance at 0x7f7f0e2e2870>,55,26,[ 1 14],56,-1,152,-1,126
1,<environment.Job instance at 0x7f7f0e2e27d0>,56,21,[ 1 14],57,-1,147,-1,126
1,<environment.Job instance at 0x7f7f0e2e22d0>,57,14,[14  5],58,-1,140,-1,126
1,<environment.Job instance at 0x7f7f0e2e20a0>,58,18,[11  2],59,-1,144,-1,126
1,<environment.Job instance at 0x7f7f0e197eb0>,59,16,[ 2 14],60,-1,142,-1,126
1,<environment.Job instance at 0x7f7f0e197730>,60,12,[1 9],61,-1,141,-1,129
1,<environment.Job instance at 0x7f7f0e197a00>,61,18,[11  3],62,-1,147,-1,129
1,<environment.Job instance at 0x7f7f0e1977d0>,62,25,[11  5],63,-1,154,-1,129
1,<environment.Job instance at 0x7f7f0e1979b0>,64,23,[6 1],65,-1,164,-1,141
1,<environment.Job instance at 0x7f7f0e197b40>,65,24,[4 9],66,-1,165,-1,141
1,<environment.Job instance at 0x7f7f0e197820>,66,3,[1 6],67,-1,144,-1,141
1,<environment.Job instance at 0x7f7f0e197aa0>,67,2,[1 6],68,-1,143,-1,141
1,<environment.Job instance at 0x7f7f0e197960>,69,2,[ 4 10],70,-1,145,-1,143
1,<environment.Job instance at 0x7f7f0e197f50>,70,22,[1 5],71,-1,165,-1,143
1,<environment.Job instance at 0x7f7f0e197cd0>,71,1,[5 2],72,-1,144,-1,143
1,<environment.Job instance at 0x7f7f0e197d70>,73,14,[11  5],74,-1,167,-1,153
1,<environment.Job instance at 0x7f7f0e1ad5a0>,74,25,[ 3 11],75,-1,178,-1,153
1,<environment.Job instance at 0x7f7f0e1ad820>,78,24,[10  3],79,-1,192,-1,168
1,<environment.Job instance at 0x7f7f0fa96e60>,2,25,[ 5 13],3,-1,28,-1,3
1,<environment.Job instance at 0x7f7f0fa968c0>,3,22,[ 3 11],4,-1,26,-1,4
1,<environment.Job instance at 0x7f7f0fa962d0>,7,28,[9 2],8,-1,36,-1,8
1,<environment.Job instance at 0x7f7f0fa96a00>,10,27,[ 1 13],11,-1,38,-1,11
1,<environment.Job instance at 0x7f7f0ee29280>,11,18,[13  5],12,-1,30,-1,12
1,<environment.Job instance at 0x7f7f0ee29e60>,16,3,[4 6],17,-1,41,-1,38
1,<environment.Job instance at 0x7f7f0ee29dc0>,18,25,[ 5 10],19,-1,63,-1,38
1,<environment.Job instance at 0x7f7f0ee29fa0>,20,15,[ 2 14],21,-1,69,-1,54
1,<environment.Job instance at 0x7f7f0ee29eb0>,21,13,[ 1 10],22,-1,67,-1,54
1,<environment.Job instance at 0x7f7f0ee29550>,23,19,[14  3],24,-1,73,-1,54
1,<environment.Job instance at 0x7f7f0ee29b40>,24,24,[ 4 13],25,-1,78,-1,54
1,<environment.Job instance at 0x7f7f0ee290a0>,26,25,[1 7],27,-1,79,-1,54
1,<environment.Job instance at 0x7f7f0ee29c30>,27,1,[9 5],28,-1,55,-1,54
1,<environment.Job instance at 0x7f7f0ee29e10>,29,21,[ 5 10],30,-1,88,-1,67
1,<environment.Job instance at 0x7f7f0ee29d20>,30,16,[ 5 13],31,-1,83,-1,67
1,<environment.Job instance at 0x7f7f0ee29aa0>,32,26,[3 5],33,-1,93,-1,67
1,<environment.Job instance at 0x7f7f186515a0>,33,2,[4 9],34,-1,69,-1,67
1,<environment.Job instance at 0x7f7f186514b0>,34,3,[3 7],35,-1,70,-1,67
1,<environment.Job instance at 0x7f7f18651910>,36,12,[4 9],37,-1,92,-1,80
1,<environment.Job instance at 0x7f7f186516e0>,37,19,[12  4],38,-1,99,-1,80
1,<environment.Job instance at 0x7f7f186513c0>,38,1,[ 1 12],39,-1,81,-1,80
1,<environment.Job instance at 0x7f7f0f516280>,39,24,[1 9],40,-1,104,-1,80
1,<environment.Job instance at 0x7f7f0f5163c0>,40,13,[14  2],41,-1,93,-1,80
1,<environment.Job instance at 0x7f7f0f516fa0>,41,20,[ 4 11],42,-1,100,-1,80
1,<environment.Job instance at 0x7f7f0f516d70>,42,2,[3 9],43,-1,82,-1,80
1,<environment.Job instance at 0x7f7f0f516b40>,43,16,[ 3 10],44,-1,96,-1,80
1,<environment.Job instance at 0x7f7f0f516690>,44,1,[ 5 14],45,-1,81,-1,80
1,<environment.Job instance at 0x7f7f0f516b90>,50,26,[6 2],51,-1,142,-1,116
1,<environment.Job instance at 0x7f7f0f5169b0>,51,25,[ 2 13],52,-1,141,-1,116
1,<environment.Job instance at 0x7f7f0f516be0>,52,17,[13  1],53,-1,133,-1,116
1,<environment.Job instance at 0x7f7f0f516a50>,53,3,[5 7],54,-1,119,-1,116
1,<environment.Job instance at 0x7f7f0f516640>,54,28,[ 3 12],55,-1,144,-1,116
1,<environment.Job instance at 0x7f7f0f516f00>,55,14,[ 2 13],56,-1,130,-1,116
1,<environment.Job instance at 0x7f7f0f5165f0>,56,23,[13  4],57,-1,139,-1,116
1,<environment.Job instance at 0x7f7f0eea9140>,58,3,[10  3],59,-1,120,-1,117
1,<environment.Job instance at 0x7f7f0eea9b40>,59,27,[9 3],60,-1,144,-1,117
1,<environment.Job instance at 0x7f7f0eea9cd0>,60,12,[1 9],61,-1,135,-1,123
1,<environment.Job instance at 0x7f7f0eea92d0>,62,17,[13  3],63,-1,140,-1,123
1,<environment.Job instance at 0x7f7f0eea9a00>,63,1,[5 6],64,-1,124,-1,123
1,<environment.Job instance at 0x7f7f0eea9640>,64,13,[5 2],65,-1,137,-1,124
1,<environment.Job instance at 0x7f7f0eea9460>,65,14,[ 2 11],66,-1,138,-1,124
1,<environment.Job instance at 0x7f7f0eea90f0>,67,21,[12  2],68,-1,157,-1,136
1,<environment.Job instance at 0x7f7f0eea96e0>,69,28,[12  2],70,-1,164,-1,136
1,<environment.Job instance at 0x7f7f0eea9a50>,72,1,[4 5],73,-1,151,-1,150
1,<environment.Job instance at 0x7f7f0eea9d20>,75,12,[4 9],76,-1,175,-1,163
1,<environment.Job instance at 0x7f7f0eea9e60>,76,25,[5 9],77,-1,188,-1,163
1,<environment.Job instance at 0x7f7f0f5b3960>,6,28,[7 3],7,-1,35,-1,7
1,<environment.Job instance at 0x7f7f1806eb90>,12,23,[13  4],13,-1,36,-1,13
1,<environment.Job instance at 0x7f7f1806e370>,14,23,[ 2 12],15,-1,38,-1,15
1,<environment.Job instance at 0x7f7f1806e500>,15,17,[11  5],16,-1,35,-1,18
1,<environment.Job instance at 0x7f7f1806ee60>,24,23,[9 5],25,-1,98,-1,75
1,<environment.Job instance at 0x7f7f1806e640>,25,19,[ 4 13],26,-1,94,-1,75
1,<environment.Job instance at 0x7f7f0e355190>,37,15,[1 9],38,-1,143,-1,128
1,<environment.Job instance at 0x7f7f0e355f50>,41,12,[1 8],42,-1,156,-1,144
1,<environment.Job instance at 0x7f7f0e355500>,42,24,[4 9],43,-1,168,-1,144
1,<environment.Job instance at 0x7f7f0e355c30>,45,2,[3 5],46,-1,159,-1,157
1,<environment.Job instance at 0x7f7f0ed0d050>,4,23,[ 1 14],5,-1,28,-1,5
1,<environment.Job instance at 0x7f7f0ed0d6e0>,6,16,[ 1 11],7,-1,23,-1,7
1,<environment.Job instance at 0x7f7f0ed0d1e0>,5,2,[ 4 11],6,-1,9,-1,7
1,<environment.Job instance at 0x7f7f0fa3b7d0>,9,18,[13  3],10,-1,28,-1,10
1,<environment.Job instance at 0x7f7f0fa3bd20>,10,1,[11  3],11,-1,12,-1,11
1,<environment.Job instance at 0x7f7f0fa3ba50>,11,27,[6 2],12,-1,40,-1,13
1,<environment.Job instance at 0x7f7f0fa3bdc0>,14,3,[ 2 12],15,-1,18,-1,15
1,<environment.Job instance at 0x7f7f0fa3b370>,16,12,[1 7],17,-1,34,-1,22
1,<environment.Job instance at 0x7f7f0fa3b550>,20,17,[ 5 12],21,-1,39,-1,22
1,<environment.Job instance at 0x7f7f0fa3b4b0>,21,14,[13  4],22,-1,36,-1,22
1,<environment.Job instance at 0x7f7f184e8c80>,24,14,[12  4],25,-1,52,-1,38
1,<environment.Job instance at 0x7f7f184e8e60>,25,26,[1 9],26,-1,64,-1,38
1,<environment.Job instance at 0x7f7f184e8fa0>,26,21,[ 5 14],27,-1,59,-1,38
1,<environment.Job instance at 0x7f7f184e8500>,27,1,[9 3],28,-1,39,-1,38
1,<environment.Job instance at 0x7f7f184e85f0>,32,22,[ 1 14],33,-1,110,-1,88
1,<environment.Job instance at 0x7f7f184e8dc0>,33,2,[3 9],34,-1,90,-1,88
1,<environment.Job instance at 0x7f7f184e8b40>,34,23,[ 2 11],35,-1,111,-1,88
1,<environment.Job instance at 0x7f7f184e8550>,35,2,[5 6],36,-1,90,-1,88
1,<environment.Job instance at 0x7f7f184e81e0>,36,15,[12  5],37,-1,103,-1,88
1,<environment.Job instance at 0x7f7f184e8780>,37,20,[10  1],38,-1,124,-1,104
1,<environment.Job instance at 0x7f7f184e8910>,39,14,[14  3],40,-1,118,-1,104
1,<environment.Job instance at 0x7f7f0f2279b0>,40,28,[13  5],41,-1,132,-1,104
1,<environment.Job instance at 0x7f7f0f2272d0>,48,19,[ 5 13],49,-1,151,-1,132
1,<environment.Job instance at 0x7f7f0f227a00>,53,2,[7 4],54,-1,162,-1,160
1,<environment.Job instance at 0x7f7f0e430870>,15,1,[11  4],16,-1,42,-1,41
1,<environment.Job instance at 0x7f7f0e430780>,16,17,[ 2 12],17,-1,58,-1,41
1,<environment.Job instance at 0x7f7f0e430500>,18,2,[ 4 13],19,-1,57,-1,55
1,<environment.Job instance at 0x7f7f0ea82140>,19,2,[9 4],20,-1,57,-1,55
1,<environment.Job instance at 0x7f7f0ea825a0>,20,12,[14  4],21,-1,67,-1,55
1,<environment.Job instance at 0x7f7f0ea82b90>,22,12,[12  4],23,-1,67,-1,55
1,<environment.Job instance at 0x7f7f0ea827d0>,24,23,[ 1 14],25,-1,93,-1,70
1,<environment.Job instance at 0x7f7f0ea823c0>,28,1,[1 9],29,-1,89,-1,88
1,<environment.Job instance at 0x7f7f0ea82c30>,32,3,[ 1 10],33,-1,112,-1,109
1,<environment.Job instance at 0x7f7f0ea82dc0>,33,1,[14  5],34,-1,110,-1,109
1,<environment.Job instance at 0x7f7f0ea696e0>,37,1,[4 8],38,-1,138,-1,137
1,<environment.Job instance at 0x7f7f0ea69550>,38,27,[4 9],39,-1,164,-1,137
1,<environment.Job instance at 0x7f7f0ea69730>,39,19,[14  4],40,-1,156,-1,137
1,<environment.Job instance at 0x7f7f0ea697d0>,42,12,[ 4 10],43,-1,172,-1,160
1,<environment.Job instance at 0x7f7f0e5f4f00>,9,13,[ 3 11],10,-1,28,-1,15
1,<environment.Job instance at 0x7f7f0e5f4910>,10,22,[ 1 14],11,-1,37,-1,15
1,<environment.Job instance at 0x7f7f0e5f4d70>,11,24,[9 4],12,-1,40,-1,16
1,<environment.Job instance at 0x7f7f0f7fd640>,12,28,[9 5],13,-1,44,-1,16
1,<environment.Job instance at 0x7f7f0f7fd370>,16,16,[ 3 14],17,-1,48,-1,32
1,<environment.Job instance at 0x7f7f0f7fdd20>,17,25,[ 2 14],18,-1,57,-1,32
1,<environment.Job instance at 0x7f7f0f7fde60>,18,3,[14  3],19,-1,35,-1,32
1,<environment.Job instance at 0x7f7f0f7fd730>,19,12,[ 1 11],20,-1,44,-1,32
1,<environment.Job instance at 0x7f7f0f7fd5f0>,20,27,[10  2],21,-1,59,-1,32
1,<environment.Job instance at 0x7f7f0f7fd960>,21,14,[ 3 13],22,-1,46,-1,32
1,<environment.Job instance at 0x7f7f0e905c80>,22,24,[14  4],23,-1,56,-1,32
1,<environment.Job instance at 0x7f7f0e905640>,23,2,[ 1 12],24,-1,34,-1,32
1,<environment.Job instance at 0x7f7f0e8af690>,2,26,[6 5],3,-1,29,-1,3
1,<environment.Job instance at 0x7f7f0e8b0c30>,6,16,[12  1],7,-1,23,-1,7
1,<environment.Job instance at 0x7f7f0e5cd5a0>,7,3,[ 5 14],8,-1,11,-1,8
1,<environment.Job instance at 0x7f7f0e89f2d0>,14,16,[ 4 14],15,-1,56,-1,40
1,<environment.Job instance at 0x7f7f0e89f140>,15,3,[13  1],16,-1,43,-1,40
1,<environment.Job instance at 0x7f7f0e89fa50>,16,2,[11  3],17,-1,42,-1,40
1,<environment.Job instance at 0x7f7f0e89f500>,18,14,[11  4],19,-1,58,-1,44
1,<environment.Job instance at 0x7f7f0e89faa0>,20,28,[8 2],21,-1,72,-1,44
1,<environment.Job instance at 0x7f7f0e89f550>,21,1,[5 9],22,-1,45,-1,44
1,<environment.Job instance at 0x7f7f0e89baa0>,23,25,[12  5],24,-1,83,-1,58
1,<environment.Job instance at 0x7f7f0eecef50>,24,26,[1 5],25,-1,84,-1,58
1,<environment.Job instance at 0x7f7f0f918cd0>,33,3,[7 1],34,-1,115,-1,112
1,<environment.Job instance at 0x7f7f0f918eb0>,35,27,[6 5],36,-1,139,-1,112
1,<environment.Job instance at 0x7f7f0f9186e0>,37,15,[14  1],38,-1,127,-1,112
1,<environment.Job instance at 0x7f7f1801ca50>,39,2,[9 2],40,-1,122,-1,120
1,<environment.Job instance at 0x7f7f1801c870>,40,1,[ 2 13],41,-1,121,-1,120
1,<environment.Job instance at 0x7f7f1801c7d0>,41,27,[6 1],42,-1,147,-1,120
1,<environment.Job instance at 0x7f7f0f068280>,42,26,[5 2],43,-1,146,-1,120
1,<environment.Job instance at 0x7f7f0f068730>,43,13,[ 1 12],44,-1,133,-1,120
1,<environment.Job instance at 0x7f7f0f93a730>,44,28,[6 5],45,-1,148,-1,120
1,<environment.Job instance at 0x7f7f0f0682d0>,45,2,[13  5],46,-1,122,-1,120
1,<environment.Job instance at 0x7f7f0f93aeb0>,46,14,[ 2 12],47,-1,134,-1,120
1,<environment.Job instance at 0x7f7f0f93a280>,47,1,[10  3],48,-1,121,-1,120
1,<environment.Job instance at 0x7f7f0f93ae60>,48,25,[ 2 10],49,-1,145,-1,120
1,<environment.Job instance at 0x7f7f0f93a190>,49,22,[ 2 13],50,-1,142,-1,120
1,<environment.Job instance at 0x7f7f0f93a910>,50,3,[ 1 12],51,-1,123,-1,120
1,<environment.Job instance at 0x7f7f0f93a1e0>,51,15,[ 3 11],52,-1,135,-1,120
1,<environment.Job instance at 0x7f7f0f93abe0>,52,26,[8 3],53,-1,146,-1,120
1,<environment.Job instance at 0x7f7f0f93ab40>,53,3,[5 2],54,-1,123,-1,120
1,<environment.Job instance at 0x7f7f0f93aaa0>,54,22,[8 5],55,-1,142,-1,120
1,<environment.Job instance at 0x7f7f0f93a640>,56,24,[5 9],57,-1,145,-1,121
1,<environment.Job instance at 0x7f7f0f93a7d0>,58,12,[14  1],59,-1,147,-1,135
1,<environment.Job instance at 0x7f7f0f8bb230>,5,18,[ 5 13],6,-1,24,-1,6
1,<environment.Job instance at 0x7f7f0f8bb780>,3,23,[11  5],4,-1,29,-1,6
1,<environment.Job instance at 0x7f7f0f8bb140>,17,19,[ 5 14],18,-1,69,-1,50
1,<environment.Job instance at 0x7f7f0f8bbd20>,18,26,[ 4 11],19,-1,76,-1,50
1,<environment.Job instance at 0x7f7f0eebd9b0>,19,1,[4 8],20,-1,51,-1,50
1,<environment.Job instance at 0x7f7f0eebda50>,22,3,[11  4],23,-1,80,-1,77
1,<environment.Job instance at 0x7f7f0eebdfa0>,25,24,[2 8],26,-1,116,-1,92
1,<environment.Job instance at 0x7f7f0eebddc0>,26,28,[7 4],27,-1,120,-1,92
1,<environment.Job instance at 0x7f7f0eebdf00>,27,12,[13  4],28,-1,104,-1,92
1,<environment.Job instance at 0x7f7f0ee4a500>,31,13,[12  3],32,-1,120,-1,107
1,<environment.Job instance at 0x7f7f0ee4a4b0>,32,25,[9 2],33,-1,132,-1,107
1,<environment.Job instance at 0x7f7f0ee4a140>,34,23,[6 4],35,-1,140,-1,117
1,<environment.Job instance at 0x7f7f0ee4a190>,36,25,[11  2],37,-1,148,-1,123
1,<environment.Job instance at 0x7f7f0ee4ab40>,38,1,[6 3],39,-1,136,-1,135
1,<environment.Job instance at 0x7f7f0ee4a230>,39,1,[11  1],40,-1,140,-1,139
1,<environment.Job instance at 0x7f7f0ee4a320>,40,16,[ 1 11],41,-1,155,-1,139
1,<environment.Job instance at 0x7f7f0ee4ad70>,42,2,[3 5],43,-1,142,-1,140
1,<environment.Job instance at 0x7f7f0ee4acd0>,43,2,[9 4],44,-1,142,-1,140
1,<environment.Job instance at 0x7f7f0ee4a5a0>,45,2,[13  4],46,-1,154,-1,152
1,<environment.Job instance at 0x7f7f0ee4afa0>,46,18,[ 3 13],47,-1,170,-1,152
1,<environment.Job instance at 0x7f7f0ee2c280>,49,2,[ 2 14],50,-1,168,-1,166
1,<environment.Job instance at 0x7f7f0e35c730>,1,22,[5 9],2,-1,24,-1,2
1,<environment.Job instance at 0x7f7f0e582690>,4,16,[ 2 13],5,-1,21,-1,5
1,<environment.Job instance at 0x7f7f0e582780>,5,24,[10  3],6,-1,30,-1,6
1,<environment.Job instance at 0x7f7f0e5827d0>,7,28,[6 1],8,-1,36,-1,8
1,<environment.Job instance at 0x7f7f0ee2c280>,11,13,[ 2 13],12,-1,25,-1,12
1,<environment.Job instance at 0x7f7f0e582cd0>,12,26,[13  4],13,-1,39,-1,13
1,<environment.Job instance at 0x7f7f0e582d70>,13,1,[1 5],14,-1,16,-1,15
1,<environment.Job instance at 0x7f7f0f4a8050>,20,23,[ 3 10],21,-1,54,-1,31
1,<environment.Job instance at 0x7f7f0f4a8320>,21,3,[4 6],22,-1,34,-1,31
1,<environment.Job instance at 0x7f7f0f4a8460>,23,28,[6 2],24,-1,59,-1,31
1,<environment.Job instance at 0x7f7f0f4a8500>,24,13,[ 2 14],25,-1,44,-1,31
1,<environment.Job instance at 0x7f7f0f4a85f0>,27,2,[ 3 14],28,-1,46,-1,44
1,<environment.Job instance at 0x7f7f0f4a87d0>,30,20,[7 1],31,-1,91,-1,71
1,<environment.Job instance at 0x7f7f0f4a8a50>,34,13,[12  2],35,-1,101,-1,88
1,<environment.Job instance at 0x7f7f0f4a8d20>,35,3,[1 7],36,-1,91,-1,88
1,<environment.Job instance at 0x7f7f0f4a8dc0>,36,18,[11  3],37,-1,106,-1,88
1,<environment.Job instance at 0x7f7f0f4a8e60>,37,28,[4 8],38,-1,116,-1,88
1,<environment.Job instance at 0x7f7f0f4a8f00>,38,15,[ 4 10],39,-1,103,-1,88
1,<environment.Job instance at 0x7f7f0f4a8910>,39,28,[1 5],40,-1,116,-1,88
1,<environment.Job instance at 0x7f7f0f4b1230>,41,22,[12  3],42,-1,127,-1,105
1,<environment.Job instance at 0x7f7f0f4b10f0>,42,1,[6 2],43,-1,106,-1,105
1,<environment.Job instance at 0x7f7f0f4b1460>,44,23,[9 1],45,-1,129,-1,106
1,<environment.Job instance at 0x7f7f0f4b1500>,45,3,[9 3],46,-1,109,-1,106
1,<environment.Job instance at 0x7f7f0f4b1550>,46,23,[5 9],47,-1,129,-1,106
1,<environment.Job instance at 0x7f7f0f4b15f0>,47,15,[11  1],48,-1,121,-1,106
1,<environment.Job instance at 0x7f7f0f4b1730>,49,3,[6 2],50,-1,120,-1,117
1,<environment.Job instance at 0x7f7f0f4b1910>,52,24,[10  2],53,-1,157,-1,133
1,<environment.Job instance at 0x7f7f0f4b1b90>,56,2,[ 4 12],57,-1,158,-1,156
1,<environment.Job instance at 0x7f6d8ce3b320>,1,27,[3 7],2,-1,29,-1,2
1,<environment.Job instance at 0x7f6d8ce3b1e0>,7,16,[ 5 14],8,-1,24,-1,8
1,<environment.Job instance at 0x7f6d836c3b90>,12,17,[ 1 14],13,-1,33,-1,16
1,<environment.Job instance at 0x7f6d836c3af0>,13,15,[13  4],14,-1,31,-1,16
1,<environment.Job instance at 0x7f6d836c3d70>,15,16,[11  5],16,-1,43,-1,27
1,<environment.Job instance at 0x7f6d836c3f50>,16,15,[ 1 11],17,-1,42,-1,27
1,<environment.Job instance at 0x7f6d836c3fa0>,17,2,[3 5],18,-1,29,-1,27
1,<environment.Job instance at 0x7f6d836c5190>,19,2,[5 5],20,-1,30,-1,28
1,<environment.Job instance at 0x7f6d836c52d0>,21,23,[6 4],22,-1,68,-1,45
1,<environment.Job instance at 0x7f6d836c5410>,23,16,[ 1 11],24,-1,64,-1,48
1,<environment.Job instance at 0x7f6d836c54b0>,24,23,[5 8],25,-1,72,-1,49
1,<environment.Job instance at 0x7f6d836c50a0>,27,13,[11  4],28,-1,87,-1,74
1,<environment.Job instance at 0x7f6d836c5820>,28,2,[ 3 10],29,-1,76,-1,74
1,<environment.Job instance at 0x7f6d836c5910>,30,3,[13  2],31,-1,77,-1,74
1,<environment.Job instance at 0x7f6d836c59b0>,31,19,[ 5 11],32,-1,93,-1,74
1,<environment.Job instance at 0x7f6d836c5a50>,32,12,[13  5],33,-1,86,-1,74
1,<environment.Job instance at 0x7f6d836c5b90>,34,18,[11  2],35,-1,98,-1,80
1,<environment.Job instance at 0x7f6d836c5c30>,35,3,[5 9],36,-1,83,-1,80
1,<environment.Job instance at 0x7f6d836c5e10>,38,23,[ 4 11],39,-1,128,-1,105
1,<environment.Job instance at 0x7f6d836c5eb0>,39,25,[12  4],40,-1,130,-1,105
1,<environment.Job instance at 0x7f6d836c5780>,41,28,[7 5],42,-1,133,-1,105
1,<environment.Job instance at 0x7f6d836c9190>,42,15,[14  4],43,-1,120,-1,105
1,<environment.Job instance at 0x7f6d836c92d0>,44,1,[1 7],45,-1,115,-1,114
1,<environment.Job instance at 0x7f6d836c9140>,45,12,[ 4 12],46,-1,126,-1,114
1,<environment.Job instance at 0x7f6d836c9410>,47,1,[3 5],48,-1,115,-1,114
1,<environment.Job instance at 0x7f6d836c9730>,52,28,[12  2],53,-1,181,-1,153
1,<environment.Job instance at 0x7f6d83b7cc80>,7,18,[ 3 11],8,-1,26,-1,8
1,<environment.Job instance at 0x7f6d83b7c910>,8,18,[1 9],9,-1,102,-1,84
1,<environment.Job instance at 0x7f6d83bfd1e0>,22,3,[5 3],23,-1,87,-1,84
1,<environment.Job instance at 0x7f6d83bfd8c0>,23,23,[ 4 11],24,-1,107,-1,84
1,<environment.Job instance at 0x7f6d83c82730>,24,13,[ 3 11],25,-1,97,-1,84
1,<environment.Job instance at 0x7f6d83bfd820>,25,2,[14  5],26,-1,86,-1,84
1,<environment.Job instance at 0x7f6d83c82690>,26,16,[ 3 11],27,-1,100,-1,84
1,<environment.Job instance at 0x7f6d83c82f00>,27,12,[ 1 11],28,-1,96,-1,84
1,<environment.Job instance at 0x7f6d83c82b40>,28,17,[11  3],29,-1,101,-1,84
1,<environment.Job instance at 0x7f6d83c82af0>,29,16,[ 2 12],30,-1,100,-1,84
1,<environment.Job instance at 0x7f6d83c82960>,30,21,[14  1],31,-1,105,-1,84
1,<environment.Job instance at 0x7f6d83c828c0>,31,21,[5 6],32,-1,115,-1,94
1,<environment.Job instance at 0x7f6d83c82370>,36,12,[8 1],37,-1,106,-1,94
1,<environment.Job instance at 0x7f6d83c82050>,37,21,[ 2 10],38,-1,115,-1,94
1,<environment.Job instance at 0x7f6d83bd1cd0>,39,17,[11  1],40,-1,118,-1,101
1,<environment.Job instance at 0x7f6d83bd11e0>,40,22,[ 5 14],41,-1,123,-1,101
1,<environment.Job instance at 0x7f6d83bd12d0>,41,26,[ 5 13],42,-1,127,-1,101
1,<environment.Job instance at 0x7f6d83bd1320>,42,16,[3 7],43,-1,120,-1,104
1,<environment.Job instance at 0x7f6d83bd1460>,43,2,[ 3 14],44,-1,106,-1,104
1,<environment.Job instance at 0x7f6d83bd1500>,44,1,[14  1],45,-1,105,-1,104
1,<environment.Job instance at 0x7f6d83c0bc30>,47,3,[2 8],48,-1,116,-1,113
1,<environment.Job instance at 0x7f6d83c0b2d0>,49,24,[14  5],50,-1,149,-1,125
1,<environment.Job instance at 0x7f6d83c0b410>,50,2,[10  5],51,-1,127,-1,125
1,<environment.Job instance at 0x7f6d83c0b4b0>,51,3,[9 3],52,-1,128,-1,125
1,<environment.Job instance at 0x7f6d83c0bd70>,52,17,[14  3],53,-1,142,-1,125
1,<environment.Job instance at 0x7f6d83c0b0f0>,53,2,[2 9],54,-1,127,-1,125
1,<environment.Job instance at 0x7f6d83c0b780>,55,28,[1 9],56,-1,162,-1,134
1,<environment.Job instance at 0x7f6d83c0b500>,56,2,[5 8],57,-1,136,-1,134
1,<environment.Job instance at 0x7f6d83c0bfa0>,57,19,[12  1],58,-1,153,-1,134
1,<environment.Job instance at 0x7f6d83c0b870>,58,24,[9 3],59,-1,158,-1,134
1,<environment.Job instance at 0x7f6d83c0b7d0>,59,3,[7 2],60,-1,137,-1,134
1,<environment.Job instance at 0x7f6d83decc30>,62,2,[11  4],63,-1,145,-1,143
1,<environment.Job instance at 0x7f6d83dec780>,63,21,[1 9],64,-1,164,-1,143
1,<environment.Job instance at 0x7f6d83dec370>,64,26,[1 9],65,-1,169,-1,143
1,<environment.Job instance at 0x7f6d83dec0a0>,65,12,[1 9],66,-1,155,-1,143
1,<environment.Job instance at 0x7f6d83dec730>,66,28,[9 1],67,-1,171,-1,143
1,<environment.Job instance at 0x7f6d83dec910>,67,21,[3 6],68,-1,164,-1,143
1,<environment.Job instance at 0x7f6d83dece60>,68,12,[8 1],69,-1,155,-1,143
1,<environment.Job instance at 0x7f6d83decfa0>,69,25,[9 3],70,-1,168,-1,143
1,<environment.Job instance at 0x7f6d83decb90>,71,14,[11  3],72,-1,170,-1,156
1,<environment.Job instance at 0x7f6d83dec640>,72,1,[5 9],73,-1,157,-1,156
1,<environment.Job instance at 0x7f6d83decc80>,74,13,[3 9],75,-1,178,-1,165
1,<environment.Job instance at 0x7f6d83dec190>,75,13,[2 7],76,-1,187,-1,174
1,<environment.Job instance at 0x7f6d82e5afa0>,5,1,[14  2],6,-1,7,-1,6
1,<environment.Job instance at 0x7f6d82e5a6e0>,7,28,[10  5],8,-1,36,-1,8
1,<environment.Job instance at 0x7f6d82e54cd0>,10,27,[11  2],11,-1,38,-1,11
1,<environment.Job instance at 0x7f6d82e54af0>,13,12,[ 3 14],14,-1,26,-1,14
1,<environment.Job instance at 0x7f6d82e54820>,15,3,[ 3 11],16,-1,19,-1,16
1,<environment.Job instance at 0x7f6d82e541e0>,16,25,[7 4],17,-1,43,-1,18
1,<environment.Job instance at 0x7f6d82e546e0>,18,12,[ 2 14],19,-1,31,-1,19
1,<environment.Job instance at 0x7f6d82e540f0>,22,26,[ 4 13],23,-1,56,-1,30
1,<environment.Job instance at 0x7f6d82e540a0>,23,25,[5 5],24,-1,55,-1,30
1,<environment.Job instance at 0x7f6d82ea55f0>,26,3,[4 9],27,-1,51,-1,48
1,<environment.Job instance at 0x7f6d82ea5500>,27,27,[6 3],28,-1,75,-1,48
1,<environment.Job instance at 0x7f6d82ea5410>,28,24,[ 1 10],29,-1,72,-1,48
1,<environment.Job instance at 0x7f6d82ea5e10>,29,23,[ 3 13],30,-1,71,-1,48
1,<environment.Job instance at 0x7f6d82ea5aa0>,32,17,[ 1 13],33,-1,75,-1,58
1,<environment.Job instance at 0x7f6d82e517d0>,34,17,[11  1],35,-1,77,-1,60
1,<environment.Job instance at 0x7f6d82e51f00>,37,17,[13  4],38,-1,94,-1,77
1,<environment.Job instance at 0x7f6d82e51aa0>,38,14,[ 3 11],39,-1,91,-1,77
1,<environment.Job instance at 0x7f6d82e51820>,39,18,[12  4],40,-1,95,-1,77
1,<environment.Job instance at 0x7f6d82e51eb0>,40,20,[ 2 10],41,-1,97,-1,77
1,<environment.Job instance at 0x7f6d82e51a00>,41,2,[ 4 14],42,-1,79,-1,77
1,<environment.Job instance at 0x7f6d82e51fa0>,42,24,[1 8],43,-1,101,-1,77
1,<environment.Job instance at 0x7f6d82e512d0>,43,27,[1 9],44,-1,104,-1,77
1,<environment.Job instance at 0x7f6d82e51230>,44,3,[8 2],45,-1,80,-1,77
1,<environment.Job instance at 0x7f6d82e51280>,45,12,[ 5 10],46,-1,90,-1,78
1,<environment.Job instance at 0x7f6d82e51370>,46,1,[ 4 11],47,-1,79,-1,78
1,<environment.Job instance at 0x7f6d82e510a0>,47,15,[ 5 14],48,-1,93,-1,78
1,<environment.Job instance at 0x7f6d82e4de60>,49,26,[3 8],50,-1,104,-1,78
1,<environment.Job instance at 0x7f6d82e4db40>,50,22,[8 1],51,-1,100,-1,78
1,<environment.Job instance at 0x7f6d82e4d960>,52,23,[9 3],53,-1,110,-1,87
1,<environment.Job instance at 0x7f6d82e4d6e0>,57,1,[6 3],58,-1,122,-1,121
1,<environment.Job instance at 0x7f6d82e4d0a0>,61,17,[14  3],62,-1,160,-1,143
1,<environment.Job instance at 0x7f6d82e49820>,63,16,[12  1],64,-1,159,-1,143
1,<environment.Job instance at 0x7f6d82e49870>,64,25,[ 1 11],65,-1,168,-1,143
1,<environment.Job instance at 0x7f6d82f6eeb0>,3,17,[ 5 12],4,-1,21,-1,4
1,<environment.Job instance at 0x7f6d82f6e4b0>,8,13,[5 1],9,-1,33,-1,20
1,<environment.Job instance at 0x7f6d82fe8c80>,12,3,[11  1],13,-1,23,-1,20
1,<environment.Job instance at 0x7f6d82fe8be0>,13,3,[5 1],14,-1,23,-1,20
1,<environment.Job instance at 0x7f6d82fe8aa0>,14,15,[7 1],15,-1,42,-1,27
1,<environment.Job instance at 0x7f6d82fe8230>,17,2,[1 5],18,-1,29,-1,27
1,<environment.Job instance at 0x7f6d82fe8870>,18,2,[2 7],19,-1,29,-1,27
1,<environment.Job instance at 0x7f6d82fe8460>,19,2,[4 5],20,-1,29,-1,27
1,<environment.Job instance at 0x7f6d82fe8910>,20,15,[1 8],21,-1,73,-1,58
1,<environment.Job instance at 0x7f6d82fe80a0>,24,17,[11  3],25,-1,75,-1,58
1,<environment.Job instance at 0x7f6d82fe8780>,25,22,[12  5],26,-1,80,-1,58
1,<environment.Job instance at 0x7f6d82fe8190>,26,13,[1 8],27,-1,71,-1,58
1,<environment.Job instance at 0x7f6d833d05f0>,33,15,[ 5 11],34,-1,135,-1,120
1,<environment.Job instance at 0x7f6d833d0320>,34,15,[11  2],35,-1,135,-1,120
1,<environment.Job instance at 0x7f6d833d0910>,35,28,[ 4 10],36,-1,148,-1,120
1,<environment.Job instance at 0x7f6d833d0dc0>,36,2,[1 6],37,-1,122,-1,120
1,<environment.Job instance at 0x7f6d833d07d0>,37,14,[ 5 12],38,-1,134,-1,120
1,<environment.Job instance at 0x7f6d833d0e10>,40,24,[12  4],41,-1,175,-1,151
1,<environment.Job instance at 0x7f6d833d02d0>,41,28,[5 7],42,-1,179,-1,151
1,<environment.Job instance at 0x7f6d833d0b90>,42,2,[11  1],43,-1,153,-1,151
1,<environment.Job instance at 0x7f6d83943c80>,44,3,[ 5 12],45,-1,154,-1,151
1,<environment.Job instance at 0x7f6d83943780>,45,12,[ 2 10],46,-1,163,-1,151
1,<environment.Job instance at 0x7f6d83943190>,46,2,[8 2],47,-1,153,-1,151
1,<environment.Job instance at 0x7f6d839430f0>,47,26,[13  5],48,-1,177,-1,151
1,<environment.Job instance at 0x7f6d83943140>,48,16,[ 5 14],49,-1,167,-1,151
1,<environment.Job instance at 0x7f6d83943550>,50,1,[14  2],51,-1,153,-1,152
1,<environment.Job instance at 0x7f6d83943a50>,51,2,[3 6],52,-1,154,-1,152
1,<environment.Job instance at 0x7f6d83943870>,53,2,[2 5],54,-1,167,-1,165
1,<environment.Job instance at 0x7f6d83943730>,54,2,[7 3],55,-1,167,-1,165
1,<environment.Job instance at 0x7f6d83943460>,55,2,[6 2],56,-1,167,-1,165
1,<environment.Job instance at 0x7f6d83943b90>,56,16,[11  5],57,-1,181,-1,165
1,<environment.Job instance at 0x7f6d839431e0>,57,19,[14  5],58,-1,184,-1,165
1,<environment.Job instance at 0x7f6d83943500>,59,14,[ 2 10],60,-1,180,-1,166
1,<environment.Job instance at 0x7f6d83aa5370>,60,22,[4 5],61,-1,201,-1,179
1,<environment.Job instance at 0x7f6d83aa55a0>,61,3,[ 4 12],62,-1,182,-1,179
1,<environment.Job instance at 0x7f6d83aa5730>,62,3,[2 9],63,-1,182,-1,179
1,<environment.Job instance at 0x7f6d83316a50>,1,19,[ 1 14],2,-1,21,-1,2
1,<environment.Job instance at 0x7f6d83309820>,6,17,[ 2 12],7,-1,24,-1,7
1,<environment.Job instance at 0x7f6d82d080a0>,9,3,[3 9],10,-1,14,-1,11
1,<environment.Job instance at 0x7f6d82d08e60>,14,2,[8 4],15,-1,22,-1,20
1,<environment.Job instance at 0x7f6d82cbbb40>,15,25,[2 8],16,-1,45,-1,20
1,<environment.Job instance at 0x7f6d82cbbeb0>,17,13,[ 3 13],18,-1,33,-1,20
1,<environment.Job instance at 0x7f6d82cbb7d0>,18,28,[ 1 10],19,-1,48,-1,20
1,<environment.Job instance at 0x7f6d82cbb820>,19,28,[ 2 12],20,-1,48,-1,20
1,<environment.Job instance at 0x7f6d82d09690>,20,3,[7 1],21,-1,24,-1,21
1,<environment.Job instance at 0x7f6d83d16d70>,25,2,[7 1],26,-1,52,-1,50
1,<environment.Job instance at 0x7f6d82c7e460>,26,1,[5 8],27,-1,51,-1,50
1,<environment.Job instance at 0x7f6d82cf3550>,28,13,[14  2],29,-1,78,-1,65
1,<environment.Job instance at 0x7f6d82cf3af0>,29,14,[11  2],30,-1,79,-1,65
1,<environment.Job instance at 0x7f6d83d18460>,32,24,[4 6],33,-1,112,-1,88
1,<environment.Job instance at 0x7f6d834e7910>,34,21,[ 2 11],35,-1,116,-1,95
1,<environment.Job instance at 0x7f6d8309fb90>,36,3,[12  2],37,-1,98,-1,95
1,<environment.Job instance at 0x7f6d83addf00>,39,1,[4 8],40,-1,106,-1,105
1,<environment.Job instance at 0x7f6d83add050>,40,26,[10  5],41,-1,131,-1,105
1,<environment.Job instance at 0x7f6d8365dbe0>,43,17,[14  2],44,-1,141,-1,124
1,<environment.Job instance at 0x7f6d8350d0a0>,44,28,[2 6],45,-1,165,-1,137
1,<environment.Job instance at 0x7f6d8350da00>,45,3,[11  4],46,-1,140,-1,137
1,<environment.Job instance at 0x7f6d8350de60>,46,1,[7 1],47,-1,138,-1,137
1,<environment.Job instance at 0x7f6d8350dfa0>,47,12,[ 3 12],48,-1,149,-1,137
1,<environment.Job instance at 0x7f6d8350d5f0>,48,24,[9 2],49,-1,162,-1,138
1,<environment.Job instance at 0x7f6d8350d280>,49,15,[ 3 11],50,-1,153,-1,138
1,<environment.Job instance at 0x7f6d834f27d0>,54,14,[ 4 11],55,-1,170,-1,156
1,<environment.Job instance at 0x7f6d834f2230>,55,26,[12  1],56,-1,182,-1,156
1,<environment.Job instance at 0x7f6d834f2eb0>,56,3,[11  3],57,-1,159,-1,156
1,<environment.Job instance at 0x7f6d834f2dc0>,58,24,[8 4],59,-1,182,-1,158
1,<environment.Job instance at 0x7f6d834157d0>,1,22,[13  3],2,-1,24,-1,2
1,<environment.Job instance at 0x7f6d834f2f00>,2,17,[ 3 14],3,-1,20,-1,3
1,<environment.Job instance at 0x7f6d82c273c0>,3,2,[ 3 12],4,-1,6,-1,4
1,<environment.Job instance at 0x7f6d82c27460>,4,26,[4 6],5,-1,31,-1,5
1,<environment.Job instance at 0x7f6d834f23c0>,11,3,[3 7],12,-1,16,-1,13
1,<environment.Job instance at 0x7f6d82c27b40>,13,2,[12  1],14,-1,16,-1,14
1,<environment.Job instance at 0x7f6d82c27c30>,14,2,[8 4],15,-1,17,-1,15
1,<environment.Job instance at 0x7f6d82c27cd0>,15,23,[ 4 10],16,-1,39,-1,16
1,<environment.Job instance at 0x7f6d82c27fa0>,18,23,[9 2],19,-1,42,-1,19
1,<environment.Job instance at 0x7f6d82c2a0f0>,21,12,[ 2 10],22,-1,34,-1,22
1,<environment.Job instance at 0x7f6d82c2a190>,22,14,[10  1],23,-1,40,-1,26
1,<environment.Job instance at 0x7f6d82c2a280>,23,27,[6 4],24,-1,53,-1,26
1,<environment.Job instance at 0x7f6d82c2a370>,24,14,[ 2 14],25,-1,40,-1,26
1,<environment.Job instance at 0x7f6d82c2a500>,26,1,[9 3],27,-1,34,-1,33
1,<environment.Job instance at 0x7f6d82c2a4b0>,27,1,[7 2],28,-1,34,-1,33
1,<environment.Job instance at 0x7f6d82c2a640>,28,2,[6 4],29,-1,35,-1,33
1,<environment.Job instance at 0x7f6d82c2a550>,30,22,[5 5],31,-1,61,-1,39
1,<environment.Job instance at 0x7f6d82c2a820>,31,28,[ 2 13],32,-1,67,-1,39
1,<environment.Job instance at 0x7f6d82c2a910>,32,2,[5 3],33,-1,41,-1,39
1,<environment.Job instance at 0x7f6d82c2ad20>,38,3,[9 3],39,-1,77,-1,74
1,<environment.Job instance at 0x7f6d82c2adc0>,40,21,[ 3 14],41,-1,96,-1,75
1,<environment.Job instance at 0x7f6d82c2af50>,41,1,[4 5],42,-1,76,-1,75
1,<environment.Job instance at 0x7f6d82c2afa0>,42,13,[13  2],43,-1,88,-1,75
1,<environment.Job instance at 0x7f6d82c2c050>,43,28,[2 8],44,-1,103,-1,75
1,<environment.Job instance at 0x7f6d82c2c0a0>,44,3,[5 7],45,-1,78,-1,75
1,<environment.Job instance at 0x7f6d82c2c280>,45,26,[ 1 11],46,-1,101,-1,75
1,<environment.Job instance at 0x7f6d82c2c320>,47,22,[14  1],48,-1,106,-1,84
1,<environment.Job instance at 0x7f6d82c2c460>,48,12,[6 1],49,-1,96,-1,84
1,<environment.Job instance at 0x7f6d82c2c640>,50,15,[12  5],51,-1,106,-1,91
1,<environment.Job instance at 0x7f6d82c2c7d0>,52,15,[11  2],53,-1,122,-1,107
1,<environment.Job instance at 0x7f6d82c2c820>,53,1,[8 5],54,-1,108,-1,107
1,<environment.Job instance at 0x7f6d82c2c8c0>,54,3,[ 4 12],55,-1,110,-1,107
1,<environment.Job instance at 0x7f6d82c2caa0>,55,21,[11  4],56,-1,128,-1,107
1,<environment.Job instance at 0x7f6d82c2ca00>,56,13,[2 9],57,-1,120,-1,107
1,<environment.Job instance at 0x7f6d82c2cb40>,57,14,[2 6],58,-1,133,-1,119
1,<environment.Job instance at 0x7f6d82c2cfa0>,64,14,[ 1 13],65,-1,166,-1,152
1,<environment.Job instance at 0x7f6d82c2d050>,65,1,[10  5],66,-1,153,-1,152
1,<environment.Job instance at 0x7f6d82c2d1e0>,66,2,[13  3],67,-1,154,-1,152
1,<environment.Job instance at 0x7f6d82c2d320>,67,25,[1 9],68,-1,177,-1,152
1,<environment.Job instance at 0x7f6d83d87fa0>,1,19,[ 2 14],2,-1,21,-1,2
1,<environment.Job instance at 0x7f6d832dc370>,2,28,[3 5],3,-1,31,-1,3
1,<environment.Job instance at 0x7f6d82c2d3c0>,8,24,[9 5],9,-1,33,-1,9
1,<environment.Job instance at 0x7f6d8371fd70>,9,2,[13  3],10,-1,12,-1,10
1,<environment.Job instance at 0x7f6d8371f460>,10,27,[3 9],11,-1,38,-1,11
1,<environment.Job instance at 0x7f6d8371f7d0>,11,23,[ 3 12],12,-1,35,-1,12
1,<environment.Job instance at 0x7f6d8371fb40>,12,13,[13  2],13,-1,26,-1,13
1,<environment.Job instance at 0x7f6d8371f2d0>,13,27,[3 5],14,-1,41,-1,14
1,<environment.Job instance at 0x7f6d832753c0>,14,20,[ 4 14],15,-1,35,-1,15
1,<environment.Job instance at 0x7f6d832755a0>,15,25,[10  5],16,-1,41,-1,16
1,<environment.Job instance at 0x7f6d832758c0>,21,19,[ 1 10],22,-1,50,-1,31
1,<environment.Job instance at 0x7f6d83275910>,25,2,[ 5 14],26,-1,51,-1,49
1,<environment.Job instance at 0x7f6d8371a140>,26,19,[ 4 12],27,-1,68,-1,49
1,<environment.Job instance at 0x7f6d8371a5f0>,27,3,[10  1],28,-1,52,-1,49
1,<environment.Job instance at 0x7f6d8371ae60>,28,1,[ 3 11],29,-1,50,-1,49
1,<environment.Job instance at 0x7f6d8371a320>,31,17,[11  3],32,-1,84,-1,67
1,<environment.Job instance at 0x7f6d8371a4b0>,32,15,[ 5 12],33,-1,82,-1,67
1,<environment.Job instance at 0x7f6d8371a640>,33,18,[ 1 13],34,-1,85,-1,67
1,<environment.Job instance at 0x7f6d8371a550>,34,2,[7 3],35,-1,69,-1,67
1,<environment.Job instance at 0x7f6d8371afa0>,35,21,[5 6],36,-1,143,-1,122
1,<environment.Job instance at 0x7f6d8371a500>,41,14,[6 4],42,-1,139,-1,125
1,<environment.Job instance at 0x7f6d8371a0f0>,42,24,[5 3],43,-1,149,-1,125
1,<environment.Job instance at 0x7f6d8371ae10>,43,17,[6 1],44,-1,142,-1,125
1,<environment.Job instance at 0x7f6d83c7d910>,44,1,[3 9],45,-1,126,-1,125
1,<environment.Job instance at 0x7f6d83c7d9b0>,45,15,[10  3],46,-1,140,-1,125
1,<environment.Job instance at 0x7f6d83c7d960>,46,18,[2 8],47,-1,159,-1,141
1,<environment.Job instance at 0x7f6d83c7d280>,49,3,[5 7],50,-1,144,-1,141
1,<environment.Job instance at 0x7f6d83c7dc80>,50,22,[1 6],51,-1,163,-1,141
1,<environment.Job instance at 0x7f6d83c7d1e0>,51,2,[ 1 12],52,-1,143,-1,141
1,<environment.Job instance at 0x7f6d83c7d500>,52,2,[ 1 12],53,-1,143,-1,141
1,<environment.Job instance at 0x7f6d83c7d690>,53,3,[5 2],54,-1,144,-1,141
1,<environment.Job instance at 0x7f6d83c7daf0>,54,3,[5 1],55,-1,144,-1,141
1,<environment.Job instance at 0x7f6d83324280>,55,18,[ 2 11],56,-1,159,-1,141
1,<environment.Job instance at 0x7f6d83324500>,59,1,[ 1 14],60,-1,169,-1,168
1,<environment.Job instance at 0x7f6d833244b0>,60,2,[ 1 11],61,-1,170,-1,168
1,<environment.Job instance at 0x7f6d82925dc0>,1,14,[13  5],2,-1,16,-1,2
1,<environment.Job instance at 0x7f6d8292bdc0>,2,15,[ 5 11],3,-1,18,-1,3
1,<environment.Job instance at 0x7f6d82b395a0>,4,16,[ 2 14],5,-1,21,-1,5
1,<environment.Job instance at 0x7f6d835c4c80>,5,25,[10  3],6,-1,31,-1,6
1,<environment.Job instance at 0x7f6d8386c370>,7,25,[8 2],8,-1,33,-1,8
1,<environment.Job instance at 0x7f6d82b393c0>,8,25,[ 1 13],9,-1,34,-1,9
1,<environment.Job instance at 0x7f6d830c8d20>,9,25,[7 1],10,-1,35,-1,10
1,<environment.Job instance at 0x7f6d830c8870>,11,3,[ 5 13],12,-1,15,-1,12
1,<environment.Job instance at 0x7f6d830c8af0>,13,14,[13  2],14,-1,28,-1,14
1,<environment.Job instance at 0x7f6d83b2a190>,21,26,[ 2 13],22,-1,53,-1,27
1,<environment.Job instance at 0x7f6d83b2af50>,24,18,[12  1],25,-1,67,-1,49
1,<environment.Job instance at 0x7f6d83c74820>,28,3,[ 3 13],29,-1,67,-1,64
1,<environment.Job instance at 0x7f6d8322d230>,30,1,[9 3],31,-1,81,-1,80
1,<environment.Job instance at 0x7f6d8400daa0>,32,2,[6 1],33,-1,83,-1,81
1,<environment.Job instance at 0x7f6d8400d5f0>,34,17,[12  5],35,-1,112,-1,95
1,<environment.Job instance at 0x7f6d8400db90>,35,26,[ 1 12],36,-1,121,-1,95
1,<environment.Job instance at 0x7f6d8400d230>,36,15,[ 5 13],37,-1,110,-1,95
1,<environment.Job instance at 0x7f6d8400dfa0>,38,27,[13  3],39,-1,122,-1,95
1,<environment.Job instance at 0x7f6d83924640>,43,12,[11  4],44,-1,154,-1,142
1,<environment.Job instance at 0x7f6d839248c0>,45,15,[12  4],46,-1,157,-1,142
1,<environment.Job instance at 0x7f6d82a5b7d0>,50,14,[ 4 12],51,-1,191,-1,177
1,<environment.Job instance at 0x7f6d841a5370>,51,1,[6 5],52,-1,178,-1,177
1,<environment.Job instance at 0x7f6d83179960>,53,26,[13  1],54,-1,203,-1,177
1,<environment.Job instance at 0x7f6d82a6c910>,5,13,[14  4],6,-1,19,-1,6
1,<environment.Job instance at 0x7f6d8406ee10>,10,21,[ 2 13],11,-1,40,-1,19
1,<environment.Job instance at 0x7f6d83a8a5a0>,12,17,[ 2 12],13,-1,36,-1,19
1,<environment.Job instance at 0x7f6d83a8a820>,14,1,[13  5],15,-1,30,-1,29
1,<environment.Job instance at 0x7f6d83a8a320>,16,17,[ 2 13],17,-1,52,-1,35
1,<environment.Job instance at 0x7f6d840496e0>,20,2,[4 7],21,-1,63,-1,61
1,<environment.Job instance at 0x7f6d8c7e87d0>,21,28,[2 7],22,-1,89,-1,61
1,<environment.Job instance at 0x7f6d82ce8050>,24,3,[14  2],25,-1,79,-1,76
1,<environment.Job instance at 0x7f6d82ce8780>,25,17,[12  2],26,-1,93,-1,76
1,<environment.Job instance at 0x7f6d836ad640>,26,19,[11  3],27,-1,95,-1,76
1,<environment.Job instance at 0x7f6d8c8cc870>,29,2,[5 3],30,-1,83,-1,81
1,<environment.Job instance at 0x7f6d8c843320>,30,2,[2 8],31,-1,83,-1,81
1,<environment.Job instance at 0x7f6d83e43870>,32,18,[ 2 14],33,-1,109,-1,91
1,<environment.Job instance at 0x7f6d83e43dc0>,33,3,[8 3],34,-1,94,-1,91
1,<environment.Job instance at 0x7f6d83e43aa0>,34,14,[11  1],35,-1,105,-1,91
1,<environment.Job instance at 0x7f6d8411df00>,36,3,[5 8],37,-1,107,-1,104
1,<environment.Job instance at 0x7f6d83e43820>,38,1,[ 1 11],39,-1,125,-1,124
1,<environment.Job instance at 0x7f6d841d3c30>,40,19,[13  5],41,-1,143,-1,124
1,<environment.Job instance at 0x7f6d83fc4b90>,41,22,[13  5],42,-1,146,-1,124
1,<environment.Job instance at 0x7f6d83a9c1e0>,42,18,[11  2],43,-1,142,-1,124
1,<environment.Job instance at 0x7f6d83fc4370>,43,26,[ 3 14],44,-1,150,-1,124
1,<environment.Job instance at 0x7f6d82ff61e0>,45,13,[ 4 11],46,-1,137,-1,124
1,<environment.Job instance at 0x7f6d8301ff00>,46,14,[ 4 14],47,-1,138,-1,124
1,<environment.Job instance at 0x7f6d82ff6a00>,47,28,[ 3 13],48,-1,152,-1,124
1,<environment.Job instance at 0x7f6d83a79460>,52,26,[ 2 11],53,-1,201,-1,175
1,<environment.Job instance at 0x7f6d830a72d0>,8,2,[5 5],9,-1,28,-1,26
1,<environment.Job instance at 0x7f6d830a7280>,9,25,[13  4],10,-1,51,-1,26
1,<environment.Job instance at 0x7f6d830a7960>,10,22,[11  4],11,-1,50,-1,28
1,<environment.Job instance at 0x7f6d830a7500>,13,15,[11  3],14,-1,43,-1,28
1,<environment.Job instance at 0x7f6d830a7d70>,15,1,[8 3],16,-1,49,-1,48
1,<environment.Job instance at 0x7f6d830a7410>,16,1,[5 5],17,-1,49,-1,48
1,<environment.Job instance at 0x7f6d830a7690>,17,25,[10  3],18,-1,73,-1,48
1,<environment.Job instance at 0x7f6d83b69a50>,18,24,[1 9],19,-1,78,-1,54
1,<environment.Job instance at 0x7f6d83b69410>,23,22,[11  2],24,-1,93,-1,71
1,<environment.Job instance at 0x7f6d83b69870>,25,18,[ 3 11],26,-1,89,-1,71
1,<environment.Job instance at 0x7f6d83b69c80>,26,1,[9 2],27,-1,72,-1,71
1,<environment.Job instance at 0x7f6d83b69f50>,28,27,[ 5 14],29,-1,101,-1,74
1,<environment.Job instance at 0x7f6d83b69910>,31,26,[ 5 14],32,-1,119,-1,93
1,<environment.Job instance at 0x7f6d83b695f0>,33,2,[14  2],34,-1,97,-1,95
1,<environment.Job instance at 0x7f6d8341aaa0>,34,20,[ 1 14],35,-1,115,-1,95
1,<environment.Job instance at 0x7f6d8341a550>,37,15,[ 1 14],38,-1,133,-1,118
1,<environment.Job instance at 0x7f6d8341a8c0>,38,15,[ 5 14],39,-1,133,-1,118
1,<environment.Job instance at 0x7f6d8341a690>,39,26,[3 8],40,-1,144,-1,118
1,<environment.Job instance at 0x7f6d8341a820>,40,26,[ 4 10],41,-1,144,-1,118
1,<environment.Job instance at 0x7f6d82df4a50>,42,16,[ 2 11],43,-1,142,-1,126
1,<environment.Job instance at 0x7f6d82df4780>,45,17,[ 5 13],46,-1,143,-1,126
1,<environment.Job instance at 0x7f6d82df4280>,46,14,[14  3],47,-1,140,-1,126
1,<environment.Job instance at 0x7f6d82df4690>,52,26,[13  5],53,-1,200,-1,174
1,<environment.Job instance at 0x7f6d829e3c30>,10,28,[ 2 11],11,-1,39,-1,11
1,<environment.Job instance at 0x7f6d829e34b0>,18,18,[1 5],19,-1,72,-1,54
1,<environment.Job instance at 0x7f6d829e3690>,19,12,[ 1 10],20,-1,66,-1,54
1,<environment.Job instance at 0x7f6d829e3550>,20,14,[14  4],21,-1,68,-1,54
1,<environment.Job instance at 0x7f6d829e3870>,21,28,[3 8],22,-1,82,-1,54
1,<environment.Job instance at 0x7f6d829e3aa0>,22,22,[12  5],23,-1,76,-1,54
1,<environment.Job instance at 0x7f6d82cb6780>,23,14,[ 1 12],24,-1,68,-1,54
1,<environment.Job instance at 0x7f6d82cb6d70>,24,15,[3 8],25,-1,69,-1,54
1,<environment.Job instance at 0x7f6d82cb6a00>,26,3,[ 5 10],27,-1,69,-1,66
1,<environment.Job instance at 0x7f6d82cb6e60>,27,1,[10  5],28,-1,67,-1,66
1,<environment.Job instance at 0x7f6d82cb6820>,29,1,[13  2],30,-1,76,-1,75
1,<environment.Job instance at 0x7f6d82ab0550>,35,26,[6 2],36,-1,132,-1,106
1,<environment.Job instance at 0x7f6d82cabf00>,36,12,[8 1],37,-1,118,-1,106
1,<environment.Job instance at 0x7f6d82cab410>,37,15,[12  4],38,-1,121,-1,106
1,<environment.Job instance at 0x7f6d82cab910>,38,1,[5 6],39,-1,107,-1,106
1,<environment.Job instance at 0x7f6d82cabf50>,39,17,[13  2],40,-1,123,-1,106
1,<environment.Job instance at 0x7f6d82cab960>,40,18,[11  2],41,-1,124,-1,106
1,<environment.Job instance at 0x7f6d82cabd20>,43,3,[13  2],44,-1,123,-1,120
1,<environment.Job instance at 0x7f6d82cab780>,44,12,[9 2],45,-1,132,-1,120
1,<environment.Job instance at 0x7f6d82cab4b0>,45,2,[4 7],46,-1,122,-1,120
1,<environment.Job instance at 0x7f6d82cab640>,46,2,[8 3],47,-1,122,-1,120
1,<environment.Job instance at 0x7f6d82cab0a0>,49,24,[9 1],50,-1,161,-1,137
1,<environment.Job instance at 0x7f6d82cabc80>,51,2,[1 8],52,-1,153,-1,151
1,<environment.Job instance at 0x7f6d841b2c80>,55,25,[ 2 10],56,-1,194,-1,169
1,<environment.Job instance at 0x7f6d841b2f50>,57,28,[11  2],58,-1,197,-1,169
1,<environment.Job instance at 0x7f6d841b2d20>,58,1,[5 4],59,-1,170,-1,169
1,<environment.Job instance at 0x7f6d83c0b6e0>,3,25,[1 6],4,-1,29,-1,4
1,<environment.Job instance at 0x7f6d83c0bb90>,2,24,[5 6],3,-1,28,-1,4
1,<environment.Job instance at 0x7f6d83c0b050>,6,1,[ 4 10],7,-1,8,-1,7
1,<environment.Job instance at 0x7f6d83c0b460>,7,24,[ 3 10],8,-1,32,-1,8
1,<environment.Job instance at 0x7f6d83c0b140>,9,27,[6 5],10,-1,37,-1,10
1,<environment.Job instance at 0x7f6d83040cd0>,12,1,[ 2 13],13,-1,14,-1,13
1,<environment.Job instance at 0x7f6d83040500>,13,12,[9 1],14,-1,26,-1,14
1,<environment.Job instance at 0x7f6d830405f0>,14,17,[13  2],15,-1,32,-1,15
1,<environment.Job instance at 0x7f6d83040230>,15,13,[13  4],16,-1,29,-1,16
1,<environment.Job instance at 0x7f6d830402d0>,16,15,[ 3 14],17,-1,32,-1,17
1,<environment.Job instance at 0x7f6d83040eb0>,17,15,[ 1 10],18,-1,37,-1,22
1,<environment.Job instance at 0x7f6d83040f50>,20,15,[ 2 11],21,-1,37,-1,22
1,<environment.Job instance at 0x7f6d83040140>,21,25,[5 6],22,-1,47,-1,22
1,<environment.Job instance at 0x7f6d83040fa0>,22,27,[4 5],23,-1,50,-1,23
1,<environment.Job instance at 0x7f6d83040640>,23,28,[13  3],24,-1,52,-1,24
1,<environment.Job instance at 0x7f6d83040460>,24,26,[12  1],25,-1,51,-1,25
1,<environment.Job instance at 0x7f6d830407d0>,27,12,[11  2],28,-1,40,-1,28
1,<environment.Job instance at 0x7f6d833066e0>,28,27,[10  1],29,-1,56,-1,29
1,<environment.Job instance at 0x7f6d83306c30>,31,28,[7 5],32,-1,74,-1,46
1,<environment.Job instance at 0x7f6d833068c0>,32,13,[ 5 10],33,-1,59,-1,46
1,<environment.Job instance at 0x7f6d833064b0>,33,24,[5 1],34,-1,70,-1,46
1,<environment.Job instance at 0x7f6d833065f0>,36,17,[13  3],37,-1,75,-1,58
1,<environment.Job instance at 0x7f6d83306320>,37,1,[5 3],38,-1,59,-1,58
1,<environment.Job instance at 0x7f6d83306410>,38,22,[4 6],39,-1,81,-1,59
1,<environment.Job instance at 0x7f6d83306d20>,39,2,[8 4],40,-1,61,-1,59
1,<environment.Job instance at 0x7f6d83306e60>,40,15,[ 4 14],41,-1,74,-1,59
1,<environment.Job instance at 0x7f6d83306af0>,42,24,[14  4],43,-1,93,-1,69
1,<environment.Job instance at 0x7f6d83306960>,43,28,[10  1],44,-1,97,-1,69
1,<environment.Job instance at 0x7f6d83306780>,45,28,[3 7],46,-1,100,-1,72
1,<environment.Job instance at 0x7f6d83306be0>,46,13,[10  2],47,-1,85,-1,72
1,<environment.Job instance at 0x7f6d83306f00>,47,14,[12  4],48,-1,86,-1,72
1,<environment.Job instance at 0x7f6d83617cd0>,49,23,[10  4],50,-1,97,-1,74
1,<environment.Job instance at 0x7f6d83617b40>,50,27,[13  5],51,-1,101,-1,74
1,<environment.Job instance at 0x7f6d83617320>,51,2,[ 5 11],52,-1,76,-1,74
1,<environment.Job instance at 0x7f6d83617fa0>,52,12,[11  5],53,-1,86,-1,74
1,<environment.Job instance at 0x7f6d83617dc0>,53,15,[9 2],54,-1,89,-1,74
1,<environment.Job instance at 0x7f6d836170f0>,54,13,[1 7],55,-1,87,-1,74
1,<environment.Job instance at 0x7f6d836178c0>,55,13,[2 8],56,-1,87,-1,74
1,<environment.Job instance at 0x7f6d83617a50>,56,28,[7 3],57,-1,102,-1,74
1,<environment.Job instance at 0x7f6d83617eb0>,57,3,[10  3],58,-1,77,-1,74
1,<environment.Job instance at 0x7f6d83617550>,58,1,[9 4],59,-1,75,-1,74
1,<environment.Job instance at 0x7f6d836173c0>,59,3,[ 3 14],60,-1,77,-1,74
1,<environment.Job instance at 0x7f6d836177d0>,60,3,[ 4 11],61,-1,77,-1,74
1,<environment.Job instance at 0x7f6d83617d70>,61,1,[11  3],62,-1,75,-1,74
1,<environment.Job instance at 0x7f6d836179b0>,62,23,[13  4],63,-1,97,-1,74
1,<environment.Job instance at 0x7f6d83caf190>,64,23,[ 2 12],65,-1,109,-1,86
1,<environment.Job instance at 0x7f6d83caf8c0>,65,17,[11  5],66,-1,103,-1,86
1,<environment.Job instance at 0x7f6d83cafa50>,66,22,[14  2],67,-1,108,-1,86
1,<environment.Job instance at 0x7f6d83cafcd0>,67,24,[9 5],68,-1,110,-1,86
1,<environment.Job instance at 0x7f6d83caf460>,69,1,[10  5],70,-1,90,-1,89
1,<environment.Job instance at 0x7f6d83caf5f0>,71,12,[ 4 14],72,-1,113,-1,101
1,<environment.Job instance at 0x7f6d82e92190>,74,23,[9 5],75,-1,132,-1,109
1,<environment.Job instance at 0x7f6d82e92b40>,75,19,[ 4 13],76,-1,128,-1,109
1,<environment.Job instance at 0x7f6d82e92280>,79,13,[9 1],80,-1,146,-1,133
1,<environment.Job instance at 0x7f6d82e921e0>,81,1,[5 3],82,-1,137,-1,136
1,<environment.Job instance at 0x7f6d82e92cd0>,83,27,[3 7],84,-1,175,-1,148
1,<environment.Job instance at 0x7f6d82e92410>,84,3,[3 9],85,-1,151,-1,148
1,<environment.Job instance at 0x7f6d82e928c0>,85,1,[ 4 14],86,-1,149,-1,148
1,<environment.Job instance at 0x7f6d82e92730>,86,24,[5 2],87,-1,172,-1,148
1,<environment.Job instance at 0x7f6d82e92d70>,87,15,[1 9],88,-1,163,-1,148
1,<environment.Job instance at 0x7f6d8cd64280>,91,12,[1 8],92,-1,176,-1,164
1,<environment.Job instance at 0x7f6d8cd64a50>,92,24,[4 9],93,-1,188,-1,164
1,<environment.Job instance at 0x7f6d8cd64a50>,2,14,[ 2 12],3,-1,17,-1,3
1,<environment.Job instance at 0x7f6d8c8cbbe0>,4,13,[12  4],5,-1,18,-1,5
1,<environment.Job instance at 0x7f6d82bec7d0>,5,28,[8 5],6,-1,35,-1,7
1,<environment.Job instance at 0x7f6d82becf00>,15,2,[10  1],16,-1,46,-1,44
1,<environment.Job instance at 0x7f6d82becd20>,17,21,[ 4 12],18,-1,77,-1,56
1,<environment.Job instance at 0x7f6d82c1a280>,20,26,[6 2],21,-1,87,-1,61
1,<environment.Job instance at 0x7f6d82c1a5a0>,23,28,[ 5 10],24,-1,98,-1,70
1,<environment.Job instance at 0x7f6d82c1a4b0>,24,2,[ 2 11],25,-1,72,-1,70
1,<environment.Job instance at 0x7f6d82c1a640>,25,24,[4 7],26,-1,94,-1,70
1,<environment.Job instance at 0x7f6d82c1a870>,27,2,[9 5],28,-1,73,-1,71
1,<environment.Job instance at 0x7f6d82c1a910>,29,24,[4 9],30,-1,111,-1,87
1,<environment.Job instance at 0x7f6d82c1a9b0>,30,3,[8 2],31,-1,90,-1,87
1,<environment.Job instance at 0x7f6d82c1aa50>,31,28,[6 2],32,-1,115,-1,87
1,<environment.Job instance at 0x7f6d82c1acd0>,35,23,[1 9],36,-1,163,-1,140
1,<environment.Job instance at 0x7f6d82be9190>,42,3,[12  4],43,-1,156,-1,153
1,<environment.Job instance at 0x7f6d82be9320>,43,3,[ 5 14],44,-1,156,-1,153
1,<environment.Job instance at 0x7f6d82be90a0>,44,23,[ 1 14],45,-1,176,-1,153
1,<environment.Job instance at 0x7f6d82be9280>,45,2,[ 4 11],46,-1,155,-1,153
1,<environment.Job instance at 0x7f6d82be9460>,46,16,[ 1 11],47,-1,169,-1,153
1,<environment.Job instance at 0x7f6d82be9500>,47,27,[13  3],48,-1,180,-1,153
1,<environment.Job instance at 0x7f6d83f06370>,5,25,[5 6],6,-1,31,-1,6
1,<environment.Job instance at 0x7f6d83f068c0>,8,25,[7 4],9,-1,34,-1,9
1,<environment.Job instance at 0x7f6d83f069b0>,10,12,[14  1],11,-1,23,-1,11
1,<environment.Job instance at 0x7f6d83f06aa0>,11,13,[ 2 14],12,-1,25,-1,12
1,<environment.Job instance at 0x7f6d82c823c0>,12,13,[14  2],13,-1,26,-1,13
1,<environment.Job instance at 0x7f6d82c82dc0>,15,14,[14  2],16,-1,30,-1,16
1,<environment.Job instance at 0x7f6d83f062d0>,17,13,[ 1 10],18,-1,75,-1,62
1,<environment.Job instance at 0x7f6d8ca88b90>,26,14,[ 4 12],27,-1,76,-1,62
1,<environment.Job instance at 0x7f6d8ca88230>,27,3,[3 6],28,-1,65,-1,62
1,<environment.Job instance at 0x7f6d8ca88f00>,30,16,[ 5 11],31,-1,91,-1,75
1,<environment.Job instance at 0x7f6d83662d70>,33,3,[ 4 12],34,-1,83,-1,80
1,<environment.Job instance at 0x7f6d83662320>,45,1,[11  4],46,-1,153,-1,152
1,<environment.Job instance at 0x7f6d83662af0>,46,17,[ 2 12],47,-1,169,-1,152
1,<environment.Job instance at 0x7f6d83662500>,48,2,[ 4 13],49,-1,168,-1,166
1,<environment.Job instance at 0x7f6d83e4cc80>,49,2,[9 4],50,-1,168,-1,166
1,<environment.Job instance at 0x7f6d83e4c190>,50,12,[14  4],51,-1,178,-1,166
1,<environment.Job instance at 0x7f6d83e4c0a0>,52,12,[12  4],53,-1,179,-1,167
1,<environment.Job instance at 0x7f6d8c8d1230>,9,25,[ 2 10],10,-1,35,-1,10
1,<environment.Job instance at 0x7f6d82bb8a00>,10,28,[6 2],11,-1,39,-1,11
1,<environment.Job instance at 0x7f6d82bb8050>,11,23,[12  4],12,-1,35,-1,12
1,<environment.Job instance at 0x7f6d82bb8eb0>,12,23,[ 1 10],13,-1,36,-1,13
1,<environment.Job instance at 0x7f6d82bb82d0>,13,22,[14  4],14,-1,36,-1,14
1,<environment.Job instance at 0x7f6d83663370>,18,25,[4 6],19,-1,60,-1,35
1,<environment.Job instance at 0x7f6d83663140>,21,27,[ 4 12],22,-1,77,-1,50
1,<environment.Job instance at 0x7f6d83663eb0>,25,14,[ 5 13],26,-1,77,-1,63
1,<environment.Job instance at 0x7f6d83663230>,26,3,[7 4],27,-1,66,-1,63
1,<environment.Job instance at 0x7f6d83663f00>,29,13,[ 3 11],30,-1,85,-1,72
1,<environment.Job instance at 0x7f6d83a93780>,30,22,[ 1 14],31,-1,94,-1,72
1,<environment.Job instance at 0x7f6d83a93640>,31,24,[9 4],32,-1,96,-1,72
1,<environment.Job instance at 0x7f6d83a933c0>,32,28,[9 5],33,-1,100,-1,72
1,<environment.Job instance at 0x7f6d83a93be0>,36,16,[ 3 14],37,-1,118,-1,102
1,<environment.Job instance at 0x7f6d83a937d0>,37,25,[ 2 14],38,-1,127,-1,102
1,<environment.Job instance at 0x7f6d83a93d70>,38,3,[14  3],39,-1,105,-1,102
1,<environment.Job instance at 0x7f6d83a93cd0>,39,12,[ 1 11],40,-1,114,-1,102
1,<environment.Job instance at 0x7f6d83a93f00>,40,27,[10  2],41,-1,129,-1,102
1,<environment.Job instance at 0x7f6d84148500>,41,14,[ 3 13],42,-1,116,-1,102
1,<environment.Job instance at 0x7f6d84148730>,42,24,[14  4],43,-1,126,-1,102
1,<environment.Job instance at 0x7f6d84148690>,43,2,[ 1 12],44,-1,104,-1,102
1,<environment.Job instance at 0x7f6d83e9ef00>,45,27,[3 6],46,-1,138,-1,111
1,<environment.Job instance at 0x7f6d83e9eb40>,46,3,[7 1],47,-1,114,-1,111
1,<environment.Job instance at 0x7f6d83e9ea50>,47,28,[4 9],48,-1,139,-1,111
1,<environment.Job instance at 0x7f6d83e9e8c0>,48,16,[12  2],49,-1,127,-1,111
1,<environment.Job instance at 0x7f6d83358960>,51,2,[1 8],52,-1,127,-1,125
1,<environment.Job instance at 0x7f6d83c7d9b0>,53,14,[ 2 11],54,-1,157,-1,143
1,<environment.Job instance at 0x7f6d83c7d370>,54,17,[11  5],55,-1,162,-1,145
1,<environment.Job instance at 0x7f6d83c7d780>,57,17,[11  1],58,-1,188,-1,171
1,<environment.Job instance at 0x7f6d83c7d8c0>,58,3,[7 1],59,-1,174,-1,171
1,<environment.Job instance at 0x7f6d83c7df00>,3,26,[2 9],4,-1,30,-1,4
1,<environment.Job instance at 0x7f6d82cca640>,7,2,[ 5 12],8,-1,11,-1,9
1,<environment.Job instance at 0x7f6d82cca7d0>,8,1,[ 3 10],9,-1,11,-1,10
1,<environment.Job instance at 0x7f6d82acde60>,10,17,[ 4 10],11,-1,34,-1,17
1,<environment.Job instance at 0x7f6d82acd5a0>,13,22,[1 5],14,-1,40,-1,18
1,<environment.Job instance at 0x7f6d82acd5f0>,14,21,[10  4],15,-1,130,-1,109
1,<environment.Job instance at 0x7f6d82925460>,25,3,[13  1],26,-1,112,-1,109
1,<environment.Job instance at 0x7f6d82925500>,26,2,[11  3],27,-1,111,-1,109
1,<environment.Job instance at 0x7f6d82925640>,28,14,[11  4],29,-1,123,-1,109
1,<environment.Job instance at 0x7f6d82925780>,30,28,[8 2],31,-1,137,-1,109
1,<environment.Job instance at 0x7f6d82925820>,31,1,[5 9],32,-1,110,-1,109
1,<environment.Job instance at 0x7f6d82925910>,33,25,[12  5],34,-1,141,-1,116
1,<environment.Job instance at 0x7f6d829259b0>,34,26,[1 5],35,-1,142,-1,116
1,<environment.Job instance at 0x7f6d82925a50>,35,20,[7 1],36,-1,136,-1,116
1,<environment.Job instance at 0x7f6d82925af0>,36,24,[5 6],37,-1,140,-1,116
1,<environment.Job instance at 0x7f6d82925fa0>,43,3,[7 1],44,-1,163,-1,160
1,<environment.Job instance at 0x7f6d829471e0>,45,27,[6 5],46,-1,187,-1,160
1,<environment.Job instance at 0x7f6d82947320>,47,15,[14  1],48,-1,175,-1,160
1,<environment.Job instance at 0x7f6d82947460>,49,2,[9 2],50,-1,171,-1,169
1,<environment.Job instance at 0x7f6d82947050>,50,1,[ 2 13],51,-1,170,-1,169
1,<environment.Job instance at 0x7f6d82947640>,51,27,[6 1],52,-1,196,-1,169
1,<environment.Job instance at 0x7f6d82947190>,52,26,[5 2],53,-1,195,-1,169
1,<environment.Job instance at 0x7f6d82947690>,53,13,[ 1 12],54,-1,182,-1,169
1,<environment.Job instance at 0x7f6d82947730>,54,28,[6 5],55,-1,197,-1,169
1,<environment.Job instance at 0x7f6d829477d0>,55,2,[13  5],56,-1,171,-1,169
1,<environment.Job instance at 0x7f6d82947960>,56,14,[ 2 12],57,-1,183,-1,169
1,<environment.Job instance at 0x7f6d829478c0>,57,1,[10  3],58,-1,170,-1,169
1,<environment.Job instance at 0x7f6d82947b40>,58,25,[ 2 10],59,-1,194,-1,169
1,<environment.Job instance at 0x7f6d82947be0>,59,22,[ 2 13],60,-1,191,-1,169
1,<environment.Job instance at 0x7f6d82947c80>,60,3,[ 1 12],61,-1,172,-1,169
1,<environment.Job instance at 0x7f6d82947d20>,61,15,[ 3 11],62,-1,184,-1,169
1,<environment.Job instance at 0x7f6d82947dc0>,62,26,[8 3],63,-1,195,-1,169
1,<environment.Job instance at 0x7f6d82947e60>,63,3,[5 2],64,-1,172,-1,169
1,<environment.Job instance at 0x7f6d82947f00>,64,22,[8 5],65,-1,192,-1,170
1,<environment.Job instance at 0x7f6d82947a00>,65,12,[ 5 10],66,-1,182,-1,170
1,<environment.Job instance at 0x7f6d82947a50>,66,24,[5 9],67,-1,194,-1,170
1,<environment.Job instance at 0x7f6d82947910>,67,14,[4 9],68,-1,184,-1,170
1,<environment.Job instance at 0x7f6d829221e0>,68,12,[14  1],69,-1,182,-1,170
1,<environment.Job instance at 0x7f6d8319b3c0>,5,18,[ 5 13],6,-1,24,-1,6
1,<environment.Job instance at 0x7f6d8319bf00>,6,3,[9 4],7,-1,10,-1,7
1,<environment.Job instance at 0x7f6d8319bc80>,3,23,[11  5],4,-1,30,-1,7
1,<environment.Job instance at 0x7f6d8319baa0>,9,26,[ 3 10],10,-1,36,-1,10
1,<environment.Job instance at 0x7f6d8319b4b0>,11,3,[3 5],12,-1,17,-1,14
1,<environment.Job instance at 0x7f6d83bd6460>,14,18,[12  3],15,-1,33,-1,15
1,<environment.Job instance at 0x7f6d83607e60>,18,26,[ 4 11],19,-1,58,-1,32
1,<environment.Job instance at 0x7f6d82f08e60>,19,1,[4 8],20,-1,33,-1,32
1,<environment.Job instance at 0x7f6d8cd295a0>,20,13,[9 3],21,-1,66,-1,53
1,<environment.Job instance at 0x7f6d832a4780>,22,3,[11  4],23,-1,56,-1,53
1,<environment.Job instance at 0x7f6d832a4870>,23,20,[3 9],24,-1,73,-1,53
1,<environment.Job instance at 0x7f6d832a49b0>,25,24,[2 8],26,-1,84,-1,60
1,<environment.Job instance at 0x7f6d832a4fa0>,26,28,[7 4],27,-1,88,-1,60
1,<environment.Job instance at 0x7f6d832a4500>,27,12,[13  4],28,-1,72,-1,60
1,<environment.Job instance at 0x7f6d82bf1410>,31,13,[12  3],32,-1,88,-1,75
1,<environment.Job instance at 0x7f6d832a4eb0>,32,25,[9 2],33,-1,100,-1,75
1,<environment.Job instance at 0x7f6d82ebdbe0>,33,22,[4 6],34,-1,102,-1,80
1,<environment.Job instance at 0x7f6d82ebdb40>,34,23,[6 4],35,-1,103,-1,80
1,<environment.Job instance at 0x7f6d8cdc15f0>,36,25,[11  2],37,-1,116,-1,91
1,<environment.Job instance at 0x7f6d8407e960>,38,1,[6 3],39,-1,105,-1,104
1,<environment.Job instance at 0x7f6d8407ec30>,39,1,[11  1],40,-1,105,-1,104
1,<environment.Job instance at 0x7f6d83753230>,40,16,[ 1 11],41,-1,120,-1,104
1,<environment.Job instance at 0x7f6d837535a0>,42,2,[3 5],43,-1,106,-1,104
1,<environment.Job instance at 0x7f6d83753cd0>,43,2,[9 4],44,-1,106,-1,104
1,<environment.Job instance at 0x7f6d83753eb0>,44,17,[4 8],45,-1,132,-1,115
1,<environment.Job instance at 0x7f6d834e4780>,47,21,[2 6],48,-1,136,-1,115
1,<environment.Job instance at 0x7f6d834e4460>,48,14,[7 5],49,-1,129,-1,115
1,<environment.Job instance at 0x7f6d834e4b90>,49,2,[ 2 14],50,-1,117,-1,115
1,<environment.Job instance at 0x7f6d834e47d0>,50,13,[1 9],51,-1,128,-1,115
1,<environment.Job instance at 0x7f6d83a69820>,51,16,[ 2 10],52,-1,131,-1,115
1,<environment.Job instance at 0x7f6d83a699b0>,52,2,[5 5],53,-1,117,-1,115
1,<environment.Job instance at 0x7f6d82cc60a0>,53,16,[12  2],54,-1,131,-1,115
1,<environment.Job instance at 0x7f6d83102c80>,54,12,[5 5],55,-1,127,-1,115
1,<environment.Job instance at 0x7f6d82cc6230>,55,2,[7 5],56,-1,117,-1,115
1,<environment.Job instance at 0x7f6d82cc6b90>,56,20,[10  2],57,-1,135,-1,115
1,<environment.Job instance at 0x7f6d8353f410>,57,28,[3 6],58,-1,143,-1,115
1,<environment.Job instance at 0x7f6d8353f870>,58,28,[11  3],59,-1,143,-1,115
1,<environment.Job instance at 0x7f6d83a7f410>,59,27,[14  3],60,-1,142,-1,115
1,<environment.Job instance at 0x7f6d83fce780>,60,13,[9 5],61,-1,128,-1,115
1,<environment.Job instance at 0x7f6d83a7fb90>,61,3,[ 5 10],62,-1,118,-1,115
1,<environment.Job instance at 0x7f6d83fce8c0>,62,22,[2 6],63,-1,137,-1,115
1,<environment.Job instance at 0x7f6d83fce140>,63,17,[ 3 14],64,-1,132,-1,115
1,<environment.Job instance at 0x7f6d83fceb40>,64,27,[13  4],65,-1,142,-1,115
1,<environment.Job instance at 0x7f6d83fce1e0>,65,25,[ 5 10],66,-1,140,-1,115
1,<environment.Job instance at 0x7f6d83fce5a0>,66,17,[ 1 14],67,-1,132,-1,115
1,<environment.Job instance at 0x7f6d83fce820>,68,3,[5 6],69,-1,135,-1,132
1,<environment.Job instance at 0x7f6d83fcef50>,69,21,[1 8],70,-1,153,-1,132
1,<environment.Job instance at 0x7f6d83b51140>,70,14,[14  2],71,-1,146,-1,132
1,<environment.Job instance at 0x7f6d83b51e10>,71,21,[12  1],72,-1,153,-1,132
1,<environment.Job instance at 0x7f6d837ebeb0>,72,12,[6 3],73,-1,144,-1,132
1,<environment.Job instance at 0x7f6d82f685f0>,73,18,[9 1],74,-1,150,-1,132
1,<environment.Job instance at 0x7f6d82f68320>,74,18,[14  3],75,-1,150,-1,132
1,<environment.Job instance at 0x7f6d82e695a0>,76,12,[3 6],77,-1,145,-1,133
1,<environment.Job instance at 0x7f6d83aac2d0>,77,12,[ 2 12],78,-1,145,-1,133
1,<environment.Job instance at 0x7f6d83aac910>,78,3,[ 5 12],79,-1,136,-1,133
1,<environment.Job instance at 0x7f6d83aac780>,79,24,[13  3],80,-1,157,-1,133
1,<environment.Job instance at 0x7f6d83aac6e0>,80,2,[1 8],81,-1,135,-1,133
1,<environment.Job instance at 0x7f6d83aace10>,81,16,[ 4 13],82,-1,149,-1,133
1,<environment.Job instance at 0x7f6d83aac140>,82,2,[3 9],83,-1,135,-1,133
1,<environment.Job instance at 0x7f6d83aacf00>,83,2,[12  2],84,-1,135,-1,133
1,<environment.Job instance at 0x7f6d830d1690>,84,12,[ 3 10],85,-1,145,-1,133
1,<environment.Job instance at 0x7f6d830d1550>,85,13,[11  5],86,-1,146,-1,133
1,<environment.Job instance at 0x7f6d830d1e10>,86,27,[ 4 11],87,-1,160,-1,133
1,<environment.Job instance at 0x7f6d830d1be0>,87,25,[5 2],88,-1,158,-1,133
1,<environment.Job instance at 0x7f6d830d19b0>,88,3,[ 1 14],89,-1,136,-1,133
1,<environment.Job instance at 0x7f6d830d1b40>,89,13,[ 4 10],90,-1,146,-1,133
1,<environment.Job instance at 0x7f6d830d1870>,90,18,[ 5 13],91,-1,151,-1,133
1,<environment.Job instance at 0x7f6d830d1a50>,91,17,[3 5],92,-1,150,-1,133
1,<environment.Job instance at 0x7f6d830d1910>,92,3,[4 9],93,-1,136,-1,133
1,<environment.Job instance at 0x7f6d830d18c0>,93,15,[ 4 12],94,-1,148,-1,133
1,<environment.Job instance at 0x7f6d830d1730>,94,18,[ 3 12],95,-1,151,-1,133
1,<environment.Job instance at 0x7f6d830d10a0>,95,20,[4 9],96,-1,153,-1,133
1,<environment.Job instance at 0x7f6d830d1960>,96,3,[11  3],97,-1,136,-1,133
1,<environment.Job instance at 0x7f6d830d1cd0>,97,28,[ 2 13],98,-1,161,-1,133
1,<environment.Job instance at 0x7f6d830d1370>,98,27,[2 7],99,-1,160,-1,133
1,<environment.Job instance at 0x7f6d830d15a0>,99,1,[3 8],100,-1,134,-1,133
1,<environment.Job instance at 0x7f6d830d1f50>,100,16,[3 7],101,-1,150,-1,134
1,<environment.Job instance at 0x7f6d830d1d70>,101,1,[11  5],102,-1,135,-1,134
1,<environment.Job instance at 0x7f6d830d1d20>,102,3,[3 9],103,-1,137,-1,134
1,<environment.Job instance at 0x7f6d830d1e60>,103,14,[ 4 14],104,-1,148,-1,134
1,<environment.Job instance at 0x7f6d82c32a50>,104,18,[13  1],105,-1,152,-1,134
1,<environment.Job instance at 0x7f6d83945050>,105,18,[10  3],106,-1,158,-1,140
1,<environment.Job instance at 0x7f6d83945370>,106,21,[9 4],107,-1,164,-1,143
1,<environment.Job instance at 0x7f6d839458c0>,107,3,[13  4],108,-1,146,-1,143
1,<environment.Job instance at 0x7f6d83945230>,108,2,[9 3],109,-1,145,-1,143
1,<environment.Job instance at 0x7f6d839450a0>,109,14,[4 9],110,-1,157,-1,143
1,<environment.Job instance at 0x7f6d83945960>,110,3,[12  3],111,-1,146,-1,143
1,<environment.Job instance at 0x7f6d839457d0>,111,19,[11  2],112,-1,162,-1,143
1,<environment.Job instance at 0x7f6d83945b40>,112,15,[ 5 13],113,-1,158,-1,143
1,<environment.Job instance at 0x7f6d83deddc0>,113,13,[14  5],114,-1,156,-1,143
1,<environment.Job instance at 0x7f6d83241690>,114,15,[2 7],115,-1,159,-1,144
1,<environment.Job instance at 0x7f6d836bdc30>,115,26,[11  3],116,-1,170,-1,144
1,<environment.Job instance at 0x7f6d83241910>,116,17,[1 9],117,-1,161,-1,144
1,<environment.Job instance at 0x7f6d828ec910>,117,12,[14  4],118,-1,156,-1,144
1,<environment.Job instance at 0x7f6d831c0730>,120,26,[ 2 12],121,-1,175,-1,149
1,<environment.Job instance at 0x7f6d831c0a50>,121,17,[3 7],122,-1,166,-1,149
1,<environment.Job instance at 0x7f6d82eb6a50>,122,27,[7 1],123,-1,176,-1,149
1,<environment.Job instance at 0x7f6d82eb6320>,123,25,[1 7],124,-1,174,-1,149
1,<environment.Job instance at 0x7f6d83e50dc0>,124,12,[2 7],125,-1,161,-1,149
1,<environment.Job instance at 0x7f6d83e71870>,125,23,[8 5],126,-1,172,-1,149
1,<environment.Job instance at 0x7f6d83453370>,126,24,[5 6],127,-1,173,-1,149
1,<environment.Job instance at 0x7f6d83017730>,128,2,[6 2],129,-1,167,-1,165
1,<environment.Job instance at 0x7f6d832ce5a0>,129,22,[4 5],130,-1,187,-1,165
1,<environment.Job instance at 0x7f6d82bc7780>,130,19,[8 4],131,-1,190,-1,171
1,<environment.Job instance at 0x7f6d83b19960>,131,22,[12  5],132,-1,193,-1,171
1,<environment.Job instance at 0x7f6d82bd69b0>,132,1,[4 5],133,-1,172,-1,171
1,<environment.Job instance at 0x7f6d841afdc0>,1,13,[ 2 13],2,-1,15,-1,2
1,<environment.Job instance at 0x7f6d833dfeb0>,2,26,[13  4],3,-1,29,-1,3
1,<environment.Job instance at 0x7f6d84124e10>,3,1,[1 5],4,-1,5,-1,4
1,<environment.Job instance at 0x7f6d8ca870a0>,7,2,[5 5],8,-1,10,-1,8
1,<environment.Job instance at 0x7f6d84124190>,8,16,[11  1],9,-1,25,-1,9
1,<environment.Job instance at 0x7f6d82f73870>,11,3,[4 6],12,-1,15,-1,12
1,<environment.Job instance at 0x7f6d82f73050>,13,28,[6 2],14,-1,42,-1,14
1,<environment.Job instance at 0x7f6d82f735a0>,14,13,[ 2 14],15,-1,28,-1,15
1,<environment.Job instance at 0x7f6d82f73230>,16,17,[ 5 11],17,-1,34,-1,17
1,<environment.Job instance at 0x7f6d839a9aa0>,17,2,[ 3 14],18,-1,20,-1,18
1,<environment.Job instance at 0x7f6d83265230>,34,23,[9 1],35,-1,157,-1,134
1,<environment.Job instance at 0x7f6d838c7280>,35,3,[9 3],36,-1,137,-1,134
1,<environment.Job instance at 0x7f6d832b4aa0>,36,23,[5 9],37,-1,159,-1,136
1,<environment.Job instance at 0x7f6d832b46e0>,37,15,[11  1],38,-1,151,-1,136
1,<environment.Job instance at 0x7f6d82bda730>,39,3,[6 2],40,-1,141,-1,138
1,<environment.Job instance at 0x7f6d8297b050>,42,24,[10  2],43,-1,178,-1,154
1,<environment.Job instance at 0x7f6d830e24b0>,7,21,[ 4 10],8,-1,32,-1,11
1,<environment.Job instance at 0x7f6d82934aa0>,8,28,[4 7],9,-1,39,-1,11
1,<environment.Job instance at 0x7f6d8cd3d370>,12,1,[6 2],13,-1,29,-1,28
1,<environment.Job instance at 0x7f6d8cd3daa0>,13,23,[2 8],14,-1,51,-1,28
1,<environment.Job instance at 0x7f6d82970230>,16,15,[ 2 13],17,-1,69,-1,54
1,<environment.Job instance at 0x7f6d82970960>,17,27,[4 5],18,-1,81,-1,54
1,<environment.Job instance at 0x7f6d82970460>,18,14,[ 1 11],19,-1,68,-1,54
1,<environment.Job instance at 0x7f6d82febaa0>,19,23,[12  2],20,-1,77,-1,54
1,<environment.Job instance at 0x7f6d829705a0>,21,18,[14  5],22,-1,72,-1,54
1,<environment.Job instance at 0x7f6d836bbcd0>,22,13,[ 2 10],23,-1,67,-1,54
1,<environment.Job instance at 0x7f6d836bb7d0>,24,19,[9 1],25,-1,76,-1,57
1,<environment.Job instance at 0x7f6d836bb6e0>,25,13,[ 3 10],26,-1,70,-1,57
1,<environment.Job instance at 0x7f6d836bb1e0>,26,3,[ 4 10],27,-1,60,-1,57
1,<environment.Job instance at 0x7f6d83f9e5a0>,28,2,[8 1],29,-1,68,-1,66
1,<environment.Job instance at 0x7f6d836bb910>,29,27,[5 7],30,-1,93,-1,66
1,<environment.Job instance at 0x7f6d8386a9b0>,30,25,[9 5],31,-1,91,-1,66
1,<environment.Job instance at 0x7f6d83cc20a0>,33,14,[14  5],34,-1,94,-1,80
1,<environment.Job instance at 0x7f6d83a9bb90>,36,1,[9 3],37,-1,101,-1,100
1,<environment.Job instance at 0x7f6d83f965a0>,37,3,[5 5],38,-1,103,-1,100
1,<environment.Job instance at 0x7f6d83fbeeb0>,38,14,[ 2 10],39,-1,114,-1,100
1,<environment.Job instance at 0x7f6d84071140>,39,17,[ 5 12],40,-1,117,-1,100
1,<environment.Job instance at 0x7f6d82d5ed20>,41,13,[7 2],42,-1,113,-1,100
1,<environment.Job instance at 0x7f6d8c849870>,42,26,[3 6],43,-1,126,-1,100
1,<environment.Job instance at 0x7f6d8c849fa0>,43,1,[ 5 10],44,-1,101,-1,100
1,<environment.Job instance at 0x7f6d8430a5a0>,44,12,[1 7],45,-1,112,-1,100
1,<environment.Job instance at 0x7f6d8430a730>,45,2,[6 4],46,-1,102,-1,100
1,<environment.Job instance at 0x7f6d8c8cb5f0>,46,22,[5 5],47,-1,122,-1,100
1,<environment.Job instance at 0x7f6d831a6320>,47,20,[11  5],48,-1,120,-1,100
1,<environment.Job instance at 0x7f6d831a6230>,48,20,[13  5],49,-1,120,-1,100
1,<environment.Job instance at 0x7f6d8c82b0f0>,50,25,[10  2],51,-1,137,-1,112
1,<environment.Job instance at 0x7f6d831a6b90>,51,2,[ 1 10],52,-1,114,-1,112
1,<environment.Job instance at 0x7f6d839cebe0>,52,18,[ 5 11],53,-1,130,-1,112
1,<environment.Job instance at 0x7f6d839ce9b0>,54,16,[14  2],55,-1,130,-1,114
1,<environment.Job instance at 0x7f6d839ce050>,55,24,[7 2],56,-1,138,-1,114
1,<environment.Job instance at 0x7f6d839cef00>,56,2,[5 5],57,-1,116,-1,114
1,<environment.Job instance at 0x7f6d82ecf0a0>,57,1,[1 6],58,-1,115,-1,114
1,<environment.Job instance at 0x7f6d839ce140>,58,16,[ 2 12],59,-1,130,-1,114
1,<environment.Job instance at 0x7f6d82ecfbe0>,60,1,[ 5 14],61,-1,116,-1,115
1,<environment.Job instance at 0x7f6d82ecf2d0>,62,17,[ 5 13],63,-1,148,-1,131
1,<environment.Job instance at 0x7f6d82ecf320>,63,21,[ 2 10],64,-1,152,-1,131
1,<environment.Job instance at 0x7f6d82ecf9b0>,65,3,[11  4],66,-1,135,-1,132
1,<environment.Job instance at 0x7f6d82ecf780>,66,19,[ 4 10],67,-1,151,-1,132
1,<environment.Job instance at 0x7f6d82ecfc80>,67,27,[2 9],68,-1,159,-1,132
1,<environment.Job instance at 0x7f6d82ecfdc0>,68,22,[2 7],69,-1,154,-1,132
1,<environment.Job instance at 0x7f6d82f4b910>,69,12,[13  1],70,-1,144,-1,132
1,<environment.Job instance at 0x7f6d8351b140>,71,25,[11  5],72,-1,157,-1,132
1,<environment.Job instance at 0x7f6d8351bdc0>,72,3,[ 2 14],73,-1,135,-1,132
1,<environment.Job instance at 0x7f6d8351ba00>,73,28,[7 5],74,-1,160,-1,132
1,<environment.Job instance at 0x7f6d8351bb40>,74,28,[ 5 10],75,-1,160,-1,132
1,<environment.Job instance at 0x7f6d8351b0a0>,75,16,[11  3],76,-1,148,-1,132
1,<environment.Job instance at 0x7f6d8351bcd0>,76,28,[ 3 14],77,-1,160,-1,132
1,<environment.Job instance at 0x7f6d8351bd20>,77,12,[14  1],78,-1,144,-1,132
1,<environment.Job instance at 0x7f6d8351b5a0>,79,25,[3 8],80,-1,172,-1,147
1,<environment.Job instance at 0x7f6d8351b5f0>,81,24,[5 3],82,-1,171,-1,147
1,<environment.Job instance at 0x7f6d8351b0f0>,82,1,[5 1],83,-1,148,-1,147
1,<environment.Job instance at 0x7f6d8351baa0>,83,2,[6 1],84,-1,149,-1,147
1,<environment.Job instance at 0x7f6d8351b190>,84,2,[11  4],85,-1,149,-1,147
1,<environment.Job instance at 0x7f6d8351beb0>,85,3,[5 5],86,-1,150,-1,147
1,<environment.Job instance at 0x7f6d8351b820>,86,15,[ 4 14],87,-1,162,-1,147
1,<environment.Job instance at 0x7f6d8351b410>,87,2,[ 2 10],88,-1,149,-1,147
1,<environment.Job instance at 0x7f6d8351b1e0>,88,3,[10  5],89,-1,150,-1,147
1,<environment.Job instance at 0x7f6d8351b4b0>,89,2,[4 5],90,-1,149,-1,147
1,<environment.Job instance at 0x7f6d83299280>,90,1,[2 8],91,-1,148,-1,147
1,<environment.Job instance at 0x7f6d83299780>,91,25,[ 4 10],92,-1,172,-1,147
1,<environment.Job instance at 0x7f6d83299050>,93,28,[1 8],94,-1,188,-1,160
1,<environment.Job instance at 0x7f6d832994b0>,94,18,[ 5 12],95,-1,178,-1,160
1,<environment.Job instance at 0x7f6d83299e60>,95,2,[11  3],96,-1,162,-1,160
1,<environment.Job instance at 0x7f6d832999b0>,96,13,[ 2 12],97,-1,173,-1,160
1,<environment.Job instance at 0x7f6d832998c0>,97,15,[ 2 12],98,-1,175,-1,160
1,<environment.Job instance at 0x7fa2702ab320>,1,27,[3 7],2,-1,29,-1,2
1,<environment.Job instance at 0x7fa2702ab1e0>,7,16,[ 5 14],8,-1,24,-1,8
1,<environment.Job instance at 0x7fa266b33be0>,12,17,[ 1 14],13,-1,33,-1,16
1,<environment.Job instance at 0x7fa266b33b40>,13,15,[13  4],14,-1,31,-1,16
1,<environment.Job instance at 0x7fa266b33dc0>,15,16,[11  5],16,-1,43,-1,27
1,<environment.Job instance at 0x7fa266b33eb0>,16,15,[ 1 11],17,-1,42,-1,27
1,<environment.Job instance at 0x7fa266b33f50>,17,2,[3 5],18,-1,29,-1,27
1,<environment.Job instance at 0x7fa266b351e0>,19,2,[5 5],20,-1,30,-1,28
1,<environment.Job instance at 0x7fa266b35320>,21,23,[6 4],22,-1,69,-1,46
1,<environment.Job instance at 0x7fa266b35460>,23,16,[ 1 11],24,-1,64,-1,48
1,<environment.Job instance at 0x7fa266b35500>,24,23,[5 8],25,-1,71,-1,48
1,<environment.Job instance at 0x7fa266b35960>,30,3,[13  2],31,-1,91,-1,88
1,<environment.Job instance at 0x7fa266b35a00>,31,19,[ 5 11],32,-1,107,-1,88
1,<environment.Job instance at 0x7fa266b35aa0>,32,12,[13  5],33,-1,100,-1,88
1,<environment.Job instance at 0x7fa266b35c80>,35,3,[5 9],36,-1,104,-1,101
1,<environment.Job instance at 0x7fa266b35f00>,39,25,[12  4],40,-1,157,-1,132
1,<environment.Job instance at 0x7fa266b35910>,40,13,[ 2 10],41,-1,145,-1,132
1,<environment.Job instance at 0x7fa266b357d0>,41,28,[7 5],42,-1,160,-1,132
1,<environment.Job instance at 0x7fa266b391e0>,42,15,[14  4],43,-1,147,-1,132
1,<environment.Job instance at 0x7fa266b39320>,44,1,[1 7],45,-1,136,-1,135
1,<environment.Job instance at 0x7fa266b393c0>,45,12,[ 4 12],46,-1,147,-1,135
1,<environment.Job instance at 0x7fa266b39460>,47,1,[3 5],48,-1,145,-1,144
1,<environment.Job instance at 0x7fa266b39780>,52,28,[12  2],53,-1,203,-1,175
1,<environment.Job instance at 0x7fa2671d2f00>,5,3,[3 7],6,-1,10,-1,7
1,<environment.Job instance at 0x7fa2671d25f0>,7,26,[10  2],8,-1,34,-1,8
1,<environment.Job instance at 0x7fa2671879b0>,19,16,[ 2 12],20,-1,135,-1,119
1,<environment.Job instance at 0x7fa267187d70>,9,19,[6 1],10,-1,138,-1,119
1,<environment.Job instance at 0x7fa267187140>,21,21,[5 6],22,-1,140,-1,119
1,<environment.Job instance at 0x7fa2671877d0>,22,2,[12  2],23,-1,121,-1,119
1,<environment.Job instance at 0x7fa267187870>,24,1,[7 1],25,-1,120,-1,119
1,<environment.Job instance at 0x7fa267187910>,25,25,[7 2],26,-1,144,-1,119
1,<environment.Job instance at 0x7fa267187fa0>,26,12,[8 1],27,-1,131,-1,119
1,<environment.Job instance at 0x7fa267187e60>,27,21,[ 2 10],28,-1,140,-1,119
1,<environment.Job instance at 0x7fa267187f50>,29,17,[11  1],30,-1,143,-1,126
1,<environment.Job instance at 0x7fa267187dc0>,30,22,[ 5 14],31,-1,148,-1,126
1,<environment.Job instance at 0x7fa26ff720a0>,31,26,[ 5 13],32,-1,152,-1,126
1,<environment.Job instance at 0x7fa266cb6730>,33,2,[ 3 14],34,-1,137,-1,135
1,<environment.Job instance at 0x7fa266cb6a50>,34,1,[14  1],35,-1,136,-1,135
1,<environment.Job instance at 0x7fa266cb6c30>,36,26,[11  5],37,-1,170,-1,144
1,<environment.Job instance at 0x7fa266cb6f00>,37,3,[2 8],38,-1,147,-1,144
1,<environment.Job instance at 0x7fa266cb69b0>,39,24,[14  5],40,-1,175,-1,151
1,<environment.Job instance at 0x7fa266cb6cd0>,40,2,[10  5],41,-1,153,-1,151
1,<environment.Job instance at 0x7fa266cb6e60>,41,3,[9 3],42,-1,154,-1,151
1,<environment.Job instance at 0x7fa266cb6fa0>,42,17,[14  3],43,-1,168,-1,151
1,<environment.Job instance at 0x7fa266cb6d20>,43,2,[2 9],44,-1,153,-1,151
1,<environment.Job instance at 0x7fa266cb6b40>,46,2,[5 8],47,-1,177,-1,175
1,<environment.Job instance at 0x7fa266cb6eb0>,47,19,[12  1],48,-1,194,-1,175
1,<environment.Job instance at 0x7fa266c88870>,48,24,[9 3],49,-1,199,-1,175
1,<environment.Job instance at 0x7fa266c88140>,49,3,[7 2],50,-1,178,-1,175
1,<environment.Job instance at 0x7fa26624b230>,1,13,[ 3 11],2,-1,15,-1,2
1,<environment.Job instance at 0x7fa2661ec550>,2,26,[ 4 13],3,-1,29,-1,3
1,<environment.Job instance at 0x7fa2661ec500>,3,25,[5 5],4,-1,29,-1,4
1,<environment.Job instance at 0x7fa2661ec230>,7,27,[6 3],8,-1,35,-1,8
1,<environment.Job instance at 0x7fa2661ec140>,8,24,[ 1 10],9,-1,33,-1,9
1,<environment.Job instance at 0x7fa2661ec8c0>,9,23,[ 3 13],10,-1,33,-1,10
1,<environment.Job instance at 0x7fa2661ecaa0>,12,17,[ 1 13],13,-1,31,-1,14
1,<environment.Job instance at 0x7fa2661ecc80>,14,17,[11  1],15,-1,32,-1,15
1,<environment.Job instance at 0x7fa2661ec2d0>,17,17,[13  4],18,-1,35,-1,18
1,<environment.Job instance at 0x7fa266267870>,18,14,[ 3 11],19,-1,33,-1,19
1,<environment.Job instance at 0x7fa266267dc0>,19,18,[12  4],20,-1,39,-1,21
1,<environment.Job instance at 0x7fa2662675a0>,23,27,[1 9],24,-1,66,-1,39
1,<environment.Job instance at 0x7fa266267910>,26,1,[ 4 11],27,-1,52,-1,51
1,<environment.Job instance at 0x7fa2662677d0>,27,15,[ 5 14],28,-1,66,-1,51
1,<environment.Job instance at 0x7fa2662676e0>,29,26,[3 8],30,-1,77,-1,51
1,<environment.Job instance at 0x7fa2662670a0>,37,1,[6 3],38,-1,101,-1,100
1,<environment.Job instance at 0x7fa266269dc0>,41,17,[14  3],42,-1,143,-1,126
1,<environment.Job instance at 0x7fa266269870>,43,16,[12  1],44,-1,142,-1,126
1,<environment.Job instance at 0x7fa266269c30>,44,25,[ 1 11],45,-1,151,-1,126
1,<environment.Job instance at 0x7fa266269820>,51,12,[ 5 13],52,-1,197,-1,185
1,<environment.Job instance at 0x7fa2662693c0>,52,24,[2 8],53,-1,210,-1,186
1,<environment.Job instance at 0x7fa2662693c0>,3,15,[ 5 11],4,-1,20,-1,5
1,<environment.Job instance at 0x7fa2663e3320>,5,28,[ 4 10],6,-1,34,-1,6
1,<environment.Job instance at 0x7fa2663e3af0>,6,2,[1 6],7,-1,10,-1,8
1,<environment.Job instance at 0x7fa2663e3370>,9,22,[8 3],10,-1,81,-1,59
1,<environment.Job instance at 0x7fa2667de3c0>,18,16,[ 5 14],19,-1,75,-1,59
1,<environment.Job instance at 0x7fa266845f50>,20,1,[14  2],21,-1,63,-1,62
1,<environment.Job instance at 0x7fa266845550>,21,2,[3 6],22,-1,64,-1,62
1,<environment.Job instance at 0x7fa266845af0>,23,2,[2 5],24,-1,73,-1,71
1,<environment.Job instance at 0x7fa266845fa0>,24,2,[7 3],25,-1,73,-1,71
1,<environment.Job instance at 0x7fa266845960>,25,2,[6 2],26,-1,73,-1,71
1,<environment.Job instance at 0x7fa266845c30>,26,16,[11  5],27,-1,87,-1,71
1,<environment.Job instance at 0x7fa266e79820>,27,19,[14  5],28,-1,90,-1,71
1,<environment.Job instance at 0x7fa266e79960>,29,14,[ 2 10],30,-1,97,-1,83
1,<environment.Job instance at 0x7fa266e798c0>,30,22,[4 5],31,-1,105,-1,83
1,<environment.Job instance at 0x7fa266e792d0>,31,3,[ 4 12],32,-1,86,-1,83
1,<environment.Job instance at 0x7fa266e799b0>,32,3,[2 9],33,-1,86,-1,83
1,<environment.Job instance at 0x7fa266e79dc0>,35,13,[10  3],36,-1,106,-1,93
1,<environment.Job instance at 0x7fa266e794b0>,36,13,[ 3 13],37,-1,106,-1,93
1,<environment.Job instance at 0x7fa266e79f50>,37,15,[3 8],38,-1,166,-1,151
1,<environment.Job instance at 0x7fa266fc7aa0>,45,22,[14  4],46,-1,173,-1,151
1,<environment.Job instance at 0x7fa266fc7460>,46,12,[ 1 10],47,-1,163,-1,151
1,<environment.Job instance at 0x7fa266fc7f50>,47,12,[3 8],48,-1,163,-1,151
1,<environment.Job instance at 0x7fa266fc7140>,48,23,[1 6],49,-1,174,-1,151
1,<environment.Job instance at 0x7fa266fc78c0>,50,27,[6 3],51,-1,184,-1,157
1,<environment.Job instance at 0x7fa266fc7960>,51,16,[ 5 13],52,-1,173,-1,157
1,<environment.Job instance at 0x7fa266d134b0>,52,17,[ 3 10],53,-1,174,-1,157
1,<environment.Job instance at 0x7fa266d13460>,53,28,[5 2],54,-1,185,-1,157
1,<environment.Job instance at 0x7fa266d13280>,54,17,[13  4],55,-1,174,-1,157
1,<environment.Job instance at 0x7fa266d13190>,55,22,[10  2],56,-1,179,-1,157
1,<environment.Job instance at 0x7fa266d13d20>,56,12,[1 8],57,-1,169,-1,157
1,<environment.Job instance at 0x7fa266d13550>,57,12,[ 1 10],58,-1,169,-1,157
1,<environment.Job instance at 0x7fa266b60f00>,2,25,[7 5],3,-1,28,-1,3
1,<environment.Job instance at 0x7fa266b60730>,4,23,[11  5],5,-1,28,-1,5
1,<environment.Job instance at 0x7fa266b78c30>,6,1,[ 3 10],7,-1,8,-1,7
1,<environment.Job instance at 0x7fa26fcb3cd0>,17,2,[11  4],18,-1,41,-1,39
1,<environment.Job instance at 0x7fa26fcb3550>,18,23,[4 8],19,-1,62,-1,39
1,<environment.Job instance at 0x7fa267179b90>,20,25,[7 5],21,-1,73,-1,48
1,<environment.Job instance at 0x7fa267179b40>,21,24,[ 1 12],22,-1,72,-1,48
1,<environment.Job instance at 0x7fa267179230>,22,3,[ 3 14],23,-1,51,-1,48
1,<environment.Job instance at 0x7fa267179320>,23,28,[11  3],24,-1,76,-1,48
1,<environment.Job instance at 0x7fa267179a00>,24,3,[14  5],25,-1,51,-1,48
1,<environment.Job instance at 0x7fa266b751e0>,25,26,[5 1],26,-1,74,-1,48
1,<environment.Job instance at 0x7fa266b75500>,26,25,[2 7],27,-1,73,-1,48
1,<environment.Job instance at 0x7fa266b75320>,28,27,[8 2],29,-1,80,-1,53
1,<environment.Job instance at 0x7fa266b75050>,29,3,[6 2],30,-1,56,-1,53
1,<environment.Job instance at 0x7fa266b753c0>,30,28,[11  3],31,-1,81,-1,53
1,<environment.Job instance at 0x7fa266b752d0>,31,13,[ 4 13],32,-1,66,-1,53
1,<environment.Job instance at 0x7fa266b75870>,32,15,[12  1],33,-1,68,-1,53
1,<environment.Job instance at 0x7fa2671a7cd0>,36,12,[14  3],37,-1,94,-1,82
1,<environment.Job instance at 0x7fa2671a7dc0>,37,16,[13  1],38,-1,98,-1,82
1,<environment.Job instance at 0x7fa2671a75f0>,38,12,[12  4],39,-1,94,-1,82
1,<environment.Job instance at 0x7fa2671a7fa0>,39,17,[ 4 13],40,-1,99,-1,82
1,<environment.Job instance at 0x7fa2671a7960>,40,16,[14  2],41,-1,98,-1,82
1,<environment.Job instance at 0x7fa2671a7730>,41,2,[11  2],42,-1,84,-1,82
1,<environment.Job instance at 0x7fa2671a7910>,42,13,[13  3],43,-1,95,-1,82
1,<environment.Job instance at 0x7fa2671a79b0>,44,13,[ 3 14],45,-1,113,-1,100
1,<environment.Job instance at 0x7fa2671a7d70>,46,12,[ 2 10],47,-1,112,-1,100
1,<environment.Job instance at 0x7fa2671a7140>,48,16,[12  1],49,-1,120,-1,104
1,<environment.Job instance at 0x7fa2671a78c0>,49,2,[2 7],50,-1,106,-1,104
1,<environment.Job instance at 0x7fa266b9bb40>,50,13,[ 1 14],51,-1,117,-1,104
1,<environment.Job instance at 0x7fa266b9b460>,52,1,[ 2 14],53,-1,113,-1,112
1,<environment.Job instance at 0x7fa266b9bcd0>,55,24,[10  2],56,-1,148,-1,124
1,<environment.Job instance at 0x7fa266b9baa0>,56,26,[ 1 14],57,-1,150,-1,124
1,<environment.Job instance at 0x7fa266b9b500>,57,22,[5 8],58,-1,162,-1,140
1,<environment.Job instance at 0x7fa266b9b5a0>,60,2,[8 1],61,-1,149,-1,147
1,<environment.Job instance at 0x7fa266b9be10>,62,27,[ 3 14],63,-1,179,-1,152
1,<environment.Job instance at 0x7fa266b9bc30>,64,3,[7 1],65,-1,165,-1,162
1,<environment.Job instance at 0x7fa266f9dd70>,67,18,[ 2 13],68,-1,203,-1,185
1,<environment.Job instance at 0x7fa2664f1460>,68,23,[4 8],69,-1,208,-1,185
1,<environment.Job instance at 0x7fa267330500>,70,27,[3 7],71,-1,212,-1,185
1,<environment.Job instance at 0x7fa266389eb0>,72,13,[7 1],73,-1,200,-1,187
1,<environment.Job instance at 0x7fa266389af0>,73,2,[7 5],74,-1,189,-1,187
1,<environment.Job instance at 0x7fa2663898c0>,74,3,[4 9],75,-1,190,-1,187
1,<environment.Job instance at 0x7fa266a8ca50>,4,14,[ 4 11],5,-1,19,-1,5
1,<environment.Job instance at 0x7fa266a8c230>,5,26,[12  1],6,-1,32,-1,6
1,<environment.Job instance at 0x7fa267677e60>,3,16,[12  1],4,-1,22,-1,6
1,<environment.Job instance at 0x7fa266a610f0>,8,24,[8 4],9,-1,33,-1,9
1,<environment.Job instance at 0x7fa266a56af0>,29,24,[ 2 13],30,-1,138,-1,114
1,<environment.Job instance at 0x7fa266a563c0>,31,18,[ 4 13],32,-1,149,-1,131
1,<environment.Job instance at 0x7fa266a56f50>,33,3,[4 5],34,-1,137,-1,134
1,<environment.Job instance at 0x7fa266a56410>,34,22,[ 3 10],35,-1,156,-1,134
1,<environment.Job instance at 0x7fa266a56550>,35,2,[6 2],36,-1,138,-1,136
1,<environment.Job instance at 0x7fa266a56190>,37,20,[ 2 10],38,-1,167,-1,147
1,<environment.Job instance at 0x7fa266a565f0>,38,14,[13  3],39,-1,161,-1,147
1,<environment.Job instance at 0x7fa266a56d20>,39,14,[11  3],40,-1,161,-1,147
1,<environment.Job instance at 0x7fa266a56280>,40,3,[ 3 11],41,-1,150,-1,147
1,<environment.Job instance at 0x7fa266a56460>,41,24,[11  1],42,-1,171,-1,147
1,<environment.Job instance at 0x7fa266a56b90>,42,24,[5 4],43,-1,171,-1,147
1,<environment.Job instance at 0x7fa267666140>,44,14,[11  2],45,-1,163,-1,149
1,<environment.Job instance at 0x7fa2676660a0>,45,20,[ 1 11],46,-1,169,-1,149
1,<environment.Job instance at 0x7fa266188c30>,4,14,[ 1 13],5,-1,19,-1,5
1,<environment.Job instance at 0x7fa2660a5e10>,6,2,[13  3],7,-1,10,-1,8
1,<environment.Job instance at 0x7fa2660a82d0>,13,26,[12  1],14,-1,53,-1,27
1,<environment.Job instance at 0x7fa2660a8500>,14,26,[10  2],15,-1,55,-1,29
1,<environment.Job instance at 0x7fa2660a8640>,16,22,[14  1],17,-1,51,-1,29
1,<environment.Job instance at 0x7fa2660a8780>,18,18,[ 1 11],19,-1,47,-1,29
1,<environment.Job instance at 0x7fa2660a8870>,19,27,[ 4 14],20,-1,56,-1,29
1,<environment.Job instance at 0x7fa2660a88c0>,20,27,[8 4],21,-1,56,-1,29
1,<environment.Job instance at 0x7fa2660a84b0>,23,26,[ 1 11],24,-1,62,-1,36
1,<environment.Job instance at 0x7fa2660a8af0>,24,3,[11  2],25,-1,39,-1,36
1,<environment.Job instance at 0x7fa2660a8b90>,25,17,[ 4 11],26,-1,53,-1,36
1,<environment.Job instance at 0x7fa2660a8c30>,26,24,[7 5],27,-1,60,-1,36
1,<environment.Job instance at 0x7fa2660a8e60>,29,12,[13  1],30,-1,59,-1,47
1,<environment.Job instance at 0x7fa2660ab140>,31,2,[4 6],32,-1,50,-1,48
1,<environment.Job instance at 0x7fa2660ab1e0>,32,22,[ 2 13],33,-1,70,-1,48
1,<environment.Job instance at 0x7fa2660ab280>,33,14,[10  1],34,-1,69,-1,55
1,<environment.Job instance at 0x7fa2660ab3c0>,35,28,[ 3 10],36,-1,88,-1,60
1,<environment.Job instance at 0x7fa2660ab6e0>,37,26,[ 3 13],38,-1,95,-1,69
1,<environment.Job instance at 0x7fa2660ab780>,38,15,[ 3 14],39,-1,84,-1,69
1,<environment.Job instance at 0x7fa2660ab960>,41,2,[8 3],42,-1,89,-1,87
1,<environment.Job instance at 0x7fa2660aba00>,42,15,[ 4 13],43,-1,102,-1,87
1,<environment.Job instance at 0x7fa2660abaa0>,43,14,[14  2],44,-1,101,-1,87
1,<environment.Job instance at 0x7fa2660abe10>,47,20,[14  3],48,-1,122,-1,102
1,<environment.Job instance at 0x7fa2660abeb0>,50,12,[ 2 13],51,-1,120,-1,108
1,<environment.Job instance at 0x7fa2660abcd0>,51,2,[12  5],52,-1,110,-1,108
1,<environment.Job instance at 0x7fa2660ad1e0>,52,18,[ 2 13],53,-1,126,-1,108
1,<environment.Job instance at 0x7fa2660ad230>,53,2,[12  2],54,-1,110,-1,108
1,<environment.Job instance at 0x7fa2660ad320>,54,23,[6 4],55,-1,149,-1,126
1,<environment.Job instance at 0x7fa2660ad3c0>,56,17,[12  2],57,-1,143,-1,126
1,<environment.Job instance at 0x7fa2660ad460>,57,28,[7 4],58,-1,154,-1,126
1,<environment.Job instance at 0x7fa2660ad0a0>,55,13,[ 2 13],56,-1,139,-1,126
1,<environment.Job instance at 0x7fa2660ad2d0>,61,25,[3 7],62,-1,151,-1,126
1,<environment.Job instance at 0x7fa2660ad8c0>,62,19,[ 3 12],63,-1,145,-1,126
1,<environment.Job instance at 0x7fa2660adb40>,66,3,[ 1 12],67,-1,159,-1,156
1,<environment.Job instance at 0x7fa2660adb90>,67,21,[ 5 11],68,-1,177,-1,156
1,<environment.Job instance at 0x7fa2660adc80>,68,2,[ 1 14],69,-1,158,-1,156
1,<environment.Job instance at 0x7fa2660ade10>,70,25,[10  5],71,-1,181,-1,156
1,<environment.Job instance at 0x7fa2660ade60>,71,24,[ 3 12],72,-1,180,-1,156
1,<environment.Job instance at 0x7fa2660adf00>,72,14,[ 5 13],73,-1,170,-1,156
1,<environment.Job instance at 0x7fa26609e550>,73,24,[6 5],74,-1,180,-1,156
1,<environment.Job instance at 0x7fa26688ca50>,74,18,[11  2],75,-1,174,-1,156
1,<environment.Job instance at 0x7fa26609d320>,76,24,[8 1],77,-1,195,-1,171
1,<environment.Job instance at 0x7fa266a346e0>,4,20,[ 5 11],5,-1,25,-1,5
1,<environment.Job instance at 0x7fa266a34460>,6,27,[13  4],7,-1,34,-1,7
1,<environment.Job instance at 0x7fa266a34eb0>,10,16,[ 1 13],11,-1,27,-1,11
1,<environment.Job instance at 0x7fa26691fc80>,15,3,[ 1 12],16,-1,26,-1,23
1,<environment.Job instance at 0x7fa26691f0a0>,16,1,[ 5 10],17,-1,24,-1,23
1,<environment.Job instance at 0x7fa26691fd20>,18,1,[5 2],19,-1,28,-1,27
1,<environment.Job instance at 0x7fa26691f050>,20,19,[13  2],21,-1,61,-1,42
1,<environment.Job instance at 0x7fa26691fd70>,21,21,[ 5 12],22,-1,63,-1,42
1,<environment.Job instance at 0x7fa26691f780>,22,15,[ 2 13],23,-1,57,-1,42
1,<environment.Job instance at 0x7fa26691fe10>,23,14,[ 5 14],24,-1,56,-1,42
1,<environment.Job instance at 0x7fa26691f550>,24,26,[13  1],25,-1,68,-1,42
1,<environment.Job instance at 0x7fa26691fe60>,26,17,[ 1 14],27,-1,74,-1,57
1,<environment.Job instance at 0x7fa26691f410>,27,16,[14  1],28,-1,73,-1,57
1,<environment.Job instance at 0x7fa26691f640>,29,3,[9 2],30,-1,73,-1,70
1,<environment.Job instance at 0x7fa26691ffa0>,31,1,[14  5],32,-1,71,-1,70
1,<environment.Job instance at 0x7fa266e1fcd0>,33,14,[ 5 13],34,-1,87,-1,73
1,<environment.Job instance at 0x7fa266e1f6e0>,36,27,[5 3],37,-1,120,-1,93
1,<environment.Job instance at 0x7fa266e1f9b0>,40,12,[13  2],41,-1,128,-1,116
1,<environment.Job instance at 0x7fa266e1f050>,42,1,[8 3],43,-1,117,-1,116
1,<environment.Job instance at 0x7fa266e1fd70>,43,18,[14  5],44,-1,134,-1,116
1,<environment.Job instance at 0x7fa266e1f230>,44,15,[14  3],45,-1,131,-1,116
1,<environment.Job instance at 0x7fa266b6f640>,46,27,[5 9],47,-1,143,-1,116
1,<environment.Job instance at 0x7fa266b6f5f0>,48,1,[12  2],49,-1,129,-1,128
1,<environment.Job instance at 0x7fa266b6fb40>,49,12,[ 2 11],50,-1,140,-1,128
1,<environment.Job instance at 0x7fa266b6f410>,50,28,[14  5],51,-1,156,-1,128
1,<environment.Job instance at 0x7fa266b6f960>,51,1,[ 3 12],52,-1,129,-1,128
1,<environment.Job instance at 0x7fa266b6f0f0>,52,2,[12  2],53,-1,130,-1,128
1,<environment.Job instance at 0x7fa266b6fc30>,53,24,[11  4],54,-1,152,-1,128
1,<environment.Job instance at 0x7fa266b6fd20>,55,21,[ 4 13],56,-1,164,-1,143
1,<environment.Job instance at 0x7fa266921e60>,58,23,[14  4],59,-1,166,-1,143
1,<environment.Job instance at 0x7fa2669217d0>,59,24,[13  4],60,-1,167,-1,143
1,<environment.Job instance at 0x7fa266921e10>,61,2,[5 4],62,-1,145,-1,143
1,<environment.Job instance at 0x7fa27030baa0>,63,1,[4 7],64,-1,150,-1,149
1,<environment.Job instance at 0x7fa266922f50>,67,13,[13  5],68,-1,174,-1,161
1,<environment.Job instance at 0x7fa266922640>,68,22,[8 1],69,-1,195,-1,173
1,<environment.Job instance at 0x7fa266922aa0>,70,19,[ 4 12],71,-1,192,-1,173
1,<environment.Job instance at 0x7fa266922370>,72,28,[7 4],73,-1,215,-1,187
1,<environment.Job instance at 0x7fa266922320>,73,20,[ 5 12],74,-1,207,-1,187
1,<environment.Job instance at 0x7fa265fb1e60>,2,26,[8 4],3,-1,29,-1,3
1,<environment.Job instance at 0x7fa265db21e0>,4,12,[ 2 11],5,-1,17,-1,5
1,<environment.Job instance at 0x7fa265e59190>,12,23,[5 1],13,-1,44,-1,21
1,<environment.Job instance at 0x7fa265e592d0>,14,25,[1 8],15,-1,46,-1,21
1,<environment.Job instance at 0x7fa265e59c30>,16,2,[3 8],17,-1,44,-1,42
1,<environment.Job instance at 0x7fa265e59780>,17,2,[13  2],18,-1,44,-1,42
1,<environment.Job instance at 0x7fa265e599b0>,19,15,[ 5 11],20,-1,57,-1,42
1,<environment.Job instance at 0x7fa265daa280>,20,3,[ 4 10],21,-1,45,-1,42
1,<environment.Job instance at 0x7fa265daab90>,21,12,[11  4],22,-1,54,-1,42
1,<environment.Job instance at 0x7fa265da1f50>,23,20,[14  1],24,-1,79,-1,59
1,<environment.Job instance at 0x7fa265da1370>,24,16,[ 2 12],25,-1,75,-1,59
1,<environment.Job instance at 0x7fa265d7e230>,28,22,[13  4],29,-1,96,-1,74
1,<environment.Job instance at 0x7fa265d7ec80>,29,14,[ 3 10],30,-1,89,-1,75
1,<environment.Job instance at 0x7fa265d7e5a0>,30,2,[3 8],31,-1,77,-1,75
1,<environment.Job instance at 0x7fa265d7e820>,31,28,[7 1],32,-1,103,-1,75
1,<environment.Job instance at 0x7fa265d7ecd0>,32,28,[ 3 10],33,-1,103,-1,75
1,<environment.Job instance at 0x7fa265d7e5f0>,33,25,[6 2],34,-1,100,-1,75
1,<environment.Job instance at 0x7fa265d551e0>,36,17,[ 1 10],37,-1,108,-1,91
1,<environment.Job instance at 0x7fa265d555f0>,37,3,[6 2],38,-1,94,-1,91
1,<environment.Job instance at 0x7fa265ec0370>,39,3,[ 3 10],40,-1,94,-1,91
1,<environment.Job instance at 0x7fa265ec0eb0>,41,2,[12  4],42,-1,104,-1,102
1,<environment.Job instance at 0x7fa265ec0af0>,43,22,[ 2 10],44,-1,126,-1,104
1,<environment.Job instance at 0x7fa265ec0be0>,44,17,[ 5 12],45,-1,121,-1,104
1,<environment.Job instance at 0x7fa265ec0a50>,45,2,[ 4 10],46,-1,106,-1,104
1,<environment.Job instance at 0x7fa265ec0fa0>,46,14,[ 5 10],47,-1,118,-1,104
1,<environment.Job instance at 0x7fa265ec0140>,47,21,[14  5],48,-1,125,-1,104
1,<environment.Job instance at 0x7fa265d7df00>,50,25,[5 2],51,-1,156,-1,131
1,<environment.Job instance at 0x7fa265d7d410>,51,22,[12  5],52,-1,153,-1,131
1,<environment.Job instance at 0x7fa265d7daa0>,53,28,[ 2 14],54,-1,159,-1,131
1,<environment.Job instance at 0x7fa265d7dfa0>,57,23,[ 2 13],58,-1,177,-1,154
1,<environment.Job instance at 0x7fa265d61d70>,58,25,[14  4],59,-1,179,-1,154
1,<environment.Job instance at 0x7fa265d61cd0>,59,24,[7 4],60,-1,178,-1,154
1,<environment.Job instance at 0x7fa26fd67230>,62,2,[10  1],63,-1,171,-1,169
1,<environment.Job instance at 0x7fa266e0a640>,63,24,[13  2],64,-1,193,-1,169
1,<environment.Job instance at 0x7fa2676ebc30>,65,25,[14  5],66,-1,207,-1,182
1,<environment.Job instance at 0x7fa2661a3500>,10,20,[13  1],11,-1,42,-1,22
1,<environment.Job instance at 0x7fa2661a3690>,11,1,[ 5 12],12,-1,23,-1,22
1,<environment.Job instance at 0x7fa26623c7d0>,12,3,[8 4],13,-1,25,-1,22
1,<environment.Job instance at 0x7fa26fef8910>,13,22,[1 9],14,-1,44,-1,22
1,<environment.Job instance at 0x7fa2667440a0>,14,3,[ 4 12],15,-1,25,-1,22
1,<environment.Job instance at 0x7fa26fef8cd0>,16,1,[2 7],17,-1,26,-1,25
1,<environment.Job instance at 0x7fa266dde780>,19,27,[4 5],20,-1,68,-1,41
1,<environment.Job instance at 0x7fa266ddedc0>,20,26,[5 1],21,-1,67,-1,41
1,<environment.Job instance at 0x7fa2674c5690>,21,3,[5 2],22,-1,44,-1,41
1,<environment.Job instance at 0x7fa2675a5460>,28,18,[1 5],29,-1,89,-1,71
1,<environment.Job instance at 0x7fa2675a5c80>,29,18,[10  1],30,-1,89,-1,71
1,<environment.Job instance at 0x7fa2671f13c0>,31,1,[14  5],32,-1,88,-1,87
1,<environment.Job instance at 0x7fa2671f1190>,32,20,[ 4 12],33,-1,107,-1,87
1,<environment.Job instance at 0x7fa26769cdc0>,33,15,[11  4],34,-1,102,-1,87
1,<environment.Job instance at 0x7fa267635780>,34,3,[13  4],35,-1,90,-1,87
1,<environment.Job instance at 0x7fa267635320>,35,22,[ 1 14],36,-1,109,-1,87
1,<environment.Job instance at 0x7fa2675964b0>,38,26,[3 9],39,-1,133,-1,107
1,<environment.Job instance at 0x7fa267596a50>,39,20,[ 5 14],40,-1,127,-1,107
1,<environment.Job instance at 0x7fa2671adf50>,40,2,[ 3 12],41,-1,109,-1,107
1,<environment.Job instance at 0x7fa2663741e0>,45,1,[ 2 10],46,-1,132,-1,131
1,<environment.Job instance at 0x7fa267522fa0>,46,20,[ 2 10],47,-1,155,-1,135
1,<environment.Job instance at 0x7fa267522960>,48,1,[6 4],49,-1,136,-1,135
1,<environment.Job instance at 0x7fa267504b90>,49,24,[1 6],50,-1,159,-1,135
1,<environment.Job instance at 0x7fa267504a50>,51,23,[7 2],52,-1,178,-1,155
1,<environment.Job instance at 0x7fa267504dc0>,52,24,[ 2 10],53,-1,179,-1,155
1,<environment.Job instance at 0x7fa267504a00>,54,27,[7 4],55,-1,189,-1,162
1,<environment.Job instance at 0x7fa267504eb0>,55,2,[8 5],56,-1,164,-1,162
1,<environment.Job instance at 0x7fa267504fa0>,56,21,[ 1 12],57,-1,183,-1,162
1,<environment.Job instance at 0x7fa267506140>,58,28,[1 7],59,-1,197,-1,169
1,<environment.Job instance at 0x7fa267504e60>,59,2,[5 7],60,-1,171,-1,169
1,<environment.Job instance at 0x7fa2675065f0>,60,23,[3 7],61,-1,192,-1,169
1,<environment.Job instance at 0x7fa2675063c0>,61,16,[ 1 11],62,-1,185,-1,169
1,<environment.Job instance at 0x7fa267506410>,62,12,[ 4 11],63,-1,181,-1,169
1,<environment.Job instance at 0x7fa267506820>,63,13,[14  5],64,-1,182,-1,169
1,<environment.Job instance at 0x7fa267506460>,65,25,[11  4],66,-1,194,-1,169
1,<environment.Job instance at 0x7fa267506050>,66,12,[ 4 10],67,-1,181,-1,169
1,<environment.Job instance at 0x7fa2675064b0>,67,20,[8 1],68,-1,191,-1,171
1,<environment.Job instance at 0x7fa26751c0a0>,68,23,[6 4],69,-1,194,-1,171
1,<environment.Job instance at 0x7fa26751cc30>,69,2,[ 2 12],70,-1,173,-1,171
1,<environment.Job instance at 0x7fa26751c050>,70,18,[ 5 14],71,-1,189,-1,171
1,<environment.Job instance at 0x7fa26639f460>,71,13,[11  4],72,-1,184,-1,171
1,<environment.Job instance at 0x7fa26751c500>,72,28,[2 6],73,-1,199,-1,171
1,<environment.Job instance at 0x7fa26639f500>,73,15,[10  1],74,-1,186,-1,171
1,<environment.Job instance at 0x7fa26639f370>,74,19,[11  4],75,-1,190,-1,171
1,<environment.Job instance at 0x7fa26639f780>,77,28,[ 4 10],78,-1,214,-1,186
1,<environment.Job instance at 0x7fa26639f7d0>,2,26,[ 5 12],3,-1,29,-1,3
1,<environment.Job instance at 0x7fa266c0f320>,13,21,[6 1],14,-1,48,-1,27
1,<environment.Job instance at 0x7fa266c0f780>,16,17,[12  5],17,-1,57,-1,40
1,<environment.Job instance at 0x7fa2665082d0>,17,3,[ 5 12],18,-1,43,-1,40
1,<environment.Job instance at 0x7fa266508960>,21,21,[1 9],22,-1,81,-1,60
1,<environment.Job instance at 0x7fa266508140>,22,23,[ 4 12],23,-1,83,-1,60
1,<environment.Job instance at 0x7fa266508a00>,24,3,[2 9],25,-1,63,-1,60
1,<environment.Job instance at 0x7fa266508a50>,25,26,[ 1 14],26,-1,86,-1,60
1,<environment.Job instance at 0x7fa2665088c0>,26,21,[ 1 14],27,-1,81,-1,60
1,<environment.Job instance at 0x7fa266508f50>,27,14,[14  5],28,-1,74,-1,60
1,<environment.Job instance at 0x7fa266508e10>,28,18,[11  2],29,-1,78,-1,60
1,<environment.Job instance at 0x7fa266508190>,29,16,[ 2 14],30,-1,76,-1,60
1,<environment.Job instance at 0x7fa2665080f0>,30,12,[1 9],31,-1,72,-1,60
1,<environment.Job instance at 0x7fa26fc55460>,31,18,[11  3],32,-1,78,-1,60
1,<environment.Job instance at 0x7fa26fc55410>,32,25,[11  5],33,-1,85,-1,60
1,<environment.Job instance at 0x7fa26fc55af0>,34,23,[6 1],35,-1,96,-1,73
1,<environment.Job instance at 0x7fa26fc55140>,35,24,[4 9],36,-1,97,-1,73
1,<environment.Job instance at 0x7fa26fc550f0>,36,3,[1 6],37,-1,76,-1,73
1,<environment.Job instance at 0x7fa26fc55e10>,37,2,[1 6],38,-1,75,-1,73
1,<environment.Job instance at 0x7fa26fc555a0>,38,17,[ 1 10],39,-1,90,-1,73
1,<environment.Job instance at 0x7fa267716780>,40,22,[1 5],41,-1,95,-1,73
1,<environment.Job instance at 0x7fa2677161e0>,41,1,[5 2],42,-1,74,-1,73
1,<environment.Job instance at 0x7fa267716820>,44,25,[ 3 11],45,-1,110,-1,85
1,<environment.Job instance at 0x7fa267716410>,45,13,[2 7],46,-1,98,-1,85
1,<environment.Job instance at 0x7fa267716dc0>,47,3,[8 4],48,-1,96,-1,93
1,<environment.Job instance at 0x7fa2677162d0>,48,24,[10  3],49,-1,117,-1,93
1,<environment.Job instance at 0x7fa2677168c0>,51,21,[ 3 14],52,-1,124,-1,103
1,<environment.Job instance at 0x7fa2677165a0>,53,23,[7 4],54,-1,148,-1,125
1,<environment.Job instance at 0x7fa267716af0>,58,3,[9 5],59,-1,128,-1,125
1,<environment.Job instance at 0x7fa266fdd8c0>,59,1,[8 2],60,-1,126,-1,125
1,<environment.Job instance at 0x7fa266dc00a0>,64,13,[ 2 14],65,-1,184,-1,171
1,<environment.Job instance at 0x7fa266dc07d0>,65,3,[7 2],66,-1,174,-1,171
1,<environment.Job instance at 0x7fa266dc0500>,66,22,[8 1],67,-1,193,-1,171
1,<environment.Job instance at 0x7fa266dc0af0>,68,15,[13  3],69,-1,186,-1,171
1,<environment.Job instance at 0x7fa266dc09b0>,69,3,[7 4],70,-1,174,-1,171
1,<environment.Job instance at 0x7fa266dc0140>,71,28,[14  4],72,-1,212,-1,184
1,<environment.Job instance at 0x7fa266dc06e0>,72,17,[14  5],73,-1,201,-1,184
1,<environment.Job instance at 0x7fa267750140>,73,20,[ 3 14],74,-1,204,-1,184
1,<environment.Job instance at 0x7fa266d90320>,74,13,[ 3 14],75,-1,197,-1,184
1,<environment.Job instance at 0x7fa266d90500>,75,24,[4 7],76,-1,208,-1,184
1,<environment.Job instance at 0x7fa265e74aa0>,1,25,[ 2 13],2,-1,27,-1,2
1,<environment.Job instance at 0x7fa265e74d70>,3,3,[5 7],4,-1,7,-1,4
1,<environment.Job instance at 0x7fa265e74a50>,2,17,[13  1],3,-1,21,-1,4
1,<environment.Job instance at 0x7fa265e74780>,4,28,[ 3 12],5,-1,33,-1,5
1,<environment.Job instance at 0x7fa265e745f0>,5,14,[ 2 13],6,-1,20,-1,6
1,<environment.Job instance at 0x7fa265e749b0>,6,23,[13  4],7,-1,30,-1,7
1,<environment.Job instance at 0x7fa265e58320>,9,27,[9 3],10,-1,37,-1,10
1,<environment.Job instance at 0x7fa265e58500>,15,14,[ 2 11],16,-1,31,-1,17
1,<environment.Job instance at 0x7fa265e58cd0>,17,21,[12  2],18,-1,39,-1,18
1,<environment.Job instance at 0x7fa265eb9780>,22,1,[4 5],23,-1,38,-1,37
1,<environment.Job instance at 0x7fa265eb9140>,25,12,[4 9],26,-1,70,-1,58
1,<environment.Job instance at 0x7fa265e8d910>,32,23,[6 2],33,-1,212,-1,189
1,<environment.Job instance at 0x7fa265e93910>,47,12,[ 1 12],48,-1,201,-1,189
1,<environment.Job instance at 0x7fa265e93e60>,48,14,[ 5 14],49,-1,203,-1,189
1,<environment.Job instance at 0x7fa265e930f0>,49,2,[ 5 10],50,-1,191,-1,189
1,<environment.Job instance at 0x7fa265e93960>,50,20,[ 3 14],51,-1,209,-1,189
1,<environment.Job instance at 0x7fa266db3e60>,9,27,[13  1],10,-1,37,-1,10
1,<environment.Job instance at 0x7fa266db3f50>,18,1,[5 6],19,-1,63,-1,62
1,<environment.Job instance at 0x7fa266db36e0>,19,2,[4 8],20,-1,64,-1,62
1,<environment.Job instance at 0x7fa266db3050>,20,24,[ 2 11],21,-1,86,-1,62
1,<environment.Job instance at 0x7fa266db39b0>,21,27,[6 4],22,-1,95,-1,68
1,<environment.Job instance at 0x7fa266339eb0>,23,24,[7 5],24,-1,97,-1,73
1,<environment.Job instance at 0x7fa266339910>,24,3,[10  3],25,-1,78,-1,75
1,<environment.Job instance at 0x7fa2663398c0>,28,3,[12  5],29,-1,96,-1,93
1,<environment.Job instance at 0x7fa266339780>,29,25,[12  2],30,-1,118,-1,93
1,<environment.Job instance at 0x7fa266339af0>,27,27,[10  5],28,-1,120,-1,93
1,<environment.Job instance at 0x7fa266339c80>,30,2,[4 7],31,-1,111,-1,109
1,<environment.Job instance at 0x7fa266339a00>,33,24,[ 4 10],34,-1,133,-1,109
1,<environment.Job instance at 0x7fa26670ae60>,37,28,[5 8],38,-1,143,-1,115
1,<environment.Job instance at 0x7fa26670a690>,42,16,[ 3 11],43,-1,158,-1,142
1,<environment.Job instance at 0x7fa26670a140>,45,26,[9 2],46,-1,198,-1,172
1,<environment.Job instance at 0x7fa26670abe0>,47,24,[ 5 13],48,-1,196,-1,172
1,<environment.Job instance at 0x7fa26670a8c0>,48,1,[5 4],49,-1,173,-1,172
1,<environment.Job instance at 0x7fa26670ab40>,49,2,[2 6],50,-1,174,-1,172
1,<environment.Job instance at 0x7fa266db31e0>,8,25,[12  3],9,-1,34,-1,9
1,<environment.Job instance at 0x7fa2666ca730>,9,25,[ 5 11],10,-1,35,-1,10
1,<environment.Job instance at 0x7fa266db9410>,10,24,[5 2],11,-1,38,-1,14
1,<environment.Job instance at 0x7fa26654ed20>,11,2,[8 4],12,-1,16,-1,14
1,<environment.Job instance at 0x7fa2662921e0>,12,2,[5 3],13,-1,16,-1,14
1,<environment.Job instance at 0x7fa266cd8780>,13,14,[ 5 12],14,-1,28,-1,14
1,<environment.Job instance at 0x7fa2674854b0>,14,28,[3 6],15,-1,43,-1,15
1,<environment.Job instance at 0x7fa266db96e0>,15,14,[ 3 14],16,-1,30,-1,16
1,<environment.Job instance at 0x7fa266011230>,16,18,[13  4],17,-1,35,-1,17
1,<environment.Job instance at 0x7fa2674f7730>,18,1,[9 5],19,-1,27,-1,26
1,<environment.Job instance at 0x7fa2664bc8c0>,19,1,[7 1],20,-1,27,-1,26
1,<environment.Job instance at 0x7fa266089a00>,23,21,[11  5],24,-1,60,-1,39
1,<environment.Job instance at 0x7fa26fcf7820>,24,25,[ 3 13],25,-1,64,-1,39
1,<environment.Job instance at 0x7fa26fcf78c0>,25,1,[ 1 11],26,-1,40,-1,39
1,<environment.Job instance at 0x7fa26fcf7910>,27,13,[2 9],28,-1,52,-1,39
1,<environment.Job instance at 0x7fa26fcf7af0>,28,2,[6 4],29,-1,41,-1,39
1,<environment.Job instance at 0x7fa26fcf7cd0>,31,19,[ 5 10],32,-1,74,-1,55
1,<environment.Job instance at 0x7fa26fcf7e10>,33,16,[ 5 11],34,-1,90,-1,74
1,<environment.Job instance at 0x7fa26fcf7eb0>,34,1,[1 6],35,-1,75,-1,74
1,<environment.Job instance at 0x7fa26fcf7f00>,36,15,[13  1],37,-1,89,-1,74
1,<environment.Job instance at 0x7fa26fcf7e60>,37,18,[ 5 11],38,-1,92,-1,74
1,<environment.Job instance at 0x7fa26fceb230>,38,2,[1 7],39,-1,76,-1,74
1,<environment.Job instance at 0x7fa26fceb1e0>,39,16,[1 8],40,-1,90,-1,74
1,<environment.Job instance at 0x7fa26fceb4b0>,41,12,[12  2],42,-1,101,-1,89
1,<environment.Job instance at 0x7fa26fceb550>,42,23,[6 5],43,-1,116,-1,93
1,<environment.Job instance at 0x7fa26fceb640>,46,26,[3 9],47,-1,131,-1,105
1,<environment.Job instance at 0x7fa26fceb870>,47,3,[10  2],48,-1,108,-1,105
1,<environment.Job instance at 0x7fa26fceb9b0>,49,17,[ 3 11],50,-1,136,-1,119
1,<environment.Job instance at 0x7fa26fceb8c0>,50,26,[9 1],51,-1,145,-1,119
1,<environment.Job instance at 0x7fa26fcebaf0>,53,3,[6 5],54,-1,137,-1,134
1,<environment.Job instance at 0x7fa26fcebb90>,54,2,[10  4],55,-1,136,-1,134
1,<environment.Job instance at 0x7fa26fcebdc0>,55,25,[5 6],56,-1,159,-1,134
1,<environment.Job instance at 0x7fa26fcebe10>,56,3,[7 3],57,-1,137,-1,134
1,<environment.Job instance at 0x7fa26fcebc80>,58,25,[7 4],59,-1,161,-1,136
1,<environment.Job instance at 0x7fa26fcebeb0>,60,12,[14  1],61,-1,148,-1,136
1,<environment.Job instance at 0x7fa26fcf1230>,61,13,[ 2 14],62,-1,149,-1,136
1,<environment.Job instance at 0x7fa26fcf1190>,62,13,[14  2],63,-1,149,-1,136
1,<environment.Job instance at 0x7fa26fcf1410>,64,2,[10  3],65,-1,152,-1,150
1,<environment.Job instance at 0x7fa26fcf12d0>,65,14,[14  2],66,-1,164,-1,150
1,<environment.Job instance at 0x7fa26fcf15f0>,67,13,[ 1 10],68,-1,172,-1,159
1,<environment.Job instance at 0x7fa26fcf1690>,68,13,[ 3 12],69,-1,172,-1,159
1,<environment.Job instance at 0x7fa26fcf1730>,69,18,[14  1],70,-1,177,-1,159
1,<environment.Job instance at 0x7fa2676f3690>,7,25,[4 7],8,-1,33,-1,8
1,<environment.Job instance at 0x7fa2676f3050>,8,19,[ 3 13],9,-1,28,-1,9
1,<environment.Job instance at 0x7fa2676f3c80>,9,1,[9 1],10,-1,11,-1,10
1,<environment.Job instance at 0x7fa26fd6c1e0>,10,3,[12  3],11,-1,14,-1,11
1,<environment.Job instance at 0x7fa26fd6c230>,11,12,[ 5 11],12,-1,24,-1,12
1,<environment.Job instance at 0x7fa26fd6c140>,12,17,[ 5 12],13,-1,30,-1,13
1,<environment.Job instance at 0x7fa26fd6c370>,13,2,[8 3],14,-1,16,-1,14
1,<environment.Job instance at 0x7fa26fd6cb90>,14,25,[5 2],15,-1,40,-1,15
1,<environment.Job instance at 0x7fa26fd6ccd0>,15,15,[14  4],16,-1,31,-1,16
1,<environment.Job instance at 0x7fa26fd6c320>,16,24,[14  1],17,-1,41,-1,17
1,<environment.Job instance at 0x7fa26fd6caa0>,17,25,[11  5],18,-1,43,-1,18
1,<environment.Job instance at 0x7fa26fd6ce60>,18,14,[11  4],19,-1,33,-1,19
1,<environment.Job instance at 0x7fa26639fbe0>,20,1,[5 5],21,-1,22,-1,21
1,<environment.Job instance at 0x7fa26639f460>,21,1,[14  3],22,-1,23,-1,22
1,<environment.Job instance at 0x7fa26639f7d0>,22,2,[7 4],23,-1,25,-1,23
1,<environment.Job instance at 0x7fa26639ff50>,24,1,[10  5],25,-1,26,-1,25
1,<environment.Job instance at 0x7fa26639f190>,27,3,[7 4],28,-1,36,-1,33
1,<environment.Job instance at 0x7fa26639f0a0>,28,13,[ 4 10],29,-1,48,-1,35
1,<environment.Job instance at 0x7fa266cd8dc0>,31,2,[ 3 11],32,-1,49,-1,47
1,<environment.Job instance at 0x7fa266cd8730>,32,18,[ 1 12],33,-1,65,-1,47
1,<environment.Job instance at 0x7fa266cd8320>,35,14,[13  2],36,-1,77,-1,63
1,<environment.Job instance at 0x7fa266cd8b40>,37,1,[3 8],38,-1,72,-1,71
1,<environment.Job instance at 0x7fa266cd89b0>,38,25,[ 2 10],39,-1,96,-1,71
1,<environment.Job instance at 0x7fa266db8050>,39,1,[10  2],40,-1,72,-1,71
1,<environment.Job instance at 0x7fa266db83c0>,40,25,[4 8],41,-1,96,-1,71
1,<environment.Job instance at 0x7fa266db88c0>,41,1,[5 5],42,-1,72,-1,71
1,<environment.Job instance at 0x7fa266db8a00>,43,17,[11  5],44,-1,92,-1,75
1,<environment.Job instance at 0x7fa266db8500>,44,3,[5 6],45,-1,78,-1,75
1,<environment.Job instance at 0x7fa266db8190>,45,28,[2 6],46,-1,103,-1,75
1,<environment.Job instance at 0x7fa266db8c30>,49,25,[ 2 10],50,-1,126,-1,101
1,<environment.Job instance at 0x7fa266db81e0>,50,28,[6 2],51,-1,129,-1,101
1,<environment.Job instance at 0x7fa266db8230>,51,23,[12  4],52,-1,124,-1,101
1,<environment.Job instance at 0x7fa266db8140>,52,23,[ 1 10],53,-1,124,-1,101
1,<environment.Job instance at 0x7fa266db8be0>,53,22,[14  4],54,-1,123,-1,101
1,<environment.Job instance at 0x7fa266db84b0>,56,2,[ 4 10],57,-1,117,-1,115
1,<environment.Job instance at 0x7fa266bf4f50>,58,25,[4 6],59,-1,150,-1,125
1,<environment.Job instance at 0x7fa266bf4dc0>,61,27,[ 4 12],62,-1,156,-1,129
1,<environment.Job instance at 0x7fa26fee11e0>,65,14,[ 5 13],66,-1,163,-1,149
1,<environment.Job instance at 0x7fa26fee1140>,66,3,[7 4],67,-1,152,-1,149
1,<environment.Job instance at 0x7fa2661c1910>,69,13,[ 3 11],70,-1,174,-1,161
1,<environment.Job instance at 0x7fa2661c1820>,70,22,[ 1 14],71,-1,183,-1,161
1,<environment.Job instance at 0x7fa2661c10f0>,71,24,[9 4],72,-1,185,-1,161
1,<environment.Job instance at 0x7fa2661c1be0>,72,28,[9 5],73,-1,189,-1,161
1,<environment.Job instance at 0x7fa2661c13c0>,76,16,[ 3 14],77,-1,198,-1,182
1,<environment.Job instance at 0x7fa2661c1d20>,77,25,[ 2 14],78,-1,207,-1,182
1,<environment.Job instance at 0x7fa2661c17d0>,78,3,[14  3],79,-1,185,-1,182
1,<environment.Job instance at 0x7fa2661c1460>,79,12,[ 1 11],80,-1,194,-1,182
1,<environment.Job instance at 0x7fa2661c1c80>,80,27,[10  2],81,-1,209,-1,182
1,<environment.Job instance at 0x7fa2661c1d70>,81,14,[ 3 13],82,-1,196,-1,182
1,<environment.Job instance at 0x7fa2661c1f00>,82,24,[14  4],83,-1,206,-1,182
1,<environment.Job instance at 0x7fa2661c1f50>,83,2,[ 1 12],84,-1,184,-1,182
1,<environment.Job instance at 0x7fa2661c1b90>,2,15,[12  2],3,-1,18,-1,3
1,<environment.Job instance at 0x7fa26722e730>,3,23,[11  2],4,-1,27,-1,4
1,<environment.Job instance at 0x7fa26722e8c0>,5,19,[ 5 14],6,-1,25,-1,6
1,<environment.Job instance at 0x7fa26722ed70>,9,19,[13  1],10,-1,29,-1,10
1,<environment.Job instance at 0x7fa26722e140>,12,3,[14  3],13,-1,17,-1,14
1,<environment.Job instance at 0x7fa266951a50>,18,19,[13  4],19,-1,57,-1,38
1,<environment.Job instance at 0x7fa266951370>,21,23,[5 9],22,-1,76,-1,53
1,<environment.Job instance at 0x7fa26690ed20>,22,21,[7 1],23,-1,88,-1,67
1,<environment.Job instance at 0x7fa26690e550>,24,2,[5 9],25,-1,69,-1,67
1,<environment.Job instance at 0x7fa26690e1e0>,25,17,[ 3 10],26,-1,84,-1,67
1,<environment.Job instance at 0x7fa266aacd70>,37,2,[ 5 12],38,-1,137,-1,135
1,<environment.Job instance at 0x7fa266aac550>,38,1,[ 3 10],39,-1,136,-1,135
1,<environment.Job instance at 0x7fa26711fb40>,6,28,[9 2],7,-1,36,-1,8
1,<environment.Job instance at 0x7fa266f960a0>,8,17,[ 4 11],9,-1,26,-1,9
1,<environment.Job instance at 0x7fa265f24410>,15,24,[12  5],16,-1,61,-1,37
1,<environment.Job instance at 0x7fa265f244b0>,20,27,[ 4 10],21,-1,88,-1,61
1,<environment.Job instance at 0x7fa265f248c0>,22,1,[8 4],23,-1,67,-1,66
1,<environment.Job instance at 0x7fa265f24780>,23,23,[11  5],24,-1,89,-1,66
1,<environment.Job instance at 0x7fa265f249b0>,24,28,[2 5],25,-1,94,-1,66
1,<environment.Job instance at 0x7fa265f24a50>,25,18,[ 5 13],26,-1,84,-1,66
1,<environment.Job instance at 0x7fa265f245f0>,26,3,[9 4],27,-1,69,-1,66
1,<environment.Job instance at 0x7fa265f24cd0>,29,26,[ 3 10],30,-1,110,-1,84
1,<environment.Job instance at 0x7fa265f24f00>,32,18,[13  1],33,-1,104,-1,86
1,<environment.Job instance at 0x7fa265f24d20>,34,18,[12  3],35,-1,114,-1,96
1,<environment.Job instance at 0x7fa266e29320>,37,19,[ 5 14],38,-1,131,-1,112
1,<environment.Job instance at 0x7fa266e29460>,38,26,[ 4 11],39,-1,138,-1,112
1,<environment.Job instance at 0x7fa266e294b0>,39,1,[4 8],40,-1,113,-1,112
1,<environment.Job instance at 0x7fa266e29690>,42,3,[11  4],43,-1,139,-1,136
1,<environment.Job instance at 0x7fa266e298c0>,45,24,[2 8],46,-1,175,-1,151
1,<environment.Job instance at 0x7fa266e299b0>,46,28,[7 4],47,-1,179,-1,151
1,<environment.Job instance at 0x7fa266e29a50>,47,12,[13  4],48,-1,163,-1,151
1,<environment.Job instance at 0x7fa266e29d70>,51,13,[12  3],52,-1,179,-1,166
1,<environment.Job instance at 0x7fa266e29e10>,52,25,[9 2],53,-1,191,-1,166
1,<environment.Job instance at 0x7fa266e29fa0>,56,25,[11  2],57,-1,211,-1,186
1,<environment.Job instance at 0x7fa265e44780>,4,16,[ 2 13],5,-1,21,-1,5
1,<environment.Job instance at 0x7fa265e44c80>,5,24,[10  3],6,-1,30,-1,6
1,<environment.Job instance at 0x7fa265e44820>,7,28,[6 1],8,-1,36,-1,8
1,<environment.Job instance at 0x7fa2674984b0>,11,13,[ 2 13],12,-1,25,-1,12
1,<environment.Job instance at 0x7fa265e3d5a0>,12,26,[13  4],13,-1,39,-1,13
1,<environment.Job instance at 0x7fa267114460>,21,3,[4 6],22,-1,49,-1,46
1,<environment.Job instance at 0x7fa2671140a0>,23,28,[6 2],24,-1,74,-1,46
1,<environment.Job instance at 0x7fa267114640>,24,13,[ 2 14],25,-1,59,-1,46
1,<environment.Job instance at 0x7fa267114c30>,26,17,[ 5 11],27,-1,70,-1,53
1,<environment.Job instance at 0x7fa267114be0>,27,2,[ 3 14],28,-1,55,-1,53
1,<environment.Job instance at 0x7fa2671145f0>,34,13,[12  2],35,-1,116,-1,103
1,<environment.Job instance at 0x7fa267114f50>,35,3,[1 7],36,-1,106,-1,103
1,<environment.Job instance at 0x7fa265d8e5a0>,36,18,[11  3],37,-1,121,-1,103
1,<environment.Job instance at 0x7fa265d8ec30>,37,28,[4 8],38,-1,131,-1,103
1,<environment.Job instance at 0x7fa266292370>,39,28,[1 5],40,-1,141,-1,113
1,<environment.Job instance at 0x7fa266292780>,41,22,[12  3],42,-1,142,-1,120
1,<environment.Job instance at 0x7fa266292dc0>,42,1,[6 2],43,-1,121,-1,120
1,<environment.Job instance at 0x7fa265d62f50>,44,23,[9 1],45,-1,144,-1,121
1,<environment.Job instance at 0x7fa265d62500>,45,3,[9 3],46,-1,124,-1,121
1,<environment.Job instance at 0x7fa266a85a50>,46,23,[5 9],47,-1,144,-1,121
1,<environment.Job instance at 0x7fa266efe500>,47,15,[11  1],48,-1,136,-1,121
1,<environment.Job instance at 0x7fa2674c5fa0>,52,24,[10  2],53,-1,172,-1,148
1,<environment.Job instance at 0x7fa2671b7d70>,56,2,[ 4 12],57,-1,176,-1,174
1,<environment.Job instance at 0x7fa2671b7b40>,57,15,[ 5 10],58,-1,203,-1,188
1,<environment.Job instance at 0x7fa266227a00>,3,3,[14  5],4,-1,7,-1,4
1,<environment.Job instance at 0x7fa266227370>,4,21,[12  5],5,-1,26,-1,5
1,<environment.Job instance at 0x7fa266227460>,8,28,[4 7],9,-1,37,-1,9
1,<environment.Job instance at 0x7fa266227e10>,12,1,[6 2],13,-1,21,-1,20
1,<environment.Job instance at 0x7fa266e65af0>,13,23,[2 8],14,-1,50,-1,27
1,<environment.Job instance at 0x7fa2671f1e10>,16,15,[ 2 13],17,-1,65,-1,50
1,<environment.Job instance at 0x7fa2671f1d20>,17,27,[4 5],18,-1,77,-1,50
1,<environment.Job instance at 0x7fa266608cd0>,18,14,[ 1 11],19,-1,64,-1,50
1,<environment.Job instance at 0x7fa266608280>,19,23,[12  2],20,-1,73,-1,50
1,<environment.Job instance at 0x7fa2671b7f50>,21,18,[14  5],22,-1,68,-1,50
1,<environment.Job instance at 0x7fa27034f640>,22,13,[ 2 10],23,-1,70,-1,57
1,<environment.Job instance at 0x7fa26fd3c690>,25,13,[ 3 10],26,-1,84,-1,71
1,<environment.Job instance at 0x7fa26684ad70>,26,3,[ 4 10],27,-1,74,-1,71
1,<environment.Job instance at 0x7fa266aa51e0>,28,2,[8 1],29,-1,73,-1,71
1,<environment.Job instance at 0x7fa26684a870>,29,27,[5 7],30,-1,98,-1,71
1,<environment.Job instance at 0x7fa2701adf00>,30,25,[9 5],31,-1,96,-1,71
1,<environment.Job instance at 0x7fa26684a0a0>,33,14,[14  5],34,-1,99,-1,85
1,<environment.Job instance at 0x7fa266a2d7d0>,36,1,[9 3],37,-1,106,-1,105
1,<environment.Job instance at 0x7fa266a2d870>,37,3,[5 5],38,-1,108,-1,105
1,<environment.Job instance at 0x7fa267438050>,42,26,[3 6],43,-1,145,-1,119
1,<environment.Job instance at 0x7fa267438dc0>,43,1,[ 5 10],44,-1,120,-1,119
1,<environment.Job instance at 0x7fa267438f50>,45,2,[6 4],46,-1,133,-1,131
1,<environment.Job instance at 0x7fa267438190>,47,20,[11  5],48,-1,159,-1,139
1,<environment.Job instance at 0x7fa26647f2d0>,48,20,[13  5],49,-1,159,-1,139
1,<environment.Job instance at 0x7fa26647f780>,50,25,[10  2],51,-1,171,-1,146
1,<environment.Job instance at 0x7fa26647ff50>,51,2,[ 1 10],52,-1,148,-1,146
1,<environment.Job instance at 0x7fa26647faf0>,52,18,[ 5 11],53,-1,164,-1,146
1,<environment.Job instance at 0x7fa26647f5a0>,54,16,[14  2],55,-1,172,-1,156
1,<environment.Job instance at 0x7fa26647f140>,55,24,[7 2],56,-1,180,-1,156
1,<environment.Job instance at 0x7fa26647f6e0>,56,2,[5 5],57,-1,158,-1,156
1,<environment.Job instance at 0x7fa26647f280>,57,1,[1 6],58,-1,157,-1,156
1,<environment.Job instance at 0x7fa26647fc80>,58,16,[ 2 12],59,-1,172,-1,156
1,<environment.Job instance at 0x7fa26647f820>,60,1,[ 5 14],61,-1,157,-1,156
1,<environment.Job instance at 0x7fa266c5bc80>,62,17,[ 5 13],63,-1,188,-1,171
1,<environment.Job instance at 0x7fa266c5b5a0>,63,21,[ 2 10],64,-1,192,-1,171
1,<environment.Job instance at 0x7fa266c5b910>,65,3,[11  4],66,-1,176,-1,173
1,<environment.Job instance at 0x7fa266208050>,66,19,[ 4 10],67,-1,192,-1,173
1,<environment.Job instance at 0x7fa2665db410>,67,27,[2 9],68,-1,200,-1,173
1,<environment.Job instance at 0x7fa26fd31fa0>,2,18,[ 5 13],3,-1,21,-1,3
1,<environment.Job instance at 0x7fa26742ce60>,3,1,[14  4],4,-1,5,-1,4
1,<environment.Job instance at 0x7fa2676201e0>,13,25,[ 4 14],14,-1,43,-1,18
1,<environment.Job instance at 0x7fa26722f2d0>,9,21,[12  3],10,-1,66,-1,45
1,<environment.Job instance at 0x7fa267620eb0>,17,1,[11  1],18,-1,57,-1,56
1,<environment.Job instance at 0x7fa267411af0>,21,27,[5 7],22,-1,83,-1,56
1,<environment.Job instance at 0x7fa267411370>,22,26,[2 7],23,-1,82,-1,56
1,<environment.Job instance at 0x7fa267267b40>,24,22,[13  4],25,-1,78,-1,56
1,<environment.Job instance at 0x7fa266f2d550>,25,16,[11  1],26,-1,72,-1,56
1,<environment.Job instance at 0x7fa267267910>,26,15,[ 4 12],27,-1,71,-1,56
1,<environment.Job instance at 0x7fa266a57b90>,27,24,[6 4],28,-1,80,-1,56
1,<environment.Job instance at 0x7fa26764f3c0>,30,28,[ 5 13],31,-1,88,-1,60
1,<environment.Job instance at 0x7fa26764faa0>,31,27,[11  2],32,-1,87,-1,60
1,<environment.Job instance at 0x7fa26635d910>,37,22,[ 3 12],38,-1,111,-1,89
1,<environment.Job instance at 0x7fa270199fa0>,39,14,[ 3 10],40,-1,116,-1,102
1,<environment.Job instance at 0x7fa26febd190>,40,23,[13  2],41,-1,125,-1,102
1,<environment.Job instance at 0x7fa2670ba190>,41,3,[ 2 11],42,-1,105,-1,102
1,<environment.Job instance at 0x7fa26647c280>,42,18,[12  1],43,-1,120,-1,102
1,<environment.Job instance at 0x7fa2670bac80>,44,16,[13  4],45,-1,125,-1,109
1,<environment.Job instance at 0x7fa26647cd70>,45,28,[5 9],46,-1,137,-1,109
1,<environment.Job instance at 0x7fa26fccc4b0>,47,25,[10  4],48,-1,135,-1,110
1,<environment.Job instance at 0x7fa26fcccbe0>,48,17,[13  3],49,-1,127,-1,110
1,<environment.Job instance at 0x7fa26fcad0f0>,50,28,[ 1 12],51,-1,138,-1,110
1,<environment.Job instance at 0x7fa267686820>,52,28,[5 1],53,-1,151,-1,123
1,<environment.Job instance at 0x7fa267686910>,54,3,[2 7],55,-1,127,-1,124
1,<environment.Job instance at 0x7fa2676865f0>,55,2,[4 8],56,-1,126,-1,124
1,<environment.Job instance at 0x7fa266377730>,60,19,[ 3 10],61,-1,198,-1,179
1,<environment.Job instance at 0x7f40bc3e0640>,4,24,[ 3 11],5,-1,29,-1,5
1,<environment.Job instance at 0x7f40b2c8fe60>,8,24,[ 2 10],9,-1,34,-1,10
1,<environment.Job instance at 0x7f40b2c0d5f0>,14,21,[ 3 11],15,-1,42,-1,21
1,<environment.Job instance at 0x7f40b2c0d7d0>,17,18,[ 5 13],18,-1,58,-1,40
1,<environment.Job instance at 0x7f40b2c0d7d0>,2,27,[9 1],3,-1,30,-1,3
1,<environment.Job instance at 0x7f40b2dd56e0>,13,2,[9 2],14,-1,34,-1,32
1,<environment.Job instance at 0x7f40b2dd5910>,15,15,[ 1 11],16,-1,54,-1,39
1,<environment.Job instance at 0x7f40b23c1960>,2,13,[ 5 12],3,-1,16,-1,3
1,<environment.Job instance at 0x7f40b2dd5460>,3,17,[ 2 10],4,-1,23,-1,6
1,<environment.Job instance at 0x7f40b23c1cd0>,10,13,[1 7],11,-1,35,-1,22
1,<environment.Job instance at 0x7f40b23c1500>,11,13,[12  3],12,-1,35,-1,22
1,<environment.Job instance at 0x7f40b23c1550>,14,28,[7 4],15,-1,61,-1,33
1,<environment.Job instance at 0x7f40b23c1fa0>,16,3,[1 6],17,-1,42,-1,39
1,<environment.Job instance at 0x7f40b23c1b40>,17,12,[6 1],18,-1,51,-1,39
1,<environment.Job instance at 0x7f40b23c1410>,18,14,[9 1],19,-1,56,-1,42
1,<environment.Job instance at 0x7f40b23a2e10>,20,18,[ 3 12],21,-1,66,-1,48
1,<environment.Job instance at 0x7f40b23a2e10>,2,26,[ 3 11],3,-1,29,-1,3
1,<environment.Job instance at 0x7f40b2c6c5a0>,5,16,[ 1 11],6,-1,22,-1,6
1,<environment.Job instance at 0x7f40b24669b0>,8,24,[8 5],9,-1,33,-1,9
1,<environment.Job instance at 0x7f40b32030f0>,18,13,[1 9],19,-1,62,-1,49
1,<environment.Job instance at 0x7f40b2421280>,19,3,[ 5 11],20,-1,52,-1,49
1,<environment.Job instance at 0x7f40b27b3d20>,20,22,[11  3],21,-1,71,-1,49
1,<environment.Job instance at 0x7f40b252b550>,1,21,[ 4 11],2,-1,24,-1,3
1,<environment.Job instance at 0x7f40b26be690>,2,2,[ 3 12],3,-1,5,-1,3
1,<environment.Job instance at 0x7f40b27b3d20>,3,1,[10  3],4,-1,5,-1,4
1,<environment.Job instance at 0x7f40b21e75f0>,4,28,[3 8],5,-1,33,-1,5
1,<environment.Job instance at 0x7f40b21e7730>,5,24,[12  1],6,-1,30,-1,6
1,<environment.Job instance at 0x7f40b27c05f0>,7,27,[5 3],8,-1,35,-1,8
1,<environment.Job instance at 0x7f40b21e79b0>,9,17,[ 5 11],10,-1,27,-1,10
1,<environment.Job instance at 0x7f40b21e7b90>,10,13,[5 1],11,-1,26,-1,13
1,<environment.Job instance at 0x7f40b21e7c80>,13,2,[11  2],14,-1,16,-1,14
1,<environment.Job instance at 0x7f40b21e7d20>,14,18,[12  2],15,-1,33,-1,15
1,<environment.Job instance at 0x7f40b21e7e60>,16,17,[11  1],17,-1,34,-1,17
1,<environment.Job instance at 0x7f40b21e7be0>,17,13,[ 4 12],18,-1,31,-1,18
1,<environment.Job instance at 0x7f40b21e9050>,18,17,[11  4],19,-1,36,-1,19
1,<environment.Job instance at 0x7f40b21e90f0>,19,13,[10  1],20,-1,33,-1,20
1,<environment.Job instance at 0x7f40b21e9230>,21,18,[ 1 10],22,-1,40,-1,22
1,<environment.Job instance at 0x7f40b21e93c0>,22,28,[7 4],23,-1,51,-1,23
1,<environment.Job instance at 0x7f40b21e95a0>,25,23,[8 3],26,-1,54,-1,31
1,<environment.Job instance at 0x7f40b21e96e0>,26,1,[3 8],27,-1,32,-1,31
1,<environment.Job instance at 0x7f40b21e97d0>,28,28,[9 1],29,-1,63,-1,35
1,<environment.Job instance at 0x7f40b21e9690>,30,15,[ 5 10],31,-1,60,-1,45
1,<environment.Job instance at 0x7f40b21e94b0>,31,1,[7 2],32,-1,46,-1,45
1,<environment.Job instance at 0x7f40b21e9a00>,32,16,[14  3],33,-1,61,-1,45
1,<environment.Job instance at 0x7f40b21e9b90>,33,12,[11  4],34,-1,57,-1,45
1,<environment.Job instance at 0x7f40b21e9c30>,34,15,[14  3],35,-1,60,-1,45
1,<environment.Job instance at 0x7f40b21e9dc0>,35,2,[6 4],36,-1,47,-1,45
1,<environment.Job instance at 0x7f40b21e9d70>,36,13,[ 5 13],37,-1,58,-1,45
1,<environment.Job instance at 0x7f40b222fc80>,1,16,[ 2 13],2,-1,18,-1,2
1,<environment.Job instance at 0x7f40b222fe60>,5,13,[11  1],6,-1,19,-1,6
1,<environment.Job instance at 0x7f40b222feb0>,4,1,[10  4],5,-1,7,-1,6
1,<environment.Job instance at 0x7f40b2232640>,13,12,[12  2],14,-1,26,-1,14
1,<environment.Job instance at 0x7f40b2232550>,17,2,[14  5],18,-1,20,-1,18
1,<environment.Job instance at 0x7f40b3751320>,4,16,[ 2 11],5,-1,26,-1,10
1,<environment.Job instance at 0x7f40b37510a0>,10,26,[4 7],11,-1,37,-1,11
1,<environment.Job instance at 0x7f40b3751dc0>,11,25,[10  5],12,-1,37,-1,12
1,<environment.Job instance at 0x7f40b37517d0>,12,1,[8 5],13,-1,14,-1,13
1,<environment.Job instance at 0x7f40bc2d2370>,18,2,[4 6],19,-1,37,-1,35
1,<environment.Job instance at 0x7f40bc2d2e10>,19,24,[6 5],20,-1,59,-1,35
1,<environment.Job instance at 0x7f40bc2d2820>,21,25,[5 1],22,-1,60,-1,35
1,<environment.Job instance at 0x7f40bc2d2820>,3,1,[ 2 11],4,-1,6,-1,5
1,<environment.Job instance at 0x7f40b26517d0>,5,15,[13  3],6,-1,21,-1,6
1,<environment.Job instance at 0x7f40b2651910>,6,12,[14  2],7,-1,19,-1,7
1,<environment.Job instance at 0x7f40b26519b0>,7,1,[ 2 11],8,-1,9,-1,8
1,<environment.Job instance at 0x7f40b2651af0>,9,15,[12  5],10,-1,25,-1,10
1,<environment.Job instance at 0x7f40b2651c30>,10,16,[ 3 12],11,-1,27,-1,11
1,<environment.Job instance at 0x7f40b2651cd0>,11,16,[ 3 12],12,-1,28,-1,12
1,<environment.Job instance at 0x7f40b2651d20>,12,22,[1 6],13,-1,35,-1,13
1,<environment.Job instance at 0x7f40b2651dc0>,13,27,[5 1],14,-1,41,-1,14
1,<environment.Job instance at 0x7f40b2651e60>,14,25,[10  4],15,-1,40,-1,15
1,<environment.Job instance at 0x7f40b2651f00>,15,26,[5 4],16,-1,42,-1,16
1,<environment.Job instance at 0x7f40b2651fa0>,16,3,[5 9],17,-1,20,-1,17
1,<environment.Job instance at 0x7f40b266e550>,21,3,[4 7],22,-1,32,-1,29
1,<environment.Job instance at 0x7f40b266e500>,22,18,[ 2 10],23,-1,48,-1,30
1,<environment.Job instance at 0x7f40b266e690>,25,2,[6 3],26,-1,40,-1,38
1,<environment.Job instance at 0x7f40b266e730>,26,24,[3 6],27,-1,62,-1,38
1,<environment.Job instance at 0x7f40b266e140>,2,16,[ 1 11],3,-1,19,-1,3
1,<environment.Job instance at 0x7f40b2160b90>,5,17,[ 4 13],6,-1,23,-1,6
1,<environment.Job instance at 0x7f40b27f7e60>,3,27,[ 3 14],4,-1,31,-1,4
1,<environment.Job instance at 0x7f40b27f7820>,6,28,[5 2],7,-1,35,-1,7
1,<environment.Job instance at 0x7f40b32300a0>,7,28,[13  5],8,-1,36,-1,8
1,<environment.Job instance at 0x7f40b3230be0>,14,1,[ 1 10],15,-1,20,-1,19
1,<environment.Job instance at 0x7f40b26c8230>,18,2,[7 2],19,-1,38,-1,36
1,<environment.Job instance at 0x7f40b2864050>,21,25,[7 3],22,-1,72,-1,47
1,<environment.Job instance at 0x7f40b3055960>,3,24,[1 9],4,-1,28,-1,4
1,<environment.Job instance at 0x7f40b3055b90>,4,25,[ 3 10],5,-1,30,-1,5
1,<environment.Job instance at 0x7f40b3055be0>,6,1,[2 5],7,-1,8,-1,7
1,<environment.Job instance at 0x7f40b3055dc0>,7,2,[13  5],8,-1,10,-1,8
1,<environment.Job instance at 0x7f40b2864050>,10,28,[7 2],11,-1,41,-1,13
1,<environment.Job instance at 0x7f40b2c227d0>,6,2,[10  3],7,-1,10,-1,8
1,<environment.Job instance at 0x7f40b2ed2a50>,11,27,[14  3],12,-1,39,-1,12
1,<environment.Job instance at 0x7f40b2ed2910>,13,3,[1 6],14,-1,17,-1,14
1,<environment.Job instance at 0x7f40b2ed21e0>,14,25,[4 9],15,-1,40,-1,15
1,<environment.Job instance at 0x7f40b2ed2cd0>,15,18,[ 1 12],16,-1,34,-1,16
1,<environment.Job instance at 0x7f40b2ed2050>,18,2,[ 3 10],19,-1,27,-1,25
1,<environment.Job instance at 0x7f40b2ed2d20>,19,3,[5 1],20,-1,28,-1,25
1,<environment.Job instance at 0x7f40b2ed2fa0>,20,2,[11  4],21,-1,27,-1,25
1,<environment.Job instance at 0x7f40b2f80870>,22,1,[5 1],23,-1,40,-1,39
1,<environment.Job instance at 0x7f40b2f800a0>,23,17,[14  3],24,-1,56,-1,39
1,<environment.Job instance at 0x7f40b2f80d20>,24,28,[5 5],25,-1,67,-1,39
1,<environment.Job instance at 0x7f40b2f80140>,25,19,[ 1 12],26,-1,58,-1,39
1,<environment.Job instance at 0x7f40b2f802d0>,26,24,[10  2],27,-1,63,-1,39
1,<environment.Job instance at 0x7f40b2f805a0>,27,2,[ 4 13],28,-1,41,-1,39
1,<environment.Job instance at 0x7f40b2f80960>,29,12,[8 2],30,-1,55,-1,43
1,<environment.Job instance at 0x7f40b2f80690>,30,28,[ 1 12],31,-1,71,-1,43
1,<environment.Job instance at 0x7f40bc365dc0>,31,15,[13  1],32,-1,58,-1,43
1,<environment.Job instance at 0x7f40bc3659b0>,32,2,[ 5 12],33,-1,45,-1,43
1,<environment.Job instance at 0x7f40b30507d0>,3,24,[9 2],4,-1,28,-1,4
1,<environment.Job instance at 0x7f40b26895a0>,5,15,[ 5 11],6,-1,21,-1,6
1,<environment.Job instance at 0x7f40b32ae8c0>,6,27,[2 7],7,-1,34,-1,7
1,<environment.Job instance at 0x7f40b2c382d0>,2,18,[14  1],3,-1,26,-1,8
1,<environment.Job instance at 0x7f40b258b190>,10,13,[ 3 12],11,-1,25,-1,12
1,<environment.Job instance at 0x7f40b2965410>,12,25,[11  2],13,-1,38,-1,13
1,<environment.Job instance at 0x7f40b3402050>,9,12,[ 3 12],10,-1,25,-1,13
1,<environment.Job instance at 0x7f40b232cf50>,19,14,[ 2 11],20,-1,47,-1,33
1,<environment.Job instance at 0x7f40b25f35a0>,4,27,[4 6],5,-1,32,-1,5
1,<environment.Job instance at 0x7f40b25e9500>,8,22,[ 3 12],9,-1,31,-1,9
1,<environment.Job instance at 0x7f40b22d7cd0>,16,22,[8 4],17,-1,64,-1,42
1,<environment.Job instance at 0x7f40b22ffc30>,18,2,[ 2 10],19,-1,44,-1,42
1,<environment.Job instance at 0x7f40b22ffe10>,19,22,[7 5],20,-1,64,-1,42
1,<environment.Job instance at 0x7f40b22ffd70>,20,16,[11  3],21,-1,58,-1,42
1,<environment.Job instance at 0x7f40b22ff5a0>,21,18,[ 5 10],22,-1,66,-1,48
1,<environment.Job instance at 0x7f40b22ff690>,22,2,[2 6],23,-1,50,-1,48
1,<environment.Job instance at 0x7f40b22ff500>,23,24,[1 6],24,-1,72,-1,48
1,<environment.Job instance at 0x7f40b22ff050>,24,16,[14  5],25,-1,64,-1,48
1,<environment.Job instance at 0x7f40b26fce10>,2,2,[ 2 13],3,-1,5,-1,3
1,<environment.Job instance at 0x7f40b35582d0>,3,26,[ 3 14],4,-1,30,-1,4
1,<environment.Job instance at 0x7f40b3558050>,13,3,[14  5],14,-1,26,-1,23
1,<environment.Job instance at 0x7f40b2e18f50>,15,15,[ 1 10],16,-1,49,-1,34
1,<environment.Job instance at 0x7f40b235f8c0>,16,1,[8 1],17,-1,35,-1,34
1,<environment.Job instance at 0x7f40b235f550>,19,2,[10  4],20,-1,50,-1,48
1,<environment.Job instance at 0x7f40b235f870>,20,26,[1 6],21,-1,74,-1,48
1,<environment.Job instance at 0x7f40bc550d70>,21,23,[5 5],22,-1,71,-1,48
1,<environment.Job instance at 0x7f40b235fd20>,22,1,[12  2],23,-1,49,-1,48
1,<environment.Job instance at 0x7f40b235f4b0>,23,15,[14  2],24,-1,63,-1,48
1,<environment.Job instance at 0x7f40b2947b40>,2,28,[8 5],3,-1,31,-1,3
1,<environment.Job instance at 0x7f40b29697d0>,12,12,[11  5],13,-1,54,-1,42
1,<environment.Job instance at 0x7f40b2969be0>,15,25,[12  1],16,-1,73,-1,48
1,<environment.Job instance at 0x7f40b3130f50>,1,19,[ 5 13],2,-1,21,-1,2
1,<environment.Job instance at 0x7f40b22910f0>,3,25,[3 9],4,-1,29,-1,4
1,<environment.Job instance at 0x7f40b33224b0>,2,25,[ 2 14],3,-1,28,-1,3
1,<environment.Job instance at 0x7f40b37fc780>,3,12,[ 3 13],4,-1,16,-1,4
1,<environment.Job instance at 0x7f40b21df7d0>,11,14,[1 7],12,-1,49,-1,35
1,<environment.Job instance at 0x7f40b21dfb90>,15,14,[3 9],16,-1,53,-1,39
1,<environment.Job instance at 0x7f40b21dfe60>,16,1,[10  5],17,-1,40,-1,39
1,<environment.Job instance at 0x7f40b21dfaa0>,17,14,[5 3],18,-1,55,-1,41
1,<environment.Job instance at 0x7f40b21df230>,18,24,[14  3],19,-1,65,-1,41
1,<environment.Job instance at 0x7f40b21df5f0>,19,25,[ 5 10],20,-1,66,-1,41
1,<environment.Job instance at 0x7f40b21dff50>,20,16,[ 3 12],21,-1,57,-1,41
1,<environment.Job instance at 0x7f40b21dff50>,2,1,[ 1 14],3,-1,4,-1,3
1,<environment.Job instance at 0x7f40b20d50a0>,3,26,[3 8],4,-1,30,-1,4
1,<environment.Job instance at 0x7f40b20d5190>,4,26,[10  5],5,-1,31,-1,5
1,<environment.Job instance at 0x7f40b22ee5a0>,6,1,[12  4],7,-1,8,-1,7
1,<environment.Job instance at 0x7f40b22ee050>,9,24,[5 8],10,-1,35,-1,11
1,<environment.Job instance at 0x7f40b22eee10>,15,21,[ 5 14],16,-1,47,-1,26
1,<environment.Job instance at 0x7f40b22eeb40>,16,21,[ 4 11],17,-1,47,-1,26
1,<environment.Job instance at 0x7f40b22ab3c0>,4,2,[5 7],5,-1,8,-1,6
1,<environment.Job instance at 0x7f40b29896e0>,7,27,[ 2 10],8,-1,35,-1,8
1,<environment.Job instance at 0x7f40b2989230>,8,16,[ 1 12],9,-1,25,-1,9
1,<environment.Job instance at 0x7f40b2ee6a50>,9,15,[13  4],10,-1,25,-1,10
1,<environment.Job instance at 0x7f40b2ee6730>,10,2,[ 1 13],11,-1,13,-1,11
1,<environment.Job instance at 0x7f40b36ddd20>,15,2,[8 2],16,-1,39,-1,37
1,<environment.Job instance at 0x7f40b28a54b0>,16,21,[ 1 11],17,-1,58,-1,37
1,<environment.Job instance at 0x7fbaa9a1a5f0>,4,24,[ 3 11],5,-1,29,-1,5
1,<environment.Job instance at 0x7fbaa0243140>,11,1,[8 4],12,-1,15,-1,14
1,<environment.Job instance at 0x7fbaa0243410>,12,13,[ 2 12],13,-1,27,-1,14
1,<environment.Job instance at 0x7fbaa0243690>,14,21,[ 3 11],15,-1,41,-1,20
1,<environment.Job instance at 0x7fbaa02437d0>,17,18,[ 5 13],18,-1,57,-1,39
1,<environment.Job instance at 0x7fbaa06f3140>,2,24,[ 3 10],3,-1,27,-1,3
1,<environment.Job instance at 0x7fbaa06f3690>,5,15,[ 1 11],6,-1,21,-1,6
1,<environment.Job instance at 0x7fbaa06f3870>,8,25,[ 2 12],9,-1,34,-1,9
1,<environment.Job instance at 0x7fbaa06611e0>,9,26,[5 4],10,-1,37,-1,11
1,<environment.Job instance at 0x7fbaa06610a0>,13,27,[8 2],14,-1,42,-1,15
1,<environment.Job instance at 0x7fba9f975f00>,3,24,[5 6],4,-1,29,-1,5
1,<environment.Job instance at 0x7fba9f9759b0>,5,14,[14  1],6,-1,20,-1,6
1,<environment.Job instance at 0x7fba9f975960>,6,22,[10  1],7,-1,39,-1,17
1,<environment.Job instance at 0x7fba9f975730>,12,23,[ 1 14],13,-1,40,-1,17
1,<environment.Job instance at 0x7fba9f975370>,15,23,[7 3],16,-1,55,-1,32
1,<environment.Job instance at 0x7fba9f9755f0>,17,26,[ 1 11],18,-1,58,-1,32
1,<environment.Job instance at 0x7fba9f9efdc0>,20,17,[ 2 11],21,-1,67,-1,50
1,<environment.Job instance at 0x7fbaa0979320>,8,28,[4 7],9,-1,37,-1,9
1,<environment.Job instance at 0x7fba9fcf9cd0>,9,26,[3 6],10,-1,36,-1,10
1,<environment.Job instance at 0x7fba9ff7b5a0>,10,12,[11  1],11,-1,23,-1,11
1,<environment.Job instance at 0x7fba9ff40410>,11,12,[ 5 11],12,-1,24,-1,12
1,<environment.Job instance at 0x7fba9ff40be0>,13,2,[ 1 10],14,-1,19,-1,17
1,<environment.Job instance at 0x7fba9ff40370>,17,3,[5 4],18,-1,21,-1,18
1,<environment.Job instance at 0x7fba9fde8140>,20,23,[5 8],21,-1,56,-1,33
1,<environment.Job instance at 0x7fba9fde88c0>,21,21,[ 4 11],22,-1,54,-1,33
1,<environment.Job instance at 0x7fba9ff7e550>,22,2,[ 3 12],23,-1,35,-1,33
1,<environment.Job instance at 0x7fba9fdd8eb0>,23,1,[10  3],24,-1,34,-1,33
1,<environment.Job instance at 0x7fba9ff7e690>,24,28,[3 8],25,-1,61,-1,33
1,<environment.Job instance at 0x7fba9ff167d0>,25,24,[12  1],26,-1,57,-1,33
1,<environment.Job instance at 0x7fba9ff7e780>,26,14,[11  2],27,-1,47,-1,33
1,<environment.Job instance at 0x7fba9ff60b40>,27,27,[5 3],28,-1,60,-1,33
1,<environment.Job instance at 0x7fba9fc1f910>,29,17,[ 5 11],30,-1,66,-1,49
1,<environment.Job instance at 0x7fba9fd30c30>,30,13,[5 1],31,-1,62,-1,49
1,<environment.Job instance at 0x7fba9fd306e0>,31,27,[6 5],32,-1,76,-1,49
1,<environment.Job instance at 0x7fba9fd30e10>,32,18,[ 2 14],33,-1,67,-1,49
1,<environment.Job instance at 0x7fba9fda85f0>,33,2,[11  2],34,-1,51,-1,49
1,<environment.Job instance at 0x7fba9ff37780>,34,18,[12  2],35,-1,67,-1,49
1,<environment.Job instance at 0x7fba9fc21e10>,36,17,[11  1],37,-1,66,-1,49
1,<environment.Job instance at 0x7fbaa02a7780>,37,13,[ 4 12],38,-1,62,-1,49
1,<environment.Job instance at 0x7fba9f9d70f0>,38,17,[11  4],39,-1,66,-1,49
1,<environment.Job instance at 0x7fba9ff2f7d0>,39,13,[10  1],40,-1,62,-1,49
1,<environment.Job instance at 0x7fbaa004f640>,1,22,[5 8],2,-1,24,-1,2
1,<environment.Job instance at 0x7fba9ff2f7d0>,4,28,[13  3],5,-1,33,-1,5
1,<environment.Job instance at 0x7fba9f81beb0>,8,24,[ 5 11],9,-1,33,-1,9
1,<environment.Job instance at 0x7fba9f81f140>,11,16,[ 2 13],12,-1,28,-1,12
1,<environment.Job instance at 0x7fba9f8423c0>,4,16,[ 2 11],5,-1,21,-1,5
1,<environment.Job instance at 0x7fba9f842fa0>,9,16,[ 4 13],10,-1,26,-1,10
1,<environment.Job instance at 0x7fba9f842960>,10,26,[4 7],11,-1,38,-1,12
1,<environment.Job instance at 0x7fba9f842dc0>,12,1,[8 5],13,-1,14,-1,13
1,<environment.Job instance at 0x7fba9f842eb0>,16,20,[ 3 11],17,-1,37,-1,17
1,<environment.Job instance at 0x7fba9f842230>,19,24,[6 5],20,-1,46,-1,22
1,<environment.Job instance at 0x7fba9f84b820>,21,25,[5 1],22,-1,49,-1,24
1,<environment.Job instance at 0x7fba9f84b1e0>,24,18,[ 4 13],25,-1,69,-1,51
1,<environment.Job instance at 0x7fba9f84b6e0>,25,24,[9 3],26,-1,75,-1,51
1,<environment.Job instance at 0x7fba9f84bd70>,26,15,[13  4],27,-1,66,-1,51
1,<environment.Job instance at 0x7fba9f84beb0>,28,24,[ 2 13],29,-1,78,-1,54
1,<environment.Job instance at 0x7fba9f84b870>,29,3,[ 2 14],30,-1,57,-1,54
1,<environment.Job instance at 0x7fba9f84b0a0>,30,16,[ 5 13],31,-1,70,-1,54
1,<environment.Job instance at 0x7fba9f84be10>,31,2,[1 7],32,-1,56,-1,54
1,<environment.Job instance at 0x7fbaa0684780>,3,27,[5 1],4,-1,31,-1,4
1,<environment.Job instance at 0x7fbaa0684dc0>,4,25,[10  4],5,-1,30,-1,5
1,<environment.Job instance at 0x7fbaa06844b0>,5,26,[5 4],6,-1,35,-1,9
1,<environment.Job instance at 0x7fbaa0684aa0>,10,13,[ 1 10],11,-1,25,-1,12
1,<environment.Job instance at 0x7fbaa0e17820>,15,2,[6 3],16,-1,33,-1,31
1,<environment.Job instance at 0x7fbaa0e17550>,16,24,[3 6],17,-1,55,-1,31
1,<environment.Job instance at 0x7fbaa0e17a50>,18,26,[7 4],19,-1,57,-1,31
1,<environment.Job instance at 0x7fbaa0e17410>,20,27,[9 5],21,-1,70,-1,43
1,<environment.Job instance at 0x7fbaa0e17b40>,22,3,[9 2],23,-1,49,-1,46
1,<environment.Job instance at 0x7fbaa040c3c0>,4,2,[2 8],5,-1,7,-1,5
1,<environment.Job instance at 0x7fbaa040c690>,5,14,[11  5],6,-1,20,-1,6
1,<environment.Job instance at 0x7fbaa040c870>,6,13,[ 1 11],7,-1,20,-1,7
1,<environment.Job instance at 0x7fbaa040ce10>,7,3,[5 9],8,-1,12,-1,9
1,<environment.Job instance at 0x7fbaa040cd70>,9,15,[ 3 12],10,-1,25,-1,10
1,<environment.Job instance at 0x7fbaa040c910>,10,18,[13  2],11,-1,29,-1,11
1,<environment.Job instance at 0x7fbaa040c780>,11,1,[5 7],12,-1,13,-1,12
1,<environment.Job instance at 0x7fba9f81c500>,13,28,[11  3],14,-1,42,-1,14
1,<environment.Job instance at 0x7fbaa03fc780>,16,2,[5 3],17,-1,30,-1,28
1,<environment.Job instance at 0x7fbaa03fcaa0>,17,15,[5 7],18,-1,65,-1,50
1,<environment.Job instance at 0x7fbaa03fc8c0>,24,2,[3 5],25,-1,52,-1,50
1,<environment.Job instance at 0x7fbaa0676910>,25,17,[1 8],26,-1,67,-1,50
1,<environment.Job instance at 0x7fbaa0406690>,26,14,[ 3 14],27,-1,64,-1,50
1,<environment.Job instance at 0x7fbaa04063c0>,27,24,[3 9],28,-1,74,-1,50
1,<environment.Job instance at 0x7fbaa0406a00>,28,17,[9 1],29,-1,67,-1,50
1,<environment.Job instance at 0x7fbaa0406320>,29,3,[10  3],30,-1,53,-1,50
1,<environment.Job instance at 0x7fbaa0406640>,30,12,[ 2 12],31,-1,62,-1,50
1,<environment.Job instance at 0x7fba9fc9dc80>,31,16,[1 8],32,-1,66,-1,50
1,<environment.Job instance at 0x7fba9fc9d7d0>,32,1,[ 2 11],33,-1,51,-1,50
1,<environment.Job instance at 0x7fba9fc9db40>,33,27,[ 3 14],34,-1,77,-1,50
1,<environment.Job instance at 0x7fba9fcb0aa0>,34,12,[3 5],35,-1,62,-1,50
1,<environment.Job instance at 0x7fba9fc9d5a0>,35,14,[5 8],36,-1,64,-1,50
1,<environment.Job instance at 0x7fba9fc9ddc0>,36,28,[5 2],37,-1,78,-1,50
1,<environment.Job instance at 0x7fba9fcef1e0>,37,28,[13  5],38,-1,78,-1,50
1,<environment.Job instance at 0x7fba9fcef140>,38,3,[10  3],39,-1,53,-1,50
1,<environment.Job instance at 0x7fbaa06744b0>,39,19,[6 4],40,-1,69,-1,50
1,<environment.Job instance at 0x7fbaa040a960>,40,22,[5 6],41,-1,72,-1,50
1,<environment.Job instance at 0x7fbaa040ab90>,41,14,[3 5],42,-1,64,-1,50
1,<environment.Job instance at 0x7fba9fcf6960>,42,3,[2 8],43,-1,53,-1,50
1,<environment.Job instance at 0x7fba9fcf3320>,43,14,[8 1],44,-1,64,-1,50
1,<environment.Job instance at 0x7fba9fcf39b0>,44,1,[ 1 10],45,-1,51,-1,50
1,<environment.Job instance at 0x7fba9fcd8f50>,45,17,[9 1],46,-1,67,-1,50
1,<environment.Job instance at 0x7fba9fce4f00>,46,14,[ 2 10],47,-1,64,-1,50
1,<environment.Job instance at 0x7fba9f87aa00>,5,26,[14  5],6,-1,32,-1,6
1,<environment.Job instance at 0x7fba9f87ae10>,6,1,[8 1],7,-1,8,-1,7
1,<environment.Job instance at 0x7fba9f87aaf0>,8,2,[7 2],9,-1,11,-1,9
1,<environment.Job instance at 0x7fba9f87a820>,9,1,[1 5],10,-1,11,-1,10
1,<environment.Job instance at 0x7fba9f87ae60>,10,1,[1 6],11,-1,13,-1,12
1,<environment.Job instance at 0x7fba9f87a960>,12,28,[12  4],13,-1,41,-1,13
1,<environment.Job instance at 0x7fba9f87a550>,13,1,[11  1],14,-1,15,-1,14
1,<environment.Job instance at 0x7fba9fc345f0>,7,27,[8 1],8,-1,36,-1,9
1,<environment.Job instance at 0x7fba9fc34aa0>,17,12,[ 3 13],18,-1,41,-1,29
1,<environment.Job instance at 0x7fba9fc34a00>,3,24,[9 2],4,-1,28,-1,4
1,<environment.Job instance at 0x7fba9fa9c8c0>,5,15,[ 5 11],6,-1,21,-1,6
1,<environment.Job instance at 0x7fba9fa9cf00>,6,27,[2 7],7,-1,34,-1,7
1,<environment.Job instance at 0x7fba9fc34960>,2,18,[14  1],3,-1,25,-1,7
1,<environment.Job instance at 0x7fba9fa9cc80>,8,16,[ 3 12],9,-1,25,-1,9
1,<environment.Job instance at 0x7fba9fa9c640>,9,12,[ 3 12],10,-1,22,-1,10
1,<environment.Job instance at 0x7fba9fa9c280>,10,13,[ 3 12],11,-1,24,-1,11
1,<environment.Job instance at 0x7fba9fa9c320>,11,24,[ 4 10],12,-1,36,-1,12
1,<environment.Job instance at 0x7fbaa0130230>,12,25,[11  2],13,-1,38,-1,13
1,<environment.Job instance at 0x7fbaa01308c0>,21,3,[5 9],22,-1,34,-1,31
1,<environment.Job instance at 0x7fbaa0130820>,22,2,[6 4],23,-1,33,-1,31
1,<environment.Job instance at 0x7fbaa0130410>,23,2,[3 5],24,-1,33,-1,31
1,<environment.Job instance at 0x7fbaa0130050>,27,2,[2 9],28,-1,49,-1,47
1,<environment.Job instance at 0x7fba9fa6b410>,1,17,[ 2 12],2,-1,19,-1,2
1,<environment.Job instance at 0x7fbaa034d640>,8,2,[ 2 10],9,-1,11,-1,9
1,<environment.Job instance at 0x7fbaa034db40>,9,22,[7 5],10,-1,41,-1,19
1,<environment.Job instance at 0x7fbaa034d820>,12,2,[2 6],13,-1,21,-1,19
1,<environment.Job instance at 0x7fbaa0628640>,13,24,[1 6],14,-1,43,-1,19
1,<environment.Job instance at 0x7fbaa0628fa0>,14,16,[14  5],15,-1,35,-1,19
1,<environment.Job instance at 0x7fbaa0e77d20>,16,3,[1 9],17,-1,39,-1,36
1,<environment.Job instance at 0x7fbaa0e777d0>,18,13,[ 4 10],19,-1,64,-1,51
1,<environment.Job instance at 0x7fbaa0e77aa0>,20,2,[9 1],21,-1,53,-1,51
1,<environment.Job instance at 0x7fbaa04c8a50>,6,13,[11  4],7,-1,20,-1,7
1,<environment.Job instance at 0x7fbaa04c8eb0>,7,28,[6 1],8,-1,36,-1,8
1,<environment.Job instance at 0x7fbaa04c8190>,8,3,[14  3],9,-1,12,-1,9
1,<environment.Job instance at 0x7fbaa04c80f0>,9,1,[14  5],10,-1,11,-1,10
1,<environment.Job instance at 0x7fbaa04c8cd0>,10,27,[10  3],11,-1,38,-1,11
1,<environment.Job instance at 0x7fbaa04c8d70>,11,1,[7 2],12,-1,13,-1,12
1,<environment.Job instance at 0x7fbaa06565a0>,21,13,[13  4],22,-1,60,-1,47
1,<environment.Job instance at 0x7fbaa0656aa0>,22,24,[10  4],23,-1,72,-1,48
1,<environment.Job instance at 0x7fbaa0d83d70>,1,17,[ 5 11],2,-1,19,-1,2
1,<environment.Job instance at 0x7fbaa0656aa0>,3,26,[9 2],4,-1,30,-1,4
1,<environment.Job instance at 0x7fba9fbc7690>,5,20,[ 1 13],6,-1,26,-1,6
1,<environment.Job instance at 0x7fbaa060dfa0>,11,25,[1 6],12,-1,43,-1,18
1,<environment.Job instance at 0x7fbaa072cd20>,13,24,[1 9],14,-1,49,-1,25
1,<environment.Job instance at 0x7fbaa072c730>,16,3,[ 3 10],17,-1,39,-1,36
1,<environment.Job instance at 0x7fbaa072c0f0>,17,1,[7 3],18,-1,37,-1,36
1,<environment.Job instance at 0x7fbaa072cb90>,18,26,[13  1],19,-1,62,-1,36
1,<environment.Job instance at 0x7fbaa02f9e60>,21,19,[ 5 13],22,-1,71,-1,52
1,<environment.Job instance at 0x7fbaa02f9c80>,23,25,[3 9],24,-1,83,-1,58
1,<environment.Job instance at 0x7fba9f4a59b0>,4,12,[11  2],5,-1,17,-1,5
1,<environment.Job instance at 0x7fba9f4a5e60>,7,21,[11  1],8,-1,29,-1,8
1,<environment.Job instance at 0x7fba9f4a5280>,8,1,[ 5 10],9,-1,10,-1,9
1,<environment.Job instance at 0x7fba9f4a5aa0>,9,24,[8 3],10,-1,34,-1,10
1,<environment.Job instance at 0x7fba9f4a5500>,10,14,[11  2],11,-1,25,-1,11
1,<environment.Job instance at 0x7fba9f4a50a0>,11,23,[ 5 10],12,-1,35,-1,12
1,<environment.Job instance at 0x7fba9f4a5d70>,12,25,[ 2 14],13,-1,38,-1,13
1,<environment.Job instance at 0x7fba9f8221e0>,13,12,[ 3 13],14,-1,26,-1,14
1,<environment.Job instance at 0x7fba9f62fbe0>,3,26,[3 8],4,-1,30,-1,4
1,<environment.Job instance at 0x7fba9f62ff50>,4,26,[10  5],5,-1,31,-1,5
1,<environment.Job instance at 0x7fba9f60a1e0>,16,21,[ 4 11],17,-1,77,-1,56
1,<environment.Job instance at 0x7fba9f60a690>,17,3,[2 7],18,-1,59,-1,56
1,<environment.Job instance at 0x7fba9f60a2d0>,18,23,[8 4],19,-1,79,-1,56
1,<environment.Job instance at 0x7fba9f60a2d0>,2,28,[ 2 14],3,-1,31,-1,3
1,<environment.Job instance at 0x7fbaa0635aa0>,3,28,[5 1],4,-1,32,-1,4
1,<environment.Job instance at 0x7fba9faf7960>,6,21,[ 1 11],7,-1,28,-1,7
1,<environment.Job instance at 0x7fba9faf7b40>,12,26,[2 9],13,-1,39,-1,13
1,<environment.Job instance at 0x7fbaa0522640>,14,1,[ 2 13],15,-1,16,-1,15
1,<environment.Job instance at 0x7fbaa0522d20>,15,17,[11  4],16,-1,35,-1,18
1,<environment.Job instance at 0x7fbaa00b0820>,16,27,[ 4 13],17,-1,45,-1,18
1,<environment.Job instance at 0x7fbaa0522aa0>,17,15,[14  1],18,-1,33,-1,18
1,<environment.Job instance at 0x7fbaa0060230>,22,1,[3 6],23,-1,41,-1,40
1,<environment.Job instance at 0x7fba9f4a5eb0>,25,25,[5 5],26,-1,82,-1,57
1,<environment.Job instance at 0x7fbaa05819b0>,26,26,[2 9],27,-1,83,-1,57
1,<environment.Job instance at 0x7fbaa05819b0>,2,21,[ 3 14],3,-1,24,-1,3
1,<environment.Job instance at 0x7fbaa0eaf820>,6,21,[13  5],7,-1,28,-1,7
1,<environment.Job instance at 0x7fbaa0eafe10>,16,2,[ 4 14],17,-1,49,-1,47
1,<environment.Job instance at 0x7fbaa0eaffa0>,17,18,[14  4],18,-1,65,-1,47
1,<environment.Job instance at 0x7fbaa0eaff50>,18,18,[ 3 11],19,-1,65,-1,47
1,<environment.Job instance at 0x7fbaa0eaff00>,19,12,[ 1 10],20,-1,61,-1,49
1,<environment.Job instance at 0x7fbaa0e7b050>,20,26,[ 2 11],21,-1,75,-1,49
1,<environment.Job instance at 0x7fbaa0e7b370>,21,13,[13  4],22,-1,62,-1,49
1,<environment.Job instance at 0x7fbaa038bb90>,6,15,[ 3 13],7,-1,22,-1,7
1,<environment.Job instance at 0x7fbaa038b5a0>,9,28,[9 4],10,-1,39,-1,11
1,<environment.Job instance at 0x7fba9fb2c9b0>,16,3,[7 5],17,-1,40,-1,37
1,<environment.Job instance at 0x7fba9fb2caf0>,18,26,[6 1],19,-1,73,-1,47
1,<environment.Job instance at 0x7fba9fb2cfa0>,19,3,[ 5 14],20,-1,50,-1,47
1,<environment.Job instance at 0x7fba9fb2cc30>,20,3,[14  4],21,-1,50,-1,47
1,<environment.Job instance at 0x7fba9fd43b40>,5,20,[9 3],6,-1,68,-1,48
1,<environment.Job instance at 0x7fba9f6ee5f0>,17,12,[1 7],18,-1,60,-1,48
1,<environment.Job instance at 0x7fbaa0e8f230>,18,15,[2 6],19,-1,63,-1,48
1,<environment.Job instance at 0x7fbaa0e8f320>,19,13,[10  1],20,-1,61,-1,48
1,<environment.Job instance at 0x7fbaa0e8fbe0>,20,18,[1 7],21,-1,67,-1,49
1,<environment.Job instance at 0x7fa607288320>,4,24,[ 3 11],5,-1,29,-1,5
1,<environment.Job instance at 0x7fa5fdb10aa0>,8,24,[ 2 10],9,-1,34,-1,10
1,<environment.Job instance at 0x7fa5fdb10e60>,14,21,[ 3 11],15,-1,41,-1,20
1,<environment.Job instance at 0x7fa5fe241b40>,3,27,[8 2],4,-1,31,-1,4
1,<environment.Job instance at 0x7fa5fe1b2320>,12,2,[10  3],13,-1,44,-1,42
1,<environment.Job instance at 0x7fa5fe1b2aa0>,13,17,[ 4 14],14,-1,59,-1,42
1,<environment.Job instance at 0x7fa5fe1b2eb0>,14,21,[ 1 10],15,-1,84,-1,63
1,<environment.Job instance at 0x7fa5fe1b2b90>,18,3,[9 5],19,-1,66,-1,63
1,<environment.Job instance at 0x7fa5fe1b2730>,19,18,[ 4 11],20,-1,81,-1,63
1,<environment.Job instance at 0x7fa5fe1b2960>,20,2,[5 5],21,-1,65,-1,63
1,<environment.Job instance at 0x7fa5fe1b2410>,21,14,[12  2],22,-1,77,-1,63
1,<environment.Job instance at 0x7fa5fe1b2230>,22,3,[2 8],23,-1,66,-1,63
1,<environment.Job instance at 0x7fa5fe1b22d0>,23,27,[12  1],24,-1,90,-1,63
1,<environment.Job instance at 0x7fa5fe1b22d0>,4,17,[ 3 14],5,-1,22,-1,5
1,<environment.Job instance at 0x7fa5fd1ee6e0>,6,25,[5 4],7,-1,35,-1,10
1,<environment.Job instance at 0x7fa5fd1cb3c0>,13,3,[5 5],14,-1,19,-1,16
1,<environment.Job instance at 0x7fa5fd1cbc80>,15,16,[ 1 11],16,-1,32,-1,16
1,<environment.Job instance at 0x7fa5fd1cbe60>,17,1,[ 5 12],18,-1,28,-1,27
1,<environment.Job instance at 0x7fa5fd1cbb40>,18,24,[8 5],19,-1,51,-1,27
1,<environment.Job instance at 0x7fa5fd1cbaf0>,20,2,[14  2],21,-1,29,-1,27
1,<environment.Job instance at 0x7fa5fd1cb8c0>,23,20,[14  2],24,-1,78,-1,58
1,<environment.Job instance at 0x7fa5fd1cb690>,2,18,[ 2 14],3,-1,21,-1,3
1,<environment.Job instance at 0x7fa5fdee4c80>,4,18,[12  2],5,-1,23,-1,5
1,<environment.Job instance at 0x7fa5fdee4f50>,7,13,[ 4 12],8,-1,21,-1,8
1,<environment.Job instance at 0x7fa5fdee4c30>,9,13,[10  1],10,-1,26,-1,13
1,<environment.Job instance at 0x7fa5fe053050>,12,28,[7 4],13,-1,41,-1,13
1,<environment.Job instance at 0x7fa5fe053dc0>,20,15,[ 5 10],21,-1,82,-1,67
1,<environment.Job instance at 0x7fa5fe0532d0>,21,1,[7 2],22,-1,68,-1,67
1,<environment.Job instance at 0x7fa5fe0530f0>,22,16,[14  3],23,-1,83,-1,67
1,<environment.Job instance at 0x7fa5fe0533c0>,23,12,[11  4],24,-1,79,-1,67
1,<environment.Job instance at 0x7fa5fe053d70>,24,15,[14  3],25,-1,82,-1,67
1,<environment.Job instance at 0x7fa5fe0539b0>,25,2,[6 4],26,-1,69,-1,67
1,<environment.Job instance at 0x7fa5fe053a50>,26,13,[ 5 13],27,-1,80,-1,67
1,<environment.Job instance at 0x7fa5fdb5e3c0>,7,24,[ 4 11],8,-1,32,-1,8
1,<environment.Job instance at 0x7fa5fdb5e550>,10,2,[9 1],11,-1,14,-1,12
1,<environment.Job instance at 0x7fa5fdb5ef50>,14,25,[5 5],15,-1,41,-1,16
1,<environment.Job instance at 0x7fa5fdb625f0>,17,26,[7 1],18,-1,50,-1,24
1,<environment.Job instance at 0x7fa5fdb620a0>,18,18,[12  1],19,-1,42,-1,24
1,<environment.Job instance at 0x7fa5fdb62aa0>,19,15,[ 1 13],20,-1,39,-1,24
1,<environment.Job instance at 0x7fa5fdb62f50>,20,1,[11  3],21,-1,25,-1,24
1,<environment.Job instance at 0x7fa5fdb621e0>,22,2,[8 1],23,-1,32,-1,30
1,<environment.Job instance at 0x7fa5fdb62a00>,23,1,[10  2],24,-1,31,-1,30
1,<environment.Job instance at 0x7fa5fdb62960>,24,16,[ 2 11],25,-1,46,-1,30
1,<environment.Job instance at 0x7fa5fdb623c0>,25,24,[8 2],26,-1,54,-1,30
1,<environment.Job instance at 0x7fa5fdb62e10>,30,26,[4 7],31,-1,94,-1,68
1,<environment.Job instance at 0x7fa5fe5fc0f0>,31,25,[10  5],32,-1,93,-1,68
1,<environment.Job instance at 0x7fa606c353c0>,32,1,[8 5],33,-1,69,-1,68
1,<environment.Job instance at 0x7fa5fe27e500>,3,1,[ 2 11],4,-1,6,-1,5
1,<environment.Job instance at 0x7fa5fe27ef00>,5,15,[13  3],6,-1,21,-1,6
1,<environment.Job instance at 0x7fa5fe27ea00>,6,12,[14  2],7,-1,19,-1,7
1,<environment.Job instance at 0x7fa5fe27ecd0>,7,1,[ 2 11],8,-1,9,-1,8
1,<environment.Job instance at 0x7fa5fdc1b190>,9,15,[12  5],10,-1,25,-1,10
1,<environment.Job instance at 0x7fa5fdc1bcd0>,10,16,[ 3 12],11,-1,27,-1,11
1,<environment.Job instance at 0x7fa5fdc1b370>,11,16,[ 3 12],12,-1,28,-1,12
1,<environment.Job instance at 0x7fa5fdc1b140>,12,22,[1 6],13,-1,35,-1,13
1,<environment.Job instance at 0x7fa5fdc1b6e0>,13,27,[5 1],14,-1,41,-1,14
1,<environment.Job instance at 0x7fa5fdc1b7d0>,14,25,[10  4],15,-1,40,-1,15
1,<environment.Job instance at 0x7fa5fdc1beb0>,15,26,[5 4],16,-1,42,-1,16
1,<environment.Job instance at 0x7fa5fdc1b780>,16,3,[5 9],17,-1,20,-1,17
1,<environment.Job instance at 0x7fa5fdcb1d20>,21,3,[4 7],22,-1,26,-1,23
1,<environment.Job instance at 0x7fa5fdcb1500>,22,18,[ 2 10],23,-1,41,-1,23
1,<environment.Job instance at 0x7fa5fdcb19b0>,23,17,[7 1],24,-1,47,-1,30
1,<environment.Job instance at 0x7fa5fdcb1820>,25,2,[6 3],26,-1,32,-1,30
1,<environment.Job instance at 0x7fa5fdcb11e0>,26,24,[3 6],27,-1,54,-1,30
1,<environment.Job instance at 0x7fa5fe2887d0>,30,27,[9 5],31,-1,89,-1,62
1,<environment.Job instance at 0x7fa5fd072eb0>,6,13,[ 1 11],7,-1,20,-1,7
1,<environment.Job instance at 0x7fa5fd075320>,7,3,[5 9],8,-1,12,-1,9
1,<environment.Job instance at 0x7fa5fd075460>,9,15,[ 3 12],10,-1,25,-1,10
1,<environment.Job instance at 0x7fa5fd075500>,10,18,[13  2],11,-1,29,-1,11
1,<environment.Job instance at 0x7fa5fd075230>,11,1,[5 7],12,-1,13,-1,12
1,<environment.Job instance at 0x7fa5fd0755a0>,12,12,[10  3],13,-1,39,-1,27
1,<environment.Job instance at 0x7fa5fd0757d0>,15,28,[ 4 10],16,-1,55,-1,27
1,<environment.Job instance at 0x7fa5fd075870>,16,2,[5 3],17,-1,29,-1,27
1,<environment.Job instance at 0x7fa5fd075b90>,21,16,[ 5 13],22,-1,59,-1,43
1,<environment.Job instance at 0x7fa5fd0756e0>,24,2,[3 5],25,-1,50,-1,48
1,<environment.Job instance at 0x7fa5fd075fa0>,26,14,[ 3 14],27,-1,73,-1,59
1,<environment.Job instance at 0x7fa5fd075fa0>,2,28,[12  4],3,-1,31,-1,3
1,<environment.Job instance at 0x7fa5fe45a410>,3,1,[11  1],4,-1,5,-1,4
1,<environment.Job instance at 0x7fa5fe45a0a0>,7,28,[7 5],8,-1,36,-1,8
1,<environment.Job instance at 0x7fa5fe45ef00>,16,1,[2 5],17,-1,51,-1,50
1,<environment.Job instance at 0x7fa5fe45e320>,17,2,[13  5],18,-1,52,-1,50
1,<environment.Job instance at 0x7fa5fe45e2d0>,19,18,[11  5],20,-1,71,-1,53
1,<environment.Job instance at 0x7fa5fe45ea00>,20,28,[7 2],21,-1,81,-1,53
1,<environment.Job instance at 0x7fa5fe45ea00>,2,18,[ 5 11],3,-1,21,-1,3
1,<environment.Job instance at 0x7fa5fcef8a50>,4,25,[4 9],5,-1,30,-1,5
1,<environment.Job instance at 0x7fa5fe480e10>,5,18,[ 1 12],6,-1,24,-1,6
1,<environment.Job instance at 0x7fa5fe1dd320>,12,1,[5 1],13,-1,15,-1,14
1,<environment.Job instance at 0x7fa5fe15c9b0>,14,28,[5 5],15,-1,43,-1,15
1,<environment.Job instance at 0x7fa5fe15c780>,15,19,[ 1 12],16,-1,35,-1,16
1,<environment.Job instance at 0x7fa5fe15c8c0>,16,24,[10  2],17,-1,42,-1,18
1,<environment.Job instance at 0x7fa5fd4b1910>,3,13,[12  5],4,-1,17,-1,4
1,<environment.Job instance at 0x7fa5fe4110f0>,7,28,[10  3],8,-1,36,-1,8
1,<environment.Job instance at 0x7fa5fd164230>,12,15,[ 5 12],13,-1,29,-1,14
1,<environment.Job instance at 0x7fa5fd44cb40>,13,2,[2 9],14,-1,16,-1,14
1,<environment.Job instance at 0x7fa5fe5cc640>,15,1,[8 1],16,-1,17,-1,16
1,<environment.Job instance at 0x7fa5fe5ccaa0>,17,12,[10  3],18,-1,39,-1,27
1,<environment.Job instance at 0x7fa5fe61ecd0>,21,23,[6 5],22,-1,73,-1,50
1,<environment.Job instance at 0x7fa606ec0e60>,23,2,[ 5 13],24,-1,52,-1,50
1,<environment.Job instance at 0x7fa606d1fd70>,24,27,[4 6],25,-1,77,-1,50
1,<environment.Job instance at 0x7fa606c35410>,25,1,[4 9],26,-1,51,-1,50
1,<environment.Job instance at 0x7fa606c848c0>,28,22,[ 3 12],29,-1,82,-1,60
1,<environment.Job instance at 0x7fa5fd4e7c80>,30,22,[9 1],31,-1,91,-1,69
1,<environment.Job instance at 0x7fa5fd62feb0>,31,17,[ 2 12],32,-1,86,-1,69
1,<environment.Job instance at 0x7fa5fe23faf0>,1,18,[ 5 12],2,-1,20,-1,2
1,<environment.Job instance at 0x7fa5fd62f500>,3,26,[ 3 14],4,-1,30,-1,4
1,<environment.Job instance at 0x7fa5fe0311e0>,7,25,[8 4],8,-1,33,-1,8
1,<environment.Job instance at 0x7fa5fdf74280>,10,18,[ 4 12],11,-1,29,-1,11
1,<environment.Job instance at 0x7fa5fd823dc0>,16,1,[8 1],17,-1,26,-1,25
1,<environment.Job instance at 0x7fa5fd8230a0>,19,2,[10  4],20,-1,40,-1,38
1,<environment.Job instance at 0x7fa5fd8237d0>,20,26,[1 6],21,-1,64,-1,38
1,<environment.Job instance at 0x7fa5fd823960>,21,23,[5 5],22,-1,65,-1,42
1,<environment.Job instance at 0x7fa5fd8232d0>,22,1,[12  2],23,-1,43,-1,42
1,<environment.Job instance at 0x7fa5fd54de60>,23,15,[14  2],24,-1,57,-1,42
1,<environment.Job instance at 0x7fa5fdf3e460>,25,3,[12  1],26,-1,56,-1,53
1,<environment.Job instance at 0x7fa5fd54dc30>,26,13,[11  4],27,-1,66,-1,53
1,<environment.Job instance at 0x7fa5fdf3e5a0>,27,28,[6 1],28,-1,81,-1,53
1,<environment.Job instance at 0x7fa5fdf3e050>,28,3,[14  3],29,-1,56,-1,53
1,<environment.Job instance at 0x7fa5fdf1f410>,29,1,[14  5],30,-1,54,-1,53
1,<environment.Job instance at 0x7fa5fdf1fd70>,30,27,[10  3],31,-1,80,-1,53
1,<environment.Job instance at 0x7fa5fdf1f550>,31,1,[7 2],32,-1,54,-1,53
1,<environment.Job instance at 0x7fa5fe5f20f0>,32,2,[3 7],33,-1,55,-1,53
1,<environment.Job instance at 0x7fa5fe1fe410>,3,3,[4 8],4,-1,8,-1,5
1,<environment.Job instance at 0x7fa5fce84190>,5,2,[1 6],6,-1,8,-1,6
1,<environment.Job instance at 0x7fa5fce84870>,6,14,[ 4 12],7,-1,21,-1,7
1,<environment.Job instance at 0x7fa5fce84370>,9,3,[2 6],10,-1,13,-1,10
1,<environment.Job instance at 0x7fa5fce84c80>,15,20,[ 1 13],16,-1,73,-1,53
1,<environment.Job instance at 0x7fa5fce84140>,19,23,[ 3 10],20,-1,77,-1,54
1,<environment.Job instance at 0x7fa5fce846e0>,21,25,[1 6],22,-1,93,-1,68
1,<environment.Job instance at 0x7fa5fda279b0>,4,12,[11  2],5,-1,17,-1,5
1,<environment.Job instance at 0x7fa5fe3ee5a0>,7,21,[11  1],8,-1,29,-1,8
1,<environment.Job instance at 0x7fa5fe3eef00>,8,1,[ 5 10],9,-1,10,-1,9
1,<environment.Job instance at 0x7fa5fe3ee1e0>,9,24,[8 3],10,-1,34,-1,10
1,<environment.Job instance at 0x7fa5fe3ee320>,10,14,[11  2],11,-1,25,-1,11
1,<environment.Job instance at 0x7fa5fe3ee5f0>,11,23,[ 5 10],12,-1,35,-1,12
1,<environment.Job instance at 0x7fa5fe3eee60>,12,25,[ 2 14],13,-1,38,-1,13
1,<environment.Job instance at 0x7fa5fe3ee870>,13,12,[ 3 13],14,-1,26,-1,14
1,<environment.Job instance at 0x7fa5fe0f5820>,14,24,[6 2],15,-1,86,-1,62
1,<environment.Job instance at 0x7fa5fe0f5e10>,16,25,[8 3],17,-1,87,-1,62
1,<environment.Job instance at 0x7fa5fd28b320>,17,15,[11  1],18,-1,77,-1,62
1,<environment.Job instance at 0x7fa5fd8ee280>,5,25,[5 5],6,-1,33,-1,8
1,<environment.Job instance at 0x7fa5fd8eed20>,8,15,[12  4],9,-1,24,-1,9
1,<environment.Job instance at 0x7fa5fd79d7d0>,9,27,[10  3],10,-1,37,-1,10
1,<environment.Job instance at 0x7fa5fd79d320>,10,1,[ 1 11],11,-1,12,-1,11
1,<environment.Job instance at 0x7fa5fd79d2d0>,11,18,[ 2 12],12,-1,30,-1,12
1,<environment.Job instance at 0x7fa5fd79d730>,12,22,[ 2 11],13,-1,35,-1,13
1,<environment.Job instance at 0x7fa5fd79daa0>,13,23,[8 4],14,-1,40,-1,17
1,<environment.Job instance at 0x7fa5fe36bd70>,17,3,[5 6],18,-1,21,-1,18
1,<environment.Job instance at 0x7fa5fe36ba50>,18,24,[2 6],19,-1,43,-1,19
1,<environment.Job instance at 0x7fa5fe366fa0>,23,2,[1 5],24,-1,65,-1,63
1,<environment.Job instance at 0x7fa5fe56f0a0>,24,1,[11  5],25,-1,64,-1,63
1,<environment.Job instance at 0x7fa5fe56f640>,25,14,[ 5 14],26,-1,77,-1,63
1,<environment.Job instance at 0x7fa5fde2c370>,27,25,[9 2],28,-1,92,-1,67
1,<environment.Job instance at 0x7fa5fde2c370>,5,24,[11  3],6,-1,30,-1,6
1,<environment.Job instance at 0x7fa5fe3808c0>,6,15,[ 5 12],7,-1,23,-1,8
1,<environment.Job instance at 0x7fa5fe36bf00>,10,27,[ 3 12],11,-1,39,-1,12
1,<environment.Job instance at 0x7fa5fe380410>,12,2,[12  4],13,-1,17,-1,15
1,<environment.Job instance at 0x7fa5fd771500>,19,13,[13  2],20,-1,77,-1,64
1,<environment.Job instance at 0x7fa5fd771500>,2,15,[ 3 13],3,-1,18,-1,3
1,<environment.Job instance at 0x7fa5fd8042d0>,6,13,[11  4],7,-1,20,-1,7
1,<environment.Job instance at 0x7fa5fe2a4be0>,7,17,[ 3 12],8,-1,25,-1,8
1,<environment.Job instance at 0x7fa5fe2a4b40>,8,2,[7 4],9,-1,11,-1,9
1,<environment.Job instance at 0x7fa5fe2a4a50>,9,2,[4 6],10,-1,12,-1,10
1,<environment.Job instance at 0x7fa5fe2a4960>,10,2,[12  2],11,-1,13,-1,11
1,<environment.Job instance at 0x7fa5fe2a4820>,11,17,[13  5],12,-1,29,-1,12
1,<environment.Job instance at 0x7fa5fe2d4500>,12,2,[1 6],13,-1,15,-1,13
1,<environment.Job instance at 0x7fa5fe2d4870>,14,15,[ 5 12],15,-1,30,-1,15
1,<environment.Job instance at 0x7fa5fe2d4730>,15,19,[ 4 10],16,-1,58,-1,39
1,<environment.Job instance at 0x7fa5fe272be0>,24,26,[2 6],25,-1,65,-1,39
1,<environment.Job instance at 0x7fa5fe272050>,2,17,[ 5 11],3,-1,20,-1,3
1,<environment.Job instance at 0x7fa5fd0332d0>,6,24,[14  3],7,-1,31,-1,7
1,<environment.Job instance at 0x7fa5fd033280>,8,24,[10  2],9,-1,35,-1,11
1,<environment.Job instance at 0x7fa5fe290190>,10,3,[ 2 14],11,-1,14,-1,11
1,<environment.Job instance at 0x7fa5fe290500>,12,19,[11  3],13,-1,38,-1,19
1,<environment.Job instance at 0x7fa5fe290d70>,15,18,[12  4],16,-1,37,-1,19
1,<environment.Job instance at 0x7fa5fe290690>,16,26,[1 9],17,-1,45,-1,19
1,<environment.Job instance at 0x7fa5fe28c870>,17,3,[10  4],18,-1,22,-1,19
1,<environment.Job instance at 0x7fa5fe28cbe0>,19,26,[13  5],20,-1,47,-1,21
1,<environment.Job instance at 0x7fa5fe28c910>,20,25,[13  3],21,-1,46,-1,21
1,<environment.Job instance at 0x7fa5fe28c3c0>,21,22,[ 5 10],22,-1,45,-1,23
1,<environment.Job instance at 0x7fa5fe28cc30>,22,13,[ 3 12],23,-1,36,-1,23
1,<environment.Job instance at 0x7fa5fe28cd70>,23,3,[4 9],24,-1,27,-1,24
1,<environment.Job instance at 0x7fa5fe28c0f0>,25,13,[12  1],26,-1,47,-1,34
1,<environment.Job instance at 0x7fa5fe28c140>,26,16,[ 5 11],27,-1,50,-1,34
1,<environment.Job instance at 0x7fa5fe28cd20>,27,16,[11  4],28,-1,50,-1,34
1,<environment.Job instance at 0x7fa5fe28cb40>,28,24,[3 5],29,-1,58,-1,34
1,<environment.Job instance at 0x7fa5fe28c050>,32,2,[1 9],33,-1,70,-1,68
1,<environment.Job instance at 0x7fa5fde1ec80>,1,24,[13  5],2,-1,26,-1,2
1,<environment.Job instance at 0x7fa5fde1e3c0>,5,27,[ 3 10],6,-1,33,-1,6
1,<environment.Job instance at 0x7fa5fde1ebe0>,8,3,[9 5],9,-1,12,-1,9
1,<environment.Job instance at 0x7fa5fde1e500>,9,13,[11  4],10,-1,23,-1,10
1,<environment.Job instance at 0x7fa5fde1efa0>,10,3,[8 5],11,-1,14,-1,11
1,<environment.Job instance at 0x7fa6071c3690>,19,14,[1 8],20,-1,54,-1,40
1,<environment.Job instance at 0x7fa6071c3e60>,20,1,[7 2],21,-1,41,-1,40
1,<environment.Job instance at 0x7fa5fd97a640>,21,15,[10  1],22,-1,55,-1,40
1,<environment.Job instance at 0x7fa5fd97ae60>,22,2,[8 5],23,-1,42,-1,40
1,<environment.Job instance at 0x7fa5fd97ab40>,23,3,[10  2],24,-1,43,-1,40
1,<environment.Job instance at 0x7fa5fd97adc0>,25,22,[6 4],26,-1,80,-1,58
1,<environment.Job instance at 0x7fa5fd97a7d0>,26,2,[5 7],27,-1,60,-1,58
1,<environment.Job instance at 0x7fa5fd97ae10>,27,17,[ 4 10],28,-1,75,-1,58
1,<environment.Job instance at 0x7fa5fd97ac80>,28,14,[11  2],29,-1,72,-1,58
1,<environment.Job instance at 0x7fa5fd97a230>,29,23,[12  3],30,-1,81,-1,58
1,<environment.Job instance at 0x7fa5fd97ad70>,30,28,[4 7],31,-1,86,-1,58
1,<environment.Job instance at 0x7fa5fd97a730>,31,3,[6 5],32,-1,61,-1,58
1,<environment.Job instance at 0x7fa5fd97a0f0>,32,14,[7 2],33,-1,72,-1,58
1,<environment.Job instance at 0x7fa5fd97a500>,33,16,[11  4],34,-1,74,-1,58
1,<environment.Job instance at 0x7fa5fd97a050>,34,24,[1 7],35,-1,82,-1,58
1,<environment.Job instance at 0x7fa5fd97aa50>,36,17,[13  2],37,-1,75,-1,58
1,<environment.Job instance at 0x7fa5fd97a1e0>,37,1,[3 9],38,-1,59,-1,58
1,<environment.Job instance at 0x7fa5fd97a780>,38,23,[13  4],39,-1,81,-1,58
1,<environment.Job instance at 0x7fa5fdaebe60>,40,26,[1 9],41,-1,84,-1,58
1,<environment.Job instance at 0x7fa5fd97aaa0>,41,25,[5 4],42,-1,83,-1,58
1,<environment.Job instance at 0x7fa5fdaeba50>,42,22,[ 2 10],43,-1,80,-1,58
1,<environment.Job instance at 0x7fa5fdaeb410>,43,3,[13  4],44,-1,61,-1,58
1,<environment.Job instance at 0x7fa5fd26a050>,8,3,[10  5],9,-1,13,-1,10
1,<environment.Job instance at 0x7fa5fd26a280>,12,3,[13  2],13,-1,21,-1,18
1,<environment.Job instance at 0x7fa5fd26aa00>,13,28,[ 1 14],14,-1,46,-1,18
1,<environment.Job instance at 0x7fa5fd26a960>,14,18,[ 2 14],15,-1,36,-1,18
1,<environment.Job instance at 0x7fa5fdd5adc0>,15,25,[ 4 10],16,-1,43,-1,18
1,<environment.Job instance at 0x7fa5fd6571e0>,16,24,[11  5],17,-1,42,-1,18
1,<environment.Job instance at 0x7fa5fe74ae60>,23,13,[ 2 14],24,-1,77,-1,64
1,<environment.Job instance at 0x7fa5fe74a690>,24,23,[10  1],25,-1,87,-1,64
1,<environment.Job instance at 0x7fa5fe5ccf50>,25,22,[8 1],26,-1,86,-1,64
1,<environment.Job instance at 0x7fa606cbe5a0>,26,14,[14  4],27,-1,78,-1,64
1,<environment.Job instance at 0x7fa5fe74adc0>,27,13,[ 5 14],28,-1,77,-1,64
1,<environment.Job instance at 0x7fa5fe74a3c0>,28,27,[3 9],29,-1,91,-1,64
1,<environment.Job instance at 0x7fa5fcdbb1e0>,29,28,[3 8],30,-1,92,-1,64
1,<environment.Job instance at 0x7fa5fdd7b3c0>,30,23,[ 5 10],31,-1,87,-1,64
1,<environment.Job instance at 0x7fa5fe5fc7d0>,31,17,[ 1 11],32,-1,81,-1,64
1,<environment.Job instance at 0x7fa5fd831e60>,32,12,[2 9],33,-1,76,-1,64
1,<environment.Job instance at 0x7fa5fe59de10>,33,1,[ 4 13],34,-1,65,-1,64
1,<environment.Job instance at 0x7fa5fe59de60>,34,3,[ 5 13],35,-1,67,-1,64
1,<environment.Job instance at 0x7fa5fd2de4b0>,35,13,[10  3],36,-1,77,-1,64
1,<environment.Job instance at 0x7fa5fd2dee60>,36,1,[ 1 14],37,-1,65,-1,64
1,<environment.Job instance at 0x7fa5fda6b500>,37,16,[11  4],38,-1,80,-1,64
1,<environment.Job instance at 0x7fa5fda6b820>,38,14,[1 7],39,-1,78,-1,64
1,<environment.Job instance at 0x7fa5fdb3d500>,39,3,[8 2],40,-1,67,-1,64
1,<environment.Job instance at 0x7fa5fe69f500>,40,18,[1 9],41,-1,82,-1,64
1,<environment.Job instance at 0x7fa5fdd20c80>,41,16,[13  2],42,-1,80,-1,64
1,<environment.Job instance at 0x7fa5fe3e0a00>,42,14,[ 2 13],43,-1,78,-1,64
1,<environment.Job instance at 0x7fa5fe1c4cd0>,43,18,[13  1],44,-1,82,-1,64
1,<environment.Job instance at 0x7fa5fcda44b0>,44,21,[ 2 12],45,-1,85,-1,64
1,<environment.Job instance at 0x7f01dbc34320>,4,24,[ 3 11],5,-1,29,-1,5
1,<environment.Job instance at 0x7f01d24bcaa0>,8,24,[ 2 10],9,-1,33,-1,9
1,<environment.Job instance at 0x7f01d24bcc30>,14,21,[ 3 11],15,-1,39,-1,18
1,<environment.Job instance at 0x7f01d24bcfa0>,17,18,[ 5 13],18,-1,55,-1,37
1,<environment.Job instance at 0x7f01d24be0f0>,20,21,[13  5],21,-1,76,-1,55
1,<environment.Job instance at 0x7f01d2b51fa0>,3,17,[ 4 14],4,-1,21,-1,4
1,<environment.Job instance at 0x7f01d24be320>,5,18,[ 5 12],6,-1,25,-1,7
1,<environment.Job instance at 0x7f01d2b51050>,10,2,[5 5],11,-1,13,-1,11
1,<environment.Job instance at 0x7f01d2b51b90>,11,14,[12  2],12,-1,26,-1,12
1,<environment.Job instance at 0x7f01d2b51280>,13,27,[12  1],14,-1,41,-1,14
1,<environment.Job instance at 0x7f01d2b515a0>,16,12,[ 4 14],17,-1,46,-1,34
1,<environment.Job instance at 0x7f01d2b51370>,17,1,[5 8],18,-1,35,-1,34
1,<environment.Job instance at 0x7f01d2b51960>,18,2,[10  4],19,-1,36,-1,34
1,<environment.Job instance at 0x7f01d2b51460>,21,18,[12  3],22,-1,74,-1,56
1,<environment.Job instance at 0x7f01d2b51780>,22,13,[ 5 12],23,-1,69,-1,56
1,<environment.Job instance at 0x7f01d2b943c0>,3,20,[14  2],4,-1,24,-1,4
1,<environment.Job instance at 0x7f01d1bc3b40>,7,15,[ 4 14],8,-1,23,-1,8
1,<environment.Job instance at 0x7f01d1bcc320>,17,18,[10  1],18,-1,79,-1,61
1,<environment.Job instance at 0x7f01d1bccaa0>,19,25,[3 9],20,-1,86,-1,61
1,<environment.Job instance at 0x7f01d1bccfa0>,20,1,[7 4],21,-1,62,-1,61
1,<environment.Job instance at 0x7f01d1bcc4b0>,21,13,[ 4 10],22,-1,74,-1,61
1,<environment.Job instance at 0x7f01d1bcc3c0>,23,23,[ 2 14],24,-1,94,-1,71
1,<environment.Job instance at 0x7f01d1bcc960>,24,12,[ 2 11],25,-1,83,-1,71
1,<environment.Job instance at 0x7f01d1bcca00>,25,19,[5 1],26,-1,90,-1,71
1,<environment.Job instance at 0x7f01d1bcc6e0>,26,2,[8 2],27,-1,73,-1,71
1,<environment.Job instance at 0x7f01d1bccc30>,27,22,[1 7],28,-1,93,-1,71
1,<environment.Job instance at 0x7f01d1bcc500>,28,28,[4 7],29,-1,99,-1,71
1,<environment.Job instance at 0x7f01d1bccf00>,29,26,[3 6],30,-1,97,-1,71
1,<environment.Job instance at 0x7f01d1bcc9b0>,30,12,[11  1],31,-1,83,-1,71
1,<environment.Job instance at 0x7f01d1bccaf0>,31,12,[ 5 11],32,-1,83,-1,71
1,<environment.Job instance at 0x7f01d1bed5a0>,1,22,[5 8],2,-1,24,-1,2
1,<environment.Job instance at 0x7f01d1bccaf0>,4,28,[13  3],5,-1,33,-1,5
1,<environment.Job instance at 0x7f01d22013c0>,8,24,[ 5 11],9,-1,33,-1,9
1,<environment.Job instance at 0x7f01d21b4960>,11,16,[ 2 13],12,-1,28,-1,12
1,<environment.Job instance at 0x7f01d254deb0>,23,12,[12  2],24,-1,82,-1,70
1,<environment.Job instance at 0x7f01d263eaf0>,25,2,[14  3],26,-1,72,-1,70
1,<environment.Job instance at 0x7f01d263e910>,26,19,[ 3 14],27,-1,89,-1,70
1,<environment.Job instance at 0x7f01d263eaa0>,27,2,[14  5],28,-1,72,-1,70
1,<environment.Job instance at 0x7f01db5e0230>,4,18,[ 4 13],5,-1,23,-1,5
1,<environment.Job instance at 0x7f01d2b3b190>,6,15,[13  4],7,-1,22,-1,7
1,<environment.Job instance at 0x7f01d2b2e5a0>,10,16,[ 5 13],11,-1,27,-1,11
1,<environment.Job instance at 0x7f01d2b2ef50>,11,2,[1 7],12,-1,14,-1,12
1,<environment.Job instance at 0x7f01d2b2e0a0>,17,18,[13  2],18,-1,68,-1,50
1,<environment.Job instance at 0x7f01d2b2ef00>,18,19,[ 5 13],19,-1,69,-1,50
1,<environment.Job instance at 0x7f01d2b2e780>,19,28,[3 5],20,-1,78,-1,50
1,<environment.Job instance at 0x7f01d2b2ee60>,22,26,[5 3],23,-1,90,-1,64
1,<environment.Job instance at 0x7f01d1bc58c0>,3,26,[12  3],4,-1,30,-1,4
1,<environment.Job instance at 0x7f01d2215dc0>,5,17,[ 4 13],6,-1,23,-1,6
1,<environment.Job instance at 0x7f01d22155a0>,10,2,[1 6],11,-1,18,-1,16
1,<environment.Job instance at 0x7f01d22150f0>,13,18,[14  3],14,-1,48,-1,30
1,<environment.Job instance at 0x7f01d1bdc550>,18,25,[9 1],19,-1,79,-1,54
1,<environment.Job instance at 0x7f01d1bdcdc0>,19,3,[3 5],20,-1,57,-1,54
1,<environment.Job instance at 0x7f01d1b22370>,5,26,[14  5],6,-1,32,-1,6
1,<environment.Job instance at 0x7f01d1b225f0>,6,1,[8 1],7,-1,8,-1,7
1,<environment.Job instance at 0x7f01d1b226e0>,8,2,[7 2],9,-1,12,-1,10
1,<environment.Job instance at 0x7f01d1b22550>,10,1,[1 6],11,-1,12,-1,11
1,<environment.Job instance at 0x7f01d1b22d70>,16,2,[4 9],17,-1,20,-1,18
1,<environment.Job instance at 0x7f01d1b22e10>,17,28,[7 5],18,-1,46,-1,18
1,<environment.Job instance at 0x7f01d1b1e2d0>,23,24,[1 9],24,-1,94,-1,70
1,<environment.Job instance at 0x7f01d1b1e370>,24,25,[ 3 10],25,-1,95,-1,70
1,<environment.Job instance at 0x7f01d1b1e4b0>,26,1,[2 5],27,-1,73,-1,72
1,<environment.Job instance at 0x7f01d1b1e550>,27,2,[13  5],28,-1,74,-1,72
1,<environment.Job instance at 0x7f01d1b1e690>,29,18,[11  5],30,-1,97,-1,79
1,<environment.Job instance at 0x7f01d1b1e730>,30,28,[7 2],31,-1,107,-1,79
1,<environment.Job instance at 0x7f01d1b1e730>,2,18,[ 5 11],3,-1,21,-1,3
1,<environment.Job instance at 0x7f01d22fa7d0>,4,25,[4 9],5,-1,30,-1,5
1,<environment.Job instance at 0x7f01d22fa910>,5,18,[ 1 12],6,-1,24,-1,6
1,<environment.Job instance at 0x7f01d22faa50>,12,1,[5 1],13,-1,15,-1,14
1,<environment.Job instance at 0x7f01d28cb050>,14,28,[5 5],15,-1,43,-1,15
1,<environment.Job instance at 0x7f01d28cb780>,15,19,[ 1 12],16,-1,35,-1,16
1,<environment.Job instance at 0x7f01d28cbf00>,16,24,[10  2],17,-1,41,-1,17
1,<environment.Job instance at 0x7f01d28cb5a0>,17,2,[ 4 13],18,-1,20,-1,18
1,<environment.Job instance at 0x7f01d1ed4910>,1,16,[12  2],2,-1,18,-1,2
1,<environment.Job instance at 0x7f01d16df280>,2,15,[ 5 12],3,-1,18,-1,3
1,<environment.Job instance at 0x7f01d173f870>,6,15,[13  3],7,-1,22,-1,7
1,<environment.Job instance at 0x7f01d2ab7820>,11,23,[6 5],12,-1,42,-1,19
1,<environment.Job instance at 0x7f01d1c73910>,15,1,[4 9],16,-1,20,-1,19
1,<environment.Job instance at 0x7f01d241f550>,20,22,[9 1],21,-1,79,-1,57
1,<environment.Job instance at 0x7f01d1cd1320>,23,15,[10  1],24,-1,74,-1,59
1,<environment.Job instance at 0x7f01d309aa00>,26,22,[8 4],27,-1,89,-1,67
1,<environment.Job instance at 0x7f01d304bd70>,5,3,[12  1],6,-1,9,-1,6
1,<environment.Job instance at 0x7f01d2b66af0>,6,13,[11  4],7,-1,20,-1,7
1,<environment.Job instance at 0x7f01d2b66a00>,7,28,[6 1],8,-1,36,-1,8
1,<environment.Job instance at 0x7f01d2b66050>,8,3,[14  3],9,-1,12,-1,9
1,<environment.Job instance at 0x7f01d2b66550>,9,1,[14  5],10,-1,11,-1,10
1,<environment.Job instance at 0x7f01d1c45370>,10,27,[10  3],11,-1,38,-1,11
1,<environment.Job instance at 0x7f01d1c45a50>,11,1,[7 2],12,-1,13,-1,12
1,<environment.Job instance at 0x7f01d2fa9eb0>,21,13,[13  4],22,-1,56,-1,43
1,<environment.Job instance at 0x7f01d2b01910>,22,24,[10  4],23,-1,67,-1,43
1,<environment.Job instance at 0x7f01d2db5320>,24,17,[ 2 11],25,-1,74,-1,57
1,<environment.Job instance at 0x7f01d2ab9780>,1,19,[ 5 13],2,-1,21,-1,2
1,<environment.Job instance at 0x7f01d2e7a550>,3,25,[3 9],4,-1,29,-1,4
1,<environment.Job instance at 0x7f01d1f30e10>,13,3,[1 9],14,-1,33,-1,30
1,<environment.Job instance at 0x7f01d1bdc2d0>,14,13,[11  4],15,-1,43,-1,30
1,<environment.Job instance at 0x7f01d1c30910>,16,16,[ 2 13],17,-1,51,-1,35
1,<environment.Job instance at 0x7f01d1c30690>,17,1,[5 8],18,-1,36,-1,35
1,<environment.Job instance at 0x7f01d1c30be0>,19,2,[9 3],20,-1,45,-1,43
1,<environment.Job instance at 0x7f01d1c30500>,21,1,[5 4],22,-1,44,-1,43
1,<environment.Job instance at 0x7f01d1c30730>,22,23,[9 4],23,-1,66,-1,43
1,<environment.Job instance at 0x7f01d2950fa0>,25,1,[10  1],26,-1,61,-1,60
1,<environment.Job instance at 0x7f01d29509b0>,26,17,[11  2],27,-1,77,-1,60
1,<environment.Job instance at 0x7f01d2950be0>,28,2,[5 9],29,-1,63,-1,61
1,<environment.Job instance at 0x7f01d25c6c30>,29,28,[10  3],30,-1,89,-1,61
1,<environment.Job instance at 0x7f01d25c6aa0>,30,28,[10  4],31,-1,89,-1,61
1,<environment.Job instance at 0x7f01d2af0460>,32,25,[5 7],33,-1,99,-1,74
1,<environment.Job instance at 0x7f01d2af0e10>,33,1,[13  3],34,-1,75,-1,74
1,<environment.Job instance at 0x7f01d179ff50>,4,26,[5 5],5,-1,31,-1,5
1,<environment.Job instance at 0x7f01d179f230>,6,23,[7 1],7,-1,31,-1,8
1,<environment.Job instance at 0x7f01d179fbe0>,13,28,[5 4],14,-1,61,-1,33
1,<environment.Job instance at 0x7f01d179f7d0>,14,2,[3 8],15,-1,35,-1,33
1,<environment.Job instance at 0x7f01d1901f00>,15,27,[6 3],16,-1,60,-1,33
1,<environment.Job instance at 0x7f01d1901c30>,16,2,[14  3],17,-1,35,-1,33
1,<environment.Job instance at 0x7f01d179ff00>,17,25,[14  5],18,-1,58,-1,33
1,<environment.Job instance at 0x7f01d1901aa0>,18,2,[ 2 12],19,-1,35,-1,33
1,<environment.Job instance at 0x7f01d1901690>,19,28,[7 1],20,-1,61,-1,33
1,<environment.Job instance at 0x7f01d1901e60>,20,18,[ 3 14],21,-1,51,-1,33
1,<environment.Job instance at 0x7f01d19010a0>,22,1,[ 1 14],23,-1,42,-1,41
1,<environment.Job instance at 0x7f01d19016e0>,23,26,[3 8],24,-1,67,-1,41
1,<environment.Job instance at 0x7f01d1901460>,24,26,[10  5],25,-1,67,-1,41
1,<environment.Job instance at 0x7f01d1901050>,25,2,[3 6],26,-1,43,-1,41
1,<environment.Job instance at 0x7f01d1901d20>,26,1,[12  4],27,-1,42,-1,41
1,<environment.Job instance at 0x7f01d1901cd0>,27,24,[1 6],28,-1,65,-1,41
1,<environment.Job instance at 0x7f01d19018c0>,29,24,[5 8],30,-1,79,-1,55
1,<environment.Job instance at 0x7f01d2e317d0>,2,28,[ 2 14],3,-1,31,-1,3
1,<environment.Job instance at 0x7f01d2e31640>,3,28,[5 1],4,-1,32,-1,4
1,<environment.Job instance at 0x7f01d2e315f0>,6,21,[ 1 11],7,-1,28,-1,7
1,<environment.Job instance at 0x7f01d2e31b90>,12,26,[2 9],13,-1,47,-1,21
1,<environment.Job instance at 0x7f01d2e31c30>,14,1,[ 2 13],15,-1,22,-1,21
1,<environment.Job instance at 0x7f01d2e318c0>,15,17,[11  4],16,-1,42,-1,25
1,<environment.Job instance at 0x7f01d1faec30>,17,15,[14  1],18,-1,40,-1,25
1,<environment.Job instance at 0x7f01d249df50>,20,3,[7 3],21,-1,43,-1,40
1,<environment.Job instance at 0x7f01d249dcd0>,21,26,[ 4 10],22,-1,66,-1,40
1,<environment.Job instance at 0x7f01d249dd70>,22,1,[3 6],23,-1,41,-1,40
1,<environment.Job instance at 0x7f01d249d6e0>,25,25,[5 5],26,-1,82,-1,57
1,<environment.Job instance at 0x7f01d249d820>,26,26,[2 9],27,-1,83,-1,57
1,<environment.Job instance at 0x7f01d16ea780>,28,15,[12  4],29,-1,86,-1,71
1,<environment.Job instance at 0x7f01d16eaeb0>,29,27,[10  3],30,-1,98,-1,71
1,<environment.Job instance at 0x7f01d16eae60>,30,1,[ 1 11],31,-1,72,-1,71
1,<environment.Job instance at 0x7f01d16ea370>,31,18,[ 2 12],32,-1,89,-1,71
1,<environment.Job instance at 0x7f01d303b640>,32,22,[ 2 11],33,-1,93,-1,71
1,<environment.Job instance at 0x7f01d303bf50>,33,23,[8 4],34,-1,94,-1,71
1,<environment.Job instance at 0x7f01d303b960>,34,1,[2 5],35,-1,72,-1,71
1,<environment.Job instance at 0x7f01d303b3c0>,35,28,[ 4 10],36,-1,99,-1,71
1,<environment.Job instance at 0x7f01d303b050>,37,3,[5 6],38,-1,78,-1,75
1,<environment.Job instance at 0x7f01d303b280>,38,24,[2 6],39,-1,99,-1,75
1,<environment.Job instance at 0x7f01d2c44e60>,5,17,[ 5 13],6,-1,23,-1,6
1,<environment.Job instance at 0x7f01d2c442d0>,6,16,[ 5 14],7,-1,23,-1,7
1,<environment.Job instance at 0x7f01d2c44e10>,13,13,[10  4],14,-1,30,-1,17
1,<environment.Job instance at 0x7f01d2215780>,15,24,[11  3],16,-1,55,-1,31
1,<environment.Job instance at 0x7f01d2215a00>,16,15,[ 5 12],17,-1,46,-1,31
1,<environment.Job instance at 0x7f01d2215910>,17,26,[ 1 12],18,-1,57,-1,31
1,<environment.Job instance at 0x7f01d2215050>,18,3,[6 4],19,-1,34,-1,31
1,<environment.Job instance at 0x7f01d2215c80>,19,25,[1 8],20,-1,56,-1,31
1,<environment.Job instance at 0x7f01d2215d20>,20,27,[ 3 12],21,-1,58,-1,31
1,<environment.Job instance at 0x7f01d2215e60>,22,2,[12  4],23,-1,33,-1,31
1,<environment.Job instance at 0x7f01d2215f00>,23,21,[8 3],24,-1,54,-1,33
1,<environment.Job instance at 0x7f01d2215fa0>,24,28,[11  4],25,-1,61,-1,33
1,<environment.Job instance at 0x7f01d2215eb0>,25,26,[5 7],26,-1,59,-1,33
1,<environment.Job instance at 0x7f01d2215f50>,26,2,[5 1],27,-1,35,-1,33
1,<environment.Job instance at 0x7f01d23651e0>,27,16,[11  2],28,-1,49,-1,33
1,<environment.Job instance at 0x7f01d2365320>,29,13,[13  2],30,-1,62,-1,49
1,<environment.Job instance at 0x7f01d23652d0>,31,15,[ 5 12],32,-1,84,-1,69
1,<environment.Job instance at 0x7f01d23652d0>,2,15,[ 3 13],3,-1,18,-1,3
1,<environment.Job instance at 0x7f01d27985f0>,6,13,[11  4],7,-1,21,-1,8
1,<environment.Job instance at 0x7f01d21a1870>,8,2,[7 4],9,-1,11,-1,9
1,<environment.Job instance at 0x7f01d21a1cd0>,9,2,[4 6],10,-1,12,-1,10
1,<environment.Job instance at 0x7f01d21a1b40>,10,2,[12  2],11,-1,13,-1,11
1,<environment.Job instance at 0x7f01d21a1730>,11,17,[13  5],12,-1,29,-1,12
1,<environment.Job instance at 0x7f01d21a16e0>,12,2,[1 6],13,-1,15,-1,13
1,<environment.Job instance at 0x7f01d21a13c0>,16,3,[3 6],17,-1,28,-1,25
1,<environment.Job instance at 0x7f01d21a1d20>,17,3,[2 9],18,-1,28,-1,25
1,<environment.Job instance at 0x7f01d2362370>,19,25,[10  5],20,-1,66,-1,41
1,<environment.Job instance at 0x7f01d2362410>,23,28,[4 6],24,-1,84,-1,56
1,<environment.Job instance at 0x7f01d2362fa0>,24,26,[2 6],25,-1,82,-1,56
1,<environment.Job instance at 0x7f01d23629b0>,26,15,[14  4],27,-1,76,-1,61
1,<environment.Job instance at 0x7f01d23627d0>,27,13,[13  5],28,-1,74,-1,61
1,<environment.Job instance at 0x7f01d2362be0>,28,1,[6 2],29,-1,62,-1,61
1,<environment.Job instance at 0x7f01d2558500>,29,2,[2 5],30,-1,63,-1,61
1,<environment.Job instance at 0x7f01d2db7d70>,32,1,[ 1 13],33,-1,71,-1,70
1,<environment.Job instance at 0x7f01d1db8140>,33,26,[8 2],34,-1,96,-1,70
1,<environment.Job instance at 0x7f01d1db8c80>,34,26,[5 7],35,-1,96,-1,70
1,<environment.Job instance at 0x7f01d1b6e0a0>,36,26,[11  1],37,-1,100,-1,74
1,<environment.Job instance at 0x7f01d1b6e0a0>,4,21,[12  1],5,-1,26,-1,5
1,<environment.Job instance at 0x7f01d2e76c80>,5,18,[12  4],6,-1,24,-1,6
1,<environment.Job instance at 0x7f01d2e76500>,6,26,[1 9],7,-1,35,-1,9
1,<environment.Job instance at 0x7f01d2e768c0>,9,26,[13  5],10,-1,36,-1,10
1,<environment.Job instance at 0x7f01d2e76be0>,10,25,[13  3],11,-1,36,-1,11
1,<environment.Job instance at 0x7f01d2e76eb0>,11,22,[ 5 10],12,-1,34,-1,12
1,<environment.Job instance at 0x7f01d2e765a0>,12,13,[ 3 12],13,-1,26,-1,13
1,<environment.Job instance at 0x7f01d2ba1460>,17,16,[11  4],18,-1,52,-1,36
1,<environment.Job instance at 0x7f01d2ba1be0>,18,24,[3 5],19,-1,60,-1,36
1,<environment.Job instance at 0x7f01d2ba1e10>,21,24,[2 5],22,-1,64,-1,40
1,<environment.Job instance at 0x7f01d21985a0>,22,2,[1 9],23,-1,42,-1,40
1,<environment.Job instance at 0x7f01d2198af0>,25,26,[ 3 12],26,-1,83,-1,57
1,<environment.Job instance at 0x7f01d2198a50>,26,26,[9 2],27,-1,83,-1,57
1,<environment.Job instance at 0x7f01d21984b0>,27,1,[ 2 10],28,-1,58,-1,57
1,<environment.Job instance at 0x7f01d21986e0>,28,16,[13  4],29,-1,73,-1,57
1,<environment.Job instance at 0x7f01d2198320>,29,28,[2 7],30,-1,85,-1,57
1,<environment.Job instance at 0x7f01d2198f50>,32,17,[ 3 13],33,-1,92,-1,75
1,<environment.Job instance at 0x7f01d2198190>,33,28,[3 7],34,-1,103,-1,75
1,<environment.Job instance at 0x7f01d2198730>,34,20,[11  2],35,-1,95,-1,75
1,<environment.Job instance at 0x7f01d2198230>,2,2,[8 5],3,-1,5,-1,3
1,<environment.Job instance at 0x7f01d16e4550>,3,3,[10  2],4,-1,7,-1,4
1,<environment.Job instance at 0x7f01d2189870>,8,14,[11  2],9,-1,24,-1,10
1,<environment.Job instance at 0x7f01d16e49b0>,10,28,[4 7],11,-1,39,-1,11
1,<environment.Job instance at 0x7f01d16e4a50>,11,3,[6 5],12,-1,15,-1,12
1,<environment.Job instance at 0x7f01d16e4e10>,14,24,[1 7],15,-1,42,-1,18
1,<environment.Job instance at 0x7f01d16e4eb0>,16,17,[13  2],17,-1,35,-1,18
1,<environment.Job instance at 0x7f01d16e4f50>,17,1,[3 9],18,-1,19,-1,18
1,<environment.Job instance at 0x7f01d16e4e60>,18,23,[13  4],19,-1,42,-1,19
1,<environment.Job instance at 0x7f01d16fa0a0>,20,26,[1 9],21,-1,47,-1,21
1,<environment.Job instance at 0x7f01d16fa1e0>,21,25,[5 4],22,-1,48,-1,23
1,<environment.Job instance at 0x7f01d16e4f00>,22,22,[ 2 10],23,-1,46,-1,24
1,<environment.Job instance at 0x7f01d16fa410>,23,3,[13  4],24,-1,27,-1,24
1,<environment.Job instance at 0x7f01d16fa500>,25,12,[13  4],26,-1,38,-1,26
1,<environment.Job instance at 0x7f01d16fa370>,27,19,[12  3],28,-1,61,-1,42
1,<environment.Job instance at 0x7f01d16fa460>,28,17,[ 5 11],29,-1,59,-1,42
1,<environment.Job instance at 0x7f01d16fa5f0>,29,2,[ 1 10],30,-1,44,-1,42
1,<environment.Job instance at 0x7f01d16fa8c0>,32,18,[14  2],33,-1,77,-1,59
1,<environment.Job instance at 0x7f01d16fa960>,33,15,[14  3],34,-1,74,-1,59
1,<environment.Job instance at 0x7f01d16faaa0>,35,17,[12  2],36,-1,77,-1,60
1,<environment.Job instance at 0x7f01d16fab40>,36,20,[ 5 12],37,-1,80,-1,60
1,<environment.Job instance at 0x7f01d16fabe0>,37,28,[ 5 11],38,-1,88,-1,60
1,<environment.Job instance at 0x7f01d16fad20>,39,23,[5 9],40,-1,98,-1,75
1,<environment.Job instance at 0x7f01d16fadc0>,40,2,[10  2],41,-1,77,-1,75
1,<environment.Job instance at 0x7f01d16fae60>,41,28,[14  5],42,-1,103,-1,75
1,<environment.Job instance at 0x7f01d16eef00>,3,1,[ 4 13],4,-1,8,-1,7
1,<environment.Job instance at 0x7f01d2ac2be0>,7,16,[11  4],8,-1,33,-1,17
1,<environment.Job instance at 0x7f01d2aea500>,12,14,[ 2 13],13,-1,31,-1,17
1,<environment.Job instance at 0x7f01d2aeac80>,13,18,[13  1],14,-1,35,-1,17
1,<environment.Job instance at 0x7f01d2aea370>,14,21,[ 2 12],15,-1,38,-1,17
1,<environment.Job instance at 0x7f01d2aea230>,17,24,[12  5],18,-1,53,-1,29
1,<environment.Job instance at 0x7f01dbb45b40>,8,24,[ 4 11],9,-1,33,-1,9
1,<environment.Job instance at 0x7f01dbb45a50>,9,24,[4 8],10,-1,37,-1,13
1,<environment.Job instance at 0x7f01dbb45050>,12,2,[3 5],13,-1,15,-1,13
1,<environment.Job instance at 0x7f01dbb45be0>,14,2,[1 9],15,-1,23,-1,21
1,<environment.Job instance at 0x7f01dbb45730>,15,1,[3 7],16,-1,24,-1,23
1,<environment.Job instance at 0x7f01dbb45960>,22,2,[7 5],23,-1,64,-1,62
1,<environment.Job instance at 0x7f01dbb456e0>,23,2,[ 2 10],24,-1,64,-1,62
1,<environment.Job instance at 0x7f01dbb45320>,24,23,[6 2],25,-1,85,-1,62
1,<environment.Job instance at 0x7f01dbb45910>,25,1,[11  4],26,-1,63,-1,62
1,<environment.Job instance at 0x7f01dbb45dc0>,26,3,[ 1 12],27,-1,65,-1,62
1,<environment.Job instance at 0x7f01d2bedf00>,27,14,[12  1],28,-1,76,-1,62
1,<environment.Job instance at 0x7f01d2bed730>,31,3,[4 5],32,-1,79,-1,76
1,<environment.Job instance at 0x7f01d2bed190>,32,2,[ 1 11],33,-1,78,-1,76
1,<environment.Job instance at 0x7f01d2bedd70>,33,1,[3 6],34,-1,77,-1,76
1,<environment.Job instance at 0x7f01d2bed690>,34,18,[12  5],35,-1,94,-1,76
1,<environment.Job instance at 0x7f01d2bed370>,35,20,[13  1],36,-1,96,-1,76
1,<environment.Job instance at 0x7f01d2bed320>,36,17,[ 5 13],37,-1,93,-1,76
1,<environment.Job instance at 0x7f01d21b5a50>,3,22,[ 2 12],4,-1,26,-1,4
1,<environment.Job instance at 0x7f01d2b264b0>,4,17,[12  5],5,-1,22,-1,5
1,<environment.Job instance at 0x7f01d2b26f00>,5,28,[11  4],6,-1,34,-1,6
1,<environment.Job instance at 0x7f01d2b265a0>,6,1,[4 9],7,-1,8,-1,7
1,<environment.Job instance at 0x7f01d2b26690>,7,12,[ 4 14],8,-1,20,-1,8
1,<environment.Job instance at 0x7f01db636230>,11,2,[4 9],12,-1,15,-1,13
1,<environment.Job instance at 0x7f01d2f042d0>,19,27,[8 5],20,-1,77,-1,50
1,<environment.Job instance at 0x7f01d2b985a0>,21,25,[ 1 12],22,-1,75,-1,50
1,<environment.Job instance at 0x7f01d1895a50>,23,1,[ 2 13],24,-1,51,-1,50
1,<environment.Job instance at 0x7f01d1895d70>,24,1,[1 8],25,-1,51,-1,50
1,<environment.Job instance at 0x7f01d187ce60>,25,17,[13  3],26,-1,67,-1,50
1,<environment.Job instance at 0x7f01d17e6f50>,26,26,[5 4],27,-1,79,-1,53
1,<environment.Job instance at 0x7f01d187c0a0>,27,18,[ 1 11],28,-1,71,-1,53
1,<environment.Job instance at 0x7f01d1c95460>,28,13,[ 2 12],29,-1,66,-1,53
1,<environment.Job instance at 0x7fb1eac03320>,4,24,[ 3 11],5,-1,29,-1,5
1,<environment.Job instance at 0x7fb1e148ba50>,14,21,[ 3 11],15,-1,44,-1,23
1,<environment.Job instance at 0x7fb1e148be10>,17,18,[ 5 13],18,-1,60,-1,42
1,<environment.Job instance at 0x7fb1e148d230>,20,21,[13  5],21,-1,81,-1,60
1,<environment.Job instance at 0x7fb1e148d4b0>,24,2,[ 3 12],25,-1,89,-1,87
1,<environment.Job instance at 0x7fb1e15f4190>,4,22,[5 8],5,-1,27,-1,5
1,<environment.Job instance at 0x7fb1e15d8d20>,6,12,[ 4 14],7,-1,19,-1,7
1,<environment.Job instance at 0x7fb1e15d8730>,11,18,[12  3],12,-1,30,-1,12
1,<environment.Job instance at 0x7fb1e15d8050>,12,13,[ 5 12],13,-1,26,-1,13
1,<environment.Job instance at 0x7fb1e15d80a0>,19,27,[5 8],20,-1,58,-1,31
1,<environment.Job instance at 0x7fb1e0b756e0>,21,13,[12  3],22,-1,53,-1,40
1,<environment.Job instance at 0x7fb1e0bab5f0>,24,28,[7 4],25,-1,79,-1,51
1,<environment.Job instance at 0x7fb1e0cd8af0>,9,26,[3 6],10,-1,36,-1,10
1,<environment.Job instance at 0x7fb1e0cd8d20>,10,12,[11  1],11,-1,23,-1,11
1,<environment.Job instance at 0x7fb1e0cd8190>,11,12,[ 5 11],12,-1,24,-1,12
1,<environment.Job instance at 0x7fb1e0cd8910>,12,15,[3 9],13,-1,37,-1,22
1,<environment.Job instance at 0x7fb1e0de3640>,17,3,[5 4],18,-1,25,-1,22
1,<environment.Job instance at 0x7fb1e0de39b0>,21,21,[ 4 11],22,-1,62,-1,41
1,<environment.Job instance at 0x7fb1e0de3f00>,22,2,[ 3 12],23,-1,43,-1,41
1,<environment.Job instance at 0x7fb1e0de3960>,23,1,[10  3],24,-1,42,-1,41
1,<environment.Job instance at 0x7fb1e0de3780>,24,28,[3 8],25,-1,69,-1,41
1,<environment.Job instance at 0x7fb1e0de3280>,25,24,[12  1],26,-1,65,-1,41
1,<environment.Job instance at 0x7fb1e0de3dc0>,26,14,[11  2],27,-1,55,-1,41
1,<environment.Job instance at 0x7fb1e0de3b40>,27,27,[5 3],28,-1,68,-1,41
1,<environment.Job instance at 0x7fb1e0de3c30>,30,13,[5 1],31,-1,72,-1,59
1,<environment.Job instance at 0x7fb1e0daa8c0>,31,27,[6 5],32,-1,86,-1,59
1,<environment.Job instance at 0x7fb1e0daa9b0>,32,18,[ 2 14],33,-1,77,-1,59
1,<environment.Job instance at 0x7fb1e0daa820>,33,2,[11  2],34,-1,61,-1,59
1,<environment.Job instance at 0x7fb1e0daa140>,34,18,[12  2],35,-1,77,-1,59
1,<environment.Job instance at 0x7fb1e0daa460>,36,17,[11  1],37,-1,84,-1,67
1,<environment.Job instance at 0x7fb1e0daa0f0>,37,13,[ 4 12],38,-1,80,-1,67
1,<environment.Job instance at 0x7fb1e0daa2d0>,38,17,[11  4],39,-1,84,-1,67
1,<environment.Job instance at 0x7fb1e0daa960>,39,13,[10  1],40,-1,80,-1,67
1,<environment.Job instance at 0x7fb1e1999af0>,41,18,[ 1 10],42,-1,93,-1,75
1,<environment.Job instance at 0x7fb1e12fdc30>,42,28,[7 4],43,-1,103,-1,75
1,<environment.Job instance at 0x7fb1e0fc74b0>,4,1,[8 5],5,-1,6,-1,5
1,<environment.Job instance at 0x7fb1e0fc72d0>,8,27,[ 3 13],9,-1,36,-1,9
1,<environment.Job instance at 0x7fb1e1021b40>,9,20,[14  3],10,-1,30,-1,10
1,<environment.Job instance at 0x7fb1e0e8eaa0>,11,14,[ 4 13],12,-1,26,-1,12
1,<environment.Job instance at 0x7fb1e0e8e820>,12,1,[ 5 14],13,-1,14,-1,13
1,<environment.Job instance at 0x7fb1e0e8e7d0>,16,28,[14  3],17,-1,47,-1,19
1,<environment.Job instance at 0x7fb1e10e70f0>,17,24,[ 4 11],18,-1,43,-1,19
1,<environment.Job instance at 0x7fb1e0baf280>,18,3,[11  1],19,-1,22,-1,19
1,<environment.Job instance at 0x7fb1e0e007d0>,23,24,[2 7],24,-1,64,-1,40
1,<environment.Job instance at 0x7fb1e0e005f0>,25,3,[5 3],26,-1,43,-1,40
1,<environment.Job instance at 0x7fb1e114dc30>,28,18,[12  1],29,-1,77,-1,59
1,<environment.Job instance at 0x7fb1e10e0190>,29,15,[ 1 13],30,-1,74,-1,59
1,<environment.Job instance at 0x7fb1e110e550>,30,1,[11  3],31,-1,60,-1,59
1,<environment.Job instance at 0x7fb1e0ea60f0>,35,24,[8 2],36,-1,98,-1,74
1,<environment.Job instance at 0x7fb1e0a03fa0>,3,27,[5 1],4,-1,31,-1,4
1,<environment.Job instance at 0x7fb1e0a080f0>,4,25,[10  4],5,-1,30,-1,5
1,<environment.Job instance at 0x7fb1e0a082d0>,6,3,[5 9],7,-1,11,-1,8
1,<environment.Job instance at 0x7fb1e0a08050>,8,12,[ 2 11],9,-1,21,-1,9
1,<environment.Job instance at 0x7fb1e0a083c0>,9,3,[2 7],10,-1,13,-1,10
1,<environment.Job instance at 0x7fb1e0a08500>,10,13,[ 1 10],11,-1,24,-1,11
1,<environment.Job instance at 0x7fb1e0a62c80>,3,27,[ 3 14],4,-1,31,-1,4
1,<environment.Job instance at 0x7fb1e0a625f0>,7,28,[13  5],8,-1,36,-1,8
1,<environment.Job instance at 0x7fb1e0a426e0>,14,1,[ 1 10],15,-1,22,-1,21
1,<environment.Job instance at 0x7fb1e0a42320>,16,14,[ 2 10],17,-1,45,-1,31
1,<environment.Job instance at 0x7fb1e0a42af0>,18,2,[7 2],19,-1,42,-1,40
1,<environment.Job instance at 0x7fb1e0a42460>,21,25,[7 3],22,-1,74,-1,49
1,<environment.Job instance at 0x7fb1e0a3c500>,25,12,[ 4 13],26,-1,95,-1,83
1,<environment.Job instance at 0x7fb1e12b1370>,7,27,[8 1],8,-1,36,-1,9
1,<environment.Job instance at 0x7fb1e1f784b0>,16,2,[10  3],17,-1,39,-1,37
1,<environment.Job instance at 0x7fb1e1f78730>,17,12,[ 3 13],18,-1,49,-1,37
1,<environment.Job instance at 0x7fb1e1f78820>,3,13,[12  5],4,-1,17,-1,4
1,<environment.Job instance at 0x7fb1e1ea03c0>,7,28,[10  3],8,-1,36,-1,8
1,<environment.Job instance at 0x7fb1e1c790a0>,12,15,[ 5 12],13,-1,28,-1,13
1,<environment.Job instance at 0x7fb1e1c795f0>,13,2,[2 9],14,-1,16,-1,14
1,<environment.Job instance at 0x7fb1e1c791e0>,15,1,[8 1],16,-1,17,-1,16
1,<environment.Job instance at 0x7fb1e1e8ecd0>,21,23,[6 5],22,-1,73,-1,50
1,<environment.Job instance at 0x7fb1e1e8e9b0>,23,2,[ 5 13],24,-1,62,-1,60
1,<environment.Job instance at 0x7fb1e1e8e870>,24,27,[4 6],25,-1,87,-1,60
1,<environment.Job instance at 0x7fb1e1e8e690>,25,1,[4 9],26,-1,61,-1,60
1,<environment.Job instance at 0x7fb1e0b94370>,28,22,[ 3 12],29,-1,98,-1,76
1,<environment.Job instance at 0x7fb1e0a18460>,5,3,[12  1],6,-1,9,-1,6
1,<environment.Job instance at 0x7fb1e0a18d20>,6,13,[11  4],7,-1,20,-1,7
1,<environment.Job instance at 0x7fb1e0a185a0>,7,28,[6 1],8,-1,36,-1,8
1,<environment.Job instance at 0x7fb1e0a18690>,8,3,[14  3],9,-1,12,-1,9
1,<environment.Job instance at 0x7fb1e0a18e60>,9,1,[14  5],10,-1,12,-1,11
1,<environment.Job instance at 0x7fb1e0a17d20>,11,1,[7 2],12,-1,13,-1,12
1,<environment.Job instance at 0x7fb1e0a17910>,12,2,[3 7],13,-1,15,-1,13
1,<environment.Job instance at 0x7fb1e0a17f00>,15,22,[5 5],16,-1,38,-1,16
1,<environment.Job instance at 0x7fb1e0a175a0>,16,12,[9 1],17,-1,29,-1,17
1,<environment.Job instance at 0x7fb1e0a17690>,17,26,[3 6],18,-1,44,-1,18
1,<environment.Job instance at 0x7fb1e0a17a00>,18,2,[4 7],19,-1,21,-1,19
1,<environment.Job instance at 0x7fb1e0a17730>,19,21,[ 1 12],20,-1,41,-1,20
1,<environment.Job instance at 0x7fb1e0a17550>,20,20,[3 8],21,-1,79,-1,59
1,<environment.Job instance at 0x7fb1e0a17dc0>,26,1,[ 2 11],27,-1,65,-1,64
1,<environment.Job instance at 0x7fb1e0a172d0>,27,25,[7 5],28,-1,89,-1,64
1,<environment.Job instance at 0x7fb1e0a17460>,29,2,[ 2 13],30,-1,72,-1,70
1,<environment.Job instance at 0x7fb1e0b7fd70>,30,14,[ 1 13],31,-1,84,-1,70
1,<environment.Job instance at 0x7fb1e0b7f140>,31,23,[9 4],32,-1,93,-1,70
1,<environment.Job instance at 0x7fb1e0b7f050>,32,28,[8 5],33,-1,98,-1,70
1,<environment.Job instance at 0x7fb1e0b7f820>,34,23,[8 4],35,-1,99,-1,76
1,<environment.Job instance at 0x7fb1e0b7f8c0>,35,14,[3 8],36,-1,91,-1,77
1,<environment.Job instance at 0x7fb1e0b7f2d0>,36,12,[10  1],37,-1,89,-1,77
1,<environment.Job instance at 0x7fb1e0b7f320>,37,12,[2 7],38,-1,89,-1,77
1,<environment.Job instance at 0x7fb1e0b7f370>,38,14,[ 4 10],39,-1,91,-1,77
1,<environment.Job instance at 0x7fb1e18c26e0>,11,1,[5 4],12,-1,20,-1,19
1,<environment.Job instance at 0x7fb1e18c2b40>,14,21,[ 5 13],15,-1,50,-1,29
1,<environment.Job instance at 0x7fb1e18c2eb0>,15,1,[10  1],16,-1,30,-1,29
1,<environment.Job instance at 0x7fb1e18c2a50>,16,17,[11  2],17,-1,46,-1,29
1,<environment.Job instance at 0x7fb1e18c22d0>,18,2,[5 9],19,-1,39,-1,37
1,<environment.Job instance at 0x7fb1e18c2500>,19,28,[10  3],20,-1,65,-1,37
1,<environment.Job instance at 0x7fb1e18c2410>,20,28,[10  4],21,-1,65,-1,37
1,<environment.Job instance at 0x7fb1e18c2960>,22,25,[5 7],23,-1,68,-1,43
1,<environment.Job instance at 0x7fb1e0acf2d0>,23,1,[13  3],24,-1,44,-1,43
1,<environment.Job instance at 0x7fb1e13ad460>,2,1,[ 1 14],3,-1,4,-1,3
1,<environment.Job instance at 0x7fb1e0ef20a0>,3,26,[3 8],4,-1,30,-1,4
1,<environment.Job instance at 0x7fb1e0ef27d0>,4,26,[10  5],5,-1,31,-1,5
1,<environment.Job instance at 0x7fb1e0e9f730>,9,24,[5 8],10,-1,35,-1,11
1,<environment.Job instance at 0x7fb1e0e9ffa0>,15,21,[ 5 14],16,-1,60,-1,39
1,<environment.Job instance at 0x7fb1e0e9fe60>,16,21,[ 4 11],17,-1,60,-1,39
1,<environment.Job instance at 0x7fb1e0e9f460>,18,23,[8 4],19,-1,78,-1,55
1,<environment.Job instance at 0x7fb1e0e611e0>,26,25,[8 3],27,-1,110,-1,85
1,<environment.Job instance at 0x7fb1e0e61820>,27,15,[11  1],28,-1,100,-1,85
1,<environment.Job instance at 0x7fb1e15f06e0>,1,18,[ 2 12],2,-1,20,-1,2
1,<environment.Job instance at 0x7fb1e1c52c80>,2,22,[ 2 11],3,-1,25,-1,3
1,<environment.Job instance at 0x7fb1e1948460>,8,24,[2 6],9,-1,33,-1,9
1,<environment.Job instance at 0x7fb1e19482d0>,13,2,[1 5],14,-1,25,-1,23
1,<environment.Job instance at 0x7fb1e1948230>,14,1,[11  5],15,-1,24,-1,23
1,<environment.Job instance at 0x7fb1e1948a00>,15,14,[ 5 14],16,-1,37,-1,23
1,<environment.Job instance at 0x7fb1e19480f0>,17,25,[9 2],18,-1,48,-1,23
1,<environment.Job instance at 0x7fb1e1948730>,19,2,[ 5 13],20,-1,42,-1,40
1,<environment.Job instance at 0x7fb1ea694dc0>,21,1,[4 5],22,-1,41,-1,40
1,<environment.Job instance at 0x7fb1ea694aa0>,22,13,[ 5 13],23,-1,53,-1,40
1,<environment.Job instance at 0x7fb1ea694370>,25,24,[5 1],26,-1,81,-1,57
1,<environment.Job instance at 0x7fb1ea6941e0>,26,13,[ 5 12],27,-1,70,-1,57
1,<environment.Job instance at 0x7fb1e1232820>,12,24,[8 4],13,-1,50,-1,26
1,<environment.Job instance at 0x7fb1e1232780>,13,12,[8 1],14,-1,38,-1,26
1,<environment.Job instance at 0x7fb1e12325f0>,14,14,[10  2],15,-1,49,-1,35
1,<environment.Job instance at 0x7fb1e12327d0>,15,22,[5 5],16,-1,59,-1,37
1,<environment.Job instance at 0x7fb1e1232910>,16,3,[7 5],17,-1,40,-1,37
1,<environment.Job instance at 0x7fb1e12324b0>,18,26,[6 1],19,-1,63,-1,37
1,<environment.Job instance at 0x7fb1e12323c0>,19,3,[ 5 14],20,-1,40,-1,37
1,<environment.Job instance at 0x7fb1e12c7500>,20,3,[14  4],21,-1,40,-1,37
1,<environment.Job instance at 0x7fb1e12c73c0>,24,3,[8 5],25,-1,60,-1,57
1,<environment.Job instance at 0x7fb1e12c7780>,25,12,[ 1 10],26,-1,69,-1,57
1,<environment.Job instance at 0x7fb1e12c7230>,26,2,[13  2],27,-1,59,-1,57
1,<environment.Job instance at 0x7fb1e12c7050>,28,25,[1 6],29,-1,90,-1,65
1,<environment.Job instance at 0x7fb1e12c7eb0>,29,26,[5 5],30,-1,91,-1,65
1,<environment.Job instance at 0x7fb1e12c7190>,30,15,[12  2],31,-1,80,-1,65
1,<environment.Job instance at 0x7fb1e12c7280>,31,3,[ 1 10],32,-1,68,-1,65
1,<environment.Job instance at 0x7fb1e12c7d70>,32,22,[5 8],33,-1,93,-1,71
1,<environment.Job instance at 0x7fb1e12c70a0>,34,14,[14  4],35,-1,85,-1,71
1,<environment.Job instance at 0x7fb1e12c7730>,35,3,[4 8],36,-1,74,-1,71
1,<environment.Job instance at 0x7fb1e12c7cd0>,37,1,[2 8],38,-1,79,-1,78
1,<environment.Job instance at 0x7fb1e12c7a00>,38,23,[3 6],39,-1,101,-1,78
1,<environment.Job instance at 0x7fb1e0c4f5a0>,41,23,[2 6],42,-1,106,-1,83
1,<environment.Job instance at 0x7fb1e0c4ff00>,42,15,[ 3 13],43,-1,98,-1,83
1,<environment.Job instance at 0x7fb1ea7c4f50>,1,24,[3 9],2,-1,26,-1,2
1,<environment.Job instance at 0x7fb1e0c4f910>,3,23,[14  1],4,-1,27,-1,4
1,<environment.Job instance at 0x7fb1e0c4f820>,4,27,[11  2],5,-1,32,-1,5
1,<environment.Job instance at 0x7fb1e0c4fdc0>,7,22,[ 3 14],8,-1,30,-1,8
1,<environment.Job instance at 0x7fb1ea7c4d20>,9,16,[11  3],10,-1,26,-1,10
1,<environment.Job instance at 0x7fb1e0c4f690>,10,15,[ 1 10],11,-1,29,-1,14
1,<environment.Job instance at 0x7fb1e0c4ff50>,13,1,[13  2],14,-1,15,-1,14
1,<environment.Job instance at 0x7fb1e10b4cd0>,19,28,[13  5],20,-1,63,-1,35
1,<environment.Job instance at 0x7fb1e10b4a00>,20,27,[6 1],21,-1,62,-1,35
1,<environment.Job instance at 0x7fb1e10b47d0>,21,14,[4 8],22,-1,49,-1,35
1,<environment.Job instance at 0x7fb1e10b4410>,22,17,[ 5 11],23,-1,52,-1,35
1,<environment.Job instance at 0x7fb1e10b4c30>,23,12,[1 6],24,-1,47,-1,35
1,<environment.Job instance at 0x7fb1e10b45f0>,24,19,[ 5 10],25,-1,54,-1,35
1,<environment.Job instance at 0x7fb1e10b4af0>,25,14,[8 4],26,-1,49,-1,35
1,<environment.Job instance at 0x7fb1e10b4320>,26,24,[14  3],27,-1,59,-1,35
1,<environment.Job instance at 0x7fb1e10b4500>,27,1,[ 1 14],28,-1,36,-1,35
1,<environment.Job instance at 0x7fb1e10b4910>,28,24,[10  2],29,-1,59,-1,35
1,<environment.Job instance at 0x7fb1e10b42d0>,29,2,[3 6],30,-1,37,-1,35
1,<environment.Job instance at 0x7fb1e10b44b0>,30,3,[ 2 14],31,-1,38,-1,35
1,<environment.Job instance at 0x7fb1e10b4b90>,31,15,[9 2],32,-1,50,-1,35
1,<environment.Job instance at 0x7fb1e0f16c80>,32,19,[11  3],33,-1,54,-1,35
1,<environment.Job instance at 0x7fb1e10b46e0>,33,18,[ 5 11],34,-1,53,-1,35
1,<environment.Job instance at 0x7fb1e10b41e0>,34,21,[12  1],35,-1,56,-1,35
1,<environment.Job instance at 0x7fb1e1a672d0>,35,18,[12  4],36,-1,54,-1,36
1,<environment.Job instance at 0x7fb1e1a67aa0>,36,26,[1 9],37,-1,63,-1,37
1,<environment.Job instance at 0x7fb1ea605aa0>,37,3,[10  4],38,-1,41,-1,38
1,<environment.Job instance at 0x7fb1ea605a00>,38,13,[8 4],39,-1,54,-1,41
1,<environment.Job instance at 0x7fb1e1a67460>,39,26,[13  5],40,-1,67,-1,41
1,<environment.Job instance at 0x7fb1ea605af0>,40,25,[13  3],41,-1,66,-1,41
1,<environment.Job instance at 0x7fb1ea6057d0>,41,22,[ 5 10],42,-1,64,-1,42
1,<environment.Job instance at 0x7fb1ea605410>,42,13,[ 3 12],43,-1,56,-1,43
1,<environment.Job instance at 0x7fb1ea605c30>,43,3,[4 9],44,-1,47,-1,44
1,<environment.Job instance at 0x7fb1ea6052d0>,44,13,[8 2],45,-1,59,-1,46
1,<environment.Job instance at 0x7fb1ea605eb0>,45,13,[12  1],46,-1,59,-1,46
1,<environment.Job instance at 0x7fb1ea605730>,46,16,[ 5 11],47,-1,63,-1,47
1,<environment.Job instance at 0x7fb1ea605b40>,47,16,[11  4],48,-1,64,-1,48
1,<environment.Job instance at 0x7fb1ea605f00>,48,24,[3 5],49,-1,73,-1,49
1,<environment.Job instance at 0x7fb1ea605320>,49,20,[8 1],50,-1,70,-1,50
1,<environment.Job instance at 0x7fb1ea605870>,50,19,[ 5 13],51,-1,70,-1,51
1,<environment.Job instance at 0x7fb1ea605550>,51,24,[2 5],52,-1,76,-1,52
1,<environment.Job instance at 0x7fb1ea605500>,52,2,[1 9],53,-1,55,-1,53
1,<environment.Job instance at 0x7fb1ea6050f0>,53,14,[5 1],54,-1,68,-1,54
1,<environment.Job instance at 0x7fb1e185a550>,55,26,[ 3 12],56,-1,82,-1,56
1,<environment.Job instance at 0x7fb1e185a8c0>,56,26,[9 2],57,-1,83,-1,57
1,<environment.Job instance at 0x7fb1e185ae60>,57,1,[ 2 10],58,-1,59,-1,58
1,<environment.Job instance at 0x7fb1e185a6e0>,58,16,[13  4],59,-1,75,-1,59
1,<environment.Job instance at 0x7fb1e185af00>,59,28,[2 7],60,-1,88,-1,60
1,<environment.Job instance at 0x7fb1e185a410>,60,18,[8 1],61,-1,80,-1,62
1,<environment.Job instance at 0x7fb1e185a5f0>,62,17,[ 3 13],63,-1,81,-1,64
1,<environment.Job instance at 0x7fb1e185a690>,63,28,[3 7],64,-1,92,-1,64
1,<environment.Job instance at 0x7fb1e185ab40>,64,20,[11  2],65,-1,85,-1,65
1,<environment.Job instance at 0x7fb1e185a9b0>,65,19,[2 6],66,-1,88,-1,69
1,<environment.Job instance at 0x7fb1e1984910>,67,14,[ 4 10],68,-1,84,-1,70
1,<environment.Job instance at 0x7fb1e1984af0>,68,1,[5 5],69,-1,71,-1,70
1,<environment.Job instance at 0x7fb1e1984140>,69,14,[ 5 13],70,-1,84,-1,70
1,<environment.Job instance at 0x7fb1e0813a00>,1,24,[13  5],2,-1,26,-1,2
1,<environment.Job instance at 0x7fb1e07f45a0>,5,27,[ 3 10],6,-1,33,-1,6
1,<environment.Job instance at 0x7fb1e07f4640>,7,12,[14  1],8,-1,20,-1,8
1,<environment.Job instance at 0x7fb1e07f4af0>,10,3,[8 5],11,-1,15,-1,12
1,<environment.Job instance at 0x7fb1e07f4b40>,16,13,[11  4],17,-1,30,-1,17
1,<environment.Job instance at 0x7fb1e14185a0>,19,14,[1 8],20,-1,50,-1,36
1,<environment.Job instance at 0x7fb1e1418730>,20,1,[7 2],21,-1,37,-1,36
1,<environment.Job instance at 0x7fb1e1418cd0>,21,15,[10  1],22,-1,51,-1,36
1,<environment.Job instance at 0x7fb1e14188c0>,22,2,[8 5],23,-1,38,-1,36
1,<environment.Job instance at 0x7fb1e14182d0>,23,3,[10  2],24,-1,39,-1,36
1,<environment.Job instance at 0x7fb1e1418230>,25,22,[6 4],26,-1,59,-1,37
1,<environment.Job instance at 0x7fb1e1418a50>,26,2,[5 7],27,-1,39,-1,37
1,<environment.Job instance at 0x7fb1e1418410>,27,17,[ 4 10],28,-1,54,-1,37
1,<environment.Job instance at 0x7fb1e1418c80>,28,14,[11  2],29,-1,51,-1,37
1,<environment.Job instance at 0x7fb1e1418690>,29,23,[12  3],30,-1,60,-1,37
1,<environment.Job instance at 0x7fb1e1418af0>,30,28,[4 7],31,-1,65,-1,37
1,<environment.Job instance at 0x7fb1e1418640>,31,3,[6 5],32,-1,40,-1,37
1,<environment.Job instance at 0x7fb1e1418910>,33,16,[11  4],34,-1,63,-1,47
1,<environment.Job instance at 0x7fb1e1a8a460>,34,24,[1 7],35,-1,71,-1,47
1,<environment.Job instance at 0x7fb1e1a8a4b0>,36,17,[13  2],37,-1,64,-1,47
1,<environment.Job instance at 0x7fb1e1a8aa50>,37,1,[3 9],38,-1,48,-1,47
1,<environment.Job instance at 0x7fb1e1a8a140>,38,23,[13  4],39,-1,70,-1,47
1,<environment.Job instance at 0x7fb1e1a8a3c0>,40,26,[1 9],41,-1,80,-1,54
1,<environment.Job instance at 0x7fb1e1a8ae10>,41,25,[5 4],42,-1,79,-1,54
1,<environment.Job instance at 0x7fb1e1a8a730>,42,22,[ 2 10],43,-1,76,-1,54
1,<environment.Job instance at 0x7fb1e1a8a370>,43,3,[13  4],44,-1,57,-1,54
1,<environment.Job instance at 0x7fb1e1a8a780>,45,12,[13  4],46,-1,77,-1,65
1,<environment.Job instance at 0x7fb1e1a8aeb0>,48,17,[ 5 11],49,-1,98,-1,81
1,<environment.Job instance at 0x7fb1e1a8aaa0>,49,2,[ 1 10],50,-1,83,-1,81
1,<environment.Job instance at 0x7fb1e0cc2c30>,3,13,[ 2 14],4,-1,17,-1,4
1,<environment.Job instance at 0x7fb1e0cc22d0>,4,23,[10  1],5,-1,29,-1,6
1,<environment.Job instance at 0x7fb1e0cc2e60>,6,14,[14  4],7,-1,21,-1,7
1,<environment.Job instance at 0x7fb1e0cc21e0>,7,13,[ 5 14],8,-1,21,-1,8
1,<environment.Job instance at 0x7fb1e0cc2dc0>,8,27,[3 9],9,-1,36,-1,9
1,<environment.Job instance at 0x7fb1e0cc2cd0>,9,28,[3 8],10,-1,38,-1,10
1,<environment.Job instance at 0x7fb1e0cc2870>,11,17,[ 1 11],12,-1,29,-1,12
1,<environment.Job instance at 0x7fb1e0d15c80>,19,3,[8 2],20,-1,30,-1,27
1,<environment.Job instance at 0x7fb1e1fdc2d0>,8,24,[ 4 11],9,-1,33,-1,9
1,<environment.Job instance at 0x7fb1e19ac500>,12,2,[3 5],13,-1,33,-1,31
1,<environment.Job instance at 0x7fb1e19ac3c0>,14,2,[1 9],15,-1,33,-1,31
1,<environment.Job instance at 0x7fb1e19ace60>,15,1,[3 7],16,-1,33,-1,32
1,<environment.Job instance at 0x7fb1e19aca50>,16,26,[8 5],17,-1,58,-1,32
1,<environment.Job instance at 0x7fb1e19acbe0>,22,2,[7 5],23,-1,70,-1,68
1,<environment.Job instance at 0x7fb1e19ac730>,23,2,[ 2 10],24,-1,70,-1,68
1,<environment.Job instance at 0x7fb1e19ac0a0>,24,23,[6 2],25,-1,91,-1,68
1,<environment.Job instance at 0x7fb1e19accd0>,25,1,[11  4],26,-1,69,-1,68
1,<environment.Job instance at 0x7fb1e19acaa0>,26,3,[ 1 12],27,-1,71,-1,68
1,<environment.Job instance at 0x7fb1e19ac870>,27,14,[12  1],28,-1,82,-1,68
1,<environment.Job instance at 0x7fb1e19acb90>,2,28,[1 7],3,-1,31,-1,3
1,<environment.Job instance at 0x7fb1e1669500>,4,18,[13  2],5,-1,23,-1,5
1,<environment.Job instance at 0x7fb1e16690f0>,6,19,[ 5 10],7,-1,49,-1,30
1,<environment.Job instance at 0x7fb1e1bcba00>,16,26,[5 4],17,-1,56,-1,30
1,<environment.Job instance at 0x7fb1e1bcb6e0>,17,18,[ 1 11],18,-1,48,-1,30
1,<environment.Job instance at 0x7fb1e1bcb140>,18,13,[ 2 12],19,-1,43,-1,30
1,<environment.Job instance at 0x7fb1e1b9a460>,24,26,[8 5],25,-1,86,-1,60
1,<environment.Job instance at 0x7fb1e1b9ab40>,25,25,[5 5],26,-1,85,-1,60
1,<environment.Job instance at 0x7fb1e1bc5410>,26,26,[8 5],27,-1,86,-1,60
1,<environment.Job instance at 0x7fb1e1bc5820>,27,3,[4 5],28,-1,63,-1,60
1,<environment.Job instance at 0x7fb1e1bc5a00>,28,20,[ 1 10],29,-1,89,-1,69
1,<environment.Job instance at 0x7fb1e1bc5370>,29,3,[ 2 13],30,-1,72,-1,69
1,<environment.Job instance at 0x7fb1e0ff9870>,3,17,[ 5 13],4,-1,21,-1,4
1,<environment.Job instance at 0x7fb1e0ff9230>,4,26,[ 3 14],5,-1,31,-1,5
1,<environment.Job instance at 0x7fb1e0ff9a00>,6,2,[2 9],7,-1,10,-1,8
1,<environment.Job instance at 0x7fb1e103bc80>,18,2,[10  2],19,-1,44,-1,42
1,<environment.Job instance at 0x7fb1e103b500>,22,2,[6 5],23,-1,59,-1,57
1,<environment.Job instance at 0x7fb1e103b870>,25,24,[ 4 12],26,-1,101,-1,77
1,<environment.Job instance at 0x7fb1e103b2d0>,26,12,[14  4],27,-1,89,-1,77
1,<environment.Job instance at 0x7fb1e103b410>,27,28,[5 5],28,-1,105,-1,77
1,<environment.Job instance at 0x7fb1e10ee500>,11,28,[1 5],12,-1,67,-1,39
1,<environment.Job instance at 0x7fb1e10ee870>,12,3,[9 4],13,-1,42,-1,39
1,<environment.Job instance at 0x7fb1e10eeaf0>,13,25,[8 1],14,-1,64,-1,39
1,<environment.Job instance at 0x7fb1e10eeaa0>,14,18,[ 1 10],15,-1,57,-1,39
1,<environment.Job instance at 0x7fb1e10eec80>,15,12,[12  3],16,-1,51,-1,39
1,<environment.Job instance at 0x7fb1e10eee10>,18,25,[4 5],19,-1,84,-1,59
1,<environment.Job instance at 0x7fb1e10eeeb0>,19,25,[10  3],20,-1,84,-1,59
1,<environment.Job instance at 0x7fb1e10eefa0>,21,28,[13  4],22,-1,93,-1,65
1,<environment.Job instance at 0x7fb1e1125050>,22,20,[13  2],23,-1,85,-1,65
1,<environment.Job instance at 0x7fb1e11250f0>,23,14,[12  3],24,-1,79,-1,65
1,<environment.Job instance at 0x7fb1e1125230>,24,17,[ 5 13],25,-1,82,-1,65
1,<environment.Job instance at 0x7fb1e1125370>,26,18,[13  4],27,-1,96,-1,78
1,<environment.Job instance at 0x7f76fcd54320>,4,24,[ 3 11],5,-1,29,-1,5
1,<environment.Job instance at 0x7f76f35dcaa0>,8,24,[ 2 10],9,-1,33,-1,9
1,<environment.Job instance at 0x7f76f35dcc30>,14,21,[ 3 11],15,-1,39,-1,18
1,<environment.Job instance at 0x7f76f35dcfa0>,17,18,[ 5 13],18,-1,55,-1,37
1,<environment.Job instance at 0x7f76f35de0f0>,20,21,[13  5],21,-1,76,-1,55
1,<environment.Job instance at 0x7f76f3a72be0>,2,13,[ 5 12],3,-1,16,-1,3
1,<environment.Job instance at 0x7f76f3731960>,9,27,[5 8],10,-1,37,-1,10
1,<environment.Job instance at 0x7f76f3731640>,11,13,[12  3],12,-1,25,-1,12
1,<environment.Job instance at 0x7f76f3731d20>,14,28,[7 4],15,-1,49,-1,21
1,<environment.Job instance at 0x7f76f3731cd0>,16,3,[1 6],17,-1,39,-1,36
1,<environment.Job instance at 0x7f76f37310f0>,17,12,[6 1],18,-1,48,-1,36
1,<environment.Job instance at 0x7f76f3731b90>,20,18,[ 3 12],21,-1,68,-1,50
1,<environment.Job instance at 0x7f76f3731c80>,23,24,[5 6],24,-1,90,-1,66
1,<environment.Job instance at 0x7f76f2d28640>,24,18,[11  5],25,-1,84,-1,66
1,<environment.Job instance at 0x7f76f30a9190>,25,14,[14  1],26,-1,80,-1,66
1,<environment.Job instance at 0x7f76f30a9230>,26,22,[10  1],27,-1,88,-1,66
1,<environment.Job instance at 0x7f76f2cff140>,27,1,[1 9],28,-1,67,-1,66
1,<environment.Job instance at 0x7f76f2c56190>,29,3,[14  4],30,-1,79,-1,76
1,<environment.Job instance at 0x7f76f2c900f0>,32,23,[ 1 14],33,-1,120,-1,97
1,<environment.Job instance at 0x7f76f3069280>,33,3,[1 7],34,-1,100,-1,97
1,<environment.Job instance at 0x7f76f2c67370>,1,21,[ 4 11],2,-1,23,-1,2
1,<environment.Job instance at 0x7f76f2c67280>,3,1,[10  3],4,-1,5,-1,4
1,<environment.Job instance at 0x7f76f2c675a0>,2,2,[ 3 12],3,-1,6,-1,4
1,<environment.Job instance at 0x7f76f2c673c0>,4,28,[3 8],5,-1,33,-1,5
1,<environment.Job instance at 0x7f76f2c67cd0>,5,24,[12  1],6,-1,30,-1,6
1,<environment.Job instance at 0x7f76f2c67690>,7,27,[5 3],8,-1,35,-1,8
1,<environment.Job instance at 0x7f76f2c67d70>,9,17,[ 5 11],10,-1,27,-1,10
1,<environment.Job instance at 0x7f76f2c67dc0>,11,27,[6 5],12,-1,39,-1,12
1,<environment.Job instance at 0x7f76f2c67820>,12,18,[ 2 14],13,-1,31,-1,13
1,<environment.Job instance at 0x7f76f2c670f0>,14,18,[12  2],15,-1,33,-1,15
1,<environment.Job instance at 0x7f76f2d25780>,19,13,[10  1],20,-1,34,-1,21
1,<environment.Job instance at 0x7f76f2d255a0>,21,18,[ 1 10],22,-1,51,-1,33
1,<environment.Job instance at 0x7f76f2fe6780>,4,16,[ 2 11],5,-1,26,-1,10
1,<environment.Job instance at 0x7f76f328f6e0>,10,26,[4 7],11,-1,37,-1,11
1,<environment.Job instance at 0x7f76f328f5f0>,11,25,[10  5],12,-1,37,-1,12
1,<environment.Job instance at 0x7f76f2fe97d0>,12,1,[8 5],13,-1,14,-1,13
1,<environment.Job instance at 0x7f76f2fe9c30>,16,20,[ 3 11],17,-1,37,-1,17
1,<environment.Job instance at 0x7f76f2deef00>,19,24,[6 5],20,-1,44,-1,20
1,<environment.Job instance at 0x7f76f357af50>,21,25,[5 1],22,-1,50,-1,25
1,<environment.Job instance at 0x7f76f2d57820>,24,18,[ 4 13],25,-1,65,-1,47
1,<environment.Job instance at 0x7f76f3a7e140>,26,15,[13  4],27,-1,66,-1,51
1,<environment.Job instance at 0x7f76f309d0a0>,27,3,[5 8],28,-1,54,-1,51
1,<environment.Job instance at 0x7f76f2d22aa0>,28,24,[ 2 13],29,-1,75,-1,51
1,<environment.Job instance at 0x7f76f3244370>,29,3,[ 2 14],30,-1,54,-1,51
1,<environment.Job instance at 0x7f76f3244b40>,30,16,[ 5 13],31,-1,67,-1,51
1,<environment.Job instance at 0x7f76f2c590a0>,31,2,[1 7],32,-1,53,-1,51
1,<environment.Job instance at 0x7f76f2c59e10>,32,22,[4 8],33,-1,119,-1,97
1,<environment.Job instance at 0x7f76f32acc80>,38,19,[ 5 13],39,-1,116,-1,97
1,<environment.Job instance at 0x7f76f32ac460>,39,28,[3 5],40,-1,125,-1,97
1,<environment.Job instance at 0x7f76f3a01dc0>,3,26,[12  3],4,-1,30,-1,4
1,<environment.Job instance at 0x7f76f3a012d0>,5,17,[ 4 13],6,-1,23,-1,6
1,<environment.Job instance at 0x7f76f3a01fa0>,7,28,[1 9],8,-1,36,-1,8
1,<environment.Job instance at 0x7f76f39d5dc0>,8,26,[7 3],9,-1,35,-1,9
1,<environment.Job instance at 0x7f76f3a015f0>,10,2,[1 6],11,-1,14,-1,12
1,<environment.Job instance at 0x7f76f39d5d20>,18,25,[9 1],19,-1,73,-1,48
1,<environment.Job instance at 0x7f76f39f49b0>,22,23,[2 8],23,-1,109,-1,86
1,<environment.Job instance at 0x7f76f39fa500>,27,3,[5 9],28,-1,89,-1,86
1,<environment.Job instance at 0x7f76f39fa870>,28,25,[6 1],29,-1,111,-1,86
1,<environment.Job instance at 0x7f76f39faa50>,29,15,[ 3 12],30,-1,101,-1,86
1,<environment.Job instance at 0x7f76f39fa1e0>,30,18,[13  2],31,-1,104,-1,86
1,<environment.Job instance at 0x7f76f39fa820>,31,1,[5 7],32,-1,87,-1,86
1,<environment.Job instance at 0x7f76f39dd050>,32,12,[10  3],33,-1,98,-1,86
1,<environment.Job instance at 0x7f76f39dd2d0>,33,28,[11  3],34,-1,114,-1,86
1,<environment.Job instance at 0x7f76f39dd230>,35,28,[ 4 10],36,-1,127,-1,99
1,<environment.Job instance at 0x7f76f39ded20>,36,2,[5 3],37,-1,101,-1,99
1,<environment.Job instance at 0x7f76f2c348c0>,3,24,[1 9],4,-1,28,-1,4
1,<environment.Job instance at 0x7f76f2c342d0>,4,25,[ 3 10],5,-1,30,-1,5
1,<environment.Job instance at 0x7f76f2c34e60>,6,1,[2 5],7,-1,8,-1,7
1,<environment.Job instance at 0x7f76f2c34460>,7,2,[13  5],8,-1,10,-1,8
1,<environment.Job instance at 0x7f76f2c38fa0>,10,28,[7 2],11,-1,41,-1,13
1,<environment.Job instance at 0x7f76f2c31f50>,18,17,[13  2],19,-1,76,-1,59
1,<environment.Job instance at 0x7f76f2c310f0>,19,22,[12  5],20,-1,81,-1,59
1,<environment.Job instance at 0x7f76f2c31b40>,20,23,[7 1],21,-1,86,-1,63
1,<environment.Job instance at 0x7f76f2c31460>,3,24,[9 2],4,-1,28,-1,4
1,<environment.Job instance at 0x7f76fc7eb780>,5,15,[ 5 11],6,-1,21,-1,6
1,<environment.Job instance at 0x7f76f3c21050>,6,27,[2 7],7,-1,34,-1,7
1,<environment.Job instance at 0x7f76f3c215f0>,7,1,[5 1],8,-1,10,-1,9
1,<environment.Job instance at 0x7f76f3c21c30>,9,12,[ 3 12],10,-1,22,-1,10
1,<environment.Job instance at 0x7f76f3c21550>,10,13,[ 3 12],11,-1,24,-1,11
1,<environment.Job instance at 0x7f76f3c21cd0>,11,24,[ 4 10],12,-1,36,-1,12
1,<environment.Job instance at 0x7f76f3c21e60>,12,25,[11  2],13,-1,38,-1,13
1,<environment.Job instance at 0x7f76f37cdcd0>,13,1,[ 1 14],14,-1,15,-1,14
1,<environment.Job instance at 0x7f76f3c8d140>,15,12,[ 3 10],16,-1,28,-1,16
1,<environment.Job instance at 0x7f76f2fb05f0>,21,3,[5 9],22,-1,35,-1,32
1,<environment.Job instance at 0x7f76f2fb0370>,22,2,[6 4],23,-1,34,-1,32
1,<environment.Job instance at 0x7f76f2fb04b0>,23,2,[3 5],24,-1,34,-1,32
1,<environment.Job instance at 0x7f76f2fb0550>,27,2,[2 9],28,-1,50,-1,48
1,<environment.Job instance at 0x7f76f2fb0320>,29,1,[3 6],30,-1,64,-1,63
1,<environment.Job instance at 0x7f76f39d86e0>,33,13,[12  5],34,-1,97,-1,84
1,<environment.Job instance at 0x7f76f39d8230>,36,3,[7 4],37,-1,102,-1,99
1,<environment.Job instance at 0x7f76f39d8280>,37,28,[10  3],38,-1,127,-1,99
1,<environment.Job instance at 0x7f76f39ec2d0>,3,26,[ 3 14],4,-1,30,-1,4
1,<environment.Job instance at 0x7f76f32d2e10>,4,15,[11  5],5,-1,20,-1,5
1,<environment.Job instance at 0x7f76f3c23870>,10,18,[ 4 12],11,-1,29,-1,11
1,<environment.Job instance at 0x7f76f32e2e10>,13,3,[14  5],14,-1,21,-1,18
1,<environment.Job instance at 0x7f76f32e2d70>,15,15,[ 1 10],16,-1,36,-1,21
1,<environment.Job instance at 0x7f76f32e2050>,16,1,[8 1],17,-1,22,-1,21
1,<environment.Job instance at 0x7f76f32c9640>,19,2,[10  4],20,-1,38,-1,36
1,<environment.Job instance at 0x7f76f3db7b40>,20,26,[1 6],21,-1,62,-1,36
1,<environment.Job instance at 0x7f76f3db7be0>,21,23,[5 5],22,-1,62,-1,39
1,<environment.Job instance at 0x7f76f3db7d20>,22,1,[12  2],23,-1,40,-1,39
1,<environment.Job instance at 0x7f76f32cdfa0>,23,15,[14  2],24,-1,54,-1,39
1,<environment.Job instance at 0x7f76f32cd0f0>,25,3,[12  1],26,-1,54,-1,51
1,<environment.Job instance at 0x7f76f32cdcd0>,26,13,[11  4],27,-1,64,-1,51
1,<environment.Job instance at 0x7f76f3d8e190>,27,28,[6 1],28,-1,79,-1,51
1,<environment.Job instance at 0x7f76f32cde60>,28,3,[14  3],29,-1,54,-1,51
1,<environment.Job instance at 0x7f76f32cd1e0>,29,1,[14  5],30,-1,52,-1,51
1,<environment.Job instance at 0x7f76f34e9aa0>,30,27,[10  3],31,-1,78,-1,51
1,<environment.Job instance at 0x7f76f3ca7f00>,31,1,[7 2],32,-1,52,-1,51
1,<environment.Job instance at 0x7f76f34e9d20>,32,2,[3 7],33,-1,53,-1,51
1,<environment.Job instance at 0x7f76f32f7050>,37,26,[3 6],38,-1,123,-1,97
1,<environment.Job instance at 0x7f76f3d73e10>,38,2,[4 7],39,-1,99,-1,97
1,<environment.Job instance at 0x7f76f3d787d0>,39,21,[ 1 12],40,-1,118,-1,97
1,<environment.Job instance at 0x7f76f34d39b0>,41,13,[13  4],42,-1,111,-1,98
1,<environment.Job instance at 0x7f76f34d3d20>,42,24,[10  4],43,-1,122,-1,98
1,<environment.Job instance at 0x7f76f3cace60>,1,19,[ 5 13],2,-1,21,-1,2
1,<environment.Job instance at 0x7f76f3cacaa0>,3,25,[3 9],4,-1,29,-1,4
1,<environment.Job instance at 0x7f76f33f2460>,14,13,[11  4],15,-1,52,-1,39
1,<environment.Job instance at 0x7f76f33f2550>,16,16,[ 2 13],17,-1,64,-1,48
1,<environment.Job instance at 0x7f76f33f2f50>,17,1,[5 8],18,-1,49,-1,48
1,<environment.Job instance at 0x7f76f33f2730>,19,2,[9 3],20,-1,50,-1,48
1,<environment.Job instance at 0x7f76f33f23c0>,21,1,[5 4],22,-1,56,-1,55
1,<environment.Job instance at 0x7f76f33f2d20>,22,23,[9 4],23,-1,78,-1,55
1,<environment.Job instance at 0x7f76f33f2960>,25,1,[10  1],26,-1,77,-1,76
1,<environment.Job instance at 0x7f76f3b408c0>,26,17,[11  2],27,-1,94,-1,77
1,<environment.Job instance at 0x7f76f3b40910>,28,2,[5 9],29,-1,79,-1,77
1,<environment.Job instance at 0x7f76f3b40b40>,29,28,[10  3],30,-1,105,-1,77
1,<environment.Job instance at 0x7f76f3b40b90>,30,28,[10  4],31,-1,105,-1,77
1,<environment.Job instance at 0x7f76f3b40a00>,32,25,[5 7],33,-1,105,-1,80
1,<environment.Job instance at 0x7f76f3b40d70>,33,1,[13  3],34,-1,81,-1,80
1,<environment.Job instance at 0x7f76f3b40dc0>,3,26,[3 8],4,-1,31,-1,5
1,<environment.Job instance at 0x7f76f2f66d20>,4,26,[10  5],5,-1,31,-1,5
1,<environment.Job instance at 0x7f76f2f66eb0>,6,1,[12  4],7,-1,9,-1,8
1,<environment.Job instance at 0x7f76f2f66dc0>,9,24,[5 8],10,-1,34,-1,10
1,<environment.Job instance at 0x7f76f2f535f0>,15,21,[ 5 14],16,-1,47,-1,26
1,<environment.Job instance at 0x7f76f2f53690>,16,21,[ 4 11],17,-1,47,-1,26
1,<environment.Job instance at 0x7f76f2f53730>,17,3,[2 7],18,-1,29,-1,26
1,<environment.Job instance at 0x7f76f2f537d0>,18,23,[8 4],19,-1,49,-1,26
1,<environment.Job instance at 0x7f76f2f53b90>,24,24,[6 2],25,-1,84,-1,60
1,<environment.Job instance at 0x7f76f2f530a0>,26,25,[8 3],27,-1,85,-1,60
1,<environment.Job instance at 0x7f76f2f53e10>,27,15,[11  1],28,-1,75,-1,60
1,<environment.Job instance at 0x7f76f2f534b0>,29,1,[7 4],30,-1,77,-1,76
1,<environment.Job instance at 0x7f76f2f6b1e0>,34,20,[ 5 13],35,-1,111,-1,91
1,<environment.Job instance at 0x7f76f2f6b280>,35,1,[5 1],36,-1,92,-1,91
1,<environment.Job instance at 0x7f76f2f6b280>,2,27,[ 2 10],3,-1,30,-1,3
1,<environment.Job instance at 0x7f76f36730a0>,5,14,[ 5 14],6,-1,20,-1,6
1,<environment.Job instance at 0x7f76f36732d0>,7,25,[9 2],8,-1,33,-1,8
1,<environment.Job instance at 0x7f76f3673140>,9,2,[ 5 13],10,-1,12,-1,10
1,<environment.Job instance at 0x7f76f2d94f50>,12,13,[ 5 13],13,-1,26,-1,13
1,<environment.Job instance at 0x7f76f2d943c0>,19,28,[ 2 10],20,-1,60,-1,32
1,<environment.Job instance at 0x7f76f2d94690>,13,19,[ 3 10],14,-1,58,-1,39
1,<environment.Job instance at 0x7f76f2d94500>,22,21,[ 3 14],23,-1,60,-1,39
1,<environment.Job instance at 0x7f76f38a87d0>,23,21,[ 2 10],24,-1,65,-1,44
1,<environment.Job instance at 0x7f76f2c8f780>,28,3,[9 4],29,-1,84,-1,81
1,<environment.Job instance at 0x7f76f2c8f0f0>,29,2,[7 5],30,-1,83,-1,81
1,<environment.Job instance at 0x7f76f2c8fa00>,32,28,[ 1 13],33,-1,121,-1,93
1,<environment.Job instance at 0x7f76f2c8ff00>,33,19,[ 5 14],34,-1,112,-1,93
1,<environment.Job instance at 0x7f76f341c550>,6,2,[13  2],7,-1,10,-1,8
1,<environment.Job instance at 0x7f76f341c230>,9,26,[5 5],10,-1,36,-1,10
1,<environment.Job instance at 0x7f76f341cdc0>,8,25,[1 6],9,-1,35,-1,10
1,<environment.Job instance at 0x7f76f341cbe0>,11,3,[ 1 10],12,-1,15,-1,12
1,<environment.Job instance at 0x7f76f341c6e0>,12,22,[5 8],13,-1,62,-1,40
1,<environment.Job instance at 0x7f76f3fe15a0>,21,23,[2 6],22,-1,72,-1,49
1,<environment.Job instance at 0x7f76f3fe1050>,22,15,[ 3 13],23,-1,64,-1,49
1,<environment.Job instance at 0x7f76f3fe1a00>,24,22,[6 5],25,-1,80,-1,58
1,<environment.Job instance at 0x7f76f3fe1be0>,25,24,[9 2],26,-1,82,-1,58
1,<environment.Job instance at 0x7f76f3fe1280>,26,13,[11  4],27,-1,71,-1,58
1,<environment.Job instance at 0x7f76f3fe1af0>,27,17,[ 3 12],28,-1,75,-1,58
1,<environment.Job instance at 0x7f76f3fe1d70>,28,2,[7 4],29,-1,60,-1,58
1,<environment.Job instance at 0x7f76f3a95d20>,29,2,[4 6],30,-1,60,-1,58
1,<environment.Job instance at 0x7f76f3a95c80>,30,2,[12  2],31,-1,60,-1,58
1,<environment.Job instance at 0x7f76f3a95fa0>,31,17,[13  5],32,-1,75,-1,58
1,<environment.Job instance at 0x7f76f3a95500>,32,2,[1 6],33,-1,60,-1,58
1,<environment.Job instance at 0x7f76f3a955f0>,34,15,[ 5 12],35,-1,80,-1,65
1,<environment.Job instance at 0x7f76f3a95320>,35,19,[ 4 10],36,-1,84,-1,65
1,<environment.Job instance at 0x7f76f3a95550>,36,3,[3 6],37,-1,68,-1,65
1,<environment.Job instance at 0x7f76f3a95b90>,37,3,[2 9],38,-1,68,-1,65
1,<environment.Job instance at 0x7f76f394e4b0>,39,25,[10  5],40,-1,95,-1,70
1,<environment.Job instance at 0x7f76f394e690>,43,28,[4 6],44,-1,125,-1,97
1,<environment.Job instance at 0x7f76f394e960>,44,26,[2 6],45,-1,123,-1,97
1,<environment.Job instance at 0x7f76f3a7e370>,4,21,[12  1],5,-1,26,-1,5
1,<environment.Job instance at 0x7f76f3a7e910>,5,18,[12  4],6,-1,24,-1,6
1,<environment.Job instance at 0x7f76f4160460>,6,26,[1 9],7,-1,34,-1,8
1,<environment.Job instance at 0x7f76f3a7ed70>,2,19,[11  3],3,-1,28,-1,9
1,<environment.Job instance at 0x7f76f4160320>,10,25,[13  3],11,-1,36,-1,11
1,<environment.Job instance at 0x7f76f4160370>,11,22,[ 5 10],12,-1,34,-1,12
1,<environment.Job instance at 0x7f76fcc4e2d0>,12,13,[ 3 12],13,-1,26,-1,13
1,<environment.Job instance at 0x7f76f4160780>,15,13,[12  1],16,-1,29,-1,16
1,<environment.Job instance at 0x7f76fcc4e780>,16,16,[ 5 11],17,-1,33,-1,17
1,<environment.Job instance at 0x7f76fcc4ef00>,17,16,[11  4],18,-1,34,-1,18
1,<environment.Job instance at 0x7f76f33bbdc0>,18,24,[3 5],19,-1,44,-1,20
1,<environment.Job instance at 0x7f76f33bb6e0>,20,19,[ 5 13],21,-1,40,-1,21
1,<environment.Job instance at 0x7f76f33bb1e0>,21,24,[2 5],22,-1,46,-1,22
1,<environment.Job instance at 0x7f76f33bb0f0>,22,2,[1 9],23,-1,25,-1,23
1,<environment.Job instance at 0x7f76f33bb640>,25,26,[ 3 12],26,-1,52,-1,26
1,<environment.Job instance at 0x7f76f33bb550>,23,14,[5 1],24,-1,41,-1,27
1,<environment.Job instance at 0x7f76f33bbb90>,27,1,[ 2 10],28,-1,29,-1,28
1,<environment.Job instance at 0x7f76f33bb230>,28,16,[13  4],29,-1,45,-1,29
1,<environment.Job instance at 0x7f76f33bb960>,29,28,[2 7],30,-1,58,-1,30
1,<environment.Job instance at 0x7f76f33bb0a0>,30,18,[8 1],31,-1,51,-1,33
1,<environment.Job instance at 0x7f76f33bba00>,31,15,[6 1],32,-1,48,-1,33
1,<environment.Job instance at 0x7f76f33bb4b0>,32,17,[ 3 13],33,-1,50,-1,33
1,<environment.Job instance at 0x7f76f33bb410>,33,28,[3 7],34,-1,62,-1,34
1,<environment.Job instance at 0x7f76f33bb780>,34,20,[11  2],35,-1,55,-1,35
1,<environment.Job instance at 0x7f76f31d0cd0>,37,14,[ 4 10],38,-1,52,-1,38
1,<environment.Job instance at 0x7f76f31d0550>,38,1,[5 5],39,-1,40,-1,39
1,<environment.Job instance at 0x7f76f31d0af0>,39,14,[ 5 13],40,-1,54,-1,40
1,<environment.Job instance at 0x7f76f31d0be0>,45,27,[6 1],46,-1,105,-1,78
1,<environment.Job instance at 0x7f76f31d0d70>,47,22,[1 7],48,-1,107,-1,85
1,<environment.Job instance at 0x7f76f31d0c30>,48,23,[2 6],49,-1,108,-1,85
1,<environment.Job instance at 0x7f76f31d0e60>,5,12,[13  4],6,-1,18,-1,6
1,<environment.Job instance at 0x7f76f3489cd0>,9,2,[ 1 10],10,-1,14,-1,12
1,<environment.Job instance at 0x7f76f3489910>,12,18,[14  2],13,-1,47,-1,29
1,<environment.Job instance at 0x7f76f3741be0>,13,15,[14  3],14,-1,44,-1,29
1,<environment.Job instance at 0x7f76f3741190>,15,17,[12  2],16,-1,50,-1,33
1,<environment.Job instance at 0x7f76f3741550>,16,20,[ 5 12],17,-1,53,-1,33
1,<environment.Job instance at 0x7f76f3741410>,17,28,[ 5 11],18,-1,61,-1,33
1,<environment.Job instance at 0x7f76f3741e10>,19,23,[5 9],20,-1,72,-1,49
1,<environment.Job instance at 0x7f76f351d500>,20,2,[10  2],21,-1,51,-1,49
1,<environment.Job instance at 0x7f76f38da820>,21,28,[14  5],22,-1,77,-1,49
1,<environment.Job instance at 0x7f76f3197960>,23,13,[12  1],24,-1,79,-1,66
1,<environment.Job instance at 0x7f76f3197b90>,24,28,[ 5 11],25,-1,94,-1,66
1,<environment.Job instance at 0x7f76f31970f0>,25,2,[5 3],26,-1,68,-1,66
1,<environment.Job instance at 0x7f76f341cdc0>,27,1,[6 1],28,-1,67,-1,66
1,<environment.Job instance at 0x7f76f3197e60>,30,3,[9 4],31,-1,74,-1,71
1,<environment.Job instance at 0x7f76f3a33b40>,32,13,[ 4 14],33,-1,92,-1,79
1,<environment.Job instance at 0x7f76f3f254b0>,33,2,[8 2],34,-1,81,-1,79
1,<environment.Job instance at 0x7f76f3394320>,36,3,[2 7],37,-1,97,-1,94
1,<environment.Job instance at 0x7f76f3394f50>,37,1,[ 4 12],38,-1,95,-1,94
1,<environment.Job instance at 0x7f76f3394140>,38,3,[10  5],39,-1,97,-1,94
1,<environment.Job instance at 0x7f76f36db0f0>,39,16,[13  1],40,-1,110,-1,94
1,<environment.Job instance at 0x7f76f3678af0>,6,1,[9 1],7,-1,8,-1,7
1,<environment.Job instance at 0x7f76f36780f0>,7,12,[11  4],8,-1,20,-1,8
1,<environment.Job instance at 0x7f76f3678eb0>,9,2,[12  3],10,-1,12,-1,10
1,<environment.Job instance at 0x7f76f3678140>,10,3,[14  2],11,-1,15,-1,12
1,<environment.Job instance at 0x7f76f3678c30>,15,20,[6 1],16,-1,40,-1,20
1,<environment.Job instance at 0x7f76f3678640>,16,14,[11  5],17,-1,34,-1,20
1,<environment.Job instance at 0x7f76f412c690>,17,18,[ 4 12],18,-1,38,-1,20
1,<environment.Job instance at 0x7f76f2806820>,18,24,[ 3 11],19,-1,44,-1,20
1,<environment.Job instance at 0x7f76f3d7f280>,22,12,[13  3],23,-1,54,-1,42
1,<environment.Job instance at 0x7f76f3eba370>,25,27,[12  3],26,-1,88,-1,61
1,<environment.Job instance at 0x7f76f3d95eb0>,27,26,[ 4 11],28,-1,96,-1,70
1,<environment.Job instance at 0x7f76f3516aa0>,30,24,[ 5 12],31,-1,98,-1,74
1,<environment.Job instance at 0x7f76f3516140>,31,2,[1 7],32,-1,76,-1,74
1,<environment.Job instance at 0x7f76f3523d20>,32,3,[ 3 12],33,-1,77,-1,74
1,<environment.Job instance at 0x7f76f37b4aa0>,34,14,[14  5],35,-1,105,-1,91
1,<environment.Job instance at 0x7f76f37b4730>,35,14,[ 3 12],36,-1,105,-1,91
1,<environment.Job instance at 0x7f76f37e6690>,37,19,[ 4 11],38,-1,110,-1,91
1,<environment.Job instance at 0x7f76f2e960a0>,6,20,[11  5],7,-1,30,-1,10
1,<environment.Job instance at 0x7f76f2bae640>,10,27,[ 1 10],11,-1,38,-1,11
1,<environment.Job instance at 0x7f76f2baee60>,11,3,[ 1 11],12,-1,15,-1,12
1,<environment.Job instance at 0x7f76f2bae8c0>,12,25,[ 5 11],13,-1,38,-1,13
1,<environment.Job instance at 0x7f76f2bae5a0>,14,1,[1 7],15,-1,16,-1,15
1,<environment.Job instance at 0x7f76f2bae820>,16,28,[6 3],17,-1,52,-1,24
1,<environment.Job instance at 0x7f76f2baeeb0>,19,19,[ 3 12],20,-1,44,-1,25
1,<environment.Job instance at 0x7f76f2baeaf0>,20,23,[4 5],21,-1,48,-1,25
1,<environment.Job instance at 0x7f76f2bae5f0>,24,17,[12  5],25,-1,75,-1,58
1,<environment.Job instance at 0x7f76f2bae780>,25,28,[11  4],26,-1,86,-1,58
1,<environment.Job instance at 0x7f76f2bae870>,26,1,[4 9],27,-1,59,-1,58
1,<environment.Job instance at 0x7f76f2d0aa00>,27,12,[ 4 14],28,-1,70,-1,58
1,<environment.Job instance at 0x7f76f2d0a500>,29,13,[9 5],30,-1,72,-1,59
1,<environment.Job instance at 0x7f76f2d0ab90>,30,15,[ 4 10],31,-1,74,-1,59
1,<environment.Job instance at 0x7f76f2d0a370>,31,2,[4 9],32,-1,61,-1,59
1,<environment.Job instance at 0x7f76f2d0a910>,32,28,[1 7],33,-1,87,-1,59
1,<environment.Job instance at 0x7f76f2bae0f0>,23,22,[ 2 12],24,-1,81,-1,59
1,<environment.Job instance at 0x7f76f2d0a8c0>,33,18,[ 2 10],34,-1,86,-1,68
1,<environment.Job instance at 0x7f76f2d0aaf0>,35,3,[6 5],36,-1,71,-1,68
1,<environment.Job instance at 0x7f76f2d0a3c0>,37,3,[9 1],38,-1,73,-1,70
1,<environment.Job instance at 0x7f76f3187910>,39,27,[8 5],40,-1,112,-1,85
1,<environment.Job instance at 0x7f76f30bc820>,41,25,[ 1 12],42,-1,110,-1,85
1,<environment.Job instance at 0x7f76fccdabe0>,43,1,[ 2 13],44,-1,86,-1,85
1,<environment.Job instance at 0x7f76fccda5f0>,44,1,[1 8],45,-1,86,-1,85
1,<environment.Job instance at 0x7f76f3fb8c30>,45,17,[13  3],46,-1,102,-1,85
1,<environment.Job instance at 0x7f76f3a450a0>,46,26,[5 4],47,-1,111,-1,85
1,<environment.Job instance at 0x7f76f3a450f0>,47,18,[ 1 11],48,-1,103,-1,85
1,<environment.Job instance at 0x7f76f3fb8050>,48,13,[ 2 12],49,-1,98,-1,85
1,<environment.Job instance at 0x7f76fc750b90>,50,21,[1 7],51,-1,116,-1,95
1,<environment.Job instance at 0x7f76fc750280>,51,3,[7 3],52,-1,98,-1,95
1,<environment.Job instance at 0x7f76f30bccd0>,4,3,[5 2],5,-1,8,-1,5
1,<environment.Job instance at 0x7f76f2e0e820>,5,18,[ 4 12],6,-1,24,-1,6
1,<environment.Job instance at 0x7f76f2dfecd0>,3,20,[ 5 10],4,-1,26,-1,6
1,<environment.Job instance at 0x7f76f364a0a0>,16,2,[8 5],17,-1,30,-1,28
1,<environment.Job instance at 0x7f76f2e2cdc0>,17,14,[14  1],18,-1,42,-1,28
1,<environment.Job instance at 0x7f76f2e12be0>,18,24,[8 5],19,-1,52,-1,28
1,<environment.Job instance at 0x7f76f3650960>,19,3,[14  5],20,-1,31,-1,28
1,<environment.Job instance at 0x7f76f2efc0f0>,23,17,[ 5 13],24,-1,70,-1,53
1,<environment.Job instance at 0x7f76f2efcb90>,24,26,[ 3 14],25,-1,79,-1,53
1,<environment.Job instance at 0x7f76f3678410>,2,23,[ 3 11],3,-1,26,-1,3
1,<environment.Job instance at 0x7f76f32c3690>,3,14,[ 4 13],4,-1,18,-1,4
1,<environment.Job instance at 0x7f76f32c35a0>,4,26,[9 3],5,-1,31,-1,5
1,<environment.Job instance at 0x7f76f32c3960>,7,20,[ 4 14],8,-1,28,-1,8
1,<environment.Job instance at 0x7f76f3f91f00>,10,25,[ 5 12],11,-1,36,-1,11
1,<environment.Job instance at 0x7f76f32c3f00>,14,23,[6 4],15,-1,39,-1,16
1,<environment.Job instance at 0x7f76f32c3c30>,16,20,[ 1 11],17,-1,37,-1,17
1,<environment.Job instance at 0x7f76f32c3fa0>,18,18,[ 5 13],19,-1,41,-1,23
1,<environment.Job instance at 0x7f76f32e3370>,21,28,[1 5],22,-1,64,-1,36
1,<environment.Job instance at 0x7f76f32e3410>,22,3,[9 4],23,-1,39,-1,36
1,<environment.Job instance at 0x7f76f32e35a0>,23,25,[8 1],24,-1,61,-1,36
1,<environment.Job instance at 0x7f76f32e3730>,25,12,[12  3],26,-1,54,-1,42
1,<environment.Job instance at 0x7f76f32e3870>,28,25,[4 5],29,-1,96,-1,71
1,<environment.Job instance at 0x7f76f32e3910>,29,25,[10  3],30,-1,96,-1,71
1,<environment.Job instance at 0x7f76f32e3a50>,31,28,[13  4],32,-1,115,-1,87
1,<environment.Job instance at 0x7f76f32e3af0>,32,20,[13  2],33,-1,107,-1,87
1,<environment.Job instance at 0x7f76f32e3b90>,33,14,[12  3],34,-1,101,-1,87
1,<environment.Job instance at 0x7f76f32e3c30>,34,17,[ 5 13],35,-1,104,-1,87
1,<environment.Job instance at 0x7f76f32e3c80>,2,26,[14  4],3,-1,29,-1,3
1,<environment.Job instance at 0x7f76f396d4b0>,4,23,[ 1 11],5,-1,28,-1,5
1,<environment.Job instance at 0x7f76f39b10a0>,15,1,[3 9],16,-1,27,-1,26
1,<environment.Job instance at 0x7f76f39b16e0>,19,15,[12  3],20,-1,54,-1,39
1,<environment.Job instance at 0x7f76f39b1e60>,24,3,[14  3],25,-1,76,-1,73
1,<environment.Job instance at 0x7f76f39b1eb0>,25,28,[1 7],26,-1,101,-1,73
1,<environment.Job instance at 0x7f76f39b1aa0>,27,14,[ 1 13],28,-1,100,-1,86
1,<environment.Job instance at 0x7f76f39b11e0>,28,1,[3 9],29,-1,87,-1,86
1,<environment.Job instance at 0x7f76f39b10f0>,29,13,[13  5],30,-1,99,-1,86
1,<environment.Job instance at 0x7f76f39b1f00>,30,3,[12  1],31,-1,89,-1,86
1,<environment.Job instance at 0x7f76f3983460>,32,24,[ 2 12],33,-1,111,-1,87
1,<environment.Job instance at 0x7f76f39831e0>,33,1,[3 9],34,-1,88,-1,87
1,<environment.Job instance at 0x7f76f3983050>,34,17,[ 5 14],35,-1,104,-1,87
1,<environment.Job instance at 0x7f76f3983c30>,35,3,[8 2],36,-1,90,-1,87
1,<environment.Job instance at 0x7f76f416db90>,7,3,[7 1],8,-1,12,-1,9
1,<environment.Job instance at 0x7f76f3162cd0>,9,23,[6 3],10,-1,35,-1,12
1,<environment.Job instance at 0x7f76f31625f0>,11,1,[10  3],12,-1,13,-1,12
1,<environment.Job instance at 0x7f76f31622d0>,13,25,[5 8],14,-1,42,-1,17
1,<environment.Job instance at 0x7f76f3162780>,14,26,[5 8],15,-1,43,-1,17
1,<environment.Job instance at 0x7f76f31625a0>,15,14,[11  4],16,-1,31,-1,17
1,<environment.Job instance at 0x7f76f31629b0>,16,16,[14  4],17,-1,33,-1,17
1,<environment.Job instance at 0x7f76f3162d20>,17,14,[8 1],18,-1,39,-1,25
1,<environment.Job instance at 0x7f76f31620f0>,20,23,[5 5],21,-1,50,-1,27
1,<environment.Job instance at 0x7f76f3162140>,21,1,[7 4],22,-1,28,-1,27
1,<environment.Job instance at 0x7f76f30aac30>,28,1,[1 5],29,-1,71,-1,70
1,<environment.Job instance at 0x7f76f30aad20>,29,1,[14  3],30,-1,71,-1,70
1,<environment.Job instance at 0x7f76f30aa5f0>,32,2,[ 2 14],33,-1,92,-1,90
1,<environment.Job instance at 0x7f76f30aa320>,33,12,[10  1],34,-1,102,-1,90
1,<environment.Job instance at 0x7f76f30aafa0>,34,25,[ 1 11],35,-1,115,-1,90
1,<environment.Job instance at 0x7f76f3b4fe60>,35,28,[6 3],36,-1,118,-1,90
1,<environment.Job instance at 0x7f772e1aa4b0>,4,24,[ 3 11],5,-1,29,-1,5
1,<environment.Job instance at 0x7f772e1aa690>,8,24,[ 2 10],9,-1,33,-1,9
1,<environment.Job instance at 0x7f772e1aad20>,14,21,[ 3 11],15,-1,45,-1,24
1,<environment.Job instance at 0x7f772e1aafa0>,16,19,[ 3 10],17,-1,69,-1,50
1,<environment.Job instance at 0x7f772e1ac140>,20,21,[13  5],21,-1,90,-1,69
1,<environment.Job instance at 0x7f772e314550>,6,3,[1 6],7,-1,17,-1,14
1,<environment.Job instance at 0x7f772e314a00>,14,18,[11  5],15,-1,61,-1,43
1,<environment.Job instance at 0x7f772e314d20>,15,14,[14  1],16,-1,57,-1,43
1,<environment.Job instance at 0x7f772e314640>,16,22,[10  1],17,-1,65,-1,43
1,<environment.Job instance at 0x7f772e314b40>,17,1,[1 9],18,-1,44,-1,43
1,<environment.Job instance at 0x7f772dc5b690>,22,23,[ 1 14],23,-1,93,-1,70
1,<environment.Job instance at 0x7f772dc5b5f0>,25,23,[7 3],26,-1,110,-1,87
1,<environment.Job instance at 0x7f772dbb2280>,27,26,[ 1 11],28,-1,113,-1,87
1,<environment.Job instance at 0x7f772d808190>,28,2,[3 6],29,-1,89,-1,87
1,<environment.Job instance at 0x7f772d8f9e10>,29,21,[3 6],30,-1,116,-1,95
1,<environment.Job instance at 0x7f772d810550>,30,17,[ 2 11],31,-1,112,-1,95
1,<environment.Job instance at 0x7f772dc50dc0>,2,28,[7 4],3,-1,31,-1,3
1,<environment.Job instance at 0x7f772d8cf910>,4,28,[4 5],5,-1,33,-1,5
1,<environment.Job instance at 0x7f772d8cf960>,5,23,[8 3],6,-1,30,-1,7
1,<environment.Job instance at 0x7f772d8cfaa0>,8,28,[9 1],9,-1,37,-1,9
1,<environment.Job instance at 0x7f772d8f53c0>,6,1,[3 8],7,-1,12,-1,11
1,<environment.Job instance at 0x7f772d8cf230>,13,12,[11  4],14,-1,26,-1,14
1,<environment.Job instance at 0x7f772d8cfe10>,14,15,[14  3],15,-1,30,-1,15
1,<environment.Job instance at 0x7f772d8cfd70>,15,2,[6 4],16,-1,18,-1,16
1,<environment.Job instance at 0x7f772daac3c0>,16,13,[ 5 13],17,-1,30,-1,17
1,<environment.Job instance at 0x7f772daacd20>,20,24,[11  3],21,-1,50,-1,26
1,<environment.Job instance at 0x7f772daac550>,21,22,[5 8],22,-1,48,-1,26
1,<environment.Job instance at 0x7f772daac320>,24,28,[13  3],25,-1,71,-1,43
1,<environment.Job instance at 0x7f772daf0eb0>,26,3,[3 9],27,-1,62,-1,59
1,<environment.Job instance at 0x7f772daf0f50>,27,18,[ 1 13],28,-1,77,-1,59
1,<environment.Job instance at 0x7f772daf05a0>,28,24,[ 5 11],29,-1,83,-1,59
1,<environment.Job instance at 0x7f772daf0820>,31,16,[ 2 13],32,-1,76,-1,60
1,<environment.Job instance at 0x7f772daf0320>,36,12,[ 3 10],37,-1,101,-1,89
1,<environment.Job instance at 0x7f772daf0280>,37,3,[8 3],38,-1,92,-1,89
1,<environment.Job instance at 0x7f772daf05f0>,38,17,[1 7],39,-1,106,-1,89
1,<environment.Job instance at 0x7f772da849b0>,41,2,[5 1],42,-1,92,-1,90
1,<environment.Job instance at 0x7f772da84780>,42,23,[1 7],43,-1,113,-1,90
1,<environment.Job instance at 0x7f772e0242d0>,43,12,[12  2],44,-1,102,-1,90
1,<environment.Job instance at 0x7f772e6bd370>,45,2,[14  3],46,-1,94,-1,92
1,<environment.Job instance at 0x7f772ddd0370>,46,19,[ 3 14],47,-1,111,-1,92
1,<environment.Job instance at 0x7f772ddd0460>,47,2,[14  5],48,-1,94,-1,92
1,<environment.Job instance at 0x7f772db35b90>,5,24,[6 1],6,-1,31,-1,7
1,<environment.Job instance at 0x7f772db35140>,7,18,[13  2],8,-1,26,-1,8
1,<environment.Job instance at 0x7f772db35370>,8,19,[ 5 13],9,-1,28,-1,9
1,<environment.Job instance at 0x7f772dcfe5f0>,9,28,[3 5],10,-1,38,-1,10
1,<environment.Job instance at 0x7f772dda9a50>,12,26,[5 3],13,-1,48,-1,22
1,<environment.Job instance at 0x7f772dbc02d0>,14,15,[ 3 11],15,-1,37,-1,22
1,<environment.Job instance at 0x7f772e823af0>,16,27,[2 8],17,-1,58,-1,31
1,<environment.Job instance at 0x7f772ddd4280>,17,12,[ 3 11],18,-1,43,-1,31
1,<environment.Job instance at 0x7f772e15b6e0>,20,24,[ 5 11],21,-1,72,-1,48
1,<environment.Job instance at 0x7f772def98c0>,22,27,[4 6],23,-1,75,-1,48
1,<environment.Job instance at 0x7f772dcda4b0>,23,1,[ 2 11],24,-1,49,-1,48
1,<environment.Job instance at 0x7f772dc5b0a0>,25,15,[13  3],26,-1,68,-1,53
1,<environment.Job instance at 0x7f772dc5b280>,26,12,[14  2],27,-1,65,-1,53
1,<environment.Job instance at 0x7f772dbbf320>,27,1,[ 2 11],28,-1,54,-1,53
1,<environment.Job instance at 0x7f772db64140>,29,15,[12  5],30,-1,70,-1,55
1,<environment.Job instance at 0x7f772de6faf0>,30,16,[ 3 12],31,-1,71,-1,55
1,<environment.Job instance at 0x7f772d9be960>,31,16,[ 3 12],32,-1,71,-1,55
1,<environment.Job instance at 0x7f772dd7f4b0>,35,26,[5 4],36,-1,103,-1,77
1,<environment.Job instance at 0x7f772dd7faf0>,36,3,[5 9],37,-1,80,-1,77
1,<environment.Job instance at 0x7f772d8fb1e0>,38,12,[ 2 11],39,-1,102,-1,90
1,<environment.Job instance at 0x7f772dc82a00>,39,3,[2 7],40,-1,93,-1,90
1,<environment.Job instance at 0x7f772dc821e0>,40,13,[ 1 10],41,-1,103,-1,90
1,<environment.Job instance at 0x7f772ddaeaa0>,41,3,[4 7],42,-1,93,-1,90
1,<environment.Job instance at 0x7f772e893230>,1,16,[ 5 13],2,-1,18,-1,2
1,<environment.Job instance at 0x7f772e88acd0>,6,14,[ 3 14],7,-1,21,-1,7
1,<environment.Job instance at 0x7f772e88a1e0>,7,24,[3 9],8,-1,32,-1,8
1,<environment.Job instance at 0x7f772e87c8c0>,12,1,[ 2 11],13,-1,15,-1,14
1,<environment.Job instance at 0x7f772e88dc80>,18,3,[10  3],19,-1,36,-1,33
1,<environment.Job instance at 0x7f772d7a43c0>,6,2,[10  3],7,-1,10,-1,8
1,<environment.Job instance at 0x7f772d7a40f0>,11,27,[14  3],12,-1,39,-1,12
1,<environment.Job instance at 0x7f772d795eb0>,12,18,[ 5 11],13,-1,31,-1,13
1,<environment.Job instance at 0x7f772d795960>,13,3,[1 6],14,-1,17,-1,14
1,<environment.Job instance at 0x7f772d795730>,14,25,[4 9],15,-1,40,-1,15
1,<environment.Job instance at 0x7f772d7950a0>,15,18,[ 1 12],16,-1,34,-1,16
1,<environment.Job instance at 0x7f772d795190>,22,1,[5 1],23,-1,30,-1,29
1,<environment.Job instance at 0x7f772d797460>,23,17,[14  3],24,-1,46,-1,29
1,<environment.Job instance at 0x7f772d797050>,24,28,[5 5],25,-1,57,-1,29
1,<environment.Job instance at 0x7f772d797b40>,25,19,[ 1 12],26,-1,48,-1,29
1,<environment.Job instance at 0x7f772d797cd0>,26,24,[10  2],27,-1,53,-1,29
1,<environment.Job instance at 0x7f772d797640>,27,2,[ 4 13],28,-1,31,-1,29
1,<environment.Job instance at 0x7f772d7977d0>,28,19,[ 5 10],29,-1,87,-1,68
1,<environment.Job instance at 0x7f772d7973c0>,34,12,[ 4 13],35,-1,80,-1,68
1,<environment.Job instance at 0x7f772d78dd20>,35,24,[5 3],36,-1,92,-1,68
1,<environment.Job instance at 0x7f772d78d280>,36,1,[5 7],37,-1,69,-1,68
1,<environment.Job instance at 0x7f772d78dc80>,38,3,[12  3],39,-1,82,-1,79
1,<environment.Job instance at 0x7f772d78df50>,40,12,[13  4],41,-1,91,-1,79
1,<environment.Job instance at 0x7f772d78d690>,45,15,[13  4],46,-1,113,-1,98
1,<environment.Job instance at 0x7f772d78d6e0>,46,3,[9 1],47,-1,101,-1,98
1,<environment.Job instance at 0x7f772d78d780>,47,1,[7 4],48,-1,99,-1,98
1,<environment.Job instance at 0x7f772d78a8c0>,49,26,[14  4],50,-1,129,-1,103
1,<environment.Job instance at 0x7f772d7958c0>,1,17,[ 2 12],2,-1,19,-1,2
1,<environment.Job instance at 0x7f772d7b5d70>,8,2,[ 2 10],9,-1,11,-1,9
1,<environment.Job instance at 0x7f772d7b5cd0>,9,22,[7 5],10,-1,45,-1,23
1,<environment.Job instance at 0x7f772d7b5af0>,12,2,[2 6],13,-1,25,-1,23
1,<environment.Job instance at 0x7f772d7b55a0>,13,24,[1 6],14,-1,47,-1,23
1,<environment.Job instance at 0x7f772d7b5960>,14,16,[14  5],15,-1,39,-1,23
1,<environment.Job instance at 0x7f772ecef500>,16,3,[1 9],17,-1,38,-1,35
1,<environment.Job instance at 0x7f772ecef320>,18,13,[ 4 10],19,-1,63,-1,50
1,<environment.Job instance at 0x7f772ecef550>,20,2,[9 1],21,-1,59,-1,57
1,<environment.Job instance at 0x7f772eceff00>,23,3,[ 1 14],24,-1,65,-1,62
1,<environment.Job instance at 0x7f772ecefaf0>,24,12,[5 1],25,-1,74,-1,62
1,<environment.Job instance at 0x7f772e87cf50>,25,22,[12  2],26,-1,84,-1,62
1,<environment.Job instance at 0x7f772e87cb90>,26,26,[ 2 10],27,-1,88,-1,62
1,<environment.Job instance at 0x7f772e87ce60>,27,14,[12  5],28,-1,76,-1,62
1,<environment.Job instance at 0x7f772e87caa0>,30,3,[1 9],31,-1,79,-1,76
1,<environment.Job instance at 0x7f772e87c0a0>,31,24,[9 3],32,-1,100,-1,76
1,<environment.Job instance at 0x7f772e87ca50>,32,23,[13  5],33,-1,99,-1,76
1,<environment.Job instance at 0x7f772e87cb40>,33,22,[ 4 10],34,-1,99,-1,77
1,<environment.Job instance at 0x7f772e87caf0>,34,20,[ 2 10],35,-1,97,-1,77
1,<environment.Job instance at 0x7f772e87cdc0>,35,2,[12  3],36,-1,79,-1,77
1,<environment.Job instance at 0x7f772e87c050>,36,25,[3 6],37,-1,102,-1,77
1,<environment.Job instance at 0x7f772e87cc30>,37,1,[8 4],38,-1,78,-1,77
1,<environment.Job instance at 0x7f772e87c8c0>,38,13,[12  4],39,-1,90,-1,77
1,<environment.Job instance at 0x7f772e87ca00>,39,27,[9 3],40,-1,104,-1,77
1,<environment.Job instance at 0x7f772e87c690>,41,18,[ 5 12],42,-1,109,-1,91
1,<environment.Job instance at 0x7f772e824e10>,42,2,[ 2 13],43,-1,93,-1,91
1,<environment.Job instance at 0x7f772e8245f0>,43,26,[ 3 14],44,-1,117,-1,91
1,<environment.Job instance at 0x7f772e8244b0>,44,15,[11  5],45,-1,106,-1,91
1,<environment.Job instance at 0x7f772e824050>,45,12,[1 7],46,-1,103,-1,91
1,<environment.Job instance at 0x7f772e8241e0>,47,25,[8 4],48,-1,116,-1,91
1,<environment.Job instance at 0x7f772e824af0>,48,12,[1 8],49,-1,103,-1,91
1,<environment.Job instance at 0x7f772e824410>,49,16,[5 1],50,-1,107,-1,91
1,<environment.Job instance at 0x7f772e824aa0>,50,18,[ 4 12],51,-1,109,-1,91
1,<environment.Job instance at 0x7f772e066c80>,53,3,[14  5],54,-1,112,-1,109
1,<environment.Job instance at 0x7f772db73780>,5,2,[1 6],6,-1,8,-1,6
1,<environment.Job instance at 0x7f772db73aa0>,6,14,[ 4 12],7,-1,21,-1,7
1,<environment.Job instance at 0x7f772db73a00>,7,1,[5 1],8,-1,9,-1,8
1,<environment.Job instance at 0x7f772db73820>,8,27,[ 2 11],9,-1,36,-1,9
1,<environment.Job instance at 0x7f772db73370>,9,3,[2 6],10,-1,13,-1,10
1,<environment.Job instance at 0x7f772db73e10>,12,16,[12  1],13,-1,29,-1,13
1,<environment.Job instance at 0x7f772db73280>,13,26,[9 2],14,-1,40,-1,14
1,<environment.Job instance at 0x7f772d984b40>,15,20,[ 1 13],16,-1,36,-1,16
1,<environment.Job instance at 0x7f772e0d76e0>,19,23,[ 3 10],20,-1,46,-1,23
1,<environment.Job instance at 0x7f772db28690>,21,25,[1 6],22,-1,51,-1,26
1,<environment.Job instance at 0x7f772e0ed4b0>,23,24,[1 9],24,-1,64,-1,40
1,<environment.Job instance at 0x7f772db78c80>,26,3,[ 3 10],27,-1,53,-1,50
1,<environment.Job instance at 0x7f772db78640>,27,1,[7 3],28,-1,51,-1,50
1,<environment.Job instance at 0x7f772db783c0>,28,26,[13  1],29,-1,76,-1,50
1,<environment.Job instance at 0x7f772db78730>,31,19,[ 5 13],32,-1,85,-1,66
1,<environment.Job instance at 0x7f772db830f0>,32,14,[ 2 10],33,-1,80,-1,66
1,<environment.Job instance at 0x7f772db83370>,34,16,[ 3 10],35,-1,86,-1,70
1,<environment.Job instance at 0x7f772db83dc0>,37,17,[ 3 10],38,-1,101,-1,84
1,<environment.Job instance at 0x7f772db83af0>,38,13,[3 9],39,-1,99,-1,86
1,<environment.Job instance at 0x7f772db83780>,39,2,[ 3 10],40,-1,88,-1,86
1,<environment.Job instance at 0x7f772e834eb0>,4,26,[5 5],5,-1,31,-1,5
1,<environment.Job instance at 0x7f772e834730>,6,23,[7 1],7,-1,31,-1,8
1,<environment.Job instance at 0x7f772e8055a0>,8,18,[ 5 10],9,-1,48,-1,30
1,<environment.Job instance at 0x7f772e805730>,13,28,[5 4],14,-1,58,-1,30
1,<environment.Job instance at 0x7f772e805f00>,14,2,[3 8],15,-1,32,-1,30
1,<environment.Job instance at 0x7f772e805fa0>,15,27,[6 3],16,-1,57,-1,30
1,<environment.Job instance at 0x7f772e805320>,16,2,[14  3],17,-1,32,-1,30
1,<environment.Job instance at 0x7f772e805d20>,17,25,[14  5],18,-1,55,-1,30
1,<environment.Job instance at 0x7f772e805e60>,18,2,[ 2 12],19,-1,32,-1,30
1,<environment.Job instance at 0x7f772e805aa0>,19,28,[7 1],20,-1,58,-1,30
1,<environment.Job instance at 0x7f772e805dc0>,20,18,[ 3 14],21,-1,48,-1,30
1,<environment.Job instance at 0x7f772e8050f0>,22,1,[ 1 14],23,-1,33,-1,32
1,<environment.Job instance at 0x7f772e805050>,23,26,[3 8],24,-1,58,-1,32
1,<environment.Job instance at 0x7f772e805b90>,24,26,[10  5],25,-1,58,-1,32
1,<environment.Job instance at 0x7f772e8051e0>,25,2,[3 6],26,-1,34,-1,32
1,<environment.Job instance at 0x7f772e8056e0>,26,1,[12  4],27,-1,33,-1,32
1,<environment.Job instance at 0x7f772e8053c0>,27,24,[1 6],28,-1,56,-1,32
1,<environment.Job instance at 0x7f772e0af6e0>,28,14,[10  2],29,-1,47,-1,33
1,<environment.Job instance at 0x7f772e0af3c0>,29,24,[5 8],30,-1,57,-1,33
1,<environment.Job instance at 0x7f772e0af730>,30,20,[1 8],31,-1,58,-1,38
1,<environment.Job instance at 0x7f772e0afb90>,31,22,[7 2],32,-1,60,-1,38
1,<environment.Job instance at 0x7f772e0afd70>,33,14,[10  2],34,-1,52,-1,38
1,<environment.Job instance at 0x7f772e0af780>,34,21,[4 9],35,-1,59,-1,38
1,<environment.Job instance at 0x7f772e0af7d0>,35,21,[ 5 14],36,-1,59,-1,38
1,<environment.Job instance at 0x7f772e0af0a0>,36,21,[ 4 11],37,-1,59,-1,38
1,<environment.Job instance at 0x7f772e0af1e0>,37,3,[2 7],38,-1,41,-1,38
1,<environment.Job instance at 0x7f772e0afd20>,38,23,[8 4],39,-1,62,-1,39
1,<environment.Job instance at 0x7f772e0af8c0>,39,12,[3 9],40,-1,52,-1,40
1,<environment.Job instance at 0x7f772db83b90>,1,18,[ 2 12],2,-1,20,-1,2
1,<environment.Job instance at 0x7f772e0af4b0>,2,22,[ 2 11],3,-1,25,-1,3
1,<environment.Job instance at 0x7f772d8fa230>,8,24,[2 6],9,-1,33,-1,9
1,<environment.Job instance at 0x7f772d8fb3c0>,13,2,[1 5],14,-1,25,-1,23
1,<environment.Job instance at 0x7f772d8fbbe0>,14,1,[11  5],15,-1,24,-1,23
1,<environment.Job instance at 0x7f772d8eae60>,15,14,[ 5 14],16,-1,37,-1,23
1,<environment.Job instance at 0x7f772d8ea280>,17,25,[9 2],18,-1,48,-1,23
1,<environment.Job instance at 0x7f772d8ea410>,19,2,[ 5 13],20,-1,42,-1,40
1,<environment.Job instance at 0x7f772d8ead70>,21,1,[4 5],22,-1,41,-1,40
1,<environment.Job instance at 0x7f772d8eabe0>,22,13,[ 5 13],23,-1,53,-1,40
1,<environment.Job instance at 0x7f772e48e190>,29,28,[ 2 10],30,-1,115,-1,87
1,<environment.Job instance at 0x7f772e3511e0>,32,21,[ 3 14],33,-1,124,-1,103
1,<environment.Job instance at 0x7f772e351870>,33,21,[ 2 10],34,-1,124,-1,103
1,<environment.Job instance at 0x7f772dc7e730>,6,2,[13  2],7,-1,10,-1,8
1,<environment.Job instance at 0x7f772dc7e3c0>,9,26,[5 5],10,-1,36,-1,10
1,<environment.Job instance at 0x7f772dc7eb40>,10,15,[12  2],11,-1,26,-1,11
1,<environment.Job instance at 0x7f772dc7e780>,11,3,[ 1 10],12,-1,15,-1,12
1,<environment.Job instance at 0x7f772db3fcd0>,25,24,[9 2],26,-1,107,-1,83
1,<environment.Job instance at 0x7f772db3f9b0>,26,13,[11  4],27,-1,96,-1,83
1,<environment.Job instance at 0x7f772db3fe10>,27,17,[ 3 12],28,-1,100,-1,83
1,<environment.Job instance at 0x7f772db3f820>,28,2,[7 4],29,-1,85,-1,83
1,<environment.Job instance at 0x7f772db3f320>,29,2,[4 6],30,-1,85,-1,83
1,<environment.Job instance at 0x7f772db3f7d0>,30,2,[12  2],31,-1,85,-1,83
1,<environment.Job instance at 0x7f772db3ff00>,31,17,[13  5],32,-1,100,-1,83
1,<environment.Job instance at 0x7f772db3f410>,32,2,[1 6],33,-1,85,-1,83
1,<environment.Job instance at 0x7f772db3f910>,34,15,[ 5 12],35,-1,100,-1,85
1,<environment.Job instance at 0x7f77375aafa0>,35,19,[ 4 10],36,-1,105,-1,86
1,<environment.Job instance at 0x7f77375aad70>,36,3,[3 6],37,-1,89,-1,86
1,<environment.Job instance at 0x7f772db786e0>,37,3,[2 9],38,-1,89,-1,86
1,<environment.Job instance at 0x7f772db787d0>,39,25,[10  5],40,-1,124,-1,99
1,<environment.Job instance at 0x7f772dd3c5a0>,1,22,[ 5 10],2,-1,24,-1,2
1,<environment.Job instance at 0x7f772db78cd0>,2,13,[ 3 12],3,-1,16,-1,3
1,<environment.Job instance at 0x7f772ed4a960>,5,13,[12  1],6,-1,19,-1,6
1,<environment.Job instance at 0x7f772ed4ad70>,6,16,[ 5 11],7,-1,23,-1,7
1,<environment.Job instance at 0x7f772ed4a190>,10,19,[ 5 13],11,-1,30,-1,11
1,<environment.Job instance at 0x7f772e64caa0>,11,24,[2 5],12,-1,46,-1,22
1,<environment.Job instance at 0x7f772e64c280>,15,26,[ 3 12],16,-1,48,-1,22
1,<environment.Job instance at 0x7f772e64c6e0>,16,26,[9 2],17,-1,48,-1,22
1,<environment.Job instance at 0x7f772e64c730>,17,1,[ 2 10],18,-1,23,-1,22
1,<environment.Job instance at 0x7f772e64c320>,18,16,[13  4],19,-1,38,-1,22
1,<environment.Job instance at 0x7f772e64c960>,19,28,[2 7],20,-1,50,-1,22
1,<environment.Job instance at 0x7f772e64c910>,20,18,[8 1],21,-1,97,-1,79
1,<environment.Job instance at 0x7f772e625960>,35,27,[6 1],36,-1,129,-1,102
1,<environment.Job instance at 0x7f772df78b90>,4,28,[ 5 11],5,-1,33,-1,5
1,<environment.Job instance at 0x7f772df789b0>,5,2,[5 3],6,-1,9,-1,7
1,<environment.Job instance at 0x7f772df78f50>,7,1,[6 1],8,-1,9,-1,8
1,<environment.Job instance at 0x7f772eaaf230>,10,3,[9 4],11,-1,14,-1,11
1,<environment.Job instance at 0x7f772eaaf140>,12,13,[ 4 14],13,-1,26,-1,13
1,<environment.Job instance at 0x7f772eaaf640>,13,2,[8 2],14,-1,16,-1,14
1,<environment.Job instance at 0x7f772eaafbe0>,16,3,[2 7],17,-1,20,-1,17
1,<environment.Job instance at 0x7f772eaaf050>,17,1,[ 4 12],18,-1,19,-1,18
1,<environment.Job instance at 0x7f772eaafdc0>,18,3,[10  5],19,-1,22,-1,19
1,<environment.Job instance at 0x7f772eaaff50>,19,16,[13  1],20,-1,36,-1,20
1,<environment.Job instance at 0x7f772eaaf280>,22,3,[13  2],23,-1,35,-1,32
1,<environment.Job instance at 0x7f772eaaf0a0>,23,28,[ 1 14],24,-1,60,-1,32
1,<environment.Job instance at 0x7f772eaaf320>,24,18,[ 2 14],25,-1,50,-1,32
1,<environment.Job instance at 0x7f772eaaf730>,25,25,[ 4 10],26,-1,57,-1,32
1,<environment.Job instance at 0x7f772eaaf870>,26,24,[11  5],27,-1,56,-1,32
1,<environment.Job instance at 0x7f772eaaf910>,27,20,[4 8],28,-1,68,-1,48
1,<environment.Job instance at 0x7f77373a4b40>,31,18,[ 5 10],32,-1,70,-1,52
1,<environment.Job instance at 0x7f77373a4820>,33,13,[ 2 14],34,-1,78,-1,65
1,<environment.Job instance at 0x7f77373a49b0>,34,23,[10  1],35,-1,88,-1,65
1,<environment.Job instance at 0x7f77373a40a0>,35,22,[8 1],36,-1,87,-1,65
1,<environment.Job instance at 0x7f77373a4dc0>,36,14,[14  4],37,-1,79,-1,65
1,<environment.Job instance at 0x7f77373a4e10>,37,13,[ 5 14],38,-1,78,-1,65
1,<environment.Job instance at 0x7f77373a4140>,38,27,[3 9],39,-1,92,-1,65
1,<environment.Job instance at 0x7f77373a4d70>,39,28,[3 8],40,-1,93,-1,65
1,<environment.Job instance at 0x7f77373a4550>,40,23,[ 5 10],41,-1,88,-1,65
1,<environment.Job instance at 0x7f77373a44b0>,41,17,[ 1 11],42,-1,82,-1,65
1,<environment.Job instance at 0x7f77373a4a00>,42,12,[2 9],43,-1,77,-1,65
1,<environment.Job instance at 0x7f77373a4c30>,43,1,[ 4 13],44,-1,66,-1,65
1,<environment.Job instance at 0x7f77373a4280>,44,3,[ 5 13],45,-1,68,-1,65
1,<environment.Job instance at 0x7f77373a4370>,45,13,[10  3],46,-1,78,-1,65
1,<environment.Job instance at 0x7f772d97e910>,46,1,[ 1 14],47,-1,66,-1,65
1,<environment.Job instance at 0x7f772d97eaf0>,47,16,[11  4],48,-1,81,-1,65
1,<environment.Job instance at 0x7f772d97e780>,49,3,[8 2],50,-1,68,-1,65
1,<environment.Job instance at 0x7f772d97e7d0>,50,18,[1 9],51,-1,94,-1,76
1,<environment.Job instance at 0x7f772d97e820>,52,14,[ 2 13],53,-1,90,-1,76
1,<environment.Job instance at 0x7f772d97ed70>,53,18,[13  1],54,-1,94,-1,76
1,<environment.Job instance at 0x7f772d97e640>,54,21,[ 2 12],55,-1,97,-1,76
1,<environment.Job instance at 0x7f772d95afa0>,5,14,[ 3 12],6,-1,20,-1,6
1,<environment.Job instance at 0x7f772d95a5a0>,9,2,[11  4],10,-1,12,-1,10
1,<environment.Job instance at 0x7f772d95aa50>,13,1,[ 3 10],14,-1,23,-1,22
1,<environment.Job instance at 0x7f772e2e2d20>,15,14,[ 4 10],16,-1,52,-1,38
1,<environment.Job instance at 0x7f772e2e2690>,16,2,[ 1 11],17,-1,40,-1,38
1,<environment.Job instance at 0x7f772e2e24b0>,17,14,[11  4],18,-1,52,-1,38
1,<environment.Job instance at 0x7f772e2e2aa0>,18,24,[ 4 11],19,-1,62,-1,38
1,<environment.Job instance at 0x7f772e2e2780>,19,24,[4 8],20,-1,62,-1,38
1,<environment.Job instance at 0x7f772e753f50>,32,2,[7 5],33,-1,108,-1,106
1,<environment.Job instance at 0x7f772e7538c0>,33,2,[ 2 10],34,-1,108,-1,106
1,<environment.Job instance at 0x7f772e753730>,34,23,[6 2],35,-1,129,-1,106
1,<environment.Job instance at 0x7f772e753d70>,35,1,[11  4],36,-1,107,-1,106
1,<environment.Job instance at 0x7f772e753fa0>,36,3,[ 1 12],37,-1,109,-1,106
1,<environment.Job instance at 0x7f772e753cd0>,37,14,[12  1],38,-1,120,-1,106
1,<environment.Job instance at 0x7f772d797140>,4,1,[1 8],5,-1,6,-1,5
1,<environment.Job instance at 0x7f772d797d20>,6,26,[5 4],7,-1,33,-1,7
1,<environment.Job instance at 0x7f772d797190>,7,18,[ 1 11],8,-1,26,-1,8
1,<environment.Job instance at 0x7f772d797780>,8,13,[ 2 12],9,-1,22,-1,9
1,<environment.Job instance at 0x7f772e016be0>,14,26,[8 5],15,-1,41,-1,15
1,<environment.Job instance at 0x7f772e016460>,15,25,[5 5],16,-1,41,-1,16
1,<environment.Job instance at 0x7f772e016cd0>,16,26,[8 5],17,-1,43,-1,17
1,<environment.Job instance at 0x7f772e016b90>,17,3,[4 5],18,-1,21,-1,18
1,<environment.Job instance at 0x7f772e016e60>,18,20,[ 1 10],19,-1,39,-1,19
1,<environment.Job instance at 0x7f772e016690>,19,3,[ 2 13],20,-1,23,-1,20
1,<environment.Job instance at 0x7f772e0160f0>,20,22,[4 9],21,-1,44,-1,22
1,<environment.Job instance at 0x7f772e016500>,24,15,[ 3 11],25,-1,46,-1,31
1,<environment.Job instance at 0x7f772dbff7d0>,25,20,[ 4 12],26,-1,51,-1,31
1,<environment.Job instance at 0x7f772dbfffa0>,26,28,[5 8],27,-1,59,-1,31
1,<environment.Job instance at 0x7f772dbff280>,27,17,[ 3 14],28,-1,48,-1,31
1,<environment.Job instance at 0x7f772dbffc80>,28,27,[ 3 10],29,-1,58,-1,31
1,<environment.Job instance at 0x7f772dbff190>,31,22,[ 1 10],32,-1,60,-1,38
1,<environment.Job instance at 0x7f772dbff870>,32,2,[14  1],33,-1,40,-1,38
1,<environment.Job instance at 0x7f772e210910>,34,22,[ 2 10],35,-1,71,-1,49
1,<environment.Job instance at 0x7f772e210fa0>,35,25,[2 8],36,-1,74,-1,49
1,<environment.Job instance at 0x7f772e210960>,39,2,[ 5 11],40,-1,74,-1,72
1,<environment.Job instance at 0x7f772e2100a0>,40,1,[8 2],41,-1,73,-1,72
1,<environment.Job instance at 0x7f772d4adc30>,44,13,[ 3 10],45,-1,111,-1,98
1,<environment.Job instance at 0x7f772da8df50>,5,26,[1 9],6,-1,32,-1,6
1,<environment.Job instance at 0x7f772db15960>,6,28,[9 3],7,-1,35,-1,7
1,<environment.Job instance at 0x7f772dc1ba50>,22,22,[ 1 14],23,-1,115,-1,93
1,<environment.Job instance at 0x7f772e91b050>,4,15,[ 2 13],5,-1,20,-1,5
1,<environment.Job instance at 0x7f772e91b140>,6,13,[ 3 12],7,-1,20,-1,7
1,<environment.Job instance at 0x7f772e91b2d0>,7,14,[ 2 11],8,-1,22,-1,8
1,<environment.Job instance at 0x7f772e91bc80>,8,1,[ 5 14],9,-1,10,-1,9
1,<environment.Job instance at 0x7f772d754640>,12,24,[4 7],13,-1,37,-1,13
1,<environment.Job instance at 0x7f772ecd7a50>,23,14,[9 2],24,-1,89,-1,75
1,<environment.Job instance at 0x7f772ecd79b0>,28,1,[7 2],29,-1,78,-1,77
1,<environment.Job instance at 0x7f772ecd73c0>,29,26,[11  1],30,-1,103,-1,77
1,<environment.Job instance at 0x7f772ecd7050>,30,28,[9 2],31,-1,105,-1,77
1,<environment.Job instance at 0x7f772ecd72d0>,31,21,[12  5],32,-1,98,-1,77
1,<environment.Job instance at 0x7f772ecd70f0>,33,3,[ 2 14],34,-1,89,-1,86
1,<environment.Job instance at 0x7f772e2ff4b0>,1,19,[11  2],2,-1,21,-1,2
1,<environment.Job instance at 0x7f772e2ff780>,2,2,[ 4 14],3,-1,5,-1,3
1,<environment.Job instance at 0x7f772e2ffbe0>,4,15,[13  5],5,-1,20,-1,5
1,<environment.Job instance at 0x7f772e2ff3c0>,6,17,[ 4 10],7,-1,25,-1,8
1,<environment.Job instance at 0x7f772e2ff410>,7,12,[10  1],8,-1,21,-1,9
1,<environment.Job instance at 0x7f772e2fcfa0>,10,27,[ 5 14],11,-1,38,-1,11
1,<environment.Job instance at 0x7f772e2fc320>,11,22,[12  4],12,-1,34,-1,12
1,<environment.Job instance at 0x7f772e2fcc80>,12,2,[13  2],13,-1,15,-1,13
1,<environment.Job instance at 0x7f772e2fcd20>,14,1,[7 1],15,-1,16,-1,15
1,<environment.Job instance at 0x7f772eda4690>,20,25,[7 1],21,-1,47,-1,22
1,<environment.Job instance at 0x7f772eda4b90>,23,3,[ 1 12],24,-1,34,-1,31
1,<environment.Job instance at 0x7f772eda47d0>,24,28,[5 4],25,-1,59,-1,31
1,<environment.Job instance at 0x7f772ddd2a50>,3,2,[14  3],4,-1,6,-1,4
1,<environment.Job instance at 0x7f772ddd2af0>,6,20,[8 3],7,-1,46,-1,26
1,<environment.Job instance at 0x7f772d498c80>,13,27,[2 7],14,-1,53,-1,26
1,<environment.Job instance at 0x7f772d498050>,22,15,[12  2],23,-1,124,-1,109
1,<environment.Job instance at 0x7f772d498aa0>,23,28,[10  2],24,-1,137,-1,109
1,<environment.Job instance at 0x7f772d498550>,24,18,[10  1],25,-1,127,-1,109
1,<environment.Job instance at 0x7f772d498be0>,25,1,[ 1 11],26,-1,110,-1,109
1,<environment.Job instance at 0x7f772e436870>,26,23,[5 5],27,-1,132,-1,109
1,<environment.Job instance at 0x7f772d4980f0>,27,21,[8 2],28,-1,130,-1,109
1,<environment.Job instance at 0x7f772e436c80>,28,2,[8 4],29,-1,111,-1,109
1,<environment.Job instance at 0x7f772e436d20>,29,26,[ 4 13],30,-1,135,-1,109
1,<environment.Job instance at 0x7f772e4362d0>,30,3,[6 3],31,-1,112,-1,109
1,<environment.Job instance at 0x7f772e436140>,31,18,[1 9],32,-1,127,-1,109
1,<environment.Job instance at 0x7f772e436050>,32,12,[ 5 10],33,-1,121,-1,109
1,<environment.Job instance at 0x7f772e436e10>,33,16,[ 1 14],34,-1,125,-1,109
1,<environment.Job instance at 0x7f772e4360f0>,34,20,[1 5],35,-1,129,-1,109
1,<environment.Job instance at 0x7f772e436c30>,35,3,[12  5],36,-1,112,-1,109
1,<environment.Job instance at 0x7f772e436c30>,2,18,[ 1 13],3,-1,21,-1,3
1,<environment.Job instance at 0x7f772dcb91e0>,3,27,[5 1],4,-1,31,-1,4
1,<environment.Job instance at 0x7f772dcb9320>,7,21,[13  2],8,-1,29,-1,8
1,<environment.Job instance at 0x7f772dcb9460>,9,1,[11  5],10,-1,11,-1,10
1,<environment.Job instance at 0x7f772dcb9730>,12,2,[8 4],13,-1,15,-1,13
1,<environment.Job instance at 0x7f772dcb98c0>,13,14,[ 4 10],14,-1,43,-1,29
1,<environment.Job instance at 0x7f772dcb9b40>,17,22,[ 1 10],18,-1,57,-1,35
1,<environment.Job instance at 0x7f772dcb9be0>,18,28,[13  5],19,-1,63,-1,35
1,<environment.Job instance at 0x7f772dcb9c80>,19,23,[9 3],20,-1,59,-1,36
1,<environment.Job instance at 0x7f772dcb9d70>,21,16,[ 3 13],22,-1,54,-1,38
1,<environment.Job instance at 0x7f772dcb9d20>,23,1,[8 2],24,-1,51,-1,50
1,<environment.Job instance at 0x7f772dcb9f50>,24,3,[14  3],25,-1,53,-1,50
1,<environment.Job instance at 0x7f772dca30a0>,27,3,[ 2 10],28,-1,67,-1,64
1,<environment.Job instance at 0x7f772dca31e0>,28,22,[4 7],29,-1,86,-1,64
1,<environment.Job instance at 0x7fdb474c5320>,4,24,[ 3 11],5,-1,29,-1,5
1,<environment.Job instance at 0x7fdb3dd4d7d0>,8,24,[ 2 10],9,-1,33,-1,9
1,<environment.Job instance at 0x7fdb3dd4dd20>,14,21,[ 3 11],15,-1,44,-1,23
1,<environment.Job instance at 0x7fdb3dd4df50>,17,18,[ 5 13],18,-1,60,-1,42
1,<environment.Job instance at 0x7fdb3dd4f1e0>,20,21,[13  5],21,-1,81,-1,60
1,<environment.Job instance at 0x7fdb3dd4f5f0>,27,25,[14  4],28,-1,122,-1,97
1,<environment.Job instance at 0x7fdb3dd4f870>,28,2,[5 8],29,-1,99,-1,97
1,<environment.Job instance at 0x7fdb3dd4f8c0>,29,24,[5 1],30,-1,121,-1,97
1,<environment.Job instance at 0x7fdb3e4020f0>,3,24,[5 6],4,-1,29,-1,5
1,<environment.Job instance at 0x7fdb3e402eb0>,5,14,[14  1],6,-1,20,-1,6
1,<environment.Job instance at 0x7fdb3e402410>,6,22,[10  1],7,-1,36,-1,14
1,<environment.Job instance at 0x7fdb3e402f00>,12,23,[ 1 14],13,-1,37,-1,14
1,<environment.Job instance at 0x7fdb3e402b90>,13,3,[1 7],14,-1,17,-1,14
1,<environment.Job instance at 0x7fdb3d496f00>,20,17,[ 2 11],21,-1,81,-1,64
1,<environment.Job instance at 0x7fdb3d4a2820>,23,3,[1 7],24,-1,85,-1,82
1,<environment.Job instance at 0x7fdb3d3aaeb0>,24,17,[ 3 14],25,-1,99,-1,82
1,<environment.Job instance at 0x7fdb3d49d4b0>,26,25,[5 4],27,-1,111,-1,86
1,<environment.Job instance at 0x7fdb3d49cf00>,27,2,[7 2],28,-1,88,-1,86
1,<environment.Job instance at 0x7fdb3d472050>,28,28,[7 1],29,-1,114,-1,86
1,<environment.Job instance at 0x7fdb3d820d70>,31,24,[12  2],32,-1,121,-1,97
1,<environment.Job instance at 0x7fdb3d820910>,32,26,[ 3 11],33,-1,123,-1,97
1,<environment.Job instance at 0x7fdb3d8257d0>,33,3,[5 5],34,-1,100,-1,97
1,<environment.Job instance at 0x7fdb3d415280>,35,16,[ 1 11],36,-1,113,-1,97
1,<environment.Job instance at 0x7fdb3d7eb910>,37,1,[ 5 12],38,-1,114,-1,113
1,<environment.Job instance at 0x7fdb3d7ebe60>,38,24,[8 5],39,-1,137,-1,113
1,<environment.Job instance at 0x7fdb3d83f2d0>,40,2,[14  2],41,-1,115,-1,113
1,<environment.Job instance at 0x7fdb3d458e10>,1,22,[5 8],2,-1,24,-1,2
1,<environment.Job instance at 0x7fdb3d458280>,4,28,[13  3],5,-1,33,-1,5
1,<environment.Job instance at 0x7fdb3d45cf00>,7,18,[ 1 13],8,-1,26,-1,8
1,<environment.Job instance at 0x7fdb3d45c730>,8,24,[ 5 11],9,-1,33,-1,9
1,<environment.Job instance at 0x7fdb3d45c9b0>,11,16,[ 2 13],12,-1,28,-1,12
1,<environment.Job instance at 0x7fdb3d45c550>,17,3,[8 3],18,-1,32,-1,29
1,<environment.Job instance at 0x7fdb3d3fc140>,27,2,[14  5],28,-1,73,-1,71
1,<environment.Job instance at 0x7fdb3d3fc460>,30,12,[12  4],31,-1,115,-1,103
1,<environment.Job instance at 0x7fdb3d3fc820>,31,22,[6 1],32,-1,125,-1,103
1,<environment.Job instance at 0x7fdb3d3fccd0>,33,21,[5 1],34,-1,125,-1,104
1,<environment.Job instance at 0x7fdb3d3fc7d0>,34,1,[8 5],35,-1,105,-1,104
1,<environment.Job instance at 0x7fdb3d88cd70>,3,27,[5 1],4,-1,31,-1,4
1,<environment.Job instance at 0x7fdb3d88c230>,5,26,[5 4],6,-1,35,-1,9
1,<environment.Job instance at 0x7fdb3d497be0>,10,13,[ 1 10],11,-1,34,-1,21
1,<environment.Job instance at 0x7fdb3d930780>,18,26,[7 4],19,-1,99,-1,73
1,<environment.Job instance at 0x7fdb3da25e10>,22,3,[9 2],23,-1,99,-1,96
1,<environment.Job instance at 0x7fdb3dbe42d0>,5,26,[14  5],6,-1,32,-1,6
1,<environment.Job instance at 0x7fdb3e86d370>,6,1,[8 1],7,-1,9,-1,8
1,<environment.Job instance at 0x7fdb3da8a870>,8,2,[7 2],9,-1,11,-1,9
1,<environment.Job instance at 0x7fdb3da8a320>,9,1,[1 5],10,-1,11,-1,10
1,<environment.Job instance at 0x7fdb3da8ad20>,10,1,[1 6],11,-1,12,-1,11
1,<environment.Job instance at 0x7fdb3da8aeb0>,12,28,[12  4],13,-1,41,-1,13
1,<environment.Job instance at 0x7fdb3da8a820>,13,1,[11  1],14,-1,15,-1,14
1,<environment.Job instance at 0x7fdb3da76320>,17,28,[7 5],18,-1,49,-1,21
1,<environment.Job instance at 0x7fdb3da81b40>,23,24,[1 9],24,-1,81,-1,57
1,<environment.Job instance at 0x7fdb3da81190>,24,25,[ 3 10],25,-1,82,-1,57
1,<environment.Job instance at 0x7fdb3da810f0>,26,1,[2 5],27,-1,63,-1,62
1,<environment.Job instance at 0x7fdb3da812d0>,27,2,[13  5],28,-1,64,-1,62
1,<environment.Job instance at 0x7fdb3da74eb0>,29,18,[11  5],30,-1,92,-1,74
1,<environment.Job instance at 0x7fdb3da74230>,30,28,[7 2],31,-1,102,-1,74
1,<environment.Job instance at 0x7fdb3da74500>,32,25,[5 7],33,-1,107,-1,82
1,<environment.Job instance at 0x7fdb3da90b90>,35,21,[ 5 13],36,-1,115,-1,94
1,<environment.Job instance at 0x7fdb3da907d0>,36,13,[1 9],37,-1,107,-1,94
1,<environment.Job instance at 0x7fdb3da902d0>,38,17,[13  2],39,-1,125,-1,108
1,<environment.Job instance at 0x7fdb3d3075f0>,39,22,[12  5],40,-1,130,-1,108
1,<environment.Job instance at 0x7fdb3e437460>,40,23,[7 1],41,-1,131,-1,108
1,<environment.Job instance at 0x7fdb3d307870>,42,2,[2 5],43,-1,113,-1,111
1,<environment.Job instance at 0x7fdb3d308500>,3,24,[9 2],4,-1,28,-1,4
1,<environment.Job instance at 0x7fdb3d3070a0>,2,18,[14  1],3,-1,23,-1,5
1,<environment.Job instance at 0x7fdb3d307eb0>,5,15,[ 5 11],6,-1,21,-1,6
1,<environment.Job instance at 0x7fdb3d307d70>,6,27,[2 7],7,-1,34,-1,7
1,<environment.Job instance at 0x7fdb3d307410>,8,16,[ 3 12],9,-1,25,-1,9
1,<environment.Job instance at 0x7fdb3d307fa0>,9,12,[ 3 12],10,-1,22,-1,10
1,<environment.Job instance at 0x7fdb3d307500>,10,13,[ 3 12],11,-1,24,-1,11
1,<environment.Job instance at 0x7fdb3d3070f0>,11,24,[ 4 10],12,-1,36,-1,12
1,<environment.Job instance at 0x7fdb3d307f00>,12,25,[11  2],13,-1,38,-1,13
1,<environment.Job instance at 0x7fdb3e435eb0>,22,2,[6 4],23,-1,30,-1,28
1,<environment.Job instance at 0x7fdb3e4350a0>,23,2,[3 5],24,-1,30,-1,28
1,<environment.Job instance at 0x7fdb3e435c80>,27,2,[2 9],28,-1,47,-1,45
1,<environment.Job instance at 0x7fdb3d315dc0>,33,13,[12  5],34,-1,87,-1,74
1,<environment.Job instance at 0x7fdb3d315870>,37,28,[10  3],38,-1,117,-1,89
1,<environment.Job instance at 0x7fdb3d315780>,41,16,[12  2],42,-1,134,-1,118
1,<environment.Job instance at 0x7fdb3d315910>,42,15,[ 5 12],43,-1,133,-1,118
1,<environment.Job instance at 0x7fdb3d315cd0>,43,2,[2 9],44,-1,120,-1,118
1,<environment.Job instance at 0x7fdb3d3155a0>,44,2,[13  3],45,-1,120,-1,118
1,<environment.Job instance at 0x7fdb3d3156e0>,45,1,[8 1],46,-1,119,-1,118
1,<environment.Job instance at 0x7fdb3d315b40>,46,15,[13  3],47,-1,133,-1,118
1,<environment.Job instance at 0x7fdb3da90460>,3,15,[14  2],4,-1,19,-1,4
1,<environment.Job instance at 0x7fdb3db7b4b0>,7,28,[6 1],8,-1,37,-1,9
1,<environment.Job instance at 0x7fdb3db7b6e0>,9,1,[14  5],10,-1,11,-1,10
1,<environment.Job instance at 0x7fdb3db7beb0>,10,27,[10  3],11,-1,38,-1,11
1,<environment.Job instance at 0x7fdb3db7b1e0>,11,1,[7 2],12,-1,14,-1,13
1,<environment.Job instance at 0x7fdb3db7bc30>,21,13,[13  4],22,-1,60,-1,47
1,<environment.Job instance at 0x7fdb3db7baa0>,22,24,[10  4],23,-1,73,-1,49
1,<environment.Job instance at 0x7fdb3db7b460>,24,17,[ 2 11],25,-1,78,-1,61
1,<environment.Job instance at 0x7fdb3e0e25a0>,29,2,[ 2 13],30,-1,84,-1,82
1,<environment.Job instance at 0x7fdb3e0e2370>,30,14,[ 1 13],31,-1,96,-1,82
1,<environment.Job instance at 0x7fdb46e6fcd0>,4,12,[11  2],5,-1,17,-1,5
1,<environment.Job instance at 0x7fdb3d470690>,7,21,[11  1],8,-1,29,-1,8
1,<environment.Job instance at 0x7fdb3d4704b0>,8,1,[ 5 10],9,-1,10,-1,9
1,<environment.Job instance at 0x7fdb3d470870>,9,24,[8 3],10,-1,34,-1,10
1,<environment.Job instance at 0x7fdb3d470730>,10,14,[11  2],11,-1,25,-1,11
1,<environment.Job instance at 0x7fdb3d4705f0>,11,23,[ 5 10],12,-1,35,-1,12
1,<environment.Job instance at 0x7fdb3d470a50>,12,25,[ 2 14],13,-1,38,-1,13
1,<environment.Job instance at 0x7fdb3d470eb0>,13,12,[ 3 13],14,-1,26,-1,14
1,<environment.Job instance at 0x7fdb3dc79410>,23,13,[11  2],24,-1,90,-1,77
1,<environment.Job instance at 0x7fdb3d479b40>,24,13,[12  3],25,-1,90,-1,77
1,<environment.Job instance at 0x7fdb3d479e10>,26,1,[10  5],27,-1,80,-1,79
1,<environment.Job instance at 0x7fdb3d48cfa0>,28,24,[14  3],29,-1,103,-1,79
1,<environment.Job instance at 0x7fdb3d479a00>,29,25,[ 5 10],30,-1,104,-1,79
1,<environment.Job instance at 0x7fdb3d479f50>,30,16,[ 3 12],31,-1,95,-1,79
1,<environment.Job instance at 0x7fdb3dc8a550>,2,28,[ 2 14],3,-1,31,-1,3
1,<environment.Job instance at 0x7fdb3e524aa0>,3,28,[5 1],4,-1,32,-1,4
1,<environment.Job instance at 0x7fdb3e5245f0>,6,21,[ 1 11],7,-1,28,-1,7
1,<environment.Job instance at 0x7fdb3e53deb0>,14,1,[ 2 13],15,-1,26,-1,25
1,<environment.Job instance at 0x7fdb3e53d550>,15,17,[11  4],16,-1,43,-1,26
1,<environment.Job instance at 0x7fdb3e53d140>,16,27,[ 4 13],17,-1,53,-1,26
1,<environment.Job instance at 0x7fdb3e53dd70>,17,15,[14  1],18,-1,41,-1,26
1,<environment.Job instance at 0x7fdb3e53db40>,20,3,[7 3],21,-1,47,-1,44
1,<environment.Job instance at 0x7fdb3e53d730>,21,26,[ 4 10],22,-1,70,-1,44
1,<environment.Job instance at 0x7fdb3e53d2d0>,22,1,[3 6],23,-1,45,-1,44
1,<environment.Job instance at 0x7fdb3e53d0a0>,25,25,[5 5],26,-1,86,-1,61
1,<environment.Job instance at 0x7fdb3e53d9b0>,26,26,[2 9],27,-1,87,-1,61
1,<environment.Job instance at 0x7fdb3e53dc30>,27,22,[5 3],28,-1,91,-1,69
1,<environment.Job instance at 0x7fdb3e7864b0>,28,15,[12  4],29,-1,84,-1,69
1,<environment.Job instance at 0x7fdb3e786500>,29,27,[10  3],30,-1,96,-1,69
1,<environment.Job instance at 0x7fdb3e7862d0>,30,1,[ 1 11],31,-1,70,-1,69
1,<environment.Job instance at 0x7fdb3e786b40>,31,18,[ 2 12],32,-1,87,-1,69
1,<environment.Job instance at 0x7fdb3e786320>,32,22,[ 2 11],33,-1,91,-1,69
1,<environment.Job instance at 0x7fdb3e786be0>,33,23,[8 4],34,-1,92,-1,69
1,<environment.Job instance at 0x7fdb3e7865f0>,34,1,[2 5],35,-1,70,-1,69
1,<environment.Job instance at 0x7fdb3e786640>,35,28,[ 4 10],36,-1,97,-1,69
1,<environment.Job instance at 0x7fdb3e786c30>,37,3,[5 6],38,-1,74,-1,71
1,<environment.Job instance at 0x7fdb3e786dc0>,38,24,[2 6],39,-1,95,-1,71
1,<environment.Job instance at 0x7fdb3e7869b0>,42,27,[ 2 10],43,-1,121,-1,94
1,<environment.Job instance at 0x7fdb3e786eb0>,43,2,[1 5],44,-1,96,-1,94
1,<environment.Job instance at 0x7fdb3e786870>,44,1,[11  5],45,-1,95,-1,94
1,<environment.Job instance at 0x7fdb3e786aa0>,45,14,[ 5 14],46,-1,108,-1,94
1,<environment.Job instance at 0x7fdb3e75d1e0>,47,25,[9 2],48,-1,122,-1,97
1,<environment.Job instance at 0x7fdb3e75df50>,49,2,[ 5 13],50,-1,112,-1,110
1,<environment.Job instance at 0x7fdb3e75d460>,51,1,[4 5],52,-1,113,-1,112
1,<environment.Job instance at 0x7fdb3e75db40>,52,13,[ 5 13],53,-1,125,-1,112
1,<environment.Job instance at 0x7fdb3e8e29b0>,6,15,[ 3 13],7,-1,22,-1,7
1,<environment.Job instance at 0x7fdb3d43e0a0>,9,28,[9 4],10,-1,39,-1,11
1,<environment.Job instance at 0x7fdb3e8faf50>,16,3,[7 5],17,-1,40,-1,37
1,<environment.Job instance at 0x7fdb3e8faa50>,18,26,[6 1],19,-1,73,-1,47
1,<environment.Job instance at 0x7fdb3e8faa00>,19,3,[ 5 14],20,-1,50,-1,47
1,<environment.Job instance at 0x7fdb3e8fac80>,20,3,[14  4],21,-1,50,-1,47
1,<environment.Job instance at 0x7fdb3e8f0d20>,24,3,[8 5],25,-1,75,-1,72
1,<environment.Job instance at 0x7fdb3e8f0730>,25,12,[ 1 10],26,-1,84,-1,72
1,<environment.Job instance at 0x7fdb3e91ecd0>,26,2,[13  2],27,-1,74,-1,72
1,<environment.Job instance at 0x7fdb3e8f0d70>,27,15,[10  2],28,-1,87,-1,72
1,<environment.Job instance at 0x7fdb3e8fc9b0>,28,25,[1 6],29,-1,97,-1,72
1,<environment.Job instance at 0x7fdb3e8fc320>,29,26,[5 5],30,-1,98,-1,72
1,<environment.Job instance at 0x7fdb3e8f0870>,30,15,[12  2],31,-1,87,-1,72
1,<environment.Job instance at 0x7fdb3e5127d0>,31,3,[ 1 10],32,-1,75,-1,72
1,<environment.Job instance at 0x7fdb3e875410>,32,22,[5 8],33,-1,95,-1,73
1,<environment.Job instance at 0x7fdb3e4f8460>,34,14,[14  4],35,-1,89,-1,75
1,<environment.Job instance at 0x7fdb3e1386e0>,35,3,[4 8],36,-1,78,-1,75
1,<environment.Job instance at 0x7fdb3e54fb40>,36,17,[7 1],37,-1,92,-1,75
1,<environment.Job instance at 0x7fdb3e13bb40>,37,1,[2 8],38,-1,76,-1,75
1,<environment.Job instance at 0x7fdb3e517370>,38,23,[3 6],39,-1,98,-1,75
1,<environment.Job instance at 0x7fdb3e127b40>,39,14,[1 7],40,-1,100,-1,86
1,<environment.Job instance at 0x7fdb3e88e9b0>,41,23,[2 6],42,-1,109,-1,86
1,<environment.Job instance at 0x7fdb3e4f3b40>,42,15,[ 3 13],43,-1,101,-1,86
1,<environment.Job instance at 0x7fdb3e505b90>,44,22,[6 5],45,-1,109,-1,87
1,<environment.Job instance at 0x7fdb3e54af00>,45,24,[9 2],46,-1,111,-1,87
1,<environment.Job instance at 0x7fdb3e5050a0>,46,13,[11  4],47,-1,100,-1,87
1,<environment.Job instance at 0x7fdb3e51bfa0>,47,17,[ 3 12],48,-1,104,-1,87
1,<environment.Job instance at 0x7fdb3e915780>,48,2,[7 4],49,-1,89,-1,87
1,<environment.Job instance at 0x7fdb3e9158c0>,49,2,[4 6],50,-1,89,-1,87
1,<environment.Job instance at 0x7fdb3e129aa0>,50,2,[12  2],51,-1,89,-1,87
1,<environment.Job instance at 0x7fdb3e538050>,51,17,[13  5],52,-1,104,-1,87
1,<environment.Job instance at 0x7fdb3e129820>,52,2,[1 6],53,-1,89,-1,87
1,<environment.Job instance at 0x7fdb3e1143c0>,54,15,[ 5 12],55,-1,106,-1,91
1,<environment.Job instance at 0x7fdb3e5387d0>,55,19,[ 4 10],56,-1,110,-1,91
1,<environment.Job instance at 0x7fdb3e140c30>,56,3,[3 6],57,-1,94,-1,91
1,<environment.Job instance at 0x7fdb3e140a50>,57,3,[2 9],58,-1,94,-1,91
1,<environment.Job instance at 0x7fdb3e140c80>,59,25,[10  5],60,-1,128,-1,103
1,<environment.Job instance at 0x7fdb3e140aa0>,3,18,[ 5 11],4,-1,22,-1,4
1,<environment.Job instance at 0x7fdb3de75e60>,4,21,[12  1],5,-1,26,-1,5
1,<environment.Job instance at 0x7fdb3de752d0>,5,18,[12  4],6,-1,24,-1,6
1,<environment.Job instance at 0x7fdb3de75190>,6,26,[1 9],7,-1,33,-1,7
1,<environment.Job instance at 0x7fdb3de75aa0>,9,26,[13  5],10,-1,36,-1,10
1,<environment.Job instance at 0x7fdb3de754b0>,10,25,[13  3],11,-1,36,-1,11
1,<environment.Job instance at 0x7fdb3de750f0>,11,22,[ 5 10],12,-1,34,-1,12
1,<environment.Job instance at 0x7fdb3de75a00>,12,13,[ 3 12],13,-1,26,-1,13
1,<environment.Job instance at 0x7fdb3d753be0>,15,13,[12  1],16,-1,29,-1,16
1,<environment.Job instance at 0x7fdb3de75730>,16,16,[ 5 11],17,-1,34,-1,18
1,<environment.Job instance at 0x7fdb3de924b0>,18,24,[3 5],19,-1,43,-1,19
1,<environment.Job instance at 0x7fdb3de927d0>,19,20,[8 1],20,-1,59,-1,39
1,<environment.Job instance at 0x7fdb3de92c30>,25,26,[ 3 12],26,-1,65,-1,39
1,<environment.Job instance at 0x7fdb3de92eb0>,26,26,[9 2],27,-1,65,-1,39
1,<environment.Job instance at 0x7fdb3de920a0>,27,1,[ 2 10],28,-1,40,-1,39
1,<environment.Job instance at 0x7fdb3de92460>,28,16,[13  4],29,-1,55,-1,39
1,<environment.Job instance at 0x7fdb3de92af0>,29,28,[2 7],30,-1,67,-1,39
1,<environment.Job instance at 0x7fdb3de92190>,32,17,[ 3 13],33,-1,66,-1,49
1,<environment.Job instance at 0x7fdb3de92370>,33,28,[3 7],34,-1,77,-1,49
1,<environment.Job instance at 0x7fdb3de92960>,34,20,[11  2],35,-1,69,-1,49
1,<environment.Job instance at 0x7fdb3de92550>,37,14,[ 4 10],38,-1,85,-1,71
1,<environment.Job instance at 0x7fdb3de923c0>,38,1,[5 5],39,-1,72,-1,71
1,<environment.Job instance at 0x7fdb3de92dc0>,39,14,[ 5 13],40,-1,85,-1,71
1,<environment.Job instance at 0x7fdb3d7b2b90>,42,21,[5 1],43,-1,107,-1,86
1,<environment.Job instance at 0x7fdb3d7b2410>,43,2,[8 2],44,-1,88,-1,86
1,<environment.Job instance at 0x7fdb3d7b2140>,44,20,[11  4],45,-1,106,-1,86
1,<environment.Job instance at 0x7fdb3d7b2870>,45,27,[6 1],46,-1,113,-1,86
1,<environment.Job instance at 0x7fdb3d188cd0>,4,28,[ 5 11],5,-1,33,-1,5
1,<environment.Job instance at 0x7fdb3d188a50>,3,13,[12  1],4,-1,18,-1,5
1,<environment.Job instance at 0x7fdb3d1886e0>,10,3,[9 4],11,-1,14,-1,11
1,<environment.Job instance at 0x7fdb3d1887d0>,12,13,[ 4 14],13,-1,26,-1,13
1,<environment.Job instance at 0x7fdb3d3c57d0>,24,18,[ 2 14],25,-1,80,-1,62
1,<environment.Job instance at 0x7fdb3d3c5c80>,25,25,[ 4 10],26,-1,87,-1,62
1,<environment.Job instance at 0x7fdb3d3c5e10>,26,24,[11  5],27,-1,86,-1,62
1,<environment.Job instance at 0x7fdb471117d0>,6,2,[ 1 11],7,-1,9,-1,7
1,<environment.Job instance at 0x7fdb471112d0>,7,14,[11  4],8,-1,25,-1,11
1,<environment.Job instance at 0x7fdb3e5944b0>,19,18,[12  1],20,-1,69,-1,51
1,<environment.Job instance at 0x7fdb3e594d20>,22,2,[7 5],23,-1,68,-1,66
1,<environment.Job instance at 0x7fdb3e594e10>,23,2,[ 2 10],24,-1,68,-1,66
1,<environment.Job instance at 0x7fdb3e594230>,24,23,[6 2],25,-1,89,-1,66
1,<environment.Job instance at 0x7fdb3e594f50>,25,1,[11  4],26,-1,67,-1,66
1,<environment.Job instance at 0x7fdb3e594320>,26,3,[ 1 12],27,-1,69,-1,66
1,<environment.Job instance at 0x7fdb3e594730>,27,14,[12  1],28,-1,80,-1,66
1,<environment.Job instance at 0x7fdb46f425f0>,31,3,[4 5],32,-1,85,-1,82
1,<environment.Job instance at 0x7fdb46f42690>,32,2,[ 1 11],33,-1,84,-1,82
1,<environment.Job instance at 0x7fdb46f42410>,33,1,[3 6],34,-1,83,-1,82
1,<environment.Job instance at 0x7fdb46f42f50>,34,18,[12  5],35,-1,100,-1,82
1,<environment.Job instance at 0x7fdb46f42b40>,35,20,[13  1],36,-1,102,-1,82
1,<environment.Job instance at 0x7fdb46f421e0>,36,17,[ 5 13],37,-1,99,-1,82
1,<environment.Job instance at 0x7fdb46f42730>,38,23,[4 8],39,-1,116,-1,93
1,<environment.Job instance at 0x7fdb3e86ea50>,5,20,[ 4 12],6,-1,26,-1,6
1,<environment.Job instance at 0x7fdb3e86ec80>,4,15,[ 3 11],5,-1,21,-1,6
1,<environment.Job instance at 0x7fdb3db40500>,6,28,[5 8],7,-1,35,-1,7
1,<environment.Job instance at 0x7fdb3db40cd0>,7,17,[ 3 14],8,-1,25,-1,8
1,<environment.Job instance at 0x7fdb3db40370>,8,27,[ 3 10],9,-1,36,-1,9
1,<environment.Job instance at 0x7fdb3db404b0>,15,25,[2 8],16,-1,52,-1,27
1,<environment.Job instance at 0x7fdb46f5f230>,19,2,[ 5 11],20,-1,49,-1,47
1,<environment.Job instance at 0x7fdb46f5fc80>,20,1,[8 2],21,-1,48,-1,47
1,<environment.Job instance at 0x7fdb46f5f280>,24,13,[ 3 10],25,-1,89,-1,76
1,<environment.Job instance at 0x7fdb46f5f4b0>,26,24,[14  3],27,-1,112,-1,88
1,<environment.Job instance at 0x7fdb46f5f500>,29,2,[13  4],30,-1,105,-1,103
1,<environment.Job instance at 0x7fdb46f5fb90>,30,22,[12  2],31,-1,125,-1,103
1,<environment.Job instance at 0x7fdb46f5f9b0>,32,2,[14  5],33,-1,108,-1,106
1,<environment.Job instance at 0x7fdb46f5fcd0>,33,28,[ 3 11],34,-1,134,-1,106
1,<environment.Job instance at 0x7fdb46f5f780>,34,12,[ 2 14],35,-1,118,-1,106
1,<environment.Job instance at 0x7fdb3d9cf460>,35,18,[14  4],36,-1,124,-1,106
1,<environment.Job instance at 0x7fdb3d9cfeb0>,36,14,[12  5],37,-1,120,-1,106
1,<environment.Job instance at 0x7fdb3d9cffa0>,37,28,[9 4],38,-1,134,-1,106
1,<environment.Job instance at 0x7fdb3d9cfd20>,38,28,[13  4],39,-1,134,-1,106
1,<environment.Job instance at 0x7fdb3d9cfd70>,39,16,[ 3 13],40,-1,122,-1,106
1,<environment.Job instance at 0x7fdb3d9cf8c0>,40,3,[6 5],41,-1,109,-1,106
1,<environment.Job instance at 0x7fdb3d9cf1e0>,41,1,[ 2 13],42,-1,107,-1,106
1,<environment.Job instance at 0x7fdb3d9cf190>,43,20,[ 5 10],44,-1,138,-1,118
1,<environment.Job instance at 0x7fdb3d9cf500>,44,3,[5 2],45,-1,121,-1,118
1,<environment.Job instance at 0x7fdb3d9cfdc0>,45,18,[ 4 12],46,-1,136,-1,118
1,<environment.Job instance at 0x7fdb3d9cfb90>,2,24,[2 9],3,-1,27,-1,3
1,<environment.Job instance at 0x7fdb3e222690>,3,12,[ 2 12],4,-1,16,-1,4
1,<environment.Job instance at 0x7fdb3e222550>,5,20,[ 3 11],6,-1,26,-1,6
1,<environment.Job instance at 0x7fdb3e222960>,6,1,[1 9],7,-1,9,-1,8
1,<environment.Job instance at 0x7fdb3e222af0>,8,1,[1 5],9,-1,10,-1,9
1,<environment.Job instance at 0x7fdb3e2223c0>,10,2,[ 3 14],11,-1,13,-1,11
1,<environment.Job instance at 0x7fdb3e222e10>,12,27,[7 4],13,-1,40,-1,13
1,<environment.Job instance at 0x7fdb3d226f50>,14,2,[7 4],15,-1,17,-1,15
1,<environment.Job instance at 0x7fdb3d226b40>,15,2,[2 6],16,-1,18,-1,16
1,<environment.Job instance at 0x7fdb3d226be0>,17,24,[6 3],18,-1,42,-1,18
1,<environment.Job instance at 0x7fdb3d226730>,18,28,[2 8],19,-1,47,-1,19
1,<environment.Job instance at 0x7fdb3d226870>,19,13,[12  3],20,-1,33,-1,20
1,<environment.Job instance at 0x7fdb3d2266e0>,21,20,[8 1],22,-1,43,-1,23
1,<environment.Job instance at 0x7fdb3d226a50>,23,14,[ 4 13],24,-1,38,-1,24
1,<environment.Job instance at 0x7fdb3d2261e0>,24,26,[9 3],25,-1,51,-1,25
1,<environment.Job instance at 0x7fdb3d226190>,25,16,[ 5 10],26,-1,42,-1,26
1,<environment.Job instance at 0x7fdb3e439870>,29,14,[12  5],30,-1,48,-1,34
1,<environment.Job instance at 0x7fdb3e439f50>,30,25,[ 5 12],31,-1,59,-1,34
1,<environment.Job instance at 0x7fdb3e4391e0>,31,13,[5 4],32,-1,47,-1,34
1,<environment.Job instance at 0x7fdb3e4393c0>,32,2,[14  2],33,-1,36,-1,34
1,<environment.Job instance at 0x7fdb3e439550>,34,23,[6 4],35,-1,70,-1,47
1,<environment.Job instance at 0x7fdb3e439280>,36,20,[ 1 11],37,-1,71,-1,51
1,<environment.Job instance at 0x7fdb3e439820>,37,13,[ 2 10],38,-1,64,-1,51
1,<environment.Job instance at 0x7fdb3e4395f0>,38,18,[ 5 13],39,-1,69,-1,51
1,<environment.Job instance at 0x7fdb3e439a00>,39,14,[6 2],40,-1,65,-1,51
1,<environment.Job instance at 0x7fdb3e439230>,40,13,[6 5],41,-1,65,-1,52
1,<environment.Job instance at 0x7fdb3e439500>,41,28,[1 5],42,-1,80,-1,52
1,<environment.Job instance at 0x7fdb3e439410>,42,3,[9 4],43,-1,55,-1,52
1,<environment.Job instance at 0x7fdb3e4396e0>,43,25,[8 1],44,-1,77,-1,52
1,<environment.Job instance at 0x7fdb3e4390a0>,44,18,[ 1 10],45,-1,70,-1,52
1,<environment.Job instance at 0x7fdb3d6714b0>,45,12,[12  3],46,-1,64,-1,52
1,<environment.Job instance at 0x7fdb3d671690>,46,21,[7 4],47,-1,84,-1,63
1,<environment.Job instance at 0x7fdb3d6710a0>,47,20,[3 9],48,-1,84,-1,64
1,<environment.Job instance at 0x7fdb3d671be0>,48,25,[4 5],49,-1,89,-1,64
1,<environment.Job instance at 0x7fdb3d671320>,49,25,[10  3],50,-1,89,-1,64
1,<environment.Job instance at 0x7fdb3d671190>,51,28,[13  4],52,-1,92,-1,64
1,<environment.Job instance at 0x7fdb3d671b40>,52,20,[13  2],53,-1,84,-1,64
1,<environment.Job instance at 0x7fdb3d671910>,53,14,[12  3],54,-1,78,-1,64
1,<environment.Job instance at 0x7fdb3d671280>,54,17,[ 5 13],55,-1,81,-1,64
1,<environment.Job instance at 0x7fdb3d96e320>,55,13,[9 3],56,-1,77,-1,64
1,<environment.Job instance at 0x7fdb3d96e460>,56,18,[13  4],57,-1,82,-1,64
1,<environment.Job instance at 0x7fdb3d96e550>,57,20,[7 3],58,-1,97,-1,77
1,<environment.Job instance at 0x7fdb3d96ec80>,58,12,[ 3 10],59,-1,89,-1,77
1,<environment.Job instance at 0x7fdb3d96e190>,59,16,[ 2 11],60,-1,93,-1,77
1,<environment.Job instance at 0x7fdb3d96e960>,60,1,[8 4],61,-1,78,-1,77
1,<environment.Job instance at 0x7fdb3d96e1e0>,61,25,[2 5],62,-1,102,-1,77
1,<environment.Job instance at 0x7fdb3d96eeb0>,62,3,[4 8],63,-1,80,-1,77
1,<environment.Job instance at 0x7fdb3d96ed20>,64,2,[3 9],65,-1,81,-1,79
1,<environment.Job instance at 0x7fdb3d96e7d0>,65,1,[5 5],66,-1,80,-1,79
1,<environment.Job instance at 0x7fdb3d96e050>,66,17,[7 1],67,-1,96,-1,79
1,<environment.Job instance at 0x7fdb3d96eaf0>,67,15,[2 8],68,-1,94,-1,79
1,<environment.Job instance at 0x7fdb3d96e0a0>,68,23,[ 3 14],69,-1,102,-1,79
1,<environment.Job instance at 0x7fdb3d96eaa0>,69,21,[ 5 13],70,-1,100,-1,79
1,<environment.Job instance at 0x7fdb3d96e690>,70,16,[ 3 14],71,-1,95,-1,79
1,<environment.Job instance at 0x7fdb3d96e910>,72,14,[11  3],73,-1,110,-1,96
1,<environment.Job instance at 0x7fdb3d96e9b0>,73,18,[7 3],74,-1,114,-1,96
1,<environment.Job instance at 0x7fdb3d96e280>,74,13,[14  1],75,-1,109,-1,96
1,<environment.Job instance at 0x7fdb3d96ed70>,75,18,[1 5],76,-1,114,-1,96
1,<environment.Job instance at 0x7fdb3e2826e0>,76,22,[1 6],77,-1,118,-1,96
1,<environment.Job instance at 0x7fdb3e282410>,77,16,[ 2 10],78,-1,112,-1,96
1,<environment.Job instance at 0x7fdb3e2829b0>,78,18,[3 9],79,-1,114,-1,96
1,<environment.Job instance at 0x7fdb3e282640>,80,15,[1 5],81,-1,111,-1,96
1,<environment.Job instance at 0x7fdb3e282050>,81,24,[5 2],82,-1,120,-1,96
1,<environment.Job instance at 0x7fdb3e282be0>,82,3,[11  2],83,-1,99,-1,96
1,<environment.Job instance at 0x7fdb3e282550>,83,22,[ 4 10],84,-1,118,-1,96
1,<environment.Job instance at 0x7fdb3e282910>,84,15,[ 2 13],85,-1,111,-1,96
1,<environment.Job instance at 0x7fdb3d435d20>,86,13,[ 3 12],87,-1,123,-1,110
1,<environment.Job instance at 0x7fdb3d435e10>,87,14,[ 2 11],88,-1,124,-1,110
1,<environment.Job instance at 0x7fdb3d435410>,88,1,[ 5 14],89,-1,111,-1,110
1,<environment.Job instance at 0x7fdb3d435230>,89,16,[2 6],90,-1,126,-1,110
1,<environment.Job instance at 0x7fdb3d435640>,90,26,[10  4],91,-1,136,-1,110
1,<environment.Job instance at 0x7fdb3d435dc0>,92,24,[4 7],93,-1,134,-1,110
1,<environment.Job instance at 0x7fdb3d4353c0>,93,12,[6 2],94,-1,122,-1,110
1,<environment.Job instance at 0x7fdb3d435960>,94,15,[1 8],95,-1,125,-1,110
1,<environment.Job instance at 0x7fdb3ddd7a00>,95,2,[3 8],96,-1,112,-1,110
1,<environment.Job instance at 0x7fdb3def4280>,96,15,[9 1],97,-1,125,-1,110
1,<environment.Job instance at 0x7fdb3dedb410>,97,12,[10  4],98,-1,122,-1,110
1,<environment.Job instance at 0x7fdb3e065140>,2,26,[14  4],3,-1,29,-1,3
1,<environment.Job instance at 0x7fdb3ddb9a50>,4,23,[ 1 11],5,-1,28,-1,5
1,<environment.Job instance at 0x7fdb3dedb410>,6,1,[8 1],7,-1,9,-1,8
1,<environment.Job instance at 0x7fdb3ddb9a00>,10,1,[9 5],11,-1,12,-1,11
1,<environment.Job instance at 0x7fdb3ddd7a00>,12,22,[4 7],13,-1,44,-1,22
1,<environment.Job instance at 0x7fdb3ddd7b90>,15,1,[3 9],16,-1,23,-1,22
1,<environment.Job instance at 0x7fdb3ddd70f0>,19,15,[12  3],20,-1,48,-1,33
1,<environment.Job instance at 0x7fdb3ddd7230>,24,3,[14  3],25,-1,68,-1,65
1,<environment.Job instance at 0x7fdb3ddd7410>,25,28,[1 7],26,-1,93,-1,65
1,<environment.Job instance at 0x7fdb3ddd7f00>,27,14,[ 1 13],28,-1,90,-1,76
1,<environment.Job instance at 0x7fdb3db6d820>,28,1,[3 9],29,-1,77,-1,76
1,<environment.Job instance at 0x7fdb3db6dcd0>,29,13,[13  5],30,-1,89,-1,76
1,<environment.Job instance at 0x7fdb3db6daa0>,30,3,[12  1],31,-1,79,-1,76
1,<environment.Job instance at 0x7fdb3db6d960>,32,24,[ 2 12],33,-1,100,-1,76
1,<environment.Job instance at 0x7fdb3db6d4b0>,33,1,[3 9],34,-1,77,-1,76
1,<environment.Job instance at 0x7fdb3db6d5a0>,34,17,[ 5 14],35,-1,93,-1,76
1,<environment.Job instance at 0x7fdb3db6d9b0>,35,3,[8 2],36,-1,79,-1,76
1,<environment.Job instance at 0x7fdb3db6d230>,37,28,[ 3 13],38,-1,120,-1,92
1,<environment.Job instance at 0x7fdb3db6d730>,39,2,[14  1],40,-1,94,-1,92
1,<environment.Job instance at 0x7fdb3db6ddc0>,41,12,[ 4 12],42,-1,106,-1,94
1,<environment.Job instance at 0x7fdb3db6daf0>,42,12,[12  5],43,-1,106,-1,94
1,<environment.Job instance at 0x7fdb3db6d370>,43,13,[ 2 10],44,-1,107,-1,94
1,<environment.Job instance at 0x7fdb3db6dfa0>,44,14,[12  2],45,-1,108,-1,94
1,<environment.Job instance at 0x7fdb3ddf2640>,45,3,[6 4],46,-1,97,-1,94
1,<environment.Job instance at 0x7fdb3ddf2fa0>,46,15,[ 1 12],47,-1,109,-1,94
1,<environment.Job instance at 0x7fdb3d55d550>,6,16,[11  2],7,-1,30,-1,14
1,<environment.Job instance at 0x7fdb3e06d5f0>,12,2,[ 2 14],13,-1,21,-1,19
1,<environment.Job instance at 0x7fdb3e299550>,13,12,[10  1],14,-1,45,-1,33
1,<environment.Job instance at 0x7fdb3e299cd0>,15,28,[6 3],16,-1,61,-1,33
1,<environment.Job instance at 0x7fdb3cffb370>,18,3,[ 5 13],19,-1,53,-1,50
1,<environment.Job instance at 0x7fdb3cffb690>,19,27,[6 2],20,-1,77,-1,50
1,<environment.Job instance at 0x7fdb3cffb1e0>,20,3,[5 2],21,-1,53,-1,50
1,<environment.Job instance at 0x7fdb3cffb910>,22,18,[ 5 13],23,-1,71,-1,53
1,<environment.Job instance at 0x7fdb3cffbaa0>,24,23,[3 8],25,-1,88,-1,65
1,<environment.Job instance at 0x7fdb3cffbdc0>,25,16,[ 2 13],26,-1,81,-1,65
1,<environment.Job instance at 0x7fdb3cffb780>,26,24,[7 1],27,-1,89,-1,65
1,<environment.Job instance at 0x7fdb3e27cc80>,31,27,[ 4 13],32,-1,115,-1,88
1,<environment.Job instance at 0x7fdb3e27c690>,33,18,[ 2 13],34,-1,118,-1,100
1,<environment.Job instance at 0x7fdb3e27cd70>,34,1,[6 1],35,-1,101,-1,100
1,<environment.Job instance at 0x7fdb46f817d0>,35,17,[11  1],36,-1,117,-1,100
1,<environment.Job instance at 0x7fdb46f81460>,36,13,[12  1],37,-1,113,-1,100
1,<environment.Job instance at 0x7fdb46f815a0>,37,3,[6 1],38,-1,103,-1,100
1,<environment.Job instance at 0x7fdb46f819b0>,39,1,[9 3],40,-1,101,-1,100
1,<environment.Job instance at 0x7fdb46f81a00>,40,22,[8 2],41,-1,141,-1,119
1,<environment.Job instance at 0x7fdb46f814b0>,43,19,[ 1 11],44,-1,138,-1,119
1,<environment.Job instance at 0x7fdb3dfb80a0>,1,2,[ 5 14],2,-1,4,-1,2
1,<environment.Job instance at 0x7fdb3d067870>,5,12,[ 5 11],6,-1,18,-1,6
1,<environment.Job instance at 0x7fdb3d067c30>,4,13,[12  3],5,-1,19,-1,6
1,<environment.Job instance at 0x7fdb3df56870>,9,23,[4 8],10,-1,34,-1,11
1,<environment.Job instance at 0x7fdb3df56a50>,14,2,[14  1],15,-1,23,-1,21
1,<environment.Job instance at 0x7fdb3df568c0>,15,18,[ 1 11],16,-1,39,-1,21
1,<environment.Job instance at 0x7fdb3df569b0>,16,2,[14  5],17,-1,23,-1,21
1,<environment.Job instance at 0x7fdb3df561e0>,18,2,[12  5],19,-1,37,-1,35
1,<environment.Job instance at 0x7fdb3df56730>,20,2,[ 2 12],21,-1,37,-1,35
1,<environment.Job instance at 0x7fdb3df55a50>,22,2,[3 5],23,-1,53,-1,51
1,<environment.Job instance at 0x7fdb3df554b0>,23,2,[3 6],24,-1,53,-1,51
1,<environment.Job instance at 0x7fdb3df55500>,26,2,[ 3 14],27,-1,69,-1,67
1,<environment.Job instance at 0x7fdb3df55b40>,27,17,[ 1 11],28,-1,84,-1,67
1,<environment.Job instance at 0x7fdb3de03460>,30,15,[14  2],31,-1,82,-1,67
1,<environment.Job instance at 0x7fdb3e6c25a0>,35,3,[14  4],36,-1,101,-1,98
1,<environment.Job instance at 0x7fdb3e3fa230>,36,25,[5 8],37,-1,123,-1,98
1,<environment.Job instance at 0x7fdb3ddc20a0>,37,28,[3 6],38,-1,126,-1,98
1,<environment.Job instance at 0x7fdb3e865960>,2,26,[5 3],3,-1,29,-1,3
1,<environment.Job instance at 0x7fdb3e865370>,7,24,[ 4 14],8,-1,32,-1,8
1,<environment.Job instance at 0x7fdb3e865640>,9,1,[2 6],10,-1,12,-1,11
1,<environment.Job instance at 0x7fdb3d35ad20>,15,2,[8 2],16,-1,26,-1,24
1,<environment.Job instance at 0x7fdb3e865e10>,16,13,[1 8],17,-1,37,-1,24
1,<environment.Job instance at 0x7fdb3d35a910>,17,20,[5 2],18,-1,44,-1,24
1,<environment.Job instance at 0x7fdb3d35aeb0>,18,15,[ 4 10],19,-1,39,-1,24
1,<environment.Job instance at 0x7fdb3d35a640>,23,28,[7 2],24,-1,100,-1,72
1,<environment.Job instance at 0x7fdb3d35a730>,27,22,[1 9],28,-1,121,-1,99
1,<environment.Job instance at 0x7fdb3e242230>,29,1,[ 4 10],30,-1,100,-1,99
1,<environment.Job instance at 0x7fdb3e242910>,31,16,[10  1],32,-1,129,-1,113
1,<environment.Job instance at 0x7fdb3e242f00>,32,28,[6 5],33,-1,141,-1,113
1,<environment.Job instance at 0x7fdb3e242280>,33,17,[14  3],34,-1,130,-1,113
1,<environment.Job instance at 0x7fdb3e2426e0>,34,19,[ 5 12],35,-1,132,-1,113
1,<environment.Job instance at 0x7fdb3e2425a0>,35,27,[2 8],36,-1,140,-1,113
1,<environment.Job instance at 0x7fdb3e242780>,36,2,[ 3 13],37,-1,115,-1,113
1,<environment.Job instance at 0x7fdb3e242690>,38,1,[9 4],39,-1,114,-1,113
1,<environment.Job instance at 0x7fdb3dbb1820>,1,17,[14  2],2,-1,19,-1,2
1,<environment.Job instance at 0x7fdb3e2429b0>,2,23,[3 7],3,-1,26,-1,3
1,<environment.Job instance at 0x7fdb3d6a4550>,4,15,[13  1],5,-1,20,-1,5
1,<environment.Job instance at 0x7fdb3d6a4910>,7,25,[3 9],8,-1,34,-1,9
1,<environment.Job instance at 0x7fdb3d6a4af0>,11,16,[ 1 12],12,-1,28,-1,12
1,<environment.Job instance at 0x7fdb3d6a4b40>,13,27,[7 4],14,-1,41,-1,14
1,<environment.Job instance at 0x7fdb3d6a4fa0>,17,13,[ 2 13],18,-1,39,-1,26
1,<environment.Job instance at 0x7fdb3d69a280>,21,28,[1 7],22,-1,68,-1,40
1,<environment.Job instance at 0x7fdb3d69a500>,25,25,[6 5],26,-1,106,-1,81
1,<environment.Job instance at 0x7fdb3d69a190>,26,25,[4 7],27,-1,106,-1,81
1,<environment.Job instance at 0x7fdb3d69a690>,27,2,[ 5 11],28,-1,83,-1,81
1,<environment.Job instance at 0x7fdb3d69a780>,28,16,[ 4 12],29,-1,97,-1,81
1,<environment.Job instance at 0x7fdb3d69a820>,29,15,[12  5],30,-1,96,-1,81
1,<environment.Job instance at 0x7fdb3d69a8c0>,30,22,[14  5],31,-1,103,-1,81
1,<environment.Job instance at 0x7fdb3d69aa00>,32,26,[9 2],33,-1,119,-1,93
1,<environment.Job instance at 0x7fdb3d69ab40>,34,12,[13  2],35,-1,105,-1,93
1,<environment.Job instance at 0x7fdb3d69ac80>,36,12,[12  4],37,-1,115,-1,103
1,<environment.Job instance at 0x7fdb3d69adc0>,38,27,[8 5],39,-1,133,-1,106
1,<environment.Job instance at 0x7fdb3d69ae60>,39,15,[12  4],40,-1,121,-1,106
1,<environment.Job instance at 0x7fdb3d69a0f0>,41,18,[ 1 13],42,-1,133,-1,115
1,<environment.Job instance at 0x7f664270f320>,4,24,[ 3 11],5,-1,29,-1,5
1,<environment.Job instance at 0x7f6638f97be0>,11,1,[8 4],12,-1,18,-1,17
1,<environment.Job instance at 0x7f6638f97c80>,12,13,[ 2 12],13,-1,30,-1,17
1,<environment.Job instance at 0x7f6638f97b90>,14,21,[ 3 11],15,-1,38,-1,17
1,<environment.Job instance at 0x7f6638f97af0>,17,18,[ 5 13],18,-1,54,-1,36
1,<environment.Job instance at 0x7f6638f9b0f0>,20,21,[13  5],21,-1,75,-1,54
1,<environment.Job instance at 0x7f6638f9b780>,27,25,[14  4],28,-1,114,-1,89
1,<environment.Job instance at 0x7f6638f9b820>,28,2,[5 8],29,-1,91,-1,89
1,<environment.Job instance at 0x7f6638f9b8c0>,29,24,[5 1],30,-1,113,-1,89
1,<environment.Job instance at 0x7f66393bb5a0>,2,23,[ 1 14],3,-1,26,-1,3
1,<environment.Job instance at 0x7f6638660d20>,3,3,[1 7],4,-1,7,-1,4
1,<environment.Job instance at 0x7f66393b55a0>,10,17,[ 2 11],11,-1,28,-1,11
1,<environment.Job instance at 0x7f66393b5d70>,13,3,[1 7],14,-1,32,-1,29
1,<environment.Job instance at 0x7f66393b59b0>,14,17,[ 3 14],15,-1,46,-1,29
1,<environment.Job instance at 0x7f66393b5910>,16,25,[5 4],17,-1,58,-1,33
1,<environment.Job instance at 0x7f66393b5aa0>,17,2,[7 2],18,-1,35,-1,33
1,<environment.Job instance at 0x7f66390894b0>,18,28,[7 1],19,-1,61,-1,33
1,<environment.Job instance at 0x7f6639089f50>,21,24,[12  2],22,-1,68,-1,44
1,<environment.Job instance at 0x7f6639089b90>,22,26,[ 3 11],23,-1,70,-1,44
1,<environment.Job instance at 0x7f6639089500>,23,3,[5 5],24,-1,47,-1,44
1,<environment.Job instance at 0x7f66390890f0>,25,16,[ 1 11],26,-1,60,-1,44
1,<environment.Job instance at 0x7f6639089e10>,27,1,[ 5 12],28,-1,61,-1,60
1,<environment.Job instance at 0x7f6639089cd0>,28,24,[8 5],29,-1,84,-1,60
1,<environment.Job instance at 0x7f66386bb640>,30,2,[14  2],31,-1,62,-1,60
1,<environment.Job instance at 0x7f6638a73dc0>,33,20,[14  2],34,-1,109,-1,89
1,<environment.Job instance at 0x7f66387866e0>,35,2,[ 1 14],36,-1,105,-1,103
1,<environment.Job instance at 0x7f663867de10>,36,16,[12  1],37,-1,119,-1,103
1,<environment.Job instance at 0x7f66386e0cd0>,37,15,[ 4 14],38,-1,118,-1,103
1,<environment.Job instance at 0x7f66389a8d70>,39,3,[ 5 11],40,-1,119,-1,116
1,<environment.Job instance at 0x7f66386e7af0>,40,22,[11  3],41,-1,138,-1,116
1,<environment.Job instance at 0x7f66386c15f0>,6,19,[ 3 14],7,-1,26,-1,7
1,<environment.Job instance at 0x7f66386c14b0>,13,21,[5 1],14,-1,53,-1,32
1,<environment.Job instance at 0x7f66386c1960>,18,27,[ 3 13],19,-1,76,-1,49
1,<environment.Job instance at 0x7f66386c11e0>,19,20,[14  3],20,-1,69,-1,49
1,<environment.Job instance at 0x7f66386c1190>,20,3,[5 4],21,-1,52,-1,49
1,<environment.Job instance at 0x7f663877cf50>,21,14,[ 4 13],22,-1,63,-1,49
1,<environment.Job instance at 0x7f663877c5f0>,22,1,[ 5 14],23,-1,50,-1,49
1,<environment.Job instance at 0x7f663877c460>,24,2,[10  1],25,-1,64,-1,62
1,<environment.Job instance at 0x7f663877c9b0>,26,28,[14  3],27,-1,90,-1,62
1,<environment.Job instance at 0x7f663877c690>,27,24,[ 4 11],28,-1,86,-1,62
1,<environment.Job instance at 0x7f663877c4b0>,28,3,[11  1],29,-1,65,-1,62
1,<environment.Job instance at 0x7f663877cd20>,30,2,[9 1],31,-1,67,-1,65
1,<environment.Job instance at 0x7f663877c1e0>,31,22,[ 1 10],32,-1,87,-1,65
1,<environment.Job instance at 0x7f663877c140>,33,24,[2 7],34,-1,98,-1,74
1,<environment.Job instance at 0x7f663877ce10>,34,25,[5 5],35,-1,99,-1,74
1,<environment.Job instance at 0x7f663877cdc0>,35,3,[5 3],36,-1,77,-1,74
1,<environment.Job instance at 0x7f6638785190>,37,26,[7 1],38,-1,109,-1,83
1,<environment.Job instance at 0x7f6638785640>,38,18,[12  1],39,-1,101,-1,83
1,<environment.Job instance at 0x7f6638785f00>,39,15,[ 1 13],40,-1,98,-1,83
1,<environment.Job instance at 0x7f6638785320>,40,1,[11  3],41,-1,84,-1,83
1,<environment.Job instance at 0x7f6638785370>,42,2,[8 1],43,-1,91,-1,89
1,<environment.Job instance at 0x7f6638785d20>,43,1,[10  2],44,-1,90,-1,89
1,<environment.Job instance at 0x7f6638785780>,44,16,[ 2 11],45,-1,105,-1,89
1,<environment.Job instance at 0x7f6638785550>,45,24,[8 2],46,-1,113,-1,89
1,<environment.Job instance at 0x7f66394a9a50>,50,26,[4 7],51,-1,151,-1,125
1,<environment.Job instance at 0x7f663966d370>,51,25,[10  5],52,-1,150,-1,125
1,<environment.Job instance at 0x7f6639b8e5f0>,52,1,[8 5],53,-1,126,-1,125
1,<environment.Job instance at 0x7f6638ab64b0>,3,27,[9 1],4,-1,31,-1,4
1,<environment.Job instance at 0x7f6638eb97d0>,8,27,[ 2 12],9,-1,36,-1,9
1,<environment.Job instance at 0x7f6638af0be0>,13,26,[12  3],14,-1,52,-1,26
1,<environment.Job instance at 0x7f6638a731e0>,14,12,[ 1 10],15,-1,38,-1,26
1,<environment.Job instance at 0x7f6638a737d0>,15,17,[ 4 13],16,-1,43,-1,26
1,<environment.Job instance at 0x7f6638ae9fa0>,17,28,[1 9],18,-1,54,-1,26
1,<environment.Job instance at 0x7f663872feb0>,18,26,[7 3],19,-1,52,-1,26
1,<environment.Job instance at 0x7f6638ae9a50>,20,2,[1 6],21,-1,42,-1,40
1,<environment.Job instance at 0x7f6642620910>,23,18,[14  3],24,-1,74,-1,56
1,<environment.Job instance at 0x7f6638998d20>,28,25,[9 1],29,-1,105,-1,80
1,<environment.Job instance at 0x7f66387337d0>,29,3,[3 5],30,-1,83,-1,80
1,<environment.Job instance at 0x7f6638a855a0>,32,23,[2 8],33,-1,119,-1,96
1,<environment.Job instance at 0x7f6638c18aa0>,33,16,[11  1],34,-1,112,-1,96
1,<environment.Job instance at 0x7f6638c18d70>,34,2,[2 8],35,-1,98,-1,96
1,<environment.Job instance at 0x7f6638f3dcd0>,35,14,[11  5],36,-1,110,-1,96
1,<environment.Job instance at 0x7f6639332960>,36,13,[ 1 11],37,-1,109,-1,96
1,<environment.Job instance at 0x7f6639332be0>,37,3,[5 9],38,-1,99,-1,96
1,<environment.Job instance at 0x7f6638c1bc30>,38,25,[6 1],39,-1,121,-1,96
1,<environment.Job instance at 0x7f6638c1b870>,39,15,[ 3 12],40,-1,111,-1,96
1,<environment.Job instance at 0x7f6638c1b460>,40,18,[13  2],41,-1,114,-1,96
1,<environment.Job instance at 0x7f6638c1bdc0>,41,1,[5 7],42,-1,97,-1,96
1,<environment.Job instance at 0x7f6638aa8640>,42,12,[10  3],43,-1,108,-1,96
1,<environment.Job instance at 0x7f6638aa8780>,43,28,[11  3],44,-1,124,-1,96
1,<environment.Job instance at 0x7f6638aa8d70>,45,28,[ 4 10],46,-1,124,-1,96
1,<environment.Job instance at 0x7f6638aa8b40>,46,2,[5 3],47,-1,98,-1,96
1,<environment.Job instance at 0x7f6638649aa0>,50,3,[ 2 10],51,-1,115,-1,112
1,<environment.Job instance at 0x7f6638649eb0>,51,16,[ 5 13],52,-1,128,-1,112
1,<environment.Job instance at 0x7f6638649d20>,52,3,[9 1],53,-1,115,-1,112
1,<environment.Job instance at 0x7f66389f7be0>,53,24,[5 6],54,-1,136,-1,112
1,<environment.Job instance at 0x7f66389f7d70>,54,2,[3 5],55,-1,114,-1,112
1,<environment.Job instance at 0x7f66389f72d0>,56,14,[ 3 14],57,-1,142,-1,128
1,<environment.Job instance at 0x7f6638e28b40>,8,14,[ 5 14],9,-1,23,-1,9
1,<environment.Job instance at 0x7f6638e28500>,9,1,[10  1],10,-1,11,-1,10
1,<environment.Job instance at 0x7f6638e283c0>,10,12,[8 1],11,-1,28,-1,16
1,<environment.Job instance at 0x7f6638e28140>,12,25,[11  2],13,-1,41,-1,16
1,<environment.Job instance at 0x7f6638e28280>,13,15,[ 3 12],14,-1,31,-1,16
1,<environment.Job instance at 0x7f6638e28d20>,14,17,[ 3 10],15,-1,37,-1,20
1,<environment.Job instance at 0x7f6638e33140>,16,13,[10  5],17,-1,34,-1,21
1,<environment.Job instance at 0x7f6638e28f50>,17,23,[9 5],18,-1,44,-1,21
1,<environment.Job instance at 0x7f6638e33280>,18,23,[8 1],19,-1,44,-1,21
1,<environment.Job instance at 0x7f6638e33e10>,20,15,[ 5 14],21,-1,45,-1,30
1,<environment.Job instance at 0x7f6638e0f230>,21,1,[9 1],22,-1,31,-1,30
1,<environment.Job instance at 0x7f6638e0fd70>,24,3,[11  3],25,-1,45,-1,42
1,<environment.Job instance at 0x7f6638e0fe60>,27,27,[8 1],28,-1,81,-1,54
1,<environment.Job instance at 0x7f6638e0f320>,30,2,[5 5],31,-1,76,-1,74
1,<environment.Job instance at 0x7f6638e09c80>,31,23,[5 7],32,-1,97,-1,74
1,<environment.Job instance at 0x7f6638e0f280>,32,3,[1 6],33,-1,77,-1,74
1,<environment.Job instance at 0x7f6638e1b870>,33,15,[ 2 14],34,-1,89,-1,74
1,<environment.Job instance at 0x7f6638e1b690>,34,3,[4 9],35,-1,77,-1,74
1,<environment.Job instance at 0x7f6638e1b190>,35,12,[ 2 10],36,-1,86,-1,74
1,<environment.Job instance at 0x7f6638e1b050>,36,2,[10  3],37,-1,76,-1,74
1,<environment.Job instance at 0x7f6638e1bf50>,37,12,[ 3 13],38,-1,86,-1,74
1,<environment.Job instance at 0x7f6638e1bc30>,41,27,[14  3],42,-1,121,-1,94
1,<environment.Job instance at 0x7f6638e0e0a0>,42,18,[ 5 11],43,-1,112,-1,94
1,<environment.Job instance at 0x7f6639ac7aa0>,43,3,[1 6],44,-1,97,-1,94
1,<environment.Job instance at 0x7f663865fbe0>,44,25,[4 9],45,-1,119,-1,94
1,<environment.Job instance at 0x7f6638e01aa0>,45,18,[ 1 12],46,-1,112,-1,94
1,<environment.Job instance at 0x7f66385b7eb0>,47,12,[6 1],48,-1,118,-1,106
1,<environment.Job instance at 0x7f663857ce10>,48,2,[ 3 10],49,-1,108,-1,106
1,<environment.Job instance at 0x7f663967cc30>,49,3,[5 1],50,-1,109,-1,106
1,<environment.Job instance at 0x7f6638584cd0>,50,2,[11  4],51,-1,108,-1,106
1,<environment.Job instance at 0x7f6638e09a00>,52,1,[5 1],53,-1,121,-1,120
1,<environment.Job instance at 0x7f6638581730>,53,17,[14  3],54,-1,137,-1,120
1,<environment.Job instance at 0x7f66385d9550>,54,28,[5 5],55,-1,148,-1,120
1,<environment.Job instance at 0x7f6638581f50>,55,19,[ 1 12],56,-1,139,-1,120
1,<environment.Job instance at 0x7f6638593f00>,56,24,[10  2],57,-1,144,-1,120
1,<environment.Job instance at 0x7f66385931e0>,57,2,[ 4 13],58,-1,122,-1,120
1,<environment.Job instance at 0x7f6638593dc0>,58,19,[ 5 10],59,-1,140,-1,121
1,<environment.Job instance at 0x7f66385b5fa0>,60,28,[ 1 12],61,-1,149,-1,121
1,<environment.Job instance at 0x7f66420b9f50>,61,15,[13  1],62,-1,136,-1,121
1,<environment.Job instance at 0x7f6638585410>,62,2,[ 5 12],63,-1,123,-1,121
1,<environment.Job instance at 0x7f6638e28550>,64,12,[ 4 13],65,-1,134,-1,122
1,<environment.Job instance at 0x7f6638e287d0>,65,24,[5 3],66,-1,146,-1,122
1,<environment.Job instance at 0x7f6638e28960>,66,1,[5 7],67,-1,123,-1,122
1,<environment.Job instance at 0x7f66385a12d0>,68,3,[12  3],69,-1,127,-1,124
1,<environment.Job instance at 0x7f6638e28af0>,69,3,[5 3],70,-1,127,-1,124
1,<environment.Job instance at 0x7f66385a03c0>,70,12,[13  4],71,-1,136,-1,124
1,<environment.Job instance at 0x7f66394099b0>,3,2,[ 5 13],4,-1,6,-1,4
1,<environment.Job instance at 0x7f6639409b40>,4,27,[4 6],5,-1,32,-1,5
1,<environment.Job instance at 0x7f6639409d20>,8,22,[ 3 12],9,-1,31,-1,9
1,<environment.Job instance at 0x7f6639409370>,13,15,[10  1],14,-1,36,-1,21
1,<environment.Job instance at 0x7f66394094b0>,16,22,[8 4],17,-1,56,-1,34
1,<environment.Job instance at 0x7f6639409820>,18,2,[ 2 10],19,-1,38,-1,36
1,<environment.Job instance at 0x7f6639409aa0>,19,22,[7 5],20,-1,59,-1,37
1,<environment.Job instance at 0x7f6639ac7a50>,20,16,[11  3],21,-1,53,-1,37
1,<environment.Job instance at 0x7f6639ac75f0>,21,18,[ 5 10],22,-1,62,-1,44
1,<environment.Job instance at 0x7f6639ac7960>,22,2,[2 6],23,-1,46,-1,44
1,<environment.Job instance at 0x7f6639ac75a0>,23,24,[1 6],24,-1,68,-1,44
1,<environment.Job instance at 0x7f6639ac7050>,24,16,[14  5],25,-1,60,-1,44
1,<environment.Job instance at 0x7f6639ac7500>,26,3,[1 9],27,-1,52,-1,49
1,<environment.Job instance at 0x7f6639ac7320>,28,13,[ 4 10],29,-1,77,-1,64
1,<environment.Job instance at 0x7f66389dceb0>,30,2,[9 1],31,-1,66,-1,64
1,<environment.Job instance at 0x7f66389dc820>,33,3,[ 1 14],34,-1,79,-1,76
1,<environment.Job instance at 0x7f66389dc550>,34,12,[5 1],35,-1,88,-1,76
1,<environment.Job instance at 0x7f66389dc4b0>,35,22,[12  2],36,-1,98,-1,76
1,<environment.Job instance at 0x7f66389dc320>,36,26,[ 2 10],37,-1,102,-1,76
1,<environment.Job instance at 0x7f66389dcaa0>,37,14,[12  5],38,-1,90,-1,76
1,<environment.Job instance at 0x7f66389dc640>,40,3,[1 9],41,-1,87,-1,84
1,<environment.Job instance at 0x7f66389dca50>,41,24,[9 3],42,-1,108,-1,84
1,<environment.Job instance at 0x7f66389dc0f0>,42,23,[13  5],43,-1,107,-1,84
1,<environment.Job instance at 0x7f66389dc370>,43,22,[ 4 10],44,-1,106,-1,84
1,<environment.Job instance at 0x7f66389dc8c0>,44,20,[ 2 10],45,-1,104,-1,84
1,<environment.Job instance at 0x7f66389dc280>,45,2,[12  3],46,-1,86,-1,84
1,<environment.Job instance at 0x7f66389dcb90>,46,25,[3 6],47,-1,109,-1,84
1,<environment.Job instance at 0x7f66389dcd70>,47,1,[8 4],48,-1,85,-1,84
1,<environment.Job instance at 0x7f66389dc410>,48,13,[12  4],49,-1,97,-1,84
1,<environment.Job instance at 0x7f66389ec140>,49,27,[9 3],50,-1,111,-1,84
1,<environment.Job instance at 0x7f66389ec690>,51,18,[ 5 12],52,-1,117,-1,99
1,<environment.Job instance at 0x7f66389ec7d0>,52,2,[ 2 13],53,-1,101,-1,99
1,<environment.Job instance at 0x7f66389ecf00>,53,26,[ 3 14],54,-1,125,-1,99
1,<environment.Job instance at 0x7f66389eca50>,54,15,[11  5],55,-1,114,-1,99
1,<environment.Job instance at 0x7f66389ec9b0>,57,25,[8 4],58,-1,136,-1,111
1,<environment.Job instance at 0x7f66389ec640>,58,12,[1 8],59,-1,123,-1,111
1,<environment.Job instance at 0x7f66389ec410>,60,18,[ 4 12],61,-1,129,-1,111
1,<environment.Job instance at 0x7f66389ec230>,63,3,[14  5],64,-1,132,-1,129
1,<environment.Job instance at 0x7f66389ecd20>,65,15,[ 1 10],66,-1,144,-1,129
1,<environment.Job instance at 0x7f66389ec5a0>,66,1,[8 1],67,-1,130,-1,129
1,<environment.Job instance at 0x7f66396027d0>,1,17,[ 5 11],2,-1,19,-1,2
1,<environment.Job instance at 0x7f66389ec870>,2,16,[12  1],3,-1,19,-1,3
1,<environment.Job instance at 0x7f66390c0550>,3,26,[9 2],4,-1,30,-1,4
1,<environment.Job instance at 0x7f66390c05a0>,5,20,[ 1 13],6,-1,26,-1,6
1,<environment.Job instance at 0x7f66389ec5a0>,9,23,[ 3 10],10,-1,34,-1,11
1,<environment.Job instance at 0x7f66390c07d0>,11,25,[1 6],12,-1,37,-1,12
1,<environment.Job instance at 0x7f6638f3bc30>,16,3,[ 3 10],17,-1,26,-1,23
1,<environment.Job instance at 0x7f6638f3b4b0>,17,1,[7 3],18,-1,24,-1,23
1,<environment.Job instance at 0x7f6638f3b370>,18,26,[13  1],19,-1,49,-1,23
1,<environment.Job instance at 0x7f6638f3bb40>,21,19,[ 5 13],22,-1,56,-1,37
1,<environment.Job instance at 0x7f6638f3b2d0>,23,25,[3 9],24,-1,73,-1,48
1,<environment.Job instance at 0x7f664235bb90>,29,2,[ 3 10],30,-1,91,-1,89
1,<environment.Job instance at 0x7f664235bc80>,33,3,[1 9],34,-1,111,-1,108
1,<environment.Job instance at 0x7f664235b1e0>,34,13,[11  4],35,-1,121,-1,108
1,<environment.Job instance at 0x7f664235b370>,36,16,[ 2 13],37,-1,131,-1,115
1,<environment.Job instance at 0x7f664235b9b0>,37,1,[5 8],38,-1,116,-1,115
1,<environment.Job instance at 0x7f66388e1c30>,39,2,[9 3],40,-1,123,-1,121
1,<environment.Job instance at 0x7f66388e1640>,41,1,[5 4],42,-1,122,-1,121
1,<environment.Job instance at 0x7f66388e11e0>,42,23,[9 4],43,-1,144,-1,121
1,<environment.Job instance at 0x7f66386f9e10>,7,3,[2 7],8,-1,14,-1,11
1,<environment.Job instance at 0x7f66386f94b0>,8,23,[8 4],9,-1,34,-1,11
1,<environment.Job instance at 0x7f66389861e0>,14,24,[6 2],15,-1,68,-1,44
1,<environment.Job instance at 0x7f66389860a0>,16,25,[8 3],17,-1,77,-1,52
1,<environment.Job instance at 0x7f6638986550>,17,15,[11  1],18,-1,67,-1,52
1,<environment.Job instance at 0x7f6638982190>,25,1,[5 1],26,-1,103,-1,102
1,<environment.Job instance at 0x7f66394260f0>,27,13,[8 2],28,-1,131,-1,118
1,<environment.Job instance at 0x7f6638976820>,28,27,[6 4],29,-1,145,-1,118
1,<environment.Job instance at 0x7f66389760f0>,29,25,[6 1],30,-1,143,-1,118
1,<environment.Job instance at 0x7f6639437d70>,30,23,[5 5],31,-1,141,-1,118
1,<environment.Job instance at 0x7f6638fcc9b0>,31,28,[8 5],32,-1,146,-1,118
1,<environment.Job instance at 0x7f6638691c30>,32,12,[13  5],33,-1,130,-1,118
1,<environment.Job instance at 0x7f6638ff2140>,5,17,[ 5 13],6,-1,23,-1,6
1,<environment.Job instance at 0x7f6638fc4230>,6,16,[ 5 14],7,-1,23,-1,7
1,<environment.Job instance at 0x7f6638fc4780>,13,13,[10  4],14,-1,30,-1,17
1,<environment.Job instance at 0x7f6638fc48c0>,15,24,[11  3],16,-1,55,-1,31
1,<environment.Job instance at 0x7f6638fc4550>,16,15,[ 5 12],17,-1,46,-1,31
1,<environment.Job instance at 0x7f6638fc40a0>,17,26,[ 1 12],18,-1,57,-1,31
1,<environment.Job instance at 0x7f6638fc4730>,18,3,[6 4],19,-1,34,-1,31
1,<environment.Job instance at 0x7f6638fc4190>,19,25,[1 8],20,-1,56,-1,31
1,<environment.Job instance at 0x7f6638fc4050>,20,27,[ 3 12],21,-1,58,-1,31
1,<environment.Job instance at 0x7f6638fc4640>,22,2,[12  4],23,-1,33,-1,31
1,<environment.Job instance at 0x7f6638fc40f0>,23,21,[8 3],24,-1,59,-1,38
1,<environment.Job instance at 0x7f663961c140>,24,28,[11  4],25,-1,66,-1,38
1,<environment.Job instance at 0x7f663961c3c0>,25,26,[5 7],26,-1,64,-1,38
1,<environment.Job instance at 0x7f663961c460>,26,2,[5 1],27,-1,40,-1,38
1,<environment.Job instance at 0x7f663961ccd0>,27,16,[11  2],28,-1,54,-1,38
1,<environment.Job instance at 0x7f663961ca00>,29,13,[13  2],30,-1,62,-1,49
1,<environment.Job instance at 0x7f663961c0f0>,31,15,[ 5 12],32,-1,84,-1,69
1,<environment.Job instance at 0x7f663961ce60>,33,17,[10  1],34,-1,114,-1,97
1,<environment.Job instance at 0x7f663961c5f0>,36,3,[8 2],37,-1,100,-1,97
1,<environment.Job instance at 0x7f663961ca50>,38,3,[5 3],39,-1,108,-1,105
1,<environment.Job instance at 0x7f663961c050>,40,3,[1 9],41,-1,119,-1,116
1,<environment.Job instance at 0x7f663961c780>,42,15,[12  2],43,-1,133,-1,118
1,<environment.Job instance at 0x7f663961c5a0>,44,1,[4 5],45,-1,129,-1,128
1,<environment.Job instance at 0x7f663961ce10>,45,21,[8 1],46,-1,150,-1,129
1,<environment.Job instance at 0x7f663961c1e0>,46,15,[ 3 13],47,-1,144,-1,129
1,<environment.Job instance at 0x7f66397471e0>,1,24,[3 9],2,-1,26,-1,2
1,<environment.Job instance at 0x7f6638d31910>,3,23,[14  1],4,-1,27,-1,4
1,<environment.Job instance at 0x7f6639463730>,4,27,[11  2],5,-1,32,-1,5
1,<environment.Job instance at 0x7f6639463c80>,7,22,[ 3 14],8,-1,30,-1,8
1,<environment.Job instance at 0x7f663961c1e0>,9,16,[11  3],10,-1,26,-1,10
1,<environment.Job instance at 0x7f6639463be0>,8,15,[13  2],9,-1,25,-1,10
1,<environment.Job instance at 0x7f6639463870>,12,1,[9 3],13,-1,15,-1,14
1,<environment.Job instance at 0x7f663946b230>,24,19,[ 5 10],25,-1,94,-1,75
1,<environment.Job instance at 0x7f663946b870>,26,24,[14  3],27,-1,113,-1,89
1,<environment.Job instance at 0x7f66393ef0f0>,27,1,[ 1 14],28,-1,90,-1,89
1,<environment.Job instance at 0x7f66399e6550>,28,24,[10  2],29,-1,113,-1,89
1,<environment.Job instance at 0x7f663944f0a0>,29,2,[3 6],30,-1,91,-1,89
1,<environment.Job instance at 0x7f6639a14640>,30,3,[ 2 14],31,-1,92,-1,89
1,<environment.Job instance at 0x7f663884b550>,33,18,[ 5 11],34,-1,122,-1,104
1,<environment.Job instance at 0x7f663884b0a0>,34,21,[12  1],35,-1,125,-1,104
1,<environment.Job instance at 0x7f6638c8de10>,35,18,[12  4],36,-1,122,-1,104
1,<environment.Job instance at 0x7f66393de4b0>,36,26,[1 9],37,-1,130,-1,104
1,<environment.Job instance at 0x7f66393f3280>,37,3,[10  4],38,-1,107,-1,104
1,<environment.Job instance at 0x7f663871cc80>,39,26,[13  5],40,-1,143,-1,117
1,<environment.Job instance at 0x7f66393d29b0>,40,25,[13  3],41,-1,142,-1,117
1,<environment.Job instance at 0x7f66394078c0>,41,22,[ 5 10],42,-1,147,-1,125
1,<environment.Job instance at 0x7f66394072d0>,42,13,[ 3 12],43,-1,138,-1,125
1,<environment.Job instance at 0x7f6639407e60>,43,3,[4 9],44,-1,128,-1,125
1,<environment.Job instance at 0x7f6639407e60>,5,12,[13  4],6,-1,18,-1,6
1,<environment.Job instance at 0x7f6639394820>,9,2,[ 1 10],10,-1,14,-1,12
1,<environment.Job instance at 0x7f6639394320>,12,18,[14  2],13,-1,47,-1,29
1,<environment.Job instance at 0x7f6639394f00>,13,15,[14  3],14,-1,44,-1,29
1,<environment.Job instance at 0x7f6639394e10>,15,17,[12  2],16,-1,50,-1,33
1,<environment.Job instance at 0x7f6639394d20>,16,20,[ 5 12],17,-1,53,-1,33
1,<environment.Job instance at 0x7f66393948c0>,17,28,[ 5 11],18,-1,61,-1,33
1,<environment.Job instance at 0x7f66393942d0>,19,23,[5 9],20,-1,72,-1,49
1,<environment.Job instance at 0x7f6639394960>,20,2,[10  2],21,-1,51,-1,49
1,<environment.Job instance at 0x7f6639394190>,21,28,[14  5],22,-1,77,-1,49
1,<environment.Job instance at 0x7f6639394690>,23,13,[12  1],24,-1,80,-1,67
1,<environment.Job instance at 0x7f6639394780>,24,28,[ 5 11],25,-1,95,-1,67
1,<environment.Job instance at 0x7f66393945a0>,25,2,[5 3],26,-1,69,-1,67
1,<environment.Job instance at 0x7f6639394280>,27,1,[6 1],28,-1,68,-1,67
1,<environment.Job instance at 0x7f66393947d0>,30,3,[9 4],31,-1,75,-1,72
1,<environment.Job instance at 0x7f6638e3dbe0>,32,13,[ 4 14],33,-1,92,-1,79
1,<environment.Job instance at 0x7f6638e3d9b0>,33,2,[8 2],34,-1,81,-1,79
1,<environment.Job instance at 0x7f6638e3d4b0>,36,3,[2 7],37,-1,97,-1,94
1,<environment.Job instance at 0x7f6638e3d320>,37,1,[ 4 12],38,-1,95,-1,94
1,<environment.Job instance at 0x7f6638e3d050>,38,3,[10  5],39,-1,97,-1,94
1,<environment.Job instance at 0x7f6638e3da50>,39,16,[13  1],40,-1,110,-1,94
1,<environment.Job instance at 0x7f6638e3d820>,42,3,[13  2],43,-1,113,-1,110
1,<environment.Job instance at 0x7f6638e3d8c0>,43,28,[ 1 14],44,-1,138,-1,110
1,<environment.Job instance at 0x7f6638e3d2d0>,44,18,[ 2 14],45,-1,128,-1,110
1,<environment.Job instance at 0x7f6638e3da00>,45,25,[ 4 10],46,-1,135,-1,110
1,<environment.Job instance at 0x7f6638e3db40>,46,24,[11  5],47,-1,134,-1,110
1,<environment.Job instance at 0x7f66383cc280>,4,14,[14  5],5,-1,19,-1,5
1,<environment.Job instance at 0x7f66383ccd20>,5,14,[ 3 12],6,-1,20,-1,6
1,<environment.Job instance at 0x7f66383cc550>,7,19,[ 4 11],8,-1,27,-1,8
1,<environment.Job instance at 0x7f6638490fa0>,13,1,[ 3 10],14,-1,24,-1,23
1,<environment.Job instance at 0x7f66384900f0>,16,2,[ 1 11],17,-1,41,-1,39
1,<environment.Job instance at 0x7f66384902d0>,17,14,[11  4],18,-1,60,-1,46
1,<environment.Job instance at 0x7f6638490a50>,18,24,[ 4 11],19,-1,70,-1,46
1,<environment.Job instance at 0x7f6638490640>,19,24,[4 8],20,-1,70,-1,46
1,<environment.Job instance at 0x7f6638642500>,32,2,[7 5],33,-1,106,-1,104
1,<environment.Job instance at 0x7f66386425a0>,33,2,[ 2 10],34,-1,106,-1,104
1,<environment.Job instance at 0x7f66386420f0>,34,23,[6 2],35,-1,127,-1,104
1,<environment.Job instance at 0x7f6638642c30>,35,1,[11  4],36,-1,105,-1,104
1,<environment.Job instance at 0x7f6638642cd0>,36,3,[ 1 12],37,-1,107,-1,104
1,<environment.Job instance at 0x7f6638642b90>,37,14,[12  1],38,-1,118,-1,104
1,<environment.Job instance at 0x7f6638642eb0>,41,3,[4 5],42,-1,123,-1,120
1,<environment.Job instance at 0x7f6638642e10>,42,2,[ 1 11],43,-1,122,-1,120
1,<environment.Job instance at 0x7f6638642a00>,43,1,[3 6],44,-1,121,-1,120
1,<environment.Job instance at 0x7f6638642410>,44,18,[12  5],45,-1,138,-1,120
1,<environment.Job instance at 0x7f6638642460>,45,20,[13  1],46,-1,140,-1,120
1,<environment.Job instance at 0x7f66383efb90>,46,17,[ 5 13],47,-1,137,-1,120
1,<environment.Job instance at 0x7f6638731be0>,5,20,[ 4 12],6,-1,26,-1,6
1,<environment.Job instance at 0x7f6639aec190>,6,28,[5 8],7,-1,35,-1,7
1,<environment.Job instance at 0x7f6639aeccd0>,7,17,[ 3 14],8,-1,26,-1,9
1,<environment.Job instance at 0x7f6639aecf00>,11,22,[ 1 10],12,-1,35,-1,13
1,<environment.Job instance at 0x7f6639aeca50>,12,2,[14  1],13,-1,15,-1,13
1,<environment.Job instance at 0x7f6639aec4b0>,15,25,[2 8],16,-1,52,-1,27
1,<environment.Job instance at 0x7f6639aec3c0>,16,20,[4 5],17,-1,48,-1,28
1,<environment.Job instance at 0x7f6639aec460>,19,2,[ 5 11],20,-1,44,-1,42
1,<environment.Job instance at 0x7f6639aec640>,20,1,[8 2],21,-1,43,-1,42
1,<environment.Job instance at 0x7f6639aec230>,21,15,[2 7],22,-1,60,-1,45
1,<environment.Job instance at 0x7f6639aecf50>,24,13,[ 3 10],25,-1,70,-1,57
1,<environment.Job instance at 0x7f6639aec6e0>,25,12,[5 9],26,-1,69,-1,57
1,<environment.Job instance at 0x7f6639aece60>,26,24,[14  3],27,-1,81,-1,57
1,<environment.Job instance at 0x7f6639b1fc30>,28,17,[6 2],29,-1,75,-1,58
1,<environment.Job instance at 0x7f6639aec5f0>,29,2,[13  4],30,-1,60,-1,58
1,<environment.Job instance at 0x7f6639b1f190>,30,22,[12  2],31,-1,80,-1,58
1,<environment.Job instance at 0x7f6639b1f870>,31,18,[2 5],32,-1,76,-1,58
1,<environment.Job instance at 0x7f6639b1f8c0>,32,2,[14  5],33,-1,60,-1,58
1,<environment.Job instance at 0x7f6639b1f460>,33,28,[ 3 11],34,-1,86,-1,58
1,<environment.Job instance at 0x7f6639b1f910>,34,12,[ 2 14],35,-1,70,-1,58
1,<environment.Job instance at 0x7f6639b1f780>,35,18,[14  4],36,-1,76,-1,58
1,<environment.Job instance at 0x7f6639b1f3c0>,36,14,[12  5],37,-1,72,-1,58
1,<environment.Job instance at 0x7f6639b1fe10>,37,28,[9 4],38,-1,86,-1,58
1,<environment.Job instance at 0x7f6639b1f4b0>,38,28,[13  4],39,-1,86,-1,58
1,<environment.Job instance at 0x7f6639b1f280>,39,16,[ 3 13],40,-1,74,-1,58
1,<environment.Job instance at 0x7f6639b1fb90>,40,3,[6 5],41,-1,61,-1,58
1,<environment.Job instance at 0x7f6639b1f730>,41,1,[ 2 13],42,-1,59,-1,58
1,<environment.Job instance at 0x7f66397d7e60>,42,14,[3 7],43,-1,72,-1,58
1,<environment.Job instance at 0x7f66397d7960>,43,20,[ 5 10],44,-1,78,-1,58
1,<environment.Job instance at 0x7f66397d70f0>,44,3,[5 2],45,-1,61,-1,58
1,<environment.Job instance at 0x7f66397d7500>,45,18,[ 4 12],46,-1,76,-1,58
1,<environment.Job instance at 0x7f66397d79b0>,46,14,[10  3],47,-1,72,-1,58
1,<environment.Job instance at 0x7f66397d7fa0>,47,19,[3 5],48,-1,77,-1,58
1,<environment.Job instance at 0x7f66397d7f50>,48,21,[3 9],49,-1,79,-1,58
1,<environment.Job instance at 0x7f66397d7b40>,49,12,[4 5],50,-1,70,-1,58
1,<environment.Job instance at 0x7f66397d7550>,50,12,[7 3],51,-1,70,-1,58
1,<environment.Job instance at 0x7f66397d7780>,51,23,[ 4 10],52,-1,81,-1,58
1,<environment.Job instance at 0x7f66397d7c80>,52,3,[9 5],53,-1,61,-1,58
1,<environment.Job instance at 0x7f66397d76e0>,53,13,[3 9],54,-1,71,-1,58
1,<environment.Job instance at 0x7f66397d7eb0>,56,2,[8 5],57,-1,95,-1,93
1,<environment.Job instance at 0x7f66397d7c30>,57,14,[14  1],58,-1,107,-1,93
1,<environment.Job instance at 0x7f66397d71e0>,58,24,[8 5],59,-1,117,-1,93
1,<environment.Job instance at 0x7f66397d7cd0>,59,3,[14  5],60,-1,96,-1,93
1,<environment.Job instance at 0x7f6638bde5f0>,63,17,[ 5 13],64,-1,126,-1,109
1,<environment.Job instance at 0x7f6638bde820>,64,26,[ 3 14],65,-1,135,-1,109
1,<environment.Job instance at 0x7f6638bde1e0>,66,2,[2 9],67,-1,121,-1,119
1,<environment.Job instance at 0x7f6638bde7d0>,2,27,[7 4],3,-1,30,-1,3
1,<environment.Job instance at 0x7f6638a85aa0>,8,28,[2 8],9,-1,37,-1,9
1,<environment.Job instance at 0x7f6639197690>,7,24,[6 3],8,-1,33,-1,9
1,<environment.Job instance at 0x7f6638a85500>,12,23,[ 3 11],13,-1,36,-1,13
1,<environment.Job instance at 0x7f6638a851e0>,13,14,[ 4 13],14,-1,28,-1,14
1,<environment.Job instance at 0x7f6638a85a00>,14,26,[9 3],15,-1,42,-1,16
1,<environment.Job instance at 0x7f6638a85be0>,19,14,[12  5],20,-1,36,-1,22
1,<environment.Job instance at 0x7f6638a850f0>,20,25,[ 5 12],21,-1,47,-1,22
1,<environment.Job instance at 0x7f6638a85f00>,22,2,[14  2],23,-1,25,-1,23
1,<environment.Job instance at 0x7f6638a85320>,24,23,[6 4],25,-1,59,-1,36
1,<environment.Job instance at 0x7f66392e91e0>,26,20,[ 1 11],27,-1,59,-1,39
1,<environment.Job instance at 0x7f66392e9460>,27,13,[ 2 10],28,-1,52,-1,39
1,<environment.Job instance at 0x7f66392e9050>,28,18,[ 5 13],29,-1,57,-1,39
1,<environment.Job instance at 0x7f66392e92d0>,31,28,[1 5],32,-1,80,-1,52
1,<environment.Job instance at 0x7f66392e9e60>,32,3,[9 4],33,-1,55,-1,52
1,<environment.Job instance at 0x7f66392e9cd0>,33,25,[8 1],34,-1,77,-1,52
1,<environment.Job instance at 0x7f66392e9190>,34,18,[ 1 10],35,-1,70,-1,52
1,<environment.Job instance at 0x7f66392e9500>,35,12,[12  3],36,-1,64,-1,52
1,<environment.Job instance at 0x7f66392e95f0>,38,25,[4 5],39,-1,97,-1,72
1,<environment.Job instance at 0x7f66382d5460>,39,25,[10  3],40,-1,97,-1,72
1,<environment.Job instance at 0x7f66382d52d0>,41,28,[13  4],42,-1,115,-1,87
1,<environment.Job instance at 0x7f66382d5780>,42,20,[13  2],43,-1,107,-1,87
1,<environment.Job instance at 0x7f66382d5fa0>,43,14,[12  3],44,-1,101,-1,87
1,<environment.Job instance at 0x7f66382d5690>,44,17,[ 5 13],45,-1,104,-1,87
1,<environment.Job instance at 0x7f66382d5140>,46,18,[13  4],47,-1,118,-1,100
1,<environment.Job instance at 0x7f66382d5a00>,48,12,[ 3 10],49,-1,132,-1,120
1,<environment.Job instance at 0x7f66382d5230>,49,16,[ 2 11],50,-1,136,-1,120
1,<environment.Job instance at 0x7f66382d5280>,50,1,[8 4],51,-1,121,-1,120
1,<environment.Job instance at 0x7f66382d5c30>,51,25,[2 5],52,-1,145,-1,120
1,<environment.Job instance at 0x7f66382d5190>,52,3,[4 8],53,-1,123,-1,120
1,<environment.Job instance at 0x7f66382d5190>,5,28,[1 7],6,-1,35,-1,7
1,<environment.Job instance at 0x7f6638efa8c0>,7,14,[ 1 13],8,-1,22,-1,8
1,<environment.Job instance at 0x7f6638efac80>,8,1,[3 9],9,-1,10,-1,9
1,<environment.Job instance at 0x7f6638efa640>,9,13,[13  5],10,-1,23,-1,10
1,<environment.Job instance at 0x7f6638efaf00>,10,3,[12  1],11,-1,14,-1,11
1,<environment.Job instance at 0x7f6638efa0a0>,12,24,[ 2 12],13,-1,37,-1,13
1,<environment.Job instance at 0x7f6638efa280>,14,17,[ 5 14],15,-1,32,-1,15
1,<environment.Job instance at 0x7f664218c550>,19,2,[14  1],20,-1,23,-1,21
1,<environment.Job instance at 0x7f664218cb90>,21,12,[ 4 12],22,-1,38,-1,26
1,<environment.Job instance at 0x7f664218c6e0>,22,12,[12  5],23,-1,38,-1,26
1,<environment.Job instance at 0x7f664218cdc0>,23,13,[ 2 10],24,-1,42,-1,29
1,<environment.Job instance at 0x7f664218c0a0>,24,14,[12  2],25,-1,43,-1,29
1,<environment.Job instance at 0x7f664218c690>,25,3,[6 4],26,-1,32,-1,29
1,<environment.Job instance at 0x7f664218c640>,26,15,[ 1 12],27,-1,44,-1,29
1,<environment.Job instance at 0x7f664218ceb0>,28,20,[9 1],29,-1,67,-1,47
1,<environment.Job instance at 0x7f664218c820>,31,23,[4 7],32,-1,78,-1,55
1,<environment.Job instance at 0x7f664218c1e0>,32,3,[5 5],33,-1,58,-1,55
1,<environment.Job instance at 0x7f664218c7d0>,33,20,[ 2 12],34,-1,75,-1,55
1,<environment.Job instance at 0x7f664218c3c0>,34,25,[9 4],35,-1,80,-1,55
1,<environment.Job instance at 0x7f664218ca50>,35,24,[5 1],36,-1,79,-1,55
1,<environment.Job instance at 0x7f664218c190>,36,16,[ 3 10],37,-1,98,-1,82
1,<environment.Job instance at 0x7f66384720f0>,40,24,[ 1 10],41,-1,106,-1,82
1,<environment.Job instance at 0x7f6638472af0>,41,26,[10  5],42,-1,108,-1,82
1,<environment.Job instance at 0x7f6638472370>,42,3,[5 1],43,-1,85,-1,82
1,<environment.Job instance at 0x7f6638472aa0>,43,21,[13  3],44,-1,103,-1,82
1,<environment.Job instance at 0x7f6638472f00>,45,2,[5 6],46,-1,86,-1,84
1,<environment.Job instance at 0x7f6638472e10>,46,1,[2 7],47,-1,85,-1,84
1,<environment.Job instance at 0x7f66388c7050>,3,18,[ 2 13],4,-1,22,-1,4
1,<environment.Job instance at 0x7f66388c75f0>,7,3,[6 1],8,-1,11,-1,8
1,<environment.Job instance at 0x7f66388c7c30>,15,3,[14  5],16,-1,37,-1,34
1,<environment.Job instance at 0x7f66388c7aa0>,16,1,[8 1],17,-1,35,-1,34
1,<environment.Job instance at 0x7f66388c7140>,17,18,[12  5],18,-1,52,-1,34
1,<environment.Job instance at 0x7f66388c77d0>,18,3,[14  5],19,-1,37,-1,34
1,<environment.Job instance at 0x7f6639aba4b0>,20,16,[ 2 12],21,-1,50,-1,34
1,<environment.Job instance at 0x7f6639aba370>,21,3,[2 9],22,-1,37,-1,34
1,<environment.Job instance at 0x7f6639aba780>,22,18,[12  1],23,-1,52,-1,34
1,<environment.Job instance at 0x7f6639ababe0>,24,16,[10  1],25,-1,62,-1,46
1,<environment.Job instance at 0x7f6639aba500>,25,21,[12  4],26,-1,67,-1,46
1,<environment.Job instance at 0x7f6639abacd0>,26,14,[ 3 12],27,-1,60,-1,46
1,<environment.Job instance at 0x7f6639aba140>,28,2,[11  5],29,-1,49,-1,47
1,<environment.Job instance at 0x7f6639aba870>,29,1,[8 3],30,-1,48,-1,47
1,<environment.Job instance at 0x7f6639abab40>,30,28,[13  3],31,-1,75,-1,47
1,<environment.Job instance at 0x7f6639aba3c0>,31,3,[ 4 10],32,-1,50,-1,47
1,<environment.Job instance at 0x7f6639abafa0>,33,2,[14  3],34,-1,50,-1,48
1,<environment.Job instance at 0x7f6639aba8c0>,34,3,[8 3],35,-1,51,-1,48
1,<environment.Job instance at 0x7f6639abac80>,35,1,[ 2 12],36,-1,49,-1,48
1,<environment.Job instance at 0x7f6638967d20>,38,22,[9 1],39,-1,109,-1,87
1,<environment.Job instance at 0x7f6638967550>,39,2,[9 2],40,-1,89,-1,87
1,<environment.Job instance at 0x7f6638967190>,40,16,[ 1 13],41,-1,103,-1,87
1,<environment.Job instance at 0x7f6638967a00>,41,18,[ 3 13],42,-1,105,-1,87
1,<environment.Job instance at 0x7f6638967910>,42,28,[7 1],43,-1,115,-1,87
1,<environment.Job instance at 0x7f6638967fa0>,43,27,[2 7],44,-1,114,-1,87
1,<environment.Job instance at 0x7f6638967140>,47,24,[12  2],48,-1,120,-1,96
1,<environment.Job instance at 0x7f664263c3c0>,2,28,[5 3],3,-1,31,-1,3
1,<environment.Job instance at 0x7f66397da050>,5,1,[6 2],6,-1,8,-1,7
1,<environment.Job instance at 0x7f664215cd20>,13,27,[5 1],14,-1,66,-1,39
1,<environment.Job instance at 0x7f664215c050>,14,22,[10  5],15,-1,70,-1,48
1,<environment.Job instance at 0x7f664215c7d0>,17,21,[13  2],18,-1,75,-1,54
1,<environment.Job instance at 0x7f664215ce10>,19,1,[11  5],20,-1,55,-1,54
1,<environment.Job instance at 0x7f664215ceb0>,21,28,[7 3],22,-1,97,-1,69
1,<environment.Job instance at 0x7f66394e5370>,22,2,[8 4],23,-1,71,-1,69
1,<environment.Job instance at 0x7f664215c960>,23,14,[ 4 10],24,-1,83,-1,69
1,<environment.Job instance at 0x7f66394e5780>,24,16,[13  2],25,-1,85,-1,69
1,<environment.Job instance at 0x7f66394e52d0>,27,22,[ 1 10],28,-1,109,-1,87
1,<environment.Job instance at 0x7f66394e5dc0>,28,28,[13  5],29,-1,115,-1,87
1,<environment.Job instance at 0x7f66394e5af0>,29,23,[9 3],30,-1,110,-1,87
1,<environment.Job instance at 0x7f66394e5550>,30,3,[6 4],31,-1,90,-1,87
1,<environment.Job instance at 0x7f66394e5d20>,31,16,[ 3 13],32,-1,103,-1,87
1,<environment.Job instance at 0x7f66394e51e0>,33,1,[8 2],34,-1,90,-1,89
1,<environment.Job instance at 0x7f66394e5be0>,34,3,[14  3],35,-1,92,-1,89
1,<environment.Job instance at 0x7f66394e5b90>,37,3,[ 2 10],38,-1,108,-1,105
1,<environment.Job instance at 0x7f66394e5230>,38,22,[4 7],39,-1,127,-1,105
1,<environment.Job instance at 0x7f6638d50370>,3,19,[14  3],4,-1,23,-1,4
1,<environment.Job instance at 0x7f6638d413c0>,7,3,[ 2 10],8,-1,13,-1,10
1,<environment.Job instance at 0x7f6638d417d0>,9,15,[ 4 11],10,-1,25,-1,10
1,<environment.Job instance at 0x7f6638d41c80>,10,15,[ 1 11],11,-1,26,-1,11
1,<environment.Job instance at 0x7f6638d503c0>,5,2,[5 1],6,-1,14,-1,12
1,<environment.Job instance at 0x7f6638d41b90>,11,24,[11  4],12,-1,36,-1,12
1,<environment.Job instance at 0x7f6638d41410>,13,2,[7 1],14,-1,16,-1,14
1,<environment.Job instance at 0x7f6638d41780>,14,2,[4 5],15,-1,17,-1,15
1,<environment.Job instance at 0x7f6638d41dc0>,16,25,[4 7],17,-1,42,-1,17
1,<environment.Job instance at 0x7f6638d41e60>,12,21,[14  5],13,-1,38,-1,17
1,<environment.Job instance at 0x7f6638d41be0>,19,14,[ 2 12],20,-1,34,-1,20
1,<environment.Job instance at 0x7f6638d41050>,20,20,[ 3 14],21,-1,41,-1,21
1,<environment.Job instance at 0x7f66386ecd70>,21,18,[ 1 11],22,-1,40,-1,22
1,<environment.Job instance at 0x7f66386ece60>,22,3,[ 5 12],23,-1,26,-1,23
1,<environment.Job instance at 0x7f66386ec690>,23,14,[12  5],24,-1,38,-1,24
1,<environment.Job instance at 0x7f6638d6b8c0>,38,25,[10  2],39,-1,137,-1,112
1,<environment.Job instance at 0x7f663990c550>,39,13,[ 2 14],40,-1,125,-1,112
1,<environment.Job instance at 0x7f6638d6bdc0>,40,1,[7 3],41,-1,113,-1,112
1,<environment.Job instance at 0x7f6639b13410>,41,12,[13  1],42,-1,124,-1,112
1,<environment.Job instance at 0x7f66398986e0>,43,3,[13  4],44,-1,121,-1,118
1,<environment.Job instance at 0x7f66395c6d70>,44,23,[1 9],45,-1,141,-1,118
1,<environment.Job instance at 0x7f6638dd1b90>,1,13,[ 3 12],2,-1,15,-1,2
1,<environment.Job instance at 0x7f6638dd1370>,4,25,[6 1],5,-1,30,-1,5
1,<environment.Job instance at 0x7f6638dd11e0>,7,26,[13  1],8,-1,34,-1,8
1,<environment.Job instance at 0x7f6638db9fa0>,8,23,[13  2],9,-1,32,-1,9
1,<environment.Job instance at 0x7f6638db9960>,10,21,[5 8],11,-1,32,-1,11
1,<environment.Job instance at 0x7f6638db9eb0>,12,21,[ 3 13],13,-1,34,-1,13
1,<environment.Job instance at 0x7f6638db9460>,21,18,[ 3 13],22,-1,58,-1,40
1,<environment.Job instance at 0x7f663847c9b0>,26,12,[14  3],27,-1,74,-1,62
1,<environment.Job instance at 0x7f663847caa0>,29,21,[ 5 13],30,-1,96,-1,75
1,<environment.Job instance at 0x7f663847c4b0>,33,26,[11  3],34,-1,117,-1,91
1,<environment.Job instance at 0x7f663847c3c0>,34,28,[2 6],35,-1,119,-1,91
1,<environment.Job instance at 0x7f663847cfa0>,36,3,[6 3],37,-1,94,-1,91
1,<environment.Job instance at 0x7f66392c6af0>,41,18,[13  1],42,-1,147,-1,129
1,<environment.Job instance at 0x7f6639277870>,1,21,[12  3],2,-1,23,-1,2
1,<environment.Job instance at 0x7f6638cf1d20>,3,26,[ 2 10],4,-1,30,-1,4
1,<environment.Job instance at 0x7f6638cf14b0>,5,12,[ 5 13],6,-1,18,-1,6
1,<environment.Job instance at 0x7f6638cf18c0>,6,17,[12  3],7,-1,24,-1,7
1,<environment.Job instance at 0x7f6638cf1b40>,8,28,[8 3],9,-1,37,-1,9
1,<environment.Job instance at 0x7f66392c6af0>,9,26,[11  4],10,-1,36,-1,10
1,<environment.Job instance at 0x7f6638cd10a0>,10,2,[ 3 14],11,-1,13,-1,11
1,<environment.Job instance at 0x7f6638cd1140>,11,1,[ 5 14],12,-1,13,-1,12
1,<environment.Job instance at 0x7f6638cd11e0>,12,27,[ 1 10],13,-1,40,-1,13
1,<environment.Job instance at 0x7f6638cd15a0>,16,28,[ 4 14],17,-1,45,-1,17
1,<environment.Job instance at 0x7f6638cf1550>,18,1,[ 3 12],19,-1,21,-1,20
1,<environment.Job instance at 0x7f6638cd1870>,23,26,[9 4],24,-1,57,-1,31
1,<environment.Job instance at 0x7f6638cd1b90>,25,23,[7 1],26,-1,55,-1,32
1,<environment.Job instance at 0x7f6638cd1c30>,26,13,[12  4],27,-1,45,-1,32
1,<environment.Job instance at 0x7f6638cd1cd0>,27,2,[6 2],28,-1,34,-1,32
1,<environment.Job instance at 0x7f6638cd1d70>,28,21,[5 2],29,-1,61,-1,40
1,<environment.Job instance at 0x7f6638cd1e10>,29,23,[8 2],30,-1,63,-1,40
1,<environment.Job instance at 0x7f6638cd1eb0>,30,1,[4 8],31,-1,41,-1,40
1,<environment.Job instance at 0x7f6638cd19b0>,31,12,[14  3],32,-1,52,-1,40
1,<environment.Job instance at 0x7f6638cd1a50>,32,18,[11  4],33,-1,58,-1,40
1,<environment.Job instance at 0x7f6638cc8050>,33,16,[11  3],34,-1,56,-1,40
1,<environment.Job instance at 0x7f6638cc8320>,36,3,[4 8],37,-1,62,-1,59
1,<environment.Job instance at 0x7f6638cc8370>,37,25,[ 2 13],38,-1,84,-1,59
1,<environment.Job instance at 0x7f6638cc8230>,38,26,[ 5 11],39,-1,85,-1,59
1,<environment.Job instance at 0x7f6638cc86e0>,41,28,[5 2],42,-1,103,-1,75
1,<environment.Job instance at 0x7f6638cc8d70>,50,28,[ 3 14],51,-1,156,-1,128
1,<environment.Job instance at 0x7fdfb943b320>,4,24,[ 3 11],5,-1,29,-1,5
1,<environment.Job instance at 0x7fdfafcc3be0>,11,1,[8 4],12,-1,18,-1,17
1,<environment.Job instance at 0x7fdfafcc3af0>,12,13,[ 2 12],13,-1,30,-1,17
1,<environment.Job instance at 0x7fdfafcc3a50>,14,21,[ 3 11],15,-1,38,-1,17
1,<environment.Job instance at 0x7fdfafcc70f0>,20,21,[13  5],21,-1,79,-1,58
1,<environment.Job instance at 0x7fdfafcc72d0>,22,3,[4 6],23,-1,75,-1,72
1,<environment.Job instance at 0x7fdfafcc7410>,24,2,[ 3 12],25,-1,78,-1,76
1,<environment.Job instance at 0x7fdfafcc7780>,27,25,[14  4],28,-1,121,-1,96
1,<environment.Job instance at 0x7fdfafcc7820>,28,2,[5 8],29,-1,98,-1,96
1,<environment.Job instance at 0x7fdfafcc78c0>,29,24,[5 1],30,-1,120,-1,96
1,<environment.Job instance at 0x7fdfafcc7cd0>,35,3,[9 5],36,-1,136,-1,133
1,<environment.Job instance at 0x7fdfafe2a230>,4,17,[ 3 14],5,-1,22,-1,5
1,<environment.Job instance at 0x7fdfb032f190>,6,25,[5 4],7,-1,36,-1,11
1,<environment.Job instance at 0x7fdfb032f5f0>,12,26,[ 3 11],13,-1,39,-1,13
1,<environment.Job instance at 0x7fdfb032fd70>,8,28,[7 1],9,-1,41,-1,13
1,<environment.Job instance at 0x7fdfb032f140>,13,3,[5 5],14,-1,17,-1,14
1,<environment.Job instance at 0x7fdfb032f050>,15,16,[ 1 11],16,-1,32,-1,16
1,<environment.Job instance at 0x7fdfaf875af0>,17,1,[ 5 12],18,-1,19,-1,18
1,<environment.Job instance at 0x7fdfb032faa0>,18,24,[8 5],19,-1,43,-1,19
1,<environment.Job instance at 0x7fdfaf35beb0>,23,20,[14  2],24,-1,64,-1,44
1,<environment.Job instance at 0x7fdfaf613050>,25,2,[ 1 14],26,-1,60,-1,58
1,<environment.Job instance at 0x7fdfaf6104b0>,26,16,[12  1],27,-1,74,-1,58
1,<environment.Job instance at 0x7fdfaf610dc0>,27,15,[ 4 14],28,-1,73,-1,58
1,<environment.Job instance at 0x7fdfaf6d64b0>,28,13,[1 9],29,-1,71,-1,58
1,<environment.Job instance at 0x7fdfaf3d4280>,29,3,[ 5 11],30,-1,61,-1,58
1,<environment.Job instance at 0x7fdfaf6d6730>,30,22,[11  3],31,-1,80,-1,58
1,<environment.Job instance at 0x7fdfaf6170f0>,31,18,[11  2],32,-1,76,-1,58
1,<environment.Job instance at 0x7fdfaf389730>,36,19,[ 5 14],37,-1,109,-1,90
1,<environment.Job instance at 0x7fdfaf778550>,38,27,[9 4],39,-1,129,-1,102
1,<environment.Job instance at 0x7fdfaf7786e0>,39,25,[3 9],40,-1,127,-1,102
1,<environment.Job instance at 0x7fdfaf778d70>,40,1,[7 4],41,-1,103,-1,102
1,<environment.Job instance at 0x7fdfaf778320>,41,13,[ 4 10],42,-1,115,-1,102
1,<environment.Job instance at 0x7fdfaf778af0>,43,23,[ 2 14],44,-1,127,-1,104
1,<environment.Job instance at 0x7fdfaf778a50>,44,12,[ 2 11],45,-1,116,-1,104
1,<environment.Job instance at 0x7fdfaf768af0>,46,2,[8 2],47,-1,123,-1,121
1,<environment.Job instance at 0x7fdfaf7686e0>,48,28,[4 7],49,-1,149,-1,121
1,<environment.Job instance at 0x7fdfaf7cbf00>,49,26,[3 6],50,-1,147,-1,121
1,<environment.Job instance at 0x7fdfaf7cbe60>,50,12,[11  1],51,-1,133,-1,121
1,<environment.Job instance at 0x7fdfaf7cb870>,51,12,[ 5 11],52,-1,133,-1,121
1,<environment.Job instance at 0x7fdfaf8176e0>,53,2,[ 1 10],54,-1,131,-1,129
1,<environment.Job instance at 0x7fdfaf817140>,54,2,[ 1 11],55,-1,131,-1,129
1,<environment.Job instance at 0x7fdfaf7c6f50>,55,3,[8 2],56,-1,132,-1,129
1,<environment.Job instance at 0x7fdfaf7c6870>,57,3,[5 4],58,-1,138,-1,135
1,<environment.Job instance at 0x7fdfaf37baf0>,7,24,[ 4 11],8,-1,32,-1,8
1,<environment.Job instance at 0x7fdfaf37b640>,10,2,[9 1],11,-1,14,-1,12
1,<environment.Job instance at 0x7fdfaf37b140>,14,25,[5 5],15,-1,40,-1,15
1,<environment.Job instance at 0x7fdfaf37b230>,15,3,[5 3],16,-1,19,-1,16
1,<environment.Job instance at 0x7fdfaf37bcd0>,17,26,[7 1],18,-1,50,-1,24
1,<environment.Job instance at 0x7fdfaf37b050>,18,18,[12  1],19,-1,42,-1,24
1,<environment.Job instance at 0x7fdfaf37bd70>,19,15,[ 1 13],20,-1,39,-1,24
1,<environment.Job instance at 0x7fdfaf37bb90>,20,1,[11  3],21,-1,25,-1,24
1,<environment.Job instance at 0x7fdfaf3daf00>,25,24,[8 2],26,-1,64,-1,40
1,<environment.Job instance at 0x7fdfaf3da0f0>,28,22,[9 3],29,-1,157,-1,135
1,<environment.Job instance at 0x7fdfaf3da9b0>,38,2,[4 6],39,-1,137,-1,135
1,<environment.Job instance at 0x7fdfaf3da0a0>,39,24,[6 5],40,-1,159,-1,135
1,<environment.Job instance at 0x7fdfaf81d280>,4,2,[2 8],5,-1,7,-1,5
1,<environment.Job instance at 0x7fdfb00d14b0>,5,14,[11  5],6,-1,20,-1,6
1,<environment.Job instance at 0x7fdfb01c3e60>,6,13,[ 1 11],7,-1,20,-1,7
1,<environment.Job instance at 0x7fdfaf93e550>,7,3,[5 9],8,-1,11,-1,8
1,<environment.Job instance at 0x7fdfaf93ee60>,8,25,[6 1],9,-1,34,-1,9
1,<environment.Job instance at 0x7fdfb00d1af0>,9,15,[ 3 12],10,-1,25,-1,10
1,<environment.Job instance at 0x7fdfaf91fb90>,11,1,[5 7],12,-1,14,-1,13
1,<environment.Job instance at 0x7fdfafc64460>,13,28,[11  3],14,-1,42,-1,14
1,<environment.Job instance at 0x7fdfafc64190>,16,2,[5 3],17,-1,26,-1,24
1,<environment.Job instance at 0x7fdfaf7ebb40>,18,13,[7 1],19,-1,46,-1,33
1,<environment.Job instance at 0x7fdfaf7ebe10>,19,16,[2 6],20,-1,53,-1,37
1,<environment.Job instance at 0x7fdfaf5ee9b0>,20,3,[ 2 10],21,-1,40,-1,37
1,<environment.Job instance at 0x7fdfaf7fe780>,21,16,[ 5 13],22,-1,53,-1,37
1,<environment.Job instance at 0x7fdfaf7feb90>,22,3,[9 1],23,-1,40,-1,37
1,<environment.Job instance at 0x7fdfaf3dfeb0>,23,24,[5 6],24,-1,61,-1,37
1,<environment.Job instance at 0x7fdfaf3df0f0>,24,2,[3 5],25,-1,39,-1,37
1,<environment.Job instance at 0x7fdfaf90eb90>,25,17,[1 8],26,-1,54,-1,37
1,<environment.Job instance at 0x7fdfaf3dfb90>,26,14,[ 3 14],27,-1,51,-1,37
1,<environment.Job instance at 0x7fdfaf90e050>,27,24,[3 9],28,-1,61,-1,37
1,<environment.Job instance at 0x7fdfaf3da280>,28,17,[9 1],29,-1,58,-1,41
1,<environment.Job instance at 0x7fdfaf4dad70>,32,1,[ 2 11],33,-1,42,-1,41
1,<environment.Job instance at 0x7fdfaf7fab40>,33,27,[ 3 14],34,-1,68,-1,41
1,<environment.Job instance at 0x7fdfaf94e410>,34,12,[3 5],35,-1,53,-1,41
1,<environment.Job instance at 0x7fdfaf926320>,36,28,[5 2],37,-1,78,-1,50
1,<environment.Job instance at 0x7fdfaf7d0960>,37,28,[13  5],38,-1,78,-1,50
1,<environment.Job instance at 0x7fdfaf76dbe0>,38,3,[10  3],39,-1,53,-1,50
1,<environment.Job instance at 0x7fdfaf76d910>,40,22,[5 6],41,-1,82,-1,60
1,<environment.Job instance at 0x7fdfaf7d02d0>,42,3,[2 8],43,-1,67,-1,64
1,<environment.Job instance at 0x7fdfaf98e6e0>,43,14,[8 1],44,-1,78,-1,64
1,<environment.Job instance at 0x7fdfafe0c6e0>,44,1,[ 1 10],45,-1,65,-1,64
1,<environment.Job instance at 0x7fdfaf94cc80>,45,17,[9 1],46,-1,86,-1,69
1,<environment.Job instance at 0x7fdfaf3849b0>,46,14,[ 2 10],47,-1,83,-1,69
1,<environment.Job instance at 0x7fdfaf384b90>,48,2,[7 2],49,-1,77,-1,75
1,<environment.Job instance at 0x7fdfb016deb0>,49,15,[ 5 10],50,-1,90,-1,75
1,<environment.Job instance at 0x7fdfb016d7d0>,51,25,[7 3],52,-1,102,-1,77
1,<environment.Job instance at 0x7fdfaf7b9230>,52,20,[2 8],53,-1,97,-1,77
1,<environment.Job instance at 0x7fdfaf7b91e0>,53,27,[ 5 13],54,-1,104,-1,77
1,<environment.Job instance at 0x7fdfaf7b99b0>,54,13,[14  5],55,-1,90,-1,77
1,<environment.Job instance at 0x7fdfaf7b90f0>,55,12,[ 4 13],56,-1,89,-1,77
1,<environment.Job instance at 0x7fdfaf38b230>,56,21,[5 4],57,-1,104,-1,83
1,<environment.Job instance at 0x7fdfaf38b3c0>,57,14,[ 3 12],58,-1,97,-1,83
1,<environment.Job instance at 0x7fdfaf38b320>,58,23,[7 3],59,-1,106,-1,83
1,<environment.Job instance at 0x7fdfaf38bd70>,59,27,[5 8],60,-1,110,-1,83
1,<environment.Job instance at 0x7fdfaf38b0a0>,60,21,[5 6],61,-1,106,-1,85
1,<environment.Job instance at 0x7fdfaf38b550>,62,1,[ 4 10],63,-1,88,-1,87
1,<environment.Job instance at 0x7fdfaf38be10>,63,23,[10  3],64,-1,110,-1,87
1,<environment.Job instance at 0x7fdfaf38b2d0>,64,24,[4 8],65,-1,111,-1,87
1,<environment.Job instance at 0x7fdfaf38ba50>,65,26,[14  5],66,-1,113,-1,87
1,<environment.Job instance at 0x7fdfaf38bb40>,66,1,[8 1],67,-1,88,-1,87
1,<environment.Job instance at 0x7fdfaf93caf0>,68,2,[7 2],69,-1,95,-1,93
1,<environment.Job instance at 0x7fdfaf93ccd0>,69,1,[1 5],70,-1,94,-1,93
1,<environment.Job instance at 0x7fdfaf93cf50>,70,1,[1 6],71,-1,94,-1,93
1,<environment.Job instance at 0x7fdfaf414730>,72,28,[12  4],73,-1,127,-1,99
1,<environment.Job instance at 0x7fdfaf93c0f0>,73,1,[11  1],74,-1,100,-1,99
1,<environment.Job instance at 0x7fdfb0875c30>,75,14,[8 2],76,-1,118,-1,104
1,<environment.Job instance at 0x7fdfb0875820>,76,2,[4 9],77,-1,106,-1,104
1,<environment.Job instance at 0x7fdfaf3d6410>,77,28,[7 5],78,-1,132,-1,104
1,<environment.Job instance at 0x7fdfaf33ceb0>,80,21,[9 1],81,-1,154,-1,133
1,<environment.Job instance at 0x7fdfaf33cdc0>,82,19,[2 7],83,-1,154,-1,135
1,<environment.Job instance at 0x7fdfaf33c820>,83,24,[1 9],84,-1,159,-1,135
1,<environment.Job instance at 0x7fdfaf33c460>,84,25,[ 3 10],85,-1,160,-1,135
1,<environment.Job instance at 0x7fdfaf33ccd0>,86,1,[2 5],87,-1,138,-1,137
1,<environment.Job instance at 0x7fdfaf33c730>,87,2,[13  5],88,-1,139,-1,137
1,<environment.Job instance at 0x7fdfaf33c370>,88,17,[7 3],89,-1,154,-1,137
1,<environment.Job instance at 0x7fdfaf33cf50>,89,18,[11  5],90,-1,155,-1,137
1,<environment.Job instance at 0x7fdfaf33c230>,90,28,[7 2],91,-1,165,-1,137
1,<environment.Job instance at 0x7fdfaf33c2d0>,91,20,[8 3],92,-1,157,-1,137
1,<environment.Job instance at 0x7fdfaf33c550>,92,25,[5 7],93,-1,162,-1,137
1,<environment.Job instance at 0x7fdfaf33c910>,93,18,[5 7],94,-1,155,-1,137
1,<environment.Job instance at 0x7fdfaf33c1e0>,94,12,[3 8],95,-1,149,-1,137
1,<environment.Job instance at 0x7fdfaf33c050>,95,21,[ 5 13],96,-1,158,-1,137
1,<environment.Job instance at 0x7fdfaf33c6e0>,96,13,[1 9],97,-1,150,-1,137
1,<environment.Job instance at 0x7fdfaf33cd20>,97,16,[4 5],98,-1,153,-1,137
1,<environment.Job instance at 0x7fdfaf33c320>,98,17,[13  2],99,-1,154,-1,137
1,<environment.Job instance at 0x7fdfaf3412d0>,99,22,[12  5],100,-1,159,-1,137
1,<environment.Job instance at 0x7fdfaf341fa0>,100,23,[7 1],101,-1,160,-1,137
1,<environment.Job instance at 0x7fdfaf3415f0>,101,17,[10  4],102,-1,154,-1,137
1,<environment.Job instance at 0x7fdfaf341b90>,102,2,[2 5],103,-1,139,-1,137
1,<environment.Job instance at 0x7fdfaf341320>,103,16,[8 4],104,-1,153,-1,137
1,<environment.Job instance at 0x7fdfaf341c30>,104,12,[ 2 13],105,-1,149,-1,137
1,<environment.Job instance at 0x7fdfaf341e10>,105,1,[4 9],106,-1,138,-1,137
1,<environment.Job instance at 0x7fdfaf341af0>,106,15,[5 7],107,-1,152,-1,137
1,<environment.Job instance at 0x7fdfaf341780>,107,24,[10  2],108,-1,161,-1,137
1,<environment.Job instance at 0x7fdfaf341f00>,108,14,[ 5 14],109,-1,151,-1,137
1,<environment.Job instance at 0x7fdfaf3419b0>,109,1,[10  1],110,-1,138,-1,137
1,<environment.Job instance at 0x7fdfaf341d70>,110,12,[8 1],111,-1,149,-1,137
1,<environment.Job instance at 0x7fdfaf6f1b40>,2,18,[ 5 11],3,-1,21,-1,3
1,<environment.Job instance at 0x7fdfafb4d870>,4,25,[4 9],5,-1,30,-1,5
1,<environment.Job instance at 0x7fdfb07f97d0>,5,18,[ 1 12],6,-1,24,-1,6
1,<environment.Job instance at 0x7fdfb07f0b40>,14,28,[5 5],15,-1,43,-1,15
1,<environment.Job instance at 0x7fdfb07f0f50>,15,19,[ 1 12],16,-1,35,-1,16
1,<environment.Job instance at 0x7fdfb07fac80>,16,24,[10  2],17,-1,41,-1,17
1,<environment.Job instance at 0x7fdfb07fa500>,17,2,[ 4 13],18,-1,20,-1,18
1,<environment.Job instance at 0x7fdfb07fa3c0>,18,19,[ 5 10],19,-1,57,-1,38
1,<environment.Job instance at 0x7fdfb07f79b0>,24,12,[ 4 13],25,-1,50,-1,38
1,<environment.Job instance at 0x7fdfb07f7870>,25,24,[5 3],26,-1,62,-1,38
1,<environment.Job instance at 0x7fdfb07f7230>,26,1,[5 7],27,-1,39,-1,38
1,<environment.Job instance at 0x7fdfb07f7af0>,28,3,[12  3],29,-1,41,-1,38
1,<environment.Job instance at 0x7fdfb07f76e0>,29,3,[5 3],30,-1,41,-1,38
1,<environment.Job instance at 0x7fdfb07f7b90>,30,12,[13  4],31,-1,50,-1,38
1,<environment.Job instance at 0x7fdfb07f7410>,33,12,[8 2],34,-1,70,-1,58
1,<environment.Job instance at 0x7fdfb07e2460>,35,15,[13  4],36,-1,82,-1,67
1,<environment.Job instance at 0x7fdfb07e25f0>,36,3,[9 1],37,-1,70,-1,67
1,<environment.Job instance at 0x7fdfb07e2730>,37,1,[7 4],38,-1,68,-1,67
1,<environment.Job instance at 0x7fdfaf2d6b40>,39,26,[14  4],40,-1,93,-1,67
1,<environment.Job instance at 0x7fdfaf71ddc0>,41,14,[4 9],42,-1,93,-1,79
1,<environment.Job instance at 0x7fdfaf71d140>,42,18,[14  1],43,-1,97,-1,79
1,<environment.Job instance at 0x7fdfaf71d190>,43,24,[9 2],44,-1,103,-1,79
1,<environment.Job instance at 0x7fdfb07f05a0>,45,15,[ 5 11],46,-1,94,-1,79
1,<environment.Job instance at 0x7fdfaf71d050>,46,27,[2 7],47,-1,106,-1,79
1,<environment.Job instance at 0x7fdfaf71db40>,47,1,[5 1],48,-1,80,-1,79
1,<environment.Job instance at 0x7fdfaf303c80>,48,16,[ 3 12],49,-1,95,-1,79
1,<environment.Job instance at 0x7fdfaf303500>,49,12,[ 3 12],50,-1,91,-1,79
1,<environment.Job instance at 0x7fdfaf307be0>,50,13,[ 3 12],51,-1,92,-1,79
1,<environment.Job instance at 0x7fdfaf2b36e0>,51,24,[ 4 10],52,-1,103,-1,79
1,<environment.Job instance at 0x7fdfaf2b3910>,52,25,[11  2],53,-1,104,-1,79
1,<environment.Job instance at 0x7fdfaf2b3d70>,53,1,[ 1 14],54,-1,80,-1,79
1,<environment.Job instance at 0x7fdfaf69c910>,55,12,[ 3 10],56,-1,107,-1,95
1,<environment.Job instance at 0x7fdfaf2b39b0>,57,13,[8 5],58,-1,109,-1,96
1,<environment.Job instance at 0x7fdfaf2b5820>,58,13,[3 9],59,-1,109,-1,96
1,<environment.Job instance at 0x7fdfaf2a68c0>,59,14,[ 2 11],60,-1,110,-1,96
1,<environment.Job instance at 0x7fdfaf2acf00>,61,3,[5 9],62,-1,99,-1,96
1,<environment.Job instance at 0x7fdfaf2ac0f0>,62,2,[6 4],63,-1,98,-1,96
1,<environment.Job instance at 0x7fdfafb540f0>,63,2,[3 5],64,-1,98,-1,96
1,<environment.Job instance at 0x7fdfb07f9dc0>,64,15,[2 5],65,-1,111,-1,96
1,<environment.Job instance at 0x7fdfaf2c3e10>,67,2,[2 9],68,-1,115,-1,113
1,<environment.Job instance at 0x7fdfaf2c3b90>,68,15,[9 1],69,-1,130,-1,115
1,<environment.Job instance at 0x7fdfaf2c36e0>,69,1,[3 6],70,-1,116,-1,115
1,<environment.Job instance at 0x7fdfaf2c3410>,70,13,[6 1],71,-1,128,-1,115
1,<environment.Job instance at 0x7fdfaf2cf230>,73,13,[12  5],74,-1,150,-1,137
1,<environment.Job instance at 0x7fdfaf2cf0a0>,74,13,[ 5 10],75,-1,150,-1,137
1,<environment.Job instance at 0x7fdfaf2e7050>,3,26,[ 3 14],4,-1,30,-1,4
1,<environment.Job instance at 0x7fdfaf2e74b0>,4,15,[11  5],5,-1,21,-1,6
1,<environment.Job instance at 0x7fdfaf2e7af0>,7,25,[8 4],8,-1,33,-1,8
1,<environment.Job instance at 0x7fdfaf2e75f0>,10,18,[ 4 12],11,-1,29,-1,11
1,<environment.Job instance at 0x7fdfafa1c0f0>,15,15,[ 1 10],16,-1,36,-1,21
1,<environment.Job instance at 0x7fdfafa1cb40>,19,2,[10  4],20,-1,37,-1,35
1,<environment.Job instance at 0x7fdfafa1ce60>,20,26,[1 6],21,-1,61,-1,35
1,<environment.Job instance at 0x7fdfafa1cbe0>,21,23,[5 5],22,-1,60,-1,37
1,<environment.Job instance at 0x7fdfafa1c5a0>,22,1,[12  2],23,-1,38,-1,37
1,<environment.Job instance at 0x7fdfafa1cdc0>,23,15,[14  2],24,-1,52,-1,37
1,<environment.Job instance at 0x7fdfafa1c780>,25,3,[12  1],26,-1,40,-1,37
1,<environment.Job instance at 0x7fdfafa1cc80>,26,13,[11  4],27,-1,50,-1,37
1,<environment.Job instance at 0x7fdfaf2a9780>,27,28,[6 1],28,-1,65,-1,37
1,<environment.Job instance at 0x7fdfaf2a9f00>,28,3,[14  3],29,-1,40,-1,37
1,<environment.Job instance at 0x7fdfaf2a9c30>,29,1,[14  5],30,-1,38,-1,37
1,<environment.Job instance at 0x7fdfaf2a9910>,30,27,[10  3],31,-1,64,-1,37
1,<environment.Job instance at 0x7fdfaf2a9550>,31,1,[7 2],32,-1,38,-1,37
1,<environment.Job instance at 0x7fdfaf2a9be0>,32,2,[3 7],33,-1,39,-1,37
1,<environment.Job instance at 0x7fdfaf2a61e0>,38,2,[4 7],39,-1,85,-1,83
1,<environment.Job instance at 0x7fdfaf2a6320>,39,21,[ 1 12],40,-1,104,-1,83
1,<environment.Job instance at 0x7fdfaf2a6aa0>,41,13,[13  4],42,-1,100,-1,87
1,<environment.Job instance at 0x7fdfaf2a6a50>,42,24,[10  4],43,-1,111,-1,87
1,<environment.Job instance at 0x7fdfaf2a63c0>,44,17,[ 2 11],45,-1,120,-1,103
1,<environment.Job instance at 0x7fdfaf2a6910>,46,1,[ 2 11],47,-1,119,-1,118
1,<environment.Job instance at 0x7fdfaf2a6690>,47,25,[7 5],48,-1,143,-1,118
1,<environment.Job instance at 0x7fdfaf2a6410>,49,2,[ 2 13],50,-1,120,-1,118
1,<environment.Job instance at 0x7fdfaf2a60f0>,50,14,[ 1 13],51,-1,132,-1,118
1,<environment.Job instance at 0x7fdfaf2a6e10>,51,23,[9 4],52,-1,142,-1,119
1,<environment.Job instance at 0x7fdfaf2e4410>,52,28,[8 5],53,-1,147,-1,119
1,<environment.Job instance at 0x7fdfaf2e4be0>,54,23,[8 4],55,-1,153,-1,130
1,<environment.Job instance at 0x7fdfaf26f0a0>,4,12,[11  2],5,-1,17,-1,5
1,<environment.Job instance at 0x7fdfaff0bd20>,7,21,[11  1],8,-1,29,-1,8
1,<environment.Job instance at 0x7fdfaff0b870>,8,1,[ 5 10],9,-1,10,-1,9
1,<environment.Job instance at 0x7fdfaff0bdc0>,9,24,[8 3],10,-1,34,-1,10
1,<environment.Job instance at 0x7fdfaff0b960>,10,14,[11  2],11,-1,25,-1,11
1,<environment.Job instance at 0x7fdfaff0beb0>,11,23,[ 5 10],12,-1,35,-1,12
1,<environment.Job instance at 0x7fdfaff0be10>,12,25,[ 2 14],13,-1,38,-1,13
1,<environment.Job instance at 0x7fdfaff0bcd0>,13,12,[ 3 13],14,-1,26,-1,14
1,<environment.Job instance at 0x7fdfb07faa50>,23,13,[11  2],24,-1,90,-1,77
1,<environment.Job instance at 0x7fdfb07fac80>,24,13,[12  3],25,-1,90,-1,77
1,<environment.Job instance at 0x7fdfb07fa7d0>,26,1,[10  5],27,-1,80,-1,79
1,<environment.Job instance at 0x7fdfaf27fa50>,28,24,[14  3],29,-1,103,-1,79
1,<environment.Job instance at 0x7fdfaf27fcd0>,29,25,[ 5 10],30,-1,104,-1,79
1,<environment.Job instance at 0x7fdfaf27f1e0>,30,16,[ 3 12],31,-1,95,-1,79
1,<environment.Job instance at 0x7fdfaf27f5f0>,35,3,[7 1],36,-1,126,-1,123
1,<environment.Job instance at 0x7fdfaf27f3c0>,37,18,[ 5 12],38,-1,141,-1,123
1,<environment.Job instance at 0x7fdfafc9eaa0>,5,25,[5 5],6,-1,33,-1,8
1,<environment.Job instance at 0x7fdfafbfd0a0>,8,15,[12  4],9,-1,24,-1,9
1,<environment.Job instance at 0x7fdfafbfd1e0>,9,27,[10  3],10,-1,37,-1,10
1,<environment.Job instance at 0x7fdfafbfd370>,10,1,[ 1 11],11,-1,14,-1,13
1,<environment.Job instance at 0x7fdfafbfd6e0>,11,18,[ 2 12],12,-1,31,-1,13
1,<environment.Job instance at 0x7fdfafbfd5a0>,12,22,[ 2 11],13,-1,35,-1,13
1,<environment.Job instance at 0x7fdfafbfdc80>,13,23,[8 4],14,-1,41,-1,18
1,<environment.Job instance at 0x7fdfafc06690>,17,3,[5 6],18,-1,21,-1,18
1,<environment.Job instance at 0x7fdfafc06fa0>,18,24,[2 6],19,-1,43,-1,19
1,<environment.Job instance at 0x7fdfafbf7050>,22,27,[ 2 10],23,-1,76,-1,49
1,<environment.Job instance at 0x7fdfafbf7370>,23,2,[1 5],24,-1,51,-1,49
1,<environment.Job instance at 0x7fdfafbf77d0>,24,1,[11  5],25,-1,50,-1,49
1,<environment.Job instance at 0x7fdfafbf79b0>,25,14,[ 5 14],26,-1,63,-1,49
1,<environment.Job instance at 0x7fdfafbf7f00>,27,25,[9 2],28,-1,75,-1,50
1,<environment.Job instance at 0x7fdfb045ef50>,28,17,[3 5],29,-1,86,-1,69
1,<environment.Job instance at 0x7fdfaf419c30>,33,19,[ 3 10],34,-1,88,-1,69
1,<environment.Job instance at 0x7fdfaf3726e0>,39,28,[ 2 10],40,-1,137,-1,109
1,<environment.Job instance at 0x7fdfaf39ca00>,41,16,[ 2 10],42,-1,136,-1,120
1,<environment.Job instance at 0x7fdfaf39c640>,42,21,[ 3 14],43,-1,141,-1,120
1,<environment.Job instance at 0x7fdfaf3d6d70>,43,21,[ 2 10],44,-1,141,-1,120
1,<environment.Job instance at 0x7fdfb047e6e0>,46,21,[13  5],47,-1,148,-1,127
1,<environment.Job instance at 0x7fdfaf8f8af0>,2,15,[ 3 13],3,-1,18,-1,3
1,<environment.Job instance at 0x7fdfaf8f8be0>,5,24,[9 2],6,-1,30,-1,6
1,<environment.Job instance at 0x7fdfaf8f8dc0>,7,17,[ 3 12],8,-1,25,-1,8
1,<environment.Job instance at 0x7fdfaf8f8780>,8,2,[7 4],9,-1,11,-1,9
1,<environment.Job instance at 0x7fdfaf8f8a00>,9,2,[4 6],10,-1,12,-1,10
1,<environment.Job instance at 0x7fdfaf8f8140>,10,2,[12  2],11,-1,13,-1,11
1,<environment.Job instance at 0x7fdfaf8f8e60>,11,17,[13  5],12,-1,29,-1,12
1,<environment.Job instance at 0x7fdfaf8f8fa0>,14,15,[ 5 12],15,-1,30,-1,15
1,<environment.Job instance at 0x7fdfaf8f82d0>,15,19,[ 4 10],16,-1,35,-1,16
1,<environment.Job instance at 0x7fdfaf8f86e0>,12,2,[1 6],13,-1,23,-1,21
1,<environment.Job instance at 0x7fdfb06e3c80>,24,26,[2 6],25,-1,75,-1,49
1,<environment.Job instance at 0x7fdfafc067d0>,1,24,[13  5],2,-1,26,-1,2
1,<environment.Job instance at 0x7fdfaf6aaf00>,5,27,[ 3 10],6,-1,33,-1,6
1,<environment.Job instance at 0x7fdfaf39eb40>,7,12,[14  1],8,-1,20,-1,8
1,<environment.Job instance at 0x7fdfaf6c17d0>,16,13,[11  4],17,-1,33,-1,20
1,<environment.Job instance at 0x7fdfaf6c1b90>,20,1,[7 2],21,-1,46,-1,45
1,<environment.Job instance at 0x7fdfaf6c1c80>,22,2,[8 5],23,-1,51,-1,49
1,<environment.Job instance at 0x7fdfb02f0550>,23,3,[10  2],24,-1,52,-1,49
1,<environment.Job instance at 0x7fdfaf6d9500>,26,2,[5 7],27,-1,73,-1,71
1,<environment.Job instance at 0x7fdfaf6d9640>,28,14,[11  2],29,-1,92,-1,78
1,<environment.Job instance at 0x7fdfaf6d9780>,29,23,[12  3],30,-1,101,-1,78
1,<environment.Job instance at 0x7fdfaf6d96e0>,30,28,[4 7],31,-1,106,-1,78
1,<environment.Job instance at 0x7fdfaf6d95a0>,31,3,[6 5],32,-1,81,-1,78
1,<environment.Job instance at 0x7fdfb0002730>,33,16,[11  4],34,-1,104,-1,88
1,<environment.Job instance at 0x7fdfb02c9b40>,34,24,[1 7],35,-1,114,-1,90
1,<environment.Job instance at 0x7fdfb001c8c0>,36,17,[13  2],37,-1,107,-1,90
1,<environment.Job instance at 0x7fdfb001ccd0>,37,1,[3 9],38,-1,91,-1,90
1,<environment.Job instance at 0x7fdfb02ff320>,38,23,[13  4],39,-1,113,-1,90
1,<environment.Job instance at 0x7fdfb0358690>,40,26,[1 9],41,-1,122,-1,96
1,<environment.Job instance at 0x7fdfb03580a0>,41,25,[5 4],42,-1,121,-1,96
1,<environment.Job instance at 0x7fdfb03585a0>,42,22,[ 2 10],43,-1,118,-1,96
1,<environment.Job instance at 0x7fdfaf6bf780>,43,3,[13  4],44,-1,99,-1,96
1,<environment.Job instance at 0x7fdfaf6bffa0>,45,12,[13  4],46,-1,120,-1,108
1,<environment.Job instance at 0x7fdfb037e4b0>,47,19,[12  3],48,-1,143,-1,124
1,<environment.Job instance at 0x7fdfb037ecd0>,48,17,[ 5 11],49,-1,141,-1,124
1,<environment.Job instance at 0x7fdfb02e9500>,49,2,[ 1 10],50,-1,126,-1,124
1,<environment.Job instance at 0x7fdfb02e90f0>,2,25,[3 6],3,-1,28,-1,3
1,<environment.Job instance at 0x7fdfaf2b4d20>,6,1,[9 1],7,-1,9,-1,8
1,<environment.Job instance at 0x7fdfaf2b4d70>,8,3,[ 4 10],9,-1,12,-1,9
1,<environment.Job instance at 0x7fdfaf2b4910>,9,2,[12  3],10,-1,12,-1,10
1,<environment.Job instance at 0x7fdfaf2b4230>,10,3,[14  2],11,-1,14,-1,11
1,<environment.Job instance at 0x7fdfaf2b4140>,11,13,[12  4],12,-1,25,-1,12
1,<environment.Job instance at 0x7fdfb041be60>,16,14,[11  5],17,-1,39,-1,25
1,<environment.Job instance at 0x7fdfb041b690>,18,24,[ 3 11],19,-1,49,-1,25
1,<environment.Job instance at 0x7fdfb041ba50>,22,12,[13  3],23,-1,52,-1,40
1,<environment.Job instance at 0x7fdfb041b460>,25,27,[12  3],26,-1,86,-1,59
1,<environment.Job instance at 0x7fdfb041bd70>,27,26,[ 4 11],28,-1,100,-1,74
1,<environment.Job instance at 0x7fdfb041bdc0>,30,24,[ 5 12],31,-1,102,-1,78
1,<environment.Job instance at 0x7fdfb041b2d0>,31,2,[1 7],32,-1,80,-1,78
1,<environment.Job instance at 0x7fdfb03450a0>,32,3,[ 3 12],33,-1,81,-1,78
1,<environment.Job instance at 0x7fdfb0345190>,34,14,[14  5],35,-1,103,-1,89
1,<environment.Job instance at 0x7fdfb0345140>,35,14,[ 3 12],36,-1,103,-1,89
1,<environment.Job instance at 0x7fdfb0345a00>,37,19,[ 4 11],38,-1,113,-1,94
1,<environment.Job instance at 0x7fdfb0345870>,39,2,[11  4],40,-1,105,-1,103
1,<environment.Job instance at 0x7fdfb0345b90>,42,20,[ 4 10],43,-1,142,-1,122
1,<environment.Job instance at 0x7fdfb0345960>,43,1,[ 3 10],44,-1,123,-1,122
1,<environment.Job instance at 0x7fdfb0345050>,46,2,[ 1 11],47,-1,137,-1,135
1,<environment.Job instance at 0x7fdfb03458c0>,47,14,[11  4],48,-1,150,-1,136
1,<environment.Job instance at 0x7fdfb0345b40>,48,24,[ 4 11],49,-1,160,-1,136
1,<environment.Job instance at 0x7fdfaf41ef50>,49,24,[4 8],50,-1,160,-1,136
1,<environment.Job instance at 0x7fdfaf144910>,6,26,[5 4],7,-1,33,-1,7
1,<environment.Job instance at 0x7fdfaefed4b0>,7,18,[ 1 11],8,-1,26,-1,8
1,<environment.Job instance at 0x7fdfaefed8c0>,8,13,[ 2 12],9,-1,22,-1,9
1,<environment.Job instance at 0x7fdfaefed140>,14,26,[8 5],15,-1,41,-1,15
1,<environment.Job instance at 0x7fdfaefed0f0>,15,25,[5 5],16,-1,41,-1,16
1,<environment.Job instance at 0x7fdfaefed190>,16,26,[8 5],17,-1,43,-1,17
1,<environment.Job instance at 0x7fdfaefedf00>,17,3,[4 5],18,-1,21,-1,18
1,<environment.Job instance at 0x7fdfaefed320>,18,20,[ 1 10],19,-1,41,-1,21
1,<environment.Job instance at 0x7fdfaefedfa0>,21,23,[2 9],22,-1,45,-1,22
1,<environment.Job instance at 0x7fdfaefed410>,24,15,[ 3 11],25,-1,46,-1,31
1,<environment.Job instance at 0x7fdfaefed730>,25,20,[ 4 12],26,-1,51,-1,31
1,<environment.Job instance at 0x7fdfaefedc30>,26,28,[5 8],27,-1,59,-1,31
1,<environment.Job instance at 0x7fdfaef89370>,27,17,[ 3 14],28,-1,48,-1,31
1,<environment.Job instance at 0x7fdfaef89280>,28,27,[ 3 10],29,-1,58,-1,31
1,<environment.Job instance at 0x7fdfaef89550>,30,14,[4 9],31,-1,51,-1,37
1,<environment.Job instance at 0x7fdfaef89a00>,31,22,[ 1 10],32,-1,59,-1,37
1,<environment.Job instance at 0x7fdfaef89230>,32,2,[14  1],33,-1,39,-1,37
1,<environment.Job instance at 0x7fdfaef89d70>,34,22,[ 2 10],35,-1,71,-1,49
1,<environment.Job instance at 0x7fdfaef89140>,35,25,[2 8],36,-1,74,-1,49
1,<environment.Job instance at 0x7fdfaef89820>,39,2,[ 5 11],40,-1,65,-1,63
1,<environment.Job instance at 0x7fdfaef898c0>,40,1,[8 2],41,-1,64,-1,63
1,<environment.Job instance at 0x7fdfaef89fa0>,43,16,[2 7],44,-1,95,-1,79
1,<environment.Job instance at 0x7fdfaef89b40>,44,13,[ 3 10],45,-1,92,-1,79
1,<environment.Job instance at 0x7fdfaef89f50>,45,12,[5 9],46,-1,91,-1,79
1,<environment.Job instance at 0x7fdfaef89d20>,46,24,[14  3],47,-1,103,-1,79
1,<environment.Job instance at 0x7fdfaef89190>,47,15,[1 7],48,-1,94,-1,79
1,<environment.Job instance at 0x7fdfb0317690>,49,2,[13  4],50,-1,81,-1,79
1,<environment.Job instance at 0x7fdfaf0fe1e0>,50,22,[12  2],51,-1,101,-1,79
1,<environment.Job instance at 0x7fdfaf0fee10>,52,2,[14  5],53,-1,87,-1,85
1,<environment.Job instance at 0x7fdfaf0fe640>,53,28,[ 3 11],54,-1,113,-1,85
1,<environment.Job instance at 0x7fdfaf0fe410>,54,12,[ 2 14],55,-1,97,-1,85
1,<environment.Job instance at 0x7fdfaf0fe500>,55,18,[14  4],56,-1,103,-1,85
1,<environment.Job instance at 0x7fdfaf0fe4b0>,56,14,[12  5],57,-1,99,-1,85
1,<environment.Job instance at 0x7fdfaf0fe8c0>,57,28,[9 4],58,-1,113,-1,85
1,<environment.Job instance at 0x7fdfaf0fee60>,58,28,[13  4],59,-1,113,-1,85
1,<environment.Job instance at 0x7fdfaf0fe870>,59,16,[ 3 13],60,-1,101,-1,85
1,<environment.Job instance at 0x7fdfaf0fea00>,60,3,[6 5],61,-1,88,-1,85
1,<environment.Job instance at 0x7fdfaf0fe5a0>,61,1,[ 2 13],62,-1,86,-1,85
1,<environment.Job instance at 0x7fdfaf0febe0>,63,20,[ 5 10],64,-1,107,-1,87
1,<environment.Job instance at 0x7fdfaf0feaf0>,64,3,[5 2],65,-1,90,-1,87
1,<environment.Job instance at 0x7fdfaf0fe910>,65,18,[ 4 12],66,-1,105,-1,87
1,<environment.Job instance at 0x7fdfaf0fe3c0>,66,14,[10  3],67,-1,103,-1,89
1,<environment.Job instance at 0x7fdfaf0fe0f0>,68,21,[3 9],69,-1,125,-1,104
1,<environment.Job instance at 0x7fdfaf0fe7d0>,71,23,[ 4 10],72,-1,127,-1,104
1,<environment.Job instance at 0x7fdfaf0ff0a0>,72,3,[9 5],73,-1,107,-1,104
1,<environment.Job instance at 0x7fdfafb44dc0>,73,13,[3 9],74,-1,117,-1,104
1,<environment.Job instance at 0x7fdfafb44910>,76,2,[8 5],77,-1,136,-1,134
1,<environment.Job instance at 0x7fdfafb44a00>,77,14,[14  1],78,-1,148,-1,134
1,<environment.Job instance at 0x7fdfafb44cd0>,78,24,[8 5],79,-1,158,-1,134
1,<environment.Job instance at 0x7fdfafb44be0>,79,3,[14  5],80,-1,137,-1,134
1,<environment.Job instance at 0x7fdfb8f06320>,2,24,[2 9],3,-1,29,-1,5
1,<environment.Job instance at 0x7fdfafb44640>,4,14,[13  4],5,-1,19,-1,5
1,<environment.Job instance at 0x7fdfb8f06550>,8,1,[1 5],9,-1,10,-1,9
1,<environment.Job instance at 0x7fdfb0655190>,10,2,[ 3 14],11,-1,13,-1,11
1,<environment.Job instance at 0x7fdfb0655dc0>,12,27,[7 4],13,-1,40,-1,13
1,<environment.Job instance at 0x7fdfb0655e10>,16,15,[1 8],17,-1,73,-1,58
1,<environment.Job instance at 0x7fdfb0655d70>,22,23,[ 3 11],23,-1,81,-1,58
1,<environment.Job instance at 0x7fdfb0655b40>,23,14,[ 4 13],24,-1,72,-1,58
1,<environment.Job instance at 0x7fdfb0655690>,24,26,[9 3],25,-1,84,-1,58
1,<environment.Job instance at 0x7fdfb0655cd0>,25,16,[ 5 10],26,-1,80,-1,64
1,<environment.Job instance at 0x7fdfb0655410>,27,20,[ 4 14],28,-1,84,-1,64
1,<environment.Job instance at 0x7fdfb0655320>,29,14,[12  5],30,-1,87,-1,73
1,<environment.Job instance at 0x7fdfb0655230>,30,25,[ 5 12],31,-1,98,-1,73
1,<environment.Job instance at 0x7fdfb06558c0>,31,13,[5 4],32,-1,86,-1,73
1,<environment.Job instance at 0x7fdfafd66eb0>,32,2,[14  2],33,-1,75,-1,73
1,<environment.Job instance at 0x7fdfafd664b0>,34,23,[6 4],35,-1,103,-1,80
1,<environment.Job instance at 0x7fdfafd66be0>,36,20,[ 1 11],37,-1,110,-1,90
1,<environment.Job instance at 0x7fdfafd66820>,37,13,[ 2 10],38,-1,103,-1,90
1,<environment.Job instance at 0x7fdfafd66410>,38,18,[ 5 13],39,-1,108,-1,90
1,<environment.Job instance at 0x7fdfafd66f50>,41,28,[1 5],42,-1,131,-1,103
1,<environment.Job instance at 0x7fdfafd66af0>,42,3,[9 4],43,-1,106,-1,103
1,<environment.Job instance at 0x7fdfafd66d70>,43,25,[8 1],44,-1,128,-1,103
1,<environment.Job instance at 0x7fdfafd66b40>,44,18,[ 1 10],45,-1,121,-1,103
1,<environment.Job instance at 0x7fdfafd66050>,45,12,[12  3],46,-1,115,-1,103
1,<environment.Job instance at 0x7fdfafd66320>,46,21,[7 4],47,-1,130,-1,109
1,<environment.Job instance at 0x7fdfafd66690>,5,28,[1 7],6,-1,35,-1,7
1,<environment.Job instance at 0x7fdfafea0d70>,7,14,[ 1 13],8,-1,22,-1,8
1,<environment.Job instance at 0x7fdfafea09b0>,8,1,[3 9],9,-1,10,-1,9
1,<environment.Job instance at 0x7fdfafea0e60>,9,13,[13  5],10,-1,23,-1,10
1,<environment.Job instance at 0x7fdfafea0320>,10,3,[12  1],11,-1,14,-1,11
1,<environment.Job instance at 0x7fdfafea0910>,12,24,[ 2 12],13,-1,37,-1,13
1,<environment.Job instance at 0x7fdfafea0280>,14,17,[ 5 14],15,-1,32,-1,15
1,<environment.Job instance at 0x7fdfb00e71e0>,19,2,[14  1],20,-1,23,-1,21
1,<environment.Job instance at 0x7fdfb00e7f00>,21,12,[ 4 12],22,-1,37,-1,25
1,<environment.Job instance at 0x7fdfb00e73c0>,22,12,[12  5],23,-1,37,-1,25
1,<environment.Job instance at 0x7fdfb00e7d20>,23,13,[ 2 10],24,-1,42,-1,29
1,<environment.Job instance at 0x7fdfb00e7cd0>,24,14,[12  2],25,-1,43,-1,29
1,<environment.Job instance at 0x7fdfb00e7a50>,25,3,[6 4],26,-1,32,-1,29
1,<environment.Job instance at 0x7fdfb00e72d0>,26,15,[ 1 12],27,-1,44,-1,29
1,<environment.Job instance at 0x7fdfb00e7190>,28,20,[9 1],29,-1,61,-1,41
1,<environment.Job instance at 0x7fdfb00e7b40>,31,23,[4 7],32,-1,78,-1,55
1,<environment.Job instance at 0x7fdfb00e70a0>,32,3,[5 5],33,-1,58,-1,55
1,<environment.Job instance at 0x7fdfb00e7c80>,33,20,[ 2 12],34,-1,75,-1,55
1,<environment.Job instance at 0x7fdfb00e7550>,34,25,[9 4],35,-1,80,-1,55
1,<environment.Job instance at 0x7fdfb00e7230>,35,24,[5 1],36,-1,79,-1,55
1,<environment.Job instance at 0x7fdfafa64fa0>,39,22,[3 7],40,-1,96,-1,74
1,<environment.Job instance at 0x7fdfafa64f50>,40,24,[ 1 10],41,-1,98,-1,74
1,<environment.Job instance at 0x7fdfafa64af0>,41,26,[10  5],42,-1,100,-1,74
1,<environment.Job instance at 0x7fdfafa64410>,42,3,[5 1],43,-1,77,-1,74
1,<environment.Job instance at 0x7fdfafa64050>,43,21,[13  3],44,-1,95,-1,74
1,<environment.Job instance at 0x7fdfafa64f00>,49,3,[ 1 12],50,-1,97,-1,94
1,<environment.Job instance at 0x7fdfafa64190>,50,16,[13  4],51,-1,110,-1,94
1,<environment.Job instance at 0x7fdfafa64820>,51,19,[11  2],52,-1,113,-1,94
1,<environment.Job instance at 0x7fdfafa64c30>,52,2,[ 4 14],53,-1,96,-1,94
1,<environment.Job instance at 0x7fdfafa644b0>,54,15,[13  5],55,-1,125,-1,110
1,<environment.Job instance at 0x7fdfafa64780>,56,17,[ 4 10],57,-1,132,-1,115
1,<environment.Job instance at 0x7fdfb04fc050>,57,12,[10  1],58,-1,127,-1,115
1,<environment.Job instance at 0x7fdfb04fc3c0>,58,3,[4 6],59,-1,118,-1,115
1,<environment.Job instance at 0x7fdfb04fcb90>,60,27,[ 5 14],61,-1,142,-1,115
1,<environment.Job instance at 0x7fdfb04fca50>,61,22,[12  4],62,-1,137,-1,115
1,<environment.Job instance at 0x7fdfb04fc730>,62,2,[13  2],63,-1,117,-1,115
1,<environment.Job instance at 0x7fdfb04fc5f0>,64,1,[7 1],65,-1,123,-1,122
1,<environment.Job instance at 0x7fdfaf6c65a0>,1,27,[4 9],2,-1,29,-1,2
1,<environment.Job instance at 0x7fdfaf6c6d20>,3,19,[ 1 11],4,-1,23,-1,4
1,<environment.Job instance at 0x7fdfaf6c6b40>,5,3,[14  5],6,-1,9,-1,6
1,<environment.Job instance at 0x7fdfaf6c6280>,6,1,[8 1],7,-1,8,-1,7
1,<environment.Job instance at 0x7fdfaf6c6be0>,7,18,[12  5],8,-1,26,-1,8
1,<environment.Job instance at 0x7fdfaf6c6370>,8,3,[14  5],9,-1,12,-1,9
1,<environment.Job instance at 0x7fdfaf6c6230>,10,16,[ 2 12],11,-1,27,-1,11
1,<environment.Job instance at 0x7fdfb07734b0>,12,18,[12  1],13,-1,31,-1,13
1,<environment.Job instance at 0x7fdfaf6c62d0>,15,21,[12  4],16,-1,37,-1,16
1,<environment.Job instance at 0x7fdfb0773d20>,16,14,[ 3 12],17,-1,31,-1,17
1,<environment.Job instance at 0x7fdfb0773460>,18,2,[11  5],19,-1,21,-1,19
1,<environment.Job instance at 0x7fdfb0773280>,19,1,[8 3],20,-1,21,-1,20
1,<environment.Job instance at 0x7fdfb0773780>,20,28,[13  3],21,-1,49,-1,21
1,<environment.Job instance at 0x7fdfb0773690>,21,3,[ 4 10],22,-1,26,-1,23
1,<environment.Job instance at 0x7fdfb0773550>,23,2,[14  3],24,-1,26,-1,24
1,<environment.Job instance at 0x7fdfb07736e0>,24,3,[8 3],25,-1,28,-1,25
1,<environment.Job instance at 0x7fdfb0773e60>,25,1,[ 2 12],26,-1,27,-1,26
1,<environment.Job instance at 0x7fdfaf6c3640>,30,16,[ 1 13],31,-1,52,-1,36
1,<environment.Job instance at 0x7fdfaf6c3410>,31,18,[ 3 13],32,-1,54,-1,36
1,<environment.Job instance at 0x7fdfaf6c3be0>,33,27,[2 7],34,-1,85,-1,58
1,<environment.Job instance at 0x7fdfaf6c3aa0>,34,15,[3 7],35,-1,96,-1,81
1,<environment.Job instance at 0x7fdfaf6c35f0>,40,25,[5 4],41,-1,130,-1,105
1,<environment.Job instance at 0x7fdfaf6c3500>,41,17,[ 5 11],42,-1,122,-1,105
1,<environment.Job instance at 0x7fdfaf6c3910>,42,15,[12  2],43,-1,120,-1,105
1,<environment.Job instance at 0x7fdfaf6c31e0>,43,28,[10  2],44,-1,133,-1,105
1,<environment.Job instance at 0x7fdfaf69c460>,44,18,[10  1],45,-1,123,-1,105
1,<environment.Job instance at 0x7fdfaf69c4b0>,45,1,[ 1 11],46,-1,106,-1,105
1,<environment.Job instance at 0x7fdfaf69cd20>,46,23,[5 5],47,-1,128,-1,105
1,<environment.Job instance at 0x7fdfaf69ca50>,47,21,[8 2],48,-1,127,-1,106
1,<environment.Job instance at 0x7fdfaf69c1e0>,48,2,[8 4],49,-1,108,-1,106
1,<environment.Job instance at 0x7fdfaf69cb90>,49,26,[ 4 13],50,-1,132,-1,106
1,<environment.Job instance at 0x7fdfaf69ca00>,50,3,[6 3],51,-1,109,-1,106
1,<environment.Job instance at 0x7fdfaf6c3370>,37,24,[12  2],38,-1,142,-1,118
1,<environment.Job instance at 0x7fdfaf69c050>,53,16,[ 1 14],54,-1,134,-1,118
1,<environment.Job instance at 0x7fdfaf69c230>,55,3,[12  5],56,-1,127,-1,124
1,<environment.Job instance at 0x7fdfaf35e0a0>,4,16,[13  2],5,-1,21,-1,5
1,<environment.Job instance at 0x7fdfaf35e190>,9,23,[9 3],10,-1,47,-1,24
1,<environment.Job instance at 0x7fdfaf35e6e0>,11,16,[ 3 13],12,-1,40,-1,24
1,<environment.Job instance at 0x7fdfaf35ef00>,17,3,[ 2 10],18,-1,48,-1,45
1,<environment.Job instance at 0x7fdfaf35e690>,18,22,[4 7],19,-1,134,-1,112
1,<environment.Job instance at 0x7fdfaf8d43c0>,24,27,[ 1 11],25,-1,139,-1,112
1,<environment.Job instance at 0x7fdfafd093c0>,9,13,[ 2 14],10,-1,23,-1,10
1,<environment.Job instance at 0x7fdfafd09730>,10,1,[7 3],11,-1,12,-1,11
1,<environment.Job instance at 0x7fdfafd09dc0>,11,12,[13  1],12,-1,24,-1,12
1,<environment.Job instance at 0x7fdfafd09b90>,13,3,[13  4],14,-1,17,-1,14
1,<environment.Job instance at 0x7fdfafd098c0>,14,23,[1 9],15,-1,46,-1,23
1,<environment.Job instance at 0x7fdfafd09cd0>,15,18,[ 2 10],16,-1,45,-1,27
1,<environment.Job instance at 0x7fdfafd090f0>,20,16,[ 4 14],21,-1,62,-1,46
1,<environment.Job instance at 0x7fdfaf559690>,24,18,[ 4 13],25,-1,91,-1,73
1,<environment.Job instance at 0x7fdfaf5595f0>,25,21,[3 7],26,-1,101,-1,80
1,<environment.Job instance at 0x7fdfaf559d20>,27,23,[6 1],28,-1,103,-1,80
1,<environment.Job instance at 0x7fdfaf559be0>,28,12,[5 9],29,-1,92,-1,80
1,<environment.Job instance at 0x7fdfaf559f00>,30,24,[4 5],31,-1,104,-1,80
1,<environment.Job instance at 0x7fdfaf559230>,31,13,[5 1],32,-1,93,-1,80
1,<environment.Job instance at 0x7fdfaf559c30>,32,1,[ 2 11],33,-1,81,-1,80
1,<environment.Job instance at 0x7fdfb02ff820>,33,19,[ 5 10],34,-1,99,-1,80
1,<environment.Job instance at 0x7fdfb02ff230>,34,16,[ 3 10],35,-1,96,-1,80
1,<environment.Job instance at 0x7fdfb02ff0f0>,35,15,[ 1 13],36,-1,95,-1,80
1,<environment.Job instance at 0x7fdfb02ff410>,36,25,[2 8],37,-1,105,-1,80
1,<environment.Job instance at 0x7fdfb02ff0a0>,39,3,[ 3 12],40,-1,98,-1,95
1,<environment.Job instance at 0x7fdfb02ff3c0>,40,18,[11  2],41,-1,113,-1,95
1,<environment.Job instance at 0x7fdfb02ff690>,41,17,[14  2],42,-1,112,-1,95
1,<environment.Job instance at 0x7fdfb02ff910>,42,23,[3 7],43,-1,118,-1,95
1,<environment.Job instance at 0x7fdfb02ff5f0>,43,13,[6 1],44,-1,108,-1,95
1,<environment.Job instance at 0x7fdfb02ffeb0>,44,15,[13  1],45,-1,110,-1,95
1,<environment.Job instance at 0x7fdfb02ffdc0>,45,19,[11  4],46,-1,114,-1,95
1,<environment.Job instance at 0x7fdfb02ffa50>,46,12,[7 4],47,-1,107,-1,95
1,<environment.Job instance at 0x7fdfb02ff280>,47,25,[3 9],48,-1,120,-1,95
1,<environment.Job instance at 0x7fdfb02ffbe0>,48,22,[6 5],49,-1,117,-1,95
1,<environment.Job instance at 0x7fdfaf28e3c0>,49,12,[2 9],50,-1,107,-1,95
1,<environment.Job instance at 0x7fdfaf28e5f0>,50,3,[5 1],51,-1,98,-1,95
1,<environment.Job instance at 0x7fdfaf28ed70>,51,16,[ 1 12],52,-1,111,-1,95
1,<environment.Job instance at 0x7fdfaf28ed20>,52,15,[2 9],53,-1,115,-1,100
1,<environment.Job instance at 0x7fdfaf28eeb0>,53,27,[7 4],54,-1,127,-1,100
1,<environment.Job instance at 0x7fdfaf28e780>,54,18,[1 9],55,-1,120,-1,102
1,<environment.Job instance at 0x7fdfaf28ebe0>,55,14,[10  5],56,-1,117,-1,103
1,<environment.Job instance at 0x7fdfaf28e320>,56,21,[10  3],57,-1,124,-1,103
1,<environment.Job instance at 0x7fdfaf28e6e0>,57,13,[ 2 13],58,-1,116,-1,103
1,<environment.Job instance at 0x7fdfaf28e820>,58,14,[4 9],59,-1,117,-1,103
1,<environment.Job instance at 0x7fdfaf28e280>,59,17,[9 1],60,-1,120,-1,103
1,<environment.Job instance at 0x7fdfaf28e370>,60,21,[2 5],61,-1,124,-1,103
1,<environment.Job instance at 0x7fdfaf28e190>,61,28,[1 7],62,-1,131,-1,103
1,<environment.Job instance at 0x7fdfaf28e8c0>,63,20,[5 8],64,-1,128,-1,108
1,<environment.Job instance at 0x7fdfaf28efa0>,64,22,[7 5],65,-1,130,-1,108
1,<environment.Job instance at 0x7fdfaf28edc0>,65,25,[6 5],66,-1,133,-1,108
1,<environment.Job instance at 0x7fdfaf28e2d0>,66,25,[4 7],67,-1,133,-1,108
1,<environment.Job instance at 0x7fdfaf28e140>,67,2,[ 5 11],68,-1,110,-1,108
1,<environment.Job instance at 0x7fdfb00d2c30>,68,16,[ 4 12],69,-1,124,-1,108
1,<environment.Job instance at 0x7fdfb00d2320>,69,15,[12  5],70,-1,123,-1,108
1,<environment.Job instance at 0x7fdfb00d2be0>,70,22,[14  5],71,-1,130,-1,108
1,<environment.Job instance at 0x7fdfb00d2500>,71,12,[9 3],72,-1,120,-1,108
1,<environment.Job instance at 0x7fdfb00d2c80>,72,26,[9 2],73,-1,134,-1,108
1,<environment.Job instance at 0x7fdfb00d24b0>,73,21,[4 5],74,-1,130,-1,109
1,<environment.Job instance at 0x7fdfb00d2870>,74,12,[13  2],75,-1,121,-1,109
1,<environment.Job instance at 0x7fdfb00d2140>,75,18,[ 4 10],76,-1,127,-1,109
1,<environment.Job instance at 0x7fdfb00d2960>,76,12,[12  4],77,-1,121,-1,109
1,<environment.Job instance at 0x7fdfb00d2e60>,78,27,[8 5],79,-1,136,-1,109
1,<environment.Job instance at 0x7fdfb00d2690>,79,15,[12  4],80,-1,124,-1,109
1,<environment.Job instance at 0x7fdfb00d2050>,81,18,[ 1 13],82,-1,127,-1,109
1,<environment.Job instance at 0x7fdfb00d2af0>,82,21,[5 8],83,-1,130,-1,109
1,<environment.Job instance at 0x7fdfaefa2230>,83,26,[5 4],84,-1,135,-1,109
1,<environment.Job instance at 0x7fdfaefa2af0>,84,19,[2 5],85,-1,132,-1,113
1,<environment.Job instance at 0x7fdfaefa2f00>,85,15,[13  3],86,-1,128,-1,113
1,<environment.Job instance at 0x7fdfaefa2550>,86,12,[3 7],87,-1,125,-1,113
1,<environment.Job instance at 0x7fdfaefa2870>,87,17,[1 7],88,-1,130,-1,113
1,<environment.Job instance at 0x7fdfaefa2c30>,88,15,[13  3],89,-1,128,-1,113
1,<environment.Job instance at 0x7fdfaefa2b90>,89,20,[8 2],90,-1,140,-1,120
1,<environment.Job instance at 0x7fdfaefa24b0>,90,18,[12  4],91,-1,138,-1,120
1,<environment.Job instance at 0x7fdfaefa25a0>,91,23,[9 5],92,-1,143,-1,120
1,<environment.Job instance at 0x7fdfaefa2780>,93,15,[ 3 11],94,-1,138,-1,123
1,<environment.Job instance at 0x7fdfaefa20f0>,94,2,[11  3],95,-1,125,-1,123
1,<environment.Job instance at 0x7fdfaefa2500>,95,13,[ 4 10],96,-1,136,-1,123
1,<environment.Job instance at 0x7fdfaefa26e0>,97,1,[1 9],98,-1,139,-1,138
1,<environment.Job instance at 0x7fdfaefa2640>,98,22,[3 5],99,-1,160,-1,138
1,<environment.Job instance at 0x7fdfaefa2a00>,99,19,[3 9],100,-1,158,-1,139
1,<environment.Job instance at 0x7fdfaefa2820>,101,13,[ 3 12],102,-1,152,-1,139
1,<environment.Job instance at 0x7fdfaf897190>,102,3,[5 1],103,-1,142,-1,139
1,<environment.Job instance at 0x7fdfaf890460>,4,25,[2 8],5,-1,30,-1,5
1,<environment.Job instance at 0x7fdfaf8907d0>,6,15,[ 3 14],7,-1,22,-1,7
1,<environment.Job instance at 0x7fdfaf890960>,8,13,[ 5 13],9,-1,22,-1,9
1,<environment.Job instance at 0x7fdfaf8909b0>,9,17,[ 5 12],10,-1,27,-1,10
1,<environment.Job instance at 0x7fdfaf894640>,16,24,[7 4],17,-1,59,-1,35
1,<environment.Job instance at 0x7fdfaf894780>,19,1,[7 5],20,-1,36,-1,35
1,<environment.Job instance at 0x7fdfaf894820>,20,19,[ 4 14],21,-1,54,-1,35
1,<environment.Job instance at 0x7fdfaf8945a0>,22,24,[14  1],23,-1,75,-1,51
1,<environment.Job instance at 0x7fdfaf8942d0>,23,25,[10  3],24,-1,76,-1,51
1,<environment.Job instance at 0x7fdfaf894370>,24,27,[7 2],25,-1,78,-1,51
1,<environment.Job instance at 0x7fdfb0535d70>,28,25,[5 6],29,-1,108,-1,83
1,<environment.Job instance at 0x7fdfafa00460>,30,1,[14  3],31,-1,87,-1,86
1,<environment.Job instance at 0x7fdfafa00be0>,32,23,[ 2 11],33,-1,122,-1,99
1,<environment.Job instance at 0x7fdfafa00cd0>,34,28,[5 5],35,-1,127,-1,99
1,<environment.Job instance at 0x7fdfafa00a50>,35,3,[7 1],36,-1,102,-1,99
1,<environment.Job instance at 0x7fdfafa00c80>,36,2,[12  1],37,-1,101,-1,99
1,<environment.Job instance at 0x7fdfafa00b90>,37,21,[13  4],38,-1,120,-1,99
1,<environment.Job instance at 0x7fdfaf86b050>,41,16,[ 1 14],42,-1,145,-1,129
1,<environment.Job instance at 0x7fdfaf86ba50>,42,3,[ 2 12],43,-1,132,-1,129
1,<environment.Job instance at 0x7fdfb02a4190>,45,2,[7 2],46,-1,139,-1,137
1,<environment.Job instance at 0x7fdfafc768c0>,3,27,[9 4],4,-1,32,-1,5
1,<environment.Job instance at 0x7fdfafc761e0>,2,1,[ 2 13],3,-1,6,-1,5
1,<environment.Job instance at 0x7fdfafc674b0>,7,1,[13  4],8,-1,15,-1,14
1,<environment.Job instance at 0x7fdfafc67fa0>,10,25,[9 4],11,-1,55,-1,30
1,<environment.Job instance at 0x7fdfafc67640>,16,27,[5 7],17,-1,65,-1,38
1,<environment.Job instance at 0x7fdfb06ffaf0>,22,25,[1 7],23,-1,99,-1,74
1,<environment.Job instance at 0x7fdfb06ffd70>,23,18,[13  1],24,-1,92,-1,74
1,<environment.Job instance at 0x7fdfb06ffeb0>,25,1,[10  2],26,-1,75,-1,74
1,<environment.Job instance at 0x7fdfb06ff690>,26,25,[ 5 10],27,-1,99,-1,74
1,<environment.Job instance at 0x7fdfb06ff1e0>,28,2,[5 9],29,-1,78,-1,76
1,<environment.Job instance at 0x7fdfb06ff280>,30,24,[7 4],31,-1,116,-1,92
1,<environment.Job instance at 0x7fdfb06ff730>,31,18,[ 1 11],32,-1,110,-1,92
1,<environment.Job instance at 0x7fdfb06ffbe0>,32,1,[9 3],33,-1,93,-1,92
1,<environment.Job instance at 0x7fdfb06ffd20>,34,1,[ 3 10],35,-1,93,-1,92
1,<environment.Job instance at 0x7fdfb06ff320>,36,1,[5 4],37,-1,104,-1,103
1,<environment.Job instance at 0x7fdfb06ffa00>,38,2,[7 5],39,-1,115,-1,113
1,<environment.Job instance at 0x7fdfafcb1e60>,39,13,[ 2 13],40,-1,126,-1,113
1,<environment.Job instance at 0x7fdfafcb1e10>,40,17,[ 1 13],41,-1,130,-1,113
1,<environment.Job instance at 0x7fdfafcb1d70>,41,20,[12  1],42,-1,133,-1,113
1,<environment.Job instance at 0x7fdfafcb16e0>,43,24,[ 3 14],44,-1,141,-1,117
1,<environment.Job instance at 0x7fdfafcb1aa0>,44,25,[10  2],45,-1,142,-1,117
1,<environment.Job instance at 0x7fdfafcb1370>,45,1,[3 5],46,-1,118,-1,117
1,<environment.Job instance at 0x7fdfafb0f460>,6,1,[8 4],7,-1,8,-1,7
1,<environment.Job instance at 0x7fdfafb0f320>,7,12,[10  3],8,-1,21,-1,9
1,<environment.Job instance at 0x7fdfafb0f6e0>,9,3,[14  5],10,-1,13,-1,10
1,<environment.Job instance at 0x7fdfafb0f730>,10,13,[ 4 11],11,-1,24,-1,11
1,<environment.Job instance at 0x7fdfafb0f7d0>,11,12,[11  4],12,-1,24,-1,12
1,<environment.Job instance at 0x7fdfafb0f870>,12,26,[ 5 13],13,-1,39,-1,13
1,<environment.Job instance at 0x7fdfafb0fc30>,18,24,[12  3],19,-1,56,-1,32
1,<environment.Job instance at 0x7fdfafb0fd20>,19,12,[11  5],20,-1,44,-1,32
1,<environment.Job instance at 0x7fdfafb0fdc0>,20,16,[ 5 13],21,-1,48,-1,32
1,<environment.Job instance at 0x7fdfafb0feb0>,21,3,[ 1 12],22,-1,35,-1,32
1,<environment.Job instance at 0x7fdfafb0ff50>,22,26,[4 8],23,-1,58,-1,32
1,<environment.Job instance at 0x7fdfafb0ffa0>,23,2,[ 1 10],24,-1,34,-1,32
1,<environment.Job instance at 0x7fdfafaee1e0>,24,3,[5 4],25,-1,35,-1,32
1,<environment.Job instance at 0x7fdfafaee320>,26,14,[ 1 12],27,-1,52,-1,38
1,<environment.Job instance at 0x7fdfafaee3c0>,27,17,[13  3],28,-1,55,-1,38
1,<environment.Job instance at 0x7fdfafaee460>,28,12,[14  4],29,-1,50,-1,38
1,<environment.Job instance at 0x7fdfafaee500>,29,19,[1 7],30,-1,57,-1,38
1,<environment.Job instance at 0x7fdfafaee640>,31,24,[2 7],32,-1,71,-1,47
1,<environment.Job instance at 0x7fdfafaee820>,32,16,[13  3],33,-1,63,-1,47
1,<environment.Job instance at 0x7fdfafaee7d0>,33,13,[5 2],34,-1,60,-1,47
1,<environment.Job instance at 0x7fdfafaee730>,34,2,[6 3],35,-1,49,-1,47
1,<environment.Job instance at 0x7fdfafaeec30>,38,18,[14  5],39,-1,81,-1,63
1,<environment.Job instance at 0x7fdfafaeeaf0>,39,28,[8 5],40,-1,91,-1,63
1,<environment.Job instance at 0x7fdfafaeecd0>,40,16,[ 4 11],41,-1,79,-1,63
1,<environment.Job instance at 0x7fdfafaeed70>,41,1,[6 3],42,-1,64,-1,63
1,<environment.Job instance at 0x7fdfafaeee10>,42,3,[ 2 10],43,-1,66,-1,63
1,<environment.Job instance at 0x7fdfafaeef50>,44,18,[ 3 14],45,-1,89,-1,71
1,<environment.Job instance at 0x7fdfafaeefa0>,45,16,[12  1],46,-1,87,-1,71
1,<environment.Job instance at 0x7fdfafb16190>,47,18,[1 5],48,-1,98,-1,80
1,<environment.Job instance at 0x7fdfafb162d0>,48,19,[ 2 12],49,-1,99,-1,80
1,<environment.Job instance at 0x7fdfafb16370>,49,17,[ 2 12],50,-1,97,-1,80
1,<environment.Job instance at 0x7fdfafb16550>,52,22,[5 1],53,-1,115,-1,93
1,<environment.Job instance at 0x7fdfafb16500>,55,24,[2 9],56,-1,131,-1,107
1,<environment.Job instance at 0x7fdfafb167d0>,56,1,[9 4],57,-1,108,-1,107
1,<environment.Job instance at 0x7fdfafb16870>,57,15,[ 5 10],58,-1,122,-1,107
1,<environment.Job instance at 0x7fdfafb16910>,58,20,[14  5],59,-1,127,-1,107
1,<environment.Job instance at 0x7fdfafb16af0>,61,18,[14  2],62,-1,142,-1,124
1,<environment.Job instance at 0x7fdfafb16b90>,62,19,[11  5],63,-1,143,-1,124
1,<environment.Job instance at 0x7fdfafb16d20>,63,17,[10  1],64,-1,141,-1,124
1,<environment.Job instance at 0x7fdfafb16c80>,64,17,[10  1],65,-1,141,-1,124
1,<environment.Job instance at 0x7fdfafb16f00>,65,17,[8 1],66,-1,141,-1,124
1,<environment.Job instance at 0x7fdfafb16fa0>,66,25,[5 5],67,-1,149,-1,124
1,<environment.Job instance at 0x7fdfafb16cd0>,67,13,[7 4],68,-1,137,-1,124
1,<environment.Job instance at 0x7fdfafb16dc0>,68,28,[1 5],69,-1,152,-1,124
1,<environment.Job instance at 0x7fdfafafa1e0>,69,2,[ 5 11],70,-1,126,-1,124
1,<environment.Job instance at 0x7fdfafafa280>,70,16,[ 5 11],71,-1,140,-1,124
1,<environment.Job instance at 0x7eff0fdab320>,4,24,[ 3 11],5,-1,29,-1,5
1,<environment.Job instance at 0x7eff06633b40>,8,24,[ 2 10],9,-1,33,-1,9
1,<environment.Job instance at 0x7eff06633c80>,14,21,[ 3 11],15,-1,43,-1,22
1,<environment.Job instance at 0x7eff06633cd0>,17,18,[ 5 13],18,-1,59,-1,41
1,<environment.Job instance at 0x7eff06635230>,20,21,[13  5],21,-1,80,-1,59
1,<environment.Job instance at 0x7eff06635d20>,2,26,[ 3 11],3,-1,29,-1,3
1,<environment.Job instance at 0x7eff06780320>,5,16,[ 1 11],6,-1,22,-1,6
1,<environment.Job instance at 0x7eff06780b40>,8,24,[8 5],9,-1,33,-1,9
1,<environment.Job instance at 0x7eff0670f550>,17,15,[ 4 14],18,-1,53,-1,38
1,<environment.Job instance at 0x7eff0670f230>,21,18,[11  2],22,-1,73,-1,55
1,<environment.Job instance at 0x7eff0670f410>,24,21,[9 1],25,-1,116,-1,95
1,<environment.Job instance at 0x7eff0610f730>,28,27,[9 4],29,-1,127,-1,100
1,<environment.Job instance at 0x7eff05f85690>,29,25,[3 9],30,-1,125,-1,100
1,<environment.Job instance at 0x7eff05e41500>,30,1,[7 4],31,-1,101,-1,100
1,<environment.Job instance at 0x7eff06093b90>,31,13,[ 4 10],32,-1,116,-1,103
1,<environment.Job instance at 0x7eff06093aa0>,33,23,[ 2 14],34,-1,132,-1,109
1,<environment.Job instance at 0x7eff05cb5910>,34,12,[ 2 11],35,-1,121,-1,109
1,<environment.Job instance at 0x7eff05d7fc30>,35,19,[5 1],36,-1,132,-1,113
1,<environment.Job instance at 0x7eff05d833c0>,36,2,[8 2],37,-1,115,-1,113
1,<environment.Job instance at 0x7eff05d83dc0>,37,22,[1 7],38,-1,137,-1,115
1,<environment.Job instance at 0x7eff05d83820>,38,28,[4 7],39,-1,143,-1,115
1,<environment.Job instance at 0x7eff06047780>,39,26,[3 6],40,-1,141,-1,115
1,<environment.Job instance at 0x7eff060f9730>,40,12,[11  1],41,-1,127,-1,115
1,<environment.Job instance at 0x7eff05d26a50>,41,12,[ 5 11],42,-1,127,-1,115
1,<environment.Job instance at 0x7eff0617e1e0>,43,2,[ 1 10],44,-1,126,-1,124
1,<environment.Job instance at 0x7eff05cf5a50>,44,2,[ 1 11],45,-1,126,-1,124
1,<environment.Job instance at 0x7eff06148870>,45,3,[8 2],46,-1,127,-1,124
1,<environment.Job instance at 0x7eff0610ae10>,47,3,[5 4],48,-1,127,-1,124
1,<environment.Job instance at 0x7eff06131af0>,49,16,[ 3 10],50,-1,147,-1,131
1,<environment.Job instance at 0x7eff06158690>,50,23,[5 8],51,-1,154,-1,131
1,<environment.Job instance at 0x7eff06131e10>,51,21,[ 4 11],52,-1,152,-1,131
1,<environment.Job instance at 0x7eff06131a50>,52,2,[ 3 12],53,-1,133,-1,131
1,<environment.Job instance at 0x7eff0604acd0>,53,1,[10  3],54,-1,132,-1,131
1,<environment.Job instance at 0x7eff060d05a0>,54,28,[3 8],55,-1,159,-1,131
1,<environment.Job instance at 0x7eff06128280>,55,24,[12  1],56,-1,155,-1,131
1,<environment.Job instance at 0x7eff060d07d0>,56,14,[11  2],57,-1,145,-1,131
1,<environment.Job instance at 0x7eff06128e10>,57,27,[5 3],58,-1,158,-1,131
1,<environment.Job instance at 0x7eff061281e0>,58,17,[10  2],59,-1,166,-1,149
1,<environment.Job instance at 0x7eff0620ebe0>,60,13,[5 1],61,-1,162,-1,149
1,<environment.Job instance at 0x7eff061030f0>,61,27,[6 5],62,-1,176,-1,149
1,<environment.Job instance at 0x7eff06128230>,62,18,[ 2 14],63,-1,167,-1,149
1,<environment.Job instance at 0x7eff061032d0>,63,2,[11  2],64,-1,151,-1,149
1,<environment.Job instance at 0x7eff0614ba50>,64,18,[12  2],65,-1,167,-1,149
1,<environment.Job instance at 0x7eff05f8a460>,4,16,[ 2 11],5,-1,21,-1,5
1,<environment.Job instance at 0x7eff05f8ac30>,9,16,[ 4 13],10,-1,26,-1,10
1,<environment.Job instance at 0x7eff05e1b370>,10,26,[4 7],11,-1,38,-1,12
1,<environment.Job instance at 0x7eff05e1bcd0>,12,1,[8 5],13,-1,14,-1,13
1,<environment.Job instance at 0x7eff05e1be10>,16,20,[ 3 11],17,-1,37,-1,17
1,<environment.Job instance at 0x7eff05e1b730>,19,24,[6 5],20,-1,44,-1,20
1,<environment.Job instance at 0x7eff05e1b6e0>,21,25,[5 1],22,-1,51,-1,26
1,<environment.Job instance at 0x7eff05e1b550>,24,18,[ 4 13],25,-1,69,-1,51
1,<environment.Job instance at 0x7eff05e1b0a0>,25,24,[9 3],26,-1,75,-1,51
1,<environment.Job instance at 0x7eff05f34190>,26,15,[13  4],27,-1,66,-1,51
1,<environment.Job instance at 0x7eff05f34500>,28,24,[ 2 13],29,-1,78,-1,54
1,<environment.Job instance at 0x7eff05f34730>,29,3,[ 2 14],30,-1,57,-1,54
1,<environment.Job instance at 0x7eff05f34280>,30,16,[ 5 13],31,-1,70,-1,54
1,<environment.Job instance at 0x7eff05f34550>,37,18,[13  2],38,-1,107,-1,89
1,<environment.Job instance at 0x7eff05f34d70>,38,19,[ 5 13],39,-1,108,-1,89
1,<environment.Job instance at 0x7eff05e93550>,39,28,[3 5],40,-1,118,-1,90
1,<environment.Job instance at 0x7eff05e935a0>,42,26,[5 3],43,-1,145,-1,119
1,<environment.Job instance at 0x7eff05e93320>,44,15,[ 3 11],45,-1,134,-1,119
1,<environment.Job instance at 0x7eff05e93190>,46,27,[2 8],47,-1,161,-1,134
1,<environment.Job instance at 0x7eff05e93870>,47,12,[ 3 11],48,-1,146,-1,134
1,<environment.Job instance at 0x7eff05d78f50>,3,27,[ 3 14],4,-1,31,-1,4
1,<environment.Job instance at 0x7eff06151140>,6,28,[5 2],7,-1,35,-1,7
1,<environment.Job instance at 0x7eff05d78f00>,7,28,[13  5],8,-1,36,-1,8
1,<environment.Job instance at 0x7eff06a5ab90>,10,22,[5 6],11,-1,47,-1,25
1,<environment.Job instance at 0x7eff06591690>,18,2,[7 2],19,-1,27,-1,25
1,<environment.Job instance at 0x7eff065918c0>,19,15,[ 5 10],20,-1,40,-1,25
1,<environment.Job instance at 0x7eff062ad280>,21,25,[7 3],22,-1,59,-1,34
1,<environment.Job instance at 0x7eff06a71910>,3,24,[9 2],4,-1,28,-1,4
1,<environment.Job instance at 0x7eff06a71280>,5,15,[ 5 11],6,-1,21,-1,6
1,<environment.Job instance at 0x7eff06001910>,6,27,[2 7],7,-1,34,-1,7
1,<environment.Job instance at 0x7eff06001b90>,7,1,[5 1],8,-1,9,-1,8
1,<environment.Job instance at 0x7eff06001870>,8,16,[ 3 12],9,-1,25,-1,9
1,<environment.Job instance at 0x7eff07176140>,9,12,[ 3 12],10,-1,22,-1,10
1,<environment.Job instance at 0x7eff071760a0>,10,13,[ 3 12],11,-1,24,-1,11
1,<environment.Job instance at 0x7eff07154f00>,11,24,[ 4 10],12,-1,36,-1,12
1,<environment.Job instance at 0x7eff07154820>,12,25,[11  2],13,-1,38,-1,13
1,<environment.Job instance at 0x7eff071546e0>,13,1,[ 1 14],14,-1,16,-1,15
1,<environment.Job instance at 0x7eff07154b90>,15,12,[ 3 10],16,-1,28,-1,16
1,<environment.Job instance at 0x7eff06d31640>,19,14,[ 2 11],20,-1,34,-1,20
1,<environment.Job instance at 0x7eff06d31690>,22,2,[6 4],23,-1,30,-1,28
1,<environment.Job instance at 0x7eff06d31320>,23,2,[3 5],24,-1,30,-1,28
1,<environment.Job instance at 0x7eff06d28910>,27,2,[2 9],28,-1,46,-1,44
1,<environment.Job instance at 0x7eff06d28a00>,29,1,[3 6],30,-1,60,-1,59
1,<environment.Job instance at 0x7eff06d281e0>,33,13,[12  5],34,-1,93,-1,80
1,<environment.Job instance at 0x7eff06d24eb0>,36,3,[7 4],37,-1,98,-1,95
1,<environment.Job instance at 0x7eff05c69a00>,37,28,[10  3],38,-1,123,-1,95
1,<environment.Job instance at 0x7eff060017d0>,41,16,[12  2],42,-1,140,-1,124
1,<environment.Job instance at 0x7eff05c86230>,42,15,[ 5 12],43,-1,139,-1,124
1,<environment.Job instance at 0x7eff0715fbe0>,43,2,[2 9],44,-1,126,-1,124
1,<environment.Job instance at 0x7eff05c77500>,44,2,[13  3],45,-1,126,-1,124
1,<environment.Job instance at 0x7eff06d289b0>,45,1,[8 1],46,-1,125,-1,124
1,<environment.Job instance at 0x7eff06d287d0>,46,15,[13  3],47,-1,139,-1,124
1,<environment.Job instance at 0x7eff05bf3a00>,2,28,[8 5],3,-1,31,-1,3
1,<environment.Job instance at 0x7eff05c20aa0>,19,24,[9 5],20,-1,120,-1,96
1,<environment.Job instance at 0x7eff05c20be0>,26,14,[ 4 12],27,-1,157,-1,143
1,<environment.Job instance at 0x7eff05c24410>,28,27,[ 2 11],29,-1,170,-1,143
1,<environment.Job instance at 0x7eff06a71b40>,3,26,[3 8],4,-1,34,-1,8
1,<environment.Job instance at 0x7eff05c71500>,9,24,[5 8],10,-1,38,-1,14
1,<environment.Job instance at 0x7eff05c03af0>,15,21,[ 5 14],16,-1,71,-1,50
1,<environment.Job instance at 0x7eff05c030f0>,16,21,[ 4 11],17,-1,71,-1,50
1,<environment.Job instance at 0x7eff05c03b90>,17,3,[2 7],18,-1,53,-1,50
1,<environment.Job instance at 0x7eff05c03c30>,18,23,[8 4],19,-1,83,-1,60
1,<environment.Job instance at 0x7eff05c03dc0>,24,24,[6 2],25,-1,112,-1,88
1,<environment.Job instance at 0x7eff05c03f50>,26,25,[8 3],27,-1,113,-1,88
1,<environment.Job instance at 0x7eff05c03eb0>,27,15,[11  1],28,-1,103,-1,88
1,<environment.Job instance at 0x7eff05c23280>,29,1,[7 4],30,-1,102,-1,101
1,<environment.Job instance at 0x7eff05c23eb0>,31,3,[2 7],32,-1,105,-1,102
1,<environment.Job instance at 0x7eff05c236e0>,34,20,[ 5 13],35,-1,139,-1,119
1,<environment.Job instance at 0x7eff05c23be0>,35,1,[5 1],36,-1,120,-1,119
1,<environment.Job instance at 0x7eff05c23a50>,38,27,[6 4],39,-1,173,-1,146
1,<environment.Job instance at 0x7eff05c23d70>,5,24,[11  3],6,-1,30,-1,6
1,<environment.Job instance at 0x7eff05d2a190>,6,15,[ 5 12],7,-1,22,-1,7
1,<environment.Job instance at 0x7eff05d2a730>,7,26,[ 1 12],8,-1,34,-1,8
1,<environment.Job instance at 0x7eff05d4ceb0>,10,27,[ 3 12],11,-1,38,-1,11
1,<environment.Job instance at 0x7eff05d4caf0>,15,26,[5 7],16,-1,50,-1,24
1,<environment.Job instance at 0x7eff05d4c820>,16,2,[5 1],17,-1,27,-1,25
1,<environment.Job instance at 0x7eff05d19320>,21,15,[ 5 12],22,-1,86,-1,71
1,<environment.Job instance at 0x7eff05d306e0>,26,3,[8 2],27,-1,124,-1,121
1,<environment.Job instance at 0x7eff05d30be0>,28,3,[5 3],29,-1,131,-1,128
1,<environment.Job instance at 0x7eff06d069b0>,30,3,[1 9],31,-1,145,-1,142
1,<environment.Job instance at 0x7eff06384a50>,32,15,[12  2],33,-1,157,-1,142
1,<environment.Job instance at 0x7eff06dda500>,34,1,[4 5],35,-1,150,-1,149
1,<environment.Job instance at 0x7eff06dda500>,4,21,[12  1],5,-1,26,-1,5
1,<environment.Job instance at 0x7eff0653b730>,5,18,[12  4],6,-1,24,-1,6
1,<environment.Job instance at 0x7eff0653b780>,6,26,[1 9],7,-1,35,-1,9
1,<environment.Job instance at 0x7eff0653b500>,9,26,[13  5],10,-1,36,-1,10
1,<environment.Job instance at 0x7eff0653b5a0>,10,25,[13  3],11,-1,36,-1,11
1,<environment.Job instance at 0x7eff0653bdc0>,11,22,[ 5 10],12,-1,34,-1,12
1,<environment.Job instance at 0x7eff0653b5f0>,12,13,[ 3 12],13,-1,26,-1,13
1,<environment.Job instance at 0x7eff0653bd70>,13,3,[4 9],14,-1,17,-1,14
1,<environment.Job instance at 0x7eff0653b4b0>,15,13,[12  1],16,-1,29,-1,16
1,<environment.Job instance at 0x7eff0652d7d0>,16,16,[ 5 11],17,-1,33,-1,17
1,<environment.Job instance at 0x7eff0652d690>,17,16,[11  4],18,-1,34,-1,18
1,<environment.Job instance at 0x7eff0652d460>,18,24,[3 5],19,-1,43,-1,19
1,<environment.Job instance at 0x7eff0652d780>,22,2,[1 9],23,-1,29,-1,27
1,<environment.Job instance at 0x7eff0652d730>,25,26,[ 3 12],26,-1,70,-1,44
1,<environment.Job instance at 0x7eff06d1e730>,26,26,[9 2],27,-1,70,-1,44
1,<environment.Job instance at 0x7eff06d1e0f0>,27,1,[ 2 10],28,-1,45,-1,44
1,<environment.Job instance at 0x7eff06d1e190>,28,16,[13  4],29,-1,60,-1,44
1,<environment.Job instance at 0x7eff06d1e870>,29,28,[2 7],30,-1,72,-1,44
1,<environment.Job instance at 0x7eff06d1ef00>,33,28,[3 7],34,-1,91,-1,63
1,<environment.Job instance at 0x7eff06d1eb40>,34,20,[11  2],35,-1,83,-1,63
1,<environment.Job instance at 0x7eff06d1ec80>,37,14,[ 4 10],38,-1,99,-1,85
1,<environment.Job instance at 0x7eff06d1ef50>,38,1,[5 5],39,-1,86,-1,85
1,<environment.Job instance at 0x7eff06d1e1e0>,39,14,[ 5 13],40,-1,99,-1,85
1,<environment.Job instance at 0x7eff06d1e050>,42,21,[5 1],43,-1,121,-1,100
1,<environment.Job instance at 0x7eff06d038c0>,43,2,[8 2],44,-1,102,-1,100
1,<environment.Job instance at 0x7eff06d03500>,44,20,[11  4],45,-1,120,-1,100
1,<environment.Job instance at 0x7eff06d034b0>,45,27,[6 1],46,-1,127,-1,100
1,<environment.Job instance at 0x7eff06d03f00>,46,12,[1 9],47,-1,112,-1,100
1,<environment.Job instance at 0x7eff06d030f0>,47,22,[1 7],48,-1,122,-1,100
1,<environment.Job instance at 0x7eff06d03a50>,48,23,[2 6],49,-1,123,-1,100
1,<environment.Job instance at 0x7eff06d03e60>,50,20,[8 1],51,-1,143,-1,123
1,<environment.Job instance at 0x7eff06d035a0>,51,27,[10  1],52,-1,150,-1,123
1,<environment.Job instance at 0x7eff06d03280>,53,1,[10  5],54,-1,124,-1,123
1,<environment.Job instance at 0x7eff06d036e0>,55,21,[ 1 10],56,-1,154,-1,133
1,<environment.Job instance at 0x7eff06292f50>,3,13,[ 2 14],4,-1,17,-1,4
1,<environment.Job instance at 0x7eff06e100f0>,4,23,[10  1],5,-1,29,-1,6
1,<environment.Job instance at 0x7eff066c84b0>,6,14,[14  4],7,-1,21,-1,7
1,<environment.Job instance at 0x7eff066c8e10>,7,13,[ 5 14],8,-1,21,-1,8
1,<environment.Job instance at 0x7eff066c87d0>,8,27,[3 9],9,-1,36,-1,9
1,<environment.Job instance at 0x7eff066c8550>,9,28,[3 8],10,-1,38,-1,10
1,<environment.Job instance at 0x7eff066c8780>,10,23,[ 5 10],11,-1,34,-1,11
1,<environment.Job instance at 0x7eff066c8c30>,11,17,[ 1 11],12,-1,29,-1,12
1,<environment.Job instance at 0x7eff066d1be0>,13,1,[ 4 13],14,-1,19,-1,18
1,<environment.Job instance at 0x7eff05ca30f0>,17,16,[11  4],18,-1,35,-1,19
1,<environment.Job instance at 0x7eff066d0190>,22,14,[ 2 13],23,-1,50,-1,36
1,<environment.Job instance at 0x7eff066d0870>,24,21,[ 2 12],25,-1,71,-1,50
1,<environment.Job instance at 0x7eff05cc9a00>,26,26,[13  3],27,-1,78,-1,52
1,<environment.Job instance at 0x7eff05cc9eb0>,27,24,[12  5],28,-1,76,-1,52
1,<environment.Job instance at 0x7eff05e92640>,29,27,[7 3],30,-1,95,-1,68
1,<environment.Job instance at 0x7eff05ea2aa0>,33,21,[11  1],34,-1,107,-1,86
1,<environment.Job instance at 0x7eff068eef50>,35,18,[11  1],36,-1,124,-1,106
1,<environment.Job instance at 0x7eff066afd70>,38,3,[6 4],39,-1,122,-1,119
1,<environment.Job instance at 0x7eff066af050>,39,13,[ 1 12],40,-1,132,-1,119
1,<environment.Job instance at 0x7eff066b1d20>,41,3,[3 6],42,-1,143,-1,140
1,<environment.Job instance at 0x7eff0690a230>,6,20,[11  5],7,-1,29,-1,9
1,<environment.Job instance at 0x7eff065e0140>,11,3,[ 1 11],12,-1,21,-1,18
1,<environment.Job instance at 0x7eff065e0910>,12,25,[ 5 11],13,-1,43,-1,18
1,<environment.Job instance at 0x7eff065e0870>,14,1,[1 7],15,-1,32,-1,31
1,<environment.Job instance at 0x7eff065e01e0>,16,28,[6 3],17,-1,64,-1,36
1,<environment.Job instance at 0x7eff065e00f0>,19,19,[ 3 12],20,-1,62,-1,43
1,<environment.Job instance at 0x7eff065e0af0>,20,23,[4 5],21,-1,66,-1,43
1,<environment.Job instance at 0x7eff065e00a0>,22,2,[10  4],23,-1,59,-1,57
1,<environment.Job instance at 0x7eff065e04b0>,23,22,[ 2 12],24,-1,79,-1,57
1,<environment.Job instance at 0x7eff065e03c0>,24,17,[12  5],25,-1,74,-1,57
1,<environment.Job instance at 0x7eff065e0c80>,25,28,[11  4],26,-1,85,-1,57
1,<environment.Job instance at 0x7eff065e0320>,26,1,[4 9],27,-1,58,-1,57
1,<environment.Job instance at 0x7eff065e0410>,27,12,[ 4 14],28,-1,69,-1,57
1,<environment.Job instance at 0x7eff065ffc30>,31,2,[4 9],32,-1,82,-1,80
1,<environment.Job instance at 0x7eff065ff5a0>,32,28,[1 7],33,-1,108,-1,80
1,<environment.Job instance at 0x7eff065ffaf0>,35,3,[6 5],36,-1,101,-1,98
1,<environment.Job instance at 0x7eff05a830a0>,5,26,[1 9],6,-1,32,-1,6
1,<environment.Job instance at 0x7eff05a83870>,6,28,[9 3],7,-1,35,-1,7
1,<environment.Job instance at 0x7eff05a76280>,21,20,[14  4],22,-1,104,-1,84
1,<environment.Job instance at 0x7eff05a76410>,22,22,[ 1 14],23,-1,106,-1,84
1,<environment.Job instance at 0x7eff05a76140>,23,2,[14  4],24,-1,86,-1,84
1,<environment.Job instance at 0x7eff05a762d0>,25,27,[4 9],26,-1,116,-1,89
1,<environment.Job instance at 0x7eff05a76f50>,26,16,[ 4 13],27,-1,105,-1,89
1,<environment.Job instance at 0x7eff05a76e60>,28,16,[14  2],29,-1,109,-1,93
1,<environment.Job instance at 0x7eff05a76af0>,29,12,[14  2],30,-1,105,-1,93
1,<environment.Job instance at 0x7eff05a76cd0>,30,1,[14  4],31,-1,94,-1,93
1,<environment.Job instance at 0x7eff05a767d0>,31,2,[14  4],32,-1,95,-1,93
1,<environment.Job instance at 0x7eff05a76d70>,32,24,[2 9],33,-1,118,-1,94
1,<environment.Job instance at 0x7eff05a76d20>,33,12,[ 2 12],34,-1,106,-1,94
1,<environment.Job instance at 0x7eff05a76820>,34,14,[13  4],35,-1,108,-1,94
1,<environment.Job instance at 0x7eff05a763c0>,35,20,[ 3 11],36,-1,114,-1,94
1,<environment.Job instance at 0x7eff05a765f0>,36,1,[1 9],37,-1,95,-1,94
1,<environment.Job instance at 0x7eff05a76050>,37,16,[14  4],38,-1,110,-1,94
1,<environment.Job instance at 0x7eff05a76190>,38,1,[1 5],39,-1,96,-1,95
1,<environment.Job instance at 0x7eff05a765a0>,40,2,[ 3 14],41,-1,98,-1,96
1,<environment.Job instance at 0x7eff05a517d0>,42,27,[7 4],43,-1,138,-1,111
1,<environment.Job instance at 0x7eff05a51cd0>,44,2,[7 4],45,-1,124,-1,122
1,<environment.Job instance at 0x7eff05a514b0>,45,2,[2 6],46,-1,124,-1,122
1,<environment.Job instance at 0x7eff05a51190>,47,24,[6 3],48,-1,157,-1,133
1,<environment.Job instance at 0x7eff05a51fa0>,49,13,[12  3],50,-1,146,-1,133
1,<environment.Job instance at 0x7eff05e5f730>,2,26,[14  4],3,-1,29,-1,3
1,<environment.Job instance at 0x7eff05e5f320>,4,23,[ 1 11],5,-1,28,-1,5
1,<environment.Job instance at 0x7eff05e5faf0>,12,22,[4 7],13,-1,49,-1,27
1,<environment.Job instance at 0x7eff06b44410>,19,15,[12  3],20,-1,52,-1,37
1,<environment.Job instance at 0x7eff06b44f50>,24,3,[14  3],25,-1,73,-1,70
1,<environment.Job instance at 0x7eff06b44b90>,25,28,[1 7],26,-1,98,-1,70
1,<environment.Job instance at 0x7eff06b44dc0>,27,14,[ 1 13],28,-1,97,-1,83
1,<environment.Job instance at 0x7eff06b44690>,28,1,[3 9],29,-1,84,-1,83
1,<environment.Job instance at 0x7eff06d6a960>,29,13,[13  5],30,-1,96,-1,83
1,<environment.Job instance at 0x7eff06d6a370>,30,3,[12  1],31,-1,86,-1,83
1,<environment.Job instance at 0x7eff06d6af00>,32,24,[ 2 12],33,-1,108,-1,84
1,<environment.Job instance at 0x7eff06d6acd0>,33,1,[3 9],34,-1,85,-1,84
1,<environment.Job instance at 0x7eff06d6a500>,34,17,[ 5 14],35,-1,101,-1,84
1,<environment.Job instance at 0x7eff06d6a050>,35,3,[8 2],36,-1,87,-1,84
1,<environment.Job instance at 0x7eff06d6a2d0>,37,28,[ 3 13],38,-1,127,-1,99
1,<environment.Job instance at 0x7eff06d6a8c0>,39,2,[14  1],40,-1,101,-1,99
1,<environment.Job instance at 0x7eff06d6a3c0>,41,12,[ 4 12],42,-1,114,-1,102
1,<environment.Job instance at 0x7eff06d6ab90>,42,12,[12  5],43,-1,114,-1,102
1,<environment.Job instance at 0x7eff06d6a410>,43,13,[ 2 10],44,-1,115,-1,102
1,<environment.Job instance at 0x7eff06d6af50>,44,14,[12  2],45,-1,116,-1,102
1,<environment.Job instance at 0x7eff06d6a9b0>,45,3,[6 4],46,-1,105,-1,102
1,<environment.Job instance at 0x7eff06d6a0f0>,46,15,[ 1 12],47,-1,117,-1,102
1,<environment.Job instance at 0x7eff06d6a550>,48,20,[9 1],49,-1,153,-1,133
1,<environment.Job instance at 0x7eff0653b870>,51,23,[4 7],52,-1,156,-1,133
1,<environment.Job instance at 0x7eff0653bf00>,52,3,[5 5],53,-1,136,-1,133
1,<environment.Job instance at 0x7eff0653b320>,53,20,[ 2 12],54,-1,153,-1,133
1,<environment.Job instance at 0x7eff0653b910>,54,25,[9 4],55,-1,158,-1,133
1,<environment.Job instance at 0x7eff0653b140>,55,24,[5 1],56,-1,157,-1,133
1,<environment.Job instance at 0x7eff0653bcd0>,57,27,[1 7],58,-1,160,-1,133
1,<environment.Job instance at 0x7eff0594c500>,3,18,[ 2 13],4,-1,22,-1,4
1,<environment.Job instance at 0x7eff0594c050>,6,13,[12  1],7,-1,20,-1,7
1,<environment.Job instance at 0x7eff05ea5050>,13,19,[ 1 11],14,-1,39,-1,20
1,<environment.Job instance at 0x7eff05ea57d0>,15,3,[14  5],16,-1,23,-1,20
1,<environment.Job instance at 0x7eff05ea5dc0>,16,1,[8 1],17,-1,21,-1,20
1,<environment.Job instance at 0x7eff05ea5280>,17,18,[12  5],18,-1,38,-1,20
1,<environment.Job instance at 0x7eff05ea5c30>,18,3,[14  5],19,-1,23,-1,20
1,<environment.Job instance at 0x7eff06211e60>,20,16,[ 2 12],21,-1,37,-1,21
1,<environment.Job instance at 0x7eff06211460>,21,3,[2 9],22,-1,25,-1,22
1,<environment.Job instance at 0x7eff06211960>,22,18,[12  1],23,-1,41,-1,23
1,<environment.Job instance at 0x7eff06211cd0>,25,21,[12  4],26,-1,57,-1,36
1,<environment.Job instance at 0x7eff06211370>,26,14,[ 3 12],27,-1,50,-1,36
1,<environment.Job instance at 0x7eff062115f0>,28,2,[11  5],29,-1,38,-1,36
1,<environment.Job instance at 0x7eff06211eb0>,29,1,[8 3],30,-1,37,-1,36
1,<environment.Job instance at 0x7eff06211230>,30,28,[13  3],31,-1,64,-1,36
1,<environment.Job instance at 0x7eff06211820>,31,3,[ 4 10],32,-1,39,-1,36
1,<environment.Job instance at 0x7eff06211be0>,33,2,[14  3],34,-1,53,-1,51
1,<environment.Job instance at 0x7eff062111e0>,34,3,[8 3],35,-1,54,-1,51
1,<environment.Job instance at 0x7eff06211f50>,35,1,[ 2 12],36,-1,52,-1,51
1,<environment.Job instance at 0x7eff062117d0>,38,22,[9 1],39,-1,97,-1,75
1,<environment.Job instance at 0x7eff064dd3c0>,39,2,[9 2],40,-1,77,-1,75
1,<environment.Job instance at 0x7eff064ddbe0>,40,16,[ 1 13],41,-1,91,-1,75
1,<environment.Job instance at 0x7eff064dda50>,41,18,[ 3 13],42,-1,93,-1,75
1,<environment.Job instance at 0x7eff064dd140>,42,28,[7 1],43,-1,103,-1,75
1,<environment.Job instance at 0x7eff064ddaf0>,43,27,[2 7],44,-1,102,-1,75
1,<environment.Job instance at 0x7eff064dd4b0>,47,24,[12  2],48,-1,110,-1,86
1,<environment.Job instance at 0x7eff064dd1e0>,50,25,[5 4],51,-1,141,-1,116
1,<environment.Job instance at 0x7eff064dd0a0>,51,17,[ 5 11],52,-1,133,-1,116
1,<environment.Job instance at 0x7eff064dd5a0>,52,15,[12  2],53,-1,131,-1,116
1,<environment.Job instance at 0x7eff064dde60>,53,28,[10  2],54,-1,144,-1,116
1,<environment.Job instance at 0x7eff064dd6e0>,54,18,[10  1],55,-1,146,-1,128
1,<environment.Job instance at 0x7eff064dd370>,57,21,[8 2],58,-1,155,-1,134
1,<environment.Job instance at 0x7eff064ddfa0>,58,2,[8 4],59,-1,136,-1,134
1,<environment.Job instance at 0x7eff064ddf50>,59,26,[ 4 13],60,-1,160,-1,134
1,<environment.Job instance at 0x7eff064ddf00>,60,3,[6 3],61,-1,137,-1,134
1,<environment.Job instance at 0x7eff06059870>,62,12,[ 5 10],63,-1,156,-1,144
1,<environment.Job instance at 0x7eff060597d0>,63,16,[ 1 14],64,-1,160,-1,144
1,<environment.Job instance at 0x7eff060596e0>,65,3,[12  5],66,-1,147,-1,144
1,<environment.Job instance at 0x7eff06278280>,8,28,[13  5],9,-1,52,-1,24
1,<environment.Job instance at 0x7eff06278c80>,9,23,[9 3],10,-1,47,-1,24
1,<environment.Job instance at 0x7eff062780a0>,10,3,[6 4],11,-1,27,-1,24
1,<environment.Job instance at 0x7eff06278d20>,11,16,[ 3 13],12,-1,40,-1,24
1,<environment.Job instance at 0x7eff062783c0>,13,1,[8 2],14,-1,25,-1,24
1,<environment.Job instance at 0x7eff06278410>,14,3,[14  3],15,-1,27,-1,24
1,<environment.Job instance at 0x7eff062789b0>,17,3,[ 2 10],18,-1,45,-1,42
1,<environment.Job instance at 0x7eff06278320>,21,14,[11  2],22,-1,82,-1,68
1,<environment.Job instance at 0x7eff06278e60>,23,23,[10  2],24,-1,100,-1,77
1,<environment.Job instance at 0x7eff066c6190>,24,27,[ 1 11],25,-1,104,-1,77
1,<environment.Job instance at 0x7eff062781e0>,25,18,[ 2 10],26,-1,95,-1,77
1,<environment.Job instance at 0x7eff066c6aa0>,26,2,[ 1 10],27,-1,79,-1,77
1,<environment.Job instance at 0x7eff066c60a0>,27,1,[4 7],28,-1,78,-1,77
1,<environment.Job instance at 0x7eff066c63c0>,28,3,[13  3],29,-1,80,-1,77
1,<environment.Job instance at 0x7eff066c6870>,35,1,[10  1],36,-1,117,-1,116
1,<environment.Job instance at 0x7eff066c6320>,37,12,[10  1],38,-1,143,-1,131
1,<environment.Job instance at 0x7eff066c6e60>,39,17,[14  1],40,-1,160,-1,143
1,<environment.Job instance at 0x7eff066c6f50>,41,13,[2 6],42,-1,160,-1,147
1,<environment.Job instance at 0x7eff0f758320>,42,19,[ 4 13],43,-1,166,-1,147
1,<environment.Job instance at 0x7eff06b2ea50>,10,16,[ 4 14],11,-1,33,-1,17
1,<environment.Job instance at 0x7eff06b2e960>,14,18,[ 4 13],15,-1,65,-1,47
1,<environment.Job instance at 0x7eff06b2e5f0>,16,13,[12  2],17,-1,60,-1,47
1,<environment.Job instance at 0x7eff06b2e640>,17,23,[6 1],18,-1,70,-1,47
1,<environment.Job instance at 0x7eff06b4d280>,20,24,[4 5],21,-1,89,-1,65
1,<environment.Job instance at 0x7eff06b4db90>,22,1,[ 2 11],23,-1,66,-1,65
1,<environment.Job instance at 0x7eff06b4daa0>,23,19,[ 5 10],24,-1,85,-1,66
1,<environment.Job instance at 0x7eff06b4d690>,25,15,[ 1 13],26,-1,96,-1,81
1,<environment.Job instance at 0x7eff06b4dc30>,26,25,[2 8],27,-1,106,-1,81
1,<environment.Job instance at 0x7eff06b4d0a0>,29,3,[ 3 12],30,-1,100,-1,97
1,<environment.Job instance at 0x7eff06b4d550>,30,18,[11  2],31,-1,115,-1,97
1,<environment.Job instance at 0x7eff06b4df50>,31,17,[14  2],32,-1,114,-1,97
1,<environment.Job instance at 0x7eff06b4de60>,32,23,[3 7],33,-1,120,-1,97
1,<environment.Job instance at 0x7eff06b4d870>,34,15,[13  1],35,-1,112,-1,97
1,<environment.Job instance at 0x7eff0721c500>,35,19,[11  4],36,-1,116,-1,97
1,<environment.Job instance at 0x7eff0721ce10>,37,25,[3 9],38,-1,122,-1,97
1,<environment.Job instance at 0x7eff0721c370>,40,3,[5 1],41,-1,118,-1,115
1,<environment.Job instance at 0x7eff0721cd70>,41,16,[ 1 12],42,-1,131,-1,115
1,<environment.Job instance at 0x7eff0721c410>,43,27,[7 4],44,-1,151,-1,124
1,<environment.Job instance at 0x7eff0600bfa0>,2,24,[14  1],3,-1,27,-1,3
1,<environment.Job instance at 0x7eff06cd4500>,3,25,[10  3],4,-1,29,-1,4
1,<environment.Job instance at 0x7eff06cd4be0>,4,27,[7 2],5,-1,32,-1,5
1,<environment.Job instance at 0x7eff06cd4d70>,14,28,[5 5],15,-1,63,-1,35
1,<environment.Job instance at 0x7eff06cd4050>,15,3,[7 1],16,-1,38,-1,35
1,<environment.Job instance at 0x7eff06cd40f0>,16,2,[12  1],17,-1,37,-1,35
1,<environment.Job instance at 0x7eff06cd4410>,17,21,[13  4],18,-1,56,-1,35
1,<environment.Job instance at 0x7eff0599bb40>,21,16,[ 1 14],22,-1,72,-1,56
1,<environment.Job instance at 0x7eff0599bb90>,22,3,[ 2 12],23,-1,59,-1,56
1,<environment.Job instance at 0x7eff0599b500>,25,2,[7 2],26,-1,73,-1,71
1,<environment.Job instance at 0x7eff0599baa0>,28,3,[5 2],29,-1,87,-1,84
1,<environment.Job instance at 0x7eff0599b910>,29,1,[10  1],30,-1,85,-1,84
1,<environment.Job instance at 0x7eff0599b1e0>,31,1,[ 3 14],32,-1,95,-1,94
1,<environment.Job instance at 0x7eff0599b140>,32,23,[ 1 12],33,-1,117,-1,94
1,<environment.Job instance at 0x7eff0599b780>,34,28,[ 1 13],35,-1,125,-1,97
1,<environment.Job instance at 0x7eff0599b9b0>,37,26,[ 4 13],38,-1,141,-1,115
1,<environment.Job instance at 0x7eff0599b2d0>,38,24,[5 3],39,-1,139,-1,115
1,<environment.Job instance at 0x7eff0599be60>,39,24,[6 2],40,-1,140,-1,116
1,<environment.Job instance at 0x7eff0670edc0>,1,18,[ 1 11],2,-1,20,-1,2
1,<environment.Job instance at 0x7eff06ff1d20>,9,13,[ 2 13],10,-1,23,-1,10
1,<environment.Job instance at 0x7eff067b50a0>,10,17,[ 1 13],11,-1,28,-1,11
1,<environment.Job instance at 0x7eff06464a00>,11,20,[12  1],12,-1,32,-1,12
1,<environment.Job instance at 0x7eff06706140>,13,24,[ 3 14],14,-1,38,-1,14
1,<environment.Job instance at 0x7eff066df230>,14,25,[10  2],15,-1,40,-1,15
1,<environment.Job instance at 0x7eff066df4b0>,15,1,[3 5],16,-1,19,-1,18
1,<environment.Job instance at 0x7eff06dc40f0>,19,24,[9 4],20,-1,44,-1,20
1,<environment.Job instance at 0x7eff06dc4910>,22,28,[14  4],23,-1,58,-1,30
1,<environment.Job instance at 0x7eff06dc4af0>,23,18,[13  4],24,-1,48,-1,30
1,<environment.Job instance at 0x7eff06dc4820>,24,3,[1 6],25,-1,33,-1,30
1,<environment.Job instance at 0x7eff06dc4b40>,25,23,[11  4],26,-1,53,-1,30
1,<environment.Job instance at 0x7eff0f813a00>,26,17,[ 3 13],27,-1,47,-1,30
1,<environment.Job instance at 0x7eff06fa32d0>,28,13,[ 4 11],29,-1,43,-1,30
1,<environment.Job instance at 0x7eff06fa3af0>,29,3,[8 4],30,-1,33,-1,30
1,<environment.Job instance at 0x7eff06fa3dc0>,30,13,[ 5 11],31,-1,44,-1,31
1,<environment.Job instance at 0x7eff06dd85a0>,31,3,[11  2],32,-1,35,-1,32
1,<environment.Job instance at 0x7eff06e1caa0>,33,14,[12  5],34,-1,62,-1,48
1,<environment.Job instance at 0x7eff06dc9370>,34,25,[6 2],35,-1,73,-1,48
1,<environment.Job instance at 0x7eff06dc9640>,35,3,[1 8],36,-1,51,-1,48
1,<environment.Job instance at 0x7eff06dc9140>,36,3,[10  1],37,-1,51,-1,48
1,<environment.Job instance at 0x7eff06deed70>,38,25,[ 3 12],39,-1,73,-1,48
1,<environment.Job instance at 0x7eff06dee500>,40,1,[2 8],41,-1,49,-1,48
1,<environment.Job instance at 0x7eff06dee050>,42,21,[ 2 11],43,-1,89,-1,68
1,<environment.Job instance at 0x7eff06dee550>,43,2,[5 8],44,-1,70,-1,68
1,<environment.Job instance at 0x7eff06dee640>,45,1,[2 7],46,-1,69,-1,68
1,<environment.Job instance at 0x7eff06dee7d0>,47,28,[14  2],48,-1,99,-1,71
1,<environment.Job instance at 0x7eff06dee910>,48,28,[6 2],49,-1,99,-1,71
1,<environment.Job instance at 0x7eff06deee10>,49,24,[5 4],50,-1,95,-1,71
1,<environment.Job instance at 0x7eff06dee9b0>,51,15,[ 4 14],52,-1,100,-1,85
1,<environment.Job instance at 0x7eff06deec30>,52,17,[12  1],53,-1,102,-1,85
1,<environment.Job instance at 0x7eff06cc4460>,54,14,[ 4 14],55,-1,106,-1,92
1,<environment.Job instance at 0x7eff06cc4aa0>,55,22,[10  1],56,-1,122,-1,100
1,<environment.Job instance at 0x7eff05ccebe0>,4,18,[ 3 14],5,-1,23,-1,5
1,<environment.Job instance at 0x7eff05cce550>,5,16,[12  1],6,-1,22,-1,6
1,<environment.Job instance at 0x7eff05cce7d0>,9,17,[ 2 12],10,-1,27,-1,10
1,<environment.Job instance at 0x7eff05ccec30>,8,19,[ 2 12],9,-1,30,-1,11
1,<environment.Job instance at 0x7eff05cced70>,16,1,[9 4],17,-1,28,-1,27
1,<environment.Job instance at 0x7eff05cceb40>,18,20,[14  5],19,-1,47,-1,27
1,<environment.Job instance at 0x7eff059c6550>,26,25,[5 5],27,-1,144,-1,119
1,<environment.Job instance at 0x7eff059c6be0>,29,2,[ 5 11],30,-1,145,-1,143
1,<environment.Job instance at 0x7eff059c6fa0>,30,16,[ 5 11],31,-1,159,-1,143
1,<environment.Job instance at 0x7eff059c6960>,33,28,[7 1],34,-1,171,-1,143
1,<environment.Job instance at 0x7eff063e8a00>,3,13,[ 3 14],4,-1,17,-1,4
1,<environment.Job instance at 0x7eff063e8b40>,5,27,[13  2],6,-1,33,-1,6
1,<environment.Job instance at 0x7eff063e8d70>,6,27,[9 3],7,-1,34,-1,7
1,<environment.Job instance at 0x7eff059c6960>,8,1,[5 5],9,-1,10,-1,9
1,<environment.Job instance at 0x7eff063e8c80>,7,13,[13  1],8,-1,22,-1,9
1,<environment.Job instance at 0x7eff063d88c0>,22,27,[9 1],23,-1,57,-1,30
1,<environment.Job instance at 0x7eff063d8c80>,24,28,[ 4 10],25,-1,70,-1,42
1,<environment.Job instance at 0x7eff063d8d20>,25,16,[14  3],26,-1,58,-1,42
1,<environment.Job instance at 0x7eff063d8dc0>,26,22,[8 5],27,-1,81,-1,59
1,<environment.Job instance at 0x7eff063d8af0>,28,28,[13  5],29,-1,87,-1,59
1,<environment.Job instance at 0x7eff064041e0>,30,27,[6 2],31,-1,86,-1,59
1,<environment.Job instance at 0x7eff06404280>,33,14,[13  5],34,-1,83,-1,69
1,<environment.Job instance at 0x7eff06404140>,34,13,[8 1],35,-1,82,-1,69
1,<environment.Job instance at 0x7eff064044b0>,35,12,[3 9],36,-1,83,-1,71
1,<environment.Job instance at 0x7eff06404410>,37,28,[12  1],38,-1,99,-1,71
1,<environment.Job instance at 0x7eff06404640>,39,2,[5 4],40,-1,83,-1,81
1,<environment.Job instance at 0x7eff064046e0>,40,2,[ 1 13],41,-1,83,-1,81
1,<environment.Job instance at 0x7eff06404780>,41,2,[ 5 10],42,-1,83,-1,81
1,<environment.Job instance at 0x7eff06404a00>,42,24,[10  4],43,-1,105,-1,81
1,<environment.Job instance at 0x7eff06404af0>,44,23,[ 2 14],45,-1,114,-1,91
1,<environment.Job instance at 0x7eff064049b0>,46,25,[3 5],47,-1,126,-1,101
1,<environment.Job instance at 0x7eff06404d70>,47,28,[5 8],48,-1,129,-1,101
1,<environment.Job instance at 0x7eff06404eb0>,49,13,[13  1],50,-1,121,-1,108
1,<environment.Job instance at 0x7eff06404f50>,50,14,[ 4 10],51,-1,125,-1,111
1,<environment.Job instance at 0x7eff06404a50>,51,1,[9 1],52,-1,112,-1,111
1,<environment.Job instance at 0x7eff063f4230>,54,21,[8 1],55,-1,141,-1,120
1,<environment.Job instance at 0x7eff063f42d0>,55,24,[1 6],56,-1,145,-1,121
1,<environment.Job instance at 0x7f19eb24f1e0>,4,24,[ 3 11],5,-1,29,-1,5
1,<environment.Job instance at 0x7f19e1ad7aa0>,8,24,[ 2 10],9,-1,34,-1,10
1,<environment.Job instance at 0x7f19e1ad7cd0>,12,13,[ 2 12],13,-1,29,-1,16
1,<environment.Job instance at 0x7f19e1ad7c80>,17,18,[ 5 13],18,-1,54,-1,36
1,<environment.Job instance at 0x7f19e1ad9140>,20,21,[13  5],21,-1,78,-1,57
1,<environment.Job instance at 0x7f19e1ad90f0>,22,3,[4 6],23,-1,82,-1,79
1,<environment.Job instance at 0x7f19e1ad92d0>,24,2,[ 3 12],25,-1,81,-1,79
1,<environment.Job instance at 0x7f19e1ad9690>,27,25,[14  4],28,-1,124,-1,99
1,<environment.Job instance at 0x7f19e1ad9730>,28,2,[5 8],29,-1,101,-1,99
1,<environment.Job instance at 0x7f19e1ad97d0>,29,24,[5 1],30,-1,123,-1,99
1,<environment.Job instance at 0x7f19e1ad9b90>,35,3,[9 5],36,-1,135,-1,132
1,<environment.Job instance at 0x7f19e1ad9c80>,37,2,[5 1],38,-1,147,-1,145
1,<environment.Job instance at 0x7f19e1ad9cd0>,40,18,[ 5 13],41,-1,175,-1,157
1,<environment.Job instance at 0x7f19e1add190>,41,3,[14  5],42,-1,160,-1,157
1,<environment.Job instance at 0x7f19e1add230>,42,24,[ 4 14],43,-1,181,-1,157
1,<environment.Job instance at 0x7f19e1add230>,3,20,[14  2],4,-1,24,-1,4
1,<environment.Job instance at 0x7f19e1f79370>,4,14,[ 4 10],5,-1,25,-1,11
1,<environment.Job instance at 0x7f19e1f79c80>,9,3,[ 5 11],10,-1,14,-1,11
1,<environment.Job instance at 0x7f19e1f79280>,10,22,[11  3],11,-1,33,-1,11
1,<environment.Job instance at 0x7f19e20076e0>,16,19,[ 5 14],17,-1,59,-1,40
1,<environment.Job instance at 0x7f19e1b51e10>,18,27,[9 4],19,-1,76,-1,49
1,<environment.Job instance at 0x7f19e1b51cd0>,19,25,[3 9],20,-1,74,-1,49
1,<environment.Job instance at 0x7f19e1b513c0>,20,1,[7 4],21,-1,50,-1,49
1,<environment.Job instance at 0x7f19e1b51f50>,21,13,[ 4 10],22,-1,62,-1,49
1,<environment.Job instance at 0x7f19e1b51be0>,23,23,[ 2 14],24,-1,77,-1,54
1,<environment.Job instance at 0x7f19e1b51410>,24,12,[ 2 11],25,-1,66,-1,54
1,<environment.Job instance at 0x7f19e1b518c0>,26,2,[8 2],27,-1,70,-1,68
1,<environment.Job instance at 0x7f19e1b51280>,28,28,[4 7],29,-1,96,-1,68
1,<environment.Job instance at 0x7f19e1b51c80>,29,26,[3 6],30,-1,94,-1,68
1,<environment.Job instance at 0x7f19e1b51b90>,30,12,[11  1],31,-1,80,-1,68
1,<environment.Job instance at 0x7f19e11ff7d0>,31,12,[ 5 11],32,-1,80,-1,68
1,<environment.Job instance at 0x7f19e11fe870>,33,2,[ 1 10],34,-1,79,-1,77
1,<environment.Job instance at 0x7f19e218ca00>,34,2,[ 1 11],35,-1,79,-1,77
1,<environment.Job instance at 0x7f19e1564a00>,35,3,[8 2],36,-1,80,-1,77
1,<environment.Job instance at 0x7f19e119b2d0>,37,3,[5 4],38,-1,85,-1,82
1,<environment.Job instance at 0x7f19e158e690>,40,23,[5 8],41,-1,122,-1,99
1,<environment.Job instance at 0x7f19e14ee730>,41,21,[ 4 11],42,-1,120,-1,99
1,<environment.Job instance at 0x7f19e1583640>,42,2,[ 3 12],43,-1,101,-1,99
1,<environment.Job instance at 0x7f19e1583dc0>,43,1,[10  3],44,-1,100,-1,99
1,<environment.Job instance at 0x7f19e1583a50>,44,28,[3 8],45,-1,127,-1,99
1,<environment.Job instance at 0x7f19e13b7780>,45,24,[12  1],46,-1,123,-1,99
1,<environment.Job instance at 0x7f19e14e60a0>,46,14,[11  2],47,-1,113,-1,99
1,<environment.Job instance at 0x7f19e11a3eb0>,47,27,[5 3],48,-1,126,-1,99
1,<environment.Job instance at 0x7f19e15a76e0>,49,17,[ 5 11],50,-1,133,-1,116
1,<environment.Job instance at 0x7f19e1583a00>,50,13,[5 1],51,-1,129,-1,116
1,<environment.Job instance at 0x7f19e168c640>,51,27,[6 5],52,-1,143,-1,116
1,<environment.Job instance at 0x7f19e15a77d0>,52,18,[ 2 14],53,-1,134,-1,116
1,<environment.Job instance at 0x7f19e15a70f0>,53,2,[11  2],54,-1,118,-1,116
1,<environment.Job instance at 0x7f19e15dd1e0>,54,18,[12  2],55,-1,134,-1,116
1,<environment.Job instance at 0x7f19e15ddaf0>,56,17,[11  1],57,-1,133,-1,116
1,<environment.Job instance at 0x7f19e15dd410>,57,13,[ 4 12],58,-1,129,-1,116
1,<environment.Job instance at 0x7f19e15dd230>,58,17,[11  4],59,-1,133,-1,116
1,<environment.Job instance at 0x7f19e15dd4b0>,59,13,[10  1],60,-1,129,-1,116
1,<environment.Job instance at 0x7f19e15ec690>,62,28,[7 4],63,-1,160,-1,132
1,<environment.Job instance at 0x7f19e157f9b0>,64,28,[4 5],65,-1,179,-1,151
1,<environment.Job instance at 0x7f19e157f190>,65,23,[8 3],66,-1,174,-1,151
1,<environment.Job instance at 0x7f19e157feb0>,66,1,[3 8],67,-1,152,-1,151
1,<environment.Job instance at 0x7f19e157fc80>,68,28,[9 1],69,-1,179,-1,151
1,<environment.Job instance at 0x7f19e118f8c0>,4,18,[ 4 13],5,-1,23,-1,5
1,<environment.Job instance at 0x7f19e1186780>,6,15,[13  4],7,-1,22,-1,7
1,<environment.Job instance at 0x7f19e1186f00>,9,3,[ 2 14],10,-1,13,-1,10
1,<environment.Job instance at 0x7f19e1186320>,10,16,[ 5 13],11,-1,27,-1,11
1,<environment.Job instance at 0x7f19e11861e0>,11,2,[1 7],12,-1,35,-1,33
1,<environment.Job instance at 0x7f19e1186f50>,15,24,[6 1],16,-1,57,-1,33
1,<environment.Job instance at 0x7f19e1186050>,17,18,[13  2],18,-1,51,-1,33
1,<environment.Job instance at 0x7f19e1186730>,18,19,[ 5 13],19,-1,52,-1,33
1,<environment.Job instance at 0x7f19e1186230>,19,28,[3 5],20,-1,61,-1,33
1,<environment.Job instance at 0x7f19e1186140>,24,15,[ 3 11],25,-1,84,-1,69
1,<environment.Job instance at 0x7f19e1186eb0>,26,27,[2 8],27,-1,110,-1,83
1,<environment.Job instance at 0x7f19e11e9910>,27,12,[ 3 11],28,-1,95,-1,83
1,<environment.Job instance at 0x7f19e11e9c80>,32,27,[4 6],33,-1,127,-1,100
1,<environment.Job instance at 0x7f19e11e9410>,33,1,[ 2 11],34,-1,101,-1,100
1,<environment.Job instance at 0x7f19e11e9280>,35,15,[13  3],36,-1,122,-1,107
1,<environment.Job instance at 0x7f19e11e9730>,36,12,[14  2],37,-1,119,-1,107
1,<environment.Job instance at 0x7f19e11e92d0>,37,1,[ 2 11],38,-1,108,-1,107
1,<environment.Job instance at 0x7f19e11e9690>,39,15,[12  5],40,-1,124,-1,109
1,<environment.Job instance at 0x7f19e11e94b0>,40,16,[ 3 12],41,-1,125,-1,109
1,<environment.Job instance at 0x7f19e11e9a00>,41,16,[ 3 12],42,-1,125,-1,109
1,<environment.Job instance at 0x7f19e11e9870>,43,27,[5 1],44,-1,156,-1,129
1,<environment.Job instance at 0x7f19e18c4a00>,44,25,[10  4],45,-1,154,-1,129
1,<environment.Job instance at 0x7f19e1953d70>,45,26,[5 4],46,-1,155,-1,129
1,<environment.Job instance at 0x7f19e18c4050>,46,3,[5 9],47,-1,132,-1,129
1,<environment.Job instance at 0x7f19e1953f00>,48,12,[ 2 11],49,-1,141,-1,129
1,<environment.Job instance at 0x7f19e1ae2b90>,49,3,[2 7],50,-1,132,-1,129
1,<environment.Job instance at 0x7f19e1ff41e0>,50,13,[ 1 10],51,-1,142,-1,129
1,<environment.Job instance at 0x7f19e1ff4320>,51,3,[4 7],52,-1,132,-1,129
1,<environment.Job instance at 0x7f19e1222e60>,5,26,[14  5],6,-1,32,-1,6
1,<environment.Job instance at 0x7f19e1222c30>,6,1,[8 1],7,-1,8,-1,7
1,<environment.Job instance at 0x7f19e12223c0>,8,2,[7 2],9,-1,12,-1,10
1,<environment.Job instance at 0x7f19e125e0a0>,10,1,[1 6],11,-1,12,-1,11
1,<environment.Job instance at 0x7f19e175dc80>,16,2,[4 9],17,-1,21,-1,19
1,<environment.Job instance at 0x7f19e175d4b0>,17,28,[7 5],18,-1,47,-1,19
1,<environment.Job instance at 0x7f19e1f19370>,1,16,[12  2],2,-1,18,-1,2
1,<environment.Job instance at 0x7f19e1f19690>,2,15,[ 5 12],3,-1,18,-1,3
1,<environment.Job instance at 0x7f19e1efbcd0>,6,15,[13  3],7,-1,22,-1,7
1,<environment.Job instance at 0x7f19e1eea370>,11,23,[6 5],12,-1,41,-1,18
1,<environment.Job instance at 0x7f19e1eeafa0>,15,1,[4 9],16,-1,19,-1,18
1,<environment.Job instance at 0x7f19e1085af0>,1,19,[ 5 13],2,-1,21,-1,2
1,<environment.Job instance at 0x7f19e1085aa0>,3,25,[3 9],4,-1,29,-1,4
1,<environment.Job instance at 0x7f19e182f960>,24,21,[ 5 13],25,-1,112,-1,91
1,<environment.Job instance at 0x7f19e181bc80>,25,1,[10  1],26,-1,92,-1,91
1,<environment.Job instance at 0x7f19e181bd70>,26,17,[11  2],27,-1,108,-1,91
1,<environment.Job instance at 0x7f19e181b0a0>,28,2,[5 9],29,-1,95,-1,93
1,<environment.Job instance at 0x7f19e181b190>,29,28,[10  3],30,-1,121,-1,93
1,<environment.Job instance at 0x7f19e181b8c0>,30,28,[10  4],31,-1,121,-1,93
1,<environment.Job instance at 0x7f19e181b910>,32,25,[5 7],33,-1,129,-1,104
1,<environment.Job instance at 0x7f19e181b4b0>,33,1,[13  3],34,-1,105,-1,104
1,<environment.Job instance at 0x7f19e1f29320>,39,28,[3 8],40,-1,182,-1,154
1,<environment.Job instance at 0x7f19e1f298c0>,40,18,[ 1 14],41,-1,172,-1,154
1,<environment.Job instance at 0x7f19e1f296e0>,43,16,[12  2],44,-1,173,-1,157
1,<environment.Job instance at 0x7f19e1f29fa0>,44,12,[11  2],45,-1,169,-1,157
1,<environment.Job instance at 0x7f19e1f29fa0>,2,28,[ 2 14],3,-1,31,-1,3
1,<environment.Job instance at 0x7f19e1098640>,3,28,[5 1],4,-1,32,-1,4
1,<environment.Job instance at 0x7f19e1098410>,6,21,[ 1 11],7,-1,28,-1,7
1,<environment.Job instance at 0x7f19e1098550>,12,26,[2 9],13,-1,47,-1,21
1,<environment.Job instance at 0x7f19e1098b40>,14,1,[ 2 13],15,-1,22,-1,21
1,<environment.Job instance at 0x7f19e1098370>,16,27,[ 4 13],17,-1,65,-1,38
1,<environment.Job instance at 0x7f19e1098960>,17,15,[14  1],18,-1,53,-1,38
1,<environment.Job instance at 0x7f19e1098140>,20,3,[7 3],21,-1,59,-1,56
1,<environment.Job instance at 0x7f19e1098780>,21,26,[ 4 10],22,-1,82,-1,56
1,<environment.Job instance at 0x7f19e149bbe0>,22,1,[3 6],23,-1,57,-1,56
1,<environment.Job instance at 0x7f19e149b2d0>,25,25,[5 5],26,-1,85,-1,60
1,<environment.Job instance at 0x7f19e149b230>,26,26,[2 9],27,-1,86,-1,60
1,<environment.Job instance at 0x7f19e149b320>,28,15,[12  4],29,-1,93,-1,78
1,<environment.Job instance at 0x7f19e149bd70>,29,27,[10  3],30,-1,105,-1,78
1,<environment.Job instance at 0x7f19e149be60>,30,1,[ 1 11],31,-1,79,-1,78
1,<environment.Job instance at 0x7f19e149b410>,31,18,[ 2 12],32,-1,96,-1,78
1,<environment.Job instance at 0x7f19e149b9b0>,32,22,[ 2 11],33,-1,100,-1,78
1,<environment.Job instance at 0x7f19e149b820>,33,23,[8 4],34,-1,101,-1,78
1,<environment.Job instance at 0x7f19e149b690>,34,1,[2 5],35,-1,79,-1,78
1,<environment.Job instance at 0x7f19e149b960>,35,28,[ 4 10],36,-1,106,-1,78
1,<environment.Job instance at 0x7f19eace6820>,38,24,[2 6],39,-1,109,-1,85
1,<environment.Job instance at 0x7f19eace6f00>,42,27,[ 2 10],43,-1,138,-1,111
1,<environment.Job instance at 0x7f19eace6410>,43,2,[1 5],44,-1,113,-1,111
1,<environment.Job instance at 0x7f19eace6b40>,44,1,[11  5],45,-1,112,-1,111
1,<environment.Job instance at 0x7f19eac4daf0>,45,14,[ 5 14],46,-1,125,-1,111
1,<environment.Job instance at 0x7f19eac4d0f0>,47,25,[9 2],48,-1,139,-1,114
1,<environment.Job instance at 0x7f19eac4dfa0>,49,2,[ 5 13],50,-1,130,-1,128
1,<environment.Job instance at 0x7f19eac4dc30>,51,1,[4 5],52,-1,130,-1,129
1,<environment.Job instance at 0x7f19eac4da00>,52,13,[ 5 13],53,-1,142,-1,129
1,<environment.Job instance at 0x7f19e1eea190>,55,24,[5 1],56,-1,172,-1,148
1,<environment.Job instance at 0x7f19e1eeab40>,56,13,[ 5 12],57,-1,161,-1,148
1,<environment.Job instance at 0x7f19e1eeaaa0>,2,15,[ 3 13],3,-1,18,-1,3
1,<environment.Job instance at 0x7f19eacd1e60>,6,13,[11  4],7,-1,20,-1,7
1,<environment.Job instance at 0x7f19e185f820>,5,24,[9 2],6,-1,31,-1,7
1,<environment.Job instance at 0x7f19e185f370>,7,17,[ 3 12],8,-1,25,-1,8
1,<environment.Job instance at 0x7f19e11d1dc0>,11,17,[13  5],12,-1,29,-1,12
1,<environment.Job instance at 0x7f19e18673c0>,12,2,[1 6],13,-1,15,-1,13
1,<environment.Job instance at 0x7f19e18675f0>,19,25,[10  5],20,-1,56,-1,31
1,<environment.Job instance at 0x7f19e18618c0>,23,28,[4 6],24,-1,74,-1,46
1,<environment.Job instance at 0x7f19e18614b0>,24,26,[2 6],25,-1,72,-1,46
1,<environment.Job instance at 0x7f19e1e015a0>,26,15,[14  4],27,-1,66,-1,51
1,<environment.Job instance at 0x7f19e1de56e0>,27,13,[13  5],28,-1,64,-1,51
1,<environment.Job instance at 0x7f19e1514460>,28,1,[6 2],29,-1,52,-1,51
1,<environment.Job instance at 0x7f19e1861c80>,29,2,[2 5],30,-1,53,-1,51
1,<environment.Job instance at 0x7f19e152ddc0>,32,1,[ 1 13],33,-1,61,-1,60
1,<environment.Job instance at 0x7f19e22affa0>,33,26,[8 2],34,-1,86,-1,60
1,<environment.Job instance at 0x7f19e1524f50>,34,26,[5 7],35,-1,86,-1,60
1,<environment.Job instance at 0x7f19e229f690>,36,26,[11  1],37,-1,90,-1,64
1,<environment.Job instance at 0x7f19e22c1730>,42,18,[ 1 12],43,-1,113,-1,95
1,<environment.Job instance at 0x7f19e22bcc30>,43,15,[ 3 11],44,-1,110,-1,95
1,<environment.Job instance at 0x7f19e22bc780>,45,23,[6 3],46,-1,132,-1,109
1,<environment.Job instance at 0x7f19e18348c0>,46,16,[ 2 13],47,-1,125,-1,109
1,<environment.Job instance at 0x7f19e1834280>,47,21,[ 4 13],48,-1,130,-1,109
1,<environment.Job instance at 0x7f19e14f7140>,49,14,[ 2 10],50,-1,127,-1,113
1,<environment.Job instance at 0x7f19e14f76e0>,50,27,[13  3],51,-1,140,-1,113
1,<environment.Job instance at 0x7f19e152b730>,51,24,[3 9],52,-1,137,-1,113
1,<environment.Job instance at 0x7f19e152b280>,52,2,[5 7],53,-1,115,-1,113
1,<environment.Job instance at 0x7f19e22a0500>,53,23,[14  1],54,-1,136,-1,113
1,<environment.Job instance at 0x7f19e22a08c0>,54,27,[11  2],55,-1,140,-1,113
1,<environment.Job instance at 0x7f19e22a0870>,58,15,[13  2],59,-1,154,-1,139
1,<environment.Job instance at 0x7f19e22a0be0>,59,16,[11  3],60,-1,155,-1,139
1,<environment.Job instance at 0x7f19e22a0c30>,62,1,[9 3],63,-1,143,-1,142
1,<environment.Job instance at 0x7f19e22d9370>,63,1,[13  2],64,-1,143,-1,142
1,<environment.Job instance at 0x7f19e1514050>,3,3,[10  2],4,-1,7,-1,4
1,<environment.Job instance at 0x7f19e195c870>,6,2,[5 7],7,-1,9,-1,7
1,<environment.Job instance at 0x7f19e1514c30>,8,14,[11  2],9,-1,24,-1,10
1,<environment.Job instance at 0x7f19e195c7d0>,10,28,[4 7],11,-1,39,-1,11
1,<environment.Job instance at 0x7f19e195c6e0>,11,3,[6 5],12,-1,15,-1,12
1,<environment.Job instance at 0x7f19e195cd20>,14,24,[1 7],15,-1,41,-1,17
1,<environment.Job instance at 0x7f19e195c460>,16,17,[13  2],17,-1,34,-1,17
1,<environment.Job instance at 0x7f19e195c820>,17,1,[3 9],18,-1,19,-1,18
1,<environment.Job instance at 0x7f19e195ccd0>,18,23,[13  4],19,-1,42,-1,19
1,<environment.Job instance at 0x7f19e195cbe0>,20,26,[1 9],21,-1,48,-1,22
1,<environment.Job instance at 0x7f19e195c780>,21,25,[5 4],22,-1,47,-1,22
1,<environment.Job instance at 0x7f19e195c8c0>,22,22,[ 2 10],23,-1,48,-1,26
1,<environment.Job instance at 0x7f19e195c280>,23,3,[13  4],24,-1,29,-1,26
1,<environment.Job instance at 0x7f19e195cf00>,25,12,[13  4],26,-1,39,-1,27
1,<environment.Job instance at 0x7f19e194cf00>,27,19,[12  3],28,-1,59,-1,40
1,<environment.Job instance at 0x7f19e194c8c0>,28,17,[ 5 11],29,-1,57,-1,40
1,<environment.Job instance at 0x7f19e194cc30>,29,2,[ 1 10],30,-1,42,-1,40
1,<environment.Job instance at 0x7f19e194caf0>,32,18,[14  2],33,-1,75,-1,57
1,<environment.Job instance at 0x7f19e194c0a0>,33,15,[14  3],34,-1,72,-1,57
1,<environment.Job instance at 0x7f19e194c9b0>,35,17,[12  2],36,-1,74,-1,57
1,<environment.Job instance at 0x7f19e194c460>,36,20,[ 5 12],37,-1,77,-1,57
1,<environment.Job instance at 0x7f19e194c370>,37,28,[ 5 11],38,-1,85,-1,57
1,<environment.Job instance at 0x7f19e194c410>,39,23,[5 9],40,-1,97,-1,74
1,<environment.Job instance at 0x7f19e194ca00>,40,2,[10  2],41,-1,76,-1,74
1,<environment.Job instance at 0x7f19e194c320>,41,28,[14  5],42,-1,102,-1,74
1,<environment.Job instance at 0x7f19e194c2d0>,43,13,[12  1],44,-1,103,-1,90
1,<environment.Job instance at 0x7f19e194cdc0>,44,28,[ 5 11],45,-1,118,-1,90
1,<environment.Job instance at 0x7f19e194c1e0>,45,2,[5 3],46,-1,92,-1,90
1,<environment.Job instance at 0x7f19e1de8280>,47,1,[6 1],48,-1,91,-1,90
1,<environment.Job instance at 0x7f19e1de80a0>,50,3,[9 4],51,-1,98,-1,95
1,<environment.Job instance at 0x7f19e1de8640>,52,13,[ 4 14],53,-1,116,-1,103
1,<environment.Job instance at 0x7f19e1de8960>,53,2,[8 2],54,-1,105,-1,103
1,<environment.Job instance at 0x7f19e1de8320>,56,3,[2 7],57,-1,121,-1,118
1,<environment.Job instance at 0x7f19e1de8be0>,57,1,[ 4 12],58,-1,119,-1,118
1,<environment.Job instance at 0x7f19e1de8d70>,58,3,[10  5],59,-1,121,-1,118
1,<environment.Job instance at 0x7f19e1de89b0>,59,16,[13  1],60,-1,134,-1,118
1,<environment.Job instance at 0x7f19e1de8a00>,62,3,[13  2],63,-1,137,-1,134
1,<environment.Job instance at 0x7f19e1de8690>,63,28,[ 1 14],64,-1,162,-1,134
1,<environment.Job instance at 0x7f19e11d10a0>,64,18,[ 2 14],65,-1,152,-1,134
1,<environment.Job instance at 0x7f19e11d1320>,65,25,[ 4 10],66,-1,159,-1,134
1,<environment.Job instance at 0x7f19e11d1370>,66,24,[11  5],67,-1,158,-1,134
1,<environment.Job instance at 0x7f19e11ec1e0>,8,24,[ 4 11],9,-1,33,-1,9
1,<environment.Job instance at 0x7f19eaca1050>,12,2,[3 5],13,-1,35,-1,33
1,<environment.Job instance at 0x7f19eaca1c80>,14,2,[1 9],15,-1,35,-1,33
1,<environment.Job instance at 0x7f19eaca1730>,15,1,[3 7],16,-1,35,-1,34
1,<environment.Job instance at 0x7f19e11e03c0>,16,26,[8 5],17,-1,60,-1,34
1,<environment.Job instance at 0x7f19e11c10f0>,19,18,[12  1],20,-1,71,-1,53
1,<environment.Job instance at 0x7f19e11c1870>,22,2,[7 5],23,-1,80,-1,78
1,<environment.Job instance at 0x7f19e11c1320>,23,2,[ 2 10],24,-1,80,-1,78
1,<environment.Job instance at 0x7f19e11c1370>,25,1,[11  4],26,-1,88,-1,87
1,<environment.Job instance at 0x7f19e11c1b40>,27,14,[12  1],28,-1,101,-1,87
1,<environment.Job instance at 0x7f19e19b6e10>,35,20,[13  1],36,-1,135,-1,115
1,<environment.Job instance at 0x7f19e1dadb90>,36,17,[ 5 13],37,-1,132,-1,115
1,<environment.Job instance at 0x7f19e1dad3c0>,38,23,[4 8],39,-1,150,-1,127
1,<environment.Job instance at 0x7f19e1d22910>,41,26,[2 8],42,-1,168,-1,142
1,<environment.Job instance at 0x7f19e1d21280>,43,13,[12  5],44,-1,162,-1,149
1,<environment.Job instance at 0x7f19e150f410>,45,14,[ 2 11],46,-1,169,-1,155
1,<environment.Job instance at 0x7f19e22167d0>,3,20,[ 5 10],4,-1,24,-1,4
1,<environment.Job instance at 0x7f19e2216960>,5,18,[ 4 12],6,-1,24,-1,6
1,<environment.Job instance at 0x7f19e11b4820>,18,24,[8 5],19,-1,65,-1,41
1,<environment.Job instance at 0x7f19e11b4870>,19,3,[14  5],20,-1,44,-1,41
1,<environment.Job instance at 0x7f19e11b4c80>,23,17,[ 5 13],24,-1,78,-1,61
1,<environment.Job instance at 0x7f19e11b4d70>,24,26,[ 3 14],25,-1,87,-1,61
1,<environment.Job instance at 0x7f19e1e51f00>,4,15,[ 2 13],5,-1,20,-1,5
1,<environment.Job instance at 0x7f19e1e51a50>,6,13,[ 3 12],7,-1,20,-1,7
1,<environment.Job instance at 0x7f19e1e518c0>,7,14,[ 2 11],8,-1,22,-1,8
1,<environment.Job instance at 0x7f19e0df5140>,8,1,[ 5 14],9,-1,11,-1,10
1,<environment.Job instance at 0x7f19e0df59b0>,10,26,[10  4],11,-1,37,-1,11
1,<environment.Job instance at 0x7f19e0df53c0>,15,2,[3 8],16,-1,19,-1,17
1,<environment.Job instance at 0x7f19e0df5190>,17,12,[10  4],18,-1,45,-1,33
1,<environment.Job instance at 0x7f19e0df5af0>,26,27,[ 3 12],27,-1,92,-1,65
1,<environment.Job instance at 0x7f19e0f3fbe0>,31,21,[12  5],32,-1,108,-1,87
1,<environment.Job instance at 0x7f19e0f3fd20>,33,3,[ 2 14],34,-1,94,-1,91
1,<environment.Job instance at 0x7f19e0f3f460>,39,1,[ 3 11],40,-1,135,-1,134
1,<environment.Job instance at 0x7f19e0f3fc80>,40,25,[ 1 14],41,-1,159,-1,134
1,<environment.Job instance at 0x7f19e0f3f550>,41,2,[8 2],42,-1,136,-1,134
1,<environment.Job instance at 0x7f19e0f3ff00>,42,26,[14  4],43,-1,160,-1,134
1,<environment.Job instance at 0x7f19e0f3f500>,44,23,[ 1 11],45,-1,164,-1,141
1,<environment.Job instance at 0x7f19e0efa1e0>,46,1,[8 1],47,-1,146,-1,145
1,<environment.Job instance at 0x7f19e0efa140>,48,2,[4 7],49,-1,153,-1,151
1,<environment.Job instance at 0x7f19e0efab90>,49,22,[4 8],50,-1,173,-1,151
1,<environment.Job instance at 0x7f19e0efa960>,50,1,[9 5],51,-1,152,-1,151
1,<environment.Job instance at 0x7f19e0efa8c0>,51,17,[ 2 10],52,-1,168,-1,151
1,<environment.Job instance at 0x7f19e19f8730>,6,16,[11  2],7,-1,25,-1,9
1,<environment.Job instance at 0x7f19e19f8eb0>,9,1,[14  3],10,-1,11,-1,10
1,<environment.Job instance at 0x7f19e19f81e0>,12,2,[ 2 14],13,-1,15,-1,13
1,<environment.Job instance at 0x7f19e19f8e10>,14,25,[ 1 11],15,-1,49,-1,24
1,<environment.Job instance at 0x7f19e19f84b0>,15,28,[6 3],16,-1,52,-1,24
1,<environment.Job instance at 0x7f19e19f8500>,19,27,[6 2],20,-1,81,-1,54
1,<environment.Job instance at 0x7f19e2172370>,24,23,[3 8],25,-1,106,-1,83
1,<environment.Job instance at 0x7f19e2172af0>,25,16,[ 2 13],26,-1,99,-1,83
1,<environment.Job instance at 0x7f19e2172f50>,26,24,[7 1],27,-1,107,-1,83
1,<environment.Job instance at 0x7f19e2172640>,31,27,[ 4 13],32,-1,124,-1,97
1,<environment.Job instance at 0x7f19e2172b40>,33,18,[ 2 13],34,-1,125,-1,107
1,<environment.Job instance at 0x7f19e2172910>,34,1,[6 1],35,-1,108,-1,107
1,<environment.Job instance at 0x7f19e2172a00>,35,17,[11  1],36,-1,124,-1,107
1,<environment.Job instance at 0x7f19e2172460>,36,13,[12  1],37,-1,120,-1,107
1,<environment.Job instance at 0x7f19e21723c0>,39,1,[9 3],40,-1,114,-1,113
1,<environment.Job instance at 0x7f19e2172e60>,41,27,[4 9],42,-1,156,-1,129
1,<environment.Job instance at 0x7f19e21720f0>,43,19,[ 1 11],44,-1,148,-1,129
1,<environment.Job instance at 0x7f19e2172410>,45,3,[14  5],46,-1,147,-1,144
1,<environment.Job instance at 0x7f19e197bd20>,46,1,[8 1],47,-1,145,-1,144
1,<environment.Job instance at 0x7f19e197b960>,47,18,[12  5],48,-1,162,-1,144
1,<environment.Job instance at 0x7f19e197be60>,48,3,[14  5],49,-1,147,-1,144
1,<environment.Job instance at 0x7f19e197bd70>,50,16,[ 2 12],51,-1,160,-1,144
1,<environment.Job instance at 0x7f19e197b2d0>,51,3,[2 9],52,-1,147,-1,144
1,<environment.Job instance at 0x7f19e197b870>,52,18,[12  1],53,-1,162,-1,144
1,<environment.Job instance at 0x7f19e197bb40>,55,21,[12  4],56,-1,179,-1,158
1,<environment.Job instance at 0x7f19e197b050>,56,14,[ 3 12],57,-1,172,-1,158
1,<environment.Job instance at 0x7f19e197b050>,2,28,[5 3],3,-1,31,-1,3
1,<environment.Job instance at 0x7f19e1b94960>,6,24,[11  2],7,-1,31,-1,7
1,<environment.Job instance at 0x7f19e1b94dc0>,9,2,[1 7],10,-1,13,-1,11
1,<environment.Job instance at 0x7f19e1b94a00>,11,24,[7 2],12,-1,37,-1,13
1,<environment.Job instance at 0x7f19e1b94730>,13,27,[5 1],14,-1,42,-1,15
1,<environment.Job instance at 0x7f19e1b942d0>,17,21,[13  2],18,-1,49,-1,28
1,<environment.Job instance at 0x7f19e1b94870>,19,1,[11  5],20,-1,29,-1,28
1,<environment.Job instance at 0x7f19e1d22f00>,21,28,[7 3],22,-1,70,-1,42
1,<environment.Job instance at 0x7f19e1d225a0>,22,2,[8 4],23,-1,44,-1,42
1,<environment.Job instance at 0x7f19e1d22140>,23,14,[ 4 10],24,-1,56,-1,42
1,<environment.Job instance at 0x7f19e1d22640>,24,16,[13  2],25,-1,58,-1,42
1,<environment.Job instance at 0x7f19e1d22190>,27,22,[ 1 10],28,-1,82,-1,60
1,<environment.Job instance at 0x7f19e1d220f0>,28,28,[13  5],29,-1,88,-1,60
1,<environment.Job instance at 0x7f19e1d227d0>,29,23,[9 3],30,-1,83,-1,60
1,<environment.Job instance at 0x7f19e1d22730>,31,16,[ 3 13],32,-1,76,-1,60
1,<environment.Job instance at 0x7f19e1d22910>,33,1,[8 2],34,-1,67,-1,66
1,<environment.Job instance at 0x7f19e1d222d0>,34,3,[14  3],35,-1,69,-1,66
1,<environment.Job instance at 0x7f19e19b6be0>,37,3,[ 2 10],38,-1,83,-1,80
1,<environment.Job instance at 0x7f19e19b6500>,38,22,[4 7],39,-1,102,-1,80
1,<environment.Job instance at 0x7f19e0ed5500>,8,25,[10  2],9,-1,34,-1,9
1,<environment.Job instance at 0x7f19e0ed5f50>,9,13,[ 2 14],10,-1,23,-1,10
1,<environment.Job instance at 0x7f19e0ed5aa0>,10,1,[7 3],11,-1,12,-1,11
1,<environment.Job instance at 0x7f19e0ed5370>,11,12,[13  1],12,-1,24,-1,12
1,<environment.Job instance at 0x7f19e195bf50>,20,16,[ 4 14],21,-1,75,-1,59
1,<environment.Job instance at 0x7f19e19e23c0>,24,18,[ 4 13],25,-1,107,-1,89
1,<environment.Job instance at 0x7f19e19e2460>,26,13,[12  2],27,-1,102,-1,89
1,<environment.Job instance at 0x7f19e19e2320>,27,23,[6 1],28,-1,112,-1,89
1,<environment.Job instance at 0x7f19e19e2af0>,30,24,[4 5],31,-1,131,-1,107
1,<environment.Job instance at 0x7f19e19e2d70>,32,1,[ 2 11],33,-1,108,-1,107
1,<environment.Job instance at 0x7f19e19e24b0>,35,15,[ 1 13],36,-1,157,-1,142
1,<environment.Job instance at 0x7f19e19e2fa0>,36,25,[2 8],37,-1,167,-1,142
1,<environment.Job instance at 0x7f19e19e2eb0>,39,3,[ 3 12],40,-1,161,-1,158
1,<environment.Job instance at 0x7f19e19e27d0>,40,18,[11  2],41,-1,176,-1,158
1,<environment.Job instance at 0x7f19e19e2aa0>,41,17,[14  2],42,-1,175,-1,158
1,<environment.Job instance at 0x7f19e19e26e0>,42,23,[3 7],43,-1,181,-1,158
1,<environment.Job instance at 0x7f19e19e2640>,44,15,[13  1],45,-1,173,-1,158
1,<environment.Job instance at 0x7f19e19e2230>,45,19,[11  4],46,-1,177,-1,158
1,<environment.Job instance at 0x7f19e249eaa0>,47,25,[3 9],48,-1,183,-1,158
1,<environment.Job instance at 0x7f19e249eaa0>,2,24,[14  1],3,-1,27,-1,3
1,<environment.Job instance at 0x7f19e1a66690>,3,25,[10  3],4,-1,29,-1,4
1,<environment.Job instance at 0x7f19e1a662d0>,4,27,[7 2],5,-1,32,-1,5
1,<environment.Job instance at 0x7f19e15cdc80>,14,28,[5 5],15,-1,63,-1,35
1,<environment.Job instance at 0x7f19e15cd910>,15,3,[7 1],16,-1,38,-1,35
1,<environment.Job instance at 0x7f19e15cd5a0>,16,2,[12  1],17,-1,37,-1,35
1,<environment.Job instance at 0x7f19e15cdaa0>,17,21,[13  4],18,-1,56,-1,35
1,<environment.Job instance at 0x7f19e15cdcd0>,21,16,[ 1 14],22,-1,72,-1,56
1,<environment.Job instance at 0x7f19e15cd6e0>,22,3,[ 2 12],23,-1,59,-1,56
1,<environment.Job instance at 0x7f19e15cd0f0>,25,2,[7 2],26,-1,73,-1,71
1,<environment.Job instance at 0x7f19e1622e10>,28,3,[5 2],29,-1,87,-1,84
1,<environment.Job instance at 0x7f19e1622be0>,29,1,[10  1],30,-1,85,-1,84
1,<environment.Job instance at 0x7f19e1622e60>,31,1,[ 3 14],32,-1,95,-1,94
1,<environment.Job instance at 0x7f19e16224b0>,32,23,[ 1 12],33,-1,117,-1,94
1,<environment.Job instance at 0x7f19e1622460>,34,28,[ 1 13],35,-1,125,-1,97
1,<environment.Job instance at 0x7f19e1622a50>,37,26,[ 4 13],38,-1,141,-1,115
1,<environment.Job instance at 0x7f19e15fabe0>,38,24,[5 3],39,-1,139,-1,115
1,<environment.Job instance at 0x7f19e15fa0a0>,39,24,[6 2],40,-1,139,-1,115
1,<environment.Job instance at 0x7f19e15fa640>,3,24,[ 3 14],4,-1,28,-1,4
1,<environment.Job instance at 0x7f19e0f67190>,1,20,[12  1],2,-1,24,-1,4
1,<environment.Job instance at 0x7f19e23d8f50>,5,1,[3 5],6,-1,7,-1,6
1,<environment.Job instance at 0x7f19e15fa1e0>,4,25,[10  2],5,-1,34,-1,9
1,<environment.Job instance at 0x7f19e23d88c0>,9,24,[9 4],10,-1,34,-1,10
1,<environment.Job instance at 0x7f19e23d82d0>,11,15,[ 2 12],12,-1,27,-1,12
1,<environment.Job instance at 0x7f19e1e15fa0>,12,28,[14  4],13,-1,41,-1,13
1,<environment.Job instance at 0x7f19e1e15e10>,13,18,[13  4],14,-1,32,-1,14
1,<environment.Job instance at 0x7f19e1e156e0>,14,3,[1 6],15,-1,19,-1,16
1,<environment.Job instance at 0x7f19e1e15780>,16,17,[ 3 13],17,-1,34,-1,17
1,<environment.Job instance at 0x7f19e1e15960>,19,3,[8 4],20,-1,26,-1,23
1,<environment.Job instance at 0x7f19e1e15a50>,20,13,[ 5 11],21,-1,36,-1,23
1,<environment.Job instance at 0x7f19e1e159b0>,21,3,[11  2],22,-1,26,-1,23
1,<environment.Job instance at 0x7f19e1e15190>,23,14,[12  5],24,-1,38,-1,24
1,<environment.Job instance at 0x7f19e1e15d20>,24,25,[6 2],25,-1,50,-1,25
1,<environment.Job instance at 0x7f19e1e15e60>,25,3,[1 8],26,-1,29,-1,26
1,<environment.Job instance at 0x7f19e1e15910>,26,3,[10  1],27,-1,30,-1,27
1,<environment.Job instance at 0x7f19e1e15550>,28,25,[ 3 12],29,-1,60,-1,35
1,<environment.Job instance at 0x7f19e1e15820>,30,1,[2 8],31,-1,36,-1,35
1,<environment.Job instance at 0x7f19e1e15050>,32,21,[ 2 11],33,-1,65,-1,44
1,<environment.Job instance at 0x7f19e1e15d70>,33,2,[5 8],34,-1,46,-1,44
1,<environment.Job instance at 0x7f19e1e153c0>,35,1,[2 7],36,-1,53,-1,52
1,<environment.Job instance at 0x7f19e25c1aa0>,37,28,[14  2],38,-1,84,-1,56
1,<environment.Job instance at 0x7f19e25c1b40>,38,28,[6 2],39,-1,84,-1,56
1,<environment.Job instance at 0x7f19e25c11e0>,39,24,[5 4],40,-1,80,-1,56
1,<environment.Job instance at 0x7f19e25c1820>,41,15,[ 4 14],42,-1,84,-1,69
1,<environment.Job instance at 0x7f19e25c1640>,42,17,[12  1],43,-1,86,-1,69
1,<environment.Job instance at 0x7f19e25c1e60>,50,1,[8 1],51,-1,144,-1,143
1,<environment.Job instance at 0x7f19e25c13c0>,51,19,[ 2 12],52,-1,162,-1,143
1,<environment.Job instance at 0x7f19e25c1870>,2,19,[11  5],3,-1,22,-1,3
1,<environment.Job instance at 0x7f19e2151640>,9,2,[ 5 11],10,-1,21,-1,19
1,<environment.Job instance at 0x7f19e21515a0>,10,16,[ 5 11],11,-1,35,-1,19
1,<environment.Job instance at 0x7f19e18e7640>,15,27,[ 1 10],16,-1,82,-1,55
1,<environment.Job instance at 0x7f19e18e7460>,16,2,[ 4 12],17,-1,57,-1,55
1,<environment.Job instance at 0x7f19e18e7a50>,17,14,[12  2],18,-1,69,-1,55
1,<environment.Job instance at 0x7f19e18e7d20>,18,23,[1 8],19,-1,78,-1,55
1,<environment.Job instance at 0x7f19e18e7500>,19,3,[3 8],20,-1,58,-1,55
1,<environment.Job instance at 0x7f19e18e7e60>,20,25,[3 5],21,-1,80,-1,55
1,<environment.Job instance at 0x7f19e18e7b40>,21,13,[ 5 13],22,-1,68,-1,55
1,<environment.Job instance at 0x7f19e18e7c80>,22,26,[3 8],23,-1,81,-1,55
1,<environment.Job instance at 0x7f19e18e7aa0>,24,13,[ 1 14],25,-1,74,-1,61
1,<environment.Job instance at 0x7f19e0dede60>,30,23,[ 1 10],31,-1,143,-1,120
1,<environment.Job instance at 0x7f19e0deda50>,31,28,[ 1 14],32,-1,148,-1,120
1,<environment.Job instance at 0x7f19e0ded5f0>,32,3,[5 4],33,-1,123,-1,120
1,<environment.Job instance at 0x7f19e21286e0>,33,12,[10  4],34,-1,145,-1,133
1,<environment.Job instance at 0x7f19e2141be0>,37,21,[ 4 13],38,-1,158,-1,137
1,<environment.Job instance at 0x7f19e2141690>,38,1,[5 6],39,-1,138,-1,137
1,<environment.Job instance at 0x7f19e21413c0>,40,2,[12  2],41,-1,142,-1,140
1,<environment.Job instance at 0x7f19e21412d0>,41,26,[ 4 11],42,-1,166,-1,140
1,<environment.Job instance at 0x7f19e2141370>,42,24,[ 1 14],43,-1,164,-1,140
1,<environment.Job instance at 0x7f19e2176c30>,44,2,[8 5],45,-1,154,-1,152
1,<environment.Job instance at 0x7f19e20c7aa0>,45,28,[ 4 12],46,-1,180,-1,152
1,<environment.Job instance at 0x7f19e2141d20>,46,2,[10  2],47,-1,154,-1,152
1,<environment.Job instance at 0x7f19e1f54d70>,4,13,[8 1],5,-1,38,-1,25
1,<environment.Job instance at 0x7f19e1e77370>,14,23,[ 2 14],15,-1,61,-1,38
1,<environment.Job instance at 0x7f19e1e1bf50>,6,26,[3 5],7,-1,33,-1,7
1,<environment.Job instance at 0x7f19e1e48190>,7,13,[ 1 11],8,-1,21,-1,8
1,<environment.Job instance at 0x7f19e1e48640>,12,26,[2 9],13,-1,43,-1,17
1,<environment.Job instance at 0x7f19e1e486e0>,13,28,[13  1],14,-1,45,-1,17
1,<environment.Job instance at 0x7f19e1e48780>,14,15,[ 3 11],15,-1,32,-1,17
1,<environment.Job instance at 0x7f19e1e488c0>,16,3,[ 4 10],17,-1,20,-1,17
1,<environment.Job instance at 0x7f19e1e489b0>,18,3,[1 6],19,-1,22,-1,19
1,<environment.Job instance at 0x7f19e1e48a50>,19,3,[2 8],20,-1,23,-1,20
1,<environment.Job instance at 0x7f19e1e48cd0>,21,17,[ 2 14],22,-1,47,-1,30
1,<environment.Job instance at 0x7f19e1e48d70>,22,14,[ 4 14],23,-1,44,-1,30
1,<environment.Job instance at 0x7f19e1e48500>,23,1,[6 1],24,-1,31,-1,30
1,<environment.Job instance at 0x7f19e1e48eb0>,24,14,[ 5 11],25,-1,44,-1,30
1,<environment.Job instance at 0x7f19e1e44140>,28,16,[12  4],29,-1,81,-1,65
1,<environment.Job instance at 0x7f19e1e441e0>,29,28,[ 3 10],30,-1,93,-1,65
1,<environment.Job instance at 0x7f19e1e440f0>,30,15,[13  1],31,-1,80,-1,65
1,<environment.Job instance at 0x7f19e1e44320>,32,16,[11  4],33,-1,81,-1,65
1,<environment.Job instance at 0x7f19e1e442d0>,33,28,[13  4],34,-1,93,-1,65
1,<environment.Job instance at 0x7f19e1e44550>,35,2,[9 5],36,-1,84,-1,82
1,<environment.Job instance at 0x7f19e1e445f0>,36,15,[ 4 11],37,-1,97,-1,82
1,<environment.Job instance at 0x7f19e1e44690>,37,26,[9 5],38,-1,108,-1,82
1,<environment.Job instance at 0x7f19e1e44730>,38,24,[9 4],39,-1,106,-1,82
1,<environment.Job instance at 0x7f19e1e447d0>,39,2,[2 8],40,-1,84,-1,82
1,<environment.Job instance at 0x7f19e1e44870>,40,25,[ 2 12],41,-1,107,-1,82
1,<environment.Job instance at 0x7f19e1e449b0>,42,16,[12  5],43,-1,98,-1,82
1,<environment.Job instance at 0x7f19e1e44a50>,43,25,[4 9],44,-1,107,-1,82
1,<environment.Job instance at 0x7f19e1e44af0>,44,28,[2 5],45,-1,110,-1,82
1,<environment.Job instance at 0x7f19e1e44e60>,46,16,[ 5 10],47,-1,125,-1,109
1,<environment.Job instance at 0x7f19e1e39410>,54,14,[10  2],55,-1,126,-1,112
1,<environment.Job instance at 0x7f19e1e394b0>,55,13,[ 2 13],56,-1,125,-1,112
1,<environment.Job instance at 0x7f19e1e39550>,56,25,[ 2 14],57,-1,137,-1,112
1,<environment.Job instance at 0x7f19e1e395f0>,57,27,[4 5],58,-1,139,-1,112
1,<environment.Job instance at 0x7f19e1e397d0>,60,21,[3 5],61,-1,146,-1,125
1,<environment.Job instance at 0x7f19e1e39910>,62,2,[ 1 10],63,-1,130,-1,128
1,<environment.Job instance at 0x7f19e1e39c80>,66,12,[11  5],67,-1,163,-1,151
1,<environment.Job instance at 0x7f19e1e39cd0>,67,3,[9 5],68,-1,154,-1,151
1,<environment.Job instance at 0x7f19e1e39d70>,68,3,[5 4],69,-1,154,-1,151
1,<environment.Job instance at 0x7f19e1e39e10>,69,13,[5 1],70,-1,164,-1,151
1,<environment.Job instance at 0x7f19e1e39c30>,72,14,[ 3 14],73,-1,171,-1,157
1,<environment.Job instance at 0x7f19e1e39a00>,73,15,[ 2 12],74,-1,172,-1,157
1,<environment.Job instance at 0x7fbc391ae320>,4,24,[ 3 11],5,-1,29,-1,5
1,<environment.Job instance at 0x7fbc2fa36d70>,14,21,[ 3 11],15,-1,44,-1,23
1,<environment.Job instance at 0x7fbc2fa36e10>,17,18,[ 5 13],18,-1,60,-1,42
1,<environment.Job instance at 0x7fbc2fa38230>,20,21,[13  5],21,-1,81,-1,60
1,<environment.Job instance at 0x7fbc2fa38690>,27,25,[14  4],28,-1,130,-1,105
1,<environment.Job instance at 0x7fbc2fa38730>,28,2,[5 8],29,-1,107,-1,105
1,<environment.Job instance at 0x7fbc2fa387d0>,29,24,[5 1],30,-1,129,-1,105
1,<environment.Job instance at 0x7fbc2fa38d70>,35,3,[9 5],36,-1,153,-1,150
1,<environment.Job instance at 0x7fbc2fa38eb0>,37,2,[5 1],38,-1,168,-1,166
1,<environment.Job instance at 0x7fbc2fa38f00>,40,18,[ 5 13],41,-1,185,-1,167
1,<environment.Job instance at 0x7fbc2fa38fa0>,41,3,[14  5],42,-1,170,-1,167
1,<environment.Job instance at 0x7fbc2fa3c190>,42,24,[ 4 14],43,-1,191,-1,167
1,<environment.Job instance at 0x7fbc2fa38500>,1,18,[11  2],2,-1,20,-1,2
1,<environment.Job instance at 0x7fbc2fb129b0>,6,19,[ 5 14],7,-1,26,-1,7
1,<environment.Job instance at 0x7fbc2fa3c190>,4,21,[9 1],5,-1,28,-1,7
1,<environment.Job instance at 0x7fbc2fb128c0>,8,27,[9 4],9,-1,36,-1,9
1,<environment.Job instance at 0x7fbc2fb12870>,9,25,[3 9],10,-1,35,-1,10
1,<environment.Job instance at 0x7fbc2fb12b40>,13,23,[ 2 14],14,-1,37,-1,14
1,<environment.Job instance at 0x7fbc2fb12eb0>,14,12,[ 2 11],15,-1,27,-1,15
1,<environment.Job instance at 0x7fbc2fbbe140>,18,28,[4 7],19,-1,52,-1,24
1,<environment.Job instance at 0x7fbc2fbbeeb0>,19,26,[3 6],20,-1,50,-1,24
1,<environment.Job instance at 0x7fbc2fbbe6e0>,20,12,[11  1],21,-1,36,-1,24
1,<environment.Job instance at 0x7fbc2fbbee10>,21,12,[ 5 11],22,-1,36,-1,24
1,<environment.Job instance at 0x7fbc2f38deb0>,30,23,[5 8],31,-1,73,-1,50
1,<environment.Job instance at 0x7fbc2f38f690>,31,21,[ 4 11],32,-1,71,-1,50
1,<environment.Job instance at 0x7fbc2f166a50>,32,2,[ 3 12],33,-1,52,-1,50
1,<environment.Job instance at 0x7fbc2f44ba00>,33,1,[10  3],34,-1,51,-1,50
1,<environment.Job instance at 0x7fbc2f0f0b90>,34,28,[3 8],35,-1,78,-1,50
1,<environment.Job instance at 0x7fbc2f363b40>,35,24,[12  1],36,-1,74,-1,50
1,<environment.Job instance at 0x7fbc2f44d3c0>,36,14,[11  2],37,-1,64,-1,50
1,<environment.Job instance at 0x7fbc2f187e60>,37,27,[5 3],38,-1,77,-1,50
1,<environment.Job instance at 0x7fbc2f451910>,39,17,[ 5 11],40,-1,76,-1,59
1,<environment.Job instance at 0x7fbc2f4954b0>,41,27,[6 5],42,-1,87,-1,60
1,<environment.Job instance at 0x7fbc2f495fa0>,42,18,[ 2 14],43,-1,78,-1,60
1,<environment.Job instance at 0x7fbc2f4953c0>,43,2,[11  2],44,-1,62,-1,60
1,<environment.Job instance at 0x7fbc2f495460>,44,18,[12  2],45,-1,78,-1,60
1,<environment.Job instance at 0x7fbc2f4958c0>,46,17,[11  1],47,-1,79,-1,62
1,<environment.Job instance at 0x7fbc2f44c780>,47,13,[ 4 12],48,-1,75,-1,62
1,<environment.Job instance at 0x7fbc2f44c7d0>,48,17,[11  4],49,-1,86,-1,69
1,<environment.Job instance at 0x7fbc2f58c870>,49,13,[10  1],50,-1,83,-1,70
1,<environment.Job instance at 0x7fbc2f58caa0>,51,18,[ 1 10],52,-1,89,-1,71
1,<environment.Job instance at 0x7fbc2f53bc30>,52,28,[7 4],53,-1,99,-1,71
1,<environment.Job instance at 0x7fbc2f4f6eb0>,58,28,[9 1],59,-1,144,-1,116
1,<environment.Job instance at 0x7fbc2f4d6eb0>,61,1,[7 2],62,-1,128,-1,127
1,<environment.Job instance at 0x7fbc2f537370>,62,16,[14  3],63,-1,143,-1,127
1,<environment.Job instance at 0x7fbc2f4d6b90>,63,12,[11  4],64,-1,139,-1,127
1,<environment.Job instance at 0x7fbc2f537fa0>,64,15,[14  3],65,-1,142,-1,127
1,<environment.Job instance at 0x7fbc2f537780>,65,2,[6 4],66,-1,129,-1,127
1,<environment.Job instance at 0x7fbc2f537960>,66,13,[ 5 13],67,-1,140,-1,127
1,<environment.Job instance at 0x7fbc2f4ed820>,70,24,[11  3],71,-1,176,-1,152
1,<environment.Job instance at 0x7fbc2f4ede60>,4,15,[ 3 11],5,-1,20,-1,5
1,<environment.Job instance at 0x7fbc2f1834b0>,7,12,[ 3 11],8,-1,20,-1,8
1,<environment.Job instance at 0x7fbc2f183e60>,13,1,[ 2 11],14,-1,28,-1,27
1,<environment.Job instance at 0x7fbc2f183960>,15,15,[13  3],16,-1,50,-1,35
1,<environment.Job instance at 0x7fbc2f183820>,16,12,[14  2],17,-1,47,-1,35
1,<environment.Job instance at 0x7fbc2f183cd0>,17,1,[ 2 11],18,-1,36,-1,35
1,<environment.Job instance at 0x7fbc2f18cb40>,19,15,[12  5],20,-1,52,-1,37
1,<environment.Job instance at 0x7fbc2f18c6e0>,20,16,[ 3 12],21,-1,53,-1,37
1,<environment.Job instance at 0x7fbc2f18cc80>,21,16,[ 3 12],22,-1,53,-1,37
1,<environment.Job instance at 0x7fbc2f18cb90>,22,22,[1 6],23,-1,73,-1,51
1,<environment.Job instance at 0x7fbc2f18ce10>,23,27,[5 1],24,-1,78,-1,51
1,<environment.Job instance at 0x7fbc2f18cf00>,24,25,[10  4],25,-1,76,-1,51
1,<environment.Job instance at 0x7fbc2f18caa0>,25,26,[5 4],26,-1,77,-1,51
1,<environment.Job instance at 0x7fbc2f18ccd0>,26,3,[5 9],27,-1,54,-1,51
1,<environment.Job instance at 0x7fbc2f18cf50>,28,12,[ 2 11],29,-1,64,-1,52
1,<environment.Job instance at 0x7fbc2f18c1e0>,29,3,[2 7],30,-1,55,-1,52
1,<environment.Job instance at 0x7fbc2f18c320>,30,13,[ 1 10],31,-1,65,-1,52
1,<environment.Job instance at 0x7fbc2f18c780>,31,3,[4 7],32,-1,55,-1,52
1,<environment.Job instance at 0x7fbc2f18c230>,38,26,[7 4],39,-1,115,-1,89
1,<environment.Job instance at 0x7fbc2f0f08c0>,40,27,[9 5],41,-1,128,-1,101
1,<environment.Job instance at 0x7fbc2f0f0e10>,42,3,[9 2],43,-1,106,-1,103
1,<environment.Job instance at 0x7fbc2f0f0960>,44,3,[10  4],45,-1,122,-1,119
1,<environment.Job instance at 0x7fbc2f0f0550>,46,28,[ 3 14],47,-1,151,-1,123
1,<environment.Job instance at 0x7fbc2f0f0a00>,47,20,[1 9],48,-1,153,-1,133
1,<environment.Job instance at 0x7fbc2f86d2d0>,52,19,[11  4],53,-1,171,-1,152
1,<environment.Job instance at 0x7fbc2f0eff50>,53,27,[9 1],54,-1,179,-1,152
1,<environment.Job instance at 0x7fbc2f1871e0>,2,25,[5 7],3,-1,28,-1,3
1,<environment.Job instance at 0x7fbc2f68de10>,5,21,[ 5 13],6,-1,27,-1,6
1,<environment.Job instance at 0x7fbc2f6315a0>,10,23,[7 1],11,-1,38,-1,15
1,<environment.Job instance at 0x7fbc2f631a00>,12,2,[2 5],13,-1,37,-1,35
1,<environment.Job instance at 0x7fbc2fedb640>,14,12,[ 2 13],15,-1,50,-1,38
1,<environment.Job instance at 0x7fbc2f631550>,15,1,[4 9],16,-1,39,-1,38
1,<environment.Job instance at 0x7fbc2f704320>,22,25,[11  2],23,-1,111,-1,86
1,<environment.Job instance at 0x7fbc2f44d8c0>,23,15,[ 3 12],24,-1,101,-1,86
1,<environment.Job instance at 0x7fbc2fe48b40>,5,22,[12  2],6,-1,28,-1,6
1,<environment.Job instance at 0x7fbc2fe486e0>,6,26,[ 2 10],7,-1,33,-1,7
1,<environment.Job instance at 0x7fbc2fe48140>,7,14,[12  5],8,-1,22,-1,8
1,<environment.Job instance at 0x7fbc2fe33e60>,12,23,[13  5],13,-1,36,-1,13
1,<environment.Job instance at 0x7fbc2fe33140>,13,22,[ 4 10],14,-1,37,-1,15
1,<environment.Job instance at 0x7fbc2fe463c0>,15,2,[12  3],16,-1,18,-1,16
1,<environment.Job instance at 0x7fbc2fe46550>,19,27,[9 3],20,-1,55,-1,28
1,<environment.Job instance at 0x7fbc2fe46b90>,21,18,[ 5 12],22,-1,46,-1,28
1,<environment.Job instance at 0x7fbc2fe46a50>,22,2,[ 2 13],23,-1,30,-1,28
1,<environment.Job instance at 0x7fbc2fe46cd0>,23,26,[ 3 14],24,-1,54,-1,28
1,<environment.Job instance at 0x7fbc2fe46690>,27,25,[8 4],28,-1,81,-1,56
1,<environment.Job instance at 0x7fbc2fe65910>,30,18,[ 4 12],31,-1,88,-1,70
1,<environment.Job instance at 0x7fbc2fe65f00>,33,3,[14  5],34,-1,76,-1,73
1,<environment.Job instance at 0x7fbc38e2d370>,42,1,[12  2],43,-1,135,-1,134
1,<environment.Job instance at 0x7fbc2eff6d20>,43,15,[14  2],44,-1,149,-1,134
1,<environment.Job instance at 0x7fbc2eff6140>,47,28,[6 1],48,-1,184,-1,156
1,<environment.Job instance at 0x7fbc2eff6a50>,48,3,[14  3],49,-1,159,-1,156
1,<environment.Job instance at 0x7fbc2eff6f50>,49,1,[14  5],50,-1,157,-1,156
1,<environment.Job instance at 0x7fbc2eff6d70>,50,27,[10  3],51,-1,183,-1,156
1,<environment.Job instance at 0x7fbc2f478230>,2,25,[ 2 14],3,-1,28,-1,3
1,<environment.Job instance at 0x7fbc2f778e10>,3,12,[ 3 13],4,-1,16,-1,4
1,<environment.Job instance at 0x7fbc2fe9a230>,20,16,[ 3 12],21,-1,82,-1,66
1,<environment.Job instance at 0x7fbc2fe9a0f0>,19,25,[ 5 10],20,-1,115,-1,90
1,<environment.Job instance at 0x7fbc2fe9a910>,24,3,[1 9],25,-1,93,-1,90
1,<environment.Job instance at 0x7fbc2fe9a460>,25,3,[7 1],26,-1,93,-1,90
1,<environment.Job instance at 0x7fbc30556c30>,34,26,[5 5],35,-1,172,-1,146
1,<environment.Job instance at 0x7fbc30556b90>,36,23,[7 1],37,-1,169,-1,146
1,<environment.Job instance at 0x7fbc305566e0>,37,14,[12  4],38,-1,160,-1,146
1,<environment.Job instance at 0x7fbc2f0215f0>,12,28,[ 1 13],13,-1,54,-1,26
1,<environment.Job instance at 0x7fbc2f0212d0>,13,19,[ 5 14],14,-1,45,-1,26
1,<environment.Job instance at 0x7fbc2f021460>,14,12,[10  1],15,-1,39,-1,27
1,<environment.Job instance at 0x7fbc2f021870>,16,2,[ 4 14],17,-1,45,-1,43
1,<environment.Job instance at 0x7fbc2f021820>,17,18,[14  4],18,-1,61,-1,43
1,<environment.Job instance at 0x7fbc2f021190>,18,18,[ 3 11],19,-1,61,-1,43
1,<environment.Job instance at 0x7fbc2f0217d0>,19,12,[ 1 10],20,-1,55,-1,43
1,<environment.Job instance at 0x7fbc2f021320>,20,26,[ 2 11],21,-1,69,-1,43
1,<environment.Job instance at 0x7fbc2f0211e0>,21,13,[13  4],22,-1,56,-1,43
1,<environment.Job instance at 0x7fbc2f043050>,24,13,[12  4],25,-1,61,-1,48
1,<environment.Job instance at 0x7fbc2f043af0>,25,17,[ 5 13],26,-1,65,-1,48
1,<environment.Job instance at 0x7fbc2f043870>,26,16,[ 5 14],27,-1,64,-1,48
1,<environment.Job instance at 0x7fbc2f043550>,27,25,[5 8],28,-1,73,-1,48
1,<environment.Job instance at 0x7fbc2f043d70>,29,17,[ 2 14],30,-1,72,-1,55
1,<environment.Job instance at 0x7fbc2f043730>,30,18,[11  3],31,-1,73,-1,55
1,<environment.Job instance at 0x7fbc2f043280>,35,24,[11  3],36,-1,107,-1,83
1,<environment.Job instance at 0x7fbc2f0435a0>,36,15,[ 5 12],37,-1,98,-1,83
1,<environment.Job instance at 0x7fbc2f043d20>,37,26,[ 1 12],38,-1,109,-1,83
1,<environment.Job instance at 0x7fbc2f043820>,38,3,[6 4],39,-1,86,-1,83
1,<environment.Job instance at 0x7fbc2f043640>,39,25,[1 8],40,-1,108,-1,83
1,<environment.Job instance at 0x7fbc2f043a00>,40,27,[ 3 12],41,-1,110,-1,83
1,<environment.Job instance at 0x7fbc2f0433c0>,42,2,[12  4],43,-1,85,-1,83
1,<environment.Job instance at 0x7fbc2f028f00>,44,28,[11  4],45,-1,132,-1,104
1,<environment.Job instance at 0x7fbc2f028500>,45,26,[5 7],46,-1,130,-1,104
1,<environment.Job instance at 0x7fbc2f028190>,46,2,[5 1],47,-1,106,-1,104
1,<environment.Job instance at 0x7fbc2f028e60>,47,16,[11  2],48,-1,120,-1,104
1,<environment.Job instance at 0x7fbc2f0286e0>,49,13,[13  2],50,-1,135,-1,122
1,<environment.Job instance at 0x7fbc30574190>,2,17,[ 5 11],3,-1,20,-1,3
1,<environment.Job instance at 0x7fbc2f18d870>,6,24,[14  3],7,-1,31,-1,7
1,<environment.Job instance at 0x7fbc2f186320>,7,1,[ 1 14],8,-1,9,-1,8
1,<environment.Job instance at 0x7fbc2f18db90>,9,2,[3 6],10,-1,13,-1,11
1,<environment.Job instance at 0x7fbc2f181870>,13,18,[ 5 11],14,-1,37,-1,19
1,<environment.Job instance at 0x7fbc2f1819b0>,15,18,[12  4],16,-1,37,-1,19
1,<environment.Job instance at 0x7fbc2f181460>,16,26,[1 9],17,-1,45,-1,19
1,<environment.Job instance at 0x7fbc2f181550>,17,3,[10  4],18,-1,22,-1,19
1,<environment.Job instance at 0x7fbc2f181140>,19,26,[13  5],20,-1,58,-1,32
1,<environment.Job instance at 0x7fbc2f175fa0>,20,25,[13  3],21,-1,57,-1,32
1,<environment.Job instance at 0x7fbc2fb4b730>,21,22,[ 5 10],22,-1,101,-1,79
1,<environment.Job instance at 0x7fbc2f16d2d0>,27,16,[11  4],28,-1,95,-1,79
1,<environment.Job instance at 0x7fbc2f16d0f0>,28,24,[3 5],29,-1,103,-1,79
1,<environment.Job instance at 0x7fbc2f16d9b0>,29,20,[8 1],30,-1,119,-1,99
1,<environment.Job instance at 0x7fbc2f69a140>,30,19,[ 5 13],31,-1,118,-1,99
1,<environment.Job instance at 0x7fbc3057e8c0>,31,24,[2 5],32,-1,123,-1,99
1,<environment.Job instance at 0x7fbc2fb43690>,32,2,[1 9],33,-1,101,-1,99
1,<environment.Job instance at 0x7fbc2f6a16e0>,35,26,[ 3 12],36,-1,125,-1,99
1,<environment.Job instance at 0x7fbc2fb29a50>,36,26,[9 2],37,-1,125,-1,99
1,<environment.Job instance at 0x7fbc30579410>,37,1,[ 2 10],38,-1,100,-1,99
1,<environment.Job instance at 0x7fbc301edfa0>,38,16,[13  4],39,-1,115,-1,99
1,<environment.Job instance at 0x7fbc301bd320>,39,28,[2 7],40,-1,127,-1,99
1,<environment.Job instance at 0x7fbc2f697320>,42,17,[ 3 13],43,-1,131,-1,114
1,<environment.Job instance at 0x7fbc2fb32be0>,43,28,[3 7],44,-1,142,-1,114
1,<environment.Job instance at 0x7fbc2fb3fc80>,44,20,[11  2],45,-1,134,-1,114
1,<environment.Job instance at 0x7fbc2f7ff320>,48,1,[5 5],49,-1,142,-1,141
1,<environment.Job instance at 0x7fbc2f7fffa0>,49,14,[ 5 13],50,-1,155,-1,141
1,<environment.Job instance at 0x7fbc2fb5bcd0>,52,21,[5 1],53,-1,185,-1,164
1,<environment.Job instance at 0x7fbc301f3550>,53,2,[8 2],54,-1,166,-1,164
1,<environment.Job instance at 0x7fbc301f32d0>,54,20,[11  4],55,-1,184,-1,164
1,<environment.Job instance at 0x7fbc301c5dc0>,55,27,[6 1],56,-1,191,-1,164
1,<environment.Job instance at 0x7fbc301c5e60>,57,22,[1 7],58,-1,186,-1,164
1,<environment.Job instance at 0x7fbc301c5b40>,58,23,[2 6],59,-1,187,-1,164
1,<environment.Job instance at 0x7fbc2fb312d0>,3,1,[ 4 13],4,-1,8,-1,7
1,<environment.Job instance at 0x7fbc2f69fd20>,11,16,[13  2],12,-1,43,-1,27
1,<environment.Job instance at 0x7fbc2f69ff00>,12,14,[ 2 13],13,-1,41,-1,27
1,<environment.Job instance at 0x7fbc2f69fc80>,13,18,[13  1],14,-1,45,-1,27
1,<environment.Job instance at 0x7fbc2f69f780>,14,21,[ 2 12],15,-1,48,-1,27
1,<environment.Job instance at 0x7fbc2f69fdc0>,16,26,[13  3],17,-1,71,-1,45
1,<environment.Job instance at 0x7fbc2f69f9b0>,17,24,[12  5],18,-1,69,-1,45
1,<environment.Job instance at 0x7fbc2f69f640>,19,27,[7 3],20,-1,72,-1,45
1,<environment.Job instance at 0x7fbc2f69fe60>,23,21,[11  1],24,-1,94,-1,73
1,<environment.Job instance at 0x7fbc2f69f0f0>,25,18,[11  1],26,-1,110,-1,92
1,<environment.Job instance at 0x7fbc2f69fa50>,29,13,[ 1 12],30,-1,118,-1,105
1,<environment.Job instance at 0x7fbc2f6aad70>,36,24,[ 2 12],37,-1,180,-1,156
1,<environment.Job instance at 0x7fbc2f6aa4b0>,38,1,[7 3],39,-1,157,-1,156
1,<environment.Job instance at 0x7fbc2f6aa3c0>,2,28,[1 7],3,-1,31,-1,3
1,<environment.Job instance at 0x7fbc2f7e7e10>,4,18,[13  2],5,-1,23,-1,5
1,<environment.Job instance at 0x7fbc2f68f500>,6,19,[ 5 10],7,-1,45,-1,26
1,<environment.Job instance at 0x7fbc38c08780>,13,1,[ 2 13],14,-1,27,-1,26
1,<environment.Job instance at 0x7fbc38c08e60>,14,1,[1 8],15,-1,27,-1,26
1,<environment.Job instance at 0x7fbc38c08640>,15,17,[13  3],16,-1,43,-1,26
1,<environment.Job instance at 0x7fbc38c084b0>,16,26,[5 4],17,-1,52,-1,26
1,<environment.Job instance at 0x7fbc38c08730>,17,18,[ 1 11],18,-1,44,-1,26
1,<environment.Job instance at 0x7fbc38bf8780>,18,13,[ 2 12],19,-1,39,-1,26
1,<environment.Job instance at 0x7fbc38bdbcd0>,21,3,[7 3],22,-1,29,-1,26
1,<environment.Job instance at 0x7fbc2f681d70>,2,23,[ 3 11],3,-1,26,-1,3
1,<environment.Job instance at 0x7fbc2ff6d320>,3,14,[ 4 13],4,-1,18,-1,4
1,<environment.Job instance at 0x7fbc2ff6d0f0>,4,26,[9 3],5,-1,31,-1,5
1,<environment.Job instance at 0x7fbc2ff6d2d0>,7,20,[ 4 14],8,-1,28,-1,8
1,<environment.Job instance at 0x7fbc2ff6d410>,10,25,[ 5 12],11,-1,36,-1,11
1,<environment.Job instance at 0x7fbc2f3fa370>,9,14,[12  5],10,-1,25,-1,11
1,<environment.Job instance at 0x7fbc2f3fa190>,12,2,[14  2],13,-1,15,-1,13
1,<environment.Job instance at 0x7fbc2f3fab90>,18,18,[ 5 13],19,-1,47,-1,29
1,<environment.Job instance at 0x7fbc2f3fa8c0>,21,28,[1 5],22,-1,70,-1,42
1,<environment.Job instance at 0x7fbc2f3faaa0>,23,25,[8 1],24,-1,67,-1,42
1,<environment.Job instance at 0x7fbc2f3faf50>,25,12,[12  3],26,-1,68,-1,56
1,<environment.Job instance at 0x7fbc2f0e6c30>,28,25,[4 5],29,-1,101,-1,76
1,<environment.Job instance at 0x7fbc2f0e6b40>,29,25,[10  3],30,-1,101,-1,76
1,<environment.Job instance at 0x7fbc2f0e61e0>,31,28,[13  4],32,-1,107,-1,79
1,<environment.Job instance at 0x7fbc2f0e6cd0>,32,20,[13  2],33,-1,99,-1,79
1,<environment.Job instance at 0x7fbc2f0e6730>,33,14,[12  3],34,-1,93,-1,79
1,<environment.Job instance at 0x7fbc2f0e65f0>,34,17,[ 5 13],35,-1,96,-1,79
1,<environment.Job instance at 0x7fbc2f0e6a00>,36,18,[13  4],37,-1,110,-1,92
1,<environment.Job instance at 0x7fbc2f0e6eb0>,39,16,[ 2 11],40,-1,128,-1,112
1,<environment.Job instance at 0x7fbc2f0e6a50>,40,1,[8 4],41,-1,113,-1,112
1,<environment.Job instance at 0x7fbc2f0e6be0>,41,25,[2 5],42,-1,137,-1,112
1,<environment.Job instance at 0x7fbc2f0e66e0>,44,2,[3 9],45,-1,130,-1,128
1,<environment.Job instance at 0x7fbc30461be0>,45,1,[5 5],46,-1,129,-1,128
1,<environment.Job instance at 0x7fbc304615f0>,48,23,[ 3 14],49,-1,168,-1,145
1,<environment.Job instance at 0x7fbc30461190>,49,21,[ 5 13],50,-1,166,-1,145
1,<environment.Job instance at 0x7fbc30461410>,50,16,[ 3 14],51,-1,161,-1,145
1,<environment.Job instance at 0x7fbc30461550>,52,14,[11  3],53,-1,176,-1,162
1,<environment.Job instance at 0x7fbc2f59b7d0>,1,19,[11  2],2,-1,21,-1,2
1,<environment.Job instance at 0x7fbc2ed9b8c0>,2,2,[ 4 14],3,-1,5,-1,3
1,<environment.Job instance at 0x7fbc2ed9ba50>,4,15,[13  5],5,-1,20,-1,5
1,<environment.Job instance at 0x7fbc2ed9b960>,6,17,[ 4 10],7,-1,25,-1,8
1,<environment.Job instance at 0x7fbc2ed9b6e0>,7,12,[10  1],8,-1,21,-1,9
1,<environment.Job instance at 0x7fbc2ed9b4b0>,10,27,[ 5 14],11,-1,38,-1,11
1,<environment.Job instance at 0x7fbc2ed9bb40>,11,22,[12  4],12,-1,34,-1,12
1,<environment.Job instance at 0x7fbc2ed9b2d0>,12,2,[13  2],13,-1,15,-1,13
1,<environment.Job instance at 0x7fbc2ee07d70>,19,12,[ 4 14],20,-1,32,-1,20
1,<environment.Job instance at 0x7fbc2ee07500>,20,25,[7 1],21,-1,47,-1,22
1,<environment.Job instance at 0x7fbc2ee07820>,26,22,[10  5],27,-1,182,-1,160
1,<environment.Job instance at 0x7fbc2eda2be0>,45,14,[11  4],46,-1,174,-1,160
1,<environment.Job instance at 0x7fbc2eda23c0>,46,16,[14  4],47,-1,176,-1,160
1,<environment.Job instance at 0x7fbc390a1e10>,1,2,[ 5 14],2,-1,4,-1,2
1,<environment.Job instance at 0x7fbc30211cd0>,4,13,[12  3],5,-1,18,-1,5
1,<environment.Job instance at 0x7fbc30211280>,5,12,[ 5 11],6,-1,18,-1,6
1,<environment.Job instance at 0x7fbc390b0eb0>,9,23,[4 8],10,-1,37,-1,14
1,<environment.Job instance at 0x7fbc2f1b69b0>,20,2,[ 2 12],21,-1,76,-1,74
1,<environment.Job instance at 0x7fbc2f1b6f50>,22,2,[3 5],23,-1,83,-1,81
1,<environment.Job instance at 0x7fbc2f1b6690>,23,2,[3 6],24,-1,83,-1,81
1,<environment.Job instance at 0x7fbc2f1b64b0>,26,2,[ 3 14],27,-1,102,-1,100
1,<environment.Job instance at 0x7fbc2f1b6500>,27,17,[ 1 11],28,-1,117,-1,100
1,<environment.Job instance at 0x7fbc2f1b60a0>,30,15,[14  2],31,-1,115,-1,100
1,<environment.Job instance at 0x7fbc2f1b6aa0>,33,25,[ 5 10],34,-1,142,-1,117
1,<environment.Job instance at 0x7fbc2f1b6d20>,35,3,[14  4],36,-1,134,-1,131
1,<environment.Job instance at 0x7fbc2f1b60f0>,36,25,[5 8],37,-1,156,-1,131
1,<environment.Job instance at 0x7fbc2f1b6b40>,37,28,[3 6],38,-1,159,-1,131
1,<environment.Job instance at 0x7fbc2f362d20>,42,28,[5 3],43,-1,195,-1,167
1,<environment.Job instance at 0x7fbc2f362c80>,43,23,[10  1],44,-1,190,-1,167
1,<environment.Job instance at 0x7fbc38c2b050>,1,28,[8 2],2,-1,30,-1,2
1,<environment.Job instance at 0x7fbc2f38deb0>,7,3,[ 2 10],8,-1,11,-1,8
1,<environment.Job instance at 0x7fbc2f38dd70>,8,3,[10  5],9,-1,12,-1,9
1,<environment.Job instance at 0x7fbc2f38d1e0>,9,15,[ 4 11],10,-1,25,-1,10
1,<environment.Job instance at 0x7fbc2f38daa0>,10,15,[ 1 11],11,-1,26,-1,11
1,<environment.Job instance at 0x7fbc2f38d7d0>,11,24,[11  4],12,-1,36,-1,12
1,<environment.Job instance at 0x7fbc2f38d6e0>,12,21,[14  5],13,-1,34,-1,13
1,<environment.Job instance at 0x7fbc2f38d2d0>,13,2,[7 1],14,-1,16,-1,14
1,<environment.Job instance at 0x7fbc2f38de60>,16,25,[4 7],17,-1,42,-1,17
1,<environment.Job instance at 0x7fbc3909ae10>,19,14,[ 2 12],20,-1,44,-1,30
1,<environment.Job instance at 0x7fbc2f5c0d70>,20,20,[ 3 14],21,-1,50,-1,30
1,<environment.Job instance at 0x7fbc2f5c0690>,21,18,[ 1 11],22,-1,48,-1,30
1,<environment.Job instance at 0x7fbc2f5c0640>,22,3,[ 5 12],23,-1,33,-1,30
1,<environment.Job instance at 0x7fbc2f5c06e0>,23,14,[12  5],24,-1,44,-1,30
1,<environment.Job instance at 0x7fbc2f5c09b0>,29,21,[5 1],30,-1,101,-1,80
1,<environment.Job instance at 0x7fbc2f5c04b0>,30,27,[2 7],31,-1,107,-1,80
1,<environment.Job instance at 0x7fbc2f5c0230>,32,12,[ 2 14],33,-1,92,-1,80
1,<environment.Job instance at 0x7fbc2f5c0b40>,33,1,[12  2],34,-1,81,-1,80
1,<environment.Job instance at 0x7fbc2f5c05f0>,34,17,[8 1],35,-1,104,-1,87
1,<environment.Job instance at 0x7fbc2f5c0a00>,37,13,[13  1],38,-1,102,-1,89
1,<environment.Job instance at 0x7fbc2f5c0c30>,38,25,[10  2],39,-1,114,-1,89
1,<environment.Job instance at 0x7fbc2f417a50>,39,13,[ 2 14],40,-1,102,-1,89
1,<environment.Job instance at 0x7fbc2f417460>,40,1,[7 3],41,-1,90,-1,89
1,<environment.Job instance at 0x7fbc2f417550>,41,12,[13  1],42,-1,101,-1,89
1,<environment.Job instance at 0x7fbc2f417820>,42,13,[6 3],43,-1,103,-1,90
1,<environment.Job instance at 0x7fbc2f417fa0>,44,23,[1 9],45,-1,113,-1,90
1,<environment.Job instance at 0x7fbc2f417190>,45,18,[ 2 10],46,-1,108,-1,90
1,<environment.Job instance at 0x7fbc2f417a00>,46,22,[5 8],47,-1,112,-1,90
1,<environment.Job instance at 0x7fbc2f4173c0>,49,20,[3 9],50,-1,128,-1,108
1,<environment.Job instance at 0x7fbc2f417d70>,50,16,[ 4 14],51,-1,124,-1,108
1,<environment.Job instance at 0x7fbc2f4175a0>,52,13,[10  2],53,-1,121,-1,108
1,<environment.Job instance at 0x7fbc2f417280>,56,13,[12  2],57,-1,145,-1,132
1,<environment.Job instance at 0x7fbc2f417960>,57,23,[6 1],58,-1,155,-1,132
1,<environment.Job instance at 0x7fbc38dfac80>,60,24,[4 5],61,-1,170,-1,146
1,<environment.Job instance at 0x7fbc38dfae60>,61,13,[5 1],62,-1,159,-1,146
1,<environment.Job instance at 0x7fbc38dfa910>,62,1,[ 2 11],63,-1,147,-1,146
1,<environment.Job instance at 0x7fbc38dfa1e0>,63,19,[ 5 10],64,-1,165,-1,146
1,<environment.Job instance at 0x7fbc38dfaa00>,64,16,[ 3 10],65,-1,162,-1,146
1,<environment.Job instance at 0x7fbc38dfa2d0>,65,15,[ 1 13],66,-1,161,-1,146
1,<environment.Job instance at 0x7fbc38dfa780>,66,25,[2 8],67,-1,171,-1,146
1,<environment.Job instance at 0x7fbc38dfa960>,69,3,[ 3 12],70,-1,165,-1,162
1,<environment.Job instance at 0x7fbc38dfa820>,70,18,[11  2],71,-1,180,-1,162
1,<environment.Job instance at 0x7fbc38dfa230>,71,17,[14  2],72,-1,179,-1,162
1,<environment.Job instance at 0x7fbc38dfa3c0>,72,23,[3 7],73,-1,185,-1,162
1,<environment.Job instance at 0x7fbc2f405230>,73,13,[6 1],74,-1,175,-1,162
1,<environment.Job instance at 0x7fbc2f405460>,74,15,[13  1],75,-1,177,-1,162
1,<environment.Job instance at 0x7fbc2f405050>,75,19,[11  4],76,-1,181,-1,162
1,<environment.Job instance at 0x7fbc2f405960>,76,12,[7 4],77,-1,174,-1,162
1,<environment.Job instance at 0x7fbc2f4050a0>,77,25,[3 9],78,-1,187,-1,162
1,<environment.Job instance at 0x7fbc2f405140>,78,22,[6 5],79,-1,184,-1,162
1,<environment.Job instance at 0x7fbc2f405410>,79,12,[2 9],80,-1,174,-1,162
1,<environment.Job instance at 0x7fbc2f4054b0>,80,3,[5 1],81,-1,165,-1,162
1,<environment.Job instance at 0x7fbc2f405eb0>,81,16,[ 1 12],82,-1,178,-1,162
1,<environment.Job instance at 0x7fbc2f4056e0>,82,15,[2 9],83,-1,177,-1,162
1,<environment.Job instance at 0x7fbc2f4051e0>,83,27,[7 4],84,-1,189,-1,162
1,<environment.Job instance at 0x7fbc2f405d70>,84,18,[1 9],85,-1,180,-1,162
1,<environment.Job instance at 0x7fbc2f405fa0>,85,14,[10  5],86,-1,176,-1,162
1,<environment.Job instance at 0x7fbc2f405870>,86,21,[10  3],87,-1,183,-1,162
1,<environment.Job instance at 0x7fbc2f405a00>,87,13,[ 2 13],88,-1,175,-1,162
1,<environment.Job instance at 0x7fbc2f4050f0>,88,14,[4 9],89,-1,176,-1,162
1,<environment.Job instance at 0x7fbc2f405190>,89,17,[9 1],90,-1,179,-1,162
1,<environment.Job instance at 0x7fbc2f405a50>,90,21,[2 5],91,-1,183,-1,162
1,<environment.Job instance at 0x7fbc2f405780>,91,28,[1 7],92,-1,190,-1,162
1,<environment.Job instance at 0x7fbc2ee1baf0>,4,25,[2 8],5,-1,30,-1,5
1,<environment.Job instance at 0x7fbc2ee1b640>,6,15,[ 3 14],7,-1,22,-1,7
1,<environment.Job instance at 0x7fbc2ee1b410>,8,13,[ 5 13],9,-1,22,-1,9
1,<environment.Job instance at 0x7fbc2ee1b910>,9,17,[ 5 12],10,-1,27,-1,10
1,<environment.Job instance at 0x7fbc30553f00>,16,24,[7 4],17,-1,61,-1,37
1,<environment.Job instance at 0x7fbc30553050>,19,1,[7 5],20,-1,38,-1,37
1,<environment.Job instance at 0x7fbc30553460>,20,19,[ 4 14],21,-1,56,-1,37
1,<environment.Job instance at 0x7fbc30553b90>,22,24,[14  1],23,-1,75,-1,51
1,<environment.Job instance at 0x7fbc30553550>,23,25,[10  3],24,-1,76,-1,51
1,<environment.Job instance at 0x7fbc3028f410>,24,27,[7 2],25,-1,78,-1,51
1,<environment.Job instance at 0x7fbc3028ff50>,30,1,[14  3],31,-1,88,-1,87
1,<environment.Job instance at 0x7fbc3028fe60>,32,23,[ 2 11],33,-1,123,-1,100
1,<environment.Job instance at 0x7fbc3028f5a0>,34,28,[5 5],35,-1,128,-1,100
1,<environment.Job instance at 0x7fbc3028f140>,35,3,[7 1],36,-1,103,-1,100
1,<environment.Job instance at 0x7fbc3028f5f0>,36,2,[12  1],37,-1,102,-1,100
1,<environment.Job instance at 0x7fbc3028f910>,37,21,[13  4],38,-1,121,-1,100
1,<environment.Job instance at 0x7fbc3028f690>,41,16,[ 1 14],42,-1,146,-1,130
1,<environment.Job instance at 0x7fbc3028f730>,42,3,[ 2 12],43,-1,133,-1,130
1,<environment.Job instance at 0x7fbc2fa16dc0>,45,2,[7 2],46,-1,152,-1,150
1,<environment.Job instance at 0x7fbc2fa16730>,48,3,[5 2],49,-1,163,-1,160
1,<environment.Job instance at 0x7fbc2fa161e0>,49,1,[10  1],50,-1,161,-1,160
1,<environment.Job instance at 0x7fbc2f43df50>,1,18,[ 1 11],2,-1,20,-1,2
1,<environment.Job instance at 0x7fbc2f44bf50>,9,13,[ 2 13],10,-1,23,-1,10
1,<environment.Job instance at 0x7fbc2f44b050>,10,17,[ 1 13],11,-1,28,-1,11
1,<environment.Job instance at 0x7fbc2f44b3c0>,11,20,[12  1],12,-1,32,-1,12
1,<environment.Job instance at 0x7fbc2f43d8c0>,13,24,[ 3 14],14,-1,38,-1,14
1,<environment.Job instance at 0x7fbc2f44b780>,14,25,[10  2],15,-1,40,-1,15
1,<environment.Job instance at 0x7fbc2f44b0a0>,15,1,[3 5],16,-1,19,-1,18
1,<environment.Job instance at 0x7fbc2f43c5a0>,19,24,[9 4],20,-1,44,-1,20
1,<environment.Job instance at 0x7fbc2f43c190>,22,28,[14  4],23,-1,58,-1,30
1,<environment.Job instance at 0x7fbc2f43c460>,23,18,[13  4],24,-1,48,-1,30
1,<environment.Job instance at 0x7fbc2f43ceb0>,24,3,[1 6],25,-1,33,-1,30
1,<environment.Job instance at 0x7fbc2f43ca50>,25,23,[11  4],26,-1,53,-1,30
1,<environment.Job instance at 0x7fbc2f43c550>,26,17,[ 3 13],27,-1,47,-1,30
1,<environment.Job instance at 0x7fbc2f43cc30>,28,13,[ 4 11],29,-1,43,-1,30
1,<environment.Job instance at 0x7fbc2f43c5f0>,29,3,[8 4],30,-1,33,-1,30
1,<environment.Job instance at 0x7fbc2f43ca00>,30,13,[ 5 11],31,-1,44,-1,31
1,<environment.Job instance at 0x7fbc2f452fa0>,31,3,[11  2],32,-1,35,-1,32
1,<environment.Job instance at 0x7fbc2f43c3c0>,33,14,[12  5],34,-1,62,-1,48
1,<environment.Job instance at 0x7fbc2f452780>,34,25,[6 2],35,-1,73,-1,48
1,<environment.Job instance at 0x7fbc2f4527d0>,35,3,[1 8],36,-1,51,-1,48
1,<environment.Job instance at 0x7fbc2f4525f0>,36,3,[10  1],37,-1,51,-1,48
1,<environment.Job instance at 0x7fbc2f452640>,38,25,[ 3 12],39,-1,73,-1,48
1,<environment.Job instance at 0x7fbc2f452690>,40,1,[2 8],41,-1,49,-1,48
1,<environment.Job instance at 0x7fbc2f4525a0>,42,21,[ 2 11],43,-1,89,-1,68
1,<environment.Job instance at 0x7fbc2f4526e0>,43,2,[5 8],44,-1,70,-1,68
1,<environment.Job instance at 0x7fbc2f452aa0>,45,1,[2 7],46,-1,69,-1,68
1,<environment.Job instance at 0x7fbc2f43ea50>,47,28,[14  2],48,-1,99,-1,71
1,<environment.Job instance at 0x7fbc2f43eaf0>,48,28,[6 2],49,-1,99,-1,71
1,<environment.Job instance at 0x7fbc2f43ecd0>,49,24,[5 4],50,-1,95,-1,71
1,<environment.Job instance at 0x7fbc2f43eeb0>,51,15,[ 4 14],52,-1,100,-1,85
1,<environment.Job instance at 0x7fbc2f43e8c0>,52,17,[12  1],53,-1,102,-1,85
1,<environment.Job instance at 0x7fbc2f43e190>,54,14,[ 4 14],55,-1,106,-1,92
1,<environment.Job instance at 0x7fbc2f43e2d0>,55,22,[10  1],56,-1,122,-1,100
1,<environment.Job instance at 0x7fbc2f43efa0>,60,1,[8 1],61,-1,125,-1,124
1,<environment.Job instance at 0x7fbc2f811280>,61,19,[ 2 12],62,-1,143,-1,124
1,<environment.Job instance at 0x7fbc2f811dc0>,65,1,[7 5],66,-1,152,-1,151
1,<environment.Job instance at 0x7fbc2f8110a0>,67,2,[1 9],68,-1,155,-1,153
1,<environment.Job instance at 0x7fbc2f812f50>,2,19,[11  5],3,-1,22,-1,3
1,<environment.Job instance at 0x7fbc2f3aca00>,9,2,[ 5 11],10,-1,21,-1,19
1,<environment.Job instance at 0x7fbc2f3ac5a0>,10,16,[ 5 11],11,-1,35,-1,19
1,<environment.Job instance at 0x7fbc2f3ac280>,15,27,[ 1 10],16,-1,82,-1,55
1,<environment.Job instance at 0x7fbc2f3acb40>,16,2,[ 4 12],17,-1,57,-1,55
1,<environment.Job instance at 0x7fbc2f3ac690>,17,14,[12  2],18,-1,69,-1,55
1,<environment.Job instance at 0x7fbc2f3acd70>,18,23,[1 8],19,-1,78,-1,55
1,<environment.Job instance at 0x7fbc2f3acaa0>,19,3,[3 8],20,-1,58,-1,55
1,<environment.Job instance at 0x7fbc2f3ac1e0>,20,25,[3 5],21,-1,80,-1,55
1,<environment.Job instance at 0x7fbc2f3acb90>,21,13,[ 5 13],22,-1,68,-1,55
1,<environment.Job instance at 0x7fbc2f3acaf0>,22,26,[3 8],23,-1,81,-1,55
1,<environment.Job instance at 0x7fbc30388320>,24,13,[ 1 14],25,-1,74,-1,61
1,<environment.Job instance at 0x7fbc30388460>,25,18,[8 1],26,-1,82,-1,64
1,<environment.Job instance at 0x7fbc303881e0>,26,23,[13  1],27,-1,87,-1,64
1,<environment.Job instance at 0x7fbc303885f0>,28,13,[ 3 13],29,-1,77,-1,64
1,<environment.Job instance at 0x7fbc30388c80>,29,15,[11  2],30,-1,79,-1,64
1,<environment.Job instance at 0x7fbc30388d20>,30,23,[ 1 10],31,-1,87,-1,64
1,<environment.Job instance at 0x7fbc30388af0>,31,28,[ 1 14],32,-1,92,-1,64
1,<environment.Job instance at 0x7fbc30388190>,32,3,[5 4],33,-1,67,-1,64
1,<environment.Job instance at 0x7fbc30388230>,33,12,[10  4],34,-1,76,-1,64
1,<environment.Job instance at 0x7fbc30388820>,34,2,[4 8],35,-1,66,-1,64
1,<environment.Job instance at 0x7fbc303886e0>,35,24,[4 6],36,-1,88,-1,64
1,<environment.Job instance at 0x7fbc2ef3b8c0>,37,21,[ 4 13],38,-1,95,-1,74
1,<environment.Job instance at 0x7fbc2ef3b320>,38,1,[5 6],39,-1,75,-1,74
1,<environment.Job instance at 0x7fbc2ef3b780>,40,2,[12  2],41,-1,80,-1,78
1,<environment.Job instance at 0x7fbc2ef3b280>,41,26,[ 4 11],42,-1,104,-1,78
1,<environment.Job instance at 0x7fbc2ef3b3c0>,42,24,[ 1 14],43,-1,102,-1,78
1,<environment.Job instance at 0x7fbc2ef3b9b0>,44,2,[8 5],45,-1,92,-1,90
1,<environment.Job instance at 0x7fbc2ef3b6e0>,45,28,[ 4 12],46,-1,118,-1,90
1,<environment.Job instance at 0x7fbc2ef3b0f0>,46,2,[10  2],47,-1,92,-1,90
1,<environment.Job instance at 0x7fbc2fb6d050>,52,26,[5 6],53,-1,150,-1,124
1,<environment.Job instance at 0x7fbc2fb6dd20>,53,1,[10  4],54,-1,125,-1,124
1,<environment.Job instance at 0x7fbc2fb6d280>,54,18,[ 3 13],55,-1,142,-1,124
1,<environment.Job instance at 0x7fbc2fb6d8c0>,55,21,[ 4 10],56,-1,152,-1,131
1,<environment.Job instance at 0x7fbc2fb6da50>,56,3,[14  4],57,-1,134,-1,131
1,<environment.Job instance at 0x7fbc2fb6daf0>,57,16,[ 4 12],58,-1,147,-1,131
1,<environment.Job instance at 0x7fbc2fb6dd70>,58,2,[14  1],59,-1,133,-1,131
1,<environment.Job instance at 0x7fbc2fb6d6e0>,61,15,[14  5],62,-1,175,-1,160
1,<environment.Job instance at 0x7fbc2fb6dc30>,62,2,[9 2],63,-1,162,-1,160
1,<environment.Job instance at 0x7fbc2fb6d140>,63,18,[ 5 14],64,-1,178,-1,160
1,<environment.Job instance at 0x7fbc2fb6d0a0>,64,25,[12  4],65,-1,185,-1,160
1,<environment.Job instance at 0x7fbc2ed68140>,4,23,[ 2 14],5,-1,28,-1,5
1,<environment.Job instance at 0x7fbc2ed688c0>,6,25,[3 5],7,-1,32,-1,7
1,<environment.Job instance at 0x7fbc2ed68640>,7,28,[5 8],8,-1,36,-1,8
1,<environment.Job instance at 0x7fbc2ed68500>,9,13,[13  1],10,-1,23,-1,10
1,<environment.Job instance at 0x7fbc2ed8e9b0>,10,14,[ 4 10],11,-1,35,-1,21
1,<environment.Job instance at 0x7fbc301f6b40>,22,2,[ 1 13],23,-1,61,-1,59
1,<environment.Job instance at 0x7fbc301f6690>,23,28,[5 8],24,-1,87,-1,59
1,<environment.Job instance at 0x7fbc30314e60>,27,1,[6 3],28,-1,76,-1,75
1,<environment.Job instance at 0x7fbc3037c230>,29,15,[ 3 14],30,-1,91,-1,76
1,<environment.Job instance at 0x7fbc3037c820>,30,20,[6 3],31,-1,96,-1,76
1,<environment.Job instance at 0x7fbc3037cf00>,31,12,[5 6],32,-1,88,-1,76
1,<environment.Job instance at 0x7fbc2ef45e60>,32,15,[ 5 14],33,-1,91,-1,76
1,<environment.Job instance at 0x7fbc2ef45550>,33,27,[8 4],34,-1,103,-1,76
1,<environment.Job instance at 0x7fbc3037ceb0>,34,14,[1 8],35,-1,90,-1,76
1,<environment.Job instance at 0x7fbc2ef45cd0>,35,14,[9 1],36,-1,90,-1,76
1,<environment.Job instance at 0x7fbc2ef45640>,36,13,[8 3],37,-1,89,-1,76
1,<environment.Job instance at 0x7fbc2fc1fb90>,37,15,[ 4 11],38,-1,91,-1,76
1,<environment.Job instance at 0x7fbc2ef45e10>,38,20,[6 5],39,-1,97,-1,77
1,<environment.Job instance at 0x7fbc2ef45eb0>,39,14,[6 2],40,-1,91,-1,77
1,<environment.Job instance at 0x7fbc2ef415f0>,40,18,[ 2 14],41,-1,95,-1,77
1,<environment.Job instance at 0x7fbc2ef41410>,41,15,[1 9],42,-1,92,-1,77
1,<environment.Job instance at 0x7fbc2ef41eb0>,42,27,[4 6],43,-1,104,-1,77
1,<environment.Job instance at 0x7fbc2ef41f00>,43,24,[5 9],44,-1,101,-1,77
1,<environment.Job instance at 0x7fbc2ef41fa0>,44,2,[5 1],45,-1,79,-1,77
1,<environment.Job instance at 0x7fbc2ef41dc0>,45,1,[10  5],46,-1,78,-1,77
1,<environment.Job instance at 0x7fbc2ef41230>,46,27,[2 5],47,-1,104,-1,77
1,<environment.Job instance at 0x7fbc2ef41730>,47,14,[10  3],48,-1,91,-1,77
1,<environment.Job instance at 0x7fbc2ef41500>,48,14,[10  2],49,-1,91,-1,77
1,<environment.Job instance at 0x7fbc2ef41050>,49,1,[ 2 14],50,-1,78,-1,77
1,<environment.Job instance at 0x7fbc2ef41280>,50,14,[5 1],51,-1,91,-1,77
1,<environment.Job instance at 0x7fbc2ef41e10>,51,27,[11  4],52,-1,104,-1,77
1,<environment.Job instance at 0x7fbc2ef41be0>,52,13,[4 6],53,-1,90,-1,77
1,<environment.Job instance at 0x7fbc2ef41af0>,53,3,[7 3],54,-1,80,-1,77
1,<environment.Job instance at 0x7fbc2ef41910>,54,2,[11  2],55,-1,79,-1,77
1,<environment.Job instance at 0x7fbc2ef41690>,55,18,[1 6],56,-1,96,-1,78
1,<environment.Job instance at 0x7fbc2ef41d70>,56,17,[11  2],57,-1,95,-1,78
1,<environment.Job instance at 0x7fbc2ed61320>,58,2,[9 2],59,-1,90,-1,88
1,<environment.Job instance at 0x7fbc2ed61780>,59,18,[ 5 14],60,-1,106,-1,88
1,<environment.Job instance at 0x7fbc2ed61d70>,60,3,[ 2 14],61,-1,91,-1,88
1,<environment.Job instance at 0x7fbc2ed79a00>,67,27,[ 2 11],68,-1,152,-1,125
1,<environment.Job instance at 0x7fbc2ed79b90>,68,19,[ 3 14],69,-1,144,-1,125
1,<environment.Job instance at 0x7fbc2ed79a50>,70,27,[6 4],71,-1,169,-1,142
1,<environment.Job instance at 0x7fbc2ed791e0>,71,13,[10  5],72,-1,155,-1,142
1,<environment.Job instance at 0x7fbc2ed79c80>,72,26,[5 7],73,-1,168,-1,142
1,<environment.Job instance at 0x7fbc2f7db910>,76,2,[10  2],77,-1,150,-1,148
1,<environment.Job instance at 0x7fbc2f5ad0f0>,77,16,[14  3],78,-1,164,-1,148
1,<environment.Job instance at 0x7fbc2f22d9b0>,78,23,[4 5],79,-1,171,-1,148
1,<environment.Job instance at 0x7fbc2f340c80>,80,15,[11  2],81,-1,175,-1,160
1,<environment.Job instance at 0x7fbc2f59b320>,81,27,[11  4],82,-1,187,-1,160
1,<environment.Job instance at 0x7fbc2f33d460>,82,14,[3 9],83,-1,175,-1,161
1,<environment.Job instance at 0x7fbc2f34fe60>,83,20,[8 1],84,-1,181,-1,161
1,<environment.Job instance at 0x7fbc2f3143c0>,84,28,[5 3],85,-1,189,-1,161
1,<environment.Job instance at 0x7fbc2f22d230>,85,3,[10  2],86,-1,164,-1,161
1,<environment.Job instance at 0x7fbc2f20c320>,87,19,[13  4],88,-1,186,-1,167
1,<environment.Job instance at 0x7fbc3049d6e0>,88,2,[3 8],89,-1,169,-1,167
1,<environment.Job instance at 0x7fbc3049d6e0>,2,14,[ 4 14],3,-1,17,-1,3
1,<environment.Job instance at 0x7fbc2f3aad20>,4,14,[ 5 11],5,-1,19,-1,5
1,<environment.Job instance at 0x7fbc303de2d0>,8,16,[12  4],9,-1,25,-1,9
1,<environment.Job instance at 0x7fbc303def00>,9,28,[ 3 10],10,-1,38,-1,10
1,<environment.Job instance at 0x7fbc303def50>,10,15,[13  1],11,-1,26,-1,11
1,<environment.Job instance at 0x7fbc303de640>,12,16,[11  4],13,-1,31,-1,15
1,<environment.Job instance at 0x7fbc303de410>,15,2,[9 5],16,-1,18,-1,16
1,<environment.Job instance at 0x7fbc303de870>,16,15,[ 4 11],17,-1,32,-1,17
1,<environment.Job instance at 0x7fbc303dea00>,17,26,[9 5],18,-1,44,-1,18
1,<environment.Job instance at 0x7fbc2fb38dc0>,18,24,[9 4],19,-1,43,-1,19
1,<environment.Job instance at 0x7fbc2fb38af0>,19,2,[2 8],20,-1,22,-1,20
1,<environment.Job instance at 0x7fbc2fb381e0>,20,25,[ 2 12],21,-1,46,-1,21
1,<environment.Job instance at 0x7fbc2fb38e60>,22,16,[12  5],23,-1,39,-1,23
1,<environment.Job instance at 0x7fbc2fb38870>,23,25,[4 9],24,-1,49,-1,24
1,<environment.Job instance at 0x7fbc2fb38f50>,24,28,[2 5],25,-1,53,-1,25
1,<environment.Job instance at 0x7fbc2fb38820>,27,2,[ 3 12],28,-1,42,-1,40
1,<environment.Job instance at 0x7fbc2fb385a0>,28,3,[5 3],29,-1,43,-1,40
1,<environment.Job instance at 0x7fbc2fb38d70>,29,1,[5 5],30,-1,41,-1,40
1,<environment.Job instance at 0x7fbc2fb380f0>,30,13,[ 1 10],31,-1,54,-1,41
1,<environment.Job instance at 0x7fbc2fb38a50>,32,2,[2 5],33,-1,43,-1,41
1,<environment.Job instance at 0x7fbc2fb389b0>,33,18,[14  4],34,-1,59,-1,41
1,<environment.Job instance at 0x7fbc2fb38140>,35,13,[ 2 13],36,-1,57,-1,44
1,<environment.Job instance at 0x7fbc2fb387d0>,36,25,[ 2 14],37,-1,69,-1,44
1,<environment.Job instance at 0x7fbc2fb38690>,37,27,[4 5],38,-1,71,-1,44
1,<environment.Job instance at 0x7fbc30132730>,42,2,[ 1 10],43,-1,72,-1,70
1,<environment.Job instance at 0x7fbc301320a0>,46,12,[11  5],47,-1,110,-1,98
1,<environment.Job instance at 0x7fbc303ddc30>,47,3,[9 5],48,-1,101,-1,98
1,<environment.Job instance at 0x7fbc303ddf50>,48,3,[5 4],49,-1,101,-1,98
1,<environment.Job instance at 0x7fbc303dd8c0>,52,14,[ 3 14],53,-1,129,-1,115
1,<environment.Job instance at 0x7fbc303dd1e0>,53,15,[ 2 12],54,-1,130,-1,115
1,<environment.Job instance at 0x7fbc303ddd20>,55,1,[ 3 12],56,-1,116,-1,115
1,<environment.Job instance at 0x7fbc303dd3c0>,56,12,[12  3],57,-1,127,-1,115
1,<environment.Job instance at 0x7fbc303ddaa0>,59,28,[4 8],60,-1,164,-1,136
1,<environment.Job instance at 0x7fbc303dd320>,60,3,[6 5],61,-1,139,-1,136
1,<environment.Job instance at 0x7fbc303b7640>,66,24,[7 1],67,-1,186,-1,162
1,<environment.Job instance at 0x7fbc2f590af0>,10,28,[5 9],11,-1,53,-1,25
1,<environment.Job instance at 0x7fbc2f590dc0>,15,1,[10  3],16,-1,51,-1,50
1,<environment.Job instance at 0x7fbc2f590e60>,16,28,[3 8],17,-1,78,-1,50
1,<environment.Job instance at 0x7fbc2f590f00>,17,1,[5 2],18,-1,51,-1,50
1,<environment.Job instance at 0x7fbc2f584500>,26,27,[5 6],27,-1,141,-1,114
1,<environment.Job instance at 0x7fbc2f584910>,30,2,[7 5],31,-1,131,-1,129
1,<environment.Job instance at 0x7fbc2f584690>,31,14,[ 4 11],32,-1,143,-1,129
1,<environment.Job instance at 0x7fbc2f5849b0>,33,1,[10  1],34,-1,130,-1,129
1,<environment.Job instance at 0x7fbc2f584c30>,35,17,[ 5 13],36,-1,146,-1,129
1,<environment.Job instance at 0x7fbc2f584d20>,36,12,[ 5 12],37,-1,141,-1,129
1,<environment.Job instance at 0x7fbc2f584e60>,38,3,[6 3],39,-1,148,-1,145
1,<environment.Job instance at 0x7fbc2f584be0>,41,3,[8 5],42,-1,165,-1,162
1,<environment.Job instance at 0x7fbc2f584eb0>,42,1,[3 7],43,-1,163,-1,162
1,<environment.Job instance at 0x7f3f217bc550>,4,24,[ 3 11],5,-1,29,-1,5
1,<environment.Job instance at 0x7f3f217bc870>,8,24,[ 2 10],9,-1,33,-1,9
1,<environment.Job instance at 0x7f3f217bccd0>,14,21,[ 3 11],15,-1,45,-1,24
1,<environment.Job instance at 0x7f3f217bcfa0>,17,18,[ 5 13],18,-1,61,-1,43
1,<environment.Job instance at 0x7f3f217be1e0>,20,21,[13  5],21,-1,82,-1,61
1,<environment.Job instance at 0x7f3f217be690>,27,25,[14  4],28,-1,123,-1,98
1,<environment.Job instance at 0x7f3f217be870>,28,2,[5 8],29,-1,100,-1,98
1,<environment.Job instance at 0x7f3f217be910>,29,24,[5 1],30,-1,122,-1,98
1,<environment.Job instance at 0x7f3f217becd0>,35,3,[9 5],36,-1,133,-1,130
1,<environment.Job instance at 0x7f3f217bee10>,37,2,[5 1],38,-1,147,-1,145
1,<environment.Job instance at 0x7f3f217bee60>,40,18,[ 5 13],41,-1,167,-1,149
1,<environment.Job instance at 0x7f3f217bef00>,41,3,[14  5],42,-1,152,-1,149
1,<environment.Job instance at 0x7f3f217befa0>,42,24,[ 4 14],43,-1,173,-1,149
1,<environment.Job instance at 0x7f3f217c23c0>,45,28,[6 4],46,-1,201,-1,173
1,<environment.Job instance at 0x7f3f217c2460>,46,17,[ 5 12],47,-1,190,-1,173
1,<environment.Job instance at 0x7f3f217c25a0>,48,25,[5 4],49,-1,200,-1,175
1,<environment.Job instance at 0x7f3f21ef7b90>,9,26,[3 6],10,-1,38,-1,12
1,<environment.Job instance at 0x7f3f21ef75f0>,10,12,[11  1],11,-1,24,-1,12
1,<environment.Job instance at 0x7f3f21ef7c80>,11,12,[ 5 11],12,-1,24,-1,12
1,<environment.Job instance at 0x7f3f21ef7190>,13,2,[ 1 10],14,-1,29,-1,27
1,<environment.Job instance at 0x7f3f21ef7050>,14,2,[ 1 11],15,-1,29,-1,27
1,<environment.Job instance at 0x7f3f21ef7d20>,15,3,[8 2],16,-1,30,-1,27
1,<environment.Job instance at 0x7f3f21ef7500>,17,3,[5 4],18,-1,30,-1,27
1,<environment.Job instance at 0x7f3f21ef7b40>,19,16,[ 3 10],20,-1,49,-1,33
1,<environment.Job instance at 0x7f3f21ef7cd0>,20,23,[5 8],21,-1,56,-1,33
1,<environment.Job instance at 0x7f3f21ef7910>,21,21,[ 4 11],22,-1,54,-1,33
1,<environment.Job instance at 0x7f3f21ef7230>,22,2,[ 3 12],23,-1,35,-1,33
1,<environment.Job instance at 0x7f3f21939be0>,23,1,[10  3],24,-1,34,-1,33
1,<environment.Job instance at 0x7f3f21939aa0>,24,28,[3 8],25,-1,61,-1,33
1,<environment.Job instance at 0x7f3f21939b40>,25,24,[12  1],26,-1,57,-1,33
1,<environment.Job instance at 0x7f3f21939960>,26,14,[11  2],27,-1,47,-1,33
1,<environment.Job instance at 0x7f3f21939730>,27,27,[5 3],28,-1,60,-1,33
1,<environment.Job instance at 0x7f3f21939a00>,29,17,[ 5 11],30,-1,67,-1,50
1,<environment.Job instance at 0x7f3f21939910>,31,27,[6 5],32,-1,77,-1,50
1,<environment.Job instance at 0x7f3f21939cd0>,32,18,[ 2 14],33,-1,68,-1,50
1,<environment.Job instance at 0x7f3f21941050>,33,2,[11  2],34,-1,52,-1,50
1,<environment.Job instance at 0x7f3f219415f0>,34,18,[12  2],35,-1,68,-1,50
1,<environment.Job instance at 0x7f3f21941af0>,36,17,[11  1],37,-1,72,-1,55
1,<environment.Job instance at 0x7f3f21941be0>,37,13,[ 4 12],38,-1,68,-1,55
1,<environment.Job instance at 0x7f3f21941230>,38,17,[11  4],39,-1,73,-1,56
1,<environment.Job instance at 0x7f3f21941f00>,39,13,[10  1],40,-1,70,-1,57
1,<environment.Job instance at 0x7f3f219414b0>,42,28,[7 4],43,-1,101,-1,73
1,<environment.Job instance at 0x7f3f219419b0>,44,28,[4 5],45,-1,113,-1,85
1,<environment.Job instance at 0x7f3f21941fa0>,45,23,[8 3],46,-1,108,-1,85
1,<environment.Job instance at 0x7f3f21941910>,46,1,[3 8],47,-1,86,-1,85
1,<environment.Job instance at 0x7f3f21941280>,48,28,[9 1],49,-1,116,-1,88
1,<environment.Job instance at 0x7f3f21941dc0>,51,1,[7 2],52,-1,104,-1,103
1,<environment.Job instance at 0x7f3f21941b40>,52,16,[14  3],53,-1,119,-1,103
1,<environment.Job instance at 0x7f3f2184e460>,53,12,[11  4],54,-1,115,-1,103
1,<environment.Job instance at 0x7f3f2184ee10>,54,15,[14  3],55,-1,118,-1,103
1,<environment.Job instance at 0x7f3f2184e690>,55,2,[6 4],56,-1,105,-1,103
1,<environment.Job instance at 0x7f3f2184edc0>,56,13,[ 5 13],57,-1,116,-1,103
1,<environment.Job instance at 0x7f3f218530f0>,60,24,[11  3],61,-1,166,-1,142
1,<environment.Job instance at 0x7f3f21853af0>,61,22,[5 8],62,-1,165,-1,143
1,<environment.Job instance at 0x7f3f21853370>,64,28,[13  3],65,-1,171,-1,143
1,<environment.Job instance at 0x7f3f21a98fa0>,66,3,[3 9],67,-1,160,-1,157
1,<environment.Job instance at 0x7f3f21a98140>,67,18,[ 1 13],68,-1,175,-1,157
1,<environment.Job instance at 0x7f3f21a98a50>,68,24,[ 5 11],69,-1,181,-1,157
1,<environment.Job instance at 0x7f3f21a982d0>,71,16,[ 2 13],72,-1,179,-1,163
1,<environment.Job instance at 0x7f3f21a98e60>,73,2,[ 5 11],74,-1,177,-1,175
1,<environment.Job instance at 0x7f3f21a980a0>,74,1,[10  4],75,-1,176,-1,175
1,<environment.Job instance at 0x7f3f21a98be0>,75,13,[11  1],76,-1,188,-1,175
1,<environment.Job instance at 0x7f3f21a98960>,76,12,[ 3 10],77,-1,187,-1,175
1,<environment.Job instance at 0x7f3f21a98870>,77,3,[8 3],78,-1,178,-1,175
1,<environment.Job instance at 0x7f3f212ccc80>,3,27,[5 1],4,-1,32,-1,5
1,<environment.Job instance at 0x7f3f212cc550>,5,26,[5 4],6,-1,32,-1,6
1,<environment.Job instance at 0x7f3f212cc4b0>,6,3,[5 9],7,-1,10,-1,7
1,<environment.Job instance at 0x7f3f212cc2d0>,8,12,[ 2 11],9,-1,21,-1,9
1,<environment.Job instance at 0x7f3f212cc460>,9,3,[2 7],10,-1,13,-1,10
1,<environment.Job instance at 0x7f3f212cc230>,10,13,[ 1 10],11,-1,25,-1,12
1,<environment.Job instance at 0x7f3f20e6fe60>,15,2,[6 3],16,-1,27,-1,25
1,<environment.Job instance at 0x7f3f20e6fb40>,16,24,[3 6],17,-1,49,-1,25
1,<environment.Job instance at 0x7f3f20e6fb90>,18,26,[7 4],19,-1,51,-1,25
1,<environment.Job instance at 0x7f3f20e6f320>,20,27,[9 5],21,-1,66,-1,39
1,<environment.Job instance at 0x7f3f20e6f1e0>,22,3,[9 2],23,-1,42,-1,39
1,<environment.Job instance at 0x7f3f20e6f050>,32,19,[11  4],33,-1,138,-1,119
1,<environment.Job instance at 0x7f3f20e6f8c0>,33,27,[9 1],34,-1,146,-1,119
1,<environment.Job instance at 0x7f3f20ed55f0>,36,2,[14  3],37,-1,143,-1,141
1,<environment.Job instance at 0x7f3f20ed5be0>,38,27,[ 2 12],39,-1,173,-1,146
1,<environment.Job instance at 0x7f3f20ed5af0>,39,3,[1 6],40,-1,149,-1,146
1,<environment.Job instance at 0x7f3f20ed5c80>,40,13,[14  4],41,-1,159,-1,146
1,<environment.Job instance at 0x7f3f20ed5370>,42,16,[ 1 11],43,-1,174,-1,158
1,<environment.Job instance at 0x7f3f20ed50f0>,43,26,[12  3],44,-1,184,-1,158
1,<environment.Job instance at 0x7f3f20ed50a0>,44,12,[ 1 10],45,-1,181,-1,169
1,<environment.Job instance at 0x7f3f20ed5960>,45,17,[ 4 13],46,-1,186,-1,169
1,<environment.Job instance at 0x7f3f20ed5d70>,47,28,[1 9],48,-1,197,-1,169
1,<environment.Job instance at 0x7f3f20ed5aa0>,48,26,[7 3],49,-1,195,-1,169
1,<environment.Job instance at 0x7f3f20ed5460>,50,2,[1 6],51,-1,177,-1,175
1,<environment.Job instance at 0x7f3f210d0050>,7,27,[8 1],8,-1,36,-1,9
1,<environment.Job instance at 0x7f3f21053050>,21,27,[14  3],22,-1,104,-1,77
1,<environment.Job instance at 0x7f3f21053f50>,22,18,[ 5 11],23,-1,95,-1,77
1,<environment.Job instance at 0x7f3f21053fa0>,24,25,[4 9],25,-1,102,-1,77
1,<environment.Job instance at 0x7f3f210538c0>,25,18,[ 1 12],26,-1,95,-1,77
1,<environment.Job instance at 0x7f3f20fdb460>,28,2,[ 3 10],29,-1,85,-1,83
1,<environment.Job instance at 0x7f3f20fdbf00>,29,3,[5 1],30,-1,86,-1,83
1,<environment.Job instance at 0x7f3f20fdb320>,30,2,[11  4],31,-1,85,-1,83
1,<environment.Job instance at 0x7f3f20fdb780>,32,1,[5 1],33,-1,95,-1,94
1,<environment.Job instance at 0x7f3f20fdb3c0>,33,17,[14  3],34,-1,111,-1,94
1,<environment.Job instance at 0x7f3f20fdb690>,34,28,[5 5],35,-1,122,-1,94
1,<environment.Job instance at 0x7f3f21381370>,35,19,[ 1 12],36,-1,113,-1,94
1,<environment.Job instance at 0x7f3f213812d0>,36,24,[10  2],37,-1,118,-1,94
1,<environment.Job instance at 0x7f3f213adb40>,37,2,[ 4 13],38,-1,96,-1,94
1,<environment.Job instance at 0x7f3f21415b40>,40,28,[ 1 12],41,-1,131,-1,103
1,<environment.Job instance at 0x7f3f21415870>,41,15,[13  1],42,-1,118,-1,103
1,<environment.Job instance at 0x7f3f21415dc0>,42,2,[ 5 12],43,-1,105,-1,103
1,<environment.Job instance at 0x7f3f21415820>,44,12,[ 4 13],45,-1,130,-1,118
1,<environment.Job instance at 0x7f3f21415fa0>,45,24,[5 3],46,-1,142,-1,118
1,<environment.Job instance at 0x7f3f21415690>,46,1,[5 7],47,-1,119,-1,118
1,<environment.Job instance at 0x7f3f21415d70>,48,3,[12  3],49,-1,123,-1,120
1,<environment.Job instance at 0x7f3f214158c0>,49,3,[5 3],50,-1,123,-1,120
1,<environment.Job instance at 0x7f3f21415320>,50,12,[13  4],51,-1,132,-1,120
1,<environment.Job instance at 0x7f3f21373a50>,55,15,[13  4],56,-1,164,-1,149
1,<environment.Job instance at 0x7f3f213c4730>,57,1,[7 4],58,-1,150,-1,149
1,<environment.Job instance at 0x7f3f214cd050>,59,26,[14  4],60,-1,176,-1,150
1,<environment.Job instance at 0x7f3f222f65f0>,3,15,[14  2],4,-1,20,-1,5
1,<environment.Job instance at 0x7f3f222f6af0>,6,13,[11  4],7,-1,20,-1,7
1,<environment.Job instance at 0x7f3f222f6140>,7,28,[6 1],8,-1,47,-1,19
1,<environment.Job instance at 0x7f3f22310aa0>,17,26,[3 6],18,-1,52,-1,26
1,<environment.Job instance at 0x7f3f22310960>,18,2,[4 7],19,-1,28,-1,26
1,<environment.Job instance at 0x7f3f22310e60>,19,21,[ 1 12],20,-1,47,-1,26
1,<environment.Job instance at 0x7f3f22310910>,21,13,[13  4],22,-1,52,-1,39
1,<environment.Job instance at 0x7f3f223100f0>,22,24,[10  4],23,-1,63,-1,39
1,<environment.Job instance at 0x7f3f222ff280>,24,17,[ 2 11],25,-1,65,-1,48
1,<environment.Job instance at 0x7f3f2a93c5f0>,26,1,[ 2 11],27,-1,64,-1,63
1,<environment.Job instance at 0x7f3f21f2a730>,27,25,[7 5],28,-1,88,-1,63
1,<environment.Job instance at 0x7f3f21f67370>,29,2,[ 2 13],30,-1,65,-1,63
1,<environment.Job instance at 0x7f3f21f67780>,30,14,[ 1 13],31,-1,77,-1,63
1,<environment.Job instance at 0x7f3f21f675f0>,31,23,[9 4],32,-1,86,-1,63
1,<environment.Job instance at 0x7f3f21f67410>,32,28,[8 5],33,-1,91,-1,63
1,<environment.Job instance at 0x7f3f21f67960>,34,23,[8 4],35,-1,99,-1,76
1,<environment.Job instance at 0x7f3f21f67a00>,36,12,[10  1],37,-1,100,-1,88
1,<environment.Job instance at 0x7f3f21f67050>,42,12,[11  5],43,-1,143,-1,131
1,<environment.Job instance at 0x7f3f22216aa0>,45,25,[12  1],46,-1,158,-1,133
1,<environment.Job instance at 0x7f3f222b2140>,48,19,[ 4 11],49,-1,166,-1,147
1,<environment.Job instance at 0x7f3f222b25f0>,49,24,[9 5],50,-1,171,-1,147
1,<environment.Job instance at 0x7f3f222b5be0>,53,3,[4 8],54,-1,182,-1,179
1,<environment.Job instance at 0x7f3f22310460>,10,27,[10  3],11,-1,206,-1,179
1,<environment.Job instance at 0x7f3f222b5640>,56,14,[ 4 12],57,-1,193,-1,179
1,<environment.Job instance at 0x7f3f222b5f50>,55,2,[1 6],56,-1,181,-1,179
1,<environment.Job instance at 0x7f3f222b55a0>,58,27,[ 2 11],59,-1,206,-1,179
1,<environment.Job instance at 0x7f3f213db8c0>,2,1,[ 1 14],3,-1,4,-1,3
1,<environment.Job instance at 0x7f3f213db3c0>,3,26,[3 8],4,-1,30,-1,4
1,<environment.Job instance at 0x7f3f213db960>,4,26,[10  5],5,-1,31,-1,5
1,<environment.Job instance at 0x7f3f213db780>,6,1,[12  4],7,-1,8,-1,7
1,<environment.Job instance at 0x7f3f213dba50>,7,24,[1 6],8,-1,32,-1,8
1,<environment.Job instance at 0x7f3f2160d2d0>,9,24,[5 8],10,-1,34,-1,10
1,<environment.Job instance at 0x7f3f2160d960>,17,3,[2 7],18,-1,44,-1,41
1,<environment.Job instance at 0x7f3f2160d0f0>,18,23,[8 4],19,-1,64,-1,41
1,<environment.Job instance at 0x7f3f2160d050>,24,24,[6 2],25,-1,102,-1,78
1,<environment.Job instance at 0x7f3f2160d280>,26,25,[8 3],27,-1,103,-1,78
1,<environment.Job instance at 0x7f3f2160d500>,27,15,[11  1],28,-1,93,-1,78
1,<environment.Job instance at 0x7f3f2117e870>,29,1,[7 4],30,-1,94,-1,93
1,<environment.Job instance at 0x7f3f2117efa0>,31,3,[2 7],32,-1,97,-1,94
1,<environment.Job instance at 0x7f3f2117ec30>,34,20,[ 5 13],35,-1,131,-1,111
1,<environment.Job instance at 0x7f3f2117e640>,35,1,[5 1],36,-1,112,-1,111
1,<environment.Job instance at 0x7f3f2117ebe0>,38,27,[6 4],39,-1,165,-1,138
1,<environment.Job instance at 0x7f3f2117e5f0>,39,25,[6 1],40,-1,163,-1,138
1,<environment.Job instance at 0x7f3f2117e910>,40,23,[5 5],41,-1,161,-1,138
1,<environment.Job instance at 0x7f3f215e24b0>,41,28,[8 5],42,-1,166,-1,138
1,<environment.Job instance at 0x7f3f2117eaa0>,42,12,[13  5],43,-1,150,-1,138
1,<environment.Job instance at 0x7f3f215e2190>,44,23,[10  2],45,-1,161,-1,138
1,<environment.Job instance at 0x7f3f215e2fa0>,46,17,[14  1],47,-1,176,-1,159
1,<environment.Job instance at 0x7f3f215e23c0>,47,15,[ 1 12],48,-1,174,-1,159
1,<environment.Job instance at 0x7f3f215e2410>,49,1,[7 3],50,-1,160,-1,159
1,<environment.Job instance at 0x7f3f20d20500>,6,15,[ 3 13],7,-1,22,-1,7
1,<environment.Job instance at 0x7f3f20d20a00>,9,28,[9 4],10,-1,39,-1,11
1,<environment.Job instance at 0x7f3f20d20dc0>,16,3,[7 5],17,-1,40,-1,37
1,<environment.Job instance at 0x7f3f20d20e10>,18,26,[6 1],19,-1,73,-1,47
1,<environment.Job instance at 0x7f3f20d20fa0>,19,3,[ 5 14],20,-1,50,-1,47
1,<environment.Job instance at 0x7f3f20d20d70>,20,3,[14  4],21,-1,50,-1,47
1,<environment.Job instance at 0x7f3f20d213c0>,24,3,[8 5],25,-1,75,-1,72
1,<environment.Job instance at 0x7f3f20d21410>,25,12,[ 1 10],26,-1,84,-1,72
1,<environment.Job instance at 0x7f3f20d214b0>,26,2,[13  2],27,-1,74,-1,72
1,<environment.Job instance at 0x7f3f20d21550>,27,15,[10  2],28,-1,87,-1,72
1,<environment.Job instance at 0x7f3f20d21640>,28,25,[1 6],29,-1,97,-1,72
1,<environment.Job instance at 0x7f3f20d216e0>,29,26,[5 5],30,-1,98,-1,72
1,<environment.Job instance at 0x7f3f20d21780>,30,15,[12  2],31,-1,87,-1,72
1,<environment.Job instance at 0x7f3f20d21820>,31,3,[ 1 10],32,-1,75,-1,72
1,<environment.Job instance at 0x7f3f20d218c0>,32,22,[5 8],33,-1,106,-1,84
1,<environment.Job instance at 0x7f3f20d21a00>,34,14,[14  4],35,-1,98,-1,84
1,<environment.Job instance at 0x7f3f20d21aa0>,35,3,[4 8],36,-1,87,-1,84
1,<environment.Job instance at 0x7f3f20d21f00>,41,23,[2 6],42,-1,120,-1,97
1,<environment.Job instance at 0x7f3f20d21c80>,42,15,[ 3 13],43,-1,112,-1,97
1,<environment.Job instance at 0x7f3f20d21fa0>,44,22,[6 5],45,-1,129,-1,107
1,<environment.Job instance at 0x7f3f20d251e0>,45,24,[9 2],46,-1,131,-1,107
1,<environment.Job instance at 0x7f3f20d25280>,46,13,[11  4],47,-1,120,-1,107
1,<environment.Job instance at 0x7f3f20d250f0>,47,17,[ 3 12],48,-1,124,-1,107
1,<environment.Job instance at 0x7f3f20d25370>,48,2,[7 4],49,-1,109,-1,107
1,<environment.Job instance at 0x7f3f20d25410>,49,2,[4 6],50,-1,109,-1,107
1,<environment.Job instance at 0x7f3f20d25460>,50,2,[12  2],51,-1,109,-1,107
1,<environment.Job instance at 0x7f3f20d25550>,51,17,[13  5],52,-1,124,-1,107
1,<environment.Job instance at 0x7f3f20d255f0>,52,2,[1 6],53,-1,109,-1,107
1,<environment.Job instance at 0x7f3f20d25730>,54,15,[ 5 12],55,-1,129,-1,114
1,<environment.Job instance at 0x7f3f20d258c0>,55,19,[ 4 10],56,-1,133,-1,114
1,<environment.Job instance at 0x7f3f20d25960>,56,3,[3 6],57,-1,117,-1,114
1,<environment.Job instance at 0x7f3f20d25af0>,57,3,[2 9],58,-1,117,-1,114
1,<environment.Job instance at 0x7f3f20d25c30>,59,25,[10  5],60,-1,148,-1,123
1,<environment.Job instance at 0x7f3f20d25f50>,63,28,[4 6],64,-1,173,-1,145
1,<environment.Job instance at 0x7f3f20d25fa0>,64,26,[2 6],65,-1,171,-1,145
1,<environment.Job instance at 0x7f3f20d28230>,67,13,[13  5],68,-1,183,-1,170
1,<environment.Job instance at 0x7f3f20d282d0>,68,1,[6 2],69,-1,171,-1,170
1,<environment.Job instance at 0x7f3f20d28370>,69,2,[2 5],70,-1,172,-1,170
1,<environment.Job instance at 0x7f3f20d285a0>,72,1,[ 1 13],73,-1,180,-1,179
1,<environment.Job instance at 0x7f3f20d283c0>,73,26,[8 2],74,-1,205,-1,179
1,<environment.Job instance at 0x7f3f20d286e0>,74,26,[5 7],75,-1,205,-1,179
1,<environment.Job instance at 0x7f3f20ed66e0>,1,24,[13  5],2,-1,26,-1,2
1,<environment.Job instance at 0x7f3f21ac1460>,5,27,[ 3 10],6,-1,33,-1,6
1,<environment.Job instance at 0x7f3f2165ba50>,8,3,[9 5],9,-1,13,-1,10
1,<environment.Job instance at 0x7f3f2165bc80>,10,3,[8 5],11,-1,14,-1,11
1,<environment.Job instance at 0x7f3f2165b460>,11,17,[8 4],12,-1,63,-1,46
1,<environment.Job instance at 0x7f3f21714730>,18,16,[1 6],19,-1,63,-1,47
1,<environment.Job instance at 0x7f3f21714c80>,19,14,[1 8],20,-1,61,-1,47
1,<environment.Job instance at 0x7f3f21714b90>,20,1,[7 2],21,-1,48,-1,47
1,<environment.Job instance at 0x7f3f217148c0>,21,15,[10  1],22,-1,62,-1,47
1,<environment.Job instance at 0x7f3f21714d70>,22,2,[8 5],23,-1,49,-1,47
1,<environment.Job instance at 0x7f3f21714780>,23,3,[10  2],24,-1,50,-1,47
1,<environment.Job instance at 0x7f3f21714500>,25,22,[6 4],26,-1,78,-1,56
1,<environment.Job instance at 0x7f3f217144b0>,26,2,[5 7],27,-1,58,-1,56
1,<environment.Job instance at 0x7f3f21714be0>,27,17,[ 4 10],28,-1,73,-1,56
1,<environment.Job instance at 0x7f3f21714410>,28,14,[11  2],29,-1,70,-1,56
1,<environment.Job instance at 0x7f3f217147d0>,29,23,[12  3],30,-1,79,-1,56
1,<environment.Job instance at 0x7f3f217142d0>,30,28,[4 7],31,-1,84,-1,56
1,<environment.Job instance at 0x7f3f21582690>,31,3,[6 5],32,-1,59,-1,56
1,<environment.Job instance at 0x7f3f21582960>,32,14,[7 2],33,-1,70,-1,56
1,<environment.Job instance at 0x7f3f21582140>,33,16,[11  4],34,-1,72,-1,56
1,<environment.Job instance at 0x7f3f21582780>,34,24,[1 7],35,-1,80,-1,56
1,<environment.Job instance at 0x7f3f21582190>,35,12,[2 6],36,-1,68,-1,56
1,<environment.Job instance at 0x7f3f215827d0>,36,17,[13  2],37,-1,73,-1,56
1,<environment.Job instance at 0x7f3f215825a0>,37,1,[3 9],38,-1,57,-1,56
1,<environment.Job instance at 0x7f3f21582460>,38,23,[13  4],39,-1,79,-1,56
1,<environment.Job instance at 0x7f3f21582be0>,39,18,[2 5],40,-1,74,-1,56
1,<environment.Job instance at 0x7f3f21582c80>,40,26,[1 9],41,-1,82,-1,56
1,<environment.Job instance at 0x7f3f21582d70>,41,25,[5 4],42,-1,81,-1,56
1,<environment.Job instance at 0x7f3f21582500>,42,22,[ 2 10],43,-1,78,-1,56
1,<environment.Job instance at 0x7f3f215822d0>,43,3,[13  4],44,-1,59,-1,56
1,<environment.Job instance at 0x7f3f21582370>,44,18,[3 9],45,-1,74,-1,56
1,<environment.Job instance at 0x7f3f21582a00>,45,12,[13  4],46,-1,68,-1,56
1,<environment.Job instance at 0x7f3f21582230>,46,16,[1 7],47,-1,72,-1,56
1,<environment.Job instance at 0x7f3f21582820>,47,19,[12  3],48,-1,75,-1,56
1,<environment.Job instance at 0x7f3f21582b90>,48,17,[ 5 11],49,-1,73,-1,56
1,<environment.Job instance at 0x7f3f21582c30>,49,2,[ 1 10],50,-1,58,-1,56
1,<environment.Job instance at 0x7f3f21582870>,50,17,[5 7],51,-1,73,-1,56
1,<environment.Job instance at 0x7f3f21582640>,51,17,[6 2],52,-1,75,-1,58
1,<environment.Job instance at 0x7f3f21582fa0>,52,18,[14  2],53,-1,76,-1,58
1,<environment.Job instance at 0x7f3f21582b40>,53,15,[14  3],54,-1,73,-1,58
1,<environment.Job instance at 0x7f3f21582dc0>,54,15,[8 2],55,-1,73,-1,58
1,<environment.Job instance at 0x7f3f21cc05f0>,55,17,[12  2],56,-1,75,-1,58
1,<environment.Job instance at 0x7f3f21cc03c0>,56,20,[ 5 12],57,-1,78,-1,58
1,<environment.Job instance at 0x7f3f21cc0dc0>,57,28,[ 5 11],58,-1,86,-1,58
1,<environment.Job instance at 0x7f3f21613aa0>,59,23,[5 9],60,-1,83,-1,60
1,<environment.Job instance at 0x7f3f21613230>,60,2,[10  2],61,-1,63,-1,61
1,<environment.Job instance at 0x7f3f216133c0>,61,28,[14  5],62,-1,90,-1,62
1,<environment.Job instance at 0x7f3f21613410>,63,13,[12  1],64,-1,86,-1,73
1,<environment.Job instance at 0x7f3f21613e10>,64,28,[ 5 11],65,-1,101,-1,73
1,<environment.Job instance at 0x7f3f21613be0>,65,2,[5 3],66,-1,75,-1,73
1,<environment.Job instance at 0x7f3f216135f0>,66,18,[4 5],67,-1,91,-1,73
1,<environment.Job instance at 0x7f3f21613280>,67,1,[6 1],68,-1,74,-1,73
1,<environment.Job instance at 0x7f3f21613960>,68,15,[1 5],69,-1,88,-1,73
1,<environment.Job instance at 0x7f3f22103910>,70,3,[9 4],71,-1,76,-1,73
1,<environment.Job instance at 0x7f3f22103a50>,71,13,[8 2],72,-1,86,-1,73
1,<environment.Job instance at 0x7f3f22103eb0>,72,13,[ 4 14],73,-1,86,-1,73
1,<environment.Job instance at 0x7f3f21655910>,73,2,[8 2],74,-1,76,-1,74
1,<environment.Job instance at 0x7f3f22103b90>,75,15,[5 1],76,-1,103,-1,88
1,<environment.Job instance at 0x7f3f216557d0>,76,3,[2 7],77,-1,91,-1,88
1,<environment.Job instance at 0x7f3f216555a0>,77,1,[ 4 12],78,-1,89,-1,88
1,<environment.Job instance at 0x7f3f21655320>,78,3,[10  5],79,-1,91,-1,88
1,<environment.Job instance at 0x7f3f216550a0>,79,16,[13  1],80,-1,104,-1,88
1,<environment.Job instance at 0x7f3f21655e60>,80,15,[10  4],81,-1,103,-1,88
1,<environment.Job instance at 0x7f3f216552d0>,81,16,[ 5 10],82,-1,104,-1,88
1,<environment.Job instance at 0x7f3f21655c80>,82,3,[13  2],83,-1,91,-1,88
1,<environment.Job instance at 0x7f3f216551e0>,83,28,[ 1 14],84,-1,116,-1,88
1,<environment.Job instance at 0x7f3f22107370>,84,18,[ 2 14],85,-1,106,-1,88
1,<environment.Job instance at 0x7f3f22107410>,85,25,[ 4 10],86,-1,113,-1,88
1,<environment.Job instance at 0x7f3f22107cd0>,86,24,[11  5],87,-1,112,-1,88
1,<environment.Job instance at 0x7f3f221070a0>,87,20,[4 8],88,-1,108,-1,88
1,<environment.Job instance at 0x7f3f221072d0>,89,27,[2 9],90,-1,117,-1,90
1,<environment.Job instance at 0x7f3f22107190>,90,15,[2 6],91,-1,111,-1,96
1,<environment.Job instance at 0x7f3f22107460>,91,18,[ 5 10],92,-1,114,-1,96
1,<environment.Job instance at 0x7f3f20f1a730>,92,18,[10  2],93,-1,114,-1,96
1,<environment.Job instance at 0x7f3f20f1a690>,93,13,[ 2 14],94,-1,109,-1,96
1,<environment.Job instance at 0x7f3f20f1a910>,94,23,[10  1],95,-1,119,-1,96
1,<environment.Job instance at 0x7f3f20f1a9b0>,95,22,[8 1],96,-1,118,-1,96
1,<environment.Job instance at 0x7f3f20f1a320>,96,14,[14  4],97,-1,111,-1,97
1,<environment.Job instance at 0x7f3f20f1a410>,97,13,[ 5 14],98,-1,111,-1,98
1,<environment.Job instance at 0x7f3f20f1a5f0>,98,27,[3 9],99,-1,126,-1,99
1,<environment.Job instance at 0x7f3f20f1abe0>,99,28,[3 8],100,-1,128,-1,100
1,<environment.Job instance at 0x7f3f20f1adc0>,100,23,[ 5 10],101,-1,124,-1,101
1,<environment.Job instance at 0x7f3f20f1a500>,101,17,[ 1 11],102,-1,119,-1,102
1,<environment.Job instance at 0x7f3f20f1a0a0>,103,1,[ 4 13],104,-1,105,-1,104
1,<environment.Job instance at 0x7f3f20f1aeb0>,104,3,[ 5 13],105,-1,108,-1,105
1,<environment.Job instance at 0x7f3f20f1a780>,105,13,[10  3],106,-1,119,-1,106
1,<environment.Job instance at 0x7f3f20f1af50>,106,1,[ 1 14],107,-1,108,-1,107
1,<environment.Job instance at 0x7f3f20f1aa00>,107,16,[11  4],108,-1,124,-1,108
1,<environment.Job instance at 0x7f3f20f1a8c0>,108,14,[1 7],109,-1,126,-1,112
1,<environment.Job instance at 0x7f3f20f1a640>,109,3,[8 2],110,-1,115,-1,112
1,<environment.Job instance at 0x7f3f214b2690>,112,14,[ 2 13],113,-1,130,-1,116
1,<environment.Job instance at 0x7f3f214b2640>,113,18,[13  1],114,-1,134,-1,116
1,<environment.Job instance at 0x7f3f214b2b40>,114,21,[ 2 12],115,-1,137,-1,116
1,<environment.Job instance at 0x7f3f214b22d0>,116,26,[13  3],117,-1,146,-1,120
1,<environment.Job instance at 0x7f3f214b2c30>,117,24,[12  5],118,-1,144,-1,120
1,<environment.Job instance at 0x7f3f214b2c80>,119,27,[7 3],120,-1,161,-1,134
1,<environment.Job instance at 0x7f3f214b2aa0>,120,15,[ 4 10],121,-1,149,-1,134
1,<environment.Job instance at 0x7f3f214b2230>,121,12,[ 1 10],122,-1,146,-1,134
1,<environment.Job instance at 0x7f3f214b2a50>,122,22,[7 1],123,-1,156,-1,134
1,<environment.Job instance at 0x7f3f2129dd20>,123,21,[11  1],124,-1,155,-1,134
1,<environment.Job instance at 0x7f3f2129de60>,124,20,[3 8],125,-1,154,-1,134
1,<environment.Job instance at 0x7f3f2129d050>,125,18,[11  1],126,-1,152,-1,134
1,<environment.Job instance at 0x7f3f2129df00>,126,13,[3 9],127,-1,147,-1,134
1,<environment.Job instance at 0x7f3f2129d5a0>,128,3,[6 4],129,-1,137,-1,134
1,<environment.Job instance at 0x7f3f2129d640>,129,13,[ 1 12],130,-1,147,-1,134
1,<environment.Job instance at 0x7f3f2129deb0>,130,21,[1 8],131,-1,155,-1,134
1,<environment.Job instance at 0x7f3f2129d730>,131,3,[3 6],132,-1,137,-1,134
1,<environment.Job instance at 0x7f3f2129dbe0>,132,12,[5 8],133,-1,146,-1,134
1,<environment.Job instance at 0x7f3f21c369b0>,133,12,[4 6],134,-1,146,-1,134
1,<environment.Job instance at 0x7f3f21520aa0>,134,22,[6 1],135,-1,157,-1,135
1,<environment.Job instance at 0x7f3f2ae5d9b0>,135,18,[1 9],136,-1,157,-1,139
1,<environment.Job instance at 0x7f3f20f789b0>,136,24,[ 2 12],137,-1,163,-1,139
1,<environment.Job instance at 0x7f3f20fc1870>,138,1,[7 3],139,-1,141,-1,140
1,<environment.Job instance at 0x7f3f21c230a0>,140,2,[3 7],141,-1,157,-1,155
1,<environment.Job instance at 0x7f3f20fc1320>,142,25,[3 6],143,-1,180,-1,155
1,<environment.Job instance at 0x7f3f20fc1550>,143,13,[5 8],144,-1,168,-1,155
1,<environment.Job instance at 0x7f3f21272cd0>,144,16,[ 5 12],145,-1,171,-1,155
1,<environment.Job instance at 0x7f3f21272550>,145,22,[8 3],146,-1,177,-1,155
1,<environment.Job instance at 0x7f3f212724b0>,146,1,[9 1],147,-1,156,-1,155
1,<environment.Job instance at 0x7f3f21272aa0>,147,12,[11  4],148,-1,167,-1,155
1,<environment.Job instance at 0x7f3f21272690>,148,3,[ 4 10],149,-1,158,-1,155
1,<environment.Job instance at 0x7f3f21bd2eb0>,8,24,[ 4 11],9,-1,33,-1,9
1,<environment.Job instance at 0x7f3f20a78730>,22,2,[7 5],23,-1,80,-1,78
1,<environment.Job instance at 0x7f3f20a78190>,23,2,[ 2 10],24,-1,80,-1,78
1,<environment.Job instance at 0x7f3f20a78870>,24,23,[6 2],25,-1,101,-1,78
1,<environment.Job instance at 0x7f3f20a78640>,25,1,[11  4],26,-1,79,-1,78
1,<environment.Job instance at 0x7f3f20a78aa0>,26,3,[ 1 12],27,-1,81,-1,78
1,<environment.Job instance at 0x7f3f20b340f0>,27,14,[12  1],28,-1,92,-1,78
1,<environment.Job instance at 0x7f3f20af58c0>,31,3,[4 5],32,-1,96,-1,93
1,<environment.Job instance at 0x7f3f20af5c30>,32,2,[ 1 11],33,-1,95,-1,93
1,<environment.Job instance at 0x7f3f20af5870>,33,1,[3 6],34,-1,94,-1,93
1,<environment.Job instance at 0x7f3f20af5140>,34,18,[12  5],35,-1,111,-1,93
1,<environment.Job instance at 0x7f3f20af5690>,35,20,[13  1],36,-1,113,-1,93
1,<environment.Job instance at 0x7f3f20af5eb0>,36,17,[ 5 13],37,-1,110,-1,93
1,<environment.Job instance at 0x7f3f20af5d70>,38,23,[4 8],39,-1,128,-1,105
1,<environment.Job instance at 0x7f3f20a86e60>,41,26,[2 8],42,-1,146,-1,120
1,<environment.Job instance at 0x7f3f20a86910>,43,13,[12  5],44,-1,140,-1,127
1,<environment.Job instance at 0x7f3f20a86b90>,45,14,[ 2 11],46,-1,147,-1,133
1,<environment.Job instance at 0x7f3f221815f0>,49,26,[6 5],50,-1,180,-1,154
1,<environment.Job instance at 0x7f3f20a86e10>,50,14,[10  1],51,-1,168,-1,154
1,<environment.Job instance at 0x7f3f20a6afa0>,51,22,[13  2],52,-1,176,-1,154
1,<environment.Job instance at 0x7f3f20a6aa00>,52,3,[4 9],53,-1,157,-1,154
1,<environment.Job instance at 0x7f3f20a6a6e0>,54,2,[3 8],55,-1,165,-1,163
1,<environment.Job instance at 0x7f3f20a6a730>,55,24,[4 5],56,-1,187,-1,163
1,<environment.Job instance at 0x7f3f20a6a690>,56,28,[ 3 11],57,-1,191,-1,163
1,<environment.Job instance at 0x7f3f20a6a8c0>,57,12,[9 1],58,-1,175,-1,163
1,<environment.Job instance at 0x7f3f221a8b40>,59,19,[ 2 12],60,-1,186,-1,167
1,<environment.Job instance at 0x7f3f209f1050>,60,2,[7 2],61,-1,169,-1,167
1,<environment.Job instance at 0x7f3f221a8820>,62,22,[3 6],63,-1,198,-1,176
1,<environment.Job instance at 0x7f3f2196c0f0>,64,17,[ 4 12],65,-1,193,-1,176
1,<environment.Job instance at 0x7f3f2196c0f0>,3,17,[ 5 13],4,-1,21,-1,4
1,<environment.Job instance at 0x7f3f21c330a0>,4,26,[ 3 14],5,-1,31,-1,5
1,<environment.Job instance at 0x7f3f21c33960>,6,2,[2 9],7,-1,10,-1,8
1,<environment.Job instance at 0x7f3f221aa140>,13,3,[4 8],14,-1,19,-1,16
1,<environment.Job instance at 0x7f3f21c3e8c0>,25,24,[ 4 12],26,-1,108,-1,84
1,<environment.Job instance at 0x7f3f21c3ebe0>,26,12,[14  4],27,-1,96,-1,84
1,<environment.Job instance at 0x7f3f2a8e1050>,27,28,[5 5],28,-1,112,-1,84
1,<environment.Job instance at 0x7f3f21c3e280>,24,21,[5 3],25,-1,164,-1,143
1,<environment.Job instance at 0x7f3f21281230>,37,3,[6 3],38,-1,146,-1,143
1,<environment.Job instance at 0x7f3f2221b3c0>,2,26,[14  4],3,-1,29,-1,3
1,<environment.Job instance at 0x7f3f216deb90>,4,23,[ 1 11],5,-1,28,-1,5
1,<environment.Job instance at 0x7f3f20ee2b90>,15,1,[3 9],16,-1,27,-1,26
1,<environment.Job instance at 0x7f3f21f65190>,19,15,[12  3],20,-1,54,-1,39
1,<environment.Job instance at 0x7f3f21f65dc0>,24,3,[14  3],25,-1,76,-1,73
1,<environment.Job instance at 0x7f3f21f65b90>,25,28,[1 7],26,-1,101,-1,73
1,<environment.Job instance at 0x7f3f21f65730>,27,14,[ 1 13],28,-1,100,-1,86
1,<environment.Job instance at 0x7f3f21f65230>,28,1,[3 9],29,-1,87,-1,86
1,<environment.Job instance at 0x7f3f21f65050>,29,13,[13  5],30,-1,99,-1,86
1,<environment.Job instance at 0x7f3f21f65f50>,30,3,[12  1],31,-1,89,-1,86
1,<environment.Job instance at 0x7f3f21f65aa0>,32,24,[ 2 12],33,-1,111,-1,87
1,<environment.Job instance at 0x7f3f21f65320>,33,1,[3 9],34,-1,88,-1,87
1,<environment.Job instance at 0x7f3f21f65af0>,34,17,[ 5 14],35,-1,104,-1,87
1,<environment.Job instance at 0x7f3f21f65cd0>,35,3,[8 2],36,-1,90,-1,87
1,<environment.Job instance at 0x7f3f21f65500>,37,28,[ 3 13],38,-1,130,-1,102
1,<environment.Job instance at 0x7f3f21d47050>,39,2,[14  1],40,-1,104,-1,102
1,<environment.Job instance at 0x7f3f21d47370>,41,12,[ 4 12],42,-1,117,-1,105
1,<environment.Job instance at 0x7f3f21d47820>,42,12,[12  5],43,-1,117,-1,105
1,<environment.Job instance at 0x7f3f21d47870>,43,13,[ 2 10],44,-1,119,-1,106
1,<environment.Job instance at 0x7f3f21d47190>,44,14,[12  2],45,-1,120,-1,106
1,<environment.Job instance at 0x7f3f21d473c0>,45,3,[6 4],46,-1,109,-1,106
1,<environment.Job instance at 0x7f3f21d47910>,46,15,[ 1 12],47,-1,121,-1,106
1,<environment.Job instance at 0x7f3f215121e0>,51,23,[4 7],52,-1,178,-1,155
1,<environment.Job instance at 0x7f3f21512fa0>,52,3,[5 5],53,-1,158,-1,155
1,<environment.Job instance at 0x7f3f215126e0>,53,20,[ 2 12],54,-1,175,-1,155
1,<environment.Job instance at 0x7f3f21512230>,54,25,[9 4],55,-1,180,-1,155
1,<environment.Job instance at 0x7f3f21512eb0>,55,24,[5 1],56,-1,179,-1,155
1,<environment.Job instance at 0x7f3f215125a0>,57,27,[1 7],58,-1,182,-1,155
1,<environment.Job instance at 0x7f3f211d8960>,59,22,[3 7],60,-1,183,-1,161
1,<environment.Job instance at 0x7f3f211d8280>,60,24,[ 1 10],61,-1,185,-1,161
1,<environment.Job instance at 0x7f3f211d81e0>,61,26,[10  5],62,-1,187,-1,161
1,<environment.Job instance at 0x7f3f211d84b0>,62,3,[5 1],63,-1,164,-1,161
1,<environment.Job instance at 0x7f3f211d85a0>,63,21,[13  3],64,-1,182,-1,161
1,<environment.Job instance at 0x7f3f211d8aa0>,65,2,[5 6],66,-1,175,-1,173
1,<environment.Job instance at 0x7f3f211d8e60>,66,1,[2 7],67,-1,174,-1,173
1,<environment.Job instance at 0x7f3f211d8e60>,7,23,[9 5],8,-1,34,-1,11
1,<environment.Job instance at 0x7f3f222f81e0>,11,18,[ 3 13],12,-1,30,-1,12
1,<environment.Job instance at 0x7f3f222f85a0>,12,28,[7 1],13,-1,41,-1,13
1,<environment.Job instance at 0x7f3f222f8aa0>,13,27,[2 7],14,-1,41,-1,14
1,<environment.Job instance at 0x7f3f222f8280>,17,24,[12  2],18,-1,45,-1,21
1,<environment.Job instance at 0x7f3f20d0a780>,23,28,[10  2],24,-1,100,-1,72
1,<environment.Job instance at 0x7f3f20d0ad70>,24,18,[10  1],25,-1,118,-1,100
1,<environment.Job instance at 0x7f3f20d0a910>,27,21,[8 2],28,-1,121,-1,100
1,<environment.Job instance at 0x7f3f20d0a9b0>,28,2,[8 4],29,-1,102,-1,100
1,<environment.Job instance at 0x7f3f20d0a2d0>,29,26,[ 4 13],30,-1,126,-1,100
1,<environment.Job instance at 0x7f3f20d0a640>,30,3,[6 3],31,-1,103,-1,100
1,<environment.Job instance at 0x7f3f20d05d20>,32,12,[ 5 10],33,-1,112,-1,100
1,<environment.Job instance at 0x7f3f20d055a0>,33,16,[ 1 14],34,-1,116,-1,100
1,<environment.Job instance at 0x7f3f20d05320>,35,3,[12  5],36,-1,109,-1,106
1,<environment.Job instance at 0x7f3f20d053c0>,37,14,[ 5 13],38,-1,123,-1,109
1,<environment.Job instance at 0x7f3f20d05af0>,38,3,[4 6],39,-1,112,-1,109
1,<environment.Job instance at 0x7f3f20d05f50>,39,22,[13  4],40,-1,131,-1,109
1,<environment.Job instance at 0x7f3f20d05aa0>,40,13,[11  4],41,-1,122,-1,109
1,<environment.Job instance at 0x7f3f20d05500>,41,3,[3 8],42,-1,112,-1,109
1,<environment.Job instance at 0x7f3f20d058c0>,42,23,[10  2],43,-1,132,-1,109
1,<environment.Job instance at 0x7f3f20d05960>,43,22,[ 1 11],44,-1,131,-1,109
1,<environment.Job instance at 0x7f3f20d05640>,44,17,[8 1],45,-1,128,-1,111
1,<environment.Job instance at 0x7f3f20d05690>,47,27,[12  1],48,-1,145,-1,118
1,<environment.Job instance at 0x7f3f20d057d0>,48,26,[14  5],49,-1,144,-1,118
1,<environment.Job instance at 0x7f3f20d05780>,49,12,[ 4 12],50,-1,130,-1,118
1,<environment.Job instance at 0x7f3f20d05820>,50,2,[4 8],51,-1,120,-1,118
1,<environment.Job instance at 0x7f3f20b08370>,51,2,[10  3],52,-1,120,-1,118
1,<environment.Job instance at 0x7f3f20b08730>,53,3,[10  5],54,-1,129,-1,126
1,<environment.Job instance at 0x7f3f20b080f0>,54,12,[9 2],55,-1,144,-1,132
1,<environment.Job instance at 0x7f3f20b08e60>,56,12,[14  5],57,-1,148,-1,136
1,<environment.Job instance at 0x7f3f20b08b40>,57,23,[4 8],58,-1,159,-1,136
1,<environment.Job instance at 0x7f3f20b08f00>,59,3,[9 2],60,-1,141,-1,138
1,<environment.Job instance at 0x7f3f20b08eb0>,60,23,[12  5],61,-1,161,-1,138
1,<environment.Job instance at 0x7f3f20b08140>,61,2,[ 5 14],62,-1,140,-1,138
1,<environment.Job instance at 0x7f3f20b08500>,64,13,[12  3],65,-1,167,-1,154
1,<environment.Job instance at 0x7f3f20b083c0>,65,12,[ 5 11],66,-1,166,-1,154
1,<environment.Job instance at 0x7f3f20b6b230>,66,12,[10  3],67,-1,166,-1,154
1,<environment.Job instance at 0x7f3f20b6bb40>,69,23,[4 8],70,-1,190,-1,167
1,<environment.Job instance at 0x7f3f210c29b0>,2,26,[5 3],3,-1,29,-1,3
1,<environment.Job instance at 0x7f3f210c2320>,7,24,[ 4 14],8,-1,32,-1,8
1,<environment.Job instance at 0x7f3f209e8d70>,9,1,[2 6],10,-1,12,-1,11
1,<environment.Job instance at 0x7f3f209e8690>,15,2,[8 2],16,-1,26,-1,24
1,<environment.Job instance at 0x7f3f209e8640>,16,13,[1 8],17,-1,40,-1,27
1,<environment.Job instance at 0x7f3f209e8910>,18,15,[ 4 10],19,-1,57,-1,42
1,<environment.Job instance at 0x7f3f209e8be0>,23,28,[7 2],24,-1,88,-1,60
1,<environment.Job instance at 0x7f3f20a93050>,29,1,[ 4 10],30,-1,108,-1,107
1,<environment.Job instance at 0x7f3f20a939b0>,32,28,[6 5],33,-1,155,-1,127
1,<environment.Job instance at 0x7f3f20a93e10>,33,17,[14  3],34,-1,144,-1,127
1,<environment.Job instance at 0x7f3f20a93be0>,34,19,[ 5 12],35,-1,146,-1,127
1,<environment.Job instance at 0x7f3f20a93640>,35,27,[2 8],36,-1,154,-1,127
1,<environment.Job instance at 0x7f3f20a93c30>,36,2,[ 3 13],37,-1,129,-1,127
1,<environment.Job instance at 0x7f3f20a93370>,38,1,[9 4],39,-1,129,-1,128
1,<environment.Job instance at 0x7f3f20a93f00>,44,27,[4 6],45,-1,189,-1,162
1,<environment.Job instance at 0x7f3f21de3500>,46,15,[ 1 12],47,-1,177,-1,162
1,<environment.Job instance at 0x7f3f21de35f0>,47,1,[ 3 12],48,-1,163,-1,162
1,<environment.Job instance at 0x7f3f21de3dc0>,48,24,[8 1],49,-1,186,-1,162
1,<environment.Job instance at 0x7f3f21de35a0>,49,23,[12  1],50,-1,185,-1,162
1,<environment.Job instance at 0x7f3f21de3f00>,50,26,[4 5],51,-1,188,-1,162
1,<environment.Job instance at 0x7f3f21de38c0>,51,28,[8 2],52,-1,190,-1,162
1,<environment.Job instance at 0x7f3f21de3a50>,52,21,[11  3],53,-1,183,-1,162
1,<environment.Job instance at 0x7f3f21de3640>,53,19,[14  3],54,-1,181,-1,162
1,<environment.Job instance at 0x7f3f21a27d70>,56,23,[ 2 10],57,-1,199,-1,176
1,<environment.Job instance at 0x7f3f21a27460>,57,3,[ 2 10],58,-1,179,-1,176
1,<environment.Job instance at 0x7f3f21a27e60>,59,15,[ 4 11],60,-1,191,-1,176
1,<environment.Job instance at 0x7f3f21a270f0>,60,15,[ 1 11],61,-1,191,-1,176
1,<environment.Job instance at 0x7f3f21a27f50>,61,24,[11  4],62,-1,200,-1,176
1,<environment.Job instance at 0x7f3f211c4550>,62,21,[14  5],63,-1,197,-1,176
1,<environment.Job instance at 0x7f3f211c4e60>,66,25,[4 7],67,-1,201,-1,176
1,<environment.Job instance at 0x7f3f2104acd0>,1,13,[ 3 12],2,-1,15,-1,2
1,<environment.Job instance at 0x7f3f21b42c80>,4,25,[6 1],5,-1,30,-1,5
1,<environment.Job instance at 0x7f3f21b42be0>,7,26,[13  1],8,-1,34,-1,8
1,<environment.Job instance at 0x7f3f21b42e60>,8,23,[13  2],9,-1,32,-1,9
1,<environment.Job instance at 0x7f3f21b42960>,10,21,[5 8],11,-1,32,-1,11
1,<environment.Job instance at 0x7f3f2167f690>,12,21,[ 3 13],13,-1,34,-1,13
1,<environment.Job instance at 0x7f3f2167fe10>,21,18,[ 3 13],22,-1,58,-1,40
1,<environment.Job instance at 0x7f3f217565f0>,33,26,[11  3],34,-1,141,-1,115
1,<environment.Job instance at 0x7f3f20ed7640>,5,2,[7 1],6,-1,9,-1,7
1,<environment.Job instance at 0x7f3f21714af0>,7,1,[13  4],8,-1,9,-1,8
1,<environment.Job instance at 0x7f3f21714eb0>,8,1,[5 9],9,-1,10,-1,9
1,<environment.Job instance at 0x7f3f21714f00>,9,2,[ 5 11],10,-1,12,-1,10
1,<environment.Job instance at 0x7f3f217145a0>,10,25,[9 4],11,-1,36,-1,11
1,<environment.Job instance at 0x7f3f20e2a870>,13,26,[6 3],14,-1,42,-1,16
1,<environment.Job instance at 0x7f3f20e2a690>,16,27,[5 7],17,-1,60,-1,33
1,<environment.Job instance at 0x7f3f20e2a050>,17,3,[ 2 11],18,-1,36,-1,33
1,<environment.Job instance at 0x7f3f20e2a9b0>,19,1,[ 5 12],20,-1,51,-1,50
1,<environment.Job instance at 0x7f3f20e2a550>,20,27,[ 2 10],21,-1,77,-1,50
1,<environment.Job instance at 0x7f3f20e2a140>,21,22,[ 2 13],22,-1,72,-1,50
1,<environment.Job instance at 0x7f3f20e2a780>,22,25,[1 7],23,-1,75,-1,50
1,<environment.Job instance at 0x7f3f20e2a910>,23,18,[13  1],24,-1,68,-1,50
1,<environment.Job instance at 0x7f3f2225c8c0>,25,1,[10  2],26,-1,51,-1,50
1,<environment.Job instance at 0x7f3f2225c5a0>,26,25,[ 5 10],27,-1,75,-1,50
1,<environment.Job instance at 0x7f3f2103ef00>,28,2,[5 9],29,-1,54,-1,52
1,<environment.Job instance at 0x7f3f2173d460>,30,24,[7 4],31,-1,91,-1,67
1,<environment.Job instance at 0x7f3f2173d8c0>,31,18,[ 1 11],32,-1,85,-1,67
1,<environment.Job instance at 0x7f3f2173d1e0>,32,1,[9 3],33,-1,68,-1,67
1,<environment.Job instance at 0x7f3f2173d230>,34,1,[ 3 10],35,-1,68,-1,67
1,<environment.Job instance at 0x7f3f2172baa0>,36,1,[5 4],37,-1,80,-1,79
1,<environment.Job instance at 0x7f3f2a94a190>,38,2,[7 5],39,-1,91,-1,89
1,<environment.Job instance at 0x7f3f2216ac30>,39,13,[ 2 13],40,-1,102,-1,89
1,<environment.Job instance at 0x7f3f2172b690>,40,17,[ 1 13],41,-1,106,-1,89
1,<environment.Job instance at 0x7f3f2a94a230>,41,20,[12  1],42,-1,109,-1,89
1,<environment.Job instance at 0x7f3f21031780>,43,24,[ 3 14],44,-1,117,-1,93
1,<environment.Job instance at 0x7f3f210319b0>,44,25,[10  2],45,-1,118,-1,93
1,<environment.Job instance at 0x7f3f21031dc0>,45,1,[3 5],46,-1,94,-1,93
1,<environment.Job instance at 0x7f3f21306460>,49,24,[9 4],50,-1,144,-1,120
1,<environment.Job instance at 0x7f3f21031230>,51,15,[ 2 12],52,-1,140,-1,125
1,<environment.Job instance at 0x7f3f21052c30>,52,28,[14  4],53,-1,153,-1,125
1,<environment.Job instance at 0x7f3f210520f0>,53,18,[13  4],54,-1,143,-1,125
1,<environment.Job instance at 0x7f3f21052aa0>,54,3,[1 6],55,-1,128,-1,125
1,<environment.Job instance at 0x7f3f21052fa0>,55,23,[11  4],56,-1,148,-1,125
1,<environment.Job instance at 0x7f3f21052280>,56,17,[ 3 13],57,-1,142,-1,125
1,<environment.Job instance at 0x7f3f21156690>,58,13,[ 4 11],59,-1,147,-1,134
1,<environment.Job instance at 0x7f3f21052780>,59,3,[8 4],60,-1,137,-1,134
1,<environment.Job instance at 0x7f3f20f22730>,60,13,[ 5 11],61,-1,147,-1,134
1,<environment.Job instance at 0x7f3f20f22460>,61,3,[11  2],62,-1,137,-1,134
1,<environment.Job instance at 0x7f3f20a6ab40>,63,14,[12  5],64,-1,157,-1,143
1,<environment.Job instance at 0x7f3f20a6a6e0>,64,25,[6 2],65,-1,168,-1,143
1,<environment.Job instance at 0x7f3f20c5b500>,65,3,[1 8],66,-1,146,-1,143
1,<environment.Job instance at 0x7f3f20c5b370>,66,3,[10  1],67,-1,146,-1,143
1,<environment.Job instance at 0x7f3f2149e910>,68,25,[ 3 12],69,-1,171,-1,146
1,<environment.Job instance at 0x7f3f220a35f0>,70,1,[2 8],71,-1,152,-1,151
1,<environment.Job instance at 0x7f3f20a4b780>,72,21,[ 2 11],73,-1,185,-1,164
1,<environment.Job instance at 0x7f3f20a4b9b0>,73,2,[5 8],74,-1,166,-1,164
1,<environment.Job instance at 0x7f3f20a4b320>,75,1,[2 7],76,-1,165,-1,164
1,<environment.Job instance at 0x7f3f20a4b960>,77,28,[14  2],78,-1,203,-1,175
1,<environment.Job instance at 0x7f3f20a4b140>,78,28,[6 2],79,-1,203,-1,175
1,<environment.Job instance at 0x7f3f20a4bcd0>,79,24,[5 4],80,-1,199,-1,175
1,<environment.Job instance at 0x7f3f219b30f0>,4,18,[ 3 14],5,-1,23,-1,5
1,<environment.Job instance at 0x7f3f219b3370>,9,17,[ 2 12],10,-1,27,-1,10
1,<environment.Job instance at 0x7f3f219b3c80>,15,24,[2 9],16,-1,53,-1,29
1,<environment.Job instance at 0x7f3f219b3550>,16,1,[9 4],17,-1,30,-1,29
1,<environment.Job instance at 0x7f3f219b3d20>,18,20,[14  5],19,-1,49,-1,29
1,<environment.Job instance at 0x7f3f2af34230>,21,18,[14  2],22,-1,64,-1,46
1,<environment.Job instance at 0x7f3f2af341e0>,22,19,[11  5],23,-1,66,-1,47
1,<environment.Job instance at 0x7f3f223c50f0>,26,25,[5 5],27,-1,105,-1,80
1,<environment.Job instance at 0x7f3f223c5780>,28,28,[1 5],29,-1,121,-1,93
1,<environment.Job instance at 0x7f3f223c5550>,29,2,[ 5 11],30,-1,95,-1,93
1,<environment.Job instance at 0x7f3f223c5910>,30,16,[ 5 11],31,-1,109,-1,93
1,<environment.Job instance at 0x7f3f223c5140>,33,28,[7 1],34,-1,141,-1,113
1,<environment.Job instance at 0x7f3f223c5cd0>,35,27,[ 1 10],36,-1,140,-1,113
1,<environment.Job instance at 0x7f3f223c5dc0>,36,2,[ 4 12],37,-1,115,-1,113
1,<environment.Job instance at 0x7f3f223c57d0>,37,14,[12  2],38,-1,127,-1,113
1,<environment.Job instance at 0x7f3f223c5870>,38,23,[1 8],39,-1,136,-1,113
1,<environment.Job instance at 0x7f3f223c5460>,39,3,[3 8],40,-1,116,-1,113
1,<environment.Job instance at 0x7f3f223c5280>,40,25,[3 5],41,-1,138,-1,113
1,<environment.Job instance at 0x7f3f223c53c0>,41,13,[ 5 13],42,-1,126,-1,113
1,<environment.Job instance at 0x7f3f223c5960>,42,26,[3 8],43,-1,139,-1,113
1,<environment.Job instance at 0x7f3f223c5a50>,44,13,[ 1 14],45,-1,126,-1,113
1,<environment.Job instance at 0x7f3f2102f280>,46,23,[13  1],47,-1,154,-1,131
1,<environment.Job instance at 0x7f3f2102faa0>,48,13,[ 3 13],49,-1,144,-1,131
1,<environment.Job instance at 0x7f3f2102faf0>,49,15,[11  2],50,-1,146,-1,131
1,<environment.Job instance at 0x7f3f2102f500>,50,23,[ 1 10],51,-1,154,-1,131
1,<environment.Job instance at 0x7f3f2102f6e0>,51,28,[ 1 14],52,-1,159,-1,131
1,<environment.Job instance at 0x7f3f2102fd70>,52,3,[5 4],53,-1,134,-1,131
1,<environment.Job instance at 0x7f3f2102f550>,54,2,[4 8],55,-1,145,-1,143
1,<environment.Job instance at 0x7f3f2102f5a0>,55,24,[4 6],56,-1,167,-1,143
1,<environment.Job instance at 0x7f3f2102fc30>,57,21,[ 4 13],58,-1,177,-1,156
1,<environment.Job instance at 0x7f3f2102f050>,58,1,[5 6],59,-1,157,-1,156
1,<environment.Job instance at 0x7f3f2102f4b0>,60,2,[12  2],61,-1,161,-1,159
1,<environment.Job instance at 0x7f3f2102f780>,61,26,[ 4 11],62,-1,185,-1,159
1,<environment.Job instance at 0x7f3f2102f460>,62,24,[ 1 14],63,-1,183,-1,159
1,<environment.Job instance at 0x7f3f20dda6e0>,64,2,[8 5],65,-1,173,-1,171
1,<environment.Job instance at 0x7f3f217ef5f0>,65,28,[ 4 12],66,-1,199,-1,171
1,<environment.Job instance at 0x7f3f217ef500>,66,2,[10  2],67,-1,173,-1,171
1,<environment.Job instance at 0x7f3f217ef500>,4,13,[8 1],5,-1,29,-1,16
1,<environment.Job instance at 0x7f3f20feb910>,10,2,[ 1 13],11,-1,18,-1,16
1,<environment.Job instance at 0x7f3f20feb9b0>,11,2,[ 5 10],12,-1,18,-1,16
1,<environment.Job instance at 0x7f3f20febb90>,12,24,[10  4],13,-1,40,-1,16
1,<environment.Job instance at 0x7f3f20febb40>,14,23,[ 2 14],15,-1,40,-1,17
1,<environment.Job instance at 0x7f3f20febe10>,16,25,[3 5],17,-1,59,-1,34
1,<environment.Job instance at 0x7f3f20febdc0>,17,28,[5 8],18,-1,62,-1,34
1,<environment.Job instance at 0x7f3f20febd20>,19,13,[13  1],20,-1,47,-1,34
1,<environment.Job instance at 0x7f3f20fd91e0>,20,14,[ 4 10],21,-1,52,-1,38
1,<environment.Job instance at 0x7f3f20fd90f0>,21,1,[9 1],22,-1,39,-1,38
1,<environment.Job instance at 0x7f3f20fd9820>,30,1,[7 2],31,-1,108,-1,107
1,<environment.Job instance at 0x7f3f20fd98c0>,31,25,[9 5],32,-1,132,-1,107
1,<environment.Job instance at 0x7f3f20fd9960>,32,2,[ 1 13],33,-1,109,-1,107
1,<environment.Job instance at 0x7f3f20fd9a00>,33,28,[5 8],34,-1,135,-1,107
1,<environment.Job instance at 0x7f3f20fd9a50>,35,1,[2 5],36,-1,123,-1,122
1,<environment.Job instance at 0x7f3f20fd9af0>,37,1,[6 3],38,-1,125,-1,124
1,<environment.Job instance at 0x7f3f20fd9d20>,39,15,[ 3 14],40,-1,139,-1,124
1,<environment.Job instance at 0x7f3f20fd9f00>,42,15,[ 5 14],43,-1,157,-1,142
1,<environment.Job instance at 0x7f3f20fd9fa0>,43,27,[8 4],44,-1,169,-1,142
1,<environment.Job instance at 0x7f3f20fe3280>,47,15,[ 4 11],48,-1,184,-1,169
1,<environment.Job instance at 0x7f3f20fe3550>,2,14,[ 4 14],3,-1,17,-1,3
1,<environment.Job instance at 0x7f3f21eb3280>,8,16,[12  4],9,-1,25,-1,9
1,<environment.Job instance at 0x7f3f21eb3c80>,9,28,[ 3 10],10,-1,38,-1,10
1,<environment.Job instance at 0x7f3f20eb0050>,10,15,[13  1],11,-1,26,-1,11
1,<environment.Job instance at 0x7f3f20eb0af0>,15,2,[9 5],16,-1,21,-1,19
1,<environment.Job instance at 0x7f3f20eb05f0>,16,15,[ 4 11],17,-1,34,-1,19
1,<environment.Job instance at 0x7f3f20eb0b90>,17,26,[9 5],18,-1,45,-1,19
1,<environment.Job instance at 0x7f3f20eb0f00>,18,24,[9 4],19,-1,43,-1,19
1,<environment.Job instance at 0x7f3f20eb00f0>,19,2,[2 8],20,-1,22,-1,20
1,<environment.Job instance at 0x7f3f20eb00a0>,20,25,[ 2 12],21,-1,46,-1,21
1,<environment.Job instance at 0x7f3f20a445a0>,22,16,[12  5],23,-1,48,-1,32
1,<environment.Job instance at 0x7f3f20a1a8c0>,23,25,[4 9],24,-1,57,-1,32
1,<environment.Job instance at 0x7f3f20f31fa0>,24,28,[2 5],25,-1,60,-1,32
1,<environment.Job instance at 0x7f3f211cb870>,27,2,[ 3 12],28,-1,53,-1,51
1,<environment.Job instance at 0x7f3f21ae6aa0>,28,3,[5 3],29,-1,54,-1,51
1,<environment.Job instance at 0x7f3f211cb780>,29,1,[5 5],30,-1,52,-1,51
1,<environment.Job instance at 0x7f3f211cbf00>,32,2,[2 5],33,-1,66,-1,64
1,<environment.Job instance at 0x7f3f21c79a00>,33,18,[14  4],34,-1,82,-1,64
1,<environment.Job instance at 0x7f3f2ae45460>,35,13,[ 2 13],36,-1,80,-1,67
1,<environment.Job instance at 0x7f3f2ae45550>,36,25,[ 2 14],37,-1,92,-1,67
1,<environment.Job instance at 0x7f3f2ae450a0>,37,27,[4 5],38,-1,94,-1,67
1,<environment.Job instance at 0x7f3f21202c80>,42,2,[ 1 10],43,-1,96,-1,94
1,<environment.Job instance at 0x7f3f209ed870>,46,12,[11  5],47,-1,133,-1,121
1,<environment.Job instance at 0x7f3f209ed230>,47,3,[9 5],48,-1,124,-1,121
1,<environment.Job instance at 0x7f3f209ed780>,48,3,[5 4],49,-1,124,-1,121
1,<environment.Job instance at 0x7f3f215d9be0>,52,14,[ 3 14],53,-1,152,-1,138
1,<environment.Job instance at 0x7f3f215d9dc0>,53,15,[ 2 12],54,-1,153,-1,138
1,<environment.Job instance at 0x7f3f215d90a0>,55,1,[ 3 12],56,-1,139,-1,138
1,<environment.Job instance at 0x7f3f215d9690>,56,12,[12  3],57,-1,150,-1,138
1,<environment.Job instance at 0x7f3f221e5780>,59,28,[4 8],60,-1,187,-1,159
1,<environment.Job instance at 0x7f3f221e5140>,60,3,[6 5],61,-1,162,-1,159
1,<environment.Job instance at 0x7f3f20b01910>,5,1,[10  3],6,-1,8,-1,7
1,<environment.Job instance at 0x7f3f20b01730>,7,1,[5 2],8,-1,9,-1,8
1,<environment.Job instance at 0x7f3f218a9d70>,16,27,[5 6],17,-1,88,-1,61
1,<environment.Job instance at 0x7f3f218a9640>,20,2,[7 5],21,-1,90,-1,88
1,<environment.Job instance at 0x7f3f218a9730>,21,14,[ 4 11],22,-1,102,-1,88
1,<environment.Job instance at 0x7f3f21d18190>,23,1,[10  1],24,-1,92,-1,91
1,<environment.Job instance at 0x7f3f21d18230>,25,17,[ 5 13],26,-1,119,-1,102
1,<environment.Job instance at 0x7f3f21d183c0>,26,12,[ 5 12],27,-1,114,-1,102
1,<environment.Job instance at 0x7f3f21d18fa0>,28,3,[6 3],29,-1,111,-1,108
1,<environment.Job instance at 0x7f3f21d18a00>,31,3,[8 5],32,-1,137,-1,134
1,<environment.Job instance at 0x7f3f21d18870>,32,1,[3 7],33,-1,135,-1,134
1,<environment.Job instance at 0x7f3f21b9f5a0>,35,16,[ 5 14],36,-1,171,-1,155
1,<environment.Job instance at 0x7f3f21b9f910>,3,3,[12  1],4,-1,7,-1,4
1,<environment.Job instance at 0x7f3f221aa5f0>,6,25,[5 2],7,-1,32,-1,7
1,<environment.Job instance at 0x7f3f214380a0>,9,15,[11  5],10,-1,26,-1,11
1,<environment.Job instance at 0x7f3f221aa730>,11,18,[ 2 13],12,-1,30,-1,12
1,<environment.Job instance at 0x7f3f221aa3c0>,12,27,[ 5 10],13,-1,40,-1,13
1,<environment.Job instance at 0x7f3f2177d820>,14,14,[ 1 10],15,-1,29,-1,15
1,<environment.Job instance at 0x7f3f22375f50>,16,21,[ 5 11],17,-1,38,-1,17
1,<environment.Job instance at 0x7f3f218a9910>,19,20,[12  4],20,-1,40,-1,20
1,<environment.Job instance at 0x7f3f215090f0>,25,12,[ 5 13],26,-1,84,-1,72
1,<environment.Job instance at 0x7f3f212e6eb0>,26,26,[5 2],27,-1,98,-1,72
1,<environment.Job instance at 0x7f3f2146cc30>,28,24,[14  3],29,-1,102,-1,78
1,<environment.Job instance at 0x7f3f21bd50f0>,30,12,[ 4 11],31,-1,90,-1,78
1,<environment.Job instance at 0x7f3f22309f50>,33,3,[ 3 11],34,-1,94,-1,91
1,<environment.Job instance at 0x7f3f21c5d0f0>,35,20,[2 9],36,-1,112,-1,92
1,<environment.Job instance at 0x7f3f21bd5690>,37,24,[ 1 14],38,-1,133,-1,109
1,<environment.Job instance at 0x7f3f20b33f50>,38,14,[ 1 11],39,-1,123,-1,109
1,<environment.Job instance at 0x7f3f20eb05f0>,39,25,[6 2],40,-1,134,-1,109
1,<environment.Job instance at 0x7f3f20b33be0>,40,14,[13  2],41,-1,123,-1,109
1,<environment.Job instance at 0x7f3f20eb0190>,41,17,[11  4],42,-1,126,-1,109
1,<environment.Job instance at 0x7f3f21eb3780>,44,2,[ 4 11],45,-1,111,-1,109
1,<environment.Job instance at 0x7f3f21eb3960>,47,3,[8 4],48,-1,126,-1,123
1,<environment.Job instance at 0x7f3f21eb3b40>,48,1,[ 3 11],49,-1,124,-1,123
1,<environment.Job instance at 0x7f3f21039c80>,53,15,[ 4 10],54,-1,156,-1,141
1,<environment.Job instance at 0x7f3f21039e60>,54,18,[ 4 14],55,-1,159,-1,141
1,<environment.Job instance at 0x7f3f21039190>,56,25,[11  3],57,-1,178,-1,153
1,<environment.Job instance at 0x7f3f21039370>,57,3,[4 8],58,-1,156,-1,153
1,<environment.Job instance at 0x7f3f210398c0>,58,13,[9 1],59,-1,171,-1,158
1,<environment.Job instance at 0x7f3f210390f0>,62,15,[7 1],63,-1,184,-1,169
1,<environment.Job instance at 0x7f91394ba6e0>,4,24,[ 3 11],5,-1,29,-1,5
1,<environment.Job instance at 0x7f91394ba960>,8,24,[ 2 10],9,-1,34,-1,10
1,<environment.Job instance at 0x7f91394baeb0>,15,20,[3 5],16,-1,43,-1,23
1,<environment.Job instance at 0x7f91394baf50>,16,19,[ 3 10],17,-1,42,-1,23
1,<environment.Job instance at 0x7f91394bae10>,17,18,[ 5 13],18,-1,41,-1,23
1,<environment.Job instance at 0x7f91394bc190>,19,21,[8 5],20,-1,61,-1,40
1,<environment.Job instance at 0x7f91394bc320>,21,22,[8 2],22,-1,62,-1,40
1,<environment.Job instance at 0x7f91394bc3c0>,22,3,[4 6],23,-1,43,-1,40
1,<environment.Job instance at 0x7f91394bc5a0>,24,2,[ 3 12],25,-1,58,-1,56
1,<environment.Job instance at 0x7f91394bc6e0>,26,20,[4 8],27,-1,82,-1,62
1,<environment.Job instance at 0x7f91394bc780>,27,25,[14  4],28,-1,87,-1,62
1,<environment.Job instance at 0x7f91394bc820>,28,2,[5 8],29,-1,64,-1,62
1,<environment.Job instance at 0x7f91394bc8c0>,29,24,[5 1],30,-1,86,-1,62
1,<environment.Job instance at 0x7f91394bc960>,30,15,[8 2],31,-1,78,-1,63
1,<environment.Job instance at 0x7f91394bca00>,31,13,[4 5],32,-1,77,-1,64
1,<environment.Job instance at 0x7f91394bcc80>,35,3,[9 5],36,-1,87,-1,84
1,<environment.Job instance at 0x7f91394bcd20>,36,16,[8 1],37,-1,100,-1,84
1,<environment.Job instance at 0x7f91394bcdc0>,37,2,[5 1],38,-1,86,-1,84
1,<environment.Job instance at 0x7f91394bceb0>,39,12,[3 6],40,-1,96,-1,84
1,<environment.Job instance at 0x7f91394c0140>,40,18,[ 5 13],41,-1,102,-1,84
1,<environment.Job instance at 0x7f91394bc370>,41,3,[14  5],42,-1,87,-1,84
1,<environment.Job instance at 0x7f91394c0280>,42,24,[ 4 14],43,-1,108,-1,84
1,<environment.Job instance at 0x7f91394bcbe0>,34,20,[5 3],35,-1,104,-1,84
1,<environment.Job instance at 0x7f91394c03c0>,44,14,[8 4],45,-1,98,-1,84
1,<environment.Job instance at 0x7f91394c0320>,43,14,[10  1],44,-1,98,-1,84
1,<environment.Job instance at 0x7f91394c0500>,46,17,[ 5 12],47,-1,101,-1,84
1,<environment.Job instance at 0x7f91394c05a0>,47,16,[6 2],48,-1,110,-1,94
1,<environment.Job instance at 0x7f91394c0640>,48,25,[5 4],49,-1,119,-1,94
1,<environment.Job instance at 0x7f91394c06e0>,49,23,[2 6],50,-1,117,-1,94
1,<environment.Job instance at 0x7f91394c0780>,50,13,[12  1],51,-1,107,-1,94
1,<environment.Job instance at 0x7f91394c0820>,51,24,[ 1 11],52,-1,118,-1,94
1,<environment.Job instance at 0x7f91394c08c0>,52,27,[9 1],53,-1,121,-1,94
1,<environment.Job instance at 0x7f91394c0960>,53,22,[9 5],54,-1,116,-1,94
1,<environment.Job instance at 0x7f91394c0a00>,54,2,[5 8],55,-1,96,-1,94
1,<environment.Job instance at 0x7f91394c0aa0>,55,14,[ 2 10],56,-1,108,-1,94
1,<environment.Job instance at 0x7f91394c0460>,45,28,[6 4],46,-1,129,-1,101
1,<environment.Job instance at 0x7f91394c0d20>,58,2,[1 7],59,-1,103,-1,101
1,<environment.Job instance at 0x7f91394bad20>,14,21,[ 3 11],15,-1,133,-1,112
1,<environment.Job instance at 0x7f913995c3c0>,4,2,[ 1 11],5,-1,7,-1,5
1,<environment.Job instance at 0x7f913995c780>,5,3,[8 2],6,-1,10,-1,7
1,<environment.Job instance at 0x7f913995c280>,7,3,[5 4],8,-1,11,-1,8
1,<environment.Job instance at 0x7f913995c690>,11,21,[ 4 11],12,-1,34,-1,13
1,<environment.Job instance at 0x7f913995caa0>,12,2,[ 3 12],13,-1,15,-1,13
1,<environment.Job instance at 0x7f913995cf00>,13,1,[10  3],14,-1,15,-1,14
1,<environment.Job instance at 0x7f913995cfa0>,14,28,[3 8],15,-1,43,-1,15
1,<environment.Job instance at 0x7f913995c460>,15,24,[12  1],16,-1,40,-1,16
1,<environment.Job instance at 0x7f913995c410>,16,14,[11  2],17,-1,31,-1,17
1,<environment.Job instance at 0x7f91398fba00>,17,27,[5 3],18,-1,45,-1,18
1,<environment.Job instance at 0x7f91398fbbe0>,21,27,[6 5],22,-1,59,-1,32
1,<environment.Job instance at 0x7f91398fb370>,22,18,[ 2 14],23,-1,50,-1,32
1,<environment.Job instance at 0x7f91398fb5f0>,23,2,[11  2],24,-1,34,-1,32
1,<environment.Job instance at 0x7f91398fb8c0>,24,18,[12  2],25,-1,50,-1,32
1,<environment.Job instance at 0x7f91398fbdc0>,26,17,[11  1],27,-1,62,-1,45
1,<environment.Job instance at 0x7f91398fb320>,27,13,[ 4 12],28,-1,58,-1,45
1,<environment.Job instance at 0x7f91398fb960>,28,17,[11  4],29,-1,62,-1,45
1,<environment.Job instance at 0x7f91398fb1e0>,29,13,[10  1],30,-1,58,-1,45
1,<environment.Job instance at 0x7f91398fb550>,31,18,[ 1 10],32,-1,72,-1,54
1,<environment.Job instance at 0x7f91398fb690>,32,28,[7 4],33,-1,82,-1,54
1,<environment.Job instance at 0x7f91398fb730>,35,23,[8 3],36,-1,89,-1,66
1,<environment.Job instance at 0x7f91398fb4b0>,36,1,[3 8],37,-1,67,-1,66
1,<environment.Job instance at 0x7f91398fbb40>,38,28,[9 1],39,-1,103,-1,75
1,<environment.Job instance at 0x7f91398fb140>,40,15,[ 5 10],41,-1,97,-1,82
1,<environment.Job instance at 0x7f9139960320>,41,1,[7 2],42,-1,83,-1,82
1,<environment.Job instance at 0x7f9139960d20>,42,16,[14  3],43,-1,98,-1,82
1,<environment.Job instance at 0x7f9139960960>,43,12,[11  4],44,-1,94,-1,82
1,<environment.Job instance at 0x7f9139960a00>,44,15,[14  3],45,-1,97,-1,82
1,<environment.Job instance at 0x7f9139960c80>,45,2,[6 4],46,-1,84,-1,82
1,<environment.Job instance at 0x7f91399607d0>,46,13,[ 5 13],47,-1,95,-1,82
1,<environment.Job instance at 0x7f9139960410>,50,24,[11  3],51,-1,129,-1,105
1,<environment.Job instance at 0x7f91399602d0>,51,22,[5 8],52,-1,133,-1,111
1,<environment.Job instance at 0x7f9139960dc0>,54,28,[13  3],55,-1,149,-1,121
1,<environment.Job instance at 0x7f9139960640>,56,3,[3 9],57,-1,140,-1,137
1,<environment.Job instance at 0x7f91399605a0>,57,18,[ 1 13],58,-1,155,-1,137
1,<environment.Job instance at 0x7f9139960820>,58,24,[ 5 11],59,-1,161,-1,137
1,<environment.Job instance at 0x7f9139960230>,61,16,[ 2 13],62,-1,154,-1,138
1,<environment.Job instance at 0x7f91399b4500>,63,2,[ 5 11],64,-1,156,-1,154
1,<environment.Job instance at 0x7f91399b4550>,64,1,[10  4],65,-1,155,-1,154
1,<environment.Job instance at 0x7f91399b4730>,65,13,[11  1],66,-1,167,-1,154
1,<environment.Job instance at 0x7f91399b4be0>,66,12,[ 3 10],67,-1,166,-1,154
1,<environment.Job instance at 0x7f91399b4d20>,67,3,[8 3],68,-1,157,-1,154
1,<environment.Job instance at 0x7f91399b4aa0>,71,2,[5 1],72,-1,171,-1,169
1,<environment.Job instance at 0x7f91399b4d70>,72,23,[1 7],73,-1,192,-1,169
1,<environment.Job instance at 0x7f91399b4e60>,73,12,[12  2],74,-1,181,-1,169
1,<environment.Job instance at 0x7f9139be66e0>,77,2,[14  5],78,-1,183,-1,181
1,<environment.Job instance at 0x7f9138bee370>,6,28,[ 3 14],7,-1,35,-1,7
1,<environment.Job instance at 0x7f9138bee960>,7,20,[1 9],8,-1,32,-1,12
1,<environment.Job instance at 0x7f9138beefa0>,12,19,[11  4],13,-1,32,-1,13
1,<environment.Job instance at 0x7f9138bee4b0>,13,27,[9 1],14,-1,41,-1,14
1,<environment.Job instance at 0x7f9138beeaf0>,14,21,[3 9],15,-1,47,-1,26
1,<environment.Job instance at 0x7f9138beeeb0>,16,2,[14  3],17,-1,28,-1,26
1,<environment.Job instance at 0x7f9138bee410>,18,27,[ 2 12],19,-1,64,-1,37
1,<environment.Job instance at 0x7f9138bee050>,19,3,[1 6],20,-1,40,-1,37
1,<environment.Job instance at 0x7f9138bee2d0>,20,13,[14  4],21,-1,50,-1,37
1,<environment.Job instance at 0x7f9138bef0f0>,22,16,[ 1 11],23,-1,53,-1,37
1,<environment.Job instance at 0x7f9138bef5f0>,23,26,[12  3],24,-1,63,-1,37
1,<environment.Job instance at 0x7f9138bef500>,24,12,[ 1 10],25,-1,49,-1,37
1,<environment.Job instance at 0x7f9138beff00>,25,17,[ 4 13],26,-1,54,-1,37
1,<environment.Job instance at 0x7f9138bef640>,27,28,[1 9],28,-1,79,-1,51
1,<environment.Job instance at 0x7f9138bef5a0>,28,26,[7 3],29,-1,77,-1,51
1,<environment.Job instance at 0x7f9138bef550>,30,2,[1 6],31,-1,54,-1,52
1,<environment.Job instance at 0x7f9138befe10>,33,18,[14  3],34,-1,85,-1,67
1,<environment.Job instance at 0x7f9138bef370>,37,12,[3 9],38,-1,97,-1,85
1,<environment.Job instance at 0x7f9138befbe0>,38,25,[9 1],39,-1,110,-1,85
1,<environment.Job instance at 0x7f9138befaa0>,39,3,[3 5],40,-1,88,-1,85
1,<environment.Job instance at 0x7f9138bef280>,42,23,[2 8],43,-1,128,-1,105
1,<environment.Job instance at 0x7f9138bef2d0>,43,16,[11  1],44,-1,121,-1,105
1,<environment.Job instance at 0x7f9138bf17d0>,44,2,[2 8],45,-1,107,-1,105
1,<environment.Job instance at 0x7f9138bf1eb0>,45,14,[11  5],46,-1,119,-1,105
1,<environment.Job instance at 0x7f9138bf1550>,46,13,[ 1 11],47,-1,118,-1,105
1,<environment.Job instance at 0x7f9138bf1910>,47,3,[5 9],48,-1,108,-1,105
1,<environment.Job instance at 0x7f9138bf19b0>,48,25,[6 1],49,-1,130,-1,105
1,<environment.Job instance at 0x7f9138bf1e60>,49,15,[ 3 12],50,-1,120,-1,105
1,<environment.Job instance at 0x7f9138bf1870>,50,18,[13  2],51,-1,123,-1,105
1,<environment.Job instance at 0x7f9138bf1820>,51,1,[5 7],52,-1,106,-1,105
1,<environment.Job instance at 0x7f9138bf1d70>,52,12,[10  3],53,-1,117,-1,105
1,<environment.Job instance at 0x7f9138bf1a00>,53,28,[11  3],54,-1,133,-1,105
1,<environment.Job instance at 0x7f9138bf18c0>,55,28,[ 4 10],56,-1,133,-1,105
1,<environment.Job instance at 0x7f9138bf16e0>,56,2,[5 3],57,-1,107,-1,105
1,<environment.Job instance at 0x7f9138bf1460>,58,13,[7 1],59,-1,128,-1,115
1,<environment.Job instance at 0x7f9138bf1500>,60,3,[ 2 10],61,-1,124,-1,121
1,<environment.Job instance at 0x7f9138bf1320>,61,16,[ 5 13],62,-1,137,-1,121
1,<environment.Job instance at 0x7f9138bf1190>,62,3,[9 1],63,-1,124,-1,121
1,<environment.Job instance at 0x7f9138bf1370>,63,24,[5 6],64,-1,145,-1,121
1,<environment.Job instance at 0x7f9138bed500>,64,2,[3 5],65,-1,123,-1,121
1,<environment.Job instance at 0x7f9138bed5a0>,66,14,[ 3 14],67,-1,146,-1,132
1,<environment.Job instance at 0x7f9138bed4b0>,67,24,[3 9],68,-1,156,-1,132
1,<environment.Job instance at 0x7f9138bede10>,69,3,[10  3],70,-1,135,-1,132
1,<environment.Job instance at 0x7f9138bed0a0>,70,12,[ 2 12],71,-1,144,-1,132
1,<environment.Job instance at 0x7f9138bedcd0>,72,1,[ 2 11],73,-1,149,-1,148
1,<environment.Job instance at 0x7f9138bedeb0>,73,27,[ 3 14],74,-1,175,-1,148
1,<environment.Job instance at 0x7f9138bed9b0>,77,28,[13  5],78,-1,188,-1,160
1,<environment.Job instance at 0x7f9138bedb90>,80,22,[5 6],81,-1,189,-1,167
1,<environment.Job instance at 0x7f9138be8eb0>,82,3,[2 8],83,-1,175,-1,172
1,<environment.Job instance at 0x7f9138be8500>,83,14,[8 1],84,-1,186,-1,172
1,<environment.Job instance at 0x7f9138be87d0>,84,1,[ 1 10],85,-1,173,-1,172
1,<environment.Job instance at 0x7f9138be88c0>,86,14,[ 2 10],87,-1,200,-1,186
1,<environment.Job instance at 0x7f9138be88c0>,3,17,[14  3],4,-1,22,-1,5
1,<environment.Job instance at 0x7f9139a67370>,7,2,[ 4 13],8,-1,10,-1,8
1,<environment.Job instance at 0x7f9139a67d20>,12,2,[ 5 12],13,-1,21,-1,19
1,<environment.Job instance at 0x7f9139a67190>,14,12,[ 4 13],15,-1,32,-1,20
1,<environment.Job instance at 0x7f9139a67b90>,15,24,[5 3],16,-1,63,-1,39
1,<environment.Job instance at 0x7f9139a67e60>,18,3,[12  3],19,-1,42,-1,39
1,<environment.Job instance at 0x7f9139a676e0>,19,3,[5 3],20,-1,93,-1,90
1,<environment.Job instance at 0x7f9139a2e4b0>,26,3,[9 1],27,-1,95,-1,92
1,<environment.Job instance at 0x7f9139a2e280>,27,1,[7 4],28,-1,93,-1,92
1,<environment.Job instance at 0x7f9139a2eeb0>,29,26,[14  4],30,-1,118,-1,92
1,<environment.Job instance at 0x7f9139a2eb90>,36,27,[2 7],37,-1,178,-1,151
1,<environment.Job instance at 0x7f9139a2eaa0>,38,16,[ 3 12],39,-1,167,-1,151
1,<environment.Job instance at 0x7f9139a2ee60>,39,12,[ 3 12],40,-1,163,-1,151
1,<environment.Job instance at 0x7f9139a2e9b0>,40,13,[ 3 12],41,-1,164,-1,151
1,<environment.Job instance at 0x7f9139a2e0f0>,41,24,[ 4 10],42,-1,175,-1,151
1,<environment.Job instance at 0x7f9139a2e7d0>,42,25,[11  2],43,-1,181,-1,156
1,<environment.Job instance at 0x7f9139c5cfa0>,9,24,[9 5],10,-1,36,-1,12
1,<environment.Job instance at 0x7f9139ea81e0>,16,14,[ 4 12],17,-1,57,-1,43
1,<environment.Job instance at 0x7f9139e3bc80>,18,27,[ 2 11],19,-1,70,-1,43
1,<environment.Job instance at 0x7f91394c2b40>,21,17,[ 5 11],22,-1,70,-1,53
1,<environment.Job instance at 0x7f91394c2910>,22,16,[12  1],23,-1,69,-1,53
1,<environment.Job instance at 0x7f91394c29b0>,23,26,[9 2],24,-1,79,-1,53
1,<environment.Job instance at 0x7f9139fa7d20>,25,20,[ 1 13],26,-1,85,-1,65
1,<environment.Job instance at 0x7f9139fa7aa0>,29,23,[ 3 10],30,-1,110,-1,87
1,<environment.Job instance at 0x7f9139cb3370>,33,24,[1 9],34,-1,138,-1,114
1,<environment.Job instance at 0x7f9139cb3050>,36,3,[ 3 10],37,-1,128,-1,125
1,<environment.Job instance at 0x7f9139cb30f0>,37,1,[7 3],38,-1,126,-1,125
1,<environment.Job instance at 0x7f9139cb32d0>,38,26,[13  1],39,-1,151,-1,125
1,<environment.Job instance at 0x7f9139fc8780>,41,19,[ 5 13],42,-1,160,-1,141
1,<environment.Job instance at 0x7f91394cdcd0>,43,25,[3 9],44,-1,167,-1,142
1,<environment.Job instance at 0x7f91394cdb90>,49,2,[ 3 10],50,-1,191,-1,189
1,<environment.Job instance at 0x7f91398e3d20>,4,2,[5 7],5,-1,8,-1,6
1,<environment.Job instance at 0x7f91398bf7d0>,7,27,[ 2 10],8,-1,35,-1,8
1,<environment.Job instance at 0x7f91398bfe60>,8,16,[ 1 12],9,-1,25,-1,9
1,<environment.Job instance at 0x7f91398bf5a0>,9,15,[13  4],10,-1,25,-1,10
1,<environment.Job instance at 0x7f91398bf5f0>,10,2,[ 1 13],11,-1,13,-1,11
1,<environment.Job instance at 0x7f91398bf640>,11,17,[ 1 10],12,-1,58,-1,41
1,<environment.Job instance at 0x7f91398bf280>,15,2,[8 2],16,-1,43,-1,41
1,<environment.Job instance at 0x7f91398bf4b0>,16,21,[ 1 11],17,-1,62,-1,41
1,<environment.Job instance at 0x7f91398bf500>,18,21,[8 2],19,-1,131,-1,110
1,<environment.Job instance at 0x7f91398bb050>,26,27,[ 4 13],27,-1,137,-1,110
1,<environment.Job instance at 0x7f91398bb0a0>,27,15,[14  1],28,-1,125,-1,110
1,<environment.Job instance at 0x7f91398c5f50>,3,28,[4 6],4,-1,32,-1,4
1,<environment.Job instance at 0x7f9138a1e910>,4,26,[2 6],5,-1,31,-1,5
1,<environment.Job instance at 0x7f9138a1ea50>,6,15,[14  4],7,-1,22,-1,7
1,<environment.Job instance at 0x7f9138a1ec30>,7,13,[13  5],8,-1,21,-1,8
1,<environment.Job instance at 0x7f9138a1ef50>,12,1,[ 1 13],13,-1,15,-1,14
1,<environment.Job instance at 0x7f9138a21280>,14,26,[5 7],15,-1,41,-1,15
1,<environment.Job instance at 0x7f9138a215f0>,19,13,[10  1],20,-1,46,-1,33
1,<environment.Job instance at 0x7f9138a21820>,23,15,[ 3 11],24,-1,71,-1,56
1,<environment.Job instance at 0x7f9138a21a00>,24,24,[1 5],25,-1,80,-1,56
1,<environment.Job instance at 0x7f9138a21aa0>,25,23,[6 3],26,-1,79,-1,56
1,<environment.Job instance at 0x7f9138a21b40>,26,16,[ 2 13],27,-1,72,-1,56
1,<environment.Job instance at 0x7f9138a21be0>,27,21,[ 4 13],28,-1,77,-1,56
1,<environment.Job instance at 0x7f9138a21e60>,31,24,[3 9],32,-1,98,-1,74
1,<environment.Job instance at 0x7f9138a21c30>,32,2,[5 7],33,-1,76,-1,74
1,<environment.Job instance at 0x7f9138a21fa0>,33,23,[14  1],34,-1,97,-1,74
1,<environment.Job instance at 0x7f9138a21910>,34,27,[11  2],35,-1,101,-1,74
1,<environment.Job instance at 0x7f9138a21f50>,35,14,[9 1],36,-1,88,-1,74
1,<environment.Job instance at 0x7f9138a231e0>,36,12,[10  4],37,-1,86,-1,74
1,<environment.Job instance at 0x7f9138a23280>,37,22,[ 3 14],38,-1,96,-1,74
1,<environment.Job instance at 0x7f9138a23320>,38,15,[13  2],39,-1,89,-1,74
1,<environment.Job instance at 0x7f9138a233c0>,39,16,[11  3],40,-1,90,-1,74
1,<environment.Job instance at 0x7f9138a23190>,40,15,[ 1 10],41,-1,89,-1,74
1,<environment.Job instance at 0x7f9138a235a0>,41,17,[5 1],42,-1,91,-1,74
1,<environment.Job instance at 0x7f9138a230f0>,42,1,[9 3],43,-1,75,-1,74
1,<environment.Job instance at 0x7f9138a235f0>,43,1,[13  2],44,-1,75,-1,74
1,<environment.Job instance at 0x7f9138a23730>,44,16,[3 8],45,-1,90,-1,74
1,<environment.Job instance at 0x7f9138a238c0>,45,21,[9 4],46,-1,95,-1,74
1,<environment.Job instance at 0x7f9138a236e0>,46,18,[9 2],47,-1,93,-1,75
1,<environment.Job instance at 0x7f9138a23910>,47,12,[4 7],48,-1,87,-1,75
1,<environment.Job instance at 0x7f9138a23a50>,49,28,[13  5],50,-1,119,-1,91
1,<environment.Job instance at 0x7f9138a23af0>,50,27,[6 1],51,-1,118,-1,91
1,<environment.Job instance at 0x7f9138a23c30>,52,17,[ 5 11],53,-1,108,-1,91
1,<environment.Job instance at 0x7f9138a23cd0>,53,12,[1 6],54,-1,103,-1,91
1,<environment.Job instance at 0x7f9138a23d70>,54,19,[ 5 10],55,-1,110,-1,91
1,<environment.Job instance at 0x7f9138a23f00>,56,24,[14  3],57,-1,129,-1,105
1,<environment.Job instance at 0x7f9138a23f50>,57,1,[ 1 14],58,-1,106,-1,105
1,<environment.Job instance at 0x7f9138a261e0>,58,24,[10  2],59,-1,129,-1,105
1,<environment.Job instance at 0x7f9138a26280>,59,2,[3 6],60,-1,107,-1,105
1,<environment.Job instance at 0x7f9138a26320>,60,3,[ 2 14],61,-1,108,-1,105
1,<environment.Job instance at 0x7f9138a263c0>,61,15,[9 2],62,-1,121,-1,106
1,<environment.Job instance at 0x7f9138a26460>,62,19,[11  3],63,-1,125,-1,106
1,<environment.Job instance at 0x7f9138a26500>,63,18,[ 5 11],64,-1,124,-1,106
1,<environment.Job instance at 0x7f9138a265a0>,64,21,[12  1],65,-1,127,-1,106
1,<environment.Job instance at 0x7f9138a26640>,65,18,[12  4],66,-1,124,-1,106
1,<environment.Job instance at 0x7f9138a266e0>,66,26,[1 9],67,-1,132,-1,106
1,<environment.Job instance at 0x7f9138a26780>,67,3,[10  4],68,-1,109,-1,106
1,<environment.Job instance at 0x7f9138a268c0>,69,26,[13  5],70,-1,144,-1,118
1,<environment.Job instance at 0x7f9138a269b0>,70,25,[13  3],71,-1,143,-1,118
1,<environment.Job instance at 0x7f9138a26190>,71,22,[ 5 10],72,-1,140,-1,118
1,<environment.Job instance at 0x7f9138a26c80>,72,13,[ 3 12],73,-1,131,-1,118
1,<environment.Job instance at 0x7f9138a26b90>,73,3,[4 9],74,-1,121,-1,118
1,<environment.Job instance at 0x7f91398fd140>,74,13,[8 2],75,-1,131,-1,118
1,<environment.Job instance at 0x7f91394ac500>,75,13,[12  1],76,-1,131,-1,118
1,<environment.Job instance at 0x7f9138b2bdc0>,76,16,[ 5 11],77,-1,134,-1,118
1,<environment.Job instance at 0x7f9138b2b8c0>,77,16,[11  4],78,-1,134,-1,118
1,<environment.Job instance at 0x7f9138b2bc30>,78,24,[3 5],79,-1,142,-1,118
1,<environment.Job instance at 0x7f9138b2b820>,79,20,[8 1],80,-1,138,-1,118
1,<environment.Job instance at 0x7f9138b2b5f0>,80,19,[ 5 13],81,-1,137,-1,118
1,<environment.Job instance at 0x7f9138b2ba00>,81,24,[2 5],82,-1,142,-1,118
1,<environment.Job instance at 0x7f9138b2b640>,82,2,[1 9],83,-1,120,-1,118
1,<environment.Job instance at 0x7f9138b2b780>,83,14,[5 1],84,-1,132,-1,118
1,<environment.Job instance at 0x7f9138b2b550>,85,26,[ 3 12],86,-1,161,-1,135
1,<environment.Job instance at 0x7f9138b2b2d0>,86,26,[9 2],87,-1,161,-1,135
1,<environment.Job instance at 0x7f9138b2b140>,87,1,[ 2 10],88,-1,136,-1,135
1,<environment.Job instance at 0x7f9138b2b230>,88,16,[13  4],89,-1,151,-1,135
1,<environment.Job instance at 0x7f9138b2b500>,89,28,[2 7],90,-1,163,-1,135
1,<environment.Job instance at 0x7f9138b25050>,90,18,[8 1],91,-1,153,-1,135
1,<environment.Job instance at 0x7f9138b25f00>,91,15,[6 1],92,-1,150,-1,135
1,<environment.Job instance at 0x7f9139204aa0>,92,17,[ 3 13],93,-1,152,-1,135
1,<environment.Job instance at 0x7f9138b1a050>,93,28,[3 7],94,-1,163,-1,135
1,<environment.Job instance at 0x7f91391fed70>,94,20,[11  2],95,-1,155,-1,135
1,<environment.Job instance at 0x7f913a069550>,97,14,[ 4 10],98,-1,149,-1,135
1,<environment.Job instance at 0x7f913a07c820>,98,1,[5 5],99,-1,136,-1,135
1,<environment.Job instance at 0x7f91391fe780>,99,14,[ 5 13],100,-1,149,-1,135
1,<environment.Job instance at 0x7f91391e5fa0>,100,16,[9 2],101,-1,167,-1,151
1,<environment.Job instance at 0x7f9139295460>,105,27,[6 1],106,-1,191,-1,164
1,<environment.Job instance at 0x7f9139570690>,106,12,[1 9],107,-1,176,-1,164
1,<environment.Job instance at 0x7f9139215190>,107,22,[1 7],108,-1,186,-1,164
1,<environment.Job instance at 0x7f9138f020a0>,108,23,[2 6],109,-1,187,-1,164
1,<environment.Job instance at 0x7f91395da820>,6,3,[2 7],7,-1,13,-1,10
1,<environment.Job instance at 0x7f91395dad70>,13,28,[ 1 14],14,-1,49,-1,21
1,<environment.Job instance at 0x7f91395daaa0>,14,18,[ 2 14],15,-1,39,-1,21
1,<environment.Job instance at 0x7f91395da5f0>,15,25,[ 4 10],16,-1,46,-1,21
1,<environment.Job instance at 0x7f91395da1e0>,16,24,[11  5],17,-1,45,-1,21
1,<environment.Job instance at 0x7f91395da8c0>,17,20,[4 8],18,-1,43,-1,23
1,<environment.Job instance at 0x7f91395daaf0>,19,27,[2 9],20,-1,50,-1,23
1,<environment.Job instance at 0x7f91395dafa0>,20,15,[2 6],21,-1,42,-1,27
1,<environment.Job instance at 0x7f913986c870>,24,23,[10  1],25,-1,70,-1,47
1,<environment.Job instance at 0x7f913986ceb0>,25,22,[8 1],26,-1,69,-1,47
1,<environment.Job instance at 0x7f913986c9b0>,26,14,[14  4],27,-1,61,-1,47
1,<environment.Job instance at 0x7f913986c140>,27,13,[ 5 14],28,-1,60,-1,47
1,<environment.Job instance at 0x7f913986c820>,28,27,[3 9],29,-1,74,-1,47
1,<environment.Job instance at 0x7f913986c500>,29,28,[3 8],30,-1,75,-1,47
1,<environment.Job instance at 0x7f913986c0f0>,30,23,[ 5 10],31,-1,70,-1,47
1,<environment.Job instance at 0x7f913986caa0>,31,17,[ 1 11],32,-1,64,-1,47
1,<environment.Job instance at 0x7f913986c910>,32,12,[2 9],33,-1,59,-1,47
1,<environment.Job instance at 0x7f913986c730>,33,1,[ 4 13],34,-1,48,-1,47
1,<environment.Job instance at 0x7f913986c7d0>,34,3,[ 5 13],35,-1,50,-1,47
1,<environment.Job instance at 0x7f913986cc80>,35,13,[10  3],36,-1,60,-1,47
1,<environment.Job instance at 0x7f913986c5f0>,36,1,[ 1 14],37,-1,48,-1,47
1,<environment.Job instance at 0x7f913986caf0>,37,16,[11  4],38,-1,63,-1,47
1,<environment.Job instance at 0x7f91390af500>,38,14,[1 7],39,-1,61,-1,47
1,<environment.Job instance at 0x7f91390af190>,39,3,[8 2],40,-1,50,-1,47
1,<environment.Job instance at 0x7f91390af280>,41,16,[13  2],42,-1,77,-1,61
1,<environment.Job instance at 0x7f91390af910>,42,14,[ 2 13],43,-1,75,-1,61
1,<environment.Job instance at 0x7f91390af820>,43,18,[13  1],44,-1,79,-1,61
1,<environment.Job instance at 0x7f91390afc80>,44,21,[ 2 12],45,-1,82,-1,61
1,<environment.Job instance at 0x7f91390af050>,46,26,[13  3],47,-1,87,-1,61
1,<environment.Job instance at 0x7f91390af1e0>,47,24,[12  5],48,-1,85,-1,61
1,<environment.Job instance at 0x7f91390af5a0>,49,27,[7 3],50,-1,106,-1,79
1,<environment.Job instance at 0x7f91390afdc0>,50,15,[ 4 10],51,-1,94,-1,79
1,<environment.Job instance at 0x7f91390af730>,51,12,[ 1 10],52,-1,91,-1,79
1,<environment.Job instance at 0x7f91390afd20>,52,22,[7 1],53,-1,101,-1,79
1,<environment.Job instance at 0x7f9139a10fa0>,53,21,[11  1],54,-1,100,-1,79
1,<environment.Job instance at 0x7f9139a10a00>,54,20,[3 8],55,-1,99,-1,79
1,<environment.Job instance at 0x7f9139a107d0>,55,18,[11  1],56,-1,97,-1,79
1,<environment.Job instance at 0x7f9139a10780>,56,13,[3 9],57,-1,92,-1,79
1,<environment.Job instance at 0x7f9139a109b0>,57,15,[2 7],58,-1,94,-1,79
1,<environment.Job instance at 0x7f9139a10f00>,58,3,[6 4],59,-1,82,-1,79
1,<environment.Job instance at 0x7f91392d7140>,59,13,[ 1 12],60,-1,92,-1,79
1,<environment.Job instance at 0x7f91392d7640>,60,21,[1 8],61,-1,101,-1,80
1,<environment.Job instance at 0x7f91392d7280>,61,3,[3 6],62,-1,83,-1,80
1,<environment.Job instance at 0x7f91392d7230>,63,12,[4 6],64,-1,92,-1,80
1,<environment.Job instance at 0x7f91392d7910>,64,22,[6 1],65,-1,103,-1,81
1,<environment.Job instance at 0x7f91392d74b0>,65,18,[1 9],66,-1,101,-1,83
1,<environment.Job instance at 0x7f91392d7550>,66,24,[ 2 12],67,-1,107,-1,83
1,<environment.Job instance at 0x7f91392d70a0>,68,1,[7 3],69,-1,92,-1,91
1,<environment.Job instance at 0x7f9139b78050>,70,2,[3 7],71,-1,102,-1,100
1,<environment.Job instance at 0x7f9139b78f50>,72,25,[3 6],73,-1,125,-1,100
1,<environment.Job instance at 0x7f9139b78dc0>,74,16,[ 5 12],75,-1,120,-1,104
1,<environment.Job instance at 0x7f9139b78640>,75,22,[8 3],76,-1,126,-1,104
1,<environment.Job instance at 0x7f9139b78960>,76,1,[9 1],77,-1,105,-1,104
1,<environment.Job instance at 0x7f9139b78e60>,77,12,[11  4],78,-1,116,-1,104
1,<environment.Job instance at 0x7f9139b78820>,78,3,[ 4 10],79,-1,107,-1,104
1,<environment.Job instance at 0x7f9139b78140>,79,2,[12  3],80,-1,106,-1,104
1,<environment.Job instance at 0x7f9139b78a50>,80,3,[14  2],81,-1,107,-1,104
1,<environment.Job instance at 0x7f9139b78690>,81,13,[12  4],82,-1,117,-1,104
1,<environment.Job instance at 0x7f9139b78cd0>,82,19,[2 5],83,-1,123,-1,104
1,<environment.Job instance at 0x7f9139b78eb0>,83,23,[2 5],84,-1,127,-1,104
1,<environment.Job instance at 0x7f9139b780a0>,84,12,[7 2],85,-1,116,-1,104
1,<environment.Job instance at 0x7f9139b78be0>,85,20,[6 1],86,-1,124,-1,104
1,<environment.Job instance at 0x7f91394f6eb0>,86,14,[11  5],87,-1,118,-1,104
1,<environment.Job instance at 0x7f91394f6b90>,87,18,[ 4 12],88,-1,122,-1,104
1,<environment.Job instance at 0x7f91394f6be0>,88,24,[ 3 11],89,-1,128,-1,104
1,<environment.Job instance at 0x7f91394f65a0>,89,15,[ 3 10],90,-1,119,-1,104
1,<environment.Job instance at 0x7f91394f6a00>,90,19,[3 7],91,-1,123,-1,104
1,<environment.Job instance at 0x7f91394f6280>,91,13,[6 2],92,-1,117,-1,104
1,<environment.Job instance at 0x7f91394f6190>,92,12,[13  3],93,-1,116,-1,104
1,<environment.Job instance at 0x7f91394f6140>,96,19,[8 1],97,-1,160,-1,141
1,<environment.Job instance at 0x7f91394f6460>,97,26,[ 4 11],98,-1,167,-1,141
1,<environment.Job instance at 0x7f91394f6af0>,99,23,[1 6],100,-1,164,-1,141
1,<environment.Job instance at 0x7f91394f6c80>,100,24,[ 5 12],101,-1,165,-1,141
1,<environment.Job instance at 0x7f91394f60a0>,101,2,[1 7],102,-1,143,-1,141
1,<environment.Job instance at 0x7f91394f6320>,102,3,[ 3 12],103,-1,144,-1,141
1,<environment.Job instance at 0x7f91394f6910>,104,14,[14  5],105,-1,167,-1,153
1,<environment.Job instance at 0x7f91394f6500>,105,14,[ 3 12],106,-1,167,-1,153
1,<environment.Job instance at 0x7f9139d8a870>,106,16,[8 2],107,-1,169,-1,153
1,<environment.Job instance at 0x7f9139d8a050>,107,19,[ 4 11],108,-1,172,-1,153
1,<environment.Job instance at 0x7f9139d8a5f0>,108,14,[4 7],109,-1,167,-1,153
1,<environment.Job instance at 0x7f9139d8ae60>,109,2,[11  4],110,-1,155,-1,153
1,<environment.Job instance at 0x7f9139d8ab40>,110,12,[10  3],111,-1,165,-1,153
1,<environment.Job instance at 0x7f9139d8a3c0>,111,13,[10  4],112,-1,166,-1,153
1,<environment.Job instance at 0x7f9139d8aa50>,112,20,[ 4 10],113,-1,173,-1,153
1,<environment.Job instance at 0x7f9139d8ad70>,113,1,[ 3 10],114,-1,154,-1,153
1,<environment.Job instance at 0x7f9139d8a0f0>,114,16,[6 1],115,-1,169,-1,153
1,<environment.Job instance at 0x7f9139d8a5a0>,115,14,[ 4 10],116,-1,167,-1,153
1,<environment.Job instance at 0x7f9139d8af50>,116,2,[ 1 11],117,-1,155,-1,153
1,<environment.Job instance at 0x7f9139d8aaa0>,117,14,[11  4],118,-1,167,-1,153
1,<environment.Job instance at 0x7f9139d8a9b0>,118,24,[ 4 11],119,-1,177,-1,153
1,<environment.Job instance at 0x7f91390816e0>,119,24,[4 8],120,-1,177,-1,153
1,<environment.Job instance at 0x7f9139081190>,120,21,[9 5],121,-1,175,-1,154
1,<environment.Job instance at 0x7f9139081fa0>,121,25,[5 4],122,-1,179,-1,154
1,<environment.Job instance at 0x7f91390817d0>,122,2,[3 5],123,-1,156,-1,154
1,<environment.Job instance at 0x7f9139081cd0>,123,12,[3 5],124,-1,166,-1,154
1,<environment.Job instance at 0x7f9139081410>,124,2,[1 9],125,-1,156,-1,154
1,<environment.Job instance at 0x7f9139081780>,125,1,[3 7],126,-1,155,-1,154
1,<environment.Job instance at 0x7f91390815a0>,126,26,[8 5],127,-1,180,-1,154
1,<environment.Job instance at 0x7f9139081640>,129,18,[12  1],130,-1,187,-1,169
1,<environment.Job instance at 0x7f9139081c30>,131,15,[6 4],132,-1,184,-1,169
1,<environment.Job instance at 0x7f9139081a00>,132,2,[7 5],133,-1,171,-1,169
1,<environment.Job instance at 0x7f9138ceaeb0>,133,2,[ 2 10],134,-1,171,-1,169
1,<environment.Job instance at 0x7f9138cea140>,134,23,[6 2],135,-1,192,-1,169
1,<environment.Job instance at 0x7f9138e058c0>,3,22,[ 2 12],4,-1,26,-1,4
1,<environment.Job instance at 0x7f913961b410>,4,17,[12  5],5,-1,22,-1,5
1,<environment.Job instance at 0x7f913961b370>,5,28,[11  4],6,-1,34,-1,6
1,<environment.Job instance at 0x7f913914b500>,7,12,[ 4 14],8,-1,20,-1,8
1,<environment.Job instance at 0x7f91386e80a0>,11,2,[4 9],12,-1,15,-1,13
1,<environment.Job instance at 0x7f9138781af0>,17,3,[9 1],18,-1,38,-1,35
1,<environment.Job instance at 0x7f9138781410>,19,27,[8 5],20,-1,77,-1,50
1,<environment.Job instance at 0x7f913944ceb0>,21,25,[ 1 12],22,-1,75,-1,50
1,<environment.Job instance at 0x7f913872b050>,23,1,[ 2 13],24,-1,51,-1,50
1,<environment.Job instance at 0x7f913872beb0>,24,1,[1 8],25,-1,51,-1,50
1,<environment.Job instance at 0x7f913872b190>,25,17,[13  3],26,-1,67,-1,50
1,<environment.Job instance at 0x7f913872ba50>,26,26,[5 4],27,-1,76,-1,50
1,<environment.Job instance at 0x7f913872b460>,27,18,[ 1 11],28,-1,68,-1,50
1,<environment.Job instance at 0x7f913872baa0>,28,13,[ 2 12],29,-1,63,-1,50
1,<environment.Job instance at 0x7f9139f2f780>,8,18,[ 5 13],9,-1,33,-1,15
1,<environment.Job instance at 0x7f9139031d20>,11,28,[1 5],12,-1,56,-1,28
1,<environment.Job instance at 0x7f9139f2faa0>,12,3,[9 4],13,-1,31,-1,28
1,<environment.Job instance at 0x7f9139f2f410>,13,25,[8 1],14,-1,53,-1,28
1,<environment.Job instance at 0x7f9139833fa0>,14,18,[ 1 10],15,-1,50,-1,32
1,<environment.Job instance at 0x7f913930a410>,15,12,[12  3],16,-1,44,-1,32
1,<environment.Job instance at 0x7f9138c14190>,18,25,[4 5],19,-1,74,-1,49
1,<environment.Job instance at 0x7f9138c14780>,19,25,[10  3],20,-1,74,-1,49
1,<environment.Job instance at 0x7f9139e870f0>,21,28,[13  4],22,-1,93,-1,65
1,<environment.Job instance at 0x7f9138c146e0>,22,20,[13  2],23,-1,85,-1,65
1,<environment.Job instance at 0x7f9139faaaa0>,23,14,[12  3],24,-1,79,-1,65
1,<environment.Job instance at 0x7f9139b44780>,24,17,[ 5 13],25,-1,82,-1,65
1,<environment.Job instance at 0x7f9138f69d70>,26,18,[13  4],27,-1,96,-1,78
1,<environment.Job instance at 0x7f9139fa8960>,29,16,[ 2 11],30,-1,114,-1,98
1,<environment.Job instance at 0x7f9139b12410>,30,1,[8 4],31,-1,99,-1,98
1,<environment.Job instance at 0x7f9138f76e10>,31,25,[2 5],32,-1,123,-1,98
1,<environment.Job instance at 0x7f9139f1d2d0>,32,3,[4 8],33,-1,101,-1,98
1,<environment.Job instance at 0x7f9139b34f00>,34,2,[3 9],35,-1,116,-1,114
1,<environment.Job instance at 0x7f9139ea8b40>,35,1,[5 5],36,-1,115,-1,114
1,<environment.Job instance at 0x7f9139ea88c0>,38,23,[ 3 14],39,-1,154,-1,131
1,<environment.Job instance at 0x7f91393dfbe0>,39,21,[ 5 13],40,-1,152,-1,131
1,<environment.Job instance at 0x7f91398d0f50>,40,16,[ 3 14],41,-1,147,-1,131
1,<environment.Job instance at 0x7f9139f42b90>,42,14,[11  3],43,-1,162,-1,148
1,<environment.Job instance at 0x7f9139f42050>,44,13,[14  1],45,-1,179,-1,166
1,<environment.Job instance at 0x7f91426309b0>,46,22,[1 6],47,-1,188,-1,166
1,<environment.Job instance at 0x7f9138e14d20>,7,3,[7 1],8,-1,13,-1,10
1,<environment.Job instance at 0x7f9138c3a0a0>,10,20,[1 7],11,-1,40,-1,20
1,<environment.Job instance at 0x7f9138c3aaa0>,14,26,[5 8],15,-1,46,-1,20
1,<environment.Job instance at 0x7f9138bd2b90>,15,14,[11  4],16,-1,34,-1,20
1,<environment.Job instance at 0x7f9138bd20a0>,16,16,[14  4],17,-1,36,-1,20
1,<environment.Job instance at 0x7f9138bd2280>,17,14,[8 1],18,-1,34,-1,20
1,<environment.Job instance at 0x7f9138bd2320>,18,12,[13  4],19,-1,32,-1,20
1,<environment.Job instance at 0x7f9138bd2be0>,20,23,[5 5],21,-1,44,-1,21
1,<environment.Job instance at 0x7f9138bd2e60>,21,1,[7 4],22,-1,23,-1,22
1,<environment.Job instance at 0x7f9138bd2c30>,26,16,[11  2],27,-1,66,-1,50
1,<environment.Job instance at 0x7f9138bd2b40>,27,16,[ 4 12],28,-1,66,-1,50
1,<environment.Job instance at 0x7f9138bd2820>,28,1,[1 5],29,-1,51,-1,50
1,<environment.Job instance at 0x7f9138bd2aa0>,29,1,[14  3],30,-1,51,-1,50
1,<environment.Job instance at 0x7f9139a05b90>,30,17,[7 1],31,-1,68,-1,51
1,<environment.Job instance at 0x7f9139a05500>,32,2,[ 2 14],33,-1,60,-1,58
1,<environment.Job instance at 0x7f9139a056e0>,33,12,[10  1],34,-1,70,-1,58
1,<environment.Job instance at 0x7f9139a05820>,34,25,[ 1 11],35,-1,83,-1,58
1,<environment.Job instance at 0x7f9139a05e60>,35,28,[6 3],36,-1,86,-1,58
1,<environment.Job instance at 0x7f9139a05960>,36,17,[7 1],37,-1,75,-1,58
1,<environment.Job instance at 0x7f9139a05d70>,37,13,[9 3],38,-1,71,-1,58
1,<environment.Job instance at 0x7f9139a05050>,38,3,[ 5 13],39,-1,61,-1,58
1,<environment.Job instance at 0x7f9139a058c0>,39,27,[6 2],40,-1,85,-1,58
1,<environment.Job instance at 0x7f9139a05f00>,40,3,[5 2],41,-1,61,-1,58
1,<environment.Job instance at 0x7f9139a05cd0>,41,16,[8 1],42,-1,76,-1,60
1,<environment.Job instance at 0x7f9139a055a0>,42,18,[ 5 13],43,-1,78,-1,60
1,<environment.Job instance at 0x7f9139a05a00>,43,13,[8 1],44,-1,73,-1,60
1,<environment.Job instance at 0x7f9139a05140>,44,23,[3 8],45,-1,83,-1,60
1,<environment.Job instance at 0x7f9139a05c80>,45,16,[ 2 13],46,-1,76,-1,60
1,<environment.Job instance at 0x7f9139a05e10>,46,24,[7 1],47,-1,84,-1,60
1,<environment.Job instance at 0x7f9139a050a0>,47,21,[1 9],48,-1,82,-1,61
1,<environment.Job instance at 0x7f9138c912d0>,51,27,[ 4 13],52,-1,107,-1,80
1,<environment.Job instance at 0x7f9138c91a00>,52,12,[3 9],53,-1,92,-1,80
1,<environment.Job instance at 0x7f9138c91730>,53,18,[ 2 13],54,-1,98,-1,80
1,<environment.Job instance at 0x7f9138c919b0>,54,1,[6 1],55,-1,81,-1,80
1,<environment.Job instance at 0x7f9138c91cd0>,55,17,[11  1],56,-1,97,-1,80
1,<environment.Job instance at 0x7f9138c911e0>,56,13,[12  1],57,-1,93,-1,80
1,<environment.Job instance at 0x7f9138c91960>,57,3,[6 1],58,-1,83,-1,80
1,<environment.Job instance at 0x7f9138c916e0>,59,1,[9 3],60,-1,92,-1,91
1,<environment.Job instance at 0x7f9138c915a0>,60,22,[8 2],61,-1,113,-1,91
1,<environment.Job instance at 0x7f913940cc80>,61,27,[4 9],62,-1,118,-1,91
1,<environment.Job instance at 0x7f913940c8c0>,63,19,[ 1 11],64,-1,115,-1,96
1,<environment.Job instance at 0x7f913940c820>,65,3,[14  5],66,-1,110,-1,107
1,<environment.Job instance at 0x7f913940c0f0>,66,1,[8 1],67,-1,108,-1,107
1,<environment.Job instance at 0x7f913940cbe0>,67,18,[12  5],68,-1,125,-1,107
1,<environment.Job instance at 0x7f913940c690>,68,3,[14  5],69,-1,110,-1,107
1,<environment.Job instance at 0x7f913940cf00>,70,16,[ 2 12],71,-1,125,-1,109
1,<environment.Job instance at 0x7f913940cfa0>,71,3,[2 9],72,-1,112,-1,109
1,<environment.Job instance at 0x7f9142b43dc0>,72,18,[12  1],73,-1,127,-1,109
1,<environment.Job instance at 0x7f9142b436e0>,74,16,[10  1],75,-1,138,-1,122
1,<environment.Job instance at 0x7f9142b43870>,75,21,[12  4],76,-1,143,-1,122
1,<environment.Job instance at 0x7f9139092280>,76,14,[ 3 12],77,-1,136,-1,122
1,<environment.Job instance at 0x7f914287e140>,78,2,[11  5],79,-1,124,-1,122
1,<environment.Job instance at 0x7f9138c48640>,79,1,[8 3],80,-1,123,-1,122
1,<environment.Job instance at 0x7f914287e550>,80,28,[13  3],81,-1,150,-1,122
1,<environment.Job instance at 0x7f914287efa0>,81,3,[ 4 10],82,-1,125,-1,122
1,<environment.Job instance at 0x7f91394508c0>,83,2,[14  3],84,-1,126,-1,124
1,<environment.Job instance at 0x7f9139450410>,84,3,[8 3],85,-1,127,-1,124
1,<environment.Job instance at 0x7f9139450550>,85,1,[ 2 12],86,-1,125,-1,124
1,<environment.Job instance at 0x7f9139450370>,86,20,[8 3],87,-1,163,-1,143
1,<environment.Job instance at 0x7f9139450280>,88,22,[9 1],89,-1,165,-1,143
1,<environment.Job instance at 0x7f9139450f50>,89,2,[9 2],90,-1,145,-1,143
1,<environment.Job instance at 0x7f91394503c0>,90,16,[ 1 13],91,-1,159,-1,143
1,<environment.Job instance at 0x7f91394504b0>,91,18,[ 3 13],92,-1,161,-1,143
1,<environment.Job instance at 0x7f9139450640>,92,28,[7 1],93,-1,171,-1,143
1,<environment.Job instance at 0x7f91394501e0>,93,27,[2 7],94,-1,170,-1,143
1,<environment.Job instance at 0x7f913a0779b0>,97,24,[12  2],98,-1,181,-1,157
1,<environment.Job instance at 0x7f9138b0e280>,100,25,[5 4],101,-1,209,-1,184
1,<environment.Job instance at 0x7f9138b0eaa0>,101,17,[ 5 11],102,-1,201,-1,184
1,<environment.Job instance at 0x7f9139663320>,102,15,[12  2],103,-1,199,-1,184
1,<environment.Job instance at 0x7f9139663140>,103,28,[10  2],104,-1,212,-1,184
1,<environment.Job instance at 0x7f9139930050>,104,18,[10  1],105,-1,202,-1,184
1,<environment.Job instance at 0x7f9139570730>,105,1,[ 1 11],106,-1,185,-1,184
1,<environment.Job instance at 0x7f9139930500>,106,23,[5 5],107,-1,207,-1,184
1,<environment.Job instance at 0x7f91394405f0>,109,26,[ 4 13],110,-1,212,-1,186
1,<environment.Job instance at 0x7f9139044140>,2,18,[ 1 13],3,-1,21,-1,3
1,<environment.Job instance at 0x7f91399bde60>,3,27,[5 1],4,-1,31,-1,4
1,<environment.Job instance at 0x7f91399bd820>,7,21,[13  2],8,-1,29,-1,8
1,<environment.Job instance at 0x7f91399bd230>,9,1,[11  5],10,-1,11,-1,10
1,<environment.Job instance at 0x7f91399bdfa0>,12,2,[8 4],13,-1,15,-1,13
1,<environment.Job instance at 0x7f91399bd5f0>,17,22,[ 1 10],18,-1,71,-1,49
1,<environment.Job instance at 0x7f91399bd2d0>,18,28,[13  5],19,-1,77,-1,49
1,<environment.Job instance at 0x7f91399bd460>,19,23,[9 3],20,-1,72,-1,49
1,<environment.Job instance at 0x7f91399bda50>,20,3,[6 4],21,-1,52,-1,49
1,<environment.Job instance at 0x7f91399bd500>,21,16,[ 3 13],22,-1,65,-1,49
1,<environment.Job instance at 0x7f91399bd050>,23,1,[8 2],24,-1,51,-1,50
1,<environment.Job instance at 0x7f91399bd1e0>,24,3,[14  3],25,-1,53,-1,50
1,<environment.Job instance at 0x7f913882d820>,27,3,[ 2 10],28,-1,70,-1,67
1,<environment.Job instance at 0x7f913882da50>,28,22,[4 7],29,-1,93,-1,71
1,<environment.Job instance at 0x7f913882d910>,31,14,[11  2],32,-1,103,-1,89
1,<environment.Job instance at 0x7f913882d320>,33,23,[10  2],34,-1,122,-1,99
1,<environment.Job instance at 0x7f913882dd70>,34,27,[ 1 11],35,-1,126,-1,99
1,<environment.Job instance at 0x7f913882d5a0>,45,1,[10  1],46,-1,162,-1,161
1,<environment.Job instance at 0x7f91388b3640>,49,17,[14  1],50,-1,205,-1,188
1,<environment.Job instance at 0x7f91427f3c30>,1,17,[14  2],2,-1,19,-1,2
1,<environment.Job instance at 0x7f91389ea8c0>,5,19,[11  4],6,-1,25,-1,6
1,<environment.Job instance at 0x7f91389ea7d0>,4,15,[13  1],5,-1,22,-1,7
1,<environment.Job instance at 0x7f91389ea190>,7,25,[3 9],8,-1,33,-1,8
1,<environment.Job instance at 0x7f913885efa0>,13,27,[7 4],14,-1,51,-1,24
1,<environment.Job instance at 0x7f913885e6e0>,17,13,[ 2 13],18,-1,55,-1,42
1,<environment.Job instance at 0x7f913885e410>,21,28,[1 7],22,-1,84,-1,56
1,<environment.Job instance at 0x7f9138cd5d70>,24,22,[7 5],25,-1,103,-1,81
1,<environment.Job instance at 0x7f9138cd55f0>,25,25,[6 5],26,-1,106,-1,81
1,<environment.Job instance at 0x7f9138cd5690>,26,25,[4 7],27,-1,106,-1,81
1,<environment.Job instance at 0x7f9138cd5550>,27,2,[ 5 11],28,-1,83,-1,81
1,<environment.Job instance at 0x7f9138cd5e60>,28,16,[ 4 12],29,-1,97,-1,81
1,<environment.Job instance at 0x7f9138cd5e10>,29,15,[12  5],30,-1,96,-1,81
1,<environment.Job instance at 0x7f9138cd59b0>,30,22,[14  5],31,-1,103,-1,81
1,<environment.Job instance at 0x7f9138cd58c0>,31,12,[9 3],32,-1,93,-1,81
1,<environment.Job instance at 0x7f9138cd53c0>,32,26,[9 2],33,-1,107,-1,81
1,<environment.Job instance at 0x7f9138cd5a00>,34,12,[13  2],35,-1,108,-1,96
1,<environment.Job instance at 0x7f9138cd5280>,35,18,[ 4 10],36,-1,114,-1,96
1,<environment.Job instance at 0x7f9138cd5820>,36,12,[12  4],37,-1,108,-1,96
1,<environment.Job instance at 0x7f9138cd50a0>,38,27,[8 5],39,-1,123,-1,96
1,<environment.Job instance at 0x7f9138cd57d0>,39,15,[12  4],40,-1,111,-1,96
1,<environment.Job instance at 0x7f9138bb4500>,41,18,[ 1 13],42,-1,119,-1,101
1,<environment.Job instance at 0x7f9138bb4c80>,43,26,[5 4],44,-1,148,-1,122
1,<environment.Job instance at 0x7f9138bb46e0>,45,15,[13  3],46,-1,137,-1,122
1,<environment.Job instance at 0x7f9138bb4fa0>,48,15,[13  3],49,-1,154,-1,139
1,<environment.Job instance at 0x7f9138bb4690>,50,18,[12  4],51,-1,166,-1,148
1,<environment.Job instance at 0x7f9138bb42d0>,51,23,[9 5],52,-1,171,-1,148
1,<environment.Job instance at 0x7f9138bb4050>,53,15,[ 3 11],54,-1,178,-1,163
1,<environment.Job instance at 0x7f9138bb4410>,54,2,[11  3],55,-1,165,-1,163
1,<environment.Job instance at 0x7f913976c550>,57,1,[1 9],58,-1,179,-1,178
1,<environment.Job instance at 0x7f913976c8c0>,58,22,[3 5],59,-1,200,-1,178
1,<environment.Job instance at 0x7f9139b6bf50>,1,21,[12  3],2,-1,23,-1,2
1,<environment.Job instance at 0x7f9139cbdc30>,3,26,[ 2 10],4,-1,30,-1,4
1,<environment.Job instance at 0x7f9139cbdd20>,5,12,[ 5 13],6,-1,18,-1,6
1,<environment.Job instance at 0x7f9139cbdf00>,6,17,[12  3],7,-1,24,-1,7
1,<environment.Job instance at 0x7f9139bd2050>,8,28,[8 3],9,-1,37,-1,9
1,<environment.Job instance at 0x7f9139bd21e0>,9,26,[11  4],10,-1,36,-1,10
1,<environment.Job instance at 0x7f9139bd2410>,12,27,[ 1 10],13,-1,40,-1,13
1,<environment.Job instance at 0x7f9139bd2780>,16,28,[ 4 14],17,-1,45,-1,17
1,<environment.Job instance at 0x7f913976c730>,18,1,[ 3 12],19,-1,21,-1,20
1,<environment.Job instance at 0x7f9139bd2be0>,23,26,[9 4],24,-1,57,-1,31
1,<environment.Job instance at 0x7f9139bd2d70>,25,23,[7 1],26,-1,60,-1,37
1,<environment.Job instance at 0x7f9139bd2e10>,26,13,[12  4],27,-1,50,-1,37
1,<environment.Job instance at 0x7f9139bd2eb0>,27,2,[6 2],28,-1,39,-1,37
1,<environment.Job instance at 0x7f9139bd2730>,29,23,[8 2],30,-1,75,-1,52
1,<environment.Job instance at 0x7f9139bd2c30>,30,1,[4 8],31,-1,53,-1,52
1,<environment.Job instance at 0x7f9139bbf0a0>,31,12,[14  3],32,-1,64,-1,52
1,<environment.Job instance at 0x7f9139bbf140>,32,18,[11  4],33,-1,70,-1,52
1,<environment.Job instance at 0x7f9139bbf2d0>,33,16,[11  3],34,-1,68,-1,52
1,<environment.Job instance at 0x7f9139bbf6e0>,37,25,[ 2 13],38,-1,88,-1,63
1,<environment.Job instance at 0x7f9139bbf780>,38,26,[ 5 11],39,-1,89,-1,63
1,<environment.Job instance at 0x7f9139bbf870>,40,17,[13  3],41,-1,93,-1,76
1,<environment.Job instance at 0x7f9139bbf910>,41,28,[5 2],42,-1,104,-1,76
1,<environment.Job instance at 0x7f9139bbf9b0>,42,19,[ 3 10],43,-1,96,-1,77
1,<environment.Job instance at 0x7f9139bbfaf0>,44,3,[12  2],45,-1,80,-1,77
1,<environment.Job instance at 0x7f9139bbfb90>,45,22,[ 1 11],46,-1,99,-1,77
1,<environment.Job instance at 0x7f9139bbfeb0>,50,28,[ 3 14],51,-1,136,-1,108
1,<environment.Job instance at 0x7f9139bbd410>,55,2,[7 1],56,-1,157,-1,155
1,<environment.Job instance at 0x7f9139697730>,5,12,[11  4],6,-1,18,-1,6
1,<environment.Job instance at 0x7f9139697c30>,6,1,[8 4],7,-1,8,-1,7
1,<environment.Job instance at 0x7f9139697af0>,9,3,[14  5],10,-1,13,-1,10
1,<environment.Job instance at 0x7f91396975a0>,10,13,[ 4 11],11,-1,24,-1,11
1,<environment.Job instance at 0x7f9139697a50>,11,12,[11  4],12,-1,24,-1,12
1,<environment.Job instance at 0x7f9139697460>,12,26,[ 5 13],13,-1,39,-1,13
1,<environment.Job instance at 0x7f9139665dc0>,18,24,[12  3],19,-1,49,-1,25
1,<environment.Job instance at 0x7f9139665c30>,19,12,[11  5],20,-1,37,-1,25
1,<environment.Job instance at 0x7f9139665aa0>,20,16,[ 5 13],21,-1,41,-1,25
1,<environment.Job instance at 0x7f9139665a00>,21,3,[ 1 12],22,-1,28,-1,25
1,<environment.Job instance at 0x7f9139665e60>,22,26,[4 8],23,-1,51,-1,25
1,<environment.Job instance at 0x7f91396655a0>,23,2,[ 1 10],24,-1,27,-1,25
1,<environment.Job instance at 0x7f91396659b0>,26,14,[ 1 12],27,-1,56,-1,42
1,<environment.Job instance at 0x7f9139665690>,27,17,[13  3],28,-1,59,-1,42
1,<environment.Job instance at 0x7f91396653c0>,28,12,[14  4],29,-1,54,-1,42
1,<environment.Job instance at 0x7f9139665a50>,31,24,[2 7],32,-1,68,-1,44
1,<environment.Job instance at 0x7f9139665730>,32,16,[13  3],33,-1,60,-1,44
1,<environment.Job instance at 0x7f91393390f0>,34,2,[6 3],35,-1,52,-1,50
1,<environment.Job instance at 0x7f91393390a0>,38,18,[14  5],39,-1,93,-1,75
1,<environment.Job instance at 0x7f9139339640>,39,28,[8 5],40,-1,103,-1,75
1,<environment.Job instance at 0x7f9139339550>,40,16,[ 4 11],41,-1,91,-1,75
1,<environment.Job instance at 0x7f9139339410>,41,1,[6 3],42,-1,76,-1,75
1,<environment.Job instance at 0x7f9139fa6500>,42,3,[ 2 10],43,-1,78,-1,75
1,<environment.Job instance at 0x7f9138e2ae60>,44,18,[ 3 14],45,-1,93,-1,75
1,<environment.Job instance at 0x7f9138e2aaf0>,45,16,[12  1],46,-1,91,-1,75
1,<environment.Job instance at 0x7f9138e2a460>,48,19,[ 2 12],49,-1,112,-1,93
1,<environment.Job instance at 0x7f9138e2aeb0>,49,17,[ 2 12],50,-1,110,-1,93
1,<environment.Job instance at 0x7f9138721a00>,55,24,[2 9],56,-1,144,-1,120
1,<environment.Job instance at 0x7f9138721e10>,56,1,[9 4],57,-1,121,-1,120
1,<environment.Job instance at 0x7f9138721870>,58,20,[14  5],59,-1,140,-1,120
1,<environment.Job instance at 0x7f9138721280>,61,18,[14  2],62,-1,156,-1,138
1,<environment.Job instance at 0x7f91387219b0>,62,19,[11  5],63,-1,157,-1,138
1,<environment.Job instance at 0x7f9138721aa0>,66,25,[5 5],67,-1,197,-1,172
1,<environment.Job instance at 0x7f913879e370>,68,28,[1 5],69,-1,213,-1,185
1,<environment.Job instance at 0x7f913879e550>,69,2,[ 5 11],70,-1,187,-1,185
1,<environment.Job instance at 0x7f913879e5a0>,70,16,[ 5 11],71,-1,201,-1,185
1,<environment.Job instance at 0x7f913a03b820>,3,13,[ 3 14],4,-1,17,-1,4
1,<environment.Job instance at 0x7f913a03b1e0>,6,27,[9 3],7,-1,34,-1,7
1,<environment.Job instance at 0x7f913a03b5a0>,8,1,[5 5],9,-1,11,-1,10
1,<environment.Job instance at 0x7f913a03baf0>,10,2,[5 6],11,-1,13,-1,11
1,<environment.Job instance at 0x7f91397a4320>,11,12,[ 3 10],12,-1,42,-1,30
1,<environment.Job instance at 0x7f9139ca0050>,22,27,[9 1],23,-1,66,-1,39
1,<environment.Job instance at 0x7f9139ca0dc0>,24,28,[ 4 10],25,-1,75,-1,47
1,<environment.Job instance at 0x7f9139ca0320>,25,16,[14  3],26,-1,63,-1,47
1,<environment.Job instance at 0x7f9138e5b2d0>,26,22,[8 5],27,-1,82,-1,60
1,<environment.Job instance at 0x7f9138e5bb40>,30,27,[6 2],31,-1,99,-1,72
1,<environment.Job instance at 0x7f9138e5beb0>,31,15,[7 3],32,-1,87,-1,72
1,<environment.Job instance at 0x7f9138e5b280>,32,15,[5 7],33,-1,89,-1,74
1,<environment.Job instance at 0x7f9138e5bbe0>,33,14,[13  5],34,-1,88,-1,74
1,<environment.Job instance at 0x7f9139ca0d20>,27,27,[6 5],28,-1,101,-1,74
1,<environment.Job instance at 0x7f9138e5b910>,34,13,[8 1],35,-1,87,-1,74
1,<environment.Job instance at 0x7f9138e5b0f0>,28,28,[13  5],29,-1,102,-1,74
1,<environment.Job instance at 0x7f9138c55e10>,39,2,[5 4],40,-1,86,-1,84
1,<environment.Job instance at 0x7f9138ff4b40>,40,2,[ 1 13],41,-1,86,-1,84
1,<environment.Job instance at 0x7f9138c55050>,41,2,[ 5 10],42,-1,86,-1,84
1,<environment.Job instance at 0x7f9138c55820>,42,24,[10  4],43,-1,108,-1,84
1,<environment.Job instance at 0x7f9138c55be0>,44,23,[ 2 14],45,-1,116,-1,93
1,<environment.Job instance at 0x7f91391cad70>,47,28,[5 8],48,-1,141,-1,113
1,<environment.Job instance at 0x7f91391ca320>,49,13,[13  1],50,-1,126,-1,113
1,<environment.Job instance at 0x7f91391cae60>,50,14,[ 4 10],51,-1,127,-1,113
1,<environment.Job instance at 0x7f91391caa50>,51,1,[9 1],52,-1,114,-1,113
1,<environment.Job instance at 0x7f91391ca960>,54,21,[8 1],55,-1,147,-1,126
1,<environment.Job instance at 0x7f91391ca5f0>,55,24,[1 6],56,-1,150,-1,126
1,<environment.Job instance at 0x7f91396a51e0>,60,1,[7 2],61,-1,161,-1,160
1,<environment.Job instance at 0x7f91396a5730>,61,25,[9 5],62,-1,185,-1,160
1,<environment.Job instance at 0x7f91396a57d0>,62,2,[ 1 13],63,-1,162,-1,160
1,<environment.Job instance at 0x7f91396a5820>,63,28,[5 8],64,-1,188,-1,160
1,<environment.Job instance at 0x7f91396a5aa0>,65,1,[2 5],66,-1,176,-1,175
1,<environment.Job instance at 0x7f91396a5190>,66,28,[3 7],67,-1,203,-1,175
1,<environment.Job instance at 0x7f91396a5910>,67,1,[6 3],68,-1,176,-1,175
1,<environment.Job instance at 0x7f91396a5500>,69,15,[ 3 14],70,-1,190,-1,175
1,<environment.Job instance at 0x7f9138b85aa0>,72,15,[ 5 14],73,-1,202,-1,187
1,<environment.Job instance at 0x7f9138b85280>,73,27,[8 4],74,-1,214,-1,187
1,<environment.Job instance at 0x7f9139176fa0>,11,23,[1 6],12,-1,45,-1,22
1,<environment.Job instance at 0x7f9139176a00>,12,26,[2 9],13,-1,48,-1,22
1,<environment.Job instance at 0x7f91391767d0>,13,28,[13  1],14,-1,50,-1,22
1,<environment.Job instance at 0x7f9139176be0>,14,15,[ 3 11],15,-1,37,-1,22
1,<environment.Job instance at 0x7f9138ccc320>,16,3,[ 4 10],17,-1,34,-1,31
1,<environment.Job instance at 0x7f9138ccc7d0>,21,17,[ 2 14],22,-1,64,-1,47
1,<environment.Job instance at 0x7f9138ccc910>,22,14,[ 4 14],23,-1,62,-1,48
1,<environment.Job instance at 0x7f9138cccc80>,28,16,[12  4],29,-1,103,-1,87
1,<environment.Job instance at 0x7f9138cccd20>,29,28,[ 3 10],30,-1,115,-1,87
1,<environment.Job instance at 0x7f9138cccdc0>,30,15,[13  1],31,-1,102,-1,87
1,<environment.Job instance at 0x7f9138cccf00>,31,13,[ 5 10],32,-1,100,-1,87
1,<environment.Job instance at 0x7f9138cccf50>,32,16,[11  4],33,-1,103,-1,87
1,<environment.Job instance at 0x7f9138ccc8c0>,33,28,[13  4],34,-1,115,-1,87
1,<environment.Job instance at 0x7f9138eda190>,35,2,[9 5],36,-1,101,-1,99
1,<environment.Job instance at 0x7f9138eda230>,36,15,[ 4 11],37,-1,114,-1,99
1,<environment.Job instance at 0x7f9138eda2d0>,37,26,[9 5],38,-1,125,-1,99
1,<environment.Job instance at 0x7f9138eda370>,38,24,[9 4],39,-1,123,-1,99
1,<environment.Job instance at 0x7f9138eda410>,39,2,[2 8],40,-1,101,-1,99
1,<environment.Job instance at 0x7f9138eda4b0>,40,25,[ 2 12],41,-1,124,-1,99
1,<environment.Job instance at 0x7f9138eda5f0>,42,16,[12  5],43,-1,116,-1,100
1,<environment.Job instance at 0x7f9138eda140>,43,25,[4 9],44,-1,125,-1,100
1,<environment.Job instance at 0x7f9138eda820>,44,28,[2 5],45,-1,128,-1,100
1,<environment.Job instance at 0x7f9138eda8c0>,46,16,[ 5 10],47,-1,118,-1,102
1,<environment.Job instance at 0x7f9138edaaf0>,47,2,[ 3 12],48,-1,104,-1,102
1,<environment.Job instance at 0x7f9138edab40>,48,3,[5 3],49,-1,105,-1,102
1,<environment.Job instance at 0x7f9138edac30>,49,1,[5 5],50,-1,103,-1,102
1,<environment.Job instance at 0x7f9138edadc0>,50,13,[ 1 10],51,-1,115,-1,102
1,<environment.Job instance at 0x7f9138edaf00>,52,2,[2 5],53,-1,119,-1,117
1,<environment.Job instance at 0x7f9138edacd0>,53,18,[14  4],54,-1,135,-1,117
1,<environment.Job instance at 0x7f9138edac80>,55,13,[ 2 13],56,-1,144,-1,131
1,<environment.Job instance at 0x7f9138ef61e0>,56,25,[ 2 14],57,-1,156,-1,131
1,<environment.Job instance at 0x7f9138ef6320>,57,27,[4 5],58,-1,158,-1,131
1,<environment.Job instance at 0x7f9138ef65f0>,62,2,[ 1 10],63,-1,154,-1,152
1,<environment.Job instance at 0x7f9138ef6870>,66,12,[11  5],67,-1,191,-1,179
1,<environment.Job instance at 0x7f9138ef6910>,67,3,[9 5],68,-1,182,-1,179
1,<environment.Job instance at 0x7f9138ef69b0>,68,3,[5 4],69,-1,182,-1,179
1,<environment.Job instance at 0x7f91398a2050>,6,3,[5 5],7,-1,11,-1,8
1,<environment.Job instance at 0x7f91398a2370>,10,28,[5 9],11,-1,42,-1,14
1,<environment.Job instance at 0x7f91398a20a0>,14,14,[ 1 10],15,-1,43,-1,29
1,<environment.Job instance at 0x7f91398a2e10>,15,1,[10  3],16,-1,30,-1,29
1,<environment.Job instance at 0x7f91398a2d70>,16,28,[3 8],17,-1,57,-1,29
1,<environment.Job instance at 0x7f91389b95f0>,17,1,[5 2],18,-1,30,-1,29
1,<environment.Job instance at 0x7f91389b92d0>,19,12,[12  1],20,-1,56,-1,44
1,<environment.Job instance at 0x7f91389b9730>,22,13,[1 5],23,-1,65,-1,52
1,<environment.Job instance at 0x7f91389b9870>,25,18,[ 4 11],26,-1,78,-1,60
1,<environment.Job instance at 0x7f91389b97d0>,26,27,[5 6],27,-1,87,-1,60
1,<environment.Job instance at 0x7f91389b9690>,30,2,[7 5],31,-1,76,-1,74
1,<environment.Job instance at 0x7f91389b9c30>,31,14,[ 4 11],32,-1,88,-1,74
1,<environment.Job instance at 0x7f91389b9b40>,33,1,[10  1],34,-1,89,-1,88
1,<environment.Job instance at 0x7f9139124730>,35,17,[ 5 13],36,-1,105,-1,88
1,<environment.Job instance at 0x7f9138ee3fa0>,36,12,[ 5 12],37,-1,100,-1,88
1,<environment.Job instance at 0x7f9138ee3d20>,38,3,[6 3],39,-1,107,-1,104
1,<environment.Job instance at 0x7f9138ed7dc0>,41,3,[8 5],42,-1,122,-1,119
1,<environment.Job instance at 0x7f9138efd050>,42,1,[3 7],43,-1,120,-1,119
1,<environment.Job instance at 0x7f9139899320>,47,13,[13  2],48,-1,162,-1,149
1,<environment.Job instance at 0x7f9139883b40>,50,1,[4 6],51,-1,162,-1,161
1,<environment.Job instance at 0x7f9139883320>,52,19,[1 9],53,-1,185,-1,166
1,<environment.Job instance at 0x7f9139883c80>,53,16,[2 9],54,-1,182,-1,166
1,<environment.Job instance at 0x7f9139883230>,54,3,[4 5],55,-1,169,-1,166
1,<environment.Job instance at 0x7f91398833c0>,56,3,[8 1],57,-1,182,-1,179
1,<environment.Job instance at 0x7f9139883f00>,57,13,[ 4 12],58,-1,192,-1,179
1,<environment.Job instance at 0x7f91398834b0>,58,3,[13  3],59,-1,182,-1,179
1,<environment.Job instance at 0x7f91389f0a00>,10,24,[13  4],11,-1,35,-1,11
1,<environment.Job instance at 0x7f91389f01e0>,11,18,[ 2 13],12,-1,30,-1,12
1,<environment.Job instance at 0x7f91389f0dc0>,12,27,[ 5 10],13,-1,40,-1,13
1,<environment.Job instance at 0x7f91389f0640>,16,21,[ 5 11],17,-1,39,-1,18
1,<environment.Job instance at 0x7f91389f02d0>,18,27,[4 9],19,-1,50,-1,23
1,<environment.Job instance at 0x7f91389f0140>,19,20,[12  4],20,-1,43,-1,23
1,<environment.Job instance at 0x7f91389f0be0>,30,12,[ 4 11],31,-1,119,-1,107
1,<environment.Job instance at 0x7f9138c06870>,33,3,[ 3 11],34,-1,122,-1,119
1,<environment.Job instance at 0x7f9138c060a0>,37,24,[ 1 14],38,-1,159,-1,135
1,<environment.Job instance at 0x7f9138c067d0>,38,14,[ 1 11],39,-1,149,-1,135
1,<environment.Job instance at 0x7f9138c06640>,39,25,[6 2],40,-1,161,-1,136
1,<environment.Job instance at 0x7f9138c06c80>,40,14,[13  2],41,-1,150,-1,136
1,<environment.Job instance at 0x7f9138c06be0>,44,2,[ 4 11],45,-1,171,-1,169
1,<environment.Job instance at 0x7f9138c06f00>,48,1,[ 3 11],49,-1,189,-1,188
1,<environment.Job instance at 0x7f9138c06f00>,2,17,[ 2 11],3,-1,20,-1,3
1,<environment.Job instance at 0x7f9139f1d550>,3,27,[6 2],4,-1,31,-1,4
1,<environment.Job instance at 0x7f9139f1d1e0>,4,14,[ 2 11],5,-1,19,-1,5
1,<environment.Job instance at 0x7f9139f1d0f0>,5,12,[ 2 13],6,-1,18,-1,6
1,<environment.Job instance at 0x7f9139f1d7d0>,6,24,[10  3],7,-1,31,-1,7
1,<environment.Job instance at 0x7f9142683370>,16,16,[12  2],17,-1,44,-1,28
1,<environment.Job instance at 0x7f9142683c80>,17,22,[9 4],18,-1,71,-1,49
1,<environment.Job instance at 0x7f913a031a50>,21,1,[7 2],22,-1,50,-1,49
1,<environment.Job instance at 0x7f913a0313c0>,22,13,[14  1],23,-1,62,-1,49
1,<environment.Job instance at 0x7f913a031dc0>,23,20,[ 4 10],24,-1,71,-1,51
1,<environment.Job instance at 0x7f9138f188c0>,35,23,[6 3],36,-1,144,-1,121
1,<environment.Job instance at 0x7f91392fb910>,36,22,[12  3],37,-1,143,-1,121
1,<environment.Job instance at 0x7f91399ecc30>,37,2,[8 5],38,-1,123,-1,121
1,<environment.Job instance at 0x7f91392fbc30>,38,1,[11  5],39,-1,122,-1,121
1,<environment.Job instance at 0x7f9139905410>,39,25,[ 3 10],40,-1,146,-1,121
1,<environment.Job instance at 0x7f9139706c30>,40,21,[6 1],41,-1,142,-1,121
1,<environment.Job instance at 0x7f913930ff50>,44,28,[8 5],45,-1,171,-1,143
1,<environment.Job instance at 0x7f9139ff7e10>,46,16,[ 5 10],47,-1,161,-1,145
1,<environment.Job instance at 0x7f91426af780>,47,13,[5 8],48,-1,158,-1,145
1,<environment.Job instance at 0x7f9139ff7500>,48,3,[3 8],49,-1,148,-1,145
1,<environment.Job instance at 0x7f9139729960>,49,13,[9 1],50,-1,158,-1,145
1,<environment.Job instance at 0x7f9139f04640>,50,23,[ 2 11],51,-1,168,-1,145
1,<environment.Job instance at 0x7f91397296e0>,51,28,[5 5],52,-1,173,-1,145
1,<environment.Job instance at 0x7f9139729c80>,52,14,[ 4 12],53,-1,159,-1,145
1,<environment.Job instance at 0x7f9139729aa0>,53,2,[5 5],54,-1,147,-1,145
1,<environment.Job instance at 0x7f91397299b0>,54,14,[14  5],55,-1,159,-1,145
