iteration,job object,job ID,job Length,job ressource requirement,job enter time,job start time,job finish time,job waiting time,current time
1,<environment.Job instance at 0x146fce879f00>,2,1,[2 5],3,7,8,4,7
1,<environment.Job instance at 0x146fcf44a8c0>,3,1,[6 2],4,7,8,3,7
1,<environment.Job instance at 0x146fce7e0b90>,4,2,[7 2],5,8,10,3,8
1,<environment.Job instance at 0x146fce7e0a50>,7,1,[2 6],8,9,10,1,9
1,<environment.Job instance at 0x146fce7a98c0>,0,2,[6 1],1,3,5,2,3
1,<environment.Job instance at 0x146fce6f0730>,3,3,[1 8],4,9,12,5,9
1,<environment.Job instance at 0x146fcdeab500>,4,2,[8 1],7,11,13,4,11
1,<environment.Job instance at 0x146fcdeab280>,2,2,[10  1],5,5,7,0,5
1,<environment.Job instance at 0x146fcd27cc30>,5,3,[6 1],9,10,13,1,10
1,<environment.Job instance at 0x146fce7721e0>,1,12,[ 1 10],2,2,14,0,2
1,<environment.Job instance at 0x146fcd2326e0>,0,2,[8 1],1,14,16,13,3
1,<environment.Job instance at 0x146fcd232690>,3,1,[2 7],5,14,15,9,6
1,<environment.Job instance at 0x146fcc5fa960>,5,2,[2 7],7,15,17,8,7
1,<environment.Job instance at 0x146fcc5f5780>,0,3,[9 2],1,14,17,13,14
1,<environment.Job instance at 0x146fcec5c140>,1,3,[1 9],2,2,5,0,2
1,<environment.Job instance at 0x146fceaaef50>,3,1,[6 2],4,6,7,2,6
1,<environment.Job instance at 0x146fcec5c8c0>,0,12,[2 5],1,6,18,5,6
1,<environment.Job instance at 0x146f96f9aa00>,7,1,[2 6],8,18,19,10,8
1,<environment.Job instance at 0x146fcec5c410>,2,1,[2 5],3,9,10,6,9
1,<environment.Job instance at 0x146f96f9a5f0>,1,13,[2 8],2,4,17,2,4
1,<environment.Job instance at 0x146f96f9ce60>,0,2,[6 1],1,6,8,5,6
1,<environment.Job instance at 0x146f962fcd20>,4,2,[8 1],7,10,12,3,10
1,<environment.Job instance at 0x146f962fcc80>,5,2,[ 1 10],8,17,19,9,10
1,<environment.Job instance at 0x146f9652be10>,2,2,[10  1],5,5,7,0,5
1,<environment.Job instance at 0x146f9652bbe0>,5,3,[6 1],9,10,13,1,10
1,<environment.Job instance at 0x146f96579e10>,0,2,[8 1],1,2,4,1,2
1,<environment.Job instance at 0x146f96527eb0>,1,12,[ 1 10],2,5,17,3,5
1,<environment.Job instance at 0x146f964bd0f0>,5,2,[2 7],7,17,19,10,7
1,<environment.Job instance at 0x146fcdceafa0>,2,1,[2 7],3,15,16,12,15
1,<environment.Job instance at 0x146fcee2e460>,0,12,[2 5],1,2,14,1,2
1,<environment.Job instance at 0x146fcee2ec80>,3,1,[6 2],4,5,6,1,5
1,<environment.Job instance at 0x146f954db320>,4,2,[7 2],5,6,8,1,6
1,<environment.Job instance at 0x146fcde87230>,1,3,[1 9],2,14,17,12,6
1,<environment.Job instance at 0x146f954db6e0>,7,1,[2 6],8,17,18,9,8
1,<environment.Job instance at 0x146f954c9960>,0,2,[6 1],1,2,4,1,2
1,<environment.Job instance at 0x146f954c9820>,2,3,[1 8],3,5,8,2,5
1,<environment.Job instance at 0x146f9602b730>,4,2,[8 1],7,10,12,3,10
1,<environment.Job instance at 0x146f954db500>,3,3,[1 8],4,10,13,6,10
1,<environment.Job instance at 0x146f9682cdc0>,2,2,[10  1],5,5,7,0,5
1,<environment.Job instance at 0x146f9602be10>,0,1,[2 5],1,14,15,13,14
1,<environment.Job instance at 0x146f96252500>,0,2,[8 1],1,1,3,0,1
1,<environment.Job instance at 0x146fcc2167d0>,5,2,[2 7],7,8,10,1,8
1,<environment.Job instance at 0x146fcc216410>,6,16,[10  2],9,10,26,1,10
1,<environment.Job instance at 0x146fcc464550>,0,3,[9 2],1,2,5,1,2
1,<environment.Job instance at 0x146fcc464870>,2,1,[2 7],3,5,6,2,4
1,<environment.Job instance at 0x146fcdbdf780>,5,3,[10  2],8,9,12,1,9
1,<environment.Job instance at 0x146fce3153c0>,0,12,[2 5],1,2,14,1,2
1,<environment.Job instance at 0x146fcc8ebd20>,3,1,[6 2],4,5,6,1,5
1,<environment.Job instance at 0x146f94f700f0>,4,2,[7 2],5,6,8,1,6
1,<environment.Job instance at 0x146fce315a00>,1,3,[1 9],2,14,17,12,6
1,<environment.Job instance at 0x146f953efc30>,7,1,[2 6],8,17,18,9,8
1,<environment.Job instance at 0x146fcccae690>,8,13,[6 1],9,10,23,1,10
1,<environment.Job instance at 0x146f952f33c0>,0,2,[6 1],1,4,6,3,4
1,<environment.Job instance at 0x146f95000d20>,1,13,[2 8],2,8,21,6,8
1,<environment.Job instance at 0x146fced27370>,2,3,[1 8],3,21,24,18,8
1,<environment.Job instance at 0x146f95000f00>,4,2,[8 1],7,10,12,3,10
1,<environment.Job instance at 0x146f96f025a0>,2,2,[10  1],5,5,7,0,5
1,<environment.Job instance at 0x146f961032d0>,5,3,[6 1],9,10,13,1,10
1,<environment.Job instance at 0x146f9673e7d0>,0,2,[8 1],1,2,4,1,2
1,<environment.Job instance at 0x146f96103870>,1,12,[ 1 10],2,4,16,2,2
1,<environment.Job instance at 0x146fcdbb5460>,2,2,[2 8],4,16,18,12,6
1,<environment.Job instance at 0x146fcf4bac30>,6,16,[10  2],9,18,34,9,9
1,<environment.Job instance at 0x146fcec7c0f0>,2,1,[2 7],3,7,8,4,7
1,<environment.Job instance at 0x146fd26d25f0>,0,12,[2 5],1,2,14,1,2
1,<environment.Job instance at 0x146fce2d9c30>,3,1,[6 2],4,5,6,1,5
1,<environment.Job instance at 0x146f95255cd0>,4,2,[7 2],5,6,8,1,6
1,<environment.Job instance at 0x146f94087780>,1,3,[1 9],2,14,17,12,6
1,<environment.Job instance at 0x146f952de1e0>,7,1,[2 6],8,17,18,9,8
1,<environment.Job instance at 0x146f952de500>,8,13,[6 1],9,10,23,1,10
1,<environment.Job instance at 0x146fcc887410>,0,2,[6 1],1,4,6,3,4
1,<environment.Job instance at 0x146fcc887370>,3,3,[1 8],4,6,9,2,6
1,<environment.Job instance at 0x146f952551e0>,1,13,[2 8],2,9,22,7,7
1,<environment.Job instance at 0x146fcc8875a0>,4,2,[8 1],7,11,13,4,11
1,<environment.Job instance at 0x146f952550a0>,5,2,[ 1 10],8,22,24,14,11
1,<environment.Job instance at 0x146fcd3196e0>,2,2,[10  1],5,5,7,0,5
1,<environment.Job instance at 0x146f9638a320>,5,3,[6 1],9,10,13,1,10
1,<environment.Job instance at 0x146fcc973be0>,0,2,[8 1],1,2,4,1,2
1,<environment.Job instance at 0x146fcd3193c0>,1,12,[ 1 10],2,4,16,2,2
1,<environment.Job instance at 0x146f9638aaf0>,2,2,[2 8],4,16,18,12,6
1,<environment.Job instance at 0x146fce9d21e0>,2,1,[2 7],3,3,4,0,3
1,<environment.Job instance at 0x146fce8028c0>,1,3,[2 9],2,7,10,5,7
1,<environment.Job instance at 0x146f96bcf960>,4,2,[7 2],5,6,8,1,6
1,<environment.Job instance at 0x146fcc79b780>,1,3,[1 9],2,8,11,6,6
1,<environment.Job instance at 0x146fcc79b4b0>,3,1,[6 2],4,11,12,7,6
1,<environment.Job instance at 0x146f96df2f00>,7,1,[2 6],8,11,12,3,8
1,<environment.Job instance at 0x146f96df2320>,8,13,[6 1],9,12,25,3,10
1,<environment.Job instance at 0x146f94f7c410>,0,2,[6 1],1,4,6,3,4
1,<environment.Job instance at 0x146fcccb9690>,4,2,[8 1],7,10,12,3,10
1,<environment.Job instance at 0x146f94f7c870>,5,2,[ 1 10],8,12,14,4,11
1,<environment.Job instance at 0x146f97286550>,2,2,[10  1],5,5,7,0,5
1,<environment.Job instance at 0x146f95964c80>,3,3,[6 2],6,10,13,4,10
1,<environment.Job instance at 0x146f94d5af00>,0,2,[8 1],1,3,5,2,3
1,<environment.Job instance at 0x146fcccb9b90>,1,12,[ 1 10],2,5,17,3,4
1,<environment.Job instance at 0x146f94d5aaf0>,2,2,[2 8],4,17,19,13,4
1,<environment.Job instance at 0x146f96d11c80>,3,1,[2 7],5,19,20,14,6
1,<environment.Job instance at 0x146fcd04f550>,1,3,[2 9],2,3,6,1,3
1,<environment.Job instance at 0x146f95748730>,2,1,[2 5],3,7,8,4,7
1,<environment.Job instance at 0x146f956e38c0>,3,1,[6 2],4,7,8,3,7
1,<environment.Job instance at 0x146f971a3190>,8,13,[6 1],9,9,22,0,9
1,<environment.Job instance at 0x146fcdda7aa0>,1,13,[2 8],2,5,18,3,5
1,<environment.Job instance at 0x146f95f48b40>,5,2,[ 1 10],8,18,20,10,15
1,<environment.Job instance at 0x146fce645d70>,2,2,[10  1],5,5,7,0,5
1,<environment.Job instance at 0x146fccf5caa0>,6,16,[10  2],9,11,27,2,11
1,<environment.Job instance at 0x146fcd6a06e0>,2,1,[2 7],3,4,5,1,4
1,<environment.Job instance at 0x146f95f5f4b0>,3,1,[6 2],4,6,7,2,6
1,<environment.Job instance at 0x146f94c43eb0>,4,2,[7 2],5,7,9,2,6
1,<environment.Job instance at 0x146f94c438c0>,7,1,[2 6],8,8,9,0,8
1,<environment.Job instance at 0x146f94c43500>,5,3,[9 2],6,9,12,3,9
1,<environment.Job instance at 0x146f94c430f0>,8,13,[6 1],9,12,25,3,9
1,<environment.Job instance at 0x146f952072d0>,1,13,[2 8],2,6,19,4,6
1,<environment.Job instance at 0x146f95207690>,4,2,[8 1],7,10,12,3,10
1,<environment.Job instance at 0x146fcc4b6460>,5,2,[ 1 10],8,19,21,11,10
1,<environment.Job instance at 0x146fcc7c50f0>,2,2,[10  1],5,5,7,0,5
1,<environment.Job instance at 0x146f95e65460>,5,3,[6 1],9,10,13,1,10
1,<environment.Job instance at 0x146fcc53a320>,0,2,[8 1],1,3,5,2,3
1,<environment.Job instance at 0x146fcc4b6d20>,1,12,[ 1 10],2,5,17,3,4
1,<environment.Job instance at 0x146f95b7c0a0>,2,2,[2 8],4,17,19,13,6
1,<environment.Job instance at 0x146f963640f0>,5,3,[10  2],8,16,19,8,16
1,<environment.Job instance at 0x146f94971d70>,3,1,[6 2],4,6,7,2,6
1,<environment.Job instance at 0x146f940eda00>,4,2,[7 2],5,7,9,2,6
1,<environment.Job instance at 0x146f94fd7320>,7,1,[2 6],8,8,9,0,8
1,<environment.Job instance at 0x146f940ed8c0>,5,3,[9 2],6,9,12,3,9
1,<environment.Job instance at 0x146f94fd70f0>,8,13,[6 1],9,12,25,3,9
1,<environment.Job instance at 0x146f94fd7eb0>,1,13,[2 8],2,2,15,0,2
1,<environment.Job instance at 0x146f94efb5a0>,3,3,[1 8],4,15,18,11,8
1,<environment.Job instance at 0x146f96103eb0>,4,2,[8 1],7,9,11,2,9
1,<environment.Job instance at 0x146f9579d230>,2,2,[10  1],5,5,7,0,5
1,<environment.Job instance at 0x146fceb5ad20>,5,3,[6 1],9,10,13,1,10
1,<environment.Job instance at 0x146f94d72c80>,0,2,[8 1],1,3,5,2,3
1,<environment.Job instance at 0x146f94d72140>,2,2,[2 8],4,4,6,0,4
1,<environment.Job instance at 0x146f94d72550>,1,12,[ 1 10],2,6,18,4,5
1,<environment.Job instance at 0x146f94d72320>,4,2,[2 7],6,18,20,12,6
1,<environment.Job instance at 0x146f94d72690>,5,2,[2 7],7,20,22,13,7
1,<environment.Job instance at 0x146f94d72190>,6,16,[10  2],9,22,38,13,17
1,<environment.Job instance at 0x146f96a7e780>,1,3,[2 9],2,12,15,10,12
1,<environment.Job instance at 0x146f972b7640>,4,2,[7 2],5,6,8,1,6
1,<environment.Job instance at 0x146f972b7c80>,3,1,[6 2],4,8,9,4,6
1,<environment.Job instance at 0x146f972b71e0>,7,1,[2 6],8,8,9,0,8
1,<environment.Job instance at 0x146fcc2e4960>,8,13,[6 1],9,10,23,1,10
1,<environment.Job instance at 0x146f972b7370>,1,13,[2 8],2,2,15,0,2
1,<environment.Job instance at 0x146f94be1c30>,0,2,[6 1],1,2,4,1,2
1,<environment.Job instance at 0x146fcc173cd0>,3,3,[1 8],4,15,18,11,4
1,<environment.Job instance at 0x146fcc173be0>,4,2,[8 1],7,9,11,2,9
1,<environment.Job instance at 0x146fce56a050>,2,2,[10  1],5,5,7,0,5
1,<environment.Job instance at 0x146fc80b0320>,5,3,[6 1],9,11,14,2,11
1,<environment.Job instance at 0x146fce56aa00>,1,12,[ 1 10],2,2,14,0,2
1,<environment.Job instance at 0x146fcc3a7690>,3,1,[2 7],5,14,15,9,5
1,<environment.Job instance at 0x146fce11edc0>,2,2,[2 8],4,15,17,11,5
1,<environment.Job instance at 0x146fce11ebe0>,5,2,[2 7],7,17,19,10,7
1,<environment.Job instance at 0x146f95285b90>,4,2,[1 8],5,22,24,17,22
1,<environment.Job instance at 0x146f83927500>,4,2,[7 2],5,6,8,1,6
1,<environment.Job instance at 0x146f839277d0>,7,1,[2 6],8,8,9,0,8
1,<environment.Job instance at 0x146f83927280>,5,3,[9 2],6,11,14,5,11
1,<environment.Job instance at 0x146f8391a910>,3,3,[1 8],4,4,7,0,4
1,<environment.Job instance at 0x146f839270f0>,1,13,[2 8],2,13,26,11,13
1,<environment.Job instance at 0x146f958d7690>,2,2,[10  1],5,7,9,2,7
1,<environment.Job instance at 0x146fcd2f2a00>,5,3,[6 1],9,9,12,0,9
1,<environment.Job instance at 0x146f940a3d20>,0,2,[8 1],1,2,4,1,2
1,<environment.Job instance at 0x146f954fbd70>,5,2,[2 7],7,7,9,0,7
1,<environment.Job instance at 0x146f8391a8c0>,1,3,[2 9],2,4,7,2,4
1,<environment.Job instance at 0x146f944d3370>,4,2,[1 8],5,7,9,2,5
1,<environment.Job instance at 0x146f97096410>,1,3,[1 9],2,6,9,4,6
1,<environment.Job instance at 0x146f96755820>,4,2,[7 2],5,9,11,4,6
1,<environment.Job instance at 0x146f96f3f500>,7,1,[2 6],8,9,10,1,8
1,<environment.Job instance at 0x146f9455c5a0>,5,3,[9 2],6,11,14,5,9
1,<environment.Job instance at 0x146f836d9870>,8,13,[6 1],9,14,27,5,9
1,<environment.Job instance at 0x146f9591adc0>,3,3,[1 8],4,4,7,0,4
1,<environment.Job instance at 0x146fccb02910>,1,13,[2 8],2,56,69,54,56
1,<environment.Job instance at 0x146f96439370>,2,2,[10  1],5,6,8,1,6
1,<environment.Job instance at 0x146f9541e550>,3,3,[6 2],6,8,11,2,6
1,<environment.Job instance at 0x146fcf26f320>,1,17,[6 1],3,11,28,8,8
1,<environment.Job instance at 0x146f836be690>,2,2,[2 8],4,6,8,2,6
1,<environment.Job instance at 0x146f836beaa0>,6,16,[10  2],9,9,25,0,9
1,<environment.Job instance at 0x146f836be870>,4,2,[2 7],6,25,27,19,15
1,<environment.Job instance at 0x146f83c624b0>,4,2,[1 8],5,6,8,1,6
1,<environment.Job instance at 0x146fcc3df4b0>,5,3,[9 2],6,6,9,0,6
1,<environment.Job instance at 0x146fcef95410>,4,2,[7 2],5,9,11,4,6
1,<environment.Job instance at 0x146fcef95230>,3,1,[6 2],4,11,12,7,8
1,<environment.Job instance at 0x146f97128e60>,8,13,[6 1],9,12,25,3,9
1,<environment.Job instance at 0x146fce367a50>,0,2,[6 1],1,2,4,1,2
1,<environment.Job instance at 0x146fcc744d70>,2,3,[1 8],3,3,6,0,3
1,<environment.Job instance at 0x146fce3674b0>,1,13,[2 8],2,6,19,4,4
1,<environment.Job instance at 0x146fcd3a7b40>,3,3,[1 8],4,19,22,15,4
1,<environment.Job instance at 0x146fcddc2b40>,4,2,[8 1],7,8,10,1,8
1,<environment.Job instance at 0x146fccc35910>,5,2,[ 1 10],8,22,24,14,10
1,<environment.Job instance at 0x146fcea66730>,2,2,[10  1],5,5,7,0,5
1,<environment.Job instance at 0x146fce803cd0>,3,3,[6 2],6,9,12,3,9
1,<environment.Job instance at 0x146f95e73be0>,2,2,[2 8],4,4,6,0,4
1,<environment.Job instance at 0x146f9536d2d0>,3,1,[2 7],5,6,7,1,5
1,<environment.Job instance at 0x146fce8033c0>,1,12,[ 1 10],2,7,19,5,5
1,<environment.Job instance at 0x146f83d085f0>,4,2,[2 7],6,19,21,13,7
1,<environment.Job instance at 0x146f83b4e640>,4,2,[1 8],5,6,8,1,6
1,<environment.Job instance at 0x146f96b8ecd0>,5,3,[9 2],6,6,9,0,6
1,<environment.Job instance at 0x146f96b8e0f0>,4,2,[7 2],5,9,11,4,6
1,<environment.Job instance at 0x146f96b8ea50>,7,1,[2 6],8,9,10,1,8
1,<environment.Job instance at 0x146f96b8e3c0>,8,13,[6 1],9,11,24,2,9
1,<environment.Job instance at 0x146f94f5e280>,0,2,[6 1],1,2,4,1,2
1,<environment.Job instance at 0x146f94f5e730>,1,13,[2 8],2,4,17,2,4
1,<environment.Job instance at 0x146f837b05a0>,3,3,[1 8],4,17,20,13,4
1,<environment.Job instance at 0x146f837b0c80>,4,2,[8 1],7,10,12,3,10
1,<environment.Job instance at 0x146f966c60f0>,2,2,[10  1],5,5,7,0,5
1,<environment.Job instance at 0x146f944e6f50>,3,3,[6 2],6,9,12,3,9
1,<environment.Job instance at 0x146f944f8140>,2,2,[2 8],4,4,6,0,4
1,<environment.Job instance at 0x146fcc53beb0>,3,1,[2 7],5,6,7,1,5
1,<environment.Job instance at 0x146f966c6780>,1,12,[ 1 10],2,7,19,5,5
1,<environment.Job instance at 0x146fcf786280>,4,2,[2 7],6,19,21,13,7
1,<environment.Job instance at 0x146fce556410>,4,2,[1 8],5,6,8,1,6
1,<environment.Job instance at 0x146fce4d7640>,5,3,[9 2],6,6,9,0,6
1,<environment.Job instance at 0x146fce4d7eb0>,8,13,[6 1],9,9,22,0,9
1,<environment.Job instance at 0x146f956f7e10>,3,1,[6 2],4,22,23,18,10
1,<environment.Job instance at 0x146f83c545f0>,0,2,[6 1],1,2,4,1,2
1,<environment.Job instance at 0x146fce1654b0>,1,13,[2 8],2,4,17,2,4
1,<environment.Job instance at 0x146f9527f460>,3,3,[1 8],4,17,20,13,4
1,<environment.Job instance at 0x146f968ca0a0>,4,2,[8 1],7,10,12,3,10
1,<environment.Job instance at 0x146fce3ad280>,2,2,[10  1],5,5,7,0,5
1,<environment.Job instance at 0x146f83c54910>,3,3,[6 2],6,9,12,3,9
1,<environment.Job instance at 0x146f83173c30>,4,2,[2 7],6,7,9,1,7
1,<environment.Job instance at 0x146f831738c0>,5,2,[2 7],7,9,11,2,7
1,<environment.Job instance at 0x146f83ba8af0>,4,2,[1 8],5,7,9,2,7
1,<environment.Job instance at 0x146f83ba8640>,5,3,[10  2],8,12,15,4,12
1,<environment.Job instance at 0x146fcedcf0a0>,5,3,[9 2],6,6,9,0,6
1,<environment.Job instance at 0x146fce3b60f0>,7,1,[2 6],8,9,10,1,8
1,<environment.Job instance at 0x146fce3b64b0>,8,13,[6 1],9,9,22,0,9
1,<environment.Job instance at 0x146fcd4a52d0>,3,3,[1 8],4,4,7,0,4
1,<environment.Job instance at 0x146f941fcaf0>,1,13,[2 8],2,13,26,11,13
1,<environment.Job instance at 0x146fcd997730>,5,3,[6 1],9,9,12,0,9
1,<environment.Job instance at 0x146f9662cdc0>,3,3,[6 2],6,12,15,6,9
1,<environment.Job instance at 0x146fcdaec1e0>,3,1,[2 7],5,5,6,0,5
1,<environment.Job instance at 0x146fcc887e60>,5,3,[9 2],6,6,9,0,6
1,<environment.Job instance at 0x146fc8046870>,8,13,[6 1],9,9,22,0,9
1,<environment.Job instance at 0x146f960f9460>,3,1,[6 2],4,22,23,18,10
1,<environment.Job instance at 0x146fcc887f00>,7,1,[2 6],8,24,25,16,24
1,<environment.Job instance at 0x146f83530e60>,1,13,[2 8],2,4,17,2,4
1,<environment.Job instance at 0x146f83530c30>,2,3,[1 8],3,17,20,14,8
1,<environment.Job instance at 0x146f83530500>,4,2,[8 1],7,10,12,3,10
1,<environment.Job instance at 0x146fcef47460>,2,2,[10  1],5,5,7,0,5
1,<environment.Job instance at 0x146f9689ea00>,3,3,[6 2],6,9,12,3,9
1,<environment.Job instance at 0x146f96434d70>,6,16,[10  2],9,17,33,8,17
1,<environment.Job instance at 0x146f94741dc0>,0,3,[9 2],1,1,4,0,1
1,<environment.Job instance at 0x146f94741a00>,2,1,[2 7],3,15,16,12,15
1,<environment.Job instance at 0x146f83ddff00>,5,3,[9 2],6,6,9,0,6
1,<environment.Job instance at 0x146f83ddfcd0>,8,13,[6 1],9,9,22,0,9
1,<environment.Job instance at 0x146f8386ee10>,3,1,[6 2],4,22,23,18,10
1,<environment.Job instance at 0x146f83ddf8c0>,7,1,[2 6],8,24,25,16,24
1,<environment.Job instance at 0x146f82e11b90>,1,13,[2 8],2,4,17,2,4
1,<environment.Job instance at 0x146f83a6dc30>,5,2,[ 1 10],8,17,19,9,8
1,<environment.Job instance at 0x146fce4d62d0>,2,2,[10  1],5,5,7,0,5
1,<environment.Job instance at 0x146fcdc05910>,3,3,[6 2],6,9,12,3,9
1,<environment.Job instance at 0x146f94a26050>,6,16,[10  2],9,15,31,6,15
1,<environment.Job instance at 0x146f95f95370>,4,2,[1 8],5,9,11,4,9
1,<environment.Job instance at 0x146f9609ec30>,1,3,[1 9],2,6,9,4,6
1,<environment.Job instance at 0x146fce0da370>,5,3,[9 2],6,9,12,3,6
1,<environment.Job instance at 0x146f82e19e10>,4,2,[7 2],5,12,14,7,8
1,<environment.Job instance at 0x146f95e879b0>,8,13,[6 1],9,14,27,5,9
1,<environment.Job instance at 0x146f96d66b40>,5,2,[ 1 10],8,8,10,0,8
1,<environment.Job instance at 0x146fcd2b2c80>,0,1,[2 5],1,5,6,4,5
1,<environment.Job instance at 0x146fcd2b2140>,3,3,[6 2],6,6,9,0,6
1,<environment.Job instance at 0x146fccaa3410>,5,3,[6 1],9,9,12,0,9
1,<environment.Job instance at 0x146f962227d0>,2,1,[2 7],3,3,4,0,3
1,<environment.Job instance at 0x146f82fd2960>,4,2,[7 2],5,6,8,1,6
1,<environment.Job instance at 0x146f82f43fa0>,7,1,[2 6],8,8,9,0,8
1,<environment.Job instance at 0x146f83561320>,8,13,[6 1],9,10,23,1,10
1,<environment.Job instance at 0x146f953efcd0>,0,2,[6 1],1,2,4,1,2
1,<environment.Job instance at 0x146fcd82b820>,3,3,[1 8],4,4,7,0,4
1,<environment.Job instance at 0x146f943fd140>,5,2,[ 1 10],8,9,11,1,9
1,<environment.Job instance at 0x146f96675af0>,3,3,[6 2],6,8,11,2,8
1,<environment.Job instance at 0x146f95cc2af0>,1,12,[ 1 10],2,5,17,3,5
1,<environment.Job instance at 0x146f95cc27d0>,1,3,[2 9],2,2,5,0,2
1,<environment.Job instance at 0x146fcec8c5a0>,2,1,[2 7],3,7,8,4,7
1,<environment.Job instance at 0x146f83341a50>,5,3,[10  2],8,9,12,1,9
1,<environment.Job instance at 0x146f82752370>,4,2,[7 2],5,6,8,1,6
1,<environment.Job instance at 0x146f827526e0>,7,1,[2 6],8,8,9,0,8
1,<environment.Job instance at 0x146f827521e0>,5,3,[9 2],6,9,12,3,9
1,<environment.Job instance at 0x146f82752550>,8,13,[6 1],9,12,25,3,9
1,<environment.Job instance at 0x146f827548c0>,1,13,[2 8],2,4,17,2,4
1,<environment.Job instance at 0x146fcf17eaa0>,5,2,[ 1 10],8,17,19,9,8
1,<environment.Job instance at 0x146f968af460>,3,3,[6 2],6,8,11,2,8
1,<environment.Job instance at 0x146f83298c80>,2,2,[10  1],5,11,13,6,9
1,<environment.Job instance at 0x146f836fbbe0>,1,12,[ 1 10],2,5,17,3,5
1,<environment.Job instance at 0x146fce1f7d70>,1,3,[2 9],2,2,5,0,2
1,<environment.Job instance at 0x146f969092d0>,2,1,[2 7],3,7,8,4,7
1,<environment.Job instance at 0x146f96909870>,5,3,[10  2],8,9,12,1,9
1,<environment.Job instance at 0x146f9727e280>,4,2,[7 2],5,6,8,1,6
1,<environment.Job instance at 0x146f9727e5f0>,7,1,[2 6],8,8,9,0,8
1,<environment.Job instance at 0x146f9727edc0>,5,3,[9 2],6,9,12,3,9
1,<environment.Job instance at 0x146f96bb53c0>,8,13,[6 1],9,19,32,10,19
1,<environment.Job instance at 0x146f827e4500>,1,13,[2 8],2,26,39,24,26
1,<environment.Job instance at 0x146f96e28f00>,5,3,[6 1],9,12,15,3,12
1,<environment.Job instance at 0x146fcdda4d70>,0,3,[9 2],1,1,4,0,1
1,<environment.Job instance at 0x146fcdda45a0>,2,1,[2 7],3,4,5,1,3
1,<environment.Job instance at 0x146fce29a140>,1,3,[2 9],2,5,8,3,3
1,<environment.Job instance at 0x146f819e8280>,4,2,[1 8],5,8,10,3,5
1,<environment.Job instance at 0x146f819e8f50>,5,3,[10  2],8,10,13,2,8
1,<environment.Job instance at 0x146f950a3820>,5,3,[9 2],6,6,9,0,6
1,<environment.Job instance at 0x146fce2ed2d0>,6,18,[8 1],7,9,27,2,8
1,<environment.Job instance at 0x146f83d65d70>,8,13,[6 1],9,27,40,18,19
1,<environment.Job instance at 0x146f81751550>,1,13,[2 8],2,2,15,0,2
1,<environment.Job instance at 0x146fcc419730>,4,2,[8 1],7,7,9,0,7
1,<environment.Job instance at 0x146fcc4190f0>,5,2,[ 1 10],8,15,17,7,11
1,<environment.Job instance at 0x146f95440e60>,2,2,[10  1],5,5,7,0,5
1,<environment.Job instance at 0x146f971e4960>,1,12,[ 1 10],2,9,21,7,9
1,<environment.Job instance at 0x146f948ef140>,5,3,[10  2],8,8,11,0,8
1,<environment.Job instance at 0x146fcdf8d3c0>,5,3,[9 2],6,6,9,0,6
1,<environment.Job instance at 0x146f835b1370>,6,18,[8 1],7,9,27,2,8
1,<environment.Job instance at 0x146f83127c80>,8,13,[6 1],9,27,40,18,19
1,<environment.Job instance at 0x146f82a25d70>,1,13,[2 8],2,2,15,0,2
1,<environment.Job instance at 0x146fcc350140>,4,2,[8 1],7,7,9,0,7
1,<environment.Job instance at 0x146fcc3ee460>,5,2,[ 1 10],8,15,17,7,11
1,<environment.Job instance at 0x146f83d46af0>,2,2,[10  1],5,5,7,0,5
1,<environment.Job instance at 0x146f8266d500>,1,12,[ 1 10],2,14,26,12,14
1,<environment.Job instance at 0x146f954f6370>,2,1,[2 7],3,8,9,5,8
1,<environment.Job instance at 0x146fcde750f0>,3,1,[6 2],4,4,5,0,4
1,<environment.Job instance at 0x146f96b7b910>,4,2,[7 2],5,6,8,1,6
1,<environment.Job instance at 0x146f944ba820>,6,18,[8 1],7,8,26,1,8
1,<environment.Job instance at 0x146f8270b8c0>,7,1,[2 6],8,17,18,9,17
1,<environment.Job instance at 0x146fcd3c4410>,0,2,[6 1],1,1,3,0,1
1,<environment.Job instance at 0x146fcd57b370>,3,3,[1 8],4,4,7,0,4
1,<environment.Job instance at 0x146fcd3c4460>,4,2,[8 1],7,8,10,1,8
1,<environment.Job instance at 0x146fcd57b5a0>,5,2,[ 1 10],8,10,12,2,9
1,<environment.Job instance at 0x146fcce932d0>,2,2,[10  1],5,5,7,0,5
1,<environment.Job instance at 0x146f835f7fa0>,3,3,[6 2],6,11,14,5,11
1,<environment.Job instance at 0x146f972075f0>,4,2,[2 7],6,6,8,0,6
1,<environment.Job instance at 0x146f97207500>,5,2,[2 7],7,8,10,1,7
1,<environment.Job instance at 0x146fce4b1280>,3,1,[2 7],5,10,11,5,7
1,<environment.Job instance at 0x146f972070f0>,0,3,[9 2],1,1,4,0,1
1,<environment.Job instance at 0x146f82af8780>,2,1,[2 7],3,7,8,4,7
1,<environment.Job instance at 0x146f9699e9b0>,5,3,[10  2],8,10,13,2,10
1,<environment.Job instance at 0x146fcda0ca00>,3,1,[6 2],4,4,5,0,4
1,<environment.Job instance at 0x146fcda0cf00>,4,2,[7 2],5,6,8,1,6
1,<environment.Job instance at 0x146f970efaf0>,5,3,[9 2],6,8,11,2,8
1,<environment.Job instance at 0x146fcda0c730>,8,13,[6 1],9,11,24,2,10
1,<environment.Job instance at 0x146f957a2fa0>,0,2,[6 1],1,1,3,0,1
1,<environment.Job instance at 0x146f812e2460>,3,3,[1 8],4,4,7,0,4
1,<environment.Job instance at 0x146f957a2370>,4,2,[8 1],7,8,10,1,8
1,<environment.Job instance at 0x146f812e26e0>,5,2,[ 1 10],8,10,12,2,9
1,<environment.Job instance at 0x146f812e2be0>,2,2,[10  1],5,5,7,0,5
1,<environment.Job instance at 0x146f944b5fa0>,3,3,[6 2],6,11,14,5,11
1,<environment.Job instance at 0x146fceb365a0>,0,2,[8 1],1,1,3,0,1
1,<environment.Job instance at 0x146f94d36e10>,4,2,[2 7],6,6,8,0,6
1,<environment.Job instance at 0x146fceb36e10>,3,1,[2 7],5,8,9,3,7
1,<environment.Job instance at 0x146f8353d190>,5,3,[10  2],8,8,11,0,8
1,<environment.Job instance at 0x146f831d6cd0>,3,1,[6 2],4,4,5,0,4
1,<environment.Job instance at 0x146fcd4915f0>,4,2,[7 2],5,6,8,1,6
1,<environment.Job instance at 0x146fcea9b910>,6,18,[8 1],7,8,26,1,8
1,<environment.Job instance at 0x146fcc53a9b0>,7,1,[2 6],8,8,9,0,8
1,<environment.Job instance at 0x146fcea9b280>,8,13,[6 1],9,26,39,17,13
1,<environment.Job instance at 0x146fcc53aa50>,5,3,[9 2],6,39,42,33,21
1,<environment.Job instance at 0x146fcce07dc0>,0,2,[6 1],1,2,4,1,2
1,<environment.Job instance at 0x146fcd491410>,1,13,[2 8],2,32,45,30,32
1,<environment.Job instance at 0x146f81cc7960>,0,1,[2 5],1,1,2,0,1
1,<environment.Job instance at 0x146f8256c640>,2,2,[10  1],5,6,8,1,6
1,<environment.Job instance at 0x146f81cc7dc0>,1,17,[6 1],3,8,25,5,6
1,<environment.Job instance at 0x146f828cf550>,5,3,[6 1],9,25,28,16,21
1,<environment.Job instance at 0x146f81cc7f00>,3,3,[6 2],6,30,33,24,30
1,<environment.Job instance at 0x146f82c2e280>,1,12,[ 1 10],2,3,15,1,3
1,<environment.Job instance at 0x146f8359ec80>,2,2,[2 8],4,15,17,11,4
1,<environment.Job instance at 0x146fcc4a0a50>,4,2,[2 7],6,17,19,11,6
1,<environment.Job instance at 0x146fcc4a0820>,6,16,[10  2],9,19,35,10,10
1,<environment.Job instance at 0x146f83138d20>,0,3,[9 2],1,4,7,3,4
1,<environment.Job instance at 0x146f83138f00>,2,1,[2 7],3,7,8,4,5
1,<environment.Job instance at 0x146f81945190>,3,1,[6 2],4,4,5,0,4
1,<environment.Job instance at 0x146f829c7280>,4,2,[7 2],5,6,8,1,6
1,<environment.Job instance at 0x146f81945b90>,5,3,[9 2],6,8,11,2,8
1,<environment.Job instance at 0x146f83609320>,1,13,[2 8],2,26,39,24,26
1,<environment.Job instance at 0x146f839f2190>,2,2,[2 8],4,4,6,0,4
1,<environment.Job instance at 0x146f839f2b90>,3,1,[2 7],5,6,7,1,5
1,<environment.Job instance at 0x146fcea73960>,4,2,[2 7],6,7,9,1,6
1,<environment.Job instance at 0x146fcea73370>,6,16,[10  2],9,9,25,0,9
1,<environment.Job instance at 0x146f82297c30>,1,3,[2 9],2,3,6,1,3
1,<environment.Job instance at 0x146fce53d640>,0,3,[9 2],1,6,9,5,4
1,<environment.Job instance at 0x146fcc79b140>,3,1,[6 2],4,4,5,0,4
1,<environment.Job instance at 0x146fcc79b870>,4,2,[7 2],5,6,8,1,6
1,<environment.Job instance at 0x146f8238c8c0>,1,13,[2 8],2,26,39,24,26
1,<environment.Job instance at 0x146fce8400a0>,1,12,[ 1 10],2,15,27,13,15
1,<environment.Job instance at 0x146fcddc2b90>,1,3,[2 9],2,2,5,0,2
1,<environment.Job instance at 0x146fcddc2c30>,2,1,[2 7],3,7,8,4,7
1,<environment.Job instance at 0x146f82ffe280>,5,3,[10  2],8,8,11,0,8
1,<environment.Job instance at 0x146f819df500>,3,1,[6 2],4,4,5,0,4
1,<environment.Job instance at 0x146f819dffa0>,4,2,[7 2],5,6,8,1,6
1,<environment.Job instance at 0x146f819dfe10>,7,1,[2 6],8,8,9,0,8
1,<environment.Job instance at 0x146f819dff00>,8,13,[6 1],9,13,26,4,13
1,<environment.Job instance at 0x146f943d1780>,0,2,[6 1],1,1,3,0,1
1,<environment.Job instance at 0x146f943d1320>,3,3,[1 8],4,4,7,0,4
1,<environment.Job instance at 0x146f81c17410>,4,2,[8 1],7,8,10,1,8
1,<environment.Job instance at 0x146f839893c0>,5,2,[ 1 10],8,10,12,2,9
1,<environment.Job instance at 0x146f81c17870>,2,2,[10  1],5,5,7,0,5
1,<environment.Job instance at 0x146f835855f0>,5,3,[6 1],9,9,12,0,9
1,<environment.Job instance at 0x146f83585c80>,3,3,[6 2],6,12,15,6,10
1,<environment.Job instance at 0x146fcedd8690>,1,12,[ 1 10],2,16,28,14,16
1,<environment.Job instance at 0x146f9738b5f0>,1,3,[2 9],2,2,5,0,2
1,<environment.Job instance at 0x146f96d11140>,0,3,[9 2],1,5,8,4,2
1,<environment.Job instance at 0x146fcc20bd20>,3,1,[6 2],4,4,5,0,4
1,<environment.Job instance at 0x146fcc20b780>,4,2,[7 2],5,6,8,1,6
1,<environment.Job instance at 0x146fcc20b2d0>,7,1,[2 6],8,8,9,0,8
1,<environment.Job instance at 0x146fccf8b0f0>,8,13,[6 1],9,13,26,4,13
1,<environment.Job instance at 0x146f97184230>,0,2,[6 1],1,1,3,0,1
1,<environment.Job instance at 0x146f830dcdc0>,3,3,[1 8],4,4,7,0,4
1,<environment.Job instance at 0x146f9479e410>,5,2,[ 1 10],8,8,10,0,8
1,<environment.Job instance at 0x146f830dc730>,4,2,[8 1],7,10,12,3,9
1,<environment.Job instance at 0x146fcd8ed5a0>,2,2,[10  1],5,5,7,0,5
1,<environment.Job instance at 0x146fcd8ede60>,5,3,[6 1],9,9,12,0,9
1,<environment.Job instance at 0x146fcd8ed690>,3,3,[6 2],6,12,15,6,10
1,<environment.Job instance at 0x146f940882d0>,1,12,[ 1 10],2,16,28,14,16
1,<environment.Job instance at 0x146f969cc730>,1,3,[2 9],2,2,5,0,2
1,<environment.Job instance at 0x146f825f5f00>,0,3,[9 2],1,5,8,4,2
1,<environment.Job instance at 0x146f82d34910>,3,1,[6 2],4,4,5,0,4
1,<environment.Job instance at 0x146f813dd230>,4,2,[7 2],5,6,8,1,6
1,<environment.Job instance at 0x146f83022820>,7,1,[2 6],8,8,9,0,8
1,<environment.Job instance at 0x146fcc587b40>,8,13,[6 1],9,21,34,12,21
1,<environment.Job instance at 0x146fcd1d4910>,5,3,[9 2],6,34,37,28,30
1,<environment.Job instance at 0x146f96e5dd70>,1,13,[2 8],2,6,19,4,6
1,<environment.Job instance at 0x146f839200f0>,5,2,[ 1 10],8,19,21,11,11
1,<environment.Job instance at 0x146f80b590a0>,0,1,[2 5],1,3,4,2,3
1,<environment.Job instance at 0x146f82f6f4b0>,3,3,[6 2],6,6,9,0,6
1,<environment.Job instance at 0x146f82f6ff50>,1,12,[ 1 10],2,9,21,7,9
1,<environment.Job instance at 0x146f81404870>,0,3,[9 2],1,1,4,0,1
1,<environment.Job instance at 0x146f82d34fa0>,5,3,[9 2],6,6,9,0,6
1,<environment.Job instance at 0x146f828e9960>,8,13,[6 1],9,13,26,4,13
1,<environment.Job instance at 0x146f8396eeb0>,1,13,[2 8],2,26,39,24,26
1,<environment.Job instance at 0x146f948ac500>,2,2,[10  1],5,11,13,6,11
1,<environment.Job instance at 0x146f95375730>,1,12,[ 1 10],2,3,15,1,3
1,<environment.Job instance at 0x146f83a05f50>,4,2,[2 7],6,15,17,9,6
1,<environment.Job instance at 0x146f83a052d0>,6,16,[10  2],9,17,33,8,13
1,<environment.Job instance at 0x146f94b25460>,4,2,[1 8],5,5,7,0,5
1,<environment.Job instance at 0x146fce9b3960>,1,3,[2 9],2,7,10,5,5
1,<environment.Job instance at 0x146f94b25a50>,5,3,[10  2],8,10,13,2,8
1,<environment.Job instance at 0x146f95b6fc80>,5,3,[9 2],6,6,9,0,6
1,<environment.Job instance at 0x146f833188c0>,8,13,[6 1],9,12,25,3,12
1,<environment.Job instance at 0x146f82671e10>,1,13,[2 8],2,26,39,24,26
1,<environment.Job instance at 0x146f83343050>,2,2,[10  1],5,11,13,6,11
1,<environment.Job instance at 0x146fcc5b35a0>,1,12,[ 1 10],2,3,15,1,3
1,<environment.Job instance at 0x146f8366ba50>,4,2,[2 7],6,15,17,9,6
1,<environment.Job instance at 0x146f965f71e0>,6,16,[10  2],9,20,36,11,20
1,<environment.Job instance at 0x146f94158e60>,4,2,[1 8],5,5,7,0,5
1,<environment.Job instance at 0x146fcdbef6e0>,1,3,[2 9],2,7,10,5,5
1,<environment.Job instance at 0x146f80a70050>,5,3,[10  2],8,10,13,2,8
1,<environment.Job instance at 0x146fce225eb0>,5,3,[9 2],6,6,9,0,6
1,<environment.Job instance at 0x146f834b83c0>,7,1,[2 6],8,9,10,1,8
1,<environment.Job instance at 0x146f834b8960>,1,13,[2 8],2,7,20,5,7
1,<environment.Job instance at 0x146f83467230>,1,17,[6 1],3,3,20,0,3
1,<environment.Job instance at 0x146f945fffa0>,3,3,[6 2],6,20,23,14,7
1,<environment.Job instance at 0x146fcd734230>,1,12,[ 1 10],2,14,26,12,14
1,<environment.Job instance at 0x146f809bbf50>,1,3,[2 9],2,5,8,3,5
1,<environment.Job instance at 0x146f951dcc30>,5,3,[10  2],8,11,14,3,11
1,<environment.Job instance at 0x146fcce25b90>,2,1,[2 5],3,6,7,3,6
1,<environment.Job instance at 0x146f96c41460>,1,13,[2 8],2,19,32,17,19
1,<environment.Job instance at 0x146f958d3230>,2,2,[10  1],5,8,10,3,8
1,<environment.Job instance at 0x146f80f42320>,5,3,[6 1],9,10,13,1,10
1,<environment.Job instance at 0x146f96b8e4b0>,1,12,[ 1 10],2,3,15,1,3
1,<environment.Job instance at 0x146fcd96ba00>,5,2,[2 7],7,15,17,8,9
1,<environment.Job instance at 0x146f95ae0d20>,1,3,[2 9],2,3,6,1,3
1,<environment.Job instance at 0x146fcdeaf7d0>,2,1,[2 5],3,4,5,1,4
1,<environment.Job instance at 0x146fcdeafc30>,4,2,[7 2],5,5,7,0,5
1,<environment.Job instance at 0x146fccd9da50>,5,3,[9 2],6,7,10,1,6
1,<environment.Job instance at 0x146f81cedfa0>,1,13,[2 8],2,19,32,17,19
1,<environment.Job instance at 0x146fceeb2500>,2,2,[10  1],5,8,10,3,8
1,<environment.Job instance at 0x146f83948dc0>,5,3,[6 1],9,10,13,1,10
1,<environment.Job instance at 0x146f80774280>,1,12,[ 1 10],2,12,24,10,12
1,<environment.Job instance at 0x146f80499910>,1,3,[2 9],2,3,6,1,3
1,<environment.Job instance at 0x146f811bfe10>,4,2,[1 8],5,6,8,1,5
1,<environment.Job instance at 0x146f9415a690>,2,1,[2 5],3,4,5,1,4
1,<environment.Job instance at 0x146f97171190>,4,2,[7 2],5,5,7,0,5
1,<environment.Job instance at 0x146f971713c0>,5,3,[9 2],6,7,10,1,6
1,<environment.Job instance at 0x146f8331cc80>,3,3,[1 8],4,4,7,0,4
1,<environment.Job instance at 0x146f838ef550>,1,13,[2 8],2,16,29,14,16
1,<environment.Job instance at 0x146f9701daf0>,0,1,[2 5],1,2,3,1,2
1,<environment.Job instance at 0x146fce24a410>,2,2,[10  1],5,5,7,0,5
1,<environment.Job instance at 0x146f82ff7b40>,3,3,[6 2],6,7,10,1,6
1,<environment.Job instance at 0x146fcce31e10>,0,2,[8 1],1,1,3,0,1
1,<environment.Job instance at 0x146fce867dc0>,5,2,[2 7],7,8,10,1,8
1,<environment.Job instance at 0x146f82351d20>,3,1,[2 7],5,10,11,5,9
1,<environment.Job instance at 0x146fcf16fa00>,1,3,[2 9],2,2,5,0,2
1,<environment.Job instance at 0x146fcf16f1e0>,0,3,[9 2],1,5,8,4,2
1,<environment.Job instance at 0x146fcd4f9e60>,4,2,[1 8],5,5,7,0,5
1,<environment.Job instance at 0x146f96ad2870>,1,3,[1 9],2,3,6,1,3
1,<environment.Job instance at 0x146f96ad2910>,2,1,[2 5],3,6,7,3,6
1,<environment.Job instance at 0x146fcd1d4320>,7,1,[2 6],8,8,9,0,8
1,<environment.Job instance at 0x146f8378f280>,8,13,[6 1],9,13,26,4,13
1,<environment.Job instance at 0x146f81c02fa0>,5,3,[9 2],6,28,31,22,28
1,<environment.Job instance at 0x146f80b4c050>,3,3,[1 8],4,4,7,0,4
1,<environment.Job instance at 0x146f83de7500>,1,13,[2 8],2,13,26,11,13
1,<environment.Job instance at 0x146f81eeae10>,1,17,[6 1],3,3,20,0,3
1,<environment.Job instance at 0x146f96158eb0>,3,3,[6 2],6,20,23,14,7
1,<environment.Job instance at 0x146f82f48640>,3,1,[2 7],5,5,6,0,5
1,<environment.Job instance at 0x146fcc8d08c0>,1,12,[ 1 10],2,13,25,11,13
1,<environment.Job instance at 0x146f95aa76e0>,1,3,[2 9],2,5,8,3,5
1,<environment.Job instance at 0x146f8062f550>,2,1,[2 5],3,6,7,3,6
1,<environment.Job instance at 0x146f83298dc0>,8,13,[6 1],9,12,25,3,12
1,<environment.Job instance at 0x146f814f04b0>,5,3,[9 2],6,28,31,22,28
1,<environment.Job instance at 0x146f83bf4aa0>,1,13,[2 8],2,26,39,24,26
1,<environment.Job instance at 0x146f834b85a0>,5,3,[6 1],9,11,14,2,11
1,<environment.Job instance at 0x146f7be0d190>,1,12,[ 1 10],2,2,14,0,2
1,<environment.Job instance at 0x146f96bfd690>,3,1,[2 7],5,14,15,9,5
1,<environment.Job instance at 0x146f7be0d690>,2,2,[2 8],4,15,17,11,5
1,<environment.Job instance at 0x146f96bfd2d0>,5,2,[2 7],7,17,19,10,7
1,<environment.Job instance at 0x146f82ff0780>,1,3,[2 9],2,2,5,0,2
1,<environment.Job instance at 0x146f80c8e1e0>,2,1,[2 7],3,5,6,2,3
1,<environment.Job instance at 0x146f95f55f00>,0,3,[9 2],1,6,9,5,3
1,<environment.Job instance at 0x146f95f55230>,4,2,[1 8],5,10,12,5,10
1,<environment.Job instance at 0x146f9492cd20>,2,1,[2 5],3,6,7,3,6
1,<environment.Job instance at 0x146fcc5118c0>,8,13,[6 1],9,12,25,3,12
1,<environment.Job instance at 0x146f943bbb40>,1,13,[2 8],2,26,39,24,26
1,<environment.Job instance at 0x146fcd82b6e0>,5,3,[6 1],9,11,14,2,11
1,<environment.Job instance at 0x146f81493be0>,0,3,[9 2],1,1,4,0,1
1,<environment.Job instance at 0x146f83992e60>,2,1,[2 7],3,4,5,1,3
1,<environment.Job instance at 0x146f95b33820>,2,1,[2 5],3,6,7,3,6
1,<environment.Job instance at 0x146f81408aa0>,8,13,[6 1],9,12,25,3,12
1,<environment.Job instance at 0x146f95b335a0>,5,3,[9 2],6,25,28,19,21
1,<environment.Job instance at 0x146f81408f50>,1,13,[2 8],2,26,39,24,26
1,<environment.Job instance at 0x146f95710c80>,3,3,[6 2],6,11,14,5,11
1,<environment.Job instance at 0x146f94d5a230>,0,3,[9 2],1,1,4,0,1
1,<environment.Job instance at 0x146f81fbd780>,2,1,[2 7],3,4,5,1,3
1,<environment.Job instance at 0x146f80d984b0>,2,1,[2 5],3,6,7,3,6
1,<environment.Job instance at 0x146f80c7b730>,8,13,[6 1],9,12,25,3,12
1,<environment.Job instance at 0x146f802adfa0>,5,3,[9 2],6,25,28,19,19
1,<environment.Job instance at 0x146fcd75e7d0>,1,13,[2 8],2,26,39,24,26
1,<environment.Job instance at 0x146f95ec73c0>,3,3,[6 2],6,11,14,5,11
1,<environment.Job instance at 0x146f829ae6e0>,3,1,[2 7],5,5,6,0,5
1,<environment.Job instance at 0x146f829ae730>,4,2,[2 7],6,8,10,2,8
1,<environment.Job instance at 0x146f94b8a320>,6,16,[10  2],9,26,42,17,26
1,<environment.Job instance at 0x146f82781410>,2,1,[2 5],3,6,7,3,6
1,<environment.Job instance at 0x146f7baa1280>,7,1,[2 6],8,8,9,0,8
1,<environment.Job instance at 0x146f81239690>,1,13,[2 8],2,19,32,17,19
1,<environment.Job instance at 0x146fcd4feb40>,3,3,[6 2],6,11,14,5,11
1,<environment.Job instance at 0x146fccc19dc0>,1,12,[ 1 10],2,2,14,0,2
1,<environment.Job instance at 0x146fcfa66aa0>,2,2,[2 8],4,14,16,10,5
1,<environment.Job instance at 0x146fcc3a2320>,3,1,[2 7],5,16,17,11,6
1,<environment.Job instance at 0x146fcd4fe8c0>,1,3,[2 9],2,2,5,0,2
1,<environment.Job instance at 0x146f83b9ac30>,2,1,[2 7],3,5,6,2,3
1,<environment.Job instance at 0x146f83b9ad20>,4,2,[1 8],5,14,16,9,14
1,<environment.Job instance at 0x146f94302780>,2,1,[2 5],3,6,7,3,6
1,<environment.Job instance at 0x146f83bcdfa0>,8,13,[6 1],9,12,25,3,12
1,<environment.Job instance at 0x146f96574af0>,5,3,[9 2],6,25,28,19,19
1,<environment.Job instance at 0x146fcd305550>,1,13,[2 8],2,26,39,24,26
1,<environment.Job instance at 0x146fcdda0410>,3,3,[6 2],6,11,14,5,11
1,<environment.Job instance at 0x146f81554be0>,2,2,[2 8],4,4,6,0,4
1,<environment.Job instance at 0x146f9629ca50>,2,1,[2 7],3,4,5,1,4
1,<environment.Job instance at 0x146f95917af0>,2,1,[2 5],3,6,7,3,6
1,<environment.Job instance at 0x146f801f0b90>,7,1,[2 6],8,8,9,0,8
1,<environment.Job instance at 0x146f944fabe0>,1,13,[2 8],2,19,32,17,19
1,<environment.Job instance at 0x146f946b1d20>,3,3,[6 2],6,12,15,6,12
1,<environment.Job instance at 0x146f944fa640>,1,3,[2 9],2,14,17,12,14
1,<environment.Job instance at 0x146fcc28d9b0>,2,1,[2 5],3,6,7,3,6
1,<environment.Job instance at 0x146f830635f0>,7,1,[2 6],8,8,9,0,8
1,<environment.Job instance at 0x146f82ff02d0>,1,13,[2 8],2,20,33,18,20
1,<environment.Job instance at 0x146f82ff03c0>,1,17,[6 1],3,3,20,0,3
1,<environment.Job instance at 0x146fc80450f0>,1,3,[2 9],2,2,5,0,2
1,<environment.Job instance at 0x146f95158aa0>,2,1,[2 7],3,15,16,12,15
1,<environment.Job instance at 0x146f805a7050>,2,1,[2 5],3,6,7,3,6
1,<environment.Job instance at 0x146f7ab70b40>,1,13,[2 8],2,9,22,7,9
1,<environment.Job instance at 0x146f94c88af0>,0,1,[2 5],1,2,3,1,2
1,<environment.Job instance at 0x146f94c88aa0>,2,2,[10  1],5,5,7,0,5
1,<environment.Job instance at 0x146f94c889b0>,3,3,[6 2],6,7,10,1,6
1,<environment.Job instance at 0x146f80bf6280>,1,12,[ 1 10],2,7,19,5,7
1,<environment.Job instance at 0x146fcf1fb410>,0,3,[9 2],1,1,4,0,1
1,<environment.Job instance at 0x146f7b6fd370>,2,1,[2 7],3,4,5,1,3
1,<environment.Job instance at 0x146f96195500>,4,2,[1 8],5,12,14,7,12
1,<environment.Job instance at 0x146f8296e230>,2,1,[2 5],3,4,5,1,4
1,<environment.Job instance at 0x146fccb7d370>,4,2,[7 2],5,5,7,0,5
1,<environment.Job instance at 0x146f9524df50>,5,3,[9 2],6,7,10,1,6
1,<environment.Job instance at 0x146f7ad03e10>,1,3,[1 9],2,10,13,8,6
1,<environment.Job instance at 0x146f8296e820>,7,1,[2 6],8,13,14,5,8
1,<environment.Job instance at 0x146f94a3af00>,5,2,[ 1 10],8,8,10,0,8
1,<environment.Job instance at 0x146f9524dc30>,1,13,[2 8],2,10,23,8,9
1,<environment.Job instance at 0x146f80df1410>,0,1,[2 5],1,2,3,1,2
1,<environment.Job instance at 0x146f94a3ae10>,2,2,[10  1],5,5,7,0,5
1,<environment.Job instance at 0x146f82fb9aa0>,3,3,[6 2],6,7,10,1,6
1,<environment.Job instance at 0x146f8140d230>,2,2,[2 8],4,4,6,0,4
1,<environment.Job instance at 0x146f94a3a550>,1,12,[ 1 10],2,7,19,5,7
1,<environment.Job instance at 0x146f81fc3280>,0,3,[9 2],1,1,4,0,1
1,<environment.Job instance at 0x146f81fc3050>,2,1,[2 7],3,4,5,1,3
1,<environment.Job instance at 0x146fcea18f50>,4,2,[1 8],5,12,14,7,12
1,<environment.Job instance at 0x146f964f0fa0>,2,1,[2 5],3,4,5,1,4
1,<environment.Job instance at 0x146f94494be0>,4,2,[7 2],5,5,7,0,5
1,<environment.Job instance at 0x146f94494140>,5,3,[9 2],6,7,10,1,6
1,<environment.Job instance at 0x146f7b2b4eb0>,1,3,[1 9],2,10,13,8,6
1,<environment.Job instance at 0x146f944949b0>,7,1,[2 6],8,13,14,5,8
1,<environment.Job instance at 0x146f97287cd0>,5,2,[ 1 10],8,8,10,0,8
1,<environment.Job instance at 0x146f94b09190>,1,13,[2 8],2,10,23,8,9
1,<environment.Job instance at 0x146f7ab040f0>,0,1,[2 5],1,2,3,1,2
1,<environment.Job instance at 0x146fcd6d0550>,2,2,[10  1],5,5,7,0,5
1,<environment.Job instance at 0x146fcd6d0640>,3,3,[6 2],6,7,10,1,6
1,<environment.Job instance at 0x146f801cf050>,2,2,[2 8],4,4,6,0,4
1,<environment.Job instance at 0x146f83c449b0>,1,12,[ 1 10],2,7,19,5,7
1,<environment.Job instance at 0x146f83856550>,0,3,[9 2],1,1,4,0,1
1,<environment.Job instance at 0x146f83856140>,2,1,[2 7],3,4,5,1,3
1,<environment.Job instance at 0x146f7b2854b0>,4,2,[1 8],5,12,14,7,12
1,<environment.Job instance at 0x146f7beca690>,2,1,[2 5],3,4,5,1,4
1,<environment.Job instance at 0x146f95a4ae10>,4,2,[7 2],5,5,7,0,5
1,<environment.Job instance at 0x146f95a4a5f0>,5,3,[9 2],6,7,10,1,6
1,<environment.Job instance at 0x146f7beca780>,1,3,[1 9],2,10,13,8,6
1,<environment.Job instance at 0x146f800c9be0>,7,1,[2 6],8,13,14,5,8
1,<environment.Job instance at 0x146f95f4f870>,5,2,[ 1 10],8,8,10,0,8
1,<environment.Job instance at 0x146f95f4f050>,1,13,[2 8],2,10,23,8,9
1,<environment.Job instance at 0x146f81c5baf0>,0,1,[2 5],1,2,3,1,2
1,<environment.Job instance at 0x146f81c5bfa0>,2,2,[10  1],5,5,7,0,5
1,<environment.Job instance at 0x146f81c5b870>,3,3,[6 2],6,7,10,1,6
1,<environment.Job instance at 0x146f9652bdc0>,2,2,[2 8],4,4,6,0,4
1,<environment.Job instance at 0x146f7b7d26e0>,1,12,[ 1 10],2,7,19,5,7
1,<environment.Job instance at 0x146f96028f00>,0,3,[9 2],1,1,4,0,1
1,<environment.Job instance at 0x146f960288c0>,2,1,[2 7],3,4,5,1,3
1,<environment.Job instance at 0x146f948b9af0>,4,2,[1 8],5,12,14,7,12
1,<environment.Job instance at 0x146f82d202d0>,1,3,[1 9],2,3,6,1,3
1,<environment.Job instance at 0x146f77838910>,2,1,[2 5],3,6,7,3,6
1,<environment.Job instance at 0x146f81f90460>,5,3,[9 2],6,28,31,22,28
1,<environment.Job instance at 0x146f8380b7d0>,1,13,[2 8],2,2,15,0,2
1,<environment.Job instance at 0x146f8380bf50>,0,2,[6 1],1,3,5,2,3
1,<environment.Job instance at 0x146f9542a460>,2,3,[1 8],3,15,18,12,8
1,<environment.Job instance at 0x146f7bdabcd0>,5,2,[ 1 10],8,18,20,10,8
1,<environment.Job instance at 0x146f80c98910>,2,2,[10  1],5,5,7,0,5
1,<environment.Job instance at 0x146f80c98f00>,3,3,[6 2],6,7,10,1,6
1,<environment.Job instance at 0x146f7bdabdc0>,1,17,[6 1],3,17,34,14,17
1,<environment.Job instance at 0x146f8254bb40>,3,1,[2 7],5,5,6,0,5
1,<environment.Job instance at 0x146f82eaf4b0>,2,2,[2 8],4,6,8,2,6
1,<environment.Job instance at 0x146f8254baa0>,4,2,[2 7],6,9,11,3,9
1,<environment.Job instance at 0x146f7b655500>,1,3,[2 9],2,8,11,6,8
1,<environment.Job instance at 0x146fcd898460>,2,1,[2 5],3,6,7,3,6
1,<environment.Job instance at 0x146f7b1c8410>,1,13,[2 8],2,28,41,26,28
1,<environment.Job instance at 0x146f80635410>,1,12,[ 1 10],2,9,21,7,9
1,<environment.Job instance at 0x146f802690f0>,2,1,[2 5],3,6,7,3,6
1,<environment.Job instance at 0x146f80269640>,5,3,[9 2],6,28,31,22,28
1,<environment.Job instance at 0x146f8004c320>,0,2,[6 1],1,2,4,1,2
1,<environment.Job instance at 0x146fcc7c9050>,1,13,[2 8],2,11,24,9,11
1,<environment.Job instance at 0x146f7b70da00>,0,1,[2 5],1,2,3,1,2
1,<environment.Job instance at 0x146f8004cbe0>,2,2,[10  1],5,5,7,0,5
1,<environment.Job instance at 0x146f7981e460>,3,3,[6 2],6,7,10,1,6
1,<environment.Job instance at 0x146f798c3910>,2,2,[2 8],4,4,6,0,4
1,<environment.Job instance at 0x146f7981e050>,1,12,[ 1 10],2,7,19,5,7
1,<environment.Job instance at 0x146f7be662d0>,0,3,[9 2],1,1,4,0,1
1,<environment.Job instance at 0x146fcd9f3e10>,2,1,[2 7],3,4,5,1,3
1,<environment.Job instance at 0x146f82c0e730>,4,2,[1 8],5,12,14,7,12
1,<environment.Job instance at 0x146f9635e820>,1,3,[1 9],2,3,6,1,3
1,<environment.Job instance at 0x146f81cd86e0>,2,1,[2 5],3,6,7,3,6
1,<environment.Job instance at 0x146f806a0500>,1,13,[2 8],2,7,20,5,7
1,<environment.Job instance at 0x146f828df0a0>,2,2,[10  1],5,5,7,0,5
1,<environment.Job instance at 0x146fcdbeff00>,3,3,[6 2],6,7,10,1,6
1,<environment.Job instance at 0x146f81cbcf50>,1,17,[6 1],3,10,27,7,8
1,<environment.Job instance at 0x146fcdbef870>,1,12,[ 1 10],2,3,15,1,3
1,<environment.Job instance at 0x146f803b2640>,3,1,[2 7],5,15,16,10,6
1,<environment.Job instance at 0x146f96f3bfa0>,5,2,[2 7],7,16,18,9,7
1,<environment.Job instance at 0x146f96f3b190>,4,2,[2 7],6,18,20,12,16
1,<environment.Job instance at 0x146f7b2e6a50>,1,3,[2 9],2,6,9,4,6
1,<environment.Job instance at 0x146f816572d0>,5,3,[10  2],8,16,19,8,16
1,<environment.Job instance at 0x146f815ef140>,1,3,[1 9],2,3,6,1,3
1,<environment.Job instance at 0x146f802014b0>,2,1,[2 5],3,6,7,3,6
1,<environment.Job instance at 0x146f7a205640>,0,2,[6 1],1,2,4,1,2
1,<environment.Job instance at 0x146fcd4a5190>,1,13,[2 8],2,7,20,5,7
1,<environment.Job instance at 0x146f7bd435f0>,5,2,[ 1 10],8,20,22,12,8
1,<environment.Job instance at 0x146f83856d20>,2,2,[10  1],5,5,7,0,5
1,<environment.Job instance at 0x146f83856eb0>,3,3,[6 2],6,7,10,1,6
1,<environment.Job instance at 0x146f838561e0>,1,17,[6 1],3,10,27,7,8
1,<environment.Job instance at 0x146f837b07d0>,0,2,[8 1],1,2,4,1,2
1,<environment.Job instance at 0x146f83856410>,1,12,[ 1 10],2,4,16,2,3
1,<environment.Job instance at 0x146f837b0f50>,3,1,[2 7],5,16,17,11,6
1,<environment.Job instance at 0x146f7a400140>,5,2,[2 7],7,17,19,10,7
1,<environment.Job instance at 0x146f94b0b1e0>,0,3,[9 2],1,1,4,0,1
1,<environment.Job instance at 0x146f94b0bc30>,2,1,[2 7],3,4,5,1,3
1,<environment.Job instance at 0x146f821f20f0>,4,2,[1 8],5,16,18,11,16
1,<environment.Job instance at 0x146f819cc6e0>,1,3,[1 9],2,3,6,1,3
1,<environment.Job instance at 0x146f81420aa0>,2,1,[2 5],3,6,7,3,6
1,<environment.Job instance at 0x146f80b46af0>,1,13,[2 8],2,7,20,5,7
1,<environment.Job instance at 0x146f801dd820>,5,2,[ 1 10],8,20,22,12,8
1,<environment.Job instance at 0x146f8319bcd0>,2,2,[10  1],5,5,7,0,5
1,<environment.Job instance at 0x146f805a7820>,3,3,[6 2],6,7,10,1,6
1,<environment.Job instance at 0x146fce8dfa50>,5,3,[6 1],9,10,13,1,10
1,<environment.Job instance at 0x146f80432f00>,2,2,[2 8],4,4,6,0,4
1,<environment.Job instance at 0x146f7bc29910>,6,16,[10  2],9,37,53,28,37
1,<environment.Job instance at 0x146f7bb0cf50>,1,3,[1 9],2,3,6,1,3
1,<environment.Job instance at 0x146f79f3c230>,2,1,[2 5],3,6,7,3,6
1,<environment.Job instance at 0x146fce4712d0>,1,13,[2 8],2,45,58,43,45
1,<environment.Job instance at 0x146f81f8f5f0>,0,1,[2 5],1,1,2,0,1
1,<environment.Job instance at 0x146f81f8f320>,2,2,[10  1],5,5,7,0,5
1,<environment.Job instance at 0x146f8006baf0>,1,12,[ 1 10],2,5,17,3,5
1,<environment.Job instance at 0x146f8006b550>,1,3,[2 9],2,3,6,1,3
1,<environment.Job instance at 0x146f794d0820>,2,1,[2 5],3,6,7,3,6
1,<environment.Job instance at 0x146f94735dc0>,1,13,[2 8],2,28,41,26,28
1,<environment.Job instance at 0x146f7949d8c0>,0,1,[2 5],1,3,4,2,3
1,<environment.Job instance at 0x146f79880e60>,2,2,[10  1],5,5,7,0,5
1,<environment.Job instance at 0x146f96dbbaa0>,1,12,[ 1 10],2,7,19,5,7
1,<environment.Job instance at 0x146f96982f00>,6,16,[10  2],9,88,104,79,88
1,<environment.Job instance at 0x146f96444190>,0,3,[9 2],1,1,4,0,1
1,<environment.Job instance at 0x146f7a3e6c80>,1,3,[1 9],2,3,6,1,3
1,<environment.Job instance at 0x146f80f98960>,2,1,[2 5],3,6,7,3,6
1,<environment.Job instance at 0x146f942d0c30>,1,13,[2 8],2,45,58,43,45
1,<environment.Job instance at 0x146f81d0bf50>,0,1,[2 5],1,1,2,0,1
1,<environment.Job instance at 0x146f81d0bb40>,2,2,[10  1],5,5,7,0,5
1,<environment.Job instance at 0x146f7b92bf50>,1,3,[2 9],2,2,5,0,2
1,<environment.Job instance at 0x146f7b5acf00>,1,3,[1 9],2,3,6,1,3
1,<environment.Job instance at 0x146fcee7f280>,2,1,[2 5],3,7,8,4,7
1,<environment.Job instance at 0x146fccd7f460>,6,18,[8 1],7,7,25,0,7
1,<environment.Job instance at 0x146f7b903d20>,1,13,[2 8],2,8,21,6,8
1,<environment.Job instance at 0x146f954fb230>,0,1,[2 5],1,2,3,1,2
1,<environment.Job instance at 0x146f954fbcd0>,2,2,[10  1],5,5,7,0,5
1,<environment.Job instance at 0x146f954fb730>,3,3,[6 2],6,7,10,1,6
1,<environment.Job instance at 0x146f956f96e0>,0,2,[8 1],1,1,3,0,1
1,<environment.Job instance at 0x146fcdc5edc0>,3,1,[2 7],5,9,10,4,9
1,<environment.Job instance at 0x146f81bce690>,1,3,[2 9],2,2,5,0,2
1,<environment.Job instance at 0x146f95a40d70>,0,3,[9 2],1,5,8,4,2
1,<environment.Job instance at 0x146f79a384b0>,2,1,[2 5],3,7,8,4,7
1,<environment.Job instance at 0x146fcdb48be0>,1,13,[2 8],2,2,15,0,2
1,<environment.Job instance at 0x146f80cb20a0>,2,2,[10  1],5,5,7,0,5
1,<environment.Job instance at 0x146f80cb2500>,3,3,[6 2],6,7,10,1,6
1,<environment.Job instance at 0x146f959ec730>,2,2,[2 8],4,5,7,1,5
1,<environment.Job instance at 0x146f8214afa0>,5,2,[2 7],7,7,9,0,7
1,<environment.Job instance at 0x146f8214a8c0>,3,1,[2 7],5,10,11,5,10
1,<environment.Job instance at 0x146fcdaca370>,2,1,[2 5],3,7,8,4,7
1,<environment.Job instance at 0x146f7adfdb90>,0,2,[6 1],1,2,4,1,2
1,<environment.Job instance at 0x146f77539c30>,1,13,[2 8],2,15,28,13,15
1,<environment.Job instance at 0x146f7ad98190>,2,2,[10  1],5,5,7,0,5
1,<environment.Job instance at 0x146fcc66b280>,3,3,[6 2],6,7,10,1,6
1,<environment.Job instance at 0x146f79ef9e60>,1,17,[6 1],3,49,66,46,49
1,<environment.Job instance at 0x146f7abbf050>,1,12,[ 1 10],2,6,18,4,6
1,<environment.Job instance at 0x146f78736b40>,1,3,[2 9],2,6,9,4,6
1,<environment.Job instance at 0x146f81239960>,5,3,[10  2],8,9,12,1,9
1,<environment.Job instance at 0x146f79b54550>,2,1,[2 5],3,7,8,4,7
1,<environment.Job instance at 0x146f94749960>,1,13,[2 8],2,2,15,0,2
1,<environment.Job instance at 0x146f82bd7c30>,2,2,[10  1],5,5,7,0,5
1,<environment.Job instance at 0x146f7920a190>,3,3,[6 2],6,7,10,1,6
1,<environment.Job instance at 0x146f80067eb0>,1,12,[ 1 10],2,2,14,0,2
1,<environment.Job instance at 0x146f800674b0>,2,2,[2 8],4,14,16,10,4
1,<environment.Job instance at 0x146f833fffa0>,2,1,[2 5],3,7,8,4,7
1,<environment.Job instance at 0x146f837c44b0>,1,13,[2 8],2,8,21,6,8
1,<environment.Job instance at 0x146f8038f1e0>,0,1,[2 5],1,2,3,1,2
1,<environment.Job instance at 0x146f8038feb0>,2,2,[10  1],5,5,7,0,5
1,<environment.Job instance at 0x146f828d5b40>,3,3,[6 2],6,7,10,1,6
1,<environment.Job instance at 0x146f7ae06a50>,1,12,[ 1 10],2,2,14,0,2
1,<environment.Job instance at 0x146f953203c0>,4,2,[2 7],6,14,16,8,10
1,<environment.Job instance at 0x146f795986e0>,2,1,[2 7],3,79,80,76,79
1,<environment.Job instance at 0x146f780c7e60>,2,1,[2 5],3,6,7,3,6
1,<environment.Job instance at 0x146f81cab2d0>,5,2,[ 1 10],8,13,15,5,13
1,<environment.Job instance at 0x146f96524cd0>,2,2,[10  1],5,5,7,0,5
1,<environment.Job instance at 0x146f80c85a00>,3,3,[6 2],6,7,10,1,6
1,<environment.Job instance at 0x146f9646e460>,1,12,[ 1 10],2,2,14,0,2
1,<environment.Job instance at 0x146f96bcfd20>,2,2,[2 8],4,14,16,10,4
1,<environment.Job instance at 0x146fce32ea50>,2,1,[2 5],3,6,7,3,6
1,<environment.Job instance at 0x146f96381f50>,1,13,[2 8],2,7,20,5,7
1,<environment.Job instance at 0x146f8355a4b0>,2,2,[10  1],5,5,7,0,5
1,<environment.Job instance at 0x146f8355ac30>,3,3,[6 2],6,7,10,1,6
1,<environment.Job instance at 0x146f79e25230>,0,2,[8 1],1,1,3,0,1
1,<environment.Job instance at 0x146f7a9ab1e0>,3,1,[2 7],5,6,7,1,6
1,<environment.Job instance at 0x146f7a9ab370>,5,2,[2 7],7,7,9,0,7
1,<environment.Job instance at 0x146f94936eb0>,0,3,[9 2],1,1,4,0,1
1,<environment.Job instance at 0x146f775754b0>,1,3,[2 9],2,4,7,2,2
1,<environment.Job instance at 0x146f83cd1f00>,4,2,[1 8],5,7,9,2,7
1,<environment.Job instance at 0x146f83cd1910>,5,3,[10  2],8,9,12,1,9
1,<environment.Job instance at 0x146f7b285960>,1,3,[1 9],2,2,5,0,2
1,<environment.Job instance at 0x146f77d71cd0>,4,2,[7 2],5,5,7,0,5
1,<environment.Job instance at 0x146f77d774b0>,0,2,[6 1],1,2,4,1,2
1,<environment.Job instance at 0x146f77d77410>,1,13,[2 8],2,9,22,7,9
1,<environment.Job instance at 0x146f952c4a50>,0,1,[2 5],1,2,3,1,2
1,<environment.Job instance at 0x146f952c4c30>,2,2,[10  1],5,5,7,0,5
1,<environment.Job instance at 0x146f952c4050>,3,3,[6 2],6,7,10,1,6
1,<environment.Job instance at 0x146f82b69910>,2,2,[2 8],4,4,6,0,4
1,<environment.Job instance at 0x146fcdeabfa0>,4,2,[2 7],6,6,8,0,6
1,<environment.Job instance at 0x146f77d771e0>,1,3,[2 9],2,3,6,1,3
1,<environment.Job instance at 0x146f79e0e190>,4,2,[1 8],5,31,33,26,31
1,<environment.Job instance at 0x146f81270e60>,1,3,[1 9],2,2,5,0,2
1,<environment.Job instance at 0x146f7a737aa0>,4,2,[7 2],5,5,7,0,5
1,<environment.Job instance at 0x146f8087c050>,1,13,[2 8],2,2,15,0,2
1,<environment.Job instance at 0x146fce7c90f0>,5,2,[ 1 10],8,15,17,7,8
1,<environment.Job instance at 0x146fcf7fc370>,1,17,[6 1],3,3,20,0,3
1,<environment.Job instance at 0x146f800b2a50>,3,1,[2 7],5,5,6,0,5
1,<environment.Job instance at 0x146fce7c9460>,1,12,[ 1 10],2,6,18,4,5
1,<environment.Job instance at 0x146f947273c0>,1,3,[2 9],2,2,5,0,2
1,<environment.Job instance at 0x146f81f09280>,0,3,[9 2],1,5,8,4,2
1,<environment.Job instance at 0x146f780762d0>,4,2,[1 8],5,38,40,33,38
1,<environment.Job instance at 0x146f83978c30>,1,3,[1 9],2,2,5,0,2
1,<environment.Job instance at 0x146f78cfe500>,4,2,[7 2],5,5,7,0,5
1,<environment.Job instance at 0x146f78e72c80>,0,2,[6 1],1,2,4,1,2
1,<environment.Job instance at 0x146f78dabf00>,1,13,[2 8],2,9,22,7,9
1,<environment.Job instance at 0x146f7b3ea8c0>,2,2,[10  1],5,5,7,0,5
1,<environment.Job instance at 0x146f7b3ea1e0>,3,3,[6 2],6,7,10,1,6
1,<environment.Job instance at 0x146f95ecc640>,2,2,[2 8],4,4,6,0,4
1,<environment.Job instance at 0x146f7a7a5d70>,4,2,[2 7],6,6,8,0,6
1,<environment.Job instance at 0x146f7a7a5730>,1,3,[2 9],2,3,6,1,3
1,<environment.Job instance at 0x146f83437190>,4,2,[1 8],5,31,33,26,31
1,<environment.Job instance at 0x146f7b921820>,1,3,[1 9],2,2,5,0,2
1,<environment.Job instance at 0x146f7780ee10>,4,2,[7 2],5,5,7,0,5
1,<environment.Job instance at 0x146f82747fa0>,1,13,[2 8],2,2,15,0,2
1,<environment.Job instance at 0x146f96250c80>,2,3,[1 8],3,15,18,12,8
1,<environment.Job instance at 0x146fccda8a00>,2,2,[10  1],5,5,7,0,5
1,<environment.Job instance at 0x146f76f51aa0>,3,3,[6 2],6,9,12,3,9
1,<environment.Job instance at 0x146fcc7036e0>,5,2,[2 7],7,24,26,17,24
1,<environment.Job instance at 0x146f8095af50>,1,3,[1 9],2,2,5,0,2
1,<environment.Job instance at 0x146f78e29550>,4,2,[7 2],5,5,7,0,5
1,<environment.Job instance at 0x146f804b4f50>,1,13,[2 8],2,2,15,0,2
1,<environment.Job instance at 0x146f81fafd20>,2,2,[10  1],5,5,7,0,5
1,<environment.Job instance at 0x146fce2f9cd0>,3,3,[6 2],6,9,12,3,9
1,<environment.Job instance at 0x146fccd7f5f0>,3,1,[2 7],5,6,7,1,6
1,<environment.Job instance at 0x146fccd7faa0>,5,2,[2 7],7,7,9,0,7
1,<environment.Job instance at 0x146f772daf00>,1,3,[2 9],2,5,8,3,5
1,<environment.Job instance at 0x146f770d7780>,5,3,[10  2],8,9,12,1,9
1,<environment.Job instance at 0x146f770bfcd0>,1,3,[1 9],2,2,5,0,2
1,<environment.Job instance at 0x146f77111500>,4,2,[7 2],5,5,7,0,5
1,<environment.Job instance at 0x146f771115a0>,1,13,[2 8],2,2,15,0,2
1,<environment.Job instance at 0x146f94b8a2d0>,2,2,[10  1],5,5,7,0,5
1,<environment.Job instance at 0x146f79b70230>,3,3,[6 2],6,9,12,3,9
1,<environment.Job instance at 0x146f8319a550>,2,2,[2 8],4,4,6,0,4
1,<environment.Job instance at 0x146fd0d60370>,1,3,[2 9],2,3,6,1,3
1,<environment.Job instance at 0x146f783e6f50>,2,1,[2 7],3,13,14,10,13
1,<environment.Job instance at 0x146fce212c80>,1,3,[1 9],2,2,5,0,2
1,<environment.Job instance at 0x146f796c67d0>,4,2,[7 2],5,5,7,0,5
1,<environment.Job instance at 0x146f80942690>,1,13,[2 8],2,2,15,0,2
1,<environment.Job instance at 0x146f7798ad70>,2,2,[10  1],5,5,7,0,5
1,<environment.Job instance at 0x146fcd20f280>,3,3,[6 2],6,9,12,3,9
1,<environment.Job instance at 0x146fce73f460>,2,2,[2 8],4,4,6,0,4
1,<environment.Job instance at 0x146f735965a0>,4,2,[2 7],6,6,8,0,6
1,<environment.Job instance at 0x146f73596870>,5,2,[2 7],7,8,10,1,7
1,<environment.Job instance at 0x146f81c80be0>,1,3,[1 9],2,2,5,0,2
1,<environment.Job instance at 0x146f80bb1640>,4,2,[7 2],5,5,7,0,5
1,<environment.Job instance at 0x146f79ce2b40>,1,13,[2 8],2,2,15,0,2
1,<environment.Job instance at 0x146f79d85910>,2,2,[10  1],5,5,7,0,5
1,<environment.Job instance at 0x146f7bfa4780>,3,3,[6 2],6,10,13,4,10
1,<environment.Job instance at 0x146f76f29dc0>,3,1,[2 7],5,18,19,13,18
1,<environment.Job instance at 0x146f82394b90>,1,3,[2 9],2,5,8,3,5
1,<environment.Job instance at 0x146f7bcb3aa0>,1,3,[1 9],2,2,5,0,2
1,<environment.Job instance at 0x146f7912e960>,4,2,[7 2],5,5,7,0,5
1,<environment.Job instance at 0x146f821519b0>,1,13,[2 8],2,2,15,0,2
1,<environment.Job instance at 0x146f829e7f50>,2,2,[10  1],5,5,7,0,5
1,<environment.Job instance at 0x146f77a86fa0>,3,1,[2 7],5,18,19,13,18
1,<environment.Job instance at 0x146f829e7e60>,1,3,[2 9],2,5,8,3,5
1,<environment.Job instance at 0x146f955ad910>,1,3,[1 9],2,2,5,0,2
1,<environment.Job instance at 0x146f7a73b640>,4,2,[7 2],5,5,7,0,5
1,<environment.Job instance at 0x146f81e67050>,1,13,[2 8],2,2,15,0,2
1,<environment.Job instance at 0x146f81eb7910>,2,2,[10  1],5,5,7,0,5
1,<environment.Job instance at 0x146f82278230>,1,12,[ 1 10],2,2,14,0,2
1,<environment.Job instance at 0x146f81871230>,0,3,[9 2],1,1,4,0,1
1,<environment.Job instance at 0x146f783ba3c0>,1,3,[1 9],2,2,5,0,2
1,<environment.Job instance at 0x146f736a7af0>,4,2,[7 2],5,5,7,0,5
1,<environment.Job instance at 0x146f77c66690>,2,3,[1 8],3,3,6,0,3
1,<environment.Job instance at 0x146f736e63c0>,3,3,[1 8],4,6,9,2,4
1,<environment.Job instance at 0x146f7adffc30>,2,2,[10  1],5,5,7,0,5
1,<environment.Job instance at 0x146f76d7a780>,2,2,[2 8],4,4,6,0,4
1,<environment.Job instance at 0x146f764faeb0>,5,2,[2 7],7,7,9,0,7
1,<environment.Job instance at 0x146f7a884320>,2,1,[2 7],3,3,4,0,3
1,<environment.Job instance at 0x146f819454b0>,4,2,[1 8],5,19,21,14,19
1,<environment.Job instance at 0x146f7a845460>,1,3,[1 9],2,2,5,0,2
1,<environment.Job instance at 0x146f76c7ea50>,4,2,[7 2],5,5,7,0,5
1,<environment.Job instance at 0x146f787b1d20>,2,3,[1 8],3,3,6,0,3
1,<environment.Job instance at 0x146f7a0d3dc0>,3,3,[1 8],4,6,9,2,4
1,<environment.Job instance at 0x146f7a77ccd0>,2,2,[10  1],5,5,7,0,5
1,<environment.Job instance at 0x146f7a8e82d0>,3,3,[6 2],6,9,12,3,9
1,<environment.Job instance at 0x146f82d52b90>,4,2,[2 7],6,6,8,0,6
1,<environment.Job instance at 0x146f95238410>,1,3,[2 9],2,2,5,0,2
1,<environment.Job instance at 0x146f816d3690>,1,3,[1 9],2,3,6,1,3
1,<environment.Job instance at 0x146f96259a50>,2,1,[2 5],3,6,7,3,6
1,<environment.Job instance at 0x146f77aa79b0>,7,1,[2 6],8,8,9,0,8
1,<environment.Job instance at 0x146f77123af0>,1,13,[2 8],2,4,17,2,4
1,<environment.Job instance at 0x146f78bd3320>,4,2,[8 1],7,7,9,0,7
1,<environment.Job instance at 0x146fcd9319b0>,1,12,[ 1 10],2,2,14,0,2
1,<environment.Job instance at 0x146f800f07d0>,2,2,[2 8],4,14,16,10,4
1,<environment.Job instance at 0x146f7abbf280>,1,3,[2 9],2,2,5,0,2
1,<environment.Job instance at 0x146f7abbf6e0>,2,1,[2 7],3,5,6,2,3
1,<environment.Job instance at 0x146f7abbf370>,4,2,[1 8],5,19,21,14,19
1,<environment.Job instance at 0x146f83a4de10>,1,3,[1 9],2,3,6,1,3
1,<environment.Job instance at 0x146f80744fa0>,2,1,[2 5],3,7,8,4,7
1,<environment.Job instance at 0x146f79912dc0>,7,1,[2 6],8,8,9,0,8
1,<environment.Job instance at 0x146f7a6d9fa0>,1,13,[2 8],2,4,17,2,4
1,<environment.Job instance at 0x146f77da3820>,4,2,[8 1],7,7,9,0,7
1,<environment.Job instance at 0x146f95d8d190>,5,3,[6 1],9,10,13,1,10
1,<environment.Job instance at 0x146f82308e60>,1,12,[ 1 10],2,2,14,0,2
1,<environment.Job instance at 0x146f82308fa0>,2,2,[2 8],4,14,16,10,4
1,<environment.Job instance at 0x146f96b8ad20>,1,3,[2 9],2,2,5,0,2
1,<environment.Job instance at 0x146fcf84aaf0>,2,1,[2 5],3,4,5,1,4
1,<environment.Job instance at 0x146f76d54fa0>,4,2,[7 2],5,5,7,0,5
1,<environment.Job instance at 0x146f959f6730>,1,3,[1 9],2,7,10,5,5
1,<environment.Job instance at 0x146f7a0bdd70>,2,3,[1 8],3,3,6,0,3
1,<environment.Job instance at 0x146f81666be0>,3,3,[1 8],4,6,9,2,4
1,<environment.Job instance at 0x146f94acb190>,2,2,[10  1],5,5,7,0,5
1,<environment.Job instance at 0x146f795ad550>,3,3,[6 2],6,9,12,3,9
1,<environment.Job instance at 0x146f785607d0>,4,2,[2 7],6,6,8,0,6
1,<environment.Job instance at 0x146f81fb7550>,1,3,[2 9],2,5,8,3,5
1,<environment.Job instance at 0x146f77801280>,1,3,[1 9],2,2,5,0,2
1,<environment.Job instance at 0x146f75b40410>,4,2,[7 2],5,5,7,0,5
1,<environment.Job instance at 0x146f75b3ca00>,2,3,[1 8],3,3,6,0,3
1,<environment.Job instance at 0x146f7837f8c0>,3,3,[1 8],4,6,9,2,4
1,<environment.Job instance at 0x146f956ade60>,5,2,[ 1 10],8,12,14,4,12
1,<environment.Job instance at 0x146f80b59dc0>,2,2,[10  1],5,5,7,0,5
1,<environment.Job instance at 0x146f7703fe10>,3,3,[6 2],6,9,12,3,9
1,<environment.Job instance at 0x146f81634cd0>,3,1,[2 7],5,15,16,10,15
1,<environment.Job instance at 0x146f7acd94b0>,5,3,[10  2],8,8,11,0,8
1,<environment.Job instance at 0x146f77496cd0>,1,3,[1 9],2,2,5,0,2
1,<environment.Job instance at 0x146f96986960>,4,2,[7 2],5,5,7,0,5
1,<environment.Job instance at 0x146f76f8a870>,2,3,[1 8],3,3,6,0,3
1,<environment.Job instance at 0x146f763a0820>,3,3,[1 8],4,6,9,2,4
1,<environment.Job instance at 0x146f763a0b90>,2,2,[10  1],5,5,7,0,5
1,<environment.Job instance at 0x146fc80ed460>,3,3,[6 2],6,9,12,3,9
1,<environment.Job instance at 0x146f82c2f690>,4,2,[2 7],6,6,8,0,6
1,<environment.Job instance at 0x146f7a924820>,1,3,[2 9],2,2,5,0,2
1,<environment.Job instance at 0x146f76550780>,2,1,[2 7],3,5,6,2,3
1,<environment.Job instance at 0x146f79554500>,4,2,[1 8],5,18,20,13,18
1,<environment.Job instance at 0x146f77ec5eb0>,1,3,[1 9],2,2,5,0,2
1,<environment.Job instance at 0x146f772cce60>,5,3,[9 2],6,6,9,0,6
1,<environment.Job instance at 0x146f790312d0>,7,1,[2 6],8,9,10,1,8
1,<environment.Job instance at 0x146f764fbb40>,1,13,[2 8],2,7,20,5,7
1,<environment.Job instance at 0x146f8251c820>,0,1,[2 5],1,2,3,1,2
1,<environment.Job instance at 0x146f7a8804b0>,2,2,[10  1],5,5,7,0,5
1,<environment.Job instance at 0x146f756a0b90>,3,3,[6 2],6,7,10,1,6
1,<environment.Job instance at 0x146f756921e0>,5,3,[6 1],9,10,13,1,10
1,<environment.Job instance at 0x146f791aae60>,4,2,[2 7],6,6,8,0,6
1,<environment.Job instance at 0x146f838dac30>,1,3,[2 9],2,2,5,0,2
1,<environment.Job instance at 0x146f7a0d3500>,2,1,[2 7],3,5,6,2,3
1,<environment.Job instance at 0x146f791aa3c0>,4,2,[1 8],5,18,20,13,18
1,<environment.Job instance at 0x146f76afb0a0>,1,3,[1 9],2,2,5,0,2
1,<environment.Job instance at 0x146fcc48fe60>,5,3,[9 2],6,6,9,0,6
1,<environment.Job instance at 0x146fcc48f9b0>,7,1,[2 6],8,9,10,1,8
1,<environment.Job instance at 0x146f818ca0a0>,1,13,[2 8],2,2,15,0,2
1,<environment.Job instance at 0x146f764a0b40>,2,2,[10  1],5,5,7,0,5
1,<environment.Job instance at 0x146f7b426550>,3,3,[6 2],6,9,12,3,9
1,<environment.Job instance at 0x146f7b426cd0>,5,3,[6 1],9,19,22,10,19
1,<environment.Job instance at 0x146f79b98140>,4,2,[2 7],6,6,8,0,6
1,<environment.Job instance at 0x146f95fb9730>,1,3,[2 9],2,2,5,0,2
1,<environment.Job instance at 0x146f813e3140>,1,3,[1 9],2,2,5,0,2
1,<environment.Job instance at 0x146f790dfd70>,2,3,[1 8],3,3,6,0,3
1,<environment.Job instance at 0x146f7acd63c0>,3,3,[1 8],4,6,9,2,4
1,<environment.Job instance at 0x146f78629190>,2,2,[10  1],5,5,7,0,5
1,<environment.Job instance at 0x146f773dc230>,3,3,[6 2],6,9,12,3,9
1,<environment.Job instance at 0x146f773dcc30>,1,3,[2 9],2,2,5,0,2
1,<environment.Job instance at 0x146f76e1baa0>,2,1,[2 5],3,6,7,3,6
1,<environment.Job instance at 0x146f77f07a00>,2,3,[1 8],3,3,6,0,3
1,<environment.Job instance at 0x146f801b83c0>,2,2,[10  1],5,5,7,0,5
1,<environment.Job instance at 0x146f778d0370>,3,3,[6 2],6,9,12,3,9
1,<environment.Job instance at 0x146f763b4870>,1,3,[2 9],2,2,5,0,2
1,<environment.Job instance at 0x146f751b7780>,2,1,[2 5],3,6,7,3,6
1,<environment.Job instance at 0x146f795b6af0>,6,18,[8 1],7,9,27,2,9
1,<environment.Job instance at 0x146f74682460>,2,2,[10  1],5,5,7,0,5
1,<environment.Job instance at 0x146f74682280>,3,3,[6 2],6,7,10,1,6
1,<environment.Job instance at 0x146f76c96910>,1,12,[ 1 10],2,2,14,0,2
1,<environment.Job instance at 0x146f769a2690>,5,2,[2 7],7,14,16,7,10
1,<environment.Job instance at 0x146f831c7460>,1,3,[2 9],2,2,5,0,2
1,<environment.Job instance at 0x146fcd373050>,0,3,[9 2],1,5,8,4,2
1,<environment.Job instance at 0x146f7732d5f0>,4,2,[1 8],5,25,27,20,25
1,<environment.Job instance at 0x146f819fb690>,1,3,[1 9],2,2,5,0,2
1,<environment.Job instance at 0x146f97344e60>,5,3,[9 2],6,6,9,0,6
1,<environment.Job instance at 0x146f77c838c0>,7,1,[2 6],8,9,10,1,8
1,<environment.Job instance at 0x146f959df5a0>,1,13,[2 8],2,2,15,0,2
1,<environment.Job instance at 0x146f734fc6e0>,2,2,[10  1],5,5,7,0,5
1,<environment.Job instance at 0x146fcc4c0640>,3,3,[6 2],6,7,10,1,6
1,<environment.Job instance at 0x146fcd9c6eb0>,1,12,[ 1 10],2,2,14,0,2
1,<environment.Job instance at 0x146fcd9c68c0>,5,2,[2 7],7,14,16,7,9
1,<environment.Job instance at 0x146f831f3aa0>,0,3,[9 2],1,1,4,0,1
1,<environment.Job instance at 0x146f767b7f00>,4,2,[1 8],5,12,14,7,12
1,<environment.Job instance at 0x146f96344eb0>,1,3,[1 9],2,2,5,0,2
1,<environment.Job instance at 0x146f78409d20>,6,18,[8 1],7,9,27,2,9
1,<environment.Job instance at 0x146fce1568c0>,1,13,[2 8],2,4,17,2,4
1,<environment.Job instance at 0x146f941aad70>,5,3,[6 1],9,10,13,1,10
1,<environment.Job instance at 0x146f83131500>,1,12,[ 1 10],2,2,14,0,2
1,<environment.Job instance at 0x146f772175f0>,1,3,[2 9],2,2,5,0,2
1,<environment.Job instance at 0x146f82277b90>,2,1,[2 7],3,5,6,2,3
1,<environment.Job instance at 0x146f772170f0>,4,2,[1 8],5,19,21,14,19
1,<environment.Job instance at 0x146f7b948550>,1,3,[1 9],2,2,5,0,2
1,<environment.Job instance at 0x146f755acc80>,8,13,[6 1],9,9,22,0,9
1,<environment.Job instance at 0x146fcd6e30a0>,2,3,[1 8],3,3,6,0,3
1,<environment.Job instance at 0x146f750e50a0>,3,3,[1 8],4,6,9,2,4
1,<environment.Job instance at 0x146f750e5c30>,2,2,[10  1],5,5,7,0,5
1,<environment.Job instance at 0x146f75be3c80>,3,3,[6 2],6,7,10,1,6
1,<environment.Job instance at 0x146f81651280>,0,2,[8 1],1,1,3,0,1
1,<environment.Job instance at 0x146f792d1fa0>,1,3,[1 9],2,2,5,0,2
1,<environment.Job instance at 0x146fce7ba460>,6,18,[8 1],7,9,27,2,9
1,<environment.Job instance at 0x146f94a8ca50>,8,13,[6 1],9,27,40,18,13
1,<environment.Job instance at 0x146f7b67c8c0>,2,3,[1 8],3,3,6,0,3
1,<environment.Job instance at 0x146fcef4be10>,3,3,[1 8],4,6,9,2,4
1,<environment.Job instance at 0x146fcce762d0>,2,2,[10  1],5,5,7,0,5
1,<environment.Job instance at 0x146fcce764b0>,3,3,[6 2],6,7,10,1,6
1,<environment.Job instance at 0x146f7b67c870>,1,17,[6 1],3,281,298,278,281
1,<environment.Job instance at 0x146f8386e730>,1,12,[ 1 10],2,2,14,0,2
1,<environment.Job instance at 0x146f767a4370>,3,1,[2 7],5,14,15,9,5
1,<environment.Job instance at 0x146f767a40a0>,5,2,[2 7],7,15,17,8,9
1,<environment.Job instance at 0x146f7a2879b0>,0,3,[9 2],1,1,4,0,1
1,<environment.Job instance at 0x146f7a287690>,4,2,[1 8],5,12,14,7,12
1,<environment.Job instance at 0x146f79a30050>,1,3,[1 9],2,2,5,0,2
1,<environment.Job instance at 0x146f73db7c80>,3,3,[1 8],4,4,7,0,4
1,<environment.Job instance at 0x146f7ab701e0>,2,2,[10  1],5,5,7,0,5
1,<environment.Job instance at 0x146f73dbd4b0>,3,3,[6 2],6,9,12,3,9
1,<environment.Job instance at 0x146f96b4e7d0>,1,3,[2 9],2,2,5,0,2
1,<environment.Job instance at 0x146f79b5bb40>,4,2,[1 8],5,18,20,13,18
1,<environment.Job instance at 0x146fceb5c730>,1,3,[1 9],2,2,5,0,2
1,<environment.Job instance at 0x146f810f2e10>,2,3,[1 8],3,3,6,0,3
1,<environment.Job instance at 0x146f810f2be0>,3,3,[1 8],4,6,9,2,4
1,<environment.Job instance at 0x146f761f77d0>,2,2,[10  1],5,5,7,0,5
1,<environment.Job instance at 0x146f78ed3b90>,3,3,[6 2],6,9,12,3,9
1,<environment.Job instance at 0x146f800b2aa0>,1,3,[2 9],2,2,5,0,2
1,<environment.Job instance at 0x146fcf27e500>,1,3,[1 9],2,2,5,0,2
1,<environment.Job instance at 0x146f76bb72d0>,2,3,[1 8],3,3,6,0,3
1,<environment.Job instance at 0x146fcc8d01e0>,3,3,[1 8],4,6,9,2,4
1,<environment.Job instance at 0x146f785ed4b0>,2,2,[10  1],5,5,7,0,5
1,<environment.Job instance at 0x146f77ccbbe0>,2,2,[2 8],4,4,6,0,4
1,<environment.Job instance at 0x146f78c09640>,4,2,[1 8],5,20,22,15,20
1,<environment.Job instance at 0x146f76830730>,1,3,[1 9],2,2,5,0,2
1,<environment.Job instance at 0x146f823a25f0>,2,3,[1 8],3,3,6,0,3
1,<environment.Job instance at 0x146f74bc03c0>,2,2,[10  1],5,5,7,0,5
1,<environment.Job instance at 0x146f75398c80>,3,3,[6 2],6,9,12,3,9
1,<environment.Job instance at 0x146fcd778690>,1,3,[2 9],2,2,5,0,2
1,<environment.Job instance at 0x146f813b1f50>,4,2,[1 8],5,32,34,27,32
1,<environment.Job instance at 0x146f7450ca00>,1,3,[1 9],2,2,5,0,2
1,<environment.Job instance at 0x146f73bcef50>,2,3,[1 8],3,3,6,0,3
1,<environment.Job instance at 0x146fc80d7b40>,3,3,[1 8],4,6,9,2,4
1,<environment.Job instance at 0x146f82307910>,2,2,[10  1],5,5,7,0,5
1,<environment.Job instance at 0x146f77c96aa0>,3,3,[6 2],6,9,12,3,9
1,<environment.Job instance at 0x146f95f48190>,5,3,[6 1],9,19,22,10,19
1,<environment.Job instance at 0x146f962451e0>,4,2,[2 7],6,6,8,0,6
1,<environment.Job instance at 0x146f75e62be0>,1,3,[2 9],2,2,5,0,2
1,<environment.Job instance at 0x146f7a2500f0>,1,3,[1 9],2,2,5,0,2
1,<environment.Job instance at 0x146f77e39640>,1,13,[2 8],2,2,15,0,2
1,<environment.Job instance at 0x146f74585500>,2,2,[10  1],5,5,7,0,5
1,<environment.Job instance at 0x146f74585410>,3,3,[6 2],6,7,10,1,6
1,<environment.Job instance at 0x146f82d03aa0>,2,2,[2 8],4,4,6,0,4
1,<environment.Job instance at 0x146f7a7c8af0>,2,1,[2 7],3,248,249,245,248
1,<environment.Job instance at 0x146f782b9fa0>,1,3,[1 9],2,2,5,0,2
1,<environment.Job instance at 0x146f748f36e0>,2,3,[1 8],3,3,6,0,3
1,<environment.Job instance at 0x146f748f3a50>,3,3,[1 8],4,6,9,2,4
1,<environment.Job instance at 0x146f80a5ebe0>,2,2,[10  1],5,5,7,0,5
1,<environment.Job instance at 0x146f80a5e410>,3,3,[6 2],6,7,10,1,6
1,<environment.Job instance at 0x146f827f0af0>,2,2,[2 8],4,4,6,0,4
1,<environment.Job instance at 0x146fcc7b3230>,1,3,[2 9],2,2,5,0,2
1,<environment.Job instance at 0x146f792df2d0>,4,2,[1 8],5,355,357,350,355
1,<environment.Job instance at 0x146f77769230>,1,3,[1 9],2,2,5,0,2
1,<environment.Job instance at 0x146f77769370>,5,3,[9 2],6,6,9,0,6
1,<environment.Job instance at 0x146f76519730>,7,1,[2 6],8,9,10,1,8
1,<environment.Job instance at 0x146f814b25a0>,1,13,[2 8],2,4,17,2,4
1,<environment.Job instance at 0x146f7a920050>,2,2,[10  1],5,5,7,0,5
1,<environment.Job instance at 0x146f743ebbe0>,3,3,[6 2],6,9,12,3,9
1,<environment.Job instance at 0x146f78fa9820>,2,2,[2 8],4,4,6,0,4
1,<environment.Job instance at 0x146f75e94fa0>,4,2,[2 7],6,6,8,0,6
1,<environment.Job instance at 0x146f7b164a00>,1,3,[2 9],2,2,5,0,2
1,<environment.Job instance at 0x146f75997e60>,4,2,[1 8],5,107,109,102,107
1,<environment.Job instance at 0x146f794d3690>,1,3,[1 9],2,2,5,0,2
1,<environment.Job instance at 0x146f73323460>,4,2,[7 2],5,5,7,0,5
1,<environment.Job instance at 0x146f74de6190>,1,13,[2 8],2,2,15,0,2
1,<environment.Job instance at 0x146f6f32a190>,2,2,[10  1],5,5,7,0,5
1,<environment.Job instance at 0x146f6f32a640>,3,3,[6 2],6,7,10,1,6
1,<environment.Job instance at 0x146f7bd55780>,2,2,[2 8],4,4,6,0,4
1,<environment.Job instance at 0x146f94094d20>,1,3,[2 9],2,2,5,0,2
1,<environment.Job instance at 0x146fcd76e7d0>,4,2,[1 8],5,956,958,951,956
1,<environment.Job instance at 0x146f94e70a50>,1,3,[1 9],2,2,5,0,2
1,<environment.Job instance at 0x146f77c50820>,4,2,[7 2],5,5,7,0,5
1,<environment.Job instance at 0x146f7a9fef00>,2,3,[1 8],3,3,6,0,3
1,<environment.Job instance at 0x146f796caeb0>,3,3,[1 8],4,6,9,2,4
1,<environment.Job instance at 0x146f813a4a50>,2,2,[10  1],5,5,7,0,5
1,<environment.Job instance at 0x146f6f1bc730>,3,3,[6 2],6,7,10,1,6
1,<environment.Job instance at 0x146f6f0088c0>,2,2,[2 8],4,4,6,0,4
1,<environment.Job instance at 0x146f795b8280>,1,3,[2 9],2,2,5,0,2
1,<environment.Job instance at 0x146f795b8140>,4,2,[1 8],5,355,357,350,355
1,<environment.Job instance at 0x146f74cefaa0>,1,3,[1 9],2,2,5,0,2
1,<environment.Job instance at 0x146f77701140>,4,2,[7 2],5,5,7,0,5
1,<environment.Job instance at 0x146f77701d70>,5,3,[9 2],6,7,10,1,6
1,<environment.Job instance at 0x146f77701870>,7,1,[2 6],8,10,11,2,8
1,<environment.Job instance at 0x146f80cbd230>,1,13,[2 8],2,4,17,2,4
1,<environment.Job instance at 0x146f94a2a910>,4,2,[8 1],7,7,9,0,7
1,<environment.Job instance at 0x146f78eb8780>,2,2,[10  1],5,5,7,0,5
1,<environment.Job instance at 0x146f7574e0f0>,3,3,[6 2],6,8,11,2,8
1,<environment.Job instance at 0x146f96368550>,5,3,[6 1],9,11,14,2,9
1,<environment.Job instance at 0x146f75c39050>,2,2,[2 8],4,4,6,0,4
1,<environment.Job instance at 0x146f756fbc80>,4,2,[2 7],6,6,8,0,6
1,<environment.Job instance at 0x146f74d21c30>,1,3,[2 9],2,2,5,0,2
1,<environment.Job instance at 0x146f80901910>,4,2,[1 8],5,107,109,102,107
1,<environment.Job instance at 0x146fced81780>,1,3,[1 9],2,2,5,0,2
1,<environment.Job instance at 0x146f74696a50>,4,2,[7 2],5,5,7,0,5
1,<environment.Job instance at 0x146f74696e10>,5,3,[9 2],6,7,10,1,6
1,<environment.Job instance at 0x146f7bb3fe60>,1,13,[2 8],2,4,17,2,4
1,<environment.Job instance at 0x146f94b0be60>,4,2,[8 1],7,7,9,0,7
1,<environment.Job instance at 0x146f81ad0780>,2,2,[10  1],5,5,7,0,5
1,<environment.Job instance at 0x146f781584b0>,3,3,[6 2],6,7,10,1,6
1,<environment.Job instance at 0x146f78158460>,5,3,[6 1],9,17,20,8,17
1,<environment.Job instance at 0x146f77982cd0>,1,12,[ 1 10],2,3,15,1,3
1,<environment.Job instance at 0x146f74c00280>,0,3,[9 2],1,1,4,0,1
1,<environment.Job instance at 0x146f74c00320>,2,1,[2 7],3,4,5,1,3
1,<environment.Job instance at 0x146f74c00050>,4,2,[1 8],5,539,541,534,539
1,<environment.Job instance at 0x146f795889b0>,1,3,[1 9],2,2,5,0,2
1,<environment.Job instance at 0x146f94d9aa00>,4,2,[7 2],5,5,7,0,5
1,<environment.Job instance at 0x146f94d9a7d0>,5,3,[9 2],6,7,10,1,6
1,<environment.Job instance at 0x146f83b9c690>,7,1,[2 6],8,10,11,2,8
1,<environment.Job instance at 0x146f7a623f00>,8,13,[6 1],9,14,27,5,14
1,<environment.Job instance at 0x146f7440a1e0>,1,13,[2 8],2,4,17,2,4
1,<environment.Job instance at 0x146f7440a0f0>,4,2,[8 1],7,7,9,0,7
1,<environment.Job instance at 0x146f73a44b90>,2,2,[10  1],5,5,7,0,5
1,<environment.Job instance at 0x146f7919a690>,3,3,[6 2],6,7,10,1,6
1,<environment.Job instance at 0x146f80806500>,2,2,[2 8],4,4,6,0,4
1,<environment.Job instance at 0x146f761c6550>,5,2,[2 7],7,7,9,0,7
1,<environment.Job instance at 0x146f7839f1e0>,4,2,[1 8],5,564,566,559,564
1,<environment.Job instance at 0x146fcf0f0460>,1,3,[1 9],2,2,5,0,2
1,<environment.Job instance at 0x146f73b1d460>,4,2,[7 2],5,5,7,0,5
1,<environment.Job instance at 0x146f73b1d050>,5,3,[9 2],6,7,10,1,6
1,<environment.Job instance at 0x146f73b1d230>,1,13,[2 8],2,4,17,2,4
1,<environment.Job instance at 0x146f7694ff00>,5,2,[ 1 10],8,17,19,9,8
1,<environment.Job instance at 0x146f7694f0a0>,2,2,[10  1],5,5,7,0,5
1,<environment.Job instance at 0x146f75185b90>,3,3,[6 2],6,7,10,1,6
1,<environment.Job instance at 0x146f7322f4b0>,5,3,[6 1],9,17,20,8,17
1,<environment.Job instance at 0x146f7be5eb40>,0,2,[8 1],1,2,4,1,2
1,<environment.Job instance at 0x146f7be5edc0>,1,12,[ 1 10],2,4,16,2,3
1,<environment.Job instance at 0x146f6f087140>,0,3,[9 2],1,1,4,0,1
1,<environment.Job instance at 0x146f6f087370>,4,2,[1 8],5,539,541,534,539
1,<environment.Job instance at 0x146f79aa7c80>,1,3,[1 9],2,2,5,0,2
1,<environment.Job instance at 0x146f7300a0f0>,4,2,[7 2],5,5,7,0,5
1,<environment.Job instance at 0x146f7300a230>,5,3,[9 2],6,7,10,1,6
1,<environment.Job instance at 0x146f74d0c050>,7,1,[2 6],8,10,11,2,8
1,<environment.Job instance at 0x146f7300ab40>,1,13,[2 8],2,2,15,0,2
1,<environment.Job instance at 0x146f744ce960>,2,2,[10  1],5,5,7,0,5
1,<environment.Job instance at 0x146f73337320>,3,3,[6 2],6,7,10,1,6
1,<environment.Job instance at 0x146f73337730>,5,3,[6 1],9,19,22,10,19
1,<environment.Job instance at 0x146f809c4be0>,2,2,[2 8],4,4,6,0,4
1,<environment.Job instance at 0x146f742c2410>,4,2,[2 7],6,6,8,0,6
1,<environment.Job instance at 0x146f76c805a0>,1,3,[2 9],2,2,5,0,2
1,<environment.Job instance at 0x146f72539780>,4,2,[1 8],5,107,109,102,107
1,<environment.Job instance at 0x146fcef89aa0>,1,3,[1 9],2,2,5,0,2
1,<environment.Job instance at 0x146fce4a8910>,4,2,[7 2],5,5,7,0,5
1,<environment.Job instance at 0x146fce4a81e0>,6,18,[8 1],7,9,27,2,9
1,<environment.Job instance at 0x146f6ed51a50>,1,13,[2 8],2,4,17,2,4
1,<environment.Job instance at 0x146f6ea83230>,4,2,[8 1],7,7,9,0,7
1,<environment.Job instance at 0x146f6ec4d730>,2,2,[10  1],5,5,7,0,5
1,<environment.Job instance at 0x146f758e0b90>,3,3,[6 2],6,7,10,1,6
1,<environment.Job instance at 0x146f76a1b050>,2,2,[2 8],4,4,6,0,4
1,<environment.Job instance at 0x146f78021be0>,5,2,[2 7],7,7,9,0,7
1,<environment.Job instance at 0x146f7642c960>,4,2,[1 8],5,564,566,559,564
1,<environment.Job instance at 0x146f7230ad20>,1,3,[1 9],2,2,5,0,2
1,<environment.Job instance at 0x146f72b89050>,4,2,[7 2],5,5,7,0,5
1,<environment.Job instance at 0x146f74d9c140>,6,18,[8 1],7,9,27,2,9
1,<environment.Job instance at 0x146f827be4b0>,1,13,[2 8],2,4,17,2,4
1,<environment.Job instance at 0x146f79887960>,4,2,[8 1],7,7,9,0,7
1,<environment.Job instance at 0x146f822b0140>,2,2,[10  1],5,5,7,0,5
1,<environment.Job instance at 0x146f7459fe60>,3,3,[6 2],6,7,10,1,6
1,<environment.Job instance at 0x146fcef40be0>,2,2,[2 8],4,4,6,0,4
1,<environment.Job instance at 0x146f74545d70>,5,2,[2 7],7,7,9,0,7
1,<environment.Job instance at 0x146f74ab8870>,4,2,[1 8],5,543,545,538,543
1,<environment.Job instance at 0x146f8013d140>,1,3,[1 9],2,2,5,0,2
1,<environment.Job instance at 0x146f72fd1370>,4,2,[7 2],5,5,7,0,5
1,<environment.Job instance at 0x146f72fd1a50>,5,3,[9 2],6,7,10,1,6
1,<environment.Job instance at 0x146f7aabba00>,7,1,[2 6],8,10,11,2,8
1,<environment.Job instance at 0x146f82472280>,1,13,[2 8],2,2,15,0,2
1,<environment.Job instance at 0x146f72c96230>,5,2,[ 1 10],8,15,17,7,12
1,<environment.Job instance at 0x146f76e69140>,2,2,[10  1],5,5,7,0,5
1,<environment.Job instance at 0x146f7405c410>,3,3,[6 2],6,9,12,3,9
1,<environment.Job instance at 0x146f7243f6e0>,4,2,[2 7],6,6,8,0,6
1,<environment.Job instance at 0x146f71fe5e60>,1,3,[2 9],2,2,5,0,2
1,<environment.Job instance at 0x146f814bd690>,4,2,[1 8],5,107,109,102,107
1,<environment.Job instance at 0x146f77367500>,1,3,[1 9],2,2,5,0,2
1,<environment.Job instance at 0x146f77367960>,6,18,[8 1],7,9,27,2,9
1,<environment.Job instance at 0x146f7790b640>,1,13,[2 8],2,2,15,0,2
1,<environment.Job instance at 0x146f72b70b40>,4,2,[8 1],7,7,9,0,7
1,<environment.Job instance at 0x146f80126e10>,0,1,[2 5],1,1,2,0,1
1,<environment.Job instance at 0x146f801268c0>,2,2,[10  1],5,5,7,0,5
1,<environment.Job instance at 0x146f758f2280>,3,3,[6 2],6,7,10,1,6
1,<environment.Job instance at 0x146f78408d20>,0,2,[8 1],1,1,3,0,1
1,<environment.Job instance at 0x146f788aaeb0>,2,2,[2 8],4,4,6,0,4
1,<environment.Job instance at 0x146f75a3e140>,4,2,[1 8],5,410,412,405,410
1,<environment.Job instance at 0x146f816ccdc0>,1,3,[1 9],2,2,5,0,2
1,<environment.Job instance at 0x146f7aa80c80>,2,3,[1 8],3,3,6,0,3
1,<environment.Job instance at 0x146f6f124f50>,3,3,[1 8],4,6,9,2,4
1,<environment.Job instance at 0x146f73db33c0>,2,2,[10  1],5,5,7,0,5
1,<environment.Job instance at 0x146f73aa0910>,0,3,[9 2],1,1,4,0,1
1,<environment.Job instance at 0x146f73aa0820>,4,2,[1 8],5,1130,1132,1125,1130
1,<environment.Job instance at 0x146f73d067d0>,1,3,[1 9],2,2,5,0,2
1,<environment.Job instance at 0x146f81bf5050>,6,18,[8 1],7,9,27,2,9
1,<environment.Job instance at 0x146f7ab4f0f0>,5,2,[ 1 10],8,8,10,0,8
1,<environment.Job instance at 0x146f78253c80>,2,2,[10  1],5,5,7,0,5
1,<environment.Job instance at 0x146f78253820>,3,3,[6 2],6,7,10,1,6
1,<environment.Job instance at 0x146f9557c370>,5,3,[6 1],9,10,13,1,10
1,<environment.Job instance at 0x146f73eb5f50>,1,12,[ 1 10],2,2,14,0,2
1,<environment.Job instance at 0x146f6f1e3a50>,3,1,[2 7],5,14,15,9,5
1,<environment.Job instance at 0x146f94c84190>,4,2,[1 8],5,1845,1847,1840,1845
1,<environment.Job instance at 0x146f79458b90>,1,3,[1 9],2,2,5,0,2
1,<environment.Job instance at 0x146f800bd0a0>,4,2,[7 2],5,5,7,0,5
1,<environment.Job instance at 0x146f800bd550>,6,18,[8 1],7,8,26,1,8
1,<environment.Job instance at 0x146f800bd410>,1,13,[2 8],2,2,15,0,2
1,<environment.Job instance at 0x146f7686cf50>,4,2,[8 1],7,7,9,0,7
1,<environment.Job instance at 0x146f940709b0>,0,1,[2 5],1,1,2,0,1
1,<environment.Job instance at 0x146f73ba2cd0>,2,2,[10  1],5,5,7,0,5
1,<environment.Job instance at 0x146f7686c730>,3,3,[6 2],6,7,10,1,6
1,<environment.Job instance at 0x146f73ba2190>,1,12,[ 1 10],2,2,14,0,2
1,<environment.Job instance at 0x146f769c1eb0>,3,1,[2 7],5,14,15,9,5
1,<environment.Job instance at 0x146f769c1c80>,4,2,[2 7],6,15,17,9,6
1,<environment.Job instance at 0x146f74126410>,1,3,[2 9],2,2,5,0,2
1,<environment.Job instance at 0x146f798c7140>,0,3,[9 2],1,5,8,4,2
1,<environment.Job instance at 0x146f798c7be0>,4,2,[1 8],5,185,187,180,185
1,<environment.Job instance at 0x146f72813be0>,1,3,[1 9],2,2,5,0,2
1,<environment.Job instance at 0x146fcd2f9550>,6,18,[8 1],7,9,27,2,9
1,<environment.Job instance at 0x146f72813f00>,1,13,[2 8],2,2,15,0,2
1,<environment.Job instance at 0x146f77da9c80>,5,2,[ 1 10],8,15,17,7,8
1,<environment.Job instance at 0x146f7479d640>,2,2,[10  1],5,5,7,0,5
1,<environment.Job instance at 0x146f6f1a6640>,3,3,[6 2],6,7,10,1,6
1,<environment.Job instance at 0x146f71ff6d70>,0,2,[8 1],1,1,3,0,1
1,<environment.Job instance at 0x146f78a6fc30>,5,2,[2 7],7,7,9,0,7
1,<environment.Job instance at 0x146f72268320>,4,2,[1 8],5,70,72,65,70
1,<environment.Job instance at 0x146f7739bf00>,1,3,[1 9],2,2,5,0,2
1,<environment.Job instance at 0x146f7168baa0>,6,18,[8 1],7,9,27,2,9
1,<environment.Job instance at 0x146f71758be0>,1,13,[2 8],2,2,15,0,2
1,<environment.Job instance at 0x146f718377d0>,4,2,[8 1],7,7,9,0,7
1,<environment.Job instance at 0x146f7174a960>,0,1,[2 5],1,1,2,0,1
1,<environment.Job instance at 0x146f80aa5050>,2,2,[10  1],5,5,7,0,5
1,<environment.Job instance at 0x146f716dbb90>,3,3,[6 2],6,7,10,1,6
1,<environment.Job instance at 0x146f73d1db40>,1,12,[ 1 10],2,2,14,0,2
1,<environment.Job instance at 0x146f7168c460>,1,3,[2 9],2,2,5,0,2
1,<environment.Job instance at 0x146f95886fa0>,0,3,[9 2],1,5,8,4,2
1,<environment.Job instance at 0x146f7a133140>,4,2,[1 8],5,185,187,180,185
1,<environment.Job instance at 0x146f7ac3c820>,1,3,[1 9],2,2,5,0,2
1,<environment.Job instance at 0x146f76a34960>,6,18,[8 1],7,9,27,2,9
1,<environment.Job instance at 0x146f96f51c80>,1,13,[2 8],2,2,15,0,2
1,<environment.Job instance at 0x146f7565e550>,5,2,[ 1 10],8,15,17,7,8
1,<environment.Job instance at 0x146f7565edc0>,2,2,[10  1],5,5,7,0,5
1,<environment.Job instance at 0x146f7aa8f5a0>,3,3,[6 2],6,7,10,1,6
1,<environment.Job instance at 0x146f80fdd460>,2,2,[2 8],4,4,6,0,4
1,<environment.Job instance at 0x146f80fdd960>,6,16,[10  2],9,96,112,87,96
1,<environment.Job instance at 0x146f780ace60>,4,2,[1 8],5,192,194,187,192
1,<environment.Job instance at 0x146f71c680f0>,1,3,[1 9],2,2,5,0,2
1,<environment.Job instance at 0x146f94912230>,6,18,[8 1],7,9,27,2,9
1,<environment.Job instance at 0x146f6f1a1190>,1,13,[2 8],2,2,15,0,2
1,<environment.Job instance at 0x146f737800a0>,4,2,[8 1],7,7,9,0,7
1,<environment.Job instance at 0x146f82c6de60>,0,1,[2 5],1,1,2,0,1
1,<environment.Job instance at 0x146f82c6d190>,2,2,[10  1],5,5,7,0,5
1,<environment.Job instance at 0x146f730e7aa0>,3,3,[6 2],6,7,10,1,6
1,<environment.Job instance at 0x146f77388e60>,2,2,[2 8],4,4,6,0,4
1,<environment.Job instance at 0x146f75468640>,2,1,[2 7],3,3,4,0,3
1,<environment.Job instance at 0x146f8277a6e0>,4,2,[1 8],5,1039,1041,1034,1039
1,<environment.Job instance at 0x146f720e43c0>,1,3,[1 9],2,2,5,0,2
1,<environment.Job instance at 0x146f716c7eb0>,6,18,[8 1],7,8,26,1,8
1,<environment.Job instance at 0x146f71699320>,1,13,[2 8],2,2,15,0,2
1,<environment.Job instance at 0x146f6e991640>,0,1,[2 5],1,1,2,0,1
1,<environment.Job instance at 0x146f6e991780>,2,2,[10  1],5,5,7,0,5
1,<environment.Job instance at 0x146f831c7cd0>,3,3,[6 2],6,7,10,1,6
1,<environment.Job instance at 0x146f75fcac80>,2,2,[2 8],4,4,6,0,4
1,<environment.Job instance at 0x146f72127b90>,4,2,[1 8],5,1117,1119,1112,1117
1,<environment.Job instance at 0x146f72b76870>,1,3,[1 9],2,2,5,0,2
1,<environment.Job instance at 0x146f7813baf0>,5,3,[9 2],6,7,10,1,7
1,<environment.Job instance at 0x146f7813bd70>,6,18,[8 1],7,10,28,3,8
1,<environment.Job instance at 0x146f79f4ef00>,1,13,[2 8],2,2,15,0,2
1,<environment.Job instance at 0x146f9492f960>,2,2,[10  1],5,5,7,0,5
1,<environment.Job instance at 0x146f9492f5f0>,3,3,[6 2],6,7,10,1,6
1,<environment.Job instance at 0x146f7a1ba9b0>,2,2,[2 8],4,4,6,0,4
1,<environment.Job instance at 0x146f94b7eeb0>,4,2,[1 8],5,1117,1119,1112,1117
1,<environment.Job instance at 0x146f8135ddc0>,1,3,[1 9],2,2,5,0,2
1,<environment.Job instance at 0x146f961b8550>,5,3,[9 2],6,7,10,1,7
1,<environment.Job instance at 0x146f8135da00>,6,18,[8 1],7,10,28,3,8
1,<environment.Job instance at 0x146f961b80f0>,1,13,[2 8],2,2,15,0,2
1,<environment.Job instance at 0x146f745a6050>,2,2,[10  1],5,5,7,0,5
1,<environment.Job instance at 0x146f7a33c2d0>,3,3,[6 2],6,7,10,1,6
1,<environment.Job instance at 0x146f743ad0f0>,2,2,[2 8],4,4,6,0,4
1,<environment.Job instance at 0x146f72e77780>,4,2,[1 8],5,1117,1119,1112,1117
1,<environment.Job instance at 0x146f76f89690>,1,3,[1 9],2,2,5,0,2
1,<environment.Job instance at 0x146f7a7a53c0>,5,3,[9 2],6,6,9,0,6
1,<environment.Job instance at 0x146f79894fa0>,7,1,[2 6],8,9,10,1,8
1,<environment.Job instance at 0x146f711799b0>,2,3,[1 8],3,3,6,0,3
1,<environment.Job instance at 0x146f71179050>,2,2,[10  1],5,5,7,0,5
1,<environment.Job instance at 0x146f70fb01e0>,3,3,[6 2],6,7,10,1,6
1,<environment.Job instance at 0x146f6ececf50>,0,2,[8 1],1,1,3,0,1
1,<environment.Job instance at 0x146f6ecec7d0>,3,1,[2 7],5,5,6,0,5
1,<environment.Job instance at 0x146fcc26dcd0>,4,2,[2 7],6,6,8,0,6
1,<environment.Job instance at 0x146f79d844b0>,1,3,[2 9],2,2,5,0,2
1,<environment.Job instance at 0x146f763d6960>,4,2,[1 8],5,130,132,125,130
1,<environment.Job instance at 0x146f71c31370>,1,3,[1 9],2,2,5,0,2
1,<environment.Job instance at 0x146f95075a50>,5,3,[9 2],6,6,9,0,6
1,<environment.Job instance at 0x146f76b5d5f0>,2,3,[1 8],3,3,6,0,3
1,<environment.Job instance at 0x146f732fe1e0>,3,3,[1 8],4,6,9,2,4
1,<environment.Job instance at 0x146f6ffa2a50>,2,2,[10  1],5,5,7,0,5
1,<environment.Job instance at 0x146f6ffa2c80>,3,3,[6 2],6,7,10,1,6
1,<environment.Job instance at 0x146f6ffab320>,5,3,[6 1],9,13,16,4,13
1,<environment.Job instance at 0x146f725abb40>,3,1,[2 7],5,5,6,0,5
1,<environment.Job instance at 0x146f9517c550>,5,2,[2 7],7,7,9,0,7
1,<environment.Job instance at 0x146f782d80a0>,1,3,[1 9],2,2,5,0,2
1,<environment.Job instance at 0x146f96e438c0>,5,3,[9 2],6,6,9,0,6
1,<environment.Job instance at 0x146f8154abe0>,2,3,[1 8],3,3,6,0,3
1,<environment.Job instance at 0x146f760db910>,3,3,[1 8],4,6,9,2,4
1,<environment.Job instance at 0x146f743864b0>,2,2,[10  1],5,5,7,0,5
1,<environment.Job instance at 0x146f81e96370>,3,3,[6 2],6,7,10,1,6
1,<environment.Job instance at 0x146f81e96780>,5,3,[6 1],9,34,37,25,34
1,<environment.Job instance at 0x146f72fd15f0>,0,2,[8 1],1,1,3,0,1
1,<environment.Job instance at 0x146f73ec70a0>,4,2,[2 7],6,6,8,0,6
1,<environment.Job instance at 0x146f73ec7fa0>,5,2,[2 7],7,8,10,1,7
1,<environment.Job instance at 0x146f71255640>,1,3,[1 9],2,2,5,0,2
1,<environment.Job instance at 0x146f6ebe3d20>,4,2,[7 2],5,5,7,0,5
1,<environment.Job instance at 0x146f7a051b40>,5,3,[9 2],6,7,10,1,6
1,<environment.Job instance at 0x146f7257bdc0>,7,1,[2 6],8,10,11,2,8
1,<environment.Job instance at 0x146f7a051dc0>,2,3,[1 8],3,3,6,0,3
1,<environment.Job instance at 0x146f7ad60cd0>,3,3,[1 8],4,6,9,2,4
1,<environment.Job instance at 0x146f7a964320>,2,2,[10  1],5,5,7,0,5
1,<environment.Job instance at 0x146f73ea4500>,3,3,[6 2],6,7,10,1,6
1,<environment.Job instance at 0x146fcf49ef50>,5,3,[6 1],9,20,23,11,20
1,<environment.Job instance at 0x146f71838780>,0,2,[8 1],1,1,3,0,1
1,<environment.Job instance at 0x146f79958910>,3,1,[2 7],5,5,6,0,5
1,<environment.Job instance at 0x146f8130e7d0>,4,2,[2 7],6,6,8,0,6
1,<environment.Job instance at 0x146f7980f8c0>,5,2,[2 7],7,8,10,1,7
1,<environment.Job instance at 0x146f74e1f640>,1,3,[1 9],2,2,5,0,2
1,<environment.Job instance at 0x146f73d30320>,4,2,[7 2],5,5,7,0,5
1,<environment.Job instance at 0x146f73d30280>,5,3,[9 2],6,7,10,1,6
1,<environment.Job instance at 0x146f73d30a50>,7,1,[2 6],8,10,11,2,8
1,<environment.Job instance at 0x146f97370960>,2,3,[1 8],3,3,6,0,3
1,<environment.Job instance at 0x146f707eaf00>,3,3,[1 8],4,6,9,2,4
1,<environment.Job instance at 0x146f707fad70>,2,2,[10  1],5,5,7,0,5
1,<environment.Job instance at 0x146f6fb2a230>,3,3,[6 2],6,7,10,1,6
1,<environment.Job instance at 0x146f6fb2a280>,5,3,[6 1],9,13,16,4,13
1,<environment.Job instance at 0x146f7215b190>,0,2,[8 1],1,1,3,0,1
1,<environment.Job instance at 0x146f7215b4b0>,3,1,[2 7],5,5,6,0,5
1,<environment.Job instance at 0x146f7892e190>,4,2,[2 7],6,6,8,0,6
1,<environment.Job instance at 0x146f7892e050>,5,2,[2 7],7,8,10,1,7
1,<environment.Job instance at 0x146f74746b40>,1,3,[1 9],2,2,5,0,2
1,<environment.Job instance at 0x146f73c20500>,4,2,[7 2],5,5,7,0,5
1,<environment.Job instance at 0x146f70dee230>,5,3,[9 2],6,7,10,1,6
1,<environment.Job instance at 0x146f70e176e0>,7,1,[2 6],8,10,11,2,8
1,<environment.Job instance at 0x146f6f04feb0>,2,3,[1 8],3,3,6,0,3
1,<environment.Job instance at 0x146f7b3fe820>,3,3,[1 8],4,6,9,2,4
1,<environment.Job instance at 0x146f6f4125a0>,2,2,[10  1],5,5,7,0,5
1,<environment.Job instance at 0x146f7356e870>,3,3,[6 2],6,7,10,1,6
1,<environment.Job instance at 0x146f7356e8c0>,5,3,[6 1],9,13,16,4,13
1,<environment.Job instance at 0x146f7a5075f0>,0,2,[8 1],1,1,3,0,1
1,<environment.Job instance at 0x146f838b8eb0>,3,1,[2 7],5,5,6,0,5
1,<environment.Job instance at 0x146f79bf5780>,4,2,[2 7],6,6,8,0,6
1,<environment.Job instance at 0x146f838b8e10>,5,2,[2 7],7,8,10,1,7
1,<environment.Job instance at 0x146f755b0640>,1,3,[1 9],2,2,5,0,2
1,<environment.Job instance at 0x146f726146e0>,4,2,[7 2],5,5,7,0,5
1,<environment.Job instance at 0x146fcda55410>,5,3,[9 2],6,7,10,1,6
1,<environment.Job instance at 0x146fceec8870>,7,1,[2 6],8,10,11,2,8
1,<environment.Job instance at 0x146f70879820>,2,3,[1 8],3,3,6,0,3
1,<environment.Job instance at 0x146fce78a910>,3,3,[1 8],4,6,9,2,4
1,<environment.Job instance at 0x146f71083190>,2,2,[10  1],5,5,7,0,5
1,<environment.Job instance at 0x146f834372d0>,3,3,[6 2],6,7,10,1,6
1,<environment.Job instance at 0x146f834370a0>,5,3,[6 1],9,20,23,11,20
1,<environment.Job instance at 0x146f7839f960>,0,2,[8 1],1,1,3,0,1
1,<environment.Job instance at 0x146f6f239730>,3,1,[2 7],5,5,6,0,5
1,<environment.Job instance at 0x146f6f239f50>,4,2,[2 7],6,6,8,0,6
1,<environment.Job instance at 0x146f6f239e60>,5,2,[2 7],7,8,10,1,7
1,<environment.Job instance at 0x146f748cdb90>,1,3,[1 9],2,2,5,0,2
1,<environment.Job instance at 0x146fcd805c80>,4,2,[7 2],5,5,7,0,5
1,<environment.Job instance at 0x146fcd805d70>,5,3,[9 2],6,7,10,1,6
1,<environment.Job instance at 0x146fcd8050a0>,7,1,[2 6],8,10,11,2,8
1,<environment.Job instance at 0x146f75c8c4b0>,2,3,[1 8],3,3,6,0,3
1,<environment.Job instance at 0x146f6f0eda50>,3,3,[1 8],4,6,9,2,4
1,<environment.Job instance at 0x146f7aa46fa0>,2,2,[10  1],5,5,7,0,5
1,<environment.Job instance at 0x146fcd860e60>,3,3,[6 2],6,7,10,1,6
1,<environment.Job instance at 0x146fcd860d70>,5,3,[6 1],9,20,23,11,20
1,<environment.Job instance at 0x146f76b81eb0>,0,2,[8 1],1,1,3,0,1
1,<environment.Job instance at 0x146f76b81dc0>,3,1,[2 7],5,5,6,0,5
1,<environment.Job instance at 0x146f7644a140>,4,2,[2 7],6,6,8,0,6
1,<environment.Job instance at 0x146f7644a5a0>,5,2,[2 7],7,8,10,1,7
1,<environment.Job instance at 0x146f721e5dc0>,1,3,[1 9],2,2,5,0,2
1,<environment.Job instance at 0x146f70ecee10>,5,3,[9 2],6,6,9,0,6
1,<environment.Job instance at 0x146f70eea280>,2,3,[1 8],3,3,6,0,3
1,<environment.Job instance at 0x146f80c5fd20>,3,3,[1 8],4,6,9,2,4
1,<environment.Job instance at 0x146f809e07d0>,2,2,[10  1],5,5,7,0,5
1,<environment.Job instance at 0x146f8366bc30>,3,3,[6 2],6,7,10,1,6
1,<environment.Job instance at 0x146f70eceb40>,5,3,[6 1],9,13,16,4,13
1,<environment.Job instance at 0x146f714f08c0>,0,2,[8 1],1,1,3,0,1
1,<environment.Job instance at 0x146f70699280>,3,1,[2 7],5,5,6,0,5
1,<environment.Job instance at 0x146f70699dc0>,5,2,[2 7],7,7,9,0,7
1,<environment.Job instance at 0x146f72c7a2d0>,1,3,[1 9],2,2,5,0,2
1,<environment.Job instance at 0x146f72b04dc0>,5,3,[9 2],6,6,9,0,6
1,<environment.Job instance at 0x146f80ea9a50>,2,3,[1 8],3,3,6,0,3
1,<environment.Job instance at 0x146f73e771e0>,3,3,[1 8],4,6,9,2,4
1,<environment.Job instance at 0x146f6b709730>,3,3,[6 2],6,6,9,0,6
1,<environment.Job instance at 0x146f6b709960>,5,3,[6 1],9,13,16,4,13
1,<environment.Job instance at 0x146f6b709780>,0,2,[8 1],1,1,3,0,1
1,<environment.Job instance at 0x146f9553cdc0>,5,2,[2 7],7,7,9,0,7
1,<environment.Job instance at 0x146f76e9d870>,1,3,[1 9],2,2,5,0,2
1,<environment.Job instance at 0x146f6fed0690>,4,2,[7 2],5,5,7,0,5
1,<environment.Job instance at 0x146f6fed0a00>,5,3,[9 2],6,7,10,1,6
1,<environment.Job instance at 0x146f94aca730>,8,13,[6 1],9,14,27,5,14
1,<environment.Job instance at 0x146f80d57140>,0,2,[6 1],1,1,3,0,1
1,<environment.Job instance at 0x146f837a7910>,5,2,[ 1 10],8,8,10,0,8
1,<environment.Job instance at 0x146f96b7fb90>,2,2,[10  1],5,5,7,0,5
1,<environment.Job instance at 0x146f6fed08c0>,3,3,[6 2],6,7,10,1,6
1,<environment.Job instance at 0x146f94a47960>,0,2,[8 1],1,1,3,0,1
1,<environment.Job instance at 0x146f782aea00>,3,1,[2 7],5,5,6,0,5
1,<environment.Job instance at 0x146f782ae500>,4,2,[2 7],6,6,8,0,6
1,<environment.Job instance at 0x146f782ae9b0>,5,2,[2 7],7,8,10,1,7
1,<environment.Job instance at 0x146f74baeeb0>,0,3,[9 2],1,1,4,0,1
1,<environment.Job instance at 0x146fcc5d3aa0>,1,3,[1 9],2,2,5,0,2
1,<environment.Job instance at 0x146fcd8144b0>,4,2,[7 2],5,5,7,0,5
1,<environment.Job instance at 0x146fcd814dc0>,5,3,[9 2],6,7,10,1,6
1,<environment.Job instance at 0x146f771907d0>,2,3,[1 8],3,3,6,0,3
1,<environment.Job instance at 0x146f726ccdc0>,3,3,[1 8],4,6,9,2,4
1,<environment.Job instance at 0x146f6fde1870>,2,2,[10  1],5,5,7,0,5
1,<environment.Job instance at 0x146f808624b0>,3,3,[6 2],6,7,10,1,6
1,<environment.Job instance at 0x146f738be320>,5,3,[6 1],9,56,59,47,56
1,<environment.Job instance at 0x146f81751c80>,0,2,[8 1],1,1,3,0,1
1,<environment.Job instance at 0x146f764d43c0>,2,2,[2 8],4,4,6,0,4
1,<environment.Job instance at 0x146f97097a50>,1,3,[1 9],2,2,5,0,2
1,<environment.Job instance at 0x146f95b2faa0>,4,2,[7 2],5,5,7,0,5
1,<environment.Job instance at 0x146f95b2fdc0>,5,3,[9 2],6,7,10,1,6
1,<environment.Job instance at 0x146f78731280>,2,3,[1 8],3,3,6,0,3
1,<environment.Job instance at 0x146f6e84a550>,3,3,[1 8],4,6,9,2,4
1,<environment.Job instance at 0x146f970efaa0>,2,2,[10  1],5,5,7,0,5
1,<environment.Job instance at 0x146f767683c0>,3,3,[6 2],6,7,10,1,6
1,<environment.Job instance at 0x146f76768a00>,5,3,[6 1],9,48,51,39,48
1,<environment.Job instance at 0x146f77c960f0>,0,2,[8 1],1,1,3,0,1
1,<environment.Job instance at 0x146f8168a690>,4,2,[2 7],6,6,8,0,6
1,<environment.Job instance at 0x146f8168a8c0>,5,2,[2 7],7,8,10,1,7
1,<environment.Job instance at 0x146f72ff0f00>,1,3,[1 9],2,2,5,0,2
1,<environment.Job instance at 0x146f72a572d0>,4,2,[7 2],5,5,7,0,5
1,<environment.Job instance at 0x146f72a57a50>,5,3,[9 2],6,7,10,1,6
1,<environment.Job instance at 0x146f816cc1e0>,2,3,[1 8],3,3,6,0,3
1,<environment.Job instance at 0x146f725e8780>,3,3,[1 8],4,6,9,2,4
1,<environment.Job instance at 0x146f782ae500>,2,2,[10  1],5,5,7,0,5
1,<environment.Job instance at 0x146f6de75f50>,3,3,[6 2],6,7,10,1,6
1,<environment.Job instance at 0x146f6de6f6e0>,5,3,[6 1],9,48,51,39,48
1,<environment.Job instance at 0x146f6ded4280>,1,12,[ 1 10],2,2,14,0,2
1,<environment.Job instance at 0x146f77cd0aa0>,5,2,[2 7],7,14,16,7,7
1,<environment.Job instance at 0x146fccf599b0>,0,3,[9 2],1,1,4,0,1
1,<environment.Job instance at 0x146f786f65f0>,1,3,[1 9],2,2,5,0,2
1,<environment.Job instance at 0x146f779b0230>,4,2,[7 2],5,5,7,0,5
1,<environment.Job instance at 0x146f779b0f00>,5,3,[9 2],6,7,10,1,6
1,<environment.Job instance at 0x146f779b02d0>,7,1,[2 6],8,10,11,2,8
1,<environment.Job instance at 0x146f796d54b0>,2,3,[1 8],3,3,6,0,3
1,<environment.Job instance at 0x146f76113be0>,3,3,[1 8],4,6,9,2,4
1,<environment.Job instance at 0x146f700dc0a0>,2,2,[10  1],5,5,7,0,5
1,<environment.Job instance at 0x146f770e0140>,3,3,[6 2],6,7,10,1,6
1,<environment.Job instance at 0x146f741b4320>,0,2,[8 1],1,1,3,0,1
1,<environment.Job instance at 0x146f760ff730>,5,2,[2 7],7,7,9,0,7
1,<environment.Job instance at 0x146f96f47e10>,1,3,[2 9],2,2,5,0,2
1,<environment.Job instance at 0x146f6e71beb0>,0,3,[9 2],1,5,8,4,2
1,<environment.Job instance at 0x146f756a4460>,1,3,[1 9],2,2,5,0,2
1,<environment.Job instance at 0x146f756a4a00>,4,2,[7 2],5,5,7,0,5
1,<environment.Job instance at 0x146f71837050>,5,3,[9 2],6,7,10,1,6
1,<environment.Job instance at 0x146f836f6b40>,7,1,[2 6],8,10,11,2,8
1,<environment.Job instance at 0x146f754f8230>,2,3,[1 8],3,3,6,0,3
1,<environment.Job instance at 0x146f73c4b140>,3,3,[1 8],4,6,9,2,4
1,<environment.Job instance at 0x146f839415f0>,2,2,[10  1],5,5,7,0,5
1,<environment.Job instance at 0x146f8160fbe0>,3,3,[6 2],6,7,10,1,6
1,<environment.Job instance at 0x146f714fa230>,0,2,[8 1],1,1,3,0,1
1,<environment.Job instance at 0x146f7017fbe0>,3,1,[2 7],5,5,6,0,5
1,<environment.Job instance at 0x146f7206c870>,4,2,[2 7],6,6,8,0,6
1,<environment.Job instance at 0x146f7206ca00>,5,2,[2 7],7,8,10,1,7
1,<environment.Job instance at 0x146f71757140>,0,3,[9 2],1,1,4,0,1
1,<environment.Job instance at 0x146f6e838b40>,1,3,[2 9],2,4,7,2,2
1,<environment.Job instance at 0x146f72a40690>,1,3,[1 9],2,2,5,0,2
1,<environment.Job instance at 0x146f7553b280>,4,2,[7 2],5,5,7,0,5
1,<environment.Job instance at 0x146f9666ceb0>,5,3,[9 2],6,7,10,1,6
1,<environment.Job instance at 0x146f9666ca50>,7,1,[2 6],8,10,11,2,8
1,<environment.Job instance at 0x146f6f841b90>,2,3,[1 8],3,3,6,0,3
1,<environment.Job instance at 0x146f75393870>,3,3,[1 8],4,6,9,2,4
1,<environment.Job instance at 0x146f75393410>,2,2,[10  1],5,5,7,0,5
1,<environment.Job instance at 0x146f8353d190>,3,3,[6 2],6,7,10,1,6
1,<environment.Job instance at 0x146f7bedc870>,4,2,[2 7],6,6,8,0,6
1,<environment.Job instance at 0x146f7be82500>,5,2,[2 7],7,8,10,1,7
1,<environment.Job instance at 0x146f80d26f00>,0,3,[9 2],1,1,4,0,1
1,<environment.Job instance at 0x146f763fb140>,1,3,[1 9],2,2,5,0,2
1,<environment.Job instance at 0x146f714f97d0>,4,2,[7 2],5,5,7,0,5
1,<environment.Job instance at 0x146f714f9050>,5,3,[9 2],6,7,10,1,6
1,<environment.Job instance at 0x146f714f9190>,7,1,[2 6],8,10,11,2,8
1,<environment.Job instance at 0x146f756768c0>,2,3,[1 8],3,3,6,0,3
1,<environment.Job instance at 0x146f6edf0500>,3,3,[1 8],4,6,9,2,4
1,<environment.Job instance at 0x146f7294c410>,2,2,[10  1],5,5,7,0,5
1,<environment.Job instance at 0x146f943ca230>,3,3,[6 2],6,7,10,1,6
1,<environment.Job instance at 0x146f943ca500>,5,3,[6 1],9,48,51,39,48
1,<environment.Job instance at 0x146f749f1c80>,0,2,[8 1],1,1,3,0,1
1,<environment.Job instance at 0x146f749f1730>,2,2,[2 8],4,4,6,0,4
1,<environment.Job instance at 0x146f7377eb40>,5,2,[2 7],7,7,9,0,7
1,<environment.Job instance at 0x146f74351640>,1,3,[2 9],2,2,5,0,2
1,<environment.Job instance at 0x146f815ca6e0>,1,3,[1 9],2,2,5,0,2
1,<environment.Job instance at 0x146f71eccc80>,4,2,[7 2],5,5,7,0,5
1,<environment.Job instance at 0x146f71ecc230>,5,3,[9 2],6,7,10,1,6
1,<environment.Job instance at 0x146f71ecc6e0>,7,1,[2 6],8,10,11,2,8
1,<environment.Job instance at 0x146f71eccc30>,2,3,[1 8],3,3,6,0,3
1,<environment.Job instance at 0x146f95e61be0>,3,3,[1 8],4,6,9,2,4
1,<environment.Job instance at 0x146f833706e0>,2,2,[10  1],5,5,7,0,5
1,<environment.Job instance at 0x146f767f3eb0>,3,3,[6 2],6,7,10,1,6
1,<environment.Job instance at 0x146f767f32d0>,5,3,[6 1],9,48,51,39,48
1,<environment.Job instance at 0x146f767f3f50>,0,2,[8 1],1,1,3,0,1
1,<environment.Job instance at 0x146f74b03be0>,2,2,[2 8],4,4,6,0,4
1,<environment.Job instance at 0x146f72506410>,5,2,[2 7],7,7,9,0,7
1,<environment.Job instance at 0x146f71628d20>,1,3,[2 9],2,2,5,0,2
1,<environment.Job instance at 0x146f7ae91870>,1,3,[1 9],2,2,5,0,2
1,<environment.Job instance at 0x146f6e6497d0>,4,2,[7 2],5,5,7,0,5
1,<environment.Job instance at 0x146f6e649870>,5,3,[9 2],6,7,10,1,6
1,<environment.Job instance at 0x146f6e49eaa0>,7,1,[2 6],8,10,11,2,8
1,<environment.Job instance at 0x146f786efaf0>,2,3,[1 8],3,3,6,0,3
1,<environment.Job instance at 0x146f6e9abaa0>,3,3,[1 8],4,6,9,2,4
1,<environment.Job instance at 0x146f6e49ee60>,2,2,[10  1],5,5,7,0,5
1,<environment.Job instance at 0x146f719565a0>,3,3,[6 2],6,7,10,1,6
1,<environment.Job instance at 0x146f7aeb6370>,5,3,[6 1],9,56,59,47,56
1,<environment.Job instance at 0x146f7728a370>,0,2,[8 1],1,1,3,0,1
1,<environment.Job instance at 0x146f7728aa50>,2,2,[2 8],4,4,6,0,4
1,<environment.Job instance at 0x146f6ca5f3c0>,5,2,[2 7],7,7,9,0,7
1,<environment.Job instance at 0x146f6ca5fd20>,1,3,[2 9],2,2,5,0,2
1,<environment.Job instance at 0x146f79fb6fa0>,1,3,[1 9],2,2,5,0,2
1,<environment.Job instance at 0x146f6f6cd0f0>,4,2,[7 2],5,5,7,0,5
1,<environment.Job instance at 0x146f7a950910>,5,3,[9 2],6,7,10,1,6
1,<environment.Job instance at 0x146f75380690>,2,3,[1 8],3,3,6,0,3
1,<environment.Job instance at 0x146f6e9b8410>,3,3,[1 8],4,6,9,2,4
1,<environment.Job instance at 0x146f7bebc1e0>,2,2,[10  1],5,5,7,0,5
1,<environment.Job instance at 0x146f82f5b460>,3,3,[6 2],6,7,10,1,6
1,<environment.Job instance at 0x146f6fb42c80>,5,3,[6 1],9,48,51,39,48
1,<environment.Job instance at 0x146f82c2dfa0>,2,2,[2 8],4,4,6,0,4
1,<environment.Job instance at 0x146f73702f50>,3,1,[2 7],5,6,7,1,5
1,<environment.Job instance at 0x146f7aa5b690>,5,2,[2 7],7,7,9,0,7
1,<environment.Job instance at 0x146f7029c780>,0,3,[9 2],1,1,4,0,1
1,<environment.Job instance at 0x146f7b038320>,1,3,[2 9],2,4,7,2,2
1,<environment.Job instance at 0x146f750355a0>,1,3,[1 9],2,2,5,0,2
1,<environment.Job instance at 0x146f6e1c2410>,4,2,[7 2],5,5,7,0,5
1,<environment.Job instance at 0x146f6e1c22d0>,5,3,[9 2],6,7,10,1,6
1,<environment.Job instance at 0x146f772c9dc0>,7,1,[2 6],8,10,11,2,8
1,<environment.Job instance at 0x146f6fa87af0>,2,3,[1 8],3,3,6,0,3
1,<environment.Job instance at 0x146f75e95c30>,3,3,[1 8],4,6,9,2,4
1,<environment.Job instance at 0x146f83ae1640>,2,2,[10  1],5,5,7,0,5
1,<environment.Job instance at 0x146f7701a780>,3,3,[6 2],6,7,10,1,6
1,<environment.Job instance at 0x146f970cd960>,0,2,[8 1],1,1,3,0,1
1,<environment.Job instance at 0x146f74eb2690>,3,1,[2 7],5,5,6,0,5
1,<environment.Job instance at 0x146f73eb88c0>,4,2,[2 7],6,6,8,0,6
1,<environment.Job instance at 0x146f74eb2a50>,5,2,[2 7],7,8,10,1,7
1,<environment.Job instance at 0x146f715c7320>,0,3,[9 2],1,1,4,0,1
1,<environment.Job instance at 0x146f96590410>,1,3,[2 9],2,4,7,2,2
1,<environment.Job instance at 0x146f74675280>,1,3,[1 9],2,2,5,0,2
1,<environment.Job instance at 0x146f74675b40>,2,1,[2 5],3,5,6,2,3
1,<environment.Job instance at 0x146f763873c0>,4,2,[7 2],5,5,7,0,5
1,<environment.Job instance at 0x146f7a3ddc30>,5,3,[9 2],6,7,10,1,6
1,<environment.Job instance at 0x146f74675230>,2,3,[1 8],3,3,6,0,3
1,<environment.Job instance at 0x146f6e7f8550>,3,3,[1 8],4,6,9,2,4
1,<environment.Job instance at 0x146f6e7f8050>,5,2,[ 1 10],8,9,11,1,8
1,<environment.Job instance at 0x146f6e7f8e10>,2,2,[10  1],5,5,7,0,5
1,<environment.Job instance at 0x146f713a3230>,3,3,[6 2],6,7,10,1,6
1,<environment.Job instance at 0x146f713a3910>,5,3,[6 1],9,56,59,47,56
1,<environment.Job instance at 0x146f752cf8c0>,2,2,[2 8],4,4,6,0,4
1,<environment.Job instance at 0x146f82144d20>,4,2,[2 7],6,6,8,0,6
1,<environment.Job instance at 0x146f82144eb0>,5,2,[2 7],7,8,10,1,7
1,<environment.Job instance at 0x146f7687c6e0>,0,3,[9 2],1,1,4,0,1
1,<environment.Job instance at 0x146f6e1963c0>,1,3,[1 9],2,2,5,0,2
1,<environment.Job instance at 0x146f771f12d0>,4,2,[7 2],5,5,7,0,5
1,<environment.Job instance at 0x146f771f1500>,5,3,[9 2],6,7,10,1,6
1,<environment.Job instance at 0x146f771f1140>,7,1,[2 6],8,10,11,2,8
1,<environment.Job instance at 0x146f6e78c870>,2,3,[1 8],3,3,6,0,3
1,<environment.Job instance at 0x146f7279a9b0>,3,3,[1 8],4,6,9,2,4
1,<environment.Job instance at 0x146f7279a550>,5,2,[ 1 10],8,9,11,1,8
1,<environment.Job instance at 0x146f7280f730>,2,2,[10  1],5,5,7,0,5
1,<environment.Job instance at 0x146f72133e10>,3,3,[6 2],6,7,10,1,6
1,<environment.Job instance at 0x146f7935a690>,5,3,[6 1],9,48,51,39,48
1,<environment.Job instance at 0x146f6e1966e0>,1,12,[ 1 10],2,2,14,0,2
1,<environment.Job instance at 0x146f7274e140>,0,3,[9 2],1,1,4,0,1
1,<environment.Job instance at 0x146f6dcc68c0>,1,3,[2 9],2,4,7,2,2
1,<environment.Job instance at 0x146f702c0fa0>,4,2,[1 8],5,951,953,946,951
1,<environment.Job instance at 0x146f7014ecd0>,1,3,[1 9],2,2,5,0,2
1,<environment.Job instance at 0x146f6feb0f00>,4,2,[7 2],5,5,7,0,5
1,<environment.Job instance at 0x146f6feb0820>,5,3,[9 2],6,7,10,1,6
1,<environment.Job instance at 0x146f7b961820>,7,1,[2 6],8,10,11,2,8
1,<environment.Job instance at 0x146fcd2b0820>,2,3,[1 8],3,3,6,0,3
1,<environment.Job instance at 0x146f7a8915a0>,3,3,[1 8],4,6,9,2,4
1,<environment.Job instance at 0x146f81b5b870>,2,2,[10  1],5,5,7,0,5
1,<environment.Job instance at 0x146f77197af0>,3,3,[6 2],6,7,10,1,6
1,<environment.Job instance at 0x146f771975a0>,5,3,[6 1],9,48,51,39,48
1,<environment.Job instance at 0x146f6fa1f2d0>,0,2,[8 1],1,1,3,0,1
1,<environment.Job instance at 0x146f6fa1f960>,2,2,[2 8],4,4,6,0,4
1,<environment.Job instance at 0x146f81fafcd0>,0,3,[9 2],1,1,4,0,1
1,<environment.Job instance at 0x146f945d5460>,1,3,[2 9],2,4,7,2,2
1,<environment.Job instance at 0x146f706a8460>,4,2,[1 8],5,1143,1145,1138,1143
1,<environment.Job instance at 0x146f72837e10>,1,3,[1 9],2,2,5,0,2
1,<environment.Job instance at 0x146f72837050>,4,2,[7 2],5,5,7,0,5
1,<environment.Job instance at 0x146f748f00a0>,5,3,[9 2],6,7,10,1,6
1,<environment.Job instance at 0x146f7008d050>,7,1,[2 6],8,10,11,2,8
1,<environment.Job instance at 0x146f6f39baa0>,2,3,[1 8],3,3,6,0,3
1,<environment.Job instance at 0x146f720514b0>,3,3,[1 8],4,6,9,2,4
1,<environment.Job instance at 0x146f755acbe0>,2,2,[10  1],5,5,7,0,5
1,<environment.Job instance at 0x146f824b8e60>,3,3,[6 2],6,7,10,1,6
1,<environment.Job instance at 0x146f700453c0>,5,3,[6 1],9,68,71,59,68
1,<environment.Job instance at 0x146f6e0009b0>,2,2,[2 8],4,4,6,0,4
1,<environment.Job instance at 0x146f6cda24b0>,4,2,[2 7],6,6,8,0,6
1,<environment.Job instance at 0x146f6e67a0f0>,5,2,[2 7],7,8,10,1,7
1,<environment.Job instance at 0x146f6c9b1a00>,0,3,[9 2],1,1,4,0,1
1,<environment.Job instance at 0x146f6d645780>,1,3,[1 9],2,2,5,0,2
1,<environment.Job instance at 0x146f6c201370>,4,2,[7 2],5,5,7,0,5
1,<environment.Job instance at 0x146f6c201730>,5,3,[9 2],6,7,10,1,6
1,<environment.Job instance at 0x146f6c1511e0>,7,1,[2 6],8,10,11,2,8
1,<environment.Job instance at 0x146f6c01c230>,2,3,[1 8],3,3,6,0,3
1,<environment.Job instance at 0x146f6c01c190>,3,3,[1 8],4,6,9,2,4
1,<environment.Job instance at 0x146f6c057780>,3,3,[6 2],6,6,9,0,6
1,<environment.Job instance at 0x146f6c02f140>,5,3,[6 1],9,13,16,4,13
1,<environment.Job instance at 0x146f77bf2d20>,5,2,[2 7],7,7,9,0,7
1,<environment.Job instance at 0x146f7b603a50>,0,3,[9 2],1,1,4,0,1
1,<environment.Job instance at 0x146f5ddcf280>,1,3,[1 9],2,2,5,0,2
1,<environment.Job instance at 0x146f6c2d8410>,4,2,[7 2],5,5,7,0,5
1,<environment.Job instance at 0x146f6c2d8d70>,5,3,[9 2],6,7,10,1,6
1,<environment.Job instance at 0x146f6c2d8d20>,7,1,[2 6],8,10,11,2,8
1,<environment.Job instance at 0x146f6c4066e0>,2,3,[1 8],3,3,6,0,3
1,<environment.Job instance at 0x146f7512c050>,3,3,[1 8],4,6,9,2,4
1,<environment.Job instance at 0x146f7512c550>,2,2,[10  1],5,5,7,0,5
1,<environment.Job instance at 0x146f7336df50>,3,3,[6 2],6,7,10,1,6
1,<environment.Job instance at 0x146f7336ddc0>,5,3,[6 1],9,68,71,59,68
1,<environment.Job instance at 0x146f6fb5d500>,4,2,[2 7],6,6,8,0,6
1,<environment.Job instance at 0x146f6fb5d140>,5,2,[2 7],7,8,10,1,7
1,<environment.Job instance at 0x146f6fbf84b0>,0,3,[9 2],1,1,4,0,1
1,<environment.Job instance at 0x146fcd11e6e0>,1,3,[1 9],2,2,5,0,2
1,<environment.Job instance at 0x146fd0952960>,4,2,[7 2],5,5,7,0,5
1,<environment.Job instance at 0x146f81f46f50>,5,3,[9 2],6,7,10,1,6
1,<environment.Job instance at 0x146fcd34c7d0>,7,1,[2 6],8,10,11,2,8
1,<environment.Job instance at 0x146f828e3a00>,2,3,[1 8],3,3,6,0,3
1,<environment.Job instance at 0x146f94a37460>,3,3,[1 8],4,6,9,2,4
1,<environment.Job instance at 0x146f6c406870>,3,3,[6 2],6,6,9,0,6
1,<environment.Job instance at 0x146f6f81df00>,5,3,[6 1],9,68,71,59,68
1,<environment.Job instance at 0x146f96f51c80>,2,2,[2 8],4,4,6,0,4
1,<environment.Job instance at 0x146fcc2130f0>,4,2,[2 7],6,6,8,0,6
1,<environment.Job instance at 0x146fcc213780>,5,2,[2 7],7,8,10,1,7
1,<environment.Job instance at 0x146fcda5daa0>,0,3,[9 2],1,1,4,0,1
1,<environment.Job instance at 0x146f7ae43dc0>,1,3,[1 9],2,2,5,0,2
1,<environment.Job instance at 0x146f7ae43140>,4,2,[7 2],5,5,7,0,5
1,<environment.Job instance at 0x146f7155b460>,5,3,[9 2],6,7,10,1,6
1,<environment.Job instance at 0x146f7155b4b0>,7,1,[2 6],8,10,11,2,8
1,<environment.Job instance at 0x146f751e5140>,2,3,[1 8],3,3,6,0,3
1,<environment.Job instance at 0x146f751e5280>,3,3,[1 8],4,6,9,2,4
1,<environment.Job instance at 0x146f6c26e140>,3,3,[6 2],6,6,9,0,6
1,<environment.Job instance at 0x146f6c26e0f0>,5,3,[6 1],9,56,59,47,56
1,<environment.Job instance at 0x146f802111e0>,2,2,[2 8],4,4,6,0,4
1,<environment.Job instance at 0x146f79847050>,5,2,[2 7],7,7,9,0,7
1,<environment.Job instance at 0x146f72818550>,0,3,[9 2],1,1,4,0,1
1,<environment.Job instance at 0x146f81620910>,1,3,[1 9],2,2,5,0,2
1,<environment.Job instance at 0x146f71cf0690>,4,2,[7 2],5,5,7,0,5
1,<environment.Job instance at 0x146fcdaa6050>,5,3,[9 2],6,7,10,1,6
1,<environment.Job instance at 0x146f779f9f50>,7,1,[2 6],8,10,11,2,8
1,<environment.Job instance at 0x146f7310beb0>,2,3,[1 8],3,3,6,0,3
1,<environment.Job instance at 0x146f6b7576e0>,3,3,[1 8],4,6,9,2,4
1,<environment.Job instance at 0x146f6ca3eeb0>,3,3,[6 2],6,6,9,0,6
1,<environment.Job instance at 0x146f6ca3e7d0>,5,3,[6 1],9,191,194,182,191
1,<environment.Job instance at 0x146f6c780f00>,0,2,[8 1],1,1,3,0,1
1,<environment.Job instance at 0x146f6c780320>,2,2,[2 8],4,4,6,0,4
1,<environment.Job instance at 0x146f830530a0>,4,2,[2 7],6,6,8,0,6
1,<environment.Job instance at 0x146f80bfabe0>,0,3,[9 2],1,1,4,0,1
1,<environment.Job instance at 0x146f7366b870>,1,3,[1 9],2,2,5,0,2
1,<environment.Job instance at 0x146f730bd4b0>,4,2,[7 2],5,5,7,0,5
1,<environment.Job instance at 0x146f6f331f50>,5,3,[9 2],6,7,10,1,6
1,<environment.Job instance at 0x146f8212eaa0>,7,1,[2 6],8,10,11,2,8
1,<environment.Job instance at 0x146f94566280>,2,3,[1 8],3,3,6,0,3
1,<environment.Job instance at 0x146f94566050>,3,3,[1 8],4,6,9,2,4
1,<environment.Job instance at 0x146f6b8b1aa0>,3,3,[6 2],6,6,9,0,6
1,<environment.Job instance at 0x146f83518190>,5,3,[6 1],9,13,16,4,13
1,<environment.Job instance at 0x146f82513500>,5,2,[2 7],7,7,9,0,7
1,<environment.Job instance at 0x146f74e65c30>,0,3,[9 2],1,1,4,0,1
1,<environment.Job instance at 0x146f7adb33c0>,1,3,[1 9],2,2,5,0,2
1,<environment.Job instance at 0x146f77448320>,4,2,[7 2],5,5,7,0,5
1,<environment.Job instance at 0x146f77448550>,5,3,[9 2],6,7,10,1,6
1,<environment.Job instance at 0x146f774486e0>,7,1,[2 6],8,10,11,2,8
1,<environment.Job instance at 0x146f763b4d20>,2,3,[1 8],3,3,6,0,3
1,<environment.Job instance at 0x146f681ad0f0>,3,3,[1 8],4,6,9,2,4
1,<environment.Job instance at 0x146f682ee280>,2,2,[10  1],5,5,7,0,5
1,<environment.Job instance at 0x146f76bab6e0>,3,3,[6 2],6,7,10,1,6
1,<environment.Job instance at 0x146f76bab550>,5,3,[6 1],9,56,59,47,56
1,<environment.Job instance at 0x146f77518960>,0,2,[8 1],1,1,3,0,1
1,<environment.Job instance at 0x146f75085f00>,2,2,[2 8],4,4,6,0,4
1,<environment.Job instance at 0x146f6e1662d0>,5,2,[2 7],7,7,9,0,7
1,<environment.Job instance at 0x146f71234a00>,1,3,[2 9],2,2,5,0,2
1,<environment.Job instance at 0x146f680d72d0>,1,3,[1 9],2,2,5,0,2
1,<environment.Job instance at 0x146fcdd0b640>,4,2,[7 2],5,5,7,0,5
1,<environment.Job instance at 0x146f6ace5870>,5,3,[9 2],6,7,10,1,6
1,<environment.Job instance at 0x146f5dcc55a0>,7,1,[2 6],8,10,11,2,8
1,<environment.Job instance at 0x146f765d7870>,2,3,[1 8],3,3,6,0,3
1,<environment.Job instance at 0x146f77b28640>,3,3,[1 8],4,6,9,2,4
1,<environment.Job instance at 0x146f683d8190>,5,2,[ 1 10],8,9,11,1,8
1,<environment.Job instance at 0x146f683d8a50>,2,2,[10  1],5,5,7,0,5
1,<environment.Job instance at 0x146f6f9a2af0>,3,3,[6 2],6,7,10,1,6
1,<environment.Job instance at 0x146f81fbd370>,5,3,[6 1],9,56,59,47,56
1,<environment.Job instance at 0x146f6e7ee780>,0,2,[8 1],1,1,3,0,1
1,<environment.Job instance at 0x146f6ab85b40>,2,2,[2 8],4,4,6,0,4
1,<environment.Job instance at 0x146f740f9e60>,5,2,[2 7],7,7,9,0,7
1,<environment.Job instance at 0x146f7459fd70>,1,3,[2 9],2,2,5,0,2
1,<environment.Job instance at 0x146f6bdeb4b0>,1,3,[1 9],2,2,5,0,2
1,<environment.Job instance at 0x146f6d0c8780>,4,2,[7 2],5,5,7,0,5
1,<environment.Job instance at 0x146f6bda4640>,5,3,[9 2],6,7,10,1,6
1,<environment.Job instance at 0x146f7039de60>,7,1,[2 6],8,10,11,2,8
1,<environment.Job instance at 0x146f72813640>,2,3,[1 8],3,3,6,0,3
1,<environment.Job instance at 0x146f700bc5a0>,3,3,[1 8],4,6,9,2,4
1,<environment.Job instance at 0x146f700bc410>,5,2,[ 1 10],8,9,11,1,8
1,<environment.Job instance at 0x146f75b8edc0>,2,2,[10  1],5,5,7,0,5
1,<environment.Job instance at 0x146f7122a050>,3,3,[6 2],6,7,10,1,6
1,<environment.Job instance at 0x146f6f1434b0>,5,3,[6 1],9,56,59,47,56
1,<environment.Job instance at 0x146f7bc1ea00>,0,2,[8 1],1,1,3,0,1
1,<environment.Job instance at 0x146f82ff78c0>,2,2,[2 8],4,4,6,0,4
1,<environment.Job instance at 0x146f97152aa0>,4,2,[2 7],6,6,8,0,6
1,<environment.Job instance at 0x146fcd2cb820>,5,2,[2 7],7,8,10,1,7
1,<environment.Job instance at 0x146f749ef500>,1,3,[2 9],2,2,5,0,2
1,<environment.Job instance at 0x146f6f848fa0>,2,1,[2 7],3,5,6,2,3
1,<environment.Job instance at 0x146f6cb7d5f0>,1,3,[1 9],2,2,5,0,2
1,<environment.Job instance at 0x146f6f02b4b0>,4,2,[7 2],5,5,7,0,5
1,<environment.Job instance at 0x146fcc936f00>,5,3,[9 2],6,7,10,1,6
1,<environment.Job instance at 0x146f7830d280>,7,1,[2 6],8,10,11,2,8
1,<environment.Job instance at 0x146f7129ef00>,2,3,[1 8],3,3,6,0,3
1,<environment.Job instance at 0x146f834fd910>,3,3,[1 8],4,6,9,2,4
1,<environment.Job instance at 0x146f834fd320>,5,2,[ 1 10],8,9,11,1,8
1,<environment.Job instance at 0x146f6ef1e370>,2,2,[10  1],5,5,7,0,5
1,<environment.Job instance at 0x146f75c2a7d0>,3,3,[6 2],6,7,10,1,6
1,<environment.Job instance at 0x146f716c5870>,5,3,[6 1],9,56,59,47,56
1,<environment.Job instance at 0x146f741b0640>,0,2,[8 1],1,1,3,0,1
1,<environment.Job instance at 0x146f741b0c80>,2,2,[2 8],4,4,6,0,4
1,<environment.Job instance at 0x146f6c9b26e0>,4,2,[2 7],6,6,8,0,6
1,<environment.Job instance at 0x146f6c9b2b40>,5,2,[2 7],7,8,10,1,7
1,<environment.Job instance at 0x146f716c5500>,1,3,[2 9],2,2,5,0,2
1,<environment.Job instance at 0x146f6d44d910>,2,1,[2 7],3,5,6,2,3
1,<environment.Job instance at 0x146f6b358140>,1,3,[1 9],2,2,5,0,2
1,<environment.Job instance at 0x146f749253c0>,4,2,[7 2],5,5,7,0,5
1,<environment.Job instance at 0x146f7095c3c0>,5,3,[9 2],6,7,10,1,6
1,<environment.Job instance at 0x146f6be0c550>,7,1,[2 6],8,10,11,2,8
1,<environment.Job instance at 0x146f7095c870>,2,3,[1 8],3,3,6,0,3
1,<environment.Job instance at 0x146f6a6dde60>,3,3,[1 8],4,6,9,2,4
1,<environment.Job instance at 0x146f6a6e0230>,5,2,[ 1 10],8,9,11,1,8
1,<environment.Job instance at 0x146f6a6e0230>,2,2,[10  1],5,5,7,0,5
1,<environment.Job instance at 0x146f6a6e0190>,3,3,[6 2],6,7,10,1,6
1,<environment.Job instance at 0x146f72e97e10>,5,3,[6 1],9,56,59,47,56
1,<environment.Job instance at 0x146f6f452050>,0,2,[8 1],1,1,3,0,1
1,<environment.Job instance at 0x146f6f452190>,2,2,[2 8],4,4,6,0,4
1,<environment.Job instance at 0x146f6c20d5f0>,4,2,[2 7],6,6,8,0,6
1,<environment.Job instance at 0x146f6c20d280>,5,2,[2 7],7,8,10,1,7
1,<environment.Job instance at 0x146f6830b0f0>,1,3,[2 9],2,2,5,0,2
1,<environment.Job instance at 0x146f6dc67c80>,2,1,[2 7],3,5,6,2,3
1,<environment.Job instance at 0x146f6daa4f50>,1,3,[1 9],2,2,5,0,2
1,<environment.Job instance at 0x146f75359c30>,4,2,[7 2],5,5,7,0,5
1,<environment.Job instance at 0x146f75359190>,5,3,[9 2],6,7,10,1,6
1,<environment.Job instance at 0x146f75359fa0>,7,1,[2 6],8,10,11,2,8
1,<environment.Job instance at 0x146f6bf91d20>,2,3,[1 8],3,3,6,0,3
1,<environment.Job instance at 0x146f74ea7a50>,3,3,[1 8],4,6,9,2,4
1,<environment.Job instance at 0x146f6edf28c0>,2,2,[10  1],5,5,7,0,5
1,<environment.Job instance at 0x146f6d7e9e60>,3,3,[6 2],6,7,10,1,6
1,<environment.Job instance at 0x146fcd402690>,5,3,[6 1],9,68,71,59,68
1,<environment.Job instance at 0x146f79eb81e0>,2,2,[2 8],4,4,6,0,4
1,<environment.Job instance at 0x146f81a61500>,4,2,[2 7],6,6,8,0,6
1,<environment.Job instance at 0x146f81a61550>,5,2,[2 7],7,8,10,1,7
1,<environment.Job instance at 0x146f7132d640>,0,3,[9 2],1,1,4,0,1
1,<environment.Job instance at 0x146f73dd4be0>,1,3,[1 9],2,2,5,0,2
1,<environment.Job instance at 0x146f73dd4780>,4,2,[7 2],5,5,7,0,5
1,<environment.Job instance at 0x146f75df6b90>,5,3,[9 2],6,7,10,1,6
1,<environment.Job instance at 0x146f7969d550>,7,1,[2 6],8,10,11,2,8
1,<environment.Job instance at 0x146f95b48b40>,2,3,[1 8],3,3,6,0,3
1,<environment.Job instance at 0x146f6c940190>,3,3,[1 8],4,6,9,2,4
1,<environment.Job instance at 0x146f6b3c1230>,2,2,[10  1],5,5,7,0,5
1,<environment.Job instance at 0x146f7806b2d0>,3,3,[6 2],6,7,10,1,6
1,<environment.Job instance at 0x146f7806b550>,5,3,[6 1],9,60,63,51,60
1,<environment.Job instance at 0x146f6f876280>,3,1,[2 7],5,5,6,0,5
1,<environment.Job instance at 0x146f6f876780>,4,2,[2 7],6,6,8,0,6
1,<environment.Job instance at 0x146f6b84a460>,5,2,[2 7],7,8,10,1,7
1,<environment.Job instance at 0x146f6b759be0>,1,3,[1 9],2,2,5,0,2
1,<environment.Job instance at 0x146f7b818780>,4,2,[7 2],5,5,7,0,5
1,<environment.Job instance at 0x146f80701eb0>,5,3,[9 2],6,7,10,1,6
1,<environment.Job instance at 0x146f807010a0>,7,1,[2 6],8,10,11,2,8
1,<environment.Job instance at 0x146f71222820>,2,3,[1 8],3,3,6,0,3
1,<environment.Job instance at 0x146f6e1fc280>,3,3,[1 8],4,6,9,2,4
1,<environment.Job instance at 0x146f6e1fca50>,2,2,[10  1],5,5,7,0,5
1,<environment.Job instance at 0x146f6d03a280>,3,3,[6 2],6,7,10,1,6
1,<environment.Job instance at 0x146f6d03aa00>,5,3,[6 1],9,68,71,59,68
1,<environment.Job instance at 0x146f6b3800f0>,2,2,[2 8],4,4,6,0,4
1,<environment.Job instance at 0x146f69fd9320>,4,2,[2 7],6,6,8,0,6
1,<environment.Job instance at 0x146f69fd9500>,5,2,[2 7],7,8,10,1,7
1,<environment.Job instance at 0x146f69fd9f00>,0,3,[9 2],1,1,4,0,1
1,<environment.Job instance at 0x146f82bb04b0>,1,3,[1 9],2,2,5,0,2
1,<environment.Job instance at 0x146f7257d8c0>,4,2,[7 2],5,5,7,0,5
1,<environment.Job instance at 0x146f7257df00>,5,3,[9 2],6,7,10,1,6
1,<environment.Job instance at 0x146f7257dc30>,7,1,[2 6],8,10,11,2,8
1,<environment.Job instance at 0x146f7905c370>,2,3,[1 8],3,3,6,0,3
1,<environment.Job instance at 0x146f73304b90>,3,3,[1 8],4,6,9,2,4
1,<environment.Job instance at 0x146f6c0d6820>,2,2,[10  1],5,5,7,0,5
1,<environment.Job instance at 0x146f70ab8550>,3,3,[6 2],6,7,10,1,6
1,<environment.Job instance at 0x146f6c7180f0>,5,3,[6 1],9,68,71,59,68
1,<environment.Job instance at 0x146f6fd1daf0>,4,2,[2 7],6,6,8,0,6
1,<environment.Job instance at 0x146f6bd01820>,5,2,[2 7],7,8,10,1,7
1,<environment.Job instance at 0x146f682ca910>,0,3,[9 2],1,1,4,0,1
1,<environment.Job instance at 0x146fcee0c370>,1,3,[1 9],2,2,5,0,2
1,<environment.Job instance at 0x146f6bfae5f0>,4,2,[7 2],5,5,7,0,5
1,<environment.Job instance at 0x146f6bfae820>,5,3,[9 2],6,7,10,1,6
1,<environment.Job instance at 0x146f6bfaebe0>,7,1,[2 6],8,10,11,2,8
1,<environment.Job instance at 0x146f77463c30>,2,3,[1 8],3,3,6,0,3
1,<environment.Job instance at 0x146f74fde050>,3,3,[1 8],4,6,9,2,4
1,<environment.Job instance at 0x146f70db8e10>,2,2,[10  1],5,5,7,0,5
1,<environment.Job instance at 0x146f7bd54960>,3,3,[6 2],6,7,10,1,6
1,<environment.Job instance at 0x146f73bc4c80>,4,2,[2 7],6,6,8,0,6
1,<environment.Job instance at 0x146f75b9cbe0>,5,2,[2 7],7,8,10,1,7
1,<environment.Job instance at 0x146f6d4f3870>,0,3,[9 2],1,1,4,0,1
1,<environment.Job instance at 0x146f6f10a820>,1,3,[1 9],2,2,5,0,2
1,<environment.Job instance at 0x146f6a3d8a00>,4,2,[7 2],5,5,7,0,5
1,<environment.Job instance at 0x146f6a3d8b90>,5,3,[9 2],6,7,10,1,6
1,<environment.Job instance at 0x146f6a3d8780>,7,1,[2 6],8,10,11,2,8
1,<environment.Job instance at 0x146f6a3d86e0>,2,3,[1 8],3,3,6,0,3
1,<environment.Job instance at 0x146f6a392be0>,3,3,[1 8],4,6,9,2,4
1,<environment.Job instance at 0x146f6cd25b40>,2,2,[10  1],5,5,7,0,5
1,<environment.Job instance at 0x146f6d0dec30>,3,3,[6 2],6,7,10,1,6
1,<environment.Job instance at 0x146f6f13b0f0>,4,2,[2 7],6,6,8,0,6
1,<environment.Job instance at 0x146f7b2da140>,5,2,[2 7],7,8,10,1,7
1,<environment.Job instance at 0x146f6c155320>,0,3,[9 2],1,1,4,0,1
1,<environment.Job instance at 0x146f6dca6280>,1,3,[1 9],2,2,5,0,2
1,<environment.Job instance at 0x146f75028690>,4,2,[7 2],5,5,7,0,5
1,<environment.Job instance at 0x146f750282d0>,5,3,[9 2],6,7,10,1,6
1,<environment.Job instance at 0x146f75028be0>,7,1,[2 6],8,10,11,2,8
1,<environment.Job instance at 0x146f6f08baf0>,2,3,[1 8],3,3,6,0,3
1,<environment.Job instance at 0x146f6bd323c0>,3,3,[1 8],4,6,9,2,4
1,<environment.Job instance at 0x146f7181ac30>,2,2,[10  1],5,5,7,0,5
1,<environment.Job instance at 0x146f6e8322d0>,3,3,[6 2],6,7,10,1,6
1,<environment.Job instance at 0x146f70423140>,5,3,[6 1],9,68,71,59,68
1,<environment.Job instance at 0x146f81a28eb0>,4,2,[2 7],6,6,8,0,6
1,<environment.Job instance at 0x146fcf0ab4b0>,5,2,[2 7],7,8,10,1,7
1,<environment.Job instance at 0x146f815a5aa0>,0,3,[9 2],1,1,4,0,1
1,<environment.Job instance at 0x146f69d7bb90>,1,3,[1 9],2,2,5,0,2
1,<environment.Job instance at 0x146f7a942d20>,4,2,[7 2],5,5,7,0,5
1,<environment.Job instance at 0x146f69d7b1e0>,5,3,[9 2],6,7,10,1,6
1,<environment.Job instance at 0x146f6fcab730>,7,1,[2 6],8,10,11,2,8
1,<environment.Job instance at 0x146f6e01d820>,2,3,[1 8],3,3,6,0,3
1,<environment.Job instance at 0x146f6cf40500>,3,3,[1 8],4,6,9,2,4
1,<environment.Job instance at 0x146f70d298c0>,2,2,[10  1],5,5,7,0,5
1,<environment.Job instance at 0x146f6aba00f0>,3,3,[6 2],6,7,10,1,6
1,<environment.Job instance at 0x146f6aba0aa0>,5,3,[6 1],9,48,51,39,48
1,<environment.Job instance at 0x146f6ae2aeb0>,0,2,[8 1],1,1,3,0,1
1,<environment.Job instance at 0x146f6caf7e10>,4,2,[2 7],6,6,8,0,6
1,<environment.Job instance at 0x146f7a548f00>,5,2,[2 7],7,8,10,1,7
1,<environment.Job instance at 0x146f6dca6e60>,0,3,[9 2],1,1,4,0,1
1,<environment.Job instance at 0x146f6c40e690>,1,3,[1 9],2,2,5,0,2
1,<environment.Job instance at 0x146f6c40ea50>,4,2,[7 2],5,5,7,0,5
1,<environment.Job instance at 0x146f76f3ab90>,5,3,[9 2],6,7,10,1,6
1,<environment.Job instance at 0x146f76f3a690>,7,1,[2 6],8,10,11,2,8
1,<environment.Job instance at 0x146f6c40e6e0>,2,3,[1 8],3,3,6,0,3
1,<environment.Job instance at 0x146f839aba00>,3,3,[1 8],4,6,9,2,4
1,<environment.Job instance at 0x146f826f4190>,0,1,[2 5],1,2,3,1,2
1,<environment.Job instance at 0x146f70f78190>,2,2,[10  1],5,5,7,0,5
1,<environment.Job instance at 0x146f826f42d0>,3,3,[6 2],6,7,10,1,6
1,<environment.Job instance at 0x146f82977960>,5,3,[6 1],9,48,51,39,48
1,<environment.Job instance at 0x146f7aa5ba50>,0,2,[8 1],1,1,3,0,1
1,<environment.Job instance at 0x146fcea42a50>,2,2,[2 8],4,4,6,0,4
1,<environment.Job instance at 0x146f71d32be0>,4,2,[2 7],6,6,8,0,6
1,<environment.Job instance at 0x146f71d320f0>,5,2,[2 7],7,8,10,1,7
1,<environment.Job instance at 0x146f7ab58e60>,0,3,[9 2],1,1,4,0,1
1,<environment.Job instance at 0x146f7ab58640>,2,1,[2 7],3,4,5,1,3
1,<environment.Job instance at 0x146f7132d870>,1,3,[1 9],2,2,5,0,2
1,<environment.Job instance at 0x146f6d95a4b0>,4,2,[7 2],5,5,7,0,5
1,<environment.Job instance at 0x146f73d30f50>,5,3,[9 2],6,7,10,1,6
1,<environment.Job instance at 0x146f94473050>,7,1,[2 6],8,10,11,2,8
1,<environment.Job instance at 0x146f6d95ae10>,2,3,[1 8],3,3,6,0,3
1,<environment.Job instance at 0x146f75e5fdc0>,3,3,[1 8],4,6,9,2,4
1,<environment.Job instance at 0x146f6bbb7550>,2,2,[10  1],5,5,7,0,5
1,<environment.Job instance at 0x146f6b456af0>,3,3,[6 2],6,7,10,1,6
1,<environment.Job instance at 0x146f80486eb0>,2,2,[2 8],4,4,6,0,4
1,<environment.Job instance at 0x146f6ff29050>,4,2,[2 7],6,6,8,0,6
1,<environment.Job instance at 0x146f81f07140>,5,2,[2 7],7,8,10,1,7
1,<environment.Job instance at 0x146f787bc870>,0,3,[9 2],1,1,4,0,1
1,<environment.Job instance at 0x146f6b970e10>,1,3,[1 9],2,2,5,0,2
1,<environment.Job instance at 0x146f76aad690>,4,2,[7 2],5,5,7,0,5
1,<environment.Job instance at 0x146f76aad960>,5,3,[9 2],6,7,10,1,6
1,<environment.Job instance at 0x146f76aad780>,7,1,[2 6],8,10,11,2,8
1,<environment.Job instance at 0x146f6b9701e0>,2,3,[1 8],3,3,6,0,3
1,<environment.Job instance at 0x146f74c90c30>,3,3,[1 8],4,6,9,2,4
1,<environment.Job instance at 0x146f7ab58640>,0,1,[2 5],1,2,3,1,2
1,<environment.Job instance at 0x146f8113b460>,2,2,[10  1],5,5,7,0,5
1,<environment.Job instance at 0x146f6f2ddaf0>,3,3,[6 2],6,7,10,1,6
1,<environment.Job instance at 0x146f7ab40910>,5,3,[6 1],9,48,51,39,48
1,<environment.Job instance at 0x146f78607500>,0,2,[8 1],1,1,3,0,1
1,<environment.Job instance at 0x146f77f01230>,4,2,[2 7],6,6,8,0,6
1,<environment.Job instance at 0x146f77f01820>,5,2,[2 7],7,8,10,1,7
1,<environment.Job instance at 0x146f6b60ceb0>,0,3,[9 2],1,1,4,0,1
1,<environment.Job instance at 0x146f745b4f00>,2,1,[2 7],3,4,5,1,3
1,<environment.Job instance at 0x146f6f9a23c0>,1,3,[1 9],2,2,5,0,2
1,<environment.Job instance at 0x146f6a7096e0>,4,2,[7 2],5,5,7,0,5
1,<environment.Job instance at 0x146f6d46a780>,5,3,[9 2],6,7,10,1,6
1,<environment.Job instance at 0x146f79f4e0f0>,7,1,[2 6],8,10,11,2,8
1,<environment.Job instance at 0x146f6a6cc690>,2,3,[1 8],3,3,6,0,3
1,<environment.Job instance at 0x146f692c0a50>,3,3,[1 8],4,6,9,2,4
1,<environment.Job instance at 0x146f971e3230>,2,2,[10  1],5,5,7,0,5
1,<environment.Job instance at 0x146f692c09b0>,3,3,[6 2],6,7,10,1,6
1,<environment.Job instance at 0x146f6d03e190>,3,1,[2 7],5,5,6,0,5
1,<environment.Job instance at 0x146f716646e0>,4,2,[2 7],6,6,8,0,6
1,<environment.Job instance at 0x146f6c4e6780>,5,2,[2 7],7,8,10,1,7
1,<environment.Job instance at 0x146f6b287550>,0,3,[9 2],1,1,4,0,1
1,<environment.Job instance at 0x146f701e0370>,1,3,[1 9],2,2,5,0,2
1,<environment.Job instance at 0x146f77757b40>,4,2,[7 2],5,5,7,0,5
1,<environment.Job instance at 0x146f6d3eda00>,5,3,[9 2],6,7,10,1,6
1,<environment.Job instance at 0x146f6ddf9870>,7,1,[2 6],8,10,11,2,8
1,<environment.Job instance at 0x146f71d86fa0>,2,3,[1 8],3,3,6,0,3
1,<environment.Job instance at 0x146f9697de10>,3,3,[1 8],4,6,9,2,4
1,<environment.Job instance at 0x146f75246b40>,2,2,[10  1],5,5,7,0,5
1,<environment.Job instance at 0x146f6f476c80>,3,3,[6 2],6,7,10,1,6
1,<environment.Job instance at 0x146f811c7050>,5,3,[6 1],9,65,68,56,65
1,<environment.Job instance at 0x146f6bccebe0>,4,2,[2 7],6,6,8,0,6
1,<environment.Job instance at 0x146f6e581140>,5,2,[2 7],7,8,10,1,7
1,<environment.Job instance at 0x146f790d1cd0>,0,3,[9 2],1,1,4,0,1
1,<environment.Job instance at 0x146f70083c80>,1,3,[1 9],2,2,5,0,2
1,<environment.Job instance at 0x146f6c641820>,4,2,[7 2],5,5,7,0,5
1,<environment.Job instance at 0x146f6c641640>,5,3,[9 2],6,7,10,1,6
1,<environment.Job instance at 0x146f6c641eb0>,7,1,[2 6],8,10,11,2,8
1,<environment.Job instance at 0x146f79b69f00>,2,3,[1 8],3,3,6,0,3
1,<environment.Job instance at 0x146f82d3f780>,3,3,[1 8],4,6,9,2,4
1,<environment.Job instance at 0x146f6b5715f0>,2,2,[10  1],5,5,7,0,5
1,<environment.Job instance at 0x146f6f6aa870>,3,3,[6 2],6,7,10,1,6
1,<environment.Job instance at 0x146f704529b0>,5,3,[6 1],9,59,62,50,59
1,<environment.Job instance at 0x146f771c8cd0>,3,1,[2 7],5,5,6,0,5
1,<environment.Job instance at 0x146f771c8640>,4,2,[2 7],6,6,8,0,6
1,<environment.Job instance at 0x146f72872e10>,5,2,[2 7],7,8,10,1,7
1,<environment.Job instance at 0x146f6e94d500>,0,3,[9 2],1,1,4,0,1
1,<environment.Job instance at 0x146f689d3410>,1,3,[1 9],2,2,5,0,2
1,<environment.Job instance at 0x146f750c9cd0>,4,2,[7 2],5,5,7,0,5
1,<environment.Job instance at 0x146f750c93c0>,5,3,[9 2],6,7,10,1,6
1,<environment.Job instance at 0x146f750c9280>,7,1,[2 6],8,10,11,2,8
1,<environment.Job instance at 0x146f750c90f0>,1,13,[2 8],2,2,15,0,2
1,<environment.Job instance at 0x146f6b3900f0>,3,3,[1 8],4,15,18,11,4
1,<environment.Job instance at 0x146f698c32d0>,0,1,[2 5],1,1,2,0,1
1,<environment.Job instance at 0x146f6b390550>,2,2,[10  1],5,5,7,0,5
1,<environment.Job instance at 0x146f7638d550>,3,3,[6 2],6,7,10,1,6
1,<environment.Job instance at 0x146f7638d050>,5,3,[6 1],9,139,142,130,139
1,<environment.Job instance at 0x146f6e43d5a0>,2,2,[2 8],4,4,6,0,4
1,<environment.Job instance at 0x146f6f2db370>,4,2,[2 7],6,6,8,0,6
1,<environment.Job instance at 0x146f6d92ef00>,0,3,[9 2],1,1,4,0,1
1,<environment.Job instance at 0x146f82423190>,1,3,[2 9],2,4,7,2,2
1,<environment.Job instance at 0x146fccf3d730>,1,3,[1 9],2,2,5,0,2
1,<environment.Job instance at 0x146f6d003af0>,4,2,[7 2],5,5,7,0,5
1,<environment.Job instance at 0x146f6d003190>,5,3,[9 2],6,7,10,1,6
1,<environment.Job instance at 0x146f7a5e47d0>,7,1,[2 6],8,10,11,2,8
1,<environment.Job instance at 0x146f7a5e4460>,1,13,[2 8],2,2,15,0,2
1,<environment.Job instance at 0x146f69322370>,3,3,[1 8],4,15,18,11,4
1,<environment.Job instance at 0x146f69322f50>,0,1,[2 5],1,1,2,0,1
1,<environment.Job instance at 0x146f81b1c140>,2,2,[10  1],5,5,7,0,5
1,<environment.Job instance at 0x146f69322cd0>,3,3,[6 2],6,7,10,1,6
1,<environment.Job instance at 0x146fcc537280>,5,3,[6 1],9,139,142,130,139
1,<environment.Job instance at 0x146f81b006e0>,2,2,[2 8],4,4,6,0,4
1,<environment.Job instance at 0x146f7a1b5910>,4,2,[2 7],6,6,8,0,6
1,<environment.Job instance at 0x146f7a1b56e0>,0,3,[9 2],1,1,4,0,1
1,<environment.Job instance at 0x146f69322640>,1,3,[2 9],2,4,7,2,2
1,<environment.Job instance at 0x146f7550a2d0>,1,3,[1 9],2,2,5,0,2
1,<environment.Job instance at 0x146f7a963870>,4,2,[7 2],5,5,7,0,5
1,<environment.Job instance at 0x146f680765a0>,5,3,[9 2],6,7,10,1,6
1,<environment.Job instance at 0x146f680765f0>,7,1,[2 6],8,10,11,2,8
1,<environment.Job instance at 0x146f68076780>,1,13,[2 8],2,2,15,0,2
1,<environment.Job instance at 0x146f815ae9b0>,3,3,[1 8],4,15,18,11,4
1,<environment.Job instance at 0x146f76dd6eb0>,0,1,[2 5],1,1,2,0,1
1,<environment.Job instance at 0x146f76dd6f00>,2,2,[10  1],5,5,7,0,5
1,<environment.Job instance at 0x146f6a53fe10>,3,3,[6 2],6,7,10,1,6
1,<environment.Job instance at 0x146f6c5ca190>,2,2,[2 8],4,4,6,0,4
1,<environment.Job instance at 0x146f705eedc0>,4,2,[2 7],6,6,8,0,6
1,<environment.Job instance at 0x146f6ab8ba50>,0,3,[9 2],1,1,4,0,1
1,<environment.Job instance at 0x146f6dc6f550>,1,3,[2 9],2,4,7,2,2
1,<environment.Job instance at 0x146f6b6511e0>,1,3,[1 9],2,2,5,0,2
1,<environment.Job instance at 0x146f68e90320>,4,2,[7 2],5,5,7,0,5
1,<environment.Job instance at 0x146f68e90870>,5,3,[9 2],6,7,10,1,6
1,<environment.Job instance at 0x146f68e90cd0>,7,1,[2 6],8,10,11,2,8
1,<environment.Job instance at 0x146f83de47d0>,1,13,[2 8],2,2,15,0,2
1,<environment.Job instance at 0x146f68e90370>,3,3,[1 8],4,15,18,11,4
1,<environment.Job instance at 0x146f6b3297d0>,0,1,[2 5],1,1,2,0,1
1,<environment.Job instance at 0x146f76792050>,2,2,[10  1],5,5,7,0,5
1,<environment.Job instance at 0x146f6a21ac30>,3,3,[6 2],6,7,10,1,6
1,<environment.Job instance at 0x146f6dc42c30>,5,3,[6 1],9,28,31,19,28
1,<environment.Job instance at 0x146f757d83c0>,0,2,[8 1],1,1,3,0,1
1,<environment.Job instance at 0x146f77faf4b0>,2,2,[2 8],4,4,6,0,4
1,<environment.Job instance at 0x146f6e869cd0>,4,2,[2 7],6,6,8,0,6
1,<environment.Job instance at 0x146f75b9efa0>,5,2,[2 7],7,8,10,1,7
1,<environment.Job instance at 0x146f721d77d0>,0,3,[9 2],1,1,4,0,1
1,<environment.Job instance at 0x146f7131a690>,2,1,[2 7],3,4,5,1,3
1,<environment.Job instance at 0x146f80329280>,1,3,[1 9],2,2,5,0,2
1,<environment.Job instance at 0x146f6ccc05a0>,4,2,[7 2],5,5,7,0,5
1,<environment.Job instance at 0x146f74edd140>,5,3,[9 2],6,7,10,1,6
1,<environment.Job instance at 0x146f6e3ea7d0>,7,1,[2 6],8,10,11,2,8
1,<environment.Job instance at 0x146f69c70e10>,1,13,[2 8],2,2,15,0,2
1,<environment.Job instance at 0x146f70a71e10>,3,3,[1 8],4,15,18,11,4
1,<environment.Job instance at 0x146f70a71230>,5,2,[ 1 10],8,18,20,10,8
1,<environment.Job instance at 0x146fcd25d050>,0,1,[2 5],1,1,2,0,1
1,<environment.Job instance at 0x146fcd25ddc0>,2,2,[10  1],5,5,7,0,5
1,<environment.Job instance at 0x146f67a22410>,3,3,[6 2],6,7,10,1,6
1,<environment.Job instance at 0x146f67a22140>,5,3,[6 1],9,28,31,19,28
1,<environment.Job instance at 0x146f67a22c80>,0,2,[8 1],1,1,3,0,1
1,<environment.Job instance at 0x146f7aa8fa00>,2,2,[2 8],4,4,6,0,4
1,<environment.Job instance at 0x146f767f2a50>,4,2,[2 7],6,6,8,0,6
1,<environment.Job instance at 0x146f7bce8230>,5,2,[2 7],7,8,10,1,7
1,<environment.Job instance at 0x146f67c28190>,0,3,[9 2],1,1,4,0,1
1,<environment.Job instance at 0x146f960b7320>,2,1,[2 7],3,4,5,1,3
1,<environment.Job instance at 0x146f82f87820>,1,3,[1 9],2,2,5,0,2
1,<environment.Job instance at 0x146f784ceb90>,4,2,[7 2],5,5,7,0,5
1,<environment.Job instance at 0x146f67f49780>,5,3,[9 2],6,7,10,1,6
1,<environment.Job instance at 0x146f67f49fa0>,7,1,[2 6],8,10,11,2,8
1,<environment.Job instance at 0x146f790d8b40>,1,13,[2 8],2,2,15,0,2
1,<environment.Job instance at 0x146f6c1a3e60>,3,3,[1 8],4,15,18,11,4
1,<environment.Job instance at 0x146f73520cd0>,5,2,[ 1 10],8,18,20,10,8
1,<environment.Job instance at 0x146f82455820>,0,1,[2 5],1,1,2,0,1
1,<environment.Job instance at 0x146f75320fa0>,2,2,[10  1],5,5,7,0,5
1,<environment.Job instance at 0x146f7280bdc0>,3,3,[6 2],6,7,10,1,6
1,<environment.Job instance at 0x146f7280bbe0>,5,3,[6 1],9,28,31,19,28
1,<environment.Job instance at 0x146f692c0690>,0,2,[8 1],1,1,3,0,1
1,<environment.Job instance at 0x146f692c0550>,2,2,[2 8],4,4,6,0,4
1,<environment.Job instance at 0x146f7858bf50>,4,2,[2 7],6,6,8,0,6
1,<environment.Job instance at 0x146f6947caa0>,5,2,[2 7],7,8,10,1,7
1,<environment.Job instance at 0x146f6a3d2be0>,0,3,[9 2],1,1,4,0,1
1,<environment.Job instance at 0x146f6947c230>,2,1,[2 7],3,4,5,1,3
1,<environment.Job instance at 0x146f727c46e0>,1,3,[1 9],2,2,5,0,2
1,<environment.Job instance at 0x146f6961a4b0>,4,2,[7 2],5,5,7,0,5
1,<environment.Job instance at 0x146f6961aaa0>,5,3,[9 2],6,7,10,1,6
1,<environment.Job instance at 0x146f94b7eeb0>,7,1,[2 6],8,10,11,2,8
1,<environment.Job instance at 0x146f6961a870>,1,13,[2 8],2,2,15,0,2
1,<environment.Job instance at 0x146f6c9c2f50>,3,3,[1 8],4,15,18,11,4
1,<environment.Job instance at 0x146f6c9c23c0>,5,2,[ 1 10],8,18,20,10,8
1,<environment.Job instance at 0x146f74c80fa0>,0,1,[2 5],1,1,2,0,1
1,<environment.Job instance at 0x146f66bb6410>,3,3,[6 2],6,6,9,0,6
1,<environment.Job instance at 0x146f66bed5f0>,5,3,[6 1],9,28,31,19,28
1,<environment.Job instance at 0x146f66b50fa0>,0,2,[8 1],1,1,3,0,1
1,<environment.Job instance at 0x146f66b50d70>,2,2,[2 8],4,4,6,0,4
1,<environment.Job instance at 0x146f94faf3c0>,4,2,[2 7],6,6,8,0,6
1,<environment.Job instance at 0x146f683d5be0>,5,2,[2 7],7,8,10,1,7
1,<environment.Job instance at 0x146f6a2c1c30>,0,3,[9 2],1,1,4,0,1
1,<environment.Job instance at 0x146f835efdc0>,1,3,[1 9],2,2,5,0,2
1,<environment.Job instance at 0x146f80a70eb0>,4,2,[7 2],5,5,7,0,5
1,<environment.Job instance at 0x146fcd3d8e10>,5,3,[9 2],6,7,10,1,6
1,<environment.Job instance at 0x146f822e7190>,7,1,[2 6],8,10,11,2,8
1,<environment.Job instance at 0x146f71e14dc0>,1,13,[2 8],2,2,15,0,2
1,<environment.Job instance at 0x146f6ed68640>,3,3,[1 8],4,15,18,11,4
1,<environment.Job instance at 0x146f6a3c0fa0>,5,2,[ 1 10],8,18,20,10,8
1,<environment.Job instance at 0x146f6a3d21e0>,0,1,[2 5],1,1,2,0,1
1,<environment.Job instance at 0x146f72ef9960>,3,3,[6 2],6,6,9,0,6
1,<environment.Job instance at 0x146f72ef9af0>,5,3,[6 1],9,28,31,19,28
1,<environment.Job instance at 0x146f75350b90>,0,2,[8 1],1,1,3,0,1
1,<environment.Job instance at 0x146f768ee280>,2,2,[2 8],4,4,6,0,4
1,<environment.Job instance at 0x146f75c2f820>,4,2,[2 7],6,6,8,0,6
1,<environment.Job instance at 0x146f731ca5f0>,5,2,[2 7],7,8,10,1,7
1,<environment.Job instance at 0x146f741565f0>,0,3,[9 2],1,1,4,0,1
1,<environment.Job instance at 0x146f94b54870>,1,3,[1 9],2,2,5,0,2
1,<environment.Job instance at 0x146f794c6b90>,4,2,[7 2],5,5,7,0,5
1,<environment.Job instance at 0x146f68565190>,5,3,[9 2],6,7,10,1,6
1,<environment.Job instance at 0x146f685659b0>,7,1,[2 6],8,10,11,2,8
1,<environment.Job instance at 0x146f686507d0>,1,13,[2 8],2,2,15,0,2
1,<environment.Job instance at 0x146f7097d820>,3,3,[1 8],4,15,18,11,4
1,<environment.Job instance at 0x146f7097d1e0>,5,2,[ 1 10],8,18,20,10,8
1,<environment.Job instance at 0x146f69f70d70>,0,1,[2 5],1,1,2,0,1
1,<environment.Job instance at 0x146f69f70910>,3,3,[6 2],6,6,9,0,6
1,<environment.Job instance at 0x146f69f70280>,5,3,[6 1],9,122,125,113,122
1,<environment.Job instance at 0x146f6a65a320>,0,2,[8 1],1,1,3,0,1
1,<environment.Job instance at 0x146f73128cd0>,5,2,[2 7],7,7,9,0,7
1,<environment.Job instance at 0x146f6da553c0>,0,3,[9 2],1,1,4,0,1
1,<environment.Job instance at 0x146f6a6fb870>,1,3,[2 9],2,4,7,2,2
1,<environment.Job instance at 0x146f67f8f820>,1,3,[1 9],2,2,5,0,2
1,<environment.Job instance at 0x146f6929a140>,4,2,[7 2],5,5,7,0,5
1,<environment.Job instance at 0x146f6929ad70>,5,3,[9 2],6,7,10,1,6
1,<environment.Job instance at 0x146f6929a730>,7,1,[2 6],8,10,11,2,8
1,<environment.Job instance at 0x146f69993500>,1,13,[2 8],2,2,15,0,2
1,<environment.Job instance at 0x146f6bc9ceb0>,3,3,[1 8],4,15,18,11,4
1,<environment.Job instance at 0x146f6ae3c910>,0,1,[2 5],1,1,2,0,1
1,<environment.Job instance at 0x146f72177050>,3,3,[6 2],6,6,9,0,6
1,<environment.Job instance at 0x146f72177870>,5,3,[6 1],9,122,125,113,122
1,<environment.Job instance at 0x146f721777d0>,0,2,[8 1],1,1,3,0,1
1,<environment.Job instance at 0x146f79b5a0a0>,5,2,[2 7],7,7,9,0,7
1,<environment.Job instance at 0x146f6f109320>,0,3,[9 2],1,1,4,0,1
1,<environment.Job instance at 0x146f72177500>,1,3,[2 9],2,4,7,2,2
1,<environment.Job instance at 0x146f6f109500>,2,1,[2 7],3,7,8,4,3
1,<environment.Job instance at 0x146f6fda0370>,1,3,[1 9],2,2,5,0,2
1,<environment.Job instance at 0x146f67c15f00>,4,2,[7 2],5,5,7,0,5
1,<environment.Job instance at 0x146f67c15be0>,5,3,[9 2],6,7,10,1,6
1,<environment.Job instance at 0x146f67c15af0>,7,1,[2 6],8,10,11,2,8
1,<environment.Job instance at 0x146f66bbba00>,1,13,[2 8],2,2,15,0,2
1,<environment.Job instance at 0x146f6b7fffa0>,3,3,[1 8],4,15,18,11,4
1,<environment.Job instance at 0x146f6b7ff410>,5,2,[ 1 10],8,18,20,10,8
1,<environment.Job instance at 0x146f78462cd0>,0,1,[2 5],1,1,2,0,1
1,<environment.Job instance at 0x146f6c61df50>,3,3,[6 2],6,6,9,0,6
1,<environment.Job instance at 0x146f6c61daf0>,5,3,[6 1],9,122,125,113,122
1,<environment.Job instance at 0x146f78462af0>,0,2,[8 1],1,1,3,0,1
1,<environment.Job instance at 0x146f675e4c30>,5,2,[2 7],7,7,9,0,7
1,<environment.Job instance at 0x146f675d9cd0>,0,3,[9 2],1,1,4,0,1
1,<environment.Job instance at 0x146f675e4730>,1,3,[2 9],2,4,7,2,2
1,<environment.Job instance at 0x146f6825d9b0>,1,3,[1 9],2,2,5,0,2
1,<environment.Job instance at 0x146f7013fdc0>,4,2,[7 2],5,5,7,0,5
1,<environment.Job instance at 0x146f7013f1e0>,5,3,[9 2],6,7,10,1,6
1,<environment.Job instance at 0x146f73c435f0>,7,1,[2 6],8,10,11,2,8
1,<environment.Job instance at 0x146f71e329b0>,1,13,[2 8],2,2,15,0,2
1,<environment.Job instance at 0x146f6a1d70f0>,3,3,[1 8],4,15,18,11,4
1,<environment.Job instance at 0x146f6a1d7820>,5,2,[ 1 10],8,18,20,10,8
1,<environment.Job instance at 0x146f704efd70>,0,1,[2 5],1,1,2,0,1
1,<environment.Job instance at 0x146f6a1d72d0>,2,2,[10  1],5,5,7,0,5
1,<environment.Job instance at 0x146f71b006e0>,3,3,[6 2],6,7,10,1,6
1,<environment.Job instance at 0x146f6e63f7d0>,5,3,[6 1],9,122,125,113,122
1,<environment.Job instance at 0x146f6ea41140>,0,2,[8 1],1,1,3,0,1
1,<environment.Job instance at 0x146f6ea41320>,2,2,[2 8],4,4,6,0,4
1,<environment.Job instance at 0x146f6f7a3870>,5,2,[2 7],7,7,9,0,7
1,<environment.Job instance at 0x146f79150e10>,0,3,[9 2],1,1,4,0,1
1,<environment.Job instance at 0x146f6e64d550>,1,3,[2 9],2,4,7,2,2
1,<environment.Job instance at 0x146f947fda50>,1,3,[1 9],2,2,5,0,2
1,<environment.Job instance at 0x146f8365fc30>,4,2,[7 2],5,5,7,0,5
1,<environment.Job instance at 0x146f6d37ac30>,5,3,[9 2],6,7,10,1,6
1,<environment.Job instance at 0x146f69ee8280>,7,1,[2 6],8,10,11,2,8
1,<environment.Job instance at 0x146f82d1a460>,0,2,[6 1],1,1,3,0,1
1,<environment.Job instance at 0x146f69ee8b40>,2,3,[1 8],3,3,6,0,3
1,<environment.Job instance at 0x146f69331500>,3,3,[1 8],4,6,9,2,4
1,<environment.Job instance at 0x146f6b53b9b0>,3,3,[6 2],6,6,9,0,6
1,<environment.Job instance at 0x146f6b53b870>,5,3,[6 1],9,60,63,51,60
1,<environment.Job instance at 0x146f818ede60>,2,2,[2 8],4,4,6,0,4
1,<environment.Job instance at 0x146f67e2c640>,3,1,[2 7],5,6,7,1,5
1,<environment.Job instance at 0x146f67e2c320>,4,2,[2 7],6,7,9,1,6
1,<environment.Job instance at 0x146f67e24410>,0,3,[9 2],1,1,4,0,1
1,<environment.Job instance at 0x146f6d8ba780>,1,3,[1 9],2,2,5,0,2
1,<environment.Job instance at 0x146f7b567af0>,4,2,[7 2],5,5,7,0,5
1,<environment.Job instance at 0x146f6bc22af0>,5,3,[9 2],6,7,10,1,6
1,<environment.Job instance at 0x146f68d4e550>,7,1,[2 6],8,10,11,2,8
1,<environment.Job instance at 0x146f68d4ef50>,1,13,[2 8],2,2,15,0,2
1,<environment.Job instance at 0x146f66cae5f0>,3,3,[1 8],4,15,18,11,4
1,<environment.Job instance at 0x146f66caeaa0>,5,2,[ 1 10],8,18,20,10,8
1,<environment.Job instance at 0x146f66caee10>,0,1,[2 5],1,1,2,0,1
1,<environment.Job instance at 0x146f66cae410>,2,2,[10  1],5,5,7,0,5
1,<environment.Job instance at 0x146f74d81be0>,3,3,[6 2],6,7,10,1,6
1,<environment.Job instance at 0x146f74d81aa0>,5,3,[6 1],9,34,37,25,34
1,<environment.Job instance at 0x146f6a82e370>,0,2,[8 1],1,1,3,0,1
1,<environment.Job instance at 0x146f6a82ee10>,2,2,[2 8],4,4,6,0,4
1,<environment.Job instance at 0x146f6829ec80>,4,2,[2 7],6,6,8,0,6
1,<environment.Job instance at 0x146f7a9e1eb0>,5,2,[2 7],7,8,10,1,7
1,<environment.Job instance at 0x146f82531910>,0,3,[9 2],1,1,4,0,1
1,<environment.Job instance at 0x146f7a9e1f50>,2,1,[2 7],3,4,5,1,3
1,<environment.Job instance at 0x146f6d00feb0>,1,3,[1 9],2,2,5,0,2
1,<environment.Job instance at 0x146f7b1c0910>,4,2,[7 2],5,5,7,0,5
1,<environment.Job instance at 0x146f7b1c04b0>,5,3,[9 2],6,7,10,1,6
1,<environment.Job instance at 0x146f70a78690>,7,1,[2 6],8,10,11,2,8
1,<environment.Job instance at 0x146f728d67d0>,1,13,[2 8],2,2,15,0,2
1,<environment.Job instance at 0x146f712a8f00>,3,3,[1 8],4,15,18,11,4
1,<environment.Job instance at 0x146f712a8eb0>,5,2,[ 1 10],8,18,20,10,8
1,<environment.Job instance at 0x146f6e44fd20>,0,1,[2 5],1,1,2,0,1
1,<environment.Job instance at 0x146f6984cfa0>,3,3,[6 2],6,6,9,0,6
1,<environment.Job instance at 0x146f81b1c7d0>,5,3,[6 1],9,31,34,22,31
1,<environment.Job instance at 0x146f6d852820>,0,2,[8 1],1,1,3,0,1
1,<environment.Job instance at 0x146f800cbb40>,2,2,[2 8],4,4,6,0,4
1,<environment.Job instance at 0x146f667d1af0>,4,2,[2 7],6,6,8,0,6
1,<environment.Job instance at 0x146f66831fa0>,5,2,[2 7],7,8,10,1,7
1,<environment.Job instance at 0x146f66831c80>,0,3,[9 2],1,1,4,0,1
1,<environment.Job instance at 0x146f6d67efa0>,2,1,[2 7],3,4,5,1,3
1,<environment.Job instance at 0x146f83ac1140>,1,3,[1 9],2,2,5,0,2
1,<environment.Job instance at 0x146f675ed410>,4,2,[7 2],5,5,7,0,5
1,<environment.Job instance at 0x146f675edeb0>,5,3,[9 2],6,7,10,1,6
1,<environment.Job instance at 0x146f67e37c30>,7,1,[2 6],8,10,11,2,8
1,<environment.Job instance at 0x146f675d2690>,2,3,[1 8],3,3,6,0,3
1,<environment.Job instance at 0x146f66f02190>,0,1,[2 5],1,1,2,0,1
1,<environment.Job instance at 0x146f6735acd0>,3,3,[6 2],6,6,9,0,6
1,<environment.Job instance at 0x146f76224e60>,5,3,[6 1],9,13,16,4,13
1,<environment.Job instance at 0x146f681ca730>,0,2,[8 1],1,1,3,0,1
1,<environment.Job instance at 0x146f6d0b74b0>,5,2,[2 7],7,7,9,0,7
1,<environment.Job instance at 0x146f6f034c30>,0,3,[9 2],1,1,4,0,1
1,<environment.Job instance at 0x146f72c8ba50>,1,3,[1 9],2,2,5,0,2
1,<environment.Job instance at 0x146f7a6cb0a0>,4,2,[7 2],5,5,7,0,5
1,<environment.Job instance at 0x146f6c3a5af0>,5,3,[9 2],6,7,10,1,6
1,<environment.Job instance at 0x146f67e8be10>,7,1,[2 6],8,10,11,2,8
1,<environment.Job instance at 0x146f685280a0>,0,2,[6 1],1,1,3,0,1
1,<environment.Job instance at 0x146f66864c30>,2,3,[1 8],3,3,6,0,3
1,<environment.Job instance at 0x146f756140a0>,3,3,[1 8],4,6,9,2,4
1,<environment.Job instance at 0x146f6e102910>,0,1,[2 5],1,1,2,0,1
1,<environment.Job instance at 0x146f662cba00>,3,3,[6 2],6,6,9,0,6
1,<environment.Job instance at 0x146f661c5140>,0,2,[8 1],1,1,3,0,1
1,<environment.Job instance at 0x146f661c5730>,2,2,[2 8],4,4,6,0,4
1,<environment.Job instance at 0x146f78d481e0>,4,2,[2 7],6,6,8,0,6
1,<environment.Job instance at 0x146f78d48690>,5,2,[2 7],7,8,10,1,7
1,<environment.Job instance at 0x146f837135a0>,0,3,[9 2],1,1,4,0,1
1,<environment.Job instance at 0x146f6e102fa0>,1,3,[2 9],2,4,7,2,2
1,<environment.Job instance at 0x146f6fd4c550>,2,1,[2 7],3,7,8,4,3
1,<environment.Job instance at 0x146f67e84e60>,1,3,[1 9],2,2,5,0,2
1,<environment.Job instance at 0x146f82a14f50>,4,2,[7 2],5,5,7,0,5
1,<environment.Job instance at 0x146f8260d0f0>,5,3,[9 2],6,7,10,1,6
1,<environment.Job instance at 0x146f7765df00>,7,1,[2 6],8,10,11,2,8
1,<environment.Job instance at 0x146f807117d0>,0,2,[6 1],1,1,3,0,1
1,<environment.Job instance at 0x146f74ea77d0>,2,3,[1 8],3,3,6,0,3
1,<environment.Job instance at 0x146f683856e0>,3,3,[1 8],4,6,9,2,4
1,<environment.Job instance at 0x146f68385280>,0,1,[2 5],1,1,2,0,1
1,<environment.Job instance at 0x146f682a85f0>,3,3,[6 2],6,6,9,0,6
1,<environment.Job instance at 0x146f682a8aa0>,5,3,[6 1],9,13,16,4,13
1,<environment.Job instance at 0x146f72c59870>,0,2,[8 1],1,1,3,0,1
1,<environment.Job instance at 0x146f659ba0f0>,5,2,[2 7],7,7,9,0,7
1,<environment.Job instance at 0x146f65a0b960>,0,3,[9 2],1,1,4,0,1
1,<environment.Job instance at 0x146f65fa1d20>,1,3,[1 9],2,2,5,0,2
1,<environment.Job instance at 0x146f64d78be0>,4,2,[7 2],5,5,7,0,5
1,<environment.Job instance at 0x146f64d4d370>,5,3,[9 2],6,7,10,1,6
1,<environment.Job instance at 0x146f6cba14b0>,7,1,[2 6],8,10,11,2,8
1,<environment.Job instance at 0x146f75b809b0>,0,2,[6 1],1,1,3,0,1
1,<environment.Job instance at 0x146f78ff7910>,2,3,[1 8],3,3,6,0,3
1,<environment.Job instance at 0x146f733ba730>,3,3,[1 8],4,6,9,2,4
1,<environment.Job instance at 0x146f733badc0>,0,1,[2 5],1,1,2,0,1
1,<environment.Job instance at 0x146f67e8d050>,3,3,[6 2],6,6,9,0,6
1,<environment.Job instance at 0x146f67eb0320>,5,3,[6 1],9,13,16,4,13
1,<environment.Job instance at 0x146f6688c0a0>,0,2,[8 1],1,1,3,0,1
1,<environment.Job instance at 0x146f64e82e10>,5,2,[2 7],7,7,9,0,7
1,<environment.Job instance at 0x146f64a9e2d0>,0,3,[9 2],1,1,4,0,1
1,<environment.Job instance at 0x146f6e9a05a0>,1,3,[1 9],2,2,5,0,2
1,<environment.Job instance at 0x146f79d6d050>,4,2,[7 2],5,5,7,0,5
1,<environment.Job instance at 0x146f95ef7280>,5,3,[9 2],6,7,10,1,6
1,<environment.Job instance at 0x146f6f4e9d70>,7,1,[2 6],8,10,11,2,8
1,<environment.Job instance at 0x146f7b6adaf0>,0,2,[6 1],1,1,3,0,1
1,<environment.Job instance at 0x146f6dd405f0>,2,3,[1 8],3,3,6,0,3
1,<environment.Job instance at 0x146f6dd40690>,3,3,[1 8],4,6,9,2,4
1,<environment.Job instance at 0x146f6e027dc0>,0,1,[2 5],1,1,2,0,1
1,<environment.Job instance at 0x146f67841b40>,3,3,[6 2],6,6,9,0,6
1,<environment.Job instance at 0x146f67841820>,5,3,[6 1],9,9,12,0,9
1,<environment.Job instance at 0x146f6788a3c0>,0,2,[8 1],1,1,3,0,1
1,<environment.Job instance at 0x146f73f0de60>,5,2,[2 7],7,7,9,0,7
1,<environment.Job instance at 0x146f807a4460>,0,3,[9 2],1,1,4,0,1
1,<environment.Job instance at 0x146f6d306a50>,1,3,[2 9],2,4,7,2,2
1,<environment.Job instance at 0x146f7bce6410>,1,3,[1 9],2,2,5,0,2
1,<environment.Job instance at 0x146f7410bcd0>,4,2,[7 2],5,5,7,0,5
1,<environment.Job instance at 0x146f7410ba00>,5,3,[9 2],6,7,10,1,6
1,<environment.Job instance at 0x146f69f512d0>,7,1,[2 6],8,10,11,2,8
1,<environment.Job instance at 0x146f80c0ec30>,0,2,[6 1],1,1,3,0,1
1,<environment.Job instance at 0x146f6d0d8230>,2,3,[1 8],3,3,6,0,3
1,<environment.Job instance at 0x146f65832370>,3,3,[1 8],4,6,9,2,4
1,<environment.Job instance at 0x146f6586ea00>,0,1,[2 5],1,1,2,0,1
1,<environment.Job instance at 0x146f6e25af00>,3,3,[6 2],6,6,9,0,6
1,<environment.Job instance at 0x146f6e25a5f0>,5,3,[6 1],9,13,16,4,13
1,<environment.Job instance at 0x146f971b6e10>,0,2,[8 1],1,1,3,0,1
1,<environment.Job instance at 0x146f971b6230>,5,2,[2 7],7,7,9,0,7
1,<environment.Job instance at 0x146f6f2f0410>,0,3,[9 2],1,1,4,0,1
1,<environment.Job instance at 0x146f72ff05f0>,1,3,[2 9],2,4,7,2,2
1,<environment.Job instance at 0x146f7a33ec80>,1,3,[1 9],2,2,5,0,2
1,<environment.Job instance at 0x146f6c303140>,4,2,[7 2],5,5,7,0,5
1,<environment.Job instance at 0x146f775dbfa0>,5,3,[9 2],6,7,10,1,6
1,<environment.Job instance at 0x146f775db2d0>,7,1,[2 6],8,10,11,2,8
1,<environment.Job instance at 0x146f824c8050>,0,2,[6 1],1,1,3,0,1
1,<environment.Job instance at 0x146f6c303dc0>,2,3,[1 8],3,3,6,0,3
1,<environment.Job instance at 0x146f968d5280>,0,1,[2 5],1,1,2,0,1
1,<environment.Job instance at 0x146f6fe65050>,3,3,[6 2],6,6,9,0,6
1,<environment.Job instance at 0x146f6fe65af0>,5,3,[6 1],9,9,12,0,9
1,<environment.Job instance at 0x146f6531e8c0>,0,2,[8 1],1,1,3,0,1
1,<environment.Job instance at 0x146f6c9cf870>,5,2,[2 7],7,7,9,0,7
1,<environment.Job instance at 0x146f7082a050>,0,3,[9 2],1,1,4,0,1
1,<environment.Job instance at 0x146f6777d3c0>,1,3,[1 9],2,2,5,0,2
1,<environment.Job instance at 0x146f6b736eb0>,4,2,[7 2],5,5,7,0,5
1,<environment.Job instance at 0x146f680a9e10>,5,3,[9 2],6,7,10,1,6
1,<environment.Job instance at 0x146f676d4be0>,7,1,[2 6],8,10,11,2,8
1,<environment.Job instance at 0x146f67e59c80>,0,2,[6 1],1,1,3,0,1
1,<environment.Job instance at 0x146f75af5f50>,2,3,[1 8],3,3,6,0,3
1,<environment.Job instance at 0x146f657a6f50>,3,3,[1 8],4,6,9,2,4
1,<environment.Job instance at 0x146f65726320>,0,1,[2 5],1,1,2,0,1
1,<environment.Job instance at 0x146f6d0b4a50>,3,3,[6 2],6,6,9,0,6
1,<environment.Job instance at 0x146f6909d230>,5,3,[6 1],9,13,16,4,13
1,<environment.Job instance at 0x146f746e2d20>,0,2,[8 1],1,1,3,0,1
1,<environment.Job instance at 0x146f66eaa5f0>,5,2,[2 7],7,7,9,0,7
1,<environment.Job instance at 0x146f66eaa190>,0,3,[9 2],1,1,4,0,1
1,<environment.Job instance at 0x146f82cafe60>,1,3,[2 9],2,4,7,2,2
1,<environment.Job instance at 0x146f68604b40>,1,3,[1 9],2,2,5,0,2
1,<environment.Job instance at 0x146f7be4beb0>,4,2,[7 2],5,5,7,0,5
1,<environment.Job instance at 0x146f69df3050>,5,3,[9 2],6,7,10,1,6
1,<environment.Job instance at 0x146fcdb21e10>,7,1,[2 6],8,10,11,2,8
1,<environment.Job instance at 0x146f674d9280>,0,2,[6 1],1,1,3,0,1
1,<environment.Job instance at 0x146f7145c320>,2,3,[1 8],3,3,6,0,3
1,<environment.Job instance at 0x146f7145c730>,3,3,[1 8],4,6,9,2,4
1,<environment.Job instance at 0x146f658f0460>,0,1,[2 5],1,1,2,0,1
1,<environment.Job instance at 0x146f65646780>,3,3,[6 2],6,6,9,0,6
1,<environment.Job instance at 0x146f65646af0>,5,3,[6 1],9,9,12,0,9
1,<environment.Job instance at 0x146f65646230>,0,2,[8 1],1,1,3,0,1
1,<environment.Job instance at 0x146f6b1b1f00>,5,2,[2 7],7,7,9,0,7
1,<environment.Job instance at 0x146f72a903c0>,0,3,[9 2],1,1,4,0,1
1,<environment.Job instance at 0x146f6b1b1dc0>,1,3,[2 9],2,4,7,2,2
1,<environment.Job instance at 0x146f75681c30>,1,3,[1 9],2,2,5,0,2
1,<environment.Job instance at 0x146f6d2e1e10>,4,2,[7 2],5,5,7,0,5
1,<environment.Job instance at 0x146f81321640>,5,3,[9 2],6,7,10,1,6
1,<environment.Job instance at 0x146f7a2f5d20>,7,1,[2 6],8,10,11,2,8
1,<environment.Job instance at 0x146f7542f140>,0,2,[6 1],1,1,3,0,1
1,<environment.Job instance at 0x146f7bed2640>,2,3,[1 8],3,3,6,0,3
1,<environment.Job instance at 0x146f6b3e2af0>,3,3,[1 8],4,6,9,2,4
1,<environment.Job instance at 0x146f6a0eaaf0>,0,1,[2 5],1,1,2,0,1
1,<environment.Job instance at 0x146f71062190>,3,3,[6 2],6,6,9,0,6
1,<environment.Job instance at 0x146f825a4280>,5,3,[6 1],9,9,12,0,9
1,<environment.Job instance at 0x146f705b4f50>,0,2,[8 1],1,1,3,0,1
1,<environment.Job instance at 0x146f66ad82d0>,5,2,[2 7],7,7,9,0,7
1,<environment.Job instance at 0x146f676d3c30>,0,3,[9 2],1,1,4,0,1
1,<environment.Job instance at 0x146f76278910>,1,3,[2 9],2,4,7,2,2
1,<environment.Job instance at 0x146f6be09d70>,1,3,[1 9],2,2,5,0,2
1,<environment.Job instance at 0x146f748170a0>,4,2,[7 2],5,5,7,0,5
1,<environment.Job instance at 0x146f6cbce320>,5,3,[9 2],6,7,10,1,6
1,<environment.Job instance at 0x146f75b97fa0>,7,1,[2 6],8,10,11,2,8
1,<environment.Job instance at 0x146f6b567550>,1,13,[2 8],2,2,15,0,2
1,<environment.Job instance at 0x146f788f86e0>,3,3,[1 8],4,15,18,11,4
1,<environment.Job instance at 0x146f788f83c0>,5,2,[ 1 10],8,18,20,10,8
1,<environment.Job instance at 0x146f6a09c870>,0,1,[2 5],1,1,2,0,1
1,<environment.Job instance at 0x146f71d2f190>,2,2,[10  1],5,5,7,0,5
1,<environment.Job instance at 0x146f6aaeff00>,3,3,[6 2],6,7,10,1,6
1,<environment.Job instance at 0x146f63dc78c0>,0,2,[8 1],1,1,3,0,1
1,<environment.Job instance at 0x146f63d29050>,2,2,[2 8],4,4,6,0,4
1,<environment.Job instance at 0x146f6aaefbe0>,4,2,[2 7],6,6,8,0,6
1,<environment.Job instance at 0x146fcc832690>,5,2,[2 7],7,8,10,1,7
1,<environment.Job instance at 0x146f65ab2190>,0,3,[9 2],1,1,4,0,1
1,<environment.Job instance at 0x146f65ab2be0>,2,1,[2 7],3,4,5,1,3
1,<environment.Job instance at 0x146f73d30f50>,1,3,[1 9],2,2,5,0,2
1,<environment.Job instance at 0x146f70f916e0>,4,2,[7 2],5,5,7,0,5
1,<environment.Job instance at 0x146f70f917d0>,5,3,[9 2],6,7,10,1,6
1,<environment.Job instance at 0x146f70f91d20>,7,1,[2 6],8,10,11,2,8
1,<environment.Job instance at 0x146f7452ad20>,0,2,[6 1],1,1,3,0,1
1,<environment.Job instance at 0x146f7452a910>,2,3,[1 8],3,3,6,0,3
1,<environment.Job instance at 0x146f65971cd0>,3,3,[1 8],4,6,9,2,4
1,<environment.Job instance at 0x146f7447c820>,0,1,[2 5],1,1,2,0,1
1,<environment.Job instance at 0x146f721465a0>,3,3,[6 2],6,6,9,0,6
1,<environment.Job instance at 0x146f679963c0>,5,3,[6 1],9,9,12,0,9
1,<environment.Job instance at 0x146f699bac30>,0,2,[8 1],1,1,3,0,1
1,<environment.Job instance at 0x146f79490d70>,5,2,[2 7],7,7,9,0,7
1,<environment.Job instance at 0x146f7b22e500>,0,3,[9 2],1,1,4,0,1
1,<environment.Job instance at 0x146f6a5fac80>,1,3,[1 9],2,2,5,0,2
1,<environment.Job instance at 0x146f67e2f500>,4,2,[7 2],5,5,7,0,5
1,<environment.Job instance at 0x146f66c1f410>,5,3,[9 2],6,7,10,1,6
1,<environment.Job instance at 0x146f798945a0>,7,1,[2 6],8,10,11,2,8
1,<environment.Job instance at 0x146f6937e190>,0,2,[6 1],1,1,3,0,1
1,<environment.Job instance at 0x146f6920bd70>,2,3,[1 8],3,3,6,0,3
1,<environment.Job instance at 0x146f6d4a3a50>,3,3,[1 8],4,6,9,2,4
1,<environment.Job instance at 0x146f6fe8c190>,0,1,[2 5],1,1,2,0,1
1,<environment.Job instance at 0x146f83912780>,3,3,[6 2],6,6,9,0,6
1,<environment.Job instance at 0x146f783bab90>,5,3,[6 1],9,9,12,0,9
1,<environment.Job instance at 0x146f64d803c0>,0,2,[8 1],1,1,3,0,1
1,<environment.Job instance at 0x146f6bf1f140>,5,2,[2 7],7,7,9,0,7
1,<environment.Job instance at 0x146f694c2960>,0,3,[9 2],1,1,4,0,1
1,<environment.Job instance at 0x146f6bca8370>,1,3,[1 9],2,2,5,0,2
1,<environment.Job instance at 0x146f75279c30>,4,2,[7 2],5,5,7,0,5
1,<environment.Job instance at 0x146f6dc8ba00>,5,3,[9 2],6,7,10,1,6
1,<environment.Job instance at 0x146f720576e0>,7,1,[2 6],8,10,11,2,8
1,<environment.Job instance at 0x146f65a63d70>,0,2,[6 1],1,1,3,0,1
1,<environment.Job instance at 0x146f65a63b90>,2,3,[1 8],3,3,6,0,3
1,<environment.Job instance at 0x146f6a253c80>,3,3,[1 8],4,6,9,2,4
1,<environment.Job instance at 0x146f802295f0>,0,1,[2 5],1,1,2,0,1
1,<environment.Job instance at 0x146f6a9bc5a0>,3,3,[6 2],6,6,9,0,6
1,<environment.Job instance at 0x146f740c56e0>,5,3,[6 1],9,9,12,0,9
1,<environment.Job instance at 0x146f73607d20>,0,2,[8 1],1,1,3,0,1
1,<environment.Job instance at 0x146f71597410>,5,2,[2 7],7,7,9,0,7
1,<environment.Job instance at 0x146f66dccb90>,0,3,[9 2],1,1,4,0,1
1,<environment.Job instance at 0x146f6f969aa0>,1,3,[1 9],2,2,5,0,2
1,<environment.Job instance at 0x146f6c06a2d0>,4,2,[7 2],5,5,7,0,5
1,<environment.Job instance at 0x146f6c06a550>,5,3,[9 2],6,7,10,1,6
1,<environment.Job instance at 0x146f6c06af00>,7,1,[2 6],8,10,11,2,8
1,<environment.Job instance at 0x146f6779fc30>,0,2,[6 1],1,1,3,0,1
1,<environment.Job instance at 0x146f69f83640>,2,3,[1 8],3,3,6,0,3
1,<environment.Job instance at 0x146f64887dc0>,3,3,[1 8],4,6,9,2,4
1,<environment.Job instance at 0x146f96a72460>,0,1,[2 5],1,1,2,0,1
1,<environment.Job instance at 0x146f6dc67be0>,3,3,[6 2],6,6,9,0,6
1,<environment.Job instance at 0x146f6dc67a00>,5,3,[6 1],9,9,12,0,9
1,<environment.Job instance at 0x146f70809dc0>,0,2,[8 1],1,1,3,0,1
1,<environment.Job instance at 0x146f75bc0a00>,5,2,[2 7],7,7,9,0,7
1,<environment.Job instance at 0x146f710c9fa0>,0,3,[9 2],1,1,4,0,1
1,<environment.Job instance at 0x146f9535c230>,1,3,[1 9],2,2,5,0,2
1,<environment.Job instance at 0x146f6fd0b690>,4,2,[7 2],5,5,7,0,5
1,<environment.Job instance at 0x146f6fd0bc80>,5,3,[9 2],6,7,10,1,6
1,<environment.Job instance at 0x146f71df2960>,7,1,[2 6],8,10,11,2,8
1,<environment.Job instance at 0x146f73cd0be0>,0,2,[6 1],1,1,3,0,1
1,<environment.Job instance at 0x146f73cd06e0>,2,3,[1 8],3,3,6,0,3
1,<environment.Job instance at 0x146f6c37b730>,3,3,[1 8],4,6,9,2,4
1,<environment.Job instance at 0x146f71f43cd0>,0,1,[2 5],1,1,2,0,1
1,<environment.Job instance at 0x146fcdd870a0>,3,3,[6 2],6,6,9,0,6
1,<environment.Job instance at 0x146fcdd87640>,5,3,[6 1],9,9,12,0,9
1,<environment.Job instance at 0x146f73a5b500>,0,2,[8 1],1,1,3,0,1
1,<environment.Job instance at 0x146f67748050>,5,2,[2 7],7,7,9,0,7
1,<environment.Job instance at 0x146f759f6f00>,0,3,[9 2],1,1,4,0,1
1,<environment.Job instance at 0x146f74b46910>,1,3,[2 9],2,4,7,2,2
1,<environment.Job instance at 0x146f78f6e550>,1,3,[1 9],2,2,5,0,2
1,<environment.Job instance at 0x146f68021050>,4,2,[7 2],5,5,7,0,5
1,<environment.Job instance at 0x146f7a1d3af0>,5,3,[9 2],6,7,10,1,6
1,<environment.Job instance at 0x146f6bcfba00>,7,1,[2 6],8,10,11,2,8
1,<environment.Job instance at 0x146f67d80780>,0,2,[6 1],1,1,3,0,1
1,<environment.Job instance at 0x146f6bcfb230>,2,3,[1 8],3,3,6,0,3
1,<environment.Job instance at 0x146f69758820>,3,3,[1 8],4,6,9,2,4
1,<environment.Job instance at 0x146f70d29af0>,0,1,[2 5],1,1,2,0,1
1,<environment.Job instance at 0x146f66c2eaa0>,3,3,[6 2],6,6,9,0,6
1,<environment.Job instance at 0x146f66c2e370>,5,3,[6 1],9,9,12,0,9
1,<environment.Job instance at 0x146f70c9a910>,0,2,[8 1],1,1,3,0,1
1,<environment.Job instance at 0x146f69d37550>,5,2,[2 7],7,7,9,0,7
1,<environment.Job instance at 0x146f6afebc80>,0,3,[9 2],1,1,4,0,1
1,<environment.Job instance at 0x146f6afeb320>,1,3,[2 9],2,4,7,2,2
1,<environment.Job instance at 0x146f6c37c050>,1,3,[1 9],2,2,5,0,2
1,<environment.Job instance at 0x146f661b7370>,4,2,[7 2],5,5,7,0,5
1,<environment.Job instance at 0x146f661b7730>,5,3,[9 2],6,7,10,1,6
1,<environment.Job instance at 0x146f661b7c30>,7,1,[2 6],8,10,11,2,8
1,<environment.Job instance at 0x146f74f616e0>,0,2,[6 1],1,1,3,0,1
1,<environment.Job instance at 0x146f74f61870>,2,3,[1 8],3,3,6,0,3
1,<environment.Job instance at 0x146f6ffed960>,3,3,[1 8],4,6,9,2,4
1,<environment.Job instance at 0x146f660ba730>,0,1,[2 5],1,1,2,0,1
1,<environment.Job instance at 0x146f6632e690>,3,3,[6 2],6,6,9,0,6
1,<environment.Job instance at 0x146f6632ea50>,5,3,[6 1],9,9,12,0,9
1,<environment.Job instance at 0x146f6ceeb050>,0,2,[8 1],1,1,3,0,1
1,<environment.Job instance at 0x146f6099b730>,5,2,[2 7],7,7,9,0,7
1,<environment.Job instance at 0x146f609ffb40>,0,3,[9 2],1,1,4,0,1
1,<environment.Job instance at 0x146f660ba5f0>,1,3,[2 9],2,4,7,2,2
1,<environment.Job instance at 0x146f79c38870>,1,3,[1 9],2,2,5,0,2
1,<environment.Job instance at 0x146f7115b730>,4,2,[7 2],5,5,7,0,5
1,<environment.Job instance at 0x146f7115bc30>,5,3,[9 2],6,7,10,1,6
1,<environment.Job instance at 0x146f6a449960>,7,1,[2 6],8,10,11,2,8
1,<environment.Job instance at 0x146f681be820>,0,2,[6 1],1,1,3,0,1
1,<environment.Job instance at 0x146f681bed70>,2,3,[1 8],3,3,6,0,3
1,<environment.Job instance at 0x146f636060a0>,3,3,[1 8],4,6,9,2,4
1,<environment.Job instance at 0x146f837c3640>,0,1,[2 5],1,1,2,0,1
1,<environment.Job instance at 0x146f813a4be0>,3,3,[6 2],6,6,9,0,6
1,<environment.Job instance at 0x146f813a4af0>,5,3,[6 1],9,9,12,0,9
1,<environment.Job instance at 0x146f6ec57870>,0,2,[8 1],1,1,3,0,1
1,<environment.Job instance at 0x146f6f67e7d0>,5,2,[2 7],7,7,9,0,7
1,<environment.Job instance at 0x146f72486fa0>,0,3,[9 2],1,1,4,0,1
1,<environment.Job instance at 0x146f6f67e280>,1,3,[2 9],2,4,7,2,2
1,<environment.Job instance at 0x146f6c91a640>,1,3,[1 9],2,2,5,0,2
1,<environment.Job instance at 0x146f64a8ef00>,4,2,[7 2],5,5,7,0,5
1,<environment.Job instance at 0x146f64a8e820>,5,3,[9 2],6,7,10,1,6
1,<environment.Job instance at 0x146f6a57a0a0>,7,1,[2 6],8,10,11,2,8
1,<environment.Job instance at 0x146f74852500>,0,2,[6 1],1,1,3,0,1
1,<environment.Job instance at 0x146f74852370>,2,3,[1 8],3,3,6,0,3
1,<environment.Job instance at 0x146f679aff50>,3,3,[1 8],4,6,9,2,4
1,<environment.Job instance at 0x146f683d8140>,0,1,[2 5],1,1,2,0,1
1,<environment.Job instance at 0x146f60cd2780>,3,3,[6 2],6,6,9,0,6
1,<environment.Job instance at 0x146f60cd28c0>,5,3,[6 1],9,9,12,0,9
1,<environment.Job instance at 0x146f60cd72d0>,0,2,[8 1],1,1,3,0,1
1,<environment.Job instance at 0x146f6bcbc3c0>,5,2,[2 7],7,7,9,0,7
1,<environment.Job instance at 0x146f7138ce60>,0,3,[9 2],1,1,4,0,1
1,<environment.Job instance at 0x146f60cd2550>,1,3,[2 9],2,4,7,2,2
1,<environment.Job instance at 0x146f78956140>,1,3,[1 9],2,2,5,0,2
1,<environment.Job instance at 0x146f70ca7780>,4,2,[7 2],5,5,7,0,5
1,<environment.Job instance at 0x146f70ca7b90>,5,3,[9 2],6,7,10,1,6
1,<environment.Job instance at 0x146f70cbdc80>,7,1,[2 6],8,10,11,2,8
1,<environment.Job instance at 0x146f71194730>,0,2,[6 1],1,1,3,0,1
1,<environment.Job instance at 0x146f71194820>,2,3,[1 8],3,3,6,0,3
1,<environment.Job instance at 0x146f66d25a50>,3,3,[1 8],4,6,9,2,4
1,<environment.Job instance at 0x146f72546730>,0,1,[2 5],1,1,2,0,1
1,<environment.Job instance at 0x146f966c4050>,3,3,[6 2],6,6,9,0,6
1,<environment.Job instance at 0x146f72546190>,5,3,[6 1],9,9,12,0,9
1,<environment.Job instance at 0x146f7a9c15f0>,0,2,[8 1],1,1,3,0,1
1,<environment.Job instance at 0x146f6a952870>,5,2,[2 7],7,7,9,0,7
1,<environment.Job instance at 0x146f73acb0a0>,0,3,[9 2],1,1,4,0,1
1,<environment.Job instance at 0x146f70776cd0>,1,3,[2 9],2,4,7,2,2
1,<environment.Job instance at 0x146f65724a00>,1,3,[1 9],2,2,5,0,2
1,<environment.Job instance at 0x146f7af80d70>,4,2,[7 2],5,5,7,0,5
1,<environment.Job instance at 0x146f682f1140>,5,3,[9 2],6,7,10,1,6
1,<environment.Job instance at 0x146f682f1af0>,7,1,[2 6],8,10,11,2,8
1,<environment.Job instance at 0x146f67be6e60>,0,2,[6 1],1,1,3,0,1
1,<environment.Job instance at 0x146f720b0960>,2,3,[1 8],3,3,6,0,3
1,<environment.Job instance at 0x146f720b0a00>,3,3,[1 8],4,6,9,2,4
1,<environment.Job instance at 0x146f64d6bb90>,0,1,[2 5],1,1,2,0,1
1,<environment.Job instance at 0x146f63d67320>,3,3,[6 2],6,6,9,0,6
1,<environment.Job instance at 0x146f63d22fa0>,5,3,[6 1],9,9,12,0,9
1,<environment.Job instance at 0x146f63e538c0>,0,2,[8 1],1,1,3,0,1
1,<environment.Job instance at 0x146f6d7afcd0>,5,2,[2 7],7,7,9,0,7
1,<environment.Job instance at 0x146f69d17a00>,0,3,[9 2],1,1,4,0,1
1,<environment.Job instance at 0x146f7ba2d730>,1,3,[2 9],2,4,7,2,2
1,<environment.Job instance at 0x146f663e7b90>,1,3,[1 9],2,2,5,0,2
1,<environment.Job instance at 0x146f666b44b0>,4,2,[7 2],5,5,7,0,5
1,<environment.Job instance at 0x146f666b4e10>,5,3,[9 2],6,7,10,1,6
1,<environment.Job instance at 0x146f666b4aa0>,7,1,[2 6],8,10,11,2,8
1,<environment.Job instance at 0x146f69f78640>,0,2,[6 1],1,1,3,0,1
1,<environment.Job instance at 0x146f69f781e0>,2,3,[1 8],3,3,6,0,3
1,<environment.Job instance at 0x146f665abe10>,3,3,[1 8],4,6,9,2,4
1,<environment.Job instance at 0x146f8354f1e0>,0,1,[2 5],1,1,2,0,1
1,<environment.Job instance at 0x146f642a1eb0>,3,3,[6 2],6,6,9,0,6
1,<environment.Job instance at 0x146f621cd050>,5,3,[6 1],9,9,12,0,9
1,<environment.Job instance at 0x146f621e56e0>,0,2,[8 1],1,1,3,0,1
1,<environment.Job instance at 0x146f6452d1e0>,5,2,[2 7],7,7,9,0,7
1,<environment.Job instance at 0x146f704812d0>,0,3,[9 2],1,1,4,0,1
1,<environment.Job instance at 0x146f6623adc0>,1,3,[2 9],2,4,7,2,2
1,<environment.Job instance at 0x146f645f5a00>,1,3,[1 9],2,2,5,0,2
1,<environment.Job instance at 0x146f79e83320>,4,2,[7 2],5,5,7,0,5
1,<environment.Job instance at 0x146f6aaefdc0>,5,3,[9 2],6,7,10,1,6
1,<environment.Job instance at 0x146f6093ffa0>,7,1,[2 6],8,10,11,2,8
1,<environment.Job instance at 0x146f6ef3b410>,0,2,[6 1],1,1,3,0,1
1,<environment.Job instance at 0x146f6cd70460>,2,3,[1 8],3,3,6,0,3
1,<environment.Job instance at 0x146f64e69aa0>,3,3,[1 8],4,6,9,2,4
1,<environment.Job instance at 0x146f649623c0>,0,1,[2 5],1,1,2,0,1
1,<environment.Job instance at 0x146f672b1d20>,3,3,[6 2],6,6,9,0,6
1,<environment.Job instance at 0x146f7640fa00>,5,3,[6 1],9,9,12,0,9
1,<environment.Job instance at 0x146f64e40d70>,0,2,[8 1],1,1,3,0,1
1,<environment.Job instance at 0x146f64e40a50>,5,2,[2 7],7,7,9,0,7
1,<environment.Job instance at 0x146f6df4d0f0>,0,3,[9 2],1,1,4,0,1
1,<environment.Job instance at 0x146f656c7a00>,1,3,[1 9],2,2,5,0,2
1,<environment.Job instance at 0x146f6ab37f00>,4,2,[7 2],5,5,7,0,5
1,<environment.Job instance at 0x146f6ab370f0>,5,3,[9 2],6,7,10,1,6
1,<environment.Job instance at 0x146f6ab37eb0>,7,1,[2 6],8,10,11,2,8
1,<environment.Job instance at 0x146f75e4b500>,0,2,[6 1],1,1,3,0,1
1,<environment.Job instance at 0x146f6f339e60>,2,3,[1 8],3,3,6,0,3
1,<environment.Job instance at 0x146f64c91af0>,3,3,[1 8],4,6,9,2,4
1,<environment.Job instance at 0x146f70c89820>,0,1,[2 5],1,1,2,0,1
1,<environment.Job instance at 0x146f71c35d70>,3,3,[6 2],6,6,9,0,6
1,<environment.Job instance at 0x146f71c35a00>,5,3,[6 1],9,9,12,0,9
1,<environment.Job instance at 0x146fcc60b870>,0,2,[8 1],1,1,3,0,1
1,<environment.Job instance at 0x146f744a1cd0>,5,2,[2 7],7,7,9,0,7
1,<environment.Job instance at 0x146fccfd4d70>,0,3,[9 2],1,1,4,0,1
1,<environment.Job instance at 0x146f726637d0>,1,3,[2 9],2,4,7,2,2
1,<environment.Job instance at 0x146f6b333c30>,1,3,[1 9],2,2,5,0,2
1,<environment.Job instance at 0x146f66c3f460>,4,2,[7 2],5,5,7,0,5
1,<environment.Job instance at 0x146f66c3f640>,5,3,[9 2],6,7,10,1,6
1,<environment.Job instance at 0x146f66c3f320>,7,1,[2 6],8,10,11,2,8
1,<environment.Job instance at 0x146f677637d0>,0,2,[6 1],1,1,3,0,1
1,<environment.Job instance at 0x146f6b27dc30>,2,3,[1 8],3,3,6,0,3
1,<environment.Job instance at 0x146f67763f00>,3,3,[1 8],4,6,9,2,4
1,<environment.Job instance at 0x146f64d7bfa0>,0,1,[2 5],1,1,2,0,1
1,<environment.Job instance at 0x146f69873d20>,3,3,[6 2],6,6,9,0,6
1,<environment.Job instance at 0x146f76fd72d0>,5,3,[6 1],9,9,12,0,9
1,<environment.Job instance at 0x146f778dde60>,0,2,[8 1],1,1,3,0,1
1,<environment.Job instance at 0x146f778dda00>,5,2,[2 7],7,7,9,0,7
1,<environment.Job instance at 0x146f68fc8e60>,0,3,[9 2],1,1,4,0,1
1,<environment.Job instance at 0x146f68fc8eb0>,1,3,[2 9],2,4,7,2,2
1,<environment.Job instance at 0x146f69ff5780>,1,3,[1 9],2,2,5,0,2
1,<environment.Job instance at 0x146f649b9aa0>,4,2,[7 2],5,5,7,0,5
1,<environment.Job instance at 0x146f649b9190>,5,3,[9 2],6,7,10,1,6
1,<environment.Job instance at 0x146f649b97d0>,7,1,[2 6],8,10,11,2,8
1,<environment.Job instance at 0x146f6a71cc30>,0,2,[6 1],1,1,3,0,1
1,<environment.Job instance at 0x146f6601baa0>,2,3,[1 8],3,3,6,0,3
1,<environment.Job instance at 0x146f6a71c910>,3,3,[1 8],4,6,9,2,4
1,<environment.Job instance at 0x146f6863c410>,0,1,[2 5],1,1,2,0,1
1,<environment.Job instance at 0x146f785fab90>,3,3,[6 2],6,6,9,0,6
1,<environment.Job instance at 0x146f637fbb90>,5,3,[6 1],9,9,12,0,9
1,<environment.Job instance at 0x146f72aa1960>,0,2,[8 1],1,1,3,0,1
1,<environment.Job instance at 0x146f72aa1a50>,5,2,[2 7],7,7,9,0,7
1,<environment.Job instance at 0x146fcd21f7d0>,0,3,[9 2],1,1,4,0,1
1,<environment.Job instance at 0x146f96bb56e0>,1,3,[2 9],2,4,7,2,2
1,<environment.Job instance at 0x146f6b98eeb0>,1,3,[1 9],2,2,5,0,2
1,<environment.Job instance at 0x146f6573e550>,4,2,[7 2],5,5,7,0,5
1,<environment.Job instance at 0x146f6573e7d0>,5,3,[9 2],6,7,10,1,6
1,<environment.Job instance at 0x146f6573e5f0>,7,1,[2 6],8,10,11,2,8
1,<environment.Job instance at 0x146f75ecdaf0>,0,2,[6 1],1,1,3,0,1
1,<environment.Job instance at 0x146f75ecd460>,2,3,[1 8],3,3,6,0,3
1,<environment.Job instance at 0x146f71632b40>,3,3,[1 8],4,6,9,2,4
1,<environment.Job instance at 0x146f6994a500>,0,1,[2 5],1,1,2,0,1
1,<environment.Job instance at 0x146f6bb852d0>,3,3,[6 2],6,6,9,0,6
1,<environment.Job instance at 0x146f7baefb40>,5,3,[6 1],9,9,12,0,9
1,<environment.Job instance at 0x146f69808320>,0,2,[8 1],1,1,3,0,1
1,<environment.Job instance at 0x146f6d762e10>,5,2,[2 7],7,7,9,0,7
1,<environment.Job instance at 0x146f65110aa0>,0,3,[9 2],1,1,4,0,1
1,<environment.Job instance at 0x146f9636db90>,1,3,[2 9],2,4,7,2,2
1,<environment.Job instance at 0x146f72554780>,1,3,[1 9],2,2,5,0,2
1,<environment.Job instance at 0x146f6aaf3e60>,4,2,[7 2],5,5,7,0,5
1,<environment.Job instance at 0x146f6ebcc0a0>,5,3,[9 2],6,7,10,1,6
1,<environment.Job instance at 0x146f6aaf3a50>,7,1,[2 6],8,10,11,2,8
1,<environment.Job instance at 0x146f6d0de230>,0,2,[6 1],1,1,3,0,1
1,<environment.Job instance at 0x146f77185a50>,2,3,[1 8],3,3,6,0,3
1,<environment.Job instance at 0x146f6d190dc0>,3,3,[1 8],4,6,9,2,4
1,<environment.Job instance at 0x146fcd13b5a0>,0,1,[2 5],1,1,2,0,1
1,<environment.Job instance at 0x146f6cd680f0>,3,3,[6 2],6,6,9,0,6
1,<environment.Job instance at 0x146f6954e050>,5,3,[6 1],9,9,12,0,9
1,<environment.Job instance at 0x146f65636b40>,0,2,[8 1],1,1,3,0,1
1,<environment.Job instance at 0x146f61809aa0>,5,2,[2 7],7,7,9,0,7
1,<environment.Job instance at 0x146f6178c690>,0,3,[9 2],1,1,4,0,1
1,<environment.Job instance at 0x146f6178c5f0>,1,3,[2 9],2,4,7,2,2
1,<environment.Job instance at 0x146f6bd61aa0>,1,3,[1 9],2,2,5,0,2
1,<environment.Job instance at 0x146f6af74b40>,4,2,[7 2],5,5,7,0,5
1,<environment.Job instance at 0x146f6af74140>,5,3,[9 2],6,7,10,1,6
1,<environment.Job instance at 0x146f74673f00>,7,1,[2 6],8,10,11,2,8
1,<environment.Job instance at 0x146f6c803e60>,0,2,[6 1],1,1,3,0,1
1,<environment.Job instance at 0x146f6c803460>,2,3,[1 8],3,3,6,0,3
1,<environment.Job instance at 0x146f63f016e0>,3,3,[1 8],4,6,9,2,4
1,<environment.Job instance at 0x146f678955f0>,0,1,[2 5],1,1,2,0,1
1,<environment.Job instance at 0x146f72268d20>,3,3,[6 2],6,6,9,0,6
1,<environment.Job instance at 0x146f70a39dc0>,5,3,[6 1],9,9,12,0,9
1,<environment.Job instance at 0x146f73dada00>,0,2,[8 1],1,1,3,0,1
1,<environment.Job instance at 0x146f6a80d320>,5,2,[2 7],7,7,9,0,7
1,<environment.Job instance at 0x146f665bae60>,0,3,[9 2],1,1,4,0,1
1,<environment.Job instance at 0x146f678959b0>,1,3,[2 9],2,4,7,2,2
1,<environment.Job instance at 0x146f697ac6e0>,1,3,[1 9],2,2,5,0,2
1,<environment.Job instance at 0x146f7a558690>,4,2,[7 2],5,5,7,0,5
1,<environment.Job instance at 0x146f7a558b90>,5,3,[9 2],6,7,10,1,6
1,<environment.Job instance at 0x146f7a558a50>,7,1,[2 6],8,10,11,2,8
1,<environment.Job instance at 0x146f63999b90>,0,2,[6 1],1,1,3,0,1
1,<environment.Job instance at 0x146f63c3b050>,2,3,[1 8],3,3,6,0,3
1,<environment.Job instance at 0x146f632b9820>,3,3,[1 8],4,6,9,2,4
1,<environment.Job instance at 0x146f75a3e870>,0,1,[2 5],1,1,2,0,1
1,<environment.Job instance at 0x146f96db9e10>,3,3,[6 2],6,6,9,0,6
1,<environment.Job instance at 0x146f7082d0a0>,5,3,[6 1],9,9,12,0,9
1,<environment.Job instance at 0x146f66861cd0>,0,2,[8 1],1,1,3,0,1
1,<environment.Job instance at 0x146f6164adc0>,5,2,[2 7],7,7,9,0,7
1,<environment.Job instance at 0x146f61638280>,0,3,[9 2],1,1,4,0,1
1,<environment.Job instance at 0x146f61638190>,1,3,[2 9],2,4,7,2,2
1,<environment.Job instance at 0x146f752b1f00>,1,3,[1 9],2,2,5,0,2
1,<environment.Job instance at 0x146f700e74b0>,4,2,[7 2],5,5,7,0,5
1,<environment.Job instance at 0x146f728713c0>,5,3,[9 2],6,7,10,1,6
1,<environment.Job instance at 0x146f63d1fb90>,7,1,[2 6],8,10,11,2,8
1,<environment.Job instance at 0x146f68dfdd70>,0,2,[6 1],1,1,3,0,1
1,<environment.Job instance at 0x146f71e02190>,2,3,[1 8],3,3,6,0,3
1,<environment.Job instance at 0x146f61fd1460>,0,1,[2 5],1,1,2,0,1
1,<environment.Job instance at 0x146f6698fd20>,3,3,[6 2],6,6,9,0,6
1,<environment.Job instance at 0x146f749f2730>,5,3,[6 1],9,9,12,0,9
1,<environment.Job instance at 0x146f67fc1c80>,0,2,[8 1],1,1,3,0,1
1,<environment.Job instance at 0x146f70fcbc30>,5,2,[2 7],7,7,9,0,7
1,<environment.Job instance at 0x146f77d8b910>,0,3,[9 2],1,1,4,0,1
1,<environment.Job instance at 0x146f6974bdc0>,1,3,[2 9],2,4,7,2,2
1,<environment.Job instance at 0x146f7a691f00>,1,3,[1 9],2,2,5,0,2
1,<environment.Job instance at 0x146f61eaa4b0>,4,2,[7 2],5,5,7,0,5
1,<environment.Job instance at 0x146f61eaae10>,5,3,[9 2],6,7,10,1,6
1,<environment.Job instance at 0x146f66eaa8c0>,7,1,[2 6],8,10,11,2,8
1,<environment.Job instance at 0x146f6f09cfa0>,0,2,[6 1],1,1,3,0,1
1,<environment.Job instance at 0x146f6f09c140>,2,3,[1 8],3,3,6,0,3
1,<environment.Job instance at 0x146f63ef7a50>,3,3,[1 8],4,6,9,2,4
1,<environment.Job instance at 0x146f69982230>,0,1,[2 5],1,1,2,0,1
1,<environment.Job instance at 0x146f66b8aeb0>,3,3,[6 2],6,6,9,0,6
1,<environment.Job instance at 0x146f6df2a5a0>,5,3,[6 1],9,9,12,0,9
1,<environment.Job instance at 0x146f6586b410>,0,2,[8 1],1,1,3,0,1
1,<environment.Job instance at 0x146f67dbe050>,5,2,[2 7],7,7,9,0,7
1,<environment.Job instance at 0x146f620e13c0>,0,3,[9 2],1,1,4,0,1
1,<environment.Job instance at 0x146f79c313c0>,1,3,[2 9],2,4,7,2,2
1,<environment.Job instance at 0x146f7298d190>,1,3,[1 9],2,2,5,0,2
1,<environment.Job instance at 0x146f95ed3780>,4,2,[7 2],5,5,7,0,5
1,<environment.Job instance at 0x146f76709460>,5,3,[9 2],6,7,10,1,6
1,<environment.Job instance at 0x146f7b3fb550>,7,1,[2 6],8,10,11,2,8
1,<environment.Job instance at 0x146f6f0ca5a0>,0,2,[6 1],1,1,3,0,1
1,<environment.Job instance at 0x146f6c23fcd0>,2,3,[1 8],3,3,6,0,3
1,<environment.Job instance at 0x146f6eba9b90>,0,1,[2 5],1,1,2,0,1
1,<environment.Job instance at 0x146f70855190>,3,3,[6 2],6,6,9,0,6
1,<environment.Job instance at 0x146f71aac410>,5,3,[6 1],9,9,12,0,9
1,<environment.Job instance at 0x146f683815f0>,0,2,[8 1],1,1,3,0,1
1,<environment.Job instance at 0x146f62a41050>,5,2,[2 7],7,7,9,0,7
1,<environment.Job instance at 0x146f62a16050>,0,3,[9 2],1,1,4,0,1
1,<environment.Job instance at 0x146f76a04640>,1,3,[2 9],2,4,7,2,2
1,<environment.Job instance at 0x146f78f73500>,1,3,[1 9],2,2,5,0,2
1,<environment.Job instance at 0x146f63f43640>,4,2,[7 2],5,5,7,0,5
1,<environment.Job instance at 0x146f63f43dc0>,5,3,[9 2],6,7,10,1,6
1,<environment.Job instance at 0x146f63f43140>,7,1,[2 6],8,10,11,2,8
1,<environment.Job instance at 0x146f637380a0>,0,2,[6 1],1,1,3,0,1
1,<environment.Job instance at 0x146f66148730>,2,3,[1 8],3,3,6,0,3
1,<environment.Job instance at 0x146f66e8cd70>,3,3,[1 8],4,6,9,2,4
1,<environment.Job instance at 0x146f6766a730>,0,1,[2 5],1,1,2,0,1
1,<environment.Job instance at 0x146f61b58be0>,3,3,[6 2],6,6,9,0,6
1,<environment.Job instance at 0x146f61a52b90>,5,3,[6 1],9,9,12,0,9
1,<environment.Job instance at 0x146f61b69e10>,0,2,[8 1],1,1,3,0,1
1,<environment.Job instance at 0x146f72cb0460>,5,2,[2 7],7,7,9,0,7
1,<environment.Job instance at 0x146f67e86550>,0,3,[9 2],1,1,4,0,1
1,<environment.Job instance at 0x146f75478690>,1,3,[1 9],2,2,5,0,2
1,<environment.Job instance at 0x146f754782d0>,4,2,[7 2],5,5,7,0,5
1,<environment.Job instance at 0x146f6542b7d0>,5,3,[9 2],6,7,10,1,6
1,<environment.Job instance at 0x146f798a2dc0>,7,1,[2 6],8,10,11,2,8
1,<environment.Job instance at 0x146f6e663780>,0,2,[6 1],1,1,3,0,1
1,<environment.Job instance at 0x146f6fd27cd0>,2,3,[1 8],3,3,6,0,3
1,<environment.Job instance at 0x146f617676e0>,3,3,[1 8],4,6,9,2,4
1,<environment.Job instance at 0x146f65365050>,0,1,[2 5],1,1,2,0,1
1,<environment.Job instance at 0x146fcda0c5a0>,3,3,[6 2],6,6,9,0,6
1,<environment.Job instance at 0x146fcda0c9b0>,5,3,[6 1],9,9,12,0,9
1,<environment.Job instance at 0x146f6967cf00>,0,2,[8 1],1,1,3,0,1
1,<environment.Job instance at 0x146f6b850640>,5,2,[2 7],7,7,9,0,7
1,<environment.Job instance at 0x146f720a9dc0>,0,3,[9 2],1,1,4,0,1
1,<environment.Job instance at 0x146f72f47dc0>,1,3,[1 9],2,2,5,0,2
1,<environment.Job instance at 0x146f65de6690>,4,2,[7 2],5,5,7,0,5
1,<environment.Job instance at 0x146f65de65f0>,5,3,[9 2],6,7,10,1,6
1,<environment.Job instance at 0x146f65de6fa0>,7,1,[2 6],8,10,11,2,8
1,<environment.Job instance at 0x146f76875050>,0,2,[6 1],1,1,3,0,1
1,<environment.Job instance at 0x146f65de6640>,2,3,[1 8],3,3,6,0,3
1,<environment.Job instance at 0x146f768757d0>,3,3,[1 8],4,6,9,2,4
1,<environment.Job instance at 0x146f60b50050>,0,1,[2 5],1,1,2,0,1
1,<environment.Job instance at 0x146f60b50af0>,3,3,[6 2],6,6,9,0,6
1,<environment.Job instance at 0x146f71e40320>,5,3,[6 1],9,9,12,0,9
1,<environment.Job instance at 0x146f7807eeb0>,0,2,[8 1],1,1,3,0,1
1,<environment.Job instance at 0x146f656a5280>,5,2,[2 7],7,7,9,0,7
1,<environment.Job instance at 0x146f6fc236e0>,0,3,[9 2],1,1,4,0,1
1,<environment.Job instance at 0x146f640cc550>,1,3,[1 9],2,2,5,0,2
1,<environment.Job instance at 0x146f764fba00>,4,2,[7 2],5,5,7,0,5
1,<environment.Job instance at 0x146f764fb7d0>,5,3,[9 2],6,7,10,1,6
1,<environment.Job instance at 0x146f764fb050>,7,1,[2 6],8,10,11,2,8
1,<environment.Job instance at 0x146f6cefc280>,0,2,[6 1],1,1,3,0,1
1,<environment.Job instance at 0x146f6cefc2d0>,2,3,[1 8],3,3,6,0,3
1,<environment.Job instance at 0x146f6cefcf50>,3,3,[1 8],4,6,9,2,4
1,<environment.Job instance at 0x146f75b0b8c0>,0,1,[2 5],1,1,2,0,1
1,<environment.Job instance at 0x146f63a698c0>,3,3,[6 2],6,6,9,0,6
1,<environment.Job instance at 0x146f7a47b5a0>,5,3,[6 1],9,9,12,0,9
1,<environment.Job instance at 0x146f72c59690>,0,2,[8 1],1,1,3,0,1
1,<environment.Job instance at 0x146f61ea2cd0>,5,2,[2 7],7,7,9,0,7
1,<environment.Job instance at 0x146f623ad500>,0,3,[9 2],1,1,4,0,1
1,<environment.Job instance at 0x146f691fe230>,1,3,[2 9],2,4,7,2,2
1,<environment.Job instance at 0x146f60d4c5a0>,1,3,[1 9],2,2,5,0,2
1,<environment.Job instance at 0x146f60d970f0>,4,2,[7 2],5,5,7,0,5
1,<environment.Job instance at 0x146f77197320>,5,3,[9 2],6,7,10,1,6
1,<environment.Job instance at 0x146f676c2dc0>,7,1,[2 6],8,10,11,2,8
1,<environment.Job instance at 0x146f66e6bbe0>,0,2,[6 1],1,1,3,0,1
1,<environment.Job instance at 0x146f68ae66e0>,2,3,[1 8],3,3,6,0,3
1,<environment.Job instance at 0x146f650dddc0>,3,3,[1 8],4,6,9,2,4
1,<environment.Job instance at 0x146f650dd5a0>,0,1,[2 5],1,1,2,0,1
1,<environment.Job instance at 0x146f733a5fa0>,3,3,[6 2],6,6,9,0,6
1,<environment.Job instance at 0x146f6aa84690>,5,3,[6 1],9,9,12,0,9
1,<environment.Job instance at 0x146f66443460>,0,2,[8 1],1,1,3,0,1
1,<environment.Job instance at 0x146f7a9fa5f0>,5,2,[2 7],7,7,9,0,7
1,<environment.Job instance at 0x146f71451eb0>,0,3,[9 2],1,1,4,0,1
1,<environment.Job instance at 0x146f6ff4eaa0>,1,3,[1 9],2,2,5,0,2
1,<environment.Job instance at 0x146f653c8730>,4,2,[7 2],5,5,7,0,5
1,<environment.Job instance at 0x146f653c8be0>,5,3,[9 2],6,7,10,1,6
1,<environment.Job instance at 0x146f688e6500>,7,1,[2 6],8,10,11,2,8
1,<environment.Job instance at 0x146f68f73500>,0,2,[6 1],1,1,3,0,1
1,<environment.Job instance at 0x146f67c002d0>,2,3,[1 8],3,3,6,0,3
1,<environment.Job instance at 0x146f68f73910>,3,3,[1 8],4,6,9,2,4
1,<environment.Job instance at 0x146fcf45acd0>,0,1,[2 5],1,1,2,0,1
1,<environment.Job instance at 0x146f61ce60f0>,3,3,[6 2],6,6,9,0,6
1,<environment.Job instance at 0x146f64426f00>,5,3,[6 1],9,9,12,0,9
1,<environment.Job instance at 0x146f62012a50>,0,2,[8 1],1,1,3,0,1
1,<environment.Job instance at 0x146f637497d0>,5,2,[2 7],7,7,9,0,7
1,<environment.Job instance at 0x146f6da8da00>,0,3,[9 2],1,1,4,0,1
1,<environment.Job instance at 0x146f663c72d0>,1,3,[1 9],2,2,5,0,2
1,<environment.Job instance at 0x146f614545a0>,4,2,[7 2],5,5,7,0,5
1,<environment.Job instance at 0x146f6164ae60>,5,3,[9 2],6,7,10,1,6
1,<environment.Job instance at 0x146f633ba460>,7,1,[2 6],8,10,11,2,8
1,<environment.Job instance at 0x146f61112730>,0,2,[6 1],1,1,3,0,1
1,<environment.Job instance at 0x146f620c4c80>,2,3,[1 8],3,3,6,0,3
1,<environment.Job instance at 0x146f61fd1230>,3,3,[1 8],4,6,9,2,4
1,<environment.Job instance at 0x146f61fd1c80>,0,1,[2 5],1,1,2,0,1
1,<environment.Job instance at 0x146f61fd6280>,3,3,[6 2],6,6,9,0,6
1,<environment.Job instance at 0x146f72a5c280>,5,3,[6 1],9,9,12,0,9
1,<environment.Job instance at 0x146f71af3e60>,0,2,[8 1],1,1,3,0,1
1,<environment.Job instance at 0x146f80aab460>,5,2,[2 7],7,7,9,0,7
1,<environment.Job instance at 0x146f79bb2b90>,0,3,[9 2],1,1,4,0,1
1,<environment.Job instance at 0x146f6e9a7b90>,1,3,[1 9],2,2,5,0,2
1,<environment.Job instance at 0x146f61be1140>,4,2,[7 2],5,5,7,0,5
1,<environment.Job instance at 0x146f61be1280>,5,3,[9 2],6,7,10,1,6
1,<environment.Job instance at 0x146f61be12d0>,7,1,[2 6],8,10,11,2,8
1,<environment.Job instance at 0x146f61979550>,0,2,[6 1],1,1,3,0,1
1,<environment.Job instance at 0x146f61979dc0>,2,3,[1 8],3,3,6,0,3
1,<environment.Job instance at 0x146f60638780>,3,3,[1 8],4,6,9,2,4
1,<environment.Job instance at 0x146f62ddcbe0>,0,1,[2 5],1,1,2,0,1
1,<environment.Job instance at 0x146f761e95f0>,3,3,[6 2],6,6,9,0,6
1,<environment.Job instance at 0x146f7b273500>,5,3,[6 1],9,9,12,0,9
1,<environment.Job instance at 0x146f78b5e870>,0,2,[8 1],1,1,3,0,1
1,<environment.Job instance at 0x146f63e174b0>,5,2,[2 7],7,7,9,0,7
1,<environment.Job instance at 0x146fceb345a0>,0,3,[9 2],1,1,4,0,1
1,<environment.Job instance at 0x146fccd9ddc0>,1,3,[1 9],2,2,5,0,2
1,<environment.Job instance at 0x146f959ecf50>,4,2,[7 2],5,5,7,0,5
1,<environment.Job instance at 0x146f959ece10>,5,3,[9 2],6,7,10,1,6
1,<environment.Job instance at 0x146f959ec780>,7,1,[2 6],8,10,11,2,8
1,<environment.Job instance at 0x146f66736690>,0,2,[6 1],1,1,3,0,1
1,<environment.Job instance at 0x146f96382370>,2,3,[1 8],3,3,6,0,3
1,<environment.Job instance at 0x146f96382e60>,3,3,[1 8],4,6,9,2,4
1,<environment.Job instance at 0x146f62aac870>,0,1,[2 5],1,1,2,0,1
1,<environment.Job instance at 0x146f7751cfa0>,3,3,[6 2],6,6,9,0,6
1,<environment.Job instance at 0x146f7751cd20>,5,3,[6 1],9,9,12,0,9
1,<environment.Job instance at 0x146f67b7e190>,0,2,[8 1],1,1,3,0,1
1,<environment.Job instance at 0x146f606e3be0>,5,2,[2 7],7,7,9,0,7
1,<environment.Job instance at 0x146f704e4050>,0,3,[9 2],1,1,4,0,1
1,<environment.Job instance at 0x146f633c40a0>,1,3,[1 9],2,2,5,0,2
1,<environment.Job instance at 0x146f6d3a9690>,4,2,[7 2],5,5,7,0,5
1,<environment.Job instance at 0x146f6d3a9320>,5,3,[9 2],6,7,10,1,6
1,<environment.Job instance at 0x146f6d3a9870>,7,1,[2 6],8,10,11,2,8
1,<environment.Job instance at 0x146f7b72e550>,0,2,[6 1],1,1,3,0,1
1,<environment.Job instance at 0x146f66192cd0>,2,3,[1 8],3,3,6,0,3
1,<environment.Job instance at 0x146f6510ffa0>,3,3,[1 8],4,6,9,2,4
1,<environment.Job instance at 0x146f7459a5f0>,0,1,[2 5],1,1,2,0,1
1,<environment.Job instance at 0x146f61eaac30>,3,3,[6 2],6,6,9,0,6
1,<environment.Job instance at 0x146f61eaae60>,5,3,[6 1],9,9,12,0,9
1,<environment.Job instance at 0x146f72631d70>,0,2,[8 1],1,1,3,0,1
1,<environment.Job instance at 0x146f6b95c960>,5,2,[2 7],7,7,9,0,7
1,<environment.Job instance at 0x146f9447b460>,0,3,[9 2],1,1,4,0,1
1,<environment.Job instance at 0x146f70d7cb90>,1,3,[1 9],2,2,5,0,2
1,<environment.Job instance at 0x146f61479640>,4,2,[7 2],5,5,7,0,5
1,<environment.Job instance at 0x146f61479e60>,5,3,[9 2],6,7,10,1,6
1,<environment.Job instance at 0x146f61479690>,7,1,[2 6],8,10,11,2,8
1,<environment.Job instance at 0x146f61479190>,8,13,[6 1],9,11,24,2,11
1,<environment.Job instance at 0x146f68258eb0>,0,2,[6 1],1,1,3,0,1
1,<environment.Job instance at 0x146f62c55550>,2,3,[1 8],3,3,6,0,3
1,<environment.Job instance at 0x146f68258e60>,3,3,[1 8],4,6,9,2,4
1,<environment.Job instance at 0x146f79cd36e0>,4,2,[8 1],7,7,9,0,7
1,<environment.Job instance at 0x146f6f7ee0f0>,5,2,[ 1 10],8,9,11,1,8
1,<environment.Job instance at 0x146f6f7eedc0>,0,1,[2 5],1,1,2,0,1
1,<environment.Job instance at 0x146f5fc0d0a0>,3,3,[6 2],6,6,9,0,6
1,<environment.Job instance at 0x146f5fc0d0f0>,5,3,[6 1],9,9,12,0,9
1,<environment.Job instance at 0x146f5fb490f0>,0,2,[8 1],1,1,3,0,1
1,<environment.Job instance at 0x146f6b43e780>,5,2,[2 7],7,7,9,0,7
1,<environment.Job instance at 0x146f61fba2d0>,0,3,[9 2],1,1,4,0,1
1,<environment.Job instance at 0x146f64171910>,1,3,[1 9],2,2,5,0,2
1,<environment.Job instance at 0x146f8320a1e0>,4,2,[7 2],5,5,7,0,5
1,<environment.Job instance at 0x146f8320a550>,5,3,[9 2],6,7,10,1,6
1,<environment.Job instance at 0x146f6b491500>,7,1,[2 6],8,10,11,2,8
1,<environment.Job instance at 0x146f6246deb0>,0,2,[6 1],1,1,3,0,1
1,<environment.Job instance at 0x146f6246d460>,2,3,[1 8],3,3,6,0,3
1,<environment.Job instance at 0x146f6e2bba50>,3,3,[1 8],4,6,9,2,4
1,<environment.Job instance at 0x146f67d9a5a0>,0,1,[2 5],1,1,2,0,1
1,<environment.Job instance at 0x146f6b402460>,3,3,[6 2],6,6,9,0,6
1,<environment.Job instance at 0x146f6b402550>,5,3,[6 1],9,9,12,0,9
1,<environment.Job instance at 0x146f620a5be0>,0,2,[8 1],1,1,3,0,1
1,<environment.Job instance at 0x146f62ef6dc0>,5,2,[2 7],7,7,9,0,7
1,<environment.Job instance at 0x146f9522f050>,0,3,[9 2],1,1,4,0,1
1,<environment.Job instance at 0x146f60ccb460>,1,3,[1 9],2,2,5,0,2
1,<environment.Job instance at 0x146f6038e2d0>,4,2,[7 2],5,5,7,0,5
1,<environment.Job instance at 0x146f6038ec80>,5,3,[9 2],6,7,10,1,6
1,<environment.Job instance at 0x146f6038e460>,7,1,[2 6],8,10,11,2,8
1,<environment.Job instance at 0x146f734050f0>,0,2,[6 1],1,1,3,0,1
1,<environment.Job instance at 0x146f602dc7d0>,2,3,[1 8],3,3,6,0,3
1,<environment.Job instance at 0x146f602dc6e0>,3,3,[1 8],4,6,9,2,4
1,<environment.Job instance at 0x146f728085f0>,0,1,[2 5],1,1,2,0,1
1,<environment.Job instance at 0x146f606c5910>,3,3,[6 2],6,6,9,0,6
1,<environment.Job instance at 0x146f606c5870>,5,3,[6 1],9,9,12,0,9
1,<environment.Job instance at 0x146f78e4fa50>,0,2,[8 1],1,1,3,0,1
1,<environment.Job instance at 0x146f745b46e0>,5,2,[2 7],7,7,9,0,7
1,<environment.Job instance at 0x146f76224f50>,0,3,[9 2],1,1,4,0,1
1,<environment.Job instance at 0x146f60ccbd20>,1,3,[1 9],2,2,5,0,2
1,<environment.Job instance at 0x146f821cd460>,4,2,[7 2],5,5,7,0,5
1,<environment.Job instance at 0x146f61ccc5a0>,5,3,[9 2],6,7,10,1,6
1,<environment.Job instance at 0x146f947d8960>,7,1,[2 6],8,10,11,2,8
1,<environment.Job instance at 0x146f736b55a0>,0,2,[6 1],1,1,3,0,1
1,<environment.Job instance at 0x146f64650780>,2,3,[1 8],3,3,6,0,3
1,<environment.Job instance at 0x146f649d9780>,0,1,[2 5],1,1,2,0,1
1,<environment.Job instance at 0x146f648802d0>,3,3,[6 2],6,6,9,0,6
1,<environment.Job instance at 0x146f64880550>,5,3,[6 1],9,9,12,0,9
1,<environment.Job instance at 0x146f67c49780>,0,2,[8 1],1,1,3,0,1
1,<environment.Job instance at 0x146f70785690>,5,2,[2 7],7,7,9,0,7
1,<environment.Job instance at 0x146f63ba8fa0>,0,3,[9 2],1,1,4,0,1
1,<environment.Job instance at 0x146f76686190>,1,3,[1 9],2,2,5,0,2
1,<environment.Job instance at 0x146f72a8e1e0>,4,2,[7 2],5,5,7,0,5
1,<environment.Job instance at 0x146f7a9c1be0>,5,3,[9 2],6,7,10,1,6
1,<environment.Job instance at 0x146f6393dbe0>,7,1,[2 6],8,10,11,2,8
1,<environment.Job instance at 0x146f6b70af00>,0,2,[6 1],1,1,3,0,1
1,<environment.Job instance at 0x146f95f490a0>,2,3,[1 8],3,3,6,0,3
1,<environment.Job instance at 0x146f6f974aa0>,3,3,[1 8],4,6,9,2,4
1,<environment.Job instance at 0x146f60ed1c30>,0,1,[2 5],1,1,2,0,1
1,<environment.Job instance at 0x146f677a3d20>,3,3,[6 2],6,6,9,0,6
1,<environment.Job instance at 0x146f677a3370>,5,3,[6 1],9,9,12,0,9
1,<environment.Job instance at 0x146f6cfca3c0>,0,2,[8 1],1,1,3,0,1
1,<environment.Job instance at 0x146fce418f50>,5,2,[2 7],7,7,9,0,7
1,<environment.Job instance at 0x146f694a2af0>,0,3,[9 2],1,1,4,0,1
1,<environment.Job instance at 0x146f6cb13c30>,1,3,[1 9],2,2,5,0,2
1,<environment.Job instance at 0x146f5ff33be0>,4,2,[7 2],5,5,7,0,5
1,<environment.Job instance at 0x146f5ff33140>,5,3,[9 2],6,7,10,1,6
1,<environment.Job instance at 0x146f5ff33f50>,7,1,[2 6],8,10,11,2,8
1,<environment.Job instance at 0x146f73d07230>,0,2,[6 1],1,1,3,0,1
1,<environment.Job instance at 0x146f5ff39320>,2,3,[1 8],3,3,6,0,3
1,<environment.Job instance at 0x146f700f9780>,3,3,[1 8],4,6,9,2,4
1,<environment.Job instance at 0x146f71e80370>,0,1,[2 5],1,1,2,0,1
1,<environment.Job instance at 0x146f71e80870>,3,3,[6 2],6,6,9,0,6
1,<environment.Job instance at 0x146f67870d20>,5,3,[6 1],9,9,12,0,9
1,<environment.Job instance at 0x146f6178c050>,0,2,[8 1],1,1,3,0,1
1,<environment.Job instance at 0x146f778af280>,5,2,[2 7],7,7,9,0,7
1,<environment.Job instance at 0x146f671c7a00>,0,3,[9 2],1,1,4,0,1
1,<environment.Job instance at 0x146f73d87460>,1,3,[1 9],2,2,5,0,2
1,<environment.Job instance at 0x146f7845ac80>,4,2,[7 2],5,5,7,0,5
1,<environment.Job instance at 0x146f7845a1e0>,5,3,[9 2],6,7,10,1,6
1,<environment.Job instance at 0x146f686113c0>,7,1,[2 6],8,10,11,2,8
1,<environment.Job instance at 0x146f63a5cdc0>,0,2,[6 1],1,1,3,0,1
1,<environment.Job instance at 0x146f66bbff00>,2,3,[1 8],3,3,6,0,3
1,<environment.Job instance at 0x146f66bbf0a0>,3,3,[1 8],4,6,9,2,4
1,<environment.Job instance at 0x146f6fd0b460>,0,1,[2 5],1,1,2,0,1
1,<environment.Job instance at 0x146f73b22190>,3,3,[6 2],6,6,9,0,6
1,<environment.Job instance at 0x146f61321050>,5,3,[6 1],9,9,12,0,9
1,<environment.Job instance at 0x146f6eb225f0>,0,2,[8 1],1,1,3,0,1
1,<environment.Job instance at 0x146f606d6910>,5,2,[2 7],7,7,9,0,7
1,<environment.Job instance at 0x146f64adea00>,0,3,[9 2],1,1,4,0,1
1,<environment.Job instance at 0x146f63a902d0>,1,3,[1 9],2,2,5,0,2
1,<environment.Job instance at 0x146f60118c30>,4,2,[7 2],5,5,7,0,5
1,<environment.Job instance at 0x146f6ddca1e0>,5,3,[9 2],6,7,10,1,6
1,<environment.Job instance at 0x146f651da960>,7,1,[2 6],8,10,11,2,8
1,<environment.Job instance at 0x146f65351a50>,0,2,[6 1],1,1,3,0,1
1,<environment.Job instance at 0x146fce2c65f0>,2,3,[1 8],3,3,6,0,3
1,<environment.Job instance at 0x146f608a1050>,0,1,[2 5],1,1,2,0,1
1,<environment.Job instance at 0x146f654d49b0>,3,3,[6 2],6,6,9,0,6
1,<environment.Job instance at 0x146f653515f0>,5,3,[6 1],9,9,12,0,9
1,<environment.Job instance at 0x146f781ea050>,0,2,[8 1],1,1,3,0,1
1,<environment.Job instance at 0x146f676c2f00>,5,2,[2 7],7,7,9,0,7
1,<environment.Job instance at 0x146f64e646e0>,0,3,[9 2],1,1,4,0,1
1,<environment.Job instance at 0x146f607ec0f0>,1,3,[1 9],2,2,5,0,2
1,<environment.Job instance at 0x146f5f0f5280>,4,2,[7 2],5,5,7,0,5
1,<environment.Job instance at 0x146f5f0f5af0>,5,3,[9 2],6,7,10,1,6
1,<environment.Job instance at 0x146f5f0f5cd0>,7,1,[2 6],8,10,11,2,8
1,<environment.Job instance at 0x146f5fc44640>,0,2,[6 1],1,1,3,0,1
1,<environment.Job instance at 0x146f5fc446e0>,2,3,[1 8],3,3,6,0,3
1,<environment.Job instance at 0x146f602250a0>,3,3,[1 8],4,6,9,2,4
1,<environment.Job instance at 0x146f6066d410>,0,1,[2 5],1,1,2,0,1
1,<environment.Job instance at 0x146f6e2f3820>,3,3,[6 2],6,6,9,0,6
1,<environment.Job instance at 0x146f81005a50>,5,3,[6 1],9,9,12,0,9
1,<environment.Job instance at 0x146f6d152230>,0,2,[8 1],1,1,3,0,1
1,<environment.Job instance at 0x146f75035af0>,5,2,[2 7],7,7,9,0,7
1,<environment.Job instance at 0x146f64d12140>,0,3,[9 2],1,1,4,0,1
1,<environment.Job instance at 0x146f5f4a7730>,1,3,[1 9],2,2,5,0,2
1,<environment.Job instance at 0x146f950f15a0>,4,2,[7 2],5,5,7,0,5
1,<environment.Job instance at 0x146f950f1af0>,5,3,[9 2],6,7,10,1,6
1,<environment.Job instance at 0x146f82d03aa0>,7,1,[2 6],8,10,11,2,8
1,<environment.Job instance at 0x146f73a38190>,0,2,[6 1],1,1,3,0,1
1,<environment.Job instance at 0x146f6d644550>,2,3,[1 8],3,3,6,0,3
1,<environment.Job instance at 0x146f5f583140>,3,3,[1 8],4,6,9,2,4
1,<environment.Job instance at 0x146f60ffc820>,0,1,[2 5],1,1,2,0,1
1,<environment.Job instance at 0x146f6110f050>,3,3,[6 2],6,6,9,0,6
1,<environment.Job instance at 0x146f64230d70>,5,3,[6 1],9,9,12,0,9
1,<environment.Job instance at 0x146f69874140>,0,2,[8 1],1,1,3,0,1
1,<environment.Job instance at 0x146f75478f50>,5,2,[2 7],7,7,9,0,7
1,<environment.Job instance at 0x146f6bd59050>,0,3,[9 2],1,1,4,0,1
1,<environment.Job instance at 0x146f67bb07d0>,1,3,[1 9],2,2,5,0,2
1,<environment.Job instance at 0x146f744c9910>,4,2,[7 2],5,5,7,0,5
1,<environment.Job instance at 0x146f744c9dc0>,5,3,[9 2],6,7,10,1,6
1,<environment.Job instance at 0x146f625acd20>,7,1,[2 6],8,10,11,2,8
1,<environment.Job instance at 0x146f5f753780>,0,2,[6 1],1,1,3,0,1
1,<environment.Job instance at 0x146f5f753690>,2,3,[1 8],3,3,6,0,3
1,<environment.Job instance at 0x146f67f944b0>,3,3,[1 8],4,6,9,2,4
1,<environment.Job instance at 0x146f67f94dc0>,0,1,[2 5],1,1,2,0,1
1,<environment.Job instance at 0x146f5e0c74b0>,3,3,[6 2],6,6,9,0,6
1,<environment.Job instance at 0x146f5e0265a0>,5,3,[6 1],9,9,12,0,9
1,<environment.Job instance at 0x146f5e026eb0>,0,2,[8 1],1,1,3,0,1
1,<environment.Job instance at 0x146f5f59e820>,5,2,[2 7],7,7,9,0,7
1,<environment.Job instance at 0x146f5fcf2230>,0,3,[9 2],1,1,4,0,1
1,<environment.Job instance at 0x146f783730f0>,1,3,[1 9],2,2,5,0,2
1,<environment.Job instance at 0x146f67d97500>,4,2,[7 2],5,5,7,0,5
1,<environment.Job instance at 0x146f67deb500>,5,3,[9 2],6,7,10,1,6
1,<environment.Job instance at 0x146f64fbd550>,7,1,[2 6],8,10,11,2,8
1,<environment.Job instance at 0x146f6d3f9d20>,0,2,[6 1],1,1,3,0,1
1,<environment.Job instance at 0x146f709aa820>,2,3,[1 8],3,3,6,0,3
1,<environment.Job instance at 0x146f5edf35f0>,3,3,[1 8],4,6,9,2,4
1,<environment.Job instance at 0x146f5ed33780>,0,1,[2 5],1,1,2,0,1
1,<environment.Job instance at 0x146f5ed526e0>,3,3,[6 2],6,6,9,0,6
1,<environment.Job instance at 0x146f5e90de60>,5,3,[6 1],9,9,12,0,9
1,<environment.Job instance at 0x146f5f31baf0>,0,2,[8 1],1,1,3,0,1
1,<environment.Job instance at 0x146f70a08820>,5,2,[2 7],7,7,9,0,7
1,<environment.Job instance at 0x146f728d6910>,0,3,[9 2],1,1,4,0,1
1,<environment.Job instance at 0x146f5fa29550>,1,3,[1 9],2,2,5,0,2
1,<environment.Job instance at 0x146f604acfa0>,4,2,[7 2],5,5,7,0,5
1,<environment.Job instance at 0x146f604aca00>,5,3,[9 2],6,7,10,1,6
1,<environment.Job instance at 0x146f7989a690>,7,1,[2 6],8,10,11,2,8
1,<environment.Job instance at 0x146f796570f0>,0,2,[6 1],1,1,3,0,1
1,<environment.Job instance at 0x146f6400a140>,2,3,[1 8],3,3,6,0,3
1,<environment.Job instance at 0x146f6b7e2280>,3,3,[1 8],4,6,9,2,4
1,<environment.Job instance at 0x146f61d8ad20>,0,1,[2 5],1,1,2,0,1
1,<environment.Job instance at 0x146f648c57d0>,3,3,[6 2],6,6,9,0,6
1,<environment.Job instance at 0x146f648c5a00>,5,3,[6 1],9,9,12,0,9
1,<environment.Job instance at 0x146f64e65b90>,0,2,[8 1],1,1,3,0,1
1,<environment.Job instance at 0x146f65c522d0>,5,2,[2 7],7,7,9,0,7
1,<environment.Job instance at 0x146f64c65c80>,0,3,[9 2],1,1,4,0,1
1,<environment.Job instance at 0x146f5d2ea410>,1,3,[1 9],2,2,5,0,2
1,<environment.Job instance at 0x146f633c4a50>,4,2,[7 2],5,5,7,0,5
1,<environment.Job instance at 0x146f633c4c30>,5,3,[9 2],6,7,10,1,6
1,<environment.Job instance at 0x146f633c4230>,7,1,[2 6],8,10,11,2,8
1,<environment.Job instance at 0x146f77419b40>,0,2,[6 1],1,1,3,0,1
1,<environment.Job instance at 0x146f630474b0>,2,3,[1 8],3,3,6,0,3
1,<environment.Job instance at 0x146f6a0e45a0>,3,3,[1 8],4,6,9,2,4
1,<environment.Job instance at 0x146f65923500>,0,1,[2 5],1,1,2,0,1
1,<environment.Job instance at 0x146f6f89f280>,3,3,[6 2],6,6,9,0,6
1,<environment.Job instance at 0x146f83a6ff50>,5,3,[6 1],9,9,12,0,9
1,<environment.Job instance at 0x146f62edc3c0>,0,2,[8 1],1,1,3,0,1
1,<environment.Job instance at 0x146f5d718b90>,5,2,[2 7],7,7,9,0,7
1,<environment.Job instance at 0x146f5d6fb5a0>,0,3,[9 2],1,1,4,0,1
1,<environment.Job instance at 0x146f5d2eb230>,1,3,[1 9],2,2,5,0,2
1,<environment.Job instance at 0x146f69154690>,4,2,[7 2],5,5,7,0,5
1,<environment.Job instance at 0x146f69154f00>,5,3,[9 2],6,7,10,1,6
1,<environment.Job instance at 0x146f69154550>,7,1,[2 6],8,10,11,2,8
1,<environment.Job instance at 0x146f63c570a0>,0,2,[6 1],1,1,3,0,1
1,<environment.Job instance at 0x146f63c57dc0>,2,3,[1 8],3,3,6,0,3
1,<environment.Job instance at 0x146f65a1d6e0>,3,3,[1 8],4,6,9,2,4
1,<environment.Job instance at 0x146f5f928eb0>,0,1,[2 5],1,1,2,0,1
1,<environment.Job instance at 0x146f79c79140>,3,3,[6 2],6,6,9,0,6
1,<environment.Job instance at 0x146f600974b0>,5,3,[6 1],9,9,12,0,9
1,<environment.Job instance at 0x146f666ce2d0>,0,2,[8 1],1,1,3,0,1
1,<environment.Job instance at 0x146f666cea00>,5,2,[2 7],7,7,9,0,7
1,<environment.Job instance at 0x146f746651e0>,0,3,[9 2],1,1,4,0,1
1,<environment.Job instance at 0x146f6173c410>,1,3,[1 9],2,2,5,0,2
1,<environment.Job instance at 0x146f754650f0>,4,2,[7 2],5,5,7,0,5
1,<environment.Job instance at 0x146f75465c80>,5,3,[9 2],6,7,10,1,6
1,<environment.Job instance at 0x146f75465460>,7,1,[2 6],8,10,11,2,8
1,<environment.Job instance at 0x146f66894dc0>,0,2,[6 1],1,1,3,0,1
1,<environment.Job instance at 0x146f66894be0>,2,3,[1 8],3,3,6,0,3
1,<environment.Job instance at 0x146f96bead70>,3,3,[1 8],4,6,9,2,4
1,<environment.Job instance at 0x146f63f14d70>,0,1,[2 5],1,1,2,0,1
1,<environment.Job instance at 0x146f5cef6320>,3,3,[6 2],6,6,9,0,6
1,<environment.Job instance at 0x146f5cef6a00>,5,3,[6 1],9,9,12,0,9
1,<environment.Job instance at 0x146f5cef6e10>,0,2,[8 1],1,1,3,0,1
1,<environment.Job instance at 0x146f6f7a3fa0>,5,2,[2 7],7,7,9,0,7
1,<environment.Job instance at 0x146fcea9cd20>,0,3,[9 2],1,1,4,0,1
1,<environment.Job instance at 0x146f5eb40190>,1,3,[1 9],2,2,5,0,2
1,<environment.Job instance at 0x146f5eb3d050>,4,2,[7 2],5,5,7,0,5
1,<environment.Job instance at 0x146f5eb3d960>,5,3,[9 2],6,7,10,1,6
1,<environment.Job instance at 0x146f5eb3deb0>,7,1,[2 6],8,10,11,2,8
1,<environment.Job instance at 0x146f64697050>,0,2,[6 1],1,1,3,0,1
1,<environment.Job instance at 0x146f60f48910>,2,3,[1 8],3,3,6,0,3
1,<environment.Job instance at 0x146f5f33c4b0>,3,3,[1 8],4,6,9,2,4
1,<environment.Job instance at 0x146f5f360b90>,0,1,[2 5],1,1,2,0,1
1,<environment.Job instance at 0x146f5ef6d140>,3,3,[6 2],6,6,9,0,6
1,<environment.Job instance at 0x146f5ef6d410>,5,3,[6 1],9,9,12,0,9
1,<environment.Job instance at 0x146f5edddaf0>,0,2,[8 1],1,1,3,0,1
1,<environment.Job instance at 0x146f65df4500>,5,2,[2 7],7,7,9,0,7
1,<environment.Job instance at 0x146f66c9a910>,0,3,[9 2],1,1,4,0,1
1,<environment.Job instance at 0x146f661b0fa0>,1,3,[1 9],2,2,5,0,2
1,<environment.Job instance at 0x146f822b5960>,4,2,[7 2],5,5,7,0,5
1,<environment.Job instance at 0x146f822b5d70>,5,3,[9 2],6,7,10,1,6
1,<environment.Job instance at 0x146f5fd5f0a0>,7,1,[2 6],8,10,11,2,8
1,<environment.Job instance at 0x146f75752640>,0,2,[6 1],1,1,3,0,1
1,<environment.Job instance at 0x146f75752500>,2,3,[1 8],3,3,6,0,3
1,<environment.Job instance at 0x146f5e556410>,3,3,[1 8],4,6,9,2,4
1,<environment.Job instance at 0x146f6c0296e0>,0,1,[2 5],1,1,2,0,1
1,<environment.Job instance at 0x146f6c0292d0>,3,3,[6 2],6,6,9,0,6
1,<environment.Job instance at 0x146f6038cb40>,5,3,[6 1],9,9,12,0,9
1,<environment.Job instance at 0x146f6c359dc0>,0,2,[8 1],1,1,3,0,1
1,<environment.Job instance at 0x146fcf9865f0>,5,2,[2 7],7,7,9,0,7
1,<environment.Job instance at 0x146f66c7ae60>,0,3,[9 2],1,1,4,0,1
1,<environment.Job instance at 0x146f68340af0>,1,3,[1 9],2,2,5,0,2
1,<environment.Job instance at 0x146f668be2d0>,4,2,[7 2],5,5,7,0,5
1,<environment.Job instance at 0x146f668be690>,5,3,[9 2],6,7,10,1,6
1,<environment.Job instance at 0x146f62424b40>,7,1,[2 6],8,10,11,2,8
1,<environment.Job instance at 0x146f5e0a9960>,0,2,[6 1],1,1,3,0,1
1,<environment.Job instance at 0x146f66be1fa0>,2,3,[1 8],3,3,6,0,3
1,<environment.Job instance at 0x146f5dbb7550>,3,3,[1 8],4,6,9,2,4
1,<environment.Job instance at 0x146f5dbc4cd0>,0,1,[2 5],1,1,2,0,1
1,<environment.Job instance at 0x146f6f422460>,3,3,[6 2],6,6,9,0,6
1,<environment.Job instance at 0x146f60bd80a0>,5,3,[6 1],9,9,12,0,9
1,<environment.Job instance at 0x146f618c9960>,0,2,[8 1],1,1,3,0,1
1,<environment.Job instance at 0x146f6bd354b0>,5,2,[2 7],7,7,9,0,7
1,<environment.Job instance at 0x146f6da7b050>,0,3,[9 2],1,1,4,0,1
1,<environment.Job instance at 0x146f72415780>,1,3,[1 9],2,2,5,0,2
1,<environment.Job instance at 0x146f68826b90>,4,2,[7 2],5,5,7,0,5
1,<environment.Job instance at 0x146f68826370>,5,3,[9 2],6,7,10,1,6
1,<environment.Job instance at 0x146f68826320>,7,1,[2 6],8,10,11,2,8
1,<environment.Job instance at 0x146f6949cd20>,0,2,[6 1],1,1,3,0,1
1,<environment.Job instance at 0x146f63e29820>,2,3,[1 8],3,3,6,0,3
1,<environment.Job instance at 0x146f6949ce60>,3,3,[1 8],4,6,9,2,4
1,<environment.Job instance at 0x146f6cbe4320>,0,1,[2 5],1,1,2,0,1
1,<environment.Job instance at 0x146f6d35f640>,3,3,[6 2],6,6,9,0,6
1,<environment.Job instance at 0x146f63c2e870>,5,3,[6 1],9,9,12,0,9
1,<environment.Job instance at 0x146f612fa0a0>,0,2,[8 1],1,1,3,0,1
1,<environment.Job instance at 0x146f5c3e1050>,5,2,[2 7],7,7,9,0,7
1,<environment.Job instance at 0x146f5c366dc0>,0,3,[9 2],1,1,4,0,1
1,<environment.Job instance at 0x146f74f5adc0>,1,3,[1 9],2,2,5,0,2
1,<environment.Job instance at 0x146f645a1c80>,4,2,[7 2],5,5,7,0,5
1,<environment.Job instance at 0x146f645a14b0>,5,3,[9 2],6,7,10,1,6
1,<environment.Job instance at 0x146f5fe4b3c0>,7,1,[2 6],8,10,11,2,8
1,<environment.Job instance at 0x146f73fcdbe0>,0,2,[6 1],1,1,3,0,1
1,<environment.Job instance at 0x146f7874bc80>,2,3,[1 8],3,3,6,0,3
1,<environment.Job instance at 0x146f69974550>,3,3,[1 8],4,6,9,2,4
1,<environment.Job instance at 0x146f602ecaf0>,0,1,[2 5],1,1,2,0,1
1,<environment.Job instance at 0x146f6494c820>,3,3,[6 2],6,6,9,0,6
1,<environment.Job instance at 0x146fcde5b370>,5,3,[6 1],9,9,12,0,9
1,<environment.Job instance at 0x146f78e0c050>,0,2,[8 1],1,1,3,0,1
1,<environment.Job instance at 0x146f63f188c0>,5,2,[2 7],7,7,9,0,7
1,<environment.Job instance at 0x146f6d72fb90>,0,3,[9 2],1,1,4,0,1
1,<environment.Job instance at 0x146f5ec3d640>,1,3,[1 9],2,2,5,0,2
1,<environment.Job instance at 0x146f63687e10>,4,2,[7 2],5,5,7,0,5
1,<environment.Job instance at 0x146f63687f00>,5,3,[9 2],6,7,10,1,6
1,<environment.Job instance at 0x146f636871e0>,7,1,[2 6],8,10,11,2,8
1,<environment.Job instance at 0x146f71b3e550>,0,2,[6 1],1,1,3,0,1
1,<environment.Job instance at 0x146f67f45410>,2,3,[1 8],3,3,6,0,3
1,<environment.Job instance at 0x146f82652690>,3,3,[1 8],4,6,9,2,4
1,<environment.Job instance at 0x146fcf4ba280>,0,1,[2 5],1,1,2,0,1
1,<environment.Job instance at 0x146f66bcdf00>,3,3,[6 2],6,6,9,0,6
1,<environment.Job instance at 0x146f6315a550>,5,3,[6 1],9,9,12,0,9
1,<environment.Job instance at 0x146f74601eb0>,0,2,[8 1],1,1,3,0,1
1,<environment.Job instance at 0x146f60353c30>,5,2,[2 7],7,7,9,0,7
1,<environment.Job instance at 0x146f66c433c0>,0,3,[9 2],1,1,4,0,1
1,<environment.Job instance at 0x146f6783b6e0>,1,3,[1 9],2,2,5,0,2
1,<environment.Job instance at 0x146f6783b3c0>,4,2,[7 2],5,5,7,0,5
1,<environment.Job instance at 0x146f6a87a0a0>,5,3,[9 2],6,7,10,1,6
1,<environment.Job instance at 0x146f962d0b90>,7,1,[2 6],8,10,11,2,8
1,<environment.Job instance at 0x146f5e03ae60>,0,2,[6 1],1,1,3,0,1
1,<environment.Job instance at 0x146f5e03ad70>,2,3,[1 8],3,3,6,0,3
1,<environment.Job instance at 0x146f5e03aa00>,3,3,[1 8],4,6,9,2,4
1,<environment.Job instance at 0x146f7b430910>,0,1,[2 5],1,1,2,0,1
1,<environment.Job instance at 0x146f73bf4e10>,3,3,[6 2],6,6,9,0,6
1,<environment.Job instance at 0x146f5d17c7d0>,5,3,[6 1],9,9,12,0,9
1,<environment.Job instance at 0x146f6ff4eb40>,0,2,[8 1],1,1,3,0,1
1,<environment.Job instance at 0x146f656dabe0>,5,2,[2 7],7,7,9,0,7
1,<environment.Job instance at 0x146f66716aa0>,0,3,[9 2],1,1,4,0,1
1,<environment.Job instance at 0x146f5d89c410>,1,3,[1 9],2,2,5,0,2
1,<environment.Job instance at 0x146f60f85780>,4,2,[7 2],5,5,7,0,5
1,<environment.Job instance at 0x146f60f85aa0>,5,3,[9 2],6,7,10,1,6
1,<environment.Job instance at 0x146f60f85c30>,7,1,[2 6],8,10,11,2,8
1,<environment.Job instance at 0x146f5fe88640>,0,2,[6 1],1,1,3,0,1
1,<environment.Job instance at 0x146f5f614c80>,2,3,[1 8],3,3,6,0,3
1,<environment.Job instance at 0x146f5fe885a0>,3,3,[1 8],4,6,9,2,4
1,<environment.Job instance at 0x146f5d7a0fa0>,0,1,[2 5],1,1,2,0,1
1,<environment.Job instance at 0x146f5e84eaa0>,3,3,[6 2],6,6,9,0,6
1,<environment.Job instance at 0x146f80dc8b40>,5,3,[6 1],9,9,12,0,9
1,<environment.Job instance at 0x146f5fae57d0>,0,2,[8 1],1,1,3,0,1
1,<environment.Job instance at 0x146f5dc45230>,5,2,[2 7],7,7,9,0,7
1,<environment.Job instance at 0x146f5d10e6e0>,0,3,[9 2],1,1,4,0,1
1,<environment.Job instance at 0x146f73bb1e60>,1,3,[1 9],2,2,5,0,2
1,<environment.Job instance at 0x146f5c883410>,4,2,[7 2],5,5,7,0,5
1,<environment.Job instance at 0x146f5c883780>,5,3,[9 2],6,7,10,1,6
1,<environment.Job instance at 0x146f5c883960>,7,1,[2 6],8,10,11,2,8
1,<environment.Job instance at 0x146f5c877af0>,0,2,[6 1],1,1,3,0,1
1,<environment.Job instance at 0x146f5d7a0690>,2,3,[1 8],3,3,6,0,3
1,<environment.Job instance at 0x146f6757bd70>,3,3,[1 8],4,6,9,2,4
1,<environment.Job instance at 0x146f5d322730>,0,1,[2 5],1,1,2,0,1
1,<environment.Job instance at 0x146f5f821500>,3,3,[6 2],6,6,9,0,6
1,<environment.Job instance at 0x146f79bd3690>,5,3,[6 1],9,9,12,0,9
1,<environment.Job instance at 0x146f6b4140a0>,0,2,[8 1],1,1,3,0,1
1,<environment.Job instance at 0x146f5bf1e500>,5,2,[2 7],7,7,9,0,7
1,<environment.Job instance at 0x146f65d89d20>,0,3,[9 2],1,1,4,0,1
1,<environment.Job instance at 0x146f75060d70>,1,3,[1 9],2,2,5,0,2
1,<environment.Job instance at 0x146f5dc9c730>,4,2,[7 2],5,5,7,0,5
1,<environment.Job instance at 0x146f5ffa22d0>,5,3,[9 2],6,7,10,1,6
1,<environment.Job instance at 0x146f5ffa21e0>,7,1,[2 6],8,10,11,2,8
1,<environment.Job instance at 0x146f79bcd280>,0,2,[6 1],1,1,3,0,1
1,<environment.Job instance at 0x146f72b82af0>,2,3,[1 8],3,3,6,0,3
1,<environment.Job instance at 0x146f83025960>,3,3,[1 8],4,6,9,2,4
1,<environment.Job instance at 0x146f69a1c4b0>,0,1,[2 5],1,1,2,0,1
1,<environment.Job instance at 0x146f68cfb550>,3,3,[6 2],6,6,9,0,6
1,<environment.Job instance at 0x146f62071fa0>,5,3,[6 1],9,9,12,0,9
1,<environment.Job instance at 0x146f6426cc30>,0,2,[8 1],1,1,3,0,1
1,<environment.Job instance at 0x146f6e6b6c80>,5,2,[2 7],7,7,9,0,7
1,<environment.Job instance at 0x146f61887500>,0,3,[9 2],1,1,4,0,1
1,<environment.Job instance at 0x146f6b56d3c0>,1,3,[1 9],2,2,5,0,2
1,<environment.Job instance at 0x146f61316320>,4,2,[7 2],5,5,7,0,5
1,<environment.Job instance at 0x146f61316910>,5,3,[9 2],6,7,10,1,6
1,<environment.Job instance at 0x146f61316870>,7,1,[2 6],8,10,11,2,8
1,<environment.Job instance at 0x146f67e21550>,0,2,[6 1],1,1,3,0,1
1,<environment.Job instance at 0x146f6573aa00>,2,3,[1 8],3,3,6,0,3
1,<environment.Job instance at 0x146f6573a460>,3,3,[1 8],4,6,9,2,4
1,<environment.Job instance at 0x146f5ffc0640>,0,1,[2 5],1,1,2,0,1
1,<environment.Job instance at 0x146f5ffc00f0>,3,3,[6 2],6,6,9,0,6
1,<environment.Job instance at 0x146f5b978190>,5,3,[6 1],9,9,12,0,9
1,<environment.Job instance at 0x146f5b990f00>,0,2,[8 1],1,1,3,0,1
1,<environment.Job instance at 0x146f5e9b9960>,5,2,[2 7],7,7,9,0,7
1,<environment.Job instance at 0x146f616f9230>,0,3,[9 2],1,1,4,0,1
1,<environment.Job instance at 0x146f6a417370>,1,3,[1 9],2,2,5,0,2
1,<environment.Job instance at 0x146f63f12af0>,4,2,[7 2],5,5,7,0,5
1,<environment.Job instance at 0x146f63f12320>,5,3,[9 2],6,7,10,1,6
1,<environment.Job instance at 0x146f63f12500>,7,1,[2 6],8,10,11,2,8
1,<environment.Job instance at 0x146f73a17aa0>,0,2,[6 1],1,1,3,0,1
1,<environment.Job instance at 0x146f73a17410>,2,3,[1 8],3,3,6,0,3
1,<environment.Job instance at 0x146f620c2d20>,3,3,[1 8],4,6,9,2,4
1,<environment.Job instance at 0x146f5d2e7690>,0,1,[2 5],1,1,2,0,1
1,<environment.Job instance at 0x146f5c0aad20>,3,3,[6 2],6,6,9,0,6
1,<environment.Job instance at 0x146f5c0aa960>,5,3,[6 1],9,9,12,0,9
1,<environment.Job instance at 0x146f5c119190>,0,2,[8 1],1,1,3,0,1
1,<environment.Job instance at 0x146f61c94410>,5,2,[2 7],7,7,9,0,7
1,<environment.Job instance at 0x146f6478a5a0>,0,3,[9 2],1,1,4,0,1
1,<environment.Job instance at 0x146f5f702690>,1,3,[1 9],2,2,5,0,2
1,<environment.Job instance at 0x146f615ad4b0>,4,2,[7 2],5,5,7,0,5
1,<environment.Job instance at 0x146f5c7b9f00>,5,3,[9 2],6,7,10,1,6
1,<environment.Job instance at 0x146f5c7b90a0>,7,1,[2 6],8,10,11,2,8
1,<environment.Job instance at 0x146f6544a370>,0,2,[6 1],1,1,3,0,1
1,<environment.Job instance at 0x146f6544a140>,2,3,[1 8],3,3,6,0,3
1,<environment.Job instance at 0x146f6b497780>,3,3,[1 8],4,6,9,2,4
1,<environment.Job instance at 0x146f783076e0>,0,1,[2 5],1,1,2,0,1
1,<environment.Job instance at 0x146f73c0edc0>,3,3,[6 2],6,6,9,0,6
1,<environment.Job instance at 0x146f5e220b90>,5,3,[6 1],9,9,12,0,9
1,<environment.Job instance at 0x146f60339230>,0,2,[8 1],1,1,3,0,1
1,<environment.Job instance at 0x146f629a7b40>,4,2,[2 7],6,6,8,0,6
1,<environment.Job instance at 0x146f629a7780>,5,2,[2 7],7,8,10,1,7
1,<environment.Job instance at 0x146f6819bfa0>,0,3,[9 2],1,1,4,0,1
1,<environment.Job instance at 0x146f5c0e4280>,1,3,[1 9],2,2,5,0,2
1,<environment.Job instance at 0x146f6fabb9b0>,4,2,[7 2],5,5,7,0,5
1,<environment.Job instance at 0x146f6fabb140>,5,3,[9 2],6,7,10,1,6
1,<environment.Job instance at 0x146f6fabbf50>,7,1,[2 6],8,10,11,2,8
1,<environment.Job instance at 0x146f5e9c6280>,0,2,[6 1],1,1,3,0,1
1,<environment.Job instance at 0x146f5e9c6780>,2,3,[1 8],3,3,6,0,3
1,<environment.Job instance at 0x146f5fd015a0>,3,3,[1 8],4,6,9,2,4
1,<environment.Job instance at 0x146f5c5316e0>,0,1,[2 5],1,1,2,0,1
1,<environment.Job instance at 0x146f73f9ed20>,3,3,[6 2],6,6,9,0,6
1,<environment.Job instance at 0x146f73f9e500>,5,3,[6 1],9,9,12,0,9
1,<environment.Job instance at 0x146f6e8e4320>,0,2,[8 1],1,1,3,0,1
1,<environment.Job instance at 0x146f5e0601e0>,5,2,[2 7],7,7,9,0,7
1,<environment.Job instance at 0x146f63b576e0>,0,3,[9 2],1,1,4,0,1
1,<environment.Job instance at 0x146f6739fa50>,1,3,[1 9],2,2,5,0,2
1,<environment.Job instance at 0x146f5d637910>,4,2,[7 2],5,5,7,0,5
1,<environment.Job instance at 0x146f5d6372d0>,5,3,[9 2],6,7,10,1,6
1,<environment.Job instance at 0x146f5d637f00>,7,1,[2 6],8,10,11,2,8
1,<environment.Job instance at 0x146f5d04e690>,0,2,[6 1],1,1,3,0,1
1,<environment.Job instance at 0x146f6fc49870>,2,3,[1 8],3,3,6,0,3
1,<environment.Job instance at 0x146f5d04e500>,3,3,[1 8],4,6,9,2,4
1,<environment.Job instance at 0x146f71c8bb40>,5,2,[ 1 10],8,9,11,1,8
1,<environment.Job instance at 0x146f5d04e820>,0,1,[2 5],1,1,2,0,1
1,<environment.Job instance at 0x146f656b3550>,3,3,[6 2],6,6,9,0,6
1,<environment.Job instance at 0x146f5d04e320>,5,3,[6 1],9,9,12,0,9
1,<environment.Job instance at 0x146f6a3d2a50>,0,2,[8 1],1,1,3,0,1
1,<environment.Job instance at 0x146f71770a00>,4,2,[2 7],6,6,8,0,6
1,<environment.Job instance at 0x146f5f43ce60>,5,2,[2 7],7,8,10,1,7
1,<environment.Job instance at 0x146f5fc49fa0>,0,3,[9 2],1,1,4,0,1
1,<environment.Job instance at 0x146f77193aa0>,1,3,[1 9],2,2,5,0,2
1,<environment.Job instance at 0x146f5b309780>,4,2,[7 2],5,5,7,0,5
1,<environment.Job instance at 0x146f5b309af0>,5,3,[9 2],6,7,10,1,6
1,<environment.Job instance at 0x146f5b309cd0>,7,1,[2 6],8,10,11,2,8
1,<environment.Job instance at 0x146f5b30fdc0>,0,2,[6 1],1,1,3,0,1
1,<environment.Job instance at 0x146f5a52b870>,2,3,[1 8],3,3,6,0,3
1,<environment.Job instance at 0x146f64c7bb40>,3,3,[1 8],4,6,9,2,4
1,<environment.Job instance at 0x146f5a536a50>,5,2,[ 1 10],8,9,11,1,8
1,<environment.Job instance at 0x146f5a6d3a50>,0,1,[2 5],1,1,2,0,1
1,<environment.Job instance at 0x146f5a70a2d0>,3,3,[6 2],6,6,9,0,6
1,<environment.Job instance at 0x146f615e4910>,5,3,[6 1],9,9,12,0,9
1,<environment.Job instance at 0x146f78f5bc80>,0,2,[8 1],1,1,3,0,1
1,<environment.Job instance at 0x146f5a6ebd70>,2,2,[2 8],4,4,6,0,4
1,<environment.Job instance at 0x146f5d5eaa50>,4,2,[2 7],6,6,8,0,6
1,<environment.Job instance at 0x146f5d5ea9b0>,5,2,[2 7],7,8,10,1,7
1,<environment.Job instance at 0x146f601d5190>,0,3,[9 2],1,1,4,0,1
1,<environment.Job instance at 0x146f71353be0>,1,3,[1 9],2,2,5,0,2
1,<environment.Job instance at 0x146f6b174dc0>,4,2,[7 2],5,5,7,0,5
1,<environment.Job instance at 0x146f6b174eb0>,5,3,[9 2],6,7,10,1,6
1,<environment.Job instance at 0x146f6b174af0>,7,1,[2 6],8,10,11,2,8
1,<environment.Job instance at 0x146f7481fdc0>,0,2,[6 1],1,1,3,0,1
1,<environment.Job instance at 0x146f7481ff00>,2,3,[1 8],3,3,6,0,3
1,<environment.Job instance at 0x146f5dc62dc0>,3,3,[1 8],4,6,9,2,4
1,<environment.Job instance at 0x146f5dc624b0>,5,2,[ 1 10],8,9,11,1,8
1,<environment.Job instance at 0x146f69a1a280>,0,1,[2 5],1,1,2,0,1
1,<environment.Job instance at 0x146f696d6550>,3,3,[6 2],6,6,9,0,6
1,<environment.Job instance at 0x146f696d6500>,5,3,[6 1],9,9,12,0,9
1,<environment.Job instance at 0x146f5f407d20>,0,2,[8 1],1,1,3,0,1
1,<environment.Job instance at 0x146f60677690>,4,2,[2 7],6,6,8,0,6
1,<environment.Job instance at 0x146f60677550>,5,2,[2 7],7,8,10,1,7
1,<environment.Job instance at 0x146f5e555d20>,0,3,[9 2],1,1,4,0,1
1,<environment.Job instance at 0x146f81d9b870>,1,3,[1 9],2,2,5,0,2
1,<environment.Job instance at 0x146f64b034b0>,4,2,[7 2],5,5,7,0,5
1,<environment.Job instance at 0x146f628ee140>,5,3,[9 2],6,7,10,1,6
1,<environment.Job instance at 0x146f69713e60>,7,1,[2 6],8,10,11,2,8
1,<environment.Job instance at 0x146f6f9490f0>,0,2,[6 1],1,1,3,0,1
1,<environment.Job instance at 0x146f6b0c5c80>,2,3,[1 8],3,3,6,0,3
1,<environment.Job instance at 0x146f6927c050>,3,3,[1 8],4,6,9,2,4
1,<environment.Job instance at 0x146f71df1500>,0,1,[2 5],1,1,2,0,1
1,<environment.Job instance at 0x146f74e68a50>,3,3,[6 2],6,6,9,0,6
1,<environment.Job instance at 0x146f74e685a0>,5,3,[6 1],9,9,12,0,9
1,<environment.Job instance at 0x146f5a206640>,0,2,[8 1],1,1,3,0,1
1,<environment.Job instance at 0x146f5a172460>,5,2,[2 7],7,7,9,0,7
1,<environment.Job instance at 0x146f5a20a4b0>,0,3,[9 2],1,1,4,0,1
1,<environment.Job instance at 0x146f6b38ecd0>,1,3,[1 9],2,2,5,0,2
1,<environment.Job instance at 0x146f78c3cb40>,4,2,[7 2],5,5,7,0,5
1,<environment.Job instance at 0x146f5bd7dd20>,5,3,[9 2],6,7,10,1,6
1,<environment.Job instance at 0x146fcef5b5f0>,7,1,[2 6],8,10,11,2,8
1,<environment.Job instance at 0x146f5a762af0>,0,2,[6 1],1,1,3,0,1
1,<environment.Job instance at 0x146f5a73df00>,2,3,[1 8],3,3,6,0,3
1,<environment.Job instance at 0x146f6179caa0>,3,3,[1 8],4,6,9,2,4
1,<environment.Job instance at 0x146f6179caf0>,0,1,[2 5],1,1,2,0,1
1,<environment.Job instance at 0x146f5d8fefa0>,3,3,[6 2],6,6,9,0,6
1,<environment.Job instance at 0x146f5d8fe140>,5,3,[6 1],9,9,12,0,9
1,<environment.Job instance at 0x146f5befb550>,0,2,[8 1],1,1,3,0,1
1,<environment.Job instance at 0x146f962aeb90>,5,2,[2 7],7,7,9,0,7
1,<environment.Job instance at 0x146f80f0fa00>,0,3,[9 2],1,1,4,0,1
1,<environment.Job instance at 0x146f67e890f0>,1,3,[1 9],2,2,5,0,2
1,<environment.Job instance at 0x146f7a1b5910>,4,2,[7 2],5,5,7,0,5
1,<environment.Job instance at 0x146f7a1b5cd0>,5,3,[9 2],6,7,10,1,6
1,<environment.Job instance at 0x146f96008a50>,7,1,[2 6],8,10,11,2,8
1,<environment.Job instance at 0x146f76b1e960>,0,2,[6 1],1,1,3,0,1
1,<environment.Job instance at 0x146f5eaf07d0>,2,3,[1 8],3,3,6,0,3
1,<environment.Job instance at 0x146f6de0f0a0>,3,3,[1 8],4,6,9,2,4
1,<environment.Job instance at 0x146f8063aaa0>,0,1,[2 5],1,1,2,0,1
1,<environment.Job instance at 0x146f82f2bd20>,3,3,[6 2],6,6,9,0,6
1,<environment.Job instance at 0x146f7246a0a0>,5,3,[6 1],9,9,12,0,9
1,<environment.Job instance at 0x146f5ba30370>,0,2,[8 1],1,1,3,0,1
1,<environment.Job instance at 0x146f6ab378c0>,5,2,[2 7],7,7,9,0,7
1,<environment.Job instance at 0x146f606f20f0>,0,3,[9 2],1,1,4,0,1
1,<environment.Job instance at 0x146f5a949690>,1,3,[1 9],2,2,5,0,2
1,<environment.Job instance at 0x146f5b1208c0>,4,2,[7 2],5,5,7,0,5
1,<environment.Job instance at 0x146f5a932a50>,5,3,[9 2],6,7,10,1,6
1,<environment.Job instance at 0x146f5a932cd0>,7,1,[2 6],8,10,11,2,8
1,<environment.Job instance at 0x146f5a93c0a0>,0,2,[6 1],1,1,3,0,1
1,<environment.Job instance at 0x146f5af68640>,2,3,[1 8],3,3,6,0,3
1,<environment.Job instance at 0x146f5a93ccd0>,3,3,[1 8],4,6,9,2,4
1,<environment.Job instance at 0x146f6d446d70>,0,1,[2 5],1,1,2,0,1
1,<environment.Job instance at 0x146f769ef910>,3,3,[6 2],6,6,9,0,6
1,<environment.Job instance at 0x146f6f0a70f0>,0,2,[8 1],1,1,3,0,1
1,<environment.Job instance at 0x146f62a9ce10>,5,2,[2 7],7,7,9,0,7
1,<environment.Job instance at 0x146f94eb2b40>,0,3,[9 2],1,1,4,0,1
1,<environment.Job instance at 0x146f6071f050>,1,3,[1 9],2,2,5,0,2
1,<environment.Job instance at 0x146f63606820>,4,2,[7 2],5,5,7,0,5
1,<environment.Job instance at 0x146f63606730>,5,3,[9 2],6,7,10,1,6
1,<environment.Job instance at 0x146f636068c0>,7,1,[2 6],8,10,11,2,8
1,<environment.Job instance at 0x146f6bf17780>,0,2,[6 1],1,1,3,0,1
1,<environment.Job instance at 0x146f6bf17f50>,2,3,[1 8],3,3,6,0,3
1,<environment.Job instance at 0x146f81ff3500>,3,3,[1 8],4,6,9,2,4
1,<environment.Job instance at 0x146f5f8d4f50>,0,1,[2 5],1,1,2,0,1
1,<environment.Job instance at 0x146f5ccec690>,3,3,[6 2],6,6,9,0,6
1,<environment.Job instance at 0x146f5ccec7d0>,0,2,[8 1],1,1,3,0,1
1,<environment.Job instance at 0x146f5ba5f5a0>,5,2,[2 7],7,7,9,0,7
1,<environment.Job instance at 0x146f69aa3640>,0,3,[9 2],1,1,4,0,1
1,<environment.Job instance at 0x146f5fae5d70>,1,3,[1 9],2,2,5,0,2
1,<environment.Job instance at 0x146f7349cd70>,4,2,[7 2],5,5,7,0,5
1,<environment.Job instance at 0x146f7349c9b0>,5,3,[9 2],6,7,10,1,6
1,<environment.Job instance at 0x146f74eb3500>,7,1,[2 6],8,10,11,2,8
1,<environment.Job instance at 0x146f5c940280>,0,2,[6 1],1,1,3,0,1
1,<environment.Job instance at 0x146f5c9407d0>,2,3,[1 8],3,3,6,0,3
1,<environment.Job instance at 0x146f695ead70>,3,3,[1 8],4,6,9,2,4
1,<environment.Job instance at 0x146f5f6960f0>,0,1,[2 5],1,1,2,0,1
1,<environment.Job instance at 0x146f59773a00>,3,3,[6 2],6,6,9,0,6
1,<environment.Job instance at 0x146f59774500>,0,2,[8 1],1,1,3,0,1
1,<environment.Job instance at 0x146f6b37f140>,4,2,[2 7],6,6,8,0,6
1,<environment.Job instance at 0x146f6b37fb40>,5,2,[2 7],7,8,10,1,7
1,<environment.Job instance at 0x146f62a449b0>,0,3,[9 2],1,1,4,0,1
1,<environment.Job instance at 0x146f664bed70>,1,3,[1 9],2,2,5,0,2
1,<environment.Job instance at 0x146f5c2f3050>,4,2,[7 2],5,5,7,0,5
1,<environment.Job instance at 0x146f5c2f37d0>,5,3,[9 2],6,7,10,1,6
1,<environment.Job instance at 0x146f5c2f3a00>,7,1,[2 6],8,10,11,2,8
1,<environment.Job instance at 0x146f6ce3efa0>,0,2,[6 1],1,1,3,0,1
1,<environment.Job instance at 0x146f682b6050>,2,3,[1 8],3,3,6,0,3
1,<environment.Job instance at 0x146f6d074a50>,3,3,[1 8],4,6,9,2,4
1,<environment.Job instance at 0x146f5f429eb0>,5,2,[ 1 10],8,9,11,1,8
1,<environment.Job instance at 0x146f72c44a50>,0,1,[2 5],1,1,2,0,1
1,<environment.Job instance at 0x146f648a1050>,3,3,[6 2],6,6,9,0,6
1,<environment.Job instance at 0x146f619abe10>,5,3,[6 1],9,9,12,0,9
1,<environment.Job instance at 0x146f6d4463c0>,0,2,[8 1],1,1,3,0,1
1,<environment.Job instance at 0x146f5f940730>,2,2,[2 8],4,4,6,0,4
1,<environment.Job instance at 0x146f94398820>,4,2,[2 7],6,6,8,0,6
1,<environment.Job instance at 0x146f5cf19730>,5,2,[2 7],7,8,10,1,7
1,<environment.Job instance at 0x146f62571460>,0,3,[9 2],1,1,4,0,1
1,<environment.Job instance at 0x146f741ec140>,1,3,[1 9],2,2,5,0,2
1,<environment.Job instance at 0x146f5bfd3e10>,4,2,[7 2],5,5,7,0,5
1,<environment.Job instance at 0x146f5bfd3140>,5,3,[9 2],6,7,10,1,6
1,<environment.Job instance at 0x146f5bfd3370>,7,1,[2 6],8,10,11,2,8
1,<environment.Job instance at 0x146f82c2f6e0>,0,2,[6 1],1,1,3,0,1
1,<environment.Job instance at 0x146f5f25baa0>,2,3,[1 8],3,3,6,0,3
1,<environment.Job instance at 0x146f6b12fb90>,3,3,[1 8],4,6,9,2,4
1,<environment.Job instance at 0x146f5e761b40>,5,2,[ 1 10],8,9,11,1,8
1,<environment.Job instance at 0x146f636f00f0>,0,1,[2 5],1,1,2,0,1
1,<environment.Job instance at 0x146f5d595050>,3,3,[6 2],6,6,9,0,6
1,<environment.Job instance at 0x146f65325190>,5,3,[6 1],9,9,12,0,9
1,<environment.Job instance at 0x146f5f1f44b0>,0,2,[8 1],1,1,3,0,1
1,<environment.Job instance at 0x146f60925be0>,4,2,[2 7],6,6,8,0,6
1,<environment.Job instance at 0x146f620fc690>,5,2,[2 7],7,8,10,1,7
1,<environment.Job instance at 0x146f5d2bb410>,0,3,[9 2],1,1,4,0,1
1,<environment.Job instance at 0x146f6fa1f2d0>,1,3,[1 9],2,2,5,0,2
1,<environment.Job instance at 0x146f74d58780>,4,2,[7 2],5,5,7,0,5
1,<environment.Job instance at 0x146f803bd190>,5,3,[9 2],6,7,10,1,6
1,<environment.Job instance at 0x146f64b6e690>,7,1,[2 6],8,10,11,2,8
1,<environment.Job instance at 0x146f78c28a00>,0,2,[6 1],1,1,3,0,1
1,<environment.Job instance at 0x146f78c28cd0>,2,3,[1 8],3,3,6,0,3
1,<environment.Job instance at 0x146f65c62410>,3,3,[1 8],4,6,9,2,4
1,<environment.Job instance at 0x146f6f4ddeb0>,0,1,[2 5],1,1,2,0,1
1,<environment.Job instance at 0x146f6bf48af0>,3,3,[6 2],6,6,9,0,6
1,<environment.Job instance at 0x146f5c6dc0a0>,5,3,[6 1],9,9,12,0,9
1,<environment.Job instance at 0x146f726e7b40>,0,2,[8 1],1,1,3,0,1
1,<environment.Job instance at 0x146f726e7780>,4,2,[2 7],6,6,8,0,6
1,<environment.Job instance at 0x146f5df10190>,5,2,[2 7],7,8,10,1,7
1,<environment.Job instance at 0x146f74367aa0>,0,3,[9 2],1,1,4,0,1
1,<environment.Job instance at 0x146f74c71730>,1,3,[1 9],2,2,5,0,2
1,<environment.Job instance at 0x146f5b0a8f00>,4,2,[7 2],5,5,7,0,5
1,<environment.Job instance at 0x146f5b316e10>,5,3,[9 2],6,7,10,1,6
1,<environment.Job instance at 0x146f5b316870>,7,1,[2 6],8,10,11,2,8
1,<environment.Job instance at 0x146fce2d51e0>,0,2,[6 1],1,1,3,0,1
1,<environment.Job instance at 0x146f70062050>,2,3,[1 8],3,3,6,0,3
1,<environment.Job instance at 0x146f5a0e3910>,3,3,[1 8],4,6,9,2,4
1,<environment.Job instance at 0x146f5a40eaf0>,0,1,[2 5],1,1,2,0,1
1,<environment.Job instance at 0x146f5a11bb40>,3,3,[6 2],6,6,9,0,6
1,<environment.Job instance at 0x146f6adbf1e0>,5,3,[6 1],9,9,12,0,9
1,<environment.Job instance at 0x146f73115730>,0,2,[8 1],1,1,3,0,1
1,<environment.Job instance at 0x146f5d2dc140>,4,2,[2 7],6,6,8,0,6
1,<environment.Job instance at 0x146f5d2dc640>,5,2,[2 7],7,8,10,1,7
1,<environment.Job instance at 0x146f635e4f50>,0,3,[9 2],1,1,4,0,1
1,<environment.Job instance at 0x146f5936c370>,1,3,[1 9],2,2,5,0,2
1,<environment.Job instance at 0x146f653cb8c0>,4,2,[7 2],5,5,7,0,5
1,<environment.Job instance at 0x146f653cbaf0>,5,3,[9 2],6,7,10,1,6
1,<environment.Job instance at 0x146f653cb320>,7,1,[2 6],8,10,11,2,8
1,<environment.Job instance at 0x146f6aa4f690>,0,2,[6 1],1,1,3,0,1
1,<environment.Job instance at 0x146f6aa4fdc0>,2,3,[1 8],3,3,6,0,3
1,<environment.Job instance at 0x146f56070a00>,3,3,[1 8],4,6,9,2,4
1,<environment.Job instance at 0x146f56070be0>,5,2,[ 1 10],8,9,11,1,8
1,<environment.Job instance at 0x146f56070410>,0,1,[2 5],1,1,2,0,1
1,<environment.Job instance at 0x146f6871efa0>,3,3,[6 2],6,6,9,0,6
1,<environment.Job instance at 0x146f6871e140>,5,3,[6 1],9,9,12,0,9
1,<environment.Job instance at 0x146f602c2b40>,0,2,[8 1],1,1,3,0,1
1,<environment.Job instance at 0x146f7090d1e0>,4,2,[2 7],6,6,8,0,6
1,<environment.Job instance at 0x146f957ca5f0>,5,2,[2 7],7,8,10,1,7
1,<environment.Job instance at 0x146f6ad8f230>,0,3,[9 2],1,1,4,0,1
1,<environment.Job instance at 0x146f677db4b0>,1,3,[1 9],2,2,5,0,2
1,<environment.Job instance at 0x146f6a1685f0>,4,2,[7 2],5,5,7,0,5
1,<environment.Job instance at 0x146f6a168820>,5,3,[9 2],6,7,10,1,6
1,<environment.Job instance at 0x146f5c5ff8c0>,7,1,[2 6],8,10,11,2,8
1,<environment.Job instance at 0x146f69b8a8c0>,0,2,[6 1],1,1,3,0,1
1,<environment.Job instance at 0x146f69b8a460>,2,3,[1 8],3,3,6,0,3
1,<environment.Job instance at 0x146f6608a550>,3,3,[1 8],4,6,9,2,4
1,<environment.Job instance at 0x146f7456f050>,0,1,[2 5],1,1,2,0,1
1,<environment.Job instance at 0x146f6f8b5f50>,3,3,[6 2],6,6,9,0,6
1,<environment.Job instance at 0x146f6f8b56e0>,5,3,[6 1],9,9,12,0,9
1,<environment.Job instance at 0x146f5c173aa0>,0,2,[8 1],1,1,3,0,1
1,<environment.Job instance at 0x146f62e7ad20>,4,2,[2 7],6,6,8,0,6
1,<environment.Job instance at 0x146f62e7ae10>,5,2,[2 7],7,8,10,1,7
1,<environment.Job instance at 0x146f62e7aa50>,0,3,[9 2],1,1,4,0,1
1,<environment.Job instance at 0x146f6d173c80>,1,3,[1 9],2,2,5,0,2
1,<environment.Job instance at 0x146f62491be0>,4,2,[7 2],5,5,7,0,5
1,<environment.Job instance at 0x146f62491a50>,5,3,[9 2],6,7,10,1,6
1,<environment.Job instance at 0x146f62491f50>,7,1,[2 6],8,10,11,2,8
1,<environment.Job instance at 0x146f8363a5a0>,0,2,[6 1],1,1,3,0,1
1,<environment.Job instance at 0x146f8363ae10>,2,3,[1 8],3,3,6,0,3
1,<environment.Job instance at 0x146f5e2c7f00>,3,3,[1 8],4,6,9,2,4
1,<environment.Job instance at 0x146f5e2c7cd0>,5,2,[ 1 10],8,9,11,1,8
1,<environment.Job instance at 0x146f81d9bc30>,0,1,[2 5],1,1,2,0,1
1,<environment.Job instance at 0x146f67588140>,3,3,[6 2],6,6,9,0,6
1,<environment.Job instance at 0x146f67588190>,5,3,[6 1],9,9,12,0,9
1,<environment.Job instance at 0x146f59744f00>,0,2,[8 1],1,1,3,0,1
1,<environment.Job instance at 0x146f6a271a00>,2,2,[2 8],4,4,6,0,4
1,<environment.Job instance at 0x146f60c2eeb0>,4,2,[2 7],6,6,8,0,6
1,<environment.Job instance at 0x146f60c2ed70>,5,2,[2 7],7,8,10,1,7
1,<environment.Job instance at 0x146f8039ee10>,0,3,[9 2],1,1,4,0,1
1,<environment.Job instance at 0x146f96a1e910>,1,3,[1 9],2,2,5,0,2
1,<environment.Job instance at 0x146f5f4d4280>,4,2,[7 2],5,5,7,0,5
1,<environment.Job instance at 0x146f5d1e25a0>,5,3,[9 2],6,7,10,1,6
1,<environment.Job instance at 0x146f67d94140>,7,1,[2 6],8,10,11,2,8
1,<environment.Job instance at 0x146f5d5e6960>,0,2,[6 1],1,1,3,0,1
1,<environment.Job instance at 0x146f5d5e6e10>,2,3,[1 8],3,3,6,0,3
1,<environment.Job instance at 0x146f6666b2d0>,3,3,[1 8],4,6,9,2,4
1,<environment.Job instance at 0x146f6666bd20>,5,2,[ 1 10],8,9,11,1,8
1,<environment.Job instance at 0x146f62605280>,0,1,[2 5],1,1,2,0,1
1,<environment.Job instance at 0x146f5adaa3c0>,3,3,[6 2],6,6,9,0,6
1,<environment.Job instance at 0x146f5adaabe0>,5,3,[6 1],9,9,12,0,9
1,<environment.Job instance at 0x146fcc969cd0>,0,2,[8 1],1,1,3,0,1
1,<environment.Job instance at 0x146f5adaae10>,2,2,[2 8],4,4,6,0,4
1,<environment.Job instance at 0x146f59f890f0>,4,2,[2 7],6,6,8,0,6
1,<environment.Job instance at 0x146f59f89d20>,5,2,[2 7],7,8,10,1,7
1,<environment.Job instance at 0x146f6ee5d640>,0,3,[9 2],1,1,4,0,1
1,<environment.Job instance at 0x146f5cd45500>,1,3,[1 9],2,2,5,0,2
1,<environment.Job instance at 0x146f62377640>,4,2,[7 2],5,5,7,0,5
1,<environment.Job instance at 0x146f623771e0>,5,3,[9 2],6,7,10,1,6
1,<environment.Job instance at 0x146f62377c30>,7,1,[2 6],8,10,11,2,8
1,<environment.Job instance at 0x146f600c9140>,0,2,[6 1],1,1,3,0,1
1,<environment.Job instance at 0x146f6b3241e0>,2,3,[1 8],3,3,6,0,3
1,<environment.Job instance at 0x146f5efad050>,3,3,[1 8],4,6,9,2,4
1,<environment.Job instance at 0x146f5efad1e0>,5,2,[ 1 10],8,9,11,1,8
1,<environment.Job instance at 0x146f5cfbafa0>,0,1,[2 5],1,1,2,0,1
1,<environment.Job instance at 0x146f62ed7910>,3,3,[6 2],6,6,9,0,6
1,<environment.Job instance at 0x146f61bce820>,5,3,[6 1],9,9,12,0,9
1,<environment.Job instance at 0x146f6757bf50>,0,2,[8 1],1,1,3,0,1
1,<environment.Job instance at 0x146f6757b8c0>,2,2,[2 8],4,4,6,0,4
1,<environment.Job instance at 0x146f6c4bf8c0>,4,2,[2 7],6,6,8,0,6
1,<environment.Job instance at 0x146f6c4bf1e0>,5,2,[2 7],7,8,10,1,7
1,<environment.Job instance at 0x146f6dcfba00>,0,3,[9 2],1,1,4,0,1
1,<environment.Job instance at 0x146f7742caf0>,1,3,[1 9],2,2,5,0,2
1,<environment.Job instance at 0x146f79d96550>,4,2,[7 2],5,5,7,0,5
1,<environment.Job instance at 0x146f79d963c0>,5,3,[9 2],6,7,10,1,6
1,<environment.Job instance at 0x146f79d967d0>,7,1,[2 6],8,10,11,2,8
1,<environment.Job instance at 0x146f5e2c76e0>,0,2,[6 1],1,1,3,0,1
1,<environment.Job instance at 0x146f5c62cfa0>,2,3,[1 8],3,3,6,0,3
1,<environment.Job instance at 0x146f581bf4b0>,3,3,[1 8],4,6,9,2,4
1,<environment.Job instance at 0x146f581bf640>,5,2,[ 1 10],8,9,11,1,8
1,<environment.Job instance at 0x146f581bf2d0>,0,1,[2 5],1,1,2,0,1
1,<environment.Job instance at 0x146f77d32140>,3,3,[6 2],6,6,9,0,6
1,<environment.Job instance at 0x146f79263410>,5,3,[6 1],9,9,12,0,9
1,<environment.Job instance at 0x146f5a4b2140>,0,2,[8 1],1,1,3,0,1
1,<environment.Job instance at 0x146f5f64cb90>,2,2,[2 8],4,4,6,0,4
1,<environment.Job instance at 0x146f5a4b2e60>,4,2,[2 7],6,6,8,0,6
1,<environment.Job instance at 0x146f5a200e60>,5,2,[2 7],7,8,10,1,7
1,<environment.Job instance at 0x146f5a200050>,0,3,[9 2],1,1,4,0,1
1,<environment.Job instance at 0x146f5d30b8c0>,1,3,[1 9],2,2,5,0,2
1,<environment.Job instance at 0x146f775dbfa0>,4,2,[7 2],5,5,7,0,5
1,<environment.Job instance at 0x146f6b441e60>,5,3,[9 2],6,7,10,1,6
1,<environment.Job instance at 0x146f6b4417d0>,7,1,[2 6],8,10,11,2,8
1,<environment.Job instance at 0x146f6610c320>,0,2,[6 1],1,1,3,0,1
1,<environment.Job instance at 0x146f6e81c370>,2,3,[1 8],3,3,6,0,3
1,<environment.Job instance at 0x146f6610c0f0>,3,3,[1 8],4,6,9,2,4
1,<environment.Job instance at 0x146f598049b0>,5,2,[ 1 10],8,9,11,1,8
1,<environment.Job instance at 0x146f59838640>,0,1,[2 5],1,1,2,0,1
1,<environment.Job instance at 0x146f5b088fa0>,3,3,[6 2],6,6,9,0,6
1,<environment.Job instance at 0x146f5b0888c0>,5,3,[6 1],9,9,12,0,9
1,<environment.Job instance at 0x146f5ffb5870>,0,2,[8 1],1,1,3,0,1
1,<environment.Job instance at 0x146f5d314960>,4,2,[2 7],6,6,8,0,6
1,<environment.Job instance at 0x146f6d8a80f0>,5,2,[2 7],7,8,10,1,7
1,<environment.Job instance at 0x146f672e0f50>,0,3,[9 2],1,1,4,0,1
1,<environment.Job instance at 0x146f685e4140>,1,3,[1 9],2,2,5,0,2
1,<environment.Job instance at 0x146f5a1e6870>,4,2,[7 2],5,5,7,0,5
1,<environment.Job instance at 0x146f67486c30>,5,3,[9 2],6,7,10,1,6
1,<environment.Job instance at 0x146f5fdaaaf0>,7,1,[2 6],8,10,11,2,8
1,<environment.Job instance at 0x146f5d48bd20>,0,2,[6 1],1,1,3,0,1
1,<environment.Job instance at 0x146f5d48bcd0>,2,3,[1 8],3,3,6,0,3
1,<environment.Job instance at 0x146f69bcc230>,3,3,[1 8],4,6,9,2,4
1,<environment.Job instance at 0x146f69bcc8c0>,5,2,[ 1 10],8,9,11,1,8
1,<environment.Job instance at 0x146f65e7df50>,0,1,[2 5],1,1,2,0,1
1,<environment.Job instance at 0x146f5c7bdcd0>,3,3,[6 2],6,6,9,0,6
1,<environment.Job instance at 0x146f59a26c80>,5,3,[6 1],9,9,12,0,9
1,<environment.Job instance at 0x146f6373c9b0>,0,2,[8 1],1,1,3,0,1
1,<environment.Job instance at 0x146f5e0c7cd0>,4,2,[2 7],6,6,8,0,6
1,<environment.Job instance at 0x146f5dffdaa0>,5,2,[2 7],7,8,10,1,7
1,<environment.Job instance at 0x146f692f4b90>,0,3,[9 2],1,1,4,0,1
1,<environment.Job instance at 0x146f6ed68aa0>,1,3,[1 9],2,2,5,0,2
1,<environment.Job instance at 0x146f5d2d7f00>,4,2,[7 2],5,5,7,0,5
1,<environment.Job instance at 0x146f75b537d0>,5,3,[9 2],6,7,10,1,6
1,<environment.Job instance at 0x146f949a7230>,7,1,[2 6],8,10,11,2,8
1,<environment.Job instance at 0x146f665668c0>,0,2,[6 1],1,1,3,0,1
1,<environment.Job instance at 0x146f680b7820>,2,3,[1 8],3,3,6,0,3
1,<environment.Job instance at 0x146f66566a50>,3,3,[1 8],4,6,9,2,4
1,<environment.Job instance at 0x146f59b3a0f0>,5,2,[ 1 10],8,9,11,1,8
1,<environment.Job instance at 0x146f605870f0>,0,1,[2 5],1,1,2,0,1
1,<environment.Job instance at 0x146f5c5e6780>,3,3,[6 2],6,6,9,0,6
1,<environment.Job instance at 0x146f5d00eeb0>,5,3,[6 1],9,9,12,0,9
1,<environment.Job instance at 0x146f5bc036e0>,0,2,[8 1],1,1,3,0,1
1,<environment.Job instance at 0x146f5893e0a0>,4,2,[2 7],6,6,8,0,6
1,<environment.Job instance at 0x146f5893edc0>,5,2,[2 7],7,8,10,1,7
1,<environment.Job instance at 0x146f5893e140>,0,3,[9 2],1,1,4,0,1
1,<environment.Job instance at 0x146f5a9f0190>,1,3,[1 9],2,2,5,0,2
1,<environment.Job instance at 0x146f5ad2bb40>,4,2,[7 2],5,5,7,0,5
1,<environment.Job instance at 0x146f5ad2bbe0>,5,3,[9 2],6,7,10,1,6
1,<environment.Job instance at 0x146f5ad2ba50>,7,1,[2 6],8,10,11,2,8
1,<environment.Job instance at 0x146f5a8b30f0>,0,2,[6 1],1,1,3,0,1
1,<environment.Job instance at 0x146f5a8b3140>,2,3,[1 8],3,3,6,0,3
1,<environment.Job instance at 0x146f5ffa2370>,3,3,[1 8],4,6,9,2,4
1,<environment.Job instance at 0x146f5d427f00>,5,2,[ 1 10],8,9,11,1,8
1,<environment.Job instance at 0x146f6c5046e0>,0,1,[2 5],1,1,2,0,1
1,<environment.Job instance at 0x146f658e2be0>,3,3,[6 2],6,6,9,0,6
1,<environment.Job instance at 0x146f60ab8c30>,5,3,[6 1],9,9,12,0,9
1,<environment.Job instance at 0x146f5de6a500>,0,2,[8 1],1,1,3,0,1
1,<environment.Job instance at 0x146f5aaf5e10>,4,2,[2 7],6,6,8,0,6
1,<environment.Job instance at 0x146f5aaf53c0>,5,2,[2 7],7,8,10,1,7
1,<environment.Job instance at 0x146f5bb4a5f0>,0,3,[9 2],1,1,4,0,1
1,<environment.Job instance at 0x146f5a3a60f0>,1,3,[1 9],2,2,5,0,2
1,<environment.Job instance at 0x146f589d7cd0>,4,2,[7 2],5,5,7,0,5
1,<environment.Job instance at 0x146f589d7eb0>,5,3,[9 2],6,7,10,1,6
1,<environment.Job instance at 0x146f589d5280>,7,1,[2 6],8,10,11,2,8
1,<environment.Job instance at 0x146f589c54b0>,0,2,[6 1],1,1,3,0,1
1,<environment.Job instance at 0x146f80834c80>,2,3,[1 8],3,3,6,0,3
1,<environment.Job instance at 0x146f81d0bd70>,3,3,[1 8],4,6,9,2,4
1,<environment.Job instance at 0x146f6c1045f0>,5,2,[ 1 10],8,9,11,1,8
1,<environment.Job instance at 0x146f61a65f50>,0,1,[2 5],1,1,2,0,1
1,<environment.Job instance at 0x146f6694adc0>,3,3,[6 2],6,6,9,0,6
1,<environment.Job instance at 0x146f6694a780>,5,3,[6 1],9,9,12,0,9
1,<environment.Job instance at 0x146f6baf29b0>,0,2,[8 1],1,1,3,0,1
1,<environment.Job instance at 0x146f6baf2c30>,2,2,[2 8],4,4,6,0,4
1,<environment.Job instance at 0x146f5d4a2190>,4,2,[2 7],6,6,8,0,6
1,<environment.Job instance at 0x146f5d4a2460>,5,2,[2 7],7,8,10,1,7
1,<environment.Job instance at 0x146f55eb9e10>,0,3,[9 2],1,1,4,0,1
1,<environment.Job instance at 0x146f7853d2d0>,1,3,[1 9],2,2,5,0,2
1,<environment.Job instance at 0x146f7853da50>,4,2,[7 2],5,5,7,0,5
1,<environment.Job instance at 0x146f6633ddc0>,5,3,[9 2],6,7,10,1,6
1,<environment.Job instance at 0x146f6c2437d0>,7,1,[2 6],8,10,11,2,8
1,<environment.Job instance at 0x146f70af4730>,0,2,[6 1],1,1,3,0,1
1,<environment.Job instance at 0x146f835368c0>,2,3,[1 8],3,3,6,0,3
1,<environment.Job instance at 0x146f5a427f50>,3,3,[1 8],4,6,9,2,4
1,<environment.Job instance at 0x146f5a427910>,5,2,[ 1 10],8,9,11,1,8
1,<environment.Job instance at 0x146f5e583f00>,0,1,[2 5],1,1,2,0,1
1,<environment.Job instance at 0x146f6bcc9960>,3,3,[6 2],6,6,9,0,6
1,<environment.Job instance at 0x146f6bcc9e10>,5,3,[6 1],9,9,12,0,9
1,<environment.Job instance at 0x146f6976e640>,0,2,[8 1],1,1,3,0,1
1,<environment.Job instance at 0x146f6c59f5a0>,2,2,[2 8],4,4,6,0,4
1,<environment.Job instance at 0x146f58b8ae60>,4,2,[2 7],6,6,8,0,6
1,<environment.Job instance at 0x146f7260b3c0>,5,2,[2 7],7,8,10,1,7
1,<environment.Job instance at 0x146f63d97870>,0,3,[9 2],1,1,4,0,1
1,<environment.Job instance at 0x146f706b8e60>,1,3,[1 9],2,2,5,0,2
1,<environment.Job instance at 0x146f6ab89d20>,4,2,[7 2],5,5,7,0,5
1,<environment.Job instance at 0x146f62382140>,5,3,[9 2],6,7,10,1,6
1,<environment.Job instance at 0x146f752360f0>,7,1,[2 6],8,10,11,2,8
1,<environment.Job instance at 0x146f65c67a00>,0,2,[6 1],1,1,3,0,1
1,<environment.Job instance at 0x146f5b7ed730>,2,3,[1 8],3,3,6,0,3
1,<environment.Job instance at 0x146f6ae7b780>,3,3,[1 8],4,6,9,2,4
1,<environment.Job instance at 0x146f6ae7bfa0>,5,2,[ 1 10],8,9,11,1,8
1,<environment.Job instance at 0x146f824c3d70>,0,1,[2 5],1,1,2,0,1
1,<environment.Job instance at 0x146f66897230>,3,3,[6 2],6,6,9,0,6
1,<environment.Job instance at 0x146fcf0f0140>,5,3,[6 1],9,9,12,0,9
1,<environment.Job instance at 0x146f5b3669b0>,0,2,[8 1],1,1,3,0,1
1,<environment.Job instance at 0x146f67c6d460>,2,2,[2 8],4,4,6,0,4
1,<environment.Job instance at 0x146f577f4a50>,4,2,[2 7],6,6,8,0,6
1,<environment.Job instance at 0x146f577f49b0>,5,2,[2 7],7,8,10,1,7
1,<environment.Job instance at 0x146f577e2550>,0,3,[9 2],1,1,4,0,1
1,<environment.Job instance at 0x146f5b7a73c0>,1,3,[1 9],2,2,5,0,2
1,<environment.Job instance at 0x146f5d9f34b0>,4,2,[7 2],5,5,7,0,5
1,<environment.Job instance at 0x146f5d9f3b90>,5,3,[9 2],6,7,10,1,6
1,<environment.Job instance at 0x146f63ad1c30>,7,1,[2 6],8,10,11,2,8
1,<environment.Job instance at 0x146f6b736050>,0,2,[6 1],1,1,3,0,1
1,<environment.Job instance at 0x146f6b736280>,2,3,[1 8],3,3,6,0,3
1,<environment.Job instance at 0x146f5c726d70>,3,3,[1 8],4,6,9,2,4
1,<environment.Job instance at 0x146f63e46690>,5,2,[ 1 10],8,9,11,1,8
1,<environment.Job instance at 0x146f6b736550>,0,1,[2 5],1,1,2,0,1
1,<environment.Job instance at 0x146f5d5df280>,3,3,[6 2],6,6,9,0,6
1,<environment.Job instance at 0x146f5d912aa0>,5,3,[6 1],9,9,12,0,9
1,<environment.Job instance at 0x146f5ddf7a50>,0,2,[8 1],1,1,3,0,1
1,<environment.Job instance at 0x146f7aa46c30>,2,2,[2 8],4,4,6,0,4
1,<environment.Job instance at 0x146f5f870a00>,4,2,[2 7],6,6,8,0,6
1,<environment.Job instance at 0x146f645a1780>,5,2,[2 7],7,8,10,1,7
1,<environment.Job instance at 0x146f5d9b3aa0>,0,3,[9 2],1,1,4,0,1
1,<environment.Job instance at 0x146f81c620a0>,1,3,[1 9],2,2,5,0,2
1,<environment.Job instance at 0x146f58327e10>,4,2,[7 2],5,5,7,0,5
1,<environment.Job instance at 0x146f58327b90>,5,3,[9 2],6,7,10,1,6
1,<environment.Job instance at 0x146f58327230>,7,1,[2 6],8,10,11,2,8
1,<environment.Job instance at 0x146f58241c30>,0,2,[6 1],1,1,3,0,1
1,<environment.Job instance at 0x146f5b4b9870>,2,3,[1 8],3,3,6,0,3
1,<environment.Job instance at 0x146f6bb3cb40>,3,3,[1 8],4,6,9,2,4
1,<environment.Job instance at 0x146f686a6050>,5,2,[ 1 10],8,9,11,1,8
1,<environment.Job instance at 0x146f6ecb28c0>,0,1,[2 5],1,1,2,0,1
1,<environment.Job instance at 0x146f6fbca320>,3,3,[6 2],6,6,9,0,6
1,<environment.Job instance at 0x146f671e10f0>,5,3,[6 1],9,9,12,0,9
1,<environment.Job instance at 0x146f65263aa0>,0,2,[8 1],1,1,3,0,1
1,<environment.Job instance at 0x146f65263190>,2,2,[2 8],4,4,6,0,4
1,<environment.Job instance at 0x146f638bd820>,4,2,[2 7],6,6,8,0,6
1,<environment.Job instance at 0x146f599f98c0>,5,2,[2 7],7,8,10,1,7
1,<environment.Job instance at 0x146f5f661b40>,0,3,[9 2],1,1,4,0,1
1,<environment.Job instance at 0x146f72c96c80>,1,3,[1 9],2,2,5,0,2
1,<environment.Job instance at 0x146f586a3af0>,4,2,[7 2],5,5,7,0,5
1,<environment.Job instance at 0x146f586a3e60>,5,3,[9 2],6,7,10,1,6
1,<environment.Job instance at 0x146f586a3eb0>,7,1,[2 6],8,10,11,2,8
1,<environment.Job instance at 0x146f586a1190>,0,2,[6 1],1,1,3,0,1
1,<environment.Job instance at 0x146f586a11e0>,2,3,[1 8],3,3,6,0,3
1,<environment.Job instance at 0x146f566a2550>,3,3,[1 8],4,6,9,2,4
1,<environment.Job instance at 0x146f56696780>,5,2,[ 1 10],8,9,11,1,8
1,<environment.Job instance at 0x146f567bc1e0>,0,1,[2 5],1,1,2,0,1
1,<environment.Job instance at 0x146f568268c0>,3,3,[6 2],6,6,9,0,6
1,<environment.Job instance at 0x146f56832b90>,5,3,[6 1],9,9,12,0,9
1,<environment.Job instance at 0x146f6b510c30>,0,2,[8 1],1,1,3,0,1
1,<environment.Job instance at 0x146f6b510be0>,2,2,[2 8],4,4,6,0,4
1,<environment.Job instance at 0x146f5e854690>,4,2,[2 7],6,6,8,0,6
1,<environment.Job instance at 0x146f5e854e10>,5,2,[2 7],7,8,10,1,7
1,<environment.Job instance at 0x146f757ea050>,0,3,[9 2],1,1,4,0,1
1,<environment.Job instance at 0x146f6e0f7140>,1,3,[1 9],2,2,5,0,2
1,<environment.Job instance at 0x146f5d32ff00>,4,2,[7 2],5,5,7,0,5
1,<environment.Job instance at 0x146f5d32f500>,5,3,[9 2],6,7,10,1,6
1,<environment.Job instance at 0x146f613910a0>,7,1,[2 6],8,10,11,2,8
1,<environment.Job instance at 0x146f693e9eb0>,0,2,[6 1],1,1,3,0,1
1,<environment.Job instance at 0x146f693e94b0>,2,3,[1 8],3,3,6,0,3
1,<environment.Job instance at 0x146f766a5550>,3,3,[1 8],4,6,9,2,4
1,<environment.Job instance at 0x146f62057be0>,5,2,[ 1 10],8,9,11,1,8
1,<environment.Job instance at 0x146f64135a00>,0,1,[2 5],1,1,2,0,1
1,<environment.Job instance at 0x146f5fb80370>,3,3,[6 2],6,6,9,0,6
1,<environment.Job instance at 0x146f5fb80fa0>,5,3,[6 1],9,9,12,0,9
1,<environment.Job instance at 0x146f67df0b40>,0,2,[8 1],1,1,3,0,1
1,<environment.Job instance at 0x146f67df0af0>,2,2,[2 8],4,4,6,0,4
1,<environment.Job instance at 0x146f5ad84230>,4,2,[2 7],6,6,8,0,6
1,<environment.Job instance at 0x146f5ad84f50>,5,2,[2 7],7,8,10,1,7
1,<environment.Job instance at 0x146f67d9a910>,0,3,[9 2],1,1,4,0,1
1,<environment.Job instance at 0x146f59be3c80>,1,3,[1 9],2,2,5,0,2
1,<environment.Job instance at 0x146f55d00be0>,4,2,[7 2],5,5,7,0,5
1,<environment.Job instance at 0x146f55d00410>,5,3,[9 2],6,7,10,1,6
1,<environment.Job instance at 0x146f654757d0>,7,1,[2 6],8,10,11,2,8
1,<environment.Job instance at 0x146f651720a0>,0,2,[6 1],1,1,3,0,1
1,<environment.Job instance at 0x146f651729b0>,2,3,[1 8],3,3,6,0,3
1,<environment.Job instance at 0x146f5c09b190>,3,3,[1 8],4,6,9,2,4
1,<environment.Job instance at 0x146f5c09b0f0>,5,2,[ 1 10],8,9,11,1,8
1,<environment.Job instance at 0x146f5c09b690>,0,1,[2 5],1,1,2,0,1
1,<environment.Job instance at 0x146f5838f9b0>,3,3,[6 2],6,6,9,0,6
1,<environment.Job instance at 0x146f58375b40>,5,3,[6 1],9,9,12,0,9
1,<environment.Job instance at 0x146f58336280>,0,2,[8 1],1,1,3,0,1
1,<environment.Job instance at 0x146f5c09b550>,2,2,[2 8],4,4,6,0,4
1,<environment.Job instance at 0x146f5f5b19b0>,4,2,[2 7],6,6,8,0,6
1,<environment.Job instance at 0x146f5f5b1cd0>,5,2,[2 7],7,8,10,1,7
1,<environment.Job instance at 0x146f5c6350a0>,0,3,[9 2],1,1,4,0,1
1,<environment.Job instance at 0x146f673eaf50>,1,3,[1 9],2,2,5,0,2
1,<environment.Job instance at 0x146f752c7140>,4,2,[7 2],5,5,7,0,5
1,<environment.Job instance at 0x146f76bd8af0>,5,3,[9 2],6,7,10,1,6
1,<environment.Job instance at 0x146f7bfbf2d0>,7,1,[2 6],8,10,11,2,8
1,<environment.Job instance at 0x146f7a5588c0>,0,2,[6 1],1,1,3,0,1
1,<environment.Job instance at 0x146f681b0500>,2,3,[1 8],3,3,6,0,3
1,<environment.Job instance at 0x146f97098dc0>,3,3,[1 8],4,6,9,2,4
1,<environment.Job instance at 0x146f681b0f00>,4,2,[8 1],7,7,9,0,7
1,<environment.Job instance at 0x146f67227780>,5,2,[ 1 10],8,9,11,1,8
1,<environment.Job instance at 0x146f67227eb0>,0,1,[2 5],1,1,2,0,1
1,<environment.Job instance at 0x146f626add70>,3,3,[6 2],6,6,9,0,6
1,<environment.Job instance at 0x146f6a0bc140>,5,3,[6 1],9,9,12,0,9
1,<environment.Job instance at 0x146f65c55fa0>,0,2,[8 1],1,1,3,0,1
1,<environment.Job instance at 0x146f65c55e10>,2,2,[2 8],4,4,6,0,4
1,<environment.Job instance at 0x146f5eb590a0>,4,2,[2 7],6,6,8,0,6
1,<environment.Job instance at 0x146f738c85f0>,5,2,[2 7],7,8,10,1,7
1,<environment.Job instance at 0x146f65b6bd20>,0,3,[9 2],1,1,4,0,1
1,<environment.Job instance at 0x146f5eba1050>,1,3,[1 9],2,2,5,0,2
1,<environment.Job instance at 0x146f66ed9f50>,4,2,[7 2],5,5,7,0,5
1,<environment.Job instance at 0x146f66ed9cd0>,5,3,[9 2],6,7,10,1,6
1,<environment.Job instance at 0x146f66ed99b0>,7,1,[2 6],8,10,11,2,8
1,<environment.Job instance at 0x146f755725f0>,0,2,[6 1],1,1,3,0,1
1,<environment.Job instance at 0x146f755725a0>,2,3,[1 8],3,3,6,0,3
1,<environment.Job instance at 0x146f5f18ac30>,3,3,[1 8],4,6,9,2,4
1,<environment.Job instance at 0x146f5f18aa00>,5,2,[ 1 10],8,9,11,1,8
1,<environment.Job instance at 0x146f5f18a960>,0,1,[2 5],1,1,2,0,1
1,<environment.Job instance at 0x146f5f18ad20>,3,3,[6 2],6,6,9,0,6
1,<environment.Job instance at 0x146f7183b050>,5,3,[6 1],9,9,12,0,9
1,<environment.Job instance at 0x146f696a9a00>,0,2,[8 1],1,1,3,0,1
1,<environment.Job instance at 0x146f6d7a8960>,2,2,[2 8],4,4,6,0,4
1,<environment.Job instance at 0x146f67895230>,4,2,[2 7],6,6,8,0,6
1,<environment.Job instance at 0x146f67895aa0>,5,2,[2 7],7,8,10,1,7
1,<environment.Job instance at 0x146f5c1d6f00>,0,3,[9 2],1,1,4,0,1
1,<environment.Job instance at 0x146f6b005730>,1,3,[1 9],2,2,5,0,2
1,<environment.Job instance at 0x146f576fa6e0>,4,2,[7 2],5,5,7,0,5
1,<environment.Job instance at 0x146f576faa50>,5,3,[9 2],6,7,10,1,6
1,<environment.Job instance at 0x146f576fae60>,7,1,[2 6],8,10,11,2,8
1,<environment.Job instance at 0x146f57645190>,0,2,[6 1],1,1,3,0,1
1,<environment.Job instance at 0x146f57645550>,2,3,[1 8],3,3,6,0,3
1,<environment.Job instance at 0x146f5ffa9eb0>,3,3,[1 8],4,6,9,2,4
1,<environment.Job instance at 0x146f5ffa9140>,5,2,[ 1 10],8,9,11,1,8
1,<environment.Job instance at 0x146f706b75f0>,0,1,[2 5],1,1,2,0,1
1,<environment.Job instance at 0x146f79503af0>,3,3,[6 2],6,6,9,0,6
1,<environment.Job instance at 0x146f721e5dc0>,5,3,[6 1],9,9,12,0,9
1,<environment.Job instance at 0x146f77de4af0>,0,2,[8 1],1,1,3,0,1
1,<environment.Job instance at 0x146f721e5dc0>,2,2,[2 8],4,4,6,0,4
1,<environment.Job instance at 0x146f56628a00>,4,2,[2 7],6,6,8,0,6
1,<environment.Job instance at 0x146f56ade640>,5,2,[2 7],7,8,10,1,7
1,<environment.Job instance at 0x146f576888c0>,0,3,[9 2],1,1,4,0,1
1,<environment.Job instance at 0x146f5671c500>,1,3,[1 9],2,2,5,0,2
1,<environment.Job instance at 0x146f5bf599b0>,4,2,[7 2],5,5,7,0,5
1,<environment.Job instance at 0x146f566cf500>,5,3,[9 2],6,7,10,1,6
1,<environment.Job instance at 0x146f73ecccd0>,7,1,[2 6],8,10,11,2,8
1,<environment.Job instance at 0x146f59bc7320>,0,2,[6 1],1,1,3,0,1
1,<environment.Job instance at 0x146f59bc7f50>,2,3,[1 8],3,3,6,0,3
1,<environment.Job instance at 0x146f61db8320>,3,3,[1 8],4,6,9,2,4
1,<environment.Job instance at 0x146f60de1c80>,5,2,[ 1 10],8,9,11,1,8
1,<environment.Job instance at 0x146f6a2ba3c0>,0,1,[2 5],1,1,2,0,1
1,<environment.Job instance at 0x146f61db8730>,3,3,[6 2],6,6,9,0,6
1,<environment.Job instance at 0x146f70dc8190>,5,3,[6 1],9,9,12,0,9
1,<environment.Job instance at 0x146f589d5870>,0,2,[8 1],1,1,3,0,1
1,<environment.Job instance at 0x146f589d55f0>,2,2,[2 8],4,4,6,0,4
1,<environment.Job instance at 0x146f5b8d7550>,4,2,[2 7],6,6,8,0,6
1,<environment.Job instance at 0x146f5cc3df00>,5,2,[2 7],7,8,10,1,7
1,<environment.Job instance at 0x146f5f170e10>,0,3,[9 2],1,1,4,0,1
1,<environment.Job instance at 0x146f5dbf00f0>,1,3,[1 9],2,2,5,0,2
1,<environment.Job instance at 0x146f5d64a8c0>,4,2,[7 2],5,5,7,0,5
1,<environment.Job instance at 0x146f5d64a0f0>,5,3,[9 2],6,7,10,1,6
1,<environment.Job instance at 0x146f72652a50>,7,1,[2 6],8,10,11,2,8
1,<environment.Job instance at 0x146f5cf58c30>,0,2,[6 1],1,1,3,0,1
1,<environment.Job instance at 0x146f5d5cc5f0>,2,3,[1 8],3,3,6,0,3
1,<environment.Job instance at 0x146fce2829b0>,3,3,[1 8],4,6,9,2,4
1,<environment.Job instance at 0x146f56ddaeb0>,5,2,[ 1 10],8,9,11,1,8
1,<environment.Job instance at 0x146f61132e10>,0,1,[2 5],1,1,2,0,1
1,<environment.Job instance at 0x146fcef88910>,3,3,[6 2],6,6,9,0,6
1,<environment.Job instance at 0x146f586d95a0>,5,3,[6 1],9,9,12,0,9
1,<environment.Job instance at 0x146f5d57caa0>,0,2,[8 1],1,1,3,0,1
1,<environment.Job instance at 0x146f5d57c4b0>,2,2,[2 8],4,4,6,0,4
1,<environment.Job instance at 0x146f58fcd190>,4,2,[2 7],6,6,8,0,6
1,<environment.Job instance at 0x146f61b6d820>,5,2,[2 7],7,8,10,1,7
1,<environment.Job instance at 0x146f5abb0690>,0,3,[9 2],1,1,4,0,1
1,<environment.Job instance at 0x146f72550190>,1,3,[1 9],2,2,5,0,2
1,<environment.Job instance at 0x146f60ed3b90>,4,2,[7 2],5,5,7,0,5
1,<environment.Job instance at 0x146f5b9eab90>,5,3,[9 2],6,7,10,1,6
1,<environment.Job instance at 0x146f62ae4140>,7,1,[2 6],8,10,11,2,8
1,<environment.Job instance at 0x146f6eea7230>,0,2,[6 1],1,1,3,0,1
1,<environment.Job instance at 0x146f57ab40a0>,2,3,[1 8],3,3,6,0,3
1,<environment.Job instance at 0x146f6050a780>,3,3,[1 8],4,6,9,2,4
1,<environment.Job instance at 0x146f5ae3ca50>,0,1,[2 5],1,1,2,0,1
1,<environment.Job instance at 0x146f6fd19aa0>,3,3,[6 2],6,6,9,0,6
1,<environment.Job instance at 0x146f585309b0>,5,3,[6 1],9,9,12,0,9
1,<environment.Job instance at 0x146f57f5a7d0>,0,2,[8 1],1,1,3,0,1
1,<environment.Job instance at 0x146f58a63e10>,4,2,[2 7],6,6,8,0,6
1,<environment.Job instance at 0x146f82b15e60>,5,2,[2 7],7,8,10,1,7
1,<environment.Job instance at 0x146f5c6652d0>,0,3,[9 2],1,1,4,0,1
1,<environment.Job instance at 0x146f65b8f870>,1,3,[1 9],2,2,5,0,2
1,<environment.Job instance at 0x146f651585a0>,4,2,[7 2],5,5,7,0,5
1,<environment.Job instance at 0x146f65158e10>,5,3,[9 2],6,7,10,1,6
1,<environment.Job instance at 0x146f651589b0>,7,1,[2 6],8,10,11,2,8
1,<environment.Job instance at 0x146f6a724e10>,0,2,[6 1],1,1,3,0,1
1,<environment.Job instance at 0x146f575c7500>,2,3,[1 8],3,3,6,0,3
1,<environment.Job instance at 0x146f5c7173c0>,3,3,[1 8],4,6,9,2,4
1,<environment.Job instance at 0x146f5c717f50>,5,2,[ 1 10],8,9,11,1,8
1,<environment.Job instance at 0x146f5c717e10>,0,1,[2 5],1,1,2,0,1
1,<environment.Job instance at 0x146f57c8abe0>,3,3,[6 2],6,6,9,0,6
1,<environment.Job instance at 0x146f57c8ad20>,5,3,[6 1],9,9,12,0,9
1,<environment.Job instance at 0x146f588fb2d0>,0,2,[8 1],1,1,3,0,1
1,<environment.Job instance at 0x146f588fbeb0>,2,2,[2 8],4,4,6,0,4
1,<environment.Job instance at 0x146f65db3d70>,4,2,[2 7],6,6,8,0,6
1,<environment.Job instance at 0x146f65db3870>,5,2,[2 7],7,8,10,1,7
1,<environment.Job instance at 0x146f5827c1e0>,0,3,[9 2],1,1,4,0,1
